Frequency (Hz),Amplitude
0.0,3.4955734747526117
0.019801980198019802,3.4942318967545187
0.039603960396039604,3.4902094460317015
0.0594059405940594,3.4835129772108133
0.07920792079207921,3.474153930796013
0.09900990099009901,3.4621483576570546
0.1188118811881188,3.4475169539150357
0.13861386138613863,3.4302851068382663
0.15841584158415842,3.4104829525515394
0.1782178217821782,3.388145446563713
0.19801980198019803,3.36331244833423
0.21782178217821782,3.3360288213313294
0.2376237623762376,3.306344550285461
0.25742574257425743,3.274314877612233
0.27722772277227725,3.240000461272232
0.297029702970297,3.203467556649398
0.31683168316831684,3.164788225365159
0.33663366336633666,3.1240405742980535
0.3564356435643564,3.0813090284421816
0.37623762376237624,3.0366846416008646
0.39603960396039606,2.990265449256946
0.4158415841584158,2.942156868261572
0.43564356435643564,2.892472148199637
0.45544554455445546,2.8413328793657895
0.4752475247524752,2.788869562141134
0.495049504950495,2.735222242086156
0.5148514851485149,2.6805412141110994
0.5346534653465347,2.6249877974479965
0.5544554455445545,2.5687351805644574
0.5742574257425742,2.511969331283848
0.594059405940594,2.454889961781223
0.613861386138614,2.3977115302837317
0.6336633663366337,2.3406642506142075
0.6534653465346534,2.283995066523891
0.6732673267326733,2.2279685294424527
0.6930693069306931,2.1728674953906357
0.7128712871287128,2.1189935293316724
0.7326732673267327,2.0666668739507297
0.7524752475247525,2.0162258068074435
0.7722772277227723,1.9680251789612597
0.7920792079207921,1.922433905980556
0.8118811881188118,1.8798311780249335
0.8316831683168316,1.8406011813042051
0.8514851485148516,1.8051261916053476
0.8712871287128713,1.7737780225620183
0.891089108910891,1.7469079906181721
0.9108910891089109,1.7248357857266121
0.9306930693069307,1.7078378840778605
0.9504950495049505,1.6961363601404407
0.9702970297029703,1.68988909179971
0.99009900990099,1.6891823499950642
1.00990099009901,1.6940265928502474
1.0297029702970297,1.7043559551015686
1.0495049504950495,1.7200314933385041
1.0693069306930694,1.74084780451823
1.0891089108910892,1.766542271858531
1.108910891089109,1.7968059757201065
1.1287128712871286,1.8312952611084663
1.1485148514851484,1.8696430575575438
1.1683168316831685,1.911469251426547
1.188118811881188,1.9563896560320533
1.2079207920792079,2.0040233609399802
1.227722772277228,2.0539984353109584
1.2475247524752475,2.1059560974844183
1.2673267326732673,2.1595535447829164
1.2871287128712872,2.2144656732931933
1.3069306930693068,2.270385919891167
1.3267326732673268,2.327026440379046
1.3465346534653466,2.3841178083488086
1.3663366336633662,2.4414083864756897
1.3861386138613863,2.498663489945506
1.405940594059406,2.55566443313342
1.4257425742574257,2.6122075265370523
1.4455445544554455,2.66810307147397
1.4653465346534653,2.7231743848240946
1.4851485148514851,2.7772568745426534
1.504950495049505,2.8301971781334943
1.5247524752475248,2.881852370134559
1.5445544554455446,2.932089240379332
1.5643564356435644,2.9807836419061178
1.5841584158415842,3.0278199055259085
1.6039603960396038,3.073090316943753
1.6237623762376237,3.116494651742281
1.6435643564356437,3.1579397633146424
1.6633663366336633,3.1973392188595087
1.683168316831683,3.2346129787351736
1.7029702970297032,3.2696871147509765
1.7227722772277227,3.3024935633102026
1.7425742574257426,3.3329699096779772
1.7623762376237624,3.3610592000121833
1.782178217821782,3.3867097781508897
1.801980198019802,3.40987514449033
1.8217821782178218,3.4305138346069617
1.8415841584158414,3.4485893155760348
1.8613861386138615,3.464069898215039
1.881188118811881,3.476928663736859
1.900990099009901,3.487143403533637
1.920792079207921,3.4946965710327027
1.9405940594059405,3.4995752447708353
1.9603960396039604,3.5017711020264906
1.98019801980198,3.5012804025331947
2.0,3.4981039819739874
2.01980198019802,3.492247255128934
2.0396039603960396,3.483720228718018
2.0594059405940595,3.472537524152612
2.0792079207920793,3.4587184105826556
2.099009900990099,3.4422868488065164
2.118811881188119,3.423271546798176
2.1386138613861387,3.40170602780533
2.1584158415841586,3.37762871218364
2.1782178217821784,3.351083014360059
2.1980198019801978,3.322117456563734
2.217821782178218,3.290785801228114
2.237623762376238,3.257147204254539
2.257425742574257,3.2212663916356665
2.2772277227722775,3.1832138622662263
2.297029702970297,3.1430661201154386
2.3168316831683167,3.1009059392951226
2.336633663366337,3.056822665918706
2.3564356435643563,3.010912560994639
2.376237623762376,2.963279188907683
2.3960396039603964,2.9140338562775896
2.4158415841584158,2.863296106095264
2.4356435643564356,2.8111942719482492
2.455445544554456,2.7578660967583395
2.4752475247524752,2.703459419625764
2.495049504950495,2.648132932918557
2.514851485148515,2.5920570094161537
2.5346534653465347,2.535414595790136
2.5544554455445545,2.4784021635792093
2.5742574257425743,2.4212307015911683
2.594059405940594,2.3641267237609767
2.6138613861386135,2.3073332532715205
2.633663366336634,2.251110726570481
2.6534653465346536,2.195737739300428
2.673267326732673,2.1415115299538146
2.6930693069306932,2.088748066810691
2.712871287128713,2.0377815710964486
2.7326732673267324,1.9889632777191575
2.7524752475247527,1.942659210154237
2.7722772277227725,1.8992467365511028
2.792079207920792,1.8591096911354326
2.811881188118812,1.8226319012093548
2.8316831683168315,1.790189067107475
2.8514851485148514,1.7621391062782754
2.8712871287128716,1.7388112876565007
2.891089108910891,1.7204947261553751
2.910891089108911,1.707427037952509
2.9306930693069306,1.6997841195988674
2.9504950495049505,1.697672051307829
2.9702970297029703,1.7011219992301854
2.99009900990099,1.7100887025383358
3.00990099009901,1.7244527235634746
3.0297029702970297,1.7440261943011723
3.0495049504950495,1.7685614035275952
3.0693069306930694,1.7977613109246104
3.089108910891089,1.8312909836708162
3.108910891089109,1.8687890176055288
3.128712871287129,1.9098781859871705
3.148514851485148,1.954174796262168
3.1683168316831685,2.001296475602401
3.1881188118811883,2.0508683115576765
3.2079207920792077,2.1025274262871916
3.227722772277228,2.1559261587478145
3.2475247524752473,2.210734076442328
3.267326732673267,2.266639048986069
3.2871287128712874,2.323347602398312
3.3069306930693068,2.380584746345318
3.3267326732673266,2.4380934344766385
3.346534653465347,2.4956337857213495
3.366336633663366,2.5529821649490962
3.386138613861386,2.609930196160989
3.4059405940594063,2.6662837607234784
3.4257425742574257,2.721862016859057
3.4455445544554455,2.7764964641280807
3.4653465346534653,2.830030067336609
3.485148514851485,2.8823164475562084
3.504950495049505,2.933219143179674
3.5247524752475248,2.982610940682697
3.5445544554455446,3.0303732726308983
3.564356435643564,3.0763956791582316
3.5841584158415842,3.1205753284143007
3.603960396039604,3.1628165911565
3.6237623762376234,3.2030306646197677
3.6435643564356437,3.241135240934489
3.6633663366336635,3.277054215615672
3.683168316831683,3.3107174319643713
3.702970297029703,3.3420604575726776
3.722772277227723,3.3710243894842455
3.7425742574257423,3.397555684918319
3.762376237623762,3.4216060148078156
3.7821782178217824,3.4431321377259225
3.801980198019802,3.4620957920788364
3.8217821782178216,3.4784636047236597
3.841584158415842,3.492207014431349
3.8613861386138613,3.503302208855834
3.881188118811881,3.5117300738946806
3.9009900990099013,3.517476154535668
3.9207920792079207,3.5205306264798417
3.9405940594059405,3.520888278018052
3.96039603960396,3.5185485018165528
3.98019801980198,3.513515296440683
4.0,3.505797277616827
4.01980198019802,3.4954076994036756
4.03960396039604,3.4823644856173557
4.0594059405940595,3.466690272033332
4.079207920792079,3.448412460073997
4.099009900990099,3.427563282886796
4.118811881188119,3.404179884926121
4.138613861386139,3.378304416375747
4.158415841584159,3.3499841439886895
4.178217821782178,3.3192715801812698
4.198019801980198,3.286224632497807
4.217821782178218,3.2509067758636356
4.237623762376238,3.213387250365547
4.257425742574258,3.1737412876382884
4.2772277227722775,3.132050369288248
4.297029702970297,3.0884025211412673
4.316831683168317,3.042892647446871
4.336633663366336,2.9956229094829427
4.356435643564357,2.9467031532499663
4.376237623762377,2.896251391074893
4.3960396039603955,2.8443943418926736
4.415841584158416,2.791268034645293
4.435643564356436,2.737018478502941
4.455445544554455,2.681802402296862
4.475247524752476,2.6257880634259068
4.4950495049504955,2.5691561232604854
4.514851485148514,2.5121005813355453
4.534653465346535,2.4548297539323785
4.554455445544555,2.3975672734406603
4.574257425742574,2.3405530725531616
4.594059405940594,2.2840443012507237
4.613861386138614,2.228316104165631
4.633663366336633,2.1736621610414377
4.653465346534653,2.1203948640003127
4.673267326732674,2.0688449735646417
4.693069306930693,2.0193605637909604
4.712871287128713,1.9723050405495095
4.732673267326733,1.9280540036379796
4.752475247524752,1.8869907334575602
4.772277227722772,1.849500128656796
4.792079207920793,1.8159610143260159
4.811881188118812,1.7867368884824917
4.8316831683168315,1.7621653753561537
4.851485148514852,1.7425468895830376
4.871287128712871,1.728133249610676
4.891089108910891,1.719117159579346
4.910891089108912,1.7156235501647377
4.930693069306931,1.7177036871306877
4.9504950495049505,1.7253327107779268
4.97029702970297,1.7384108927494502
4.99009900990099,1.7567684606517011
5.00990099009901,1.7801734362878334
5.02970297029703,1.8083416405832065
5.0495049504950495,1.8409478838242939
5.069306930693069,1.8776373859136488
5.089108910891089,1.9180366231082246
5.108910891089109,1.9617630207592567
5.128712871287129,2.008433151094966
5.148514851485149,2.05766930931795
5.1683168316831685,2.10910450676382
5.188118811881188,2.162386029893486
5.207920792079208,2.217177773449474
5.227722772277227,2.2731615761547976
5.247524752475248,2.330037780288982
5.267326732673268,2.387525213446928
5.2871287128712865,2.4453607603441383
5.306930693069307,2.5032986605454073
5.326732673267327,2.5611096380088627
5.346534653465346,2.6185799421618334
5.366336633663367,2.675510358493827
5.3861386138613865,2.7317152292921585
5.405940594059405,2.7870215117093804
5.425742574257426,2.841267890236433
5.445544554455446,2.894303953237715
5.465346534653465,2.9459894379088034
5.485148514851486,2.9961935443497154
5.504950495049505,3.0447943169999148
5.524752475247524,3.0916780901314076
5.544554455445545,3.136738993193946
5.564356435643565,3.1798785113586714
5.584158415841584,3.2210050964742494
5.603960396039604,3.260033823725267
5.623762376237624,3.296886089493684
5.643564356435643,3.3314893462146835
5.663366336633663,3.363776870352413
5.683168316831684,3.3936875599726117
5.702970297029703,3.421165758741276
5.7227722772277225,3.446161103520886
5.742574257425743,3.4686283930614037
5.762376237623762,3.4885274755897893
5.782178217821782,3.5058231533871207
5.801980198019803,3.520485102707859
5.821782178217822,3.5324878076411315
5.841584158415841,3.541810506742595
5.861386138613861,3.548437151478041
5.881188118811881,3.552356375719694
5.900990099009901,3.5535614757253593
5.920792079207921,3.5520504002116473
5.9405940594059405,3.547825750307568
5.96039603960396,3.5408947893473126
5.98019801980198,3.531269462632423
6.0,3.518966427466754
6.01980198019802,3.5040070939457477
6.03960396039604,3.486417677165461
6.0594059405940595,3.466229261710846
6.079207920792079,3.443477879488146
6.099009900990099,3.418204602185581
6.118811881188119,3.390455649882206
6.138613861386139,3.360282517578607
6.158415841584159,3.3277421216963474
6.178217821782178,3.292896968886494
6.198019801980198,3.255815349800599
6.217821782178218,3.2165715608080205
6.237623762376237,3.1752461569862485
6.257425742574258,3.131926240058039
6.2772277227722775,3.0867057852862048
6.297029702970296,3.0396860116434734
6.316831683168317,2.9909757998192528
6.336633663366337,2.9406921627630895
6.356435643564356,2.888960773431691
6.376237623762377,2.8359165541150917
6.396039603960396,2.7817043310461176
6.415841584158415,2.7264795567831346
6.435643564356436,2.6704091008827353
6.455445544554456,2.6136721063659
6.475247524752475,2.55646090507101
6.495049504950495,2.4989819787399448
6.514851485148515,2.4414569440758465
6.534653465346534,2.384123528456086
6.554455445544554,2.327236487879045
6.574257425742575,2.271068399545484
6.594059405940594,2.215910237953223
6.6138613861386135,2.162071615757909
6.633663366336634,2.109880540066641
6.653465346534653,2.0596825038234874
6.673267326732673,2.0118387050229267
6.693069306930694,1.9667231706107886
6.712871287128713,1.9247185666670532
6.732673267326732,1.8862105133802554
6.752475247524753,1.8515803041324177
6.772277227722772,1.8211960611101572
6.792079207920792,1.7954025453209654
6.811881188118813,1.7745100630508812
6.8316831683168315,1.7587831425895677
6.851485148514851,1.7484298472863202
6.871287128712871,1.743592689055901
6.891089108910891,1.7443420641541643
6.910891089108911,1.7506729312788463
6.930693069306931,1.76250511194693
6.9504950495049505,1.7796871758252162
6.97029702970297,1.8020034643232832
6.99009900990099,1.829183486846133
7.00990099009901,1.860912750345529
7.02970297029703,1.8968440676449372
7.0495049504950495,1.9366085082613262
7.069306930693069,1.9798253581130874
7.089108910891089,2.026110687397272
7.108910891089109,2.075084344430395
7.128712871287128,2.126375369569918
7.148514851485149,2.1796259466246983
7.1683168316831685,2.2344940813750545
7.188118811881187,2.290655227227026
7.207920792079208,2.3478030784680834
7.227722772277228,2.405649733333483
7.247524752475247,2.463925401220117
7.267326732673268,2.5223777973766732
7.287128712871287,2.5807713383595714
7.306930693069306,2.638886224722293
7.326732673267327,2.696517474750448
7.346534653465347,2.7534739546981317
7.366336633663366,2.809577436592559
7.3861386138613865,2.8646617037150937
7.405940594059406,2.9185717157339894
7.425742574257425,2.9711628395853853
7.445544554455446,3.022300148066132
7.465346534653466,3.0718577852935804
7.485148514851485,3.1197183963609234
7.504950495049505,3.165772617405761
7.524752475247524,3.2099186217084554
7.544554455445544,3.252061717191484
7.564356435643565,3.2921139906873287
7.584158415841584,3.32999399449634
7.603960396039604,3.365626471009013
7.623762376237624,3.398942111475374
7.643564356435643,3.429877345340452
7.663366336633663,3.45837415690789
7.683168316831684,3.4843799264317807
7.702970297029703,3.507847293062082
7.7227722772277225,3.528734037376351
7.742574257425743,3.547002981518852
7.762376237623762,3.5626219052365693
7.782178217821782,3.5755634763513817
7.801980198019803,3.585805194439579
7.821782178217822,3.593329346706613
7.841584158415841,3.598122975248121
7.861386138613862,3.6001778550805867
7.881188118811881,3.599490482508541
7.900990099009901,3.5960620735726505
7.92079207920792,3.5898985724970487
7.9405940594059405,3.581010670226342
7.96039603960396,3.569413833317069
7.980198019801979,3.555128343625194
8.0,3.53817934941497
8.01980198019802,3.5185969287064176
8.03960396039604,3.4964161658811523
8.05940594059406,3.471677242782565
8.07920792079208,3.4444255457770074
8.099009900990099,3.414711790490983
8.118811881188119,3.3825921662057192
8.138613861386139,3.348128502175684
8.158415841584159,3.311388458441598
8.178217821782178,3.2724457440280452
8.198019801980198,3.2313803657471083
8.217821782178218,3.188278911164329
8.237623762376238,3.14323486960704
8.257425742574258,3.096348995390342
8.277227722772277,3.047729717670385
8.297029702970297,2.9974936014671014
8.316831683168317,2.9457658643683557
8.336633663366337,2.892680953151661
8.356435643564357,2.838383183922768
8.376237623762377,2.783027448221449
8.396039603960396,2.726779985678345
8.415841584158416,2.6698192209613896
8.435643564356436,2.6123366585908645
8.455445544554456,2.5545378233162017
8.475247524752476,2.496643225644524
8.495049504950495,2.438889321239067
8.514851485148515,2.3815294186912883
8.534653465346535,2.3248344721101937
8.554455445544555,2.2690936727749795
8.574257425742575,2.214614727931065
8.594059405940595,2.1617236856395303
8.613861386138613,2.11076413464375
8.633663366336634,2.062095581498131
8.653465346534654,2.0160907899822087
8.673267326732672,1.9731318688238328
8.693069306930694,1.9336049237313393
8.712871287128714,1.897893159931138
8.732673267326732,1.866368440575453
8.752475247524753,1.8393814763122769
8.772277227722773,1.8172510317009054
8.792079207920791,1.8002527587352213
8.811881188118813,1.7886084643551803
8.831683168316832,1.782476736129627
8.85148514851485,1.7819458414109441
8.871287128712872,1.7870296551967177
8.891089108910892,1.7976670716725047
8.91089108910891,1.8137249639814241
8.930693069306932,1.8350043534241234
8.950495049504951,1.8612491142766308
8.97029702970297,1.89215633397524
8.990099009900991,1.9273873938327342
9.00990099009901,1.9665789176523747
9.029702970297029,2.0093529126604777
9.04950495049505,2.0553256474954615
9.06930693069307,2.104115029662542
9.089108910891088,2.155346428543285
9.10891089108911,2.208657024850333
9.12871287128713,2.2636988519318173
9.148514851485148,2.320140735647642
9.16831683168317,2.3776693484725526
9.188118811881187,2.435989581100156
9.207920792079207,2.4948244105230204
9.227722772277229,2.553914414341823
9.247524752475247,2.613017051554334
9.267326732673267,2.6719058030044986
9.287128712871288,2.7303692413358323
9.306930693069306,2.7882100810672372
9.326732673267326,2.8452442441214627
9.346534653465348,2.9012999643343926
9.366336633663366,2.95621694560049
9.386138613861386,3.009845581805859
9.405940594059407,3.0620462420578156
9.425742574257425,3.1126886215041045
9.445544554455445,3.161651155890594
9.465346534653467,3.2088204966504223
9.485148514851485,3.2540910425318126
9.504950495049505,3.297364523388102
9.524752475247526,3.338549631648344
9.544554455445544,3.37756169706789
9.564356435643564,3.4143224005589308
9.584158415841586,3.4487595231737833
9.603960396039604,3.480806726625433
9.623762376237623,3.5104033620581108
9.643564356435645,3.537494304109239
9.663366336633663,3.5620298076247843
9.683168316831683,3.583965384696258
9.702970297029704,3.603261699976092
9.722772277227723,3.619884482498994
9.742574257425742,3.633804452488948
9.762376237623764,3.6449972618670734
9.782178217821782,3.653443447395533
9.801980198019802,3.659128395598845
9.821782178217823,3.6620423187997275
9.841584158415841,3.6621802417926506
9.861386138613861,3.6595419988583173
9.881188118811881,3.6541322409975936
9.900990099009901,3.645960453437882
9.92079207920792,3.6350409836386035
9.94059405940594,3.6213930802007526
9.96039603960396,3.605040943267499
9.98019801980198,3.586013787193981
10.0,3.564345916464086
10.01980198019802,3.54007681604537
10.03960396039604,3.5132512575991477
10.05940594059406,3.4839194232054167
10.07920792079208,3.452137048521677
10.099009900990099,3.417965587571054
10.118811881188119,3.3814724016485957
10.138613861386139,3.3427309751421745
10.158415841584159,3.3018211613814543
10.178217821782178,3.2588294619469096
10.198019801980198,3.2138493431777824
10.217821782178218,3.1669815938935684
10.237623762376238,3.118334728559315
10.257425742574258,3.0680254402401816
10.277227722772277,3.016179107646733
10.297029702970297,2.9629303602903767
10.316831683168317,2.9084237051404
10.336633663366337,2.8528142170533943
10.356435643564357,2.796268293443724
10.376237623762377,2.738964470930823
10.396039603960396,2.6810942977239995
10.415841584158416,2.6228632499023448
10.435643564356436,2.564491672059867
10.455445544554454,2.5062157125004174
10.475247524752476,2.4482882097507055
10.495049504950495,2.3909794701401648
10.514851485148514,2.334577855294198
10.534653465346535,2.2793900737328343
10.554455445544555,2.2257410432092373
10.574257425742573,2.1739731619425346
10.594059405940595,2.124444801084221
10.613861386138614,2.077527813249194
10.633663366336632,2.033603850651514
10.653465346534654,1.9930593111674668
10.673267326732674,1.9562787920366371
10.693069306930692,1.9236370375463998
10.712871287128714,1.8954895217502798
10.732673267326733,1.8721620023740893
10.752475247524751,1.8539395955288207
10.772277227722773,1.8410561156211782
10.792079207920793,1.8336845538503985
10.81188118811881,1.8319295862839606
10.831683168316832,1.8358228802293217
10.851485148514852,1.8453217081845317
10.87128712871287,1.8603110213167002
10.891089108910892,1.8806087470761947
10.910891089108912,1.9059737351993515
10.93069306930693,1.9361155456848183
10.950495049504951,1.9707051824225426
10.970297029702971,2.0093859217317034
10.99009900990099,2.0517835324010543
11.00990099009901,2.097515385805848
11.02970297029703,2.1461981658608877
11.049504950495049,2.19745407522962
11.06930693069307,2.2509155778420857
11.08910891089109,2.306228813491477
11.108910891089108,2.363055872575605
11.12871287128713,2.4210761372269713
11.148514851485148,2.4799868896165593
11.168316831683168,2.5395033685502133
11.18811881188119,2.599358428962414
11.207920792079207,2.65930193066974
11.227722772277227,2.7190999559490963
11.247524752475249,2.778533931833726
11.267326732673267,2.8373997131346673
11.287128712871286,2.8955066661152316
11.306930693069308,2.9526767801432374
11.326732673267326,3.0087438250295957
11.346534653465346,3.0635525646073933
11.366336633663368,3.116958031913743
11.386138613861386,3.1688248676710913
11.405940594059405,3.2190267212596946
11.425742574257427,3.2674457117337297
11.445544554455445,3.313971945427851
11.465346534653465,3.3585030861497387
11.485148514851486,3.4009439737230984
11.504950495049505,3.4412062866325246
11.524752475247524,3.479208244653788
11.544554455445546,3.5148743475768796
11.564356435643564,3.548135146406052
11.584158415841584,3.578927043725456
11.603960396039605,3.6071921202324537
11.623762376237623,3.632877984751288
11.643564356435643,3.6559376453408112
11.663366336633665,3.676329399396277
11.683168316831683,3.694016740915634
11.702970297029703,3.708968283354411
11.722772277227723,3.721157696730443
11.742574257425742,3.7305636578627235
11.762376237623762,3.737169812837388
11.782178217821782,3.7409647509925357
11.801980198019802,3.7419419899021986
11.821782178217822,3.740099971022258
11.841584158415841,3.7354420658385
11.861386138613861,3.7279765925325843
11.881188118811881,3.717716843356939
11.900990099009901,3.7046811230874632
11.92079207920792,3.688892799105195
11.94059405940594,3.670380363847352
11.96039603960396,3.649177510566118
11.98019801980198,3.6253232235430493
12.0,3.598861884128383
12.01980198019802,3.5698433942112304
12.03960396039604,3.538323318977718
12.05940594059406,3.504363051081143
12.07920792079208,3.468029998629275
12.099009900990099,3.4293977996872247
12.118811881188119,3.3885465662936745
12.138613861386139,3.3455631612868415
12.158415841584159,3.3005415115198145
12.178217821782178,3.253582961294068
12.198019801980198,3.204796670027139
12.217821782178218,3.154300058254483
12.237623762376238,3.1022193059916017
12.257425742574258,3.0486899071733227
12.277227722772277,2.993857283239398
12.297029702970297,2.9378774578117914
12.316831683168317,2.880917792627676
12.336633663366337,2.8231577822227876
12.356435643564357,2.764789901008482
12.376237623762377,2.7060204909971737
12.396039603960396,2.6470706710822265
12.415841584158414,2.5881772390003683
12.435643564356436,2.529593524412329
12.455445544554456,2.4715901355053123
12.475247524752474,2.4144555219035997
12.495049504950495,2.358496253599061
12.514851485148515,2.3040368898622545
12.534653465346533,2.251419285463196
12.554455445544555,2.2010011572566643
12.574257425742575,2.153153717348127
12.594059405940593,2.108258176771163
12.613861386138614,2.0667009447822093
12.633663366336634,2.0288674031351737
12.653465346534652,1.995134230184113
12.673267326732674,1.9658603896510234
12.693069306930694,1.9413770776384793
12.712871287128712,1.921977120577319
12.732673267326733,1.907904504183279
12.752475247524753,1.899344847021799
12.772277227722771,1.896417669196979
12.792079207920793,1.8991712172571282
12.811881188118813,1.9075803871785006
12.83168316831683,1.9215479676661165
12.851485148514852,1.9409090636666624
12.871287128712872,1.9654382251960045
12.89108910891089,1.9948585613697836
12.910891089108912,2.0288520002582433
12.930693069306932,2.06706986536862
12.95049504950495,2.10914305428015
12.970297029702971,2.1546912832171388
12.99009900990099,2.203331060042239
13.009900990099009,2.254682232617126
13.02970297029703,2.3083731083497914
13.049504950495049,2.3640442457704887
13.069306930693068,2.421351081760524
13.08910891089109,2.4799655859317085
13.108910891089108,2.539577136068107
13.128712871287128,2.599892794615895
13.14851485148515,2.6606371434468192
13.168316831683168,2.721551808014194
13.188118811881187,2.7823947761640135
13.207920792079209,2.8429395933296737
13.227722772277227,2.9029744956016845
13.247524752475247,2.9623015254740444
13.267326732673268,3.0207356617557393
13.287128712871286,3.0781039848068614
13.306930693069306,3.1342448904448656
13.326732673267328,3.189007360095403
13.346534653465346,3.2422502906057256
13.366336633663366,3.293841884228921
13.386138613861387,3.3436590973213676
13.405940594059405,3.3915871450304667
13.425742574257425,3.4375190584965254
13.445544554455447,3.4813552907044323
13.465346534653465,3.5230033669891716
13.485148514851485,3.5623775762419356
13.504950495049506,3.599398699020572
13.524752475247524,3.6339937689967443
13.544554455445544,3.6660958644418202
13.564356435643566,3.6956439267422696
13.584158415841584,3.722582603229719
13.603960396039604,3.746862111900773
13.623762376237625,3.768438125881786
13.643564356435643,3.7872716757605316
13.663366336633663,3.8033290681593503
13.683168316831683,3.8165818191618213
13.702970297029703,3.8270066014290545
13.722772277227723,3.8345852040525865
13.742574257425742,3.8393045043915115
13.762376237623762,3.841156451332424
13.782178217821782,3.8401380595951755
13.801980198019802,3.8362514148867755
13.821782178217822,3.829503689882689
13.841584158415841,3.8199071711908816
13.861386138613861,3.8074792976321783
13.881188118811881,3.7922427103518834
13.900990099009901,3.7742253154657517
13.92079207920792,3.7534603601386953
13.94059405940594,3.729986523199781
13.96039603960396,3.7038480216138283
13.98019801980198,3.675094734358857
14.0,3.6437823455004272
14.01980198019802,3.609972508509525
14.03960396039604,3.5737330341365574
14.05940594059406,3.535138104429537
14.07920792079208,3.4942685157620983
14.099009900990099,3.4512119540093193
14.118811881188119,3.406063305261738
14.138613861386139,3.358925005681423
14.158415841584159,3.3099074342504067
14.178217821782178,3.259129352200145
14.198019801980198,3.2067183927885057
14.217821782178218,3.1528116047317045
14.237623762376238,3.097556051904718
14.257425742574256,3.041109470762792
14.277227722772277,2.983640985139299
14.297029702970297,2.9253318754233666
14.316831683168317,2.866376395344727
14.336633663366337,2.806982624364319
14.356435643564357,2.747373336605526
14.376237623762375,2.68778685794152
14.396039603960396,2.6284778708500163
14.415841584158416,2.5697181115972345
14.435643564356436,2.5117968860241895
14.455445544554456,2.4550213088387203
14.475247524752476,2.3997161476152318
14.495049504950494,2.3462231283304216
14.514851485148515,2.2948995371561938
14.534653465346535,2.2461159379437245
14.554455445544555,2.2002528227043006
14.574257425742575,2.15769603131959
14.594059405940595,2.1188308252409476
14.613861386138613,2.084034585396962
14.633663366336634,2.053668230151835
14.653465346534654,2.0280666105247813
14.673267326732674,2.0075283217157533
14.693069306930694,1.9923055449605864
14.712871287128714,1.9825946651487896
14.732673267326732,1.978528458919104
14.752475247524753,1.9801705861241437
14.772277227722773,1.9875129370334403
14.792079207920793,2.000476109226182
14.811881188118813,2.0189129589272956
14.831683168316832,2.0426148531174038
14.85148514851485,2.071319999484503
14.871287128712872,2.1047230900818565
14.891089108910892,2.142485472149619
14.910891089108912,2.1842451399175205
14.930693069306932,2.2296259907869085
14.95049504950495,2.278245969196841
14.97029702970297,2.3297238977852768
14.990099009900991,2.383684945005016
15.00990099009901,2.4397647899004147
15.02970297029703,2.4976126168747776
15.049504950495049,2.5568931109268354
15.06930693069307,2.6172876349434278
15.089108910891088,2.6784947636045255
15.108910891089108,2.740230330646709
15.12871287128713,2.802227123326222
15.14851485148515,2.86423433386826
15.168316831683168,2.926016854934225
15.18811881188119,2.9873544859934924
15.207920792079207,3.048041100470633
15.227722772277227,3.107883809676349
15.247524752475249,3.1667021485649047
15.267326732673268,3.224327299905274
15.287128712871286,3.2806013670856218
15.306930693069308,3.3353767010865827
15.326732673267326,3.3885152837979917
15.346534653465346,3.439888167511824
15.366336633663368,3.489374968853537
15.386138613861387,3.536863414414307
15.405940594059405,3.58224893476453
15.425742574257427,3.6254343032459775
15.445544554455445,3.666329315865057
15.465346534653465,3.704850508677781
15.485148514851486,3.7409209092180595
15.504950495049506,3.7744698187407857
15.524752475247524,3.8054326223026473
15.544554455445546,3.8337506239722883
15.564356435643564,3.8593709047320903
15.584158415841584,3.8822462009016947
15.603960396039605,3.902334801172043
15.623762376237625,3.9196004605859307
15.643564356435643,3.9340123300364196
15.663366336633665,3.945544900077377
15.683168316831683,3.954177958051629
15.702970297029703,3.9598965577436838
15.722772277227724,3.962691000956325
15.742574257425744,3.96255683059618
15.762376237623762,3.959494835033932
15.782178217821784,3.9535110636828783
15.801980198019802,3.9446168539160036
15.821782178217822,3.9328288696195295
15.84158415841584,3.9181691518620405
15.861386138613863,3.90066518234312
15.881188118811881,3.8803499604781235
15.9009900990099,3.857262095175833
15.92079207920792,3.8314459125749276
15.94059405940594,3.802951581225504
15.960396039603959,3.771835256431599
15.980198019801982,3.7381592457105075
16.0,3.701992197572047
16.019801980198018,3.6634093160722103
16.03960396039604,3.622492603844235
16.059405940594058,3.5793311365469505
16.07920792079208,3.5340213718804847
16.0990099009901,3.486667496482639
16.11881188118812,3.43738181410692
16.138613861386137,3.3862851784551906
16.15841584158416,3.3335074738401604
16.178217821782177,3.2791881464132673
16.198019801980198,3.2234767879155664
16.21782178217822,3.166533772668535
16.237623762376238,3.108530946657801
16.257425742574256,3.0496523648743357
16.277227722772277,2.990095069317347
16.297029702970296,2.9300698949350403
16.316831683168317,2.8698022839466937
16.33663366336634,2.809533080087023
16.356435643564357,2.7495192629868344
16.376237623762375,2.6900345688689744
16.396039603960396,2.6313699268859456
16.415841584158414,2.573833620974286
16.435643564356436,2.51775106581257
16.455445544554458,2.4634640639146186
16.475247524752476,2.411329391753716
16.495049504950494,2.361716550156963
16.514851485148515,2.315004513584955
16.534653465346533,2.2715773311299587
16.554455445544555,2.231818476404337
16.574257425742577,2.1961039201229706
16.594059405940595,2.164794010792765
16.613861386138613,2.1382243917922823
16.633663366336634,2.116696344503589
16.653465346534652,2.1004671042159258
16.673267326732674,2.0897408173258576
16.693069306930695,2.084660861781248
16.712871287128714,2.085304211584469
16.73267326732673,2.0916783811139763
16.752475247524753,2.1037212499912403
16.77227722772277,2.1213037810420823
16.792079207920793,2.1442353538238974
16.811881188118814,2.1722711959271868
16.831683168316832,2.20512124189341
16.85148514851485,2.2424597006612887
16.871287128712872,2.283934659042062
16.89108910891089,2.329177165606141
16.91089108910891,2.3778093937391613
16.930693069306933,2.42945164336405
16.95049504950495,2.483728084583307
16.97029702970297,2.5402712599069264
16.99009900990099,2.59872544053501
17.00990099009901,2.658748978641587
17.02970297029703,2.7200158176930915
17.049504950495052,2.7822163237025386
17.06930693069307,2.845057588768485
17.08910891089109,2.908263339871028
17.10891089108911,2.971573564821969
17.128712871287128,3.0347439462468437
17.14851485148515,3.0975451751462324
17.168316831683168,3.1597621987537177
17.18811881188119,3.2211934433344735
17.207920792079207,3.2816500411699008
17.227722772277225,3.3409550819846388
17.247524752475247,3.3989429021489896
17.26732673267327,3.4554584197750406
17.287128712871286,3.510356519984711
17.306930693069308,3.563501491868942
17.326732673267326,3.6147665167319123
17.346534653465344,3.664033205921129
17.366336633663366,3.7111911857222286
17.386138613861387,3.7561377263205644
17.405940594059405,3.798777411603398
17.425742574257427,3.839021846523426
17.445544554455445,3.876789398811021
17.465346534653463,3.9120049719694467
17.485148514851485,3.94459980668325
17.504950495049506,3.9745113079964525
17.524752475247524,4.001682895856363
17.544554455445546,4.026063876863531
17.564356435643564,4.047609335309786
17.584158415841582,4.066280041821897
17.603960396039604,4.082042378155161
17.623762376237625,4.094868276898118
17.643564356435643,4.104735175057536
17.663366336633665,4.111625980691143
17.683168316831683,4.115529051946843
17.7029702970297,4.116438188051033
17.722772277227723,4.114352631968518
17.742574257425744,4.109277084632994
17.762376237623762,4.101221730821164
17.782178217821784,4.0902022769195785
17.801980198019802,4.076240001009519
17.82178217821782,4.059361815876216
17.84158415841584,4.039600345733909
17.861386138613863,4.016994017649953
17.88118811881188,3.9915871688497377
17.900990099009903,3.963430171290237
17.92079207920792,3.9325795751027797
17.94059405940594,3.8990982727247117
17.96039603960396,3.863055685761495
17.980198019801982,3.824527976841158
18.0,3.783598288936059
18.01980198019802,3.7403570148202867
18.03960396039604,3.6949020994919506
18.059405940594058,3.647339378496544
18.07920792079208,3.5977829551107763
18.0990099009901,3.546355619249803
18.11881188118812,3.4931893106893304
18.13861386138614,3.438425628681831
18.15841584158416,3.382216389202153
18.178217821782177,3.3247242297679414
18.198019801980198,3.2661232598994943
18.21782178217822,3.2065997526323717
18.237623762376238,3.1463528688568085
18.25742574257426,3.0855954013766547
18.277227722772277,3.024554519172453
18.297029702970296,2.963472484118962
18.316831683168317,2.902607302067721
18.33663366336634,2.842233257556071
18.356435643564357,2.7826412664045375
18.376237623762375,2.724138963369128
18.396039603960396,2.6670504235454753
18.415841584158414,2.6117153977823233
18.435643564356432,2.5584879262782416
18.455445544554458,2.507734184243782
18.475247524752476,2.4598294136369314
18.495049504950494,2.415153811129191
18.514851485148515,2.374087280584584
18.534653465346533,2.337003023506067
18.554455445544555,2.304260035458027
18.574257425742577,2.276194697757407
18.594059405940595,2.2531117920033834
18.613861386138613,2.235275402485434
18.633663366336634,2.2229002835354876
18.653465346534652,2.2161443281475135
18.67326732673267,2.2151027574857682
18.693069306930695,2.2198045469855323
18.712871287128714,2.2302114202113392
18.73267326732673,2.2462195020917894
18.752475247524753,2.2676634682147707
18.77227722772277,2.294322800170768
18.792079207920793,2.325929594653466
18.811881188118814,2.3621772961703384
18.831683168316832,2.4027297305434145
18.85148514851485,2.447229893291696
18.871287128712872,2.4953080683437876
18.89108910891089,2.5465889913734348
18.910891089108908,2.600697905672585
18.930693069306933,2.657265471615548
18.95049504950495,2.7159315760448437
18.97029702970297,2.7763481443997775
18.99009900990099,2.8381810894440402
19.00990099009901,2.9011115414510145
19.02970297029703,2.9648365015465186
19.049504950495052,3.0290690478784392
19.06930693069307,3.093538207604386
19.08910891089109,3.157988589421362
19.10891089108911,3.2221798535127975
19.128712871287128,3.2858860795301004
19.148514851485146,3.3488950791211383
19.16831683168317,3.4110076877226834
19.18811881188119,3.4720370607559476
19.207920792079207,3.5318079917773146
19.22772277227723,3.59015626425939
19.247524752475247,3.646928044219171
19.26732673267327,3.70197931759973
19.28712871287129,3.7551753739105047
19.306930693069308,3.8063903359360673
19.326732673267326,3.8555067341685687
19.346534653465348,3.9024151238709623
19.366336633663366,3.947013742231164
19.386138613861384,3.989208202839963
19.40594059405941,4.02891122465537
19.425742574257427,4.066042392654862
19.445544554455445,4.1005279474910274
19.465346534653467,4.13230060162771
19.485148514851485,4.161299379625542
19.504950495049506,4.187469480453384
19.524752475247528,4.210762159917193
19.544554455445546,4.2311346315130365
19.564356435643564,4.248549984223589
19.584158415841586,4.262977115984132
19.603960396039604,4.2743906817441975
19.62376237623762,4.282771055244566
19.643564356435647,4.288104303815943
19.663366336633665,4.290382175687006
19.683168316831683,4.289602099465934
19.7029702970297,4.285767195632711
19.722772277227723,4.278886300050432
19.742574257425744,4.268973999674383
19.762376237623762,4.2560506808082454
19.782178217821784,4.240142590429566
19.801980198019802,4.221281911282108
19.82178217821782,4.199506851611237
19.84158415841584,4.17486175060152
19.86138613861386,4.147397200761843
19.88118811881188,4.117170188692155
19.900990099009903,4.084244255855768
19.92079207920792,4.048689681167674
19.94059405940594,4.010583687388198
19.96039603960396,3.9700106734743805
19.980198019801982,3.9270624751775096
20.0,3.8818386562695184
20.01980198019802,3.8344468328118078
20.03960396039604,3.785003032820185
20.059405940594058,3.7336320934903857
20.07920792079208,3.6804680977828665
20.099009900990097,3.625654851557872
20.11881188118812,3.5693464015227163
20.13861386138614,3.511707592899961
20.15841584158416,3.452914663821961
20.178217821782177,3.3931558708511917
20.198019801980198,3.332632136536556
20.21782178217822,3.271557705338994
20.237623762376238,3.2101607883724075
20.25742574257426,3.148684169988227
20.277227722772277,3.087385740092649
20.297029702970296,3.02653890511374
20.316831683168317,2.9664328177756536
20.336633663366335,2.9073723515852805
20.356435643564357,2.8496777308828247
20.37623762376238,2.793683712685885
20.396039603960396,2.7397382043099503
20.415841584158414,2.6882001936560167
20.435643564356436,2.6394368707469806
20.455445544554458,2.5938198338696403
20.475247524752476,2.5517203060084466
20.495049504950497,2.5135033408772673
20.514851485148515,2.4795210744384737
20.534653465346533,2.450105175365791
20.554455445544555,2.4255587593422003
20.574257425742573,2.4061481443960893
20.594059405940595,2.392094919513312
20.613861386138616,2.3835688558890755
20.633663366336634,2.380682190878825
20.653465346534652,2.383485748068407
20.673267326732674,2.391967224285644
20.693069306930695,2.4060517912894186
20.712871287128714,2.425604953560327
20.732673267326735,2.4504374069945425
20.752475247524753,2.4803114868527554
20.77227722772277,2.5149486978613687
20.792079207920793,2.554037792087689
20.81188118811881,2.5972428948770423
20.831683168316832,2.644211259805459
20.851485148514854,2.6945803400034745
20.871287128712872,2.7479839758571694
20.89108910891089,2.8040576027809156
20.910891089108908,2.8624424680129708
20.930693069306933,2.9227889082587404
20.95049504950495,2.9847587808192797
20.97029702970297,3.048027162591047
20.99009900990099,3.1122834382401536
21.00990099009901,3.177231895327669
21.029702970297027,3.242591934086044
21.04950495049505,3.3080979860230157
21.06930693069307,3.3734992208146206
21.08910891089109,3.4385591065450476
21.10891089108911,3.503054875148842
21.128712871287128,3.5667769333598836
21.148514851485146,3.629528249709814
21.16831683168317,3.691123740098923
21.18811881188119,3.751389668027775
21.207920792079207,3.810163070520695
21.22772277227723,3.8672912168777276
21.247524752475247,3.922631104447354
21.267326732673265,3.9760489934357532
21.287128712871286,4.027419981193263
21.306930693069308,4.076627615316214
21.326732673267326,4.123563544156463
21.346534653465348,4.168127202859121
21.366336633663366,4.210225532777217
21.386138613861384,4.249772731989473
21.40594059405941,4.286690034630208
21.425742574257427,4.320905516798623
21.445544554455445,4.352353926923482
21.465346534653467,4.380976538601748
21.485148514851485,4.4067210240927235
21.504950495049503,4.429541346824379
21.524752475247524,4.449397671447627
21.544554455445546,4.466256290155983
21.564356435643564,4.480089564165556
21.584158415841586,4.490875879426444
21.603960396039604,4.498599615806292
21.62376237623762,4.503251129153171
21.643564356435647,4.504826745805427
21.663366336633665,4.503328769273704
21.683168316831683,4.498765498973024
21.702970297029704,4.49115126103248
21.722772277227723,4.4805064513574955
21.74257425742574,4.466857591263725
21.762376237623762,4.450237396143586
21.782178217821784,4.430684857765589
21.801980198019802,4.408245340941828
21.821782178217823,4.3829706954291305
21.84158415841584,4.354919384051791
21.86138613861386,4.324156628145223
21.881188118811885,4.290754571515169
21.900990099009903,4.254792464179329
21.92079207920792,4.216356867198678
21.940594059405942,4.175541879901767
21.96039603960396,4.132449390741244
21.98019801980198,4.087189352877327
22.0,4.03988008533161
22.01980198019802,3.9906486001638273
22.03960396039604,3.9396309555523916
22.05940594059406,3.886972633856784
22.07920792079208,3.8328289426441158
22.099009900990097,3.7773654352011916
22.118811881188122,3.720758345141554
22.13861386138614,3.6631950272589164
22.15841584158416,3.6048743936698133
22.17821782178218,3.546007330422656
22.198019801980198,3.486817075030142
22.217821782178216,3.4275395297327673
22.237623762376238,3.3684234786989458
22.25742574257426,3.309730669870579
22.277227722772277,3.2517357139601843
22.297029702970296,3.194725744571504
22.316831683168317,3.138999775175277
22.336633663366335,3.084867681668037
22.356435643564357,3.032648734783653
22.37623762376238,2.982669606403594
22.396039603960396,2.9352617798331138
22.415841584158414,2.8907583085412747
22.435643564356436,2.8494898927093537
22.455445544554454,2.8117802795680125
22.475247524752476,2.777941042059715
22.495049504950497,2.7482658490653127
22.514851485148515,2.723024405071738
22.534653465346533,2.702456300902979
22.554455445544555,2.686765070972541
22.574257425742573,2.6761127864280314
22.594059405940595,2.6706155184355365
22.613861386138616,2.670339975752735
22.633663366336634,2.6753015549218206
22.653465346534652,2.685463945400177
22.673267326732674,2.7007403171101183
22.693069306930692,2.7209959994504747
22.712871287128714,2.746052454736716
22.732673267326735,2.775692268701356
22.752475247524753,2.8096648343246393
22.77227722772277,2.8476923948346027
22.792079207920793,2.8894761333705383
22.81188118811881,2.9347020425829013
22.831683168316832,2.983046367512139
22.851485148514854,3.034180479849503
22.871287128712872,3.0877751032909333
22.89108910891089,3.1435038628017677
22.91089108910891,3.201046172427347
22.93069306930693,3.260089506174483
22.95049504950495,3.3203311153374417
22.970297029702973,3.3814792652215058
22.99009900990099,3.4432540666430804
23.00990099009901,3.5053879749438948
23.02970297029703,3.5676260233717194
23.04950495049505,3.6297258500189193
23.06930693069307,3.6914575691635227
23.089108910891092,3.752603529579491
23.10891089108911,3.812957994649793
23.128712871287128,3.872326772191531
23.14851485148515,3.9305268158982782
23.168316831683168,3.9873858152313835
23.18811881188119,4.042741786396524
23.20792079207921,4.096442673637258
23.22772277227723,4.148345967361619
23.247524752475247,4.198318343487516
23.26732673267327,4.246235326749053
23.287128712871286,4.291980979460876
23.306930693069308,4.335447616313605
23.32673267326733,4.37653554510498
23.346534653465348,4.415152832844421
23.366336633663366,4.451215096357528
23.386138613861387,4.484645316327115
23.405940594059405,4.515373673607962
23.425742574257427,4.543337406622943
23.445544554455445,4.568480688668792
23.465346534653467,4.590754524018445
23.485148514851485,4.6101166617914675
23.504950495049503,4.626531526668493
23.524752475247524,4.639970165641832
23.544554455445546,4.650410210119559
23.564356435643564,4.657835852830195
23.584158415841586,4.662237839108205
23.603960396039604,4.66361347227328
23.62376237623762,4.661966632949893
23.643564356435643,4.657307812304231
23.663366336633665,4.649654159303999
23.683168316831683,4.639029542230729
23.702970297029704,4.6254646247923255
23.722772277227723,4.608996957294921
23.74257425742574,4.589671083433516
23.762376237623762,4.56753866334853
23.782178217821784,4.542658613664937
23.801980198019802,4.515097265276034
23.821782178217823,4.484928539649101
23.84158415841584,4.452234144403247
23.86138613861386,4.417103788830511
23.88118811881188,4.379635419883005
23.900990099009903,4.339935478912528
23.92079207920792,4.298119179101422
23.940594059405942,4.254310803034984
23.96039603960396,4.20864401920218
23.98019801980198,4.161262215331446
24.0,4.112318845324387
24.01980198019802,4.0619777850882315
24.03960396039604,4.0104136907281225
24.05940594059406,3.9578123502802525
24.07920792079208,3.904371017384497
24.099009900990097,3.850298711955799
24.11881188118812,3.7958164689792655
24.13861386138614,3.74115751201748
24.15841584158416,3.6865673229229112
24.17821782178218,3.6323035737089553
24.198019801980198,3.5786358807708467
24.217821782178216,3.5258453360186603
24.237623762376238,3.474223764515512
24.25742574257426,3.424072654631285
24.277227722772277,3.3757017054587606
24.2970297029703,3.3294269384212276
24.316831683168317,3.2855683268777076
24.336633663366335,3.244446910351007
24.356435643564357,3.2063813798004577
24.37623762376238,3.171684147683808
24.396039603960396,3.140656951128935
24.415841584158418,3.1135860769485317
24.435643564356436,3.090737340683343
24.455445544554454,3.072350994144832
24.475247524752476,3.058636771707994
24.495049504950497,3.0497693090519307
24.514851485148515,3.0458841738226914
24.534653465346537,3.047074732103565
24.554455445544555,3.0533900366216207
24.574257425742573,3.0648338646380253
24.594059405940595,3.0813649611126737
24.613861386138616,3.102898464170964
24.633663366336634,3.1293084143994294
24.653465346534656,3.1604311857304186
24.673267326732674,3.1960696301831706
24.693069306930692,3.235997704925416
24.712871287128714,3.279965348047575
24.732673267326735,3.327703386232008
24.752475247524753,3.3789282883246696
24.77227722772277,3.4333466180246703
24.792079207920793,3.4906590810508655
24.81188118811881,3.550564102715953
24.83168316831683,3.6127609076468383
24.851485148514854,3.6769521026142464
24.871287128712872,3.742845785447326
24.89108910891089,3.8101572180822663
24.91089108910891,3.8786101107737103
24.93069306930693,3.947937568518969
24.950495049504948,4.017882751007859
24.970297029702973,4.08819929503701
24.99009900990099,4.158651544273857
25.00990099009901,4.22901462628737
25.02970297029703,4.299074411450366
25.04950495049505,4.368627383063545
25.069306930693067,4.437480443112568
25.089108910891092,4.505450673597293
25.10891089108911,4.5723650694361995
25.128712871287128,4.638060255563302
25.14851485148515,4.702382197978173
25.168316831683168,4.765185916138916
25.188118811881186,4.826335202149446
25.20792079207921,4.8857023506297885
25.22772277227723,4.94316790191467
25.247524752475247,4.998620400250307
25.26732673267327,5.051956167904701
25.287128712871286,5.103079095532998
25.306930693069305,5.151900448710723
25.32673267326733,5.198338690235818
25.346534653465348,5.242319317579596
25.366336633663366,5.283774714718191
25.386138613861387,5.322644017482588
25.405940594059405,5.35887299151383
25.425742574257423,5.392413921890578
25.44554455445545,5.423225513499074
25.465346534653467,5.4512728012355725
25.485148514851485,5.476527069161888
25.504950495049506,5.4989657777724075
25.524752475247524,5.518572498572509
25.544554455445542,5.535336855210446
25.564356435643568,5.549254470446497
25.584158415841586,5.560326918282069
25.603960396039604,5.568561680606259
25.623762376237625,5.573972107747529
25.643564356435643,5.576577382341711
25.66336633663366,5.576402485944926
25.683168316831686,5.573478167828681
25.702970297029704,5.567840915395277
25.722772277227723,5.559532925642373
25.742574257425744,5.548602077086381
25.762376237623762,5.535101901523217
25.78217821782178,5.519091554961711
25.801980198019805,5.500635787008249
25.821782178217823,5.479804907909389
25.84158415841584,5.456674752371587
25.861386138613863,5.431326639172793
25.88118811881188,5.403847325457398
25.9009900990099,5.374328954463932
25.920792079207924,5.342868995272212
25.940594059405942,5.309570172973602
25.96039603960396,5.274540387464235
25.98019801980198,5.2378926188364305
26.0,5.199744817101213
26.019801980198018,5.16021977371517
26.03960396039604,5.11944497211376
26.05940594059406,5.077552414175015
26.07920792079208,5.034678419261087
26.099009900990097,4.990963392219411
26.11881188118812,4.946551556485319
26.138613861386137,4.901590648227957
26.15841584158416,4.856231567343309
26.17821782178218,4.810627981043329
26.198019801980198,4.764935875846909
26.217821782178216,4.719313053975626
26.237623762376238,4.673918570526789
26.257425742574256,4.628912108371248
26.277227722772277,4.584453288535171
26.2970297029703,4.540700914901585
26.316831683168317,4.497812153430126
26.336633663366335,4.455941647753292
26.356435643564357,4.4152405749600065
26.376237623762375,4.375855647601157
26.396039603960396,4.337928070400235
26.415841584158418,4.301592462756717
26.435643564356436,4.266975760790906
26.455445544554454,4.234196115274984
26.475247524752476,4.2033618041793055
26.495049504950494,4.174570180575603
26.514851485148515,4.147906678111993
26.534653465346537,4.123443897052642
26.554455445544555,4.101240793819784
26.574257425742573,4.081341995991768
26.594059405940595,4.063777262752355
26.613861386138613,4.048561107870728
26.633663366336634,4.035692598506404
26.653465346534656,4.025155338629491
26.673267326732674,4.0169176408388285
26.693069306930692,4.010932885102938
26.712871287128714,4.007140057720953
26.73267326732673,4.005464458882943
26.752475247524753,4.005818562855051
26.772277227722775,4.008103011237807
26.792079207920793,4.012207717095472
26.81188118811881,4.018013056111577
26.831683168316832,4.025391120303411
26.85148514851485,4.034207010168381
26.871287128712872,4.044320142331527
26.891089108910894,4.05558555166363
26.91089108910891,4.067855169272831
26.93069306930693,4.080979060557502
26.95049504950495,4.094806610470804
26.97029702970297,4.1091876461326855
26.99009900990099,4.123973489799681
27.009900990099013,4.139017937866941
27.02970297029703,4.154178163956591
27.04950495049505,4.169315546198307
27.06930693069307,4.1842964205125055
27.08910891089109,4.198992763064655
27.10891089108911,4.2132828060878795
27.12871287128713,4.2270515919971805
27.14851485148515,4.240191471176226
27.168316831683168,4.252602549044328
27.18811881188119,4.264193088042838
27.207920792079207,4.2748798700526915
27.22772277227723,4.284588524499188
27.24752475247525,4.293253827043679
27.26732673267327,4.300819973326486
27.287128712871286,4.307240831729391
27.306930693069305,4.312480178580914
27.326732673267326,4.31651191864283
27.346534653465348,4.3193202930953145
27.366336633663366,4.320900076582686
27.386138613861387,4.321256764189456
27.405940594059405,4.32040674848357
27.425742574257423,4.31837748598516
27.445544554455445,4.315207651588027
27.465346534653467,4.3109472785722
27.485148514851485,4.305657880893257
27.504950495049506,4.299412553415899
27.524752475247524,4.29229604467607
27.544554455445542,4.284404795613384
27.564356435643564,4.275846936527604
27.584158415841586,4.26674223330121
27.603960396039604,4.257221972727512
27.623762376237625,4.2474287756377205
27.643564356435643,4.237516325491722
27.66336633663366,4.227648999264326
27.683168316831683,4.2180013869173
27.702970297029704,4.208757685607006
27.722772277227723,4.200110955163081
27.742574257425744,4.192262222414977
27.762376237623762,4.185419423770139
27.78217821782178,4.179796178174309
27.801980198019802,4.175610386296362
27.821782178217823,4.173082656515487
27.84158415841584,4.172434564015659
27.861386138613863,4.173886755897201
27.88118811881188,4.177656922480959
27.9009900990099,4.18395766258437
27.92079207920792,4.192994278066067
27.940594059405942,4.20496253985826
27.96039603960396,4.2200464734766365
27.980198019801982,4.238416216060216
28.0,4.260225998851311
28.019801980198018,4.285612308305572
28.03960396039604,4.314692275531383
28.05940594059406,4.347562337527729
28.07920792079208,4.384297204989252
28.0990099009901,4.424949160777499
28.11881188118812,4.469547701200216
28.138613861386137,4.518099519798468
28.15841584158416,4.5705888212471875
28.17821782178218,4.62697794200797
28.198019801980198,4.687208245179836
28.21782178217822,4.751201250032745
28.237623762376238,4.818859952218243
28.257425742574256,4.890070288653456
28.277227722772277,4.964702701393588
28.2970297029703,5.042613757121556
28.316831683168317,5.123647782767622
28.33663366336634,5.207638482763551
28.356435643564357,5.294410509073916
28.376237623762375,5.3837809610151455
28.396039603960396,5.475560797621765
28.415841584158418,5.569556150681851
28.435643564356436,5.665569531353815
28.455445544554458,5.763400927387194
28.475247524752476,5.8628487913577665
28.495049504950494,5.963710923000543
28.51485148514851,6.065785250730635
28.534653465346537,6.168870518850209
28.554455445544555,6.272766887835238
28.574257425742573,6.377276455564485
28.594059405940595,6.482203707481785
28.613861386138613,6.587355903549098
28.633663366336634,6.692543409521991
28.653465346534656,6.797579979620447
28.673267326732674,6.902282997124681
28.693069306930692,7.006473678837438
28.712871287128714,7.109977248751034
28.73267326732673,7.212623085661229
28.75247524752475,7.3142448488979115
28.772277227722775,7.414680585803938
28.792079207920793,7.5137728240963035
28.81188118811881,7.611368651790118
28.831683168316832,7.707319786958248
28.85148514851485,7.801482639235359
28.871287128712872,7.89371836465435
28.891089108910894,7.983892915121673
28.91089108910891,8.071877083593655
28.93069306930693,8.157546545804744
28.95049504950495,8.240781899217263
28.97029702970297,8.321468699708099
28.990099009900987,8.399497496376341
29.009900990099013,8.474763864746008
29.02970297029703,8.547168438545452
29.04950495049505,8.616616940168278
29.06930693069307,8.683020209857315
29.08910891089109,8.746294233601278
29.10891089108911,8.806360169691423
29.12871287128713,8.86314437385208
29.14851485148515,8.916578422831611
29.168316831683168,8.966599136319724
29.18811881188119,9.013148597040754
29.207920792079207,9.056174168860418
29.227722772277225,9.09562851273517
29.24752475247525,9.13146960032645
29.26732673267327,9.163660725099138
29.287128712871286,9.192170510720393
29.306930693069308,9.21697291657477
29.326732673267326,9.238047240211058
29.346534653465348,9.255378116537258
29.36633663366337,9.268955513580877
29.386138613861387,9.278774724633125
29.405940594059405,9.284836356596756
29.425742574257427,9.287146314358248
29.445544554455445,9.285715781005756
29.465346534653463,9.280561193714338
29.48514851485149,9.271704215119746
29.504950495049506,9.25917170000068
29.524752475247524,9.242995657087713
29.544554455445546,9.223213205814071
29.564356435643564,9.199866527819735
29.584158415841586,9.173002813015477
29.603960396039607,9.142674200007335
29.623762376237625,9.108937710674983
29.643564356435643,9.071855178689137
29.663366336633665,9.031493171743334
29.683168316831683,8.987922907264958
29.7029702970297,8.941220161358059
29.722772277227726,8.891465170717598
29.742574257425744,8.838742527240363
29.762376237623762,8.783141065042686
29.782178217821784,8.724753739579327
29.801980198019802,8.663677498541205
29.821782178217823,8.600013144193102
29.84158415841584,8.533865186796142
29.861386138613863,8.465341688743747
29.88118811881188,8.394554099025575
29.9009900990099,8.321617077621031
29.92079207920792,8.246648309414544
29.94059405940594,8.169768307218849
29.96039603960396,8.091100203491607
29.980198019801982,8.010769530336802
30.0,7.928903987395505
30.01980198019802,7.845633197254878
30.039603960396036,7.7610884480389055
30.05940594059406,7.67540242289455
30.079207920792083,7.588708916152247
30.099009900990097,7.5011425360253
30.11881188118812,7.412838393818819
30.13861386138614,7.323931779750399
30.158415841584155,7.234557825643435
30.178217821782177,7.144851154942112
30.1980198019802,7.054945520718552
30.217821782178216,6.9649734325978665
30.237623762376238,6.875065773818654
30.25742574257426,6.785351409974746
30.277227722772274,6.6959567913491655
30.2970297029703,6.607005551151131
30.31683168316832,6.518618102399545
30.336633663366335,6.430911236656396
30.356435643564357,6.343997728294408
30.37623762376238,6.257985948477313
30.396039603960393,6.172979493526609
30.415841584158414,6.089076832833515
30.43564356435644,6.006370981933626
30.455445544554454,5.9249492067784475
30.475247524752476,5.844892765593764
30.495049504950497,5.766276694991731
30.51485148514851,5.689169647181616
30.534653465346537,5.613633785185858
30.55445544554456,5.539724742895986
30.574257425742573,5.46749165658351
30.594059405940595,5.396977274102123
30.613861386138616,5.328218147473843
30.63366336633663,5.261244913840486
30.653465346534652,5.196082668885811
30.673267326732677,5.132751435801232
30.693069306930692,5.071266731691645
30.712871287128714,5.0116402320129305
30.732673267326735,4.953880532218396
30.75247524752475,4.897994004286252
30.772277227722775,4.843985744222959
30.792079207920796,4.791860605002453
30.81188118811881,4.741624307720893
30.831683168316832,4.69328462202368
30.851485148514854,4.64685260509599
30.87128712871287,4.6023438866895425
30.89108910891089,4.559779985773074
30.910891089108915,4.519189642422826
30.93069306930693,4.480610146494301
30.95049504950495,4.444088642423335
30.970297029702973,4.409683387191187
30.990099009900987,4.377464936071769
31.009900990099013,4.347517228305735
31.029702970297034,4.319938542399819
31.04950495049505,4.294842288464669
31.06930693069307,4.2723576030691115
31.089108910891092,4.252629710756231
31.108910891089106,4.235820015948623
31.128712871287128,4.222105889833131
31.148514851485153,4.211680119355744
31.168316831683168,4.204749990072695
31.18811881188119,4.201535981640455
31.20792079207921,4.202270064421646
31.227722772277225,4.207193598090235
31.24752475247525,4.216554848038404
31.267326732673272,4.230606152307489
31.287128712871286,4.249600789830716
31.306930693069308,4.27378961879638
31.32673267326733,4.303417570465873
31.346534653465344,4.338720097223501
31.366336633663366,4.379919682458827
31.38613861386139,4.427222522812395
31.405940594059405,4.480815489554575
31.425742574257427,4.540863465253716
31.44554455445545,4.607507134987771
31.465346534653463,4.680861289417846
31.48514851485149,4.7610136718829645
31.50495049504951,4.848024375425351
31.524752475247524,4.9419257704895125
31.544554455445546,5.042722921897363
31.564356435643568,5.1503944360672484
31.584158415841582,5.264893667205145
31.603960396039604,5.3861502046105745
31.62376237623763,5.514071561998032
31.643564356435643,5.648544993086788
31.663366336633665,5.78943936462916
31.68316831683168,5.93660702739118
31.7029702970297,6.089885636262231
31.722772277227726,6.249099881681326
31.74257425742574,6.414063105155217
31.762376237623762,6.584578781256316
31.782178217821784,6.760441856788128
31.8019801980198,6.941439944637028
31.82178217821782,7.127354375181806
31.84158415841584,7.31796111209757
31.86138613861386,7.5130315421256855
31.88118811881188,7.7123331500752075
31.900990099009903,7.915630091171474
31.920792079207917,8.122683673063216
31.94059405940594,8.333252759510309
31.960396039603964,8.547094107147057
31.98019801980198,8.763962645869096
32.0,8.983611712421672
32.019801980198025,9.205793245745076
32.039603960396036,9.430257951612413
32.05940594059406,9.656755443112454
32.07920792079208,9.885034362610304
32.0990099009901,10.114842489975077
32.118811881188115,10.345926841103303
32.13861386138614,10.578033760091303
32.15841584158416,10.810909007816303
32.17821782178218,11.044297849170706
32.1980198019802,11.277945140750019
32.21782178217821,11.511595420416217
32.23762376237624,11.744992999837143
32.257425742574256,11.977882060832869
32.277227722772274,12.210006756134618
32.2970297029703,12.441111314975062
32.31683168316832,12.670940153775634
32.336633663366335,12.899237992070988
32.35643564356435,13.125749973710002
32.37623762376238,13.350221793291723
32.396039603960396,13.572399827731209
32.415841584158414,13.7920312728008
32.43564356435644,14.008864284455061
32.45544554455445,14.222648124720381
32.475247524752476,14.433133311910995
32.4950495049505,14.64007177492132
32.51485148514851,14.843217011337742
32.53465346534654,15.04232424911157
32.554455445544555,15.237150611537237
32.57425742574257,15.427455285285111
32.59405940594059,15.612999691247428
32.613861386138616,15.793547657966068
32.633663366336634,15.96886559742476
32.65346534653465,16.138722683002573
32.67326732673268,16.302891029403167
32.69306930693069,16.461145874392177
32.71287128712871,16.613265762195795
32.73267326732673,16.75903272843535
32.75247524752475,16.89823248649658
32.772277227722775,17.03065461525819
32.79207920792079,17.15609274813188
32.81188118811881,17.274344763396524
32.83168316831683,17.385212975842105
32.851485148514854,17.488504329774788
32.87128712871287,17.584030593473948
32.89108910891089,17.67160855523528
32.910891089108915,17.75106022118153
32.930693069306926,17.822213015075462
32.95049504950495,17.884899980428184
32.97029702970298,17.938959985261206
32.99009900990099,17.984237929954073
33.00990099009901,18.020584958691227
33.02970297029703,18.047858675114483
33.04950495049505,18.065923362891823
33.06930693069307,18.07465021203184
33.08910891089109,18.07391755190752
33.10891089108911,18.063611092106605
33.12871287128713,18.043624172400957
33.14851485148515,18.013858023328257
33.168316831683164,17.974222039110145
33.18811881188119,17.9246340648965
33.20792079207921,17.86502070063267
33.227722772277225,17.795317624201545
33.24752475247525,17.71546993690446
33.26732673267327,17.625432534824522
33.28712871287129,17.52517051017462
33.306930693069305,17.414659587385568
33.32673267326733,17.293886599455018
33.34653465346535,17.162850010975486
33.366336633663366,17.021560495316496
33.38613861386139,16.87004157468195
33.4059405940594,16.708330333235203
33.42574257425743,16.536478215227465
33.44554455445545,16.354551922132167
33.46534653465346,16.16263442524439
33.48514851485149,15.960826113128611
33.504950495049506,15.749246096782615
33.524752475247524,15.528033699544732
33.54455445544554,15.2973501637379
33.56435643564357,15.057380611978168
33.584158415841586,14.808336308163613
33.603960396039604,14.55045727161919
33.62376237623763,14.284015307951735
33.64356435643564,14.00931753213934
33.663366336633665,13.726710473529959
33.68316831683168,13.436584869036645
33.7029702970297,13.139381270122223
33.722772277227726,12.835596611272575
33.742574257425744,12.525791912420567
33.76237623762376,12.21060131460361
33.78217821782178,11.890742675629987
33.801980198019805,11.567029978004822
33.82178217821782,11.240387820049897
33.84158415841584,10.911868265006222
33.86138613861387,10.582670298963967
33.88118811881188,10.254162076521238
33.9009900990099,9.927905982813888
33.92079207920793,9.605686268385607
33.94059405940594,9.289538560014439
33.960396039603964,8.981779841964379
33.98019801980198,8.68503645803318
34.0,8.402266243933832
34.01980198019802,8.136769071852546
34.03960396039604,7.89217804571652
34.05940594059406,7.672421784922486
34.07920792079208,7.481647541188426
34.099009900990104,7.32409658372323
34.118811881188115,7.203928749065927
34.13861386138614,7.1250030087512455
34.15841584158416,7.090634277217266
34.17821782178218,7.10335972264864
34.1980198019802,7.164754745986319
34.21782178217822,7.275334387091489
34.23762376237624,7.434559355657466
34.257425742574256,7.640942418139466
34.277227722772274,7.892229529201816
34.2970297029703,8.185618536164684
34.31683168316832,8.517978787584175
34.336633663366335,8.886044365641379
34.35643564356435,9.286566347207119
34.37623762376238,9.7164207643456
34.396039603960396,10.172676471738797
34.415841584158414,10.652630784436868
34.43564356435644,11.153821516175054
34.45544554455445,11.674023153341867
34.475247524752476,12.211233322175097
34.495049504950494,12.763654055107892
34.51485148514851,13.329670933300136
34.53465346534654,13.907832071999454
34.554455445544555,14.496828113181309
34.57425742574257,15.095473842369584
34.59405940594059,15.702691691256897
34.613861386138616,16.317497169069668
34.633663366336634,16.938986139620575
34.65346534653465,17.56632379540384
34.67326732673268,18.198735152373548
34.69306930693069,18.835496884026735
34.71287128712871,19.47593032119335
34.73267326732673,20.119395458249564
34.75247524752475,20.765285823481825
34.772277227722775,21.41302408878198
34.79207920792079,22.06205831049917
34.81188118811881,22.71185870848848
34.83168316831683,23.361914903931677
34.851485148514854,24.011733548332728
34.87128712871287,24.660836286297993
34.89108910891089,25.308758003446965
34.910891089108915,25.955045318230308
34.930693069306926,26.59925528272933
34.95049504950495,27.240954262833256
34.97029702970297,27.8797169726822
34.99009900990099,28.51512564205153
35.00990099009901,29.146769298547166
35.02970297029703,29.774243149176428
35.04950495049505,30.39714804813311
35.06930693069307,31.015090039558974
35.08910891089109,31.62767996567022
35.10891089108911,32.23453313201701
35.12871287128713,32.83526902281509
35.14851485148515,33.42951106028373
35.168316831683164,34.016886402773416
35.18811881188119,34.59702577719063
35.20792079207921,35.1695633418468
35.227722772277225,35.73413657639017
35.24752475247525,36.29038619593493
35.26732673267327,36.83795608689582
35.28712871287129,37.376493262374645
35.306930693069305,37.905647835239
35.32673267326733,38.42507300728712
35.34653465346535,38.934425073114674
35.366336633663366,39.43336343749077
35.38613861386139,39.92155064521959
35.4059405940594,40.398652422611356
35.42574257425743,40.86433772981575
35.445544554455445,41.318278823386
35.46534653465346,41.76015132854289
35.48514851485149,42.189634320698566
35.504950495049506,42.60641041588106
35.524752475247524,43.01016586977302
35.54455445544554,43.40059068514459
35.56435643564357,43.7773787275208
35.584158415841586,44.14022784897924
35.603960396039604,44.488840020026444
35.62376237623763,44.822921469549996
35.64356435643564,45.14218283289005
35.663366336633665,45.44633930811995
35.68316831683168,45.73511082066935
35.7029702970297,46.008222196467955
35.722772277227726,46.265403343832546
35.742574257425744,46.50638944436595
35.76237623762376,46.73092115318375
35.78217821782178,46.938744808835054
35.801980198019805,47.12961265333634
35.82178217821782,47.30328306279434
35.84158415841584,47.459520789156166
35.86138613861387,47.59809721369138
35.88118811881188,47.71879061288558
35.9009900990099,47.82138643750573
35.92079207920792,47.905677605688815
35.94059405940594,47.971464811005674
35.960396039603964,48.01855684656471
35.98019801980198,48.04677094634634
36.0,48.055933145100866
36.01980198019802,48.045878658301646
36.03960396039604,48.01645228382598
36.05940594059406,47.96750882723851
36.07920792079208,47.898913552782666
36.099009900990104,47.81054266244517
36.118811881188115,47.70228380575519
36.13861386138614,47.57403662331356
36.15841584158416,47.42571332743089
36.17821782178218,47.257239323685724
36.1980198019802,47.06855387771016
36.21782178217822,46.859610832073926
36.23762376237624,46.630379378783
36.257425742574256,46.38084489364586
36.27722772277228,46.11100983960286
36.2970297029703,45.8208947470812
36.31683168316832,45.5105392805431
36.33663366336634,45.18000340166593
36.35643564356435,44.82936864104902
36.37623762376238,44.45873949201637
36.396039603960396,44.06824494200651
36.415841584158414,43.65804015925108
36.43564356435644,43.228308354982445
36.45544554455446,42.779262844328116
36.475247524752476,42.31114933239922
36.495049504950494,41.824248455922074
36.51485148514852,41.31887861516185
36.53465346534654,40.79539913591489
36.554455445544555,40.254213807074436
36.57425742574258,39.69577484577381
36.59405940594059,39.120587349445664
36.613861386138616,38.52921430235208
36.633663366336634,37.922282213256416
36.65346534653465,37.30048747088572
36.67326732673268,36.664603514557406
36.693069306930695,36.01548892856695
36.71287128712871,35.35409658021988
36.73267326732673,34.68148393202237
36.75247524752475,33.99882466739705
36.772277227722775,33.307421774666295
36.79207920792079,32.608722233442656
36.81188118811881,31.904333437389667
36.83168316831683,31.196041462493916
36.851485148514854,30.48583124353854
36.871287128712865,29.775908643988043
36.89108910891089,29.068724283705386
36.910891089108915,28.366998809356073
36.930693069306926,27.67374903550993
36.95049504950495,26.992314029846128
36.97029702970297,26.326379743730417
36.99009900990099,25.680000186011316
37.00990099009901,25.057612404572676
37.02970297029703,24.464041707513772
37.04950495049505,23.904492702411208
37.06930693069307,23.384521006187413
37.08910891089109,22.909980114925283
37.10891089108911,22.48693824470243
37.12871287128713,22.12156133296415
37.14851485148515,21.81996115136569
37.168316831683164,21.588011745820182
37.18811881188119,21.43114290512257
37.20792079207921,21.354125228464603
37.227722772277225,21.360866241071147
37.24752475247525,21.454239285396174
37.26732673267327,21.635965311140353
37.28712871287129,21.906561878419367
37.306930693069305,22.265364664157364
37.32673267326733,22.710616623373994
37.34653465346534,23.23961118282084
37.366336633663366,23.848870373179412
37.38613861386139,24.534337406781862
37.4059405940594,25.29156541021419
37.42574257425743,26.115888537237343
37.445544554455445,27.002567020833272
37.46534653465346,27.946902659494956
37.48514851485149,28.94432506438927
37.504950495049506,29.990451501880838
37.524752475247524,31.081124470308502
37.54455445544554,32.21243153656836
37.56435643564357,33.3807117443869
37.584158415841586,34.58255236481045
37.603960396039604,35.814779089687065
37.62376237623763,37.074442097829824
37.64356435643564,38.358799820545414
37.663366336633665,39.66530172769949
37.68316831683168,40.99157105224938
37.7029702970297,42.33538806173812
37.722772277227726,43.69467425541617
37.742574257425744,45.06747769996883
37.76237623762376,46.45195960089323
37.78217821782178,47.84638212807968
37.801980198019805,49.2490974631528
37.821782178217816,50.65853800483633
37.84158415841584,52.073207651138425
37.86138613861387,53.49167406913816
37.88118811881188,54.9125618614221
37.9009900990099,56.334546540502075
37.92079207920792,57.7563492272589
37.94059405940594,59.17673199550209
37.960396039603964,60.5944937913835
37.98019801980198,62.008466863162305
38.0,63.417513643395644
38.01980198019802,64.82052403183187
38.03960396039604,66.21641303302235
38.05940594059406,67.60411870789788
38.07920792079208,68.98260040326998
38.099009900990104,70.35083722743572
38.118811881188115,71.70782674381499
38.13861386138614,73.05258385786765
38.15841584158416,74.38413987546667
38.17821782178218,75.701541713479
38.1980198019802,77.00385124556934
38.21782178217822,78.29014476822583
38.23762376237624,79.5595125737474
38.257425742574256,80.8110586184558
38.27722772277228,82.04390027573073
38.29702970297029,83.25716816463589
38.31683168316832,84.4500060459292
38.33663366336634,85.62157077814818
38.35643564356435,86.77103232725065
38.37623762376238,87.89757382398302
38.396039603960396,89.00039166375646
38.415841584158414,90.07869564434705
38.43564356435644,91.1317091372066
38.45544554455446,92.15866928858745
38.475247524752476,93.15882724705033
38.495049504950494,94.13144841424995
38.51485148514852,95.07581271617987
38.53465346534654,95.99121489231246
38.554455445544555,96.87696480029734
38.57425742574258,97.73238773408228
38.59405940594059,98.55682475350082
38.613861386138616,99.34963302353117
38.633663366336634,100.11018616157548
38.65346534653465,100.8378745912376
38.67326732673268,101.5321059011939
38.693069306930695,102.19230520785752
38.71287128712871,102.81791552063169
38.73267326732673,103.40839810863444
38.75247524752476,103.96323286785757
38.77227722772277,104.48191868779422
38.79207920792079,104.96397381663901
38.81188118811882,105.40893622422455
38.83168316831683,105.8163639619193
38.851485148514854,106.18583551876455
38.87128712871287,106.51695017318244
38.89108910891089,106.80932833963381
38.910891089108915,107.06261190965517
38.93069306930693,107.2764645867485
38.95049504950495,107.45057221464364
38.97029702970297,107.58464309849703
38.990099009900995,107.67840831863582
39.00990099009901,107.73162203649991
39.02970297029703,107.74406179248098
39.049504950495056,107.71552879540214
39.06930693069307,107.64584820343141
39.08910891089109,107.5348693962703
39.10891089108911,107.38246623851124
39.12871287128713,107.18853733411297
39.14851485148515,106.95300627200005
39.16831683168317,106.6758218628568
39.18811881188119,106.35695836725151
39.20792079207921,105.99641571530131
39.22772277227723,105.59421971816533
39.24752475247524,105.15042227174364
39.26732673267327,104.66510155305183
39.287128712871294,104.13836220984922
39.306930693069305,103.57033554421491
39.32673267326733,102.96117969089663
39.34653465346534,102.31107979140361
39.366336633663366,101.62024816497906
39.38613861386139,100.88892447777208
39.4059405940594,100.11737591173845
39.42574257425743,99.30589733503666
39.445544554455445,98.45481147595433
39.46534653465346,97.56446910270894
39.48514851485149,96.63524921181805
39.504950495049506,95.6675592281388
39.524752475247524,94.66183522014123
39.54455445544554,93.61854213451817
39.56435643564357,92.53817405485539
39.58415841584158,91.42125448980872
39.603960396039604,90.26833669707665
39.62376237623763,89.0800040504376
39.64356435643564,87.85687045827433
39.663366336633665,86.59958084335719
39.68316831683168,85.30881169525233
39.7029702970297,83.985271708601
39.72277227722772,82.62970252274631
39.742574257425744,81.24287958083372
39.76237623762376,79.82561312967073
39.78217821782178,78.37874938540911
39.801980198019805,76.90317189464449
39.821782178217816,75.39980312598139
39.84158415841584,73.86960633369316
39.86138613861387,72.31358774307606
39.88118811881188,70.73279911677702
39.9009900990099,69.12834077317055
39.92079207920792,67.50136514227712
39.94059405940594,65.85308096239265
39.960396039603964,64.18475824233259
39.98019801980198,62.497734140996386
40.0,60.793419949091266
40.01980198019802,59.073309398912876
40.03960396039604,57.33898857905344
40.059405940594054,55.59214779428013
40.07920792079208,53.83459578965908
40.099009900990104,52.06827685603045
40.118811881188115,50.295291455618255
40.13861386138614,48.51792115702476
40.15841584158416,46.738658853691994
40.17821782178218,44.96024546452512
40.198019801980195,43.18571458366142
40.21782178217822,41.418446858052384
40.23762376237624,39.66223621716362
40.257425742574256,37.921370431053205
40.27722772277228,36.2007287698117
40.29702970297029,34.50589965675305
40.31683168316832,32.843320924179665
40.33663366336634,31.220444198980868
40.35643564356435,29.645922410174197
40.37623762376238,28.12981440135877
40.396039603960396,26.683791700356874
40.415841584158414,25.32131790131014
40.43564356435644,24.057749454104293
40.45544554455446,22.9102785762388
40.475247524752476,21.897610451141063
40.495049504950494,21.039253491891174
40.51485148514852,20.354330605998157
40.53465346534653,19.859921750979208
40.554455445544555,19.569130120071716
40.57425742574258,19.48927030914289
40.59405940594059,19.620682570433353
40.613861386138616,19.956563926742003
40.633663366336634,20.483882730628903
40.65346534653465,21.18507864173553
40.67326732673267,22.04004997294423
40.693069306930695,23.0279683802521
40.71287128712871,24.12865112814849
40.73267326732673,25.323426295625843
40.75247524752476,26.59556120029712
40.77227722772277,27.930376771654416
40.79207920792079,29.3151675881444
40.81188118811882,30.739020177507786
40.83168316831683,32.192591500901955
40.851485148514854,33.667884412514255
40.87128712871287,35.158039352303824
40.89108910891089,36.65715054057733
40.910891089108915,38.160108652338685
40.93069306930693,39.66246868935096
40.95049504950495,41.16034031693188
40.97029702970297,42.650297488569
40.990099009900995,44.129304254525884
41.009900990099005,45.594653958015236
41.02970297029703,47.043919409914984
41.049504950495056,48.47491202167002
41.06930693069307,49.88564822986757
41.08910891089109,51.27432185188558
41.10891089108911,52.63928126855534
41.12871287128713,53.979010540918566
41.148514851485146,55.29211373989969
41.16831683168317,56.577301906405744
41.18811881188119,57.8333821709013
41.20792079207921,59.05924865102233
41.22772277227723,60.253874817593605
41.24752475247524,61.41630707704192
41.26732673267327,62.54565936450804
41.287128712871294,63.641108579248915
41.306930693069305,64.70189072401737
41.32673267326733,65.72729763445872
41.34653465346535,66.71667420432824
41.366336633663366,67.66941602842138
41.38613861386139,68.58496739824638
41.40594059405941,69.46281959623091
41.42574257425743,70.30250944310303
41.445544554455445,71.10361806038
41.46534653465347,71.865769815938
41.48514851485148,72.58863142564705
41.504950495049506,73.27191118823295
41.52475247524753,73.91535833401768
41.54455445544554,74.51876247112168
41.56435643564357,75.0819531151739
41.584158415841586,75.60479929066257
41.603960396039604,76.08720919382273
41.62376237623762,76.52912990846364
41.64356435643565,76.93054716742081
41.663366336633665,77.2914851534207
41.68316831683168,77.61200633409402
41.70297029702971,77.89221132669311
41.72277227722772,78.13223878878016
41.742574257425744,78.3322653317735
41.76237623762377,78.49250545477976
41.78217821782178,78.61321149661612
41.801980198019805,78.69467360434545
41.821782178217816,78.73721971701565
41.84158415841584,78.74121556362125
41.86138613861387,78.70706467459328
41.88118811881188,78.63520840637652
41.9009900990099,78.52612597887607
41.92079207920792,78.3803345257473
41.94059405940594,78.1983891576663
41.96039603960396,77.98088303885389
41.98019801980198,77.72844747723126
42.0,77.44175202865947
42.01980198019802,77.12150461575663
42.03960396039604,76.76845166178921
42.059405940594054,76.38337824009524
42.07920792079208,75.96710823941164
42.0990099009901,75.5205045453352
42.118811881188115,75.04446923794157
42.13861386138614,74.5399438053079
42.15841584158416,74.00790937231815
42.17821782178218,73.44938694366557
42.198019801980195,72.8654376593842
42.21782178217822,72.25716306052577
42.23762376237624,71.62570536172623
42.257425742574256,70.97224772635603
42.27722772277228,70.29801453869368
42.29702970297029,69.60427166607528
42.31683168316832,68.89232670222248
42.33663366336634,68.163529180907
42.35643564356435,67.41927074673873
42.37623762376238,66.66098526713164
42.396039603960396,65.89014886638279
42.415841584158414,65.10827985926025
42.43564356435643,64.31693855752494
42.45544554455446,63.517726918397294
42.475247524752476,62.71228799913102
42.495049504950494,61.902305176606156
42.51485148514852,61.08950108526084
42.53465346534653,60.27563622084418
42.554455445544555,59.462507151540564
42.57425742574257,58.65194427219025
42.59405940594059,57.845809031889196
42.613861386138616,57.04599056054496
42.633663366336634,56.25440161643649
42.65346534653465,55.472973775005286
42.67326732673267,54.70365177961674
42.693069306930695,53.9483869785743
42.71287128712871,53.209129779999934
42.73267326732673,52.487821068091336
42.75247524752476,51.78638254146135
42.77227722772277,51.106705957384094
42.79207920792079,50.45064129523031
42.81188118811882,49.819983888268524
42.83168316831683,49.21646061500234
42.851485148514854,48.6417152884235
42.87128712871287,48.09729343246183
42.89108910891089,47.584626687295795
42.91089108910891,47.10501713617035
42.93069306930693,46.659621892498436
42.95049504950495,46.2494383234757
42.97029702970297,45.87529031131646
42.990099009900995,45.537815961930164
43.009900990099005,45.23745716054572
43.02970297029703,44.974451342753824
43.04950495049505,44.748825797483434
43.06930693069307,44.56039474709573
43.08910891089109,44.40875936235483
43.10891089108911,44.29331077137821
43.12871287128713,44.21323601780318
43.148514851485146,44.16752682094689
43.16831683168317,44.15499089624352
43.18811881188119,44.174265513548285
43.20792079207921,44.22383290855409
43.22772277227723,44.302037121454305
43.24752475247524,44.407101818143474
43.26732673267327,44.53714865193066
43.287128712871294,44.690215745670685
43.306930693069305,44.864275911972086
43.32673267326733,45.05725427861675
43.34653465346535,45.26704504319474
43.366336633663366,45.4915271410758
43.386138613861384,45.728578670552
43.40594059405941,45.97608997533247
43.42574257425743,46.2319753353699
43.445544554455445,46.494183260852566
43.46534653465347,46.760705420410645
43.48514851485148,47.02958426306703
43.504950495049506,47.29891941456684
43.524752475247524,47.56687294312529
43.54455445544554,47.83167359821015
43.56435643564357,48.09162012968117
43.584158415841586,48.34508379440776
43.603960396039604,48.59051015428746
43.62376237623762,48.826420264209354
43.64356435643565,49.051411341656525
43.663366336633665,49.26415700190657
43.68316831683168,49.46340713464228
43.70297029702971,49.64798748959178
43.72277227722772,49.81679903084828
43.742574257425744,49.96881711196894
43.76237623762377,50.10309051694088
43.78217821782178,50.21874040570899
43.801980198019805,50.31495919721357
43.82178217821782,50.391009417790215
43.84158415841584,50.446222538322836
43.86138613861386,50.47999781967676
43.881188118811885,50.4918011826336
43.9009900990099,50.481164115753494
43.92079207920792,50.44768263225599
43.940594059405946,50.39101628508827
43.96039603960396,50.310887247793005
43.98019801980198,50.207079467553335
44.0,50.079437895838055
44.01980198019802,49.92786780136022
44.03960396039604,49.7523341695606
44.05940594059406,49.55286119250592
44.07920792079208,49.329531852918684
44.0990099009901,49.082487606007845
44.11881188118812,48.81192816281969
44.13861386138614,48.518111378954
44.15841584158416,48.20135325266637
44.178217821782184,47.862028036577655
44.198019801980195,47.500568467409266
44.21782178217822,47.117466118324515
44.237623762376245,46.71327187854727
44.257425742574256,46.28859656490455
44.27722772277228,45.844111669746724
44.2970297029703,45.38055024927556
44.31683168316832,44.89870795557665
44.336633663366335,44.39944421451571
44.35643564356436,43.88368355000196
44.37623762376238,43.35241705280731
44.396039603960396,42.80670398899115
44.415841584158414,42.24767353881778
44.43564356435643,41.676526651635584
44.45544554455446,41.09453799524315
44.475247524752476,40.50305796949405
44.495049504950494,39.90351474295035
44.51485148514852,39.2974162579243
44.53465346534653,38.68635213288253
44.554455445544555,38.07199537158122
44.57425742574257,37.45610376517678
44.59405940594059,36.8405208467619
44.613861386138616,36.227176227373974
44.633663366336634,35.61808510890465
44.65346534653465,35.0153467333659
44.67326732673267,34.42114149115089
44.693069306930695,33.837726375599374
44.71287128712871,33.26742844070449
44.73267326732673,32.712635897698966
44.75247524752476,32.17578648029429
44.77227722772277,31.65935272438041
44.79207920792079,31.16582385365634
44.81188118811881,30.69768404561955
44.83168316831683,30.257386979190372
44.851485148514854,29.847326739948013
44.87128712871287,29.469805380977387
44.89108910891089,29.126997699703157
44.91089108910891,28.820914078846258
44.93069306930693,28.553362529162026
44.95049504950495,28.32591133156984
44.97029702970297,28.139853870518326
44.990099009900995,27.996177342979752
45.009900990099005,27.895536989040412
45.02970297029703,27.83823730481311
45.04950495049505,27.824221369380957
45.06930693069307,27.853068968885744
45.08910891089109,27.924003676125043
45.10891089108911,28.035908499502437
45.12871287128713,28.18734921088158
45.148514851485146,28.37660405115819
45.16831683168317,28.60169823316877
45.18811881188119,28.860441531421596
45.20792079207921,29.150467263461632
45.22772277227723,29.469271107142927
45.24752475247524,29.81424842873475
45.26732673267327,30.1827290810607
45.28712871287129,30.57200893283908
45.306930693069305,30.979377680287023
45.32673267326733,31.40214274857994
45.34653465346535,31.837649301510027
45.366336633663366,32.283296538081196
45.386138613861384,32.736550566260675
45.40594059405941,33.19495421210304
45.42574257425743,33.656134154522405
45.445544554455445,34.11780578030482
45.46534653465347,34.577776138342365
45.48514851485148,35.03394534335751
45.504950495049506,35.48430674314083
45.524752475247524,35.92694612381544
45.54455445544554,36.36004018794539
45.56435643564357,36.78185450249087
45.584158415841586,37.19074107894485
45.603960396039604,37.585135717118696
45.62376237623762,37.9635552172013
45.64356435643565,38.32459454182568
45.663366336633665,38.666923990685845
45.68316831683168,38.98928643439875
45.70297029702971,39.29049464140338
45.72277227722772,39.569428721325544
45.742574257425744,39.82503370002853
45.76237623762376,40.05631723516125
45.78217821782178,40.26234747609699
45.801980198019805,40.44225106845078
45.82178217821782,40.59521130064461
45.84158415841584,40.720466388058675
45.86138613861386,40.81730788900478
45.881188118811885,40.885079245952085
45.9009900990099,40.92317444501976
45.92079207920792,40.931036786639474
45.940594059405946,40.908157760418725
45.96039603960396,40.85407601754958
45.98019801980198,40.76837643457052
46.0,40.650689262874096
46.01980198019802,40.500689359040145
46.03960396039604,40.31809549185737
46.05940594059406,40.10266972277104
46.07920792079208,39.854216857468266
46.0990099009901,39.57258396739828
46.11881188118812,39.2576599812442
46.13861386138614,38.909375347747385
46.15841584158416,38.52770177287553
46.178217821782184,38.11265203617891
46.198019801980195,37.66427989336668
46.21782178217822,37.1826800747538
46.23762376237624,36.66798839240214
46.257425742574256,36.12038197267175
46.27722772277228,35.540079635723465
46.2970297029703,34.927342449561756
46.31683168316832,34.28247449385585
46.336633663366335,33.60582387854524
46.35643564356436,32.89778407482129
46.37623762376238,32.15879563243438
46.396039603960396,31.389348378726535
46.41584158415842,30.589984223167743
46.43564356435643,29.761300729060533
46.45544554455446,28.903955665132614
46.475247524752476,28.0186728192084
46.495049504950494,27.106249451637485
46.51485148514852,26.167565898795832
46.53465346534654,25.203598023250482
46.554455445544555,24.215433471808083
46.57425742574257,23.20429308312334
46.5940594059406,22.17155934033851
46.613861386138616,21.11881458062111
46.633663366336634,20.04789289251133
46.65346534653466,18.96095147535935
46.67326732673267,17.860570055719986
46.693069306930695,16.749891315053436
46.71287128712871,15.632822065350515
46.73267326732673,14.51432545919175
46.75247524752476,13.400850715988133
46.772277227722775,12.300970723559779
46.79207920792079,11.2263295209274
46.81188118811881,10.193031473971278
46.831683168316836,9.223588985648469
46.851485148514854,8.349350642360173
46.87128712871287,7.612636162329787
46.89108910891089,7.066189750105416
46.91089108910891,6.765640695987786
46.93069306930693,6.75257296066281
46.95049504950495,7.036172251003539
46.97029702970297,7.589582336905364
46.990099009900995,8.364520759447522
47.009900990099005,9.309832237432547
47.02970297029703,10.382135296601078
47.04950495049505,11.54835988413225
47.06930693069307,12.78440388866249
47.08910891089109,14.072888755505096
47.10891089108911,15.40118344260938
47.12871287128713,16.759940768347633
47.148514851485146,18.14208178494702
47.16831683168317,19.5421070438102
47.18811881188118,20.95563111172558
47.20792079207921,22.37906600740452
47.22772277227723,23.809403559489756
47.24752475247524,25.244063826223204
47.26732673267327,26.680788082200372
47.28712871287129,28.117562248215037
47.306930693069305,29.552561397005377
47.32673267326733,30.98410904971036
47.34653465346535,32.41064699179439
47.366336633663366,33.8307126676527
47.386138613861384,35.2429221026901
47.40594059405941,36.645956903934945
47.42574257425743,38.03855430312803
47.445544554455445,39.41949949276078
47.46534653465347,40.78761970676326
47.48514851485148,42.1417796404865
47.504950495049506,43.48087790727671
47.524752475247524,44.80384430343586
47.54455445544554,46.109637707961284
47.56435643564357,47.397244483854884
47.584158415841586,48.665677277951374
47.603960396039604,49.91397413892388
47.62376237623762,51.14119789036405
47.64356435643565,52.34643570902214
47.66336633663366,53.52879886845691
47.68316831683168,54.68742261623494
47.70297029702971,55.8214661589842
47.72277227722772,56.93011273445666
47.742574257425744,58.01256975359342
47.76237623762376,59.06806899864292
47.78217821782178,60.0958668658316
47.801980198019805,61.09524464306042
47.82178217821782,62.06550881469867
47.84158415841584,63.00599138685086
47.86138613861386,63.916050227539436
47.881188118811885,64.79506941712754
47.9009900990099,65.64245960503463
47.92079207920792,66.45765836940778
47.940594059405946,67.24013057692179
47.96039603960396,67.98936874031274
47.98019801980198,68.70489337161743
48.0,69.38625332940552
48.01980198019802,70.03302615856316
48.03960396039604,70.64481842142439
48.05940594059406,71.22126601925464
48.07920792079208,71.7620345032761
48.0990099009901,72.26681937459176
48.11881188118812,72.73534637251547
48.13861386138613,73.16737175095491
48.15841584158416,73.56268254262402
48.178217821782184,73.9210968109829
48.198019801980195,74.24246388992127
48.21782178217822,74.52666461131278
48.23762376237624,74.77361152067915
48.257425742574256,74.98324908131242
48.27722772277228,75.15555386731266
48.2970297029703,75.29053474611032
48.31683168316832,75.3882330511548
48.336633663366335,75.44872274556799
48.35643564356436,75.47211057768243
48.37623762376238,75.4585362295092
48.396039603960396,75.40817245931417
48.41584158415842,75.32122523961989
48.43564356435643,75.19793389209855
48.45544554455446,75.03857122097808
48.475247524752476,74.8434436467512
48.495049504950494,74.6128913421541
48.51485148514852,74.34728837257342
48.53465346534654,74.04704284324245
48.554455445544555,73.71259705580631
48.57425742574257,73.34442767706844
48.5940594059406,72.94304592297958
48.61386138613861,72.50899776119691
48.633663366336634,72.04286413582408
48.65346534653466,71.54526121824271
48.67326732673267,71.01684068826658
48.693069306930695,70.45829005018234
48.71287128712871,69.87033298859403
48.73267326732673,69.25372976935112
48.75247524752476,68.60927769121555
48.772277227722775,67.93781159430156
48.79207920792079,67.24020443170032
48.81188118811881,66.51736791106617
48.831683168316836,65.77025321328374
48.851485148514854,64.99985179563429
48.87128712871287,64.20719628711718
48.8910891089109,63.39336148372557
48.91089108910891,62.55946545149227
48.93069306930693,61.70667074496073
48.95049504950495,60.83618574834238
48.97029702970297,59.94926614591845
48.990099009900995,59.04721652714142
49.00990099009901,58.131392130275245
49.02970297029703,57.20320072614373
49.04950495049505,56.264104640466
49.069306930693074,55.31562290914358
49.089108910891085,54.35933355548198
49.10891089108911,53.39687597140244
49.128712871287135,52.42995337589472
49.148514851485146,51.46033531291885
49.16831683168317,50.48986013727308
49.18811881188119,49.52043742018479
49.20792079207921,48.554050186127
49.22772277227723,47.59275686822752
49.24752475247525,46.638692841339164
49.26732673267327,45.69407135926624
49.28712871287129,44.761183685988165
49.30693069306931,43.842398170611595
49.32673267326733,42.940157973479515
49.34653465346535,42.05697710847076
49.36633663366337,41.19543442721548
49.386138613861384,40.35816513921195
49.40594059405941,39.54784944359051
49.42574257425743,38.7671978509435
49.445544554455445,38.01893280589697
49.46534653465347,37.30576629230032
49.48514851485148,36.630373222072116
49.504950495049506,35.99536058296381
49.524752475247524,35.4032325528896
49.54455445544554,34.8563520757061
49.56435643564356,34.356899723332496
49.584158415841586,33.9068310193717
49.603960396039604,33.5078337367885
49.62376237623762,33.161286964967374
49.64356435643565,32.86822392393408
49.66336633663366,32.629300543262374
49.68316831683168,32.44477168971187
49.70297029702971,32.31447661067621
49.72277227722772,32.23783467559219
49.742574257425744,32.21385188674549
49.76237623762376,32.24113795829407
49.78217821782178,32.317933103284595
49.801980198019805,32.44214309691536
49.82178217821782,32.61138075988932
49.84158415841584,32.8230117641632
49.86138613861386,33.07420261270918
49.881188118811885,33.36196876716541
49.900990099009896,33.683221155264356
49.92079207920792,34.034809636212785
49.940594059405946,34.41356238801498
49.96039603960396,34.81632056329392
49.98019801980198,35.239967907033474
50.0,35.68145532031034
50.01980198019802,36.13782057915387
50.039603960396036,36.60620357684447
50.05940594059406,37.08385755720401
50.07920792079208,37.56815685533632
50.0990099009901,38.056601671838656
50.11881188118812,38.546820387522295
50.13861386138613,39.03656988776504
50.15841584158416,39.52373431669194
50.178217821782184,40.006322627570825
50.198019801980195,40.48246524155135
50.21782178217822,40.95041007515582
50.23762376237624,41.40851814957382
50.257425742574256,41.855258952764416
50.27722772277228,42.289205688945906
50.2970297029703,42.70903051914591
50.31683168316832,43.11349987072586
50.336633663366335,43.50146987266816
50.35643564356436,43.87188195634961
50.37623762376237,44.2237586479409
50.396039603960396,44.55619956792087
50.41584158415842,44.86837764497733
50.43564356435643,45.15953554534015
50.45544554455446,45.42898231397868
50.475247524752476,45.67609022076938
50.495049504950494,45.90029180243223
50.51485148514851,46.10107708952259
50.53465346534654,46.27799100686778
50.554455445544555,46.43063093540799
50.57425742574257,46.558644423321205
50.5940594059406,46.661727034489836
50.61386138613861,46.73962032272803
50.633663366336634,46.792109920677454
50.65346534653466,46.81902373285125
50.67326732673267,46.82023022292734
50.693069306930695,46.79563678603816
50.71287128712871,46.74518819745627
50.73267326732673,46.66886512971922
50.75247524752476,46.56668273086511
50.772277227722775,46.438689257054016
50.79207920792079,46.28496475342754
50.81188118811881,46.10561977760666
50.831683168316836,45.900794160744624
50.85148514851485,45.67065580154011
50.87128712871287,45.41539948907418
50.8910891089109,45.13524575076601
50.91089108910891,44.83043972214918
50.93069306930693,44.50125003555385
50.95049504950495,44.14796772514416
50.97029702970297,43.770905146106045
50.99009900990099,43.370394906113866
51.00990099009901,42.94678880752492
51.02970297029703,42.50045679906619
51.04950495049505,42.03178593608739
51.069306930693074,41.541179348767145
51.089108910891085,41.02905521797583
51.10891089108911,40.49584575882707
51.128712871287135,39.9419962122955
51.148514851485146,39.36796384564836
51.16831683168317,38.77421696284245
51.18811881188119,38.161233926484336
51.20792079207921,37.52950219345676
51.22772277227723,36.87951736689044
51.24752475247525,36.21178226783002
51.26732673267327,35.526806030730526
51.28712871287129,34.825103227857866
51.30693069306931,34.10719302879534
51.32673267326732,33.373598402631195
51.34653465346535,32.62484537208791
51.36633663366337,31.861462330945898
51.386138613861384,31.083979438729727
51.40594059405941,30.292928109927505
51.42574257425743,29.48884061921791
51.445544554455445,28.67224984957793
51.46534653465346,27.843689217137495
51.48514851485149,27.003692815787044
51.504950495049506,26.152795836598337
51.524752475247524,25.291535333167833
51.54455445544555,24.42045142556882
51.56435643564356,23.540089064905935
51.584158415841586,22.65100052070182
51.60396039603961,21.753748809212958
51.62376237623762,20.84891235927249
51.64356435643565,19.937091323962655
51.663366336633665,19.018916107512485
51.68316831683168,18.095058912459614
51.70297029702971,17.16624946204336
51.722772277227726,16.233296580816337
51.742574257425744,15.297118126793437
51.76237623762376,14.358783034331326
51.78217821782179,13.419571241294992
51.8019801980198,12.48106054042375
51.82178217821782,11.545254790348151
51.84158415841585,10.61477698655708
51.86138613861386,9.693166118734624
51.881188118811885,8.785343086793807
51.9009900990099,7.8983551830610255
51.92079207920792,7.042578072022417
51.94059405940594,6.233640966606044
51.96039603960396,5.495354014411179
51.98019801980198,4.863460877798669
52.0,4.388008317518825
52.01980198019802,4.127525672567128
52.039603960396036,4.127060079178873
52.05940594059406,4.390615541972964
52.07920792079208,4.879175804973431
52.0990099009901,5.536739899226202
52.11881188118812,6.313675223443859
52.13861386138613,7.1740136325431525
52.15841584158416,8.093715475749628
52.178217821782184,9.057069001711648
52.198019801980195,10.05376128229306
52.21782178217822,11.076922466643662
52.23762376237624,12.121896585033376
52.257425742574256,13.185477700887938
52.277227722772274,14.265430860730307
52.2970297029703,15.360186213473023
52.31683168316832,16.468639468225284
52.336633663366335,17.59001876341848
52.35643564356436,18.723793832424935
52.37623762376237,19.869612658011388
52.396039603960396,21.027256350760652
52.415841584158414,22.196606341886344
52.43564356435643,23.377620049229733
52.45544554455446,24.5703124742295
52.475247524752476,25.77474201855317
52.495049504950494,26.99099935001139
52.51485148514851,28.219198505480215
52.53465346534654,29.45946965939581
52.554455445544555,30.711953150766202
52.57425742574257,31.976794475391433
52.5940594059406,33.25414002970118
52.61386138613861,34.54413344914383
52.633663366336634,35.84691242457281
52.65346534653466,37.16260590939358
52.67326732673267,38.49133165163519
52.693069306930695,39.83319400085313
52.71287128712871,41.18828195142616
52.73267326732673,42.55666739249107
52.75247524752475,43.93840354125171
52.772277227722775,45.333523541274225
52.79207920792079,46.74203921104881
52.81188118811881,48.16393993086504
52.831683168316836,49.599191658134245
52.85148514851485,51.04773606286746
52.87128712871287,52.50948977620433
52.89108910891089,53.98434374578392
52.91089108910891,55.472162692420255
52.93069306930693,56.97278466305639
52.95049504950495,58.48602067535014
52.97029702970297,60.011654449539776
52.99009900990099,61.549442223458485
53.00990099009901,63.09911264674383
53.02970297029703,64.66036675042707
53.04950495049505,66.23287798820556
53.069306930693074,67.81629234580227
53.089108910891085,69.41022851490922
53.10891089108911,71.01427812829873
53.128712871287135,72.6280060527718
53.148514851485146,74.25095073669885
53.16831683168317,75.88262460899489
53.18811881188119,77.52251452646092
53.20792079207921,79.1700822665151
53.227722772277225,80.82476506243202
53.24752475247525,82.48597617830485
53.26732673267327,84.15310552104388
53.28712871287129,85.82552028682477
53.30693069306931,87.50256563950012
53.32673267326732,89.18356541858957
53.34653465346535,90.86782287456245
53.366336633663366,92.55462142922734
53.386138613861384,94.24322545914043
53.40594059405941,95.93288110003911
53.42574257425743,97.62281707040226
53.445544554455445,99.31224551232734
53.46534653465346,101.00036284800274
53.48514851485149,102.68635065013774
53.504950495049506,104.36937652479281
53.524752475247524,106.04859500512958
53.54455445544555,107.72314845467395
53.56435643564356,109.39216797875407
53.584158415841586,111.05477434284158
53.60396039603961,112.7100788965863
53.62376237623762,114.35718450239236
53.64356435643565,115.99518646743957
53.663366336633665,117.62317347810423
53.68316831683168,119.2402285357829
53.7029702970297,120.84542989316596
53.722772277227726,122.43785199005168
53.742574257425744,124.01656638782873
53.76237623762376,125.58064270179307
53.78217821782179,127.12914953049818
53.8019801980198,128.66115538136907
53.82178217821782,130.17572959184116
53.84158415841584,131.67194324531096
53.86138613861386,133.148870081212
53.881188118811885,134.60558739855367
53.9009900990099,136.04117695228203
53.92079207920792,137.45472584184373
53.94059405940594,138.84532739135304
53.960396039603964,140.2120820207822
53.98019801980198,141.55409810760997
54.0,142.8704928383851
54.019801980198025,144.16039304967163
54.039603960396036,145.42293605786358
54.05940594059406,146.6572704773686
54.079207920792086,147.86255702667543
54.0990099009901,149.0379693218344
54.11881188118812,150.18269465689417
54.13861386138614,151.29593477085066
54.15841584158416,152.37690660067932
54.17821782178218,153.42484302003365
54.1980198019802,154.43899356320748
54.21782178217822,155.41862513397126
54.23762376237624,156.36302269890749
54.25742574257426,157.2714899648817
54.277227722772274,158.1433500403031
54.2970297029703,158.977946079838
54.31683168316832,159.77464191225957
54.336633663366335,160.53282265112603
54.35643564356436,161.2518952879992
54.37623762376238,161.93128926792815
54.396039603960396,162.5704570469388
54.415841584158414,163.16887463128666
54.43564356435644,163.72604209824624
54.45544554455446,164.24148409822845
54.475247524752476,164.71475033803264
54.4950495049505,165.14541604506044
54.51485148514851,165.53308241233538
54.53465346534654,165.8773770241911
54.554455445544555,166.17795426251243
54.57425742574257,166.43449569343076
54.5940594059406,166.64671043439898
54.61386138613861,166.81433550159053
54.633663366336634,166.93713613758942
54.65346534653465,167.01490611936308
54.67326732673267,167.04746804652981
54.693069306930695,167.03467360996007
54.71287128712871,166.9764038407745
54.73267326732673,166.87256933982783
54.75247524752475,166.72311048779537
54.772277227722775,166.52799763600535
54.79207920792079,166.28723127819177
54.81188118811881,166.00084220336927
54.831683168316836,165.6688916300661
54.85148514851485,165.29147132218137
54.87128712871287,164.86870368676807
54.89108910891089,164.4007418540778
54.91089108910891,163.88776974024069
54.93069306930693,163.33000209299215
54.95049504950495,162.72768452089844
54.97029702970297,162.08109350657517
54.99009900990099,161.3905364044374
55.00990099009901,160.65635142356695
55.02970297029703,159.87890759632936
55.04950495049505,159.05860473342773
55.069306930693074,158.19587336613216
55.089108910891085,157.29117467648123
55.10891089108911,156.34500041631415
55.12871287128713,155.35787281605374
55.148514851485146,154.33034448423012
55.16831683168317,153.26299829880443
55.18811881188119,152.15644729143096
55.20792079207921,151.01133452587237
55.227722772277225,149.82833297187278
55.24752475247525,148.60814537588018
55.26732673267327,147.3515041301081
55.28712871287129,146.05917114152845
55.30693069306931,144.73193770249347
55.32673267326732,143.3706243648036
55.34653465346535,141.9760808191547
55.366336633663366,140.54918578203046
55.386138613861384,139.09084689223914
55.40594059405941,137.60200061943698
55.42574257425743,136.08361218713065
55.445544554455445,134.53667551280705
55.46534653465346,132.96221316800265
55.48514851485149,131.3612763612915
55.504950495049506,129.7349449473457
55.524752475247524,128.08432746539745
55.54455445544555,126.41056121060763
55.56435643564356,124.71481234202275
55.584158415841586,122.99827603096904
55.603960396039604,121.26217665389262
55.62376237623762,119.5077680337956
55.64356435643565,117.73633373453494
55.663366336633665,115.9491874123349
55.68316831683168,114.14767322889863
55.7029702970297,112.33316633047882
55.722772277227726,110.5070733971597
55.742574257425744,108.6708332663908
55.76237623762376,106.82591763446715
55.78217821782179,104.97383183913763
55.8019801980198,103.11611572579872
55.82178217821782,101.25434459874495
55.84158415841584,99.39013025764133
55.86138613861386,97.5251221176765
55.881188118811885,95.6610084096752
55.9009900990099,93.79951745367931
55.92079207920792,91.94241899604405
55.94059405940594,90.09152559579991
55.960396039603964,88.24869404074776
55.98019801980198,86.41582676732452
56.0,84.59487325050596
56.019801980198025,82.78783132071703
56.039603960396036,80.99674835369942
56.05940594059406,79.22372226635525
56.07920792079208,77.47090223659303
56.0990099009901,75.74048904804012
56.11881188118812,74.03473494114932
56.13861386138614,72.35594283083859
56.15841584158416,70.70646472768604
56.17821782178218,69.08869917544922
56.1980198019802,67.50508749323433
56.21782178217822,65.95810858739651
56.23762376237624,64.45027207814609
56.25742574257426,62.98410947140986
56.277227722772274,61.56216310097953
56.2970297029703,60.186972573236766
56.31683168316832,58.86105847119079
56.336633663366335,57.586903120899336
56.35643564356436,56.36692829613817
56.37623762376238,55.20346984023415
56.396039603960396,54.09874931948561
56.415841584158414,53.05484299015601
56.43564356435644,52.07364855659989
56.45544554455446,51.15685041304506
56.475247524752476,50.305884282193645
56.4950495049505,49.5219023714218
56.51485148514851,48.8057403393576
56.53465346534654,48.15788747763579
56.554455445544555,47.57846154173006
56.57425742574257,47.067189593240144
56.5940594059406,46.62339603526857
56.613861386138616,46.24599873608195
56.633663366336634,45.93351376112384
56.65346534653465,45.684068799179414
56.67326732673268,45.495424913846335
56.693069306930695,45.36500581912906
56.71287128712871,45.28993350835567
56.73267326732674,45.267068790975216
56.75247524752475,45.29305513193734
56.772277227722775,45.364364148676025
56.79207920792079,45.47734119282169
56.81188118811881,45.62824960823083
56.831683168316836,45.8133124874333
56.851485148514854,46.028751016408904
56.87128712871287,46.270818775524326
56.89108910891089,46.53583162974705
56.910891089108915,46.82019307721864
56.93069306930693,47.12041512166928
56.95049504950495,47.433134886627
56.97029702970298,47.75512729831019
56.99009900990099,48.08331423326461
57.00990099009901,48.414770562022824
57.02970297029702,48.74672752803337
57.04950495049505,49.07657388855696
57.069306930693074,49.401855217333576
57.089108910891085,49.72027173288162
57.10891089108911,50.02967497557531
57.12871287128713,50.328063614433205
57.148514851485146,50.613578623198094
57.16831683168317,50.88449802638637
57.18811881188119,51.139231380494586
57.20792079207921,51.376314123964164
57.227722772277225,51.59440190196157
57.24752475247525,51.79226494843562
57.26732673267327,51.968782588015216
57.28712871287129,52.12293790377098
57.30693069306931,52.25381260330593
57.32673267326732,52.36058210467574
57.34653465346535,52.442510854897044
57.366336633663366,52.49894788693576
57.386138613861384,52.529322615770106
57.40594059405941,52.53314087011349
57.42574257425743,52.509981153432406
57.445544554455445,52.45949112579337
57.46534653465346,52.38138429665637
57.48514851485149,52.275436917853526
57.5049504950495,52.14148506553704
57.524752475247524,51.97942189975121
57.54455445544555,51.789195090403524
57.56435643564356,51.570804398716525
57.584158415841586,51.32429940368598
57.603960396039604,51.04977736361257
57.62376237623762,50.74738120338514
57.64356435643565,50.417297618848366
57.663366336633665,50.059755290272676
57.68316831683168,49.67502319764345
57.7029702970297,49.26340903119664
57.722772277227726,48.82525769133885
57.742574257425744,48.36094987280492
57.76237623762376,47.87090072862145
57.78217821782179,47.35555861016533
57.8019801980198,46.81540388033638
57.82178217821782,46.25094779760858
57.84158415841584,45.662731469493394
57.86138613861386,45.05132487475365
57.881188118811885,44.41732595455596
57.9009900990099,43.76135977366523
57.92079207920792,43.08407775377784
57.94059405940594,42.38615698218978
57.960396039603964,41.66829960022332
57.980198019801975,40.93123227722734
58.0,40.17570577755901
58.019801980198025,39.40249462979759
58.039603960396036,38.612396909591006
58.05940594059406,37.806234150067446
58.07920792079208,36.98485139674238
58.0990099009901,36.14911742742664
58.11881188118812,35.299925161928854
58.13861386138614,34.4381922915095
58.15841584158416,33.56486216429519
58.17821782178218,32.6809049704539
58.1980198019802,31.787319280187997
58.21782178217822,30.885133998917045
58.23762376237624,29.97541081788989
58.25742574257426,29.059247255492572
58.277227722772274,28.1377804054509
58.2970297029703,27.21219153386679
58.31683168316832,26.28371169865773
58.336633663366335,25.35362860374709
58.35643564356436,24.423294947691446
58.37623762376238,23.494138583802933
58.396039603960396,22.567674877565164
58.415841584158414,21.645521728035508
58.43564356435644,20.72941781243888
58.45544554455445,19.82124471403358
58.475247524752476,18.9230536941469
58.4950495049505,18.037097952278597
58.51485148514851,17.165871249367758
58.53465346534654,16.31215368749115
58.554455445544555,15.479065139243792
58.57425742574257,14.670126129248485
58.5940594059406,13.889324620050997
58.613861386138616,13.14118475652989
58.633663366336634,12.430829677478343
58.65346534653465,11.764024506752294
58.67326732673268,11.147177405385804
58.693069306930695,10.587266936561848
58.71287128712871,10.091655974814513
58.73267326732674,9.667752372519802
58.75247524752475,9.322494182729914
58.772277227722775,9.0616810188904
58.79207920792079,8.889240754876907
58.81188118811881,8.806588093696815
58.831683168316836,8.812255267882875
58.851485148514854,8.90192066235682
58.87128712871287,9.068839680451866
58.89108910891089,9.304555307592134
58.910891089108915,9.599700746792369
58.930693069306926,9.944724463396915
58.95049504950495,10.33043824068137
58.97029702970298,10.7483641997278
58.99009900990099,11.190907321724472
59.00990099009901,11.651400721418318
59.02970297029703,12.124070745710265
59.04950495049505,12.603959129331518
59.069306930693074,13.08682768957989
59.08910891089109,13.56906108599251
59.10891089108911,14.047576021535155
59.12871287128713,14.519740658359781
59.14851485148515,14.98330531115445
59.16831683168317,15.436344029652444
59.18811881188119,15.87720600297997
59.207920792079214,16.304475482316143
59.227722772277225,16.71693891740102
59.24752475247525,17.113558113747747
59.26732673267327,17.493448371860772
59.28712871287129,17.855860730804704
59.30693069306931,18.20016758846285
59.32673267326733,18.52585110259787
59.34653465346535,18.832493888720137
59.366336633663366,19.11977162380653
59.38613861386139,19.387447241247454
59.4059405940594,19.635366464496084
59.42574257425743,19.863454477115802
59.44554455445545,20.0717135673709
59.46534653465346,20.260221617945678
59.48514851485149,20.429131337251107
59.504950495049506,20.578670149228905
59.524752475247524,20.70914067446641
59.54455445544555,20.820921747439982
59.56435643564357,20.91446992326263
59.584158415841586,20.99032143269927
59.603960396039604,21.049094546560102
59.62376237623762,21.091492309883527
59.64356435643565,21.11830560245343
59.663366336633665,21.13041647494045
59.68316831683168,21.128801699015366
59.7029702970297,21.1145364548065
59.722772277227726,21.088798059710467
59.74257425742574,21.052869618517988
59.76237623762376,21.008143445924766
59.78217821782179,20.95612407885989
59.8019801980198,20.89843065817908
59.82178217821782,20.836798418227044
59.84158415841584,20.77307898045872
59.86138613861386,20.709239106630886
59.88118811881188,20.647357532158875
59.9009900990099,20.58961947654312
59.92079207920792,20.538308422071967
59.94059405940594,20.49579477209093
59.960396039603964,20.4645210541674
59.980198019801975,20.44698342897911
60.0,20.44570940803974
60.01980198019802,20.46323187373963
60.03960396039604,20.50205972893608
60.05940594059406,20.56464576818638
60.07920792079207,20.653352638082456
60.099009900990104,20.770418011905434
60.11881188118812,20.91792031104381
60.13861386138613,21.09774642919722
60.158415841584166,21.311562927974457
60.17821782178218,21.56079205861681
60.198019801980195,21.846593725311713
60.21782178217822,22.169854160292196
60.23762376237624,22.531181665330983
60.257425742574256,22.93090933468386
60.27722772277228,23.369104260019096
60.2970297029703,23.84558237161419
60.31683168316831,24.35992782275675
60.33663366336634,24.911515690219804
60.35643564356435,25.499536740865487
60.37623762376237,26.12302308739597
60.3960396039604,26.780873700923237
60.415841584158414,27.471878936947473
60.43564356435643,28.194743438343085
60.45544554455446,28.948106982303514
60.475247524752476,29.73056302217023
60.495049504950494,30.540674830172733
60.51485148514852,31.376989269326067
60.53465346534654,32.23804831227496
60.55445544554455,33.12239848477425
60.57425742574258,34.02859844635256
60.5940594059406,34.95522493568975
60.61386138613861,35.90087730839188
60.63366336633664,36.86418088466193
60.65346534653465,37.843789307585844
60.67326732673267,38.83838609232253
60.693069306930695,39.84668552459938
60.71287128712871,40.86743304511611
60.73267326732673,41.89940523576787
60.75247524752476,42.94140950462241
60.772277227722775,43.99228354963427
60.792079207920786,45.050894666246
60.81188118811882,46.11613895126794
60.83168316831683,47.18694044460973
60.85148514851485,48.26225024137802
60.87128712871288,49.34104559935372
60.89108910891089,50.42232906071347
60.91089108910891,51.50512760186985
60.93069306930693,52.58849182129219
60.95049504950495,53.67149517197576
60.97029702970297,54.75323324270987
60.990099009900995,55.8328230903344
61.00990099009901,56.90940262366628
61.02970297029702,57.9821300386373
61.049504950495056,59.050183303336595
61.069306930693074,60.11275969104088
61.089108910891085,61.169075358888286
61.10891089108912,62.21836496957224
61.12871287128713,63.259881353264845
61.148514851485146,64.2928952069
61.16831683168317,65.31669482793319
61.18811881188119,66.33058587973159
61.20792079207921,67.33389118582076
61.22772277227723,68.32595055031346
61.24752475247525,69.30612060196117
61.26732673267326,70.27377465939844
61.287128712871294,71.22830261528273
61.306930693069305,72.16911083716984
61.32673267326732,73.09562208310207
61.346534653465355,74.00727543001985
61.366336633663366,74.90352621323945
61.386138613861384,75.78384597536503
61.40594059405941,76.64772242312418
61.42574257425743,77.49465939073133
61.445544554455445,78.32417680849225
61.46534653465347,79.1358106754663
61.48514851485149,79.92911303509938
61.5049504950495,80.70365195283263
61.52475247524753,81.45901149477692
61.54455445544555,82.1947917066233
61.56435643564356,82.91060859203529
61.58415841584159,83.606094089838
61.603960396039604,84.28089604938612
61.62376237623762,84.93467820355272
61.64356435643565,85.5671201388394
61.663366336633665,86.1779172621611
61.68316831683168,86.76678076390975
61.70297029702971,87.3334375769471
61.722772277227726,87.87763033122219
61.74257425742574,88.39911730374841
61.76237623762377,88.89767236371529
61.78217821782178,89.37308491254589
61.8019801980198,89.82515981874343
61.82178217821783,90.25371734740501
61.84158415841584,90.65859308430814
61.86138613861386,91.03963785450544
61.881188118811885,91.39671763538854
61.9009900990099,91.7297134642086
61.92079207920792,92.03852134006308
61.940594059405946,92.32305212038159
61.960396039603964,92.58323141196533
61.980198019801975,92.81899945665364
62.00000000000001,93.03031101171058
62.019801980198025,93.21713522504344
62.039603960396036,93.37945550538049
62.05940594059407,93.51726938755348
62.07920792079208,93.6305883930441
62.0990099009901,93.7194378859705
62.11881188118812,93.78385692470175
62.13861386138614,93.82389810930424
62.15841584158416,93.8396274250344
62.178217821782184,93.83112408210694
62.1980198019802,93.7984803519781
62.21782178217821,93.74180140039549
62.237623762376245,93.66120511747772
62.257425742574256,93.55682194509713
62.277227722772274,93.42879470184948
62.297029702970306,93.27727840590518
62.31683168316832,93.1024400960464
62.336633663366335,92.90445865120338
62.35643564356436,92.68352460881445
62.37623762376238,92.43983998234245
62.396039603960396,92.17361807829018
62.41584158415842,91.88508331306743
62.43564356435644,91.5744710300704
62.45544554455445,91.24202731734559
62.47524752475248,90.88800882621786
62.4950495049505,90.51268259127426
62.51485148514851,90.11632585210349
62.534653465346544,89.69922587720272
62.554455445544555,89.2616797904725
62.57425742574257,88.80399440073364
62.5940594059406,88.32648603470902
62.613861386138616,87.82948037392745
62.633663366336634,87.31331229601778
62.65346534653466,86.77832572087557
62.67326732673268,86.22487346219773
62.69306930693069,85.65331708489565
62.71287128712872,85.06402676891301
62.73267326732673,84.45738117998958
62.75247524752475,83.8337673479308
62.77227722772278,83.19358055296046
62.79207920792079,82.53722422075204
62.81188118811881,81.86510982675644
62.831683168316836,81.17765681046215
62.851485148514854,80.47529250024827
62.87128712871287,79.75845204951231
62.8910891089109,79.02757838477882
62.910891089108915,78.28312216651995
62.930693069306926,77.52554176344296
62.95049504950496,76.75530324102623
62.97029702970298,75.97288036511007
62.99009900990099,75.17875462137407
63.00990099009902,74.37341525155612
63.02970297029703,73.55735930729247
63.04950495049505,72.7310917224768
63.069306930693074,71.89512540505541
63.08910891089109,71.04998134918615
63.10891089108911,70.19618876869842
63.128712871287135,69.33428525278822
63.14851485148515,68.46481694487382
63.168316831683164,67.58833874551377
63.188118811881196,66.70541454025164
63.20792079207921,65.8166174531947
63.227722772277225,64.92253012705343
63.24752475247526,64.0237450302611
63.26732673267327,63.120864791648465
63.28712871287129,62.21450256296628
63.30693069306931,61.30528240931291
63.32673267326733,60.39383972723355
63.34653465346535,59.4808216898932
63.36633663366336,58.566887718281926
63.38613861386139,57.65270997686766
63.4059405940594,56.738973891457
63.42574257425742,55.82637868623777
63.44554455445545,54.91563793603831
63.46534653465346,54.007480128726634
63.48514851485148,53.102649231362406
63.504950495049506,52.2019052521821
63.524752475247524,51.30602478871635
63.544554455445535,50.41580155028162
63.56435643564357,49.532046840734495
63.584158415841586,48.65558998470191
63.6039603960396,47.787278677492395
63.62376237623763,46.927979235545465
63.64356435643564,46.078576720595336
63.66336633663366,45.23997490673972
63.68316831683168,44.41309605536233
63.7029702970297,43.59888045844506
63.72277227722772,42.7982857063409
63.742574257425744,42.01228563173814
63.76237623762376,41.2418688775525
63.78217821782178,40.48803703313722
63.801980198019805,39.751802280862016
63.82178217821782,39.034184494222096
63.841584158415834,38.336207729706466
63.86138613861387,37.658896058246285
63.88118811881188,37.00326868878237
63.900990099009896,36.370334346934555
63.92079207920793,35.76108488646796
63.94059405940594,35.17648813065557
63.96039603960396,34.61747996494236
63.98019801980198,34.084955731435414
64.0,33.57976100918684
64.01980198019801,33.102681901030216
64.03960396039605,32.65443498636057
64.05940594059406,32.23565713764711
64.07920792079207,31.846895434072046
64.0990099009901,31.488597435570288
64.11881188118812,31.161102101633734
64.13861386138613,30.86463164862135
64.15841584158416,30.59928463456605
64.17821782178218,30.365030540027377
64.1980198019802,30.161706077014944
64.21782178217822,29.98901340638016
64.23762376237623,29.84652037975972
64.25742574257426,29.733662848866853
64.27722772277228,29.649749007372712
64.29702970297029,29.593965654034083
64.31683168316832,29.56538619531709
64.33663366336634,29.56298014617833
64.35643564356435,29.585623842483713
64.37623762376236,29.632112049986265
64.3960396039604,29.70117014354826
64.41584158415841,29.79146653562673
64.43564356435643,29.90162505296074
64.45544554455446,30.030236992024864
64.47524752475248,30.175872623772516
64.49504950495049,30.33709196299732
64.51485148514851,30.51245466401981
64.53465346534654,30.70052894955252
64.55445544554455,30.899899521309088
64.57425742574257,31.109174437660673
64.5940594059406,31.32699097450807
64.61386138613861,31.55202051018618
64.63366336633663,31.78297249376488
64.65346534653466,32.01859756899848
64.67326732673267,32.25768993406563
64.6930693069307,32.499089020908926
64.7128712871287,32.74168057823387
64.73267326732673,32.98439723984176
64.75247524752476,33.2262186556619
64.77227722772277,33.46617125723322
64.79207920792079,33.70332772298505
64.81188118811882,33.936806201894996
64.83168316831683,34.16576934728285
64.85148514851485,34.389423205869875
64.87128712871288,34.60701600095925
64.89108910891089,34.817836842782775
64.9108910891089,35.021214393773064
64.93069306930694,35.21651551178273
64.95049504950495,35.40314389008259
64.97029702970296,35.58053870930852
64.990099009901,35.74817331336038
65.00990099009901,35.90555391854501
65.02970297029702,36.052218362956836
65.04950495049505,36.187734901159175
65.06930693069307,36.31170104762291
65.08910891089108,36.42374247105664
65.10891089108911,36.523511940684216
65.12871287128714,36.61068832465857
65.14851485148515,36.684975640111226
65.16831683168317,36.74610215380002
65.18811881188118,36.793819531906365
65.20792079207921,36.82790203722889
65.22772277227723,36.848145771802734
65.24752475247524,36.854367962828505
65.26732673267327,36.84640628970823
65.2871287128713,36.82411824994722
65.3069306930693,36.787380561678944
65.32673267326732,36.7360886006011
65.34653465346535,36.67015586916353
65.36633663366337,36.58951349592229
65.38613861386138,36.494109763060145
65.40594059405942,36.38390966017241
65.42574257425743,36.25889446252281
65.44554455445544,36.11906133208701
65.46534653465346,35.96442293981796
65.48514851485149,35.79500710768814
65.5049504950495,35.61085646918698
65.52475247524752,35.412028147077386
65.54455445544555,35.198593447343036
65.56435643564356,34.97063756838913
65.58415841584159,34.72825932469129
65.60396039603961,34.471570884225706
65.62376237623762,34.20069751915346
65.64356435643565,33.91577736938012
65.66336633663366,33.61696121876556
65.68316831683168,33.30441228392186
65.70297029702971,32.97830601571254
65.72277227722772,32.63882991375322
65.74257425742574,32.28618335441983
65.76237623762377,31.920577433094408
65.78217821782178,31.542234821628803
65.8019801980198,31.15138964228542
65.82178217821783,30.748287359728295
65.84158415841584,30.33318469299555
65.86138613861385,29.906349549791937
65.88118811881189,29.468060985910526
65.9009900990099,29.01860919313564
65.92079207920791,28.558295519612155
65.94059405940595,28.087432527404946
65.96039603960396,27.606344092841084
65.98019801980197,27.11536555625119
66.0,26.614843928939006
66.01980198019803,26.105138166649915
66.03960396039604,25.58661952052874
66.05940594059406,25.059671978615455
66.07920792079209,24.524692813400407
66.0990099009901,23.98209325393892
66.11881188118812,23.432299304625243
66.13861386138613,22.875752737088987
66.15841584158416,22.31291228697845
66.17821782178218,21.744255093854242
66.1980198019802,21.170278430303014
66.21782178217822,20.591501776026774
66.23762376237624,20.008469304481952
66.25742574257426,19.421752864131975
66.27722772277227,18.831955554148884
66.2970297029703,18.239716016174945
66.31683168316832,17.645713590382123
66.33663366336633,17.050674516493892
66.35643564356437,16.455379399664356
66.37623762376238,15.86067220808104
66.39603960396039,15.267471124500318
66.41584158415841,14.676781637508139
66.43564356435644,14.089712328422445
66.45544554455445,13.507493881730282
66.47524752475248,12.931501910725274
66.4950495049505,12.363284226240715
66.51485148514851,11.804593150238368
66.53465346534654,11.2574233278311
66.55445544554456,10.724055123343003
66.57425742574257,10.207102946041463
66.5940594059406,9.709566517451199
66.61386138613861,9.234880872921094
66.63366336633663,8.786957468644895
66.65346534653466,8.370203948532438
66.67326732673267,7.989504179627161
66.6930693069307,7.650134401468451
66.71287128712872,7.357588830184454
66.73267326732673,7.117293928275835
66.75247524752476,6.934210532780518
66.77227722772278,6.8123590787426425
66.79207920792079,6.754346982723616
66.8118811881188,6.761007686560899
66.83168316831684,6.831253052653773
66.85148514851485,6.962186464731371
66.87128712871286,7.149445029733169
66.8910891089109,7.387676009628162
66.91089108910892,7.671033820144216
66.93069306930693,7.993608258758352
66.95049504950495,8.349738850468897
66.97029702970298,8.73421033188687
66.99009900990099,9.142348584706648
67.00990099009901,9.57004493513095
67.02970297029704,10.013735265565282
67.04950495049505,10.470354563626083
67.06930693069307,10.937281068345042
67.08910891089108,11.412278771128737
67.10891089108911,11.893443128668393
67.12871287128714,12.37915229245967
67.14851485148515,12.86802461866712
67.16831683168317,13.358882365910617
67.1881188118812,13.850721063266882
67.20792079207921,14.342683860317536
67.22772277227722,14.83404014186556
67.24752475247526,15.324167732585963
67.26732673267327,15.812538090946315
67.28712871287128,16.29870397487226
67.30693069306932,16.782289142290075
67.32673267326733,17.26297972254391
67.34653465346534,17.740516957889007
67.36633663366337,18.214691067732474
67.38613861386139,18.685336032821887
67.4059405940594,19.152325133288134
67.42574257425743,19.615567104520764
67.44554455445545,20.07500279940107
67.46534653465346,20.530602265424104
67.48514851485149,20.982362161543296
67.50495049504951,21.43030345287002
67.52475247524752,21.87446933223052
67.54455445544555,22.314923326491506
67.56435643564356,22.75174755289466
67.58415841584159,23.18504109669223
67.60396039603961,23.614918486399063
67.62376237623762,24.041508247166185
67.64356435643565,24.464951516295503
67.66336633663367,24.88540070788181
67.68316831683168,25.30301821608703
67.70297029702971,25.717975148703342
67.72277227722773,26.130450084512187
67.74257425742574,26.540627849543732
67.76237623762376,26.94869830873012
67.7821782178218,27.354855170654197
67.8019801980198,27.759294804151914
67.82178217821782,28.162215066447505
67.84158415841586,28.56381414330427
67.86138613861387,28.96428940236993
67.88118811881188,29.36383626149299
67.9009900990099,29.76264707429395
67.92079207920793,30.160910035696357
67.94059405940594,30.558808110462035
67.96039603960396,30.956517988036524
67.98019801980199,31.35420906719685
68.0,31.752042474108823
68.01980198019803,32.15017011744619
68.03960396039604,32.54873378420344
68.05940594059406,32.947864279752466
68.07920792079209,33.34768061555196
68.0990099009901,33.74828924772525
68.11881188118812,34.149783369479
68.13861386138615,34.55224226005076
68.15841584158416,34.955730692549935
68.17821782178217,35.360298402704146
68.19801980198021,35.76597962014468
68.21782178217822,36.17279266347006
68.23762376237623,36.58073959991983
68.25742574257427,36.98980597008029
68.27722772277228,37.39996057763466
68.29702970297029,37.81115534376922
68.31683168316832,38.22332522545899
68.33663366336634,38.636388196487665
68.35643564356435,39.05024528970972
68.37623762376238,39.46478069874313
68.3960396039604,39.8798619369906
68.41584158415841,40.29534005163021
68.43564356435644,40.711049889990456
68.45544554455446,41.126810415536816
68.47524752475248,41.5424250705411
68.49504950495049,41.957682182385106
68.51485148514851,42.37235541036389
68.53465346534654,42.78620422980031
68.55445544554455,43.19897445025869
68.57425742574257,43.61039876465082
68.5940594059406,44.02019732605945
68.61386138613861,44.42807834915818
68.63366336633663,44.833738733183104
68.65346534653466,45.23686470350527
68.67326732673267,45.63713246896092
68.6930693069307,46.03420889222012
68.7128712871287,46.42775217060318
68.73267326732673,46.81741252489618
68.75247524752476,47.20283289385901
68.77227722772277,47.58364963226762
68.79207920792079,47.95949321048055
68.81188118811882,48.329988913667954
68.83168316831683,48.69475753898642
68.85148514851484,49.05341608912658
68.87128712871288,49.40557846079764
68.89108910891089,49.75085612684637
68.9108910891089,50.08885881083477
68.93069306930694,50.4191951530205
68.95049504950495,50.74147336679833
68.97029702970296,51.055301884766095
68.99009900990099,51.360289993678336
69.00990099009901,51.656048457641845
69.02970297029702,51.942190128992195
69.04950495049505,52.21833054636751
69.06930693069307,52.48408851956643
69.08910891089108,52.73908670084129
69.10891089108911,52.9829521423355
69.12871287128712,53.21531683942618
69.14851485148515,53.435818259779715
69.16831683168317,53.644099857969344
69.18811881188118,53.83981157554129
69.20792079207921,54.02261032644739
69.22772277227723,54.192160467792526
69.24752475247524,54.348134255868636
69.26732673267327,54.49021228747063
69.2871287128713,54.61808392650753
69.3069306930693,54.73144771594028
69.32673267326732,54.830011775090995
69.34653465346535,54.91349418238275
69.36633663366337,54.981623343579194
69.38613861386138,55.034138345604525
69.40594059405942,55.07078929603246
69.42574257425743,55.09133764834251
69.44554455445544,55.09555651304885
69.46534653465346,55.08323095481515
69.48514851485149,55.054158275676635
69.5049504950495,55.00814828449779
69.52475247524752,54.94502355280283
69.54455445544555,54.864619657123974
69.56435643564356,54.76678540802247
69.58415841584159,54.6513830659471
69.60396039603961,54.51828854410586
69.62376237623762,54.36739159853956
69.64356435643565,54.1985960055997
69.66336633663366,54.011819727048106
69.68316831683168,53.80699506301441
69.70297029702971,53.584068793065825
69.72277227722772,53.34300230566677
69.74257425742574,53.08377171633002
69.76237623762377,52.80636797478977
69.78217821782178,52.510796961557546
69.80198019801979,52.19707957425804
69.82178217821783,51.86525180418169
69.84158415841584,51.51536480353543
69.86138613861385,51.14748494392451
69.88118811881189,50.761693866654994
69.9009900990099,50.35808852551199
69.92079207920791,49.936781222741814
69.94059405940594,49.49789963905012
69.96039603960396,49.04158685852252
69.98019801980197,48.56800138948295
70.0,48.07731718242732
70.01980198019803,47.569723646312276
70.03960396039604,47.04542566463929
70.05940594059406,46.504643612960926
70.07920792079207,45.94761337964941
70.0990099009901,45.37458639201382
70.11881188118812,44.785829650138666
70.13861386138613,44.18162577114606
70.15841584158416,43.56227304696938
70.17821782178218,42.92808551917388
70.1980198019802,42.27939307488435
70.21782178217822,41.616541568492494
70.23762376237624,40.93989297453908
70.25742574257426,40.24982557801444
70.27722772277227,39.54673420932436
70.2970297029703,38.83103053235697
70.31683168316832,38.10314339549688
70.33663366336633,37.36351925711497
70.35643564356437,36.61262269906843
70.37623762376238,35.85093704415149
70.39603960396039,35.07896509632484
70.41584158415841,34.297230026030306
70.43564356435644,33.50627642709809
70.45544554455445,32.70667157684167
70.47524752475248,31.89900693711059
70.4950495049505,31.08389994158856
70.51485148514851,30.261996123793207
70.53465346534654,29.43397165144026
70.55445544554456,28.600536346557462
70.57425742574257,27.762437287554643
70.5940594059406,26.92046311009338
70.61386138613861,26.07544914891228
70.63366336633663,25.228283593777316
70.65346534653466,24.37991487062316
70.67326732673267,23.531360505044344
70.6930693069307,22.683717780934817
70.71287128712872,21.838176573452706
70.73267326732673,20.99603481324379
70.75247524752474,20.158717127352247
70.77227722772278,19.327797298270557
70.79207920792079,18.505025278113123
70.8118811881188,17.69235957336036
70.83168316831684,16.892005845759073
70.85148514851485,16.106462501233292
70.87128712871286,15.338573766870157
70.89108910891089,14.591590133563397
70.91089108910892,13.869234834189367
70.93069306930693,13.175772899123631
70.95049504950495,12.516075856470808
70.97029702970298,11.89566989672954
70.99009900990099,11.320748136614464
71.00990099009901,10.798119152761087
71.02970297029702,10.33505660545136
71.04950495049505,9.939013640221004
71.06930693069307,9.617178637854733
71.08910891089108,9.375883272350338
71.10891089108911,9.219929498404902
71.12871287128714,9.1519621643231
71.14851485148515,9.172044711888537
71.16831683168317,9.277564936689148
71.1881188118812,9.463505665941142
71.20792079207921,9.723003741046256
71.22772277227722,10.048047279121356
71.24752475247526,10.4301553838053
71.26732673267327,10.860932172991234
71.28712871287128,11.332451358044288
71.30693069306932,11.837478561384245
71.32673267326733,12.369565332546516
71.34653465346534,12.923055268585198
71.36633663366337,13.493037559341833
71.38613861386139,14.075274118512715
71.4059405940594,14.666117522003796
71.42574257425743,15.262429960118986
71.44554455445545,15.861508554737473
71.46534653465346,16.46101932405874
71.48514851485149,17.058940289198812
71.50495049504951,17.653513266779036
71.52475247524752,18.243203453929503
71.54455445544555,18.82666576860036
71.56435643564356,19.402716921646583
71.58415841584159,19.97031228603653
71.60396039603961,20.528526746292506
71.62376237623762,21.076538833026248
71.64356435643565,21.613617560958506
71.66336633663367,22.139111489012485
71.68316831683168,22.652439606679366
71.7029702970297,23.15308372251894
71.72277227722773,23.640582089873302
71.74257425742574,24.11452405338975
71.76237623762376,24.57454553949984
71.7821782178218,25.020325246143496
71.8019801980198,25.451581413114276
71.82178217821782,25.868069075566705
71.84158415841584,26.269577720409178
71.86138613861387,26.65592927927103
71.88118811881188,27.02697640310012
71.9009900990099,27.382600972719164
71.92079207920793,27.72271280724605
71.94059405940594,28.04724853848937
71.96039603960396,28.356170624524832
71.98019801980197,28.649466479847984
72.0,28.92714770295341
72.01980198019803,29.189249385041485
72.03960396039604,29.435829485913974
72.05940594059406,29.666968265071826
72.07920792079209,29.882767757647994
72.0990099009901,30.08335128614945
72.11881188118812,30.268863000094463
72.13861386138615,30.439467436551055
72.15841584158416,30.595349095342282
72.17821782178217,30.736712023308606
72.19801980198021,30.863779402530096
72.21782178217822,30.976793137826807
72.23762376237623,31.076013439191968
72.25742574257427,31.161718395080186
72.27722772277228,31.234203532683843
72.29702970297029,31.2937813614934
72.31683168316832,31.340780896561483
72.33663366336634,31.375547157981735
72.35643564356435,31.39844064316096
72.37623762376238,31.409836768511493
72.3960396039604,31.410125277227976
72.41584158415841,31.39970960984437
72.43564356435644,31.379006234300586
72.45544554455446,31.348443932288927
72.47524752475248,31.308463038706943
72.4950495049505,31.259514631121387
72.51485148514851,31.2020596662571
72.53465346534654,31.136568060669624
72.55445544554456,31.063517712953143
72.57425742574257,30.98339346508134
72.5940594059406,30.896686000787074
72.61386138613862,30.803890679266367
72.63366336633663,30.705506302949704
72.65346534653465,30.602033818626527
72.67326732673268,30.49397495184266
72.6930693069307,30.381830775220656
72.7128712871287,30.266100212180405
72.73267326732675,30.14727847846454
72.75247524752476,30.02585546489419
72.77227722772277,29.902314065892952
72.79207920792079,29.77712845950828
72.81188118811882,29.650762345915403
72.83168316831683,29.523667152694617
72.85148514851485,29.396280216499907
72.87128712871288,29.26902295206135
72.89108910891089,29.142299020754812
72.91089108910892,29.016492512189437
72.93069306930693,28.891966153373726
72.95049504950495,28.769059560981457
72.97029702970298,28.648087553008015
72.99009900990099,28.52933853664849
73.00990099009901,28.41307298950241
73.02970297029704,28.299522051186138
73.04950495049505,28.188886242085246
73.06930693069307,28.081334325290367
73.0891089108911,27.97700232672343
73.10891089108911,27.875992727080355
73.12871287128712,27.778373837507385
73.14851485148516,27.68417936891913
73.16831683168317,27.593408202596024
73.18811881188118,27.50602436721745
73.20792079207922,27.421957224852083
73.22772277227723,27.341101865706726
73.24752475247524,27.26331970869498
73.26732673267327,27.18843930220219
73.2871287128713,27.116257316860228
73.3069306930693,27.046539719769466
73.32673267326733,26.97902311747594
73.34653465346535,26.913416253173096
73.36633663366337,26.849401642092214
73.38613861386139,26.78663732789554
73.40594059405942,26.7247587421038
73.42574257425743,26.663380648179334
73.44554455445545,26.602099151832046
73.46534653465346,26.540493759400643
73.48514851485149,26.478129466752115
73.5049504950495,26.414558862007347
73.52475247524752,26.349324226491838
73.54455445544555,26.281959619591888
73.56435643564356,26.211992934616873
73.58415841584159,26.1389479142878
73.6039603960396,26.062346116051344
73.62376237623762,25.981708819014884
73.64356435643565,25.896558865885197
73.66336633663366,25.806422434839252
73.68316831683168,25.71083073774107
73.70297029702971,25.609321642525753
73.72277227722772,25.501441218890655
73.74257425742573,25.386745207657793
73.76237623762377,25.26480041530072
73.78217821782178,25.135186036165557
73.80198019801979,24.997494905868038
73.82178217821783,24.851334690225837
73.84158415841584,24.696329014903213
73.86138613861385,24.532118541718496
73.88118811881188,24.35836199831503
73.9009900990099,24.17473716864328
73.92079207920791,23.98094185247244
73.94059405940594,23.776694802971406
73.96039603960396,23.561736652302038
73.98019801980197,23.335830836190866
74.0,23.098764529626415
74.01980198019803,22.85034960722077
74.03960396039604,22.590423643427545
74.05940594059406,22.318850969795673
74.07920792079207,22.035523808836036
74.0990099009901,21.740363506985876
74.11881188118812,21.433321892689765
74.13861386138613,21.11438278992318
74.15841584158416,20.78356372273811
74.17821782178218,20.440917852831742
74.1980198019802,20.08653619999484
74.21782178217822,19.72055020491553
74.23762376237624,19.343134705603628
74.25742574257426,18.95451141315543
74.27722772277227,18.554952990299842
74.2970297029703,18.1447878578798
74.31683168316832,17.72440588098105
74.33663366336633,17.29426511881219
74.35643564356437,16.8548998617547
74.37623762376238,16.406930226364597
74.39603960396039,15.951073635520551
74.41584158415841,15.48815857694849
74.43564356435644,15.019141108598458
74.45544554455445,14.545124661426271
74.47524752475248,14.067383773018689
74.4950495049505,13.587392456763224
74.51485148514851,13.106857947601004
74.53465346534654,12.627760525756464
74.55445544554455,12.152399935259858
74.57425742574257,11.683448474003047
74.5940594059406,11.224009968297864
74.61386138613861,10.77768231904856
74.63366336633663,10.348618816279005
74.65346534653466,9.94157965492569
74.67326732673267,9.561959898092908
74.69306930693068,9.215773883619706
74.71287128712872,8.909570193792616
74.73267326732673,8.650248964822218
74.75247524752474,8.444759513932203
74.77227722772278,8.299676374041004
74.79207920792079,8.220687435033932
74.8118811881188,8.212071113245107
74.83168316831683,8.276270829449889
74.85148514851485,8.413671607263002
74.87128712871286,8.6226363184817
74.89108910891089,8.899785405247624
74.91089108910892,9.240439224469524
74.93069306930693,9.639115055660472
74.95049504950495,10.089984890290783
74.97029702970298,10.587237696114004
74.99009900990099,11.125328914262699
75.00990099009901,11.699127164549406
75.02970297029702,12.303980939427019
75.04950495049505,12.935730146680571
75.06930693069307,13.59068375788141
75.08910891089108,14.265579369095759
75.10891089108911,14.957535299603892
75.12871287128714,15.66400176749654
75.14851485148515,16.382714792847537
75.16831683168317,17.11165459360514
75.1881188118812,17.849009089472734
75.20792079207921,18.593142476541807
75.22772277227722,19.342568499440397
75.24752475247526,20.095927902863586
75.26732673267327,20.85196950866186
75.28712871287128,21.60953438708995
75.30693069306932,22.36754264076434
75.32673267326733,23.124982379787713
75.34653465346534,23.880900526838076
75.36633663366337,24.63439514702649
75.38613861386139,25.384609046989603
75.4059405940594,26.1307244305004
75.42574257425743,26.87195843413939
75.44554455445545,27.607559396910872
75.46534653465346,28.33680374288675
75.48514851485149,29.058993376780904
75.5049504950495,29.773453509511704
75.52475247524752,30.479530844921666
75.54455445544555,31.176592070426636
75.56435643564356,31.864022603911007
75.58415841584159,32.54122555704286
75.60396039603961,33.20762088166103
75.62376237623762,33.86264467123552
75.64356435643563,34.50574859382957
75.66336633663367,35.13639943666266
75.68316831683168,35.75407874542487
75.7029702970297,36.35828254403613
75.72277227722773,36.94852112266658
75.74257425742574,37.52431888361446
75.76237623762376,38.085214236130206
75.78217821782178,38.630759532534114
75.8019801980198,39.16052103903581
75.82178217821782,39.67407893556291
75.84158415841584,40.17102733966943
75.86138613861387,40.65097435024316
75.88118811881188,41.11354210728631
75.9009900990099,41.55836686451824
75.92079207920793,41.985099071955744
75.94059405940594,42.393403465978054
75.96039603960396,42.782959164685955
75.98019801980197,43.1534597666273
76.0,43.50461345118869
76.01980198019803,43.836143079152016
76.03960396039604,44.14778629208869
76.05940594059406,44.43929560941628
76.07920792079209,44.71043852207728
76.0990099009901,44.960997581917994
76.11881188118812,45.19077048595162
76.13861386138615,45.399570154782836
76.15841584158416,45.5872248045563
76.17821782178217,45.753578011866345
76.19801980198021,45.89848877113446
76.21782178217822,46.02183154402298
76.23762376237623,46.12349630051027
76.25742574257427,46.203388551306
76.27722772277228,46.26142937133227
76.29702970297029,46.29755541404314
76.31683168316832,46.31171891639681
76.33663366336634,46.30388769433533
76.35643564356435,46.2740451286656
76.37623762376238,46.22219014127216
76.3960396039604,46.14833716162928
76.41584158415841,46.052516083614755
76.43564356435644,45.93477221266392
76.45544554455445,45.795166203337594
76.47524752475248,45.6337739874141
76.4950495049505,45.45068669265248
76.51485148514851,45.24601055241223
76.53465346534654,45.01986680635563
76.55445544554456,44.77239159250121
76.57425742574257,44.503735830941885
76.59405940594058,44.21406509959184
76.61386138613862,43.90355950237833
76.63366336633663,43.5724135303545
76.65346534653465,43.22083591627428
76.67326732673268,42.84904948324278
76.6930693069307,42.45729098813817
76.7128712871287,42.04581096059283
76.73267326732673,41.61487353842752
76.75247524752476,41.164756300552746
76.77227722772277,40.69575009849025
76.79207920792079,40.2081588878292
76.81188118811882,39.70229956111762
76.83168316831683,39.17850178390973
76.85148514851485,38.63710783594559
76.87128712871288,38.07847245974303
76.89108910891089,37.5029627192409
76.91089108910892,36.91095787155911
76.93069306930693,36.30284925545197
76.95049504950495,35.679040200642994
76.97029702970298,35.03994596296741
76.99009900990099,34.3859936911415
77.00990099009901,33.71762243206343
77.02970297029704,33.0352831828752
77.04950495049505,32.339438999641324
77.06930693069307,31.630565174502973
77.0891089108911,30.909149495646933
77.10891089108911,30.1756926075159
77.12871287128712,29.43070849254829
77.14851485148516,28.674725100592042
77.16831683168317,27.908285158277128
77.18811881188118,27.131947198440947
77.20792079207922,26.346286859690753
77.22772277227723,25.55189851904604
77.24752475247524,24.749397337260454
77.26732673267327,23.93942181814163
77.2871287128713,23.122637011700466
77.3069306930693,22.299738528655514
77.32673267326733,21.471457584011517
77.34653465346535,20.638567354757594
77.36633663366337,19.80189102771157
77.38613861386139,18.96231203739595
77.4059405940594,18.120787163680507
77.42574257425743,17.27836339345529
77.44554455445545,16.436199776474833
77.46534653465346,15.595595960644314
77.48514851485149,14.758029729757224
77.50495049504951,13.925206760515174
77.52475247524752,13.0991270624267
77.54455445544554,12.282174280222442
77.56435643564357,11.47723633327537
77.58415841584159,10.687868756665948
77.6039603960396,9.918515283473603
77.62376237623764,9.17480245697769
77.64356435643565,8.463922988816474
77.66336633663366,7.795108045689462
77.68316831683168,7.180144744990538
77.70297029702971,6.6337936028340865
77.72277227722772,6.1737747018613796
77.74257425742574,5.819758802073941
77.76237623762377,5.590759250234696
77.78217821782178,5.500948418116737
77.8019801980198,5.555361308096095
77.82178217821783,5.747989116389637
77.84158415841584,6.063628190255817
77.86138613861387,6.4822116612068745
77.88118811881188,6.983094730739629
77.9009900990099,7.547748836295748
77.92079207920793,8.16080213810541
77.94059405940594,8.810041337225876
77.96039603960396,9.485962895164382
77.98019801980199,10.18122182218902
78.0,10.890130683977043
78.01980198019803,11.608254214452636
78.03960396039605,12.332098634212093
78.05940594059406,13.058879615944049
78.07920792079207,13.786350842292759
78.09900990099011,14.51267762189349
78.11881188118812,15.236343475760505
78.13861386138613,15.95608071278819
78.15841584158417,16.670818465571546
78.17821782178218,17.37964348379674
78.1980198019802,18.08177030449199
78.21782178217822,18.77651836335622
78.23762376237624,19.46329428378474
78.25742574257426,20.14157805892634
78.27722772277228,20.81091218412112
78.2970297029703,21.47089304272049
78.31683168316832,22.12116402586632
78.33663366336634,22.761409996080776
78.35643564356435,23.391352799325933
78.37623762376238,24.010747600247928
78.3960396039604,24.6193798674762
78.41584158415841,25.21706287496683
78.43564356435644,25.803635614933157
78.45544554455446,26.378961040393825
78.47524752475248,26.942924572596343
78.49504950495049,27.495432821860845
78.51485148514853,28.036412480702538
78.53465346534654,28.56580935614706
78.55445544554455,29.083587514483554
78.57425742574259,29.589728516704174
78.5940594059406,30.084230726857
78.61386138613861,30.56710867871944
78.63366336633663,31.03839248875632
78.65346534653466,31.49812730539314
78.67326732673267,31.946372786314967
78.69306930693068,32.38320259687499
78.71287128712872,32.80870392382501
78.73267326732673,33.22297699951494
78.75247524752474,33.626134632485325
78.77227722772278,34.01830174102906
78.79207920792079,34.399614886849506
78.8118811881188,34.77022180641001
78.83168316831683,35.1302809379746
78.85148514851485,35.47996094268704
78.87128712871286,35.81944021834432
78.89108910891089,36.1489064047895
78.91089108910892,36.46855588009571
78.93069306930693,36.77859324693087
78.95049504950495,37.07923080869805
78.97029702970298,37.37068803523342
78.99009900990099,37.653191018020856
79.00990099009901,37.926971915049684
79.02970297029702,38.19226838560159
79.04950495049505,38.44932301540649
79.06930693069307,38.69838273275603
79.08910891089108,38.93969821630586
79.10891089108911,39.173523295439345
79.12871287128714,39.40011434419943
79.14851485148515,39.619729669927516
79.16831683168316,39.83262889787471
79.1881188118812,40.03907235317311
79.20792079207921,40.23932044167016
79.22772277227722,40.43363303123928
79.24752475247526,40.62226883528212
79.26732673267327,40.8054848002309
79.28712871287128,40.98353549894475
79.3069306930693,41.15667253196601
79.32673267326733,41.32514393866601
79.34653465346534,41.48919362035737
79.36633663366337,41.649060777486106
79.38613861386139,41.80497936303618
79.4059405940594,41.95717755428418
79.42574257425743,42.10587724502868
79.44554455445544,42.2512935603904
79.46534653465346,42.393634396230915
79.48514851485149,42.53309998517338
79.5049504950495,42.669882491125286
79.52475247524752,42.804165634102425
79.54455445544555,42.93612434703467
79.56435643564356,43.06592446610005
79.58415841584159,43.19372245598188
79.60396039603961,43.31966517127922
79.62376237623762,43.44388965512223
79.64356435643563,43.56652297585384
79.66336633663367,43.68768210243928
79.68316831683168,43.80747381905739
79.7029702970297,43.92599467911376
79.72277227722773,44.04333099869913
79.74257425742574,44.15955888929712
79.76237623762376,44.27474432932852
79.78217821782178,44.38894327390398
79.8019801980198,44.5022018019485
79.82178217821782,44.61455629965822
79.84158415841584,44.72603367905844
79.86138613861387,44.8366516302499
79.88118811881188,44.94641890576158
79.9009900990099,45.0553356352745
79.92079207920793,45.163393668841394
79.94059405940594,45.27057694660449
79.96039603960396,45.3768618929086
79.98019801980197,45.48221783261728
80.0,45.586607427371106
80.01980198019803,45.68998712947189
80.03960396039604,45.79230765104353
80.05940594059406,45.89351444610007
80.07920792079209,45.99354820314964
80.0990099009901,46.09234534597632
80.11881188118811,46.18983854026942
80.13861386138615,46.285957203810234
80.15841584158416,46.38062801798037
80.17821782178217,46.47377543841919
80.19801980198021,46.56532220273172
80.21782178217822,46.655189833231404
80.23762376237623,46.74329913279018
80.25742574257426,46.829570671964554
80.27722772277228,46.91392526566526
80.29702970297029,46.99628443774138
80.31683168316832,47.07657087195539
80.33663366336634,47.15470884793177
80.35643564356435,47.230624660769195
80.37623762376238,47.304247023112424
80.39603960396039,47.375507448585566
80.41584158415841,47.44434061559156
80.43564356435644,47.51068471058335
80.45544554455445,47.57448175001114
80.47524752475248,47.63567788024396
80.4950495049505,47.69422365485619
80.51485148514851,47.750074288756764
80.53465346534654,47.80318988872333
80.55445544554456,47.85353565998404
80.57425742574257,47.901082088566326
80.59405940594058,47.94580509920522
80.61386138613862,47.98768618867374
80.63366336633663,48.026712534464714
80.65346534653465,48.06287707881646
80.67326732673268,48.09617858813697
80.6930693069307,48.12662168793876
80.7128712871287,48.15421687345429
80.73267326732673,48.17898049615582
80.75247524752476,48.20093472645797
80.77227722772277,48.2201074929328
80.79207920792079,48.23653239841947
80.81188118811882,48.25024861346129
80.83168316831683,48.26130074755355
80.85148514851485,48.26973869873679
80.87128712871288,48.27561748212081
80.89108910891089,48.27899703797593
80.91089108910892,48.27994202008008
80.93069306930693,48.2785215650627
80.95049504950495,48.27480904353915
80.97029702970298,48.26888179388327
80.99009900990099,48.2608208395399
81.00990099009901,48.25071059083359
81.02970297029704,48.23863853228491
81.04950495049505,48.22469489650083
81.06930693069306,48.20897232576004
81.0891089108911,48.191565522468615
81.10891089108911,48.172570889714834
81.12871287128712,48.15208616320302
81.14851485148516,48.13021003589765
81.16831683168317,48.107041776755054
81.18811881188118,48.08268084496595
81.20792079207921,48.05722650117198
81.22772277227723,48.030777417157324
81.24752475247524,48.003431285547485
81.26732673267327,47.97528443107457
81.2871287128713,47.946431424988425
81.3069306930693,47.9169647042068
81.32673267326733,47.88697419680384
81.34653465346534,47.8565469554353
81.36633663366337,47.82576680028788
81.38613861386139,47.79471397312241
81.4059405940594,47.76346480395209
81.42574257425743,47.73209139185971
81.44554455445545,47.70066130141107
81.46534653465346,47.66923727606477
81.48514851485149,47.637876969912185
81.50495049504951,47.606632699006006
81.52475247524752,47.57555121345011
81.54455445544554,47.54467349132969
81.56435643564357,47.51403455545845
81.58415841584159,47.48366331380956
81.6039603960396,47.45358242438006
81.62376237623764,47.42380818511552
81.64356435643565,47.39435044939329
81.66336633663366,47.36521256743068
81.68316831683168,47.336391353848555
81.70297029702971,47.30787708148376
81.72277227722772,47.279653501405754
81.74257425742574,47.25169788895478
81.76237623762377,47.223981115483355
81.78217821782178,47.196467745349324
81.8019801980198,47.169116157579424
81.82178217821783,47.14187869149821
81.84158415841584,47.11470181549888
81.86138613861387,47.08752631802085
81.88118811881188,47.060287519696196
81.9009900990099,47.03291550553128
81.92079207920793,47.00533537590425
81.94059405940594,46.97746751508333
81.96039603960396,46.94922787590355
81.98019801980199,46.920528279184424
82.0,46.891276726424984
82.01980198019801,46.8613777242772
82.03960396039605,46.83073261927366
82.05940594059406,46.799239941270805
82.07920792079207,46.76679575406264
82.09900990099011,46.73329401162487
82.11881188118812,46.69862691846092
82.13861386138613,46.66268529254331
82.15841584158416,46.62535892937138
82.17821782178218,46.58653696570252
82.1980198019802,46.54610824155556
82.21782178217822,46.50396165913224
82.23762376237624,46.45998653735516
82.25742574257426,46.414072960776465
82.27722772277228,46.36611212167196
82.29702970297029,46.31599665419708
82.31683168316832,46.26362095954674
82.33663366336634,46.20888152112658
82.35643564356435,46.1516772088102
82.37623762376238,46.0919095714252
82.3960396039604,46.02948311667728
82.41584158415841,45.964305577789105
82.43564356435644,45.89628816619643
82.45544554455446,45.82534580970873
82.47524752475248,45.751397375604455
82.49504950495049,45.67436587819281
82.51485148514853,45.5941786704331
82.53465346534654,45.51076761926008
82.55445544554455,45.424069264318796
82.57425742574259,45.33402495986573
82.5940594059406,45.24058099964285
82.61386138613861,45.14368872458022
82.63366336633663,45.04330461322881
82.65346534653466,44.939390354868976
82.67326732673267,44.83191290528222
82.6930693069307,44.72084452521374
82.71287128712872,44.6061628015918
82.73267326732673,44.48785065160636
82.75247524752476,44.365896309784695
82.77227722772278,44.24029329823518
82.79207920792079,44.11104038026404
82.81188118811882,43.978141497600525
82.83168316831683,43.841605691497605
82.85148514851485,43.701447008005445
82.87128712871288,43.55768438774486
82.89108910891089,43.41034154053731
82.91089108910892,43.25944680527806
82.93069306930694,43.10503299546755
82.95049504950495,42.94713723084703
82.97029702970296,42.7858007556129
82.990099009901,42.62106874371535
83.00990099009901,42.45299009177698
83.02970297029702,42.281617200198205
83.04950495049506,42.1070057430475
83.06930693069307,41.929214427366844
83.08910891089108,41.74830474255463
83.10891089108911,41.564340700521704
83.12871287128714,41.3773885673485
83.14851485148515,41.18751658720549
83.16831683168317,40.99479469933191
83.1881188118812,40.79929424890131
83.20792079207921,40.60108769263574
83.22772277227723,40.40024830006281
83.24752475247524,40.19684985134174
83.26732673267327,39.99096633261534
83.2871287128713,39.7826716298748
83.3069306930693,39.57203922235125
83.32673267326733,39.359141876474894
83.34653465346535,39.14405134146565
83.36633663366337,38.926838047639556
83.38613861386139,38.70757080853417
83.40594059405942,38.486316527969265
83.42574257425743,38.26313991316977
83.44554455445544,38.0381031950847
83.46534653465348,37.81126585703584
83.48514851485149,37.582684372828
83.5049504950495,37.35241195544266
83.52475247524754,37.12049831742297
83.54455445544555,36.88698944403779
83.56435643564356,36.65192738028615
83.58415841584159,36.415350032771364
83.60396039603961,36.177290987435136
83.62376237623762,35.93777934409785
83.64356435643563,35.69683956869935
83.66336633663367,35.454491364078784
83.68316831683168,35.2107495600681
83.7029702970297,34.96562402360688
83.72277227722773,34.71911958951158
83.74257425742574,34.471236012455456
83.76237623762376,34.221967940632666
83.78217821782178,33.971304911494855
83.8019801980198,33.719231369860175
83.82178217821782,33.46572670860434
83.84158415841584,33.21076533205197
83.86138613861387,32.954316742094285
83.88118811881188,32.69634564696829
83.9009900990099,32.43681209254259
83.92079207920791,32.1756716158676
83.94059405940594,31.912875420664218
83.96039603960396,31.6483705743454
83.98019801980197,31.382100226091147
84.0,31.114003845429576
84.01980198019803,30.844017480716417
84.03960396039604,30.572074036853067
84.05940594059405,30.298103571540224
84.07920792079209,30.022033609331
84.0990099009901,29.743789472724796
84.11881188118811,29.46329462953292
84.13861386138615,29.18047105574783
84.15841584158416,28.89523961316274
84.17821782178217,28.607520441017087
84.1980198019802,28.317233360985846
84.21782178217822,28.024298294889654
84.23762376237623,27.728635694577147
84.25742574257426,27.430166983523378
84.27722772277228,27.128815009798007
84.29702970297029,26.824504510187136
84.31683168316832,26.517162585403398
84.33663366336634,26.20671918649226
84.35643564356435,25.893107612740412
84.37623762376238,25.576265021617267
84.39603960396039,25.25613295153463
84.41584158415841,24.93265785849801
84.43564356435644,24.60579166804671
84.45544554455445,24.27549234424655
84.47524752475248,23.941724477912256
84.4950495049505,23.60445989670334
84.51485148514851,23.2636783002659
84.53465346534654,22.91936792419129
84.55445544554456,22.57152623724275
84.57425742574257,22.220160677074
84.59405940594058,21.865289430544802
84.61386138613862,21.506942265744307
84.63366336633663,21.14516142398129
84.65346534653465,20.780002581315728
84.67326732673268,20.41153589071056
84.6930693069307,20.039847117605653
84.7128712871287,19.66503888368875
84.73267326732673,19.287232035892
84.75247524752476,18.906567160215833
84.77227722772277,18.52320626290591
84.79207920792079,18.137334644820044
84.81188118811882,17.74916299854381
84.83168316831683,17.35892976196059
84.85148514851485,16.96690376654318
84.87128712871286,16.57338722356218
84.89108910891089,16.1787190965923
84.91089108910892,15.783278913943628
84.93069306930693,15.387491079612523
84.95049504950495,14.991829745502017
84.97029702970298,14.596824310176578
84.99009900990099,14.203065609058509
85.009900990099,13.811212855938015
85.02970297029704,13.422001383380495
85.04950495049505,13.036251206471706
85.06930693069306,12.654876395434142
85.0891089108911,12.278895181482294
85.10891089108911,11.909440628586328
85.12871287128712,11.547771571603022
85.14851485148515,11.195283337418564
85.16831683168317,10.853517519725548
85.18811881188118,10.524169762929258
85.20792079207921,10.209094128873703
85.22772277227723,9.91030219204424
85.24752475247524,9.62995458484005
85.26732673267327,9.370342387374066
85.2871287128713,9.133855670998823
85.3069306930693,8.922936854135035
85.32673267326733,8.740017522289723
85.34653465346534,8.587439156191211
85.36633663366337,8.467360792745527
85.38613861386139,8.381659718690852
85.4059405940594,8.331834227312749
85.42574257425743,8.318919356495893
85.44554455445545,8.34342649344367
85.46534653465346,8.405315321177095
85.48514851485149,8.504002086248256
85.50495049504951,8.638402646912775
85.52475247524752,8.807003679928513
85.54455445544554,9.007952062870652
85.56435643564357,9.239151423190131
85.58415841584159,9.4983559752411
85.6039603960396,9.78325430571295
85.62376237623764,10.091538799788035
85.64356435643565,10.420959175318226
85.66336633663366,10.769360685312705
85.68316831683168,11.134708847402848
85.70297029702971,11.515103159284577
85.72277227722772,11.908782351149416
85.74257425742574,12.314123507292102
85.76237623762377,12.729637019888619
85.78217821782178,13.153958928635701
85.8019801980198,13.585841815358513
85.82178217821782,14.024145093860698
85.84158415841584,14.467825271455565
85.86138613861387,14.915926556807273
85.88118811881188,15.367572040284678
85.9009900990099,15.82195556765502
85.92079207920793,16.278334355724876
85.94059405940594,16.736022350955064
85.96039603960395,17.19438430227055
85.98019801980199,17.65283050196009
86.0,18.11081213976044
86.01980198019801,18.567817212074416
86.03960396039605,19.02336692873651
86.05940594059406,19.477012562394343
86.07920792079207,19.928332689448556
86.0990099009901,20.376930775943
86.11881188118812,20.82243306640643
86.13861386138613,21.26448673815242
86.15841584158416,21.7027582877999
86.17821782178218,22.136932120696578
86.1980198019802,22.566709317481454
86.21782178217822,22.991806555205496
86.23762376237624,23.411955163254213
86.25742574257426,23.82690029680828
86.27722772277228,24.236400212764963
86.29702970297029,24.64022563495641
86.31683168316832,25.03815919716994
86.33663366336634,25.42999495392913
86.35643564356435,25.815537950259284
86.37623762376238,26.19460384276017
86.3960396039604,26.567018565265165
86.41584158415841,26.932618033196306
86.43564356435644,27.29124788144767
86.45544554455446,27.64276323125821
86.47524752475248,27.987028482082447
86.49504950495049,28.323917124944998
86.51485148514853,28.65331157418117
86.53465346534654,28.975103014829603
86.55445544554455,29.28919126326154
86.57425742574259,29.59548463890939
86.5940594059406,29.893899845202377
86.61386138613861,30.184361858031533
86.63366336633663,30.466803820255326
86.65346534653466,30.74116694092384
86.67326732673267,31.007400398046272
86.6930693069307,31.265461243856784
86.71287128712872,31.515314311648567
86.73267326732673,31.756932123348665
86.75247524752476,31.990294797096293
86.77227722772277,32.215389954169204
86.79207920792079,32.43221262467405
86.81188118811882,32.640765151482285
86.83168316831683,32.84105709195018
86.85148514851485,33.03310511701448
86.87128712871288,33.21693290730156
86.89108910891089,33.39257104593107
86.9108910891089,33.5600569077323
86.93069306930694,33.71943454462823
86.95049504950495,33.8707545669721
86.97029702970296,34.014074020652004
86.990099009901,34.14945625980521
87.00990099009901,34.27697081500827
87.02970297029702,34.39669325683253
87.04950495049505,34.50870505467574
87.06930693069307,34.613093430799985
87.08910891089108,34.70995120952569
87.10891089108911,34.7993766615484
87.12871287128714,34.881473343362934
87.14851485148515,34.95634993179485
87.16831683168317,35.024120053655174
87.1881188118812,35.08490211055013
87.20792079207921,35.13881909889118
87.22772277227723,35.185998425166915
87.24752475247524,35.22657171655154
87.26732673267327,35.26067462693981
87.2871287128713,35.28844663851252
87.3069306930693,35.310030858951215
87.32673267326733,35.325573814435316
87.34653465346535,35.33522523856992
87.36633663366337,35.33913785740734
87.38613861386139,35.33746717074103
87.40594059405942,35.33037122986605
87.42574257425743,35.318010412016115
87.44554455445544,35.300547191703885
87.46534653465348,35.278145909207076
87.48514851485149,35.250972536461084
87.5049504950495,35.219194440634396
87.52475247524754,35.18298014568188
87.54455445544555,35.14249909218856
87.56435643564356,35.09792139583303
87.58415841584159,35.049417604819865
87.60396039603961,34.99715845664545
87.62376237623762,34.94131463458234
87.64356435643565,34.882056524282525
87.66336633663367,34.819553970918314
87.68316831683168,34.753976037296326
87.70297029702971,34.68549076339535
87.72277227722772,34.61426492779502
87.74257425742574,34.54046381147604
87.76237623762377,34.4642509644856
87.78217821782178,34.3857879759738
87.8019801980198,34.305234248116626
87.82178217821783,34.222746774449895
87.84158415841584,34.13847992314365
87.86138613861385,34.05258522575277
87.88118811881189,33.96521117197907
87.9009900990099,33.87650301098066
87.92079207920791,33.78660255976051
87.94059405940595,33.69564801915906
87.96039603960396,33.603773797966554
87.98019801980197,33.51111034565756
88.0,33.417783994234306
88.01980198019803,33.32391680964484
88.03960396039604,33.22962645322047
88.05940594059406,33.13502605354864
88.07920792079209,33.04022408916896
88.0990099009901,32.945324282445846
88.11881188118812,32.85042550493497
88.13861386138615,32.75562169452146
88.15841584158416,32.661001784564824
88.17821782178218,32.56664964524051
88.1980198019802,32.472644037221386
88.21782178217822,32.379058577791774
88.23762376237624,32.285961719436465
88.25742574257426,32.19341674089457
88.27722772277228,32.101481750614546
88.2970297029703,32.01020970249343
88.31683168316832,31.919648423729836
88.33663366336634,31.82984065456666
88.35643564356437,31.740824099648204
88.37623762376238,31.65263149066496
88.39603960396039,31.565290659911483
88.41584158415843,31.478824624336067
88.43564356435644,31.393251679617293
88.45544554455445,31.308585503763098
88.47524752475249,31.224835269690278
88.4950495049505,31.14200576621069
88.51485148514851,31.060097526821167
88.53465346534654,30.97910696566985
88.55445544554456,30.899026520053408
88.57425742574257,30.819844798782977
88.5940594059406,30.741546735748557
88.61386138613862,30.664113748005054
88.63366336633663,30.587523897704152
88.65346534653466,30.51175205719947
88.67326732673267,30.436770076662786
88.6930693069307,30.36254695356152
88.71287128712872,30.28904900336671
88.73267326732673,30.216240030880954
88.75247524752476,30.144081501602816
88.77227722772277,30.072532712571384
88.79207920792079,30.00155096216814
88.8118811881188,29.931091718385982
88.83168316831683,29.861108785113437
88.85148514851485,29.791554466019527
88.87128712871286,29.722379725665885
88.89108910891089,29.65353434751274
88.91089108910892,29.58496708852839
88.93069306930693,29.516625830153078
88.95049504950495,29.448457725411373
88.97029702970298,29.380409342007997
88.99009900990099,29.31242680128422
89.009900990099,29.244455912951622
89.02970297029704,29.17644230555912
89.04950495049505,29.10833155268692
89.06930693069306,29.040069294896327
89.0891089108911,28.971601357498816
89.10891089108911,28.902873864238956
89.12871287128712,28.83383334701564
89.14851485148515,28.764426851793083
89.16831683168317,28.694602040877616
89.18811881188118,28.6243072917587
89.20792079207921,28.553491792731908
89.22772277227723,28.482105635538414
89.24752475247524,28.410099905270275
89.26732673267327,28.337426767801958
89.2871287128713,28.264039555017696
89.3069306930693,28.189892848111164
89.32673267326733,28.11494255923721
89.34653465346534,28.03914601179747
89.36633663366337,27.96246201964047
89.38613861386139,27.884850965453666
89.4059405940594,27.80627487861943
89.42574257425743,27.72669751279937
89.44554455445545,27.646084423501563
89.46534653465346,27.56440304587378
89.48514851485147,27.481622772952157
89.50495049504951,27.39771503457904
89.52475247524752,27.312653377187488
89.54455445544554,27.226413544629857
89.56435643564357,27.138973560208882
89.58415841584159,27.05031381004665
89.6039603960396,26.960417127904375
89.62376237623762,26.869268881540552
89.64356435643565,26.77685706066917
89.66336633663366,26.68317236655223
89.68316831683168,26.58820830323185
89.70297029702971,26.491961270377104
89.72277227722772,26.394430657689558
89.74257425742574,26.29561894077811
89.76237623762376,26.195531778380367
89.78217821782178,26.09417811077137
89.8019801980198,25.991570259164188
89.82178217821782,25.88772402586806
89.84158415841584,25.782658794929933
89.86138613861387,25.676397632943427
89.88118811881188,25.568967389665943
89.9009900990099,25.46039879804011
89.92079207920793,25.350726573168103
89.94059405940594,25.239989509739267
89.96039603960395,25.128230577360913
89.98019801980199,25.01549701318936
90.0,24.90184041120406
90.01980198019801,24.78731680741178
90.03960396039605,24.67198676020907
90.05940594059406,24.555915425072296
90.07920792079207,24.43917262268309
90.0990099009901,24.321832899534556
90.11881188118812,24.203975580001025
90.13861386138613,24.08568480878993
90.15841584158416,23.967049582631628
90.17821782178218,23.848163770000024
90.1980198019802,23.729126117596486
90.21782178217822,23.610040242271197
90.23762376237624,23.491014607001997
90.25742574257426,23.372162479501593
90.27722772277228,23.253601871982138
90.29702970297029,23.135455460571745
90.31683168316832,23.017850482854826
90.33663366336634,22.90091861199653
90.35643564356435,22.78479580591635
90.37623762376238,22.669622129996455
90.3960396039604,22.555541551852425
90.41584158415841,22.44270170675725
90.43564356435643,22.331253632399374
90.45544554455446,22.221351471772934
90.47524752475248,22.113152143146554
90.49504950495049,22.006814976238548
90.51485148514853,21.902501313943755
90.53465346534654,21.800374079209895
90.55445544554455,21.700597306954563
90.57425742574257,21.603335641242662
90.5940594059406,21.508753798313666
90.61386138613861,21.417015996450807
90.63366336633663,21.328285354123732
90.65346534653466,21.24272325830241
90.67326732673267,21.16048870533274
90.6930693069307,21.081737617272772
90.7128712871287,21.006622137107538
90.73267326732673,20.93528990677782
90.75247524752476,20.86788333246599
90.77227722772277,20.804538842064847
90.79207920792079,20.74538614020463
90.81188118811882,20.690547466611278
90.83168316831683,20.640136863906857
90.85148514851485,20.59425946122462
90.87128712871288,20.553010780186288
90.89108910891089,20.516476069866602
90.9108910891089,20.484729677342138
90.93069306930694,20.45783446028062
90.95049504950495,20.435841247771293
90.97029702970296,20.41878835522542
90.990099009901,20.406701158692375
91.00990099009901,20.39959173334782
91.02970297029702,20.39745856022547
91.04950495049505,20.400286304497754
91.06930693069307,20.408045667777298
91.08910891089108,20.420693316030942
91.10891089108911,20.438171883788897
91.12871287128714,20.460410054416382
91.14851485148515,20.48732271531267
91.16831683168317,20.518811186035027
91.1881188118812,20.55476351653019
91.20792079207921,20.595054851911645
91.22772277227723,20.639547859561038
91.24752475247524,20.68809321376793
91.26732673267327,20.740530132662823
91.2871287128713,20.79668696184759
91.3069306930693,20.85638179888772
91.32673267326733,20.919423152699917
91.34653465346535,20.98561063184217
91.36633663366337,21.054735655784764
91.38613861386138,21.12658218340011
91.40594059405942,21.200927453147003
91.42574257425743,21.277542729727994
91.44554455445544,21.35619405235675
91.46534653465348,21.436642980170717
91.48514851485149,21.518647330753204
91.5049504950495,21.60196190817551
91.52475247524752,21.686339217423264
91.54455445544555,21.77153016252362
91.56435643564356,21.857284726131006
91.58415841584159,21.943352628753576
91.60396039603961,22.029483966204563
91.62376237623762,22.115429824236625
91.64356435643565,22.200942869661674
91.66336633663366,22.28577791757076
91.68316831683168,22.3696924745471
91.70297029702971,22.452447258010782
91.72277227722772,22.53380669204583
91.74257425742574,22.61353938024168
91.76237623762377,22.69141855623136
91.78217821782178,22.76722251273171
91.8019801980198,22.840735009987668
91.82178217821783,22.91174566459603
91.84158415841584,22.980050319736407
91.86138613861385,23.045451397870014
91.88118811881189,23.10775823698474
91.9009900990099,23.166787411466466
91.92079207920791,23.222363038668185
91.94059405940595,23.274317072227667
91.96039603960396,23.32248958315633
91.98019801980197,23.366729029686287
92.0,23.406892516820456
92.01980198019803,23.44284604648499
92.03960396039604,23.474464759132488
92.05940594059406,23.501633167591574
92.07920792079209,23.524245383902354
92.0990099009901,23.542205339819176
92.11881188118812,23.555427001602204
92.13861386138615,23.56383457965706
92.15841584158416,23.567362733517655
92.17821782178218,23.565956772601385
92.1980198019802,23.559572853096018
92.21782178217822,23.54817817126578
92.23762376237624,23.531751153387983
92.25742574257426,23.51028164245056
92.27722772277228,23.48377108165455
92.2970297029703,23.452232694673224
92.31683168316832,23.41569166251852
92.33663366336633,23.37418529675688
92.35643564356437,23.327763208696823
92.37623762376238,23.276487474039758
92.39603960396039,23.220432792341878
92.41584158415843,23.159686640476266
92.43564356435644,23.09434941910995
92.45544554455445,23.02453459101843
92.47524752475248,22.95036880984909
92.4950495049505,22.87199203771252
92.51485148514851,22.789557649727747
92.53465346534654,22.70323252337068
92.55445544554456,22.61319711017523
92.57425742574257,22.519645487013456
92.5940594059406,22.42278538383489
92.61386138613861,22.32283818437676
92.63366336633663,22.220038895969818
92.65346534653466,22.1146360841605
92.67326732673267,22.00689176745579
92.6930693069307,21.897081267077617
92.71287128712872,21.7854930061988
92.73267326732673,21.672428252731862
92.75247524752476,21.558200799369562
92.77227722772278,21.443136574247767
92.79207920792079,21.32757317533495
92.8118811881188,21.211859321471273
92.83168316831684,21.09635421290666
92.85148514851485,20.981426794250076
92.87128712871286,20.867454912968626
92.8910891089109,20.754824366997376
92.91089108910892,20.643927835667725
92.93069306930693,20.535163689065264
92.95049504950495,20.428934672112536
92.97029702970298,20.325646461161536
92.99009900990099,20.22570609268918
93.00990099009901,20.12952026582172
93.02970297029704,20.037493522864224
93.04950495049505,19.950026314755974
93.06930693069307,19.867512961372547
93.0891089108911,19.790339519791235
93.10891089108911,19.718881576949585
93.12871287128714,19.653501986458835
93.14851485148515,19.594548572567266
93.16831683168317,19.542351827273084
93.1881188118812,19.497222629219753
93.20792079207921,19.459450015126844
93.22772277227723,19.429299035975635
93.24752475247526,19.407008730859037
93.26732673267327,19.392790251216812
93.28712871287128,19.386825167043327
93.30693069306932,19.38926398454726
93.32673267326733,19.400224901679106
93.34653465346534,19.419792823987876
93.36633663366338,19.44801865853814
93.38613861386139,19.484918898266585
93.4059405940594,19.530475503377644
93.42574257425743,19.584636080383536
93.44554455445545,19.647314353416544
93.46534653465346,19.71839091670263
93.48514851485149,19.797714251799576
93.50495049504951,19.885101988549835
93.52475247524752,19.980342384825185
93.54455445544555,20.083195997149303
93.56435643564356,20.193397512227953
93.58415841584159,20.31065770830626
93.60396039603961,20.434665515068783
93.62376237623762,20.565090141432503
93.64356435643565,20.701583241950736
93.66336633663367,20.84378109452598
93.68316831683168,20.991306764588366
93.70297029702971,21.14377223369614
93.72277227722773,21.300780473523034
93.74257425742574,21.461927449292922
93.76237623762376,21.62680403979587
93.78217821782178,21.794997864083474
93.8019801980198,21.96609500772125
93.82178217821782,22.13968164402144
93.84158415841584,22.315345547953704
93.86138613861387,22.492677502415226
93.88118811881188,22.67127259823008
93.9009900990099,22.850731430644423
93.92079207920793,23.030661196204456
93.94059405940594,23.21067669476698
93.96039603960395,23.390401242022946
93.98019801980199,23.56946749833905
94.0,23.74751821996799
94.01980198019801,23.92420693877322
94.03960396039605,24.099198576582243
94.05940594059406,24.272170000150634
94.07920792079207,24.442810522505354
94.0990099009901,24.6108223561632
94.11881188118812,24.775921023402013
94.13861386138613,24.93783572841404
94.15841584158416,25.09630969580477
94.17821782178218,25.251100479524574
94.1980198019802,25.401980245943328
94.21782178217822,25.548736034405596
94.23762376237623,25.691169998238877
94.25742574257426,25.82909962883443
94.27722772277228,25.96235796507973
94.29702970297029,26.090793790095347
94.31683168316832,26.21427181691662
94.33663366336634,26.33267286446142
94.35643564356435,26.445894024839433
94.37623762376236,26.553848822782925
94.3960396039604,26.656467367713425
94.41584158415841,26.753696498701675
94.43564356435643,26.845499922325867
94.45544554455446,26.931858343186352
94.47524752475248,27.012769586589105
94.49504950495049,27.088248712665383
94.51485148514851,27.158328120948582
94.53465346534654,27.223057644179857
94.55445544554455,27.282504629860146
94.57425742574257,27.33675400780743
94.5940594059406,27.385908341712522
94.61386138613861,27.430087862415366
94.63366336633663,27.46943048034566
94.65346534653466,27.504091774288156
94.67326732673267,27.534244953345365
94.6930693069307,27.56008078868033
94.7128712871287,27.58180751133304
94.73267326732673,27.599650672119353
94.75247524752476,27.613852959346094
94.77227722772277,27.62467396981606
94.79207920792079,27.63238992835918
94.81188118811882,27.63729335091955
94.83168316831683,27.639692646061825
94.85148514851485,27.639911649645637
94.87128712871288,27.638289087365376
94.89108910891089,27.63517795987752
94.9108910891089,27.630944845353454
94.93069306930694,27.625969114515712
94.95049504950495,27.62064205355588
94.97029702970296,27.61536589080578
94.990099009901,27.61055272365425
95.00990099009901,27.6066233429811
95.02970297029702,27.604005953326457
95.04950495049505,27.603134788133502
95.06930693069307,27.604448620696168
95.08910891089108,27.60838917290684
95.10891089108911,27.61539942552154
95.12871287128714,27.625921835423515
95.14851485148515,27.640396467245154
95.16831683168317,27.65925904866946
95.18811881188118,27.682938960733335
95.20792079207921,27.711857176447015
95.22772277227723,27.74642416297166
95.24752475247524,27.787037764397702
95.26732673267327,27.83408108377751
95.2871287128713,27.887920384421406
95.3069306930693,27.948903031503228
95.32673267326732,28.01735549568308
95.34653465346535,28.093581440692773
95.36633663366337,28.17785991660412
95.38613861386138,28.270443679791885
95.40594059405942,28.37155765940349
95.42574257425743,28.48139758846931
95.44554455445544,28.600128815661957
95.46534653465346,28.727885311187205
95.48514851485149,28.864768877430436
95.5049504950495,29.010848571868717
95.52475247524752,29.166160346478694
95.54455445544555,29.330706904522962
95.56435643564356,29.504457772276595
95.58415841584159,29.687349580060314
95.60396039603961,29.879286543962092
95.62376237623762,30.080141136935055
95.64356435643565,30.289754935618582
95.66336633663366,30.507939627289996
95.68316831683168,30.734478159846585
95.70297029702971,30.969126016655657
95.72277227722772,31.211612597490358
95.74257425742574,31.461642686573228
95.76237623762377,31.718897988947344
95.78217821782178,31.983038716943717
95.8019801980198,32.253705209367915
95.82178217821783,32.53051956713152
95.84158415841584,32.81308729035356
95.86138613861385,33.10099890339677
95.88118811881189,33.39383155583256
95.9009900990099,33.691150588898665
95.92079207920791,33.99251105858196
95.94059405940595,34.29745920799148
95.96039603960396,34.60553388314919
95.98019801980197,34.91626788770089
96.0,35.22918927331364
96.01980198019803,35.54382256367299
96.03960396039604,35.85968991101227
96.05940594059406,36.17631218499877
96.07920792079209,36.493209994566946
96.0990099009901,36.809904643933336
96.11881188118812,37.12591902455648
96.13861386138613,37.440778445228766
96.15841584158416,37.754011402812374
96.17821782178218,38.065150296371385
96.1980198019802,38.373732087614165
96.21782178217822,38.67929891065615
96.23762376237624,38.981398634152725
96.25742574257426,39.279585378842874
96.27722772277227,39.573419993496074
96.2970297029703,39.86247049217591
96.31683168316832,40.146312455628205
96.33663366336633,40.424529399479084
96.35643564356437,40.69671311179012
96.37623762376238,40.962463962372325
96.39603960396039,41.221391186108924
96.41584158415841,41.473113142382964
96.43564356435644,41.717257552553185
96.45544554455445,41.953461717270606
96.47524752475248,42.181372715282045
96.4950495049505,42.4006475852264
96.51485148514851,42.61095349179471
96.53465346534654,42.81196787749826
96.55445544554456,43.003378601169025
96.57425742574257,43.18488406420524
96.5940594059406,43.356193325470294
96.61386138613861,43.51702620565735
96.63366336633663,43.66711338184314
96.65346534653466,43.80619647287295
96.67326732673267,43.93402811614492
96.6930693069307,44.050372036293716
96.71287128712872,44.155003106212824
96.73267326732673,44.24770740079978
96.75247524752476,44.32828224375832
96.77227722772278,44.396536247748244
96.79207920792079,44.452289348133185
96.8118811881188,44.49537283054291
96.83168316831684,44.52562935243463
96.85148514851485,44.54291295881228
96.87128712871286,44.547089092238274
96.8910891089109,44.53803459725278
96.91089108910892,44.51563771929829
96.93069306930693,44.47979809823277
96.95049504950495,44.43042675650266
96.97029702970298,44.36744608203773
96.99009900990099,44.29078980592154
97.00990099009901,44.200402974886785
97.02970297029704,44.096241918679496
97.04950495049505,43.978274212335094
97.06930693069307,43.84647863340753
97.08910891089108,43.70084511419476
97.10891089108911,43.54137468900383
97.12871287128714,43.36807943650436
97.14851485148515,43.18098241722154
97.16831683168317,42.980117606227324
97.1881188118812,42.76552982109307
97.20792079207921,42.537274645176964
97.22772277227722,42.295418346326755
97.24752475247526,42.040037791089205
97.26732673267327,41.771220354529135
97.28712871287128,41.48906382577295
97.30693069306932,41.19367630940583
97.32673267326733,40.88517612286722
97.34653465346534,40.56369169000556
97.36633663366337,40.229361430972716
97.38613861386139,39.88233364865862
97.4059405940594,39.522766411889414
97.42574257425743,39.1508274356382
97.44554455445545,38.76669395852464
97.46534653465346,38.370552617911834
97.48514851485149,37.962599322942864
97.50495049504951,37.54303912589894
97.52475247524752,37.11208609230467
97.54455445544555,36.66996317025539
97.56435643564356,36.21690205949705
97.58415841584159,35.75314308085268
97.60396039603961,35.27893504666126
97.62376237623762,34.79453513297637
97.64356435643565,34.30020875436714
97.66336633663367,33.79622944227016
97.68316831683168,33.28287872796657
97.70297029702971,32.760446031401216
97.72277227722773,32.22922855722721
97.74257425742574,31.689531199652112
97.76237623762376,31.141666457887
97.7821782178218,30.58595436426288
97.8019801980198,30.022722427387134
97.82178217821782,29.452305593075625
97.84158415841586,28.875046226222732
97.86138613861387,28.291294117279453
97.88118811881188,27.701406517607882
97.9009900990099,27.1057482086963
97.92079207920793,26.504691611071348
97.94059405940594,25.89861693976559
97.96039603960396,25.28791241442538
97.98019801980199,24.67297453362282
98.0,24.05420842472386
98.01980198019803,23.432028282831943
98.03960396039604,22.806857914965914
98.05940594059406,22.179131408850854
98.07920792079209,21.549293949644824
98.0990099009901,20.917802812769175
98.11881188118812,20.285128566979353
98.13861386138615,19.651756529190035
98.15841584158416,19.01818852170818
98.17821782178217,18.38494499387982
98.19801980198021,17.75256758428502
98.21782178217822,17.121622217223912
98.23762376237623,16.492702849200366
98.25742574257427,15.86643600849412
98.27722772277228,15.243486304996862
98.29702970297029,14.624563129750557
98.31683168316832,14.010428815676622
98.33663366336634,13.401908594384103
98.35643564356435,12.799902759796375
98.37623762376238,12.205401537490603
98.3960396039604,11.619503256159401
98.41584158415841,11.043436515973116
98.43564356435644,10.478587128841363
98.45544554455446,9.926530629762336
98.47524752475248,9.3890710560921
98.4950495049505,8.868286338293984
98.51485148514851,8.366579833579387
98.53465346534654,7.88673593712392
98.55445544554456,7.431974860997605
98.57425742574257,7.005997024964586
98.5940594059406,6.613000640294734
98.61386138613862,6.257647309319553
98.63366336633663,5.944942015131909
98.65346534653466,5.679991312028848
98.67326732673268,5.467616242183603
98.6930693069307,5.311834053983373
98.7128712871287,5.21528444973005
98.73267326732675,5.1787382033640945
98.75247524752476,5.200844316053164
98.77227722772277,5.278213321322844
98.7920792079208,5.405817269959414
98.81188118811882,5.577578937053349
98.83168316831683,5.786984872526949
98.85148514851485,6.027594164166171
98.87128712871288,6.293385755535284
98.89108910891089,6.578948028086748
98.9108910891089,6.879546398356004
98.93069306930694,7.191111534375733
98.95049504950495,7.510184014793
98.97029702970296,7.833840444010441
98.99009900990099,8.159616259289347
99.00990099009901,8.485433351547043
99.02970297029702,8.809536083032942
99.04950495049505,9.130436672884334
99.06930693069307,9.446869569302367
99.08910891089108,9.757753826935957
99.10891089108911,10.062162323124344
99.12871287128712,10.35929667180569
99.14851485148515,10.64846681214576
99.16831683168317,10.929074397516835
99.18811881188118,11.200599258128085
99.20792079207921,11.46258834358173
99.22772277227723,11.714646665289735
99.24752475247524,11.956429852931372
99.26732673267327,12.187638015844458
99.2871287128713,12.408010661979963
99.3069306930693,12.617322476397623
99.32673267326732,12.81537980058035
99.34653465346535,13.002017685094243
99.36633663366337,13.177097412967191
99.38613861386138,13.34050441093529
99.40594059405942,13.492146481475425
99.42574257425743,13.631952301148615
99.44554455445544,13.759870140884452
99.46534653465346,13.875866771965729
99.48514851485149,13.979926528034307
99.5049504950495,14.072050498756639
99.52475247524752,14.152255835114131
99.54455445544555,14.220575149820798
99.56435643564356,14.277055999274843
99.58415841584159,14.321760435849416
99.60396039603961,14.354764621318978
99.62376237623762,14.376158493882379
99.64356435643565,14.3860454826446
99.66336633663366,14.384542264608783
99.68316831683168,14.371778560248996
99.70297029702971,14.347896964617505
99.72277227722772,14.313052811714032
99.74257425742574,14.267414070533285
99.76237623762377,14.211161271828242
99.78217821782178,14.144487465197036
99.80198019801979,14.067598206633775
99.82178217821783,13.980711577188753
99.84158415841584,13.884058233871642
99.86138613861385,13.777881494409067
99.88118811881189,13.662437457942177
99.9009900990099,13.537995164225045
99.92079207920791,13.404836794363652
99.94059405940594,13.263257916619159
99.96039603960396,13.113567781286708
99.98019801980197,12.956089669147305
100.0,12.791161298467209
100.01980198019803,12.619135295972814
100.03960396039604,12.440379737638517
100.05940594059406,12.255278765460316
100.07920792079207,12.064233286607344
100.0990099009901,11.867661761389204
100.11881188118812,11.666001086270924
100.13861386138613,11.459707577606276
100.15841584158416,11.249258060705765
100.17821782178218,11.035151067131759
100.1980198019802,10.817908140488889
100.21782178217822,10.598075247165186
100.23762376237624,10.37622428311639
100.25742574257426,10.152954660432423
100.27722772277227,9.928894947557124
100.2970297029703,9.70470452404696
100.31683168316832,9.481075193992227
100.33663366336633,9.258732681012736
100.35643564356437,9.038437901484496
100.37623762376238,8.820987880974693
100.39603960396039,8.607216141816844
100.41584158415841,8.397992348147968
100.43564356435644,8.194220950518831
100.45544554455445,7.996838528998498
100.47524752475248,7.806809497342632
100.4950495049505,7.625119809731136
100.51485148514851,7.452768317018441
100.53465346534654,7.290755464856519
100.55445544554456,7.140069125677711
100.57425742574257,7.0016675224721405
100.5940594059406,6.876459440230634
100.61386138613861,6.765282224748694
100.63366336633663,6.668878415260684
100.65346534653466,6.587872204651122
100.67326732673267,6.522747209087295
100.6930693069307,6.473827190056094
100.71287128712872,6.4412613458929835
100.73267326732673,6.425015543630343
100.75247524752474,6.424870404604622
100.77227722772278,6.440426545994531
100.79207920792079,6.47111661122077
100.8118811881188,6.516223106731643
100.83168316831684,6.574900600148848
100.85148514851485,6.64620058696272
100.87128712871286,6.729097313132651
100.89108910891089,6.82251301720806
100.91089108910892,6.925341366375101
100.93069306930693,7.036468234691549
100.95049504950495,7.154789344589241
100.97029702970298,7.279224618266261
100.99009900990099,7.408729338615578
101.00990099009901,7.542302393086112
101.02970297029702,7.678991974697753
101.04950495049505,7.81789915592572
101.06930693069307,7.958179749320355
101.08910891089108,8.099044838655331
101.10891089108911,8.239760318629788
101.12871287128714,8.379645729053859
101.14851485148515,8.518072617384256
101.16831683168317,8.654462615317684
101.1881188118812,8.788285372894475
101.20792079207921,8.919056457921062
101.22772277227722,9.046335299380955
101.24752475247526,9.169723230301106
101.26732673267327,9.28886166749067
101.28712871287128,9.403430451830154
101.30693069306932,9.513146362554924
101.32673267326733,9.617761811523277
101.34653465346534,9.717063718164136
101.36633663366337,9.81087256214418
101.38613861386139,9.899041608355592
101.4059405940594,9.981456297263788
101.42574257425743,10.05803379269849
101.44554455445545,10.12872267860686
101.46534653465346,10.19350279594351
101.48514851485149,10.252385210612008
101.50495049504951,10.305412303083774
101.52475247524752,10.352657969909373
101.54455445544555,10.394227926722996
101.56435643564356,10.430260101450061
101.58415841584159,10.460925105194917
101.60396039603961,10.486426766647648
101.62376237623762,10.507002713749966
101.64356435643565,10.522924983748336
101.66336633663367,10.534500639598278
101.68316831683168,10.542072366939003
101.7029702970297,10.546019021529018
101.72277227722773,10.546756092147456
101.74257425742574,10.544736038592356
101.76237623762376,10.54044845867348
101.7821782178218,10.534420032203725
101.8019801980198,10.527214184228276
101.82178217821782,10.519430404486815
101.84158415841584,10.51170315588994
101.86138613861387,10.5047003022286
101.88118811881188,10.499120985158667
101.9009900990099,10.495692883523068
101.92079207920793,10.49516879513262
101.94059405940594,10.498322493017337
101.96039603960396,10.505943825521992
101.98019801980197,10.518833052806396
102.0,10.537794441249034
102.01980198019803,10.563629171297134
102.03960396039604,10.597127652134187
102.05940594059406,10.639061376098354
102.07920792079209,10.690174484353122
102.0990099009901,10.751175249642053
102.11881188118812,10.822727708585276
102.13861386138615,10.905443691601695
102.15841584158416,10.999875500503638
102.17821782178217,11.106509470520972
102.19801980198021,11.225760624802222
102.21782178217822,11.35796858673625
102.23762376237623,11.503394861689339
102.25742574257427,11.662221539135016
102.27722772277228,11.834551403559177
102.29702970297029,12.020409382948879
102.31683168316832,12.219745211598863
102.33663366336634,12.432437142850123
102.35643564356435,12.658296519310257
102.37623762376238,12.897072993746173
102.3960396039604,13.14846019249427
102.41584158415841,13.412101623149224
102.43564356435644,13.687596647019156
102.45544554455446,13.97450636161758
102.47524752475248,14.272359266578693
102.4950495049505,14.580656615411453
102.51485148514851,14.898877383488204
102.53465346534654,15.226482808167258
102.55445544554456,15.562920479071861
102.57425742574257,15.907627974850257
102.5940594059406,16.26003605715724
102.61386138613862,16.61957144333293
102.63366336633663,16.98565918669477
102.65346534653465,17.357724697984924
102.67326732673268,17.73519544383918
102.6930693069307,18.11750235866462
102.7128712871287,18.504081005485496
102.73267326732675,18.89437251953559
102.75247524752476,19.287824365968188
102.77227722772277,19.68389094028579
102.79207920792079,20.082034037163
102.81188118811882,20.48172321039834
102.83168316831683,20.882436043890262
102.85148514851485,21.283658350860357
102.87128712871288,21.684884316085093
102.89108910891089,22.08561659366838
102.91089108910892,22.485366370896987
102.93069306930693,22.883653406965482
102.95049504950495,23.280006053823538
102.97029702970298,23.67396126507248
102.99009900990099,24.065064597698676
103.00990099009901,24.45287021046177
103.02970297029704,24.836940861934814
103.04950495049505,25.216847910503613
103.06930693069307,25.592171318057083
103.0891089108911,25.962499658622182
103.10891089108911,26.32743013280432
103.12871287128712,26.686568588571433
103.14851485148516,27.03952954865974
103.16831683168317,27.38593624466823
103.18811881188118,27.72542065774294
103.20792079207922,28.05762356561994
103.22772277227723,28.38219459569488
103.24752475247524,28.69879228370993
103.26732673267327,29.00708413759231
103.2871287128713,29.306746705938306
103.3069306930693,29.597465650610157
103.32673267326733,29.878935822897706
103.34653465346535,30.150861342689144
103.36633663366337,30.41295568009602
103.38613861386139,30.664941738982588
103.40594059405942,30.90655194185978
103.42574257425743,31.137528315617317
103.44554455445545,31.35762257758294
103.46534653465346,31.56659622141558
103.48514851485149,31.764220602357934
103.50495049504951,31.95027702139385
103.52475247524752,32.12455680787606
103.54455445544555,32.28686140021067
103.56435643564357,32.43700242420511
103.58415841584159,32.57480176870726
103.6039603960396,32.700091658183425
103.62376237623764,32.81271472190333
103.64356435643565,32.91252405941977
103.66336633663366,32.999383302049885
103.6831683168317,33.0731666700843
103.70297029702971,33.133759025468265
103.72277227722772,33.181055919717814
103.74257425742574,33.21496363685086
103.76237623762377,33.235399231131055
103.78217821782178,33.24229055943887
103.8019801980198,33.235576308101024
103.82178217821783,33.21520601402605
103.84158415841584,33.18114008000918
103.86138613861387,33.13334978408661
103.88118811881188,33.07181728283428
103.9009900990099,32.99653560852202
103.92079207920791,32.907508660050155
103.94059405940594,32.80475118761074
103.96039603960396,32.68828877103172
103.98019801980197,32.558157791778356
104.0,32.4144053986024
104.01980198019803,32.2570894668464
104.03960396039604,32.086278551427505
104.05940594059406,31.90205183354302
104.07920792079207,31.70449906115845
104.0990099009901,31.4937204833585
104.11881188118812,31.269826778661574
104.13861386138613,31.03293897742084
104.15841584158416,30.783188378457872
104.17821782178218,30.52071646010058
104.1980198019802,30.24567478582443
104.21782178217822,29.95822490472642
104.23762376237624,29.658538247093826
104.25742574257426,29.34679601536768
104.27722772277227,29.023189070840743
104.2970297029703,28.68791781647682
104.31683168316832,28.341192076290024
104.33663366336633,27.983230971782035
104.35643564356437,27.614262796002503
104.37623762376238,27.234524885876542
104.39603960396039,26.84426349353134
104.41584158415841,26.443733657459532
104.43564356435644,26.03319907447665
104.45544554455445,25.612931973573076
104.47524752475248,25.183212992925956
104.4950495049505,24.744331061535263
104.51485148514851,24.296583287179665
104.53465346534654,23.840274852667072
104.55445544554455,23.375718922686378
104.57425742574257,22.903236563966388
104.5940594059406,22.42315668192883
104.61386138613861,21.935815977606545
104.63366336633663,21.441558929306222
104.65346534653466,20.940737804363355
104.67326732673267,20.433712707401398
104.69306930693068,19.920851672820298
104.71287128712872,19.402530810867987
104.73267326732673,18.879134518676018
104.75247524752474,18.351055770179425
104.77227722772278,17.818696502036897
104.79207920792079,17.28246811671138
104.8118811881188,16.742792129018774
104.83168316831683,16.20010098904172
104.85148514851485,15.654839122791365
104.87128712871286,15.10746424299722
104.89108910891089,14.558448996746968
104.91089108910892,14.008283035524277
104.93069306930693,13.457475618071577
104.95049504950495,12.906558889603323
104.97029702970298,12.356092025229145
104.99009900990099,11.80666648522545
105.00990099009901,11.258912710921628
105.02970297029702,10.713508700725344
105.04950495049505,10.171191057812331
105.06930693069307,9.632769310423745
105.08910891089108,9.099144594771257
105.10891089108911,8.57133418896134
105.12871287128714,8.050503931743922
105.14851485148515,7.538011294672807
105.16831683168317,7.035462834509096
105.1881188118812,6.544790922206109
105.20792079207921,6.068355871205875
105.22772277227722,5.6090803515200856
105.24752475247526,5.170621913414031
105.26732673267327,4.7575834251444125
105.28712871287128,4.375743922572704
105.30693069306932,4.032253179541258
105.32673267326733,3.735660927073016
105.34653465346534,3.4955534086793447
105.36633663366337,3.321518779259383
105.38613861386139,3.2213344423259858
105.4059405940594,3.198806820943782
105.42574257425743,3.2523075788836224
105.44554455445545,3.3749607276043796
105.46534653465346,3.55640113968166
105.48514851485149,3.785054809203967
105.5049504950495,4.0499172358291515
105.52475247524752,4.341477369364721
105.54455445544555,4.6519596568822665
105.56435643564356,4.97519396132448
105.58415841584159,5.306347323491293
105.60396039603961,5.641642698686167
105.62376237623762,5.978115069721297
105.64356435643563,6.3134169743911315
105.66336633663367,6.645669676780723
105.68316831683168,6.973351494769225
105.7029702970297,7.295214670193992
105.72277227722773,7.610223554674719
105.74257425742574,7.917508510172494
105.76237623762376,8.216331345786399
105.78217821782178,8.50605923018164
105.8019801980198,8.786144855013175
105.82178217821782,9.05611123475133
105.84158415841584,9.315539968450542
105.86138613861387,9.564062105299213
105.88118811881188,9.801350983202973
105.9009900990099,10.027116573690362
105.92079207920793,10.24110098533903
105.94059405940594,10.443074864632564
105.96039603960396,10.632834496812052
105.98019801980197,10.81019945633981
106.0,10.975010691624211
106.01980198019803,11.127128954924196
106.03960396039604,11.266433508191701
106.05940594059406,11.392821050703809
106.07920792079209,11.506204825896782
106.0990099009901,11.606513873735441
106.11881188118812,11.693692401881215
106.13861386138615,11.767699254347486
106.15841584158416,11.828507460607556
106.17821782178217,11.876103851522531
106.19801980198021,11.910488731183221
106.21782178217822,11.931675595971768
106.23762376237623,11.939690893961561
106.25742574257427,11.934573819283997
106.27722772277228,11.916376137370962
106.29702970297029,11.885162038090664
106.31683168316832,11.841008014785595
106.33663366336634,11.784002768130485
106.35643564356435,11.714247134601715
106.37623762376238,11.631854040215467
106.3960396039604,11.536948481092539
106.41584158415841,11.429667533377557
106.43564356435644,11.310160396125294
106.45544554455445,11.178588472014194
106.47524752475248,11.035125492222718
106.4950495049505,10.879957693580714
106.51485148514851,10.713284058286659
106.53465346534654,10.53531662918862
106.55445544554456,10.346280917029334
106.57425742574257,10.14641642037725
106.59405940594058,9.935977284502023
106.61386138613862,9.715233132609136
106.63366336633663,9.484470112171335
106.65346534653465,9.243992211339894
106.67326732673268,8.994122916629339
106.6930693069307,8.735207304704211
106.7128712871287,8.46761469020575
106.73267326732673,8.191741991047772
106.75247524752476,7.908018026637306
106.77227722772277,7.616909039008
106.79207920792079,7.318925830531412
106.81188118811882,7.014633057247474
106.83168316831683,6.704661422211424
106.85148514851485,6.389723805170245
106.87128712871288,6.070636781682392
106.89108910891089,5.748349580676255
106.91089108910892,5.423983377946728
106.93069306930693,5.098885015440055
106.95049504950495,4.7747008617141145
106.97029702970298,4.453478604196634
106.99009900990099,4.137807028304145
107.00990099009901,3.8310052320513948
107.02970297029704,3.537370182074666
107.04950495049505,3.262477572013027
107.06930693069307,3.0134903284872494
107.0891089108911,2.799338945026576
107.10891089108911,2.6304896447390007
107.12871287128712,2.517893268222082
107.14851485148516,2.4708842386336
107.16831683168317,2.4945622651867243
107.18811881188118,2.588102813474145
107.20792079207922,2.7452111577841047
107.22772277227723,2.956348163161559
107.24752475247524,3.211221453983358
107.26732673267327,3.500438006910174
107.2871287128713,3.816175292638149
107.3069306930693,4.152222389124751
107.32673267326733,4.503749489753747
107.34653465346535,4.867016309614075
107.36633663366337,5.239108708038319
107.38613861386139,5.617728413220141
107.4059405940594,6.001034244482299
107.42574257425743,6.387525232058005
107.44554455445545,6.775955419518707
107.46534653465346,7.165271837398332
107.48514851485149,7.554569183927424
107.50495049504951,7.943056504767256
107.52475247524752,8.330032506477822
107.54455445544554,8.714867114653632
107.56435643564357,9.09698758087909
107.58415841584159,9.475867930163355
107.6039603960396,9.851020882634982
107.62376237623764,10.221991623925087
107.64356435643565,10.588352968782699
107.66336633663366,10.949701583507775
107.68316831683168,11.305655019555308
107.70297029702971,11.65584937335748
107.72277227722772,11.999937433079015
107.74257425742574,12.337587206560146
107.76237623762377,12.668480749533074
107.78217821782178,12.992313231728156
107.8019801980198,13.308792192421242
107.82178217821783,13.617636947532757
107.84158415841584,13.918578118446439
107.86138613861387,14.211357258909107
107.88118811881188,14.49572656116396
107.9009900990099,14.77144862620174
107.92079207920793,15.038296285937967
107.94059405940594,15.296052467430352
107.96039603960396,15.544510091078575
107.98019801980199,15.783471996207108
108.0,16.012750888601303
108.01980198019803,16.23216930550979
108.03960396039605,16.44155959439099
108.05940594059406,16.640763902304066
108.07920792079207,16.82963417335526
108.09900990099011,17.00803215203014
108.11881188118812,17.175829390590646
108.13861386138613,17.332907259004326
108.15841584158417,17.479156956116086
108.17821782178218,17.6144795209759
108.1980198019802,17.738785843408795
108.21782178217822,17.851996673060462
108.23762376237624,17.954042626277992
108.25742574257426,18.044864190294618
108.27722772277228,18.12441172428269
108.2970297029703,18.19264545692309
108.31683168316832,18.249535480214135
108.33663366336634,18.29506173931074
108.35643564356435,18.329214018245906
108.37623762376238,18.35199192144386
108.3960396039604,18.363404850988026
108.41584158415841,18.36347197965815
108.43564356435644,18.352222219801043
108.45544554455446,18.329694188148853
108.47524752475248,18.29593616674861
108.49504950495049,18.251006060217613
108.51485148514853,18.194971349592507
108.53465346534654,18.127909043095748
108.55445544554455,18.049905624202985
108.57425742574259,17.961056997459796
108.5940594059406,17.86146843256748
108.61386138613861,17.751254507335634
108.63366336633663,17.63053905018748
108.65346534653466,17.49945508300186
108.67326732673267,17.35814476518739
108.6930693069307,17.206759340011068
108.71287128712872,17.045459084348494
108.73267326732673,16.87441326318997
108.75247524752476,16.693800090428805
108.77227722772278,16.50380669768215
108.79207920792079,16.304629113153965
108.81188118811882,16.09647225285403
108.83168316831683,15.879549926842358
108.85148514851485,15.654084863587299
108.87128712871288,15.420308756019235
108.89108910891089,15.178462333446157
108.91089108910892,14.928795464190818
108.93069306930694,14.671567294634528
108.95049504950495,14.407046431337692
108.97029702970298,14.135511174086723
108.990099009901,13.857249809131515
109.00990099009901,13.572560973581115
109.02970297029702,13.281754103979042
109.04950495049505,12.985149984563423
109.06930693069307,12.683081413727004
109.08910891089108,12.375894010846245
109.10891089108911,12.06394719009258
109.12871287128714,11.74761533325032
109.14851485148515,11.427289200159457
109.16831683168316,11.103377623435932
109.1881188118812,10.776309543904777
109.20792079207921,10.446536455064308
109.22772277227722,10.114535339281979
109.24752475247526,9.78081219571727
109.26732673267327,9.44590628056832
109.28712871287128,9.110395204415202
109.3069306930693,8.774901059167089
109.32673267326733,8.440097777799197
109.34653465346534,8.106719961962353
109.36633663366337,7.775573441951276
109.38613861386139,7.4475478533130515
109.4059405940594,7.123631511811458
109.42574257425743,6.804928821736294
109.44554455445544,6.492680325933207
109.46534653465346,6.188285243385483
109.48514851485149,5.893325858424393
109.5049504950495,5.609592310112692
109.52475247524752,5.339105042506731
109.54455445544555,5.084130289900976
109.56435643564356,4.847181465157367
109.58415841584159,4.630996464969887
109.60396039603961,4.438478551961996
109.62376237623762,4.272588329137833
109.64356435643563,4.136178906222405
109.66336633663367,4.03177803396961
109.68316831683168,3.961339688003942
109.7029702970297,3.9260081088042793
109.72277227722773,3.9259490415336358
109.74257425742574,3.9602951563379634
109.76237623762376,4.027223674576585
109.78217821782178,4.124146006532598
109.8019801980198,4.247960435320597
109.82178217821782,4.395311681552196
109.84158415841584,4.562813885238236
109.86138613861387,4.747215120509365
109.88118811881188,4.945501006944561
109.9009900990099,5.1549469043783755
109.92079207920793,5.373132594491095
109.94059405940594,5.597932831847089
109.96039603960396,5.827494390771411
109.98019801980197,6.060207052784863
110.0,6.294673249644584
110.01980198019803,6.529679059021365
110.03960396039604,6.764167897553658
110.05940594059406,6.9972174183886775
110.07920792079209,7.22801964015058
110.0990099009901,7.455864084700996
110.11881188118811,7.680123591499037
110.13861386138615,7.900242446876414
110.15841584158416,8.115726479554612
110.17821782178217,8.326134806788815
110.19801980198021,8.531072955815993
110.21782178217822,8.730187125924083
110.23762376237623,8.923159394055347
110.25742574257426,9.109703700014602
110.27722772277228,9.28956247575847
110.29702970297029,9.46250380713017
110.31683168316832,9.628319036253169
110.33663366336634,9.786820729162459
110.35643564356435,9.937840946678483
110.37623762376238,10.081229767513335
110.39603960396039,10.216854021573944
110.41584158415841,10.344596198756792
110.43564356435644,10.464353504519377
110.45544554455445,10.576037038415032
110.47524752475248,10.679571075793584
110.4950495049505,10.77489243616804
110.51485148514851,10.861949924460987
110.53465346534654,10.94070383358218
110.55445544554456,11.01112549863945
110.57425742574257,11.073196894619421
110.59405940594058,11.126910270650045
110.61386138613862,11.172267815020179
110.63366336633663,11.209281346020534
110.65346534653465,11.237972024415182
110.67326732673268,11.258370083979866
110.6930693069307,11.270514577070912
110.7128712871287,11.27445313263592
110.73267326732673,11.270241724455618
110.75247524752476,11.257944447728788
110.77227722772277,11.237633302386763
110.79207920792079,11.209387981759273
110.81188118811882,11.173295665415203
110.83168316831683,11.12945081517539
110.85148514851485,11.077954973445122
110.87128712871288,11.018916563143732
110.89108910891089,10.95245068862242
110.91089108910892,10.87867893706034
110.93069306930693,10.797729179916027
110.95049504950495,10.709735374088584
110.97029702970298,10.61483736251102
110.99009900990099,10.51318067396028
111.00990099009901,10.40491632192338
111.02970297029704,10.290200602410867
111.04950495049505,10.169194890655488
111.06930693069306,10.042065436679188
111.0891089108911,9.908983159754069
111.10891089108911,9.770123441825534
111.12871287128712,9.625665920007867
111.14851485148516,9.475794278306441
111.16831683168317,9.320696038766307
111.18811881188118,9.16056235229726
111.20792079207921,8.995587789479806
111.22772277227723,8.825970131719119
111.24752475247524,8.651910163185162
111.26732673267327,8.473611464061035
111.2871287128713,8.291280205720826
111.3069306930693,8.105124948577373
111.32673267326733,7.915356443485456
111.34653465346534,7.722187437763472
111.36633663366337,7.525832487116283
111.38613861386139,7.326507775016067
111.4059405940594,7.12443094144157
111.42574257425743,6.919820923311456
111.44554455445545,6.712897809501277
111.46534653465346,6.503882714044373
111.48514851485149,6.292997672035298
111.50495049504951,6.08046556394955
111.52475247524752,5.866510075661587
111.54455445544554,5.6513557035165585
111.56435643564357,5.435227816576878
111.58415841584159,5.2183527918871
111.6039603960396,5.0009582436573465
111.62376237623764,4.783273374206336
111.64356435643565,4.56552948413301
111.66336633663366,4.347960692694962
111.68316831683168,4.130804938558091
111.70297029702971,3.9143053586839263
111.72277227722772,3.6987121833787877
111.74257425742574,3.4842853451062403
111.76237623762377,3.2712980882013736
111.78217821782178,3.0600420033922924
111.8019801980198,2.850834123518899
111.82178217821783,2.644027052789217
111.84158415841584,2.4400236424965325
111.86138613861387,2.239298610814315
111.88118811881188,2.0424309735924506
111.9009900990099,1.850153616881368
111.92079207920793,1.6634304673328888
111.94059405940594,1.4835784466471322
111.96039603960396,1.3124614525510114
111.98019801980199,1.1527946939486495
112.0,1.0085934262620713
112.01980198019801,0.8857165610631113
112.03960396039605,0.7921288416027931
112.05940594059406,0.7368220596014878
112.07920792079207,0.7262532251352166
112.09900990099011,0.7600293310504128
112.11881188118812,0.8306786294309046
112.13861386138613,0.9279448145863332
112.15841584158416,1.0427331314344046
112.17821782178218,1.168399352352171
112.1980198019802,1.300464051912386
112.21782178217822,1.435975523156303
112.23762376237624,1.5729812913753818
112.25742574257426,1.7101715634408967
112.27722772277228,1.84665388758976
112.29702970297029,1.9818127816871545
112.31683168316832,2.1152216864125397
112.33663366336634,2.2465868465570678
112.35643564356435,2.3757108335940273
112.37623762376238,2.5024683401253593
112.3960396039604,2.626789783069342
112.41584158415841,2.748649968784709
112.43564356435644,2.8680600974784705
112.45544554455446,2.9850620048659646
112.47524752475248,3.0997239218067834
112.49504950495049,3.2121372730484326
112.51485148514853,3.322414189996009
112.53465346534654,3.4306855126003
112.55445544554455,3.5370991219011088
112.57425742574259,3.6418184896647166
112.5940594059406,3.7450213625118645
112.61386138613861,3.846898519764954
112.63366336633663,3.9476525600526418
112.65346534653466,4.047496683522708
112.67326732673267,4.146653445667696
112.6930693069307,4.245353466146709
112.71287128712872,4.343834082177189
112.73267326732673,4.442337941447338
112.75247524752476,4.5411115342967285
112.77227722772278,4.6404036692539785
112.79207920792079,4.740463899957508
112.81188118811882,4.841540915012898
112.83168316831683,4.943880905416355
112.85148514851485,5.047725926733285
112.87128712871288,5.153312275190767
112.89108910891089,5.260868898152299
112.91089108910892,5.370615860037753
112.93069306930694,5.482762884599781
112.95049504950495,5.597507993568144
112.97029702970296,5.7150362600608755
112.990099009901,5.835518692904031
113.00990099009901,5.959111265201986
113.02970297029702,6.085954097286339
113.04950495049506,6.216170800691159
113.06930693069307,6.3498679862113665
113.08910891089108,6.4871349355556855
113.10891089108911,6.628043432749015
113.12871287128714,6.772647748397764
113.14851485148515,6.920984767302632
113.16831683168317,7.07307424775878
113.1881188118812,7.228919199259175
113.20792079207921,7.38850636422385
113.22772277227723,7.551806788797528
113.24752475247524,7.7187764676496995
113.26732673267327,7.8893570480205515
113.2871287128713,8.063476578912924
113.3069306930693,8.24105029226531
113.32673267326733,8.421981404077728
113.34653465346535,8.606161924734025
113.36633663366337,8.793473469105871
113.38613861386139,8.983788058381716
113.40594059405942,9.176968906892974
113.42574257425743,9.372871188474123
113.44554455445544,9.571342778066924
113.46534653465348,9.772224965345316
113.48514851485149,9.975353138085152
113.5049504950495,10.180557433829408
113.52475247524754,10.38766335910555
113.54455445544555,10.596492376042525
113.56435643564356,10.806862456718175
113.58415841584159,11.018588605953425
113.60396039603961,11.231483353567558
113.62376237623762,11.445357217330526
113.64356435643565,11.660019138003722
113.66336633663367,11.875276887960744
113.68316831683168,12.090937454933332
113.70297029702971,12.306807402443729
113.72277227722773,12.52269320847107
113.74257425742574,12.738401583861924
113.76237623762377,12.953739771940759
113.78217821782178,13.168515830708534
113.8019801980198,13.382538898941716
113.82178217821783,13.595619447423063
113.84158415841584,13.807569516451428
113.86138613861387,14.018202940694088
113.88118811881189,14.227335562362025
113.9009900990099,14.434785433608418
113.92079207920791,14.640373008973691
113.94059405940595,14.843921328627724
113.96039603960396,15.045256193091642
113.98019801980197,15.244206330058107
114.00000000000001,15.440603553870567
114.01980198019803,15.63428291816786
114.03960396039604,15.825082862152026
114.05940594059405,16.012845350892345
114.07920792079209,16.19741601003878
114.0990099009901,16.378644255282232
114.11881188118811,16.556383416866705
114.13861386138615,16.73049085943052
114.15841584158416,16.900828097428473
114.17821782178217,17.067260906365146
114.1980198019802,17.229659430050475
114.21782178217822,17.387898284072524
114.23762376237623,17.541856655668113
114.25742574257426,17.691418400160757
114.27722772277228,17.836472134124755
114.29702970297029,17.976911325427007
114.31683168316832,18.11263438029123
114.33663366336634,18.243544727524384
114.35643564356435,18.36955090004129
114.37623762376238,18.490566613821052
114.39603960396039,18.606510844426758
114.41584158415841,18.71730790121969
114.43564356435644,18.822887499398863
114.45544554455445,18.92318482999725
114.47524752475248,19.01814062796711
114.4950495049505,19.10770123848843
114.51485148514851,19.19181868163564
114.53465346534654,19.270450715540157
114.55445544554456,19.343560898187512
114.57425742574257,19.41111864799018
114.59405940594058,19.473099303278232
114.61386138613862,19.529484180851416
114.63366336633663,19.580260633737016
114.65346534653465,19.6254221082976
114.67326732673268,19.66496820083254
114.6930693069307,19.69890471381532
114.7128712871287,19.72724371190554
114.73267326732673,19.750003577870984
114.75247524752476,19.767209068548837
114.77227722772277,19.778891370967628
114.79207920792079,19.785088158741846
114.81188118811882,19.785843648838714
114.83168316831683,19.781208658801567
114.85148514851485,19.7712406644963
114.87128712871286,19.756003858424805
114.89108910891089,19.735569208623982
114.91089108910892,19.71001451813775
114.93069306930693,19.67942448501391
114.95049504950495,19.643890762735793
114.97029702970298,19.603512020950884
114.99009900990099,19.55839400630292
115.009900990099,19.5086496031108
115.02970297029704,19.454398893566037
115.04950495049505,19.395769217038005
115.06930693069306,19.332895227985357
115.0891089108911,19.265918951867523
115.10891089108911,19.194989838335314
115.12871287128712,19.120264810850685
115.14851485148515,19.0419083117432
115.16831683168317,18.960092341553917
115.18811881188118,18.87499649134481
115.20792079207921,18.786807966464725
115.22772277227723,18.695721600059287
115.24752475247524,18.601939854394235
115.26732673267327,18.505672807828063
115.2871287128713,18.40713812502442
115.3069306930693,18.30656100773649
115.32673267326733,18.204174123229798
115.34653465346534,18.100217507138634
115.36633663366337,17.99493843728029
115.38613861386139,17.888591274685957
115.4059405940594,17.781437267855182
115.42574257425743,17.673744316011483
115.44554455445545,17.565786686939845
115.46534653465346,17.45784468483535
115.48514851485149,17.350204263500057
115.50495049504951,17.243156580206914
115.52475247524752,17.136997485623674
115.54455445544554,17.032026945372227
115.56435643564357,16.928548389110066
115.58415841584159,16.826867983476923
115.6039603960396,16.72729382587048
115.62376237623764,16.630135056813597
115.64356435643565,16.53570088966602
115.66336633663366,16.44429955762034
115.68316831683168,16.356237179309858
115.70297029702971,16.271816545934644
115.72277227722772,16.1913358345685
115.74257425742574,16.115087254215485
115.76237623762377,16.04335563320373
115.78217821782178,15.976416958586091
115.8019801980198,15.914536880301924
115.82178217821782,15.857969194869362
115.84158415841584,15.806954325245016
115.86138613861387,15.761717815121646
115.88118811881188,15.722468857249401
115.9009900990099,15.689398876278272
115.92079207920793,15.662680187055361
115.94059405940594,15.642464749208965
115.96039603960395,15.628883038170724
115.98019801980199,15.622043051509886
116.0,15.622029467586218
116.01980198019801,15.628902971109554
116.03960396039605,15.642699757286303
116.05940594059406,15.66343122292843
116.07920792079207,15.691083849309344
116.0990099009901,15.725619277802078
116.11881188118812,15.766974575564003
116.13861386138613,15.815062684875846
116.15841584158416,15.86977304633219
116.17821782178218,15.930972383030076
116.1980198019802,15.998505630308884
116.21782178217822,16.072196993527566
116.23762376237624,16.151851114869142
116.25742574257426,16.237254329251456
116.27722772277228,16.328175989087008
116.29702970297029,16.424369837838185
116.31683168316832,16.525575413002876
116.33663366336634,16.631519460270585
116.35643564356435,16.741917342031243
116.37623762376238,16.856474425116517
116.3960396039604,16.974887434522547
116.41584158415841,17.09684576182644
116.43564356435644,17.222032718994868
116.45544554455446,17.350126730230503
116.47524752475248,17.480802456360163
116.49504950495049,17.613731847997798
116.51485148514853,17.748585125286443
116.53465346534654,17.885031683420003
116.55445544554455,18.022740924355393
116.57425742574259,18.16138301614991
116.5940594059406,18.30062958220128
116.61386138613861,18.44015432333681
116.63366336633663,18.57963357621003
116.65346534653466,18.718746811829856
116.67326732673267,18.857177078288284
116.6930693069307,18.99461139188323
116.71287128712872,19.130741080871243
116.73267326732673,19.265262086045734
116.75247524752476,19.397875222235644
116.77227722772277,19.528286404669696
116.79207920792079,19.65620684396615
116.81188118811882,19.781353213294913
116.83168316831683,19.903447791030622
116.85148514851485,20.022218581976258
116.87128712871288,20.13739941999412
116.89108910891089,20.248730054640966
116.9108910891089,20.35595622416844
116.93069306930694,20.458829717023086
116.95049504950495,20.55710842376395
116.97029702970296,20.650556381112253
116.990099009901,20.73894380965586
117.00990099009901,20.822047146554954
117.02970297029702,20.89964907443154
117.04950495049505,20.97153854747604
117.06930693069307,21.03751081566782
117.08910891089108,21.09736744788415
117.10891089108911,21.150916354560547
117.12871287128714,21.197971810466758
117.14851485148515,21.23835447807546
117.16831683168317,21.27189143192189
117.1881188118812,21.298416184286207
117.20792079207921,21.317768712470684
117.22772277227723,21.329795487894135
117.24752475247524,21.334349507182772
117.26732673267327,21.331290325402435
117.2871287128713,21.32048409154809
117.3069306930693,21.301803586385265
117.32673267326733,21.275128262722088
117.34653465346535,21.240344288181408
117.36633663366337,21.197344590538094
117.38613861386139,21.146028905688933
117.40594059405942,21.086303828329715
117.42574257425743,21.018082865427385
117.44554455445544,20.94128649259507
117.46534653465348,20.855842213502655
117.48514851485149,20.76168462248872
117.5049504950495,20.65875547057928
117.52475247524754,20.547003735167003
117.54455445544555,20.426385693661704
117.56435643564356,20.296865001490637
117.58415841584159,20.15841277490666
117.60396039603961,20.01100767915538
117.62376237623762,19.854636022661307
117.64356435643565,19.689291858020702
117.66336633663367,19.51497709073814
117.68316831683168,19.33170159681817
117.70297029702971,19.139483350529765
117.72277227722772,18.938348563901894
117.74257425742574,18.72833183979422
117.76237623762377,18.50947634072359
117.78217821782178,18.281833976026718
117.8019801980198,18.04546561041461
117.82178217821783,17.800441297542005
117.84158415841584,17.546840542893364
117.86138613861385,17.28475260110326
117.88118811881189,17.01427681381172
117.9009900990099,16.73552299534446
117.92079207920791,16.448611874951848
117.94059405940595,16.153675606099807
117.96039603960396,15.85085835545832
117.98019801980197,15.540316986876032
118.0,15.222221858888307
118.01980198019803,14.896757758338866
118.03960396039604,14.564124997707736
118.05940594059406,14.22454070999188
118.07920792079209,13.878240382820383
118.0990099009901,13.525479683339443
118.11881188118812,13.166536637845535
118.13861386138615,12.801714245912134
118.15841584158416,12.43134362880612
118.17821782178218,12.05578783756462
118.1980198019802,11.675446478803732
118.21782178217822,11.290761358214295
118.23762376237624,10.90222339537215
118.25742574257426,10.510381132193912
118.27722772277228,10.115851245005302
118.2970297029703,9.71933158119026
118.31683168316832,9.321617380241634
118.33663366336634,8.923621509075774
118.35643564356437,8.5263997422636
118.37623762376238,8.13118233978249
118.39603960396039,7.739413388881679
118.41584158415843,7.352799514740063
118.43564356435644,6.9733694859981155
118.45544554455445,6.603545676142758
118.47524752475249,6.2462268081489505
118.4950495049505,5.904878116269215
118.51485148514851,5.583618861520563
118.53465346534654,5.287286755166992
118.55445544554456,5.0214437744395255
118.57425742574257,4.792270624877556
118.5940594059406,4.60628696558684
118.61386138613862,4.469849970624047
118.63366336633663,4.388446148673179
118.65346534653466,4.365900691321035
118.67326732673267,4.403733808023584
118.6930693069307,4.500903138002103
118.71287128712872,4.654037071906172
118.73267326732673,4.8580580905804345
118.75247524752476,5.106959965645564
118.77227722772278,5.394510407776363
118.79207920792079,5.71475387848284
118.8118811881188,6.06229735183891
118.83168316831684,6.4324240015528575
118.85148514851485,6.821095833686961
118.87128712871286,7.2248969305040145
118.8910891089109,7.640952375729804
118.91089108910892,8.06684325398935
118.93069306930693,8.500527926500487
118.95049504950495,8.940273652696957
118.97029702970298,9.38459933333767
118.99009900990099,9.832228589341439
119.00990099009901,10.282051790909739
119.02970297029704,10.733095540611249
119.04950495049505,11.184498225338857
119.06930693069307,11.635490445007981
119.0891089108911,12.08537933188933
119.10891089108911,12.533535963427344
119.12871287128714,12.979385232740709
119.14851485148515,13.422397673495324
119.16831683168317,13.862082842199413
119.18811881188118,14.29798394521426
119.20792079207921,14.72967346399242
119.22772277227723,15.156749583899808
119.24752475247524,15.57883327251057
119.26732673267327,15.995565884961362
119.2871287128713,16.406607198776566
119.3069306930693,16.811633800063035
119.32673267326733,17.210337758314754
119.34653465346534,17.60242553918603
119.36633663366337,17.98761711419761
119.38613861386139,18.36564523398423
119.4059405940594,18.736254837797418
119.42574257425743,19.09920257687399
119.44554455445545,19.4542564332229
119.46534653465346,19.80119541856908
119.48514851485147,20.139809340779347
119.50495049504951,20.469898627200497
119.52475247524752,20.79127419606256
119.54455445544554,21.103757368513218
119.56435643564357,21.407179815012995
119.58415841584159,21.701383530783037
119.6039603960396,21.986220835794885
119.62376237623762,22.261554395455093
119.64356435643565,22.52725725869067
119.66336633663366,22.78321291060532
119.68316831683168,23.0293153372635
119.70297029702971,23.26546910048671
119.72277227722772,23.49158942082022
119.74257425742574,23.707602267060103
119.76237623762376,23.91344445092519
119.78217821782178,24.109063725622192
119.8019801980198,24.294418887190474
119.82178217821782,24.46947987762716
119.84158415841584,24.63422788888903
119.86138613861387,24.788655466945745
119.88118811881188,24.932766615121793
119.9009900990099,25.06657689601364
119.92079207920793,25.19011353130589
119.94059405940594,25.303415498834827
119.96039603960395,25.406533626263116
119.98019801980199,25.499530680733002
120.0,25.582481453860233
120.01980198019803,25.65547284141507
120.03960396039604,25.7186039170118
120.05940594059406,25.771985999093253
120.07920792079209,25.81574271045131
120.0990099009901,25.85001002947016
120.11881188118812,25.874936332212403
120.13861386138615,25.89068242439214
120.15841584158414,25.897421562191422
120.17821782178218,25.89533946077694
120.19801980198021,25.884634289263165
120.2178217821782,25.865516650744606
120.23762376237624,25.838209545884975
120.25742574257427,25.802948318403086
120.27722772277227,25.759980580636608
120.29702970297029,25.70956611719295
120.31683168316833,25.651976764516217
120.33663366336633,25.587496264007072
120.35643564356435,25.516420086134573
120.37623762376239,25.439055222774183
120.39603960396039,25.35571994479985
120.41584158415841,25.266743521751984
120.43564356435644,25.172465900203658
120.45544554455445,25.073237337257915
120.47524752475248,24.969417985439076
120.4950495049505,24.86137742509463
120.51485148514851,24.749494140314138
120.53465346534654,24.63415493430516
120.55445544554456,24.515754280156315
120.57425742574256,24.394693602976336
120.5940594059406,24.271380489538515
120.61386138613862,24.146227821797527
120.63366336633662,24.019652830993678
120.65346534653466,23.892076069533587
120.67326732673268,23.763920298450003
120.69306930693068,23.635609289009114
120.7128712871287,23.507566537961818
120.73267326732675,23.380213897033713
120.75247524752474,23.253970118518414
120.77227722772277,23.129249320279975
120.7920792079208,23.006459375071056
120.8118811881188,22.886000230819793
120.83168316831683,22.768262170403304
120.85148514851485,22.65362402137685
120.87128712871286,22.54245132811961
120.89108910891089,22.435094500840528
120.91089108910892,22.33188695779807
120.93069306930693,22.233143278859274
120.95049504950495,22.139157390084254
120.97029702970298,22.0502008002969
120.99009900990099,21.966520911519645
121.00990099009901,21.888339425641593
121.02970297029704,21.815850869697396
121.04950495049505,21.749221261615197
121.06930693069307,21.68858693721856
121.0891089108911,21.63405355763261
121.1089108910891,21.58569531406634
121.12871287128714,21.543554344259675
121.14851485148516,21.50764037175866
121.16831683168316,21.47793057570074
121.1881188118812,21.454369695053902
121.20792079207922,21.436870367376965
121.22772277227722,21.425313698272873
121.24752475247524,21.419550053920112
121.26732673267328,21.419400065505336
121.28712871287128,21.424655831154134
121.3069306930693,21.43508229815626
121.32673267326734,21.450418805980892
121.34653465346534,21.470380768823873
121.36633663366337,21.494661475248623
121.38613861386139,21.52293398187706
121.4059405940594,21.554853078033652
121.42574257425743,21.590057298708505
121.44554455445545,21.62817096412347
121.46534653465346,21.668806225496215
121.48514851485149,21.711565098223286
121.50495049504951,21.756041465567897
121.52475247524751,21.801823037965434
121.54455445544555,21.84849325517528
121.56435643564357,21.89563312064559
121.58415841584157,21.942822959561063
121.60396039603961,21.989644094061394
121.62376237623764,22.03568043101458
121.64356435643563,22.08051995947234
121.66336633663366,22.123756156507564
121.6831683168317,22.164989301523697
121.7029702970297,22.203827700328794
121.72277227722772,22.239888821287543
121.74257425742576,22.272800346706347
121.76237623762376,22.30220114328497
121.78217821782178,22.327742155993555
121.8019801980198,22.349087230123263
121.82178217821782,22.365913866528434
121.84158415841584,22.377913915243912
121.86138613861387,22.384794212739642
121.88118811881188,22.386277168080905
121.9009900990099,22.382101303210327
121.92079207920793,22.3720217524708
121.94059405940594,22.35581072635721
121.96039603960396,22.333257944329752
121.98019801980199,22.304171041351164
122.0,22.268375952631555
122.01980198019803,22.225717280882588
122.03960396039605,22.17605865020351
122.05940594059405,22.119283050546336
122.07920792079209,22.055293176539767
122.09900990099011,21.984011764291488
122.11881188118811,21.90538192963571
122.13861386138615,21.819367511147348
122.15841584158417,21.725953421101668
122.17821782178217,21.625146007416728
122.1980198019802,21.51697342947023
122.21782178217823,21.401486050525133
122.23762376237623,21.27875684932424
122.25742574257426,21.14888185321023
122.2772277227723,21.01198059488593
122.29702970297029,20.868196594633698
122.31683168316832,20.71769786944659
122.33663366336634,20.56067747006919
122.35643564356435,20.397354046376574
122.37623762376238,20.227972440811577
122.3960396039604,20.052804308720308
122.41584158415841,19.872148763336977
122.43564356435644,19.686333041833052
122.45544554455446,19.49571318721349
122.47524752475246,19.300674738867137
122.4950495049505,19.101633422202898
122.51485148514853,18.899035824974344
122.53465346534652,18.69336004455622
122.55445544554456,18.4851162865366
122.57425742574259,18.274847390487622
122.59405940594058,18.063129253651944
122.61386138613861,17.850571117535093
122.63366336633665,17.63781567607111
122.65346534653465,17.425538957228664
122.67326732673267,17.21444992282383
122.69306930693071,17.00528972417164
122.7128712871287,16.798830544430288
122.73267326732673,16.59587395259101
122.75247524752476,16.39724868972059
122.77227722772277,16.203807806104372
122.79207920792079,16.01642506934379
122.81188118811882,15.835990569321261
122.83168316831683,15.663405457385208
122.85148514851485,15.499575775190452
122.87128712871288,15.345405354199448
122.89108910891089,15.201787800350612
122.91089108910892,15.069597619656324
122.93069306930694,14.949680588504034
122.95049504950495,14.842843525199093
122.97029702970298,14.749843673727586
122.990099009901,14.671377962730713
123.009900990099,14.608072447393605
123.02970297029704,14.560472274152712
123.04950495049506,14.529032522905636
123.06930693069306,14.51411027487851
123.0891089108911,14.51595822433373
123.10891089108912,14.534720099064767
123.12871287128712,14.570428080892434
123.14851485148515,14.623002328376314
123.16831683168319,14.692252606834128
123.18811881188118,14.777881933704109
123.20792079207921,14.87949205842961
123.22772277227725,14.996590522430154
123.24752475247524,15.128598991421164
123.26732673267327,15.274862521976317
123.2871287128713,15.434659416859734
123.3069306930693,15.607211337116691
123.32673267326733,15.791693369351611
123.34653465346535,15.987243789237954
123.36633663366337,16.19297331204189
123.38613861386139,16.407973673099185
123.40594059405942,16.631325431823573
123.42574257425741,16.86210493900005
123.44554455445545,17.0993904469147
123.46534653465348,17.342267374337087
123.48514851485147,17.58983276332666
123.50495049504951,17.841198982689587
123.52475247524754,18.09549674445736
123.54455445544554,18.351877505984575
123.56435643564356,18.6095153322318
123.5841584158416,18.86760829152548
123.6039603960396,19.125379454496223
123.62376237623762,19.38207756076998
123.64356435643566,19.636977411966065
123.66336633663366,19.889380043138146
123.68316831683168,20.13861271835045
123.70297029702971,20.38402878987211
123.72277227722772,20.625007454669795
123.74257425742574,20.860953436584857
123.76237623762377,21.091296617843966
123.78217821782178,21.31549163938377
123.8019801980198,21.53301748585229
123.82178217821783,21.743377068052617
123.84158415841584,21.946096812971575
123.86138613861387,22.140726269342597
123.88118811881189,22.3268377348773
123.9009900990099,22.50402590981788
123.92079207920793,22.67190758026652
123.94059405940595,22.83012133380055
123.96039603960395,22.978327309142866
123.98019801980199,23.11620698109867
124.00000000000001,23.243462981559826
124.01980198019801,23.359818957097204
124.03960396039605,23.465019463486154
124.05940594059408,23.55882989742631
124.07920792079207,23.641036465708588
124.0990099009901,23.711446192139388
124.11881188118814,23.769886962645447
124.13861386138613,23.81620760914423
124.15841584158416,23.850278032969847
124.1782178217822,23.87198936888881
124.1980198019802,23.8812541910191
124.21782178217822,23.878006762279597
124.23762376237624,23.862203329342265
124.25742574257426,23.833822465434988
124.27722772277228,23.792865463749678
124.2970297029703,23.739356784645334
124.31683168316832,23.673344560299117
124.33663366336634,23.59490116094891
124.35643564356437,23.50412382738469
124.37623762376236,23.40113537487997
124.3960396039604,23.286084974302952
124.41584158415843,23.15914901669987
124.43564356435643,23.020532068188974
124.45544554455446,22.870467922524956
124.47524752475249,22.70922075916607
124.49504950495049,22.537086415068533
124.51485148514851,22.354393778702136
124.53465346534655,22.161506314871616
124.55445544554455,21.95882372876772
124.57425742574257,21.746783777167792
124.59405940594061,21.525864233737927
124.61386138613861,21.296585013810528
124.63366336633663,21.059510461634655
124.65346534653466,20.815251799694625
124.67326732673267,20.564469734987373
124.6930693069307,20.307877210811434
124.71287128712872,20.046242284262124
124.73267326732673,19.780391098812785
124.75247524752476,19.511210907603616
124.77227722772278,19.239653085858574
124.79207920792079,18.966736049715358
124.81188118811882,18.69354797327945
124.83168316831684,18.42124916566631
124.85148514851485,18.15107393525074
124.87128712871288,17.884331729862698
124.8910891089109,17.622407300531826
124.9108910891089,17.366759594847924
124.93069306930694,17.118919047593995
124.95049504950497,16.8804829060553
124.97029702970296,16.653108211992013
124.990099009901,16.438502069915497
125.00990099009903,16.23840887134876
125.02970297029702,16.05459422659803
125.04950495049505,15.888825487116392
125.06930693069309,15.742848926951435
125.08910891089108,15.618363888790038
125.10891089108911,15.5169944775454
125.12871287128715,15.440259680429211
125.14851485148515,15.389543074646186
125.16831683168317,15.366063512127447
125.1881188118812,15.370848302997988
125.20792079207921,15.404710419886063
125.22772277227723,15.468231093034298
125.24752475247526,15.56174886318021
125.26732673267327,15.685355732435633
125.2871287128713,15.83890055245835
125.30693069306932,16.021999277381333
125.32673267326732,16.23405125096321
125.34653465346535,16.474260346750626
125.36633663366338,16.741659569588617
125.38613861386138,17.035137664904862
125.40594059405942,17.353466354505752
125.42574257425744,17.69532699351793
125.44554455445544,18.05933568403236
125.46534653465346,18.444066148480374
125.4851485148515,18.848069927338845
125.5049504950495,19.26989369817362
125.52475247524752,19.70809370286517
125.54455445544556,20.161247412331388
125.56435643564356,20.62796265484503
125.58415841584159,21.10688449090077
125.60396039603961,21.59670014226407
125.62376237623762,22.0961422834678
125.64356435643565,22.603990988110958
125.66336633663367,23.119074596171114
125.68316831683168,23.64026973710938
125.70297029702971,24.16650071043874
125.72277227722773,24.696738393109033
125.74257425742574,25.229998813069813
125.76237623762377,25.765341501543013
125.7821782178218,26.30186771320652
125.8019801980198,26.838718583659926
125.82178217821783,27.375073277009793
125.84158415841586,27.910147162853466
125.86138613861385,28.443190050991245
125.88118811881189,28.97348450347656
125.90099009900992,29.50034423676854
125.92079207920791,30.023112621452967
125.94059405940595,30.54116128296187
125.96039603960398,31.053888803703032
125.98019801980197,31.56071952480061
126.0,32.06110244407699
126.01980198019804,32.55451020583161
126.03960396039604,33.04043817728161
126.05940594059406,33.518403606130605
126.0792079207921,33.98794485355204
126.0990099009901,34.448620696855585
126.11881188118812,34.9000096962043
126.13861386138615,35.34170961993128
126.15841584158416,35.773336923240834
126.17821782178218,36.194526275350555
126.19801980198021,36.604930130421664
126.21782178217822,37.00421833792425
126.23762376237624,37.39207778838264
126.25742574257427,37.768212090739766
126.27722772277227,38.132341277861975
126.2970297029703,38.48420153697614
126.31683168316833,38.82354496208639
126.33663366336633,39.150139325658444
126.35643564356437,39.463767867084094
126.37623762376239,39.76422909564788
126.39603960396039,40.051336605911935
126.41584158415841,40.324918903614645
126.43564356435645,40.58481924034529
126.45544554455445,40.830895455408566
126.47524752475248,41.06301982343537
126.49504950495052,41.281078906424284
126.51485148514851,41.484973409018615
126.53465346534654,41.67461803593258
126.55445544554456,41.849941350541634
126.57425742574257,42.01088563374393
126.5940594059406,42.157406742285865
126.61386138613862,42.28947396582248
126.63366336633663,42.40706988205601
126.65346534653466,42.51019020936254
126.67326732673268,42.598843656378065
126.6930693069307,42.6730517680721
126.71287128712872,42.73284876788925
126.73267326732672,42.77828139558851
126.75247524752476,42.80940874045393
126.77227722772278,42.82630206959359
126.79207920792078,42.82904465108155
126.8118811881188,42.81773157173476
126.83168316831684,42.79246954934989
126.85148514851484,42.75337673925785
126.87128712871286,42.70058253508221
126.8910891089109,42.63422736361705
126.9108910891089,42.554462473764595
126.93069306930693,42.46144971949919
126.95049504950495,42.355361336846585
126.97029702970296,42.23637971489014
126.99009900990099,42.104697160836686
127.00990099009901,41.960515659195174
127.02970297029702,41.80404662513982
127.04950495049505,41.6355106521487
127.06930693069307,41.455137254026035
127.08910891089107,41.26316460143391
127.10891089108911,41.05983925307543
127.12871287128714,40.845415881688034
127.14851485148513,40.62015699502069
127.16831683168317,40.38433265198531
127.1881188118812,40.1382201741864
127.2079207920792,39.88210385304976
127.22772277227722,39.61627465278451
127.24752475247526,39.34102990942826
127.26732673267325,39.05667302623991
127.28712871287128,38.763513165719665
127.30693069306932,38.46186493855038
127.32673267326732,38.15204808976989
127.34653465346534,37.83438718249914
127.36633663366337,37.509211279566664
127.38613861386138,37.176853623385334
127.4059405940594,36.83765131445443
127.42574257425743,36.491944988875424
127.44554455445544,36.140078495287646
127.46534653465346,35.782398571647214
127.48514851485149,35.41925452228936
127.5049504950495,35.050997895733666
127.52475247524752,34.677982163708855
127.54455445544555,34.30056240189296
127.56435643564356,33.9190949728834
127.58415841584159,33.533937211930386
127.60396039603961,33.14544711598585
127.62376237623761,32.75398303663852
127.64356435643565,32.35990337752468
127.66336633663367,31.963566296820428
127.68316831683167,31.565329415439017
127.70297029702971,31.16554953157075
127.72277227722773,30.76458234221683
127.74257425742573,30.36278217237878
127.76237623762376,29.960501712573194
127.7821782178218,29.558091765344987
127.80198019801979,29.155901001452005
127.82178217821782,28.75427572638761
127.84158415841586,28.35355965789473
127.86138613861385,27.954093715104634
127.88118811881188,27.556215819903738
127.9009900990099,27.16026071109173
127.92079207920791,26.766559771841887
127.94059405940594,26.375440870908356
127.96039603960396,25.987228217944036
127.98019801980197,25.60224223319326
128.0,25.220799431705935
128.01980198019803,24.843212322080547
128.03960396039602,24.469789319581437
128.05940594059405,24.10083467328962
128.0792079207921,23.736648406734183
128.0990099009901,23.37752627121234
128.11881188118812,23.023759710739775
128.13861386138615,22.67563583727941
128.15841584158414,22.333437414576743
128.17821782178217,21.99744284858544
128.1980198019802,21.66792618210176
128.21782178217822,21.345157090844133
128.23762376237624,21.029400877822436
128.25742574257427,20.72091846244748
128.27722772277227,20.419966360445965
128.2970297029703,20.126796650281776
128.31683168316832,19.841656921456362
128.3366336633663,19.56479019978579
128.35643564356437,19.2964348445495
128.3762376237624,19.036824412296635
128.3960396039604,18.78618748210287
128.41584158415841,18.544747437215904
128.43564356435644,18.312722198334527
128.45544554455444,18.090323904254102
128.47524752475246,17.877758536298405
128.49504950495052,17.675225483855314
128.5148514851485,17.48291704944887
128.53465346534654,17.301017893107456
128.55445544554456,17.12970441731533
128.57425742574256,16.969144095535803
128.59405940594058,16.819494749130655
128.6138613861386,16.68090377942039
128.63366336633663,16.553507363569032
128.65346534653466,16.437429624859732
128.67326732673268,16.332781789670957
128.69306930693068,16.239661344978213
128.7128712871287,16.158151211406985
128.73267326732673,16.088318947667183
128.75247524752473,16.030216002538832
128.77227722772278,15.983877030402741
128.7920792079208,15.949319285589201
128.8118811881188,15.926542109552662
128.83168316831683,15.915526523098034
128.85148514851485,15.916234933641679
128.87128712871285,15.92861096487099
128.89108910891088,15.952579413276919
128.91089108910893,15.988046332994465
128.93069306930693,16.03489924732795
128.95049504950495,16.093007482389428
128.97029702970298,16.16222261556107
128.99009900990097,16.2423790291107
129.009900990099,16.3332945573271
129.02970297029702,16.43477121405454
129.04950495049505,16.54659598652478
129.06930693069307,16.668541680910042
129.0891089108911,16.80036780503007
129.1089108910891,16.941821474095217
129.12871287128712,17.092638326194667
129.14851485148515,17.25254343537305
129.16831683168317,17.42125221150173
129.1881188118812,17.59847127766597
129.20792079207922,17.783899317381646
129.22772277227722,17.977227885558722
129.24752475247524,18.17814217868587
129.26732673267327,18.38632176117605
129.28712871287127,18.601441246150742
129.30693069306932,18.823170930127343
129.32673267326734,19.051177382096775
129.34653465346534,19.28512398833056
129.36633663366337,19.524671454942336
129.3861386138614,19.769478270754306
129.4059405940594,20.019201133399168
129.4257425742574,20.273495341835154
129.44554455445547,20.532015158584773
129.46534653465346,20.79441414504352
129.4851485148515,21.060345473158154
129.5049504950495,21.32946221666556
129.5247524752475,21.60141762492254
129.54455445544554,21.87586538216152
129.56435643564356,22.152459854786503
129.58415841584159,22.430856329088034
129.6039603960396,22.71071124151436
129.62376237623764,22.991682403393906
129.64356435643563,23.273429221768343
129.66336633663366,23.555612917768375
129.68316831683168,23.83789674375028
129.7029702970297,24.119946200211174
129.72277227722773,24.40142925331677
129.74257425742576,24.682016553707026
129.76237623762376,24.961381657093877
129.78217821782178,25.239201247029104
129.8019801980198,25.515155360100337
129.8217821782178,25.788927613707877
129.84158415841586,26.060205436483
129.86138613861388,26.328680301329683
129.88118811881188,26.594047961004392
129.9009900990099,26.85600868609182
129.92079207920793,27.114267505187872
129.94059405940592,27.368534447062522
129.96039603960395,27.618524784544768
129.980198019802,27.863959279847908
130.0,28.104564431035634
130.01980198019803,28.340072719316844
130.03960396039605,28.570222856848645
130.05940594059405,28.794760034723325
130.07920792079207,29.013436170813744
130.0990099009901,29.226010157154022
130.11881188118812,29.432248106536466
130.13861386138615,29.63192359801217
130.15841584158417,29.82481792099104
130.17821782178217,30.01072031764576
130.1980198019802,30.18942822333528
130.21782178217822,30.360747504774018
130.23762376237622,30.524492695685133
130.25742574257427,30.680487229687948
130.2772277227723,30.828563670182213
130.2970297029703,30.968563937003765
130.31683168316832,31.10033952963855
130.33663366336634,31.223751746793305
130.35643564356434,31.338671902132837
130.37623762376236,31.444981536003926
130.39603960396042,31.542572622976014
130.41584158415841,31.631347775037376
130.43564356435644,31.711220440293
130.45544554455446,31.78211509701691
130.47524752475246,31.843967442915922
130.4950495049505,31.89672457946498
130.5148514851485,31.940345191174966
130.53465346534654,31.974799719652342
130.55445544554456,32.000070532305706
130.5742574257426,32.016152085547674
130.59405940594058,32.02305108232951
130.6138613861386,32.020786623832194
130.63366336633663,32.00939035511886
130.65346534653463,31.988906604530822
130.67326732673268,31.959392516580532
130.6930693069307,31.920918178060884
130.7128712871287,31.873566737049426
130.73267326732673,31.817434514437977
130.75247524752476,31.752631107561896
130.77227722772275,31.679279485438705
130.79207920792078,31.59751607505062
130.81188118811883,31.507490838021095
130.83168316831683,31.40936733693726
130.85148514851485,31.30332279046231
130.87128712871288,31.189548116257175
130.89108910891088,31.0682479605945
130.9108910891089,30.939640713393835
130.93069306930693,30.803958507237613
130.95049504950495,30.661447198741044
130.97029702970298,30.51236633044384
130.990099009901,30.35698907116946
131.009900990099,30.19560213255669
131.02970297029702,30.02850565920974
131.04950495049505,29.85601308963705
131.06930693069307,29.678450984859094
131.0891089108911,29.496158821260476
131.10891089108912,29.30948874394842
131.12871287128712,29.118805276560252
131.14851485148515,28.92448498314331
131.16831683168317,28.72691607741899
131.18811881188117,28.526497974446507
131.20792079207922,28.323640779432736
131.22772277227725,28.118764708204704
131.24752475247524,27.91229943368465
131.26732673267327,27.70468335260218
131.2871287128713,27.496362766662337
131.3069306930693,27.287790972482426
131.32673267326732,27.079427254838315
131.34653465346537,26.871735778144828
131.36633663366337,26.66518437166015
131.3861386138614,26.460243204673912
131.40594059405942,26.257383348935786
131.4257425742574,26.057075226824903
131.44554455445544,25.859786945265313
131.46534653465346,25.665982517167173
131.4851485148515,25.476119974217326
131.5049504950495,25.290649377145588
131.52475247524754,25.110010732131627
131.54455445544554,24.93463182475338
131.56435643564356,24.76492598575981
131.58415841584159,24.60128980590779
131.6039603960396,24.44410082005129
131.62376237623764,24.293715183509853
131.64356435643566,24.15046536636191
131.66336633663366,24.014657893585834
131.68316831683168,23.88657116078621
131.7029702970297,23.766453356473587
131.7227722772277,23.654520522405562
131.74257425742576,23.55095478325317
131.76237623762378,23.455902775765168
131.78217821782178,23.369474305629684
131.8019801980198,23.2917412573827
131.82178217821783,23.222736779031663
131.84158415841583,23.16245475863417
131.86138613861385,23.11084960502433
131.8811881188119,23.067836339369965
131.9009900990099,23.033290998459645
131.92079207920793,23.00705134476072
131.94059405940595,22.988917872566994
131.96039603960395,22.9786550941673
131.98019801980197,22.975993085099258
132.0,22.980629263360726
132.01980198019803,22.9922303740577
132.03960396039605,23.010434648449905
132.05940594059408,23.034854104755375
132.07920792079207,23.06507695738625
132.0990099009901,23.100670101469834
132.11881188118812,23.1411816404855
132.13861386138612,23.18614342651966
132.15841584158417,23.235073584886205
132.1782178217822,23.287478997553315
132.1980198019802,23.342857722823393
132.21782178217822,23.400701331908127
132.23762376237624,23.460497146303048
132.25742574257424,23.521730363095728
132.27722772277227,23.58388605844752
132.29702970297032,23.646451062402807
132.31683168316832,23.708915700847893
132.33663366336634,23.770775402830008
132.35643564356437,23.831532173533933
132.37623762376236,23.890695934993357
132.3960396039604,23.947785738090946
132.41584158415841,24.002330850587782
132.43564356435644,24.053871726839624
132.45544554455446,24.10196086552845
132.4752475247525,24.14616356219024
132.4950495049505,24.186058563581703
132.5148514851485,24.221238631028086
132.53465346534654,24.2513110198585
132.55445544554453,24.275897881889442
132.5742574257426,24.294636597684736
132.5940594059406,24.307180045022015
132.6138613861386,24.313196809650012
132.63366336633663,24.31237134404294
132.65346534653466,24.304404079462024
132.67326732673266,24.289011496229904
132.69306930693068,24.265926156720734
132.71287128712873,24.234896705173696
132.73267326732673,24.195687838057054
132.75247524752476,24.148080248345494
132.77227722772278,24.09187054673087
132.79207920792078,24.02687116246476
132.8118811881188,23.952910226234057
132.83168316831683,23.86983143719552
132.85148514851485,23.77749391604487
132.87128712871288,23.67577204576701
132.8910891089109,23.564555301507887
132.9108910891089,23.443748070822412
132.93069306930693,23.31326946538715
132.95049504950495,23.17305312511839
132.97029702970298,23.0230470155056
132.990099009901,22.86321321885488
133.00990099009903,22.693527720036602
133.02970297029702,22.51398018724356
133.04950495049505,22.324573748190186
133.06930693069307,22.12532476211881
133.08910891089107,21.916262587923566
133.10891089108912,21.697429348656545
133.12871287128715,21.46887969264276
133.14851485148515,21.23068055139895
133.16831683168317,20.982910894527972
133.1881188118812,20.725661481741163
133.2079207920792,20.459034612148965
133.22772277227722,20.183143870952215
133.24752475247527,19.898113873663867
133.26732673267327,19.604080007992852
133.2871287128713,19.301188173528207
133.30693069306932,18.989594519373462
133.32673267326732,18.669465179897017
133.34653465346534,18.340976008786544
133.36633663366337,18.00431231162263
133.3861386138614,17.659668577222448
133.40594059405942,17.307248208046268
133.42574257425744,16.94726325001324
133.44554455445544,16.57993412213775
133.46534653465346,16.20548934647747
133.4851485148515,15.824165278984122
133.5049504950495,15.436205841971583
133.52475247524754,15.041862259070987
133.54455445544556,14.641392793738774
133.56435643564356,14.235062492633523
133.58415841584159,13.823142935497694
133.6039603960396,13.405911993595758
133.6237623762376,12.983653599302677
133.64356435643566,12.556657530151094
133.6633663366337,12.125219211598614
133.68316831683168,11.689639544055524
133.7029702970297,11.25022476145373
133.72277227722773,10.807286331028823
133.74257425742573,10.361140907313672
133.76237623762376,9.912110358028587
133.7821782178218,9.460521886248596
133.8019801980198,9.006708282934902
133.82178217821783,8.551008358218679
133.84158415841586,8.093767621267292
133.86138613861385,7.6353393113295125
133.88118811881188,7.176085933692185
133.9009900990099,6.716381535947418
133.92079207920793,6.256615093784549
133.94059405940595,5.797195601135868
133.96039603960398,5.33855985228201
133.98019801980197,4.881184612496638
134.0,4.425606207239065
134.01980198019803,3.9724531887590846
134.03960396039602,3.5225032115137016
134.05940594059408,3.0767873847022638
134.0792079207921,2.6367943586050435
134.0990099009901,2.204901915290512
134.11881188118812,1.7853811254230105
134.13861386138615,1.3870114485621174
134.15841584158414,1.0306784407466043
134.17821782178217,0.7707755352231067
134.19801980198022,0.7135831752401037
134.21782178217822,0.8925561771537581
134.23762376237624,1.2019044941451893
134.25742574257427,1.5621087905278255
134.27722772277227,1.9416172366198106
134.2970297029703,2.327930487254951
134.31683168316832,2.715363964582205
134.33663366336634,3.1009494095067227
134.35643564356437,3.4829408428468795
134.3762376237624,3.860202010878548
134.3960396039604,4.231927775650621
134.41584158415841,4.5975060759976385
134.43564356435644,4.95644458222709
134.45544554455444,5.30832942083911
134.4752475247525,5.652800815627967
134.49504950495052,5.989538131593255
134.5148514851485,6.318250383652823
134.53465346534654,6.638670045539481
134.55445544554456,6.950548918997309
134.57425742574256,7.253655327068707
134.59405940594058,7.547772180284763
134.61386138613864,7.832695631396088
134.63366336633663,8.1082341349029
134.65346534653466,8.374207789988878
134.67326732673268,8.630447885041521
134.69306930693068,8.876796587627943
134.7128712871287,9.113106740803264
134.73267326732673,9.33924173810373
134.75247524752476,9.555075457453109
134.77227722772278,9.76049223970736
134.7920792079208,9.955386901458494
134.8118811881188,10.139664774524434
134.83168316831683,10.31324176660346
134.85148514851485,10.476044439097821
134.87128712871288,10.628010099266534
134.8910891089109,10.769086904759739
134.91089108910893,10.899233979291749
134.93069306930693,11.018421538782126
134.95049504950495,11.126631027771875
134.97029702970298,11.22385526633466
134.99009900990097,11.310098608072698
135.00990099009903,11.385377110130165
135.02970297029705,11.449718716486837
135.04950495049505,11.503163456122804
135.06930693069307,11.545763657979899
135.0891089108911,11.577584184995484
135.1089108910891,11.598702689857245
135.12871287128712,11.609209895529997
135.14851485148517,11.609209904044322
135.16831683168317,11.598820537519337
135.1881188118812,11.578173715923437
135.20792079207922,11.547415876665152
135.22772277227722,11.506708441756942
135.24752475247524,11.456228339013082
135.26732673267327,11.396168584534736
135.2871287128713,11.326738934602023
135.30693069306932,11.248166616036228
135.32673267326734,11.160697145111481
135.34653465346534,11.064595246172862
135.36633663366337,10.960145882241608
135.3861386138614,10.847655411024338
135.40594059405942,10.727452880845421
135.42574257425744,10.599891482017844
135.44554455445547,10.465350169951646
135.46534653465346,10.324235476722137
135.4851485148515,10.176983527672027
135.5049504950495,10.02406227861529
135.5247524752475,9.865973986955424
135.54455445544556,9.703257926007112
135.5643564356436,9.5364933453369
135.58415841584159,9.366302670137562
135.6039603960396,9.193354918421155
135.62376237623764,9.018369294811201
135.64356435643563,8.842118892354101
135.66336633663366,8.665434397299505
135.6831683168317,8.489207644434053
135.7029702970297,8.314394810764867
135.72277227722773,8.142018962342288
135.74257425742576,7.973171583469908
135.76237623762376,7.8090126226918235
135.78217821782178,7.650768492888792
135.8019801980198,7.499727376101951
135.82178217821783,7.357231126661428
135.84158415841586,7.224663065429316
135.86138613861388,7.1034310459791765
135.88118811881188,6.9949453842555345
135.9009900990099,6.900591603435236
135.92079207920793,6.821698462240421
135.94059405940592,6.759502380292067
135.96039603960398,6.715110074880303
135.980198019802,6.689461859781875
136.0,6.683298478729168
136.01980198019803,6.697134410717759
136.03960396039605,6.7312402032810565
136.05940594059405,6.7856355721219455
136.07920792079207,6.860093872619514
136.09900990099013,6.954157310482704
136.11881188118812,7.0671611542373505
136.13861386138615,7.198264439080017
136.15841584158417,7.3464843133238755
136.17821782178217,7.510731268094588
136.1980198019802,7.689842911998888
136.21782178217822,7.882614563916966
136.23762376237624,8.087825597907614
136.25742574257427,8.304261075601431
136.2772277227723,8.53072867944789
136.2970297029703,8.766071292847787
136.31683168316832,9.00917576905977
136.33663366336634,9.258978515245918
136.35643564356434,9.514468522166867
136.3762376237624,9.774688423125696
136.39603960396042,10.038734091555531
136.41584158415841,10.305753202369763
136.43564356435644,10.574943099054964
136.45544554455446,10.845548232910067
136.47524752475246,11.116857375816078
136.4950495049505,11.388200754211605
136.51485148514854,11.65894720898605
136.53465346534654,11.92850145254757
136.55445544554456,12.196301468890562
136.5742574257426,12.461816083589135
136.59405940594058,12.724542716925589
136.6138613861386,12.984005323661394
136.63366336633663,13.239752516308469
136.65346534653466,13.491355864389744
136.67326732673268,13.738408359481088
136.6930693069307,13.980523034335505
136.7128712871287,14.217331723749522
136.73267326732673,14.448483954775805
136.75247524752476,14.673645954219705
136.77227722772278,14.892499761937886
136.7920792079208,15.104742439182932
136.81188118811883,15.310085362036197
136.83168316831683,15.50825359079304
136.85148514851485,15.698985306976624
136.87128712871288,15.882031310436751
136.89108910891088,16.05715456972609
136.91089108910893,16.22412981963057
136.93069306930693,16.382743200359798
136.95049504950495,16.532791933478418
136.97029702970298,16.674084030180264
136.99009900990097,16.806438027978132
137.009900990099,16.929682752305208
137.02970297029702,17.0436570999044
137.04950495049505,17.148209841221735
137.06930693069307,17.24319943932432
137.0891089108911,17.328493883134787
137.1089108910891,17.403970533016466
137.12871287128712,17.469515976959855
137.14851485148515,17.52502589581364
137.16831683168317,17.570404936175517
137.1881188118812,17.605566589711664
137.20792079207922,17.630433077810597
137.22772277227722,17.644935240599636
137.24752475247524,17.649012429461575
137.26732673267327,17.64261240228697
137.28712871287127,17.62569122078534
137.30693069306932,17.598213149256857
137.32673267326734,17.560150554296968
137.34653465346534,17.511483804969405
137.36633663366337,17.4522011730404
137.3861386138614,17.382298732918038
137.4059405940594,17.30178026098711
137.4257425742574,17.21065713407173
137.44554455445547,17.108948226795782
137.46534653465346,16.996679807645794
137.4851485148515,16.873885433571814
137.5049504950495,16.7406058429905
137.5247524752475,16.596888847080763
137.54455445544554,16.442789219285427
137.56435643564356,16.278368582955373
137.58415841584159,16.103695297091782
137.6039603960396,15.9188443401617
137.62376237623764,15.723897191979507
137.64356435643563,15.518941713663706
137.66336633663366,15.304072025694367
137.68316831683168,15.079388384112475
137.70297029702968,14.844997054917672
137.72277227722773,14.601010186736673
137.74257425742576,14.347545681851086
137.76237623762376,14.084727065690764
137.78217821782178,13.812683354917969
137.8019801980198,13.531548924249458
137.8217821782178,13.241463372189108
137.84158415841583,12.942571385873775
137.86138613861388,12.635022605272725
137.88118811881188,12.318971487027333
137.9009900990099,11.99457716827747
137.92079207920793,11.662003330898663
137.94059405940592,11.321418066675994
137.96039603960395,10.972993744077689
137.98019801980197,10.616906877477016
138.0,10.253337999926362
138.01980198019803,9.882471540943639
138.03960396039605,9.504495711274648
138.05940594059405,9.119602397318245
138.07920792079207,8.727987068955501
138.0990099009901,8.329848706087946
138.1188118811881,7.925389751553552
138.13861386138615,7.514816101732831
138.15841584158417,7.0983371519024425
138.17821782178217,6.676165922678078
138.1980198019802,6.248519309310818
138.21782178217822,5.81561852202891
138.23762376237622,5.377689832519125
138.25742574257424,4.934965828295723
138.2772277227723,4.487687544408432
138.2970297029703,4.036108184615789
138.31683168316832,3.580499890999612
138.33663366336634,3.1211667807517345
138.35643564356434,2.658472035335859
138.37623762376236,2.192900228751761
138.3960396039604,1.7252224014686757
138.41584158415841,1.2570331068187155
138.43564356435644,0.793188454049063
138.45544554455446,0.36296093397455365
138.47524752475246,0.30883864707615893
138.4950495049505,0.7257393925795036
138.5148514851485,1.196437694243792
138.53465346534654,1.677673294897224
138.55445544554456,2.1633562279570864
138.5742574257426,2.651639666569584
138.59405940594058,3.1416743678952734
138.6138613861386,3.6329443112633237
138.63366336633663,4.12507082720516
138.65346534653463,4.6177406162406
138.67326732673268,5.110675045429784
138.6930693069307,5.6036155644717045
138.7128712871287,6.096316196655561
138.73267326732673,6.588539427135576
138.75247524752476,7.080053843517144
138.77227722772275,7.570632734452988
138.79207920792078,8.06005323787451
138.81188118811883,8.54809581757556
138.83168316831683,9.034543942767247
138.85148514851485,9.519183896774882
138.87128712871288,10.001804669923292
138.89108910891088,10.48219790842136
138.9108910891089,10.96015790110227
138.93069306930693,11.43548159206762
138.95049504950495,11.907968611197338
138.97029702970298,12.377421317016996
138.990099009901,12.843644848084514
139.009900990099,13.306447180181008
139.02970297029702,13.765639187358735
139.04950495049505,14.221034705433059
139.06930693069307,14.672450596882099
139.0891089108911,15.119706816386413
139.10891089108912,15.562626476436396
139.12871287128712,16.001035912577382
139.14851485148515,16.434764747968316
139.16831683168317,16.86364595700875
139.18811881188117,17.287515927848517
139.20792079207922,17.70621452364
139.22772277227725,18.119585142427667
139.24752475247524,18.52747477559638
139.26732673267327,18.929734064821044
139.2871287128713,19.32621735747651
139.3069306930693,19.716782760479138
139.32673267326732,20.101292192541916
139.34653465346537,20.47961143483249
139.36633663366337,20.851610180029684
139.3861386138614,21.21716207977902
139.40594059405942,21.576144790551048
139.4257425742574,21.928440017909228
139.44554455445544,22.273933559195992
139.46534653465346,22.612515344646724
139.4851485148515,22.94407947694246
139.5049504950495,23.26852426921203
139.52475247524754,23.58575228149464
139.54455445544554,23.895670355673072
139.56435643564356,24.198189648887066
139.58415841584159,24.49322566543547
139.60396039603958,24.78069828717422
139.62376237623764,25.060531802416005
139.64356435643566,25.33265493333528
139.66336633663366,25.597000861880904
139.68316831683168,25.85350725419605
139.7029702970297,26.102116283543246
139.7227722772277,26.34277465172948
139.74257425742573,26.575433609024266
139.76237623762378,26.800048972560294
139.78217821782178,27.016581143203894
139.8019801980198,27.224995120879385
139.82178217821783,27.425260518328162
139.84158415841583,27.61735157328033
139.86138613861385,27.801247159013364
139.88118811881188,27.976930793268625
139.9009900990099,28.14439064549327
139.92079207920793,28.303619542371198
139.94059405940595,28.454614971603082
139.96039603960395,28.597379083891536
139.98019801980197,28.731918693083617
140.0,28.858245274418618
140.019801980198,28.976374960825158
140.03960396039605,29.086328537207045
140.05940594059408,29.1881314326533
140.07920792079207,29.281813710502995
140.0990099009901,29.367410056191133
140.11881188118812,29.444959762797197
140.13861386138612,29.51450671421304
140.15841584158414,29.57609936584207
140.1782178217822,29.62979072273681
140.1980198019802,29.67563831507667
140.21782178217822,29.713704170882757
140.23762376237624,29.744054785861433
140.25742574257424,29.76676109026287
140.27722772277227,29.781898412635673
140.2970297029703,29.789546440352893
140.31683168316832,29.789789176779905
140.33663366336634,29.78271489494829
140.35643564356437,29.76841608759515
140.37623762376236,29.746989413420962
140.3960396039604,29.718535639414384
140.41584158415841,29.683159579085974
140.43564356435644,29.64097002644842
140.45544554455446,29.592079685574618
140.4752475247525,29.536605095560475
140.4950495049505,29.474666550713994
140.5148514851485,29.406388015787627
140.53465346534654,29.331897036066472
140.55445544554453,29.251324642120835
140.5742574257426,29.164805249028266
140.5940594059406,29.07247654986712
140.6138613861386,28.97447940328126
140.63366336633663,28.870957714914187
140.65346534653466,28.762058312510035
140.67326732673266,28.647930814479235
140.69306930693068,28.52872749172825
140.71287128712873,28.40460312255548
140.73267326732673,28.27571484041996
140.75247524752476,28.142221974395348
140.77227722772278,28.004285882129647
140.79207920792078,27.862069775141226
140.8118811881188,27.715738536293895
140.83168316831683,27.565458529308664
140.85148514851485,27.41139740018764
140.87128712871288,27.253723870445945
140.8910891089109,27.092607522071834
140.9108910891089,26.9282185741623
140.93069306930693,26.760727651213045
140.95049504950495,26.590305543076838
140.97029702970298,26.41712295664351
140.990099009901,26.241350259339264
141.00990099009903,26.063157214590756
141.02970297029702,25.882712709452996
141.04950495049505,25.70018447465793
141.06930693069307,25.515738797403237
141.08910891089107,25.329540227268364
141.10891089108912,25.1417512757171
141.12871287128715,24.952532109722625
141.14851485148515,24.76204024013152
141.16831683168317,24.570430205468295
141.1881188118812,24.37785325196951
141.2079207920792,24.18445701072722
141.22772277227722,23.990385172914195
141.24752475247527,23.7957771641564
141.26732673267327,23.60076781921235
141.2871287128713,23.405487058210895
141.30693069306932,23.21005956578936
141.32673267326732,23.01460447456024
141.34653465346534,22.819235054415767
141.36633663366337,22.62405840925396
141.3861386138614,22.42917518277578
141.40594059405942,22.234679275058966
141.42574257425744,22.04065757165809
141.44554455445544,21.84718968701164
141.46534653465346,21.65434772395235
141.4851485148515,21.462196051117235
141.50495049504948,21.270791100035396
141.52475247524754,21.080181183635162
141.54455445544556,20.89040633785608
141.56435643564356,20.701498187974906
141.58415841584159,20.513479841158098
141.6039603960396,20.326365806636847
141.6237623762376,20.140161944764127
141.64356435643563,19.954865446057806
141.6633663366337,19.77046484116158
141.68316831683168,19.58694004246653
141.7029702970297,19.404262417933758
141.72277227722773,19.22239489744508
141.74257425742573,19.041292111785957
141.76237623762376,18.860900564136568
141.78217821782178,18.68115883371688
141.8019801980198,18.501997811000507
141.82178217821783,18.323340963686956
141.84158415841586,18.14510463240322
141.86138613861385,17.96719835489768
141.88118811881188,17.78952521729564
141.9009900990099,17.611982230808234
141.9207920792079,17.43446073212908
141.94059405940595,17.25684680561594
141.96039603960398,17.07902172524279
141.98019801980197,16.900862414218917
142.0,16.72224192011044
142.01980198019803,16.543029903264333
142.03960396039602,16.36309313632709
142.05940594059405,16.182296012668584
142.0792079207921,16.00050106156729
142.0990099009901,15.81756946808377
142.11881188118812,15.633361595644967
142.13861386138615,15.447737509481408
142.15841584158414,15.260557499201694
142.17821782178217,15.071682598951762
142.1980198019802,14.88097510379132
142.21782178217822,14.688299081123251
142.23762376237624,14.493520876236047
142.25742574257427,14.29650961126214
142.27722772277227,14.097137677118946
142.2970297029703,13.895281218285
142.31683168316832,13.690820610573564
142.33663366336634,13.483640932404098
142.35643564356437,13.273632430443529
142.3762376237624,13.06069098090036
142.3960396039604,12.84471854821553
142.41584158415841,12.625623643415482
142.43564356435644,12.403321784990823
142.45544554455444,12.177735965858005
142.4752475247525,11.94879713077584
142.49504950495052,11.716444669556683
142.5148514851485,11.48062693257333
142.53465346534654,11.241301776471149
142.55445544554456,10.998437149717708
142.57425742574256,10.75201172974749
142.59405940594058,10.50201562610202
142.61386138613864,10.248451167274673
142.63366336633663,9.991333793141852
142.65346534653466,9.730693080157865
142.67326732673268,9.466573933253589
142.69306930693068,9.199037987070966
142.7128712871287,8.928165270402603
142.73267326732673,8.654056202323664
142.75247524752476,8.376834007629087
142.77227722772278,8.096647664360638
142.7920792079208,7.8136755295195925
142.8118811881188,7.528129833376595
142.83168316831683,7.240262292022679
142.85148514851485,6.950371167281845
142.87128712871288,6.658810210020814
142.8910891089109,6.366000066809436
142.91089108910893,6.07244292315124
142.93069306930693,5.7787414141941085
142.95049504950495,5.485623172341146
142.97029702970298,5.1939728134083705
142.99009900990097,4.904873685698097
143.00990099009903,4.619662270679641
143.02970297029705,4.339998571000626
143.04950495049505,4.067955751472264
143.06930693069307,3.806130826267862
143.0891089108911,3.5577735464972675
143.1089108910891,3.3269197506773747
143.12871287128712,3.1184940166845223
143.14851485148517,2.938311631358206
143.16831683168317,2.7928689072228106
143.1881188118812,2.688797035227374
143.20792079207922,2.631933748349782
143.22772277227722,2.626185561097959
143.24752475247524,2.672613192223689
143.26732673267327,2.7692052265896976
143.2871287128713,2.9114620146510863
143.30693069306932,3.093459619760012
143.32673267326734,3.308904796108507
143.34653465346534,3.5518720995964688
143.36633663366337,3.817173888297246
143.3861386138614,4.100459844739408
143.4059405940594,4.398166368211256
143.42574257425744,4.707404179570364
143.44554455445547,5.025834096907906
143.46534653465346,5.351553794319083
143.4851485148515,5.683003150105273
143.5049504950495,6.018888590250056
143.5247524752475,6.358124027510317
143.54455445544554,6.699785298603026
143.5643564356436,7.043075184350071
143.58415841584159,7.3872965699347635
143.6039603960396,7.731831808738384
143.62376237623764,8.076126798353428
143.64356435643563,8.419678637306323
143.66336633663366,8.76202601010277
143.68316831683168,9.102741659832867
143.7029702970297,9.44142646621341
143.72277227722773,9.77770476525597
143.74257425742576,10.111220634881086
143.76237623762376,10.441634936538518
143.78217821782178,10.768622952078296
143.8019801980198,11.091872492066708
143.8217821782178,11.4110823796327
143.84158415841586,11.725961235093887
143.86138613861388,12.036226502757705
143.88118811881188,12.341603673682508
143.9009900990099,12.641825667741381
143.92079207920793,12.936632345748134
143.94059405940592,13.225770128191952
143.96039603960395,13.508991701666325
143.980198019802,13.786055797658005
144.0,14.056727031200824
144.01980198019803,14.320775789159864
144.03960396039605,14.577978159723548
144.05940594059405,14.828115896137854
144.07920792079207,15.070976408895147
144.0990099009901,15.306352781546966
144.11881188118812,15.534043806090317
144.13861386138615,15.753854034516625
144.15841584158417,15.96559384363852
144.17821782178217,16.169079510744773
144.1980198019802,16.364133297993824
144.21782178217822,16.550583543757906
144.23762376237624,16.728264759380473
144.25742574257427,16.89701773002195
144.2772277227723,17.056689618446796
144.2970297029703,17.207134070756425
144.31683168316832,17.348211323201767
144.33663366336634,17.47978830931939
144.35643564356434,17.60173876673049
144.3762376237624,17.713943343024606
144.39603960396042,17.81628970022139
144.41584158415841,17.9086726173673
144.43564356435644,17.990994090879955
144.45544554455446,18.063163432302296
144.47524752475246,18.125097363174614
144.4950495049505,18.176720106772834
144.51485148514854,18.217963476499765
144.53465346534654,18.248766960751638
144.55445544554456,18.26907780411566
144.5742574257426,18.278851084787178
144.59405940594058,18.278049788126765
144.6138613861386,18.26664487630936
144.63366336633663,18.24461535404963
144.65346534653466,18.211948330420963
144.67326732673268,18.168639076819833
144.6930693069307,18.114691081164136
144.7128712871287,18.05011609845313
144.73267326732673,17.974934197859685
144.75247524752476,17.889173806572337
144.77227722772278,17.792871750657078
144.7920792079208,17.68607329326741
144.81188118811883,17.568832170597396
144.83168316831683,17.44121062604797
144.85148514851485,17.30327944316339
144.87128712871288,17.155117977994486
144.89108910891088,16.99681419166134
144.91089108910893,16.828464684023263
144.93069306930695,16.65017472952238
144.95049504950495,16.462058316453987
144.97029702970298,16.264238191137828
144.990099009901,16.056845908727315
145.009900990099,15.84002189270736
145.02970297029702,15.613915505507942
145.04950495049508,15.378685133113688
145.06930693069307,15.13449828709825
145.0891089108911,14.881531728178528
145.10891089108912,14.619971616196858
145.12871287128712,14.350013692437116
145.14851485148515,14.071863501408119
145.16831683168317,13.785736660748947
145.1881188118812,13.491859189801138
145.20792079207922,13.190467909756745
145.22772277227725,12.88181093126103
145.24752475247524,12.566148249100474
145.26732673267327,12.243752468371664
145.2871287128713,11.914909692613293
145.3069306930693,11.579920612203162
145.32673267326734,11.23910184142773
145.34653465346537,10.89278756577219
145.36633663366337,10.541331578170196
145.3861386138614,10.185109805584634
145.40594059405942,9.824523457272738
145.4257425742574,9.460002966052118
145.44554455445544,9.092012947470767
145.4653465346535,8.721058474037045
145.4851485148515,8.347693059567094
145.5049504950495,7.97252888186796
145.52475247524754,7.5962499534861445
145.54455445544554,7.219629197548184
145.56435643564356,6.843550721083714
145.58415841584159,6.469039027816519
145.6039603960396,6.097297501290078
145.62376237623764,5.729759226281251
145.64356435643566,5.36815405648396
145.66336633663366,5.0145965917894895
145.68316831683168,4.671699879070923
145.7029702970297,4.342717966592586
145.7227722772277,4.03171433118591
145.74257425742576,3.743737867550464
145.76237623762378,3.484956515485777
145.78217821782178,3.2626453661894983
145.8019801980198,3.084862576187501
145.82178217821783,2.9596296108469886
145.84158415841583,2.8935751202844955
145.86138613861385,2.8903688964821486
145.8811881188119,2.949651079375815
145.9009900990099,3.067083751295908
145.92079207920793,3.2354995410439664
145.94059405940595,3.446491646692563
145.96039603960395,3.691750471772609
145.98019801980197,3.963847051370909
146.0,4.256523193359132
146.01980198019803,4.564678659466285
146.03960396039605,4.884221694338282
146.05940594059408,5.21188354115292
146.07920792079207,5.5450445098869805
146.0990099009901,5.88158827191842
146.11881188118812,6.2197863563973
146.13861386138615,6.558209135018102
146.15841584158417,6.895658151291959
146.1782178217822,7.231114945635123
146.1980198019802,7.563702363869058
146.21782178217822,7.892655221824582
146.23762376237624,8.21729796103207
146.25742574257424,8.537027533584027
146.2772277227723,8.851300211980979
146.29702970297032,9.159621359845607
146.31683168316832,9.461537449458428
146.33663366336634,9.756629795235087
146.35643564356437,10.044509606430646
146.37623762376236,10.324814060876957
146.3960396039604,10.597203174200164
146.41584158415844,10.861357292800061
146.43564356435644,11.116975078997472
146.45544554455446,11.363771886845596
146.4752475247525,11.601478449808187
146.4950495049505,11.829839818751825
146.5148514851485,12.048614501880785
146.53465346534654,12.2575737683809
146.55445544554456,12.456501085387252
146.5742574257426,12.645191664002901
146.5940594059406,12.823452094886736
146.6138613861386,12.991100057706698
146.63366336633663,13.147964091753146
146.65346534653466,13.29388341740154
146.67326732673268,13.428707800039565
146.6930693069307,13.552297449632905
146.71287128712873,13.664522950376876
146.73267326732673,13.765265215928798
146.75247524752476,13.854415466588009
146.77227722772278,13.931875225523521
146.79207920792078,13.997556331775879
146.81188118811883,14.051380968302777
146.83168316831686,14.093281703819521
146.85148514851485,14.123201547621052
146.87128712871288,14.141094016977767
146.8910891089109,14.146923217085796
146.9108910891089,14.140663933935306
146.93069306930693,14.122301740850135
146.95049504950498,14.09183311986054
146.97029702970298,14.04926559950963
146.990099009901,13.99461791117826
147.009900990099,13.927920166556497
147.02970297029702,13.849214059512063
147.04950495049505,13.758553096326343
147.06930693069305,13.656002859114938
147.0891089108911,13.541641308250645
147.10891089108912,13.415559130803208
147.12871287128712,13.27786014344842
147.14851485148515,13.128661760039037
147.16831683168317,12.968095536147752
147.18811881188117,12.796307805481476
147.2079207920792,12.613460426247899
147.22772277227725,12.419731659483215
147.24752475247524,12.215317206219307
147.26732673267327,12.000431436432555
147.2871287128713,11.775308850298126
147.3069306930693,11.540205821791158
147.32673267326732,11.295402686669748
147.34653465346534,11.041206252043546
147.36633663366337,10.777952823978094
147.3861386138614,10.50601187407599
147.40594059405942,10.22579049720911
147.4257425742574,9.937738852462173
147.44554455445544,9.64235683029049
147.46534653465346,9.340202253854308
147.48514851485146,9.031901004983595
147.5049504950495,8.718159569158615
147.52475247524754,8.399780623059446
147.54455445544554,8.077682445121361
147.56435643564356,7.752923112724686
147.58415841584159,7.426730648742836
147.60396039603958,7.100540466030943
147.6237623762376,6.776041565475488
147.64356435643566,6.4552328387390245
147.66336633663366,6.140490261508166
147.68316831683168,5.8346443001125445
147.7029702970297,5.541063791630604
147.7227722772277,5.263736906929303
147.74257425742573,5.007330510087782
147.76237623762376,4.777195983389175
147.78217821782178,4.5792747731074295
147.8019801980198,4.419848602557719
147.82178217821783,4.305093101786779
147.84158415841583,4.2404470029526
147.86138613861385,4.229901842343694
147.88118811881188,4.275407456049707
147.9009900990099,4.376601576704609
147.92079207920793,4.530965183837007
147.94059405940595,4.7343329030756305
147.96039603960395,4.981564932110286
147.98019801980197,5.267180566700784
148.0,5.585832972145029
148.019801980198,5.932597326669213
148.03960396039605,6.303102997672928
148.05940594059408,6.693559766133217
148.07920792079207,7.100723563962554
148.0990099009901,7.521834250476312
148.11881188118812,7.954545351656779
148.13861386138612,8.396856415917098
148.15841584158414,8.847052783524521
148.1782178217822,9.30365425456795
148.1980198019802,9.765372457875335
148.21782178217822,10.231075987185932
148.23762376237624,10.699762141375507
148.25742574257424,11.17053412394354
148.27722772277227,11.642582681041826
148.2970297029703,12.115171313667481
148.31683168316832,12.587624353310481
148.33663366336634,13.059317326801638
148.35643564356437,13.529669151081734
148.37623762376236,13.99813579262642
148.3960396039604,14.464205101774724
148.41584158415841,14.92739259222281
148.43564356435644,15.387237983354764
148.45544554455446,15.843302360423817
148.4752475247525,16.295165836984275
148.4950495049505,16.742425627113086
148.5148514851485,17.18469445320881
148.53465346534654,17.62159922958178
148.55445544554453,18.05277997348407
148.5742574257426,18.47788890432312
148.5940594059406,18.896589699059955
148.6138613861386,19.308556877605433
148.63366336633663,19.713475296700416
148.65346534653466,20.111039734536206
148.67326732673266,20.50095455142507
148.69306930693068,20.88293341431398
148.71287128712873,21.256699074960736
148.73267326732673,21.621983193252184
148.75247524752476,21.978526198508867
148.77227722772278,22.326077182747575
148.79207920792078,22.6643938208063
148.8118811881188,22.993242313012207
148.83168316831683,23.31239734672083
148.85148514851485,23.621642073597073
148.87128712871288,23.920768099964516
148.8910891089109,24.20957548793419
148.9108910891089,24.487872765349984
148.93069306930693,24.755476942864632
148.95049504950495,25.01221353669712
148.97029702970295,25.257916595824693
148.990099009901,25.49242873253771
149.00990099009903,25.715601155436268
149.02970297029702,25.92729370407916
149.04950495049505,26.127374884610344
149.06930693069307,26.31572190578945
149.08910891089107,26.492220714941716
149.1089108910891,26.656766033423235
149.12871287128715,26.80926139126809
149.14851485148515,26.949619160749783
149.16831683168317,27.077760588648136
149.1881188118812,27.193615827067845
149.2079207920792,27.29712396270618
149.22772277227722,27.388233044515882
149.24752475247524,27.466900109755112
149.26732673267327,27.53309120846171
149.2871287128713,27.586781426432523
149.30693069306932,27.627954906832365
149.32673267326732,27.656604870600873
149.34653465346534,27.67273363587008
149.36633663366337,27.67635263665127
149.38613861386136,27.66748244109718
149.40594059405942,27.646152769695263
149.42574257425744,27.61240251380074
149.44554455445544,27.566279754973653
149.46534653465346,27.507841785644985
149.4851485148515,27.437155131701203
149.50495049504948,27.35429557764748
149.5247524752475,27.259348195086545
149.54455445544556,27.152407375334054
149.56435643564356,27.033576867084186
149.58415841584159,26.90296982014047
149.6039603960396,26.76070883633998
149.6237623762376,26.606926028923414
149.64356435643563,26.441763091742086
149.66336633663366,26.265371379846968
149.68316831683168,26.077912003176266
149.7029702970297,25.8795559352493
149.72277227722773,25.670484138988087
149.74257425742573,25.45088771202621
149.76237623762376,25.22096805413137
149.78217821782178,24.98093705966602
149.8019801980198,24.73101733834324
149.82178217821783,24.47144246790786
149.84158415841586,24.202457282788284
149.86138613861385,23.92431820322846
149.88118811881188,23.6372936099262
149.9009900990099,23.341664269778672
149.9207920792079,23.037723818972317
149.94059405940595,22.725779310358313
149.96039603960398,22.406151832827945
149.98019801980197,22.079177211247636
150.0,21.74520679643038
150.01980198019803,21.404608355604957
150.03960396039602,21.057767074887465
150.05940594059405,20.705086686345634
150.0792079207921,20.34699073334763
150.0990099009901,19.98392398896441
150.11881188118812,19.616354043186192
150.13861386138615,19.244773075534912
150.15841584158414,18.869699830182977
150.17821782178217,18.491681810756532
150.1980198019802,18.111297711381543
150.21782178217822,17.72916009891392
150.23762376237624,17.345918358275863
150.25742574257427,16.96226190786646
150.27722772277227,16.578923684441104
150.2970297029703,16.196683885797903
150.31683168316832,15.81637394399956
150.33663366336634,15.438880680412923
150.35643564356437,15.065150565074854
150.3762376237624,14.696193965158276
150.3960396039604,14.333089218962247
150.41584158415841,13.976986311459555
150.43564356435644,13.629109854206398
150.45544554455444,13.290760986802757
150.4752475247525,12.963317721662957
150.49504950495052,12.648233154451097
150.5148514851485,12.347030869582136
150.53465346534654,12.061296799984031
150.55445544554456,11.792666775818084
150.57425742574256,11.542809047245076
150.59405940594058,11.31340122437856
150.61386138613864,11.106101373837717
150.63366336633663,10.922513464605272
150.65346534653466,10.764147960751666
150.67326732673268,10.632379072503491
150.69306930693068,10.52840091265629
150.7128712871287,10.453185433509184
150.73267326732673,10.407445389961099
150.75247524752476,10.391605552057161
150.77227722772278,10.405784900219569
150.7920792079208,10.4497916009699
150.8118811881188,10.523131310849749
150.83168316831683,10.625028005716068
150.85148514851485,10.754455323753449
150.87128712871285,10.910175546977786
150.8910891089109,11.090782940988005
150.91089108910893,11.294748230364068
150.93069306930693,11.520461418790315
150.95049504950495,11.766270827109341
150.97029702970298,12.030516969251268
150.99009900990097,12.311560591739264
151.009900990099,12.607804787119997
151.02970297029705,12.91771151967882
151.04950495049505,13.239813172991937
151.06930693069307,13.572719865257008
151.0891089108911,13.915123311875753
151.1089108910891,14.265797978324844
151.12871287128712,14.623600188503387
151.14851485148515,14.987465756521031
151.16831683168317,15.356406608640818
151.1881188118812,15.729506766420059
151.20792079207922,16.1059179771977
151.22772277227722,16.484855206068666
151.24752475247524,16.865592144508994
151.26732673267327,17.24745684387904
151.28712871287127,17.629827545604986
151.30693069306932,18.012128752215627
151.32673267326734,18.39382756294319
151.34653465346534,18.774430282798352
151.36633663366337,19.153479303632956
151.3861386138614,19.530550248659544
151.4059405940594,19.905249367361886
151.4257425742574,20.277211165040253
151.44554455445547,20.64609624987484
151.46534653465346,21.011589379968196
151.4851485148515,21.373397693048354
151.5049504950495,21.731249102158976
151.5247524752475,22.084890841572708
151.54455445544554,22.43408814822344
151.56435643564356,22.778623065080104
151.58415841584159,23.11829335402507
151.6039603960396,23.452911506914045
151.62376237623764,23.78230384455877
151.64356435643563,24.10630969437436
151.66336633663366,24.424780638361145
151.68316831683168,24.737579823944724
151.7029702970297,25.04458133097732
151.72277227722773,25.345669588910877
151.74257425742576,25.640738838791897
151.76237623762376,25.929692635304157
151.78217821782178,26.212443384602878
151.8019801980198,26.488911914148257
151.8217821782178,26.75902707116129
151.84158415841586,27.02272534669697
151.86138613861388,27.279950522660965
151.88118811881188,27.53065333939363
151.9009900990099,27.77479118170842
151.92079207920793,28.01232778150938
151.94059405940592,28.24323293532238
151.96039603960395,28.46748223526347
151.980198019802,28.68505681213615
152.0,28.895943089499145
152.01980198019803,29.1001325476808
152.03960396039605,29.297621496836616
152.05940594059405,29.48841085825311
152.07920792079207,29.67250595319821
152.0990099009901,29.849916298703448
152.11881188118812,30.020655409741117
152.13861386138615,30.184740607327907
152.15841584158417,30.342192832148726
152.17821782178217,30.493036463349313
152.1980198019802,30.63729914219618
152.21782178217822,30.775011600346673
152.23762376237624,30.90620749251122
152.25742574257427,31.030923233325723
152.2772277227723,31.149197838283484
152.2970297029703,31.261072768604045
152.31683168316832,31.366591779941544
152.33663366336634,31.465800774857282
152.35643564356434,31.5587476590007
152.3762376237624,31.64548220096026
152.39603960396042,31.72605589576083
152.41584158415841,31.800521831996875
152.43564356435644,31.868934562602547
152.45544554455446,31.93134997926861
152.47524752475246,31.987825190524905
152.4950495049505,32.038418403513134
152.51485148514854,32.08318880947982
152.53465346534654,32.122196473024296
152.55445544554456,32.15550222513811
152.5742574257426,32.183167560075326
152.59405940594058,32.2052545360934
152.6138613861386,32.22182568010444
152.63366336633663,32.23294389627606
152.65346534653466,32.23867237861909
152.67326732673268,32.2390745275974
152.6930693069307,32.23421387079201
152.7128712871287,32.22415398764812
152.73267326732673,32.208958438329844
152.75247524752476,32.188690696702295
152.77227722772275,32.16341408745664
152.7920792079208,32.13319172738749
152.81188118811883,32.098086470826516
152.83168316831683,32.058160859230775
152.85148514851485,32.01347707491698
152.87128712871288,31.964096898927604
152.89108910891088,31.910081673007227
152.9108910891089,31.851492265661427
152.93069306930695,31.788389042263592
152.95049504950495,31.72083183916835
152.97029702970298,31.648879941783317
152.990099009901,31.572592066544733
153.009900990099,31.492026346735436
153.02970297029702,31.407240322077584
153.04950495049505,31.31829093202613
153.06930693069307,31.225234512683212
153.0891089108911,31.128126797247685
153.10891089108912,31.02702291990868
153.12871287128712,30.921977423086904
153.14851485148515,30.81304426792268
153.16831683168317,30.7002768479051
153.18811881188117,30.583728005532993
153.20792079207922,30.463450051894554
153.22772277227725,30.339494789049535
153.24752475247524,30.21191353509516
153.26732673267327,30.080757151795023
153.2871287128713,29.946076074648055
153.3069306930693,29.80792034527438
153.32673267326732,29.666339645993496
153.34653465346537,29.521383336470706
153.36633663366337,29.373100492308193
153.3861386138614,29.22153994545807
153.40594059405942,29.06675032633666
153.4257425742574,28.908780107521448
153.44554455445544,28.747677648914788
153.46534653465346,28.583491244262294
153.4851485148515,28.416269168917413
153.5049504950495,28.246059728748474
153.52475247524754,28.072911310089573
153.54455445544554,27.896872430642432
153.56435643564356,27.717991791242518
153.58415841584159,27.536318328409422
153.6039603960396,27.351901267609197
153.62376237623764,27.16479017716385
153.64356435643566,26.975035022751733
153.66336633663366,26.782686222451474
153.68316831683168,26.587794702291582
153.7029702970297,26.39041195227762
153.7227722772277,26.19059008287922
153.74257425742576,25.98838188197034
153.76237623762378,25.783840872226993
153.78217821782178,25.577021368998896
153.8019801980198,25.367978538683452
153.82178217821783,25.156768457642926
153.84158415841583,24.94344817171908
153.86138613861385,24.72807575641243
153.8811881188119,24.510710377807424
153.9009900990099,24.29141235433867
153.92079207920793,24.070243219507677
153.94059405940595,23.847265785674534
153.96039603960395,23.622544209063474
153.98019801980197,23.39614405613648
154.0,23.168132371504356
154.01980198019803,22.93857774755968
154.03960396039605,22.707550396031678
154.05940594059408,22.475122221677633
154.07920792079207,22.241366898340672
154.0990099009901,22.006359947617874
154.11881188118812,21.77017882039667
154.13861386138615,21.53290298153045
154.15841584158417,21.294613997935947
154.1782178217822,21.05539563040597
154.1980198019802,20.81533392943941
154.21782178217822,20.574517335397218
154.23762376237624,20.33303678329678
154.25742574257424,20.090985812557737
154.2772277227723,19.84846068200859
154.29702970297032,19.60556049045494
154.31683168316832,19.362387303095822
154.33663366336634,19.11904628405302
154.35643564356437,18.875645835248342
154.37623762376236,18.632297741823912
154.3960396039604,18.38911732424867
154.41584158415844,18.146223597189046
154.43564356435644,17.90373943513985
154.45544554455446,17.661791744711195
154.4752475247525,17.420511643345037
154.4950495049505,17.18003464408796
154.5148514851485,16.94050084587099
154.53465346534654,16.70205512853919
154.55445544554456,16.46484735162867
154.5742574257426,16.22903255560254
154.5940594059406,15.994771163925112
154.6138613861386,15.762229183971234
154.63366336633663,15.531578404330018
154.65346534653466,15.302996585565422
154.67326732673266,15.07666764093745
154.6930693069307,14.852781802963934
154.71287128712873,14.631535771014725
154.73267326732673,14.413132834378864
154.75247524752476,14.197782964436383
154.77227722772278,13.985702868709401
154.79207920792078,13.777115998676393
154.8118811881188,13.57225250233027
154.83168316831686,13.371349111573382
154.85148514851485,13.174648953709097
154.87128712871288,12.982401275556716
154.8910891089109,12.794861068142701
154.9108910891089,12.6122885795763
154.93069306930693,12.434948703680073
154.95049504950495,12.263110232305461
154.97029702970298,12.097044960114568
154.990099009901,11.937026632048363
155.00990099009903,11.783329725820384
155.02970297029702,11.636228064651489
155.04950495049505,11.495993259150502
155.06930693069307,11.362892981766267
155.08910891089107,11.237189082559212
155.10891089108912,11.11913556107607
155.12871287128715,11.008976415697994
155.14851485148515,10.906943398733755
155.16831683168317,10.81325371243163
155.1881188118812,10.728107687602469
155.2079207920792,10.651686492249743
155.22772277227722,10.584149922032035
155.24752475247527,10.525634327096803
155.26732673267327,10.476250730432206
155.2871287128713,10.436083191102467
155.30693069306932,10.405187461414348
155.32673267326732,10.383589980241403
155.34653465346534,10.371287235626438
155.36633663366337,10.368245518799297
155.3861386138614,10.374401079455913
155.40594059405942,10.389660679232179
155.42574257425744,10.413902527517816
155.44554455445544,10.446977571828748
155.46534653465346,10.48871110455245
155.4851485148515,10.53890463953135
155.5049504950495,10.597338006011919
155.52475247524754,10.663771604129328
155.54455445544556,10.73794876529531
155.56435643564356,10.819598162414405
155.58415841584159,10.908436218444395
155.6039603960396,11.00416946701652
155.6237623762376,11.106496825176412
155.64356435643566,11.215111745327615
155.6633663366337,11.329704220720634
155.68316831683168,11.44996262595641
155.7029702970297,11.575575380661359
155.72277227722773,11.706232430522148
155.74257425742573,11.841626545100532
155.76237623762376,11.981454436211633
155.7821782178218,12.125417704132822
155.8019801980198,12.27322362155081
155.82178217821783,12.424585767021162
155.84158415841586,12.579224520897826
155.86138613861385,12.736867437291332
155.88118811881188,12.897249505736786
155.9009900990099,13.060113315996583
155.92079207920793,13.225209138878938
155.94059405940595,13.392294935203823
155.96039603960398,13.561136304161517
155.98019801980197,13.731506381343406
156.0,13.903185695725991
156.01980198019803,14.075961993893621
156.03960396039605,14.249630038818763
156.05940594059408,14.423991389601353
156.0792079207921,14.598854167711984
156.0990099009901,14.774032814496191
156.11881188118812,14.94934784398108
156.13861386138615,15.124625594382891
156.15841584158414,15.29969798114163
156.1782178217822,15.47440225380405
156.19801980198022,15.648580758634663
156.21782178217822,15.82208070845055
156.23762376237624,15.994753960845019
156.25742574257427,16.166456805681715
156.27722772277227,16.3370497624999
156.2970297029703,16.506397388267967
156.31683168316835,16.674368095751863
156.33663366336634,16.84083398262306
156.35643564356437,17.00567067131369
156.3762376237624,17.168757159530937
156.3960396039604,17.32997568126541
156.41584158415841,17.489211578066733
156.43564356435644,17.646353180311284
156.45544554455446,17.801291698149758
156.4752475247525,17.953921121794615
156.49504950495052,18.10413813078769
156.5148514851485,18.251842011874444
156.53465346534654,18.396934585103697
156.55445544554456,18.53932013776782
156.57425742574256,18.678905365798094
156.5940594059406,18.81559932223273
156.61386138613864,18.9493133723801
156.63366336633663,19.079961155306027
156.65346534653466,19.20745855128242
156.67326732673268,19.33172365484323
156.69306930693068,19.45267675310369
156.7128712871287,19.570240309008764
156.73267326732676,19.68433894918742
156.75247524752476,19.794899456100058
156.77227722772278,19.90185076417682
156.7920792079208,20.005123959655442
156.8118811881188,20.10465228383767
156.83168316831683,20.200371139493416
156.85148514851485,20.29221810015193
156.87128712871288,20.380132922029116
156.8910891089109,20.46405755834934
156.91089108910893,20.54393617582936
156.93069306930693,20.61971517310078
156.95049504950495,20.691343200855766
156.97029702970298,20.758771183509424
156.99009900990097,20.8219523421792
157.00990099009903,20.880842218790136
157.02970297029705,20.935398701121652
157.04950495049505,20.98558204861807
157.06930693069307,21.031354918792747
157.0891089108911,21.072682394061108
157.1089108910891,21.109532008844685
157.12871287128712,21.141873776793823
157.14851485148517,21.16968021798274
157.16831683168317,21.192926385935642
157.1881188118812,21.21158989434832
157.2079207920792,21.225650943374646
157.22772277227722,21.235092345351774
157.24752475247524,21.239899549843464
157.26732673267327,21.24006066788465
157.2871287128713,21.235566495315275
157.30693069306932,21.22641053509567
157.32673267326732,21.212589018499454
157.34653465346534,21.194100925084467
157.36633663366337,21.170948001345792
157.38613861386136,21.143134777958796
157.40594059405942,21.11066858552363
157.42574257425744,21.07355956872653
157.44554455445544,21.031820698836224
157.46534653465346,20.985467784457697
157.4851485148515,20.934519480468232
157.50495049504948,20.8789972950646
157.5247524752475,20.81892559485268
157.54455445544556,20.754331607914533
157.56435643564356,20.685245424790487
157.58415841584159,20.611699997317235
157.6039603960396,20.53373113526544
157.6237623762376,20.451377500723854
157.64356435643563,20.364680600179085
157.66336633663366,20.27368477424381
157.68316831683168,20.178437184988645
157.7029702970297,20.07898780083574
157.72277227722773,19.975389378975343
157.74257425742573,19.86769744526922
157.76237623762376,19.755970271607982
157.78217821782178,19.640268850692102
157.8019801980198,19.520656868209688
157.82178217821783,19.397200672387253
157.84158415841586,19.269969240892724
157.86138613861385,19.139034145073616
157.88118811881188,19.00446951151655
157.9009900990099,18.866351980918182
157.9207920792079,18.724760664261492
157.94059405940595,18.579777096295395
157.96039603960398,18.43148518632018
157.98019801980197,18.27997116628606
158.0,18.125323536216904
158.01980198019803,17.96763300697716
158.03960396039602,17.806992440405665
158.05940594059405,17.64349678684636
158.0792079207921,17.47724302011359
158.0990099009901,17.30833006993675
158.11881188118812,17.13685875193792
158.13861386138615,16.962931695205338
158.15841584158414,16.78665326753594
158.17821782178217,16.60812949843131
158.1980198019802,16.427467999943968
158.21782178217822,16.24477788548474
158.23762376237624,16.06016968671704
158.25742574257427,15.873755268680535
158.27722772277227,15.685647743305699
158.2970297029703,15.495961381500312
158.31683168316832,15.304811524012443
158.3366336633663,15.112314491298566
158.35643564356437,14.918587492653087
158.3762376237624,14.723748534885807
158.3960396039604,14.527916330866585
158.41584158415841,14.331210208292953
158.43564356435644,14.13375001907618
158.45544554455444,13.935656049784754
158.47524752475246,13.737048933631531
158.49504950495052,13.538049564542925
158.5148514851485,13.338779013904004
158.53465346534654,13.139358450634774
158.55445544554456,12.939909065318306
158.57425742574256,12.740551999171974
158.59405940594058,12.54140827872906
158.6138613861386,12.342598757178456
158.63366336633663,12.144244063396405
158.65346534653466,11.946464559794126
158.67326732673268,11.749380310200653
158.69306930693068,11.553111059098052
158.7128712871287,11.357776223627642
158.73267326732673,11.163494899889027
158.75247524752473,10.970385885155569
158.77227722772278,10.778567717731319
158.7920792079208,10.588158736269415
158.8118811881188,10.399277160459492
158.83168316831683,10.212041195065762
158.85148514851485,10.026569159354713
158.87128712871285,9.842979643982797
158.89108910891088,9.661391697414233
158.91089108910893,9.48192504389719
158.93069306930693,9.304700334930228
158.95049504950495,9.129839435988027
158.97029702970298,8.957465750029899
158.99009900990097,8.78770457896624
159.009900990099,8.620683523788022
159.02970297029702,8.4565329234462
159.04950495049505,8.29538633177612
159.06930693069307,8.137381030767044
159.0891089108911,7.982658577247315
159.1089108910891,7.831365378562504
159.12871287128712,7.6836532910341075
159.14851485148515,7.539680232879397
159.16831683168317,7.399610800828074
159.1881188118812,7.263616876888864
159.20792079207922,7.131878208613285
159.22772277227722,7.004582942823653
159.24752475247524,6.88192808919826
159.26732673267327,6.764119886474506
159.28712871287127,6.651374040530674
159.30693069306932,6.543915800500056
159.32673267326734,6.441979836694032
159.34653465346534,6.345809882869794
159.36633663366337,6.255658105749095
159.3861386138614,6.171784167182371
159.4059405940594,6.0944539494674075
159.4257425742574,6.023937922507679
159.44554455445547,5.960509143026307
159.46534653465346,5.904440890982435
159.4851485148515,5.856003966378257
159.5049504950495,5.815463690079223
159.5247524752475,5.7830766739208554
159.54455445544554,5.759087446608953
159.56435643564356,5.743725040758662
159.58415841584159,5.737199660718033
159.6039603960396,5.739699558548837
159.62376237623764,5.751388245076193
159.64356435643563,5.772402153382002
159.66336633663366,5.802848853576822
159.68316831683168,5.842805891272489
159.7029702970297,5.89232029000938
159.72277227722773,5.951408722817758
159.74257425742576,6.020058323315083
159.76237623762376,6.09822807536163
159.78217821782178,6.18585069490154
159.8019801980198,6.282834899954816
159.8217821782178,6.38906795555656
159.84158415841586,6.5044183795467045
159.86138613861388,6.628738701464299
159.88118811881188,6.7618681788032555
159.9009900990099,6.903635390682001
159.92079207920793,7.0538606467044005
159.94059405940592,7.212358166790166
159.96039603960395,7.378938004715066
159.980198019802,7.5534077031023354
160.0,7.735573680111851
160.01980198019803,7.925242357880454
160.03960396039605,8.122221049934078
160.05940594059405,8.326318629556202
160.07920792079207,8.53734600380145
160.0990099009901,8.755116418874369
160.11881188118812,8.979445622339083
160.13861386138615,9.210151906439961
160.15841584158417,9.44705605500679
160.17821782178217,9.689981214240866
160.1980198019802,9.938752705332027
160.21782178217822,10.193197794486547
160.23762376237622,10.453145433658852
160.25742574257427,10.718425983143561
160.2772277227723,10.988870925240269
160.2970297029703,11.264312576470735
160.31683168316832,11.544583804310907
160.33663366336634,11.829517753092409
160.35643564356434,12.118947582615824
160.37623762376236,12.412706222084722
160.39603960396042,12.710626141195243
160.41584158415841,13.012539139582296
160.43564356435644,13.318276155310578
160.45544554455446,13.627667092689792
160.47524752475246,13.940540669371742
160.4950495049505,14.256724282438915
160.5148514851485,14.57604389300671
160.53465346534654,14.89832392872377
160.55445544554456,15.223387203457612
160.5742574257426,15.551054853388486
160.59405940594058,15.88114628869544
160.6138613861386,16.213479160000517
160.63366336633663,16.54786933873487
160.65346534653463,16.88413091059973
160.67326732673268,17.222076181314517
160.6930693069307,17.56151569386892
160.7128712871287,17.902258256526245
160.73267326732673,18.24411098085717
160.75247524752476,18.586879329118144
160.77227722772275,18.930367170323436
160.79207920792078,19.274376844394673
160.81188118811883,19.618709233806744
160.83168316831683,19.963163842181878
160.85148514851485,20.307538879316137
160.87128712871288,20.651631352153377
160.89108910891088,20.99523716125034
160.9108910891089,21.338151202304463
160.93069306930693,21.680167472341154
160.95049504950495,22.02107918018153
160.97029702970298,22.36067886083375
160.990099009901,22.69875849347177
161.009900990099,23.035109622684466
161.02970297029702,23.36952348269568
161.04950495049505,23.70179112427205
161.06930693069307,24.03170354405043
161.0891089108911,24.35905181603047
161.10891089108912,24.683627224990428
161.12871287128712,25.005221401596174
161.14851485148515,25.323626458983473
161.16831683168317,25.638635130603987
161.18811881188117,25.950040909133655
161.20792079207922,26.257638186250926
161.22772277227725,26.56122239309943
161.24752475247524,26.860590141256615
161.26732673267327,27.155539364036404
161.2871287128713,27.445869457959432
161.3069306930693,27.73138142423011
161.32673267326732,28.011878010064457
161.34653465346537,28.28716384971738
161.36633663366337,28.55704560506237
161.3861386138614,28.82133210558034
161.40594059405942,29.079834487618342
161.4257425742574,29.33236633278215
161.44554455445544,29.578743805329978
161.46534653465346,29.818785788437932
161.4851485148515,30.052314019210478
161.5049504950495,30.2791532223121
161.52475247524754,30.499131242099192
161.54455445544554,30.712079173133542
161.56435643564356,30.91783148896156
161.58415841584159,31.116226169045795
161.6039603960396,31.30710482373742
161.62376237623764,31.49031281718144
161.64356435643566,31.66569938804777
161.66336633663366,31.833117767984465
161.68316831683168,31.99242529769136
161.7029702970297,32.14348354051455
161.7227722772277,32.28615839346487
161.74257425742576,32.42032019556549
161.76237623762378,32.54584383343613
161.78217821782178,32.66260884402419
161.8019801980198,32.77049951439475
161.82178217821783,32.86940497849462
161.84158415841583,32.959219310807406
161.86138613861385,33.03984161681955
161.8811881188119,33.111176120219504
161.9009900990099,33.1731322467551
161.92079207920793,33.22562470467637
161.94059405940595,33.26857356169431
161.96039603960395,33.30190431838823
161.98019801980197,33.32554797799767
162.0,33.33944111253704
162.01980198019803,33.343525925174745
162.03960396039605,33.337750308820894
162.05940594059408,33.32206790087107
162.07920792079207,33.296438134056295
162.0990099009901,33.260826283352934
162.11881188118812,33.21520350890904
162.13861386138612,33.15954689494688
162.15841584158417,33.09383948460493
162.1782178217822,33.01807031068571
162.1980198019802,32.93223442227933
162.21782178217822,32.836332907236056
162.23762376237624,32.730372910464745
162.25742574257424,32.614367648037764
162.27722772277227,32.48833641708616
162.29702970297032,32.35230460147347
162.31683168316832,32.206303673239375
162.33663366336634,32.05037118980927
162.35643564356437,31.884550786969076
162.37623762376236,31.708892167609264
162.3960396039604,31.52345108624586
162.41584158415841,31.32828932933095
162.43564356435644,31.12347469136927
162.45544554455446,30.909080946862428
162.4752475247525,30.685187818106552
162.4950495049505,30.451880938874982
162.5148514851485,30.209251814021737
162.53465346534654,29.95739777504759
162.55445544554453,29.69642193167598
162.5742574257426,29.426433119491882
162.5940594059406,29.147545843702954
162.6138613861386,28.859880219089273
162.63366336633663,28.563561906214556
162.65346534653466,28.258722043979816
162.67326732673266,27.945497178608463
162.69306930693068,27.624029189160552
162.71287128712873,27.294465209684056
162.73267326732673,26.956957548121274
162.75247524752476,26.611663602100517
162.77227722772278,26.25874577175617
162.79207920792078,25.898371369734985
162.8118811881188,25.530712528562763
162.83168316831683,25.155946105564134
162.85148514851485,24.774253585549598
162.87128712871288,24.385820981507585
162.8910891089109,23.99083873356774
162.9108910891089,23.589501606533165
162.93069306930693,23.1820085863171
162.95049504950495,22.76856277566293
162.97029702970298,22.349371289577565
162.990099009901,21.924645150968644
163.00990099009903,21.494599187047495
163.02970297029702,21.059451927145112
163.04950495049505,20.619425502689914
163.06930693069307,20.17474555021905
163.08910891089107,19.725641118442596
163.10891089108912,19.272344580559704
163.12871287128715,18.815091553244677
163.14851485148515,18.35412082398948
163.16831683168317,17.889674288819418
163.1881188118812,17.421996902808953
163.2079207920792,16.951336646333356
163.22772277227722,16.477944510631165
163.24752475247527,16.00207450705561
163.26732673267327,15.523983705411975
163.2871287128713,15.04393230807671
163.30693069306932,14.562183768261036
163.32673267326732,14.079004962936896
163.34653465346534,13.594666433749216
163.36633663366337,13.109442712920526
163.3861386138614,12.623612756025407
163.40594059405942,12.137460510012875
163.42574257425744,11.651275653608142
163.44554455445544,11.165354559127593
163.46534653465346,10.680001541090611
163.4851485148515,10.195530479716771
163.5049504950495,9.712266939294201
163.52475247524754,9.230550946770057
163.54455445544556,8.750740661282837
163.56435643564356,8.2732172608682
163.58415841584159,7.798391514201769
163.6039603960396,7.326712718573317
163.6237623762376,6.858681011960565
163.64356435643566,6.394864576014496
163.6633663366337,5.9359240539387566
163.68316831683168,5.482647810605653
163.7029702970297,5.0360038036097174
163.72277227722773,4.59721740596488
163.74257425742573,4.167890540347947
163.76237623762376,3.750187618581376
163.7821782178218,3.3471304100185493
163.8019801980198,2.9630689594054336
163.82178217821783,2.6044233195030455
163.84158415841586,2.280779467988317
163.86138613861385,2.006208797835304
163.88118811881188,1.7998487000763645
163.9009900990099,1.6830918833337394
163.92079207920793,1.6707656982937038
163.94059405940595,1.7611032234464314
163.96039603960398,1.9360942697850088
163.98019801980197,2.1719905147838006
164.0,2.448162060914049
164.01980198019803,2.7496809365373736
164.03960396039602,3.066496334515743
164.05940594059408,3.391947715419701
164.0792079207921,3.721572001933144
164.0990099009901,4.052308997190174
164.11881188118812,4.382001866194455
164.13861386138615,4.7090865374929995
164.15841584158414,5.0323968761056515
164.17821782178217,5.351040366756271
164.19801980198022,5.664317166282231
164.21782178217822,5.971666282063944
164.23762376237624,6.272629049952367
164.25742574257427,6.566823868483371
164.27722772277227,6.853928402741231
164.2970297029703,7.133666839068849
164.31683168316832,7.405800616007587
164.33663366336634,7.670121587570361
164.35643564356437,7.92644691473816
164.3762376237624,8.174615202471518
164.3960396039604,8.414483546229638
164.41584158415841,8.645925250748505
164.43564356435644,8.868828051315568
164.45544554455444,9.083092714548235
164.4752475247525,9.288631928528478
164.49504950495052,9.485369415499983
164.5148514851485,9.67323921713683
164.53465346534654,9.852185114614675
164.55445544554456,10.022160154699492
164.57425742574256,10.183126259738447
164.59405940594058,10.33505390443481
164.61386138613864,10.47792184606792
164.63366336633663,10.611716897700758
164.65346534653466,10.736433736134137
164.67326732673268,10.85207473808482
164.69306930693068,10.958649839407814
164.7128712871287,11.056176413241467
164.73267326732673,11.14467916379491
164.75247524752476,11.224190033171418
164.77227722772278,11.294748119166131
164.7920792079208,11.356399602422574
164.8118811881188,11.40919768170006
164.83168316831683,11.453202516312516
164.85148514851485,11.488481175060569
164.87128712871288,11.515107591204448
164.8910891089109,11.533162523223465
164.91089108910893,11.542733521285532
164.93069306930693,11.543914899512993
164.95049504950495,11.536807714283649
164.97029702970298,11.521519748952324
164.99009900990097,11.498165505521655
165.00990099009903,11.466866203935327
165.02970297029705,11.4277497898134
165.04950495049505,11.380950951602939
165.06930693069307,11.326611148277927
165.0891089108911,11.264878648894635
165.1089108910891,11.195908585493822
165.12871287128712,11.119863021041825
165.14851485148517,11.036911034321847
165.16831683168317,10.947228823925894
165.1881188118812,10.850999833760422
165.20792079207922,10.748414902766424
165.22772277227722,10.639672441869335
165.24752475247524,10.524978641518508
165.26732673267327,10.404547713549247
165.2871287128713,10.278602171505069
165.30693069306932,10.147373153989928
165.32673267326734,10.011100796078768
165.34653465346534,9.870034654291105
165.36633663366337,9.724434191117998
165.3861386138614,9.574569325569474
165.40594059405942,9.420721056654989
165.42574257425744,9.263182167086848
165.44554455445547,9.102258014759268
165.46534653465346,8.938267419633695
165.4851485148515,8.771543653463919
165.5049504950495,8.602435539196865
165.5247524752475,8.431308665722984
165.54455445544556,8.258546721707583
165.5643564356436,8.084552949233629
165.58415841584159,7.909751713573919
165.6039603960396,7.734590179146879
165.62376237623764,7.559540073062219
165.64356435643563,7.385099506002917
165.66336633663366,7.211794804814212
165.6831683168317,7.0401822913365715
165.7029702970297,6.870849917036396
165.72277227722773,6.704418632350754
165.74257425742576,6.541543333289078
165.76237623762376,6.382913186391211
165.78217821782178,6.229251088496315
165.8019801980198,6.081311973557648
165.82178217821783,5.939879640921935
165.84158415841586,5.8057617569034
165.86138613861388,5.679782685925434
165.88118811881188,5.562773853149929
165.9009900990099,5.455561442122725
165.92079207920793,5.358951400510455
165.94059405940592,5.273711968743535
165.96039603960398,5.200554250969071
165.980198019802,5.140111687111435
166.0,5.092919610561868
166.01980198019803,5.059396323665647
166.03960396039605,5.0398272247110265
166.05940594059405,5.034353422583839
166.07920792079207,5.042965960569499
166.09900990099013,5.065506268796821
166.11881188118812,5.101672852277456
166.13861386138615,5.151033604916707
166.15841584158417,5.213042627244041
166.17821782178217,5.287060097460594
166.1980198019802,5.37237363604574
166.21782178217822,5.46821969902546
166.23762376237624,5.573803782563355
166.25742574257427,5.688318553088101
166.2772277227723,5.810959366221828
166.2970297029703,5.940936953309629
166.31683168316832,6.0774873061482015
166.33663366336634,6.219878967843469
166.35643564356434,6.367418044307387
166.3762376237624,6.519451298835614
166.39603960396042,6.67536769675991
166.41584158415841,6.834598743176447
166.43564356435644,6.996617916648189
166.45544554455446,7.1609394549024
166.47524752475246,7.3271167012371565
166.4950495049505,7.494740176465488
166.51485148514854,7.6634355027466015
166.53465346534654,7.832861273287397
166.55445544554456,8.002706935547396
166.5742574257426,8.172690734706508
166.59405940594058,8.342557748013634
166.6138613861386,8.512078028432706
166.63366336633663,8.6810448669882
166.65346534653466,8.849273176716004
166.67326732673268,9.016597996579502
166.6930693069307,9.182873110648767
166.7128712871287,9.347969775888243
166.73267326732673,9.511775550760543
166.75247524752476,9.674193216304744
166.77227722772278,9.835139781212975
166.7920792079208,9.99454556257892
166.81188118811883,10.152353334331032
166.83168316831683,10.308517535820098
166.85148514851485,10.463003533555659
166.87128712871288,10.615786929642756
166.89108910891088,10.766852911035254
166.91089108910893,10.916195634277232
166.93069306930695,11.063817640940625
166.95049504950495,11.209729299478068
166.97029702970298,11.353948269691308
166.990099009901,11.496498986467707
167.009900990099,11.63741215985868
167.02970297029702,11.77672428896693
167.04950495049508,11.914477187474132
167.06930693069307,12.050717518980374
167.0891089108911,12.185496340641665
167.10891089108912,12.318868653884842
167.12871287128712,12.450892961251638
167.14851485148515,12.581630828675715
167.16831683168317,12.711146452731738
167.1881188118812,12.83950623261193
167.20792079207922,12.966778346786258
167.22772277227725,13.093032334486367
167.24752475247524,13.218338682321532
167.26732673267327,13.342768416487266
167.28712871287127,13.466392701163324
167.30693069306932,13.58928244381876
167.32673267326734,13.711507908245233
167.34653465346534,13.833138336228204
167.36633663366337,13.954241578836418
167.3861386138614,14.074883738364644
167.4059405940594,14.195128822002076
167.4257425742574,14.315038408319573
167.44554455445547,14.434671327672646
167.46534653465346,14.554083357604616
167.4851485148515,14.673326934305823
167.5049504950495,14.79245088114071
167.5247524752475,14.911500155196126
167.54455445544554,15.030515612732076
167.56435643564356,15.149533794331514
167.58415841584159,15.26858673045024
167.6039603960396,15.387701767962533
167.62376237623764,15.506901418185036
167.64356435643563,15.626203226741524
167.66336633663366,15.745619665507105
167.68316831683168,15.865158046743206
167.70297029702968,15.984820459406729
167.72277227722773,16.10460372748914
167.74257425742576,16.22449939011661
167.76237623762376,16.344493703021037
167.78217821782178,16.464567660876423
167.8019801980198,16.584697039886414
167.8217821782178,16.70485245990791
167.84158415841583,16.824999465303918
167.86138613861388,16.945098623636568
167.88118811881188,17.0651056412396
167.9009900990099,17.18497149464851
167.92079207920793,17.304642576816015
167.94059405940592,17.424060857001905
167.96039603960395,17.54316405319735
167.98019801980197,17.661885815926336
168.0,17.780155922258587
168.01980198019803,17.897900478870703
168.03960396039605,18.015042133002176
168.05940594059405,18.131500290172198
168.07920792079207,18.24719133754918
168.0990099009901,18.362028871897422
168.1188118811881,18.47592393106399
168.13861386138615,18.588785228011783
168.15841584158417,18.700519386452523
168.17821782178217,18.811031177183025
168.1980198019802,18.92022375428189
168.21782178217822,19.027998890377592
168.23762376237622,19.134257210254948
168.25742574257424,19.238898422122766
168.2772277227723,19.341821545921317
168.2970297029703,19.44292513810366
168.31683168316832,19.542107512378546
168.33663366336634,19.63926695595595
168.35643564356434,19.734301940886514
168.37623762376236,19.82711133013578
168.3960396039604,19.91759457808038
168.41584158415841,20.005651925158034
168.43564356435644,20.091184586445248
168.45544554455446,20.17409493397607
168.47524752475246,20.254286672652196
168.4950495049505,20.331665009629813
168.5148514851485,20.406136817099874
168.53465346534654,20.477610788409216
168.55445544554456,20.54599758749672
168.5742574257426,20.61120999164441
168.59405940594058,20.67316302756648
168.6138613861386,20.731774100880706
168.63366336633663,20.786963119026023
168.65346534653463,20.83865260770805
168.67326732673268,20.886767820970462
168.6930693069307,20.931236845005074
168.7128712871287,20.97199069582709
168.73267326732673,21.008963410954447
168.75247524752476,21.042092135241443
168.77227722772275,21.071317201027608
168.79207920792078,21.09658220277243
168.81188118811883,21.11783406635555
168.83168316831683,21.135023113230684
168.85148514851485,21.148103119629702
168.87128712871288,21.157031371020615
168.89108910891088,21.161768712031073
168.9108910891089,21.162279592056183
168.93069306930693,21.158532106775866
168.95049504950495,21.150498035815307
168.97029702970298,21.138152876787846
168.990099009901,21.12147587596764
169.009900990099,21.10045005584638
169.02970297029702,21.075062239835948
169.04950495049505,21.045303074386418
169.06930693069307,21.01116704879713
169.0891089108911,20.97265251300647
169.10891089108912,20.929761693654825
169.12871287128712,20.88250070872436
169.14851485148515,20.830879581068245
169.16831683168317,20.774912251152234
169.18811881188117,20.714616589341418
169.20792079207922,20.650014408076146
169.22772277227725,20.581131474291546
169.24752475247524,20.507997522447482
169.26732673267327,20.430646268547285
169.2871287128713,20.349115425536077
169.3069306930693,20.26344672048257
169.32673267326732,20.17368591396083
169.34653465346537,20.079882822062473
169.36633663366337,19.982091341482434
169.3861386138614,19.88036947813563
169.40594059405942,19.774779379774653
169.4257425742574,19.66538737309213
169.44554455445544,19.552264005803305
169.46534653465346,19.435484094216587
169.4851485148515,19.315126776809983
169.5049504950495,19.19127557434023
169.52475247524754,19.06401845701837
169.54455445544554,18.93344791928963
169.56435643564356,18.799661062756275
169.58415841584159,18.66275968777854
169.60396039603958,18.52285039428036
169.62376237623764,18.38004469227159
169.64356435643566,18.234459122575565
169.66336633663366,18.086215388219284
169.68316831683168,17.935440496899933
169.7029702970297,17.78226691488577
169.7227722772277,17.626832732636576
169.74257425742573,17.469281842339075
169.76237623762378,17.309764127439937
169.78217821782178,17.148435664121504
169.8019801980198,16.985458934498727
169.82178217821783,16.82100305111441
169.84158415841583,16.655243992070698
169.86138613861385,16.488364845850604
169.88118811881188,16.32055606454938
169.9009900990099,16.152015723845647
169.92079207920793,15.982949787589835
169.94059405940595,15.813572374366231
169.96039603960395,15.644106022789925
169.98019801980197,15.474781951624138
170.0,15.305840310044797
170.019801980198,15.137530412533867
170.03960396039605,14.970110951951686
170.05940594059408,14.803850183325906
170.07920792079207,14.639026069807434
170.0990099009901,14.475926381098356
170.11881188118812,14.314848733473257
170.13861386138612,14.156100559325532
170.15841584158414,13.999998993015401
170.1782178217822,13.846870658728937
170.1980198019802,13.697051345145335
170.21782178217822,13.550885551032328
170.23762376237624,13.408725885541951
170.25742574257424,13.27093230706719
170.27722772277227,13.137871185161067
170.2970297029703,13.009914171334097
170.31683168316832,12.887436866653644
170.33663366336634,12.770817277075109
170.35643564356437,12.660434051425636
170.37623762376236,12.556664501979375
170.3960396039604,12.459882413604166
170.41584158415841,12.370455654444601
170.43564356435644,12.28874360887962
170.45544554455446,12.215094461803979
170.4752475247525,12.149842371789232
170.4950495049505,12.093304578950361
170.5148514851485,12.045778500878562
170.53465346534654,12.007538876256541
170.55445544554453,11.978835020208134
170.5742574257426,11.959888257555805
170.5940594059406,11.950889599574577
170.6138613861386,11.951997726300077
170.63366336633663,11.963337329923569
170.65346534653466,11.98499786546072
170.67326732673266,12.01703274310498
170.69306930693068,12.059458983064749
170.71287128712873,12.11225733898486
170.73267326732673,12.175372881107796
170.75247524752476,12.248716015996905
170.77227722772278,12.332163906721034
170.79207920792078,12.42556224655727
170.8118811881188,12.528727330994961
170.83168316831683,12.641448367398148
170.85148514851485,12.763489959165286
170.87128712871288,12.894594701474455
170.8910891089109,13.034485828411642
170.9108910891089,13.182869856021
170.93069306930693,13.339439172090893
170.95049504950495,13.503874530778466
170.97029702970298,13.675847417980592
170.990099009901,13.855022261235723
171.00990099009903,14.041058465521086
171.02970297029702,14.233612263308917
171.04950495049505,14.4323383734694
171.06930693069307,14.636891468940068
171.08910891089107,14.84692745747861
171.10891089108912,15.06210458328881
171.12871287128715,15.282084359913613
171.14851485148515,15.506532346606432
171.16831683168317,15.735118781524653
171.1881188118812,15.967519085642573
171.2079207920792,16.20341425136396
171.22772277227722,16.4424911295265
171.24752475247527,16.684442627923886
171.26732673267327,16.928967833706157
171.2871287128713,17.175772071122918
171.30693069306932,17.424566905103024
171.32673267326732,17.675070100163367
171.34653465346534,17.92700554314215
171.36633663366337,18.180103137284878
171.3861386138614,18.43409867429224
171.40594059405942,18.688733690079978
171.42574257425744,18.94375530920896
171.44554455445544,19.19891608222294
171.46534653465346,19.453973819481046
171.4851485148515,19.708691424491747
171.50495049504948,19.9628367292404
171.52475247524754,20.21618233355012
171.54455445544556,20.468505450120666
171.56435643564356,20.719587756547135
171.58415841584159,20.96921525532455
171.6039603960396,21.217178142591326
171.6237623762376,21.463270686148643
171.64356435643563,21.70729111311014
171.6633663366337,21.949041507382635
171.68316831683168,22.188327717050687
171.7029702970297,22.42495927163094
171.72277227722773,22.658749309075567
171.74257425742573,22.889514512332283
171.76237623762376,23.117075055212272
171.78217821782178,23.341254557271157
171.8019801980198,23.561880047373933
171.82178217821783,23.77878193558727
171.84158415841586,23.99179399302387
171.86138613861385,24.200753339249378
171.88118811881188,24.405500436854044
171.9009900990099,24.60587909278712
171.9207920792079,24.80173646605005
171.94059405940595,24.99292308134728
171.96039603960398,25.179292848296395
171.98019801980197,25.360703085805394
172.0,25.537014551232172
172.01980198019803,25.708091473948947
172.03960396039602,25.873801592943686
172.05940594059405,26.034016198100307
172.0792079207921,26.188610174809273
172.0990099009901,26.337462051570554
172.11881188118812,26.480454050262008
172.13861386138615,26.617472138756124
172.15841584158414,26.74840608557953
172.17821782178217,26.873149516319792
172.1980198019802,26.99159997149466
172.21782178217822,27.1036589656098
172.23762376237624,27.20923204714064
172.25742574257427,27.3082288591847
172.27722772277227,27.400563200540308
172.2970297029703,27.486153086977616
172.31683168316832,27.564920812477254
172.33663366336634,27.636793010221496
172.35643564356437,27.701700713131807
172.3762376237624,27.75957941375571
172.3960396039604,27.81036912331523
172.41584158415841,27.854014429736818
172.43564356435644,27.8904645544924
172.45544554455444,27.91967340808871
172.4752475247525,27.941599644050598
172.49504950495052,27.95620671125228
172.5148514851485,27.963462904458243
172.53465346534654,27.963341412943464
172.55445544554456,27.955820367070693
172.57425742574256,27.94088288270964
172.59405940594058,27.91851710339133
172.61386138613864,27.88871624009769
172.63366336633663,27.851478608594523
172.65346534653466,27.806807664222998
172.67326732673268,27.75471203407269
172.69306930693068,27.69520554646586
172.7128712871287,27.6283072576909
172.73267326732673,27.55404147592922
172.75247524752476,27.47243778232792
172.77227722772278,27.383531049177158
172.7920792079208,27.287361455159147
172.8118811881188,27.183974497641973
172.83168316831683,27.073421001999748
172.85148514851485,26.95575712794667
172.87128712871288,26.831044372880832
172.8910891089109,26.699349572239868
172.91089108910893,26.56074489687852
172.93069306930693,26.41530784748452
172.95049504950495,26.263121246056937
172.97029702970298,26.104273224477947
172.99009900990097,25.938857210215698
173.00990099009903,25.766971909203342
173.02970297029705,25.588721285945603
173.04950495049505,25.404214540911262
173.06930693069307,25.21356608527605
173.0891089108911,25.016895513086986
173.1089108910891,24.814327570924984
173.12871287128712,24.60599212514801
173.14851485148517,24.392024126802703
173.16831683168317,24.1725635742965
173.1881188118812,23.947755473926755
173.20792079207922,23.71774979836642
173.22772277227722,23.48270144320842
173.24752475247524,23.242770181672057
173.26732673267327,22.998120617574873
173.2871287128713,22.748922136671933
173.30693069306932,22.49534885646134
173.32673267326734,22.23757957454909
173.34653465346534,21.97579771565897
173.36633663366337,21.71019127736191
173.3861386138614,21.440952774585224
173.4059405940594,21.168279182943788
173.42574257425744,20.89237188091219
173.44554455445547,20.613436590828528
173.46534653465346,20.331683318685617
173.4851485148515,20.04732629262326
173.5049504950495,19.76058389998474
173.5247524752475,19.47167862274006
173.54455445544554,19.180836971007146
173.5643564356436,18.888289414317494
173.58415841584159,18.594270310174096
173.6039603960396,18.299017829333454
173.62376237623764,18.002773877109536
173.64356435643563,17.7057840098417
173.66336633663366,17.40829734548993
173.68316831683168,17.110566467115554
173.7029702970297,16.812847317771446
173.72277227722773,16.515399085060825
173.74257425742576,16.218484073323935
173.76237623762376,15.922367561077136
173.78217821782178,15.62731764095524
173.8019801980198,15.333605038996488
173.8217821782178,15.041502909658599
173.84158415841586,14.751286602467859
173.86138613861388,14.463233395681979
173.88118811881188,14.177622191801495
173.9009900990099,13.894733169199897
173.92079207920793,13.614847383576976
173.94059405940592,13.338246312389257
173.96039603960395,13.06521133490334
173.980198019802,12.796023140082916
174.0,12.530961054199905
174.01980198019803,12.270302279901507
174.03960396039605,12.014321038526585
174.05940594059405,11.763287607811568
174.07920792079207,11.517467247831895
174.0990099009901,11.277119009166569
174.11881188118812,11.042494418932307
174.13861386138615,10.813836042583246
174.15841584158417,10.59137592227924
174.17821782178217,10.375333896233329
174.1980198019802,10.16591580777285
174.21782178217822,9.963311617859397
174.23762376237624,9.767693440429676
174.25742574257427,9.579213525993353
174.2772277227723,9.398002225236564
174.2970297029703,9.224165970633635
174.31683168316832,9.057785319899121
174.33663366336634,8.898913110092087
174.35643564356434,8.747572774858456
174.3762376237624,8.603756879209062
174.39603960396042,8.467425925969755
174.41584158415841,8.338507485288705
174.43564356435644,8.216895693168043
174.45544554455446,8.102451156907366
174.47524752475246,7.995001294820237
174.4950495049505,7.894341125037362
174.51485148514854,7.8002345042665
174.53465346534654,7.712415802812609
174.55445544554456,7.630591987834509
174.5742574257426,7.554445073596743
174.59405940594058,7.483634886163106
174.6138613861386,7.4178020812190875
174.63366336633663,7.356571347945207
174.65346534653466,7.299554729294234
174.67326732673268,7.246354989611083
174.6930693069307,7.19656896401155
174.7128712871287,7.149790829864647
174.73267326732673,7.105615248539424
174.75247524752476,7.06364033466174
174.77227722772278,7.023470419857698
174.7920792079208,6.984718587768986
174.81188118811883,6.947008966527541
174.83168316831683,6.909978773496503
174.85148514851485,6.873280114661994
174.87128712871288,6.836581547445612
174.89108910891088,6.799569420850584
174.91089108910893,6.761949010783832
174.93069306930695,6.723445471201264
174.95049504950495,6.683804623533903
174.97029702970298,6.642793607819021
174.990099009901,6.600201419242334
175.009900990099,6.555839353549234
175.02970297029702,6.509541384145245
175.04950495049508,6.461164492803377
175.06930693069307,6.410588974828778
175.0891089108911,6.35771873837804
175.10891089108912,6.302481616446151
175.12871287128712,6.244829708847994
175.14851485148515,6.184739770339635
175.16831683168317,6.1222136598279695
175.1881188118812,6.057278864359409
175.20792079207922,5.989989110183508
175.22772277227725,5.920425071547587
175.24752475247524,5.848695185845171
175.26732673267327,5.7749365811228675
175.2871287128713,5.699316118502012
175.3069306930693,5.622031547488795
175.32673267326734,5.543312766059562
175.34653465346537,5.463423169381975
175.36633663366337,5.382661060568897
175.3861386138614,5.301361083427167
175.40594059405942,5.219895620225041
175.4257425742574,5.138676076610938
175.44554455445544,5.058153950726531
175.4653465346535,4.978821554413186
175.4851485148515,4.90121222199987
175.5049504950495,4.825899808234879
175.52475247524754,4.753497244576232
175.54455445544554,4.684653897062705
175.56435643564356,4.620051456043507
175.58415841584159,4.560398096651532
175.6039603960396,4.50642068873279
175.62376237623764,4.4588549153683585
175.64356435643566,4.4184332868352
175.66336633663366,4.385871212632627
175.68316831683168,4.361851509478049
175.7029702970297,4.347007957443683
175.7227722772277,4.34190873706291
175.74257425742576,4.347040746225752
175.76237623762378,4.3627958654491685
175.78217821782178,4.389460182587715
175.8019801980198,4.427206993594382
175.82178217821783,4.476094082900071
175.84158415841583,4.5360654005178604
175.86138613861385,4.606956855375595
175.8811881188119,4.688505599614839
175.9009900990099,4.780361936585945
175.92079207920793,4.882102871178355
175.94059405940595,4.993246332818368
175.96039603960395,5.113265214699487
175.98019801980197,5.241600551056561
176.0,5.377673359193926
176.01980198019803,5.5208948723023425
176.03960396039605,5.670675060883521
176.05940594059408,5.826429473677722
176.07920792079207,5.987584521137282
176.0990099009901,6.153581379543155
176.11881188118812,6.323878718846092
176.13861386138615,6.497954460193294
176.15841584158417,6.6753067573078955
176.1782178217822,6.855454375574249
176.1980198019802,7.037936618484512
176.21782178217822,7.2223129262264685
176.23762376237624,7.408162247656221
176.25742574257424,7.595082265814857
176.2772277227723,7.7826885389930975
176.29702970297032,7.970613604185306
176.31683168316832,8.158506077420975
176.33663366336634,8.346029775608823
176.35643564356437,8.532862876816369
176.37623762376236,8.71869712997842
176.3960396039604,8.9032371205497
176.41584158415844,9.086199595297424
176.43564356435644,9.26731284702276
176.45544554455446,9.446316158298968
176.4752475247525,9.622959302154047
176.4950495049505,9.79700209687304
176.5148514851485,9.968214011645772
176.53465346534654,10.136373819558576
176.55445544554456,10.301269294361322
176.5742574257426,10.46269694748503
176.5940594059406,10.620461801906876
176.6138613861386,10.774377199629512
176.63366336633663,10.924264639742745
176.65346534653466,11.069953644251857
176.67326732673268,11.211281649079401
176.6930693069307,11.348093917868285
176.71287128712873,11.480243476429164
176.73267326732673,11.607591065880714
176.75247524752476,11.730005112726868
176.77227722772278,11.847361714297778
176.79207920792078,11.959544638152801
176.81188118811883,12.066445334202186
176.83168316831686,12.167962958452224
176.85148514851485,12.264004407414314
176.87128712871288,12.354484362345028
176.8910891089109,12.439325342600377
176.9108910891089,12.518457767495253
176.93069306930693,12.59182002615855
176.95049504950498,12.659358554966401
176.97029702970298,12.72102792222096
176.990099009901,12.7767909198212
177.00990099009903,12.826618661744163
177.02970297029702,12.870490689222613
177.04950495049505,12.908395082565752
177.06930693069307,12.9403285796257
177.0891089108911,12.966296700962047
177.10891089108912,12.986313881800989
177.12871287128715,13.000403610922802
177.14851485148515,13.008598576641942
177.16831683168317,13.010940820066
177.1881188118812,13.007481895832877
177.2079207920792,12.998283040527651
177.22772277227725,12.983415348970269
177.24752475247527,12.96295995853976
177.26732673267327,12.937008241658205
177.2871287128713,12.905662006494268
177.30693069306932,12.86903370585805
177.32673267326732,12.827246654142995
177.34653465346534,12.780435252019984
177.3663366336634,12.728745218399077
177.3861386138614,12.6723338289388
177.40594059405942,12.611370160093118
177.42574257425744,12.54603533733602
177.44554455445544,12.476522785781825
177.46534653465346,12.403038480917964
177.48514851485146,12.325801196575103
177.5049504950495,12.245042746566973
177.52475247524754,12.16100821562835
177.54455445544554,12.073956174356187
177.56435643564356,11.984158871805846
177.58415841584159,11.891902398208641
177.60396039603958,11.797486808954977
177.6237623762376,11.701226199534757
177.64356435643566,11.603448719554619
177.66336633663366,11.504496512281655
177.68316831683168,11.404725564430883
177.7029702970297,11.304505449168865
177.7227722772277,11.204218943618692
177.74257425742573,11.104261500613848
177.76237623762376,11.005040553176215
177.78217821782178,10.90697462932957
177.8019801980198,10.810492254572626
177.82178217821783,10.716030619814656
177.84158415841583,10.624033994031898
177.86138613861385,10.534951863545507
177.88118811881188,10.449236783858053
177.9009900990099,10.367341935587426
177.92079207920793,10.289718383322889
177.94059405940595,10.21681204522688
177.96039603960395,10.14906039183043
177.98019801980197,10.086888904483635
178.0,10.030707336918228
178.019801980198,9.980905836770596
178.03960396039605,9.93785099694186
178.05940594059408,9.90188191844016
178.07920792079207,9.873306375881336
178.0990099009901,9.852397183143408
178.11881188118812,9.839388858907247
178.13861386138612,9.8344746893148
178.15841584158414,9.837804277395858
178.1782178217822,9.849481656308955
178.1980198019802,9.869564026293082
178.21782178217822,9.898061154437363
178.23762376237624,9.934935453195003
178.25742574257424,9.980102729481478
178.27722772277227,10.03343357277496
178.2970297029703,10.094755329375078
178.31683168316832,10.163854592145436
178.33663366336634,10.2404801215969
178.35643564356437,10.324346105584853
178.37623762376236,10.415135661292126
178.3960396039604,10.51250448425966
178.41584158415841,10.61608455440234
178.43564356435644,10.725487817386487
178.45544554455446,10.840309770514772
178.4752475247525,10.960132894420909
178.4950495049505,11.084529884546544
178.5148514851485,11.213066648810354
178.53465346534654,11.345305049501237
178.55445544554453,11.48080537781822
178.5742574257426,11.61912855839051
178.5940594059406,11.759838088433371
178.6138613861386,11.902501721937202
178.63366336633663,12.04669291354221
178.65346534653466,12.191992039669866
178.67326732673266,12.337987416248668
178.69306930693068,12.484276133180805
178.71287128712873,12.630464725741193
178.73267326732673,12.776169702560042
178.75247524752476,12.92101794887357
178.77227722772278,13.064647022472315
178.79207920792078,13.206705358343914
178.8118811881188,13.346852396488558
178.83168316831683,13.484758645849881
178.85148514851485,13.620105695802524
178.87128712871288,13.752586185208127
178.8910891089109,13.88190373771604
178.9108910891089,14.007772870759846
178.93069306930693,14.12991888459088
178.95049504950495,14.24807773669736
178.97029702970295,14.361995906079308
178.990099009901,14.471430251078734
179.00990099009903,14.57614786379547
179.02970297029702,14.675925923541373
179.04950495049505,14.77055155129221
179.06930693069307,14.85982166667729
179.08910891089107,14.943542848694491
179.1089108910891,15.021531201043393
179.12871287128715,15.093612222725755
179.14851485148515,15.15962068436338
179.16831683168317,15.219400510521679
179.1881188118812,15.272804668199528
179.2079207920792,15.319695061545405
179.22772277227722,15.359942432784253
179.24752475247524,15.393426269284104
179.26732673267327,15.42003471665422
179.2871287128713,15.439664497743882
179.30693069306932,15.45222083740224
179.32673267326732,15.457617392861328
179.34653465346534,15.455776189617003
179.36633663366337,15.446627562703393
179.38613861386136,15.430110103286061
179.40594059405942,15.40617061053562
179.42574257425744,15.37476404878811
179.44554455445544,15.33585351004981
179.46534653465346,15.289410181962994
179.4851485148515,15.235413321415924
179.50495049504948,15.173850234055582
179.5247524752475,15.104716260045755
179.54455445544556,15.028014766508278
179.56435643564356,14.943757147191349
179.58415841584159,14.851962830029462
179.6039603960396,14.75265929339491
179.6237623762376,14.645882091994979
179.64356435643563,14.531674893544103
179.66336633663366,14.410089527540565
179.68316831683168,14.281186047706466
179.7029702970297,14.145032809913808
179.72277227722773,14.00170656772378
179.74257425742573,13.851292588019058
179.76237623762376,13.693884789618204
179.78217821782178,13.529585908238282
179.8019801980198,13.358507691728391
179.82178217821783,13.180771130149505
179.84158415841586,12.996506726040996
179.86138613861385,12.805854811114969
179.88118811881188,12.608965916681589
179.9009900990099,12.406001206361973
179.9207920792079,12.197132981129371
179.94059405940595,11.982545268476592
179.96039603960398,11.762434509592481
179.98019801980197,11.537010360903869
180.0,11.30649662927683
180.01980198019803,11.071132363655616
180.03960396039602,10.831173130049718
180.05940594059405,10.586892501666291
180.0792079207921,10.338583801747783
180.0990099009901,10.086562143435193
180.11881188118812,9.831166818850386
180.13861386138615,9.572764098664795
180.15841584158414,9.31175051371887
180.17821782178217,9.048556701681061
180.1980198019802,8.783651913977243
180.21782178217822,8.517549290610791
180.23762376237624,8.250812021777715
180.25742574257427,7.984060523178779
180.27722772277227,7.717980753032299
180.2970297029703,7.453333787236816
180.31683168316832,7.190966736018194
180.33663366336634,6.931825017408455
180.35643564356437,6.676965880854522
180.3762376237624,6.427572871782606
180.3960396039604,6.184970611211931
180.41584158415841,5.9506387946500805
180.43564356435644,5.72622365588376
180.45544554455444,5.513544280347858
180.4752475247525,5.314590132990748
180.49504950495052,5.131505141508675
180.5148514851485,4.966552978133456
180.53465346534654,4.822058361082999
180.55445544554456,4.7003209666144
180.57425742574256,4.603502543556219
180.59405940594058,4.533494128365634
180.61386138613864,4.491777788790127
180.63366336633663,4.479303593802102
180.65346534653466,4.496404301328146
180.67326732673268,4.542765332935829
180.69306930693068,4.617456523663395
180.7128712871287,4.719018623841091
180.73267326732673,4.845586671569363
180.75247524752476,4.9950277483146115
180.77227722772278,5.165072673733832
180.7920792079208,5.3534275620065905
180.8118811881188,5.557858648033456
180.83168316831683,5.776249982161135
180.85148514851485,6.006637473080453
180.87128712871285,6.247224442000066
180.8910891089109,6.496383984050801
180.91089108910893,6.752652722430683
180.93069306930693,7.014719523015969
180.95049504950495,7.281411731686063
180.97029702970298,7.551680651149315
180.99009900990097,7.824587328771894
181.009900990099,8.099289267198111
181.02970297029705,8.375028359899757
181.04950495049505,8.651120155914619
181.06930693069307,8.926944438755312
181.0891089108911,9.201937038000331
181.1089108910891,9.475582759674998
181.12871287128712,9.747409310189559
181.14851485148515,10.016982089634924
181.16831683168317,10.283899738018203
181.1881188118812,10.54779032902437
181.20792079207922,10.808308117986295
181.22772277227722,11.065130762705188
181.24752475247524,11.317956946932258
181.26732673267327,11.566504346394243
181.28712871287127,11.810507886124684
181.30693069306932,12.049718245571018
181.32673267326734,12.283900574569087
181.34653465346534,12.512833388922566
181.36633663366337,12.736307619114811
181.3861386138614,12.95412578973136
181.4059405940594,13.166101310588529
181.4257425742574,13.37205786344447
181.44554455445547,13.571828870595349
181.46534653465346,13.76525703370434
181.4851485148515,13.95219393293462
181.5049504950495,14.132499677912572
181.5247524752475,14.306042603276541
181.54455445544554,14.472699002606369
181.56435643564356,14.632352895410882
181.58415841584159,14.7848958225986
181.6039603960396,14.930226666494452
181.62376237623764,15.068251492007567
181.64356435643563,15.198883406019952
181.66336633663366,15.32204243246255
181.68316831683168,15.43765540088702
181.7029702970297,15.545655846634657
181.72277227722773,15.645983920957958
181.74257425742576,15.738586309669428
181.76237623762376,15.823416159083024
181.78217821782178,15.900433008179592
181.8019801980198,15.969602726073301
181.8217821782178,16.030897453983137
181.84158415841586,16.08429555102678
181.86138613861388,16.129781543253557
181.88118811881188,16.167346075422614
181.9009900990099,16.196985865112286
181.92079207920793,16.218703658819084
181.94059405940592,16.232508189770726
181.96039603960395,16.238414137238383
181.980198019802,16.236442087189886
182.0,16.226618494178613
182.01980198019803,16.208975644413517
182.03960396039605,16.18355162000453
182.05940594059405,16.15039026442512
182.07920792079207,16.10954114928111
182.0990099009901,16.061059542522305
182.11881188118812,16.00500637828177
182.13861386138615,15.94144822857755
182.15841584158417,15.870457277163457
182.17821782178217,15.792111295870795
182.1980198019802,15.706493623841356
182.21782178217822,15.613693150115258
182.23762376237624,15.513804300105862
182.25742574257427,15.406927026568745
182.2772277227723,15.293166805754527
182.2970297029703,15.172634639526247
182.31683168316832,15.045447064323849
182.33663366336634,14.911726167970773
182.35643564356434,14.771599615445082
182.3762376237624,14.625200684879042
182.39603960396042,14.472668315211427
182.41584158415841,14.314147167097026
182.43564356435644,14.14978769888166
182.45544554455446,13.979746259681432
182.47524752475246,13.80418520186568
182.4950495049505,13.62327301553884
182.51485148514854,13.437184487951104
182.53465346534654,13.246100891147213
182.55445544554456,13.05021020159277
182.5742574257426,12.849707356003302
182.59405940594058,12.644794548151099
182.6138613861386,12.43568157204396
182.63366336633663,12.222586217566466
182.65346534653466,12.00573472545323
182.67326732673268,11.785362309331804
182.6930693069307,11.561713753531906
182.7128712871287,11.335044096408414
182.73267326732673,11.10561941006143
182.75247524752476,10.873717688544044
182.77227722772275,10.639629857899646
182.7920792079208,10.403660922620874
182.81188118811883,10.166131264300446
182.83168316831683,9.927378109241161
182.85148514851485,9.68775718244947
182.87128712871288,9.447644565523294
182.89108910891088,9.207438775134577
182.9108910891089,8.967563076647272
182.93069306930695,8.728468043281445
182.95049504950495,8.490634364300613
182.97029702970298,8.2545758948642
182.990099009901,8.020842924037085
183.009900990099,7.790025614222025
183.02970297029702,7.562757532867084
183.04950495049505,7.33971915331986
183.06930693069307,7.121641143717299
183.0891089108911,6.909307188761867
183.10891089108912,6.703555998243731
183.12871287128712,6.505282049712029
183.14851485148515,6.315434496423056
183.16831683168317,6.1350135576898115
183.18811881188117,5.96506361804321
183.20792079207922,5.806662226014209
183.22772277227725,5.660904245312226
183.24752475247524,5.528880619402588
183.26732673267327,5.4116516090356965
183.2871287128713,5.3102149720714324
183.3069306930693,5.2254703498435635
183.32673267326732,5.158182009539871
183.34653465346537,5.1089428982418195
183.36633663366337,5.078143471437248
183.3861386138614,5.065948756379823
183.40594059405942,5.072286479631053
183.4257425742574,5.096847871462761
183.44554455445544,5.139101179803754
183.46534653465346,5.198316327544315
183.4851485148515,5.273597882270478
183.5049504950495,5.363922820132754
183.52475247524754,5.468179521055621
183.54455445544554,5.585204925771284
183.56435643564356,5.713817606757845
183.58415841584159,5.852845426152487
183.6039603960396,6.001147291658926
183.62376237623764,6.157629170173356
183.64356435643566,6.321254945377939
183.66336633663366,6.491052928876874
183.68316831683168,6.666118900165656
183.7029702970297,6.84561651072288
183.7227722772277,7.028775787681302
183.74257425742576,7.214890347542308
183.76237623762378,7.403313803235361
183.78217821782178,7.5934557317202955
183.8019801980198,7.784777470431893
183.82178217821783,7.976787930733975
183.84158415841583,8.16903955412242
183.86138613861385,8.361124489869873
183.8811881188119,8.552671038409608
183.9009900990099,8.743340380361113
183.92079207920793,8.932823594364208
183.94059405940595,9.120838955868901
183.96039603960395,9.307129502171904
183.98019801980197,9.491460845099104
184.0,9.673619210901384
184.01980198019803,9.85340968648902
184.03960396039605,10.030654651592409
184.05940594059408,10.20519237745876
184.07920792079207,10.37687577403261
184.0990099009901,10.545571269057458
184.11881188118812,10.711157804066568
184.13861386138615,10.873525933730514
184.15841584158417,11.032577016454894
184.1782178217822,11.188222485448653
184.1980198019802,11.340383190700177
184.21782178217822,11.488988803401519
184.23762376237624,11.633977275353365
184.25742574257424,11.775294346770147
184.2772277227723,11.912893096693479
184.29702970297032,12.046733530921841
184.31683168316832,12.176782202982526
184.33663366336634,12.303011864218206
184.35643564356437,12.425401139541748
184.37623762376236,12.543934225837193
184.3960396039604,12.658600610358382
184.41584158415844,12.769394806806007
184.43564356435644,12.8763161070541
184.45544554455446,12.979368346752631
184.4752475247525,13.078559683258865
184.4950495049505,13.17390238454976
184.5148514851485,13.26541262794394
184.53465346534654,13.353110307618321
184.55445544554456,13.437018850043016
184.5742574257426,13.517165036581153
184.5940594059406,13.59357883261004
184.6138613861386,13.666293222617105
184.63366336633663,13.735344050811756
184.65346534653466,13.800769866870901
184.67326732673266,13.862611776506226
184.6930693069307,13.920913296602622
184.71287128712873,13.975720214732993
184.73267326732673,14.027080452904038
184.75247524752476,14.075043935432246
184.77227722772278,14.119662460888335
184.79207920792078,14.160989578084292
184.8118811881188,14.199080466107755
184.83168316831686,14.233991818436495
184.85148514851485,14.26578173118966
184.87128712871288,14.294509595593613
184.8910891089109,14.320235994758061
184.9108910891089,14.343022604873356
184.93069306930693,14.362932100952454
184.95049504950495,14.380028067250516
184.97029702970298,14.394374912502652
184.990099009901,14.406037790125138
185.00990099009903,14.41508252352769
185.02970297029702,14.421575536684488
185.04950495049505,14.425583790109162
185.06930693069307,14.427174722374705
185.08910891089107,14.426416197311596
185.10891089108912,14.423376457008812
185.12871287128715,14.41812408073043
185.14851485148515,14.410727949846699
185.16831683168317,14.4012572188624
185.1881188118812,14.389781292606756
185.2079207920792,14.376369809628443
185.22772277227722,14.361092631816442
185.24752475247527,14.344019840241778
185.26732673267327,14.325221737188237
185.2871287128713,14.3047688543101
185.30693069306932,14.282731966822869
185.32673267326732,14.25918211359939
185.34653465346534,14.234190623006926
185.36633663366337,14.207829144282746
185.3861386138614,14.18016968420537
185.40594059405942,14.151284648776029
185.42574257425744,14.12124688958104
185.44554455445544,14.090129754459106
185.46534653465346,14.058007142050439
185.4851485148515,14.024953559754614
185.5049504950495,13.99104418457378
185.52475247524754,13.956354926265483
185.54455445544556,13.920962492176601
185.56435643564356,13.884944453075931
185.58415841584159,13.848379309248891
185.6039603960396,13.811346556063503
185.6237623762376,13.773926748162891
185.64356435643566,13.736201561386178
185.6633663366337,13.698253851468545
185.68316831683168,13.660167708520765
185.7029702970297,13.62202850624227
185.72277227722773,13.583922944777994
185.74257425742573,13.545939086090904
185.76237623762376,13.50816638068837
185.7821782178218,13.470695684514483
185.8019801980198,13.433619264801358
185.82178217821783,13.397030793663422
185.84158415841586,13.361025328219554
185.86138613861385,13.325699276041906
185.88118811881188,13.291150344756543
185.9009900990099,13.257477474663933
185.92079207920793,13.224780753306037
185.94059405940595,13.193161310983552
185.96039603960398,13.162721196324002
185.98019801980197,13.133563231118162
186.0,13.105790843781252
186.01980198019803,13.079507880956424
186.03960396039605,13.05481839696109
186.05940594059408,13.031826420982584
186.0792079207921,13.010635702155973
186.0990099009901,12.991349432903975
186.11881188118812,12.974069951183635
186.13861386138615,12.958898422563955
186.15841584158414,12.945934503350513
186.1782178217822,12.935275986271943
186.19801980198022,12.927018430544468
186.21782178217822,12.92125477842921
186.23762376237624,12.918074960686042
186.25742574257427,12.917565493601298
186.27722772277227,12.919809070517374
186.2970297029703,12.924884151013892
186.31683168316835,12.93286455107513
186.33663366336634,12.943819037721655
186.35643564356437,12.957810931678612
186.3762376237624,12.974897721695168
186.3960396039604,12.995130694115005
186.41584158415841,13.018554581224596
186.43564356435644,13.04520723177288
186.45544554455446,13.075119306864503
186.4752475247525,13.108314004180833
186.49504950495052,13.144806813182834
186.5148514851485,13.184605303603432
186.53465346534654,13.227708949150902
186.55445544554456,13.274108987927676
186.57425742574256,13.323788320629802
186.5940594059406,13.376721447140552
186.61386138613864,13.432874441677972
186.63366336633663,13.492204966209533
186.65346534653466,13.554662321417865
186.67326732673268,13.62018753409756
186.69306930693068,13.688713479492705
186.7128712871287,13.76016503675415
186.73267326732676,13.834459275409618
186.75247524752476,13.911505670502565
186.77227722772278,13.991206343868575
186.7920792079208,14.073456328882498
186.8118811881188,14.15814385592389
186.83168316831683,14.245150655771216
186.85148514851485,14.334352278143157
186.87128712871288,14.425618422654681
186.8910891089109,14.518813279540899
186.91089108910893,14.613795877619525
186.93069306930693,14.710420437105277
186.95049504950495,14.808536725054301
186.97029702970298,14.907990411395362
186.99009900990097,15.008623423694983
187.00990099009903,15.110274298998545
187.02970297029705,15.212778531286471
187.04950495049505,15.315968913279056
187.06930693069307,15.41967587151255
187.0891089108911,15.52372779378981
187.1089108910891,15.627951348279725
187.12871287128712,15.732171793697997
187.14851485148517,15.836213280148108
187.16831683168317,15.939899140333067
187.1881188118812,16.04305217096715
187.20792079207922,16.14549490432087
187.22772277227722,16.247049869923305
187.24752475247524,16.347539846523688
187.26732673267327,16.446788104478916
187.2871287128713,16.544618638787924
187.30693069306932,16.640856393036472
187.32673267326734,16.735327474549102
187.34653465346534,16.827859361069887
187.36633663366337,16.918281099309937
187.3861386138614,17.006423495709985
187.40594059405942,17.09211929977007
187.42574257425744,17.17520338029748
187.44554455445547,17.255512894918958
187.46534653465346,17.332887453194274
187.4851485148515,17.40716927365703
187.5049504950495,17.47820333509437
187.5247524752475,17.545837522362444
187.54455445544556,17.60992276701737
187.56435643564356,17.670313183024575
187.58415841584159,17.72686619779123
187.6039603960396,17.779442678749273
187.6237623762376,17.82790705569821
187.64356435643563,17.872127439100357
187.66336633663366,17.911975734504278
187.68316831683168,17.947327753256303
187.7029702970297,17.9780633196452
187.72277227722773,18.004066374611064
187.74257425742573,18.0252250761365
187.76237623762376,18.041431896426488
187.78217821782178,18.05258371597243
187.8019801980198,18.05858191458671
187.82178217821783,18.05933245948563
187.84158415841586,18.054745990491725
187.86138613861385,18.044737902420508
187.88118811881188,18.029228424712503
187.9009900990099,18.008142698367884
187.9207920792079,17.98141085023945
187.94059405940595,17.948968064738846
187.96039603960398,17.910754653011736
187.98019801980197,17.86671611964001
188.0,17.816803226932326
188.01980198019803,17.76097205686971
188.03960396039602,17.699184070779264
188.05940594059405,17.63140616681752
188.0792079207921,17.557610735355087
188.0990099009901,17.477775712365652
188.11881188118812,17.391884630937152
188.13861386138615,17.299926671038374
188.15841584158414,17.201896707693304
188.17821782178217,17.0977953577368
188.1980198019802,16.987629025349186
188.21782178217822,16.871409946595488
188.23762376237624,16.749156233226145
188.25742574257427,16.6208919160317
188.27722772277227,16.48664698808463
188.2970297029703,16.346457448247293
188.31683168316832,16.20036534537714
188.3366336633663,16.04841882371985
188.35643564356437,15.890672170048358
188.3762376237624,15.727185863182862
188.3960396039604,15.558026626614813
188.41584158415841,15.38326748505819
188.43564356435644,15.202987825866538
188.45544554455444,15.01727346638631
188.47524752475246,14.826216728468522
188.49504950495052,14.629916521535721
188.5148514851485,14.428478435802512
188.53465346534654,14.222014847480729
188.55445544554456,14.010645038070065
188.57425742574256,13.794495330147269
188.59405940594058,13.573699242430129
188.6138613861386,13.348397667314904
188.63366336633663,13.118739074577904
188.65346534653466,12.88487974550614
188.67326732673268,12.646984042392855
188.69306930693068,12.405224719118204
188.7128712871287,12.159783279453862
188.73267326732673,11.910850390805523
188.75247524752473,11.658626362367364
188.77227722772278,11.403321698137823
188.7920792079208,11.145157736972813
188.8118811881188,10.884367393869994
188.83168316831683,10.621196019030346
188.85148514851485,10.355902393975272
188.87128712871285,10.088759887156755
188.89108910891088,9.820057795121786
188.91089108910893,9.550102899410948
188.93069306930693,9.279221273982387
188.95049504950495,9.007760383012004
188.97029702970298,8.73609151430214
188.99009900990097,8.464612598979997
189.009900990099,8.193751473227353
189.02970297029702,7.9239696416872505
189.04950495049505,7.655766603703504
189.06930693069307,7.389684800736746
189.0891089108911,7.12631523323476
189.1089108910891,6.866303773580564
189.12871287128712,6.610358162257814
189.14851485148515,6.359255608365791
189.16831683168317,6.113850811471634
189.1881188118812,5.875084064899565
189.20792079207922,5.643988874223205
189.22772277227722,5.421698213052077
189.24752475247524,5.209448132545293
189.26732673267327,5.008576951996605
189.28712871287127,4.820517734032249
189.30693069306932,4.646781301392549
189.32673267326734,4.488926881994062
189.34653465346534,4.3485178653188
189.36633663366337,4.227061450308286
189.3861386138614,4.125933407077959
189.4059405940594,4.046292691731351
189.4257425742574,3.9889946235586597
189.44554455445547,3.954514519906694
189.46534653465346,3.9428945574775334
189.4851485148515,3.9537241069604785
189.5049504950495,3.986158029219446
189.5247524752475,4.0389700685640335
189.54455445544554,4.1106319944152
189.56435643564356,4.199405578057148
189.58415841584159,4.303434526505031
189.6039603960396,4.420826358233287
189.62376237623764,4.549718353950545
189.64356435643563,4.688325690176492
189.66336633663366,4.8349727944837975
189.68316831683168,4.988110622587089
189.7029702970297,5.146323147523129
189.72277227722773,5.308326230958057
189.74257425742576,5.472961559656649
189.76237623762376,5.639187724760287
189.78217821782178,5.806069943471688
189.8019801980198,5.972769438811264
189.8217821782178,6.1385331205786136
189.84158415841586,6.302683941088748
189.86138613861388,6.464612113996013
189.88118811881188,6.623767263287708
189.9009900990099,6.779651494377299
189.92079207920793,6.931813335851041
189.94059405940592,7.079842478136374
189.96039603960395,7.223365226543825
189.980198019802,7.36204058553566
190.0,7.495556895191032
190.01980198019803,7.623628947395845
190.03960396039605,7.745995516861259
190.05940594059405,7.862417249806145
190.07920792079207,7.972674860538053
190.0990099009901,8.076567592980043
190.11881188118812,8.173911910310188
190.13861386138615,8.26454038128901
190.15841584158417,8.348300736577658
190.17821782178217,8.42505507245429
190.1980198019802,8.494679182885525
190.21782178217822,8.557062003975778
190.23762376237622,8.612105157467699
190.25742574257427,8.659722582265427
190.2772277227723,8.69984024495798
190.2970297029703,8.732395922082503
190.31683168316832,8.757339048435192
190.33663366336634,8.774630627150097
190.35643564356434,8.784243198561871
190.37623762376236,8.78616086608037
190.39603960396042,8.780379378464406
190.41584158415841,8.766906269018008
190.43564356435644,8.745761053374565
190.45544554455446,8.716975488708512
190.47524752475246,8.68059389845229
190.4950495049505,8.636673567924532
190.5148514851485,8.585285217728071
190.53465346534654,8.526513563385539
190.55445544554456,8.460457971482317
190.5742574257426,8.387233224620617
190.59405940594058,8.306970409795948
190.6138613861386,8.21981794742988
190.63366336633663,8.125942781275176
190.65346534653463,8.025531752788162
190.67326732673268,7.918793187371087
190.6930693069307,7.805958724134258
190.7128712871287,7.68728542549787
190.73267326732673,7.563058207972697
190.75247524752476,7.433592640676091
190.77227722772275,7.299238163267396
190.79207920792078,7.160381779547968
190.81188118811883,7.017452286190455
190.83168316831683,6.870925096745389
190.85148514851485,6.721327717418132
190.87128712871288,6.569245920475424
190.89108910891088,6.415330639754144
190.9108910891089,6.260305575369446
190.93069306930693,6.104975434336348
190.95049504950495,5.950234641449259
190.97029702970298,5.79707621966309
190.990099009901,5.646600349864221
191.009900990099,5.500021866443961
191.02970297029702,5.358675624043342
191.04950495049505,5.224018293238532
191.06930693069307,5.097624746016884
191.0891089108911,4.981176853420617
191.10891089108912,4.876442368123296
191.12871287128712,4.785241786801494
191.14851485148515,4.709401887965059
191.16831683168317,4.650696179526612
191.18811881188117,4.610774761270706
191.20792079207922,4.591088813514128
191.22772277227725,4.592817420588629
191.24752475247524,4.616805850376674
191.26732673267327,4.663523954704941
191.2871287128713,4.733050758770248
191.3069306930693,4.82508708165147
191.32673267326732,4.938993353953948
191.34653465346537,5.07384602922675
191.36633663366337,5.228504065322376
191.3861386138614,5.401677071473998
191.40594059405942,5.591988388135555
191.4257425742574,5.798028775974541
191.44554455445544,6.018398779901533
191.46534653465346,6.25173972367107
191.4851485148515,6.496754509975138
191.5049504950495,6.752220002337404
191.52475247524754,7.016992907517942
191.54455445544554,7.290010936622029
191.56435643564356,7.570290744615069
191.58415841584159,7.856923830538663
191.6039603960396,8.149071281683666
191.62376237623764,8.445957990960892
191.64356435643566,8.746866775121543
191.66336633663366,9.051132669313395
191.68316831683168,9.358137563163279
191.7029702970297,9.667305266468214
191.7227722772277,9.978097040572157
191.74257425742576,10.290007597817022
191.76237623762378,10.602561550738669
191.78217821782178,10.915310280896305
191.8019801980198,11.227829191428215
191.82178217821783,11.53971530551856
191.84158415841583,11.850585173476532
191.86138613861385,12.160073053073498
191.8811881188119,12.467829330490272
191.9009900990099,12.773519152263818
191.92079207920793,13.076821241716514
191.94059405940595,13.377426876339058
191.96039603960395,13.675039005386825
191.98019801980197,13.969371489495433
192.0,14.26014844640815
192.01980198019803,14.547103688939977
192.03960396039605,14.829980243093175
192.05940594059408,15.10852993580764
192.07920792079207,15.382513043196868
192.0990099009901,15.651697991309332
192.11881188118812,15.915861102486598
192.13861386138612,16.17478638128334
192.15841584158417,16.428265334687595
192.1782178217822,16.67609682204922
192.1980198019802,16.918086930703858
192.21782178217822,17.154048873780948
192.23762376237624,17.38380290711894
192.25742574257424,17.607176262587373
192.27722772277227,17.82400309544251
192.29702970297032,18.03412444362709
192.31683168316832,18.237388197171985
192.33663366336634,18.433649076073124
192.35643564356437,18.622768615204475
192.37623762376236,18.804615154992902
192.3960396039604,18.97906383672406
192.41584158415841,19.14599660147506
192.43564356435644,19.305302191780527
192.45544554455446,19.45687615523663
192.4752475247525,19.600620849333616
192.4950495049505,19.736445446884346
192.5148514851485,19.864265941483506
192.53465346534654,19.984005152492617
192.55445544554453,20.09559272909974
192.5742574257426,20.198965153050388
192.5940594059406,20.294065739689337
192.6138613861386,20.380844636991537
192.63366336633663,20.459258822294913
192.65346534653466,20.529272096479442
192.67326732673266,20.590855075365198
192.69306930693068,20.643985178127775
192.71287128712873,20.688646612553455
192.73267326732673,20.724830356977538
192.75247524752476,20.752534138769455
192.77227722772278,20.771762409246257
192.79207920792078,20.782526314913117
192.8118811881188,20.784843664944813
192.83168316831683,20.778738894837158
192.85148514851485,20.764243026170366
192.87128712871288,20.74139362243961
192.8910891089109,20.7102347409197
192.9108910891089,20.670816880542183
192.93069306930693,20.623196925773954
192.95049504950495,20.567438086496807
192.97029702970298,20.503609833896615
192.990099009901,20.43178783238094
193.00990099009903,20.3520538675521
193.02970297029702,20.264495770271925
193.04950495049505,20.169207336862566
193.06930693069307,20.06628824549598
193.08910891089107,19.95584396883277
193.10891089108912,19.837985682978605
193.12871287128715,19.712830172834508
193.14851485148515,19.58049973392438
193.16831683168317,19.441122070791163
193.1881188118812,19.294830192059955
193.2079207920792,19.1417623022741
193.22772277227722,18.98206169061776
193.24752475247527,18.815876616645443
193.26732673267327,18.643360193147103
193.2871287128713,18.464670266284354
193.30693069306932,18.27996929314152
193.32673267326732,18.089424216842488
193.34653465346534,17.89320633939289
193.36633663366337,17.691491192414674
193.3861386138614,17.48445840594872
193.40594059405942,17.27229157550973
193.42574257425744,17.055178127586224
193.44554455445544,16.833309183787616
193.46534653465346,16.60687942384974
193.4851485148515,16.376086947719635
193.5049504950495,16.14113313695066
193.52475247524754,15.902222515648763
193.54455445544556,15.659562611221903
193.56435643564356,15.413363815194902
193.58415841584159,15.163839244363253
193.6039603960396,14.91120460257084
193.6237623762376,14.655678043407455
193.64356435643566,14.397480034133501
193.6633663366337,14.136833221150214
193.68316831683168,13.873962297344288
193.7029702970297,13.609093871645452
193.72277227722773,13.34245634114413
193.74257425742573,13.074279766123253
193.76237623762376,12.804795748362345
193.7821782178218,12.534237313073207
193.8019801980198,12.262838794823242
193.82178217821783,11.990835727793007
193.84158415841586,11.71846474069781
193.86138613861385,11.445963456676507
193.88118811881188,11.173570398411359
193.9009900990099,10.901524898687367
193.92079207920793,10.630067016523919
193.94059405940595,10.359437458910092
193.96039603960398,10.089877508042047
193.98019801980197,9.821628953787005
194.0,9.554934030875822
194.01980198019803,9.290035360041816
194.03960396039602,9.027175891963791
194.05940594059408,8.766598852420142
194.0792079207921,8.50854768649722
194.0990099009901,8.253265998998183
194.11881188118812,8.000997487338903
194.13861386138615,7.751985862169247
194.15841584158414,7.506474749684694
194.17821782178217,7.264707568064097
194.19801980198022,7.026927368647463
194.21782178217822,6.793376630323568
194.23762376237624,6.564296993107037
194.25742574257427,6.339928914040011
194.27722772277227,6.120511225372002
194.2970297029703,5.90628057150722
194.31683168316832,5.697470697572454
194.33663366336634,5.494311558839366
194.35643564356437,5.29702821692285
194.3762376237624,5.105839486094771
194.3960396039604,4.920956291775128
194.41584158415841,4.742579704041424
194.43564356435644,4.570898612750508
194.45544554455444,4.406087018654519
194.4752475247525,4.248300927824005
194.49504950495052,4.0976748557884095
194.5148514851485,3.9543179737655483
194.53465346534654,3.818309962258335
194.55445544554456,3.6896966762599823
194.57425742574256,3.568485769125955
194.59405940594058,3.454642465105296
194.61386138613864,3.3480857083136333
194.63366336633663,3.248684942174727
194.65346534653466,3.1562577813631894
194.67326732673268,3.0705688223109604
194.69306930693068,2.991329795101132
194.7128712871287,2.9182011895548396
194.73267326732673,2.850795396555176
194.75247524752476,2.7886813015249756
194.77227722772278,2.7313901628971258
194.7920792079208,2.6784225176171885
194.8118811881188,2.6292557896744047
194.83168316831683,2.5833522438431404
194.85148514851485,2.540166927430802
194.87128712871288,2.499155274767335
194.8910891089109,2.4597801051696373
194.91089108910893,2.4215178156003017
194.93069306930693,2.3838636443476218
194.95049504950495,2.3463359532783667
194.97029702970298,2.308479537426574
194.99009900990097,2.26986801844793
195.00990099009903,2.230105411814517
195.02970297029705,2.188826977453536
195.04950495049505,2.145699471947938
195.06930693069307,2.1004209200761252
195.0891089108911,2.052720017106854
195.1089108910891,2.0023552633857227
195.12871287128712,1.94911392147127
195.14851485148517,1.8928108751357229
195.16831683168317,1.8332874603677263
195.1881188118812,1.7704103324094658
195.20792079207922,1.7040704312685104
195.22772277227722,1.6341821130479481
195.24752475247524,1.5606825290182178
195.26732673267327,1.483531364170228
195.2871287128713,1.4027111022284517
195.30693069306932,1.318228084112571
195.32673267326734,1.2301148097438523
195.34653465346534,1.1384342772281308
195.36633663366337,1.043287827736647
195.3861386138614,0.9448293542238462
195.40594059405942,0.8432917758552377
195.42574257425744,0.7390388419170764
195.44554455445547,0.6326736685619793
195.46534653465346,0.5252872256814335
195.4851485148515,0.419092925751405
195.5049504950495,0.31924934130407356
195.5247524752475,0.23929271245072292
195.54455445544556,0.21004528821589663
195.5643564356436,0.25476068138625396
195.58415841584159,0.34922413457155815
195.6039603960396,0.46642003869316456
195.62376237623764,0.5948483010751803
195.64356435643563,0.7300073120278815
195.66336633663366,0.8698773887843482
195.6831683168317,1.0133990746930979
195.7029702970297,1.1599314970790786
195.72277227722773,1.3090357257788736
195.74257425742576,1.4603783479727162
195.76237623762376,1.6136845913715503
195.78217821782178,1.7687138497858264
195.8019801980198,1.9252461496278357
195.82178217821783,2.0830743146116424
195.84158415841586,2.241999262849742
195.86138613861388,2.4018271065454098
195.88118811881188,2.5623673304212455
195.9009900990099,2.7234316378171934
195.92079207920793,2.8848332222543456
195.94059405940592,3.046386317064307
195.96039603960398,3.207905930777525
195.980198019802,3.3692077089757424
196.0,3.530107883641382
196.01980198019803,3.690423283864014
196.03960396039605,3.8499713900388404
196.05940594059405,4.00857041913777
196.07920792079207,4.166039432282615
196.09900990099013,4.322198458336087
196.11881188118812,4.476868628945309
196.13861386138615,4.629872321678392
196.15841584158417,4.781033308750521
196.17821782178217,4.930176909451423
196.1980198019802,5.077130144832765
196.21782178217822,5.221721893542051
196.23762376237624,5.363783047932315
196.25742574257427,5.503146669758667
196.2772277227723,5.639648144909317
196.2970297029703,5.773125336722988
196.31683168316832,5.903418737524256
196.33663366336634,6.030371618069917
196.35643564356434,6.153830174647764
196.3762376237624,6.273643673606831
196.39603960396042,6.389664593128261
196.41584158415841,6.501748762070308
196.43564356435644,6.609755495740588
196.45544554455446,6.713547728465128
196.47524752475246,6.8129921428375
196.4950495049505,6.907959295543171
196.51485148514854,6.998323739664513
196.53465346534654,7.0839641433814
196.55445544554456,7.164763404990622
196.5742574257426,7.240608764175697
196.59405940594058,7.311391909466311
196.6138613861386,7.377009081834347
196.63366336633663,7.437361174381241
196.65346534653466,7.4923538280794
196.67326732673268,7.541897523538636
196.6930693069307,7.585907668777612
196.7128712871287,7.624304682989315
196.73267326732673,7.657014076300356
196.75247524752476,7.6839665255345135
196.77227722772278,7.7050979460037725
196.7920792079208,7.720349559363409
196.81188118811883,7.729667957583435
196.83168316831683,7.733005163105736
196.85148514851485,7.7303186852761785
196.87128712871288,7.721571573163181
196.89108910891088,7.706732464900419
196.91089108910893,7.685775633720831
196.93069306930695,7.65868103088419
196.95049504950495,7.625434325740704
196.97029702970298,7.5860269432212295
196.990099009901,7.540456099100729
197.009900990099,7.488724833448794
197.02970297029702,7.430842042761092
197.04950495049508,7.36682251136166
197.06930693069307,7.296686942782209
197.0891089108911,7.220461991965193
197.10891089108912,7.138180299309917
197.12871287128712,7.049880527791384
197.14851485148515,6.955607404642652
197.16831683168317,6.855411769414356
197.1881188118812,6.7493506306286
197.20792079207922,6.637487233751677
197.22772277227725,6.519891143850003
197.24752475247524,6.396638347108744
197.26732673267327,6.267811376435553
197.2871287128713,6.1334994677170425
197.30693069306932,5.993798755042496
197.32673267326734,5.8488125154967205
197.34653465346537,5.6986514771408805
197.36633663366337,5.5434342078164915
197.3861386138614,5.383287607799108
197.40594059405942,5.218347536637612
197.4257425742574,5.04875961452099
197.44554455445547,4.874680252360537
197.4653465346535,4.696277984149698
197.4851485148515,4.513735202598634
197.5049504950495,4.3272504383823245
197.52475247524754,4.13704138051559
197.54455445544554,3.9433489196398948
197.56435643564356,3.746442622077711
197.5841584158416,3.5466282340702864
197.6039603960396,3.3442581114171754
197.62376237623764,3.1397459340734892
197.64356435643566,2.9335878060956597
197.66336633663366,2.726393041346871
197.68316831683168,2.518929903393309
197.7029702970297,2.312194816183746
197.72277227722773,2.1075188898433703
197.74257425742576,1.9067340533235966
197.76237623762376,1.7124331552702636
197.78217821782178,1.5283703468146494
197.8019801980198,1.3600385801210315
197.8217821782178,1.2153547155884419
197.84158415841583,1.1050025510531356
197.86138613861388,1.0412337261449307
197.88118811881188,1.0338197468347539
197.9009900990099,1.0848067937410386
197.92079207920793,1.1873492233735796
197.94059405940592,1.3300189936907476
197.96039603960395,1.5016902378747485
197.98019801980197,1.6936922831104249
198.0,1.899881085956276
198.01980198019803,2.1160301635735976
198.03960396039605,2.3392206894167145
198.05940594059405,2.5673950818629283
198.07920792079207,2.799061173199774
198.0990099009901,3.0331021294324634
198.1188118811881,3.2686546214493166
198.13861386138615,3.505029943763273
198.15841584158417,3.741662135377908
198.17821782178217,3.9780732517492168
198.1980198019802,4.2138496974773245
198.21782178217822,4.448625815743261
198.23762376237622,4.682072323625222
198.25742574257424,4.913888040025535
198.2772277227723,5.1437938883602765
198.2970297029703,5.371528495745178
198.31683168316832,5.596844929314185
198.33663366336634,5.819508253710813
198.35643564356434,6.039293689219677
198.37623762376236,6.255985214467565
198.3960396039604,6.469374501795703
198.41584158415841,6.679260104085753
198.43564356435644,6.8854468334077366
198.45544554455446,7.087745287228718
198.47524752475246,7.28597148899206
198.4950495049505,7.479946617937587
198.5148514851485,7.669496808961164
198.53465346534654,7.854453007714809
198.55445544554456,8.034650869447605
198.5742574257426,8.209930692581576
198.59405940594058,8.380137379917176
198.6138613861386,8.545120421823238
198.63366336633663,8.704733896895583
198.65346534653463,8.858836486449565
198.67326732673268,9.007291499902582
198.6930693069307,9.149966908648935
198.7128712871287,9.286735386463654
198.73267326732673,9.417474354819515
198.75247524752476,9.542066031781683
198.77227722772275,9.6603974833714
198.79207920792078,9.772360676475413
198.81188118811883,9.877852532530367
198.83168316831683,9.97677498133701
198.85148514851485,10.06903501446465
198.87128712871288,10.154544737794279
198.89108910891088,10.233221422824045
198.9108910891089,10.304987556425026
198.93069306930693,10.369770888791047
198.95049504950495,10.427504479375417
198.97029702970298,10.478126740651405
198.990099009901,10.521581479572491
199.009900990099,10.557817936646112
199.02970297029702,10.586790822568185
199.04950495049505,10.608460352400085
199.06930693069307,10.622792277301873
199.0891089108911,10.629757913869074
199.10891089108912,10.629334171154271
199.12871287128712,10.62150357549033
199.14851485148515,10.60625429327035
199.16831683168317,10.583580151880803
199.18811881188117,10.553480659030292
199.20792079207922,10.515961020767145
199.22772277227725,10.471032158537199
199.24752475247524,10.418710725699164
199.26732673267327,10.359019123990826
199.2871287128713,10.29198552052823
199.3069306930693,10.2176438660228
199.32673267326732,10.136033915023605
199.34653465346537,10.047201249135636
199.36633663366337,9.951197304336565
199.3861386138614,9.848079403719536
199.40594059405942,9.737910797236225
199.4257425742574,9.620760710312368
199.44554455445544,9.49670440356987
199.46534653465346,9.365823246331084
199.4851485148515,9.228204807122205
199.5049504950495,9.083942965059698
199.52475247524754,8.933138046829582
199.54455445544554,8.775896994997732
199.56435643564356,8.612333574675922
199.58415841584159,8.442568627187574
199.60396039603958,8.266730381425917
199.62376237623764,8.084954836205771
199.64356435643566,7.897386230250217
199.66336633663366,7.704177620758652
199.68316831683168,7.505491597087919
199.7029702970297,7.301501163372804
199.7227722772277,7.092390833508117
199.74257425742573,6.878357994628332
199.76237623762378,6.659614612194089
199.78217821782178,6.436389372628647
199.8019801980198,6.208930390409437
199.82178217821783,5.977508648837589
199.84158415841583,5.742422402009236
199.86138613861385,5.504002846458624
199.88118811881188,5.262621484159045
199.9009900990099,5.018699757957281
199.92079207920793,4.772721766071124
199.94059405940595,4.525251182369988
199.96039603960395,4.2769539629450986
199.98019801980197,4.028629057967199
200.0,3.7812502292536267
200.019801980198,3.536023241859856
200.03960396039605,3.294464113187566
200.05940594059408,3.058505462214321
200.07920792079207,2.8306382989343652
200.0990099009901,2.6140931729291492
200.11881188118812,2.413051436464406
200.13861386138612,2.2328431890495013
200.15841584158414,2.080019129580827
200.1782178217822,1.9620828995097594
200.1980198019802,1.8866171748829372
200.21782178217822,1.8597282103683987
200.23762376237624,1.884297528283631
200.25742574257424,1.9590470776556685
200.27722772277227,2.0790832993933726
200.2970297029703,2.237505022366337
200.31683168316832,2.4270608163189125
200.33663366336634,2.6412033454372192
200.35643564356437,2.874499664806787
200.37623762376236,3.1226393372965346
200.3960396039604,3.3822712856305035
200.41584158415841,3.650803376432535
200.43564356435644,3.92622177243853
200.45544554455446,4.206946104780748
200.4752475247525,4.491719445406199
200.4950495049505,4.7795267773044054
200.5148514851485,5.069535175680684
200.53465346534654,5.361049984691533
200.55445544554453,5.653482607501237
200.5742574257426,5.946326690326194
200.5940594059406,6.239140381530933
200.6138613861386,6.5315330080778535
200.63366336633663,6.823154985288035
200.65346534653466,7.113690111509236
200.67326732673266,7.402849636416631
200.69306930693068,7.690367659472673
200.71287128712873,7.975997534330083
200.73267326732673,8.259509040231137
200.75247524752476,8.540686142850099
200.77227722772278,8.819325211563301
200.79207920792078,9.095233592693031
200.8118811881188,9.368228462265039
200.83168316831683,9.638135899638707
200.85148514851485,9.90479013670321
200.87128712871288,10.168032947388037
200.8910891089109,10.427713149871868
200.9108910891089,10.683686199714899
200.93069306930693,10.935813856636848
200.95049504950495,11.1839639111502
200.97029702970298,11.42800995997687
200.990099009901,11.667831221311681
201.00990099009903,11.903312382680738
201.02970297029702,12.134343475480692
201.04950495049505,12.360819771352874
201.06930693069307,12.582641696402973
201.08910891089107,12.79971475996873
201.10891089108912,13.01194949519774
201.12871287128715,13.219261409154264
201.14851485148515,13.421570940547028
201.16831683168317,13.618803423477047
201.1881188118812,13.810889055857585
201.2079207920792,13.997762871368698
201.22772277227722,14.179364713983395
201.24752475247527,14.355639214248686
201.26732673267327,14.526535766627681
201.2871287128713,14.692008507311952
201.30693069306932,14.852016292001208
201.32673267326732,15.006522673221266
201.34653465346534,15.155495876815028
201.36633663366337,15.298908777295061
201.3861386138614,15.436738871792976
201.40594059405942,15.56896825238127
201.42574257425744,15.695583576577526
201.44554455445544,15.816576035871464
201.46534653465346,15.931941322141338
201.4851485148515,16.04167959184939
201.50495049504948,16.14579542792599
201.52475247524754,16.244297799270075
201.54455445544556,16.337200017808993
201.56435643564356,16.4245196930748
201.58415841584159,16.506278684266466
201.6039603960396,16.582503049778072
201.6237623762376,16.65322299418331
201.64356435643563,16.718472812674854
201.6633663366337,16.77829083296539
201.68316831683168,16.83271935466352
201.7029702970297,16.88180458614478
201.72277227722773,16.92559657894262
201.74257425742573,16.964149159690134
201.76237623762376,16.997519859647017
201.78217821782178,17.025769841850682
201.8019801980198,17.048963825933743
201.82178217821783,17.06717001065303
201.84158415841586,17.08045999417838
201.86138613861385,17.088908692191396
201.88118811881188,17.09259425384641
201.9009900990099,17.091597975647765
201.9207920792079,17.086004213298597
201.94059405940595,17.07590029157755
201.96039603960398,17.06137641230044
201.98019801980197,17.042525560424576
202.0,17.01944340835372
202.01980198019803,16.992228218501367
202.03960396039602,16.96098074417029
202.05940594059405,16.925804128805417
202.0792079207921,16.886803803676866
202.0990099009901,16.84408738404886
202.11881188118812,16.797764563889423
202.13861386138615,16.747947009174514
202.15841584158414,16.69474824983928
202.17821782178217,16.63828357042707
202.1980198019802,16.57866989948643
202.21782178217822,16.51602569776355
202.23762376237624,16.450470845237227
202.25742574257427,16.38212652704112
202.27722772277227,16.31111511831679
202.2970297029703,16.237560068039823
202.31683168316832,16.16158578185971
202.33663366336634,16.08331750399341
202.35643564356437,16.00288119821125
202.3762376237624,15.920403427953845
202.3960396039604,15.836011235617876
202.41584158415841,15.749832021049306
202.43564356435644,15.661993419283041
202.45544554455444,15.57262317756944
202.4752475247525,15.481849031730038
202.49504950495052,15.389798581887453
202.5148514851485,15.296599167617927
202.53465346534654,15.202377742579444
202.55445544554456,15.107260748673356
202.57425742574256,15.011373989804216
202.59405940594058,14.914842505309705
202.61386138613864,14.817790443141195
202.63366336633663,14.720340932885444
202.65346534653466,14.622615958728952
202.67326732673268,14.524736232478945
202.69306930693068,14.426821066768552
202.7128712871287,14.328988248588912
202.73267326732673,14.23135391330685
202.75247524752476,14.134032419344473
202.77227722772278,14.037136223715265
202.7920792079208,13.940775758630672
202.8118811881188,13.845059309411605
202.83168316831683,13.750092893959595
202.85148514851485,13.655980144063868
202.87128712871288,13.562822188841439
202.8910891089109,13.470717540628314
202.91089108910893,13.379761983659968
202.93069306930693,13.29004846589865
202.95049504950495,13.201666994382432
202.97029702970298,13.114704534486979
202.99009900990097,13.029244913504295
203.00990099009903,12.945368728952998
203.02970297029705,12.863153262042008
203.04950495049505,12.782672396712785
203.06930693069307,12.703996544683902
203.0891089108911,12.627192576916352
203.1089108910891,12.552323761906939
203.12871287128712,12.479449711200859
203.14851485148517,12.40862633249283
203.16831683168317,12.339905790658527
203.1881188118812,12.27333647702469
203.20792079207922,12.208962987147428
203.22772277227722,12.146826107323518
203.24752475247524,12.086962810010075
203.26732673267327,12.029406258273603
203.2871287128713,11.97418581933086
203.30693069306932,11.921327087182444
203.32673267326734,11.87085191427513
203.34653465346534,11.822778452063131
203.36633663366337,11.777121200271392
203.3861386138614,11.733891064597245
203.4059405940594,11.693095422521592
203.42574257425744,11.654738196837654
203.44554455445547,11.618819936445817
203.46534653465346,11.585337903907945
203.4851485148515,11.554286169205014
203.5049504950495,11.52565570909776
203.5247524752475,11.499434511454128
203.54455445544554,11.475607683877373
203.5643564356436,11.454157565948101
203.58415841584159,11.435063844379892
203.6039603960396,11.4183036703841
203.62376237623764,11.403851778542533
203.64356435643563,11.39168060649889
203.66336633663366,11.381760414799055
203.68316831683168,11.374059406237512
203.7029702970297,11.368543844100275
203.72277227722773,11.365178168734568
203.74257425742576,11.363925111919984
203.76237623762376,11.364745808564784
203.78217821782178,11.36759990530373
203.8019801980198,11.372445665628405
203.8217821782178,11.379240071237867
203.84158415841586,11.387938919354534
203.86138613861388,11.398496915807367
203.88118811881188,11.410867763740622
203.9009900990099,11.425004247860914
203.92079207920793,11.440858314187157
203.94059405940592,11.458381145317961
203.96039603960395,11.477523231275635
203.980198019802,11.498234436029048
204.0,11.520464059834838
204.01980198019803,11.544160897570068
204.03960396039605,11.569273293258625
204.05940594059405,11.595749191018008
204.07920792079207,11.623536182673275
204.0990099009901,11.652581552300438
204.11881188118812,11.682832317972986
204.13861386138615,11.714235270992418
204.15841584158417,11.74673701288706
204.17821782178217,11.780283990463177
204.1980198019802,11.814822529189229
204.21782178217822,11.850298865187268
204.23762376237624,11.886659176096712
204.25742574257427,11.923849611064384
204.2772277227723,11.96181632010108
204.2970297029703,12.00050548303026
204.31683168316832,12.03986333823788
204.33663366336634,12.079836211415177
204.35643564356434,12.12037054446794
204.3762376237624,12.161412924747419
204.39603960396042,12.202910114738815
204.41584158415841,12.244809082325002
204.43564356435644,12.28705703172374
204.45544554455446,12.329601435179054
204.47524752475246,12.372390065469178
204.4950495049505,12.415371029276548
204.51485148514854,12.458492801449019
204.53465346534654,12.501704260165889
204.55445544554456,12.544954723007928
204.5742574257426,12.58819398391696
204.59405940594058,12.631372351018124
204.6138613861386,12.674440685266472
204.63366336633663,12.717350439869316
204.65346534653466,12.76005370042632
204.67326732673268,12.802503225721212
204.6930693069307,12.844652489091798
204.7128712871287,12.88645572029873
204.73267326732673,12.927867947808458
204.75247524752476,12.96884504140133
204.77227722772278,13.009343755012512
204.7920792079208,13.04932176971094
204.81188118811883,13.088737736719567
204.83168316831683,13.127551320379279
204.85148514851485,13.165723240958322
204.87128712871288,13.203215317209603
204.89108910891088,13.23999050857842
204.91089108910893,13.276012956965346
204.93069306930695,13.311248027949704
204.95049504950495,13.34566235138204
204.97029702970298,13.379223861255817
204.990099009901,13.411901834771816
205.009900990099,13.443666930511124
205.02970297029702,13.474491225636248
205.04950495049508,13.50434825204298
205.06930693069307,13.53321303138907
205.0891089108911,13.561062108929157
205.10891089108912,13.587873586089271
205.12871287128712,13.613627151717244
205.14851485148515,13.63830411194938
205.16831683168317,13.661887418636582
205.1881188118812,13.684361696277252
205.20792079207922,13.705713267406521
205.22772277227725,13.725930176395417
205.24752475247524,13.74500221161581
205.26732673267327,13.762920925930162
205.2871287128713,13.779679655467296
205.3069306930693,13.795273536648185
205.32673267326734,13.809699521427357
205.34653465346537,13.822956390717888
205.36633663366337,13.835044765969208
205.3861386138614,13.845967118868607
205.40594059405942,13.855727779138038
205.4257425742574,13.864332940399207
205.44554455445544,13.871790664079892
205.4653465346535,13.878110881335143
205.4851485148515,13.883305392956814
205.5049504950495,13.887387867244582
205.52475247524754,13.890373835811214
205.54455445544554,13.892280687293763
205.56435643564356,13.893127658941584
205.58415841584159,13.892935826050566
205.6039603960396,13.891728089211385
205.62376237623764,13.88952915933812
205.64356435643566,13.886365540441172
205.66336633663366,13.882265510106825
205.68316831683168,13.877259097643236
205.7029702970297,13.871378059850406
205.7227722772277,13.864655854369335
205.74257425742576,13.857127610563277
205.76237623762378,13.848830097881434
205.78217821782178,13.83980169165346
205.8019801980198,13.83008233626084
205.82178217821783,13.819713505629512
205.84158415841583,13.808738160986378
205.86138613861385,13.797200705821274
205.8811881188119,13.785146937994993
205.9009900990099,13.772623998934048
205.92079207920793,13.759680319852839
205.94059405940595,13.74636556494528
205.96039603960395,13.732730571489588
205.98019801980197,13.718827286812928
206.0,13.704708702066126
206.01980198019803,13.690428782763668
206.03960396039605,13.67604239605017
206.05940594059408,13.661605234661618
206.07920792079207,13.647173737558568
206.0990099009901,13.63280500721814
206.11881188118812,13.618556723583366
206.13861386138615,13.604487054681329
206.15841584158417,13.590654563936019
206.1782178217822,13.577118114217864
206.1980198019802,13.563936768689635
206.21782178217822,13.55116968852744
206.23762376237624,13.538876027615943
206.25742574257424,13.527114824339312
206.2772277227723,13.515944890612005
206.29702970297032,13.50542469831825
206.31683168316832,13.495612263354047
206.33663366336634,13.486565027491546
206.35643564356437,13.478339738311865
206.37623762376236,13.470992327479399
206.3960396039604,13.464577787656564
206.41584158415844,13.459150048384585
206.43564356435644,13.454761851280733
206.45544554455446,13.451464624926755
206.4752475247525,13.449308359845855
206.4950495049505,13.448341483986033
206.5148514851485,13.448610739146126
206.53465346534654,13.450161058796454
206.55445544554456,13.453035447758655
206.5742574257426,13.45727486421843
206.5940594059406,13.46291810455047
206.6138613861386,13.470001691436448
206.63366336633663,13.47855976575437
206.65346534653466,13.488623982710541
206.67326732673268,13.500223412674186
206.6930693069307,13.513384447158952
206.71287128712873,13.528130710375184
206.73267326732673,13.54448297675257
206.75247524752476,13.562459094803982
206.77227722772278,13.582073917668989
206.79207920792078,13.603339240639569
206.81188118811883,13.626263745931418
206.83168316831686,13.650852954922644
206.85148514851485,13.677109188037567
206.87128712871288,13.705031532408027
206.8910891089109,13.7346158173979
206.9108910891089,13.765854598029472
206.93069306930693,13.798737146303445
206.95049504950498,13.833249450358185
206.97029702970298,13.869374221368663
206.990099009901,13.907090908042697
207.00990099009903,13.946375718530913
207.02970297029702,13.98720164952911
207.04950495049505,14.029538522316548
207.06930693069307,14.073353025442238
207.0891089108911,14.118608763743751
207.10891089108912,14.165266313359123
207.12871287128715,14.213283282372815
207.14851485148515,14.262614376721125
207.16831683168317,14.313211470970916
207.1881188118812,14.365023683578121
207.2079207920792,14.417997456229065
207.22772277227725,14.472076636867683
207.24752475247527,14.527202566015609
207.26732673267327,14.583314165998901
207.2871287128713,14.640348032705164
207.30693069306932,14.698238529507247
207.32673267326732,14.756917883004595
207.34653465346534,14.816316280249767
207.3663366336634,14.87636196714635
207.3861386138614,14.936981347723629
207.40594059405942,14.998099084014246
207.42574257425744,15.059638196281732
207.44554455445544,15.121520163366647
207.46534653465346,15.18366502294114
207.4851485148515,15.245991471483125
207.5049504950495,15.308416963801966
207.52475247524754,15.370857811967888
207.54455445544556,15.43322928351636
207.56435643564356,15.495445698817493
207.58415841584159,15.557420527517476
207.6039603960396,15.619066483975589
207.6237623762376,15.680295621635102
207.64356435643566,15.741019426280236
207.6633663366337,15.801148908143794
207.68316831683168,15.860594692841218
207.7029702970297,15.919267111116847
207.72277227722773,15.977076287396642
207.74257425742573,16.033932227149286
207.76237623762376,16.089744903063846
207.7821782178218,16.14442434005721
207.8019801980198,16.197880699129026
207.82178217821783,16.25002436008462
207.84158415841583,16.300766003149175
207.86138613861385,16.350016689497426
207.88118811881188,16.397687940724285
207.9009900990099,16.44369181728151
207.92079207920793,16.487940995905124
207.94059405940595,16.530348846057315
207.96039603960395,16.5708295054046
207.98019801980197,16.609297954352545
208.0,16.64567008965456
208.019801980198,16.679862797110104
208.03960396039605,16.711794023364558
208.05940594059408,16.74138284682007
208.07920792079207,16.76854954766371
208.0990099009901,16.79321567701591
208.11881188118812,16.815304125198978
208.13861386138612,16.834739189122324
208.15841584158414,16.851446638777542
208.1782178217822,16.86535378283382
208.1980198019802,16.876389533320374
208.21782178217822,16.884484469380336
208.23762376237624,16.889570900077203
208.25742574257424,16.89158292623228
208.27722772277227,16.89045650126935
208.2970297029703,16.88612949103987
208.31683168316832,16.878541732600233
208.33663366336634,16.867635091910554
208.35643564356437,16.853353520422246
208.37623762376236,16.83564311052067
208.3960396039604,16.81445214978719
208.41584158415841,16.789731174044054
208.43564356435644,16.761433019144576
208.45544554455446,16.729512871470167
208.4752475247525,16.693928317095466
208.4950495049505,16.65463938958239
208.5148514851485,16.61160861636382
208.53465346534654,16.56480106367799
208.55445544554453,16.51418438001488
208.5742574257426,16.45972883803658
208.5940594059406,16.40140737493448
208.6138613861386,16.339195631187316
208.63366336633663,16.27307198768522
208.65346534653466,16.203017601186932
208.67326732673266,16.129016438078743
208.69306930693068,16.051055306406155
208.71287128712873,15.969123886151657
208.73267326732673,15.883214757734413
208.75247524752476,15.793323428711059
208.77227722772278,15.699448358659792
208.79207920792078,15.601590982233635
208.8118811881188,15.49975573037307
208.83168316831683,15.39395004967209
208.85148514851485,15.28418441989702
208.87128712871288,15.17047236966249
208.8910891089109,15.052830490274868
208.9108910891089,14.931278447759647
208.93069306930693,14.80583899309629
208.95049504950495,14.676537970691951
208.97029702970295,14.543404325133336
208.990099009901,14.40647010626595
209.00990099009903,14.265770472659637
209.02970297029702,14.121343693531147
209.04950495049505,13.973231149206788
209.06930693069307,13.821477330222542
209.08910891089107,13.666129835174633
209.1089108910891,13.507239367451186
209.12871287128715,13.344859730995422
209.14851485148515,13.179047825273287
209.16831683168317,13.009863639643509
209.1881188118812,12.837370247356823
209.2079207920792,12.661633799443752
209.22772277227722,12.482723518787378
209.24752475247524,12.3007116947203
209.26732673267327,12.115673678533819
209.2871287128713,11.92768788034372
209.30693069306932,11.736835767822036
209.32673267326732,11.543201867379883
209.34653465346534,11.346873768473737
209.36633663366337,11.147942131810069
209.38613861386136,10.946500702342714
209.40594059405942,10.742646328097377
209.42574257425744,10.536478986022948
209.44554455445544,10.328101816263706
209.46534653465346,10.117621166476942
209.4851485148515,9.905146648094139
209.50495049504948,9.690791206749497
209.5247524752475,9.474671209488768
209.54455445544556,9.256906551837435
209.56435643564356,9.03762078836795
209.58415841584159,8.816941291081006
209.6039603960396,8.594999440733332
209.6237623762376,8.371930857235226
209.64356435643563,8.147875676447903
209.66336633663366,7.922978882182053
209.68316831683168,7.697390704001358
209.7029702970297,7.471267093645875
209.72277227722773,7.244770295611388
209.74257425742573,7.018069530777377
209.76237623762376,6.7913418161240156
209.78217821782178,6.564772948712406
209.8019801980198,6.338558688461946
209.82178217821783,6.1129061821366175
209.84158415841586,5.888035680698811
209.86138613861385,5.664182614214073
209.88118811881188,5.4416001032475245
209.9009900990099,5.220562003647603
209.9207920792079,5.001366603159862
209.94059405940595,4.784341113610659
209.96039603960398,4.569847131061401
209.98019801980197,4.358287266856993
210.0,4.150113181268458
210.01980198019803,3.9458352710356874
210.03960396039602,3.7460342585050475
210.05940594059405,3.5513748781174996
210.0792079207921,3.3626217130080933
210.0990099009901,3.18065693145027
210.11881188118812,3.006499105806109
210.13861386138615,2.8413213242497974
210.15841584158414,2.6864652704271976
210.17821782178217,2.5434457531085055
210.1980198019802,2.413937469624448
210.21782178217822,2.2997333155665984
210.23762376237624,2.2026630142306445
210.25742574257427,2.124464968989522
210.27722772277227,2.066615715152468
210.2970297029703,2.030139895328837
210.31683168316832,2.0154426869942954
210.33663366336634,2.0222135855544
210.35643564356437,2.0494352664123117
210.3762376237624,2.0954973685530653
210.3960396039604,2.158380577346672
210.41584158415841,2.2358602367105878
210.43564356435644,2.325685638996924
210.45544554455444,2.4257112436305293
210.4752475247525,2.5339760501368085
210.49504950495052,2.6487397412890856
210.5148514851485,2.7684885205658274
210.53465346534654,2.89192271002255
210.55445544554456,3.0179352186955284
210.57425742574256,3.145586858891339
210.59405940594058,3.274081989293009
210.61386138613864,3.402746249291656
210.63366336633663,3.53100708957572
210.65346534653466,3.6583772073731624
210.67326732673268,3.784440693172947
210.69306930693068,3.9088415683802435
210.7128712871287,4.031274361638986
210.73267326732673,4.151476387915092
210.75247524752476,4.2692214316727854
210.77227722772278,4.384314578922756
210.7920792079208,4.496587985228438
210.8118811881188,4.6058974046822785
210.83168316831683,4.712119337347206
210.85148514851485,4.815148679734624
210.87128712871285,4.914896785078238
210.8910891089109,5.01128985815394
210.91089108910893,5.104267623887649
210.93069306930693,5.193782220622066
210.95049504950495,5.279797278227108
210.97029702970298,5.362287148693511
210.99009900990097,5.441236262817201
211.009900990099,5.516638591363451
211.02970297029705,5.588497192934833
211.04950495049505,5.656823833845073
211.06930693069307,5.721638667775115
211.0891089108911,5.782969964975241
211.1089108910891,5.840853882374961
211.12871287128712,5.895334267243817
211.14851485148515,5.946462488071506
211.16831683168317,5.9942972871519515
211.1881188118812,6.038904650000597
211.20792079207922,6.080357687237851
211.22772277227722,6.118736524958117
211.24752475247524,6.154128199893707
211.26732673267327,6.186626555892063
211.28712871287127,6.216332138367045
211.30693069306932,6.243352083472937
211.32673267326734,6.267799998792962
211.34653465346534,6.289795832343585
211.36633663366337,6.309465726679751
211.3861386138614,6.32694185485503
211.4059405940594,6.34236223495303
211.4257425742574,6.355870519873117
211.44554455445547,6.367615759034574
211.46534653465346,6.377752128670697
211.4851485148515,6.386438627429564
211.5049504950495,6.393838734094619
211.5247524752475,6.400120024398524
211.54455445544554,6.405453744141713
211.56435643564356,6.410014336155632
211.58415841584159,6.413978919082251
211.6039603960396,6.417526716486062
211.62376237623764,6.4208384354814
211.64356435643563,6.42409559485065
211.66336633663366,6.42747980354724
211.68316831683168,6.431171991517321
211.7029702970297,6.435351595921803
211.72277227722773,6.440195707077861
211.74257425742576,6.445878179738104
211.76237623762376,6.4525687166516335
211.78217821782178,6.460431932661372
211.8019801980198,6.469626408837131
211.8217821782178,6.480303747270813
211.84158415841586,6.492607638112192
211.86138613861388,6.506672951146746
211.88118811881188,6.522624864658632
211.9009900990099,6.540578044440305
211.92079207920793,6.560635885571903
211.94059405940592,6.582889828982306
211.96039603960395,6.607418763817357
211.980198019802,6.634288525298363
212.0,6.66355149608976
212.01980198019803,6.695246317263633
212.03960396039605,6.729397712816567
212.05940594059405,6.766016429441505
212.07920792079207,6.805099290967401
212.0990099009901,6.846629364639865
212.11881188118812,6.8905762343083845
212.13861386138615,6.936896373684005
212.15841584158417,6.985533611196677
212.17821782178217,7.03641967665905
212.1980198019802,7.089474818961472
212.21782178217822,7.144608483392862
212.23762376237624,7.201720036896479
212.25742574257427,7.2606995296095524
212.2772277227723,7.3214284813672315
212.2970297029703,7.3837806824331285
212.31683168316832,7.447622998504127
212.33663366336634,7.5128161709754835
212.35643564356434,7.579215604495325
212.3762376237624,7.6466721349385764
212.39603960396042,7.715032772047204
212.41584158415841,7.784141412081113
212.43564356435644,7.853839516872422
212.45544554455446,7.923966756652056
212.47524752475246,7.994361614906673
212.4950495049505,8.06486195431436
212.51485148514854,8.135305543495184
212.53465346534654,8.205530544896789
212.55445544554456,8.27537596461869
212.5742574257426,8.344682065367309
212.59405940594058,8.413290744035008
212.6138613861386,8.481045875618639
212.63366336633663,8.54779362534632
212.65346534653466,8.613382730974138
212.67326732673268,8.677664757257032
212.6930693069307,8.740494324598885
212.7128712871287,8.801729313853501
212.73267326732673,8.861231049188364
212.75247524752476,8.91886446084343
212.77227722772275,8.97449822952239
212.7920792079208,9.02800491404993
212.81188118811883,9.079261063818082
212.83168316831683,9.128147317432395
212.85148514851485,9.17454848885546
212.87128712871288,9.21835364223542
212.89108910891088,9.259456156499411
212.9108910891089,9.297753780690336
212.93069306930695,9.33314868092853
212.95049504950495,9.365547479789605
212.97029702970298,9.394861288805778
212.990099009901,9.421005734720767
213.009900990099,9.443900980056966
213.02970297029702,9.463471738489703
213.04950495049505,9.479647285464306
213.06930693069307,9.492361464439416
213.0891089108911,9.501552689092893
213.10891089108912,9.507163941784388
213.12871287128712,9.509142768531765
213.14851485148515,9.507441270725803
213.16831683168317,9.502016093778655
213.18811881188117,9.492828412877225
213.20792079207922,9.479843915990653
213.22772277227725,9.463032784263145
213.24752475247524,9.442369669907944
213.26732673267327,9.4178336717055
213.2871287128713,9.389408308198423
213.3069306930693,9.357081488667893
213.32673267326732,9.320845481970013
213.34653465346537,9.280696883306232
213.36633663366337,9.23663657899988
213.3861386138614,9.188669709349638
213.40594059405942,9.136805629632098
213.4257425742574,9.081057869327209
213.44554455445544,9.021444089645
213.46534653465346,8.95798603943678
213.4851485148515,8.890709509581155
213.5049504950495,8.819644285943605
213.52475247524754,8.744824101018704
213.54455445544554,8.666286584375943
213.56435643564356,8.584073212044283
213.58415841584159,8.498229254986823
213.6039603960396,8.408803726835801
213.62376237623764,8.315849331079933
213.64356435643566,8.219422407920877
213.66336633663366,8.119582881044934
213.68316831683168,8.01639420458881
213.7029702970297,7.909923310617614
213.7227722772277,7.8002405574772915
213.74257425742576,7.687419679436576
213.76237623762378,7.571537738093878
213.78217821782178,7.4526750760961695
213.8019801980198,7.330915273800729
213.82178217821783,7.206345109609177
213.84158415841583,7.079054524820656
213.86138613861385,6.949136593989575
213.8811881188119,6.816687501939061
213.9009900990099,6.681806528779264
213.92079207920793,6.544596044517415
213.94059405940595,6.40516151513302
213.96039603960395,6.263611522337877
213.98019801980197,6.12005779966144
214.0,5.974615288014255
214.01980198019803,5.827402214509313
214.03960396039605,5.678540199091112
214.05940594059408,5.528154394471224
214.07920792079207,5.376373666044491
214.0990099009901,5.223330819919658
214.11881188118812,5.069162889020363
214.13861386138615,4.914011489493733
214.15841584158417,4.7580232625329035
214.1782178217822,4.60135042034014
214.1980198019802,4.444151419541989
214.21782178217822,4.286591791192333
214.23762376237624,4.128845163917969
214.25742574257424,3.971094526230406
214.2772277227723,3.8135337861253644
214.29702970297032,3.6563697015438152
214.31683168316832,3.499824274958799
214.33663366336634,3.3441377303144852
214.35643564356437,3.1895722218864657
214.37623762376236,3.03641646334612
214.3960396039604,2.8849915118135407
214.41584158415844,2.7356579948763495
214.43564356435644,2.58882512395261
214.45544554455446,2.4449618835832654
214.4752475247525,2.304610798497078
214.4950495049505,2.1684046093880855
214.5148514851485,2.0370859428150982
214.53465346534654,1.9115294817946789
214.55445544554456,1.7927649801779173
214.5742574257426,1.6819973735588571
214.5940594059406,1.5806168929532645
214.6138613861386,1.4901875231898776
214.63366336633663,1.412397556719018
214.65346534653466,1.3489548337383443
214.67326732673266,1.3014175654524645
214.6930693069307,1.2709748196658401
214.71287128712873,1.2582251001599607
214.73267326732673,1.2630267343962978
214.75247524752476,1.2844827917459887
214.77227722772278,1.3210710038209164
214.79207920792078,1.3708683413965346
214.8118811881188,1.431792428685995
214.83168316831686,1.5017980720619086
214.85148514851485,1.579003604320633
214.87128712871288,1.661751853263963
214.8910891089109,1.7486242364105131
214.9108910891089,1.8384273947841054
214.93069306930693,1.9301670294658124
214.95049504950495,2.0230180892501557
214.97029702970298,2.1162961836869325
214.990099009901,2.209432361583559
215.00990099009903,2.3019518623354696
215.02970297029702,2.3934566893339917
215.04950495049505,2.4836115405570127
215.06930693069307,2.572132548543726
215.08910891089107,2.658778307239005
215.10891089108912,2.7433427308837715
215.12871287128715,2.8256493676445276
215.14851485148515,2.9055468634319057
215.16831683168317,2.9829053339672655
215.1881188118812,3.0576134546165843
215.2079207920792,3.1295761187164537
215.22772277227722,3.198712547609099
215.24752475247527,3.26495476100176
215.26732673267327,3.328246336030208
215.2871287128713,3.3885413987586523
215.30693069306932,3.445803803775541
215.32673267326732,3.500006466823994
215.34653465346534,3.551130822640439
215.36633663366337,3.5991663858319503
215.3861386138614,3.6441103970583772
215.40594059405942,3.6859675402740457
215.42574257425744,3.724749719534507
215.44554455445544,3.7604758860469265
215.46534653465346,3.793171907860778
215.4851485148515,3.8228704759521714
215.5049504950495,3.8496110415225258
215.52475247524754,3.873439780164616
215.54455445544556,3.8944095791884714
215.56435643564356,3.912580044876894
215.58415841584159,3.9280175267795556
215.6039603960396,3.940795156372369
215.6237623762376,3.9509928975171524
215.64356435643566,3.9586976061644314
215.6633663366337,3.9640030966537623
215.68316831683168,3.967010211785305
215.7029702970297,3.967826893563967
215.72277227722773,3.9665682511549076
215.74257425742573,3.9633566221365357
215.76237623762376,3.9583216225965083
215.7821782178218,3.9516001809904377
215.8019801980198,3.943336549979592
215.82178217821783,3.933682289692913
215.84158415841586,3.9227962150375597
215.86138613861385,3.9108442988360337
215.88118811881188,3.8979995217299845
215.9009900990099,3.884441659007272
215.92079207920793,3.870356993836733
215.94059405940595,3.8559379459066374
215.96039603960398,3.8413826042416503
215.98019801980197,3.8268941531175233
216.0,3.8126801806070527
216.01980198019803,3.798951860485718
216.03960396039605,3.785923000104331
216.05940594059408,3.7738089494879157
216.0792079207921,3.762825370404206
216.0990099009901,3.753186868474307
216.11881188118812,3.745105496524532
216.13861386138615,3.7387891431771667
216.15841584158414,3.7344398269354246
216.1782178217822,3.7322519224324884
216.19801980198022,3.7324103516974367
216.21782178217822,3.735088778791905
216.23762376237624,3.7404478505080134
216.25742574257427,3.7486335285219843
216.27722772277227,3.7597755590688005
216.2970297029703,3.773986124562026
216.31683168316835,3.79135871752007
216.33663366336634,3.811967270768097
216.35643564356437,3.8358655694661725
216.3762376237624,3.8630869605646567
216.3960396039604,3.893644364452649
216.41584158415841,3.927530582572209
216.43564356435644,3.9647188843561283
216.45544554455446,4.0051638476747975
216.4752475247525,4.048802419578585
216.49504950495052,4.095555158844174
216.5148514851485,4.14532761882577
216.53465346534654,4.198011828328981
216.55445544554456,4.2534878294550875
216.57425742574256,4.311625234271609
216.5940594059406,4.372284766342959
216.61386138613864,4.435319758170876
216.63366336633663,4.50057758103227
216.65346534653466,4.567900989197809
216.67326732673268,4.637129365770456
216.69306930693068,4.708099862181132
216.7128712871287,4.7806484275750485
216.73267326732676,4.854610727844455
216.75247524752476,4.929822956893351
216.77227722772278,5.006122544884897
216.7920792079208,5.0833487697793505
216.8118811881188,5.161343279494248
216.83168316831683,5.239950532593719
216.85148514851485,5.319018165624074
216.87128712871288,5.398397295138395
216.8910891089109,5.477942762166603
216.91089108910893,5.5575133264507866
216.93069306930693,5.636971817231967
216.95049504950495,5.716185246785258
216.97029702970298,5.79502489228927
216.99009900990097,5.873366351006917
217.00990099009903,5.951089573167219
217.02970297029705,6.0280788763828
217.04950495049505,6.104222944923678
217.06930693069307,6.179414816699085
217.0891089108911,6.25355186037595
217.1089108910891,6.326535744686488
217.12871287128712,6.398272401644325
217.14851485148517,6.468671985097999
217.16831683168317,6.53764882579786
217.1881188118812,6.605121383934463
217.20792079207922,6.671012199920411
217.22772277227722,6.735247844028549
217.24752475247524,6.797758865365668
217.26732673267327,6.85847974054821
217.2871287128713,6.91734882235261
217.30693069306932,6.974308288535251
217.32673267326734,7.029304090953241
217.34653465346534,7.08228590506511
217.36633663366337,7.1332070798488605
217.3861386138614,7.182024588141343
217.40594059405942,7.2286989773768795
217.42574257425744,7.273194320682891
217.44554455445547,7.315478168275195
217.46534653465346,7.355521499084789
217.4851485148515,7.393298672540339
217.5049504950495,7.428787380425898
217.5247524752475,7.461968598731193
217.54455445544556,7.492826539410705
217.5643564356436,7.521348601969359
217.58415841584159,7.547525324793847
217.6039603960396,7.571350336152125
217.62376237623764,7.592820304786744
217.64356435643563,7.611934890031712
217.66336633663366,7.628696691387013
217.6831683168317,7.643111197489076
217.7029702970297,7.6551867344203455
217.72277227722773,7.664934413305289
217.74257425742576,7.672368077144771
217.76237623762376,7.677504246845102
217.78217821782178,7.680362066401792
217.8019801980198,7.680963247202356
217.82178217821783,7.679332011415657
217.84158415841586,7.675495034439005
217.86138613861388,7.669481386376786
217.88118811881188,7.661322472527503
217.9009900990099,7.651051972858086
217.92079207920793,7.6387057804465766
217.94059405940595,7.624321938875804
217.96039603960398,7.607940578562074
217.980198019802,7.589603852003813
218.0,7.569355867935705
218.01980198019803,7.547242624374266
218.03960396039602,7.523311940540609
218.05940594059405,7.497613387646007
218.0792079207921,7.470198218525028
218.0990099009901,7.441119296100348
218.11881188118812,7.410431020661954
218.13861386138615,7.378189255942355
218.15841584158414,7.34445125396774
218.17821782178217,7.3092755786633585
218.1980198019802,7.272722028189814
218.21782178217822,7.234851555985038
218.23762376237624,7.195726190485096
218.25742574257427,7.155408953495467
218.27722772277227,7.113963777182807
218.2970297029703,7.071455419656472
218.31683168316832,7.027949379108134
218.3366336633663,6.983511806477829
218.35643564356437,6.938209416615205
218.3762376237624,6.8921093979061245
218.3960396039604,6.845279320336912
218.41584158415841,6.797787041971922
218.43564356435644,6.7497006138247615
218.45544554455444,6.701088183109312
218.47524752475246,6.652017894864595
218.49504950495052,6.602557791956714
218.5148514851485,6.552775713472545
218.53465346534654,6.5027391915333075
218.55445544554456,6.4525153465719045
218.57425742574256,6.402170781135955
218.59405940594058,6.3517714722991885
218.6138613861386,6.301382662786894
218.63366336633663,6.251068750947123
218.65346534653466,6.200893179727453
218.67326732673268,6.15091832484813
218.69306930693068,6.101205382395624
218.7128712871287,6.051814256095687
218.73267326732673,6.0028034445624385
218.75247524752473,5.9542299288582194
218.77227722772278,5.9061490607385405
218.7920792079208,5.858614451996014
218.8118811881188,5.811677865356506
218.83168316831683,5.765389107419035
218.85148514851485,5.71979592416673
218.87128712871285,5.67494389960958
218.89108910891088,5.630876358148636
218.91089108910893,5.587634271275493
218.93069306930693,5.545256169238947
218.95049504950495,5.503778058321653
218.97029702970298,5.463233344372545
218.99009900990097,5.423652763234786
219.009900990099,5.385064318693406
219.02970297029702,5.347493228540779
219.04950495049505,5.3109618793216855
219.06930693069307,5.2754897902724
219.0891089108911,5.241093586910167
219.1089108910891,5.207786984661586
219.12871287128712,5.175580782840128
219.14851485148515,5.144482869197193
219.16831683168317,5.114498235176878
219.1881188118812,5.085629001905445
219.20792079207922,5.057874456842395
219.22772277227722,5.031231100914438
219.24752475247524,5.0056927058472525
219.26732673267327,4.981250381305886
219.28712871287127,4.957892651354424
219.30693069306932,4.935605539651498
219.32673267326734,4.9143726627118856
219.34653465346534,4.894175330488509
219.36633663366337,4.8749926534634795
219.3861386138614,4.856801655384618
219.4059405940594,4.839577390744137
219.4257425742574,4.823293066071003
219.44554455445547,4.8079201640970854
219.46534653465346,4.7934285698596755
219.4851485148515,4.779786697819411
219.5049504950495,4.766961619101411
219.5247524752475,4.754919188008173
219.54455445544554,4.743624167003994
219.56435643564356,4.733040349431093
219.58415841584159,4.723130679285425
219.6039603960396,4.7138573674540805
219.62376237623764,4.705182003894538
219.64356435643563,4.697065665316961
219.66336633663366,4.689469018012944
219.68316831683168,4.682352415556325
219.7029702970297,4.675675991181993
219.72277227722773,4.669399744726715
219.74257425742576,4.6634836240899045
219.76237623762376,4.657887601242095
219.78217821782178,4.652571742873295
219.8019801980198,4.647496275832119
219.8217821782178,4.642621647559358
219.84158415841586,4.637908581766237
219.86138613861388,4.633318129647753
219.88118811881188,4.628811716955604
219.9009900990099,4.624351187283137
219.92079207920793,4.619898841936945
219.94059405940592,4.6154174767863605
219.96039603960395,4.610870416493759
219.980198019802,4.6062215465353695
220.0,4.601435343424864
220.01980198019803,4.596476903551071
220.03960396039605,4.591311971036168
220.05940594059405,4.585906965013872
220.07920792079207,4.580229006716898
220.0990099009901,4.574245946751397
220.11881188118812,4.567926392922644
220.13861386138615,4.561239738961706
220.15841584158417,4.5541561944874305
220.17821782178217,4.54664681652229
220.1980198019802,4.538683542864509
220.21782178217822,4.530239227603039
220.23762376237622,4.521287679046185
220.25742574257427,4.51180370031985
220.2772277227723,4.50176313287671
220.2970297029703,4.491142903144378
220.31683168316832,4.479921072527956
220.33663366336634,4.468076890971034
220.35643564356434,4.455590854268655
220.37623762376236,4.442444765316673
220.39603960396042,4.428621799473713
220.41584158415841,4.414106574204672
220.43564356435644,4.3988852231685485
220.45544554455446,4.382945474907613
220.47524752475246,4.366276736290082
220.4950495049505,4.348870180853217
220.5148514851485,4.330718842188879
220.53465346534654,4.311817712507665
220.55445544554456,4.292163846510651
220.5742574257426,4.271756470689108
220.59405940594058,4.2505970981604415
220.6138613861386,4.228689649133613
220.63366336633663,4.206040577076746
220.65346534653463,4.18265900063316
220.67326732673268,4.158556841297704
220.6930693069307,4.133748966821043
220.7128712871287,4.108253340253455
220.73267326732673,4.082091174469387
220.75247524752476,4.0552870919260435
220.77227722772275,4.0278692893012575
220.79207920792078,3.999869706523398
220.81188118811883,3.9713241995458253
220.83168316831683,3.942272716025414
220.85148514851485,3.9127594728348214
220.87128712871288,3.88283313406637
220.89108910891088,3.8525469878670977
220.9108910891089,3.821959120074499
220.93069306930693,3.7911325821976223
220.95049504950495,3.7601355508044563
220.97029702970298,3.7290414748333904
220.990099009901,3.6979292067440745
221.009900990099,3.6668831127660493
221.02970297029702,3.6359931568003265
221.04950495049505,3.6053549517936254
221.06930693069307,3.5750697716586592
221.0891089108911,3.545244516086414
221.10891089108912,3.5159916199262216
221.12871287128712,3.48742889824786
221.14851485148515,3.459679317807648
221.16831683168317,3.4328706854901863
221.18811881188117,3.4071352444716196
221.20792079207922,3.3826091694370253
221.22772277227725,3.359431953273981
221.24752475247524,3.337745679340138
221.26732673267327,3.317694175731737
221.2871287128713,3.2994220510028223
221.3069306930693,3.2830736144989094
221.32673267326732,3.268791688818127
221.34653465346537,3.2567163267753023
221.36633663366337,3.2469834504234787
221.3861386138614,3.239723434915151
221.40594059405942,3.2350596649264376
221.4257425742574,3.2331070956431955
221.44554455445544,3.233970853524503
221.46534653465346,3.2377449138454355
221.4851485148515,3.24451089207867
221.5049504950495,3.254336984314327
221.52475247524754,3.2672770881001085
221.54455445544554,3.2833701294379654
221.56435643564356,3.302639614497626
221.58415841584159,3.325093416346162
221.6039603960396,3.350723798197301
221.62376237623764,3.379507665952691
221.64356435643566,3.411407034722891
221.66336633663366,3.4463696870843
221.68316831683168,3.4843299954330353
221.7029702970297,3.5252098771641003
221.7227722772277,3.5689198496007943
221.74257425742576,3.615360151537516
221.76237623762378,3.6644218997303417
221.78217821782178,3.715988251377885
221.8019801980198,3.7699355472393856
221.82178217821783,3.8261344141907707
221.84158415841583,3.884450810399267
221.86138613861385,3.9447470006276246
221.8811881188119,4.006882453243409
221.9009900990099,4.070714654153532
221.92079207920793,4.136099836017132
221.94059405940595,4.202893623668778
221.96039603960395,4.270951598712067
221.98019801980197,4.3401297877517635
222.0,4.410285079775594
222.01980198019803,4.481275578837551
222.03960396039605,4.55296089850338
222.05940594059408,4.625202404562456
222.07920792079207,4.697863412351094
222.0990099009901,4.770809344726622
222.11881188118812,4.84390785632533
222.13861386138612,4.917028929270678
222.15841584158417,4.990044945000955
222.1782178217822,5.062830736382093
222.1980198019802,5.135263623778669
222.21782178217822,5.207223438287234
222.23762376237624,5.278592534898031
222.25742574257424,5.349255797949586
222.27722772277227,5.41910064087717
222.29702970297032,5.488017001931187
222.31683168316832,5.555897337254115
222.33663366336634,5.622636612452594
222.35643564356437,5.6881322935823455
222.37623762376236,5.7522843382747695
222.3960396039604,5.814995187572264
222.41584158415841,5.8761697589021455
222.43564356435644,5.935715440502609
222.45544554455446,5.993542087517611
222.4752475247525,6.049562019895873
222.4950495049505,6.103690022163224
222.5148514851485,6.155843345082311
222.53465346534654,6.205941709169819
222.55445544554453,6.253907310005762
222.5742574257426,6.299664825241463
222.5940594059406,6.3431414231912875
222.6138613861386,6.384266772876574
222.63366336633663,6.422973055378531
222.65346534653466,6.459194976347978
222.67326732673266,6.492869779515013
222.69306930693068,6.523937261038351
222.71287128712873,6.552339784533247
222.73267326732673,6.578022296617892
222.75247524752476,6.600932342819678
222.77227722772278,6.621020083686382
222.79207920792078,6.638238310950591
222.8118811881188,6.6525424636005255
222.83168316831683,6.66389064371523
222.85148514851485,6.672243631927429
222.87128712871288,6.677564902382803
222.8910891089109,6.679820637070233
222.9108910891089,6.678979739403263
222.93069306930693,6.6750138469390015
222.95049504950495,6.667897343126324
222.97029702970298,6.657607367981396
222.990099009901,6.644123827593799
223.00990099009903,6.627429402372912
223.02970297029702,6.6075095539492334
223.04950495049505,6.584352530651289
223.06930693069307,6.5579493714841375
223.08910891089107,6.5282939085407765
223.10891089108912,6.495382767783304
223.12871287128715,6.4592153681358795
223.14851485148515,6.419793918836567
223.16831683168317,6.377123415000705
223.1881188118812,6.331211631353323
223.2079207920792,6.28206911409326
223.22772277227722,6.229709170857266
223.24752475247527,6.174147858757007
223.26732673267327,6.115403970467876
223.2871287128713,6.053499018353472
223.30693069306932,5.988457216615684
223.32673267326732,5.920305461466204
223.34653465346534,5.849073309321321
223.36633663366337,5.774792953028896
223.3861386138614,5.697499196143518
223.40594059405942,5.617229425273727
223.42574257425744,5.534023580534289
223.44554455445544,5.447924124145932
223.46534653465346,5.358976007236902
223.4851485148515,5.267226634913119
223.5049504950495,5.172725829679477
223.52475247524754,5.0755257933124165
223.54455445544556,4.975681067305923
223.56435643564356,4.873248492039002
223.58415841584159,4.768287164844741
223.6039603960396,4.660858397200751
223.6237623762376,4.5510256713099455
223.64356435643566,4.438854596403219
223.6633663366337,4.324412865174438
223.68316831683168,4.207770210860132
223.7029702970297,4.0889983656079165
223.72277227722773,3.9681710209501864
223.74257425742573,3.845363791427333
223.76237623762376,3.7206541827085315
223.7821782178218,3.5941215659675323
223.8019801980198,3.4658471608292536
223.82178217821783,3.3359140299713537
223.84158415841586,3.2044070895390684
223.86138613861385,3.071413141047738
223.88118811881188,2.9370209326234833
223.9009900990099,2.8013212605981197
223.92079207920793,2.664407127160258
223.94059405940595,2.5263739768231286
223.96039603960398,2.3873200453151444
223.98019801980197,2.2473468715249947
224.0,2.106560050505499
224.01980198019803,1.9650703507284635
224.03960396039602,1.8229953956165859
224.05940594059408,1.6804622444387074
224.0792079207921,1.5376114541682515
224.0990099009901,1.3946036735886447
224.11881188118812,1.2516307611573847
224.13861386138615,1.1089354114891792
224.15841584158414,0.9668477953603801
224.17821782178217,0.8258588151339648
224.19801980198022,0.6867795091253103
224.21782178217822,0.5511262222784064
224.23762376237624,0.4221756474398007
224.25742574257427,0.3082250113741212
224.27722772277227,0.23195904367210954
224.2970297029703,0.23299803663970975
224.31683168316832,0.3098345371831005
224.33663366336634,0.42234740276341304
224.35643564356437,0.5484278226843243
224.3762376237624,0.6800247761318969
224.3960396039604,0.8139501207951454
224.41584158415841,0.9487264089973133
224.43564356435644,1.0835651274529887
224.45544554455444,1.2179923070466299
224.4752475247525,1.3516930583994604
224.49504950495052,1.4844399284736713
224.5148514851485,1.6160569861698775
224.53465346534654,1.7464005495785175
224.55445544554456,1.8753482526456782
224.57425742574256,2.0027925531906825
224.59405940594058,2.128636730678338
224.61386138613864,2.2527923419645317
224.63366336633663,2.375177563454828
224.65346534653466,2.495716089996537
224.67326732673268,2.614336393506681
224.69306930693068,2.7309712198993275
224.7128712871287,2.845557247355731
224.73267326732673,2.958034855946542
224.75247524752476,3.0683479753992025
224.77227722772278,3.1764439885010516
224.7920792079208,3.282273674593568
224.8118811881188,3.385791182237087
224.83168316831683,3.4869540232494356
224.85148514851485,3.5857230824667163
224.87128712871288,3.6820626390685396
224.8910891089109,3.775940396363982
224.91089108910893,3.8673275176873574
224.93069306930693,3.956198666595261
224.95049504950495,4.042532049950797
224.97029702970298,4.126309462769297
224.99009900990097,4.207516333911377
225.00990099009903,4.286141771864319
225.02970297029705,4.362178609965988
225.04950495049505,4.435623450507002
225.06930693069307,4.506476707203761
225.0891089108911,4.574742645573538
225.1089108910891,4.640429420765687
225.12871287128712,4.703549112414358
225.14851485148517,4.764117756079068
225.16831683168317,4.8221553708324425
225.1881188118812,4.877685982540048
225.20792079207922,4.93073764235696
225.22772277227722,4.9813424399399775
225.24752475247524,5.029536510844251
225.26732673267327,5.0753600375388235
225.2871287128713,5.118857243438049
225.30693069306932,5.1600763793056315
225.32673267326734,5.199069701345861
225.34653465346534,5.235893440253234
225.36633663366337,5.270607760447896
225.3861386138614,5.303276708681739
225.40594059405942,5.333968151158756
225.42574257425744,5.362753698276405
225.44554455445547,5.389708616061786
225.46534653465346,5.414911723351286
225.4851485148515,5.438445273745735
225.5049504950495,5.460394821367451
225.5247524752475,5.480849069453792
225.54455445544556,5.499899700846213
225.5643564356436,5.517641189476676
225.58415841584159,5.534170592018612
225.6039603960396,5.549587318958537
225.62376237623764,5.563992884460932
225.64356435643563,5.577490634545029
225.66336633663366,5.590185453269211
225.6831683168317,5.602183446829176
225.7029702970297,5.613591605719983
225.72277227722773,5.624517445389669
225.74257425742576,5.635068626121945
225.76237623762376,5.645352553225337
225.78217821782178,5.655475958972038
225.8019801980198,5.665544468116078
225.82178217821783,5.675662149221047
225.84158415841586,5.685931054433152
225.86138613861388,5.696450750736817
225.88118811881188,5.7073178461155685
225.9009900990099,5.718625514399063
225.92079207920793,5.73046302289448
225.94059405940592,5.742915267164826
225.96039603960398,5.756062317515289
225.980198019802,5.769978981870238
226.0,5.78473438975809
226.01980198019803,5.800391602061752
226.03960396039605,5.817007251033206
226.05940594059405,5.834631214811976
226.07920792079207,5.853306330328855
226.09900990099013,5.873068148025954
226.11881188118812,5.893944731289752
226.13861386138615,5.915956502888963
226.15841584158417,5.9391161400486805
226.17821782178217,5.963428519094683
226.1980198019802,5.988890709885923
226.21782178217822,6.01549201953893
226.23762376237624,6.0432140842555535
226.25742574257427,6.072031007412658
226.2772277227723,6.10190954147617
226.2970297029703,6.132809310776727
226.31683168316832,6.16468307174025
226.33663366336634,6.197477006812029
226.35643564356434,6.231131048051897
226.3762376237624,6.265579226210486
226.39603960396042,6.300750041020968
226.41584158415841,6.336566848450988
226.43564356435644,6.372948260748262
226.45544554455446,6.409808555271666
226.47524752475246,6.447058088316134
226.4950495049505,6.484603710403277
226.51485148514854,6.52234917980976
226.53465346534654,6.560195571429469
226.55445544554456,6.598041678404004
226.5742574257426,6.635784404299887
226.59405940594058,6.673319143949853
226.6138613861386,6.710540151405424
226.63366336633663,6.747340893760361
226.65346534653466,6.783614389896804
226.67326732673268,6.819253533473963
226.6930693069307,6.8541513997214505
226.7128712871287,6.888201535814569
226.73267326732673,6.9212982347967245
226.75247524752476,6.953336793175652
226.77227722772278,6.984213752455761
226.7920792079208,7.0138271249809225
226.81188118811883,7.042076604551303
226.83168316831683,7.068863762347397
226.85148514851485,7.094092228745604
226.87128712871288,7.117667861645103
226.89108910891088,7.139498901947185
226.91089108910893,7.159496116837925
226.93069306930695,7.177572931524669
226.95049504950495,7.193645550068451
226.97029702970298,7.207633065939152
226.990099009901,7.219457562900037
227.009900990099,7.229044206803792
227.02970297029702,7.236321328855366
227.04950495049508,7.241220500867529
227.06930693069307,7.243676603005152
227.0891089108911,7.24362788448362
227.10891089108912,7.2410160176561575
227.12871287128712,7.235786145895293
227.14851485148515,7.227886925644471
227.16831683168317,7.217270562988394
227.1881188118812,7.203892845064358
227.20792079207922,7.187713166612199
227.22772277227725,7.168694551937681
227.24752475247524,7.146803672543064
227.26732673267327,7.12201086065935
227.2871287128713,7.094290118897368
227.30693069306932,7.06361912621946
227.32673267326734,7.029979240419924
227.34653465346537,6.993355497290622
227.36633663366337,6.953736606638523
227.3861386138614,6.911114945313756
227.40594059405942,6.865486547400814
227.4257425742574,6.816851091721407
227.44554455445547,6.765211886794912
227.4653465346535,6.71057585340248
227.4851485148515,6.652953504902256
227.5049504950495,6.5923589254473764
227.52475247524754,6.528809746264626
227.54455445544554,6.462327120160425
227.56435643564356,6.392935694432709
227.5841584158416,6.320663582381764
227.6039603960396,6.245542333631725
227.62376237623764,6.167606903497019
227.64356435643566,6.086895621654825
227.66336633663366,6.003450160418143
227.68316831683168,5.917315502942827
227.7029702970297,5.828539911749566
227.72277227722773,5.737174897998152
227.74257425742576,5.6432751920194875
227.76237623762378,5.546898715691978
227.78217821782178,5.448106557347597
227.8019801980198,5.346962950011183
227.82178217821783,5.243535253920585
227.84158415841583,5.137893944449902
227.86138613861388,5.03011260677177
227.8811881188119,4.9202679388561
227.9009900990099,4.808439764725429
227.92079207920793,4.694711060285026
227.94059405940595,4.579167994542151
227.96039603960395,4.4618999896470335
227.98019801980197,4.342999803965571
228.00000000000003,4.222563643373868
228.01980198019803,4.100691307209463
228.03960396039605,3.977486376901745
228.05940594059408,3.853056457343124
228.07920792079207,3.727513483695108
228.0990099009901,3.600974109744983
228.1188118811881,3.473560198403182
228.13861386138615,3.3453994408205565
228.15841584158417,3.2166261384063555
228.17821782178217,3.087382192431194
228.1980198019802,2.957818359859802
228.21782178217822,2.828095852909826
228.23762376237622,2.698388385432528
228.25742574257424,2.5688848041471695
228.2772277227723,2.439792490612386
228.2970297029703,2.3113417854701086
228.31683168316832,2.183791776438087
228.33663366336634,2.057437913931016
228.35643564356434,1.9326220822643376
228.37623762376236,1.8097459677096117
228.3960396039604,1.6892888255405625
228.41584158415841,1.5718310266923219
228.43564356435644,1.4580849588638736
228.45544554455446,1.3489346998269818
228.47524752475246,1.2454847605434158
228.4950495049505,1.1491148680244476
228.5148514851485,1.0615300800742566
228.53465346534654,0.9847809081454125
228.55445544554456,0.9212066931003657
228.5742574257426,0.8732387059427623
228.59405940594058,0.8430204324211047
228.6138613861386,0.8319008398793731
228.63366336633663,0.8400043433557506
228.65346534653463,0.8661279223111177
228.67326732673268,0.9080407198719733
228.6930693069307,0.9630056967976336
228.7128712871287,1.0282623886653128
228.73267326732673,1.1013273676040345
228.75247524752476,1.1801132615816994
228.77227722772275,1.2629314411200323
228.79207920792078,1.348441198113016
228.81188118811883,1.435584437041577
228.83168316831683,1.523524317047812
228.85148514851485,1.6115941952144388
228.87128712871288,1.699257545045117
228.89108910891088,1.7860773948299966
228.9108910891089,1.871693340994354
228.93069306930693,1.9558043418113518
228.95049504950495,2.0381558323742137
228.97029702970298,2.118530041210871
228.990099009901,2.1967386736692167
229.009900990099,2.2726173479964435
229.02970297029702,2.3460213348211854
229.04950495049505,2.4168222714092393
229.06930693069307,2.4849056096533104
229.0891089108911,2.550168620176794
229.10891089108912,2.612518820901614
229.12871287128712,2.671872731867207
229.14851485148515,2.7281548825289748
229.16831683168317,2.78129701573343
229.18811881188117,2.8312374458635707
229.20792079207922,2.877920538550827
229.22772277227725,2.9212962867776557
229.24752475247524,2.9613199638030485
229.26732673267327,2.9979518376072765
229.2871287128713,3.031156934816752
229.3069306930693,3.060904844585147
229.32673267326732,3.087169554859079
229.34653465346537,3.1099293149812883
229.36633663366337,3.129166519783641
229.3861386138614,3.1448676112722107
229.40594059405942,3.15702299476549
229.4257425742574,3.1656269669570913
229.44554455445544,3.170677653870746
229.46534653465346,3.1721769570833493
229.4851485148515,3.1701305069315477
229.5049504950495,3.1645476217057102
229.52475247524754,3.1554412720839737
229.54455445544554,3.1428280502807353
229.56435643564356,3.126728143586331
229.58415841584159,3.1071653121673513
229.60396039603958,3.0841668711869703
229.62376237623764,3.057763677500468
229.64356435643566,3.0279901213909253
229.66336633663366,2.994884124043356
229.68316831683168,2.958487141723752
229.7029702970297,2.918844177945978
229.7227722772277,2.876003805292016
229.74257425742573,2.830018199021311
229.76237623762378,2.7809431851927204
229.78217821782178,2.7288383067660438
229.8019801980198,2.6737669121017174
229.82178217821783,2.615796271507407
229.84158415841583,2.5549977290860983
229.86138613861385,2.4914468992560774
229.88118811881188,2.425223920126056
229.9009900990099,2.3564137796849063
229.92079207920793,2.285106735881071
229.94059405940595,2.211398858667545
229.96039603960395,2.135392731766842
229.98019801980197,2.057198365432527
230.0,1.9769343905890489
230.019801980198,1.8947296320335245
230.03960396039605,1.8107251978653789
230.05940594059408,1.7250772801009968
230.07920792079207,1.6379609470547356
230.0990099009901,1.549575336448596
230.11881188118812,1.4601508528345117
230.13861386138612,1.3699592706930548
230.15841584158414,1.2793281028009167
230.1782178217822,1.1886612979870506
230.1980198019802,1.0984694010828406
230.21782178217822,1.0094138661797785
230.23762376237624,0.9223722670243476
230.25742574257424,0.8385331233381352
230.27722772277227,0.7595284468377519
230.2970297029703,0.6876010617437814
230.31683168316832,0.6257633597449839
230.33663366336634,0.5778063588070556
230.35643564356437,0.5478808128329734
230.37623762376236,0.539414617631787
230.3960396039604,0.5537176404399445
230.41584158415841,0.589360754295299
230.43564356435644,0.6429399068615045
230.45544554455446,0.7104659707991414
230.4752475247525,0.7883557931075299
230.4950495049505,0.8737821678556074
230.5148514851485,0.9646422084208531
230.53465346534654,1.0594015677470194
230.55445544554453,1.1569373045817206
230.5742574257426,1.2564149701357883
230.5940594059406,1.357200976173154
230.6138613861386,1.4588023134522383
230.63366336633663,1.560825507160253
230.65346534653466,1.6629486077641544
230.67326732673266,1.764901915271738
230.69306930693068,1.86645456213673
230.71287128712873,1.9674050567215493
230.73267326732673,2.067574533652385
230.75247524752476,2.166801877441175
230.77227722772278,2.264940159456259
230.79207920792078,2.3618540077413543
230.8118811881188,2.457417647887763
230.83168316831683,2.551513432570084
230.85148514851485,2.6440307311013416
230.87128712871288,2.734865087181951
230.8910891089109,2.8239175785436608
230.9108910891089,2.9110943300955103
230.93069306930693,2.9963061448832935
230.95049504950495,3.0794682262864286
230.97029702970298,3.1604999714820776
230.990099009901,3.239324821043322
231.00990099009903,3.3158701531146844
231.02970297029702,3.3900672132778253
231.04950495049505,3.461851073230774
231.06930693069307,3.531160612931673
231.08910891089107,3.5979385220292204
231.10891089108912,3.6621313173069594
231.12871287128715,3.7236893735746945
231.14851485148515,3.782566965995395
231.16831683168317,3.8387223222764506
231.1881188118812,3.8921176835069966
231.2079207920792,3.9427193727080505
231.22772277227722,3.9904978703947593
231.24752475247527,4.035427896641794
231.26732673267327,4.07748849930203
231.2871287128713,4.116663148162496
231.30693069306932,4.1529398349343625
231.32673267326732,4.186311179069718
231.34653465346534,4.21677453947946
231.36633663366337,4.244332132295752
231.3861386138614,4.268991154880154
231.40594059405942,4.290763916325217
231.42574257425744,4.309667974733193
231.44554455445544,4.325726281578994
231.46534653465346,4.338967333475492
231.4851485148515,4.349425331654308
231.50495049504948,4.357140349453374
231.52475247524754,4.362158508058345
231.54455445544556,4.364532160676231
231.56435643564356,4.364320085219469
231.58415841584159,4.361587685442017
231.6039603960396,4.356407200287835
231.6237623762376,4.348857920978254
231.64356435643563,4.339026415068144
231.6633663366337,4.327006756330378
231.68316831683168,4.312900758871819
231.7029702970297,4.296818213328239
231.72277227722773,4.278877122316486
231.74257425742573,4.25920393152577
231.76237623762376,4.237933751892435
231.78217821782178,4.215210567213237
231.8019801980198,4.191187420302413
231.82178217821783,4.16602656938691
231.84158415841586,4.139899604868055
231.86138613861385,4.112987514877074
231.88118811881188,4.085480686251948
231.9009900990099,4.05757882572177
231.9207920792079,4.029490784286855
231.94059405940595,4.001434266144099
231.96039603960398,3.9736354021788305
231.98019801980197,3.946328167216359
232.0,3.9197536201228287
232.01980198019803,3.894158946720829
232.03960396039602,3.8697962876100456
232.05940594059405,3.8469213366213113
232.0792079207921,3.82579170100853
232.0990099009901,3.806665021746005
232.11881188118812,3.7897968614683046
232.13861386138615,3.775438378514765
232.15841584158414,3.7638338178495814
232.17821782178217,3.7552178627067927
232.1980198019802,3.7498129038004326
232.21782178217822,3.7478262947817655
232.23762376237624,3.7494476721363874
232.25742574257427,3.754846423714395
232.27722772277227,3.7641693915575196
232.2970297029703,3.777538890930487
232.31683168316832,3.795051118247393
232.33663366336634,3.816775006232175
232.35643564356437,3.8427515660580545
232.3762376237624,3.8729937347617684
232.3960396039604,3.9074867236469117
232.41584158415841,3.9461888415182638
232.43564356435644,3.9890327471538702
232.45544554455444,4.035927069823632
232.4752475247525,4.086758325827233
232.49504950495052,4.141393053328269
232.5148514851485,4.199680087054287
232.53465346534654,4.26145289812143
232.55445544554456,4.326531931426659
232.57425742574256,4.394726882675296
232.59405940594058,4.465838868104679
232.61386138613864,4.539662451355254
232.63366336633663,4.6159875029297845
232.65346534653466,4.694600877680351
232.67326732673268,4.775287904396352
232.69306930693068,4.857833688649231
232.7128712871287,4.942024235553613
232.73267326732673,5.027647403115627
232.75247524752476,5.114493699519378
232.77227722772278,5.202356939253711
232.7920792079208,5.291034773618469
232.8118811881188,5.380329111080711
232.83168316831683,5.47004644236559
232.85148514851485,5.5599980842271135
232.87128712871288,5.65000035468417
232.8910891089109,5.739874691233676
232.91089108910893,5.829447722245793
232.93069306930693,5.9185513004639345
232.95049504950495,6.007022506314839
232.97029702970298,6.094703627606562
232.99009900990097,6.181442121168421
233.00990099009903,6.267090561072611
233.02970297029705,6.351506577271641
233.04950495049505,6.434552787784439
233.06930693069307,6.516096726959832
233.0891089108911,6.596010771830709
233.1089108910891,6.6741720681362
233.12871287128712,6.750462457223559
233.14851485148517,6.82476840473718
233.16831683168317,6.89698093175135
233.1881188118812,6.966995548797922
233.20792079207922,7.034712193073529
233.22772277227722,7.1000351689775965
233.24752475247524,7.1628730920261106
233.26732673267327,7.2231388361033755
233.2871287128713,7.280749483949976
233.30693069306932,7.335626280737313
233.32673267326734,7.38769459054371
233.34653465346534,7.436883855522834
233.36633663366337,7.483127557539093
233.3861386138614,7.526363182035437
233.4059405940594,7.566532183895689
233.42574257425744,7.603579955064054
233.44554455445547,7.63745579368876
233.46534653465346,7.668112874563524
233.4851485148515,7.695508220649461
233.5049504950495,7.719602675470303
233.5247524752475,7.740360876185262
233.54455445544554,7.757751227156114
233.5643564356436,7.771745873837894
233.58415841584159,7.782320676835477
233.6039603960396,7.789455185981924
233.62376237623764,7.793132614307474
233.64356435643563,7.7933398117818165
233.66336633663366,7.790067238725169
233.68316831683168,7.78330893879746
233.7029702970297,7.773062511487592
233.72277227722773,7.75932908403831
233.74257425742576,7.742113282755096
233.76237623762376,7.721423203660666
233.78217821782178,7.697270382469776
233.8019801980198,7.669669763872425
233.8217821782178,7.638639670126994
233.84158415841586,7.604201768978414
233.86138613861388,7.566381040930999
233.88118811881188,7.525205745919755
233.9009900990099,7.48070738943946
233.92079207920793,7.432920688206767
233.94059405940592,7.381883535447289
233.96039603960395,7.327636965917814
233.980198019802,7.270225120792882
234.0,7.209695212565798
234.01980198019803,7.146097490136698
234.03960396039605,7.079485204285035
234.05940594059405,7.0099145737506445
234.07920792079207,6.937444752177857
234.0990099009901,6.8621377962098355
234.11881188118812,6.784058635057736
234.13861386138615,6.703275041910186
234.15841584158417,6.619857607595419
234.17821782178217,6.533879716960281
234.1980198019802,6.44541752848984
234.21782178217822,6.354549957757785
234.23762376237624,6.261358665374183
234.25742574257427,6.165928050183145
234.2772277227723,6.068345248561849
234.2970297029703,5.968700140784411
234.31683168316832,5.867085365542602
234.33663366336634,5.7635963438623605
234.35643564356434,5.6583313138229325
234.3762376237624,5.551391377677797
234.39603960396042,5.44288056319679
234.41584158415841,5.332905901300196
234.43564356435644,5.221577522343184
234.45544554455446,5.109008773736368
234.47524752475246,4.995316361960567
234.4950495049505,4.880620522455044
234.51485148514854,4.7650452213328816
234.53465346534654,4.648718393406914
234.55445544554456,4.531772221595802
234.5742574257426,4.4143434634189935
234.59405940594058,4.296573830973301
234.6138613861386,4.178610431494239
234.63366336633663,4.0606062763128055
234.65346534653466,3.9427208666715177
234.67326732673268,3.825120865384723
234.6930693069307,3.7079808635983094
234.7128712871287,3.5914842517461363
234.73267326732673,3.475824202960146
234.75247524752476,3.3612047753023804
234.77227722772278,3.2478421357415064
234.7920792079208,3.1359659030949336
234.81188118811883,3.025820598265884
234.83168316831683,2.917667176809857
234.85148514851485,2.8117845996533073
234.87128712871288,2.7084713708795953
234.89108910891088,2.608046934987175
234.91089108910893,2.510852778216389
234.93069306930695,2.4172530185921657
234.95049504950495,2.3276341983499327
234.97029702970298,2.242403915124937
234.990099009901,2.161987855236552
235.009900990099,2.0868247423508395
235.02970297029702,2.0173587163415228
235.04950495049508,1.9540287476556997
235.06930693069307,1.8972549117487147
235.0891089108911,1.8474217243877362
235.10891089108912,1.8048592666290693
235.12871287128712,1.7698234456752249
235.14851485148515,1.7424773128516813
235.16831683168317,1.7228757085013677
235.1881188118812,1.7109554457811238
235.20792079207922,1.7065326888890082
235.22772277227725,1.709308191193424
235.24752475247524,1.718879864209046
235.26732673267327,1.7347610661151103
235.2871287128713,1.7564023063029714
235.3069306930693,1.7832138919630636
235.32673267326734,1.814587348658974
235.34653465346537,1.8499140571028212
235.36633663366337,1.8886002536583213
235.3861386138614,1.930078173064612
235.40594059405942,1.973813575045417
235.4257425742574,2.0193101708872745
235.44554455445544,2.0661115785785187
235.4653465346535,2.113801432821149
235.4851485148515,2.1620022066164957
235.5049504950495,2.210373201789177
235.52475247524754,2.258608061873344
235.54455445544554,2.306432066390373
235.56435643564356,2.3535993869058562
235.58415841584159,2.39989042360336
235.6039603960396,2.445109295032399
235.62376237623764,2.4890815206332864
235.64356435643566,2.5316519128459154
235.66336633663366,2.5726826805430365
235.68316831683168,2.6120517360804927
235.7029702970297,2.649651192766252
235.7227722772277,2.6853860367635107
235.74257425742576,2.719172956443713
235.76237623762378,2.7509393123417167
235.78217821782178,2.7806222316830502
235.8019801980198,2.808167812646446
235.82178217821783,2.833530424889351
235.84158415841583,2.856672094270418
235.86138613861385,2.8775619610719168
235.8811881188119,2.8961758023098865
235.9009900990099,2.9124956098984205
235.92079207920793,2.926509217497406
235.94059405940595,2.9382099698206234
235.96039603960395,2.9475964290189163
235.98019801980197,2.954672113489093
236.0,2.9594452651039433
236.01980198019803,2.961928641420711
236.03960396039605,2.962139329915622
236.05940594059408,2.9600985817185888
236.07920792079207,2.955831662693934
236.0990099009901,2.9493677200365442
236.11881188118812,2.9407396628352505
236.13861386138615,2.929984055301901
236.15841584158417,2.917141021579996
236.1782178217822,2.9022541612354606
236.1980198019802,2.8853704746972335
236.21782178217822,2.866540298059314
236.23762376237624,2.8458172467816825
236.25742574257424,2.823258167935194
236.2772277227723,2.7989231007276745
236.29702970297032,2.7728752451238003
236.31683168316832,2.7451809384305452
236.33663366336634,2.715909639761372
236.35643564356437,2.6851339223142445
236.37623762376236,2.652929473397991
236.3960396039604,2.619375102114608
236.41584158415844,2.584552754546863
236.43564356435644,2.54854753620408
236.45544554455446,2.5114477413366854
236.4752475247525,2.473344888531284
236.4950495049505,2.434333761731535
236.5148514851485,2.3945124554807986
236.53465346534654,2.353982422735078
236.55445544554456,2.3128485230293947
236.5742574257426,2.2712190680783606
236.5940594059406,2.2292058610297616
236.6138613861386,2.186924224548167
236.63366336633663,2.144493011665269
236.65346534653466,2.1020345918810195
236.67326732673268,2.059674803333454
236.6930693069307,2.017542859987908
236.71287128712873,1.975771200768216
236.73267326732673,1.934495265436781
236.75247524752476,1.8938531799489986
236.77227722772278,1.8539853321417106
236.79207920792078,1.8150338172182816
236.81188118811883,1.77714173189827
236.83168316831686,1.740452296718827
236.85148514851485,1.7051077882854442
236.87128712871288,1.6712482677744653
236.8910891089109,1.6390100991587937
236.9108910891089,1.6085242607987762
236.93069306930693,1.5799144672977452
236.95049504950498,1.5532951345594337
236.97029702970298,1.5287692389761973
236.990099009901,1.506426140200879
237.00990099009903,1.4863394540099584
237.02970297029702,1.4685650749334256
237.04950495049505,1.4531394550846886
237.06930693069307,1.4400782437988495
237.0891089108911,1.4293753809613245
237.10891089108912,1.4210027152592442
237.12871287128715,1.4149101885255073
237.14851485148515,1.4110265918318319
237.16831683168317,1.4092608620136446
237.1881188118812,1.4095038532127588
237.2079207920792,1.4116304906890143
237.22772277227725,1.4155021963374874
237.24752475247527,1.4209694682638154
237.26732673267327,1.4278745000273305
237.2871287128713,1.4360537370418942
237.30693069306932,1.4453402855680828
237.32673267326732,1.455566110894907
237.34653465346534,1.4665639830514678
237.3663366336634,1.4781691486026212
237.3861386138614,1.490220724351181
237.40594059405942,1.5025628223633694
237.42574257425744,1.5150454255072678
237.44554455445544,1.5275250389184087
237.46534653465346,1.539865146010161
237.4851485148515,1.5519364984672759
237.5049504950495,1.5636172687433763
237.52475247524754,1.5747930915055877
237.54455445544556,1.585357017715287
237.56435643564356,1.5952094019749774
237.58415841584159,1.6042577406782923
237.6039603960396,1.6124164755537782
237.6237623762376,1.6196067745038314
237.64356435643566,1.6257562992637349
237.6633663366337,1.630798967360411
237.68316831683168,1.6346747141293687
237.7029702970297,1.6373292591278623
237.72277227722773,1.6387138801327483
237.74257425742573,1.6387851969979395
237.76237623762376,1.6375049669354727
237.7821782178218,1.6348398922444445
237.8019801980198,1.630761441115193
237.82178217821783,1.6252456818576815
237.84158415841586,1.61827313072344
237.86138613861385,1.6098286133921604
237.88118811881188,1.5999011401656016
237.9009900990099,1.5884837949426485
237.92079207920793,1.5755736381341294
237.94059405940595,1.5611716238115623
237.96039603960398,1.5452825315695022
237.98019801980197,1.527914913819525
238.0,1.5090810595308992
238.01980198019803,1.488796975797652
238.03960396039605,1.467082389057386
238.05940594059408,1.4439607683316473
238.0792079207921,1.4194593735248149
238.0990099009901,1.3936093326391896
238.11881188118812,1.3664457527787761
238.13861386138615,1.3380078710745702
238.15841584158414,1.3083392532371028
238.1782178217822,1.277488049412147
238.19801980198022,1.245507319491837
238.21782178217822,1.2124554431523833
238.23762376237624,1.178396633822298
238.25742574257427,1.1434015807403257
238.27722772277227,1.1075482494887647
238.2970297029703,1.070922879164389
238.31683168316832,1.033621223958878
238.33663366336634,0.9957500985867694
238.35643564356437,0.9574293007458787
238.37623762376236,0.9187939991810548
238.3960396039604,0.8799976915270978
238.41584158415841,0.8412158486085799
238.43564356435644,0.8026503644381984
238.45544554455446,0.7645349107616568
238.4752475247525,0.7271412283459168
238.4950495049505,0.6907862352162646
238.5148514851485,0.655839534521343
238.53465346534654,0.6227303808789262
238.55445544554453,0.5919523334673575
238.5742574257426,0.5640626756685596
238.5940594059406,0.5396724249862972
238.6138613861386,0.5194220547710967
238.63366336633663,0.503939156211043
238.65346534653466,0.4937786379541241
238.67326732673266,0.48935390981227017
238.69306930693068,0.49087586547395684
238.71287128712873,0.49831931773889
238.73267326732673,0.5114292169816202
238.75247524752476,0.5297641029109164
238.77227722772278,0.5527610327482041
238.79207920792078,0.5798023726210977
238.8118811881188,0.6102701465545387
238.83168316831683,0.6435823153062079
238.85148514851485,0.6792121465032951
238.87128712871288,0.7166949998473475
238.8910891089109,0.7556272179209421
238.9108910891089,0.7956608517599588
238.93069306930693,0.836496711529979
238.95049504950495,0.8778771987180869
238.97029702970295,0.9195796630243938
238.990099009901,0.9614105913620022
239.00990099009903,1.0032006954554948
239.02970297029702,1.044800845293105
239.04950495049505,1.0860787462863184
239.06930693069307,1.1269162456848012
239.08910891089107,1.1672071594257845
239.1089108910891,1.206855523618547
239.12871287128715,1.245774189827327
239.14851485148515,1.2838836976284733
239.16831683168317,1.3211113705227375
239.1881188118812,1.3573905918991636
239.2079207920792,1.3926602264572228
239.22772277227722,1.426864159527974
239.24752475247524,1.4599509323636468
239.26732673267327,1.4918734559446327
239.2871287128713,1.5225887894102692
239.30693069306932,1.552057972043201
239.32673267326732,1.5802458999805231
239.34653465346534,1.6071212406111894
239.36633663366337,1.6326563790452226
239.38613861386136,1.656827392182485
239.40594059405942,1.6796140468268648
239.42574257425744,1.7009998190313218
239.44554455445544,1.7209719324571673
239.46534653465346,1.7395214140135558
239.4851485148515,1.7566431654325125
239.50495049504948,1.7723360497455702
239.5247524752475,1.7866029918725217
239.54455445544556,1.7994510927176288
239.56435643564356,1.8108917562997082
239.58415841584159,1.8209408295204599
239.6039603960396,1.8296187542009394
239.6237623762376,1.836950730985258
239.64356435643563,1.8429668946192
239.66336633663366,1.8477024999509293
239.68316831683168,1.8511981177633758
239.7029702970297,1.853499839219924
239.72277227722773,1.8546594872742963
239.74257425742573,1.8547348328470765
239.76237623762376,1.8537898128878303
239.78217821782178,1.8518947466095994
239.8019801980198,1.8491265451850656
239.82178217821783,1.8455689090214464
239.84158415841586,1.841312505379675
239.86138613861385,1.836455117577733
239.88118811881188,1.8311017553399243
239.9009900990099,1.8253647140641438
239.9207920792079,1.8193635689467376
239.94059405940595,1.8132250881321232
239.96039603960398,1.8070830474845088
239.98019801980197,1.801077928399428
240.0,1.7953564795158061
240.01980198019803,1.7900711235275444
240.03960396039605,1.7853791918235014
240.05940594059408,1.7814419727052258
240.07920792079207,1.7784235636993102
240.0990099009901,1.7764895251666184
240.11881188118812,1.7758053410317554
240.13861386138615,1.776534702822782
240.15841584158417,1.7788376448705039
240.1782178217822,1.7828685707298664
240.1980198019802,1.7887742226469827
240.21782178217822,1.79669165600014
240.23762376237624,1.8067462878229137
240.25742574257427,1.81905009161493
240.2772277227723,1.8337000088130593
240.29702970297032,1.8507766401803063
240.3168316831683,1.8703432682281498
240.33663366336634,1.892445245516995
240.35643564356437,1.9171097647142028
240.3762376237624,1.9443460064185676
240.39603960396042,1.9741456418547794
240.41584158415844,2.006483651286506
240.4356435643564,2.0413194066614024
240.45544554455444,2.078597959294983
240.4752475247525,2.1182514704447124
240.49504950495052,2.1602007240153958
240.51485148514854,2.204356665581202
240.53465346534657,2.2506219193989465
240.55445544554453,2.2988922440658333
240.57425742574256,2.349057896968259
240.59405940594058,2.4010048868812923
240.61386138613864,2.4546161024330666
240.63366336633666,2.509772311285961
240.6534653465347,2.5663530306456286
240.67326732673266,2.6242372740813193
240.69306930693068,2.683304182727329
240.7128712871287,2.7434335509008525
240.73267326732673,2.804506257214154
240.75247524752479,2.866404612577997
240.7722772277228,2.929012636276362
240.79207920792078,2.992216270702345
240.8118811881188,3.0559035445173226
240.83168316831683,3.119964693036384
240.85148514851485,3.1842922436333247
240.87128712871288,3.248781072956469
240.89108910891093,3.3133284417905475
240.9108910891089,3.3778340125156094
240.93069306930693,3.4421998533135554
240.95049504950495,3.5063304325625477
240.97029702970298,3.5701326062380843
240.990099009901,3.6335156006034244
241.00990099009903,3.6963909920142877
241.02970297029702,3.7586726852763093
241.04950495049505,3.8202768916698764
241.06930693069307,3.881122107488876
241.0891089108911,3.9411290937185917
241.10891089108912,4.000220857298084
241.12871287128715,4.0583226342665
241.14851485148512,4.11536187497589
241.16831683168317,4.171268231460689
241.1881188118812,4.225973546981369
241.20792079207922,4.279411847703509
241.22772277227725,4.331519336431407
241.24752475247527,4.382234388283397
241.26732673267324,4.43149754817379
241.28712871287127,4.479251529950486
241.30693069306932,4.525441217028101
241.32673267326734,4.570013664350695
241.34653465346537,4.612918101516901
241.3663366336634,4.654105936901365
241.38613861386136,4.693530762609326
241.4059405940594,4.731148360106445
241.4257425742574,4.766916706371843
241.44554455445547,4.800795980429068
241.4653465346535,4.832748570117511
241.48514851485152,4.862739078974521
241.50495049504948,4.890734333106621
241.5247524752475,4.916703387936566
241.54455445544554,4.940617534721149
241.56435643564356,4.962450306743031
241.5841584158416,4.982177485087946
241.60396039603964,4.999777103926672
241.6237623762376,5.0152294552290755
241.64356435643563,5.028517092845265
241.66336633663366,5.039624835896596
241.68316831683168,5.048539771426471
241.7029702970297,5.055251256268539
241.72277227722776,5.059750918096935
241.74257425742573,5.062032655630337
241.76237623762376,5.0620926379687345
241.78217821782178,5.059929303048762
241.8019801980198,5.055543355210537
241.82178217821783,5.0489377618758455
241.84158415841586,5.04011774934458
241.86138613861385,5.029090797723584
241.88118811881188,5.015866635009087
241.9009900990099,5.0004572303514205
241.92079207920793,4.982876786538262
241.94059405940595,4.963141731740363
241.96039603960398,4.941270710571784
241.98019801980197,4.917284574525099
242.0,4.891206371850563
242.01980198019803,4.863061336957532
242.03960396039605,4.832876879425939
242.05940594059408,4.8006825727255915
242.0792079207921,4.766510142751975
242.0990099009901,4.730393456298136
242.11881188118812,4.6923685095945835
242.13861386138615,4.65247341706145
242.15841584158417,4.610748400430886
242.1782178217822,4.567235778411781
242.19801980198022,4.521979957084108
242.2178217821782,4.475027421226411
242.23762376237624,4.42642672679663
242.25742574257427,4.3762284948046455
242.2772277227723,4.32448540683351
242.29702970297032,4.271252202485816
242.31683168316835,4.216585679051967
242.3366336633663,4.16054469371752
242.35643564356434,4.103190168647476
242.3762376237624,4.044585099305727
242.39603960396042,3.984794566387141
242.41584158415844,3.9238857517574157
242.43564356435647,3.861927958810376
242.45544554455444,3.7989926376629306
242.47524752475246,3.7351534156119244
242.4950495049505,3.6704861332729233
242.51485148514854,3.605068886804924
242.53465346534657,3.538982076593376
242.5544554455446,3.4723084627121983
242.57425742574256,3.4051332274066355
242.59405940594058,3.3375440447263363
242.6138613861386,3.2696311572813292
242.63366336633663,3.2014874598821184
242.6534653465347,3.133208589544194
242.6732673267327,3.0648930209704774
242.69306930693068,2.996642166153018
242.7128712871287,2.928560476134338
242.73267326732673,2.860755542213767
242.75247524752476,2.7933381929464898
242.77227722772278,2.726422582132206
242.79207920792084,2.660126261598172
242.8118811881188,2.594570230920523
242.83168316831683,2.5298789542814695
242.85148514851485,2.466180332425465
242.87128712871288,2.403605615177095
242.8910891089109,2.3422892372768245
242.91089108910893,2.282368557490064
242.93069306930693,2.2239834782343038
242.95049504950495,2.1672759206211287
242.97029702970298,2.1123891282061313
242.990099009901,2.059466772378162
243.00990099009903,2.008651833809362
243.02970297029705,1.9600852384233232
243.04950495049502,1.9139042336300747
243.06930693069307,1.8702405017433774
243.0891089108911,1.8292180229062938
243.10891089108912,1.7909507194263532
243.12871287128715,1.755539936425649
243.14851485148517,1.7230718385786303
243.16831683168314,1.6936148269842275
243.18811881188117,1.6672171006711878
243.20792079207922,1.6439045002276678
243.22772277227725,1.623678773130032
243.24752475247527,1.606516389025273
243.2673267326733,1.5923680076998692
243.28712871287127,1.5811586641630528
243.3069306930693,1.5727886878842154
243.32673267326732,1.5671353222557751
243.34653465346537,1.56405496214541
243.3663366336634,1.563385887917471
243.38613861386136,1.5649513479859711
243.4059405940594,1.5685628309800217
243.4257425742574,1.5740233726573714
243.44554455445544,1.5811307593844055
243.46534653465346,1.5896805155367484
243.48514851485152,1.599468592303232
243.50495049504948,1.61029370613521
243.5247524752475,1.621959303346387
243.54455445544554,1.6342751510888343
243.56435643564356,1.6470585731261056
243.58415841584159,1.6601353613955439
243.6039603960396,1.6733404018169071
243.6237623762376,1.6865180560342852
243.64356435643563,1.6995223407741615
243.66336633663366,1.712216944236345
243.68316831683168,1.7244751152541193
243.7029702970297,1.7361794565473432
243.72277227722773,1.7472216487533205
243.74257425742573,1.757502127407222
243.76237623762376,1.766929730874988
243.78217821782178,1.775421333538157
243.8019801980198,1.7829014753384484
243.82178217821783,1.7893019961086924
243.84158415841586,1.7945616809148304
243.86138613861385,1.7986259208614592
243.88118811881188,1.8014463924172364
243.9009900990099,1.8029807572393
243.92079207920793,1.8031923836659522
243.94059405940595,1.8020500904565167
243.96039603960398,1.7995279129463935
243.98019801980195,1.79560489151884
244.0,1.7902648821447211
244.01980198019803,1.7834963886854416
244.03960396039605,1.775292416673612
244.05940594059408,1.7656503483682238
244.0792079207921,1.7545718390160685
244.09900990099007,1.742062734432247
244.1188118811881,1.7281330102360353
244.13861386138615,1.712796733342605
244.15841584158417,1.6960720466162156
244.1782178217822,1.677981177938806
244.19801980198022,1.6585504753428328
244.2178217821782,1.6378104703027678
244.23762376237622,1.6157959717815642
244.25742574257424,1.5925461941914256
244.2772277227723,1.5681049230569237
244.29702970297032,1.5425207228650193
244.31683168316835,1.5158471923495838
244.3366336633663,1.488143273278227
244.35643564356434,1.459473619666928
244.37623762376236,1.4299090352047725
244.3960396039604,1.399526987461063
244.41584158415844,1.368412208063607
244.43564356435647,1.3366573883123172
244.45544554455444,1.3043639793715476
244.47524752475246,1.2716431048915553
244.4950495049505,1.2386165910974272
244.5148514851485,1.2054181142860014
244.53465346534654,1.1721944572376013
244.5544554455446,1.1391068529003265
244.57425742574256,1.1063323741203057
244.59405940594058,1.0740653001949503
244.6138613861386,1.0425183526502642
244.63366336633663,1.0119236425186404
244.65346534653466,0.9825331098281539
244.67326732673268,0.9546181667240565
244.69306930693068,0.9284681881325745
244.7128712871287,0.9043874460568773
244.73267326732673,0.8826900834089788
244.75247524752476,0.8636928070246668
244.77227722772278,0.8477051836730767
244.7920792079208,0.8350177671687373
244.81188118811878,0.8258887481286411
244.83168316831683,0.8205303179149794
244.85148514851485,0.8190963309402784
244.87128712871288,0.8216729676700824
244.8910891089109,0.828273827814325
244.91089108910893,0.8388402289763622
244.9306930693069,0.8532466113195739
244.95049504950492,0.8713101097393138
244.97029702970298,0.8928027902602399
244.990099009901,0.9174648767439412
245.00990099009903,0.9450174871170465
245.02970297029705,0.9751738192020734
245.04950495049502,1.0076482119944976
245.06930693069305,1.0421629331256568
245.08910891089107,1.0784528441660266
245.10891089108912,1.1162682643260986
245.12871287128715,1.1553764146624155
245.14851485148517,1.1955618147909524
245.16831683168314,1.236625955208016
245.18811881188117,1.2783865047925551
245.2079207920792,1.3206762498490774
245.22772277227722,1.3633419057539151
245.24752475247527,1.4062428976228936
245.2673267326733,1.4492501723724431
245.28712871287127,1.4922450797266136
245.3069306930693,1.5351183423249688
245.32673267326732,1.5777691233474016
245.34653465346534,1.620104192478115
245.36633663366337,1.662037186373593
245.38613861386142,1.703487957162988
245.4059405940594,1.7443820012215896
245.4257425742574,1.784649960042677
245.44554455445544,1.8242271851572065
245.46534653465346,1.8630533594900724
245.4851485148515,1.901072168146422
245.5049504950495,1.9382310122952262
245.5247524752475,1.9744807605000454
245.54455445544554,2.00977553250313
245.56435643564356,2.044072511078097
245.58415841584159,2.0773317781208043
245.6039603960396,2.109516171643302
245.62376237623764,2.1405911607745995
245.64356435643563,2.1705247362566205
245.66336633663366,2.1992873142599616
245.68316831683168,2.226851651635976
245.7029702970297,2.253192770974737
245.72277227722773,2.2782878940571845
245.74257425742576,2.3021163824791286
245.76237623762376,2.3246596843875205
245.78217821782178,2.345901286410652
245.8019801980198,2.3658266699853385
245.82178217821783,2.3844232713893354
245.84158415841586,2.4016804448778597
245.86138613861388,2.4175894284019495
245.88118811881185,2.432143311454171
245.9009900990099,2.4453370046466394
245.92079207920793,2.4571672106772313
245.94059405940595,2.4676323963848246
245.96039603960398,2.476732765633248
245.980198019802,2.4844702327974306
245.99999999999997,2.4908483966551946
246.019801980198,2.49587251451391
246.03960396039605,2.499549476423979
246.05940594059408,2.5018877793514394
246.0792079207921,2.5028975011990697
246.09900990099013,2.5025902745811757
246.1188118811881,2.500979260270619
246.13861386138612,2.4980791202486117
246.15841584158414,2.493905990298327
246.1782178217822,2.488477452092294
246.19801980198022,2.481812504731858
246.21782178217825,2.4739315357036276
246.23762376237622,2.4648562912238248
246.25742574257424,2.4546098459466035
246.27722772277227,2.4432165720163557
246.2970297029703,2.430702107447737
246.31683168316835,2.417093323819256
246.33663366336637,2.4024182932687124
246.35643564356434,2.3867062547792046
246.37623762376236,2.369987579745322
246.3960396039604,2.3522937368083086
246.41584158415841,2.3336572559478443
246.43564356435644,2.314111691816154
246.4554455445545,2.2936915862968874
246.47524752475246,2.2724324302677474
246.4950495049505,2.2503706245405866
246.5148514851485,2.2275434399471927
246.53465346534654,2.203988976531697
246.55445544554456,2.1797461218026988
246.5742574257426,2.1548545079884707
246.59405940594058,2.1293544682283287
246.6138613861386,2.1032869916209362
246.63366336633663,2.076693677037041
246.65346534653466,2.049616685589259
246.67326732673268,2.022098691635277
246.6930693069307,1.9941828321732753
246.71287128712868,1.9659126544692735
246.73267326732673,1.9373320617363108
246.75247524752476,1.9084852566641473
246.77227722772278,1.8794166825768779
246.7920792079208,1.8501709619739406
246.81188118811883,1.8207928321891387
246.8316831683168,1.7913270778821155
246.85148514851483,1.7618184600591684
246.87128712871288,1.7323116413060924
246.8910891089109,1.702851106906263
246.91089108910893,1.6734810815145909
246.93069306930695,1.6442454410639495
246.95049504950492,1.6151876195974884
246.97029702970295,1.5863505107510383
246.99009900990097,1.5577763636566027
247.00990099009903,1.5295066731046205
247.02970297029705,1.5015820638914148
247.04950495049508,1.4740421693931074
247.06930693069305,1.4469255045497302
247.08910891089107,1.4202693336165513
247.1089108910891,1.394109533244281
247.12871287128712,1.3684804516863425
247.14851485148517,1.3434147651976835
247.1683168316832,1.3189433329829743
247.18811881188117,1.2950950523652627
247.2079207920792,1.2718967161717574
247.22772277227722,1.2493728746590191
247.24752475247524,1.2275457046113436
247.26732673267327,1.2064348885265372
247.28712871287132,1.1860575070331207
247.3069306930693,1.1664279478428028
247.32673267326732,1.1475578346105257
247.34653465346534,1.1294559790339196
247.36633663366337,1.112128359358208
247.3861386138614,1.0955781281520336
247.40594059405942,1.0798056517789583
247.4257425742574,1.0648085834143899
247.44554455445544,1.0505819707589652
247.46534653465346,1.0371183987996424
247.4851485148515,1.0244081670972076
247.5049504950495,1.0124395001689466
247.52475247524754,1.001198788627423
247.54455445544554,0.9906708578706473
247.56435643564356,0.9808392603343549
247.58415841584159,0.9716865866470235
247.6039603960396,0.9631947904991711
247.62376237623764,0.9553455216676033
247.64356435643566,0.9481204614301665
247.66336633663366,0.9415016545638036
247.68316831683168,0.9354718322282093
247.7029702970297,0.9300147202788032
247.72277227722773,0.9251153279042098
247.74257425742576,0.9207602119183596
247.76237623762378,0.9169377125304913
247.78217821782175,0.9136381569447202
247.8019801980198,0.9108540276857624
247.82178217821783,0.9085800930949948
247.84158415841586,0.9068134979839311
247.86138613861388,0.9055538129685272
247.8811881188119,0.9048030415401609
247.90099009900987,0.9045655844650796
247.9207920792079,0.9048481616524118
247.94059405940595,0.9056596922006851
247.96039603960398,0.9070111339329041
247.980198019802,0.9089152843635608
248.00000000000003,0.9113865457080346
248.019801980198,0.9144406572362771
248.03960396039602,0.9180943989749609
248.05940594059405,0.9223652714510452
248.0792079207921,0.9272711568166238
248.09900990099013,0.9328299672643414
248.11881188118815,0.939059287097641
248.13861386138612,0.9459760151233615
248.15841584158414,0.9535960141534966
248.17821782178217,0.9619337743129528
248.1980198019802,0.9710020965376486
248.21782178217825,0.9808118021121427
248.23762376237627,0.9913714733525285
248.25742574257424,1.0026872296186753
248.27722772277227,1.014762541780804
248.2970297029703,1.0275980871215615
248.31683168316832,1.041191645481761
248.33663366336634,1.055538036314134
248.3564356435644,1.0706290952478985
248.37623762376236,1.0864536878325566
248.3960396039604,1.1029977573575451
248.41584158415841,1.1202444030558212
248.43564356435644,1.1381739846030152
248.45544554455446,1.1567642486158947
248.4752475247525,1.1759904728199109
248.4950495049505,1.1958256236735065
248.5148514851485,1.2162405234799483
248.53465346534654,1.2372040233544455
248.55445544554456,1.2586831788173167
248.5742574257426,1.2806434252236123
248.5940594059406,1.3030487506916935
248.61386138613858,1.325861864638224
248.63366336633663,1.3490443604476388
248.65346534653466,1.3725568711900902
248.67326732673268,1.396359217645614
248.6930693069307,1.4204105481894083
248.71287128712873,1.4446694703439855
248.7326732673267,1.469094174008682
248.75247524752473,1.493642546539976
248.77227722772278,1.5182722799796309
248.7920792079208,1.5429409708182944
248.81188118811883,1.5676062127433823
248.83168316831686,1.5922256828568582
248.85148514851483,1.6167572218660369
248.87128712871285,1.6411589087519105
248.89108910891088,1.6653891304090576
248.91089108910893,1.689406646731759
248.93069306930695,1.7131706515952274
248.95049504950498,1.736640830150907
248.97029702970295,1.7597774128228127
248.99009900990097,1.7825412263584748
249.009900990099,1.80489374225522
249.02970297029702,1.8267971228503594
249.04950495049508,1.8482142653331803
249.0693069306931,1.8691088439080576
249.08910891089107,1.8894453503114106
249.1089108910891,1.9091891328610215
249.12871287128712,1.9283064341942233
249.14851485148515,1.9467644278322114
249.16831683168317,1.964531253690088
249.18811881188122,1.9815760526374635
249.2079207920792,1.9978690002013881
249.22772277227722,2.0133813394921996
249.24752475247524,2.028085413423944
249.26732673267327,2.041954696293384
249.2871287128713,2.0549638247757147
249.30693069306932,2.067088628391058
249.32673267326732,2.078306159492281
249.34653465346534,2.0885947228236557
249.36633663366337,2.0979339046989565
249.3861386138614,2.106304601848631
249.40594059405942,2.1136890499875096
249.42574257425744,2.120070852157363
249.44554455445544,2.125435006902879
249.46534653465346,2.129767936344452
249.4851485148515,2.1330575142176196
249.5049504950495,2.135293093955776
249.52475247524754,2.1364655369015626
249.54455445544556,2.136567240741202
249.56435643564356,2.1355921682668484
249.58415841584159,2.133535876583756
249.6039603960396,2.1303955468917235
249.62376237623764,2.1261700149847726
249.64356435643566,2.12085980262833
249.6633663366337,2.114467149990274
249.68316831683165,2.1069960493204047
249.7029702970297,2.098452280092731
249.72277227722773,2.088843445846185
249.74257425742576,2.0781790129820212
249.76237623762378,2.0664703517999894
249.7821782178218,2.0537307800806244
249.80198019801978,2.039975609546854
249.8217821782178,2.025222195564919
249.84158415841586,2.0094899904708745
249.86138613861388,1.9928006009352235
249.8811881188119,1.975177849801904
249.90099009900993,1.956647842859317
249.9207920792079,1.9372390410167453
249.94059405940592,1.9169823383686637
249.96039603960395,1.8959111466273524
249.980198019802,1.8740614863884812
250.00000000000003,1.8514720856583429
250.01980198019805,1.8281844860097953
250.03960396039602,1.8042431566379766
250.05940594059405,1.7796956164466233
250.07920792079207,1.7545925640987619
250.0990099009901,1.728988015696679
250.11881188118815,1.7029394493972463
250.13861386138618,1.6765079557983251
250.15841584158414,1.6497583923259411
250.17821782178217,1.6227595390821785
250.1980198019802,1.5955842526507982
250.21782178217822,1.5683096131708114
250.23762376237624,1.541017058549864
250.2574257425743,1.5137924979765776
250.27722772277227,1.486726394894992
250.2970297029703,1.4599138073372755
250.31683168316832,1.4334543710165073
250.33663366336634,1.4074522079532512
250.35643564356437,1.3820157408036693
250.3762376237624,1.3572573907117356
250.3960396039604,1.333293134760955
250.41584158415841,1.3102418983935038
250.43564356435644,1.2882247590391624
250.45544554455446,1.2673639402660521
250.4752475247525,1.247781581647841
250.49504950495052,1.2295982787609845
250.51485148514848,1.2129314005618763
250.53465346534654,1.1978932077114213
250.55445544554456,1.1845888144917691
250.5742574257426,1.1731140573594323
250.5940594059406,1.16355335274281
250.61386138613864,1.1559776426957014
250.6336633663366,1.1504425365396114
250.65346534653463,1.1469867570798309
250.67326732673268,1.1456309897392782
250.6930693069307,1.1463772118908495
250.71287128712873,1.1492085494318316
250.73267326732676,1.154089671540237
250.75247524752473,1.1609676970130527
250.77227722772275,1.1697735513296799
250.79207920792078,1.1804236866962299
250.81188118811883,1.1928220605184199
250.83168316831686,1.206862261970825
250.85148514851488,1.2224296808097372
250.87128712871285,1.239403625227911
250.89108910891088,1.2576593135578569
250.9108910891089,1.2770696850714764
250.93069306930693,1.2975069954378515
250.95049504950498,1.3188441806885782
250.970297029703,1.3409559886446907
250.99009900990097,1.3637198882084929
251.009900990099,1.3870167747737403
251.02970297029702,1.410731494665877
251.04950495049505,1.434753213578394
251.06930693069307,1.4589756540607828
251.08910891089113,1.4832972258385193
251.1089108910891,1.507621070619412
251.12871287128712,1.5318550404693991
251.14851485148515,1.5559116261239794
251.16831683168317,1.579707848945256
251.1881188118812,1.6031651277680952
251.20792079207922,1.626209129672935
251.22772277227722,1.6487696118069513
251.24752475247524,1.6707802597495665
251.26732673267327,1.692178526566732
251.2871287128713,1.712905475593749
251.30693069306932,1.7329056290985432
251.32673267326734,1.7521268242740842
251.34653465346534,1.7705200774605072
251.36633663366337,1.7880394570772973
251.3861386138614,1.8046419654294126
251.40594059405942,1.8202874293181033
251.42574257425744,1.8349383992205848
251.44554455445547,1.8485600566874631
251.46534653465346,1.8611201295325055
251.4851485148515,1.872588814345478
251.5049504950495,1.8829387058384612
251.52475247524754,1.8921447325334184
251.54455445544556,1.9001840983086893
251.5643564356436,1.9070362293417402
251.58415841584156,1.9126827260111547
251.6039603960396,1.9171073193515615
251.62376237623764,1.92029583168862
251.64356435643566,1.9222361411162505
251.6633663366337,1.922918149515347
251.6831683168317,1.9223337538496277
251.70297029702968,1.9204768205125122
251.7227722772277,1.9173431625361446
251.74257425742576,1.912930519512236
251.76237623762378,1.9072385401127705
251.7821782178218,1.9002687671381435
251.80198019801983,1.892024625060893
251.8217821782178,1.8825114100751228
251.84158415841583,1.8717362827061033
251.86138613861385,1.8597082630816941
251.8811881188119,1.8464382290175705
251.90099009900993,1.8319389171236553
251.92079207920796,1.8162249271992748
251.94059405940592,1.7993127302522525
251.96039603960395,1.7812206805519535
251.98019801980197,1.7619690322116013
252.0,1.741579960891396
252.01980198019805,1.7200775913243778
252.03960396039608,1.697488031493361
252.05940594059405,1.6738394144330033
252.07920792079207,1.6491619487990596
252.0990099009901,1.6234879795418873
252.11881188118812,1.5968520602461505
252.13861386138615,1.5692910389600936
252.1584158415842,1.5408441596392182
252.17821782178217,1.5115531816780774
252.1980198019802,1.4814625204041063
252.21782178217822,1.450619411865611
252.23762376237624,1.4190741057651695
252.25742574257427,1.386880090971448
252.2772277227723,1.3540943586831877
252.2970297029703,1.3207777090076909
252.31683168316832,1.2869951074279402
252.33663366336634,1.2528160983237884
252.35643564356437,1.2183152833077677
252.3762376237624,1.1835728725140762
252.39603960396042,1.1486753169509383
252.4158415841584,1.1137160293040091
252.43564356435644,1.078796198736315
252.45544554455446,1.0440257016527135
252.4752475247525,1.0095241042194147
252.49504950495052,0.9754217424762959
252.51485148514854,0.9418608506256841
252.5346534653465,0.908996685667555
252.55445544554453,0.8769985649498266
252.5742574257426,0.8460506906326916
252.5940594059406,0.8163525808651286
252.61386138613864,0.7881188636048087
252.63366336633666,0.7615781223650272
252.65346534653463,0.7369704284216334
252.67326732673266,0.7145431761542393
252.69306930693068,0.6945448925614339
252.71287128712873,0.6772168582984452
252.73267326732676,0.6627826844446932
252.75247524752479,0.651436428896881
252.77227722772275,0.6433303382170382
252.79207920792078,0.6385637231184083
252.8118811881188,0.6371746379972237
252.83168316831683,0.6391357961732616
252.85148514851488,0.6443555028674477
252.8712871287129,0.6526834893807352
252.89108910891088,0.6639206633913681
252.9108910891089,0.6778312182124757
252.93069306930693,0.6941554001457844
252.95049504950495,0.7126214766109783
252.97029702970298,0.7329559190920175
252.99009900990103,0.7548913313115149
253.009900990099,0.7781720816387597
253.02970297029702,0.8025578815369266
253.04950495049505,0.8278256915709697
253.06930693069307,0.8537703679175194
253.0891089108911,0.880204427514385
253.10891089108912,0.9069572442143705
253.12871287128712,0.933873915376177
253.14851485148515,0.9608139714917978
253.16831683168317,0.9876500463673472
253.1881188118812,1.0142665830992952
253.20792079207922,1.0405586203512018
253.22772277227725,1.0664306820927987
253.24752475247524,1.0917957797804188
253.26732673267327,1.1165745269790595
253.2871287128713,1.1406943610875335
253.30693069306932,1.1640888639485605
253.32673267326734,1.1866971718519193
253.34653465346537,1.208463465173278
253.36633663366337,1.229336528226706
253.3861386138614,1.2492693705757427
253.40594059405942,1.2682189018720074
253.42574257425744,1.2861456531632403
253.44554455445547,1.303013538469757
253.46534653465343,1.3187896512336028
253.48514851485146,1.333444090980725
253.5049504950495,1.3469498161969617
253.52475247524754,1.3592825200045644
253.54455445544556,1.3704205257416542
253.5643564356436,1.3803446999993911
253.58415841584156,1.3890383810678104
253.60396039603958,1.3964873210890005
253.6237623762376,1.4026796405226925
253.64356435643566,1.4076057938011535
253.6633663366337,1.4112585452939648
253.6831683168317,1.4136329549241684
253.70297029702968,1.4147263729810533
253.7227722772277,1.4145384438656283
253.74257425742573,1.413071118687979
253.76237623762376,1.4103286768142846
253.7821782178218,1.4063177566402858
253.80198019801983,1.4010473960504983
253.8217821782178,1.3945290832127353
253.84158415841583,1.3867768185591947
253.86138613861385,1.3778071890220227
253.88118811881188,1.36763945582686
253.9009900990099,1.3562956574061162
253.92079207920796,1.343800729277374
253.94059405940592,1.3301826430451724
253.96039603960395,1.3154725670274192
253.98019801980197,1.299705051382072
254.0,1.2829182410124786
254.01980198019803,1.265154119955341
254.03960396039605,1.2464587913912344
254.05940594059405,1.2268827978424697
254.07920792079207,1.2064814865028783
254.0990099009901,1.1853154249247673
254.11881188118812,1.163450872390091
254.13861386138615,1.1409603120970369
254.15841584158417,1.1179230486312697
254.17821782178214,1.0944258738247217
254.1980198019802,1.0705638017074248
254.21782178217822,1.046440869393423
254.23762376237624,1.0221709948426276
254.25742574257427,0.9978788738046224
254.2772277227723,0.9737008860552264
254.29702970297026,0.949785964412812
254.3168316831683,0.9262963582098678
254.33663366336634,0.903408195549304
254.35643564356437,0.8813117163525548
254.3762376237624,0.8602110130995406
254.39603960396042,0.8403230830182167
254.4158415841584,0.8218759725468165
254.4356435643564,0.8051057943935077
254.45544554455444,0.7902524349445595
254.4752475247525,0.7775538609127574
254.49504950495052,0.7672390891138141
254.51485148514854,0.7595200980667137
254.5346534653465,0.7545832080634023
254.55445544554453,0.7525806850813311
254.57425742574256,0.7536234636868944
254.59405940594058,0.7577758698395628
254.61386138613864,0.7650530254701663
254.63366336633666,0.7754212587506123
254.65346534653463,0.7888014091661626
254.67326732673266,0.805074515298341
254.69306930693068,0.8240891019784405
254.7128712871287,0.84566918984481
254.73267326732673,0.8696222235670139
254.75247524752479,0.8957463016359842
254.77227722772275,0.9238363226596588
254.79207920792078,0.9536888827673794
254.8118811881188,0.9851059310315848
254.83168316831683,1.0178973029662448
254.85148514851485,1.0518823108501596
254.87128712871288,1.0868905867394008
254.89108910891088,1.1227623641454416
254.9108910891089,1.1593483599757208
254.93069306930693,1.1965093885267484
254.95049504950495,1.23411580977601
254.97029702970298,1.2720468879630702
254.990099009901,1.310190114689415
255.009900990099,1.3484405336145255
255.02970297029702,1.3867000908285168
255.04950495049505,1.4248770254580845
255.06930693069307,1.4628853082972397
255.0891089108911,1.5006441315993135
255.10891089108912,1.5380774500781287
255.12871287128712,1.5751135712100528
255.14851485148515,1.6116847917729222
255.16831683168317,1.6477270769534935
255.1881188118812,1.6831797781206732
255.20792079207922,1.7179853853674825
255.22772277227725,1.7520893110791949
255.24752475247521,1.785439701025227
255.26732673267327,1.817987269755726
255.2871287128713,1.8496851573824942
255.30693069306932,1.8804888051196507
255.32673267326734,1.9103558472421187
255.34653465346537,1.9392460173827626
255.36633663366334,1.9671210673296693
255.38613861386136,1.9939446967022338
255.40594059405942,2.019682492079197
255.42574257425744,2.0443018743246406
255.44554455445547,2.0677720530109087
255.4653465346535,2.0900639869720496
255.48514851485146,2.1111503501400595
255.50495049504948,2.1310055019199727
255.5247524752475,2.1496054614511464
255.54455445544556,2.166927885181829
255.5643564356436,2.1829520472542447
255.5841584158416,2.1976588222586306
255.60396039603958,2.2110306699687015
255.6237623762376,2.22305162171819
255.64356435643563,2.233707268119866
255.66336633663366,2.2429847478652083
255.6831683168317,2.250872737375273
255.70297029702974,2.2573614411023937
255.7227722772277,2.262442582307751
255.74257425742573,2.266109394162999
255.76237623762376,2.268356611044758
255.78217821782178,2.2691804599093404
255.8019801980198,2.268578651652206
255.82178217821786,2.26655037237209
255.84158415841583,2.263096274474378
255.86138613861385,2.2582184675615995
255.88118811881188,2.251920509071886
255.9009900990099,2.244207394638457
255.92079207920793,2.2350855481552987
255.94059405940595,2.2245628115458067
255.96039603960395,2.212648434243485
255.98019801980197,2.19935306240564
256.0,2.1846887278939686
256.01980198019805,2.1686688370693794
256.03960396039605,2.151308159462686
256.0594059405941,2.132622816398894
256.07920792079204,2.112630269669975
256.0990099009901,2.0913493103708607
256.1188118811881,2.068800048035177
256.13861386138615,2.0450039002329317
256.1584158415842,2.019983582821202
256.1782178217822,1.9937631010728787
256.1980198019802,1.9663677419483176
256.2178217821782,1.9378240678210674
256.23762376237624,1.9081599120246562
256.25742574257424,1.8774043766527182
256.2772277227723,1.8455878331240299
256.29702970297035,1.8127419261183824
256.3168316831683,1.7788995816040436
256.33663366336634,1.7440950198161198
256.35643564356434,1.708363774214596
256.3762376237624,1.6717427176579853
256.3960396039604,1.6342700972831652
256.41584158415844,1.5959855798962865
256.43564356435644,1.5569303100694334
256.45544554455444,1.517146983622868
256.4752475247525,1.476679939779219
256.4950495049505,1.435575276037244
256.51485148514854,1.3938809907726846
256.53465346534654,1.3516471597877335
256.55445544554453,1.30892615457318
256.5742574257426,1.2657729120123486
256.5940594059406,1.2222452677680236
256.61386138613864,1.178404368811351
256.63366336633663,1.1343151846795383
256.6534653465347,1.090047142344295
256.6732673267326,1.0456749163534673
256.6930693069307,1.0012794145490573
256.71287128712873,0.9569490105797397
256.73267326732673,0.9127810879996999
256.7524752475248,0.8688839771829571
256.7722772277228,0.8253793852795288
256.7920792079208,0.782405439525484
256.8118811881188,0.7401204814887417
256.83168316831683,0.6987077556195077
256.8514851485149,0.6583811122827306
256.8712871287129,0.6193917603752602
256.89108910891093,0.5820359000751537
256.9108910891089,0.5466626505118781
256.9306930693069,0.513680935528834
256.9504950495049,0.48356278661805874
256.970297029703,0.4568388952614473
256.99009900990103,0.4340806741539389
257.009900990099,0.4158628981736877
257.029702970297,0.40270440696327087
257.049504950495,0.39499307912866305
257.0693069306931,0.3929133072704105
257.08910891089107,0.39640157601446807
257.1089108910891,0.4051493842867559
257.1287128712872,0.4186531723507001
257.1485148514851,0.43629129788351073
257.16831683168317,0.4574018297980931
257.18811881188117,0.4813427028271044
257.2079207920792,0.5075283148981732
257.2277227722772,0.5354456871852961
257.2475247524753,0.5646567232473664
257.26732673267327,0.594792740977202
257.28712871287127,0.6255456764714356
257.3069306930693,0.6566585813317681
257.3267326732673,0.6879167441353412
257.34653465346537,0.7191399766433938
257.36633663366337,0.7501761792633135
257.38613861386136,0.7808960990452898
257.4059405940594,0.8111891167781328
257.4257425742574,0.8409598856765074
257.44554455445547,0.8701256580421538
257.46534653465346,0.8986141601196446
257.4851485148515,0.9263619005238337
257.50495049504946,0.9533128204203536
257.5247524752475,0.9794172128924313
257.54455445544556,1.0046308545643494
257.56435643564356,1.0289143049735399
257.5841584158416,1.0522323389251824
257.6039603960396,1.0745534846485556
257.6237623762376,1.0958496464612573
257.6435643564356,1.116095795211295
257.66336633663366,1.1352697133088527
257.6831683168317,1.1533517839131957
257.7029702970297,1.1703248159876753
257.72277227722776,1.1861738986161299
257.7425742574257,1.2008862792943271
257.76237623762376,1.2144512619517531
257.78217821782175,1.2268601212852346
257.8019801980198,1.2381060306438048
257.82178217821786,1.2481840012314172
257.84158415841586,1.257090830818771
257.86138613861385,1.2648250604999434
257.88118811881185,1.271386938310185
257.9009900990099,1.2767783887526925
257.9207920792079,1.2810029874736284
257.94059405940595,1.2840659404855266
257.960396039604,1.2859740674754057
257.98019801980195,1.2867357888508064
258.0,1.2863611162793325
258.019801980198,1.2848616465677005
258.03960396039605,1.2822505588085862
258.05940594059405,1.278542614799193
258.0792079207921,1.2737541628072886
258.0990099009901,1.267903144829378
258.1188118811881,1.2610091075537804
258.13861386138615,1.2530932173095009
258.15841584158414,1.2441782793512495
258.1782178217822,1.2342887619022838
258.1980198019802,1.2234508254513292
258.2178217821782,1.211692357876915
258.23762376237624,1.199043016053531
258.25742574257424,1.185534274677571
258.2772277227723,1.1711994831368575
258.2970297029703,1.1560739313337955
258.31683168316835,1.1401949254556984
258.33663366336634,1.1236018747628511
258.35643564356434,1.106336390528373
258.3762376237624,1.0884423983050637
258.3960396039604,1.069966264700261
258.41584158415844,1.050956939791861
258.43564356435644,1.0314661161932996
258.45544554455444,1.011548405539621
258.4752475247525,0.9912615327765224
258.4950495049505,0.9706665480347739
258.51485148514854,0.9498280549899027
258.53465346534654,0.9288144533525914
258.5544554455446,0.9076981913989363
258.57425742574253,0.8865560221041323
258.5940594059406,0.8654692533463881
258.61386138613864,0.8445239786581611
258.63366336633663,0.8238112699965584
258.6534653465347,0.8034273079232613
258.6732673267327,0.7834734174850146
258.6930693069307,0.7640559702333426
258.7128712871287,0.7452861047989209
258.73267326732673,0.7272792112714203
258.7524752475248,0.7101541199227637
258.7722772277228,0.694031934765978
258.79207920792084,0.6790344598113016
258.8118811881188,0.6652821836108953
258.83168316831683,0.6528918182299736
258.8514851485148,0.6419734330643606
258.8712871287129,0.6326272800450468
258.89108910891093,0.6249404689060372
258.91089108910893,0.6189837092739175
258.9306930693069,0.6148083771926584
258.9504950495049,0.6124441739775922
258.970297029703,0.6118976157207608
258.990099009901,0.6131515212910197
259.009900990099,0.6161655645690586
259.0297029702971,0.6208778411515916
259.049504950495,0.6272072931382664
259.0693069306931,0.635056757650981
259.08910891089107,0.6443163671153679
259.1089108910891,0.6548670332833788
259.1287128712871,0.6665837845821961
259.1485148514852,0.6793387844840721
259.16831683168317,0.6930039232907808
259.18811881188117,0.7074529357667881
259.2079207920792,0.7225630454734817
259.2277227722772,0.7382161707402634
259.2475247524753,0.754299747471301
259.26732673267327,0.7707072328222964
259.28712871287127,0.7873383542880232
259.3069306930693,0.8040991639145184
259.3267326732673,0.8209019496574635
259.34653465346537,0.8376650471554629
259.36633663366337,0.8543125865548623
259.3861386138614,0.8707742011895719
259.4059405940594,0.8869847182006539
259.4257425742574,0.9028838456537557
259.44554455445547,0.9184158663151074
259.46534653465346,0.9335293448460823
259.4851485148515,0.9481768526123469
259.5049504950495,0.9623147124187027
259.5247524752475,0.9759027641303831
259.54455445544556,0.988904151203885
259.56435643564356,1.0012851275230916
259.5841584158416,1.0130148835401507
259.6039603960396,1.0240653904906394
259.62376237623766,1.0344112613429024
259.6435643564356,1.0440296271135527
259.66336633663366,1.0529000272100602
259.6831683168317,1.061004312526215
259.7029702970297,1.0683265601036458
259.72277227722776,1.0748529982721435
259.74257425742576,1.0805719412868378
259.76237623762376,1.0854737325862136
259.78217821782175,1.0895506958988768
259.8019801980198,1.0927970935272715
259.82178217821786,1.095209091231271
259.84158415841586,1.0967847292250008
259.8613861386139,1.0975238988839904
259.88118811881185,1.0974283248398553
259.9009900990099,1.0965015522132482
259.9207920792079,1.0947489388065452
259.94059405940595,1.0921776521427524
259.960396039604,1.0887966712995665
259.980198019802,1.0846167935452644
260.0,1.0796506458380033
260.019801980198,1.0739127013005048
260.03960396039605,1.0674193008286865
260.05940594059405,1.0601886800338154
260.0792079207921,1.052241001752663
260.09900990099015,1.0435983943865563
260.1188118811881,1.0342849963458198
260.13861386138615,1.0243270068774704
260.15841584158414,1.0137527435362241
260.1782178217822,1.0025927065164744
260.1980198019802,0.9908796499875684
260.21782178217825,0.9786486604573121
260.23762376237624,0.9659372420166844
260.25742574257424,0.9527854080773547
260.2772277227723,0.9392357788848273
260.2970297029703,0.925333683652322
260.31683168316835,0.911127265589234
260.33663366336634,0.8966675873652405
260.35643564356434,0.8820087336277751
260.3762376237624,0.867207906047176
260.3960396039604,0.8523255049752113
260.41584158415844,0.8374251901529661
260.43564356435644,0.8225739109953175
260.4554455445545,0.8078418948417152
260.47524752475243,0.7933025792714454
260.4950495049505,0.7790324722711349
260.51485148514854,0.7651109219289361
260.53465346534654,0.7516197757278439
260.5544554455446,0.7386429088420541
260.5742574257426,0.7262656016310951
260.5940594059406,0.7145737493756346
260.6138613861386,0.7036528928058465
260.63366336633663,0.6935870666283438
260.6534653465347,0.6844574752739663
260.6732673267327,0.6763410202169559
260.69306930693074,0.6693087205620292
260.7128712871287,0.6634240865177858
260.73267326732673,0.658741521526535
260.7524752475247,0.6553048404112275
260.7722772277228,0.6531459951754212
260.79207920792084,0.6522840949784131
260.81188118811883,0.6527247915492067
260.83168316831683,0.6544600768965939
260.8514851485148,0.6574685093926196
260.8712871287129,0.6617158512583902
260.8910891089109,0.6671560697610752
260.91089108910893,0.6737326301384124
260.930693069307,0.6813799931664436
260.9504950495049,0.6900252253580184
260.970297029703,0.6995896342512244
260.990099009901,0.7099903530259813
261.009900990099,0.7211418150029079
261.029702970297,0.7329570766293425
261.0495049504951,0.7453489649908508
261.0693069306931,0.7582310410604076
261.08910891089107,0.7715183819224887
261.1089108910891,0.7851281938429616
261.1287128712871,0.7989802735207934
261.1485148514852,0.8129973376517659
261.16831683168317,0.827105241665173
261.18811881188117,0.841233107766641
261.2079207920792,0.8553133807624601
261.2277227722772,0.8692818279788017
261.2475247524753,0.8830774972374018
261.26732673267327,0.8966426445234509
261.2871287128713,0.9099226408175637
261.30693069306926,0.9228658656331762
261.3267326732673,0.9354235931360302
261.34653465346537,0.9475498753211676
261.36633663366337,0.9592014255711545
261.3861386138614,0.9703375049889895
261.4059405940594,0.98091981316134
261.4257425742574,0.9909123844322393
261.4455445544554,1.0002814903256498
261.46534653465346,1.008995548422608
261.4851485148515,1.01702503775317
261.5049504950495,1.024342420586165
261.52475247524757,1.0309220703769255
261.5445544554455,1.0367402055508332
261.56435643564356,1.0417748287500368
261.58415841584156,1.0460056711435424
261.6039603960396,1.0494141413909979
261.62376237623766,1.0519832788533177
261.64356435643566,1.0536977106548864
261.66336633663366,1.0545436122198177
261.68316831683165,1.0545086709262985
261.7029702970297,1.0535820525474304
261.7227722772277,1.051754370172277
261.74257425742576,1.0490176553268673
261.7623762376238,1.0453653310411353
261.78217821782175,1.0407921866333827
261.8019801980198,1.0352943540095108
261.8217821782178,1.028869285298906
261.84158415841586,1.0215157316738366
261.86138613861385,1.0132337232235853
261.8811881188119,1.0040245497791895
261.9009900990099,0.9938907426101443
261.9207920792079,0.9828360569407117
261.94059405940595,0.9708654552618058
261.96039603960395,0.9579850914454326
261.980198019802,0.944202295703336
262.0,0.9295255604717233
262.019801980198,0.9139645273512194
262.03960396039605,0.8975299752882577
262.05940594059405,0.8802338102540797
262.0792079207921,0.8620890567656709
262.0990099009901,0.8431098517042517
262.11881188118815,0.8233114410310703
262.13861386138615,0.8027101801884469
262.15841584158414,0.7813235392228651
262.1782178217822,0.7591701140005965
262.1980198019802,0.7362696453381512
262.21782178217825,0.7126430484900954
262.23762376237624,0.688312456298244
262.25742574257424,0.6633012805182159
262.2772277227723,0.6376342975689696
262.2970297029703,0.6113377674539948
262.31683168316835,0.5844395982836715
262.33663366336634,0.5569695743315706
262.3564356435644,0.52895967393627
262.37623762376234,0.5004445165718034
262.3960396039604,0.4714619990508406
262.41584158415844,0.44205421434433967
262.43564356435644,0.4122688023391384
262.4554455445545,0.38216097749504213
262.4752475247525,0.35179664721691095
262.4950495049505,0.32125734279325574
262.5148514851485,0.2906482666158313
262.53465346534654,0.26011189850855526
262.5544554455446,0.2298519103306387
262.5742574257426,0.20017692009509327
262.59405940594064,0.17158346213183034
262.6138613861386,0.14491573683154377
262.63366336633663,0.12165708485680408
262.65346534653463,0.10432185545718997
262.6732673267327,0.0963466507158015
262.69306930693074,0.10012603459472698
262.71287128712873,0.11457769663549121
262.73267326732673,0.1363814066501643
262.7524752475247,0.16260622164820876
262.7722772277228,0.19142114389461753
262.7920792079208,0.22177985124921193
262.81188118811883,0.2530759703456889
262.8316831683169,0.2849399837617775
262.8514851485148,0.3171326898163608
262.8712871287129,0.34948950902016884
262.8910891089109,0.381890475247424
262.91089108910893,0.41424341923776387
262.9306930693069,0.4464741652706295
262.950495049505,0.478520602620865
262.970297029703,0.5103289800980064
262.990099009901,0.5418515216136695
263.009900990099,0.5730448522859447
263.029702970297,0.6038689364627283
263.0495049504951,0.6342863476007019
263.0693069306931,0.6642617583771502
263.08910891089107,0.6937615800735387
263.1089108910891,0.7227537050722899
263.1287128712871,0.7512073218061613
263.1485148514852,0.7790927814003537
263.16831683168317,0.8063815017015636
263.1881188118812,0.8330458986751509
263.2079207920792,0.8590593380481003
263.2277227722772,0.8843961020641252
263.2475247524753,0.9090313676026897
263.26732673267327,0.9329411928924917
263.2871287128713,0.9561025107498752
263.3069306930693,0.9784931267799591
263.3267326732673,1.0000917213492473
263.34653465346537,1.0208778544134687
263.36633663366337,1.0408319724898394
263.3861386138614,1.0599354172183004
263.4059405940594,1.078170435074484
263.42574257425747,1.0955201878883698
263.4455445544554,1.1119687638935285
263.46534653465346,1.1275011890871787
263.4851485148515,1.142103438725729
263.5049504950495,1.1557624488155578
263.52475247524757,1.1684661274875756
263.54455445544556,1.180203366167887
263.56435643564356,1.1909640504763686
263.58415841584156,1.200739070801972
263.6039603960396,1.20952033251802
263.62376237623766,1.2173007658138137
263.64356435643566,1.224074335130452
263.66336633663366,1.229836048199951
263.68316831683165,1.2345819646971141
263.7029702970297,1.2383092045239956
263.7227722772277,1.2410159557574147
263.74257425742576,1.242701482300568
263.7623762376238,1.2433661312914994
263.78217821782175,1.2430113403333323
263.8019801980198,1.2416396446247786
263.8217821782178,1.2392546840842737
263.84158415841586,1.2358612105780429
263.86138613861385,1.2314650953811286
263.8811881188119,1.2260733370222952
263.9009900990099,1.2196940696883114
263.9207920792079,1.2123365723920612
263.94059405940595,1.2040112791419697
263.96039603960395,1.194729790389177
263.980198019802,1.1845048860742502
264.0,1.1733505406485594
264.019801980198,1.1612819405081904
264.03960396039605,1.148315504352774
264.05940594059405,1.1344689070694205
264.0792079207921,1.1197611078468024
264.0990099009901,1.1042123833493633
264.11881188118815,1.0878443669303963
264.1386138613861,1.070680095041718
264.15841584158414,1.0527440622117155
264.1782178217822,1.0340622862209519
264.1980198019802,1.014662385414957
264.21782178217825,0.9945736704664767
264.23762376237624,0.9738272533504249
264.25742574257424,0.9524561768365665
264.27722772277224,0.9304955684581434
264.2970297029703,0.9079828236988772
264.31683168316835,0.8849578240790432
264.33663366336634,0.8614631969370353
264.3564356435644,0.8375446250182753
264.37623762376234,0.8132512155123116
264.3960396039604,0.7886359399214361
264.4158415841584,0.763756158067473
264.43564356435644,0.7386742415596351
264.4554455445545,0.7134583139690447
264.4752475247525,0.6881831264353371
264.4950495049505,0.6629310878536713
264.5148514851485,0.6377934671235812
264.53465346534654,0.612871779519003
264.55445544554453,0.588279357467012
264.5742574257426,0.5641430840410075
264.59405940594064,0.5406052298526309
264.6138613861386,0.5178252737581719
264.63366336633663,0.4959814971098144
264.65346534653463,0.47527201425373194
264.6732673267327,0.4559147403601708
264.6930693069307,0.43814562137130525
264.71287128712873,0.42221431263906795
264.73267326732673,0.40837649131965503
264.7524752475247,0.3968822621971632
264.7722772277228,0.3879607982255594
264.7920792079208,0.38180245737079577
264.81188118811883,0.3785408921891782
264.83168316831683,0.37823857897089785
264.8514851485148,0.3808791125337493
264.8712871287129,0.38636826065517027
264.8910891089109,0.39454355571864347
264.91089108910893,0.40519007428243115
264.9306930693069,0.41805891649907045
264.950495049505,0.43288503449987975
264.9702970297029,0.4494020987683387
264.990099009901,0.4673533882750083
265.009900990099,0.48649874130135834
265.029702970297,0.5066182140233993
265.0495049504951,0.5275133070807161
265.0693069306931,0.5490065788589553
265.08910891089107,0.5709403057275194
265.10891089108907,0.59317466624469
265.1287128712871,0.6155857650381035
265.1485148514852,0.6380636884083933
265.16831683168317,0.660510697099512
265.1881188118812,0.6828396051291076
265.20792079207916,0.7049723589449042
265.2277227722772,0.7268388114441785
265.2475247524752,0.7483756752475954
265.26732673267327,0.7695256353384576
265.2871287128713,0.7902366003007152
265.3069306930693,0.8104610723502411
265.3267326732673,0.8301556181986217
265.3465346534653,0.8492804249581943
265.36633663366337,0.8677989274790543
265.38613861386136,0.8856774955444079
265.4059405940594,0.902885171168633
265.42574257425747,0.9193934478232304
265.4455445544554,0.935176084766423
265.46534653465346,0.9502089507924504
265.48514851485146,0.9644698926729535
265.5049504950495,0.9779386243596706
265.5247524752475,0.9905966336808473
265.54455445544556,1.0024271038149053
265.56435643564356,1.0134148472819595
265.58415841584156,1.0235462505747626
265.6039603960396,1.032809227867363
265.6237623762376,1.041193182505083
265.64356435643566,1.0486889752014428
265.66336633663366,1.0552888980554167
265.68316831683165,1.0609866536612471
265.7029702970297,1.0657773387192613
265.7227722772277,1.0696574316733385
265.74257425742576,1.0726247840032495
265.76237623762376,1.0746786148904497
265.7821782178218,1.075819509057719
265.8019801980198,1.0760494176568034
265.8217821782178,1.0753716621483829
265.84158415841586,1.0737909411842128
265.86138613861385,1.0713133405661484
265.8811881188119,1.0679463464206729
265.9009900990099,1.0636988617928902
265.9207920792079,1.0585812269314978
265.94059405940595,1.0526052436074422
265.96039603960395,1.0457842038849559
265.980198019802,1.0381329238456005
266.0,1.0296677828552514
266.01980198019805,1.0204067690614331
266.039603960396,1.0103695319150552
266.05940594059405,0.9995774426275823
266.0792079207921,0.9880536636017543
266.0990099009901,0.9758232280120817
266.11881188118815,0.9629131308578778
266.13861386138615,0.9493524329667649
266.15841584158414,0.9351723795834936
266.17821782178214,0.9204065353334814
266.1980198019802,0.905090937489975
266.21782178217825,0.8892642695837727
266.23762376237624,0.87296805744985
266.2574257425743,0.856246889774057
266.27722772277224,0.8391486650354805
266.2970297029703,0.8217248663713125
266.3168316831683,0.8040308652300574
266.33663366336634,0.7861262536054977
266.3564356435644,0.7680752030000711
266.3762376237624,0.7499468458532892
266.3960396039604,0.7318156717433184
266.4158415841584,0.7137619259461987
266.43564356435644,0.6958719916128572
266.45544554455444,0.678238728623818
266.4752475247525,0.6609617319298997
266.49504950495054,0.6441474599546825
266.5148514851485,0.6279091699257726
266.53465346534654,0.6123665830342998
266.55445544554453,0.59764519032509
266.5742574257426,0.5838751037051406
266.5940594059406,0.5711893602737839
266.61386138613864,0.5597216081140348
266.63366336633663,0.5496031433204346
266.65346534653463,0.5409593346630356
266.6732673267327,0.5339055620564734
266.6930693069307,0.5285428981760492
266.71287128712873,0.5249538603609362
266.73267326732673,0.5231986268473411
266.7524752475247,0.523312121780145
266.7722772277228,0.5253023113886136
266.7920792079208,0.5291499216662359
266.81188118811883,0.5348096097089586
266.83168316831683,0.5422124357766163
266.8514851485149,0.551269332696479
266.8712871287129,0.5618751831173567
266.8910891089109,0.5739131026218957
266.91089108910893,0.5872585769797755
266.9306930693069,0.6017831913981404
266.950495049505,0.6173577922707867
266.970297029703,0.6338550164784481
266.990099009901,0.6511511972397809
267.009900990099,0.6691277047646772
267.029702970297,0.6876718064242745
267.0495049504951,0.7066771398327185
267.0693069306931,0.7260438889101926
267.0891089108911,0.7456787427964084
267.10891089108907,0.7654947042971417
267.1287128712871,0.7854108009577241
267.1485148514852,0.8053517393640652
267.16831683168317,0.8252475325788027
267.1881188118812,0.845033121922127
267.2079207920792,0.8646480075037124
267.2277227722772,0.8840358967624022
267.2475247524752,0.9031443764846478
267.26732673267327,0.9219246110675537
267.2871287128713,0.9403310679180634
267.3069306930693,0.9583212696267722
267.3267326732674,0.9758555717566335
267.3465346534653,0.9928969646142137
267.36633663366337,1.009410897126191
267.38613861386136,1.0253651208544206
267.4059405940594,1.0407295521959676
267.42574257425747,1.055476150892866
267.44554455445547,1.0695788130928972
267.46534653465346,1.083013277339647
267.48514851485146,1.0957570420147704
267.5049504950495,1.1077892929000923
267.5247524752475,1.1190908396662427
267.54455445544556,1.1296440602259927
267.5643564356436,1.139432852011628
267.58415841584156,1.1484425893470007
267.6039603960396,1.156660086185849
267.6237623762376,1.1640735635790698
267.64356435643566,1.1706726213157839
267.66336633663366,1.1764482132569298
267.6831683168317,1.1813926259463137
267.7029702970297,1.1854994601440068
267.7227722772277,1.1887636149809973
267.74257425742576,1.1911812744831403
267.76237623762376,1.1927498962572776
267.7821782178218,1.1934682021739575
267.8019801980198,1.1933361709195363
267.8217821782178,1.1923550323270495
267.84158415841586,1.19052726342954
267.86138613861385,1.1878565862134058
267.8811881188119,1.1843479670820238
267.9009900990099,1.1800076180729615
267.92079207920796,1.1748429999052004
267.9405940594059,1.1688628269670414
267.96039603960395,1.1620770743910405
267.980198019802,1.1544969873997024
268.0,1.1461350931455472
268.01980198019805,1.1370052153121775
268.03960396039605,1.127122491788905
268.05940594059405,1.1165033957820039
268.07920792079204,1.105165760779877
268.0990099009901,1.0931288098489904
268.11881188118815,1.0804131898015255
268.13861386138615,1.0670410108456336
268.1584158415842,1.053035892403422
268.17821782178214,1.0384230158611942
268.1980198019802,1.0232291850990425
268.2178217821782,1.0074828957308122
268.23762376237624,0.9912144140680746
268.2574257425743,0.9744558668979305
268.2772277227723,0.9572413432272425
268.2970297029703,0.9396070091856497
268.3168316831683,0.9215912372816444
268.33663366336634,0.9032347511512383
268.35643564356434,0.8845807867990523
268.3762376237624,0.8656752710725221
268.39603960396045,0.8465670176808935
268.4158415841584,0.8273079404103979
268.43564356435644,0.8079532822135568
268.45544554455444,0.788561857463543
268.4752475247525,0.7691963027413784
268.4950495049505,0.7499233289233456
268.51485148514854,0.7308139639044546
268.53465346534654,0.711943770883339
268.55445544554453,0.693393021630115
268.5742574257426,0.6752467975365444
268.5940594059406,0.6575949836437104
268.61386138613864,0.6405321126682418
268.63366336633663,0.6241570081210697
268.65346534653463,0.6085721693032154
268.6732673267327,0.5938828382987866
268.6930693069307,0.5801956927499123
268.71287128712873,0.5676171212962773
268.73267326732673,0.5562510640450123
268.7524752475248,0.5461964400917539
268.7722772277227,0.5375442372151362
268.7920792079208,0.5303744007971325
268.81188118811883,0.5247527205236349
268.83168316831683,0.5207279612701936
268.8514851485149,0.5183295042436664
268.8712871287129,0.5175657445109345
268.8910891089109,0.5184234280223116
268.9108910891089,0.520868012646754
268.9306930693069,0.5248450214290562
268.950495049505,0.5302822456543812
268.970297029703,0.5370925721280692
268.99009900990103,0.5451771669688794
269.00990099009897,0.5544287495148704
269.029702970297,0.564734726827969
269.049504950495,0.5759800179434594
269.0693069306931,0.5880494626387879
269.0891089108911,0.6008297701444149
269.1089108910891,0.6142110116027316
269.1287128712871,0.6280876935145633
269.1485148514851,0.6423594686357131
269.16831683168317,0.656931548470765
269.18811881188117,0.671714880979032
269.2079207920792,0.6866261514882864
269.2277227722773,0.7015876566176202
269.2475247524752,0.7165270920279774
269.26732673267327,0.7313772861759723
269.28712871287127,0.7460759045571359
269.3069306930693,0.760565142444606
269.3267326732673,0.7747914188859123
269.34653465346537,0.7887050806161039
269.36633663366337,0.8022601214232568
269.38613861386136,0.8154139201888405
269.4059405940594,0.82812699915667
269.4257425742574,0.8403628028147936
269.44554455445547,0.8520874969830976
269.46534653465346,0.8632697871892675
269.48514851485146,0.8738807551083133
269.5049504950495,0.8838937116795443
269.5247524752475,0.8932840654538837
269.54455445544556,0.9020292047314172
269.56435643564356,0.9101083921004615
269.5841584158416,0.9175026700676098
269.6039603960396,0.9241947765613461
269.6237623762376,0.9301690691915043
269.64356435643566,0.9354114572474933
269.66336633663366,0.9399093405159493
269.6831683168317,0.9436515540915315
269.7029702970297,0.9466283184410057
269.7227722772277,0.9488311940606606
269.74257425742576,0.950253040139836
269.76237623762376,0.9508879767091091
269.7821782178218,0.9507313498113236
269.8019801980198,0.9497796992867681
269.82178217821786,0.9480307288116506
269.8415841584158,0.9454832778718567
269.86138613861385,0.942137295391937
269.8811881188119,0.9379938147737819
269.9009900990099,0.9330549301297327
269.92079207920796,0.9273237735226377
269.94059405940595,0.9208044930500805
269.96039603960395,0.9135022316325954
269.98019801980195,0.9054231063861333
270.0,0.896574188478295
270.01980198019805,0.8869634833854432
270.03960396039605,0.8765999114847725
270.0594059405941,0.865493288931879
270.07920792079204,0.8536543087905597
270.0990099009901,0.841094522398153
270.1188118811881,0.8278263209671769
270.13861386138615,0.813862917442737
270.1584158415842,0.7992183286561647
270.1782178217822,0.7839073578392234
270.1980198019802,0.7679455775916539
270.2178217821782,0.7513493134286267
270.23762376237624,0.7341356280768708
270.25742574257424,0.716322306740532
270.2772277227723,0.6979278436251738
270.29702970297035,0.6789714300945939
270.3168316831683,0.6594729449492294
270.33663366336634,0.6394529474652928
270.35643564356434,0.6189326740366821
270.3762376237624,0.5979340395371445
270.3960396039604,0.5764796448995538
270.41584158415844,0.5545927929380688
270.43564356435644,0.5322975151863986
270.45544554455444,0.509618613596356
270.4752475247525,0.48658172249888226
270.4950495049505,0.46321339853331595
270.51485148514854,0.4395412497160766
270.53465346534654,0.41559412013389385
270.55445544554453,0.3914023550649996
270.5742574257426,0.36699818465172124
270.5940594059406,0.34241628611460484
270.61386138613864,0.31769462139473736
270.63366336633663,0.2928757112830701
270.6534653465347,0.26800862251412644
270.6732673267327,0.24315215972853188
270.6930693069307,0.21838017301996612
270.71287128712873,0.19379074272444993
270.73267326732673,0.16952281354788087
270.7524752475248,0.14578787309950547
270.7722772277228,0.12293345982581538
270.7920792079208,0.10157563609371723
270.81188118811883,0.08287142928258406
270.83168316831683,0.06896464653724522
270.8514851485149,0.06301549545683065
270.8712871287129,0.06704429617794612
270.89108910891093,0.07940858212682404
270.9108910891089,0.0968294499603981
270.9306930693069,0.11693311977761434
270.950495049505,0.13842325569569205
270.970297029703,0.16061557990739775
270.99009900990103,0.1831299902275821
271.009900990099,0.20573934362316715
271.029702970297,0.22829737284878604
271.049504950495,0.2507030628683362
271.0693069306931,0.2728821203497633
271.0891089108911,0.2947768281760347
271.1089108910891,0.3163402251984633
271.1287128712872,0.3375326267904303
271.1485148514851,0.35831946878129073
271.16831683168317,0.3786699293369838
271.18811881188117,0.3985560242749893
271.2079207920792,0.41795199948404305
271.2277227722773,0.4368339149434876
271.2475247524753,0.45517935532944026
271.26732673267327,0.4729672260715878
271.28712871287127,0.4901776082020619
271.3069306930693,0.5067916543417401
271.3267326732673,0.5227915138990723
271.34653465346537,0.5381602792806718
271.3663366336634,0.5528819473799682
271.38613861386136,0.5669413922742056
271.4059405940594,0.5803243462004398
271.4257425742574,0.5930173866748712
271.44554455445547,0.6050079281801434
271.46534653465346,0.6162842172456215
271.4851485148515,0.6268353300361785
271.5049504950495,0.6366511717772779
271.5247524752475,0.6457224775020917
271.54455445544556,0.6540408137244673
271.56435643564356,0.6615985807313259
271.5841584158416,0.6683890152570262
271.6039603960396,0.6744061933555471
271.6237623762376,0.6796450333289301
271.64356435643566,0.6841012986041303
271.66336633663366,0.6877716004782276
271.6831683168317,0.6906534006751567
271.7029702970297,0.692745013677229
271.72277227722776,0.6940456088123218
271.7425742574257,0.6945552120942531
271.76237623762376,0.6942747078293882
271.7821782178218,0.6932058400185483
271.8019801980198,0.6913512135994149
271.82178217821786,0.6887142955924571
271.84158415841586,0.6852994162329734
271.86138613861385,0.6811117701941394
271.88118811881185,0.6761574180320334
271.9009900990099,0.6704432880146444
271.92079207920796,0.6639771785337394
271.94059405940595,0.6567677613438712
271.960396039604,0.6488245859281925
271.98019801980195,0.6401580853597153
272.0,0.6307795841125524
272.019801980198,0.6207013083862545
272.03960396039605,0.6099363996437194
272.0594059405941,0.598498932238951
272.0792079207921,0.58640393623722
272.0990099009901,0.573667426823406
272.1188118811881,0.5603064420777731
272.13861386138615,0.5463390914028017
272.15841584158414,0.5317846175550438
272.1782178217822,0.5166634761322824
272.19801980198025,0.5009974375776166
272.2178217821782,0.48480971841182574
272.23762376237624,0.46812515067550947
272.25742574257424,0.45097040171541297
272.2772277227723,0.43337426087410086
272.2970297029703,0.41536801591554134
272.31683168316835,0.39698595100786127
272.33663366336634,0.3782660110984742
272.35643564356434,0.35925069654850744
272.3762376237624,0.33998827998171816
272.3960396039604,0.3205344790654313
272.41584158415844,0.30095478129688596
272.43564356435644,0.2813277098370164
272.45544554455444,0.26174945639748826
272.4752475247525,0.24234050254022224
272.4950495049505,0.2232551085989406
272.51485148514854,0.2046948258870346
272.53465346534654,0.1869272832950173
272.5544554455446,0.170310790694816
272.57425742574253,0.15532221402131377
272.5940594059406,0.14257709409444086
272.61386138613864,0.13281449143821464
272.63366336633663,0.12680277125855444
272.6534653465347,0.1251432176989414
272.6732673267327,0.12804440277243093
272.6930693069307,0.13523222848411076
272.7128712871287,0.14607628607000728
272.73267326732673,0.15981973979472303
272.7524752475248,0.175756872793269
272.7722772277228,0.19330890839338166
272.79207920792084,0.21203013555659478
272.8118811881188,0.2315857076393434
272.83168316831683,0.25172465917808023
272.8514851485148,0.27225690301927213
272.8712871287129,0.2930358948074929
272.89108910891093,0.31394622283113965
272.91089108910893,0.33489489963121416
272.9306930693069,0.35580527814827523
272.9504950495049,0.3766127858219905
272.970297029703,0.3972619098566903
272.990099009901,0.4177040455798026
273.009900990099,0.4378959443765611
273.0297029702971,0.45779858210329155
273.049504950495,0.47737632553902387
273.0693069306931,0.4965963124462277
273.08910891089107,0.5154279864358473
273.1089108910891,0.533842745239051
273.1287128712871,0.5518136729232219
273.1485148514852,0.5693153348556577
273.16831683168317,0.586323620002853
273.18811881188117,0.6028156192438662
273.2079207920792,0.6187695312980732
273.2277227722772,0.6341645899766277
273.2475247524753,0.6489810080032156
273.26732673267327,0.6631999337796965
273.28712871287127,0.6768034183108584
273.3069306930693,0.6897743901302481
273.3267326732673,0.702096636542602
273.34653465346537,0.7137547898592661
273.36633663366337,0.724734317578827
273.3861386138614,0.7350215156792573
273.4059405940594,0.7446035043534001
273.4257425742574,0.75346822565031
273.44554455445547,0.7616044425872776
273.46534653465346,0.7690017393794234
273.4851485148515,0.7756505224988619
273.5049504950495,0.78154202232848
273.5247524752475,0.786668295218164
273.54455445544556,0.7910222257868165
273.56435643564356,0.794597529342603
273.5841584158416,0.7973887543187995
273.6039603960396,0.7993912846433848
273.62376237623766,0.8006013419790443
273.6435643564356,0.8010159877861827
273.66336633663366,0.8006331251765788
273.6831683168317,0.7994515005388045
273.7029702970297,0.7974707049299943
273.72277227722776,0.7946911752416855
273.74257425742576,0.7911141951610455
273.76237623762376,0.7867418959635443
273.78217821782175,0.781577257188693
273.8019801980198,0.7756241072687265
273.82178217821786,0.7688871242004583
273.84158415841586,0.761371836375092
273.86138613861385,0.7530846237094232
273.88118811881185,0.7440327192571511
273.9009900990099,0.7342242115218653
273.9207920792079,0.7236680477464297
273.94059405940595,0.7123740385200568
273.960396039604,0.7003528641279629
273.98019801980195,0.6876160831751461
274.0,0.6741761441521419
274.019801980198,0.6600464007869798
274.03960396039605,0.6452411322570653
274.05940594059405,0.6297755696360955
274.0792079207921,0.6136659303504002
274.0990099009901,0.5969294629525456
274.1188118811881,0.5795845052397307
274.13861386138615,0.5616505597247012
274.15841584158414,0.5431483918161815
274.1782178217822,0.5241001579432819
274.1980198019802,0.5045295735011627
274.2178217821782,0.4844621342609546
274.23762376237624,0.46392541032323775
274.25742574257424,0.4429494396487697
274.2772277227723,0.42156726000872463
274.2970297029703,0.3998156359914506
274.31683168316835,0.3777360649403494
274.33663366336634,0.3553761880581992
274.35643564356434,0.33279179984725016
274.3762376237624,0.31004975641717636
274.3960396039604,0.28723225761764826
274.41584158415844,0.2644432635752626
274.43564356435644,0.24181827288578311
274.45544554455444,0.21953943424649655
274.4752475247525,0.1978590650737648
274.4950495049505,0.1771359369672386
274.51485148514854,0.15788884768586461
274.53465346534654,0.14086593548811724
274.5544554455446,0.1271020302380526
274.57425742574253,0.1178717734979957
274.5940594059406,0.114386193875556
274.61386138613864,0.11724093669433511
274.63366336633663,0.1260603591961835
274.6534653465347,0.13974903877529493
274.6732673267327,0.1570474442246935
274.6930693069307,0.17689174543705904
274.7128712871287,0.19849873831651596
274.73267326732673,0.22132127481515432
274.7524752475248,0.24498014088833683
274.7722772277228,0.2692086181735597
274.79207920792084,0.2938142182849384
274.8118811881188,0.3186537017424043
274.83168316831683,0.3436169939399103
274.8514851485148,0.36861678219455907
274.8712871287129,0.3935817004302722
274.89108910891093,0.41845179109676117
274.91089108910893,0.4431754308448066
274.9306930693069,0.4677072121132547
274.9504950495049,0.4920064597024775
274.970297029703,0.5160361764291368
274.990099009901,0.5397622835789511
275.009900990099,0.5631530671249736
275.0297029702971,0.5861787697191428
275.049504950495,0.6088112873985007
275.0693069306931,0.6310239424866615
275.08910891089107,0.6527913126003966
275.1089108910891,0.6740891014209462
275.1287128712871,0.6948940408649276
275.1485148514852,0.7151838170746527
275.16831683168317,0.7349370146227586
275.18811881188117,0.7541330747428654
275.2079207920792,0.7727522644258945
275.2277227722772,0.790775653975155
275.2475247524753,0.8081851011710369
275.26732673267327,0.8249632406127734
275.28712871287127,0.8410934771191926
275.3069306930693,0.8565599823090531
275.3267326732673,0.871347693665013
275.34653465346537,0.8854423155267377
275.36633663366337,0.8988303215689508
275.3861386138614,0.9114989584070772
275.40594059405936,0.9234362500411997
275.4257425742574,0.9346310029042828
275.44554455445547,0.9450728113239616
275.46534653465346,0.9547520632433528
275.4851485148515,0.9636599460753156
275.5049504950495,0.9717884525887942
275.5247524752475,0.9791303867461766
275.5445544554455,0.9856793694279044
275.56435643564356,0.9914298439952483
275.5841584158416,0.99637708165546
275.6039603960396,1.0005171866050062
275.62376237623766,1.00384710093749
275.6435643564356,1.0063646093128475
275.66336633663366,1.0080683433942308
275.68316831683165,1.0089577860684371
275.7029702970297,1.0090332754757392
275.72277227722776,1.0082960088847301
275.74257425742576,1.0067480464588214
275.76237623762376,1.0043923149724028
275.78217821782175,1.0012326115473864
275.8019801980198,0.9972736074950396
275.8217821782178,0.9925208523639184
275.84158415841586,0.9869807783127175
275.8613861386139,0.9806607049477973
275.88118811881185,0.9735688447890364
275.9009900990099,0.9657143095556882
275.9207920792079,0.9571071174964795
275.94059405940595,0.9477582020267923
275.96039603960395,0.9376794219807134
275.980198019802,0.9268835738399833
276.0,0.9153844063652037
276.019801980198,0.9031966381312395
276.03960396039605,0.890335978560081
276.05940594059405,0.8768191531539717
276.0792079207921,0.8626639337639811
276.0990099009901,0.8478891748890109
276.1188118811881,0.8325148571936508
276.13861386138615,0.8165621396689202
276.15841584158414,0.8000534221457789
276.1782178217822,0.783012420221178
276.1980198019802,0.765464255082773
276.21782178217825,0.7474355612406798
276.2376237623762,0.7289546158131424
276.25742574257424,0.7100514937938525
276.2772277227723,0.6907582546820684
276.2970297029703,0.6711091670162866
276.31683168316835,0.6511409787555312
276.33663366336634,0.6308932431350357
276.35643564356434,0.6104087116132477
276.37623762376234,0.5897338078329304
276.3960396039604,0.5689191990999753
276.41584158415844,0.5480204846153515
276.43564356435644,0.5270990222902197
276.4554455445545,0.506222917867959
276.47524752475243,0.4854682002370218
276.4950495049505,0.4649202034537838
276.5148514851485,0.44467516613117863
276.53465346534654,0.42484203777357515
276.5544554455446,0.40554444228616016
276.5742574257426,0.38692268148290004
276.5940594059406,0.3691355541352289
276.6138613861386,0.35236160832700536
276.63366336633663,0.3367992356816142
276.65346534653463,0.3226647808993796
276.6732673267327,0.3101876560568622
276.69306930693074,0.2996014679436666
276.7128712871287,0.2911306034735537
276.73267326732673,0.28497275447842085
276.7524752475247,0.2812794392939046
276.7722772277228,0.2801381778353718
276.7920792079208,0.28156067700258003
276.81188118811883,0.2854803952706406
276.83168316831683,0.29176027659956494
276.8514851485148,0.3002084530870237
276.8712871287129,0.31059780054020975
276.8910891089109,0.32268510937579387
276.91089108910893,0.3362269079283653
276.9306930693069,0.35099068890736607
276.9504950495049,0.36676166331088905
276.970297029703,0.38334591155087766
276.990099009901,0.4005710071266991
277.009900990099,0.4182850767764791
277.029702970297,0.4363550282336766
277.0495049504951,0.4546644396579458
277.0693069306931,0.4731114132973659
277.08910891089107,0.4916065598601415
277.1089108910891,0.5100711916878853
277.1287128712871,0.5284357496251253
277.1485148514852,0.5466384589418165
277.16831683168317,0.5646241949945972
277.18811881188117,0.5823435334507128
277.2079207920792,0.59975195894005
277.2277227722772,0.616809207551823
277.2475247524753,0.6334787212516145
277.26732673267327,0.6497271952802646
277.2871287128713,0.6655242025017344
277.30693069306926,0.6808418813014309
277.3267326732673,0.695654675930918
277.34653465346537,0.7099391201439172
277.36633663366337,0.7236736565977138
277.3861386138614,0.7368384858423667
277.4059405940594,0.7494154398281665
277.4257425742574,0.7613878757694376
277.4455445544554,0.7727405869441155
277.46534653465346,0.7834597276140175
277.4851485148515,0.7935327497454518
277.5049504950495,0.8029483496141626
277.52475247524757,0.8116964227102441
277.5445544554455,0.8197680256307728
277.56435643564356,0.827155343872376
277.58415841584156,0.8338516646212815
277.6039603960396,0.8398513537926064
277.62376237623766,0.8451498366986855
277.64356435643566,0.8497435818345249
277.66336633663366,0.8536300873587906
277.68316831683165,0.8568078699266447
277.7029702970297,0.8592764555965938
277.7227722772277,0.861036372591434
277.74257425742576,0.8620891457435094
277.7623762376238,0.8624372924995264
277.78217821782175,0.8620843204007556
277.8019801980198,0.8610347259915342
277.8217821782178,0.8592939951441758
277.84158415841586,0.8568686048217058
277.86138613861385,0.8537660263324445
277.8811881188119,0.849994730162988
277.9009900990099,0.8455641925090893
277.9207920792079,0.8404849036578469
277.94059405940595,0.8347683784101412
277.96039603960395,0.8284271687698953
277.980198019802,0.8214748791667036
278.0,0.8139261845216341
278.019801980198,0.8057968515122144
278.03960396039605,0.7971037634427073
278.05940594059405,0.7878649491795199
278.0792079207921,0.7780996166688041
278.0990099009901,0.7678281916141491
278.11881188118815,0.7570723619550164
278.13861386138615,0.7458551288507317
278.15841584158414,0.7342008649371113
278.1782178217822,0.7221353806801213
278.1980198019802,0.7096859996975575
278.21782178217825,0.6968816439479157
278.23762376237624,0.683752929684188
278.25742574257424,0.6703322750238713
278.2772277227723,0.6566540198740168
278.2970297029703,0.6427545587428777
278.31683168316835,0.6286724866299102
278.33663366336634,0.6144487576639506
278.3564356435644,0.6001268553918344
278.37623762376234,0.5857529725272296
278.3960396039604,0.5713761964563137
278.41584158415844,0.5570486947522012
278.43564356435644,0.5428258922544208
278.4554455445545,0.5287666278081643
278.4752475247525,0.5149332744455706
278.4950495049505,0.5013918016143202
278.5148514851485,0.48821175213714413
278.53465346534654,0.4754661002615174
278.5544554455446,0.4632309511015866
278.5742574257426,0.45158503709699704
278.59405940594064,0.44060896545081507
278.6138613861386,0.4303841740033206
278.63366336633663,0.42099156409783817
278.65346534653463,0.41250979996123494
278.6732673267327,0.405013296204833
278.69306930693074,0.3985699573949187
278.71287128712873,0.393238782218433
278.73267326732673,0.3890674918774481
278.7524752475247,0.3860903773146241
278.7722772277228,0.3843265713633587
278.7920792079208,0.3837789315643039
278.81188118811883,0.384433665557061
278.8316831683169,0.38626075084203176
278.8514851485148,0.38921510933817727
278.8712871287129,0.3932384131824555
278.8910891089109,0.3982613380774602
278.91089108910893,0.4042060535716523
278.9306930693069,0.4109887462956898
278.950495049505,0.4185220050880711
278.970297029703,0.4267169447786177
278.990099009901,0.43548499668266927
279.009900990099,0.4447393397856347
279.029702970297,0.45439598216093274
279.0495049504951,0.4643745258824851
279.0693069306931,0.47459866156940744
279.08910891089107,0.4849964430404673
279.1089108910891,0.49550039100415205
279.1287128712871,0.5060474696567143
279.1485148514852,0.5165789733645711
279.16831683168317,0.5270403535532594
279.1881188118812,0.5373810092950603
279.20792079207916,0.5475540592864988
279.2277227722772,0.5575161080810613
279.2475247524753,0.5672270155808877
279.26732673267327,0.5766496757986954
279.2871287128713,0.5857498086465118
279.3069306930693,0.594495766854032
279.3267326732673,0.6028583589397941
279.3465346534653,0.6108106883427399
279.36633663366337,0.6183280082798865
279.3861386138614,0.6253875915551821
279.4059405940594,0.6319686143498359
279.42574257425747,0.6380520529316175
279.4455445544554,0.6436205921993597
279.46534653465346,0.6486585450045053
279.48514851485146,0.653151781248278
279.5049504950495,0.6570876658279157
279.52475247524757,0.660455004591041
279.54455445544556,0.6632439975475963
279.56435643564356,0.6654461986802173
279.58415841584156,0.6670544817845176
279.6039603960396,0.6680630118595099
279.6237623762376,0.6684672216543812
279.64356435643566,0.6682637930618858
279.6633663366337,0.6674506431307796
279.68316831683165,0.6660269145512833
279.7029702970297,0.6639929705491069
279.7227722772277,0.6613503942070116
279.74257425742576,0.6581019923192206
279.76237623762376,0.6542518039752595
279.7821782178218,0.6498051141678883
279.8019801980198,0.6447684728265349
279.8217821782178,0.639149719796162
279.84158415841586,0.6329580164138661
279.86138613861385,0.6262038844851289
279.8811881188119,0.6188992536319228
279.9009900990099,0.6110575181795177
279.9207920792079,0.6026936049715924
279.94059405940595,0.593824053758475
279.96039603960395,0.5844671120945665
279.980198019802,0.5746428470113358
280.0,0.5643732761034504
280.01980198019805,0.5536825210753866
280.039603960396,0.5425969872386099
280.05940594059405,0.5311455729091454
280.0792079207921,0.5193599131041214
280.0990099009901,0.5072746623244704
280.11881188118815,0.4949278214587228
280.13861386138615,0.48236111382300695
280.15841584158414,0.46962041486965844
280.17821782178214,0.4567562388622104
280.1980198019802,0.44382428340719443
280.21782178217825,0.43088602856304525
280.23762376237624,0.41800938051898007
280.2574257425743,0.40526933953364414
280.27722772277224,0.3927486567506868
280.2970297029703,0.38053842345324956
280.3168316831683,0.3687385084344232
280.33663366336634,0.3574577246861361
280.3564356435644,0.3468135680624837
280.3762376237624,0.3369313343818584
280.3960396039604,0.327942399658421
280.4158415841584,0.31998145927856086
280.43564356435644,0.31318258882275685
280.45544554455444,0.30767413192651993
280.4752475247525,0.3035726429270246
280.49504950495054,0.3009763854482795
280.5148514851485,0.299959142421623
280.53465346534654,0.30056522887306497
280.55445544554453,0.30280652742156644
280.5742574257426,0.3066620633456751
280.5940594059406,0.3120801727339207
280.61386138613864,0.31898283986624665
280.63366336633663,0.3272714407566645
280.65346534653463,0.33683301441811064
280.6732673267327,0.3475462820328142
280.6930693069307,0.3592868665987292
280.71287128712873,0.371931433076018
280.73267326732673,0.3853606970229386
280.7524752475247,0.39946140367635685
280.7722772277228,0.41412745848633975
280.7920792079208,0.42926041157063494
280.81188118811883,0.4447694843043158
280.83168316831683,0.4605712948927582
280.8514851485149,0.47658940393442567
280.8712871287129,0.49275376774783164
280.8910891089109,0.5090001596887541
280.91089108910893,0.5252695984629467
280.9306930693069,0.541507806963491
280.950495049505,0.5576647143750566
280.970297029703,0.5736940070817373
280.990099009901,0.5895527293140982
281.009900990099,0.6052009316943674
281.029702970297,0.6206013642975164
281.0495049504951,0.6357192101143345
281.0693069306931,0.6505218545824702
281.0891089108911,0.6649786869398511
281.10891089108907,0.6790609294164338
281.1287128712871,0.6927414906284516
281.1485148514852,0.7059948399183285
281.16831683168317,0.7187968997614709
281.1881188118812,0.731124953718407
281.2079207920792,0.7429575677382225
281.2277227722772,0.7542745229133163
281.2475247524752,0.7650567580450304
281.26732673267327,0.7752863206069438
281.2871287128713,0.7849463248902376
281.3069306930693,0.7940209162857057
281.3267326732674,0.8024952408039754
281.3465346534653,0.8103554190616491
281.36633663366337,0.8175885240690849
281.38613861386136,0.82418256224848
281.4059405940594,0.8301264571903645
281.42574257425747,0.8354100357250651
281.44554455445547,0.8400240159442637
281.46534653465346,0.8439599968585297
281.48514851485146,0.8472104494203893
281.5049504950495,0.8497687086803128
281.5247524752475,0.8516289668762024
281.54455445544556,0.8527862672855511
281.5643564356436,0.8532364986953944
281.58415841584156,0.8529763903672543
281.6039603960396,0.852003507395076
281.6237623762376,0.8503162463723563
281.64356435643566,0.8479138313018345
281.66336633663366,0.8447963096971374
281.6831683168317,0.8409645488410641
281.7029702970297,0.8364202321802862
281.7227722772277,0.8311658558514072
281.74257425742576,0.8252047253490177
281.76237623762376,0.8185409523626647
281.7821782178218,0.811179451828054
281.8019801980198,0.8031259392574801
281.8217821782178,0.7943869284372876
281.84158415841586,0.7849697296065968
281.86138613861385,0.7748824482622023
281.8811881188119,0.7641339847717867
281.9009900990099,0.7527340350220102
281.92079207920796,0.7406930923825976
281.94059405940595,0.7280224513348899
281.96039603960395,0.7147342131967617
281.980198019802,0.7008412944810465
282.0,0.6863574385570415
282.01980198019805,0.6712972314539489
282.03960396039605,0.6556761228620381
282.05940594059405,0.6395104536678987
282.0792079207921,0.6228174917261442
282.0990099009901,0.6056154780501555
282.11881188118815,0.5879236862408911
282.13861386138615,0.5697624988219758
282.1584158415842,0.5511535052938622
282.17821782178214,0.5321196282746926
282.1980198019802,0.5126852862291662
282.21782178217825,0.4928766042425635
282.23762376237624,0.47272168843302975
282.2574257425743,0.4522509854435391
282.2772277227723,0.4314977568105909
282.2970297029703,0.41049871007152455
282.3168316831683,0.38929484607204884
282.33663366336634,0.36793260785426635
282.3564356435644,0.3464654549857573
282.3762376237624,0.3249560446295624
282.39603960396045,0.303479286445505
282.4158415841584,0.2821266655128213
282.43564356435644,0.26101241114553403
282.45544554455444,0.24028233943710126
282.4752475247525,0.22012648949096564
282.49504950495054,0.20079686542822558
282.51485148514854,0.18263120891850756
282.53465346534654,0.1660814698038164
282.55445544554453,0.15173877885337667
282.5742574257426,0.14033181170572698
282.5940594059406,0.13265593539256387
282.61386138613864,0.12939563606216556
282.6336633663367,0.13088202746210104
282.65346534653463,0.13694436678040975
282.6732673267327,0.14698673601515094
282.6930693069307,0.1602199604747862
282.71287128712873,0.17587360592833692
282.73267326732673,0.19330196677693584
282.7524752475248,0.21200400705141226
282.7722772277228,0.23160368832633207
282.7920792079208,0.2518209365759735
282.81188118811883,0.27244565403490056
282.83168316831683,0.29331778180061746
282.8514851485149,0.31431294038334023
282.8712871287129,0.3353323465437152
282.8910891089109,0.3562957823370606
282.91089108910893,0.3771366803493772
282.9306930693069,0.3977986627129156
282.950495049505,0.4182330798008998
282.970297029703,0.4383972407371901
282.99009900990103,0.4582531271049949
283.00990099009897,0.47776644775536625
283.029702970297,0.4969059371175406
283.0495049504951,0.5156428293084765
283.0693069306931,0.533950460570302
283.0891089108911,0.5518039663820776
283.1089108910891,0.5691800491247527
283.1287128712871,0.5860567988240583
283.1485148514851,0.6024135541779516
283.16831683168317,0.6182307944086577
283.1881188118812,0.6334900548764769
283.2079207920792,0.6481738611335581
283.2277227722773,0.6622656773725117
283.2475247524752,0.6757498661693092
283.26732673267327,0.688611657124861
283.28712871287127,0.7008371225406149
283.3069306930693,0.7124131586661672
283.3267326732674,0.723327471364796
283.34653465346537,0.7335685652803202
283.36633663366337,0.7431257357726625
283.38613861386136,0.7519890630336882
283.4059405940594,0.760149407907922
283.4257425742574,0.7675984090328557
283.44554455445547,0.7743284809849506
283.4653465346535,0.7803328131752693
283.48514851485146,0.785605369285274
283.5049504950495,0.7901408870713357
283.5247524752475,0.793934878398133
283.54455445544556,0.796983629386978
283.56435643564356,0.799284200587376
283.5841584158416,0.800834427098675
283.6039603960396,0.8016329185852503
283.6237623762376,0.8016790591427505
283.64356435643566,0.8009730069863261
283.66336633663366,0.7995156939436179
283.6831683168317,0.7973088247470509
283.7029702970297,0.7943548761312026
283.7227722772277,0.7906570957527873
283.74257425742576,0.7862195009627359
283.76237623762376,0.7810468774731877
283.7821782178218,0.7751447779763923
283.8019801980198,0.7685195207892233
283.82178217821786,0.7611781886157242
283.8415841584158,0.7531286275424518
283.86138613861385,0.7443794464077491
283.8811881188119,0.7349400167180699
283.9009900990099,0.7248204733229764
283.92079207920796,0.714031716108426
283.9405940594059,0.7025854130265152
283.96039603960395,0.6904940048537747
283.98019801980195,0.6777707121622633
284.0,0.6644295451051634
284.01980198019805,0.650485316767546
284.03960396039605,0.6359536610251983
284.05940594059405,0.620851056102152
284.07920792079204,0.605194855341554
284.0990099009901,0.5890033271292142
284.1188118811881,0.5722957064723586
284.13861386138615,0.5550922614879049
284.1584158415842,0.537414379067756
284.17821782178214,0.5192846753659057
284.1980198019802,0.5007271386432582
284.2178217821782,0.48176731462806
284.23762376237624,0.4624325482230357
284.25742574257424,0.4427523005923083
284.2772277227723,0.4227585681097428
284.2970297029703,0.40248644043596443
284.3168316831683,0.3819748507853632
284.33663366336634,0.36126759482558757
284.35643564356434,0.3404147296099755
284.3762376237624,0.31947451663745013
284.3960396039604,0.29851615293494066
284.4158415841584,0.27762365471303174
284.43564356435644,0.25690143813255906
284.45544554455444,0.2364824003860104
284.4752475247525,0.21653964319511454
284.4950495049505,0.19730332010502352
284.51485148514854,0.1790840827050708
284.53465346534654,0.162303179845618
284.55445544554453,0.14752379812561756
284.5742574257426,0.13546423340353414
284.5940594059406,0.1269499915341596
284.61386138613864,0.122752111398761
284.63366336633663,0.1233244794368802
284.65346534653463,0.12859743809790797
284.6732673267327,0.13801125919202742
284.6930693069307,0.15075716435885705
284.71287128712873,0.1660242035621124
284.73267326732673,0.18312977558100085
284.7524752475248,0.20154721321472444
284.7722772277227,0.2208850385403813
284.7920792079208,0.24085474885376906
284.81188118811883,0.2612420895067948
284.83168316831683,0.2818852788738007
284.8514851485149,0.3026595363169906
284.8712871287129,0.32346635889533143
284.8910891089109,0.3442261330865006
284.9108910891089,0.3648730254260052
284.9306930693069,0.3853514186887235
284.950495049505,0.4056133988483683
284.970297029703,0.42561696196820187
284.99009900990103,0.445324719499251
285.00990099009897,0.4647029526674581
285.029702970297,0.4837209143360529
285.049504950495,0.5023503084299048
285.0693069306931,0.5205648982575053
285.0891089108911,0.5383402094565098
285.1089108910891,0.5556533031419804
285.1287128712871,0.572482601659506
285.1485148514851,0.5888077541231772
285.16831683168317,0.6046095323015547
285.18811881188117,0.6198697498353952
285.2079207920792,0.6345711995215357
285.2277227722773,0.6486976046753982
285.2475247524752,0.662233581527082
285.26732673267327,0.6751646103071018
285.28712871287127,0.6874770132041408
285.3069306930693,0.6991579377756051
285.3267326732673,0.7101953446959043
285.34653465346537,0.7205779989614242
285.36633663366337,0.7302954638527385
285.38613861386136,0.739338097096577
285.4059405940594,0.7476970487821771
285.4257425742574,0.7553642606755144
285.44554455445547,0.7623324666468929
285.46534653465346,0.7685951939849754
285.48514851485146,0.7741467654185343
285.5049504950495,0.7789823017066209
285.5247524752475,0.7830977246917681
285.54455445544556,0.7864897607397168
285.56435643564356,0.7891559445148922
285.5841584158416,0.7910946230641152
285.6039603960396,0.7923049602025388
285.6237623762376,0.7927869412166567
285.64356435643566,0.7925413779197445
285.66336633663366,0.7915699141160403
285.6831683168317,0.789875031551932
285.7029702970297,0.7874600564561774
285.7227722772277,0.7843291667970749
285.74257425742576,0.780487400413614
285.76237623762376,0.7759406642109563
285.7821782178218,0.7706957446483487
285.8019801980198,0.7647603197922511
285.82178217821786,0.758142973259138
285.8415841584158,0.7508532104338833
285.86138613861385,0.742901477422609
285.8811881188119,0.7342991832855067
285.9009900990099,0.7250587261998546
285.92079207920796,0.7151935243284778
285.94059405940595,0.7047180523209239
285.96039603960395,0.693647884558011
285.98019801980195,0.6819997464738105
286.0,0.6697915755610788
286.01980198019805,0.6570425939982001
286.03960396039605,0.6437733952418423
286.0594059405941,0.6300060474267442
286.07920792079204,0.6157642170232547
286.0990099009901,0.6010733169490348
286.1188118811881,0.5859606842429975
286.13861386138615,0.5704557935202161
286.1584158415842,0.5545905137722891
286.1782178217822,0.5383994176928476
286.1980198019802,0.5219201546213932
286.2178217821782,0.5051939004157279
286.23762376237624,0.48826590004670534
286.25742574257424,0.47118612133410465
286.2772277227723,0.4540100407256216
286.29702970297035,0.4367995838057982
286.3168316831683,0.41962424328680364
286.33663366336634,0.4025623938076748
286.35643564356434,0.3857028130167422
286.3762376237624,0.3691463974900086
286.3960396039604,0.3530080231222749
286.41584158415844,0.3374184332371301
286.43564356435644,0.3225259325759268
286.45544554455444,0.3084975121244771
286.4752475247525,0.2955188296439178
286.4950495049505,0.28379225254889034
286.51485148514854,0.2735320139253509
286.53465346534654,0.2649555904525002
286.55445544554453,0.2582708858690729
286.5742574257426,0.2536598436518887
286.5940594059406,0.2512606067066273
286.61386138613864,0.2511517404864503
286.63366336633663,0.2533424664890072
286.6534653465347,0.25777168421651014
286.6732673267326,0.26431605930473007
286.6930693069307,0.2728048174256446
286.71287128712873,0.28303740226454377
286.73267326732673,0.29480030302947985
286.7524752475248,0.3078806330612569
286.7722772277228,0.32207556728475717
286.7920792079208,0.33719789041555787
286.8118811881188,0.353078484216815
286.83168316831683,0.36956670593320606
286.8514851485149,0.38652948404150805
286.8712871287129,0.40384974549663144
286.89108910891093,0.4214245834939242
286.9108910891089,0.439163413082039
286.9306930693069,0.45698624882364997
286.9504950495049,0.4748221660206985
286.970297029703,0.492607963678461
286.99009900990103,0.5102870235507319
287.009900990099,0.5278083479381664
287.029702970297,0.5451257544018396
287.049504950495,0.5621972050001051
287.0693069306931,0.5789842491104594
287.08910891089107,0.5954515612197623
287.1089108910891,0.6115665576267244
287.1287128712872,0.6272990784723115
287.1485148514851,0.6426211237467613
287.16831683168317,0.6575066338618268
287.18811881188117,0.6719313070238415
287.2079207920792,0.6858724470186681
287.2277227722772,0.6993088361583517
287.2475247524753,0.7122206290748849
287.26732673267327,0.7245892638134417
287.28712871287127,0.7363973873034875
287.3069306930693,0.7476287927985349
287.3267326732673,0.7582683672928959
287.34653465346537,0.7683020472661516
287.36633663366337,0.7777167813857581
287.38613861386136,0.7865004990285515
287.4059405940594,0.7946420836706997
287.4257425742574,0.8021313503520253
287.44554455445547,0.8089590265496519
287.46534653465346,0.8151167359034491
287.4851485148515,0.8205969843250254
287.50495049504946,0.8253931480972166
287.5247524752475,0.8294994636338731
287.54455445544556,0.8329110186234414
287.56435643564356,0.8356237443249397
287.5841584158416,0.8376344088245096
287.6039603960396,0.8389406110941452
287.6237623762376,0.8395407757240931
287.6435643564356,0.8394341482268437
287.66336633663366,0.8386207908343158
287.6831683168317,0.8371015787316971
287.7029702970297,0.8348781966921217
287.72277227722776,0.8319531360959006
287.7425742574257,0.8283296923377151
287.76237623762376,0.8240119626447525
287.78217821782175,0.8190048443495219
287.8019801980198,0.813314033682647
287.82178217821786,0.8069460251752404
287.84158415841586,0.7999081117866912
287.86138613861385,0.7922083859041884
287.88118811881185,0.7838557413949111
287.9009900990099,0.7748598769325162
287.9207920792079,0.765231300867337
287.94059405940595,0.754981337967027
287.960396039604,0.7441221384226198
287.98019801980195,0.7326666895983245
288.0,0.7206288311039364
288.019801980198,0.7080232738929871
288.03960396039605,0.6948656242415814
288.05940594059405,0.681172413651938
288.0792079207921,0.6669611359590057
288.0990099009901,0.6522502932119281
288.1188118811881,0.6370594522704113
288.13861386138615,0.6214093145206164
288.15841584158414,0.6053218017038134
288.1782178217822,0.5888201615996361
288.1980198019802,0.5719290982620197
288.2178217821782,0.5546749327309906
288.23762376237624,0.5370858017179814
288.25742574257424,0.5191919037901328
288.2772277227723,0.5010258051930674
288.2970297029703,0.48262282081963953
288.31683168316835,0.4640214901586466
288.33663366336634,0.4452641735798692
288.35643564356434,0.4263978012782487
288.3762376237624,0.4074748158106866
288.3960396039604,0.3885543594312099
288.41584158415844,0.36970376891928675
288.43564356435644,0.3510004518312269
288.45544554455444,0.33253422553347517
288.4752475247525,0.31441019644140433
288.4950495049505,0.2967522267902699
288.51485148514854,0.27970695305911125
288.53465346534654,0.2634481388697378
288.5544554455446,0.248180800060733
288.57425742574253,0.23414395757068854
288.5940594059406,0.2216100322252132
288.61386138613864,0.2108779660045167
288.63366336633663,0.2022567315636177
288.6534653465347,0.19603711460175235
288.6732673267327,0.19245367909873987
288.6930693069307,0.19164519147628828
288.7128712871287,0.19362678086864477
288.73267326732673,0.19828545003192458
288.7524752475248,0.2054010838413602
288.7722772277228,0.2146840158507131
288.79207920792084,0.22581539788807242
288.8118811881188,0.2384797470418759
288.83168316831683,0.25238559029016583
288.8514851485148,0.2672752789895974
288.8712871287129,0.28292721619406225
288.89108910891093,0.2991537454488134
288.91089108910893,0.315797077777445
288.9306930693069,0.332724698748777
288.9504950495049,0.34982500214764706
288.970297029703,0.36700346554095165
288.990099009901,0.3841794480178694
289.009900990099,0.40128357769073103
289.0297029702971,0.4182556520180466
289.049504950495,0.4350429640210594
289.0693069306931,0.4515989730933555
289.08910891089107,0.4678822504953404
289.1089108910891,0.48385564203511156
289.1287128712871,0.49948560182043455
289.1485148514852,0.5147416606266062
289.16831683168317,0.5295960002884536
289.18811881188117,0.54402311177687
289.2079207920792,0.5579995195220405
289.2277227722772,0.5715035583612443
289.2475247524753,0.584515192446789
289.26732673267327,0.5970158677409722
289.28712871287127,0.6089883915005341
289.3069306930693,0.620416833532041
289.3267326732673,0.6312864450734204
289.34653465346537,0.6415835919959855
289.36633663366337,0.6512956996793486
289.3861386138614,0.6604112074302411
289.4059405940594,0.668919530726234
289.4257425742574,0.676811029891687
289.44554455445547,0.6840769840735224
289.46534653465346,0.6907095695935719
289.4851485148515,0.6967018419231822
289.5049504950495,0.7020477206626843
289.5247524752475,0.7067419770203154
289.54455445544556,0.7107802233774794
289.56435643564356,0.7141589046034525
289.5841584158416,0.7168752908468222
289.6039603960396,0.7189274715849733
289.62376237623766,0.7203143507595492
289.6435643564356,0.7210356428661231
289.66336633663366,0.7210918699025141
289.6831683168317,0.7204843591125956
289.7029702970297,0.7192152414929669
289.72277227722776,0.7172874510588514
289.74257425742576,0.7147047248942746
289.76237623762376,0.7114716040405862
289.78217821782175,0.7075934353077421
289.8019801980198,0.7030763741253081
289.82178217821786,0.697927388585958
289.84158415841586,0.692154264873989
289.8613861386139,0.6857656143173997
289.88118811881185,0.6787708823544034
289.9009900990099,0.6711803597672783
289.9207920792079,0.6630051966089746
289.94059405940595,0.654257419334779
289.960396039604,0.6449499517551297
289.980198019802,0.6350966405506938
290.0,0.6247122862423657
290.019801980198,0.6138126806930269
290.03960396039605,0.6024146524424014
290.05940594059405,0.5905361214516255
290.0792079207921,0.5781961651714336
290.09900990099015,0.565415098263186
290.1188118811881,0.5522145688132881
290.13861386138615,0.5386176745120513
290.15841584158414,0.5246491030449163
290.1782178217822,0.5103353019006036
290.1980198019802,0.49570468397337747
290.21782178217825,0.48078787676798296
290.23762376237624,0.46561802474463004
290.25742574257424,0.4502311564013097
290.2772277227723,0.43466663008834366
290.2970297029703,0.41896767523951395
290.31683168316835,0.40318204853259454
290.33663366336634,0.3873628271103215
290.35643564356434,0.3715693627022805
290.3762376237624,0.3558684199978505
290.3960396039604,0.34033551766536285
290.41584158415844,0.325056477211817
290.43564356435644,0.3101291574326847
290.4554455445545,0.29566530162905874
290.47524752475243,0.2817923392039339
290.4950495049505,0.2686548496642797
290.51485148514854,0.2564152075526251
290.53465346534654,0.2452526931481429
290.5544554455446,0.23536013265942116
290.5742574257426,0.22693705523703658
290.5940594059406,0.2201786375734082
290.6138613861386,0.21526057538673787
290.63366336633663,0.2123215058294395
290.6534653465347,0.21144627588149742
290.6732673267327,0.21265427822087102
290.69306930693074,0.21589633474790945
290.7128712871287,0.22106114795878304
290.73267326732673,0.22798932709384948
290.7524752475247,0.23649102823001092
290.7722772277228,0.2463631265160045
290.79207920792084,0.2574031424033557
290.81188118811883,0.2694188497486683
290.83168316831683,0.2822338043039193
290.8514851485148,0.2956896899895617
290.8712871287129,0.30964651463309467
290.8910891089109,0.3239815373304325
290.91089108910893,0.3385875689892628
290.930693069307,0.35337106137566676
290.9504950495049,0.3682502267048307
290.970297029703,0.38315331219082727
290.990099009901,0.3980170809176557
291.009900990099,0.41278550855470586
291.029702970297,0.4274086836572985
291.0495049504951,0.4418418895646458
291.0693069306931,0.4560448429835754
291.08910891089107,0.4699810649827017
291.1089108910891,0.4836173624164628
291.1287128712871,0.4969234006870556
291.1485148514852,0.5098713516775706
291.16831683168317,0.5224356033836755
291.18811881188117,0.534592520129911
291.2079207920792,0.5463202442589905
291.2277227722772,0.5575985318514469
291.2475247524753,0.5684086164062887
291.26732673267327,0.5787330955358295
291.2871287128713,0.5885558366401037
291.30693069306926,0.5978618982670437
291.3267326732673,0.6066374644646138
291.34653465346537,0.6148697899179482
291.36633663366337,0.6225471540596893
291.3861386138614,0.6296588226632062
291.4059405940594,0.636195015690754
291.4257425742574,0.6421468803830727
291.4455445544554,0.6475064687536006
291.46534653465346,0.6522667187954256
291.4851485148515,0.656421438830382
291.5049504950495,0.659965294530079
291.52475247524757,0.6628937982236814
291.5445544554455,0.6652033001790563
291.56435643564356,0.666890981605862
291.58415841584156,0.6679548491828414
291.6039603960396,0.6683937309592682
291.62376237623766,0.6682072735233361
291.64356435643566,0.6673959403701474
291.66336633663366,0.6659610114393119
291.68316831683165,0.663904583829065
291.7029702970297,0.6612295737305136
291.7227722772277,0.6579397196636662
291.74257425742576,0.6540395871373984
291.7623762376238,0.6495345748995819
291.78217821782175,0.6444309229926548
291.8019801980198,0.6387357228857048
291.8217821782178,0.6324569300184789
291.84158415841586,0.6256033791674974
291.86138613861385,0.6181848031334022
291.8811881188119,0.6102118553536845
291.9009900990099,0.6016961371716109
291.9207920792079,0.5926502306442045
291.94059405940595,0.5830877379569457
291.96039603960395,0.5730233287373673
291.980198019802,0.5624727968339577
292.0,0.5514531284625818
292.019801980198,0.5399825840347586
292.03960396039605,0.5280807964886381
292.05940594059405,0.5157688895663125
292.0792079207921,0.5030696202469842
292.0990099009901,0.4900075504849353
292.11881188118815,0.4766092545503603
292.13861386138615,0.46290356966654794
292.15841584158414,0.4489218993159546
292.1782178217822,0.4346985805752806
292.1980198019802,0.4202713291356682
292.21782178217825,0.40568177821100715
292.23762376237624,0.3909761301693663
292.25742574257424,0.3762059420756796
292.2772277227723,0.3614290676977687
292.2970297029703,0.3467107776120179
292.31683168316835,0.332125073617557
292.33663366336634,0.31775620005317934
292.3564356435644,0.3037003270640419
292.37623762376234,0.2900673310169126
292.3960396039604,0.276982514190094
292.41584158415844,0.26458797804640044
292.43564356435644,0.25304318591199604
292.4554455445545,0.2425240350793684
292.4752475247525,0.23321956086998155
292.4950495049505,0.22532534002704444
292.5148514851485,0.21903294338383988
292.53465346534654,0.21451560455737417
292.5544554455446,0.21191163587794853
292.5742574257426,0.21130863548310974
292.59405940594064,0.21273235731602685
292.6138613861386,0.21614344635199806
292.63366336633663,0.22144303280484057
292.65346534653463,0.22848545390227848
292.6732673267327,0.23709454469952898
292.69306930693074,0.2470797496387823
292.71287128712873,0.2582494225050645
292.73267326732673,0.27042021425852303
292.7524752475247,0.2834226683456977
292.7722772277228,0.29710379038045864
292.7920792079208,0.3113275235114515
292.81188118811883,0.32597395041335736
292.8316831683169,0.3409378338989428
292.8514851485148,0.35612690215304055
292.8712871287129,0.37146012206395884
292.8910891089109,0.38686609106599607
292.91089108910893,0.4022816059883092
292.9306930693069,0.41765042508138484
292.950495049505,0.43292221652883917
292.970297029703,0.4480516758547211
292.990099009901,0.46299779067017266
293.009900990099,0.4777232309904722
293.029702970297,0.4921938449885757
293.0495049504951,0.5063782424436112
293.0693069306931,0.5202474507000082
293.08910891089107,0.5337746303781228
293.1089108910891,0.5469348402394182
293.1287128712871,0.559704842469863
293.1485148514852,0.5720629412103009
293.16831683168317,0.5839888484612064
293.1881188118812,0.5954635725565665
293.2079207920792,0.6064693252740551
293.2277227722772,0.6169894443594504
293.2475247524753,0.6270083288215246
293.26732673267327,0.6365113848235104
293.2871287128713,0.645484980379966
293.3069306930693,0.653916407379194
293.3267326732673,0.6617938497059115
293.34653465346537,0.6691063564466366
293.36633663366337,0.6758438193310367
293.3861386138614,0.6819969537026559
293.4059405940594,0.6875572824283598
293.42574257425747,0.6925171222516657
293.4455445544554,0.6968695721749424
293.46534653465346,0.7006085035219379
293.4851485148515,0.7037285513882195
293.5049504950495,0.7062251072340802
293.52475247524757,0.708094312414596
293.54455445544556,0.7093330524760346
293.56435643564356,0.7099389520773137
293.58415841584156,0.7099103704211095
293.6039603960396,0.7092463971026114
293.62376237623766,0.7079468483040563
293.64356435643566,0.7060122632829067
293.6633663366337,0.7034439011189692
293.68316831683165,0.7002437377032981
293.7029702970297,0.6964144629688671
293.7227722772277,0.6919594783806842
293.74257425742576,0.6868828947211756
293.7623762376238,0.6811895302270496
293.7821782178218,0.6748849091557203
293.8019801980198,0.6679752608847168
293.8217821782178,0.6604675196764735
293.84158415841586,0.6523693252752722
293.86138613861385,0.6436890245439407
293.8811881188119,0.6344356743973465
293.90099009900996,0.6246190463499268
293.9207920792079,0.6142496330691081
293.94059405940595,0.603338657418468
293.96039603960395,0.5918980845906021
293.980198019802,0.5799406380751649
294.0,0.5674798203933799
294.019801980198,0.5545299397673571
294.03960396039605,0.5411061441982468
294.05940594059405,0.5272244648239898
294.0792079207921,0.5129018709457235
294.0990099009901,0.4981563397942885
294.11881188118815,0.483006945013657
294.1386138613861,0.4674739690476101
294.15841584158414,0.45157904624637235
294.1782178217822,0.43534534572312883
294.1980198019802,0.4187978060204641
294.21782178217825,0.40196343782812943
294.23762376237624,0.38487171680871857
294.25742574257424,0.36755509673413955
294.27722772277224,0.3500496846222497
294.2970297029703,0.33239613583727684
294.31683168316835,0.31464085023329263
294.33663366336634,0.2968375831900222
294.3564356435644,0.27904963143528266
294.37623762376234,0.2613528168494462
294.3960396039604,0.24383957450172325
294.4158415841584,0.22662454940042237
294.43564356435644,0.20985219351146073
294.4554455445545,0.19370684733993676
294.4752475247525,0.17842547402836523
294.4950495049505,0.16431211224292946
294.5148514851485,0.1517503687523818
294.53465346534654,0.1412049324310761
294.55445544554453,0.13319596513394574
294.5742574257426,0.1282283136613846
294.59405940594064,0.12667577866531063
294.6138613861386,0.12866393774478146
294.63366336633663,0.1340243550620689
294.65346534653463,0.14235433257251093
294.6732673267327,0.15313835021724204
294.6930693069307,0.16585908970694413
294.71287128712873,0.18006117904521662
294.73267326732673,0.1953717506787143
294.7524752475247,0.21149648119681444
294.7722772277228,0.22820634562122177
294.7920792079208,0.24532320147890424
294.81188118811883,0.2627073579550258
294.83168316831683,0.28024783039446716
294.8514851485148,0.2978550309442406
294.8712871287129,0.3154553949311785
294.8910891089109,0.33298745829733706
294.91089108910893,0.3503989939900219
294.9306930693069,0.3676449127207008
294.950495049505,0.38468571419450315
294.9702970297029,0.40148633582998783
294.990099009901,0.41801529009735694
295.009900990099,0.4342440129280434
295.029702970297,0.4501463677250013
295.0495049504951,0.465698265045434
295.0693069306931,0.48087736900111133
295.08910891089107,0.4956628692098323
295.10891089108907,0.5100353026952571
295.1287128712871,0.5239764141373379
295.1485148514852,0.5374690457801768
295.16831683168317,0.5504970504285152
295.1881188118812,0.5630452225297984
295.20792079207916,0.575099243502243
295.2277227722772,0.5866456383406977
295.2475247524752,0.5976717411894088
295.26732673267327,0.6081656680709023
295.2871287128713,0.6181162953428886
295.3069306930693,0.6275132427503918
295.3267326732673,0.6363468601696735
295.3465346534653,0.6446082173198365
295.36633663366337,0.6522890958592733
295.38613861386136,0.6593819833959763
295.4059405940594,0.6658800690303891
295.42574257425747,0.6717772401211197
295.4455445544554,0.6770680800223989
295.46534653465346,0.6817478665898351
295.48514851485146,0.6858125712903675
295.5049504950495,0.6892588587853077
295.5247524752475,0.6920840868832654
295.54455445544556,0.694286306783719
295.56435643564356,0.6958642635528995
295.58415841584156,0.6968173967924735
295.6039603960396,0.6971458414787458
295.6237623762376,0.6968504289661543
295.64356435643566,0.6959326881645563
295.66336633663366,0.6943948469153972
295.68316831683165,0.6922398336077349
295.7029702970297,0.6894712790921528
295.7227722772277,0.6860935189685831
295.74257425742576,0.6821115963442487
295.76237623762376,0.6775312651804953
295.7821782178218,0.6723589943729232
295.8019801980198,0.6666019727391641
295.8217821782178,0.6602681151230303
295.84158415841586,0.6533660698651381
295.86138613861385,0.6459052279381932
295.8811881188119,0.6378957341035538
295.9009900990099,0.6293485005150217
295.9207920792079,0.6202752232803689
295.94059405940595,0.6106884025927892
295.96039603960395,0.6006013671692801
295.980198019802,0.590028303884773
296.0,0.5789842936778858
296.01980198019805,0.5674853550342046
296.039603960396,0.5555484966376486
296.05940594059405,0.5431917811331649
296.0792079207921,0.5304344023826965
296.0990099009901,0.5172967791428986
296.11881188118815,0.5038006687752709
296.13861386138615,0.48996930545175416
296.15841584158414,0.475827568383956
296.17821782178214,0.4614021869327115
296.1980198019802,0.4467219911070602
296.21782178217825,0.431818218003643
296.23762376237624,0.41672488723511764
296.2574257425743,0.40147926140168516
296.27722772277224,0.38612241117942414
296.2970297029703,0.37069990854019286
296.3168316831683,0.35526267567947767
296.33663366336634,0.33986802072088323
296.3564356435644,0.32458089278833746
296.3762376237624,0.3094753859598179
296.3960396039604,0.2946365092727394
296.4158415841584,0.2801622105092058
296.43564356435644,0.26616558265904544
296.45544554455444,0.2527770762482781
296.4752475247525,0.24014636724345195
296.49504950495054,0.22844327334740386
296.5148514851485,0.2178567832257888
296.53465346534654,0.2085909456861963
296.55445544554453,0.2008562649956336
296.5742574257426,0.19485570728918847
296.5940594059406,0.1907657829405187
296.61386138613864,0.18871539208474505
296.63366336633663,0.188767347759501
296.65346534653463,0.1909081583833354
296.6732673267327,0.1950496191746461
296.6930693069307,0.20104169229977092
296.71287128712873,0.20869238453799457
296.73267326732673,0.21778894413835728
296.7524752475247,0.22811588246733783
296.7722772277228,0.2394676983930597
296.7920792079208,0.25165626611371866
296.81188118811883,0.2645139870448227
296.83168316831683,0.2778940977399152
296.8514851485149,0.29166934073776946
296.8712871287129,0.30572986414067554
296.8910891089109,0.3199808940358996
296.91089108910893,0.3343404830416334
296.9306930693069,0.3487374804085482
296.950495049505,0.3631097753537339
296.970297029703,0.37740281459129243
296.990099009901,0.39156837069997485
297.009900990099,0.40556352868141843
297.029702970297,0.4193498567295121
297.0495049504951,0.4328927297012733
297.0693069306931,0.4461607777551375
297.0891089108911,0.4591254369062054
297.10891089108907,0.4717605822694468
297.1287128712871,0.48404222828943166
297.1485148514852,0.49594828323460977
297.16831683168317,0.5074583476921944
297.1881188118812,0.5185535487999385
297.2079207920792,0.5292164035637289
297.2277227722772,0.5394307059041646
297.2475247524752,0.5491814331107048
297.26732673267327,0.5584546682101854
297.2871287128713,0.5672375354186147
297.3069306930693,0.5755181463759296
297.3267326732674,0.5832855552891313
297.3465346534653,0.5905297214520104
297.36633663366337,0.59724147788639
297.38613861386136,0.6034125050739563
297.4059405940594,0.6090353089301935
297.42574257425747,0.6141032023207244
297.44554455445547,0.618610289542846
297.46534653465346,0.6225514532957788
297.48514851485146,0.6259223437471655
297.5049504950495,0.6287193693732959
297.5247524752475,0.6309396893098936
297.54455445544556,0.632581207000645
297.5643564356436,0.6336425649742821
297.58415841584156,0.634123140619153
297.6039603960396,0.6340230428583075
297.6237623762376,0.6333431096591722
297.64356435643566,0.6320849063406874
297.66336633663366,0.6302507246688502
297.6831683168317,0.6278435827585269
297.7029702970297,0.6248672258276491
297.7227722772277,0.6213261278784842
297.74257425742576,0.6172254944120478
297.76237623762376,0.6125712663156427
297.7821782178218,0.6073701251018739
297.8019801980198,0.6016294997207995
297.8217821782178,0.5953575752173752
297.84158415841586,0.5885633035651828
297.86138613861385,0.5812564170768093
297.8811881188119,0.5734474448743025
297.9009900990099,0.5651477330020791
297.92079207920796,0.5563694688846667
297.9405940594059,0.547125710976462
297.96039603960395,0.537430424627299
297.980198019802,0.527298525402977
298.0,0.5167459313641855
298.01980198019805,0.5057896261310815
298.03960396039605,0.4944477349602763
298.05940594059405,0.4827396165522947
298.07920792079204,0.4706859739139559
298.0990099009901,0.45830898834690326
298.11881188118815,0.4456324815519471
298.13861386138615,0.43268211196311945
298.1584158415842,0.41948561279340063
298.17821782178214,0.4060730809188157
298.1980198019802,0.3924773276733514
298.2178217821782,0.37873430486525816
298.23762376237624,0.3648836217868167
298.2574257425743,0.35096917148523576
298.2772277227723,0.3370398866833746
298.2970297029703,0.3231506466986994
298.3168316831683,0.30936335507932583
298.33663366336634,0.29574820100179233
298.35643564356434,0.28238510172767184
298.3762376237624,0.26936529235520795
298.39603960396045,0.2567929737831861
298.4158415841584,0.24478683895357048
298.43564356435644,0.23348116024130905
298.45544554455444,0.22302593489900102
298.4752475247525,0.21358537321048615
298.4950495049505,0.20533384841320784
298.51485148514854,0.19844845560924146
298.53465346534654,0.19309775661397663
298.55445544554453,0.18942728083541038
298.5742574257426,0.18754380496223
298.5940594059406,0.18750177713505486
298.61386138613864,0.18929557947853742
298.63366336633663,0.19286002729664642
298.65346534653463,0.1980789676439309
298.6732673267327,0.2047993735198502
298.6930693069307,0.2128471896599294
298.71287128712873,0.2220416520034874
298.73267326732673,0.2322062025754215
298.7524752475248,0.24317555656458456
298.7722772277227,0.2547994215622721
298.7920792079208,0.2669437517498405
298.81188118811883,0.2794904183184025
298.83168316831683,0.29233599851727754
298.8514851485149,0.30539017052054546
298.8712871287129,0.31857401722513
298.8910891089109,0.3318184082316731
298.9108910891089,0.3450625416035159
298.9306930693069,0.35825267419632767
298.950495049505,0.37134104008535224
298.970297029703,0.38428494207725583
298.99009900990103,0.3970459954000513
299.00990099009897,0.4095895015260323
299.029702970297,0.4218839313440337
299.049504950495,0.4339004992004918
299.0693069306931,0.4456128119315293
299.0891089108911,0.45699657953163486
299.1089108910891,0.4680293763769384
299.1287128712871,0.4786904438844414
299.1485148514851,0.4889605271421487
299.16831683168317,0.4988217394155733
299.18811881188117,0.5082574495606809
299.2079207920792,0.5172521882900494
299.2277227722773,0.5257915699837018
299.2475247524752,0.533862227339659
299.26732673267327,0.5414517566485392
299.28712871287127,0.5485486718729962
299.3069306930693,0.5551423660349895
299.3267326732673,0.5612230786754758
299.34653465346537,0.5667818683648193
299.36633663366337,0.571810589416697
299.38613861386136,0.5763018721013862
299.4059405940594,0.5802491057722234
299.4257425742574,0.5836464244162168
299.44554455445547,0.5864886942207934
299.46534653465346,0.5887715028159098
299.48514851485146,0.5904911499072889
299.5049504950495,0.5916446390644581
299.5247524752475,0.5922296704677974
299.54455445544556,0.5922446344539302
299.56435643564356,0.5916886057292926
299.5841584158416,0.5905613381486109
299.6039603960396,0.5888632599794682
299.6237623762376,0.5865954695965182
299.64356435643566,0.5837597315700226
299.66336633663366,0.5803584731340725
299.6831683168317,0.5763947810407388
299.7029702970297,0.5718723988275621
299.7227722772277,0.5667957245493653
299.74257425742576,0.5611698090503537
299.76237623762376,0.555000354881645
299.7821782178218,0.5482937160028748
299.8019801980198,0.5410568984459326
299.82178217821786,0.5332975621669117
299.8415841584158,0.5250240243704274
299.86138613861385,0.5162452646624308
299.8811881188119,0.5069709324776429
299.9009900990099,0.4972113573407121
299.92079207920796,0.4869775626645883
299.94059405940595,0.47628128397383873
299.96039603960395,0.4651349926796767
299.98019801980195,0.4535519268441301
300.0,0.4415461307794288
300.01980198019805,0.4291325058694363
300.03960396039605,0.416326875722352
300.0594059405941,0.4031460697366308
300.07920792079204,0.38960803048464043
300.0990099009901,0.3757319521317973
300.1188118811881,0.3615384596206429
300.13861386138615,0.34704984186019516
300.1584158415842,0.3322903571193041
300.1782178217822,0.3172866358929445
300.1980198019802,0.30206821669080797
300.2178217821782,0.28666826498915254
300.23762376237624,0.2711245472485453
300.25742574257424,0.25548076380305096
300.2772277227723,0.23978839150350262
300.29702970297035,0.22410925612309168
300.3168316831683,0.20851915429034243
300.33663366336634,0.19311298273643496
300.35643564356434,0.17801200554342872
300.3762376237624,0.16337405286932408
300.3960396039604,0.14940742917876468
300.41584158415844,0.1363886351424503
300.43564356435644,0.12468154705606062
300.45544554455444,0.11474948054337937
300.4752475247525,0.10714036391762612
300.4950495049505,0.10241567966082361
300.51485148514854,0.10101038307713048
300.53465346534654,0.10307567938048767
300.55445544554453,0.10841521675084112
300.5742574257426,0.11656977063245526
300.5940594059406,0.12697800374281898
300.61386138613864,0.13910673193859394
300.63366336633663,0.15251138731075095
300.6534653465347,0.16684503035378634
300.6732673267327,0.18184447140655188
300.6930693069307,0.19731120094049934
300.71287128712873,0.2130943721403031
300.73267326732673,0.2290776247946888
300.7524752475248,0.24516947664740943
300.7722772277228,0.26129648891310275
300.7920792079208,0.27739844200665004
300.81188118811883,0.2934249252736381
300.83168316831683,0.3093329110871185
300.8514851485149,0.3250850140175873
300.8712871287129,0.3406482292505293
300.89108910891093,0.35599300899822683
300.9108910891089,0.3710925795957045
300.9306930693069,0.3859224317659263
300.950495049505,0.4004599367925771
300.970297029703,0.4146840551899825
300.99009900990103,0.42857511400891213
301.009900990099,0.44211463556124053
301.029702970297,0.4552852050136404
301.049504950495,0.46807036761190696
301.0693069306931,0.480454548670001
301.0891089108911,0.4924229911738338
301.1089108910891,0.5039617071031157
301.1287128712872,0.5150574394978766
301.1485148514851,0.5256976329826824
301.16831683168317,0.535870410976205
301.18811881188117,0.545564558202869
301.2079207920792,0.554769507419357
301.2277227722773,0.563475329496632
301.2475247524753,0.5716727261738108
301.26732673267327,0.5793530249375225
301.28712871287127,0.5865081755880306
301.3069306930693,0.5931307481383998
301.3267326732673,0.5992139317610671
301.34653465346537,0.6047515345503514
301.3663366336634,0.6097379839140428
301.38613861386136,0.6141683274428874
301.4059405940594,0.6180382341370535
301.4257425742574,0.621343995893528
301.44554455445547,0.6240825291796706
301.46534653465346,0.626251376836617
301.4851485148515,0.6278487099726147
301.5049504950495,0.6288733299206817
301.5247524752475,0.6293246702490857
301.54455445544556,0.6292027988258035
301.56435643564356,0.628508419951059
301.5841584158416,0.6272428765850261
301.6039603960396,0.6254081527112318
301.6237623762376,0.6230068758907588
301.64356435643566,0.6200423200781655
301.66336633663366,0.6165184087877763
301.6831683168317,0.6124397187192722
301.7029702970297,0.6078114839744981
301.72277227722776,0.6026396010249984
301.7425742574257,0.5969306346211334
301.76237623762376,0.5906918248722566
301.7821782178218,0.583931095772321
301.8019801980198,0.5766570655002772
301.82178217821786,0.5688790588907917
301.84158415841586,0.5606071225513339
301.86138613861385,0.551852043200393
301.88118811881185,0.5426253699225683
301.9009900990099,0.5329394411860834
301.92079207920796,0.5228074176533322
301.94059405940595,0.5122433220460063
301.960396039604,0.5012620876149826
301.98019801980195,0.4898796171267237
302.0,0.4781128547344747
302.019801980198,0.4659798736786409
302.03960396039605,0.45349998349195725
302.0594059405941,0.44069386131452026
302.0792079207921,0.4275837131082381
302.0990099009901,0.41419347207077384
302.1188118811881,0.4005490434757846
302.13861386138615,0.3866786076174805
302.15841584158414,0.3726129956418857
302.1782178217822,0.35838615694267345
302.19801980198025,0.3440357416131023
302.2178217821782,0.3296038272402842
302.23762376237624,0.3151378259978122
302.25742574257424,0.3006916150456284
302.2772277227723,0.2863269394131065
302.2970297029703,0.2721151390453776
302.31683168316835,0.25813924501837976
302.33663366336634,0.24449646383413098
302.35643564356434,0.231301005452903
302.3762376237624,0.21868708215651872
302.3960396039604,0.20681167272456424
302.41584158415844,0.19585627058095653
302.43564356435644,0.18602631184535698
302.45544554455444,0.1775464223454045
302.4752475247525,0.17064938132797097
302.4950495049505,0.16555741637161717
302.51485148514854,0.16245677758735283
302.53465346534654,0.16147032368408776
302.5544554455446,0.16263619021343562
302.57425742574253,0.16590047416094664
302.5940594059406,0.1711269595055627
302.61386138613864,0.1781199414495311
302.63366336633663,0.18665188637549196
302.6534653465347,0.19648816647116993
302.6732673267327,0.2074046951637248
302.6930693069307,0.21919795349205579
302.7128712871287,0.23168899157509976
302.73267326732673,0.2447235269888238
302.7524752475248,0.25816994027900764
302.7722772277228,0.27191639723342054
302.79207920792084,0.28586781921654836
302.8118811881188,0.29994306681134336
302.83168316831683,0.3140724856045324
302.8514851485148,0.3281958453466039
302.8712871287129,0.3422606471038566
302.89108910891093,0.3562207506485734
302.91089108910893,0.37003526960275634
302.9306930693069,0.3836676852876731
302.9504950495049,0.3970851367859804
302.970297029703,0.4102578518887395
302.990099009901,0.4231586902509861
303.009900990099,0.43576277580427325
303.0297029702971,0.44804720020243655
303.049504950495,0.4599907828903385
303.0693069306931,0.4715738764169412
303.08910891089107,0.4827782080051569
303.1089108910891,0.4935867502680121
303.1287128712871,0.503983615432049
303.1485148514852,0.5139539685821554
303.16831683168317,0.5234839563471784
303.18811881188117,0.532560648157431
303.2079207920792,0.5411719877668623
303.2277227722772,0.5493067531768869
303.2475247524753,0.556954523451871
303.26732673267327,0.5641056511976934
303.28712871287127,0.5707512396998241
303.3069306930693,0.5768831238987773
303.3267326732673,0.5824938545268449
303.34653465346537,0.5875766848486212
303.36633663366337,0.5921255595447328
303.3861386138614,0.596135105357145
303.4059405940594,0.5996006231800355
303.4257425742574,0.6025180813340492
303.44554455445547,0.6048841098071617
303.46534653465346,0.6066959952832394
303.4851485148515,0.6079516768118891
303.5049504950495,0.6086497420006635
303.5247524752475,0.6087894236352335
303.54455445544556,0.6083705966540842
303.56435643564356,0.6073937754240015
303.5841584158416,0.6058601112801761
303.6039603960396,0.6037713903117243
303.62376237623766,0.6011300313897584
303.6435643564356,0.5979390844518412
303.66336633663366,0.5942022290734401
303.6831683168317,0.5899237733753148
303.7029702970297,0.5851086533356575
303.72277227722776,0.5797624325978895
303.74257425742576,0.5738913028904975
303.76237623762376,0.5675020852050031
303.78217821782175,0.5606022319126878
303.8019801980198,0.5531998300429569
303.82178217821786,0.5453036059962654
303.84158415841586,0.5369229320262037
303.8613861386139,0.5280678349011244
303.88118811881185,0.5187490072492231
303.9009900990099,0.5089778222080867
303.9207920792079,0.49876635214640563
303.94059405940595,0.488127392410984
303.960396039604,0.47707449128803003
303.980198019802,0.46562198766917995
304.0,0.45378505830068944
304.019801980198,0.4415797769968359
304.03960396039605,0.42902318885344515
304.05940594059405,0.41613340335546756
304.0792079207921,0.4029297114057
304.09900990099015,0.38943273280435
304.1188118811881,0.3756646027167021
304.13861386138615,0.3616492083603095
304.15841584158414,0.3474124907788452
304.1782178217822,0.3329828314937679
304.1980198019802,0.31839155051095097
304.2178217821782,0.30367355123861867
304.23762376237624,0.28886816015695016
304.25742574257424,0.27402022554274985
304.2772277227723,0.2591815611862399
304.2970297029703,0.24441284840694238
304.31683168316835,0.22978614176719256
304.33663366336634,0.21538815541544737
304.35643564356434,0.20132452257482633
304.3762376237624,0.18772518303830235
304.3960396039604,0.17475088221119744
304.41584158415844,0.16260030609600643
304.43564356435644,0.15151638270358864
304.45544554455444,0.14178849088615733
304.4752475247525,0.1337448477452544
304.4950495049505,0.1277276226102164
304.51485148514854,0.1240460196690484
304.53465346534654,0.12291373395262459
304.5544554455446,0.1243936931809249
304.57425742574253,0.12837917091435333
304.5940594059406,0.1346228056037895
304.61386138613864,0.1427963878795394
304.63366336633663,0.15255173314028497
304.6534653465347,0.16356299655241127
304.6732673267327,0.17554718027400049
304.6930693069307,0.18826885998384282
304.7128712871287,0.2015365013433846
304.73267326732673,0.21519559478666325
304.7524752475248,0.22912142804570146
304.7722772277228,0.2432126938563982
304.79207920792084,0.25738626885658134
304.8118811881188,0.27157311867220957
304.83168316831683,0.2857151523377898
304.8514851485148,0.29976282924029607
304.8712871287129,0.3136733442369378
304.89108910891093,0.32740925011573
304.91089108910893,0.340937408652271
304.9306930693069,0.3542281882044517
304.9504950495049,0.36725484661633645
304.970297029703,0.37999305394341765
304.990099009901,0.3924205212101132
305.009900990099,0.4045167100379252
305.0297029702971,0.41626260432937845
305.049504950495,0.42764052986520573
305.0693069306931,0.4386340111222764
305.08910891089107,0.44922765717789315
305.1089108910891,0.45940707047263935
305.1287128712871,0.4691587736333115
305.1485148514852,0.4784701506347274
305.16831683168317,0.4873293993971953
305.18811881188117,0.4957254935403549
305.2079207920792,0.5036481514936512
305.2277227722772,0.5110878115344255
305.2475247524753,0.5180356116128458
305.26732673267327,0.5244833730484699
305.28712871287127,0.5304235873609361
305.3069306930693,0.5358494056379369
305.3267326732673,0.5407546299558582
305.34653465346537,0.5451337064584623
305.36633663366337,0.5489817197717495
305.3861386138614,0.552294388492318
305.40594059405936,0.5550680615351395
305.4257425742574,0.5572997151669588
305.44554455445547,0.5589869505851235
305.46534653465346,0.5601279919304476
305.4851485148515,0.5607216846471726
305.5049504950495,0.560767494124995
305.5247524752475,0.5602655045773588
305.5445544554455,0.5592164181283377
305.56435643564356,0.557621554097504
305.5841584158416,0.5554828484886861
305.6039603960396,0.5528028537057752
305.62376237623766,0.5495847385362529
305.6435643564356,0.5458322884623297
305.66336633663366,0.5415499063808582
305.68316831683165,0.5367426138371972
305.7029702970297,0.5314160529062474
305.72277227722776,0.5255764888866177
305.74257425742576,0.5192308140133346
305.76237623762376,0.5123865524419791
305.78217821782175,0.5050518668151216
305.8019801980198,0.4972355667933565
305.8217821782178,0.48894712002209023
305.84158415841586,0.48019666611614337
305.8613861386139,0.4709950343839111
305.88118811881185,0.46135376619007984
305.9009900990099,0.4512851430818837
305.9207920792079,0.4408022220942819
305.94059405940595,0.42991888002467116
305.96039603960395,0.41864986895633
305.980198019802,0.40701088594966056
306.0,0.39501866066458324
306.019801980198,0.38269106579847706
306.03960396039605,0.3700472567236719
306.05940594059405,0.35710784872714424
306.0792079207921,0.34389514299157803
306.0990099009901,0.3304334161887221
306.1188118811881,0.31674929367406873
306.13861386138615,0.3028722333226052
306.15841584158414,0.28883515678448185
306.1782178217822,0.27467527839133643
306.1980198019802,0.26043520043829044
306.21782178217825,0.24616436868624034
306.2376237623762,0.23192101519014194
306.25742574257424,0.2177747574059258
306.2772277227723,0.20381006968997678
306.2970297029703,0.19013088250457502
306.31683168316835,0.1768665587564965
306.33663366336634,0.1641793571588756
306.35643564356434,0.15227303304288115
306.37623762376234,0.1414011151000178
306.3960396039604,0.13187120506137315
306.41584158415844,0.1240383183958411
306.43564356435644,0.11827747669962434
306.4554455445545,0.1149285624546897
306.47524752475243,0.1142211771164652
306.4950495049505,0.11620986606390163
306.5148514851485,0.12075730582878849
306.53465346534654,0.12757652724047933
306.5544554455446,0.13630522064165185
306.5742574257426,0.14657410167752546
306.5940594059406,0.15804916537653954
306.6138613861386,0.1704484373914919
306.63366336633663,0.1835426136937927
306.65346534653463,0.19714837387187492
306.6732673267327,0.21111972385610114
306.69306930693074,0.22533986361460395
306.7128712871287,0.23971442823437802
306.73267326732673,0.25416618831595755
306.7524752475247,0.2686310133262322
306.7722772277228,0.28305483826242184
306.7920792079208,0.29739139509925233
306.81188118811883,0.3116005155865371
306.83168316831683,0.32564685721053427
306.8514851485148,0.33949894193161345
306.8712871287129,0.3531284265523157
306.8910891089109,0.3665095453620743
306.91089108910893,0.3796186816476433
306.9306930693069,0.39243403622494505
306.9504950495049,0.404935369520823
306.970297029703,0.41710379980128226
306.990099009901,0.4289216445569806
307.009900990099,0.44037229528371663
307.029702970297,0.45144011826813896
307.0495049504951,0.46211037574554814
307.0693069306931,0.47236916310457777
307.08910891089107,0.48220335879524057
307.1089108910891,0.49160058433804504
307.1287128712871,0.5005491723954348
307.1485148514852,0.5090381412984107
307.16831683168317,0.5170571747535087
307.18811881188117,0.5245966057131329
307.2079207920792,0.5316474035934802
307.2277227722772,0.5382011641820611
307.2475247524753,0.5442501017018305
307.26732673267327,0.5497870425977792
307.2871287128713,0.5548054206914405
307.30693069306926,0.5592992734121454
307.3267326732673,0.5632632388657892
307.34653465346537,0.5666925535436669
307.36633663366337,0.569583050508492
307.3861386138614,0.571931157923196
307.4059405940594,0.5737338978118827
307.4257425742574,0.5749888849621909
307.4455445544554,0.5756943258955345
307.46534653465346,0.5758490178461774
307.4851485148515,0.575452347703225
307.5049504950495,0.5745042908808554
307.52475247524757,0.5730054100931633
307.5445544554455,0.5709568540194095
307.56435643564356,0.5683603558555171
307.58415841584156,0.5652182317571649
307.6039603960396,0.5615333791896837
307.62376237623766,0.5573092752107802
307.64356435643566,0.552549974723598
307.66336633663366,0.5472601087507108
307.68316831683165,0.5414448827949293
307.7029702970297,0.535110075370167
307.7227722772277,0.5282620368073323
307.74257425742576,0.5209076884651362
307.7623762376238,0.5130545225079061
307.78217821782175,0.5047106024507884
307.8019801980198,0.4958845647218975
307.8217821782178,0.48658562155225965
307.84158415841586,0.47682356558272293
307.86138613861385,0.4666087766775342
307.8811881188119,0.45595223156412534
307.9009900990099,0.4448655170883975
307.9207920792079,0.4333608480976354
307.94059405940595,0.4214510912592257
307.96039603960395,0.40914979651963523
307.980198019802,0.3964712384435231
308.0,0.3834304704040022
308.019801980198,0.3700433956034156
308.03960396039605,0.35632686030998545
308.05940594059405,0.34229877667974534
308.0792079207921,0.32797828536646634
308.0990099009901,0.3133859722215514
308.11881188118815,0.29854415939826406
308.13861386138615,0.2834773001187084
308.15841584158414,0.2682125198674542
308.1782178217822,0.2527803674805579
308.1980198019802,0.23721587183431075
308.21782178217825,0.22156005077694438
308.23762376237624,0.2058621005336479
308.25742574257424,0.1901826258202405
308.2772277227723,0.17459848519213025
308.2970297029703,0.1592101703097565
308.31683168316835,0.14415316801541334
308.33663366336634,0.12961547761357317
308.3564356435644,0.11586408718659433
308.37623762376234,0.10328235821360375
308.3960396039604,0.09241333048911828
308.41584158415844,0.08398070398890645
308.43564356435644,0.07881442002184492
308.4554455445545,0.07759797193349044
308.4752475247525,0.08052200730988246
308.4950495049505,0.08716688526441745
308.5148514851485,0.09675247474369948
308.53465346534654,0.10847572281070926
308.5544554455446,0.1216867100601444
308.5742574257426,0.13591306546100076
308.59405940594064,0.15082432367245183
308.6138613861386,0.16618965825579546
308.63366336633663,0.1818450565679046
308.65346534653463,0.19767088990487675
308.6732673267327,0.21357724107829992
308.69306930693074,0.22949439592595736
308.71287128712873,0.245366643808554
308.73267326732673,0.26114818241280835
308.7524752475247,0.27680036913031725
308.7722772277228,0.29228984513106093
308.7920792079208,0.3075872338700588
308.81188118811883,0.3226662240009234
308.8316831683169,0.33750291381907294
308.8514851485148,0.3520753365076738
308.8712871287129,0.366363112296532
308.8910891089109,0.3803471909910562
308.91089108910893,0.3940096597156107
308.9306930693069,0.40733359830334254
308.950495049505,0.42030296989572796
308.970297029703,0.4329025378333174
308.990099009901,0.44511780236422366
309.009900990099,0.45693495241738596
309.029702970297,0.46834082891323814
309.0495049504951,0.4793228969670991
309.0693069306931,0.48986922498350266
309.08910891089107,0.49996846911214493
309.1089108910891,0.5096098618876344
309.1287128712871,0.5187832041381613
309.1485148514852,0.5274788594473647
309.16831683168317,0.5356877506051921
309.1881188118812,0.543401357600581
309.20792079207916,0.5506117167988348
309.2277227722772,0.5573114210173814
309.2475247524753,0.5634936202690669
309.26732673267327,0.5691520229861736
309.2871287128713,0.5742808975737141
309.3069306930693,0.5788750741688147
309.3267326732673,0.5829299465062974
309.3465346534653,0.5864414738093617
309.36633663366337,0.5894061826404021
309.3861386138614,0.5918211686600781
309.4059405940594,0.5936840982543623
309.42574257425747,0.5949932099991931
309.4455445544554,0.5957473159413662
309.46534653465346,0.5959458026823101
309.48514851485146,0.5955886322592623
309.5049504950495,0.5946763428254885
309.52475247524757,0.5932100491390058
309.54455445544556,0.5911914428763967
309.56435643564356,0.5886227927969423
309.58415841584156,0.5855069447905333
309.6039603960396,0.5818473218530344
309.6237623762376,0.577647924043726
309.64356435643566,0.5729133284920799
309.6633663366337,0.5676486895365404
309.68316831683165,0.5618597390954543
309.7029702970297,0.5555527873918061
309.7227722772277,0.5487347241791435
309.74257425742576,0.5414130206476343
309.76237623762376,0.5335957322277024
309.7821782178218,0.5252915025565835
309.8019801980198,0.5165095689325135
309.8217821782178,0.5072597696557922
309.84158415841586,0.49755255375001417
309.86138613861385,0.48739899367587924
309.8811881188119,0.4768108018023614
309.9009900990099,0.46580035159607347
309.9207920792079,0.4543807047432662
309.94059405940595,0.44256564574990814
309.96039603960395,0.4303697260002054
309.980198019802,0.41780831982953903
310.0,0.40489769593626745
310.01980198019805,0.39165510849051605
310.039603960396,0.3780989137008224
310.05940594059405,0.3642487195196659
310.0792079207921,0.35012557882026507
310.0990099009901,0.33575224007248977
310.11881188118815,0.3211534747410952
310.13861386138615,0.3063565080003526
310.15841584158414,0.291391589900265
310.17821782178214,0.27629275930558395
310.1980198019802,0.2610988749197181
310.21782178217825,0.24585501961757128
310.23762376237624,0.2306144304516687
310.2574257425743,0.21544117250875103
310.27722772277224,0.2004138656576455
310.2970297029703,0.18563088982322454
310.3168316831683,0.17121761880840788
310.33663366336634,0.15733629146508032
310.3564356435644,0.14419890635235877
310.3762376237624,0.13208249170472453
310.3960396039604,0.12134319596780187
310.4158415841584,0.11241948514373255
310.43564356435644,0.10580589408760653
310.45544554455444,0.10197606174823799
310.4752475247525,0.10125725697493752
310.49504950495054,0.10371269066599875
310.5148514851485,0.10911539431296022
310.53465346534654,0.117035290600792
310.55445544554453,0.12697166823991077
310.5742574257426,0.1384542375658584
310.5940594059406,0.151089191267672
310.61386138613864,0.1645658790535744
310.63366336633663,0.17864562897740321
310.65346534653463,0.1931461854177557
310.6732673267327,0.20792752820059165
310.6930693069307,0.22288066148840746
310.71287128712873,0.23791928015195127
310.73267326732673,0.2529737403266091
310.7524752475247,0.26798673914196874
310.7722772277228,0.2829102203587608
310.7920792079208,0.29770314766662215
310.81188118811883,0.3123298904703546
310.83168316831683,0.32675904344593476
310.8514851485149,0.3409625553113203
310.8712871287129,0.35491507986591786
310.8910891089109,0.36859348827917404
310.91089108910893,0.38197649948366785
310.9306930693069,0.39504439790152973
310.950495049505,0.40777881635462593
310.970297029703,0.4201625680640636
310.990099009901,0.43217951593313464
311.009900990099,0.44381447037346544
311.029702970297,0.4550531091448211
311.0495049504951,0.4658819142878787
311.0693069306931,0.4762881224104659
311.0891089108911,0.48625968546241516
311.10891089108907,0.49578523978719163
311.1287128712871,0.5048540817301559
311.1485148514852,0.5134561484561571
311.16831683168317,0.5215820029141941
311.1881188118812,0.5292228221063968
311.2079207920792,0.5363703879886851
311.2277227722772,0.5430170804632423
311.2475247524752,0.5491558720275093
311.26732673267327,0.5547803237268728
311.2871287128713,0.5598845821240731
311.3069306930693,0.5644633770512634
311.3267326732674,0.56851201995309
311.3465346534653,0.5720264026640438
311.36633663366337,0.5750029964917168
311.38613861386136,0.5774388515012416
311.4059405940594,0.5793315959158408
311.42574257425747,0.580679435565189
311.44554455445547,0.5814811533277142
311.46534653465346,0.5817361085254074
311.48514851485146,0.5814442362409189
311.5049504950495,0.5806060465371243
311.5247524752475,0.5792226235686652
311.54455445544556,0.5772956245845308
311.5643564356436,0.57482727882972
311.58415841584156,0.5718203863637227
311.6039603960396,0.5682783168234412
311.6237623762376,0.5642050081693539
311.64356435643566,0.5596049654656072
311.66336633663366,0.5544832597590789
311.6831683168317,0.5488455271383359
311.7029702970297,0.5426979680727607
311.7227722772277,0.536047347154944
311.74257425742576,0.5289009933971324
311.76237623762376,0.5212668012663396
311.7821782178218,0.513153232684558
311.8019801980198,0.5045693202720903
311.8217821782178,0.49552467217698054
311.84158415841586,0.4860294789152367
311.86138613861385,0.47609452275024
311.8811881188119,0.46573119027238447
311.9009900990099,0.45495148901082355
311.92079207920796,0.44376806913077965
311.94059405940595,0.43219425155947844
311.96039603960395,0.4202440642650085
311.980198019802,0.4079322889190266
312.0,0.3952745208517429
312.01980198019805,0.38228724612348847
312.03960396039605,0.3689879407842335
312.05940594059405,0.3553951991085804
312.0792079207921,0.34152889997701774
312.0990099009901,0.32741042391738473
312.11881188118815,0.3130629380592217
312.13861386138615,0.29851177303827003
312.1584158415842,0.2837849257022275
312.17821782178214,0.26891373580173616
312.1980198019802,0.2539338059632381
312.21782178217825,0.23888626554589795
312.23762376237624,0.2238195255430073
312.2574257425743,0.2087917406947253
312.2772277227723,0.19387429570745765
312.2970297029703,0.1791567739242984
312.3168316831683,0.16475404789167616
312.33663366336634,0.15081630986480776
312.3564356435644,0.13754286765826773
312.3762376237624,0.12519986777875927
312.39603960396045,0.11413956693386389
312.4158415841584,0.10481219962392628
312.43564356435644,0.09774953679944898
312.45544554455444,0.09348945280317117
312.4752475247525,0.09243067913232397
312.49504950495054,0.09467810629183691
312.51485148514854,0.09999467225792572
312.53465346534654,0.10790336244091524
312.55445544554453,0.11785126273204083
312.5742574257426,0.12933032455171184
312.5940594059406,0.14192650190535866
312.61386138613864,0.15532172742164632
312.6336633663367,0.16927728108961748
312.65346534653463,0.1836143836991846
312.6732673267327,0.1981978031005548
312.6930693069307,0.21292352095620593
312.71287128712873,0.22770989569480782
312.73267326732673,0.24249144931872885
312.7524752475248,0.2572145164791475
312.7722772277228,0.27183418604317483
312.7920792079208,0.28631213421697366
312.81188118811883,0.3006150741166351
312.83168316831683,0.31471363453273354
312.8514851485149,0.3285815403186762
312.8712871287129,0.3421950069896699
312.8910891089109,0.35553228912685075
312.91089108910893,0.3685733404299988
312.9306930693069,0.38129955568667717
312.950495049505,0.3936935734618499
312.970297029703,0.4057391242350391
312.99009900990103,0.41742091286444954
313.00990099009897,0.4287245271984061
313.029702970297,0.439636366758751
313.0495049504951,0.45014358694124157
313.0693069306931,0.4602340552875161
313.0891089108911,0.4698963171999126
313.1089108910891,0.47911956907729075
313.1287128712871,0.48789363730486685
313.1485148514851,0.49620896187445745
313.16831683168317,0.5040565836731591
313.1881188118812,0.5114281346793728
313.2079207920792,0.5183158304599373
313.2277227722773,0.5247124644831985
313.2475247524752,0.5306114038574171
313.26732673267327,0.5360065861787098
313.28712871287127,0.5408925172321774
313.3069306930693,0.5452642693374206
313.3267326732674,0.5491174801681551
313.34653465346537,0.5524483519066778
313.36633663366337,0.5552536506197256
313.38613861386136,0.55753070576336
313.4059405940594,0.5592774097421529
313.4257425742574,0.5604922174633347
313.44554455445547,0.5611741458390938
313.4653465346535,0.5613227732019294
313.48514851485146,0.5609382386079337
313.5049504950495,0.5600212410123846
313.5247524752475,0.5585730383106445
313.54455445544556,0.5565954462462617
313.56435643564356,0.5540908371963895
313.5841584158416,0.5510621388540284
313.6039603960396,0.5475128328357319
313.6237623762376,0.5434469532541806
313.64356435643566,0.5388690853066264
313.66336633663366,0.5337843639437772
313.6831683168317,0.5281984726995476
313.7029702970297,0.5221176427806519
313.7227722772277,0.5155486525376696
313.74257425742576,0.5084988274664137
313.76237623762376,0.5009760409218902
313.7821782178218,0.4929887157685924
313.8019801980198,0.4845458272422815
313.82178217821786,0.4756569073632922
313.8415841584158,0.46633205132317335
313.86138613861385,0.4565819263707514
313.8811881188119,0.4464177838576367
313.9009900990099,0.4358514752759818
313.92079207920796,0.4248954733465092
313.94059405940595,0.41356289951041936
313.96039603960395,0.4018675595695004
313.98019801980195,0.3898239897400675
314.0,0.37744751608760135
314.01980198019805,0.3647543312611653
314.03960396039605,0.35176159375103117
314.0594059405941,0.3384875566986483
314.07920792079204,0.3249517358122496
314.0990099009901,0.3111751295076856
314.1188118811881,0.297180509487647
314.13861386138615,0.28299280732704846
314.1584158415842,0.2686396333676682
314.1782178217822,0.2541519800606911
314.1980198019802,0.23956518547484826
314.2178217821782,0.22492026806393922
314.23762376237624,0.21026579706900375
314.25742574257424,0.195660542971592
314.2772277227723,0.18117727087805321
314.29702970297035,0.16690820824860694
314.3168316831683,0.15297293597249814
314.33663366336634,0.13952966302847672
314.35643564356434,0.12679082168298472
314.3762376237624,0.115042974183267
314.3960396039604,0.10466749015711378
314.4158415841584,0.09614952960317233
314.43564356435644,0.09004788608010249
314.45544554455444,0.0868912427003762
314.4752475247525,0.08700575722983359
314.4950495049505,0.09037128371108048
314.51485148514854,0.09662990543144795
314.53465346534654,0.10523887306768914
314.55445544554453,0.11563956893094936
314.5742574257426,0.12735353685818462
314.5940594059406,0.14000728736856197
314.61386138613864,0.15332108779113898
314.63366336633663,0.16708781642917084
314.65346534653463,0.18115324429104643
314.6732673267327,0.19540076967978823
314.6930693069307,0.20974043860854308
314.71287128712873,0.22410127671322203
314.73267326732673,0.23842597937284057
314.7524752475248,0.25266722715965656
314.7722772277227,0.26678510979333275
314.7920792079208,0.2807453066223231
314.81188118811883,0.2945177868024775
314.83168316831683,0.308075869923874
314.8514851485149,0.32139553942106236
314.8712871287129,0.33445493534180265
314.8910891089109,0.347233975876733
314.9108910891089,0.3597140723908095
314.9306930693069,0.3718779131029236
314.950495049505,0.3837092976942647
314.970297029703,0.39519301007080354
314.99009900990103,0.4063147199705897
315.00990099009897,0.41706090656090733
315.029702970297,0.4274187989277045
315.049504950495,0.4373763296302599
315.0693069306931,0.446922098422123
315.0891089108911,0.45604534392333823
315.1089108910891,0.4647359215379006
315.1287128712871,0.47298428629206096
315.1485148514851,0.4807814795579896
315.16831683168317,0.48811911884750137
315.18811881188117,0.4949893900297172
315.2079207920792,0.5013850414577402
315.2277227722773,0.5072993795913395
315.2475247524752,0.5127262657829815
315.26732673267327,0.5176601139580256
315.28712871287127,0.5220958889703955
315.3069306930693,0.5260291054555734
315.3267326732673,0.5294558270355532
315.34653465346537,0.5323726657573007
315.36633663366337,0.5347767816679115
315.38613861386136,0.5366658824483443
315.4059405940594,0.538038223042719
315.4257425742574,0.5388926052334159
315.44554455445547,0.5392283771236009
315.46534653465346,0.5390454324989065
315.48514851485146,0.5383442100490811
315.5049504950495,0.5371256924389665
315.5247524752475,0.5353914052263894
315.54455445544556,0.5331434156324156
315.56435643564356,0.5303843311779202
315.5841584158416,0.5271172982088149
315.6039603960396,0.5233460003419549
315.6237623762376,0.5190746568740011
315.64356435643566,0.5143080212076035
315.66336633663366,0.5090513793630579
315.6831683168317,0.503310548659962
315.7029702970297,0.4970918766731257
315.7227722772277,0.4904022405904997
315.74257425742576,0.4832490471302996
315.76237623762376,0.4756402332101682
315.7821782178218,0.4675842676062445
315.8019801980198,0.4590901538961389
315.82178217821786,0.45016743505113455
315.8415841584158,0.44082620013375834
315.86138613861385,0.4310770936734618
315.8811881188119,0.4209313284444228
315.9009900990099,0.4104007025662118
315.92079207920796,0.39949762210741174
315.94059405940595,0.38823513071562804
315.96039603960395,0.37662694825660464
315.98019801980195,0.3646875210651434
316.0,0.3524320872546108
316.01980198019805,0.3398767616935302
316.03960396039605,0.32703864687211914
316.0594059405941,0.31393597815069973
316.07920792079204,0.30058831510642336
316.0990099009901,0.28701679533241864
316.1188118811881,0.2732444737940762
316.13861386138615,0.25929678079760754
316.1584158415842,0.24520214647462069
316.1782178217822,0.23099286211457012
316.1980198019802,0.2167062829264764
316.2178217821782,0.2023865295756309
316.23762376237624,0.18808692749721284
316.25742574257424,0.17387354890791393
316.2772277227723,0.15983041287488217
316.29702970297035,0.1460671718138565
316.3168316831683,0.13273045222383145
316.33663366336634,0.12002026416081853
316.35643564356434,0.10821243253856701
316.3762376237624,0.0976850403174786
316.3960396039604,0.08893753725030508
316.41584158415844,0.08257171345017081
316.43564356435644,0.07918614848737265
316.45544554455444,0.07917253798141476
316.4752475247525,0.0825276176622295
316.4950495049505,0.08885405639876438
316.51485148514854,0.09754957016734293
316.53465346534654,0.10801042030113343
316.55445544554453,0.11973631083491088
316.5742574257426,0.1323488855866781
316.5940594059406,0.14557232462700118
316.61386138613864,0.1592067616470964
316.63366336633663,0.17310579097879364
316.6534653465347,0.18716003129564635
316.6732673267326,0.2012857730681744
316.6930693069307,0.21541728667418486
316.71287128712873,0.2295016196927907
316.73267326732673,0.24349505343991815
316.7524752475248,0.2573606627034223
316.7722772277228,0.2710666134553924
316.7920792079208,0.28458495940520956
316.8118811881188,0.2978907799873206
316.83168316831683,0.3109615551756885
316.8514851485149,0.32377670678197445
316.8712871287129,0.3363172583295601
316.89108910891093,0.3485655804476288
316.9108910891089,0.36050519868119474
316.9306930693069,0.37212064736438016
316.9504950495049,0.3833973578421461
316.970297029703,0.39432157255018546
316.99009900990103,0.4048802787318767
317.009900990099,0.4150611571855556
317.029702970297,0.4248525425968622
317.049504950495,0.43424339285535946
317.0693069306931,0.4432232653742939
317.08910891089107,0.45178229889168753
317.1089108910891,0.45991119957458537
317.1287128712872,0.4676012305072394
317.1485148514851,0.47484420384112175
317.16831683168317,0.48163247503583195
317.18811881188117,0.48795893873649876
317.2079207920792,0.49381702592434945
317.2277227722772,0.49920070204828215
317.2475247524753,0.5041044659016951
317.26732673267327,0.5085233490535944
317.28712871287127,0.5124529156791047
317.3069306930693,0.5158892626636586
317.3267326732673,0.5188290198789574
317.34653465346537,0.5212693505484677
317.36633663366337,0.5232079516368499
317.38613861386136,0.5246430542114324
317.4059405940594,0.52557342373617
317.4257425742574,0.5259983602690556
317.44554455445547,0.5259176985434688
317.46534653465346,0.5253318079229541
317.4851485148515,0.5242415922273179
317.50495049504946,0.5226484894363557
317.5247524752475,0.5205544712858841
317.54455445544556,0.5179620427797679
317.56435643564356,0.5148742416512972
317.5841584158416,0.5112946378177267
317.6039603960396,0.5072273328841131
317.6237623762376,0.5026769597663067
317.6435643564356,0.49764868251963124
317.66336633663366,0.49214819647886343
317.6831683168317,0.48618172883901045
317.7029702970297,0.47975603983452847
317.72277227722776,0.4728784247098639
317.7425742574257,0.46555671671711135
317.76237623762376,0.4577992914306309
317.78217821782175,0.44961507273572493
317.8019801980198,0.4410135409336803
317.82178217821786,0.43200474351382084
317.84158415841586,0.4225993092815594
317.86138613861385,0.41280846671026356
317.88118811881185,0.4026440676164727
317.9009900990099,0.3921186175612789
317.9207920792079,0.38124531478022805
317.94059405940595,0.37003809997481624
317.960396039604,0.358511720009569
317.98019801980195,0.3466818095182465
318.0,0.33456499573082427
318.019801980198,0.32217903363088407
318.03960396039605,0.30954298104836125
318.05940594059405,0.29667742678869785
318.0792079207921,0.28360478984407095
318.0990099009901,0.2703497147924206
318.1188118811881,0.25693959866021565
318.13861386138615,0.24340529929393942
318.15841584158414,0.22978209686562887
318.1782178217822,0.21611101177337225
318.1980198019802,0.2024406284710603
318.2178217821782,0.18882964165494098
318.23762376237624,0.17535043507612116
318.25742574257424,0.1620941261238782
318.2772277227723,0.14917764452570945
318.2970297029703,0.13675348548275423
318.31683168316835,0.1250225542434453
318.33663366336634,0.11424941340328089
318.35643564356434,0.1047760610402652
318.3762376237624,0.09702358015113993
318.3960396039604,0.09146158921165372
318.41584158415844,0.08852438190240691
318.43564356435644,0.08848254040038742
318.45544554455444,0.09133730731918815
318.4752475247525,0.09681966720952011
318.4950495049505,0.10449500048411933
318.51485148514854,0.11389191830936461
318.53465346534654,0.12458708782131102
318.5544554455446,0.13623645661566586
318.57425742574253,0.14857385982706423
318.5940594059406,0.16139725137775762
318.61386138613864,0.17455337606156437
318.63366336633663,0.1879248328370938
318.6534653465347,0.2014202449016612
318.6732673267327,0.21496712382647443
318.6930693069307,0.2285067843976391
318.7128712871287,0.24199073751911748
318.73267326732673,0.25537812435787616
318.7524752475248,0.2686338787446405
318.7722772277228,0.28172739950942294
318.79207920792084,0.2946315819317034
318.8118811881188,0.3073221041796404
318.83168316831683,0.3197768965309782
318.8514851485148,0.3319757429378857
318.8712871287129,0.3438999793924094
318.89108910891093,0.3555322638035417
318.91089108910893,0.36685639921308905
318.9306930693069,0.3778571971607135
318.9504950495049,0.38852037153057306
318.970297029703,0.3988324557253464
318.990099009901,0.40878073782432095
319.009900990099,0.41835320969868584
319.0297029702971,0.4275385270235608
319.049504950495,0.4363259778415078
319.0693069306931,0.444705457866097
319.08910891089107,0.45266745111639006
319.1089108910891,0.46020301477786474
319.1287128712871,0.4673037674186765
319.1485148514852,0.4739618798695565
319.16831683168317,0.4801700682149473
319.18811881188117,0.48592158845183087
319.2079207920792,0.49121023245799356
319.2277227722772,0.49603032497950417
319.2475247524753,0.5003767214007637
319.26732673267327,0.5042448061041165
319.28712871287127,0.5076304912607158
319.3069306930693,0.5105302159230041
319.3267326732673,0.5129409453125295
319.34653465346537,0.5148601702160176
319.36633663366337,0.5162859064189703
319.3861386138614,0.5172166941199114
319.4059405940594,0.5176515972796946
319.4257425742574,0.5175902028712932
319.44554455445547,0.5170326200039831
319.46534653465346,0.5159794789047107
319.4851485148515,0.5144319297469797
319.5049504950495,0.512391641325283
319.5247524752475,0.5098607995807137
319.54455445544556,0.5068421059908815
319.56435643564356,0.5033387758459469
319.5841584158416,0.499354536440895
319.6039603960396,0.4948936252249922
319.62376237623766,0.4899607879602457
319.6435643564356,0.4845612769545425
319.66336633663366,0.47870084945088304
319.6831683168317,0.4723857662736367
319.7029702970297,0.46562279085587405
319.72277227722776,0.45841918880096283
319.74257425742576,0.450782728167486
319.76237623762376,0.44272168071127876
319.78217821782175,0.4342448243757029
319.8019801980198,0.42536144739332427
319.82178217821786,0.4160813544555098
319.84158415841586,0.40641487552673206
319.8613861386139,0.3963728780375338
319.88118811881185,0.38596678339668905
319.9009900990099,0.3752085890372641
319.9207920792079,0.36411089757807086
319.94059405940595,0.35268695517750315
319.960396039604,0.34095070183280957
319.980198019802,0.32891683730944776
320.0,0.3166009076830748
320.019801980198,0.3040194193058504
320.03960396039605,0.2911899896175372
320.05940594059405,0.2781315479901713
320.0792079207921,0.26486460531114464
320.09900990099015,0.2514116191962855
320.1188118811881,0.2377974940510521
320.13861386138615,0.22405027402896177
320.15841584158414,0.21020211612522513
320.1782178217822,0.19629067650972198
320.1980198019802,0.1823611161287625
320.21782178217825,0.16846904844076213
320.23762376237624,0.1546849392224174
320.25742574257424,0.14110076270620123
320.2772277227723,0.12784015647650052
320.2970297029703,0.11507387390929023
320.31683168316835,0.10304268548764348
320.33663366336634,0.09208868775154336
320.35643564356434,0.08268921548076831
320.3762376237624,0.07546728884294873
320.3960396039604,0.07111791797057047
320.41584158415844,0.07019178481256233
320.43564356435644,0.07282002213689667
320.4554455445545,0.07863487307243325
320.47524752475243,0.08697733030334616
320.4950495049505,0.09716864306610375
320.51485148514854,0.1086541835007279
320.53465346534654,0.12102618329336477
320.5544554455446,0.1339963575793109
320.5742574257426,0.14736160033246218
320.5940594059406,0.1609766413632073
320.6138613861386,0.17473502241293748
320.63366336633663,0.18855648233185326
320.6534653465347,0.20237869496887412
320.6732673267327,0.21615183673436025
320.69306930693074,0.22983497355425286
320.7128712871287,0.24339362221545602
320.73267326732673,0.25679807815438876
320.7524752475247,0.27002225064171
320.7722772277228,0.28304283913642153
320.79207920792084,0.29583874268617794
320.81188118811883,0.3083906309891551
320.83168316831683,0.320680629264251
320.8514851485148,0.33269208436435366
320.8712871287129,0.3444093896454507
320.8910891089109,0.3558178528451158
320.91089108910893,0.36690359579667386
320.930693069307,0.37765347794970644
320.9504950495049,0.38805503785812545
320.970297029703,0.3980964483418844
320.990099009901,0.40776648213116584
321.009900990099,0.41705448559715136
321.029702970297,0.42595035875407505
321.0495049504951,0.434444540144361
321.0693069306931,0.442527995536642
321.08910891089107,0.4501922096049186
321.1089108910891,0.4574291799377513
321.1287128712871,0.4642314128640801
321.1485148514852,0.47059192068843886
321.16831683168317,0.47650422001049353
321.18811881188117,0.4819623308682014
321.2079207920792,0.4869607764943823
321.2277227722772,0.4914945835168429
321.2475247524753,0.4955592824641953
321.26732673267327,0.4991509084655526
321.2871287128713,0.5022660020534185
321.30693069306926,0.5049016099964133
321.3267326732673,0.5070552861030924
321.34653465346537,0.5087250919501685
321.36633663366337,0.5099095974992393
321.3861386138614,0.5106078815749338
321.4059405940594,0.5108195321859359
321.4257425742574,0.5105446466777103
321.4455445544554,0.5097838317129523
321.46534653465346,0.5085382030825726
321.4851485148515,0.5068093853572332
321.5049504950495,0.5045995113963924
321.52475247524757,0.5019112217396956
321.5445544554455,0.49874766391388287
321.56435643564356,0.49511249169787347
321.58415841584156,0.49100986439941846
321.6039603960396,0.4864444462095135
321.62376237623766,0.48142140571525677
321.64356435643566,0.4759464156699311
321.66336633663366,0.4700256531403477
321.68316831683165,0.46366580017753845
321.7029702970297,0.45687404518925656
321.7227722772277,0.4496580852319827
321.74257425742576,0.44202612949013526
321.7623762376238,0.4339869042721537
321.78217821782175,0.42554965993153804
321.8019801980198,0.4167241802213809
321.8217821782178,0.4075207947186346
321.84158415841586,0.39795039512023744
321.86138613861385,0.3880244564278799
321.8811881188119,0.377755064320099
321.9009900990099,0.36715495038188584
321.9207920792079,0.35623753735656105
321.94059405940595,0.3450169972481641
321.96039603960395,0.33350832600023483
321.980198019802,0.32172743970321815
322.0,0.30969129897267367
322.019801980198,0.2974180704930605
322.03960396039605,0.2849273380287635
322.05940594059405,0.27224037989974775
322.0792079207921,0.2593805366539696
322.0990099009901,0.2463737024227256
322.11881188118815,0.23324898769942132
322.13861386138615,0.22003962227318843
322.15841584158414,0.20678419811440826
322.1782178217822,0.19352839800668414
322.1980198019802,0.1803274232991082
322.21782178217825,0.16724943115955018
322.23762376237624,0.1543804234740958
322.25742574257424,0.14183118578483306
322.2772277227723,0.12974699107426496
322.2970297029703,0.11832064194625219
322.31683168316835,0.10780843661572334
322.33663366336634,0.0985455225743754
322.3564356435644,0.09094998309862354
322.37623762376234,0.08549429151177991
322.3960396039604,0.08261984468013299
322.41584158415844,0.08260145003987406
322.43564356435644,0.08543460103907599
322.4554455445545,0.09083657606357828
322.4752475247525,0.09836054442363497
322.4950495049505,0.10753102188239898
322.5148514851485,0.11792855685415529
322.53465346534654,0.12921753658375018
322.5544554455446,0.1411416410239119
322.5742574257426,0.15350825535610885
322.59405940594064,0.16617239728551003
322.6138613861386,0.1790236292790129
322.63366336633663,0.1919763363403619
322.65346534653463,0.20496278010555175
322.6732673267327,0.2179282076108875
322.69306930693074,0.2308274134469106
322.71287128712873,0.24362231196208048
322.73267326732673,0.2562802086657032
322.7524752475247,0.268772557287417
322.7722772277228,0.28107405665139684
322.7920792079208,0.2931619875674438
322.81188118811883,0.3050157210224426
322.8316831683169,0.3166163499494628
322.8514851485148,0.3279464111050098
322.8712871287129,0.33898967333619856
322.8910891089109,0.3497309752519576
322.91089108910893,0.36015610000566817
322.9306930693069,0.3702516782020319
322.950495049505,0.3800051122919214
322.970297029703,0.3894045175081714
322.990099009901,0.398438675620815
323.009900990099,0.40709699868727406
323.029702970297,0.41536950063646005
323.0495049504951,0.42324677501964947
323.0693069306931,0.4307199776328106
323.08910891089107,0.4377808129965015
323.1089108910891,0.44442152389450074
323.1287128712871,0.4506348833377812
323.1485148514852,0.45641418844889314
323.16831683168317,0.4617532558616501
323.1881188118812,0.46664641831020215
323.2079207920792,0.47108852214358615
323.2277227722772,0.47507492555187714
323.2475247524753,0.4786014973299626
323.26732673267327,0.48166461603748006
323.2871287128713,0.4842611694399323
323.3069306930693,0.4863885541379566
323.3267326732673,0.4880446753100764
323.34653465346537,0.4892279465096881
323.36633663366337,0.489937289470668
323.3861386138614,0.49017213388738456
323.4059405940594,0.48993241714583186
323.42574257425747,0.4892185839921614
323.4455445544554,0.48803158613414493
323.46534653465346,0.48637288178034943
323.4851485148515,0.4842444351309038
323.5049504950495,0.4816487158434698
323.52475247524757,0.47858869850835994
323.54455445544556,0.47506786217839725
323.56435643564356,0.471090190012058
323.58415841584156,0.4666601691036553
323.6039603960396,0.4617827905919514
323.62376237623766,0.4564635501600084
323.64356435643566,0.4507084490644057
323.6633663366337,0.4445239958632564
323.68316831683165,0.4379172090508177
323.7029702970297,0.43089562085390026
323.7227722772277,0.42346728250485516
323.74257425742576,0.41564077138056654
323.7623762376238,0.4074252004917102
323.7821782178218,0.3988302309275259
323.8019801980198,0.3898660880168312
323.8217821782178,0.38054358216728157
323.84158415841586,0.37087413560757077
323.86138613861385,0.3608698166019764
323.8811881188119,0.35054338316376643
323.90099009900996,0.3399083389036457
323.9207920792079,0.328979004470423
323.94059405940595,0.3177706091559646
323.96039603960395,0.3062994087638647
323.980198019802,0.29458283795305257
324.0,0.2826397082155554
324.01980198019805,0.2704904668008421
324.03960396039605,0.2581575378063722
324.05940594059405,0.24566577513157273
324.0792079207921,0.2330430692588357
324.0990099009901,0.22032116769394994
324.11881188118815,0.2075367950351131
324.13861386138615,0.1947331968530957
324.15841584158414,0.18196228696002165
324.1782178217822,0.1692876560803572
324.1980198019802,0.1567888051423845
324.21782178217825,0.14456709034896487
324.23762376237624,0.13275396277685322
324.2574257425743,0.12152199758743876
324.27722772277224,0.1110985254232234
324.2970297029703,0.10177950030073708
324.31683168316835,0.09393616051961703
324.33663366336634,0.0879987096723378
324.3564356435644,0.08439591054279484
324.3762376237624,0.08344564010004361
324.3960396039604,0.08524055670016911
324.4158415841584,0.08960941368365542
324.43564356435644,0.09618673578516868
324.4554455445545,0.10453374294750245
324.4752475247525,0.11423457295988561
324.4950495049505,0.12494110384127306
324.5148514851485,0.13637996321506798
324.53465346534654,0.148342392144927
324.55445544554453,0.16066996910866765
324.5742574257426,0.17324167821011166
324.59405940594064,0.1859637748739671
324.6138613861386,0.1987623202151102
324.63366336633663,0.21157782514452347
324.65346534653463,0.22436144212523168
324.6732673267327,0.2370722562734696
324.6930693069307,0.24967534797172375
324.71287128712873,0.26214039606096573
324.73267326732673,0.27444066137677714
324.7524752475247,0.28655223985152956
324.7722772277228,0.2984535083924613
324.7920792079208,0.3101247099742693
324.81188118811883,0.32154764027966837
324.83168316831683,0.3327054091534528
324.8514851485148,0.3435822577090383
324.8712871287129,0.35416341721837646
324.8910891089109,0.36443499964734155
324.91089108910893,0.37438391235477625
324.9306930693069,0.3839977913817893
324.950495049505,0.3932649491421449
324.9702970297029,0.40217433333749253
324.990099009901,0.41071549466948404
325.009900990099,0.41887856147771163
325.029702970297,0.426654219850954
325.0495049504951,0.43403369807569425
325.0693069306931,0.44100875452756605
325.08910891089107,0.4475716682967147
325.10891089108907,0.453715231981945
325.1287128712871,0.4594327462001729
325.1485148514852,0.4647180154456273
325.16831683168317,0.4695653450025596
325.1881188118812,0.4739695386702742
325.20792079207916,0.47792589710334704
325.2277227722772,0.4814302166056141
325.2475247524752,0.48447878824500257
325.26732673267327,0.4870683971801535
325.2871287128713,0.48919632210882963
325.3069306930693,0.49086033476450397
325.3267326732673,0.49205869940083985
325.3465346534653,0.49279017221531796
325.36633663366337,0.4930540006731585
325.38613861386136,0.4928499227012788
325.4059405940594,0.4921781657297988
325.42574257425747,0.4910394455655636
325.4455445544554,0.48943496508880957
325.46534653465346,0.48736641277040116
325.48514851485146,0.48483596101334087
325.5049504950495,0.4818462643287815
325.5247524752475,0.4784004573635121
325.54455445544556,0.47450215280334673
325.56435643564356,0.4701554391851588
325.58415841584156,0.46536487865966875
325.6039603960396,0.460135504758219
325.6237623762376,0.4544728202298146
325.64356435643566,0.44838279503029965
325.66336633663366,0.44187186456493627
325.68316831683165,0.4349469283087423
325.7029702970297,0.4276153489587309
325.7227722772277,0.41988495230823514
325.74257425742576,0.4117640280804064
325.76237623762376,0.4032613320165124
325.7821782178218,0.39438608959086163
325.8019801980198,0.385148001822298
325.8217821782178,0.3755572537804131
325.84158415841586,0.36562452655366573
325.86138613861385,0.3553610136708956
325.8811881188119,0.34477844326849005
325.9009900990099,0.3338891077025712
325.9207920792079,0.32270590286178286
325.94059405940595,0.31124238020540596
325.96039603960395,0.299512815625312
325.980198019802,0.28753230074928515
326.0,0.2753168644780105
326.01980198019805,0.2628836357039235
326.039603960396,0.2502510628054871
326.05940594059405,0.23743921245033292
326.0792079207921,0.22447018077355763
326.0990099009901,0.21136866624636722
326.11881188118815,0.1981627790427527
326.13861386138615,0.18488520238747994
326.15841584158414,0.17157488732631782
326.17821782178214,0.15827957082878064
326.1980198019802,0.145059587170398
326.21782178217825,0.13199374108260392
326.23762376237624,0.11918849488271797
326.2574257425743,0.10679244756076635
326.27722772277224,0.09501893105052354
326.2970297029703,0.08417956139593942
326.3168316831683,0.07472696143136356
326.33663366336634,0.06728535829621715
326.3564356435644,0.06260206107480598
326.3762376237624,0.061324360355892144
326.3960396039604,0.06365532651590615
326.4158415841584,0.06921658973070724
326.43564356435644,0.07728962616762149
326.45544554455444,0.08714771050473187
326.4752475247525,0.09821819943031841
326.49504950495054,0.11009564663616074
326.5148514851485,0.12250259546040852
326.53465346534654,0.13524856564915025
326.55445544554453,0.14819995578687753
326.5742574257426,0.16126022835991044
326.5940594059406,0.17435729237095046
326.61386138613864,0.18743549134534382
326.63366336633663,0.2004504614206961
326.65346534653463,0.21336577705392945
326.6732673267327,0.22615072235175374
326.6930693069307,0.23877878260234914
326.71287128712873,0.251226604954462
326.73267326732673,0.2634732703599941
326.7524752475247,0.27549977576371315
326.7722772277228,0.2872886607560928
326.7920792079208,0.29882373509759036
326.81188118811883,0.3100898777401816
326.83168316831683,0.3210728872337828
326.8514851485149,0.33175936953749763
326.8712871287129,0.3421366533789079
326.8910891089109,0.35219272611860236
326.91089108910893,0.3619161850238734
326.9306930693069,0.371296200220858
326.950495049505,0.3803224865630729
326.970297029703,0.3889852823505335
326.990099009901,0.3972753333387107
327.009900990099,0.4051838808477176
327.029702970297,0.4127026530566848
327.0495049504951,0.41982385877409184
327.0693069306931,0.4265401831299526
327.0891089108911,0.4328447847538945
327.10891089108907,0.43873129409398987
327.1287128712871,0.44419381260140156
327.1485148514852,0.44922691256057706
327.16831683168317,0.4538256373881579
327.1881188118812,0.4579855022575039
327.2079207920792,0.46170249493351684
327.2277227722772,0.46497307672416077
327.2475247524752,0.4677941834733142
327.26732673267327,0.47016322653429626
327.2871287128713,0.4720780936758365
327.3069306930693,0.4735371498827465
327.3267326732674,0.47453923802271714
327.3465346534653,0.4750836793585125
327.36633663366337,0.47517027389218386
327.38613861386136,0.47479930053463465
327.4059405940594,0.4739715171001231
327.42574257425747,0.47268816013193843
327.44554455445547,0.4709509445716006
327.46534653465346,0.46876206329100545
327.48514851485146,0.4661241865141044
327.5049504950495,0.46304046116304537
327.5247524752475,0.45951451017265377
327.54455445544556,0.45555043182809457
327.5643564356436,0.4511527991929435
327.58415841584156,0.4463266597095975
327.6039603960396,0.44107753507215564
327.6237623762376,0.43541142149316886
327.64356435643566,0.4293347905125502
327.66336633663366,0.4228545905293885
327.6831683168317,0.4159782492781639
327.7029702970297,0.4087136775217943
327.7227722772277,0.4010692742980033
327.74257425742576,0.3930539341368881
327.76237623762376,0.3846770567715566
327.7821782178218,0.3759485599973085
327.8019801980198,0.36687889650829103
327.8217821782178,0.35747907576653887
327.84158415841586,0.3477606922558756
327.86138613861385,0.3377359618676431
327.8811881188119,0.32741776869226735
327.9009900990099,0.3168197252018242
327.92079207920796,0.3059562497758233
327.9405940594059,0.2948426668508
327.96039603960395,0.2834953368159558
327.980198019802,0.2719318253563947
328.0,0.2601711255945311
328.01980198019805,0.24823395159660555
328.03960396039605,0.23614312934417406
328.05940594059405,0.2239241222564949
328.07920792079204,0.21160574451540062
328.0990099009901,0.19922113940190153
328.11881188118815,0.18680913550134262
328.13861386138615,0.17441614658560461
328.1584158415842,0.16209885869132087
328.17821782178214,0.14992805833727416
328.1980198019802,0.1379941011382962
328.2178217821782,0.12641467596402062
328.23762376237624,0.1153455767258204
328.2574257425743,0.10499481164745975
328.2772277227723,0.09563869893200304
328.2970297029703,0.08763395182447989
328.3168316831683,0.08141056877754814
328.33663366336634,0.07742058988949257
328.35643564356434,0.07602711592493304
328.3762376237624,0.07737021420571837
328.39603960396045,0.0813038253546117
328.4158415841584,0.08745989801925305
328.43564356435644,0.09538291334641773
328.45544554455444,0.10464070454886165
328.4752475247525,0.11487532018928548
328.4950495049505,0.12580979482340113
328.51485148514854,0.13723583454140245
328.53465346534654,0.14899758315374026
328.55445544554453,0.16097743328326516
328.5742574257426,0.17308520896492335
328.5940594059406,0.1852503750043021
328.61386138613864,0.19741655260058877
328.63366336633663,0.20953768143978377
328.65346534653463,0.22157532642934666
328.6732673267327,0.23349677368884794
328.6930693069307,0.245273671452505
328.71287128712873,0.25688104959338937
328.73267326732673,0.26829660462468363
328.7524752475248,0.2795001727933467
328.7722772277227,0.2904733379055808
328.7920792079208,0.30119913672912485
328.81188118811883,0.3116618358280039
328.83168316831683,0.3218467612340438
328.8514851485149,0.33174016758543806
328.8712871287129,0.34132913701834217
328.8910891089109,0.35060150068096824
328.9108910891089,0.35954577758424117
328.9306930693069,0.36815112683330764
328.950495049505,0.37640731025293833
328.970297029703,0.38430466313159145
328.99009900990103,0.3918340713369588
329.00990099009897,0.39898695345079743
329.029702970297,0.4057552468687254
329.049504950495,0.41213139703694435
329.0693069306931,0.41810834917185125
329.0891089108911,0.4236795419417754
329.1089108910891,0.42883890269496155
329.1287128712871,0.43358084389875573
329.1485148514851,0.4379002605198304
329.16831683168317,0.44179252812596825
329.18811881188117,0.4452535015308967
329.2079207920792,0.4482795138366502
329.2277227722773,0.4508673757544441
329.2475247524752,0.45301437510721193
329.26732673267327,0.454718276434851
329.28712871287127,0.45597732063848556
329.3069306930693,0.4567902246129139
329.3267326732673,0.45715618082743237
329.34653465346537,0.4570748568249768
329.36633663366337,0.4565463946181708
329.38613861386136,0.4555714099690109
329.4059405940594,0.4541509915463629
329.4257425742574,0.45228669996309306
329.44554455445547,0.44998056670183056
329.46534653465346,0.44723509294657043
329.48514851485146,0.4440532483455085
329.5049504950495,0.4404384697398967
329.5247524752475,0.43639465990434
329.54455445544556,0.43192618635618074
329.56435643564356,0.42703788030613
329.5841584158416,0.42173503583960087
329.6039603960396,0.41602340943931704
329.6237623762376,0.4099092199854081
329.64356435643566,0.4033991494013257
329.66336633663366,0.39650034415382085
329.6831683168317,0.38922041786535394
329.7029702970297,0.381567455361517
329.7227722772277,0.3735500185576182
329.74257425742576,0.36517715469432516
329.76237623762376,0.3564584075693519
329.7821782178218,0.3474038325922091
329.8019801980198,0.3380240167268222
329.82178217821786,0.32833010470388607
329.8415841584158,0.3183338333113126
329.86138613861385,0.30804757615074546
329.8811881188119,0.2974844020424107
329.9009900990099,0.2866581513626917
329.92079207920796,0.2755835361424565
329.94059405940595,0.2642762719431693
329.96039603960395,0.25275325266943677
329.98019801980195,0.24103278404223144
330.0,0.22913489818093857
330.01980198019805,0.21708178177927748
330.03960396039605,0.20489836554946736
330.0594059405941,0.19261314590659143
330.07920792079204,0.18025934605361874
330.0990099009901,0.16787658043056505
330.1188118811881,0.1555132762240325
330.13861386138615,0.14323024711928115
330.1584158415842,0.13110603352212002
330.1782178217822,0.11924494461864629
330.1980198019802,0.10778914219553055
330.2178217821782,0.09693638014032177
330.23762376237624,0.0869642911049105
330.25742574257424,0.07825781938073348
330.2772277227723,0.07132322251088226
330.29702970297035,0.06674724000560718
330.3168316831683,0.06505011982227353
330.33663366336634,0.06646064162596368
330.35643564356434,0.0707892372905375
330.3762376237624,0.07753468240746104
330.3960396039604,0.08610897212211685
330.41584158415844,0.0959953941717522
330.43564356435644,0.10679773072047626
330.45544554455444,0.11822934975634407
330.4752475247525,0.13008606848854676
330.4950495049505,0.14222131971164512
330.51485148514854,0.15452780637488717
330.53465346534654,0.16692495231732454
330.55445544554453,0.17935054069781656
330.5742574257426,0.19175516307448753
330.5940594059406,0.20409850816306843
330.61386138613864,0.2163468503054966
330.63366336633663,0.22847132547145674
330.6534653465347,0.24044673024151658
330.6732673267327,0.25225067293505204
330.6930693069307,0.2638629653597311
330.71287128712873,0.27526518141611883
330.73267326732673,0.28644033307303546
330.7524752475248,0.2973726300403438
330.7722772277228,0.30804729990047175
330.7920792079208,0.3184504524412412
330.81188118811883,0.32856897666695895
330.83168316831683,0.3383904622184196
330.8514851485149,0.3479031391967534
330.8712871287129,0.357095831981501
330.89108910891093,0.36595792377035746
330.9108910891089,0.37447932938734785
330.9306930693069,0.3826504745032623
330.950495049505,0.39046227985076487
330.970297029703,0.3979061493428889
330.99009900990103,0.40497396124770235
331.009900990099,0.41165806175666714
331.029702970297,0.41795126042471364
331.049504950495,0.42384682706841004
331.0693069306931,0.4293384897920726
331.0891089108911,0.43442043387687285
331.1089108910891,0.43908730131954565
331.1287128712872,0.4433341908476592
331.1485148514851,0.44715665827076057
331.16831683168317,0.45055071705302036
331.18811881188117,0.4535128390137345
331.2079207920792,0.4560399550795883
331.2277227722773,0.4581294560266543
331.2475247524753,0.4597791931620824
331.26732673267327,0.4609874789056056
331.28712871287127,0.4617530872394031
331.3069306930693,0.46207525400283417
331.3267326732673,0.46195367701509205
331.34653465346537,0.46138851601505354
331.3663366336634,0.46038039241387607
331.38613861386136,0.45893038886108056
331.4059405940594,0.4570400486312004
331.4257425742574,0.4547113748435745
331.44554455445547,0.45194682953467236
331.46534653465346,0.44874933260900185
331.4851485148515,0.44512226070279226
331.5049504950495,0.4410694460035868
331.5247524752475,0.43659517507948786
331.54455445544556,0.4317041877843881
331.56435643564356,0.4264016763205755
331.5841584158416,0.420693284558537
331.6039603960396,0.4145851077362379
331.6237623762376,0.40808369268803474
331.64356435643566,0.40119603878846855
331.66336633663366,0.39392959983951
331.6831683168317,0.3862922871860264
331.7029702970297,0.3782924744146225
331.72277227722776,0.3699390040828329
331.7425742574257,0.3612411970437703
331.76237623762376,0.3522088650864077
331.7821782178218,0.34285232781561276
331.8019801980198,0.3331824349673177
331.82178217821786,0.323210595717933
331.84158415841586,0.31294881703934374
331.86138613861385,0.3024097538236292
331.88118811881185,0.29160677443112715
331.9009900990099,0.28055404661232286
331.92079207920796,0.26926665058667454
331.94059405940595,0.25776072867958905
331.960396039604,0.24605368470972702
331.98019801980195,0.2341644518783544
332.0,0.22211385618047264
332.019801980198,0.20992511482601922
332.03960396039605,0.19762452823179888
332.0594059405941,0.18524245372242187
332.0792079207921,0.17281469552700005
332.0990099009901,0.1603845193211028
332.1188118811881,0.14800561689830688
332.13861386138615,0.13574653224160896
332.15841584158414,0.12369734567984929
332.1782178217822,0.1119798167597078
332.19801980198025,0.10076263068265738
332.2178217821782,0.09028341349680832
332.23762376237624,0.08087712248093862
332.25742574257424,0.07300192910399853
332.2772277227723,0.06723231072809918
332.2970297029703,0.06416235333896117
332.31683168316835,0.06419156751810792
332.33663366336634,0.06731450587291347
332.35643564356434,0.0731237373021222
332.3762376237624,0.08102286387248187
332.3960396039604,0.09043878866418108
332.41584158415844,0.1009158122053571
332.43564356435644,0.11212122668725336
332.45544554455444,0.12381910758148235
332.4752475247525,0.13584198040789874
332.4950495049505,0.14806894062832668
332.51485148514854,0.16041052436815953
332.53465346534654,0.17279864895750863
332.5544554455446,0.18517998425145013
332.57425742574253,0.19751156262352546
332.5940594059406,0.2097578376628779
332.61386138613864,0.22188868485736357
332.63366336633663,0.23387802160480312
332.6534653465347,0.24570284015167515
332.6732673267327,0.25734252003928243
332.6930693069307,0.26877833266049717
332.7128712871287,0.2799930798429742
332.73267326732673,0.29097082728045276
332.7524752475248,0.30169670599743686
332.7722772277228,0.31215676323231356
332.79207920792084,0.3223378496402295
332.8118811881188,0.3322275334783299
332.83168316831683,0.34181403503531027
332.8514851485148,0.35108617638638057
332.8712871287129,0.36003334284283967
332.89108910891093,0.3686454533887103
332.91089108910893,0.3769129380652537
332.9306930693069,0.38482672075338775
332.9504950495049,0.3923782061655701
332.970297029703,0.39955927012825937
332.990099009901,0.4063622524390365
333.009900990099,0.412779951736402
333.0297029702971,0.4188056219380672
333.049504950495,0.4244329698945261
333.0693069306931,0.4296561539751251
333.08910891089107,0.4344697833592572
333.1089108910891,0.4388689178488875
333.1287128712871,0.44284906805314767
333.1485148514852,0.44640619582365787
333.16831683168317,0.44953671484141
333.18811881188117,0.4522374912744802
333.2079207920792,0.4545058444406565
333.2277227722772,0.4563395474216135
333.2475247524753,0.45773682758563644
333.26732673267327,0.4586963669848862
333.28712871287127,0.45921730260092264
333.3069306930693,0.4592992264189948
333.3267326732673,0.45894218531781766
333.34653465346537,0.4581466807674156
333.36633663366337,0.45691366833288055
333.3861386138614,0.45524455698760036
333.4059405940594,0.45314120824477966
333.4257425742574,0.450605935122015
333.44554455445547,0.44764150095996774
333.46534653465346,0.4442511181228863
333.4851485148515,0.44043844661695974
333.5049504950495,0.4362075926711102
333.5247524752475,0.43156310733596037
333.54455445544556,0.42650998516904637
333.56435643564356,0.42105366309004705
333.5841584158416,0.41520001950816904
333.6039603960396,0.40895537384722297
333.62376237623766,0.40232648662230996
333.6435643564356,0.39532056025781676
333.66336633663366,0.38794524088185967
333.6831683168317,0.38020862138927175
333.7029702970297,0.37211924613899167
333.72277227722776,0.3636861177463192
333.74257425742576,0.354918706553552
333.76237623762376,0.3458269635240137
333.78217821782175,0.33642133751730546
333.8019801980198,0.32671279818791493
333.82178217821786,0.3167128661308499
333.84158415841586,0.3064336524163686
333.8613861386139,0.29588791036644985
333.88118811881185,0.2850891034100482
333.9009900990099,0.27405149423349257
333.9207920792079,0.2627902623972267
333.94059405940595,0.2513216603952976
333.960396039604,0.23966322221147465
333.980198019802,0.22783404443367591
334.0,0.2158551689640219
334.019801980198,0.20375010996642104
334.03960396039605,0.1915455886115491
334.05940594059405,0.17927257179355446
334.0792079207921,0.16696776248189765
334.09900990099015,0.15467577142983535
334.1188118811881,0.14245233115965925
334.13861386138615,0.13036912098959583
334.15841584158414,0.11852108960296133
334.1782178217822,0.1070376008849587
334.1980198019802,0.09609916483926988
334.21782178217825,0.08596130568763283
334.23762376237624,0.07698408519844302
334.25742574257424,0.06965461166500055
334.2772277227723,0.06456449086547743
334.2970297029703,0.06228176476626788
334.31683168316835,0.06311575120051745
334.33663366336634,0.06694226551090124
334.35643564356434,0.07327645738123742
334.3762376237624,0.08151074291237902
334.3960396039604,0.0911006503512509
334.41584158415844,0.10162828962737017
334.43564356435644,0.11279349911832626
334.4554455445545,0.1243845956358797
334.4752475247525,0.13625122159033695
334.4950495049505,0.1482843992641412
334.51485148514854,0.16040302624533273
334.53465346534654,0.17254497568245739
334.5544554455446,0.1846612493929888
334.57425742574253,0.19671210557462399
334.5940594059406,0.20866446029103186
334.61386138613864,0.22049011700468374
334.63366336633663,0.23216454125570665
334.6534653465347,0.2436659996005565
334.6732673267327,0.254974945757133
334.6930693069307,0.2660735771320652
334.7128712871287,0.2769455105497163
334.73267326732673,0.28757554257038864
334.7524752475248,0.29794947064331456
334.7722772277228,0.30805395855884077
334.79207920792084,0.3178764345329932
334.8118811881188,0.32740501358590446
334.83168316831683,0.33662843818172744
334.8514851485148,0.345536032715508
334.8712871287129,0.3541176685809225
334.89108910891093,0.36236373737797106
334.91089108910893,0.3702651304181965
334.9306930693069,0.37781322312429455
334.9504950495049,0.38499986324610735
334.970297029703,0.39181736205793477
334.990099009901,0.3982584878854441
335.009900990099,0.4043164614496388
335.0297029702971,0.40998495262231616
335.049504950495,0.4152580782696596
335.0693069306931,0.42013040092512516
335.08910891089107,0.4245969280828147
335.1089108910891,0.42865311194255934
335.1287128712871,0.4322948494693958
335.1485148514852,0.43551848265558213
335.16831683168317,0.43832079889375775
335.18811881188117,0.4406990313865881
335.2079207920792,0.4426508595320001
335.2277227722772,0.44417440923448465
335.2475247524753,0.4452682531026006
335.26732673267327,0.4459314105009954
335.28712871287127,0.4461633474324236
335.3069306930693,0.44596397623145456
335.3267326732673,0.4453336550573057
335.34653465346537,0.4442731871785244
335.36633663366337,0.4427838200472915
335.3861386138614,0.44086724416608136
335.40594059405936,0.43852559175449185
335.4257425742574,0.43576143522941907
335.44554455445547,0.43257778551739196
335.46534653465346,0.4289780902244008
335.4851485148515,0.4249662316957066
335.5049504950495,0.4205465250065543
335.5247524752475,0.4157237159346461
335.5445544554455,0.4105029789771405
335.56435643564356,0.40488991548924347
335.5841584158416,0.3988905520391908
335.6039603960396,0.39251133909630853
335.62376237623766,0.38575915019600193
335.6435643564356,0.3786412817600451
335.66336633663366,0.37116545379413435
335.68316831683165,0.36333981174060803
335.7029702970297,0.35517292983635806
335.72277227722776,0.3466738164198226
335.74257425742576,0.337851921754046
335.76237623762376,0.32871714909573946
335.78217821782175,0.3192798699576721
335.8019801980198,0.30955094480486745
335.8217821782178,0.29954175082396867
335.84158415841586,0.28926421895390425
335.8613861386139,0.27873088312886163
335.88118811881185,0.2679549457586611
335.9009900990099,0.2569503650012813
335.9207920792079,0.245731971591735
335.94059405940595,0.2343156262263758
335.96039603960395,0.22271843331114488
335.980198019802,0.21095903414562672
336.0,0.19905801377128152
336.019801980198,0.18703847315097885
336.03960396039605,0.1749268461069097
336.05940594059405,0.16275408545176795
336.0792079207921,0.15055741703108974
336.0990099009901,0.138382984933601
336.1188118811881,0.1262899221656321
336.13861386138615,0.11435673857592474
336.15841584158414,0.10269150833852063
336.1782178217822,0.09144823271620846
336.1980198019802,0.08085274587861772
336.21782178217825,0.0712411014493254
336.2376237623762,0.06310554371163012
336.25742574257424,0.057113032781516526
336.2772277227723,0.05400254466918995
336.2970297029703,0.05427864989742726
336.31683168316835,0.05788644616167888
336.33663366336634,0.06424993757310063
336.35643564356434,0.07262312730603276
336.37623762376234,0.08236435066558301
336.3960396039604,0.0930095693064525
336.41584158415844,0.1042440352912798
336.43564356435644,0.11585616631356363
336.4554455445545,0.1277011847792809
336.47524752475243,0.13967701593164386
336.4950495049505,0.15170914443543462
336.5148514851485,0.16374118713858837
336.53465346534654,0.1757289693935863
336.5544554455446,0.18763673878354778
336.5742574257426,0.1994346964989731
336.5940594059406,0.21109735488717407
336.6138613861386,0.22260242317440931
336.63366336633663,0.23393003764925696
336.65346534653463,0.24506222091486196
336.6732673267327,0.25598249632574466
336.69306930693074,0.2666756094016574
336.7128712871287,0.27712732418956
336.73267326732673,0.28732427292487595
336.7524752475247,0.2972538441204896
336.7722772277228,0.30690409871108687
336.7920792079208,0.31626370691477224
336.81188118811883,0.3253219005506524
336.83168316831683,0.3340684369927978
336.8514851485148,0.34249357195506724
336.8712871287129,0.3505880390227865
336.8910891089109,0.358343034367911
336.91089108910893,0.36575020546272763
336.9306930693069,0.372801642886006
336.9504950495049,0.3794898745228113
336.970297029703,0.3858078616143629
336.990099009901,0.39174899623219456
337.009900990099,0.3973070998404101
337.029702970297,0.40247642267912087
337.0495049504951,0.40725164375552786
337.0693069306931,0.4116278712713165
337.08910891089107,0.4156006433476519
337.1089108910891,0.4191659289356838
337.1287128712871,0.4223201288211922
337.1485148514852,0.42506007664912276
337.16831683168317,0.42738303990740834
337.18811881188117,0.4292867208211255
337.2079207920792,0.43076925711719377
337.2277227722772,0.4318292226281523
337.2475247524753,0.4324656277101702
337.26732673267327,0.43267791945658207
337.2871287128713,0.4324659816936686
337.30693069306926,0.43183013475008064
337.3267326732673,0.4307711349963048
337.34653465346537,0.42929017415465975
337.36633663366337,0.4273888783852428
337.3861386138614,0.42506930715754354
337.4059405940594,0.42233395192279294
337.4257425742574,0.41918573460729486
337.4455445544554,0.4156280059533695
337.46534653465346,0.41166454374151623
337.4851485148515,0.4072995509359125
337.5049504950495,0.4025376538048774
337.52475247524757,0.3973839000803916
337.5445544554455,0.391843757234904
337.56435643564356,0.38592311097182946
337.58415841584156,0.3796282640485253
337.6039603960396,0.37296593557846675
337.62376237623766,0.365943260995055
337.64356435643566,0.3585677929047383
337.66336633663366,0.3508475031154976
337.68316831683165,0.3427907862025079
337.7029702970297,0.3344064650716944
337.7227722772277,0.32570379911238917
337.74257425742576,0.3166924957042743
337.7623762376238,0.3073827260768511
337.78217821782175,0.29778514683650936
337.8019801980198,0.2879109289100416
337.8217821782178,0.27777179625485166
337.84158415841586,0.267380077529
337.86138613861385,0.2567487751110551
337.8811881188119,0.24589165758080733
337.9009900990099,0.23482338428305094
337.9207920792079,0.2235596743147985
337.94059405940595,0.21211753787173668
337.96039603960395,0.20051559645453446
337.980198019802,0.18877453178471615
338.0,0.1769177244859122
338.019801980198,0.1649721779480642
338.03960396039605,0.15296987960245234
338.05940594059405,0.14094984762328625
338.0792079207921,0.12896127541526708
338.0990099009901,0.11706847157168182
338.11881188118815,0.10535878786453369
338.13861386138615,0.09395555994174122
338.15841584158414,0.08303933621928651
338.1782178217822,0.07288186700342122
338.1980198019802,0.06389536745024818
338.21782178217825,0.05668290598963721
338.23762376237624,0.05202130748496324
338.25742574257424,0.05064019347001282
338.2772277227723,0.05280311634929237
338.2970297029703,0.058108302810280746
338.31683168316835,0.06578258719238246
338.33663366336634,0.07507840073483164
338.3564356435644,0.08543822852725402
338.37623762376234,0.09648624341315472
338.3960396039604,0.10797493495350338
338.41584158415844,0.11973904604786902
338.43564356435644,0.1316648402959625
338.4554455445545,0.1436710897687206
338.4752475247525,0.15569749192796886
338.4950495049505,0.16769755108678278
338.5148514851485,0.179634122459179
338.53465346534654,0.19147656150923414
338.5544554455446,0.20319885925086628
338.5742574257426,0.21477839615513145
338.59405940594064,0.22619509274975996
338.6138613861386,0.23743082006193142
338.63366336633663,0.24846898372409282
338.65346534653463,0.2592942263478549
338.6732673267327,0.2698922118555449
338.69306930693074,0.2802494675248549
338.71287128712873,0.2903532672756714
338.73267326732673,0.30019154482636906
338.7524752475247,0.3097528287477234
338.7722772277228,0.3190261937465586
338.7920792079208,0.32800122409634036
338.81188118811883,0.33666798623670635
338.8316831683169,0.345017008344925
338.8514851485148,0.35303926524047174
338.8712871287129,0.3607261673879501
338.8910891089109,0.3680695530589402
338.91089108910893,0.37506168293173764
338.9306930693069,0.38169523657055066
338.950495049505,0.38796331034869
338.970297029703,0.3938594164729799
338.990099009901,0.3993774828383952
339.009900990099,0.4045118534966761
339.029702970297,0.4092572895658649
339.0495049504951,0.4136089704411967
339.0693069306931,0.4175624951945137
339.08910891089107,0.4211138840706251
339.1089108910891,0.4242595800061108
339.1287128712871,0.42699645010995446
339.1485148514852,0.42932178705682217
339.16831683168317,0.4312333103533015
339.1881188118812,0.43272916744518986
339.20792079207916,0.4338079346409784
339.2277227722772,0.43446861783240204
339.2475247524753,0.43471065299814965
339.26732673267327,0.4345339064818056
339.2871287128713,0.433938675039334
339.3069306930693,0.432925685655794
339.3267326732673,0.4314960951353093
339.3465346534653,0.4296514894725239
339.36633663366337,0.4273938830185559
339.3861386138614,0.4247257174593111
339.4059405940594,0.42164986062969667
339.42574257425747,0.4181696051935237
339.4455445544554,0.4142886672262518
339.46534653465346,0.4100111847463414
339.48514851485146,0.4053417162511883
339.5049504950495,0.40028523932630516
339.52475247524757,0.3948471494110469
339.54455445544556,0.38903325882339923
339.56435643564356,0.3828497961690217
339.58415841584156,0.3763034062889097
339.6039603960396,0.36940115093644915
339.6237623762376,0.3621505104210197
339.64356435643566,0.35455938651455815
339.6633663366337,0.34663610699420083
339.68316831683165,0.3383894322932913
339.7029702970297,0.32982856486374573
339.7227722772277,0.3209631620246908
339.74257425742576,0.3118033533021598
339.76237623762376,0.30235976357339195
339.7821782178218,0.2926435437490168
339.8019801980198,0.2826664113023772
339.8217821782178,0.27244070375406443
339.84158415841586,0.2619794493411818
339.86138613861385,0.2512964606929067
339.8811881188119,0.2404064596251025
339.9009900990099,0.2293252445071757
339.9207920792079,0.21806991659682748
339.94059405940595,0.20665918916049322
339.96039603960395,0.195113814521744
339.980198019802,0.1834571817421452
340.0,0.17171616532875483
340.01980198019805,0.15992234973430533
340.039603960396,0.14811382658437902
340.05940594059405,0.1363378803076389
340.0792079207921,0.12465507409900946
340.0990099009901,0.11314556914886445
340.11881188118815,0.10191901252970355
340.13861386138615,0.09113001686405214
340.15841584158414,0.08100180270732792
340.17821782178214,0.0718593781333929
340.1980198019802,0.06416541250630386
340.21782178217825,0.058525934961678044
340.23762376237624,0.05559075467522295
340.2574257425743,0.05579644893883037
340.27722772277224,0.05910597155218262
340.2970297029703,0.06503260693973445
340.3168316831683,0.07291852736797089
340.33663366336634,0.08217325916338218
340.3564356435644,0.09235361141707345
340.3762376237624,0.10315017929239746
340.3960396039604,0.11435059639227677
340.4158415841584,0.12580746808239837
340.43564356435644,0.13741593007645847
340.45544554455444,0.14909904356773515
340.4752475247525,0.16079847725029198
340.49504950495054,0.17246854656341548
340.5148514851485,0.1840723520766403
340.53465346534654,0.19557923542423378
340.55445544554453,0.2069630726716487
340.5742574257426,0.21820110874339796
340.5940594059406,0.2292731476897404
340.61386138613864,0.24016098119640125
340.63366336633663,0.25084797939325276
340.65346534653463,0.261318794063736
340.6732673267327,0.27155914091111266
340.6930693069307,0.28155563823560276
340.71287128712873,0.2912956864027666
340.73267326732673,0.300767377171563
340.7524752475247,0.30995942512535785
340.7722772277228,0.3188611156307269
340.7920792079208,0.32746226526740496
340.81188118811883,0.33575319174413537
340.83168316831683,0.34372469107945663
340.8514851485149,0.3513680203785756
340.8712871287129,0.35867488494002925
340.8910891089109,0.3656374287228449
340.91089108910893,0.37224822742561925
340.9306930693069,0.3785002835950607
340.950495049505,0.3843870233071254
340.970297029703,0.389902294059997
340.990099009901,0.39504036359202893
341.009900990099,0.39979591939528103
341.029702970297,0.4041640687401148
341.0495049504951,0.4081403390617746
341.0693069306931,0.41172067858783906
341.0891089108911,0.41490145710812426
341.10891089108907,0.41767946680658674
341.1287128712871,0.4200519230896512
341.1485148514852,0.42201646535742304
341.16831683168317,0.42357115767452225
341.1881188118812,0.4247144893054789
341.2079207920792,0.42544537508710406
341.2277227722772,0.42576315561641226
341.2475247524752,0.4256675972382513
341.26732673267327,0.42515889182181155
341.2871287128713,0.42423765631992916
341.3069306930693,0.4229049321094817
341.3267326732674,0.421162184115713
341.3465346534653,0.41901129972777623
341.36633663366337,0.4164545875175429
341.38613861386136,0.41349477577883353
341.4059405940594,0.4101350109100505
341.42574257425747,0.4063788556695628
341.44554455445547,0.4022302873407904
341.46534653465346,0.39769369585289027
341.48514851485146,0.3927738819135091
341.5049504950495,0.38747605522306633
341.5247524752475,0.3818058328559088
341.54455445544556,0.3757692379131798
341.5643564356436,0.3693726985769624
341.58415841584156,0.36262304772595383
341.6039603960396,0.35552752331230264
341.6237623762376,0.3480937697494137
341.64356435643566,0.34032984062541394
341.66336633663366,0.33224420314134895
341.6831683168317,0.3238457447838299
341.7029702970297,0.3151437828885964
341.7227722772277,0.3061480779469729
341.74257425742576,0.2968688517713687
341.76237623762376,0.28731681199528586
341.7821782178218,0.27750318487814624
341.8019801980198,0.26743975907389356
341.8217821782178,0.2571389439924059
341.84158415841586,0.24661384776635495
341.86138613861385,0.2358783818369429
341.8811881188119,0.22494740210650982
341.9009900990099,0.213836900976813
341.92079207920796,0.2025642712091166
341.94059405940595,0.1911486727347156
341.96039603960395,0.1796115495342215
341.980198019802,0.1679773692694228
342.0,0.1562747000383377
342.01980198019805,0.14453780793234572
342.03960396039605,0.13280907641865614
342.05940594059405,0.12114275012553691
342.0792079207921,0.10961085379719604
342.0990099009901,0.0983127303648201
342.11881188118815,0.08739059166498969
342.13861386138615,0.0770547026770973
342.1584158415842,0.06762211337088216
342.17821782178214,0.05956663514546515
342.1980198019802,0.05354891188017467
342.21782178217825,0.050329485577854015
342.23762376237624,0.050457244475941306
342.2574257425743,0.05390531280888183
342.2772277227723,0.060090813916175954
342.2970297029703,0.06825133719084477
342.3168316831683,0.07773928020308483
342.33663366336634,0.08809441013355096
342.3564356435644,0.09900957169882098
342.3762376237624,0.11028096599736947
342.39603960396045,0.1217705027986051
342.4158415841584,0.13338149597613852
342.43564356435644,0.14504368329029466
342.45544554455444,0.15670403518972503
342.4752475247525,0.1683210440707045
342.49504950495054,0.17986110645716183
342.51485148514854,0.191296181082993
342.53465346534654,0.20260223990921875
342.55445544554453,0.21375822243891712
342.5742574257426,0.22474531633679076
342.5940594059406,0.23554645397587756
342.61386138613864,0.24614595465754424
342.6336633663367,0.2565292668948448
342.65346534653463,0.2666827805848614
342.6732673267327,0.2765936887491834
342.6930693069307,0.28624988492724435
342.71287128712873,0.2956398865441191
342.73267326732673,0.3047527774218356
342.7524752475248,0.3135781645473994
342.7722772277228,0.3221061455562464
342.7920792079208,0.33032728433434183
342.81188118811883,0.33823259281317336
342.83168316831683,0.3458135175144806
342.8514851485149,0.3530619297524055
342.8712871287129,0.35997011865871514
342.8910891089109,0.36653078638793624
342.91089108910893,0.3727370450027838
342.9306930693069,0.37858241464854475
342.950495049505,0.38406082270779085
342.970297029703,0.3891666036903176
342.99009900990103,0.3938944996623658
343.00990099009897,0.398239661057859
343.029702970297,0.40219764774452127
343.0495049504951,0.40576443024180286
343.0693069306931,0.40893639100684603
343.0891089108911,0.4117103257202453
343.1089108910891,0.41408344451592277
343.1287128712871,0.4160533731099314
343.1485148514851,0.41761815379166717
343.16831683168317,0.418776246248233
343.1881188118812,0.41952652819897107
343.2079207920792,0.41986829582275276
343.2277227722773,0.4198012639652816
343.2475247524752,0.419325566118403
343.26732673267327,0.4184417541673193
343.28712871287127,0.4171507979058502
343.3069306930693,0.41545408432389136
343.3267326732674,0.4133534166752967
343.34653465346537,0.410851013338947
343.36633663366337,0.4079495064906461
343.38613861386136,0.4046519406086306
343.4059405940594,0.40096177084211415
343.4257425742574,0.3968828612791062
343.44554455445547,0.39241948315860353
343.4653465346535,0.3875763130823748
343.48514851485146,0.3823584312941543
343.5049504950495,0.37677132010949904
343.5247524752475,0.3708208625984165
343.54455445544556,0.364513341646955
343.56435643564356,0.3578554395539081
343.5841584158416,0.3508542383570411
343.6039603960396,0.34351722113227734
343.6237623762376,0.33585227457261757
343.64356435643566,0.32786769323612547
343.66336633663366,0.3195721859605251
343.6831683168317,0.31097488508572724
343.7029702970297,0.30208535931747005
343.7227722772277,0.2929136313245743
343.74257425742576,0.2834702015157122
343.76237623762376,0.2737660799290423
343.7821782178218,0.26381282884698576
343.8019801980198,0.25362261970743893
343.82178217821786,0.24320830925193332
343.8415841584158,0.23258354183667837
343.86138613861385,0.22176288774996278
343.8811881188119,0.21076203173777258
343.9009900990099,0.19959803255600703
343.92079207920796,0.18828968459409964
343.94059405940595,0.17685802871856343
343.96039603960395,0.16532708534637278
343.98019801980195,0.15372492514240021
344.0,0.14208526362743978
344.01980198019805,0.13044988686983341
344.03960396039605,0.11887242488110933
344.0594059405941,0.10742435508876297
344.07920792079204,0.09620475015235422
344.0990099009901,0.08535631617460249
344.1188118811881,0.07509164973886898
344.13861386138615,0.06573412215741575
344.1584158415842,0.05777127241900261
344.1782178217822,0.05188680508017261
344.1980198019802,0.048863671354809006
344.2178217821782,0.04924386173270005
344.23762376237624,0.05295264107881828
344.25742574257424,0.05935683451913679
344.2772277227723,0.06767481918096609
344.29702970297035,0.07726428654748466
344.3168316831683,0.08767804758552779
344.33663366336634,0.09862122935556836
344.35643564356434,0.10989944838508389
344.3762376237624,0.12138137540971672
344.3960396039604,0.13297510711615626
344.41584158415844,0.14461378560756494
344.43564356435644,0.15624684179414702
344.45544554455444,0.167834580378444
344.4752475247525,0.17934475978269843
344.4950495049505,0.19075038263452213
344.51485148514854,0.202028236299608
344.53465346534654,0.21315790853187305
344.55445544554453,0.22412111074528754
344.5742574257426,0.23490120466931677
344.5940594059406,0.2454828661365138
344.61386138613864,0.2558518430325506
344.63366336633663,0.26599477899957985
344.6534653465347,0.27589908376890987
344.6732673267327,0.28555283703054696
344.6930693069307,0.29494471673447875
344.71287128712873,0.30406394539765835
344.73267326732673,0.3129002498191958
344.7524752475248,0.3214438308717492
344.7722772277227,0.3296853409254114
344.7920792079208,0.33761586709147307
344.81188118811883,0.34522691892734986
344.83168316831683,0.35251041957393425
344.8514851485149,0.3594586995394136
344.8712871287129,0.36606449252328
344.8910891089109,0.3723209328096473
344.9108910891089,0.37822155386055506
344.9306930693069,0.38376028781802773
344.950495049505,0.3889314656832684
344.970297029703,0.39372981798798506
344.99009900990103,0.39815047580868224
345.00990099009897,0.4021889720037853
345.029702970297,0.4058412425754722
345.049504950495,0.40910362807677614
345.0693069306931,0.41197287499871227
345.0891089108911,0.41444613708420924
345.1089108910891,0.4165209765253503
345.1287128712871,0.4181953650084997
345.1485148514851,0.4194676845787697
345.16831683168317,0.42033672830086105
345.18811881188117,0.4208017006986436
345.2079207920792,0.4208622179599727
345.2277227722773,0.4205183078973436
345.2475247524752,0.419770409658782
345.26732673267327,0.41861937318659587
345.28712871287127,0.41706645842535983
345.3069306930693,0.4151133342837305
345.3267326732673,0.4127620773583663
345.34653465346537,0.41001517043217406
345.36633663366337,0.4068755007631287
345.38613861386136,0.4033463581848793
345.4059405940594,0.3994314330457405
345.4257425742574,0.39513481401906575
345.44554455445547,0.3904609858256633
345.46534653465346,0.38541482691806683
345.48514851485146,0.3800016071876163
345.5049504950495,0.37422698576901214
345.5247524752475,0.3680970090342445
345.54455445544556,0.36161810888893486
345.56435643564356,0.35479710151137933
345.5841584158416,0.3476411867088545
345.6039603960396,0.3401579481101548
345.6237623762376,0.332355354470423
345.64356435643566,0.3242417624393389
345.66336633663366,0.3158259212420364
345.6831683168317,0.30711697985330955
345.7029702970297,0.2981244974211172
345.7227722772277,0.28885845793352544
345.74257425742576,0.27932929044888394
345.76237623762376,0.2695478966601543
345.7821782178218,0.25952568819575345
345.8019801980198,0.24927463695520122
345.82178217821786,0.23880734306519594
345.8415841584158,0.22813712691938012
345.86138613861385,0.2172781545447776
345.8811881188119,0.20624560972292874
345.9009900990099,0.19505593270595326
345.92079207920796,0.18372715538227366
345.94059405940595,0.17227937870688187
345.96039603960395,0.16073546420536508
345.98019801980195,0.14912205467292708
346.0,0.13747111308363205
346.01980198019805,0.125822297800312
346.03960396039605,0.11422672261170232
346.0594059405941,0.10275306827955892
346.07920792079204,0.09149777299923831
346.0990099009901,0.08060236949509784
346.1188118811881,0.07028310475139798
346.13861386138615,0.06087965324665739
346.1584158415842,0.0529234569598472
346.1782178217822,0.047184791871982296
346.1980198019802,0.044548612251502286
346.2178217821782,0.045561163501750074
346.23762376237624,0.04999225473902117
346.25742574257424,0.05703151710361453
346.2772277227723,0.0658212013712921
346.29702970297035,0.07572294324961742
346.3168316831683,0.08632013829776379
346.33663366336634,0.09734873391063543
346.35643564356434,0.10863852544408062
346.3762376237624,0.12007577986616794
346.3960396039604,0.13158116835901423
346.41584158415844,0.1430968615143024
346.43564356435644,0.15457886862283635
346.45544554455444,0.1659923796886333
346.4752475247525,0.17730885741205876
346.4950495049505,0.18850417385122784
346.51485148514854,0.19955738699039788
346.53465346534654,0.210449919353581
346.55445544554453,0.22116499538125325
346.5742574257426,0.23168724913523864
346.5940594059406,0.24200244646829142
346.61386138613864,0.25209728559220357
346.63366336633663,0.2619592522824234
346.6534653465347,0.27157651376513003
346.6732673267326,0.2809378403864817
346.6930693069307,0.2900325474943632
346.71287128712873,0.2988504521965523
346.73267326732673,0.30738184118009604
346.7524752475248,0.31561744682894616
346.7722772277228,0.3235484296136933
346.7920792079208,0.33116636525101506
346.8118811881188,0.33846323550663193
346.83168316831683,0.34543142178900493
346.8514851485149,0.3520637008820991
346.8712871287129,0.35835324231464744
346.89108910891093,0.3642936069750291
346.9108910891089,0.3698787466655615
346.9306930693069,0.37510300435436456
346.9504950495049,0.3799611149326636
346.970297029703,0.3844482063237434
346.99009900990103,0.38855980082008806
347.009900990099,0.39229181654867795
347.029702970297,0.3956405689835414
347.049504950495,0.39860277243960485
347.0693069306931,0.40117554149420054
347.08910891089107,0.4033563922925527
347.1089108910891,0.40514324370176963
347.1287128712872,0.4065344182849921
347.1485148514851,0.40752864307271425
347.16831683168317,0.4081250501139967
347.18811881188117,0.40832317679410396
347.2079207920792,0.4081229659095425
347.2277227722772,0.40752476549483757
347.2475247524753,0.4065293283991036
347.26732673267327,0.4051378116136899
347.28712871287127,0.4033517753557646
347.3069306930693,0.40117318191618184
347.3267326732673,0.39860439428378086
347.34653465346537,0.39564817456268153
347.36633663366337,0.3923076822035148
347.38613861386136,0.38858647207536834
347.4059405940594,0.38448849241136496
347.4257425742574,0.380018082668471
347.44554455445547,0.3751799713513087
347.46534653465346,0.36997927386081814
347.4851485148515,0.3644214904424433
347.50495049504946,0.35851250432550874
347.5247524752475,0.35225858016692063
347.54455445544556,0.34566636293936176
347.56435643564356,0.3387428774385751
347.5841584158416,0.33149552862891524
347.6039603960396,0.3239321031033616
347.6237623762376,0.3160607720097282
347.6435643564356,0.30789009589334676
347.66336633663366,0.2994290320381044
347.6831683168317,0.29068694506430437
347.7029702970297,0.2816736217810747
347.72277227722776,0.2723992916186747
347.7425742574257,0.262874654420329
347.76237623762376,0.25311091800918384
347.78217821782175,0.24311984884929128
347.8019801980198,0.23291384041840732
347.82178217821786,0.22250600580611177
347.84158415841586,0.21191030386009066
347.86138613861385,0.20114171243662982
347.88118811881185,0.1902164688036859
347.9009900990099,0.17915240739433627
347.9207920792079,0.1679694413011674
347.94059405940595,0.15669026030169234
347.960396039604,0.14534136223866034
347.98019801980195,0.1339546097735685
348.0,0.12256963597517238
348.019801980198,0.11123765693295007
348.03960396039605,0.10002767525544802
348.05940594059405,0.08903683066411261
348.0792079207921,0.07840800463653849
348.0990099009901,0.06835982377600887
348.1188118811881,0.05923562380385774
348.13861386138615,0.0515705449295044
348.15841584158414,0.046131705910822295
348.1782178217822,0.04377816755848821
348.1980198019802,0.04500301477620266
348.2178217821782,0.04953455533277908
348.23762376237624,0.056566599272502946
348.25742574257424,0.06527170429703887
348.2772277227723,0.07504053370464601
348.2970297029703,0.08547622409005458
348.31683168316835,0.09632681683174497
348.33663366336634,0.10742940592416064
348.35643564356434,0.11867475661453615
348.3762376237624,0.12998641118415535
348.3960396039604,0.1413084467831141
348.41584158415844,0.15259819066650238
348.43564356435644,0.16382178008642637
348.45544554455444,0.17495138401648958
348.4752475247525,0.1859634192884532
348.4950495049505,0.19683737719778735
348.51485148514854,0.20755503444027118
348.53465346534654,0.21809991186829075
348.5544554455446,0.2284568966454842
348.57425742574253,0.23861197437505074
348.5940594059406,0.2485520366539951
348.61386138613864,0.25826474125703053
348.63366336633663,0.26773840962395135
348.6534653465347,0.2769619511656397
348.6732673267327,0.2859248070994019
348.6930693069307,0.294616908669437
348.7128712871287,0.3030286460711605
348.73267326732673,0.311150845410441
348.7524752475248,0.31897475173942913
348.7722772277228,0.32649201671521466
348.79207920792084,0.333694689790982
348.8118811881188,0.3405752121135012
348.83168316831683,0.34712641249484827
348.8514851485148,0.35334150497089023
348.8712871287129,0.3592140875668892
348.89108910891093,0.36473814197275145
348.91089108910893,0.36990803389270743
348.9306930693069,0.3747185138824404
348.9504950495049,0.37916471852390976
348.970297029703,0.383242171817385
348.990099009901,0.38694678669320137
349.009900990099,0.39027486656395327
349.0297029702971,0.39322310685268513
349.049504950495,0.3957885964443681
349.0693069306931,0.3979688190175938
349.08910891089107,0.39976165422161436
349.1089108910891,0.40116537867016633
349.1287128712871,0.4021786667295431
349.1485148514852,0.402800591082834
349.16831683168317,0.40303062305680226
349.18811881188117,0.40286863270142126
349.2079207920792,0.40231488861555775
349.2277227722772,0.40137005751569577
349.2475247524753,0.40003520354753647
349.26732673267327,0.39831178734342004
349.28712871287127,0.396201664831956
349.3069306930693,0.39370708580926794
349.3267326732673,0.3908306922852684
349.34653465346537,0.3875755166223066
349.36633663366337,0.38394497948826856
349.3861386138614,0.37994288765169015
349.4059405940594,0.37557343165284685
349.4257425742574,0.3708411833925177
349.44554455445547,0.36575109368956754
349.46534653465346,0.3603084898699268
349.4851485148515,0.35451907346389944
349.5049504950495,0.3483889181065667
349.5247524752475,0.3419244677586816
349.54455445544556,0.33513253539401694
349.56435643564356,0.3280203023362671
349.5841584158416,0.3205953184759702
349.6039603960396,0.312865503660508
349.62376237623766,0.30483915063204153
349.6435643564356,0.2965249299972658
349.66336633663366,0.28793189785905215
349.6831683168317,0.27906950693792376
349.7029702970297,0.26994762228253805
349.72277227722776,0.26057654304346495
349.74257425742576,0.25096703231050377
349.76237623762376,0.24113035775978384
349.78217821782175,0.2310783469299278
349.8019801980198,0.22082346251276752
349.82178217821786,0.2103789053659662
349.84158415841586,0.19975875645564556
349.8613861386139,0.18897817431252317
349.88118811881185,0.17805367300290947
349.9009900990099,0.16700351907934036
349.9207920792079,0.15584830800754867
349.94059405940595,0.14461181750840052
349.960396039604,0.13332229882007232
349.980198019802,0.12201447924197675
350.0,0.1107327533017458
350.019801980198,0.09953641929836012
350.03960396039605,0.08850853531307133
350.05940594059405,0.07777131870766323
350.0792079207921,0.0675133998271017
350.09900990099015,0.058037461898023224
350.1188118811881,0.049835700376584295
350.13861386138615,0.04366876708726347
350.15841584158414,0.040501557589250274
350.1782178217822,0.04104334685584
350.1980198019802,0.045155197688371396
350.21782178217825,0.05198029955265608
350.23762376237624,0.060584569648666195
350.25742574257424,0.07028841057274401
350.2772277227723,0.08066307651661811
350.2970297029703,0.09144511815829504
350.31683168316835,0.10246883952732748
350.33663366336634,0.11362550622436253
350.35643564356434,0.12484021828642736
350.3762376237624,0.1360588020305368
350.3960396039604,0.1472402161504725
350.41584158415844,0.15835202273029486
350.43564356435644,0.16936760345815807
350.4554455445545,0.18026439853229323
350.47524752475243,0.19102276263544113
350.4950495049505,0.2016252038099496
350.51485148514854,0.2120558662188999
350.53465346534654,0.22230017202987576
350.5544554455446,0.23234456942515766
350.5742574257426,0.2421763528226391
350.5940594059406,0.2517835331310689
350.6138613861386,0.2611547432482522
350.63366336633663,0.27027916875438646
350.6534653465347,0.2791464968585859
350.6732673267327,0.2877468787268734
350.69306930693074,0.2960709017225788
350.7128712871287,0.30410956905580083
350.73267326732673,0.3118542850119731
350.7524752475247,0.31929684440668155
350.7722772277228,0.3264294252549385
350.79207920792084,0.3332445838908061
350.81188118811883,0.33973525195438253
350.83168316831683,0.3458947347973496
350.8514851485148,0.35171671095867885
350.8712871287129,0.35719523243776075
350.8910891089109,0.3623247255497149
350.91089108910893,0.36709999219217615
350.930693069307,0.37151621138672475
350.9504950495049,0.37556894098525756
350.970297029703,0.3792541194523702
350.990099009901,0.3825680676516882
351.009900990099,0.38550749057732114
351.029702970297,0.38806947898252414
351.0495049504951,0.3902515108663848
351.0693069306931,0.3920514527865508
351.08910891089107,0.3934675609721562
351.1089108910891,0.39449848221609124
351.1287128712871,0.3951432545301352
351.1485148514852,0.3954013075503993
351.16831683168317,0.39527246268368205
351.18811881188117,0.39475693298867465
351.2079207920792,0.39385532278863095
351.2277227722772,0.39256862701505724
351.2475247524753,0.39089823028459475
351.26732673267327,0.38884590571417077
351.2871287128713,0.38641381348241516
351.30693069306926,0.3836044991485622
351.3267326732673,0.3804208917436368
351.34653465346537,0.3768663016527399
351.36633663366337,0.37294441831198244
351.3861386138614,0.3686593077491854
351.4059405940594,0.36401541000403226
351.4257425742574,0.35901753647149615
351.4455445544554,0.3536708672221561
351.46534653465346,0.3479809483654418
351.4851485148515,0.3419536895369142
351.5049504950495,0.33559536161029796
351.52475247524757,0.3289125947595814
351.5445544554455,0.3219123770280831
351.56435643564356,0.31460205360266036
351.58415841584156,0.30698932704478715
351.6039603960396,0.2990822588011322
351.62376237623766,0.2908892724106679
351.64356435643566,0.28241915895187336
351.66336633663366,0.2736810854462073
351.68316831683165,0.2646846071700164
351.7029702970297,0.2554396851557646
351.7227722772277,0.24595671062473518
351.74257425742576,0.23624653875106458
351.7623762376238,0.22632053510659023
351.78217821782175,0.2161906395287952
351.8019801980198,0.20586945423039185
351.8217821782178,0.19537036611903402
351.84158415841586,0.18470771816704581
351.86138613861385,0.1738970523628836
351.8811881188119,0.16295545919758178
351.9009900990099,0.1519020891993637
351.9207920792079,0.14075891697504506
351.94059405940595,0.12955190934977362
351.96039603960395,0.1183128594736913
351.980198019802,0.10708235418301394
352.0,0.09591473694929027
352.019801980198,0.0848867100283594
352.03960396039605,0.07411278759560981
352.05940594059405,0.06377388636874161
352.0792079207921,0.05417053319139733
352.0990099009901,0.04581537241561943
352.11881188118815,0.039548343861528
352.13861386138615,0.03648960320626255
352.15841584158414,0.03744452146334342
352.1782178217822,0.0421362895114301
352.1980198019802,0.049497646236410814
352.21782178217825,0.05850607196473284
352.23762376237624,0.06848607932693267
352.25742574257424,0.07903830944193274
352.2772277227723,0.08992690553294888
352.2970297029703,0.10100677443387679
352.31683168316835,0.11218367611403361
352.33663366336634,0.12339282567889236
352.3564356435644,0.13458718558978258
352.37623762376234,0.14573084040750084
352.3960396039604,0.15679510936467222
352.41584158415844,0.1677561848114882
352.43564356435644,0.17859365130208296
352.4554455445545,0.18928953014586586
352.4752475247525,0.1998276473036555
352.4950495049505,0.2101932059226412
352.5148514851485,0.22037249172191167
352.53465346534654,0.23035266663037138
352.5544554455446,0.24012162227887507
352.5742574257426,0.24966787485206215
352.59405940594064,0.2589804890038143
352.6138613861386,0.26804902250518525
352.63366336633663,0.2768634858808511
352.65346534653463,0.2854143130099063
352.6732673267327,0.29369233982942405
352.69306930693074,0.30168878907774616
352.71287128712873,0.30939525957097475
352.73267326732673,0.31680371889927883
352.7524752475247,0.3239064987107997
352.7722772277228,0.3306962919548104
352.7920792079208,0.3371661516046046
352.81188118811883,0.34330949049102294
352.8316831683169,0.34912008196006644
352.8514851485148,0.3545920611299072
352.8712871287129,0.3597199265702894
352.8910891089109,0.36449854226339784
352.91089108910893,0.36892313973352037
352.9306930693069,0.3729893202548898
352.950495049505,0.3766930570642128
352.970297029703,0.380030697518359
352.990099009901,0.3829989651485548
353.009900990099,0.38559496157141654
353.029702970297,0.3878161682244288
353.0495049504951,0.3896604478994671
353.0693069306931,0.3911260460529779
353.08910891089107,0.39221159187580606
353.1089108910891,0.392916099109141
353.1287128712871,0.39323896659650426
353.1485148514852,0.3931799785643719
353.16831683168317,0.3927393046268655
353.1881188118812,0.3919174995122766
353.2079207920792,0.3907155025118592
353.2277227722772,0.38913463665340586
353.2475247524753,0.38717660760499906
353.26732673267327,0.38484350231661524
353.2871287128713,0.38213778741042115
353.3069306930693,0.37906230733367
353.3267326732673,0.3756202822916095
353.34653465346537,0.37181530598240475
353.36633663366337,0.36765134316062825
353.3861386138614,0.36313272706213645
353.4059405940594,0.3582641567301399
353.42574257425747,0.3530506942912611
353.4455445544554,0.34749776224108225
353.46534653465346,0.3416111408124179
353.4851485148515,0.33539696551657916
353.5049504950495,0.32886172496961824
353.52475247524757,0.32201225914338316
353.54455445544556,0.31485575821709155
353.56435643564356,0.30739976225190535
353.58415841584156,0.29965216197233535
353.6039603960396,0.2916212010199677
353.62376237623766,0.28331548015361485
353.64356435643566,0.2747439640177049
353.6633663366337,0.2659159913016322
353.68316831683165,0.25684128939083434
353.7029702970297,0.2475299949988729
353.7227722772277,0.2379926828195164
353.74257425742576,0.22824040502702153
353.7623762376238,0.21828474560148867
353.7821782178218,0.2081378951555038
353.8019801980198,0.19781275449460364
353.8217821782178,0.18732307906166176
353.84158415841586,0.1766836825396001
353.86138613861385,0.165910727671013
353.8811881188119,0.15502214835796158
353.90099009900996,0.1440382739635643
353.9207920792079,0.13298277307834858
353.94059405940595,0.12188411638842604
353.96039603960395,0.11077790939541969
353.980198019802,0.09971073201356255
354.0,0.08874668111457536
354.01980198019805,0.07797892855757733
354.03960396039605,0.06755083450133544
354.05940594059405,0.057695291282436514
354.0792079207921,0.048806307352551585
354.0990099009901,0.04154942150630561
354.11881188118815,0.036929757214976405
354.13861386138615,0.03599196133665626
354.15841584158414,0.03900059341133149
354.1782178217822,0.04515941990792347
354.1980198019802,0.05336610839555427
354.21782178217825,0.06279450201402553
354.23762376237624,0.07294017450401614
354.2574257425743,0.08350727732099533
354.27722772277224,0.09431765702693692
354.2970297029703,0.10525854436070872
354.31683168316835,0.11625442586541389
354.33663366336634,0.1272518318515888
354.3564356435644,0.13821086452399858
354.3762376237624,0.1491003083317675
354.3960396039604,0.15989470548494547
354.4158415841584,0.17057254782122144
354.43564356435644,0.18111512488073925
354.4554455445545,0.1915057702421396
354.4752475247525,0.20172935675965403
354.49504950495054,0.21177195155414041
354.5148514851485,0.22162057604021437
354.53465346534654,0.2312630365309021
354.55445544554453,0.2406878032046896
354.5742574257426,0.2498839228015244
354.59405940594064,0.2588409552172841
354.61386138613864,0.26754892727203344
354.63366336633663,0.27599829897465905
354.65346534653463,0.2841799389803886
354.6732673267327,0.29208510687406974
354.6930693069307,0.2997054405608308
354.71287128712873,0.3070329475009265
354.7326732673268,0.31405999884969876
354.7524752475247,0.3207793257964702
354.7722772277228,0.32718401756646537
354.7920792079208,0.3332675206747243
354.81188118811883,0.33902363911408595
354.83168316831683,0.34444653522921664
354.8514851485149,0.3495307310816779
354.8712871287129,0.3542711101514528
354.8910891089109,0.35866291925178584
354.91089108910893,0.3627017705582793
354.9306930693069,0.3663836436724418
354.950495049505,0.3697048876549867
354.9702970297029,0.37266222297603346
354.990099009901,0.3752527433392892
355.009900990099,0.37747391734504887
355.029702970297,0.3793235899632912
355.0495049504951,0.38079998379368496
355.0693069306931,0.3819017000936102
355.08910891089107,0.38262771955939445
355.10891089108907,0.3829774028491878
355.1287128712871,0.3829504908389396
355.1485148514852,0.3825471046055763
355.16831683168317,0.3817677451340709
355.1881188118812,0.38061329274749967
355.20792079207916,0.3790850062613707
355.2277227722772,0.37718452186623763
355.2475247524752,0.37491385174471425
355.26732673267327,0.37227538243210606
355.2871287128713,0.3692718729325498
355.3069306930693,0.3659064526059277
355.3267326732673,0.3621826188450837
355.3465346534653,0.35810423456675783
355.36633663366337,0.35367552554569415
355.38613861386136,0.3489010776275282
355.4059405940594,0.3437858338642672
355.42574257425747,0.3383350916261031
355.4455445544554,0.33255449975544865
355.46534653465346,0.3264500558448998
355.48514851485146,0.3200281037406929
355.5049504950495,0.3132953313984843
355.5247524752475,0.3062587692513258
355.54455445544556,0.2989257892928849
355.56435643564356,0.2913041051353838
355.58415841584156,0.2834017733774591
355.6039603960396,0.2752271967182128
355.6237623762376,0.2667891293915861
355.64356435643566,0.25809668568340915
355.66336633663366,0.2491593525560166
355.68316831683165,0.23998700777263693
355.7029702970297,0.23058994543838704
355.7227722772277,0.22097891163072705
355.74257425742576,0.21116515390211033
355.76237623762376,0.20116049009093065
355.7821782178218,0.19097740438626473
355.8019801980198,0.18062918247478257
355.8217821782178,0.17013010373371537
355.84158415841586,0.15949571835793505
355.86138613861385,0.1487432537701672
355.8811881188119,0.13789222273706378
355.9009900990099,0.12696535496434921
355.9207920792079,0.11599006361404005
355.94059405940595,0.10500082702462886
355.96039603960395,0.09404319596849019
355.980198019802,0.08318080655519873
356.0,0.07250818210960722
356.01980198019805,0.06217508314411154
356.039603960396,0.05243415849870252
356.05940594059405,0.043732470402002926
356.0792079207921,0.03685773186405511
356.0990099009901,0.03300456921697705
356.11881188118815,0.03325510444431086
356.13861386138615,0.03752480223774493
356.15841584158414,0.0446611488094153
356.17821782178214,0.053506943405267925
356.1980198019802,0.06332213201807756
356.21782178217825,0.07368905390259185
356.23762376237624,0.08437077481999235
356.2574257425743,0.09522589880605305
356.27722772277224,0.10616452943760114
356.2970297029703,0.11712572382884226
356.3168316831683,0.1280655861370768
356.33663366336634,0.1389507125520504
356.3564356435644,0.14975442768819058
356.3762376237624,0.16045453787652741
356.3960396039604,0.17103194236714017
356.4158415841584,0.181469748047979
356.43564356435644,0.19175268979087468
356.45544554455444,0.20186674201079857
356.4752475247525,0.21179885315033803
356.49504950495054,0.22153676113660692
356.5148514851485,0.23106886335241247
356.53465346534654,0.24038412403295092
356.55445544554453,0.24947200780905857
356.5742574257426,0.2583224318034627
356.5940594059406,0.26692573107439693
356.61386138613864,0.2752726337774621
356.63366336633663,0.2833542434769925
356.65346534653463,0.29116202676209707
356.6732673267327,0.29868780482523777
356.6930693069307,0.3059237480143666
356.71287128712873,0.31286237262182875
356.73267326732673,0.3194965393547836
356.7524752475247,0.32581945306461785
356.7722772277228,0.3318246634106234
356.7920792079208,0.33750606620624957
356.81188118811883,0.3428579052509395
356.83168316831683,0.34787477449242843
356.8514851485149,0.35255162039617044
356.8712871287129,0.35688374442341214
356.8910891089109,0.3608668055385243
356.91089108910893,0.36449682268156447
356.9306930693069,0.3677701771538084
356.950495049505,0.37068361487393225
356.970297029703,0.37323424846994097
356.990099009901,0.375419559178711
357.009900990099,0.3772373985298829
357.029702970297,0.3786859897954569
357.0495049504951,0.37976392919018975
357.0693069306931,0.38047018681094547
357.0891089108911,0.38080410730614256
357.10891089108907,0.38076541026885574
357.1287128712871,0.3803541903496581
357.1485148514852,0.3795709170872225
357.16831683168317,0.3784164344570862
357.1881188118812,0.3768919601410548
357.2079207920792,0.3749990845218776
357.2277227722772,0.37273976941031384
357.2475247524752,0.37011634651404324
357.26732673267327,0.3671315156610198
357.2871287128713,0.3637883427928606
357.3069306930693,0.3600902577477195
357.3267326732674,0.3560410518566221
357.3465346534653,0.3516448753823727
357.36633663366337,0.34690623483678557
357.38613861386136,0.3418299902197203
357.4059405940594,0.3364213522332358
357.42574257425747,0.33068587953643525
357.44554455445547,0.32462947612185017
357.46534653465346,0.31825838891384123
357.48514851485146,0.311579205714726
357.5049504950495,0.3045988536566145
357.5247524752475,0.2973245983596252
357.54455445544556,0.2897640440528621
357.5643564356436,0.28192513498903254
357.58415841584156,0.2738161585833077
357.6039603960396,0.265445750842427
357.6237623762376,0.25682290483567044
357.64356435643566,0.24795698321692286
357.66336633663366,0.2388577361683543
357.6831683168317,0.22953532665086732
357.7029702970297,0.2200003655882215
357.7227722772277,0.21026396069893508
357.74257425742576,0.20033778430875393
357.76237623762376,0.1902341679297164
357.7821782178218,0.1799662351834235
357.8019801980198,0.1695480906294587
357.8217821782178,0.15899509172241905
357.84158415841586,0.14832424712174647
357.86138613861385,0.13755481181458054
357.8811881188119,0.1267091972891245
357.9009900990099,0.11581440159918786
357.92079207920796,0.10490432678668374
357.9405940594059,0.09402366808917194
357.96039603960395,0.08323470046102392
357.980198019802,0.07262962658745437
358.0,0.062353981623728405
358.01980198019805,0.052652294911007556
358.03960396039605,0.04395576933607466
358.05940594059405,0.037024078402802425
358.07920792079204,0.03302138857727777
358.0990099009901,0.03304577842348855
358.11881188118815,0.037088169532216074
358.13861386138615,0.044042551453376065
358.1584158415842,0.052748176362940255
358.17821782178214,0.06245009580473449
358.1980198019802,0.07272008083569358
358.2178217821782,0.0833152191991449
358.23762376237624,0.09409085878894012
358.2574257425743,0.10495530733546145
358.2772277227723,0.1158466094831785
358.2970297029703,0.12672028935919874
358.3168316831683,0.13754261045045613
358.33663366336634,0.1482867110777187
358.35643564356434,0.1589303006123366
358.3762376237624,0.16945423721389655
358.39603960396045,0.17984162225110162
358.4158415841584,0.1900772079442926
358.43564356435644,0.20014700074162226
358.45544554455444,0.21003799039019713
358.4752475247525,0.21973796172264318
358.4950495049505,0.22923536208173723
358.51485148514854,0.23851920691173492
358.53465346534654,0.24757901199512955
358.55445544554453,0.25640474458490986
358.5742574257426,0.26498678812349624
358.5940594059406,0.27331591685009277
358.61386138613864,0.2813832776804079
358.63366336633663,0.2891803774813604
358.65346534653463,0.29669907437545767
358.6732673267327,0.30393157206967564
358.6930693069307,0.3108704164600901
358.71287128712873,0.31750849394839614
358.73267326732673,0.3238390310413984
358.7524752475248,0.32985559490398486
358.7722772277227,0.335552094610156
358.7920792079208,0.34092278289238215
358.81188118811883,0.3459622582319738
358.83168316831683,0.3506654671653198
358.8514851485149,0.35502770670613426
358.8712871287129,0.35904462680310073
358.8910891089109,0.36271223276784936
358.9108910891089,0.3660268876201737
358.9306930693069,0.3689853143071655
358.950495049505,0.37158459776076114
358.970297029703,0.37382218676461565
358.99009900990103,0.3756958956062773
359.00990099009897,0.3772039054952739
359.029702970297,0.37834476573111764
359.049504950495,0.37911739460853683
359.0693069306931,0.3795210800498789
359.0891089108911,0.37955547995708777
359.1089108910891,0.3792206222777637
359.1287128712871,0.37851690478183764
359.1485148514851,0.37744509454734254
359.16831683168317,0.376006327155424
359.18811881188117,0.3742021055968303
359.2079207920792,0.3720342988937411
359.2277227722773,0.36950514044304045
359.2475247524752,0.36661722608907704
359.26732673267327,0.3633735119365282
359.28712871287127,0.3597773119167283
359.3069306930693,0.35583229512383024
359.3267326732673,0.35154248294112017
359.34653465346537,0.3469122459821273
359.36633663366337,0.3419463008766722
359.38613861386136,0.3366497069386388
359.4059405940594,0.33102786276051976
359.4257425742574,0.32508650279006907
359.44554455445547,0.318831693957607
359.46534653465346,0.3122698324391787
359.48514851485146,0.3054076406622156
359.5049504950495,0.2982521646885839
359.5247524752475,0.29081077214650924
359.54455445544556,0.28309115093162884
359.56435643564356,0.2751013089627697
359.5841584158416,0.26684957536601306
359.6039603960396,0.25834460358134986
359.6237623762376,0.2495953770527942
359.64356435643566,0.24061121839587793
359.66336633663366,0.23140180326741305
359.6831683168317,0.22197718063760694
359.7029702970297,0.21234780185905547
359.7227722772277,0.20252456195695037
359.74257425742576,0.19251885812126823
359.76237623762376,0.1823426727780435
359.7821782178218,0.1720086923871817
359.8019801980198,0.16153047918521785
359.82178217821786,0.15092272312081279
359.8415841584158,0.1402016182769711
359.86138613861385,0.12938543797201513
359.8811881188119,0.11849543703781489
359.9009900990099,0.10755731233101916
359.92079207920796,0.09660365475087791
359.94059405940595,0.08567824408872712
359.96039603960395,0.07484394698874092
359.98019801980195,0.06419805515673636
360.0,0.05390382341466473
360.01980198019805,0.04425843877819516
360.03960396039605,0.035838394169662835
360.0594059405941,0.029744449629764764
360.07920792079204,0.027588424497922523
360.0990099009901,0.030228441319129325
360.1188118811881,0.03663005902850083
360.13861386138615,0.04520137484537883
360.1584158415842,0.054908383792837384
360.1782178217822,0.06521474366230406
360.1980198019802,0.07584273173888718
360.2178217821782,0.0866385511892486
360.23762376237624,0.09750977960289908
360.25742574257424,0.1083962407128968
360.2772277227723,0.11925575390568255
360.29702970297035,0.13005675195284805
360.3168316831683,0.14077424442676356
360.33663366336634,0.15138750192073036
360.35643564356434,0.16187867083830335
360.3762376237624,0.17223191447510097
360.3960396039604,0.1824328637863599
360.41584158415844,0.1924682568700481
360.43564356435644,0.2023256970580802
360.45544554455444,0.211993487619579
360.4752475247525,0.2214605171645095
360.4950495049505,0.23071617932928226
360.51485148514854,0.2397503160890179
360.53465346534654,0.2485531776293607
360.55445544554453,0.2571153939970909
360.5742574257426,0.2654279552364105
360.5940594059406,0.2734821977047363
360.61386138613864,0.2812697949277394
360.63366336633663,0.28878275181077917
360.6534653465347,0.2960134013419018
360.6732673267327,0.30295440314676186
360.6930693069307,0.30959874341644406
360.71287128712873,0.3159397358458688
360.73267326732673,0.3219710233056424
360.7524752475248,0.3276865800336122
360.7722772277228,0.33308071417944524
360.7920792079208,0.33814807057145974
360.81188118811883,0.3428836336020317
360.83168316831683,0.347282730148932
360.8514851485149,0.3513410324661685
360.8712871287129,0.35505456099079724
360.89108910891093,0.35841968702206173
360.9108910891089,0.36143313523740894
360.9306930693069,0.3640919860164372
360.950495049505,0.3663936775490338
360.970297029703,0.36833600770840136
360.99009900990103,0.36991713567329915
361.009900990099,0.37113558328692176
361.029702970297,0.37199023614249127
361.049504950495,0.3724803443879844
361.0693069306931,0.37260552324453744
361.0891089108911,0.3723657532349291
361.1089108910891,0.3717613801204775
361.1287128712872,0.3707931145462595
361.1485148514851,0.3694620313964707
361.16831683168317,0.3677695688634649
361.18811881188117,0.3657175272358553
361.2079207920792,0.3633080674131075
361.2277227722773,0.3605437091563075
361.2475247524753,0.35742732908736724
361.26732673267327,0.3539621584516378
361.28712871287127,0.35015178066255814
361.3069306930693,0.34600012865086704
361.3267326732673,0.3415114820457431
361.34653465346537,0.3366904642213335
361.3663366336634,0.3315420392491589
361.38613861386136,0.32607150880626645
361.4059405940594,0.3202845091001234
361.4257425742574,0.31418700788581283
361.44554455445547,0.307785301669434
361.46534653465346,0.3010860132153712
361.4851485148515,0.2940960895059442
361.5049504950495,0.286822800342444
361.5247524752475,0.2792737378300187
361.54455445544556,0.2714568170607603
361.56435643564356,0.26338027840573786
361.5841584158416,0.25505269195912433
361.6039603960396,0.24648296485948176
361.6237623762376,0.2376803524680935
361.64356435643566,0.22865447474449885
361.66336633663366,0.2194153396762733
361.6831683168317,0.20997337637291563
361.7029702970297,0.20033948154792344
361.72277227722776,0.19052508479033267
361.7425742574257,0.18054224060154006
361.76237623762376,0.17040375920640985
361.7821782178218,0.1601233946109019
361.8019801980198,0.14971611899743786
361.82178217821786,0.1391985304798975
361.84158415841586,0.1285894724452428
361.86138613861385,0.11791099886032304
361.88118811881185,0.10718992474366987
361.9009900990099,0.0964604047072016
361.92079207920796,0.08576839580796061
361.94059405940595,0.07517973761952905
361.960396039604,0.06479551772116951
361.98019801980195,0.05478274981915952
362.0,0.045437721062319955
362.019801980198,0.03731303452476723
362.03960396039605,0.03141064590722736
362.0594059405941,0.029139054154274386
362.0792079207921,0.031304525044735285
362.0990099009901,0.03712925225748523
362.1188118811881,0.04520111999672982
362.13861386138615,0.05450540491119178
362.15841584158414,0.06448121193704859
362.1782178217822,0.07482804547684727
362.19801980198025,0.0853768203710269
362.2178217821782,0.09602540979122495
362.23762376237624,0.1067074462042976
362.25742574257424,0.11737671219702213
362.2772277227723,0.12799894205953785
362.2970297029703,0.13854729860008913
362.31683168316835,0.14899976229601908
362.33663366336634,0.15933756269680985
362.35643564356434,0.16954420249389027
362.3762376237624,0.17960483168830763
362.3960396039604,0.1895058357060361
362.41584158415844,0.1992345582655156
362.43564356435644,0.2087791114281983
362.45544554455444,0.2181282434209001
362.4752475247525,0.22727124556578357
362.4950495049505,0.2361978861906242
362.51485148514854,0.24489836346903499
362.53465346534654,0.2533632717412172
362.5544554455446,0.2615835775599455
362.57425742574253,0.2695506028307872
362.5940594059406,0.27725601317548376
362.61386138613864,0.28469181016872974
362.63366336633663,0.29185032646179276
362.6534653465347,0.2987242230633292
362.6732673267327,0.3053064882311384
362.6930693069307,0.3115904375618977
362.7128712871287,0.31756971496310693
362.73267326732673,0.3232382942637698
362.7524752475248,0.3285904812742076
362.7722772277228,0.3336209161462186
362.79207920792084,0.3383245759157206
362.8118811881188,0.34269677713397795
362.83168316831683,0.34673317851201574
362.8514851485148,0.3504297835172979
362.8712871287129,0.3537829428732407
362.89108910891093,0.35678935692108066
362.91089108910893,0.35944607781119864
362.9306930693069,0.3617505114966598
362.9504950495049,0.3637004195068417
362.970297029703,0.36529392048284715
362.990099009901,0.36652949145996816
363.009900990099,0.36740596888518817
363.0297029702971,0.36792254936035496
363.049504950495,0.3680787901037133
363.0693069306931,0.3678746091245044
363.08910891089107,0.3673102851072238
363.1089108910891,0.36638645700364975
363.1287128712871,0.3651041233325607
363.1485148514852,0.3634646411885745
363.16831683168317,0.3614697249632745
363.18811881188117,0.3591214447834879
363.2079207920792,0.35642222467336654
363.2277227722772,0.35337484044920014
363.2475247524753,0.34998241735797947
363.26732673267327,0.34624842747356865
363.28712871287127,0.3421766868673895
363.3069306930693,0.33777135257425095
363.3267326732673,0.33303691937860774
363.34653465346537,0.32797821645178443
363.36633663366337,0.3226004038776815
363.3861386138614,0.31690896911302113
363.4059405940594,0.31090972343870954
363.4257425742574,0.30460879847280686
363.44554455445547,0.2980126428329495
363.46534653465346,0.2911280190591178
363.4851485148515,0.28396200093738727
363.5049504950495,0.27652197140488083
363.5247524752475,0.2688156212692051
363.54455445544556,0.2608509490466531
363.56435643564356,0.2526362623213959
363.5841584158416,0.2441801811618819
363.6039603960396,0.23549164431887873
363.62376237623766,0.2265799191956472
363.6435643564356,0.21745461696272317
363.66336633663366,0.2081257147464605
363.6831683168317,0.1986035876455825
363.7029702970297,0.18889905457377346
363.72277227722776,0.17902344383880345
363.74257425742576,0.16898868737218103
363.76237623762376,0.1588074573507167
363.78217821782175,0.14849336691331216
363.8019801980198,0.13806127018760106
363.82178217821786,0.12752772050828362
363.84158415841586,0.11691168866426785
363.8613861386139,0.10623572413348042
363.88118811881185,0.09552790244774127
363.9009900990099,0.08482523428503044
363.9207920792079,0.07417994083511815
363.94059405940595,0.06367169409727759
363.960396039604,0.053433079057347455
363.980198019802,0.043706025470701695
364.0,0.034971061379039804
364.019801980198,0.02821126545291028
364.03960396039605,0.02510773440559064
364.05940594059405,0.026962812656712472
364.0792079207921,0.03294051838703557
364.09900990099015,0.04126790257907565
364.1188118811881,0.05077641929927111
364.13861386138615,0.06088551810959844
364.15841584158414,0.07130779187029707
364.1782178217822,0.0818894859322209
364.1980198019802,0.09254042070318276
364.21782178217825,0.10320280808355527
364.23762376237624,0.11383651789166578
364.25742574257424,0.12441164685940836
364.2772277227723,0.13490453949982947
364.2970297029703,0.14529554310119833
364.31683168316835,0.15556768304104907
364.33663366336634,0.16570585070291546
364.35643564356434,0.17569628923429165
364.3762376237624,0.18552625888602575
364.3960396039604,0.1951838142038426
364.41584158415844,0.20465765290756888
364.43564356435644,0.21393701189060857
364.4554455445545,0.2230115948897479
364.4752475247525,0.2318715218645815
364.4950495049505,0.24050729351821706
364.51485148514854,0.24890976653896366
364.53465346534654,0.25707013653198113
364.5544554455446,0.2649799265269924
364.5742574257426,0.27263097956399307
364.5940594059406,0.28001545428028757
364.61386138613864,0.287125822713802
364.63366336633663,0.2939548697436956
364.6534653465347,0.30049569373549867
364.6732673267327,0.3067417080641971
364.69306930693074,0.312686643265949
364.7128712871287,0.3183245496261021
364.73267326732673,0.3236498000541718
364.7524752475248,0.32865709312821106
364.7722772277228,0.33334145621580225
364.79207920792084,0.33769824859745723
364.81188118811883,0.3417231645330217
364.83168316831683,0.34541223622280043
364.8514851485148,0.34876183662452437
364.8712871287129,0.3517686820941034
364.89108910891093,0.35442983482406826
364.91089108910893,0.35674270505844957
364.930693069307,0.35870505306641376
364.9504950495049,0.36031499086055446
364.970297029703,0.3615709836482211
364.990099009901,0.36247185100686324
365.009900990099,0.3630167677762175
365.0297029702971,0.3632052646621721
365.049504950495,0.36303722854876735
365.0693069306931,0.36251290251642726
365.08910891089107,0.361632885565957
365.1089108910891,0.3603981320494286
365.1287128712871,0.35880995081053774
365.1485148514852,0.3568700040387
365.16831683168317,0.3545803058427565
365.18811881188117,0.35194322055202487
365.2079207920792,0.348961460754734
365.2277227722772,0.34563808508591076
365.2475247524753,0.3419764957799287
365.26732673267327,0.3379804360059925
365.28712871287127,0.33365398700881277
365.3069306930693,0.32900156508163036
365.3267326732673,0.32402791840438017
365.34653465346537,0.3187381237872651
365.36633663366337,0.3131375833690221
365.3861386138614,0.30723202133059857
365.40594059405936,0.30102748069975954
365.4257425742574,0.2945303203409108
365.44554455445547,0.28774721224896865
365.46534653465346,0.2806851392983237
365.4851485148515,0.2733513936402892
365.5049504950495,0.2657535759994634
365.5247524752475,0.2578995961958306
365.5445544554455,0.2497976753244848
365.56435643564356,0.24145635016874928
365.5841584158416,0.23288448062461245
365.6039603960396,0.22409126119969802
365.62376237623766,0.21508623805944072
365.6435643564356,0.20587933369009837
365.66336633663366,0.19648088213084472
365.68316831683165,0.18690167905857502
365.7029702970297,0.17715305305200058
365.72277227722776,0.1672469675674857
365.74257425742576,0.1571961683034414
365.76237623762376,0.14701439910000638
365.78217821782175,0.13671672386258152
365.8019801980198,0.12632001705348328
365.8217821782178,0.11584373061851386
365.84158415841586,0.10531113044344463
365.8613861386139,0.09475136279188655
365.88118811881185,0.08420305592828294
365.9009900990099,0.07372091021965127
365.9207920792079,0.0633884424611837
365.94059405940595,0.05334415552343161
365.96039603960395,0.043838347252527124
365.980198019802,0.03535865839277474
366.0,0.028869393082688436
366.019801980198,0.02594145909460125
366.03960396039605,0.027736527381641226
366.05940594059405,0.033496651796161
366.0792079207921,0.04158845507503505
366.0990099009901,0.05088754524957266
366.1188118811881,0.0608141996970036
366.13861386138615,0.07107466764795813
366.15841584158414,0.08150976196488018
366.1782178217822,0.09202554803346645
366.1980198019802,0.10256174493379377
366.21782178217825,0.11307656522782487
366.2376237623762,0.123538989874392
366.25742574257424,0.13392460156848718
366.2772277227723,0.1442132213331529
366.2970297029703,0.15438750819777217
366.31683168316835,0.16443209786509572
366.33663366336634,0.1743330557111519
366.35643564356434,0.18407751986740473
366.37623762376234,0.193653462978431
366.3960396039604,0.2030495301719407
366.41584158415844,0.21225492720828074
366.43564356435644,0.22125934240723621
366.4554455445545,0.23005289176066493
366.47524752475243,0.2386260802376213
366.4950495049505,0.2469697745701138
366.5148514851485,0.2550751842858169
366.53465346534654,0.26293384873034764
366.5544554455446,0.2705376284786211
366.5742574257426,0.27787869998400505
366.5940594059406,0.2849495526257799
366.6138613861386,0.2917429875352887
366.63366336633663,0.29825211773773996
366.65346534653463,0.3044703692599158
366.6732673267327,0.3103914829369928
366.69306930693074,0.3160095167125762
366.7128712871287,0.3213188482719565
366.73267326732673,0.3263141778828263
366.7524752475247,0.3309905313440412
366.7722772277228,0.3353432629630894
366.7920792079208,0.33936805849841933
366.81188118811883,0.34306093801524157
366.83168316831683,0.34641825861272646
366.8514851485148,0.3494367169884732
366.8712871287129,0.35211335181199926
366.8910891089109,0.3544455458844075
366.91089108910893,0.3564310280648862
366.9306930693069,0.35806787494883374
366.9504950495049,0.35935451228461196
366.970297029703,0.36028971611879324
366.990099009901,0.36087261366162743
367.009900990099,0.3611026838665486
367.029702970297,0.3609797577189248
367.0495049504951,0.360504018231086
367.0693069306931,0.3596760001418081
367.08910891089107,0.3584965893201692
367.1089108910891,0.35696702187460244
367.1287128712871,0.35508888296987895
367.1485148514852,0.35286410535573326
367.16831683168317,0.3502949676127566
367.18811881188117,0.34738409212261656
367.2079207920792,0.3441344427717199
367.2277227722772,0.3405493223995704
367.2475247524753,0.3366323700054988
367.26732673267327,0.3323875577306253
367.2871287128713,0.3278191876353126
367.30693069306926,0.3229318882967433
367.3267326732673,0.3177306112568341
367.34653465346537,0.3122206273569664
367.36633663366337,0.30640752300490237
367.3861386138614,0.30029719642935593
367.4059405940594,0.29389585399188883
367.4257425742574,0.2872100066430552
367.4455445544554,0.28024646663303476
367.46534653465346,0.27301234461748486
367.4851485148515,0.26551504733992215
367.5049504950495,0.2577622761266629
367.52475247524757,0.2497620265050484
367.5445544554455,0.241522589358024
367.56435643564356,0.23305255417150653
367.58415841584156,0.22436081513261946
367.6039603960396,0.2154565811263991
367.62376237623766,0.20634939109849967
367.64356435643566,0.19704913687241382
367.66336633663366,0.18756609644249964
367.68316831683165,0.17791098219397677
367.7029702970297,0.16809501073777183
367.7227722772277,0.1581300046306261
367.74257425742576,0.14802854213565844
367.7623762376238,0.13780418112491236
367.78217821782175,0.12747180057699486
367.8019801980198,0.11704813448866092
367.8217821782178,0.10655263203658923
367.84158415841586,0.0960088940256639
367.86138613861385,0.08544717652833725
367.8811881188119,0.07490898184721173
367.9009900990099,0.06445599777830617
367.9207920792079,0.0541887639163697
367.94059405940595,0.044288782625504904
367.96039603960395,0.035120378474982866
367.980198019802,0.027475935435171354
368.0,0.022970478386358646
368.019801980198,0.02350082034843
368.03960396039605,0.02878494977801909
368.05940594059405,0.036813276245090856
368.0792079207921,0.046151456055955456
368.0990099009901,0.05612088896574854
368.11881188118815,0.06640640084361077
368.13861386138615,0.07684777996661764
368.15841584158414,0.0873544558899303
368.1782178217822,0.0978698266717102
368.1980198019802,0.1083552015338394
368.21782178217825,0.11878199892830092
368.23762376237624,0.12912768895447407
368.25742574257424,0.13937355680091806
368.2772277227723,0.14950340786803357
368.2970297029703,0.15950278641697724
368.31683168316835,0.16935848741493967
368.33663366336634,0.17905824257654313
368.3564356435644,0.18859051354983472
368.37623762376234,0.1979443530336831
368.3960396039604,0.207109310126345
368.41584158415844,0.2160753651557605
368.43564356435644,0.22483288456864348
368.4554455445545,0.2333725897149985
368.4752475247525,0.24168553540985452
368.4950495049505,0.24976309546636202
368.5148514851485,0.2575969532545212
368.53465346534654,0.265179095914053
368.5544554455446,0.27250181123968087
368.5742574257426,0.2795576865265819
368.59405940594064,0.2863396088520785
368.6138613861386,0.2928407664037006
368.63366336633663,0.29905465055993113
368.65346534653463,0.3049750585000054
368.6732673267327,0.31059609617088024
368.69306930693074,0.3159121814776708
368.71287128712873,0.32091804759279735
368.73267326732673,0.3256087463010824
368.7524752475247,0.32997965131461443
368.7722772277228,0.33402646150433646
368.7920792079208,0.3377452040054448
368.81188118811883,0.3411322371615771
368.8316831683169,0.3441842532792873
368.8514851485148,0.34689828116919974
368.8712871287129,0.34927168845474765
368.8910891089109,0.35130218363226284
368.91089108910893,0.3529878178697036
368.9306930693069,0.3543269865331086
368.950495049505,0.35531843043216504
368.970297029703,0.35596123677819
368.990099009901,0.3562548398490399
369.009900990099,0.35619902135724657
369.029702970297,0.3557939105187127
369.0495049504951,0.35503998382068036
369.0693069306931,0.35393806448881787
369.08910891089107,0.3524893216544287
369.1089108910891,0.35069526922408595
369.1287128712871,0.3485577644550164
369.1485148514852,0.34607900624113536
369.16831683168317,0.34326153311592705
369.1881188118812,0.34010822097997656
369.20792079207916,0.3366222805629214
369.2277227722772,0.33280725463146954
369.2475247524753,0.32866701495794304
369.26732673267327,0.324205759066588
369.2871287128713,0.31942800677851185
369.3069306930693,0.3143385965806811
369.3267326732673,0.3089426818498488
369.3465346534653,0.3032457269692084
369.36633663366337,0.2972535033843163
369.3861386138614,0.29097208565613486
369.4059405940594,0.28440784758348847
369.42574257425747,0.27756745848607645
369.4455445544554,0.2704578797643916
369.46534653465346,0.26308636188582946
369.48514851485146,0.25546044199115636
369.5049504950495,0.24758794237620885
369.52475247524757,0.2394769701874232
369.54455445544556,0.23113591878619597
369.56435643564356,0.22257347140138525
369.58415841584156,0.21379860792452207
369.6039603960396,0.20482061604335836
369.6237623762376,0.1956491084133934
369.64356435643566,0.18629404832342833
369.6633663366337,0.17676578746955784
369.68316831683165,0.16707512126318594
369.7029702970297,0.1572333699967585
369.7227722772277,0.14725249894932857
369.74257425742576,0.13714529855241525
369.76237623762376,0.12692565975715664
369.7821782178218,0.11660900509296587
369.8019801980198,0.10621298364203345
369.8217821782178,0.09575863230470295
369.84158415841586,0.08527240154442407
369.86138613861385,0.07478987661624717
369.8811881188119,0.0643630509397701
369.9009900990099,0.05407563605742599
369.9207920792079,0.044078193104323024
369.94059405940595,0.034676375608799895
369.96039603960395,0.0265636599968766
369.980198019802,0.02131245614635322
370.0,0.021191179148385447
370.01980198019805,0.026268458963796273
370.039603960396,0.034293127913081214
370.05940594059405,0.043645885621269406
370.0792079207921,0.05360828998631384
370.0990099009901,0.06386482097595479
370.11881188118815,0.07426087373433193
370.13861386138615,0.08471093432516533
370.15841584158414,0.09516214904271286
370.17821782178214,0.10557850820245052
370.1980198019802,0.11593335727644156
370.21782178217825,0.1262055761211082
370.23762376237624,0.13637750384836267
370.2574257425743,0.14643375150024993
370.27722772277224,0.1563604925586514
370.2970297029703,0.16614502340031118
370.3168316831683,0.17577548274150515
370.33663366336634,0.18524066816170243
370.3564356435644,0.19452991379383616
370.3762376237624,0.20363300762571368
370.3960396039604,0.21254013507703198
370.4158415841584,0.2212418403758249
370.43564356435644,0.22972900021492917
370.45544554455444,0.23799280601476075
370.4752475247525,0.24602475229802118
370.49504950495054,0.2538166294518323
370.5148514851485,0.2613605196646342
370.53465346534654,0.2686487951722436
370.55445544554453,0.2756741181858433
370.5742574257426,0.2824294420417323
370.5940594059406,0.2889080132303745
370.61386138613864,0.29510337404755105
370.63366336633663,0.3010093656715682
370.65346534653463,0.3066201315161003
370.6732673267327,0.31193012074149895
370.6930693069307,0.31693409183312
370.71287128712873,0.3216271161738871
370.73267326732673,0.3260045815532954
370.7524752475247,0.33006219556630256
370.7722772277228,0.33379598886435696
370.7920792079208,0.3372023182278604
370.81188118811883,0.3402778694349417
370.83168316831683,0.34301965990577277
370.8514851485149,0.34542504110543604
370.8712871287129,0.34749170069126545
370.8910891089109,0.349217664393156
370.91089108910893,0.3506012976172907
370.9306930693069,0.35164130676580485
370.950495049505,0.3523367402662246
370.970297029703,0.35268698930607695
370.990099009901,0.35269178826937786
371.009900990099,0.3523512148726719
371.029702970297,0.35166568999966974
371.0495049504951,0.3506359772345223
371.0693069306931,0.34926318209466073
371.0891089108911,0.3475487509656072
371.10891089108907,0.3454944697409438
371.1287128712871,0.34310246217200707
371.1485148514852,0.3403751879332768
371.16831683168317,0.3373154404107376
371.1881188118812,0.33392634422234035
371.2079207920792,0.33021135248151334
371.2277227722772,0.32617424381709287
371.2475247524752,0.321819119165644
371.26732673267327,0.31715039835560965
371.2871287128713,0.312172816506596
371.3069306930693,0.30689142027223903
371.3267326732674,0.30131156396132286
371.3465346534653,0.29543890557974173
371.36633663366337,0.2892794028460925
371.38613861386136,0.2828393092464696
371.4059405940594,0.27612517021154454
371.42574257425747,0.2691438195206981
371.44554455445547,0.26190237606824696
371.46534653465346,0.25440824116623134
371.48514851485146,0.24666909661248912
371.5049504950495,0.23869290382674543
371.5247524752475,0.23048790446047102
371.54455445544556,0.22206262303104068
371.5643564356436,0.21342587233720017
371.58415841584156,0.20458676271141524
371.6039603960396,0.1955547166042719
371.6237623762376,0.18633949065249583
371.64356435643566,0.17695120838388528
371.66336633663366,0.16740040827005187
371.6831683168317,0.1576981143176802
371.7029702970297,0.1478559404357742
371.7227722772277,0.1378862466084189
371.74257425742576,0.1278023766619641
371.76237623762376,0.11761902850326884
371.7821782178218,0.10735284705063991
371.8019801980198,0.09702340688024891
371.8217821782178,0.08665490948146268
371.84158415841586,0.0762792644108701
371.86138613861385,0.06594202809099231
371.8811881188119,0.05571470476448862
371.9009900990099,0.04572248919411074
371.92079207920796,0.036213008097388734
371.94059405940595,0.027739670111878237
371.96039603960395,0.021605226039563087
371.980198019802,0.020105887249217757
372.0,0.0241226335610994
372.01980198019805,0.03160433487543456
372.03960396039605,0.04065940063482862
372.05940594059405,0.05041992703318029
372.0792079207921,0.06051501758262184
372.0990099009901,0.07076907209399295
372.11881188118815,0.08108787237487572
372.13861386138615,0.09141464268349149
372.1584158415842,0.10171149140728557
372.17821782178214,0.11195082525253436
372.1980198019802,0.12211105129323686
372.21782178217825,0.13217427875979296
372.23762376237624,0.14212502086374737
372.2574257425743,0.1519494273075082
372.2772277227723,0.16163481302820856
372.2970297029703,0.171169359637794
372.3168316831683,0.18054192138459763
372.33663366336634,0.1897418964677239
372.3564356435644,0.19875914039077244
372.3762376237624,0.20758390703807322
372.39603960396045,0.21620680843366308
372.4158415841584,0.22461878733090967
372.43564356435644,0.23281109875838576
372.45544554455444,0.24077529790409827
372.4752475247525,0.2485032325357688
372.49504950495054,0.25598703869536876
372.51485148514854,0.26321913876990966
372.53465346534654,0.2701922412906698
372.55445544554453,0.2768993419863659
372.5742574257426,0.2833337257389356
372.5940594059406,0.2894889691780559
372.61386138613864,0.29535894371432525
372.6336633663367,0.3009378188574996
372.65346534653463,0.30622006570100446
372.6732673267327,0.3112004604792754
372.6930693069307,0.31587408812470696
372.71287128712873,0.32023634576538035
372.73267326732673,0.3242829461166587
372.7524752475248,0.32800992072845786
372.7722772277228,0.33141362305730104
372.7920792079208,0.33449073133765933
372.81188118811883,0.3372382512318136
372.83168316831683,0.33965351824094536
372.8514851485149,0.341734199863208
372.8712871287129,0.34347829748717157
372.8910891089109,0.3448841480109209
372.91089108910893,0.34595042517892427
372.9306930693069,0.3466761406306048
372.950495049505,0.34706064465544756
372.970297029703,0.3471036266511733
372.99009900990103,0.3468051152823074
373.00990099009897,0.34616547833772726
373.029702970297,0.3451854222867355
373.0495049504951,0.34386599153409114
373.0693069306931,0.3422085673756347
373.0891089108911,0.34021486665697004
373.1089108910891,0.337886940138835
373.1287128712871,0.3352271705740704
373.1485148514851,0.3322382705020399
373.16831683168317,0.32892327976823316
373.1881188118812,0.3252855627780013
373.2079207920792,0.3213288054956612
373.2277227722773,0.3170570122021498
373.2475247524752,0.31247450202736893
373.26732673267327,0.30758590527652674
373.28712871287127,0.30239615957394117
373.3069306930693,0.2969105058528417
373.3267326732674,0.2911344842260829
373.34653465346537,0.28507392978092766
373.36633663366337,0.27873496835159783
373.38613861386136,0.27212401233693934
373.4059405940594,0.2652477566485908
373.4257425742574,0.25811317489908436
373.44554455445547,0.2507275159712693
373.4653465346535,0.2430983011541493
373.48514851485146,0.23523332209016395
373.5049504950495,0.22714063986193916
373.5247524752475,0.21882858566398986
373.54455445544556,0.21030576367174153
373.56435643564356,0.20158105696301798
373.5841584158416,0.19266363770357242
373.6039603960396,0.18356298334344345
373.6237623762376,0.17428890138764122
373.64356435643566,0.16485156657886949
373.66336633663366,0.15526157636440135
373.6831683168317,0.14553003384982788
373.7029702970297,0.1356686730557159
373.7227722772277,0.12569005105807438
373.74257425742576,0.11560784920655615
373.76237623762376,0.10543735871169758
373.7821782178218,0.09519629107943003
373.8019801980198,0.0849061894133946
373.82178217821786,0.07459501679892955
373.8415841584158,0.06430221381863842
373.86138613861385,0.05408937842788888
373.8811881188119,0.04406506539812106
373.9009900990099,0.03444921952252011
373.92079207920796,0.025760063316099584
373.94059405940595,0.019343640233856804
373.96039603960395,0.017876361831683243
373.98019801980195,0.022357295642254787
374.0,0.030235885178570666
374.01980198019805,0.039508259393475124
374.03960396039605,0.049368755560032014
374.0594059405941,0.05949591435243818
374.07920792079204,0.06974183631194648
374.0990099009901,0.08002771063748138
374.1188118811881,0.09030574166185135
374.13861386138615,0.10054355781232566
374.1584158415842,0.11071713067269424
374.1782178217822,0.12080727243142003
374.1980198019802,0.13079777847439925
374.2178217821782,0.14067438474885993
374.23762376237624,0.15042415454575758
374.25742574257424,0.16003510378826047
374.2772277227723,0.16949596483526227
374.29702970297035,0.17879603386936682
374.3168316831683,0.18792507041920717
374.33663366336634,0.1968732303474238
374.35643564356434,0.2056310208640731
374.3762376237624,0.21418927035393137
374.3960396039604,0.22253910835537555
374.41584158415844,0.23067195260710083
374.43564356435644,0.23857950108062634
374.45544554455444,0.2462537275658117
374.4752475247525,0.25368687980655735
374.4950495049505,0.260871479473075
374.51485148514854,0.2678003234556396
374.53465346534654,0.2744664861026295
374.55445544554453,0.2808633221229594
374.5742574257426,0.28698446994286025
374.5940594059406,0.29282385535720684
374.61386138613864,0.2983756953527559
374.63366336633663,0.3036345020078971
374.6534653465347,0.30859508639418193
374.6732673267327,0.3132525624203647
374.6930693069307,0.31760235057161706
374.71287128712873,0.3216401815057843
374.73267326732673,0.3253620994756112
374.7524752475248,0.32876446555165995
374.7722772277228,0.33184396062507093
374.7920792079208,0.3345975881729122
374.81188118811883,0.3370226767718999
374.83168316831683,0.33911688234863113
374.8514851485149,0.34087819015655574
374.8712871287129,0.3423049164715807
374.89108910891093,0.34339570999978536
374.9108910891089,0.3441495529918636
374.9306930693069,0.3445657620602196
374.950495049505,0.3446439886955266
374.970297029703,0.3443842194806683
374.99009900990103,0.3437867760007404
375.009900990099,0.3428523144487872
375.029702970297,0.3415818249276296
375.049504950495,0.3399766304492035
375.0693069306931,0.3380383856334945
375.0891089108911,0.335769075110166
375.1089108910891,0.3331710116269802
375.1287128712871,0.33024683387012116
375.1485148514851,0.32699950400264594
375.16831683168317,0.3234323049288419
375.18811881188117,0.31954883729361533
375.2079207920792,0.31535301622792145
375.2277227722773,0.3108490678534459
375.2475247524752,0.30604152556246716
375.26732673267327,0.3009352260916547
375.28712871287127,0.2955353054131655
375.3069306930693,0.2898471944708269
375.3267326732673,0.2838766147958721
375.34653465346537,0.2776295740447986
375.36633663366337,0.2711123615123964
375.38613861386136,0.2643315436870112
375.4059405940594,0.25729395993327797
375.4257425742574,0.2500067184122666
375.44554455445547,0.242477192382283
375.46534653465346,0.2347130170689808
375.48514851485146,0.22672208735682872
375.5049504950495,0.21851255664258473
375.5247524752475,0.21009283731800676
375.54455445544556,0.20147160353153604
375.56435643564356,0.1926577971472352
375.5841584158416,0.1836606382201117
375.6039603960396,0.17448964191769165
375.6237623762376,0.16515464476722125
375.64356435643566,0.15566584461817584
375.66336633663366,0.14603386117420145
375.6831683168317,0.13626982808439753
375.7029702970297,0.1263855347485137
375.7227722772277,0.11639364885377679
375.74257425742576,0.10630807471546595
375.76237623762376,0.09614454962816286
375.7821782178218,0.0859216779372044
375.8019801980198,0.07566281743735725
375.82178217821786,0.06539974322690222
375.8415841584158,0.05518034041875123
375.86138613861385,0.045086410570923406
375.8811881188119,0.035280213860829954
375.9009900990099,0.026144562898501603
375.92079207920796,0.018744746410967586
375.94059405940595,0.01578990245521056
375.96039603960395,0.01943307669581594
375.98019801980195,0.027123226876478276
376.0,0.03635692891827732
376.01980198019805,0.04619143572725235
376.03960396039605,0.056283070293235454
376.0594059405941,0.06648312823000821
376.07920792079204,0.0767152792615539
376.0990099009901,0.08693417029552396
376.1188118811881,0.09710934493133262
376.13861386138615,0.10721821010205909
376.1584158415842,0.1172426530648154
376.1782178217822,0.12716728573342503
376.1980198019802,0.1369784760449475
376.2178217821782,0.14666378638004024
376.23762376237624,0.15621163463204504
376.25742574257424,0.16561108295126475
376.2772277227723,0.17485170271211825
376.29702970297035,0.18392348658822244
376.3168316831683,0.19281679062488058
376.33663366336634,0.20152229591374798
376.35643564356434,0.2100309833659205
376.3762376237624,0.21833411740613265
376.3960396039604,0.22642323584111307
376.41584158415844,0.23429014405682946
376.43564356435644,0.2419269122805494
376.45544554455444,0.24932587502640544
376.4752475247525,0.25647963209946023
376.4950495049505,0.263381050708619
376.51485148514854,0.27002326835971807
376.53465346534654,0.2763996962857399
376.55445544554453,0.28250402323164625
376.5742574257426,0.28833021945556686
376.5940594059406,0.2938725408399519
376.61386138613864,0.2991255330302704
376.63366336633663,0.3040840355363947
376.6534653465347,0.3087431857453931
376.6732673267326,0.3130984228047767
376.6930693069307,0.3171454913428795
376.71287128712873,0.32088044499958435
376.73267326732673,0.32429964974523695
376.7524752475248,0.3273997869695728
376.7722772277228,0.33017785632567853
376.7920792079208,0.332631178316329
376.8118811881188,0.3347573966125723
376.83168316831683,0.3365544800957658
376.8514851485149,0.3380207246160973
376.8712871287129,0.33915475446183035
376.89108910891093,0.3399555235345708
376.9108910891089,0.3404223162270969
376.9306930693069,0.3405547480010594
376.9504950495049,0.340352765662732
376.970297029703,0.3398166473359838
376.99009900990103,0.3389470021323122
377.009900990099,0.3377447695185709
377.029702970297,0.33621121838393
377.049504950495,0.3343479458083486
377.0693069306931,0.33215687553582396
377.08910891089107,0.3296402561564425
377.1089108910891,0.3268006590025176
377.1287128712872,0.3236409757651216
377.1485148514851,0.32016441583865707
377.16831683168317,0.3163745034027167
377.18811881188117,0.31227507425212486
377.2079207920792,0.3078702723884098
377.2277227722772,0.3031645463883434
377.2475247524753,0.2981626455685203
377.26732673267327,0.2928696159688105
377.28712871287127,0.2872907961824061
377.3069306930693,0.28143181306668785
377.3267326732673,0.27529857737684804
377.34653465346537,0.2688972793749206
377.36633663366337,0.2622343844802789
377.38613861386136,0.2553166290458384
377.4059405940594,0.24815101636826237
377.4257425742574,0.2407448130730055
377.44554455445547,0.23310554605968267
377.46534653465346,0.22524100025485883
377.4851485148515,0.2171592175058604
377.50495049504946,0.2088684970719863
377.5247524752475,0.20037739834681167
377.54455445544556,0.1916947467046735
377.56435643564356,0.18282964375127378
377.5841584158416,0.17379148384558843
377.6039603960396,0.1645899796700975
377.6237623762376,0.15523520106884378
377.6435643564356,0.14573763371561804
377.66336633663366,0.13610826808938747
377.6831683168317,0.12635873597887984
377.7029702970297,0.11650152377569778
377.72277227722776,0.10655031416976801
377.7425742574257,0.09652055131199956
377.76237623762376,0.08643041354205487
377.78217821782175,0.07630257179424037
377.8019801980198,0.06616756641222232
377.82178217821786,0.056070796320660345
377.84158415841586,0.04608840083441364
377.86138613861385,0.03636778611216249
377.88118811881185,0.027246061841507928
377.9009900990099,0.019632935310377513
377.9207920792079,0.01591110819352473
377.94059405940595,0.018596534275188845
377.960396039604,0.025747208567342608
377.98019801980195,0.03468437936324182
378.0,0.04431473302616292
378.019801980198,0.05424132155631257
378.03960396039605,0.06429588720258196
378.05940594059405,0.0743939221982842
378.0792079207921,0.08448623975161201
378.0990099009901,0.09454042273114086
378.1188118811881,0.10453281041662567
378.13861386138615,0.11444468420560881
378.15841584158414,0.12426030502675048
378.1782178217822,0.1339658380881766
378.1980198019802,0.14354873298574441
378.2178217821782,0.15299735122957067
378.23762376237624,0.16230073484155902
378.25742574257424,0.17144845875929093
378.2772277227723,0.18043053481471022
378.2970297029703,0.18923734843416926
378.31683168316835,0.19785961665349266
378.33663366336634,0.2062883603382534
378.35643564356434,0.21451488605820634
378.3762376237624,0.22253077463229037
378.3960396039604,0.23032787434556817
378.41584158415844,0.23789829747257418
378.43564356435644,0.24523441915731434
378.45544554455444,0.2523288779779928
378.4752475247525,0.2591745777139609
378.4950495049505,0.2657646899631098
378.51485148514854,0.2720926573499389
378.53465346534654,0.2781521971297804
378.5544554455446,0.28393730504197545
378.57425742574253,0.28944225929900513
378.5940594059406,0.29466162462419165
378.61386138613864,0.29959025626934255
378.63366336633663,0.3042233039582449
378.6534653465347,0.30855621571258685
378.6732673267327,0.31258474152556226
378.6930693069307,0.31630493685469
378.7128712871287,0.3197131659107785
378.73267326732673,0.32280610472386473
378.7524752475248,0.32558074397041525
378.7722772277228,0.3280343915486611
378.79207920792084,0.33016467489112405
378.8118811881188,0.33196954300540354
378.83168316831683,0.333447268235656
378.8514851485148,0.334596447738681
378.8712871287129,0.33541600466959687
378.89108910891093,0.33590518907329947
378.91089108910893,0.336063578478613
378.9306930693069,0.33589107819311215
378.9504950495049,0.33538792129726347
378.970297029703,0.33455466833744335
378.990099009901,0.3333922067180484
379.009900990099,0.3319017497936796
379.0297029702971,0.3300848356632793
379.049504950495,0.3279433256687176
379.0693069306931,0.32547940260132163
379.08910891089107,0.3226955686207247
379.1089108910891,0.31959464289140843
379.1287128712871,0.31617975894344325
379.1485148514852,0.31245436176534536
379.16831683168317,0.30842220463836184
379.18811881188117,0.30408734572340074
379.2079207920792,0.29945414441392226
379.2277227722772,0.29452725747093045
379.2475247524753,0.2893116349590888
379.26732673267327,0.28381251600758967
379.28712871287127,0.27803542442409146
379.3069306930693,0.2719861641969712
379.3267326732673,0.2656708149294705
379.34653465346537,0.25909572726057567
379.36633663366337,0.2522675183422978
379.3861386138614,0.24519306746253106
379.4059405940594,0.23787951192951545
379.4257425742574,0.2303342433702863
379.44554455445547,0.22256490464595036
379.46534653465346,0.2145793876574076
379.4851485148515,0.20638583241571382
379.5049504950495,0.1979926278963919
379.5247524752475,0.18940841540999714
379.54455445544556,0.18064209553849586
379.56435643564356,0.17170284016985496
379.5841584158416,0.16260011191182736
379.6039603960396,0.15334369435475864
379.62376237623766,0.14394373858815665
379.6435643564356,0.13441083461508707
379.66336633663366,0.12475612190537118
379.6831683168317,0.11499146334831804
379.7029702970297,0.10512972554682276
379.72277227722776,0.09518524488410199
379.74257425742576,0.08517463403336731
379.76237623762376,0.0751182488947077
379.78217821782175,0.06504302766825029
379.8019801980198,0.05498843034161428
379.82178217821786,0.04502015311473108
379.84158415841586,0.035266050338317485
379.8613861386139,0.026026210489265875
379.88118811881185,0.018164898890418536
379.9009900990099,0.01423983510659365
379.9207920792079,0.017210556210891775
379.94059405940595,0.024694078805599845
379.960396039604,0.03379692591711631
379.980198019802,0.043489340295767204
380.0,0.05342314514988371
380.019801980198,0.0634545889688195
380.03960396039605,0.07351176226653552
380.05940594059405,0.08355243332271478
380.0792079207921,0.0935483016872323
380.09900990099015,0.10347829566884968
380.1188118811881,0.11332541168842307
380.13861386138615,0.12307509861901347
380.15841584158414,0.13271437707695152
380.1782178217822,0.14223133393018708
380.1980198019802,0.15161481990829678
380.21782178217825,0.16085426268068645
380.23762376237624,0.1699395483733378
380.25742574257424,0.17886094512117426
380.2772277227723,0.1876090532431662
380.2970297029703,0.1961747727298451
380.31683168316835,0.20454928224722596
380.33663366336634,0.21272402595046136
380.35643564356434,0.22069070567895474
380.3762376237624,0.22844127690705365
380.3960396039604,0.23596794733984025
380.41584158415844,0.24326317738151287
380.43564356435644,0.25031968192991827
380.4554455445545,0.2571304331044964
380.47524752475243,0.2636886636211942
380.4950495049505,0.26998787060256435
380.51485148514854,0.27602181966421757
380.53465346534654,0.2817845491572644
380.5544554455446,0.28727037447415915
380.5742574257426,0.2924738923460325
380.5940594059406,0.29738998507510017
380.6138613861386,0.3020138246572761
380.63366336633663,0.3063408767590468
380.6534653465347,0.31036690451956256
380.6732673267327,0.3140879721541637
380.69306930693074,0.317500448339962
380.7128712871287,0.32060100936719155
380.73267326732673,0.323386642043084
380.7524752475247,0.3258546463370018
380.7722772277228,0.3280026377575581
380.79207920792084,0.32982854945392287
380.81188118811883,0.33133063403492613
380.83168316831683,0.3325074651005606
380.8514851485148,0.3333579384817588
380.8712871287129,0.3338812731848977
380.8910891089109,0.33407701203863377
380.91089108910893,0.333945022041195
380.930693069307,0.33348549440711345
380.9504950495049,0.33269894431309266
380.970297029703,0.3315862103432313
380.990099009901,0.3301484536348306
381.009900990099,0.3283871567262666
381.029702970297,0.3263041221096676
381.0495049504951,0.32390147049148665
381.0693069306931,0.32118163876505545
381.08910891089107,0.3181473777002644
381.1089108910891,0.31480174935629435
381.1287128712871,0.3111481242247579
381.1485148514852,0.30719017811180155
381.16831683168317,0.30293188876945626
381.18811881188117,0.29837753228842184
381.2079207920792,0.2935316792668107
381.2277227722772,0.28839919077234055
381.2475247524753,0.2829852141189218
381.26732673267327,0.27729517848338814
381.2871287128713,0.271334790393598
381.30693069306926,0.2651100291268612
381.3267326732673,0.2586271420672823
381.34653465346537,0.2518926400834292
381.36633663366337,0.24491329300487566
381.3861386138614,0.2376961252992647
381.4059405940594,0.23024841208283647
381.4257425742574,0.22257767564100936
381.4455445544554,0.2146916826960088
381.46534653465346,0.20659844274468922
381.4851485148515,0.19830620791340117
381.5049504950495,0.18982347495724738
381.52475247524757,0.18115899029968965
381.5445544554455,0.17232175941460082
381.56435643564356,0.1633210624803835
381.58415841584156,0.1541664792266207
381.6039603960396,0.14486792749760047
381.62376237623766,0.13543572272505464
381.64356435643566,0.125880670079806
381.66336633663366,0.11621420920118904
381.68316831683165,0.10644864642337429
381.7029702970297,0.09659753845452321
381.7227722772277,0.08667635062885586
381.74257425742576,0.07670364106163187
381.7623762376238,0.06670332096739313
381.78217821782175,0.056709302581904764
381.8019801980198,0.046776004211047065
381.8217821782178,0.037005161090944705
381.84158415841586,0.027625756965942737
381.86138613861385,0.019277830626742556
381.8811881188119,0.01400473008345332
381.9009900990099,0.015401914802701104
381.9207920792079,0.022239283305652568
381.94059405940595,0.031097808914488986
381.96039603960395,0.04065314903087889
381.980198019802,0.050483249409223614
382.0,0.06042388759948913
382.019801980198,0.07039647306910773
382.03960396039605,0.08035632481352252
382.05940594059405,0.09027419152056276
382.0792079207921,0.10012864082575884
382.0990099009901,0.10990255920405846
382.11881188118815,0.11958139737670387
382.13861386138615,0.1291522286252794
382.15841584158414,0.13860321507418463
382.1782178217822,0.14792329171191299
382.1980198019802,0.1571019727513831
382.21782178217825,0.1661292297798835
382.23762376237624,0.1749954136269311
382.25742574257424,0.18369120371544412
382.2772277227723,0.19220757516984438
382.2970297029703,0.20053577766920083
382.31683168316835,0.20866732222532205
382.33663366336634,0.21659397339732867
382.3564356435644,0.22430774528510378
382.37623762376234,0.23180090017457433
382.3960396039604,0.23906594905427034
382.41584158415844,0.24609565345289847
382.43564356435644,0.2528830282040028
382.4554455445545,0.25942134485118545
382.4752475247525,0.2657041354826824
382.4950495049505,0.27172519683742485
382.5148514851485,0.27747859456295115
382.53465346534654,0.2829586675336408
382.5544554455446,0.28816003215814806
382.5742574257426,0.2930775866203365
382.59405940594064,0.29770651500944856
382.6138613861386,0.3020422913042236
382.63366336633663,0.3060806831822717
382.65346534653463,0.3098177556313772
382.6732673267327,0.31324987434360096
382.69306930693074,0.3163737088762205
382.71287128712873,0.3191862355663936
382.73267326732673,0.3216847401884567
382.7524752475247,0.3238668203446818
382.7722772277228,0.3257303875817321
382.7920792079208,0.32727366922642764
382.81188118811883,0.3284952099354724
382.8316831683169,0.3293938729548307
382.8514851485148,0.3299688410851914
382.8712871287129,0.33021961735096106
382.8910891089109,0.3301460253706697
382.91089108910893,0.32974820942758193
382.9306930693069,0.32902663423983675
382.950495049505,0.3279820844300954
382.970297029703,0.3266156636952948
382.990099009901,0.32492879367769983
383.009900990099,0.3229232125391359
383.029702970297,0.32060097324085796
383.0495049504951,0.3179644415323015
383.0693069306931,0.3150162936526452
383.08910891089107,0.31175951374991373
383.1089108910891,0.3081973910234258
383.1287128712871,0.30433351659620506
383.1485148514852,0.3001717801253817
383.16831683168317,0.29571636615995267
383.1881188118812,0.2909717502570032
383.2079207920792,0.285942694869445
383.2277227722772,0.2806342450212263
383.2475247524753,0.2750517237886372
383.26732673267327,0.26920072761085756
383.2871287128713,0.263087121457801
383.3069306930693,0.2567170338900582
383.3267326732673,0.25009685205456356
383.34653465346537,0.2432332166713878
383.36633663366337,0.2361330170824738
383.3861386138614,0.22880338645486573
383.4059405940594,0.22125169725994104
383.42574257425747,0.2134855571916005
383.4455445544554,0.20551280574377281
383.46534653465346,0.19734151175127096
383.4851485148515,0.18897997231888472
383.5049504950495,0.18043671374340903
383.52475247524757,0.17172049530458966
383.54455445544556,0.16284031721887843
383.56435643564356,0.15380543470842215
383.58415841584156,0.14462538120012505
383.6039603960396,0.13531000543248506
383.62376237623766,0.12586953026203618
383.64356435643566,0.11631464629724705
383.6633663366337,0.10665666331108262
383.68316831683165,0.0969077613047209
383.7029702970297,0.08708142150285689
383.7227722772277,0.07719320049071843
383.74257425742576,0.06726220346813078
383.7623762376238,0.057314102660609254
383.7821782178218,0.04738793907274461
383.8019801980198,0.0375534966338943
383.8217821782178,0.027963843012907528
383.84158415841586,0.01905411909404942
383.86138613861385,0.012449779875817375
383.8811881188119,0.012587354105747692
383.90099009900996,0.019318698831272966
383.9207920792079,0.028254138212203492
383.94059405940595,0.03783984615830475
383.96039603960395,0.047657370963297634
383.980198019802,0.05755814836849592
384.0,0.06747396722225953
384.01980198019805,0.07736646948945007
384.03960396039605,0.08721034373479476
384.05940594059405,0.0969867143808061
384.0792079207921,0.10668019756906127
384.0990099009901,0.1162774601639644
384.11881188118815,0.12576646087985427
384.13861386138615,0.13513602700370964
384.15841584158414,0.14437560743192487
384.1782178217822,0.1534751235092201
384.1980198019802,0.16242487664737537
384.21782178217825,0.17121549020490479
384.23762376237624,0.17983787273038654
384.2574257425743,0.18828319490612602
384.27722772277224,0.1965428754884234
384.2970297029703,0.20460857327376478
384.31683168316835,0.21247218316592373
384.33663366336634,0.2201258350670788
384.3564356435644,0.22756189472829705
384.3762376237624,0.2347729659621249
384.3960396039604,0.24175189379742804
384.4158415841584,0.24849176827625077
384.43564356435644,0.2549859286747257
384.4554455445545,0.26122796798725545
384.4752475247525,0.2672117375536958
384.49504950495054,0.27293135173853406
384.5148514851485,0.27838119259193933
384.53465346534654,0.283555914438294
384.55445544554453,0.2884504483492093
384.5742574257426,0.29306000646706465
384.59405940594064,0.2973800861513041
384.61386138613864,0.30140647392533404
384.63366336633663,0.30513524920548224
384.65346534653463,0.30856278779691687
384.6732673267327,0.3116857651437452
384.6930693069307,0.31450115932277095
384.71287128712873,0.3170062537718598
384.7326732673268,0.3191986397455111
384.7524752475247,0.3210762184911731
384.7722772277228,0.3226372031411054
384.7920792079208,0.32388012031526675
384.81188118811883,0.32480381143173725
384.83168316831683,0.32540743372168046
384.8514851485149,0.32569046094659054
384.8712871287129,0.3256526838163906
384.8910891089109,0.32529421010704024
384.91089108910893,0.32461546447742967
384.9306930693069,0.3236171879854863
384.950495049505,0.3223004373041212
384.970297029703,0.3206665836382157
384.990099009901,0.31871731134422165
385.009900990099,0.31645461625475535
385.029702970297,0.3138808037110609
385.0495049504951,0.31099848630675725
385.0693069306931,0.30781058134724
385.0891089108911,0.30432030802962806
385.10891089108907,0.300531184349241
385.1287128712871,0.29644702373941006
385.1485148514852,0.2920719314528331
385.16831683168317,0.28741030069379725
385.1881188118812,0.2824668085125567
385.2079207920792,0.2772464114749976
385.2277227722772,0.27175434112347274
385.2475247524752,0.2659960992476372
385.26732673267327,0.25997745298860186
385.2871287128713,0.25370442980466545
385.3069306930693,0.24718331233402763
385.3267326732673,0.24042063319917228
385.3465346534653,0.23342316980968067
385.36633663366337,0.22619793923729675
385.38613861386136,0.21875219325999612
385.4059405940594,0.21109341370392434
385.42574257425747,0.20322930825763844
385.4455445544554,0.19516780699813163
385.46534653465346,0.18691705996315455
385.48514851485146,0.1784854362450896
385.5049504950495,0.16988152529405237
385.5247524752475,0.1611141414453364
385.54455445544556,0.15219233320169961
385.56435643564356,0.14312539963319115
385.58415841584156,0.13392291763766073
385.6039603960396,0.12459478616576483
385.6237623762376,0.11515129769522953
385.64356435643566,0.10560325493933403
385.66336633663366,0.09596216561769497
385.68316831683165,0.08624057828225662
385.7029702970297,0.07645268743655749
385.7227722772277,0.06661548825782498
385.74257425742576,0.056751149512647106
385.76237623762376,0.04689238420737817
385.7821782178218,0.03709627591688162
385.8019801980198,0.027486781450570198
385.8217821782178,0.018422332460693216
385.84158415841586,0.011367614942593337
385.86138613861385,0.011213527344447376
385.8811881188119,0.018133618143165515
385.9009900990099,0.027157826701567706
385.9207920792079,0.036744545481947014
385.94059405940595,0.04652018431944229
385.96039603960395,0.05635698747460611
385.980198019802,0.06619663690465039
386.0,0.07600595222102365
386.01980198019805,0.0857625808036243
386.039603960396,0.0954494671775606
386.05940594059405,0.10505241842944192
386.0792079207921,0.11455892275922853
386.0990099009901,0.12395753164370991
386.11881188118815,0.13323751746801207
386.13861386138615,0.14238867514952847
386.15841584158414,0.15140120331103635
386.17821782178214,0.16026563148001735
386.1980198019802,0.1689727749771583
386.21782178217825,0.17751370702198985
386.23762376237624,0.1858797418479748
386.2574257425743,0.19406242502432824
386.27722772277224,0.2020535285864981
386.2970297029703,0.20984504942326612
386.3168316831683,0.2174292098920549
386.33663366336634,0.2247984599661302
386.3564356435644,0.2319454804331218
386.3762376237624,0.23886318680667767
386.3960396039604,0.2455447337095815
386.4158415841584,0.2519835195523616
386.43564356435644,0.25817319137757117
386.45544554455444,0.26410764977242657
386.4752475247525,0.26978105377579653
386.49504950495054,0.275187825722469
386.5148514851485,0.28032265598011974
386.53465346534654,0.28518050754382035
386.55445544554453,0.2897566204596731
386.5742574257426,0.29404651605483334
386.5940594059406,0.2980460009550873
386.61386138613864,0.30175117087458997
386.63366336633663,0.3051584141647241
386.65346534653463,0.30826441511136676
386.6732673267327,0.3110661569713613
386.6930693069307,0.3135609247404441
386.71287128712873,0.31574630764609685
386.73267326732673,0.3176202013597274
386.7524752475247,0.3191808099235372
386.7722772277228,0.3204266473881869
386.7920792079208,0.32135653915792767
386.81188118811883,0.3219696230408201
386.83168316831683,0.32226535000182005
386.8514851485149,0.3222434846174786
386.8712871287129,0.32190410523117735
386.8910891089109,0.321247603808616
386.91089108910893,0.32027468549351756
386.9306930693069,0.3189863678642092
386.950495049505,0.31738397989206707
386.970297029703,0.31546916060349456
386.990099009901,0.3132438574474478
387.009900990099,0.3107103243711018
387.029702970297,0.3078711196071048
387.0495049504951,0.30472910317598617
387.0693069306931,0.3012874341084494
387.0891089108911,0.2975495673928295
387.10891089108907,0.29351925065391926
387.1287128712871,0.28920052057032575
387.1485148514852,0.2845976990388955
387.16831683168317,0.2797153890959877
387.1881188118812,0.2745584706071667
387.2079207920792,0.269132095739188
387.2277227722772,0.26344168423063624
387.2475247524752,0.2574929184811602
387.26732673267327,0.2512917384836273
387.2871287128713,0.24484433662926683
387.3069306930693,0.23815715242363553
387.3267326732674,0.23123686716122951
387.3465346534653,0.22409039862077004
387.36633663366337,0.21672489586191648
387.38613861386136,0.20914773423110422
387.4059405940594,0.20136651072132822
387.42574257425747,0.1933890398848819
387.44554455445547,0.18522335057625453
387.46534653465346,0.17687768391856046
387.48514851485146,0.16836049306250064
387.5049504950495,0.15968044557669073
387.5247524752475,0.15084642973425114
387.54455445544556,0.14186756664722922
387.5643564356436,0.13275323134065733
387.58415841584156,0.12351308780842572
387.6039603960396,0.11415714654825909
387.6237623762376,0.10469585944074529
387.64356435643566,0.09514027912099304
387.66336633663366,0.08550233498157059
387.6831683168317,0.07579533208038045
387.7029702970297,0.06603490568322239
387.7227722772277,0.05624098813236228
387.74257425742576,0.04644227660059774
387.76237623762376,0.03668780400241484
387.7821782178218,0.027082932198098788
387.8019801980198,0.017935441806522734
387.8217821782178,0.010588314175195955
387.84158415841586,0.010272190167429248
387.86138613861385,0.017373326084522942
387.8811881188119,0.02646115510860403
387.9009900990099,0.03604080629496381
387.92079207920796,0.04577800377245999
387.9405940594059,0.055560991333545834
387.96039603960395,0.06533866740698993
387.980198019802,0.07508152985048394
388.0,0.08476929938179129
388.01980198019805,0.09438618843501399
388.03960396039605,0.10391883351303627
388.05940594059405,0.11335529721767582
388.07920792079204,0.12268454879499498
388.0990099009901,0.13189617763973477
388.11881188118815,0.14098022820566491
388.13861386138615,0.14992710182516905
388.1584158415842,0.15872749716204335
388.17821782178214,0.16737237386217077
388.1980198019802,0.17585293060177073
388.2178217821782,0.18416059232310145
388.23762376237624,0.1922870034694768
388.2574257425743,0.20022402521064486
388.2772277227723,0.20796373535895377
388.2970297029703,0.21549843011552725
388.3168316831683,0.22282062706364308
388.33663366336634,0.22992306900689205
388.35643564356434,0.23679872836892266
388.3762376237624,0.24344081195200948
388.39603960396045,0.24984276590665305
388.4158415841584,0.25599828080315207
388.43564356435644,0.26190129672286583
388.45544554455444,0.2675460083066774
388.4752475247525,0.2729268697121715
388.4950495049505,0.27803859944159537
388.51485148514854,0.2828761850102318
388.53465346534654,0.28743488743112333
388.55445544554453,0.2917102454960494
388.5742574257426,0.295698079836631
388.5940594059406,0.2993944967518714
388.61386138613864,0.30279589179081634
388.63366336633663,0.30589895308064596
388.65346534653463,0.3087006643920612
388.6732673267327,0.31119830793501835
388.6930693069307,0.3133894668788614
388.71287128712873,0.31527202759177875
388.73267326732673,0.3168441815953729
388.7524752475248,0.31810442723070614
388.7722772277227,0.31905157103287746
388.7920792079208,0.31968472881175264
388.81188118811883,0.32000332643701446
388.83168316831683,0.32000710032608076
388.8514851485149,0.31969609763421286
388.8712871287129,0.3190706761461968
388.8910891089109,0.3181315038699066
388.9108910891089,0.3168795583320004
388.9306930693069,0.31531612557702837
388.950495049505,0.313442798871123
388.970297029703,0.31126147711244073
388.99009900990103,0.30877436295063837
389.00990099009897,0.30598396061841193
389.029702970297,0.30289307347868183
389.049504950495,0.2995048012914981
389.0693069306931,0.29582253720558765
389.0891089108911,0.2918499644802048
389.1089108910891,0.28759105294370835
389.1287128712871,0.2830500551965769
389.1485148514851,0.27823150256752277
389.16831683168317,0.273140200833159
389.18811881188117,0.2677812257132072
389.2079207920792,0.2621599181558007
389.2277227722773,0.2562818794299733
389.2475247524752,0.25015296604665116
389.26732673267327,0.24377928453358402
389.28712871287127,0.23716718609666892
389.3069306930693,0.23032326120812913
389.3267326732673,0.2232543341736292
389.34653465346537,0.21596745774619427
389.36633663366337,0.20846990787644218
389.38613861386136,0.2007691787195785
389.4059405940594,0.19287297806361736
389.4257425742574,0.18478922340719553
389.44554455445547,0.17652603901017258
389.46534653465346,0.16809175438275603
389.48514851485146,0.1594949048980059
389.5049504950495,0.15074423555691702
389.5247524752475,0.14184870948936015
389.54455445544556,0.1328175236908945
389.56435643564356,0.12366013605806674
389.5841584158416,0.11438631054208956
389.6039603960396,0.10500619229991288
389.6237623762376,0.09553043443147331
389.64356435643566,0.08597041753027201
389.66336633663366,0.07633864552940033
389.6831683168317,0.0666494992466149
389.7029702970297,0.05692077753178426
389.7227722772277,0.047177162678397895
389.74257425742576,0.0374590765736006
389.76237623762376,0.027849765167346305
389.7821782178218,0.018583292960088864
389.8019801980198,0.010675500519734307
389.82178217821786,0.009072185992801936
389.8415841584158,0.015823395390700254
389.86138613861385,0.024848187762960886
389.8811881188119,0.03437906086673874
389.9009900990099,0.0440627172790345
389.92079207920796,0.05378806655848008
389.94059405940595,0.06350573451713372
389.96039603960395,0.07318749730387367
389.98019801980195,0.08281394519389527
390.0,0.09236989112429134
390.01980198019805,0.10184240148672241
390.03960396039605,0.11121985903505972
390.0594059405941,0.12049148061804507
390.07920792079204,0.12964705376899932
390.0990099009901,0.13867678629086896
390.1188118811881,0.14757121763797001
390.13861386138615,0.15632116574839586
390.1584158415842,0.1649176950441782
390.1782178217822,0.1733520975032009
390.1980198019802,0.18161588203391912
390.2178217821782,0.18970076924707274
390.23762376237624,0.19759868980012146
390.25742574257424,0.20530178513824104
390.2772277227723,0.2128024098547741
390.29702970297035,0.22009313514629872
390.3168316831683,0.2271667530006688
390.33663366336634,0.23401628086369447
390.35643564356434,0.24063496660258102
390.3762376237624,0.24701629363399064
390.3960396039604,0.25315398611848144
390.41584158415844,0.25904201414797295
390.43564356435644,0.26467459886988615
390.45544554455444,0.2700462175044181
390.4752475247525,0.2751516082207676
390.4950495049505,0.27998577484490395
390.51485148514854,0.2845439913769485
390.53465346534654,0.28882180630007237
390.55445544554453,0.29281504666589503
390.5742574257426,0.29651982194416665
390.5940594059406,0.2999325276259904
390.61386138613864,0.30304984857177086
390.63366336633663,0.305868762096356
390.6534653465347,0.3083865407847422
390.6732673267327,0.3106007550328638
390.6930693069307,0.31250927530866174
390.71287128712873,0.31411027412934706
390.73267326732673,0.31540222775159926
390.7524752475248,0.31638391757158446
390.7722772277228,0.31705443123275856
390.7920792079208,0.3174131634394906
390.81188118811883,0.31745981647521804
390.83168316831683,0.3171944004241756
390.8514851485149,0.31661723309641954
390.8712871287129,0.3157289396558578
390.89108910891093,0.31453045195200574
390.9108910891089,0.3130230075559952
390.9306930693069,0.3112081485022685
390.950495049505,0.3090877197376161
390.970297029703,0.30666386727966
390.99009900990103,0.3039390360874271
391.009900990099,0.3009159676470673
391.029702970297,0.2975976972764296
391.049504950495,0.2939875511526745
391.0693069306931,0.29008914306774763
391.0891089108911,0.28590637091739096
391.1089108910891,0.2814434129299997
391.1287128712872,0.27670472364281345
391.1485148514851,0.2716950296338817
391.16831683168317,0.26641932501977417
391.18811881188117,0.26088286673068617
391.2079207920792,0.2550911695766422
391.2277227722773,0.2490500011214152
391.2475247524753,0.24276537638405263
391.26732673267327,0.23624355239267672
391.28712871287127,0.2294910226213203
391.3069306930693,0.2225145113486038
391.3267326732673,0.2153209679886113
391.34653465346537,0.2079175614594863
391.3663366336634,0.20031167467753755
391.38613861386136,0.1925108992953985
391.4059405940594,0.18452303084830737
391.4257425742574,0.17635606453896008
391.44554455445547,0.16801819199146129
391.46534653465346,0.1595177994581177
391.4851485148515,0.1508634682024121
391.5049504950495,0.1420639781661408
391.5247524752475,0.13312831666176192
391.54455445544556,0.1240656949054523
391.56435643564356,0.11488557709219875
391.5841584158416,0.10559773015410168
391.6039603960396,0.09621230890050353
391.6237623762376,0.08674000439985534
391.64356435643566,0.07719231152968954
391.66336633663366,0.0675820359856458
391.6831683168317,0.05792432237151793
391.7029702970297,0.048238937088270206
391.72277227722776,0.038556003851518056
391.7425742574257,0.028933159279107345
391.76237623762376,0.01952225459591308
391.7821782178218,0.010964121530498293
391.8019801980198,0.007437352350172278
391.82178217821786,0.013658672025261871
391.84158415841586,0.022656334020768065
391.86138613861385,0.032158321945669484
391.88118811881185,0.041796334776783774
391.9009900990099,0.05146564342469225
391.92079207920796,0.06112140975658467
391.94059405940595,0.0707381154102164
391.960396039604,0.08029800329096846
391.98019801980195,0.08978694759119574
392.0,0.09919273189617786
392.019801980198,0.10850424701551485
392.03960396039605,0.11771108523981715
392.0594059405941,0.12680332213225293
392.0792079207921,0.13577139383882986
392.0990099009901,0.144606026058585
392.1188118811881,0.15329819237087502
392.13861386138615,0.1618390899473735
392.15841584158414,0.17022012591871022
392.1782178217822,0.17843291045912293
392.19801980198025,0.18646925420478405
392.2178217821782,0.1943211685167195
392.23762376237624,0.2019808676321245
392.25742574257424,0.20944077207478065
392.2772277227723,0.21669351290062502
392.2970297029703,0.22373193648682174
392.31683168316835,0.23054910965976813
392.33663366336634,0.23713832501553317
392.35643564356434,0.24349310632624116
392.3762376237624,0.24960721395334654
392.3960396039604,0.25547465020826543
392.41584158415844,0.2610896646147147
392.43564356435644,0.2664467590372603
392.45544554455444,0.2715406926479372
392.4752475247525,0.276366486708364
392.4950495049505,0.2809194291490224
392.51485148514854,0.28519507893055096
392.53465346534654,0.2891892701743631
392.5544554455446,0.2928981160520123
392.57425742574253,0.2963180124242031
392.5940594059406,0.2994456412216608
392.61386138613864,0.30227797356128405
392.63366336633663,0.3048122725916813
392.6534653465347,0.30704609606324973
392.6732673267327,0.3089772986184371
392.6930693069307,0.3106040337985336
392.7128712871287,0.3119247557638701
392.73267326732673,0.3129382207248626
392.7524752475248,0.31364348808170545
392.7722772277228,0.3140399212710812
392.79207920792084,0.31412718831861425
392.8118811881188,0.31390526209621167
392.83168316831683,0.31337442028386214
392.8514851485148,0.3125352450358585
392.8712871287129,0.31138862235170983
392.89108910891093,0.3099357411525453
392.91089108910893,0.30817809206408425
392.9306930693069,0.30611746590763944
392.9504950495049,0.30375595190114496
392.970297029703,0.30109593557242864
392.990099009901,0.298140096387548
393.009900990099,0.2948914050973668
393.0297029702971,0.2913531208060721
393.049504950495,0.28752878776585467
393.0693069306931,0.28342223190250937
393.08910891089107,0.27903755707755856
393.1089108910891,0.27437914109283795
393.1287128712871,0.26945163144492923
393.1485148514852,0.26425994083731275
393.16831683168317,0.25880924245968534
393.18811881188117,0.25310496504534125
393.2079207920792,0.24715278771941526
393.2277227722772,0.24095863465332196
393.2475247524753,0.23452866954386967
393.26732673267327,0.2278692899397439
393.28712871287127,0.2209871214438093
393.3069306930693,0.2138890118272199
393.3267326732673,0.2065820251020976
393.34653465346537,0.19907343561417107
393.36633663366337,0.19137072223816906
393.3861386138614,0.18348156278903766
393.4059405940594,0.17541382880725515
393.4257425742574,0.1671755809434955
393.44554455445547,0.1587750652713063
393.46534653465346,0.15022071101663678
393.4851485148515,0.14152113045083262
393.5049504950495,0.1326851221157842
393.5247524752475,0.12372167926559698
393.54455445544556,0.11464000666065936
393.56435643564356,0.10544955112605027
393.5841584158416,0.09616005560984855
393.6039603960396,0.08678165511927778
393.62376237623766,0.07732505125852546
393.6435643564356,0.06780184394327998
393.66336633663366,0.05822520313637301
393.6831683168317,0.04861135362352194
393.7029702970297,0.038983278345065965
393.72277227722776,0.029381692413073056
393.74257425742576,0.01990735078371542
393.76237623762376,0.010976374480516167
393.78217821782175,0.006065768346821981
393.8019801980198,0.012060642690226664
393.82178217821786,0.02111724934034189
393.84158415841586,0.030609419683215754
393.8613861386139,0.04020460345847689
393.88118811881185,0.04981539445557463
393.9009900990099,0.059404639667164284
393.9207920792079,0.0689506467265927
393.94059405940595,0.07843777364922676
393.960396039604,0.0878531682222245
393.980198019802,0.09718543677914653
394.0,0.10642403398721509
394.019801980198,0.11555895858433947
394.03960396039605,0.1245805921436944
394.05940594059405,0.1334796100068117
394.0792079207921,0.14224693094566043
394.09900990099015,0.15087368868545836
394.1188118811881,0.1593512162922049
394.13861386138615,0.1676710383953834
394.15841584158414,0.17582486831694466
394.1782178217822,0.18380460833924306
394.1980198019802,0.191602352011181
394.21782178217825,0.19921038778742395
394.23762376237624,0.20662120353720045
394.25742574257424,0.21382749161049233
394.2772277227723,0.22082215424697152
394.2970297029703,0.22759830917670443
394.31683168316835,0.2341492953043316
394.33663366336634,0.24046867839765054
394.35643564356434,0.2465502567214851
394.3762376237624,0.25238806657226676
394.3960396039604,0.2579763876785622
394.41584158415844,0.2633097484403677
394.43564356435644,0.2683829309854543
394.4554455445545,0.2731909760250399
394.4752475247525,0.27772918749415443
394.4950495049505,0.2819931369645609
394.51485148514854,0.285978667819872
394.53465346534654,0.28968189918402437
394.5544554455446,0.29309922959558693
394.5742574257426,0.29622734042122645
394.5940594059406,0.29906319900258854
394.61386138613864,0.3016040615317004
394.63366336633663,0.30384747565041764
394.6534653465347,0.3057912827701412
394.6732673267327,0.307433620108591
394.69306930693074,0.30877292244078663
394.7128712871287,0.3098079235619186
394.73267326732673,0.31053765746016426
394.7524752475248,0.3109614591979105
394.7722772277228,0.31107896550032094
394.79207920792084,0.31089011505038017
394.81188118811883,0.3103951484901238
394.83168316831683,0.3095946081279622
394.8514851485148,0.3084893373525033
394.8712871287129,0.30708047975351616
394.89108910891093,0.3053694779511437
394.91089108910893,0.303358072134805
394.930693069307,0.3010482983135781
394.9504950495049,0.29844248628027303
394.970297029703,0.2955432572918648
394.990099009901,0.292353521469176
395.009900990099,0.28887647491945634
395.0297029702971,0.28511559658568286
395.0495049504951,0.28107464482716704
395.0693069306931,0.27675765373641936
395.08910891089107,0.2721689291981715
395.1089108910891,0.26731304469690514
395.1287128712871,0.26219483688034767
395.1485148514852,0.25681940088740396
395.1683168316832,0.25119208545029964
395.18811881188117,0.24531848778232332
395.2079207920792,0.23920444826475554
395.2277227722772,0.23285604494905
395.2475247524753,0.22627958789401106
395.26732673267327,0.21948161336240846
395.2871287128713,0.21246887790772218
395.3069306930693,0.2052483523904516
395.3267326732673,0.19782721597589273
395.34653465346537,0.1902128501823138
395.36633663366337,0.18241283307366965
395.3861386138614,0.17443493372791433
395.4059405940594,0.1662871071667048
395.4257425742574,0.15797749001658368
395.44554455445547,0.14951439730238195
395.46534653465346,0.140906320982963
395.4851485148515,0.13216193118206002
395.5049504950495,0.1232900816460687
395.5247524752475,0.11429982197139629
395.5445544554455,0.10520042097643598
395.56435643564356,0.09600140906300308
395.5841584158416,0.08671265432178478
395.6039603960396,0.07734450173954611
395.62376237623766,0.06790803800617819
395.6435643564356,0.058415626467263754
395.66336633663366,0.04888208333611723
395.68316831683165,0.03932758725960224
395.7029702970297,0.029786198015215613
395.72277227722776,0.020338130659188824
395.74257425742576,0.011300376604678626
395.76237623762376,0.005516215773549944
395.78217821782175,0.011050837000607723
395.8019801980198,0.020057982239155545
395.8217821782178,0.029493027655939315
395.84158415841586,0.03902226493495747
395.8613861386139,0.04856291815950177
395.88118811881185,0.05808027863738246
395.9009900990099,0.06755396391420701
395.9207920792079,0.07696909729339477
395.94059405940595,0.08631331321997913
395.96039603960395,0.09557555159376553
395.980198019802,0.10474551096405058
396.0,0.11381337837380204
396.019801980198,0.12276968749457792
396.03960396039605,0.1316052410795182
396.05940594059405,0.1403110677499733
396.0792079207921,0.14887839807328365
396.0990099009901,0.15729865194617584
396.1188118811881,0.1655634328360219
396.13861386138615,0.17366452629817902
396.15841584158414,0.18159390121551633
396.1782178217822,0.1893437127946192
396.1980198019802,0.1969063067010874
396.21782178217825,0.2042742239283996
396.2376237623762,0.21144020612772227
396.25742574257424,0.2183972012108014
396.2772277227723,0.2251383690940942
396.2970297029703,0.2316570874893302
396.31683168316835,0.23794695767106522
396.33663366336634,0.24400181016939232
396.35643564356434,0.24981571034831332
396.37623762376234,0.25538296383906606
396.3960396039604,0.2606981218041855
396.41584158415844,0.26575598601279027
396.43564356435644,0.2705516137111429
396.4554455445545,0.2750803222752689
396.47524752475243,0.27933769363440636
396.4950495049505,0.2833195784558992
396.5148514851485,0.2870221000832639
396.53465346534654,0.2904416582204249
396.5544554455446,0.2935749323558619
396.5742574257426,0.2964188849213131
396.5940594059406,0.2989707641802173
396.6138613861386,0.3012281068418482
396.63366336633663,0.3031887403973105
396.65346534653463,0.30485078517443587
396.6732673267327,0.3062126561087351
396.69306930693074,0.3072730642281729
396.7128712871287,0.3080310178498051
396.73267326732673,0.3084858234868511
396.7524752475247,0.3086370864649396
396.7722772277228,0.30848471124679977
396.7920792079208,0.30802890146493983
396.81188118811883,0.3072701596621508
396.83168316831683,0.30620928674016
396.8514851485148,0.3048473811169526
396.8712871287129,0.30318583759364165
396.8910891089109,0.30122634593222686
396.91089108910893,0.29897088914569453
396.9306930693069,0.2964217415025483
396.9504950495049,0.29358146624790915
396.970297029703,0.2904529130439079
396.990099009901,0.2870392151323374
397.009900990099,0.28334378622302797
397.029702970297,0.279370317111654
397.0495049504951,0.275122772031321
397.0693069306931,0.27060538474257056
397.08910891089107,0.2658226543671508
397.1089108910891,0.26077934097131195
397.1287128712871,0.255480460905233
397.1485148514852,0.2499312819058985
397.16831683168317,0.24413731797182975
397.18811881188117,0.2381043240191193
397.2079207920792,0.23183829032990166
397.2277227722772,0.22534543680633742
397.2475247524753,0.2186322070456786
397.26732673267327,0.21170526225541808
397.2871287128713,0.20457147503244116
397.30693069306926,0.19723792303623322
397.3267326732673,0.18971188259570898
397.34653465346537,0.18200082230216194
397.36633663366337,0.1741123966601704
397.3861386138614,0.16605443989683433
397.4059405940594,0.15783496007349673
397.4257425742574,0.14946213371139883
397.4455445544554,0.14094430125067728
397.46534653465346,0.13228996383769004
397.4851485148515,0.12350778223137159
397.5049504950495,0.11460657913274586
397.52475247524757,0.10559534716838904
397.5445544554455,0.09648326650225013
397.56435643564356,0.08727973949980228
397.58415841584156,0.07799445710210921
397.6039603960396,0.06863752783343081
397.62376237623766,0.05921974019836165
397.64356435643566,0.04975313776201666
397.66336633663366,0.040252425919045084
397.68316831683165,0.030739013733193543
397.7029702970297,0.02125590699438834
397.7227722772277,0.01195284259140709
397.74257425742576,0.004377769983782535
397.7623762376238,0.009004142891952331
397.78217821782175,0.018117575602849576
397.8019801980198,0.027560815505996053
397.8217821782178,0.0370583839335821
397.84158415841586,0.046549955418291884
397.86138613861385,0.05600974136103045
397.8811881188119,0.06542153400794845
397.9009900990099,0.07477267511529735
397.9207920792079,0.08405209884822311
397.94059405940595,0.09324956816781846
397.96039603960395,0.10235533737896947
397.980198019802,0.11135998968952847
398.0,0.12025435457115277
398.019801980198,0.1290294645914231
398.03960396039605,0.1376765330752031
398.05940594059405,0.14618694334673416
398.0792079207921,0.15455224468672354
398.0990099009901,0.16276415231427568
398.11881188118815,0.17081454984097433
398.13861386138615,0.17869549326705075
398.15841584158414,0.18639921594310122
398.1782178217822,0.19391813412949738
398.1980198019802,0.201244852911566
398.21782178217825,0.20837217230775879
398.23762376237624,0.21529309345795178
398.25742574257424,0.22200082481222455
398.2772277227723,0.2284887882621231
398.2970297029703,0.23475062517150483
398.31683168316835,0.2407802022742234
398.33663366336634,0.24657161741338893
398.3564356435644,0.2521192051019299
398.37623762376234,0.25741754188820254
398.3960396039604,0.26246145151316236
398.41584158415844,0.26724600984772423
398.43564356435644,0.27176654960054974
398.4554455445545,0.2760186647880876
398.4752475247525,0.2799982149593191
398.4950495049505,0.2837013291689481
398.5148514851485,0.28712440969315933
398.53465346534654,0.2902641354829538
398.5544554455446,0.2931174653505042
398.5742574257426,0.29568164088443255
398.59405940594064,0.29795418909043564
398.6138613861386,0.2999329247541116
398.63366336633663,0.3016159525231481
398.65346534653463,0.3030016687064796
398.6732673267327,0.30408876278833236
398.69306930693074,0.30487621865551223
398.71287128712873,0.3053633155363997
398.73267326732673,0.3055496286508363
398.7524752475247,0.3054350295699565
398.7722772277228,0.3050196862857219
398.7920792079208,0.3043040629900001
398.81188118811883,0.30328891956344434
398.8316831683169,0.3019753107747318
398.8514851485148,0.3003645851910308
398.8712871287129,0.298458383800858
398.8910891089109,0.2962586383508485
398.91089108910893,0.29376756939823345
398.9306930693069,0.29098768408120973
398.950495049505,0.2879217736096155
398.970297029703,0.28457291047874794
398.990099009901,0.2809444454094663
399.009900990099,0.2770400040180854
399.029702970297,0.27286348321991893
399.0495049504951,0.26841904737077904
399.0693069306931,0.2637111241510943
399.08910891089107,0.25874440019787237
399.1089108910891,0.2535238164901621
399.1287128712871,0.24805456349432978
399.1485148514852,0.24234207607616504
399.16831683168317,0.2363920281876822
399.1881188118812,0.23021032733748803
399.20792079207916,0.22380310885490684
399.2277227722772,0.21717672995984277
399.2475247524753,0.21033776365242923
399.26732673267327,0.2032929924396469
399.2871287128713,0.1960494019201443
399.3069306930693,0.18861417425429847
399.3267326732673,0.18099468155483414
399.3465346534653,0.17319847924520831
399.36633663366337,0.16523329945087498
399.3861386138614,0.15710704451551918
399.4059405940594,0.14882778077601155
399.42574257425747,0.14040373279643592
399.4455445544554,0.13184327836917467
399.46534653465346,0.12315494477254384
399.48514851485146,0.11434740708797543
399.5049504950495,0.10542948994386654
399.52475247524757,0.09641017511079812
399.54455445544556,0.0872986194555888
399.56435643564356,0.07810419210691805
399.58415841584156,0.06883654939655427
399.6039603960396,0.0595057897466517
399.6237623762376,0.050122794411284
399.64356435643566,0.040700057162348556
399.6633663366337,0.031254040055019694
399.68316831683165,0.021813678681917976
399.7029702970297,0.012467386369082392
399.7227722772277,0.004095992491529636
399.74257425742576,0.007765921929870229
399.76237623762376,0.01690455626351609
399.7821782178218,0.026308848358712916
399.8019801980198,0.035746143917849145
399.8217821782178,0.04516918866744594
399.84158415841586,0.054556980639814776
399.86138613861385,0.06389547435165827
399.8811881188119,0.07317314742682525
399.9009900990099,0.08237960303656201
399.9207920792079,0.09150503590303032
399.94059405940595,0.10054000080150541
399.96039603960395,0.10947530359802739
399.980198019802,0.118301947577313
400.0,0.12701110688413503
400.01980198019805,0.13559411416372794
400.039603960396,0.14404245603722793
400.05940594059405,0.15234777308179154
400.0792079207921,0.16050186248185536
400.0990099009901,0.16849668229652148
400.11881188118815,0.17632435671231048
400.13861386138615,0.18397718189066728
400.15841584158414,0.1914476321606752
400.17821782178214,0.19872836639255964
400.1980198019802,0.20581223444075228
400.21782178217825,0.21269228357899003
400.23762376237624,0.21936176487206693
400.2574257425743,0.22581413944347564
400.27722772277224,0.23204308460837814
400.2970297029703,0.2380424998479968
400.3168316831683,0.2438065126067768
400.33663366336634,0.249329483896875
400.3564356435644,0.2546060136974169
400.3762376237624,0.25963094613769366
400.3960396039604,0.264399374455194
400.4158415841584,0.2689066457202826
400.43564356435644,0.27314836532057557
400.45544554455444,0.2771204011985413
400.4752475247525,0.28081888783682
400.49504950495054,0.2842402299859835
400.5148514851485,0.2873811061303029
400.53465346534654,0.29023847168725997
400.55445544554453,0.2928095619371241
400.5742574257426,0.29509189467923
400.5940594059406,0.297083272611951
400.61386138613864,0.2987817854337848
400.63366336633663,0.3001858116631889
400.65346534653463,0.3012940201752842
400.6732673267327,0.3021053714536289
400.6930693069307,0.3026191185559325
400.71287128712873,0.3028348077924882
400.73267326732673,0.3027522791167734
400.7524752475247,0.30237166622769
400.7722772277228,0.3016933963834087
400.7920792079208,0.30071818992698895
400.81188118811883,0.2994470595242745
400.83168316831683,0.29788130911487204
400.8514851485149,0.29602253257730293
400.8712871287129,0.29387261210971005
400.8910891089109,0.29143371632782955
400.91089108910893,0.28870829808222737
400.9306930693069,0.285699091997059
400.950495049505,0.2824091117329934
400.970297029703,0.2788416469771437
400.990099009901,0.27500026016328294
401.009900990099,0.27088878292578694
401.029702970297,0.26651131229121267
401.0495049504951,0.261872206611679
401.0693069306931,0.2569760812445629
401.0891089108911,0.25182780398343
401.10891089108907,0.24643249024553274
401.1287128712871,0.2407954980216429
401.1485148514852,0.23492242259445315
401.16831683168317,0.2288190910324735
401.1881188118812,0.22249155646703786
401.2079207920792,0.2159460921607737
401.2277227722772,0.20918918537732173
401.2475247524752,0.20222753106315444
401.26732673267327,0.19506802535468773
401.2871287128713,0.1877177589262947
401.3069306930693,0.1801840101987673
401.3267326732674,0.17247423843312168
401.3465346534653,0.16459607674279747
401.36633663366337,0.1565573250692635
401.38613861386136,0.14836594318469534
401.4059405940594,0.14003004381484024
401.42574257425747,0.1315578860229055
401.44554455445547,0.12295786907502632
401.46534653465346,0.11423852714551054
401.48514851485146,0.1054085254665332
401.5049504950495,0.0964766589868282
401.5247524752475,0.08745185550567657
401.54455445544556,0.07834318711790501
401.5643564356436,0.0691598979563454
401.58415841584156,0.05991146622297142
401.6039603960396,0.05060774523743605
401.6237623762376,0.04125930986164936
401.64356435643566,0.03187843321565675
401.66336633663366,0.022482540759390844
401.6831683168317,0.013112551842079578
401.7029702970297,0.004108168689149661
401.7227722772277,0.006387100663093223
401.74257425742576,0.015604629321160544
401.76237623762376,0.02498224934603643
401.7821782178218,0.03436607957682358
401.8019801980198,0.04372598950586798
401.8217821782178,0.053046643431950195
401.84158415841586,0.062316426808087376
401.86138613861385,0.07152505347385645
401.8811881188119,0.08066283818580332
401.9009900990099,0.08972042699889334
401.92079207920796,0.09868868453630507
401.94059405940595,0.10755864381303003
401.96039603960395,0.11632148393494121
401.980198019802,0.12496852131798011
402.0,0.13349120790912317
402.01980198019805,0.1418811332195694
402.03960396039605,0.15013002850992066
402.05940594059405,0.15822977221631246
402.0792079207921,0.1661723960940435
402.0990099009901,0.17395009176545342
402.11881188118815,0.18155521747721845
402.13861386138615,0.18898030494163887
402.1584158415842,0.19621806617831175
402.17821782178214,0.20326140029860287
402.1980198019802,0.21010340019178733
402.21782178217825,0.21673735908262814
402.23762376237624,0.22315677693737013
402.2574257425743,0.22935536670007503
402.2772277227723,0.23532706034463022
402.2970297029703,0.2410660147303618
402.3168316831683,0.24656661725083187
402.33663366336634,0.25182349126687614
402.3564356435644,0.2568315013160051
402.3762376237624,0.261585758091076
402.39603960396045,0.2660816231817908
402.4158415841584,0.27031471357327563
402.43564356435644,0.2742809058964159
402.45544554455444,0.27797634042503333
402.4752475247525,0.2813974248154243
402.49504950495054,0.28454083758428617
402.51485148514854,0.28740353132108204
402.53465346534654,0.28998273563159455
402.55445544554453,0.29227595980945625
402.5742574257426,0.2942809952329898
402.5940594059406,0.29599591748472975
402.61386138613864,0.2974190881916422
402.6336633663367,0.29854915658398806
402.65346534653463,0.29938506077135274
402.6732673267327,0.29992602873458907
402.6930693069307,0.3001715790325695
402.71287128712873,0.30012152122318
402.73267326732673,0.2997759559980254
402.7524752475248,0.299135275030882
402.7722772277228,0.29820016053991844
402.7920792079208,0.2969715845642451
402.81188118811883,0.29545080795551626
402.83168316831683,0.2936393790856175
402.8514851485149,0.2915391322717783
402.8712871287129,0.2891521859206859
402.8910891089109,0.2864809403935154
402.91089108910893,0.2835280755940598
402.9306930693069,0.28029654828238787
402.950495049505,0.27678958911675006
402.970297029703,0.27301069942678907
402.99009900990103,0.26896364772133713
403.00990099009897,0.2646524659343128
403.029702970297,0.26008144541265066
403.0495049504951,0.2552551326502986
403.0693069306931,0.25017832477282653
403.0891089108911,0.24485606477721106
403.1089108910891,0.23929363653188018
403.1287128712871,0.23349655954234338
403.1485148514851,0.22747058348805424
403.16831683168317,0.22122168253645458
403.1881188118812,0.2147560494407488
403.2079207920792,0.2080800894281757
403.2277227722773,0.20120041388632187
403.2475247524752,0.1941238338555588
403.26732673267327,0.18685735333665962
403.28712871287127,0.1794081624238584
403.3069306930693,0.17178363027514004
403.3267326732674,0.16399129793408715
403.34653465346537,0.15603887102087893
403.36633663366337,0.14793421231543735
403.38613861386136,0.1396853342638961
403.4059405940594,0.13130039145264205
403.4257425742574,0.12278767311635473
403.44554455445547,0.1141555957838626
403.4653465346535,0.10541269623275532
403.48514851485146,0.09656762504827732
403.5049504950495,0.0876291413244025
403.5247524752475,0.07860610954543738
403.54455445544556,0.06950750078811141
403.56435643564356,0.06034240301760239
403.5841584158416,0.051120052210021916
403.6039603960396,0.04184991698100722
403.6237623762376,0.03254194453671881
403.64356435643566,0.02320742356116125
403.66336633663366,0.013863378902867972
403.6831683168317,0.004591006127549788
403.7029702970297,0.00508124302082817
403.7227722772277,0.014363428781893195
403.74257425742576,0.023701103527419404
403.76237623762376,0.03302470245228691
403.7821782178218,0.042317855956232366
403.8019801980198,0.0515694233003617
403.82178217821786,0.060769527544525456
403.8415841584158,0.06990875493098007
403.86138613861385,0.07897792347764886
403.8811881188119,0.08796800277891981
403.9009900990099,0.09687008446549987
403.92079207920796,0.10567537251929987
403.94059405940595,0.11437518229850949
403.96039603960395,0.1229609437123466
403.98019801980195,0.13142420649129513
404.0,0.13975664655254658
404.01980198019805,0.1479500729406067
404.03960396039605,0.15599643505677238
404.0594059405941,0.16388783001145873
404.07920792079204,0.17161650999827335
404.0990099009901,0.17917488962521536
404.1188118811881,0.1865555531598187
404.13861386138615,0.19375126165773787
404.1584158415842,0.2007549599525321
404.1782178217822,0.20755978348932771
404.1980198019802,0.2141590649885937
404.2178217821782,0.2205463409284887
404.23762376237624,0.22671535783587315
404.25742574257424,0.23266007837732167
404.2772277227723,0.23837468724230715
404.29702970297035,0.24385359681137794
404.3168316831683,0.24909145260278864
404.33663366336634,0.25408313849151914
404.35643564356434,0.25882378169493997
404.3762376237624,0.26330875751979776
404.3960396039604,0.2675336938656067
404.41584158415844,0.2714944754796759
404.43564356435644,0.27518724795951593
404.45544554455444,0.27860842149843495
404.4752475247525,0.28175467437068974
404.4950495049505,0.28462295615254035
404.51485148514854,0.28721049067612814
404.53465346534654,0.2895147787131199
404.55445544554453,0.2915336003855932
404.5742574257426,0.29326501730167026
404.5940594059406,0.29470737441389805
404.61386138613864,0.2958593015984506
404.63366336633663,0.29671971495378946
404.6534653465347,0.2972878178173081
404.6732673267327,0.29756310149921894
404.6930693069307,0.29754534573282665
404.71287128712873,0.2972346188408462
404.73267326732673,0.2966312776176311
404.7524752475248,0.29573596692749426
404.7722772277228,0.2945496190195159
404.7920792079208,0.29307345255961287
404.81188118811883,0.29130897138078826
404.83168316831683,0.28925796295293316
404.8514851485149,0.2869224965736583
404.8712871287129,0.28430492128206897
404.89108910891093,0.2814078634974861
404.9108910891089,0.2782342243855939
404.9306930693069,0.2747871769545952
404.950495049505,0.27107016288432734
404.970297029703,0.2670868890915062
404.99009900990103,0.2628413240345853
405.009900990099,0.2583376937618399
405.029702970297,0.25358047770677816
405.049504950495,0.2485744042350069
405.0693069306931,0.24332444594706518
405.0891089108911,0.2378358147419601
405.1089108910891,0.23211395664639461
405.1287128712872,0.22616454641492703
405.1485148514851,0.2199934819065724
405.16831683168317,0.21360687824358618
405.18811881188117,0.20701106175850895
405.2079207920792,0.2002125637358162
405.2277227722773,0.19321811395475635
405.2475247524753,0.18603463404048057
405.26732673267327,0.17866923063089898
405.28712871287127,0.17112918836722285
405.3069306930693,0.16342196271691795
405.3267326732673,0.15555517263868557
405.34653465346537,0.1475365931005756
405.3663366336634,0.13937414746422072
405.38613861386136,0.13107589975171777
405.4059405940594,0.12265004681677191
405.4257425742574,0.11410491045077892
405.44554455445547,0.10544892947052859
405.46534653465346,0.09669065186342132
405.4851485148515,0.08783872712280014
405.5049504950495,0.07890189902216317
405.5247524752475,0.06988899933062032
405.54455445544556,0.0608089435723672
405.56435643564356,0.051670731500850366
405.5841584158416,0.04248345960468402
405.6039603960396,0.03325636927636628
405.6237623762376,0.02399902740421017
405.64356435643566,0.014722224574084506
405.66336633663366,0.005448160376195028
405.6831683168317,0.003926235819719364
405.7029702970297,0.013187429392457135
405.7227722772277,0.022459895655986935
405.74257425742576,0.031711820977759125
405.76237623762376,0.04093193480382769
405.7821782178218,0.050110596476187506
405.8019801980198,0.05923856108030849
405.82178217821786,0.06830675048746554
405.8415841584158,0.07730619384865213
405.86138613861385,0.08622801156132197
405.8811881188119,0.09506341345172331
405.9009900990099,0.10380370240671674
405.92079207920796,0.11244028033077282
405.94059405940595,0.12096465516145806
405.96039603960395,0.12936844837503705
405.98019801980195,0.13764340270446282
406.0,0.1457813899235006
406.01980198019805,0.1537744186143347
406.03960396039605,0.161614641868584
406.0594059405941,0.16929436488906513
406.07920792079204,0.17680605246977235
406.0990099009901,0.18414233633708837
406.1188118811881,0.19129602233896145
406.13861386138615,0.19826009747090634
406.1584158415842,0.20502773672923275
406.1782178217822,0.21159230978290217
406.1980198019802,0.21794738745623177
406.2178217821782,0.22408674801508793
406.23762376237624,0.23000438324980094
406.25742574257424,0.23569450434833558
406.2772277227723,0.241151547553654
406.29702970297035,0.24637017959944
406.3168316831683,0.25134530291865004
406.33663366336634,0.25607206061967736
406.35643564356434,0.26054584122520713
406.3762376237624,0.26476228316889044
406.3960396039604,0.26871727904554993
406.41584158415844,0.2724069796106078
406.43564356435644,0.2758277975248464
406.45544554455444,0.27897641084083663
406.4752475247525,0.2818497662275398
406.4950495049505,0.28444508193001933
406.51485148514854,0.28675985046132624
406.53465346534654,0.2887918410239634
406.55445544554453,0.2905391016585577
406.5742574257426,0.29199996111765053
406.5940594059406,0.29317303046288307
406.61386138613864,0.29405720438393484
406.63366336633663,0.2946516622379939
406.6534653465347,0.2949558688088668
406.6732673267326,0.29496957478489605
406.6930693069307,0.29469281695535443
406.71287128712873,0.2941259181251277
406.73267326732673,0.29326948674780945
406.7524752475248,0.2921244162777132
406.7722772277228,0.2906918842413329
406.7920792079208,0.28897335102936533
406.8118811881188,0.28697055841046365
406.83168316831683,0.284685527768235
406.8514851485149,0.28212055806333364
406.8712871287129,0.27927822352265885
406.89108910891093,0.2761613710579906
406.9108910891089,0.2727731174167529
406.9306930693069,0.26911684606764463
406.9504950495049,0.2651962038244221
406.970297029703,0.26101509721110633
406.99009900990103,0.2565776885723781
407.009900990099,0.25188839193302676
407.029702970297,0.24695186861069196
407.049504950495,0.2417730225862571
407.0693069306931,0.23635699563673201
407.08910891089107,0.23070916223543778
407.1089108910891,0.22483512422488564
407.1287128712872,0.21874070526771586
407.1485148514851,0.21243194508161659
407.16831683168317,0.2059150934642432
407.18811881188117,0.19919660411462473
407.2079207920792,0.19228312825787264
407.2277227722772,0.18518150808048475
407.2475247524753,0.1778987699840259
407.26732673267327,0.17044211766584896
407.28712871287127,0.16281892503625814
407.3069306930693,0.1550367289831324
407.3267326732673,0.14710322199684844
407.34653465346537,0.13902624467148253
407.36633663366337,0.13081377810318925
407.38613861386136,0.12247393621439537
407.4059405940594,0.11401495804602996
407.4257425742574,0.10544520008367778
407.44554455445547,0.09677312872683012
407.46534653465346,0.08800731309442557
407.4851485148515,0.07915641853000803
407.50495049504946,0.07022920153949291
407.5247524752475,0.06123450776147644
407.54455445544556,0.05218127680761474
407.56435643564356,0.043078564343209266
407.5841584158416,0.03393561424299546
407.6039603960396,0.02476211127179935
407.6237623762376,0.015569361813691245
407.6435643564356,0.006381776227565676
407.66336633663366,0.0029723006667051804
407.6831683168317,0.012114662189995563
407.7029702970297,0.02130463015952995
407.72277227722776,0.030477927220845157
407.7425742574257,0.03962142759193096
407.76237623762376,0.04872511791301755
407.78217821782175,0.057779667908277356
407.8019801980198,0.06677600065040924
407.82178217821786,0.07570517923222578
407.84158415841586,0.08455837202658716
407.86138613861385,0.09332684315107488
407.88118811881185,0.10200195249265427
407.9009900990099,0.11057515980571775
407.9207920792079,0.11903803068892128
407.94059405940595,0.1273822434677656
407.960396039604,0.1355995965145411
407.98019801980195,0.14368201576258452
408.0,0.15162156228090828
408.019801980198,0.15941043983007994
408.03960396039605,0.1670410023502446
408.05940594059405,0.17450576134840529
408.0792079207921,0.18179739316187785
408.0990099009901,0.18890874608060623
408.1188118811881,0.19583284731459089
408.13861386138615,0.2025629097951849
408.15841584158414,0.20909233880039954
408.1782178217822,0.2154147383957144
408.1980198019802,0.2215239176824054
408.2178217821782,0.22741389684632318
408.23762376237624,0.23307891300030456
408.25742574257424,0.23851342581399515
408.2772277227723,0.24371212292505076
408.2970297029703,0.2486699251261639
408.31683168316835,0.25338199132261185
408.33663366336634,0.25784372325519983
408.35643564356434,0.26205076998398164
408.3762376237624,0.2659990321280837
408.3960396039604,0.26968466585758905
408.41584158415844,0.2731040866334593
408.43564356435644,0.2762539726916897
408.45544554455444,0.2791312682684883
408.4752475247525,0.28173318656305346
408.4950495049505,0.2840572124353049
408.51485148514854,0.28610110483569035
408.53465346534654,0.28786289896497746
408.5544554455446,0.28934090816156866
408.57425742574253,0.29053372551497153
408.5940594059406,0.2914402252034277
408.61386138613864,0.2920595635547797
408.63366336633663,0.2923911798293676
408.6534653465347,0.292434796724291
408.6732673267327,0.29219042059862954
408.6930693069307,0.2916583414193917
408.7128712871287,0.29083913242836923
408.73267326732673,0.28973364953016584
408.7524752475248,0.2883430304022418
408.7722772277228,0.28666869332771827
408.79207920792084,0.2847123357523644
408.8118811881188,0.2824759325670389
408.83168316831683,0.27996173411756237
408.8514851485148,0.277172263943925
408.8712871287129,0.2741103162512447
408.89108910891093,0.2707789531149771
408.91089108910893,0.2671815014233326
408.9306930693069,0.26332154955998605
408.9504950495049,0.2592029438305632
408.970297029703,0.25482978463648986
408.990099009901,0.2502064224003216
409.009900990099,0.24533745324670186
409.0297029702971,0.24022771444356236
409.049504950495,0.23488227960842564
409.0693069306931,0.22930645368501312
409.08910891089107,0.22350576769563718
409.1089108910891,0.2174859732753343
409.1287128712871,0.21125303699413467
409.1485148514852,0.20481313447424157
409.16831683168317,0.19817264430964163
409.18811881188117,0.19133814179639347
409.2079207920792,0.18431639248283788
409.2277227722772,0.17711434555023356
409.2475247524753,0.16973912703640218
409.26732673267327,0.16219803291725352
409.28712871287127,0.154498522065396
409.3069306930693,0.14664820911051366
409.3267326732673,0.1386548572355418
409.34653465346537,0.13052637095735567
409.36633663366337,0.12227078896437993
409.3861386138614,0.11389627712470284
409.4059405940594,0.10541112184989176
409.4257425742574,0.09682372413144233
409.44554455445547,0.08814259481928449
409.46534653465346,0.07937635222276411
409.4851485148515,0.07053372421527787
409.5049504950495,0.061623559582739275
409.5247524752475,0.0526548598900805
409.54455445544556,0.043636861937904836
409.56435643564356,0.034579264249833
409.5841584158416,0.025492958279321867
409.6039603960396,0.016393228655137423
409.62376237623766,0.007326897338406571
409.6435643564356,0.0023430033967170158
409.66336633663366,0.011147271570903049
409.6831683168317,0.020234794719370536
409.7029702970297,0.02932299136926009
409.72277227722776,0.03838719387351366
409.74257425742576,0.04741479828132141
409.76237623762376,0.056395605454957
409.78217821782175,0.06532019214431956
409.8019801980198,0.07417947739650256
409.82178217821786,0.08296457678631916
409.84158415841586,0.09166674725614313
409.8613861386139,0.10027736597265452
409.88118811881185,0.10878792365771567
409.9009900990099,0.1171900246746424
409.9207920792079,0.1254753904899067
409.94059405940595,0.1336358649033862
409.960396039604,0.14166342022893383
409.980198019802,0.14955016398392662
410.0,0.15728834583676699
410.019801980198,0.16487036466281163
410.03960396039605,0.17228877561558323
410.05940594059405,0.17953629715239694
410.0792079207921,0.18660581797319106
410.09900990099015,0.19349040384305974
410.1188118811881,0.20018330427667552
410.13861386138615,0.20667795906772646
410.15841584158414,0.21296800464974985
410.1782178217822,0.2190472802770209
410.1980198019802,0.22490983401582088
410.21782178217825,0.23054992853758316
410.23762376237624,0.23596204670623264
410.25742574257424,0.2411408969528764
410.2772277227723,0.24608141843144266
410.2970297029703,0.25077878594940495
410.31683168316835,0.2552284146681565
410.33663366336634,0.25942596456797345
410.35643564356434,0.2633673446727424
410.3762376237624,0.26704871703015703
410.3960396039604,0.27046650044313497
410.41584158415844,0.2736173739487728
410.43564356435644,0.2764982800411563
410.4554455445545,0.2791064276349701
410.47524752475243,0.281439294766695
410.4950495049505,0.2834946310309358
410.51485148514854,0.2852704597493238
410.53465346534654,0.28676507986989147
410.5544554455446,0.2879770675950718
410.5742574257426,0.2889052777367323
410.5940594059406,0.2895488447969369
410.6138613861386,0.289907183773412
410.63366336633663,0.28997999068891533
410.6534653465347,0.28976724284417266
410.6732673267327,0.2892691987940087
410.69306930693074,0.2884863980468861
410.7128712871287,0.2874196604881731
410.73267326732673,0.2860700855278291
410.7524752475247,0.2844390509733119
410.7722772277228,0.28252821162909714
410.79207920792084,0.2803394976241438
410.81188118811883,0.2778751124691441
410.83168316831683,0.27513753084560677
410.8514851485148,0.27212949612911197
410.8712871287129,0.2688540176493119
410.8910891089109,0.2653143676897172
410.91089108910893,0.26151407823032125
410.930693069307,0.2574569374366821
410.9504950495049,0.2531469858992672
410.970297029703,0.24858851262718604
410.990099009901,0.24378605080082205
411.009900990099,0.2387443732881729
411.029702970297,0.23346848793024932
411.0495049504951,0.22796363260116959
411.0693069306931,0.22223527004912383
411.08910891089107,0.21628908252520346
411.1089108910891,0.21013096620740815
411.1287128712871,0.20376702542853517
411.1485148514852,0.19720356671741524
411.16831683168317,0.1904470926648106
411.18811881188117,0.18350429562712256
411.2079207920792,0.176382051284274
411.2277227722772,0.16908741207188832
411.2475247524753,0.16162760051427696
411.26732673267327,0.15401000249331434
411.2871287128713,0.14624216050222974
411.30693069306926,0.1383317669541153
411.3267326732673,0.13028665764927286
411.34653465346537,0.12211480556076641
411.36633663366337,0.11382431519240349
411.3861386138614,0.1054234179287383
411.4059405940594,0.09692046909941772
411.4257425742574,0.08832394805707984
411.4455445544554,0.07964246372857767
411.46534653465346,0.07088477058000496
411.4851485148515,0.06205980565004972
411.5049504950495,0.05317677172276014
411.52475247524757,0.044245332552075994
411.5445544554455,0.03527612083336666
411.56435643564356,0.026282310363244108
411.58415841584156,0.017286133410210448
411.6039603960396,0.008367462041775969
411.62376237623766,0.0022774602776892304
411.64356435643566,0.010222353922011434
411.66336633663366,0.019169400283238106
411.68316831683165,0.028159776216662255
411.7029702970297,0.037138336533558094
411.7227722772277,0.04608601405973375
411.74257425742576,0.05499045052852387
411.7623762376238,0.06384132479834578
411.78217821782175,0.07262913655739073
411.8019801980198,0.08134479565582738
411.8217821782178,0.08997945995356306
411.84158415841586,0.09852446519971526
411.86138613861385,0.10697129373180762
411.8811881188119,0.11531156122574766
411.9009900990099,0.12353701249223084
411.9207920792079,0.1316395220763501
411.94059405940595,0.13961109751971226
411.96039603960395,0.14744388414151416
411.980198019802,0.1551301706965816
412.0,0.16266239553421283
412.019801980198,0.17003315302836688
412.03960396039605,0.1772352001337686
412.05940594059405,0.18426146297310125
412.0792079207921,0.19110504339057546
412.0990099009901,0.19775922542665933
412.11881188118815,0.20421748168116394
412.13861386138615,0.21047347954005308
412.15841584158414,0.2165210872469079
412.1782178217822,0.22235437980375744
412.1980198019802,0.22796764468884237
412.21782178217825,0.23335538738069786
412.23762376237624,0.23851233667940946
412.25742574257424,0.24343344981726103
412.2772277227723,0.248113917351397
412.2970297029703,0.2525491678323813
412.31683168316835,0.2567348722426335
412.33663366336634,0.2606669481996121
412.3564356435644,0.2643415639187382
412.37623762376234,0.2677551419317454
412.3960396039604,0.27090436255620065
412.41584158415844,0.27378616711261294
412.43564356435644,0.27639776088553786
412.4554455445545,0.2787366158257292
412.4752475247525,0.2808004729903632
412.4950495049505,0.28258734471894187
412.5148514851485,0.28409551654259324
412.53465346534654,0.2853235488248547
412.5544554455446,0.2862702781323216
412.5742574257426,0.286934818333715
412.59405940594064,0.28731656142641093
412.6138613861386,0.28741517808957223
412.63366336633663,0.2872306179633363
412.65346534653463,0.28676310965395696
412.6732673267327,0.28601316046482766
412.69306930693074,0.28498155585383966
412.71287128712873,0.2836693586176306
412.73267326732673,0.2820779078036754
412.7524752475247,0.28020881735139963
412.7722772277228,0.2780639744638749
412.7920792079208,0.2756455377117451
412.81188118811883,0.27295593487162245
412.8316831683169,0.26999786050121405
412.8514851485148,0.2667742732539078
412.8712871287129,0.2632883929358303
412.8910891089109,0.25954369730865445
412.91089108910893,0.25554391864185283
412.9306930693069,0.2512930400183989
412.950495049505,0.2467952913983174
412.970297029703,0.24205514544492732
412.990099009901,0.23707731311898822
413.009900990099,0.23186673904672916
413.029702970297,0.22642859666795118
413.0495049504951,0.22076828317164193
413.0693069306931,0.2148914142269697
413.08910891089107,0.20880381851901045
413.1089108910891,0.20251153209978337
413.1287128712871,0.19602079256730617
413.1485148514852,0.1893380330877694
413.16831683168317,0.18246987627970934
413.1881188118812,0.175423127983893
413.2079207920792,0.16820477095001232
413.2277227722772,0.16082195848155129
413.2475247524753,0.15328200809618167
413.26732673267327,0.14559239528261947
413.2871287128713,0.13776074747237105
413.3069306930693,0.1297948384041721
413.3267326732673,0.1217025831568588
413.34653465346537,0.11349203429160219
413.36633663366337,0.10517137983433987
413.3861386138614,0.0967489443557121
413.4059405940594,0.08823319540745657
413.42574257425747,0.07963275957861879
413.4455445544554,0.07095645669724451
413.46534653465346,0.06221337045413875
413.4851485148515,0.053412998119914526
413.5049504950495,0.04456559036854637
413.52475247524757,0.035683014325981414
413.54455445544556,0.026781359943870035
413.56435643564356,0.01789135482925619
413.58415841584156,0.009129435780549937
413.6039603960396,0.0027996840438667342
413.62376237623766,0.009684992519997087
413.64356435643566,0.01846122268210455
413.6633663366337,0.027346748179119213
413.68316831683165,0.03623818867603166
413.7029702970297,0.045106565976399435
413.7227722772277,0.05393625185790292
413.74257425742576,0.0627155626354688
413.7623762376238,0.07143434999576258
413.7821782178218,0.08008319217671198
413.8019801980198,0.08865307262040203
413.8217821782178,0.0971352375471975
413.84158415841586,0.10552112852246667
413.86138613861385,0.11380234975099374
413.8811881188119,0.12197065274672755
413.90099009900996,0.13001793024335456
413.9207920792079,0.13793621526157226
413.94059405940595,0.14571768316154518
413.96039603960395,0.15335465546839674
413.980198019802,0.16083960476455827
414.0,0.16816516022173614
414.01980198019805,0.17532411350506685
414.03960396039605,0.18230942487650265
414.05940594059405,0.1891142293823795
414.0792079207921,0.19573184304606692
414.0990099009901,0.2021557690100162
414.11881188118815,0.20837970358675612
414.13861386138615,0.214397542188569
414.15841584158414,0.22020338511269893
414.1782178217822,0.22579154316387612
414.1980198019802,0.23115654309926298
414.21782178217825,0.23629313288378367
414.23762376237624,0.24119628674541674
414.2574257425743,0.24586121002164296
414.27722772277224,0.2502833437892676
414.2970297029703,0.2544583692708938
414.31683168316835,0.25838221201173134
414.33663366336634,0.2620510458215424
414.3564356435644,0.2654612964764986
414.3762376237624,0.2686096451766405
414.3960396039604,0.2714930317547712
414.4158415841584,0.27410865763320746
414.43564356435644,0.27645398852492276
414.4554455445545,0.2785267568762418
414.4752475247525,0.28032496404836804
414.49504950495054,0.2818468822353945
414.5148514851485,0.28309105611683055
414.53465346534654,0.28405630424285344
414.55445544554453,0.28474172015089444
414.5742574257426,0.2851466732124547
414.59405940594064,0.28527080920921316
414.61386138613864,0.28511405063803325
414.63366336633663,0.2846765967444583
414.65346534653463,0.28395892328484773
414.6732673267327,0.2829617820174438
414.6930693069307,0.28168619992295235
414.71287128712873,0.2801334781556294
414.7326732673268,0.27830519072603244
414.7524752475247,0.2762031829169957
414.7722772277228,0.2738295694346002
414.7920792079208,0.2711867322963227
414.81188118811883,0.26827731845880864
414.83168316831683,0.2651042371880338
414.8514851485149,0.26167065717501675
414.8712871287129,0.2579800034005801
414.8910891089109,0.2540359537530446
414.91089108910893,0.24984243540314985
414.9306930693069,0.24540362094106336
414.950495049505,0.2407239242806926
414.970297029703,0.23580799633729083
414.990099009901,0.23066072048497815
415.009900990099,0.22528720780160638
415.029702970297,0.21969279210963397
415.0495049504951,0.21388302482274882
415.0693069306931,0.20786366960988104
415.0891089108911,0.201640696890406
415.10891089108907,0.19522027817725737
415.1287128712871,0.18860878028887693
415.1485148514852,0.1818127594563294
415.16831683168317,0.1748389553600615
415.1881188118812,0.16769428514203386
415.2079207920792,0.16038583745569124
415.2277227722772,0.1529208666410037
415.2475247524752,0.1453067871498977
415.26732673267327,0.13755116840604878
415.2871287128713,0.12966173037732873
415.3069306930693,0.12164634029273093
415.3267326732674,0.11351301119552516
415.3465346534653,0.10526990347650525
415.36633663366337,0.09692533135064663
415.38613861386136,0.08848777778889909
415.4059405940594,0.07996592449620792
415.42574257425747,0.07136871002310674
415.44554455445547,0.06270544381465339
415.46534653465346,0.053986040369803624
415.48514851485146,0.045221537956829
415.5049504950495,0.03642538514892035
415.5247524752475,0.027617211192260016
415.54455445544556,0.018837174558951918
415.5643564356436,0.0102335643695915
415.58415841584156,0.0036441094715599517
415.6039603960396,0.008988006363065348
415.6237623762376,0.017518506208490228
415.64356435643566,0.026280307219572644
415.66336633663366,0.03507801163087071
415.68316831683165,0.04386495539136607
415.7029702970297,0.052619871301990855
415.7227722772277,0.06132875939689689
415.74257425742576,0.06998036744683768
415.76237623762376,0.07856469695734064
415.7821782178218,0.0870724133135465
415.8019801980198,0.09549458326583689
415.8217821782178,0.10382254822312735
415.84158415841586,0.11204785995786988
415.86138613861385,0.12016224737013796
415.8811881188119,0.1281575997197535
415.9009900990099,0.13602595904695589
415.9207920792079,0.14375951793335626
415.94059405940595,0.15135062046661507
415.96039603960395,0.1587917651710943
415.980198019802,0.16607560916033595
416.0,0.1731949730487615
416.01980198019805,0.1801428463261451
416.039603960396,0.18691239299941945
416.05940594059405,0.19349695736965367
416.0792079207921,0.19989006985234534
416.0990099009901,0.20608545277568857
416.11881188118815,0.2120770261091669
416.13861386138615,0.21785891308688923
416.15841584158414,0.2234254456983683
416.17821782178214,0.22877117002558695
416.1980198019802,0.23389085140910215
416.21782178217825,0.23877947942944525
416.23762376237624,0.24343227269210124
416.2574257425743,0.24784468340632443
416.27722772277224,0.2520124017493013
416.2970297029703,0.25593136000834
416.3168316831683,0.25959773649463985
416.33663366336634,0.2630079592228948
416.3564356435644,0.26615870935166286
416.3762376237624,0.2690469243799403
416.3960396039604,0.2716698010958673
416.4158415841584,0.2740247982739223
416.43564356435644,0.27610963911742553
416.45544554455444,0.27792231344341084
416.4752475247525,0.27946107960739885
416.49504950495054,0.28072446616593344
416.5148514851485,0.2817112732749509
416.53465346534654,0.2824205738225963
416.55445544554453,0.2828517142951167
416.5742574257426,0.28300431537503384
416.5940594059406,0.28287827227102563
416.61386138613864,0.28247375477908276
416.63366336633663,0.28179120707511457
416.65346534653463,0.28083134723919156
416.6732673267327,0.27959516651211624
416.6930693069307,0.278083928285228
416.71287128712873,0.2762991668246422
416.73267326732673,0.27424268573157146
416.7524752475247,0.27191655614046495
416.7722772277228,0.2693231146573565
416.7920792079208,0.26646496104084394
416.81188118811883,0.26334495562868115
416.83168316831683,0.2599662165133426
416.8514851485149,0.25633211647023113
416.8712871287129,0.2524462796427648
416.8910891089109,0.24831257798905734
416.91089108910893,0.2439351274953933
416.9306930693069,0.23931828416257617
416.950495049505,0.2344666397717126
416.970297029703,0.22938501743724263
416.990099009901,0.22407846695589617
417.009900990099,0.21855225996193778
417.029702970297,0.21281188490076444
417.0495049504951,0.20686304183527318
417.0693069306931,0.20071163710281803
417.0891089108911,0.194363777844537
417.10891089108907,0.18782576643486998
417.1287128712871,0.1811040948471235
417.1485148514852,0.17420543900244967
417.16831683168317,0.1671366531659884
417.1881188118812,0.15990476447815732
417.2079207920792,0.1525169677449978
417.2277227722772,0.14498062066599016
417.2475247524752,0.13730323976287548
417.26732673267327,0.12949249740781626
417.2871287128713,0.12155622056956636
417.3069306930693,0.11350239226685846
417.3267326732674,0.10533915736066878
417.3465346534653,0.0970748354754979
417.36633663366337,0.08871794601706766
417.38613861386136,0.08027725455387025
417.4059405940594,0.07176185883000016
417.42574257425747,0.06318135286422277
417.44554455445547,0.054546156866134995
417.46534653465346,0.04586823438376584
417.48514851485146,0.03716283389418694
417.5049504950495,0.028453448764867984
417.5247524752475,0.019789826653441693
417.54455445544556,0.011347298828680224
417.5643564356436,0.004682825691603315
417.58415841584156,0.008454802194709583
417.6039603960396,0.016647917062143885
417.6237623762376,0.025259652305226178
417.64356435643566,0.03395108468864917
417.66336633663366,0.04264889671891921
417.6831683168317,0.05132355437395199
417.7029702970297,0.059957714801408615
417.7227722772277,0.06853854246291279
417.74257425742576,0.07705520930293736
417.76237623762376,0.08549791696927148
417.7821782178218,0.0938574629452357
417.8019801980198,0.10212503010792888
417.8217821782178,0.11029207817625745
417.84158415841586,0.11835028556597342
417.86138613861385,0.12629151785920298
417.8811881188119,0.13410781108813302
417.9009900990099,0.14179136362780936
417.92079207920796,0.14933453326884086
417.9405940594059,0.15672983749303007
417.96039603960395,0.16396995576849518
417.980198019802,0.17104773313244306
418.0,0.1779561845950972
418.01980198019805,0.18468850005940282
418.03960396039605,0.19123804955146856
418.05940594059405,0.1975983886206895
418.07920792079204,0.2037632638103634
418.0990099009901,0.20972661812741158
418.11881188118815,0.21548259645880524
418.13861386138615,0.22102555089531942
418.1584158415842,0.2263500459324142
418.17821782178214,0.2314508635247785
418.1980198019802,0.2363230079755208
418.2178217821782,0.24096171064493874
418.23762376237624,0.2453624344661215
418.2574257425743,0.2495208782568414
418.2772277227723,0.2534329808186609
418.2970297029703,0.25709492481559215
418.3168316831683,0.26050314042547457
418.33663366336634,0.2636543087582265
418.35643564356434,0.2665453650357066
418.3762376237624,0.26917350152869596
418.39603960396045,0.2715361702468298
418.4158415841584,0.2736310853779752
418.43564356435644,0.2754562254739241
418.45544554455444,0.27700983537961277
418.4752475247525,0.278290427903545
418.4950495049505,0.27929678522743584
418.51485148514854,0.2800279600533226
418.53465346534654,0.28048327648705823
418.55445544554453,0.2806623306568577
418.5742574257426,0.28056499106660826
418.5940594059406,0.28019139868319975
418.61386138613864,0.2795419667582686
418.63366336633663,0.2786173803842154
418.65346534653463,0.27741859578542966
418.6732673267327,0.2759468393454266
418.6930693069307,0.27420360637133623
418.71287128712873,0.2721906595971218
418.73267326732673,0.2699100274276237
418.7524752475248,0.2673640019256498
418.7722772277227,0.26455513654476676
418.7920792079208,0.2614862436109066
418.81188118811883,0.2581603915562046
418.83168316831683,0.25458090190912724
418.8514851485149,0.2507513460452982
418.8712871287129,0.24667554170411427
418.8910891089109,0.24235754927693284
418.9108910891089,0.23780166787333032
418.9306930693069,0.23301243117294448
418.950495049505,0.22799460307151198
418.970297029703,0.22275317313124698
418.99009900990103,0.21729335184736942
419.00990099009897,0.21162056574504237
419.029702970297,0.20574045232406607
419.049504950495,0.19965885487248158
419.0693069306931,0.19338181717608988
419.0891089108911,0.18691557815810614
419.1089108910891,0.18026656649369344
419.1287128712871,0.17344139525900693
419.1485148514851,0.16644685669546386
419.16831683168317,0.15928991720117655
419.18811881188117,0.15197771270749424
419.2079207920792,0.14451754466907482
419.2277227722773,0.13691687700427807
419.2475247524752,0.1291833344957012
419.26732673267327,0.12132470344115748
419.28712871287127,0.11334893581653473
419.3069306930693,0.10526415902555251
419.3267326732673,0.09707869477289162
419.34653465346537,0.08880109332940944
419.36633663366337,0.08044019482551829
419.38613861386136,0.07200524036345433
419.4059405940594,0.06350608055236426
419.4257425742574,0.054953588999365026
419.44554455445547,0.04636054866308022
419.46534653465346,0.037743768582630524
419.48514851485146,0.029129972586657046
419.5049504950495,0.020576378141464034
419.5247524752475,0.012275603511485511
419.54455445544556,0.005609445561190012
419.56435643564356,0.008130815202886561
419.5841584158416,0.01595034940843666
419.6039603960396,0.02440413111068167
419.6237623762376,0.032986931008560795
419.64356435643566,0.041594822590742604
419.66336633663366,0.05018900626760182
419.6831683168317,0.05874845749321677
419.7029702970297,0.06725861786982669
419.7227722772277,0.07570776390304468
419.74257425742576,0.08408559906904126
419.76237623762376,0.09238263208793564
419.7821782178218,0.10058987552354201
419.8019801980198,0.10869868952147455
419.82178217821786,0.11670069698373144
419.8415841584158,0.12458773631235974
419.86138613861385,0.1323518350066675
419.8811881188119,0.13998519536082657
419.9009900990099,0.14748018744344513
419.92079207920796,0.1548293465902283
419.94059405940595,0.16202537375852816
419.96039603960395,0.16906113772547446
419.98019801980195,0.17592967848353386
420.0,0.18262421141179425
420.01980198019805,0.1891381319413538
420.03960396039605,0.1954650205219951
420.0594059405941,0.20159864775556044
420.07920792079204,0.2075329795997355
420.0990099009901,0.21326218257235388
420.1188118811881,0.21878062890414035
420.13861386138615,0.22408290160057373
420.1584158415842,0.22916379938241466
420.1782178217822,0.23401834148108325
420.1980198019802,0.23864177226976813
420.2178217821782,0.24302956571476872
420.23762376237624,0.24717742963418168
420.25742574257424,0.25108130975328363
420.2772277227723,0.25473739354743563
420.29702970297035,0.25814211386478986
420.3168316831683,0.2612921523219209
420.33663366336634,0.2641844424667093
420.35643564356434,0.26681617270313746
420.3762376237624,0.2691847889737786
420.3960396039604,0.27128799719573404
420.41584158415844,0.2731237654469094
420.43564356435644,0.27469032589947034
420.45544554455444,0.27598617649795465
420.4752475247525,0.2770100823800105
420.4950495049505,0.27776107703780656
420.51485148514854,0.27823846321881274
420.53465346534654,0.2784418135649116
420.55445544554453,0.27837097098896807
420.5742574257426,0.2780260487885997
420.5940594059406,0.27740743049703653
420.61386138613864,0.2765157694713132
420.63366336633663,0.2753519882184701
420.6534653465347,0.2739172774606219
420.6732673267327,0.2722130949402474
420.6930693069307,0.2702411639673312
420.71287128712873,0.2680034717103644
420.73267326732673,0.2655022672336442
420.7524752475248,0.2627400592836081
420.7722772277228,0.25971961382761494
420.7920792079208,0.2564439513487463
420.81188118811883,0.25291634390107587
420.83168316831683,0.24914031193017855
420.8514851485149,0.24511962086454916
420.8712871287129,0.2408582774842755
420.89108910891093,0.23636052607437386
420.9108910891089,0.23163084437130604
420.9306930693069,0.2266739393126541
420.950495049505,0.2214947426017609
420.970297029703,0.21609840610141232
420.99009900990103,0.21049029707367767
421.009900990099,0.20467599328689076
421.029702970297,0.19866127801607383
421.049504950495,0.19245213497005023
421.0693069306931,0.1860547431884341
421.0891089108911,0.1794754719650758
421.1089108910891,0.17272087587371684
421.1287128712872,0.16579768999929057
421.1485148514851,0.15871282551832758
421.16831683168317,0.15147336583185128
421.18811881188117,0.14408656354462757
421.2079207920792,0.13655983872477537
421.2277227722773,0.12890077909964331
421.2475247524753,0.12111714320368534
421.26732673267327,0.11321686809564997
421.28712871287127,0.10520808429842926
421.3069306930693,0.09709914246703032
421.3267326732673,0.08889865973692346
421.34653465346537,0.0806156004355341
421.3663366336634,0.07225941973080417
421.38613861386136,0.06384032942520984
421.4059405940594,0.05536981829761767
421.4257425742574,0.04686175252428136
421.44554455445547,0.03833496012366937
421.46534653465346,0.029820253129566925
421.4851485148515,0.02138404174620401
421.5049504950495,0.013239784312748238
421.5247524752475,0.006658359825988761
421.54455445544556,0.008052953970192655
421.56435643564356,0.015384777593173068
421.5841584158416,0.023645556846354835
421.6039603960396,0.03210568304676764
421.6237623762376,0.0406171579531832
421.64356435643566,0.049127825841036935
421.66336633663366,0.057611367190507856
421.6831683168317,0.06605074454009353
421.7029702970297,0.07443293929646069
421.72277227722776,0.08274692612265486
421.7425742574257,0.0909827826148307
421.76237623762376,0.09913125835324214
421.7821782178218,0.10718355092238746
421.8019801980198,0.11513118333364376
421.82178217821786,0.12296593458112089
421.84158415841586,0.13067979960934234
421.86138613861385,0.1382649663175025
421.88118811881185,0.14571380281098664
421.9009900990099,0.15301885101108806
421.92079207920796,0.16017282431009322
421.94059405940595,0.16716860785022897
421.960396039604,0.17399926052659104
421.98019801980195,0.18065801812932417
422.0,0.18713829723552844
422.019801980198,0.19343369958554754
422.03960396039605,0.19953801675942823
422.0594059405941,0.20544523502246592
422.0792079207921,0.21114954024536736
422.0990099009901,0.2166453228292671
422.1188118811881,0.2219271825833696
422.13861386138615,0.22698993351535585
422.15841584158414,0.2318286085035888
422.1782178217822,0.2364384638266958
422.19801980198025,0.24081498353098987
422.2178217821782,0.24495388361973447
422.23762376237624,0.24885111605120938
422.25742574257424,0.25250287253446463
422.2772277227723,0.2559055881136743
422.2970297029703,0.2590559445329868
422.31683168316835,0.2619508733752494
422.33663366336634,0.2645875589686125
422.35643564356434,0.2669634410560376
422.3762376237624,0.26907621722321756
422.3960396039604,0.27092384508115847
422.41584158415844,0.27250454420006137
422.43564356435644,0.2738167977917752
422.45544554455444,0.27485935413839085
422.4752475247525,0.275631227765042
422.4950495049505,0.27613170035532997
422.51485148514854,0.27636032140824957
422.53465346534654,0.27631690863566155
422.5544554455446,0.2760015481000056
422.57425742574253,0.27541459409196534
422.5940594059406,0.2745566687484668
422.61386138613864,0.27342866141145017
422.63366336633663,0.27203172772854967
422.6534653465347,0.270367288496717
422.6732673267327,0.26843702825076343
422.6930693069307,0.2662428935986474
422.7128712871287,0.2637870913061963
422.73267326732673,0.26107208613403343
422.7524752475248,0.2581005984302694
422.7722772277228,0.2548756014828298
422.79207920792084,0.2514003186359792
422.8118811881188,0.24767822017630767
422.83168316831683,0.24371301999410136
422.8514851485148,0.23950867202718792
422.8712871287129,0.23506936649510482
422.89108910891093,0.2303995259331931
422.91089108910893,0.22550380103752288
422.9306930693069,0.22038706633401753
422.9504950495049,0.21505441568757355
422.970297029703,0.20951115767062978
422.990099009901,0.20376281081538558
423.009900990099,0.1978150987797189
423.0297029702971,0.19167394546570068
423.049504950495,0.18534547014074984
423.0693069306931,0.17883598262762565
423.08910891089107,0.1721519786522084
423.1089108910891,0.16530013547039143
423.1287128712871,0.1582873079427263
423.1485148514852,0.15112052529600642
423.16831683168317,0.14380698891694088
423.18811881188117,0.13635407168725366
423.2079207920792,0.12876931962831678
423.2277227722772,0.12106045704231772
423.2475247524753,0.11323539703368993
423.26732673267327,0.10530226049089257
423.28712871287127,0.09726940873514535
423.3069306930693,0.08914549898037787
423.3267326732673,0.08093957938459759
423.34653465346537,0.07266125611100699
423.36633663366337,0.06432099897302745
423.3861386138614,0.05593073287371863
423.4059405940594,0.04750507176337712
423.4257425742574,0.03906416651102401
423.44554455445547,0.030641253452305204
423.46534653465346,0.02230706333328093
423.4851485148515,0.014276950300073053
423.5049504950495,0.007658320490824886
423.5247524752475,0.007909485605102873
423.54455445544556,0.014679013733480059
423.56435643564356,0.02273137439105722
423.5841584158416,0.031064881821841996
423.6039603960396,0.03947873150501876
423.62376237623766,0.04790549404988647
423.6435643564356,0.05631300399928051
423.66336633663366,0.06468155653052178
423.6831683168317,0.07299676636822079
423.7029702970297,0.08124685058385896
423.72277227722776,0.08942144401486192
423.74257425742576,0.0975110288792791
423.76237623762376,0.10550663897038817
423.78217821782175,0.11339969752875312
423.8019801980198,0.12118192479718075
423.82178217821786,0.12884528398768652
423.84158415841586,0.13638194942651147
423.8613861386139,0.14378428800916485
423.88118811881185,0.15104484890498088
423.9009900990099,0.15815635851252194
423.9207920792079,0.16511171882844314
423.94059405940595,0.17190400807070272
423.960396039604,0.17852648280510958
423.980198019802,0.18497258107650594
424.0,0.1912359262064504
424.019801980198,0.1973103310229217
424.03960396039605,0.20318980235655718
424.05940594059405,0.2088685456842854
424.0792079207921,0.21434096983320244
424.09900990099015,0.2196016916795214
424.1188118811881,0.2246455407936504
424.13861386138615,0.22946756399316487
424.15841584158414,0.23406302977437032
424.1782178217822,0.23842743259860655
424.1980198019802,0.24255649701458035
424.21782178217825,0.24644618160109044
424.23762376237624,0.25009268271744123
424.25742574257424,0.2534924380508031
424.2772277227723,0.2566421299514616
424.2970297029703,0.25953868854834106
424.31683168316835,0.2621792946381925
424.33663366336634,0.2645613823427218
424.35643564356434,0.2666826415289118
424.3762376237624,0.26854101998820235
424.3960396039604,0.27013472537107497
424.41584158415844,0.27146222687384103
424.43564356435644,0.27252225667513486
424.4554455445545,0.2733138111200141
424.4752475247525,0.2738361516498559
424.4950495049505,0.2740888054768626
424.51485148514854,0.27407156600217275
424.53465346534654,0.2737844929771182
424.5544554455446,0.2732279124073831
424.5742574257426,0.2724024162003149
424.5940594059406,0.271308861555909
424.61386138613864,0.2699483701024938
424.63366336633663,0.2683223267783511
424.6534653465347,0.2664323784610209
424.6732673267327,0.2642804323465116
424.69306930693074,0.26186865408087384
424.7128712871287,0.2591994656473339
424.73267326732673,0.2562755430124849
424.7524752475248,0.2530998135357586
424.7722772277228,0.2496754531469744
424.79207920792084,0.24600588329761647
424.81188118811883,0.24209476769214774
424.83168316831683,0.23794600880709407
424.8514851485148,0.23356374420645143
424.8712871287129,0.22895234266388656
424.89108910891093,0.22411640010389136
424.91089108910893,0.21906073537666607
424.930693069307,0.2137903858844804
424.9504950495049,0.20831060308157334
424.970297029703,0.20262684787468022
424.990099009901,0.19674478595900038
425.009900990099,0.19067028313358259
425.0297029702971,0.1844094006540365
425.0495049504951,0.17796839069872858
425.0693069306931,0.1713536920511705
425.08910891089107,0.16457192613889182
425.1089108910891,0.15762989362413996
425.1287128712871,0.15053457182293534
425.1485148514852,0.14329311335201947
425.1683168316832,0.13591284659220385
425.18811881188117,0.12840127885461947
425.2079207920792,0.12076610361708025
425.2277227722772,0.11301521399559139
425.2475247524753,0.1051567259805419
425.26732673267327,0.09719901738496102
425.2871287128713,0.08915079290782062
425.3069306930693,0.08102119431324559
425.3267326732673,0.07281999222429014
425.34653465346537,0.06455793396141364
425.36633663366337,0.05624741056178075
425.3861386138614,0.04790383380711451
425.4059405940594,0.03954877124036469
425.4257425742574,0.031218096619140583
425.44554455445547,0.02298755304968427
425.46534653465346,0.015078842229509564
425.4851485148515,0.008515943659551382
425.5049504950495,0.0080262626009824
425.52475247524757,0.014249067923928504
425.5445544554455,0.022085158507236344
425.56435643564356,0.0302884180259523
425.5841584158416,0.0386028513099123
425.6039603960396,0.04694473932209173
425.62376237623766,0.05527565687311365
425.64356435643566,0.06357303983567518
425.66336633663366,0.07182103654272587
425.68316831683165,0.08000704983972798
425.7029702970297,0.08812023728002737
425.72277227722776,0.09615079143569999
425.74257425742576,0.10408956723403726
425.7623762376238,0.11192787753812353
425.78217821782175,0.11965737612457122
425.8019801980198,0.12726998870069534
425.8217821782178,0.1347578715964065
425.84158415841586,0.14211338703836557
425.8613861386139,0.1493290886936354
425.88118811881185,0.15639771375033854
425.9009900990099,0.16331217925448854
425.9207920792079,0.17006558126653654
425.94059405940595,0.1766511959091376
425.96039603960395,0.1830624816913372
425.980198019802,0.18929308269281622
426.0,0.19533683232070803
426.019801980198,0.2011877574363769
426.03960396039605,0.2068400827070237
426.05940594059405,0.21228823507613176
426.0792079207921,0.21752684827429533
426.0990099009901,0.22255076731111864
426.1188118811881,0.2273550529030123
426.13861386138615,0.2319349858015269
426.15841584158414,0.23628607099463703
426.1782178217822,0.2404040417586709
426.1980198019802,0.24428486354298773
426.21782178217825,0.2479247376726077
426.2376237623762,0.251320104856671
426.25742574257424,0.2544676484923837
426.2772277227723,0.25736429775589736
426.2970297029703,0.26000723047274554
426.31683168316835,0.26239387576159673
426.33663366336634,0.26452191644593565
426.35643564356434,0.26638929122907706
426.37623762376234,0.26799419662856655
426.3960396039604,0.2693350886667454
426.41584158415844,0.27041068431453247
426.43564356435644,0.27121996268626386
426.4554455445545,0.2717621659836254
426.47524752475243,0.2720368001874161
426.4950495049505,0.2720436354959576
426.5148514851485,0.2717827065096802
426.53465346534654,0.271254312161671
426.5544554455446,0.2704590153942563
426.5742574257426,0.2693976425823058
426.5940594059406,0.2680712827041872
426.6138613861386,0.26648128626164025
426.63366336633663,0.26462926395058595
426.65346534653463,0.26251708508489346
426.6732673267327,0.26014687577594753
426.69306930693074,0.25752101687121876
426.7128712871287,0.2546421416557383
426.73267326732673,0.25151313332076963
426.7524752475247,0.24813712220503212
426.7722772277228,0.2445174828144409
426.7920792079208,0.2406578306274301
426.81188118811883,0.23656201869401391
426.83168316831683,0.23223413403839369
426.8514851485148,0.22767849387646857
426.8712871287129,0.22289964166200957
426.8910891089109,0.21790234297809
426.91089108910893,0.21269158129390187
426.9306930693069,0.20727255361206248
426.9504950495049,0.20165066603765228
426.970297029703,0.19583152930874823
426.990099009901,0.1898209543396431
427.009900990099,0.18362494784359612
427.029702970297,0.17724970812382662
427.0495049504951,0.170701621152133
427.0693069306931,0.16398725709872608
427.08910891089107,0.157113367540707
427.1089108910891,0.1500868836715255
427.1287128712871,0.14291491597622283
427.1485148514852,0.13560475605671865
427.16831683168317,0.12816388163556564
427.18811881188117,0.1205999663211719
427.2079207920792,0.11292089663389857
427.2277227722772,0.10513480035516454
427.2475247524753,0.09725009301749023
427.26732673267327,0.08927555440817257
427.2871287128713,0.08122045665441603
427.30693069306926,0.0730947850517796
427.3267326732673,0.06490963490802353
427.34653465346537,0.05667796510227767
427.36633663366337,0.04841613570104894
427.3861386138614,0.04014735575366117
427.4059405940594,0.03191045601031419
427.4257425742574,0.023786495070467855
427.4455445544554,0.01600276245141882
427.46534653465346,0.009502910543902725
427.4851485148515,0.008308774966308581
427.5049504950495,0.013867155450534427
427.52475247524757,0.021436909572938475
427.5445544554455,0.02948977917172436
427.56435643564356,0.037695299923080586
427.58415841584156,0.04594747951433907
427.6039603960396,0.05419935678479529
427.62376237623766,0.06242448112378888
427.64356435643566,0.0706050091745956
427.66336633663366,0.07872723465723527
427.68316831683165,0.08677965996680845
427.7029702970297,0.0947520744605755
427.7227722772277,0.10263507825531488
427.74257425742576,0.11041982106139145
427.7623762376238,0.11809785230176008
427.78217821782175,0.1256610322082335
427.8019801980198,0.13310147795591928
427.8217821782178,0.14041153075143217
427.84158415841586,0.1475837358815917
427.86138613861385,0.15461083100937031
427.8811881188119,0.16148573984313563
427.9009900990099,0.16820156937393155
427.9207920792079,0.17475160951645957
427.94059405940595,0.18112933438432036
427.96039603960395,0.18732840468007494
427.980198019802,0.19334267084206885
428.0,0.1991661766966832
428.019801980198,0.20479316343632759
428.03960396039605,0.21021807379261737
428.05940594059405,0.21543555630839348
428.0792079207921,0.22044046963614536
428.0990099009901,0.2252278868079469
428.11881188118815,0.22979309943428494
428.13861386138615,0.23413162179855448
428.15841584158414,0.23823919482077713
428.1782178217822,0.24211178986932586
428.1980198019802,0.24574561240336462
428.21782178217825,0.2491371054318439
428.23762376237624,0.25228295277714696
428.25742574257424,0.2551800821336409
428.2772277227723,0.25782566791269906
428.2970297029703,0.2602171338671481
428.31683168316835,0.2623521554891227
428.33663366336634,0.26422866217622265
428.3564356435644,0.2658448391616169
428.37623762376234,0.26719912920435185
428.3960396039604,0.26829023403687285
428.41584158415844,0.2691171155671772
428.43564356435644,0.2696789968335234
428.4554455445545,0.26997536271018546
428.4752475247525,0.2700059603630738
428.4950495049505,0.26977079945449156
428.5148514851485,0.26927015209681904
428.53465346534654,0.2685045525551295
428.5544554455446,0.2674747966993535
428.5742574257426,0.2661819412068579
428.59405940594064,0.26462730251682753
428.6138613861386,0.2628124555383176
428.63366336633663,0.2607392321141393
428.65346534653463,0.25840971924347744
428.6732673267327,0.255826257066496
428.69306930693074,0.2529914366149264
428.71287128712873,0.24990809733321076
428.73267326732673,0.2465793243756695
428.7524752475247,0.24300844568593655
428.7722772277228,0.23919902886611594
428.7920792079208,0.23515487784430014
428.81188118811883,0.2308800293507189
428.8316831683169,0.22637874921468928
428.8514851485148,0.2216555284970442
428.8712871287129,0.21671507947572546
428.8910891089109,0.2115623315063058
428.91089108910893,0.20620242678437425
428.9306930693069,0.20064071604364986
428.950495049505,0.1948827542327703
428.970297029703,0.188934296226428
428.990099009901,0.18280129264327175
429.009900990099,0.17648988586720604
429.029702970297,0.17000640640167788
429.0495049504951,0.16335736973492684
429.0693069306931,0.15654947396334576
429.08910891089107,0.1495895985228412
429.1089108910891,0.14248480453250564
429.1287128712871,0.13524233749142925
429.1485148514852,0.12786963344074212
429.16831683168317,0.12037433029839444
429.1881188118812,0.11276428705666547
429.20792079207916,0.1050476152010437
429.2277227722772,0.09723272964213425
429.2475247524753,0.08932843180796815
429.26732673267327,0.08134404776566787
429.2871287128713,0.0732896647751737
429.3069306930693,0.06517655348895265
429.3267326732673,0.057017963465075115
429.3465346534653,0.04883073106513147
429.36633663366337,0.040638840380876964
429.3861386138614,0.032482327874099735
429.4059405940594,0.024443587307883603
429.42574257425747,0.01674574129106165
429.4455445544554,0.010250987747457788
429.46534653465346,0.008491616365611849
429.48514851485146,0.013474541293526637
429.5049504950495,0.020807641013624405
429.52475247524757,0.02872700265640733
429.54455445544556,0.03683484903352507
429.56435643564356,0.045005562597934215
429.58415841584156,0.05318487933183431
429.6039603960396,0.06134310567920783
429.6237623762376,0.06946077189771926
429.64356435643566,0.07752328402410229
429.6633663366337,0.08551863074246616
429.68316831683165,0.09343629245345178
429.7029702970297,0.10126667949524747
429.7227722772277,0.10900082460515947
429.74257425742576,0.1166302064466162
429.76237623762376,0.12414664471833939
429.7821782178218,0.13154223628381892
429.8019801980198,0.13880931577796385
429.8217821782178,0.1459404313283359
429.84158415841586,0.1529283298839193
429.86138613861385,0.1597659488009405
429.8811881188119,0.16644641158587808
429.9009900990099,0.1729630264435692
429.9207920792079,0.1793092867391867
429.94059405940595,0.18547887277312303
429.96039603960395,0.19146565445563193
429.980198019802,0.19726369459173262
430.0,0.20286725256990681
430.01980198019805,0.20827078830492154
430.039603960396,0.21346896632463058
430.05940594059405,0.21845665991825652
430.0792079207921,0.22322895528372036
430.0990099009901,0.2277811556258794
430.11881188118815,0.23210878516813446
430.13861386138615,0.23620759304783556
430.15841584158414,0.2400735570717423
430.17821782178214,0.24370288731224873
430.1980198019802,0.24709202952888312
430.21782178217825,0.25023766840185346
430.23762376237624,0.2531367305670033
430.2574257425743,0.255786387443
430.27722772277224,0.2581840578431389
430.2970297029703,0.260327410365204
430.3168316831683,0.26221436555398137
430.33663366336634,0.2638430978316537
430.3564356435644,0.26521203719219866
430.3762376237624,0.2663198706565275
430.3960396039604,0.26716554348558585
430.4158415841584,0.26774826014931746
430.43564356435644,0.2680674850498232
430.45544554455444,0.2681229429974373
430.4752475247525,0.2679146194390386
430.49504950495054,0.2674427604382274
430.5148514851485,0.26670787240755844
430.53465346534654,0.26571072159326486
430.55445544554453,0.2644523333135129
430.5742574257426,0.26293399095170883
430.5940594059406,0.2611572347066024
430.61386138613864,0.2591238601017808
430.63366336633663,0.2568359162573946
430.65346534653463,0.25429570392775885
430.6732673267327,0.25150577330904345
430.6930693069307,0.2484689216220434
430.71287128712873,0.24518819047588244
430.73267326732673,0.2416668630196006
430.7524752475247,0.23790846088965237
430.7722772277228,0.23391674096294812
430.7920792079208,0.22969569192679137
430.81188118811883,0.22524953067932907
430.83168316831683,0.22058269857691765
430.8514851485149,0.2156998575484134
430.8712871287129,0.21060588610105901
430.8910891089109,0.20530587524850477
430.91089108910893,0.19980512439976705
430.9306930693069,0.19410913725829998
430.950495049505,0.18822361779501037
430.970297029703,0.18215446637872057
430.990099009901,0.17590777617512618
431.009900990099,0.16948982996390913
431.029702970297,0.16290709757882763
431.0495049504951,0.1561662342557199
431.0693069306931,0.1492740802910072
431.0891089108911,0.14223766259025128
431.10891089108907,0.13506419895676428
431.1287128712871,0.12776110639289093
431.1485148514852,0.12033601536309592
431.16831683168317,0.11279679307915301
431.1881188118812,0.1051515807478665
431.2079207920792,0.0974088530094196
431.2277227722772,0.08957751376433169
431.2475247524752,0.08166705390439467
431.26732673267327,0.07368781901619435
431.2871287128713,0.06565148277886787
431.3069306930693,0.05757192972162994
431.3267326732674,0.049467016992589846
431.3465346534653,0.04136241190613176
431.36633663366337,0.0333009678795463
431.38613861386136,0.025369460697676656
431.4059405940594,0.017792795221923487
431.42574257425747,0.011362237283616187
431.44554455445547,0.009046218954382318
431.46534653465346,0.013225200825136299
431.48514851485146,0.020196155248717425
431.5049504950495,0.027924685963207407
431.5247524752475,0.035903857942899395
431.54455445544556,0.04397398848726879
431.5643564356436,0.05206783887498798
431.58415841584156,0.06014987455101294
431.6039603960396,0.06819765904292815
431.6237623762376,0.07619495405957807
431.64356435643566,0.08412877667814847
431.66336633663366,0.09198800556966406
431.6831683168317,0.09976266558203346
431.7029702970297,0.10744353676291996
431.7227722772277,0.11502192996517603
431.74257425742576,0.12248955311607138
431.76237623762376,0.12983842928833908
431.7821782178218,0.13706084560716864
431.8019801980198,0.14414932116325388
431.8217821782178,0.15109658699267536
431.84158415841586,0.1578955739128914
431.86138613861385,0.16453940558167082
431.8811881188119,0.17102139508798714
431.9009900990099,0.17733504396225827
431.92079207920796,0.18347404285778934
431.94059405940595,0.1894322733900991
431.96039603960395,0.1952038107754895
431.980198019802,0.2007829270136301
432.0,0.2061640944299037
432.01980198019805,0.2113419894421548
432.03960396039605,0.21631149645108336
432.05940594059405,0.22106771177811796
432.0792079207921,0.22560594759250358
432.0990099009901,0.22992173578240627
432.11881188118815,0.23401083173439552
432.13861386138615,0.23786921799327865
432.1584158415842,0.24149310777927524
432.17821782178214,0.244878948344363
432.1980198019802,0.24802342415245093
432.21782178217825,0.25092345987094355
432.23762376237624,0.2535762231631731
432.2574257425743,0.2559791272729791
432.2772277227723,0.2581298333940982
432.2970297029703,0.26002625281798386
432.3168316831683,0.26166654885497626
432.33663366336634,0.2630491385243265
432.3564356435644,0.2641726940094069
432.3762376237624,0.2650361438751084
432.39603960396045,0.26563867404500224
432.4158415841584,0.2659797285363216
432.43564356435644,0.26605900995153775
432.45544554455444,0.2658764797254553
432.4752475247525,0.2654323581275599
432.49504950495054,0.2647271240196142
432.51485148514854,0.26376151436900946
432.53465346534654,0.2625365235188553
432.55445544554453,0.2610534022162719
432.5742574257426,0.2593136564008999
432.5940594059406,0.2573190457560086
432.61386138613864,0.25507158202551594
432.6336633663367,0.2525735271004386
432.65346534653463,0.2498273908794452
432.6732673267327,0.24683592890860917
432.6930693069307,0.24360213980681356
432.71287128712873,0.2401292624839954
432.73267326732673,0.23642077316107932
432.7524752475248,0.2324803822018723
432.7722772277228,0.2283120307692187
432.7920792079208,0.22391988732031942
432.81188118811883,0.2193083439590962
432.83168316831683,0.21448201266751174
432.8514851485149,0.20944572144307408
432.8712871287129,0.20420451037619497
432.8910891089109,0.1987636277103262
432.91089108910893,0.19312852593940097
432.9306930693069,0.1873048580135225
432.950495049505,0.18129847374563568
432.970297029703,0.1751154165427788
432.99009900990103,0.1687619206284133
433.00990099009897,0.16224440898378542
433.029702970297,0.15556949232498005
433.0495049504951,0.14874396956315797
433.0693069306931,0.14177483039103636
433.0891089108911,0.13466926093738005
433.1089108910891,0.12743465389721878
433.1287128712871,0.1200786252888225
433.1485148514851,0.1126090412064979
433.16831683168317,0.10503405999167338
433.1881188118812,0.09736219882243076
433.2079207920792,0.08960244018858411
433.2277227722773,0.08176440591515301
433.2475247524752,0.07385865054833886
433.26732673267327,0.06589717655889088
433.28712871287127,0.05789438744238387
433.3069306930693,0.04986897139072652
433.3267326732674,0.04184795221669096
433.34653465346537,0.03387641120976457
433.36633663366337,0.02604447275551133
433.38613861386136,0.01857824161527526
433.4059405940594,0.012221863540937973
433.4257425742574,0.009575744377772576
433.44554455445547,0.01312559782753298
433.4653465346535,0.019767549779653826
433.48514851485146,0.027316637898506333
433.5049504950495,0.03517314032713907
433.5247524752475,0.043146452687974825
433.54455445544556,0.051157405683393144
433.56435643564356,0.059165087314804216
433.5841584158416,0.0671443357327166
433.6039603960396,0.07507740724394671
433.6237623762376,0.08295043309684695
433.64356435643566,0.09075174604800328
433.66336633663366,0.09847102329373221
433.6831683168317,0.10609881870575434
433.7029702970297,0.11362629441765901
433.7227722772277,0.12104506065031631
433.74257425742576,0.12834707725232733
433.76237623762376,0.1355245919134189
433.7821782178218,0.1425701009504214
433.8019801980198,0.14947632441076306
433.82178217821786,0.1562361904933048
433.8415841584158,0.16284282616502274
433.86138613861385,0.16928955197220993
433.8811881188119,0.17556987973141858
433.9009900990099,0.18167751221762626
433.92079207920796,0.18760634424494402
433.94059405940595,0.1933504647182156
433.96039603960395,0.19890415935603248
433.98019801980195,0.20426191386932388
434.0,0.20941841743733755
434.01980198019805,0.2143685663636709
434.03960396039605,0.21910746782372836
434.0594059405941,0.22363044363619206
434.07920792079204,0.22793303400624126
434.0990099009901,0.23201100119968968
434.1188118811881,0.23586033311568635
434.13861386138615,0.239477246732111
434.1584158415842,0.2428581914026717
434.1782178217822,0.24599985198866092
434.1980198019802,0.24889915181121577
434.2178217821782,0.25155325541246565
434.23762376237624,0.25395957111571443
434.25742574257424,0.25611575337659825
434.2772277227723,0.25801970491819026
434.29702970297035,0.259669578644462
434.3168316831683,0.26106377932705566
434.33663366336634,0.2622009650615362
434.35643564356434,0.26308004848967736
434.3762376237624,0.263700197785215
434.3960396039604,0.26406083740090563
434.41584158415844,0.26416164857548785
434.43564356435644,0.2640025695994262
434.45544554455444,0.2635837958390058
434.4752475247525,0.26290577951874483
434.4950495049505,0.261969229262618
434.51485148514854,0.2607751093950061
434.53465346534654,0.2593246390029409
434.55445544554453,0.2576192907615852
434.5742574257426,0.2556607895255562
434.5940594059406,0.2534511106893637
434.61386138613864,0.250992478320749
434.63366336633663,0.24828736307172297
434.6534653465347,0.24533847987272447
434.6732673267327,0.24214878541660267
434.6930693069307,0.238721475440113
434.71287128712873,0.2350599818122075
434.73267326732673,0.23116796944012366
434.7524752475248,0.22704933300638186
434.7722772277228,0.22270819355256966
434.7920792079208,0.2181488949292083
434.81188118811883,0.21337600013522814
434.83168316831683,0.20839428757636735
434.8514851485149,0.2032087472790028
434.8712871287129,0.19782457710575407
434.89108910891093,0.19224717903201433
434.9108910891089,0.1864821555602941
434.9306930693069,0.18053530637305135
434.950495049505,0.17441262535815646
434.970297029703,0.16812029818757293
434.99009900990103,0.16166470069651592
435.009900990099,0.15505239840629959
435.029702970297,0.14829014767517062
435.049504950495,0.14138489917233565
435.0693069306931,0.1343438046916706
435.0891089108911,0.12717422882132354
435.1089108910891,0.1198837677812817
435.1287128712872,0.11248027904024857
435.1485148514851,0.10497192750746576
435.16831683168317,0.09736725788507446
435.18811881188117,0.08967530958774916
435.2079207920792,0.0819058034325
435.2277227722773,0.07406945448499887
435.2475247524753,0.06617851785719686
435.26732673267327,0.05824779075142325
435.28712871287127,0.050296574307268194
435.3069306930693,0.042352841068351875
435.3267326732673,0.0344630679715626
435.34653465346537,0.02671885478941088
435.3663366336634,0.019343114632485798
435.38613861386136,0.013029260033858988
435.4059405940594,0.010072846577729644
435.4257425742574,0.013018068546613326
435.44554455445547,0.019325124356529385
435.46534653465346,0.026694060805439956
435.4851485148515,0.03442985842610383
435.5049504950495,0.04230920204012581
435.5247524752475,0.050240380724221295
435.54455445544556,0.05817689217997045
435.56435643564356,0.06609077101553248
435.5841584158416,0.07396273894316413
435.6039603960396,0.08177803108302766
435.6237623762376,0.08952443148625862
435.64356435643566,0.09719126984735504
435.66336633663366,0.10476887505184246
435.6831683168317,0.11224826194484488
435.7029702970297,0.11962094438699128
435.72277227722776,0.1268788201462479
435.74257425742576,0.13401409839073491
435.76237623762376,0.14101925335896887
435.7821782178218,0.14788699461298221
435.8019801980198,0.1546102480735219
435.82178217821786,0.16118214422310928
435.84158415841586,0.16759601116319658
435.86138613861385,0.17384537100819575
435.8811881188119,0.17992393859939082
435.9009900990099,0.1858256218431856
435.92079207920796,0.19154452318924678
435.94059405940595,0.19707494190535554
435.960396039604,0.20241137690175134
435.98019801980195,0.20754852992446224
436.0,0.21248130898363787
436.01980198019805,0.21720483191636472
436.03960396039605,0.22171443000728533
436.0594059405941,0.2260056516080599
436.07920792079204,0.23007426570955025
436.0990099009901,0.23391626543037414
436.1188118811881,0.23752787139292003
436.13861386138615,0.24090553496336636
436.1584158415842,0.24404594133671295
436.1782178217822,0.24694601245129813
436.1980198019802,0.24960290971979557
436.2178217821782,0.2520140365661076
436.23762376237624,0.2541770407590548
436.25742574257424,0.2560898165354636
436.2772277227723,0.25775050650638137
436.29702970297035,0.25915750334101156
436.3168316831683,0.2603094512242231
436.33663366336634,0.2612052470838403
436.35643564356434,0.26184404158505337
436.3762376237624,0.2622252398894458
436.3960396039604,0.2623485021771828
436.41584158415844,0.2622137439311361
436.43564356435644,0.2618211359823827
436.45544554455444,0.2611711043170306
436.4752475247525,0.26026432964472684
436.4950495049505,0.25910174672995445
436.51485148514854,0.25768454348745434
436.53465346534654,0.25601415984395887
436.55445544554453,0.25409228636882925
436.5742574257426,0.2519208626768924
436.5940594059406,0.24950207560762638
436.61386138613864,0.24683835718542302
436.63366336633663,0.2439323823667726
436.6534653465347,0.24078706658131485
436.6732673267326,0.23740556307481112
436.6930693069307,0.2337912600638683
436.71287128712873,0.2299477777139438
436.73267326732673,0.22587896495460372
436.7524752475248,0.22158889614880717
436.7722772277228,0.217081867636731
436.7920792079208,0.21236239417927483
436.8118811881188,0.2074352053323989
436.83168316831683,0.20230524179141143
436.8514851485149,0.19697765175468226
436.8712871287129,0.19145778737014715
436.89108910891093,0.18575120134689327
436.9108910891089,0.17986364383965156
436.9306930693069,0.17380105974973653
436.9504950495049,0.16756958663569954
436.970297029703,0.16117555349801632
436.99009900990103,0.1546254808044106
437.009900990099,0.14792608227215212
437.029702970297,0.14108426914781694
437.049504950495,0.13410715806469634
437.0693069306931,0.12700208408592234
437.08910891089107,0.11977662137913574
437.1089108910891,0.1124386153322052
437.1287128712872,0.10499623220359945
437.1485148514851,0.09745803634764776
437.16831683168317,0.08983311212430425
437.18811881188117,0.08213126079015433
437.2079207920792,0.07436332844851636
437.2277227722772,0.06654177435868858
437.2475247524753,0.05868170605294886
437.26732673267327,0.0508028860478716
437.28712871287127,0.042933940303443094
437.3069306930693,0.03512211562847631
437.3267326732673,0.02745903424725406
437.34653465346537,0.020160913219750397
437.36633663366337,0.013866021906171493
437.38613861386136,0.010592327277677106
437.4059405940594,0.012903984635859421
437.4257425742574,0.018839887176864235
437.44554455445547,0.026013137951434465
437.46534653465346,0.0336216346319667
437.4851485148515,0.04140398858856258
437.50495049504946,0.04925398613092106
437.5247524752475,0.057118738053022464
437.54455445544556,0.06496711144561365
437.56435643564356,0.07277810985167944
437.5841584158416,0.08053597193691393
437.6039603960396,0.08822787449087537
437.6237623762376,0.09584276360232127
437.6435643564356,0.10337071984573136
437.66336633663366,0.11080259508552576
437.6831683168317,0.11812979588028895
437.7029702970297,0.12534415003977464
437.72277227722776,0.13243782237268478
437.7425742574257,0.139403260598208
437.76237623762376,0.14623316033309994
437.78217821782175,0.15292044246606865
437.8019801980198,0.15945823876051188
437.82178217821786,0.16583988302865202
437.84158415841586,0.1720589061377971
437.86138613861385,0.17810903368498832
437.88118811881185,0.1839841855455399
437.9009900990099,0.18967847674308602
437.9207920792079,0.19518621925032975
437.94059405940595,0.2005019244397136
437.960396039604,0.20562030597924302
437.98019801980195,0.21053628302181762
438.0,0.2152449835745444
438.019801980198,0.21974174796174004
438.03960396039605,0.22402213231515983
438.05940594059405,0.22808191204002273
438.0792079207921,0.23191708521608145
438.0990099009901,0.23552387590153964
438.1188118811881,0.23889873731379357
438.13861386138615,0.24203835486611378
438.15841584158414,0.24493964904293172
438.1782178217822,0.24759977809968553
438.1980198019802,0.25001614057542326
438.2178217821782,0.2521863776084419
438.23762376237624,0.25410837504677597
438.25742574257424,0.2557802653467113
438.2772277227723,0.2572004292537138
438.2970297029703,0.258367497260924
438.31683168316835,0.25928035084151735
438.33663366336634,0.25993812345165435
438.35643564356434,0.2603402013017343
438.3762376237624,0.2604862238940451
438.3960396039604,0.26037608432563947
438.41584158415844,0.2600099293556926
438.43564356435644,0.2593881592373992
438.45544554455444,0.25851142731461685
438.4752475247525,0.25738063938440164
438.4950495049505,0.2559969528268793
438.51485148514854,0.25436177550462535
438.53465346534654,0.2524767644343263
438.5544554455446,0.250343824234155
438.57425742574253,0.24796510535115
438.5940594059406,0.24534300207368623
438.61386138613864,0.24248015033518575
438.63366336633663,0.23937942531628695
438.6534653465347,0.23604393885428332
438.6732673267327,0.23247703667010025
438.6930693069307,0.22868229542524635
438.7128712871287,0.2246635196236884
438.73267326732673,0.22042473837666132
438.7524752475248,0.21597020205258424
438.7722772277228,0.2113043788391113
438.79207920792084,0.2064319512511478
438.8118811881188,0.2013578126270831
438.83168316831683,0.19608706366695644
438.8514851485148,0.19062500908139657
438.8712871287129,0.18497715444050838
438.89108910891093,0.17914920334003304
438.91089108910893,0.17314705504046962
438.9306930693069,0.1669768027891434
438.9504950495049,0.16064473311174052
438.970297029703,0.154157326470555
438.990099009901,0.14752125984842154
439.009900990099,0.14074341205813368
439.0297029702971,0.1338308729425251
439.049504950495,0.1267909581956789
439.0693069306931,0.11963123243091534
439.08910891089107,0.11235954457359562
439.1089108910891,0.1049840820803381
439.1287128712871,0.09751345465678972
439.1485148514852,0.08995682558012949
439.16831683168317,0.08232412252128031
439.18811881188117,0.07462638653734009
439.2079207920792,0.06687637272970176
439.2277227722772,0.05908963552791626
439.2475247524753,0.051286611801379514
439.26732673267327,0.043496933275827154
439.28712871287127,0.03576924923236216
439.3069306930693,0.028196496254456895
439.3267326732673,0.020991552422344743
439.34653465346537,0.014750852085882865
439.36633663366337,0.011255735669394664
439.3861386138614,0.012971444821995111
439.4059405940594,0.018495064730288033
439.4257425742574,0.02544360918824389
439.44554455445547,0.032907881059110904
439.46534653465346,0.04058262777491493
439.4851485148515,0.04834421291794573
439.5049504950495,0.05613193825409121
439.5247524752475,0.06391075921237145
439.54455445544556,0.07165754145623633
439.56435643564356,0.07935527472154266
439.5841584158416,0.08699036831775117
439.6039603960396,0.09455127844334485
439.62376237623766,0.1020277641910293
439.6435643564356,0.10941046246660967
439.66336633663366,0.11669063460194273
439.6831683168317,0.12386001013233264
439.7029702970297,0.13091068793756502
439.72277227722776,0.13783507249763516
439.74257425742576,0.14462583232340132
439.76237623762376,0.15127587277208338
439.78217821782175,0.15777831841201198
439.8019801980198,0.16412650185252403
439.82178217821786,0.17031395702345103
439.84158415841586,0.17633441555758833
439.8613861386139,0.1821818053582986
439.88118811881185,0.18785025071497322
439.9009900990099,0.1933340735163686
439.9207920792079,0.19862779523889518
439.94059405940595,0.20372613947484067
439.960396039604,0.20862403482685868
439.980198019802,0.213316618038886
440.0,0.2177992372650609
440.019801980198,0.22206745540110814
440.03960396039605,0.2261170534197089
440.05940594059405,0.22994403366383068
440.0792079207921,0.2335446230616726
440.09900990099015,0.23691527623401681
440.1188118811881,0.24005267847050765
440.13861386138615,0.24295374855558155
440.15841584158414,0.24561564142838133
440.1782178217822,0.24803575066363676
440.1980198019802,0.25021171076262283
440.21782178217825,0.2521413992453698
440.23762376237624,0.25382293853652826
440.25742574257424,0.2552546976386697
440.2772277227723,0.2564352935878669
440.2970297029703,0.2573635926873996
440.31683168316835,0.2580387115160668
440.33663366336634,0.25846001770849336
440.35643564356434,0.2586271305054352
440.3762376237624,0.2585399210726955
440.3960396039604,0.2581985125878823
440.41584158415844,0.25760328009479544
440.43564356435644,0.2567548501258938
440.4554455445545,0.2556541000936445
440.47524752475243,0.25430215745251195
440.4950495049505,0.2527003986335773
440.51485148514854,0.25085044775477905
440.53465346534654,0.24875417511027834
440.5544554455446,0.24641369544343572
440.5742574257426,0.24383136600864172
440.5940594059406,0.24100978442848672
440.6138613861386,0.23795178635392045
440.63366336633663,0.23466044293649338
440.6534653465347,0.23113905812363303
440.6732673267327,0.22739116579019011
440.69306930693074,0.2234205267218517
440.7128712871287,0.21923112546984008
440.73267326732673,0.2148271671002938
440.7524752475247,0.21021307386722218
440.7722772277228,0.2053934818451467
440.79207920792084,0.20037323756657546
440.81188118811883,0.19515739472175234
440.83168316831683,0.18975121099430872
440.8514851485148,0.1841601451283886
440.8712871287129,0.17838985435267338
440.8910891089109,0.17244619232803224
440.91089108910893,0.16633520784329586
440.930693069307,0.16006314456542034
440.9504950495049,0.1536364422681751
440.970297029703,0.14706174013540524
440.990099009901,0.14034588299056594
441.009900990099,0.13349593169119015
441.029702970297,0.12651917952422462
441.0495049504951,0.11942317738185552
441.0693069306931,0.11221577202369039
441.08910891089107,0.10490516427014485
441.1089108910891,0.09749999832412917
441.1287128712871,0.09000950114267582
441.1485148514852,0.08244370503468798
441.16831683168317,0.0748138141732108
441.18811881188117,0.06713283163322883
441.2079207920792,0.05941668432730232
441.2277227722772,0.05168636329239439
441.2475247524753,0.04397230411124873
441.26732673267327,0.03632421066054985
441.2871287128713,0.028835771195409764
441.30693069306926,0.02171620189960719
441.3267326732673,0.015527015213702911
441.34653465346537,0.011867630558606687
441.36633663366337,0.01308403851501091
441.3861386138614,0.018220020783343012
441.4059405940594,0.024949648141800694
441.4257425742574,0.03227292289924325
441.4455445544554,0.03984262928521379
441.46534653465346,0.047518023644249265
441.4851485148515,0.05523070304389857
441.5049504950495,0.06294176747523003
441.52475247524757,0.07062598127368654
441.5445544554455,0.07826511057864603
441.56435643564356,0.0858448153001168
441.58415841584156,0.09335307490481216
441.6039603960396,0.10077933673394389
441.62376237623766,0.10811403003162724
441.64356435643566,0.11534827644459285
441.66336633663366,0.12247371149061176
441.68316831683165,0.12948237142519167
441.7029702970297,0.13636662007972483
441.7227722772277,0.14311910090918575
441.74257425742576,0.14973270537676223
441.7623762376238,0.15620055217627063
441.78217821782175,0.16251597379030763
441.8019801980198,0.16867250809836426
441.8217821782178,0.17466389351004277
441.84158415841586,0.18048406658523491
441.86138613861385,0.18612716142144722
441.8811881188119,0.19158751030066765
441.9009900990099,0.19685964523217567
441.9207920792079,0.2019383001266672
441.94059405940595,0.20681841340697651
441.96039603960395,0.21149513090953356
441.980198019802,0.2159638089666285
442.0,0.2202200175849362
442.019801980198,0.22425954365528203
442.03960396039605,0.22807839414232847
442.05940594059405,0.23167279921399161
442.0792079207921,0.2350392152781737
442.0990099009901,0.2381743279009658
442.11881188118815,0.24107505458510745
442.13861386138615,0.2437385473915001
442.15841584158414,0.24616219538948828
442.1782178217822,0.2483436269242115
442.1980198019802,0.2502807116911225
442.21782178217825,0.2519715626096631
442.23762376237624,0.2534145374892819
442.25742574257424,0.2546082404822017
442.2772277227723,0.255551523318381
442.2970297029703,0.2562434863189576
442.31683168316835,0.25668347918529416
442.33663366336634,0.25687110156140774
442.3564356435644,0.25680620336830506
442.37623762376234,0.2564888849092769
442.3960396039604,0.2559194967459316
442.41584158415844,0.25509863934530824
442.43564356435644,0.25402716249885354
442.4554455445545,0.25270616451503936
442.4752475247525,0.25113699118764177
442.4950495049505,0.24932123454272845
442.5148514851485,0.24726073136792806
442.53465346534654,0.2449575615286407
442.5544554455446,0.24241404607661682
442.5742574257426,0.23963274515759675
442.59405940594064,0.23661645572595744
442.6138613861386,0.2333682090758818
442.63366336633663,0.2298912682004516
442.65346534653463,0.22618912499245364
442.6732673267327,0.22226549730335013
442.69306930693074,0.21812432588070169
442.71287128712873,0.21376977120857651
442.73267326732673,0.20920621028144273
442.7524752475247,0.20443823334942832
442.7722772277228,0.19947064068254214
442.7920792079208,0.1943084394144055
442.81188118811883,0.18895684054291426
442.8316831683169,0.18342125618870575
442.8514851485148,0.17770729724333623
442.8712871287129,0.17182077158284334
442.8910891089109,0.16576768308261197
442.91089108910893,0.15955423175556416
442.9306930693069,0.15318681545871932
442.950495049505,0.146672033792872
442.970297029703,0.14001669508676126
442.990099009901,0.13322782775947084
443.009900990099,0.1263126979749897
443.029702970297,0.11927883647950334
443.0495049504951,0.11213407908730887
443.0693069306931,0.1048866278927825
443.08910891089107,0.09754514474527211
443.1089108910891,0.09011889640278989
443.1287128712871,0.08261798524546285
443.1485148514852,0.07505372717498336
443.16831683168317,0.0674392943086371
443.1881188118812,0.05979085987735573
443.2079207920792,0.05212975747146686
443.2277227722772,0.04448685061847862
443.2475247524753,0.03691218493076222
443.26732673267327,0.02949876283203197
443.2871287128713,0.022449264673937677
443.3069306930693,0.016287302645835337
443.3267326732673,0.012449254626380139
443.34653465346537,0.013170925291115165
443.36633663366337,0.017905794038405518
443.3861386138614,0.0244086657846927
443.4059405940594,0.03158848074736268
443.42574257425747,0.03905288369000031
443.4455445544554,0.04664268085720422
443.46534653465346,0.05428124411985461
443.4851485148515,0.061925605408260934
443.5049504950495,0.06954833542807097
443.52475247524757,0.07712993474847149
443.54455445544556,0.08465529427683366
443.56435643564356,0.09211190757122835
443.58415841584156,0.09948890606580883
443.6039603960396,0.10677650964677697
443.62376237623766,0.11396569978080756
443.64356435643566,0.12104801804163846
443.6633663366337,0.12801543838026486
443.68316831683165,0.1348602843821271
443.7029702970297,0.14157517485130952
443.7227722772277,0.14815298772725619
443.74257425742576,0.1545868361509782
443.7623762376238,0.1608700527494161
443.7821782178218,0.1669961795762372
443.8019801980198,0.1729589620025263
443.8217821782178,0.1787523453972098
443.84158415841586,0.1843704737940204
443.86138613861385,0.18980768997937753
443.8811881188119,0.1950585365962983
443.90099009900996,0.2001177579706532
443.9207920792079,0.20498030244341367
443.94059405940595,0.20964132504745328
443.96039603960395,0.21409619040728595
443.980198019802,0.2183404757684121
444.0,0.22236997408467066
444.01980198019805,0.226180697107061
444.03960396039605,0.22976887843007415
444.05940594059405,0.23313097645994713
444.0792079207921,0.23626367727664513
444.0990099009901,0.2391638973665404
444.11881188118815,0.24182878620692577
444.13861386138615,0.24425572868705966
444.15841584158414,0.24644234735293724
444.1782178217822,0.24838650446524518
444.1980198019802,0.2500863038617768
444.21782178217825,0.2515400926169381
444.23762376237624,0.2527464624925373
444.2574257425743,0.2537042511747369
444.27722772277224,0.2544125432933375
444.2970297029703,0.2548706712202365
444.31683168316835,0.2550782156447032
444.33663366336634,0.25503500592383244
444.3564356435644,0.25474112020716955
444.3762376237624,0.25419688533517787
444.3960396039604,0.25340287651187415
444.4158415841584,0.25235991675250746
444.43564356435644,0.25106907610790935
444.4554455445545,0.24953167066774667
444.4752475247525,0.24774926134575342
444.49504950495054,0.24572365245071479
444.5148514851485,0.24345689004796783
444.53465346534654,0.24095126011716067
444.55445544554453,0.2382092865132567
444.5742574257426,0.23523372873906498
444.59405940594064,0.23202757953940673
444.61386138613864,0.22859406232886395
444.63366336633663,0.22493662846760917
444.65346534653463,0.22105895440286097
444.6732673267327,0.21696493869731823
444.6930693069307,0.21265869897063436
444.71287128712873,0.20814456878638357
444.7326732673268,0.2034270945246541
444.7524752475247,0.19851103229104505
444.7722772277228,0.1934013449263619
444.7920792079208,0.18810319919961327
444.81188118811883,0.18262196329152292
444.83168316831683,0.1769632047091758
444.8514851485149,0.1711326888184822
444.8712871287129,0.16513637824569138
444.8910891089109,0.15898043348985588
444.91089108910893,0.1526712152188471
444.9306930693069,0.14621528891132463
444.950495049505,0.13961943278837297
444.970297029703,0.13289065040232473
444.990099009901,0.12603618990197227
445.009900990099,0.11906357301706443
445.029702970297,0.11198063845182112
445.0495049504951,0.10479560709809689
445.0693069306931,0.09751718110874186
445.0891089108911,0.09015469701738939
445.10891089108907,0.08271836797097311
445.1287128712871,0.07521967851697631
445.1485148514852,0.06767205223659332
445.16831683168317,0.060092033118010285
445.1881188118812,0.052501495127484185
445.2079207920792,0.044932065788879615
445.2277227722772,0.0374347569101112
445.2475247524752,0.030103205297071316
445.26732673267327,0.023136944106421475
445.2871287128713,0.01703286291623313
445.3069306930693,0.013096562279342942
445.3267326732674,0.013414173678100686
445.3465346534653,0.017756564419166756
445.36633663366337,0.024020893613162148
445.38613861386136,0.03104806818858179
445.4059405940594,0.038401292280517446
445.42574257425747,0.045901771752478594
445.44554455445547,0.053463850624747795
445.46534653465346,0.061040014557079345
445.48514851485146,0.06860035290493036
445.5049504950495,0.0761239208599374
445.5247524752475,0.0835947232908817
445.54455445544556,0.09099968875373923
445.5643564356436,0.09832757751397342
445.58415841584156,0.10556836034385207
445.6039603960396,0.1127128491849803
445.6237623762376,0.11975246951066795
445.64356435643566,0.12667911589941566
445.66336633663366,0.13348505830533008
445.6831683168317,0.1401628802149996
445.7029702970297,0.14670543742131859
445.7227722772277,0.15310583045155474
445.74257425742576,0.15935738622777937
445.76237623762376,0.16545364608205204
445.7821782178218,0.17138835821117016
445.8019801980198,0.17715547327078388
445.8217821782178,0.1827491422095094
445.84158415841586,0.18816371571044035
445.86138613861385,0.19339374478794036
445.8811881188119,0.19843398221183658
445.9009900990099,0.20327938451810773
445.92079207920796,0.20792511442634945
445.94059405940595,0.21236654352882445
445.96039603960395,0.21659925514782968
445.980198019802,0.2206190472816102
446.0,0.22442193557693596
446.01980198019805,0.22800415627926757
446.03960396039605,0.23136216912177704
446.05940594059405,0.2344926601219998
446.0792079207921,0.23739254426099415
446.0990099009901,0.2400589680243569
446.11881188118815,0.24248931178841515
446.13861386138615,0.24468119203767955
446.15841584158414,0.24663246340204326
446.17821782178214,0.2483412205043526
446.1980198019802,0.2498057996104042
446.21782178217825,0.2510247800748965
446.23762376237624,0.25199698557812195
446.2574257425743,0.2527214851489209
446.27722772277224,0.2531975939707972
446.2970297029703,0.25342487396836383
446.3168316831683,0.25340313417255284
446.33663366336634,0.2531324308632693
446.3564356435644,0.252613067489265
446.3762376237624,0.2518455943653646
446.3960396039604,0.2508308081479958
446.4158415841584,0.24956975109063856
446.43564356435644,0.24806371008154357
446.45544554455444,0.24631421546680604
446.4752475247525,0.24432303966279684
446.49504950495054,0.24209219556288084
446.5148514851485,0.23962393474438787
446.53465346534654,0.2369207454832262
446.55445544554453,0.23398535058477313
446.5742574257426,0.23082070504163302
446.5940594059406,0.2274299935309614
446.61386138613864,0.22381662776657918
446.63366336633663,0.21998424372440242
446.65346534653463,0.2159366987637752
446.6732673267327,0.2116780686724809
446.6930693069307,0.20721264466958306
446.71287128712873,0.20254493040895402
446.73267326732673,0.19767963903724822
446.7524752475247,0.1926216903746345
446.7722772277228,0.1873762083062385
446.7920792079208,0.1819485184978623
446.81188118811883,0.176344146585588
446.83168316831683,0.1705688170372338
446.8514851485149,0.16462845295206402
446.8712871287129,0.15852917716097267
446.8910891089109,0.15227731512703627
446.91089108910893,0.1458794003463692
446.9306930693069,0.13934218324433326
446.950495049505,0.13267264500669254
446.970297029703,0.1258780184665062
446.990099009901,0.11896581923453821
447.009900990099,0.11194389197268198
447.029702970297,0.10482047952712066
447.0495049504951,0.09760432741227212
447.0693069306931,0.09030484449664845
447.0891089108911,0.08293235592804211
447.10891089108907,0.07549851310579922
447.1287128712871,0.06801698269183334
447.1485148514852,0.060504656797800545
447.16831683168317,0.052983895730262354
447.1881188118812,0.04548696523946579
447.2079207920792,0.03806554582029044
447.2277227722772,0.030813182483919538
447.2475247524752,0.023924496078686137
447.26732673267327,0.017866419542755724
447.2871287128713,0.013815981649102986
447.3069306930693,0.013705966052305833
447.3267326732674,0.017609273245961787
447.3465346534653,0.023601864749519183
447.36633663366337,0.030458406777016268
447.38613861386136,0.03769052334090172
447.4059405940594,0.04509589313499307
447.42574257425747,0.05257796312317553
447.44554455445547,0.060083740648905135
447.46534653465346,0.06758033455845408
447.48514851485146,0.07504506877771176
447.5049504950495,0.08246088863334249
447.5247524752475,0.0898140470848996
447.54455445544556,0.09709285973826742
447.5643564356436,0.10428699764844114
447.58415841584156,0.11138706730312577
447.6039603960396,0.11838435187518452
447.6237623762376,0.12527064701185428
447.64356435643566,0.13203815412903874
447.66336633663366,0.1386794098227274
447.6831683168317,0.14518723860480404
447.7029702970297,0.15155472107148485
447.7227722772277,0.15777517249992692
447.74257425742576,0.1638421286205564
447.76237623762376,0.16974933640366613
447.7821782178218,0.17549074839455692
447.8019801980198,0.18106051958478211
447.8217821782178,0.1864530061081648
447.84158415841586,0.19166276525398315
447.86138613861385,0.1966845564295723
447.8811881188119,0.2015133428024945
447.9009900990099,0.20614429342147209
447.92079207920796,0.21057278566499263
447.9405940594059,0.21479440790242485
447.96039603960395,0.21880496227911994
447.980198019802,0.2226004675564212
448.0,0.22617716195252235
448.01980198019805,0.22953150594111682
448.03960396039605,0.2326601849734136
448.05940594059405,0.23556011209590824
448.07920792079204,0.23822843044123904
448.0990099009901,0.24066251557373303
448.11881188118815,0.2428599776744912
448.13861386138615,0.24481866355350418
448.1584158415842,0.24653665847850825
448.17821782178214,0.24801228781190143
448.1980198019802,0.2492441184488655
448.2178217821782,0.250230960050707
448.23762376237624,0.2509718660690249
448.2574257425743,0.25146613455675976
448.2772277227723,0.2517133087635471
448.2970297029703,0.2517131775131991
448.3168316831683,0.25146577536220127
448.33663366336634,0.2509713825386213
448.35643564356434,0.25023052466158346
448.3762376237624,0.24924397224231373
448.39603960396045,0.24801273996816942
448.4158415841584,0.24653808577219036
448.43564356435644,0.24482150969125094
448.45544554455444,0.2428647525169343
448.4752475247525,0.24066979424420082
448.4950495049505,0.238238852324025
448.51485148514854,0.23557437972761083
448.53465346534654,0.23267906283124215
448.55445544554453,0.22955581913268888
448.5742574257426,0.22620779481239314
448.5940594059406,0.22263836215539143
448.61386138613864,0.21885111685326666
448.63366336633663,0.21484987520976082
448.65346534653463,0.2106386712790549
448.6732673267327,0.20622175397259054
448.6930693069307,0.2016035841792112
448.71287128712873,0.19678883195505023
448.73267326732673,0.19178237385477573
448.7524752475248,0.18658929049618458
448.7722772277227,0.18121486447745005
448.7920792079208,0.17566457880338546
448.81188118811883,0.169944116028132
448.83168316831683,0.1640593583927232
448.8514851485149,0.15801638933600234
448.8712871287129,0.15182149690048954
448.8910891089109,0.14548117976246216
448.9108910891089,0.13900215692154905
448.9306930693069,0.1323913825448859
448.950495049505,0.12565606816371303
448.970297029703,0.11880371551886461
448.99009900990103,0.11184216510822378
449.00990099009897,0.10477966837116051
449.029702970297,0.0976249963111526
449.049504950495,0.0903876058407471
449.0693069306931,0.08307790046679647
449.0891089108911,0.07570765080939575
449.1089108910891,0.06829069743550208
449.1287128712871,0.0608441771855554
449.1485148514851,0.05339077731665479
449.16831683168317,0.04596314892393327
449.18811881188117,0.03861323528609099
449.2079207920792,0.03143388066208905
449.2277227722773,0.024614315233636767
449.2475247524752,0.018594777482950405
449.26732673267327,0.014448802388571129
449.28712871287127,0.013977162060571346
449.3069306930693,0.017479941909915954
449.3267326732673,0.023213057591563606
449.34653465346537,0.029904605811057694
449.36633663366337,0.037019144346436966
449.38613861386136,0.044331887328077656
449.4059405940594,0.051735781051724966
449.4257425742574,0.05917255861996287
449.44554455445547,0.0666064708271518
449.46534653465346,0.07401318961695709
449.48514851485146,0.08137465453090759
449.5049504950495,0.08867648061615613
449.5247524752475,0.09590656594612594
449.54455445544556,0.1030543018248727
449.56435643564356,0.1101101042653412
449.5841584158416,0.11706512556671075
449.6039603960396,0.12391107129163297
449.6237623762376,0.1306400812581428
449.64356435643566,0.13724465068220132
449.66336633663366,0.14371757721872414
449.6831683168317,0.15005192512156285
449.7029702970297,0.15624100096290494
449.7227722772277,0.16227833730337352
449.74257425742576,0.16815768191758929
449.76237623762376,0.173872990953075
449.7821782178218,0.17941842490300755
449.8019801980198,0.1847883466075265
449.82178217821786,0.18997732072355328
449.8415841584158,0.1949801142580756
449.86138613861385,0.19979169786787324
449.8811881188119,0.20440724770506685
449.9009900990099,0.2088221476425487
449.92079207920796,0.21303199175318338
449.94059405940595,0.21703258694582814
449.96039603960395,0.22081995568265664
449.98019801980195,0.22439033871886485
450.0,0.22774019781784163
450.01980198019805,0.23086621840438828
450.03960396039605,0.23376531212598242
450.0594059405941,0.2364346192975753
450.07920792079204,0.23887151121006384
450.0990099009901,0.24107359228602745
450.1188118811881,0.24303870206926742
450.13861386138615,0.2447649170371007
450.1584158415842,0.2462505522261089
450.1782178217822,0.24749416266390753
450.1980198019802,0.24849454460061637
450.2178217821782,0.24925073653519353
450.23762376237624,0.24976202003252512
450.25742574257424,0.2500279203283781
450.2772277227723,0.2500482067199453
450.29702970297035,0.24982289274066094
450.3168316831683,0.24935223611866608
450.33663366336634,0.24863673851897183
450.35643564356434,0.24767714507026706
450.3762376237624,0.2464744436779139
450.3960396039604,0.2450298641255433
450.41584158415844,0.24334487696855592
450.43564356435644,0.24142119222368114
450.45544554455444,0.23926075785978446
450.4752475247525,0.23686575809652874
450.4950495049505,0.23423861151846403
450.51485148514854,0.23138196901421312
450.53465346534654,0.22829871155198578
450.55445544554453,0.22499194780524479
450.5742574257426,0.22146501164514168
450.5940594059406,0.21772145951986602
450.61386138613864,0.21376506774569498
450.63366336633663,0.20959982973995042
450.6534653465347,0.2052299532335103
450.6732673267327,0.20065985750982596
450.6930693069307,0.19589417072933957
450.71287128712873,0.1909377274146095
450.73267326732673,0.1857955661922942
450.7524752475248,0.1804729279170095
450.7722772277228,0.17497525434074865
450.7920792079208,0.1693081875448574
450.81188118811883,0.16347757042552843
450.83168316831683,0.15748944862816555
450.8514851485149,0.15135007447463028
450.8712871287129,0.1450659136429966
450.89108910891093,0.13864365567682987
450.9108910891089,0.132090229876147
450.9306930693069,0.12541282884806537
450.950495049505,0.11861894312572072
450.970297029703,0.11171641206771239
450.99009900990103,0.10471349919976176
451.009900990099,0.09761900512230062
451.029702970297,0.09044243972240741
451.049504950495,0.08319429092393203
451.0693069306931,0.07588645622395615
451.0891089108911,0.06853296013207583
451.1089108910891,0.0611511980903037
451.1287128712872,0.05376420515878094
451.1485148514851,0.04640505382123002
451.16831683168317,0.039126027700067664
451.18811881188117,0.03201949277181095
451.2079207920792,0.025270145132247363
451.2277227722773,0.019295583686548747
451.2475247524753,0.015082031744791613
451.26732673267327,0.01430202415514687
451.28712871287127,0.017424206272412555
451.3069306930693,0.02289530806353428
451.3267326732673,0.029417816997345612
451.34653465346537,0.03641222400091423
451.3663366336634,0.04363096042997853
451.38613861386136,0.05095603304479393
451.4059405940594,0.05832361977094641
451.4257425742574,0.06569494565994681
451.44554455445547,0.07304392881182066
451.46534653465346,0.08035143884687318
451.4851485148515,0.08760241095018073
451.5049504950495,0.0947842972255184
451.5247524752475,0.1018861893144803
451.54455445544556,0.10889829840378601
451.56435643564356,0.11581163530453477
451.5841584158416,0.12261780746163681
451.6039603960396,0.12930888688975398
451.6237623762376,0.13587732254296667
451.64356435643566,0.14231588131595724
451.66336633663366,0.14861760795466578
451.6831683168317,0.1547757977268728
451.7029702970297,0.16078397786586662
451.72277227722776,0.16663589514370483
451.7425742574257,0.17232550778571254
451.76237623762376,0.1778469804933781
451.7821782178218,0.1831946817116064
451.8019801980198,0.1883631825247793
451.82178217821786,0.1933472567370358
451.84158415841586,0.198141881810851
451.86138613861385,0.20274224042228775
451.88118811881185,0.2071437224513959
451.9009900990099,0.2113419272698321
451.92079207920796,0.2153326662198878
451.94059405940595,0.21911196520274212
451.960396039604,0.22267606731161835
451.98019801980195,0.22602143545903972
452.0,0.22914475495747522
452.019801980198,0.2320429360209344
452.03960396039605,0.2347131161610126
452.0594059405941,0.23715266245590474
452.0792079207921,0.23935917367474763
452.0990099009901,0.24133048224285794
452.1188118811881,0.2430646560358123
452.13861386138615,0.24455999999265954
452.15841584158414,0.24581505754000024
452.1782178217822,0.246828611820472
452.19801980198025,0.24759968672012514
452.2178217821782,0.2481275476905816
452.23762376237624,0.24841170236261542
452.25742574257424,0.24845190094887842
452.2772277227723,0.24824813643416982
452.2970297029703,0.24780064455264628
452.31683168316835,0.2471099035518315
452.33663366336634,0.24617663374447477
452.35643564356434,0.24500179684965676
452.3762376237624,0.24358659512575043
452.3960396039604,0.24193247029844134
452.41584158415844,0.24004110228823602
452.43564356435644,0.23791440774273245
452.45544554455444,0.23555453838040158
452.4752475247525,0.2329638791538837
452.4950495049505,0.23014504624268062
452.51485148514854,0.22710088488697247
452.53465346534654,0.22383446707692287
452.5544554455446,0.2203490891147303
452.57425742574253,0.21664826907049162
452.5940594059406,0.21273574415759797
452.61386138613864,0.20861546805932096
452.63366336633663,0.20429160824579368
452.6534653465347,0.19976854333036853
452.6732673267327,0.19505086052703965
452.6930693069307,0.19014335328732493
452.7128712871287,0.18505101921717793
452.73267326732673,0.17977905840433012
452.7524752475248,0.17433287232680653
452.7722772277228,0.16871806356875585
452.79207920792084,0.16294043664674718
452.8118811881188,0.15700600035764326
452.83168316831683,0.15092097221352646
452.8514851485148,0.14469178575182234
452.8712871287129,0.1383251018364137
452.89108910891093,0.13182782555523415
452.91089108910893,0.1252071310652435
452.9306930693069,0.11847049789532524
452.9504950495049,0.11162576406082307
452.970297029703,0.1046812043489399
452.990099009901,0.09764564717122085
453.009900990099,0.0905286520874555
453.0297029702971,0.0833407856913392
453.049504950495,0.07609406256190467
453.0693069306931,0.06880267445709852
453.08910891089107,0.061484246584364716
453.1089108910891,0.05416211088261471
453.1287128712871,0.0468696689591337
453.1485148514852,0.0396593747113608
453.16831683168317,0.0326228118952162
453.18811881188117,0.02593973495325872
453.2079207920792,0.020005699932499545
453.2277227722772,0.015727374125445635
453.2475247524753,0.014655800096910173
453.26732673267327,0.0173964437085165
453.28712871287127,0.022594003074315947
453.3069306930693,0.028939338595374543
453.3267326732673,0.03580908859732495
453.34653465346537,0.04293142536728631
453.36633663366337,0.05017648778101426
453.3861386138614,0.05747439809245786
453.4059405940594,0.06478308197823142
453.4257425742574,0.07207454709240148
453.44554455445547,0.07932849897874666
453.46534653465346,0.08652913369257342
453.4851485148515,0.09366341849853477
453.5049504950495,0.1007201189409634
453.5247524752475,0.10768922281404747
453.54455445544556,0.11456158602147551
453.56435643564356,0.12132870793889043
453.5841584158416,0.12798258522526343
453.6039603960396,0.13451561472029624
453.62376237623766,0.140920527937079
453.6435643564356,0.14719034640168147
453.66336633663366,0.15331835105007885
453.6831683168317,0.15929806128512355
453.7029702970297,0.16512322078148317
453.72277227722776,0.17078778807043152
453.74257425742576,0.17628593054935182
453.76237623762376,0.18161202096694057
453.78217821782175,0.18676063570891097
453.8019801980198,0.19172655439695388
453.82178217821786,0.19650476044410342
453.84158415841586,0.2010904423023717
453.8613861386139,0.20547899520422988
453.88118811881185,0.20966602324760725
453.9009900990099,0.21364734170892113
453.9207920792079,0.21741897949493166
453.94059405940595,0.22097718166331926
453.960396039604,0.224318411956906
453.980198019802,0.22743935530760057
454.0,0.23033692027462413
454.019801980198,0.23300824138873039
454.03960396039605,0.23545068137904354
454.05940594059405,0.23766183326365645
454.0792079207921,0.23963952228834717
454.09900990099015,0.2413818077005651
454.1188118811881,0.2428869843482426
454.13861386138615,0.24415358409455826
454.15841584158414,0.2451803770417192
454.1782178217822,0.24596637255788975
454.1980198019802,0.246510820102814
454.21782178217825,0.2468132098484744
454.23762376237624,0.24687327309241838
454.25742574257424,0.24669098246187102
454.2772277227723,0.24626655190791974
454.2970297029703,0.2456004364896842
454.31683168316835,0.24469333194921217
454.33663366336634,0.24354617407875193
454.35643564356434,0.24216013788276783
454.3762376237624,0.24053663653816357
454.3960396039604,0.2386773201570054
454.41584158415844,0.23658407435732173
454.43564356435644,0.2342590186487643
454.4554455445545,0.23170450464141057
454.4752475247525,0.22892311408776367
454.4950495049505,0.22591765677020545
454.51485148514854,0.22269116824845456
454.53465346534654,0.21924690748504538
454.5544554455446,0.21558835437042378
454.5742574257426,0.21171920717428333
454.5940594059406,0.2076433799558154
454.61386138613864,0.2033649999733651
454.63366336633663,0.1988884051441784
454.6534653465347,0.1942181416179258
454.6732673267327,0.18935896154496185
454.69306930693074,0.18431582114331574
454.7128712871287,0.17909387919889755
454.73267326732673,0.1736984961751336
454.7524752475248,0.16813523416519177
454.7722772277228,0.16240985799889462
454.79207920792084,0.15652833792751847
454.81188118811883,0.15049685446726108
454.83168316831683,0.14432180621042112
454.8514851485148,0.13800982174744889
454.8712871287129,0.13156777734181097
454.89108910891093,0.1250028227578011
454.91089108910893,0.11832241881667481
454.930693069307,0.11153439212091595
454.9504950495049,0.10464701541579037
454.970297029703,0.09766912711727191
454.990099009901,0.09061031224704812
455.009900990099,0.0834811825343359
455.0297029702971,0.07629382217353783
455.0495049504951,0.06906252127788401
455.0693069306931,0.061805031939229926
455.08910891089107,0.054544824463062073
455.1089108910891,0.04731537758741365
455.1287128712871,0.0401689058191509
455.1485148514852,0.03319555695099821
455.1683168316832,0.026569301844856813
455.18811881188117,0.020664084390230486
455.2079207920792,0.016316496525385648
455.2277227722772,0.014972856152276025
455.2475247524753,0.017349327359039553
455.26732673267327,0.02227818902453748
455.2871287128713,0.02844866834633762
455.3069306930693,0.03519584456533156
455.3267326732673,0.04222372448023173
455.34653465346537,0.04939053245130657
455.36633663366337,0.056620331391922685
455.3861386138614,0.06386776654140516
455.4059405940594,0.07110295923882591
455.4257425742574,0.07830447344743445
455.44554455445547,0.0854557850670384
455.46534653465346,0.09254339191238387
455.4851485148515,0.09955574572636888
455.5049504950495,0.10648262069583303
455.52475247524757,0.11331472561521216
455.5445544554455,0.1200434580308688
455.56435643564356,0.12666074426627677
455.5841584158416,0.1331589331103179
455.6039603960396,0.13953072400451144
455.62376237623766,0.14576911796909406
455.64356435643566,0.15186738384849055
455.66336633663366,0.15781903507710568
455.68316831683165,0.16361781379103027
455.7029702970297,0.1692576801425947
455.72277227722776,0.17473280534378638
455.74257425742576,0.18003756740742735
455.7623762376238,0.18516654885325598
455.78217821782175,0.19011453585045265
455.8019801980198,0.19487651841031006
455.8217821782178,0.19944769134296156
455.84158415841586,0.20382345576391073
455.8613861386139,0.20799942098791613
455.8811881188119,0.21197140668580003
455.9009900990099,0.21573544520792512
455.9207920792079,0.21928778399911844
455.94059405940595,0.22262488804573327
455.96039603960395,0.22574344230771046
455.980198019802,0.2286403540978213
456.00000000000006,0.2313127553776081
456.019801980198,0.2337580049452589
456.03960396039605,0.23597369049510158
456.05940594059405,0.2379576305322185
456.0792079207921,0.23970787612840788
456.0990099009901,0.24122271250838373
456.11881188118815,0.24250066045684132
456.13861386138615,0.2435404775389997
456.15841584158414,0.24434115912835508
456.1782178217822,0.24490193923694245
456.1980198019802,0.2452222911442221
456.21782178217825,0.24530192782196295
456.2376237623762,0.24514080215325262
456.25742574257424,0.24473910694463816
456.2772277227723,0.24409727473136897
456.2970297029703,0.2432159773764472
456.31683168316835,0.2420961254650061
456.33663366336634,0.24073886749665743
456.35643564356434,0.2391455888790365
456.37623762376234,0.2373179107272518
456.3960396039604,0.2352576884747174
456.41584158415844,0.23296701030253006
456.43564356435644,0.23044819539580833
456.4554455445545,0.22770379203750116
456.47524752475243,0.22473657555218235
456.4950495049505,0.221549546115078
456.5148514851485,0.2181459264448399
456.53465346534654,0.2145291594025294
456.5544554455446,0.2107029055244168
456.5742574257426,0.20667104052248916
456.5940594059406,0.20243765279477383
456.6138613861386,0.19800704099797437
456.63366336633663,0.19338371174864524
456.65346534653463,0.18857237753693532
456.6732673267327,0.18357795496079315
456.69306930693074,0.17840556342009753
456.7128712871287,0.17306052445350903
456.73267326732673,0.16754836195941186
456.7524752475247,0.16187480362406315
456.7722772277228,0.1560457839943606
456.7920792079208,0.15006744979502698
456.81188118811883,0.14394616832439197
456.83168316831683,0.1376885401056831
456.8514851485148,0.13130141748142818
456.8712871287129,0.12479193161271832
456.8910891089109,0.11816753154268465
456.91089108910893,0.11143604087753646
456.9306930693069,0.10460574070667397
456.9504950495049,0.09768549248955405
456.970297029703,0.09068492339172077
456.990099009901,0.08361471207362477
457.009900990099,0.07648704150722467
457.029702970297,0.06931634026965602
457.0495049504951,0.062120544353686136
457.0693069306931,0.05492334691395336
457.08910891089107,0.04775843612837364
457.1089108910891,0.04067801155169527
457.1287128712871,0.033771215527365867
457.1485148514852,0.027207230281411594
457.16831683168317,0.021341236805590785
457.18811881188117,0.01694748678495923
457.2079207920792,0.015367431783268328
457.2277227722772,0.0173904106737593
457.2475247524753,0.022038973342994896
457.26732673267327,0.028022502823917505
457.2871287128713,0.03463862508736541
457.30693069306926,0.041566327012320256
457.3267326732673,0.04865092242096657
457.34653465346537,0.05580977364877802
457.36633663366337,0.0629938583678734
457.3861386138614,0.07017117403058172
457.4059405940594,0.07731899217044909
457.4257425742574,0.08441996922052777
457.4455445544554,0.09146006591617643
457.46534653465346,0.09842737272441095
457.4851485148515,0.10531141598983054
457.5049504950495,0.11210273211631935
457.52475247524757,0.11879259775532677
457.5445544554455,0.12537285424676814
457.56435643564356,0.1318357908873352
457.58415841584156,0.13817406597845006
457.6039603960396,0.1443806527525302
457.62376237623766,0.15044880204728459
457.64356435643566,0.15637201647472046
457.66336633663366,0.16214403261367238
457.68316831683165,0.16775880888472106
457.7029702970297,0.17321051749898692
457.7227722772277,0.1784935393564828
457.74257425742576,0.18360246109586453
457.7623762376238,0.18853207372041228
457.78217821782175,0.19327737238031062
457.8019801980198,0.19783355700047064
457.8217821782178,0.20219603352148716
457.84158415841586,0.206360415577574
457.86138613861385,0.2103225264767614
457.8811881188119,0.2140784013793699
457.9009900990099,0.2176242895933245
457.9207920792079,0.22095665692251293
457.94059405940595,0.22407218801727194
457.96039603960395,0.22696778868635897
457.980198019802,0.22964058813768254
458.0,0.2320879411211499
458.019801980198,0.23430742995194526
458.03960396039605,0.2362968663964877
458.05940594059405,0.23805429340646522
458.0792079207921,0.2395779866889246
458.0990099009901,0.24086645610259375
458.11881188118815,0.24191844687235853
458.13861386138615,0.24273294061539122
458.15841584158414,0.24330915617372229
458.1782178217822,0.243646550249263
458.1980198019802,0.24374481783833246
458.21782178217825,0.2436038924636276
458.23762376237624,0.24322394620265875
458.25742574257424,0.24260538951234428
458.2772277227723,0.24174887085055924
458.2970297029703,0.2406552760961254
458.31683168316835,0.23932572776976044
458.33663366336634,0.23776158405948403
458.3564356435644,0.23596443765511615
458.37623762376234,0.23393611439752235
458.3960396039604,0.23167867174998136
458.41584158415844,0.22919439710031717
458.43564356435644,0.2264858059045852
458.4554455445545,0.22355563968524975
458.4752475247525,0.22040686389955183
458.4950495049505,0.2170426656972369
458.5148514851485,0.21346645159078176
458.53465346534654,0.2096818450667463
458.5544554455446,0.20569268417324515
458.5742574257426,0.20150301912713542
458.59405940594064,0.19711710999521298
458.6138613861386,0.19253942451795555
458.63366336633663,0.18777463616277076
458.65346534653463,0.18282762251821194
458.6732673267327,0.17770346417349345
458.69306930693074,0.17240744427196297
458.71287128712873,0.1669450489877861
458.73267326732673,0.16132196925908493
458.7524752475247,0.15554410422821635
458.7722772277228,0.14961756700644616
458.7920792079208,0.1435486936203913
458.81188118811883,0.1373440563481754
458.8316831683169,0.13101048317426123
458.8514851485148,0.12455508588077872
458.8712871287129,0.11798530050972078
458.8910891089109,0.11130894585037732
458.91089108910893,0.1045343087062705
458.9306930693069,0.09767026983846071
458.950495049505,0.09072649326378301
458.970297029703,0.08371371708658679
458.990099009901,0.07664421242172044
459.009900990099,0.0695325311292083
459.029702970297,0.06239677140278371
459.0495049504951,0.05526081864315261
459.0693069306931,0.0481585298885841
459.08910891089107,0.04114204839914755
459.1089108910891,0.03429953111223321
459.1287128712871,0.027795772315352338
459.1485148514852,0.021969484450101953
459.16831683168317,0.017541871995337254
459.1881188118812,0.015761606415753752
459.20792079207916,0.017463720484227056
459.2277227722772,0.02184287337504553
459.2475247524753,0.02764228043800485
459.26732673267327,0.03412860301306617
459.2871287128713,0.04095714250086973
459.3069306930693,0.047960518116600646
459.3267326732673,0.055049411644570674
459.3465346534653,0.06217112464385095
459.36633663366337,0.06929152178256776
459.3861386138614,0.07638657628405887
459.4059405940594,0.0834381216166404
459.42574257425747,0.09043157942302263
459.4455445544554,0.09735467774108818
459.46534653465346,0.10419669440187593
459.48514851485146,0.11094799301096511
459.5049504950495,0.11759972905747841
459.52475247524757,0.12414365870213112
459.54455445544556,0.13057201158831533
459.56435643564356,0.136877404731336
459.58415841584156,0.14305278343562003
459.6039603960396,0.1490913803940884
459.6237623762376,0.15498668725992762
459.64356435643566,0.16073243492098144
459.6633663366337,0.16632257993705063
459.68316831683165,0.17175129539625406
459.7029702970297,0.1770129649729254
459.7227722772277,0.18210217932320413
459.74257425742576,0.18701373419659356
459.76237623762376,0.19174262980966536
459.7821782178218,0.19628407114675464
459.8019801980198,0.2006334689367059
459.8217821782178,0.2047864411162338
459.84158415841586,0.20873881463461327
459.86138613861385,0.21248662748810987
459.8811881188119,0.2160261308965438
459.9009900990099,0.21935379155362977
459.9207920792079,0.22246629389646008
459.94059405940595,0.2253605423507448
459.96039603960395,0.22803366351666854
459.980198019802,0.23048300826705256
460.0,0.23270615373460238
460.01980198019805,0.23470090516942546
460.039603960396,0.23646529765114765
460.05940594059405,0.23799759764300907
460.0792079207921,0.2392963043773188
460.0990099009901,0.24036015106384098
460.11881188118815,0.24118810591411513
460.13861386138615,0.24177937297619265
460.15841584158414,0.2421333927755333
460.17821782178214,0.24224984275884467
460.1980198019802,0.242128637538791
460.21782178217825,0.24176992893822588
460.23762376237624,0.2411741058338062
460.2574257425743,0.2403417937995527
460.27722772277224,0.239273854551866
460.2970297029703,0.23797138519862573
460.3168316831683,0.2364357172957568
460.33663366336634,0.23466841571611477
460.3564356435644,0.23267127733646367
460.3762376237624,0.23044632954998445
460.3960396039604,0.22799582861333179
460.4158415841584,0.22532225783924756
460.43564356435644,0.22242832564803156
460.45544554455444,0.21931696349413377
460.4752475247525,0.21599132368739726
460.49504950495054,0.2124547771331369
460.5148514851485,0.20871091102028705
460.53465346534654,0.2047635264938672
460.55445544554453,0.20061663635670915
460.5742574257426,0.19627446285651598
460.5940594059406,0.19174143562893328
460.61386138613864,0.18702218988630137
460.63366336633663,0.1821215649670716
460.65346534653463,0.17704460339464081
460.6732673267327,0.1717965506398115
460.6930693069307,0.16638285584352583
460.71287128712873,0.16080917384232052
460.73267326732673,0.1550813689595319
460.7524752475247,0.14920552119539818
460.7722772277228,0.1431879356943808
460.7920792079208,0.1370351567252804
460.81188118811883,0.13075398793985415
460.83168316831683,0.124351521475909
460.8514851485149,0.11783517970323859
460.8712871287129,0.11121277534898652
460.8910891089109,0.10449259886062708
460.91089108910893,0.09768354702382254
460.9306930693069,0.09079531562893481
460.950495049505,0.08383869439873978
460.970297029703,0.07682603046987097
460.990099009901,0.0697719799704043
461.009900990099,0.0626947729172772
461.029702970297,0.055618437386099645
461.0495049504951,0.04857691682421808
461.0693069306931,0.041622160557632217
461.0891089108911,0.03484112286396738
461.10891089108907,0.02839396750714892
461.1287128712871,0.02260330909620225
461.1485148514852,0.01814116788717621
461.16831683168317,0.01616999313797669
461.1881188118812,0.01755658943959058
461.2079207920792,0.02166035123919396
461.2277227722772,0.02726908979749292
461.2475247524752,0.033621538043172625
461.26732673267327,0.04034871407927268
461.2871287128713,0.04726980063653144
461.3069306930693,0.05428833858562169
461.3267326732674,0.06134769046653909
461.3465346534653,0.06841143613786638
461.36633663366337,0.07545415943092436
461.38613861386136,0.08245681407249826
461.4059405940594,0.08940424584049766
461.42574257425747,0.09628379567286739
461.44554455445547,0.1030844757958336
461.46534653465346,0.10979646482694289
461.48514851485146,0.11641078816637317
461.5049504950495,0.1229191100995239
461.5247524752475,0.12931359548225307
461.54455445544556,0.13558681602771863
461.5643564356436,0.14173168591349958
461.58415841584156,0.14774141709779315
461.6039603960396,0.1536094881469962
461.6237623762376,0.15932962248688123
461.64356435643566,0.16489577332563224
461.66336633663366,0.17030211336137216
461.6831683168317,0.1755430279573671
461.7029702970297,0.18061311085165457
461.7227722772277,0.18550716172977463
461.74257425742576,0.19022018517117
461.76237623762376,0.19474739060802992
461.7821782178218,0.1990841930264634
461.8019801980198,0.2032262142060143
461.8217821782178,0.20716928434173756
461.84158415841586,0.21090944392860336
461.86138613861385,0.2144429458146834
461.8811881188119,0.21776625734952343
461.9009900990099,0.220876062569515
461.92079207920796,0.22376926437373373
461.94059405940595,0.22644298665273993
461.96039603960395,0.2288945763402373
461.980198019802,0.23112160536277215
462.0,0.23312187246744115
462.01980198019805,0.2348934049110195
462.03960396039605,0.23643445999704782
462.05940594059405,0.23774352644965166
462.0792079207921,0.23881932561505848
462.0990099009901,0.239660812483527
462.11881188118815,0.24026717652567944
462.13861386138615,0.24063784233880142
462.1584158415842,0.24077247009963526
462.17821782178214,0.2406709558213728
462.1980198019802,0.24033343141353375
462.21782178217825,0.23976026454429117
462.23762376237624,0.23895205830589678
462.2574257425743,0.2379096506846472
462.2772277227723,0.23663411383805444
462.2970297029703,0.2351267531827111
462.3168316831683,0.23338910629760848
462.33663366336634,0.23142294164911836
462.3564356435644,0.2292302571450006
462.3762376237624,0.22681327852689379
462.39603960396045,0.22417445761243332
462.4158415841584,0.2213164704009365
462.43564356435644,0.2182422150591483
462.45544554455444,0.21495480980744452
462.4752475247525,0.21145759073128823
462.49504950495054,0.2077541095481544
462.51485148514854,0.20384813136747634
462.53465346534654,0.19974363248982022
462.55445544554453,0.1954447983034486
462.5742574257426,0.19095602135105624
462.5940594059406,0.18628189965941108
462.61386138613864,0.18142723545048378
462.6336633663367,0.17639703438749954
462.65346534653463,0.17119650555617325
462.6732673267327,0.16583106244534934
462.6930693069307,0.1603063252795632
462.71287128712873,0.1546281251793646
462.73267326732673,0.14880251079942666
462.7524752475248,0.1428357583450151
462.7722772277228,0.13673438623163225
462.7920792079208,0.1305051761921948
462.81188118811883,0.12415520344901261
462.83168316831683,0.11769187981638964
462.8514851485149,0.11112301555805634
462.8712871287129,0.10445690896824879
462.8910891089109,0.09770247782379639
462.91089108910893,0.09086945562958886
462.9306930693069,0.0839686909235351
462.950495049505,0.07701261569943037
462.970297029703,0.07001600136978686
462.99009900990103,0.06299722380645138
463.00990099009897,0.05598047231798716
463.029702970297,0.048999803359848784
463.0495049504951,0.04210701766368645
463.0693069306931,0.03538797095509923
463.0891089108911,0.02899852897969045
463.1089108910891,0.023246498930310167
463.1287128712871,0.01875917226307231
463.1485148514851,0.0166173561404558
463.16831683168317,0.017701602485017103
463.1881188118812,0.02152554434785464
463.2079207920792,0.026935313011283296
463.2277227722773,0.0331475288076396
463.2475247524752,0.039769086847243666
463.26732673267327,0.04660507536350658
463.28712871287127,0.05355138287439679
463.3069306930693,0.06054710904626523
463.3267326732674,0.0675533483113712
463.34653465346537,0.07454316831456437
463.36633663366337,0.08149656040649504
463.38613861386136,0.08839773889817712
463.4059405940594,0.09523361906907375
463.4257425742574,0.1019929200545074
463.44554455445547,0.10866561539799818
463.4653465346535,0.11524258540127473
463.48514851485146,0.12171539103126633
463.5049504950495,0.12807612347344358
463.5247524752475,0.13431730213062154
463.54455445544556,0.14043180444298528
463.56435643564356,0.14641281708300907
463.5841584158416,0.15225380179502518
463.6039603960396,0.15794847144450455
463.6237623762376,0.1634907732941413
463.64356435643566,0.16887487746256422
463.66336633663366,0.17409516914079673
463.6831683168317,0.17914624355712194
463.7029702970297,0.18402290296533058
463.7227722772277,0.18872015512786586
463.74257425742576,0.19323321290431134
463.76237623762376,0.19755749465411335
463.7821782178218,0.2016886252339084
463.8019801980198,0.20562243742191835
463.82178217821786,0.20935497364011063
463.8415841584158,0.21288248787378652
463.86138613861385,0.21620144770960603
463.8811881188119,0.21930853642975398
463.9009900990099,0.2222006551123536
463.92079207920796,0.22487492469818976
463.94059405940595,0.2273286879914489
463.96039603960395,0.2295595115680264
463.98019801980195,0.23156518757019107
464.0,0.23334373536975436
464.01980198019805,0.23489340308553153
464.03960396039605,0.23621266894315784
464.0594059405941,0.2373002424676025
464.07920792079204,0.2381550655006586
464.0990099009901,0.23877631303700433
464.1188118811881,0.23916339387414398
464.13861386138615,0.2393159510723698
464.1584158415842,0.2392338622224177
464.1782178217822,0.2389172395192756
464.1980198019802,0.23836642964149285
464.2178217821782,0.237582013436787
464.23762376237624,0.23656480541520283
464.25742574257424,0.23531585305245975
464.2772277227723,0.23383643590708594
464.29702970297035,0.23212806455618984
464.3168316831683,0.23019247935604964
464.33663366336634,0.22803164903523704
464.35643564356434,0.22564776912967185
464.3762376237624,0.223043260271378
464.3960396039604,0.2202207663448006
464.41584158415844,0.21718315252797538
464.43564356435644,0.21393350323923324
464.45544554455444,0.21047512001499583
464.4752475247525,0.2068115193496479
464.4950495049505,0.20294643053607525
464.51485148514854,0.1988837935543471
464.53465346534654,0.19462775706814728
464.55445544554453,0.19018267660385446
464.5742574257426,0.1855531130072545
464.5940594059406,0.1807438312996962
464.61386138613864,0.17575980009087266
464.63366336633663,0.1706061917534295
464.6534653465347,0.1652883836298745
464.6732673267327,0.15981196063230022
464.6930693069307,0.15418271972086847
464.71287128712873,0.14840667692457774
464.73267326732673,0.14249007782155368
464.7524752475248,0.13643941276583538
464.7722772277228,0.1302614386932227
464.7920792079208,0.12396321015914259
464.81188118811883,0.11755212351909458
464.83168316831683,0.11103598012897209
464.8514851485149,0.10442307759131196
464.8712871287129,0.09772234324146248
464.89108910891093,0.09094353279010203
464.9108910891089,0.0840975322221671
464.9306930693069,0.07719682840941886
464.950495049505,0.07025626511775704
464.970297029703,0.06329430120963468
464.99009900990103,0.05633519308696028
465.009900990099,0.04941296667326223
465.029702970297,0.04257905504038644
465.049504950495,0.035917899928863815
465.0693069306931,0.029580742245809012
465.0891089108911,0.023860956272799626
465.1089108910891,0.019345125024493467
465.1287128712872,0.017041533406109928
465.1485148514851,0.01783743932783006
465.16831683168317,0.02138607802125151
465.18811881188117,0.026596888574637087
465.2079207920792,0.03266861621679826
465.2277227722773,0.03918466209468684
465.2475247524753,0.045935902195137004
465.26732673267327,0.052810438641348885
465.28712871287127,0.05974303066790061
465.3069306930693,0.06669224796873054
465.3267326732673,0.07362962319183523
465.34653465346537,0.08053417688494972
465.3663366336634,0.08738948862468886
465.38613861386136,0.0941820472827013
465.4059405940594,0.1009002793381434
465.4257425742574,0.10753395420500943
465.44554455445547,0.11407380820227006
465.46534653465346,0.12051130009964346
465.4851485148515,0.12683844846277031
465.5049504950495,0.13304772133398005
465.5247524752475,0.13913196025873295
465.54455445544556,0.14508432736425114
465.56435643564356,0.15089826822123525
465.5841584158416,0.15656748570329498
465.6039603960396,0.1620859216281316
465.6237623762376,0.16744774397889597
465.64356435643566,0.1726473381721516
465.66336633663366,0.17767930128722897
465.6831683168317,0.18253843847797202
465.7029702970297,0.18721976099965282
465.72277227722776,0.19171848543308684
465.74257425742576,0.19603003379413872
465.76237623762376,0.20015003429333886
465.7821782178218,0.2040743225664152
465.8019801980198,0.20779894323753303
465.82178217821786,0.2113201517080987
465.84158415841586,0.21463441608689995
465.86138613861385,0.2177384191950765
465.8811881188119,0.22062906059294946
465.9009900990099,0.2233034585861631
465.92079207920796,0.22575895217669031
465.94059405940595,0.22799310293102004
465.960396039604,0.23000369674249202
465.98019801980195,0.23178874546936587
466.0,0.23334648843323053
466.01980198019805,0.23467539376529592
466.03960396039605,0.23577415959031364
466.0594059405941,0.23664171503987025
466.0792079207921,0.23727722108840957
466.0990099009901,0.2376800712068581
466.1188118811881,0.23784989182989977
466.13861386138615,0.23778654263418972
466.1584158415842,0.2374901166259398
466.1782178217822,0.2369609400372442
466.19801980198025,0.23619957203150138
466.2178217821782,0.23520680421957427
466.23762376237624,0.2339836599890079
466.25742574257424,0.23253139365011422
466.2772277227723,0.23085148940377379
466.29702970297035,0.22894566013724654
466.31683168316835,0.22681584605586627
466.33663366336634,0.22446421316029544
466.35643564356434,0.22189315158120512
466.3762376237624,0.21910527378579392
466.3960396039604,0.21610341267365865
466.41584158415844,0.21289061958341673
466.43564356435644,0.20947016223606918
466.45544554455444,0.20584552264715825
466.4752475247525,0.20202039504706712
466.4950495049505,0.19799868385835953
466.51485148514854,0.19378450179125886
466.53465346534654,0.18938216813402045
466.55445544554453,0.1847962073358247
466.5742574257426,0.18003134800678364
466.5940594059406,0.1750925224963467
466.61386138613864,0.16998486725997788
466.63366336633663,0.16471372429103678
466.6534653465347,0.15928464398616485
466.6732673267326,0.153703389940532
466.6930693069307,0.14797594634954997
466.71287128712873,0.14210852895157972
466.73267326732673,0.13610760082057644
466.7524752475248,0.12997989486982844
466.7722772277228,0.12373244575636769
466.7920792079208,0.11737263514245645
466.8118811881188,0.11090825624722864
466.83168316831683,0.10434760677702978
466.8514851485149,0.09769962448530217
466.8712871287129,0.09097408829417454
466.89108910891093,0.08418192295737507
466.9108910891089,0.07733567222195559
466.9306930693069,0.07045025566379166
466.9504950495049,0.0635442218342624
466.970297029703,0.05664190844324917
466.99009900990103,0.04977734355033553
467.009900990099,0.04300167389415083
467.029702970297,0.03639814803615844
467.049504950495,0.030114038079562186
467.0693069306931,0.024430359554878406
467.08910891089107,0.019898973792800975
467.1089108910891,0.017463891454430704
467.1287128712872,0.018006012817235566
467.1485148514851,0.02129649779844353
467.16831683168317,0.026313711286340764
467.18811881188117,0.03224666962886896
467.2079207920792,0.03865800905145537
467.2277227722772,0.04532508544710546
467.2475247524753,0.052128383435357556
467.26732673267327,0.05899836067934776
467.28712871287127,0.06589106805106706
467.3069306930693,0.07277650112043375
467.3267326732673,0.07963270614795166
467.34653465346537,0.08644262475695974
467.36633663366337,0.09319231677239657
467.38613861386136,0.09986991391871707
467.4059405940594,0.10646497981227981
467.4257425742574,0.11296810544839432
467.44554455445547,0.11937064630472807
467.46534653465346,0.12566454741847916
467.4851485148515,0.13184222470598725
467.50495049504946,0.13789648316470318
467.5247524752475,0.14382045981332897
467.54455445544556,0.14960758355977727
467.56435643564356,0.15525154685904108
467.5841584158416,0.16074628571107907
467.6039603960396,0.1660859656385547
467.6237623762376,0.17126497200161958
467.6435643564356,0.1762779034883346
467.66336633663366,0.18111956794725814
467.6831683168317,0.185784979956135
467.7029702970297,0.19026935968015593
467.72277227722776,0.1945681326870123
467.7425742574257,0.19867693046793083
467.76237623762376,0.20259159147356962
467.78217821782175,0.20630816251782078
467.8019801980198,0.20982290043531243
467.82178217821786,0.21313227390328088
467.84158415841586,0.2162329653570667
467.86138613861385,0.21912187294302812
467.88118811881185,0.2217961124638399
467.9009900990099,0.22425301927966543
467.9207920792079,0.22649015013582283
467.94059405940595,0.22850528489277724
467.960396039604,0.23029642813879372
467.98019801980195,0.23186181066918451
468.0,0.2331998908188769
468.019801980198,0.23430935563753622
468.03960396039605,0.23518912189852753
468.05940594059405,0.23583833693471037
468.0792079207921,0.23625637929559112
468.0990099009901,0.23644285922167782
468.1188118811881,0.23639761893317782
468.13861386138615,0.23612073273122572
468.15841584158414,0.23561250691094893
468.1782178217822,0.23487347948679163
468.1980198019802,0.2339044197313897
468.2178217821782,0.23270632753071474
468.23762376237624,0.23128043255903
468.25742574257424,0.22962819327873568
468.2772277227723,0.22775129577143544
468.2970297029703,0.22565165240840085
468.31683168316835,0.22333140037010038
468.33663366336634,0.2207929000272176
468.35643564356434,0.21803873319764938
468.3762376237624,0.21507170129768693
468.3960396039604,0.2118948234091348
468.41584158415844,0.20851133428916738
468.43564356435644,0.20492468235576022
468.45544554455444,0.20113852768910556
468.4752475247525,0.1971567400991946
468.4950495049505,0.19298339732228773
468.51485148514854,0.1886227834250535
468.53465346534654,0.18407938751644107
468.5544554455446,0.17935790289511358
468.57425742574253,0.1744632267976368
468.5940594059406,0.16940046096241862
468.61386138613864,0.16417491329259648
468.63366336633663,0.15879210099449934
468.6534653465347,0.1532577556984535
468.6732673267327,0.14757783125198054
468.6930693069307,0.14175851513747556
468.7128712871287,0.13580624484548662
468.73267326732673,0.12972773109370386
468.7524752475248,0.12352999061780849
468.7722772277228,0.11722039253615753
468.79207920792084,0.11080672427631327
468.8118811881188,0.10429728621178264
468.83168316831683,0.09770102931182122
468.8514851485148,0.09102775874166699
468.8712871287129,0.08428844125306897
468.89108910891093,0.07749568078682434
468.91089108910893,0.07066447589394
468.9306930693069,0.06381346735629284
468.9504950495049,0.05696707533086628
468.970297029703,0.05015932891139445
468.990099009901,0.043441086448970184
469.009900990099,0.036894415487840455
469.0297029702971,0.030662730721139446
469.049504950495,0.025015287724621915
469.0693069306931,0.020471529457714067
469.08910891089107,0.017914682108184664
469.1089108910891,0.018211805323692813
469.1287128712871,0.02124158149949293
469.1485148514852,0.026058226940103686
469.16831683168317,0.031846712464823054
469.18811881188117,0.03814959720181036
469.2079207920792,0.044730204364621697
469.2277227722772,0.051460908656663945
469.2475247524753,0.05826753701229952
469.26732673267327,0.06510341410268808
469.28712871287127,0.07193686695008217
469.3069306930693,0.07874488209023049
469.3267326732673,0.08550970601602902
469.34653465346537,0.09221693010878665
469.36633663366337,0.09885436344008128
469.3861386138614,0.10541134357172703
469.4059405940594,0.11187830112797416
469.4257425742574,0.11824647688376169
469.44554455445547,0.12450773353173268
469.46534653465346,0.1306544279344703
469.4851485148515,0.13667932301345795
469.5049504950495,0.14257552620638836
469.5247524752475,0.1483364460943233
469.54455445544556,0.15395576167811437
469.56435643564356,0.15942740059991875
469.5841584158416,0.16474552377761215
469.6039603960396,0.16990451469084197
469.62376237623766,0.17489897207448538
469.6435643564356,0.17972370512711203
469.66336633663366,0.18437373058623033
469.6831683168317,0.18884427119281783
469.7029702970297,0.1931307551898082
469.72277227722776,0.19722881658658956
469.74257425742576,0.20113429598589755
469.76237623762376,0.2048432418162433
469.78217821782175,0.20835191184850763
469.8019801980198,0.21165677490136972
469.82178217821786,0.21475451266058423
469.84158415841586,0.2176420215523377
469.8613861386139,0.22031641462280702
469.88118811881185,0.22277502338537125
469.9009900990099,0.22501539960419537
469.9207920792079,0.22703531698866553
469.94059405940595,0.228832772777937
469.960396039604,0.23040598919849875
469.980198019802,0.23175341478077002
470.0,0.23287372552341962
470.019801980198,0.23376582589607198
470.03960396039605,0.23442884967307198
470.05940594059405,0.23486216059248358
470.0792079207921,0.2350653528358562
470.09900990099015,0.23503825132579895
470.1188118811881,0.23478091183918115
470.13861386138615,0.23429362093541714
470.15841584158414,0.23357689569983503
470.1782178217822,0.23263148330372577
470.1980198019802,0.23145836038345258
470.21782178217825,0.23005873224239057
470.23762376237624,0.22843403188072794
470.25742574257424,0.22658591885956966
470.2772277227723,0.22451627800762247
470.2970297029703,0.22222721798038816
470.31683168316835,0.21972106968436
470.33663366336634,0.21700038458119597
470.35643564356434,0.21406793289028225
470.3762376237624,0.210926701711955
470.3960396039604,0.2075798930987785
470.41584158415844,0.20403092210835408
470.43564356435644,0.2002834148789663
470.4554455445545,0.19634120677930827
470.47524752475243,0.1922083406963093
470.4950495049505,0.18788906554153229
470.51485148514854,0.18338783507808573
470.53465346534654,0.1787093071986678
470.5544554455446,0.17385834382275972
470.5742574257426,0.16884001163220572
470.5940594059406,0.16365958393313457
470.6138613861386,0.15832254402713658
470.63366336633663,0.15283459060630947
470.6534653465347,0.14720164587198434
470.6732673267327,0.14142986734142116
470.69306930693074,0.13552566468888472
470.7128712871287,0.12949572352929103
470.73267326732673,0.12334703889215934
470.7524752475247,0.1170869624109685
470.7722772277228,0.11072326923664177
470.79207920792084,0.10426425383174977
470.81188118811883,0.09771886891862382
470.83168316831683,0.09109693039483369
470.8514851485148,0.08440942570520471
470.8712871287129,0.07766898920780224
470.8910891089109,0.07089065598637867
470.91089108910893,0.06409309724688887
470.930693069307,0.05730072360033981
470.9504950495049,0.05054742566124473
470.970297029703,0.043883560479697506
470.990099009901,0.037389700477575054
471.009900990099,0.031205016791558668
471.029702970297,0.02558692869037759
471.0495049504951,0.021024328449394215
471.0693069306931,0.01834522097470863
471.08910891089107,0.01840223574714677
471.1089108910891,0.02117217591905952
471.1287128712871,0.02578629401326642
471.1485148514852,0.03142874395938331
471.16831683168317,0.037622464333495274
471.18811881188117,0.04411645509792062
471.2079207920792,0.050774722267588786
471.2277227722772,0.057518309586490735
471.2475247524753,0.06429773294770427
471.26732673267327,0.07107960671714349
471.2871287128713,0.07783983404718364
471.30693069306926,0.08455995354671675
471.3267326732673,0.09122508129432552
471.34653465346537,0.0978227000808158
471.36633663366337,0.10434191957515856
471.3861386138614,0.11077300918680431
471.4059405940594,0.1171070946934654
471.4257425742574,0.12333595644574663
471.4455445544554,0.12945189240835775
471.46534653465346,0.13544762365444624
471.4851485148515,0.14131622829443163
471.5049504950495,0.14705109483766926
471.52475247524757,0.15264588907496113
471.5445544554455,0.15809453051842748
471.56435643564356,0.16339117569139125
471.58415841584156,0.1685302063868662
471.6039603960396,0.1735062215662936
471.62376237623766,0.17831403194690704
471.64356435643566,0.18294865658649365
471.66336633663366,0.1874053209573317
471.68316831683165,0.19167945613092827
471.7029702970297,0.19576669878872444
471.7227722772277,0.19966289184236005
471.74257425742576,0.20336408549694399
471.7623762376238,0.2068665386286168
471.78217821782175,0.21016672037532505
471.8019801980198,0.21326131186134745
471.8217821782178,0.2161472079923686
471.84158415841586,0.2188215192704903
471.86138613861385,0.22128157358839362
471.8811881188119,0.22352491796968846
471.9009900990099,0.22554932022850682
471.9207920792079,0.22735277052649028
471.94059405940595,0.2289334828091495
471.96039603960395,0.23028989610688277
471.980198019802,0.23142067568871158
472.0,0.2323247140589692
472.019801980198,0.23300113178915
472.03960396039605,0.23344927817877853
472.05940594059405,0.23366873174059677
472.0792079207921,0.23365930050688738
472.0990099009901,0.23342102215457977
472.11881188118815,0.23295416394842888
472.13861386138615,0.23225922250231976
472.15841584158414,0.2313369233600692
472.1782178217822,0.230188220398242
472.1980198019802,0.22881429505456763
472.21782178217825,0.22721655538729316
472.23762376237624,0.2253966349718165
472.25742574257424,0.22335639164301874
472.2772277227723,0.22109790609347915
472.2970297029703,0.21862348034024293
472.31683168316835,0.21593563607536692
472.33663366336634,0.2130371129190953
472.3564356435644,0.20993086659833912
472.37623762376234,0.2066200670783995
472.3960396039604,0.20310809668212107
472.41584158415844,0.19939854823866585
472.43564356435644,0.19549522331412936
472.4554455445545,0.19140213058934832
472.4752475247525,0.18712348446702726
472.4950495049505,0.1826637040120925
472.5148514851485,0.17802741235833722
472.53465346534654,0.17321943675261078
472.5544554455446,0.1682448094596104
472.5742574257426,0.1631087698201207
472.59405940594064,0.15781676785195958
472.6138613861386,0.1523744699156873
472.63366336633663,0.14678776715515768
472.65346534653463,0.1410627876889683
472.6732673267327,0.13520591391481376
472.69306930693074,0.12922380685343454
472.71287128712873,0.1231234403019973
472.73267326732673,0.1169121488465313
472.7524752475247,0.11059769576600183
472.7722772277228,0.1041883699982023
472.7920792079208,0.09769312642311571
472.81188118811883,0.0911217921768278
472.8316831683169,0.08448537618514071
472.8514851485148,0.07779654467915728
472.8712871287129,0.07107037223769928
472.8910891089109,0.06432556683213472
472.91089108910893,0.057586543603073484
472.9306930693069,0.05088708717083486
472.950495049505,0.04427713204378978
472.970297029703,0.037835958485969066
472.990099009901,0.03169905283714838
473.009900990099,0.026113602804499893
473.029702970297,0.021542201326116915
473.0495049504951,0.01876406298728348
473.0693069306931,0.018611697792042154
473.08910891089107,0.021141604828209554
473.1089108910891,0.025561164732589126
473.1287128712871,0.031060619079169228
473.1485148514852,0.037146607448045495
473.16831683168317,0.04355486392371832
473.1881188118812,0.05014135429726994
473.2079207920792,0.05682245074803506
473.2277227722772,0.06354590308293073
473.2475247524753,0.07027663140497122
473.26732673267327,0.07698946432475834
473.2871287128713,0.08366523723499401
473.3069306930693,0.090288593565778
473.3267326732673,0.09684669141912618
473.34653465346537,0.10332841355738553
473.36633663366337,0.10972386879321767
473.3861386138614,0.11602406828983398
473.4059405940594,0.12222071028267115
473.42574257425747,0.12830603395972978
473.4455445544554,0.1342727185946459
473.46534653465346,0.14011381297000866
473.4851485148515,0.1458226854900492
473.5049504950495,0.15139298868125473
473.52475247524757,0.15681863385968833
473.54455445544556,0.16209377308336154
473.56435643564356,0.16721278638855422
473.58415841584156,0.17217027289815098
473.6039603960396,0.1769610447912494
473.62376237623766,0.18158012340034246
473.64356435643566,0.1860227368968765
473.6633663366337,0.1902843191640574
473.68316831683165,0.19436050955534376
473.7029702970297,0.19824715330930254
473.7227722772277,0.20194030244486022
473.74257425742576,0.20543621700063955
473.7623762376238,0.2087313665118019
473.7821782178218,0.21182243164047876
473.8019801980198,0.21470630589304923
473.8217821782178,0.21738009737098185
473.84158415841586,0.2198411305122831
473.86138613861385,0.2220869477888743
473.8811881188119,0.2241153113315739
473.90099009900996,0.2259242044596181
473.9207920792079,0.2275118330959105
473.94059405940595,0.22887662705257117
473.96039603960395,0.23001724117406178
473.980198019802,0.23093255632786844
474.0,0.2316216802343309
474.01980198019805,0.23208394812939293
474.03960396039605,0.23231892325507245
474.05940594059405,0.23232639717438267
474.0792079207921,0.2321063899082749
474.0990099009901,0.23165914989355285
474.11881188118815,0.2309851537619286
474.13861386138615,0.23008510594145953
474.15841584158414,0.22895993808280202
474.1782178217822,0.2276108083141061
474.1980198019802,0.22603910032965094
474.21782178217825,0.22424642231886155
474.23762376237624,0.222234605744196
474.2574257425743,0.2200057039782803
474.27722772277224,0.21756199081310373
474.2970297029703,0.21490595885701347
474.31683168316835,0.21204031783838542
474.33663366336634,0.20896799283951423
474.3564356435644,0.2056921224888922
474.3762376237624,0.20221605714696816
474.3960396039604,0.1985433571283329
474.4158415841584,0.19467779101371369
474.43564356435644,0.19062333411842855
474.4554455445545,0.18638416720096115
474.4752475247525,0.18196467551780598
474.49504950495054,0.17736944836001262
474.5148514851485,0.17260327924596083
474.53465346534654,0.167671166997237
474.55445544554453,0.16257831799572722
474.5742574257426,0.15733015001708292
474.59405940594064,0.15193229817081122
474.61386138613864,0.14639062366669855
474.63366336633663,0.1407112263962854
474.65346534653463,0.13490046270651035
474.6732673267327,0.12896497031124574
474.6930693069307,0.12291170313257624
474.71287128712873,0.1167479801464168
474.7326732673268,0.11048155428875167
474.7524752475247,0.10412071060698694
474.7722772277228,0.09767440789486448
474.7920792079208,0.09115248642590165
474.81188118811883,0.08456597868034585
474.83168316831683,0.07792758506987212
474.8514851485149,0.07125242234722517
474.8712871287129,0.06455923866279417
474.8910891089109,0.057872458871266186
474.91089108910893,0.051225771662921915
474.9306930693069,0.0446687137106378
474.950495049505,0.03827934457242635
474.970297029703,0.03218969338254543
474.990099009901,0.026637464550285678
475.009900990099,0.022061154161373227
475.029702970297,0.019194766988523262
475.0495049504951,0.018847242260648097
475.0693069306931,0.021143540559626608
475.0891089108911,0.025367969176359577
475.10891089108907,0.030722344004580016
475.1287128712871,0.036698995078560434
475.1485148514852,0.04302060540260832
475.16831683168317,0.049534944774884
475.1881188118812,0.056153549148074335
475.2079207920792,0.06282128278636061
475.2277227722772,0.0695012909803066
475.2475247524752,0.07616727381723061
475.26732673267327,0.08279932674951122
475.2871287128713,0.08938159501889421
475.3069306930693,0.09590089384983527
475.3267326732674,0.1023458658376122
475.3465346534653,0.10870644931295227
475.36633663366337,0.11497353330074465
475.38613861386136,0.1211387280832335
475.4059405940594,0.1271942094607863
475.42574257425747,0.1331326112060836
475.44554455445547,0.13894694975830207
475.46534653465346,0.1446305709264974
475.48514851485146,0.1501771118920058
475.5049504950495,0.15558047401725797
475.5247524752475,0.16083480339650646
475.54455445544556,0.16593447702142045
475.5643564356436,0.17087409306201753
475.58415841584156,0.17564846418984162
475.6039603960396,0.18025261316519978
475.6237623762376,0.18468177011669232
475.64356435643566,0.18893137108825325
475.66336633663366,0.19299705753411944
475.6831683168317,0.196874676519343
475.7029702970297,0.2005602814396049
475.7227722772277,0.20405013311641285
475.74257425742576,0.20734070115501957
475.76237623762376,0.2104286654766438
475.7821782178218,0.21331091795449028
475.8019801980198,0.2159845640975605
475.8217821782178,0.21844692473692648
475.84158415841586,0.2206955376780231
475.86138613861385,0.2227281592891178
475.8811881188119,0.22454276600191422
475.9009900990099,0.22613755570423552
475.92079207920796,0.22751094900881091
475.94059405940595,0.22866159038477216
475.96039603960395,0.22958834914125495
475.980198019802,0.23029032025438564
476.0,0.23076682503091545
476.01980198019805,0.23101741160327993
476.03960396039605,0.23104185525237433
476.05940594059405,0.2308401585555042
476.0792079207921,0.23041255135844083
476.0990099009901,0.2297594905714931
476.11881188118815,0.22888165979089373
476.13861386138615,0.22777996874786688
476.1584158415842,0.22645555258924438
476.17821782178214,0.22490977099472836
476.1980198019802,0.22314420713760139
476.21782178217825,0.22116066649739802
476.23762376237624,0.21896117553514197
476.2574257425743,0.21654798024425048
476.2772277227723,0.2139235445929088
476.2970297029703,0.2110905488774847
476.3168316831683,0.20805188801058128
476.33663366336634,0.20481066977277737
476.3564356435644,0.2013702130635628
476.3762376237624,0.19773404619544896
476.39603960396045,0.19390590528548987
476.4158415841584,0.1898897328121443
476.43564356435644,0.18568967642282724
476.45544554455444,0.18131008809995455
476.4752475247525,0.1767555238234808
476.49504950495054,0.1720307439072513
476.51485148514854,0.16714071423974852
476.53465346534654,0.1620906087317697
476.55445544554453,0.1568858133718323
476.5742574257426,0.15153193242653212
476.5940594059406,0.14603479751407067
476.61386138613864,0.1404004805500801
476.63366336633663,0.13463531195560696
476.65346534653463,0.1287459060873281
476.6732673267327,0.12273919669802402
476.6930693069307,0.11662248651687919
476.71287128712873,0.11040351701487498
476.73267326732673,0.1040905675303503
476.7524752475247,0.09769259793806134
476.7722772277228,0.09121945731624757
476.7920792079208,0.08468219510829124
476.81188118811883,0.07809353584814221
476.83168316831683,0.07146862297425335
476.8514851485149,0.064826220652358
476.8712871287129,0.05819072519163202
476.8910891089109,0.05159566801849378
476.91089108910893,0.04509008956085093
476.9306930693069,0.03875067620545992
476.950495049505,0.03270579757561589
476.970297029703,0.02718356776633377
476.990099009901,0.022598993169662615
477.009900990099,0.019642748975615628
477.029702970297,0.019099010420020077
477.0495049504951,0.02115574986688864
477.0693069306931,0.02517650586893389
477.0891089108911,0.030378854166041393
477.10891089108907,0.03624150475699039
477.1287128712871,0.04247349955885902
477.1485148514852,0.0489138197768374
477.16831683168317,0.05546876812339873
477.1881188118812,0.062080077222689725
477.2079207920792,0.06870896524561308
477.2277227722772,0.07532790741509235
477.2475247524752,0.08191619653117534
477.26732673267327,0.08845743760127588
477.2871287128713,0.09493807397395826
477.3069306930693,0.1013464875458822
477.3267326732674,0.107672431274593
477.3465346534653,0.11390666100559228
477.36633663366337,0.12004069071538583
477.38613861386136,0.12606662638073685
477.4059405940594,0.13197705123034859
477.42574257425747,0.13776494534743758
477.44554455445547,0.14342362870852088
477.46534653465346,0.1489467205045994
477.48514851485146,0.15432810995852975
477.5049504950495,0.1595619353759273
477.5247524752475,0.16464256916683534
477.54455445544556,0.16956460724376662
477.5643564356436,0.17432286165617186
477.58415841584156,0.1789123556349817
477.6039603960396,0.18332832044068736
477.6237623762376,0.18756619356443469
477.64356435643566,0.1916216179436586
477.66336633663366,0.19549044193546994
477.6831683168317,0.19916871985077103
477.7029702970297,0.20265271289693812
477.7227722772277,0.20593889041006588
477.74257425742576,0.20902393128323327
477.76237623762376,0.21190472551669967
477.7821782178218,0.21457837583069034
477.8019801980198,0.21704219929324162
477.8217821782178,0.2192937289245263
477.84158415841586,0.221330715246537
477.86138613861385,0.2231511277525117
477.8811881188119,0.22475315627535744
477.9009900990099,0.22613521223802127
477.92079207920796,0.22729592977194044
477.9405940594059,0.22823416669223093
477.96039603960395,0.22894900532066206
477.980198019802,0.22943975314911635
478.0,0.22970594333818034
478.01980198019805,0.22974733504679526
478.03960396039605,0.22956391359033218
478.05940594059405,0.22915589042583678
478.07920792079204,0.22852370296424984
478.0990099009901,0.22766801421084765
478.11881188118815,0.22658971223626287
478.13861386138615,0.2252899094818879
478.1584158415842,0.22376994190483857
478.17821782178214,0.2220313679693894
478.1980198019802,0.220075967493423
478.2178217821782,0.21790574036072488
478.23762376237624,0.21552290511236613
478.2574257425743,0.2129298974333419
478.2772277227723,0.21012936855425976
478.2970297029703,0.20712418359215773
478.3168316831683,0.20391741986000103
478.33663366336634,0.2005123651810212
478.35643564356434,0.19691251625259482
478.3762376237624,0.1931215771148992
478.39603960396045,0.1891434577935057
478.4158415841584,0.18498227320257982
478.43564356435644,0.18064234241841265
478.45544554455444,0.1761281884633748
478.4752475247525,0.17144453878043978
478.4950495049505,0.16659632663214943
478.51485148514854,0.16158869373075102
478.53465346534654,0.1564269945054738
478.55445544554453,0.15111680255044105
478.5742574257426,0.14566391998924894
478.5940594059406,0.1400743907645872
478.61386138613864,0.1343545192538763
478.63366336633663,0.12851089618329983
478.65346534653463,0.122550434661326
478.6732673267327,0.1164804204320289
478.6930693069307,0.11030858241651023
478.71287128712873,0.10404319269950255
478.73267326732673,0.09769321007775877
478.7524752475248,0.0912684894486663
478.7722772277227,0.08478009311836608
478.7920792079208,0.07824076414716734
478.81188118811883,0.07166566510168226
478.83168316831683,0.06507356619669807
478.8514851485149,0.058488822825315916
478.8712871287129,0.051944796348179785
478.8910891089109,0.04549002674815882
478.9108910891089,0.03919986483576521
478.9306930693069,0.03319921456839638
478.950495049505,0.027707319433806755
478.970297029703,0.02311787147097991
478.99009900990103,0.020082167099801998
479.00990099009897,0.019358451290549087
479.029702970297,0.021186833937966866
479.049504950495,0.02500726061861489
479.0693069306931,0.030057655352051436
479.0891089108911,0.0358057249226761
479.1089108910891,0.04194756955815866
479.1287128712871,0.04831348319637072
479.1485148514851,0.05480450932990786
479.16831683168317,0.061359209970012894
479.18811881188117,0.06793684555722626
479.2079207920792,0.07450864514439978
479.2277227722773,0.08105308445432673
479.2475247524752,0.08755321846914574
479.26732673267327,0.09399511192042435
479.28712871287127,0.10036688127556413
479.3069306930693,0.1066580907288392
479.3267326732673,0.11285936046487746
479.34653465346537,0.11896210629960424
479.36633663366337,0.12495836297199416
479.38613861386136,0.13084066206841677
479.4059405940594,0.13660194644873447
479.4257425742574,0.14223550956193293
479.44554455445547,0.14773495204509318
479.46534653465346,0.15309415052025946
479.48514851485146,0.1583072351247609
479.5049504950495,0.16336857337377342
479.5247524752475,0.16827275866445515
479.54455445544556,0.17301460221349033
479.56435643564356,0.17758912755276665
479.5841584158416,0.18199156694144739
479.6039603960396,0.18621735921755558
479.6237623762376,0.19026214873156827
479.64356435643566,0.1941217850905283
479.66336633663366,0.19779232350486725
479.6831683168317,0.20127002557722345
479.7029702970297,0.20455136040784075
479.7227722772277,0.20763300591816056
479.74257425742576,0.21051185031430505
479.76237623762376,0.21318499362825452
479.7821782178218,0.21564974928661937
479.8019801980198,0.21790364566660098
479.82178217821786,0.21994442760622704
479.8415841584158,0.22177005784229903
479.86138613861385,0.2233787183539374
479.8811881188119,0.22476881159421205
479.9009900990099,0.2259389615949268
479.92079207920796,0.2268880149330485
479.94059405940595,0.22761504154903567
479.96039603960395,0.2281193354096536
479.98019801980195,0.22840041500951355
480.0,0.22845802370696655
480.019801980198,0.22829212989165656
480.03960396039605,0.22790292698223552
480.05940594059405,0.22729083325400026
480.0792079207921,0.22645649149753763
480.0990099009901,0.22540076851078225
480.11881188118815,0.22412475442826693
480.13861386138615,0.2226297618927073
480.15841584158414,0.2209173250759635
480.1782178217822,0.21898919855796925
480.1980198019802,0.21684735607468836
480.21782178217825,0.2144939891483468
480.23762376237624,0.21193150561656957
480.25742574257424,0.20916252808034402
480.2772277227723,0.20618989229534615
480.2970297029703,0.2030166455366745
480.31683168316835,0.1996460449736109
480.33663366336634,0.1960815560999587
480.3564356435644,0.19232685127601443
480.3762376237624,0.1883858084523446
480.3960396039604,0.18426251016338713
480.41584158415844,0.1799612429022813
480.43564356435644,0.1754864970189244
480.4554455445545,0.1708429673238196
480.4752475247525,0.16603555463475472
480.49504950495043,0.16106936857652718
480.51485148514854,0.15594973204441143
480.53465346534654,0.1506821878803796
480.5544554455446,0.14527250850468817
480.5742574257426,0.13972670951943827
480.59405940594064,0.13405106869398767
480.61386138613864,0.12825215231502768
480.6336633663366,0.12233685173184716
480.6534653465347,0.11631243420408637
480.6732673267327,0.11018661411775127
480.69306930693074,0.10396765370216281
480.71287128712873,0.09766450729000062
480.7326732673267,0.09128703121645108
480.7524752475248,0.08484629501976348
480.7722772277227,0.07835505313269091
480.79207920792084,0.07182847837054904
480.81188118811883,0.06528533654366582
480.8316831683169,0.058749931427715986
480.8514851485149,0.052255448237521
480.8712871287128,0.04584994043956999
480.89108910891093,0.03960750421618767
480.9108910891089,0.033649868905403814
480.930693069307,0.028188328910040816
480.950495049505,0.023597810926133278
480.9702970297029,0.020494910839152343
480.99009900990103,0.019612277962793398
481.00990099009897,0.021231172316867955
481.0297029702971,0.024861833830272857
481.049504950495,0.029765629089617038
481.06930693069313,0.035402249894516166
481.0891089108911,0.0414561212437896
481.10891089108907,0.0477493289099605
481.1287128712872,0.054177855195596474
481.1485148514851,0.060677185637337316
481.1683168316832,0.06720467393895219
481.18811881188117,0.07373033358027133
481.20792079207916,0.08023184298415797
481.2277227722773,0.08669172059041272
481.2475247524752,0.09309566206778283
481.2673267326733,0.09943152542300678
481.28712871287127,0.1056886912845469
481.3069306930694,0.1118576481219597
481.3267326732673,0.11792971663019126
481.3465346534653,0.1238968626808862
481.3663366336634,0.12975156808658872
481.38613861386136,0.13548673997086655
481.4059405940595,0.14109564644935949
481.4257425742574,0.14657187057274468
481.4455445544554,0.15190927715326552
481.46534653465346,0.15710198881295687
481.48514851485146,0.16214436871709084
481.50495049504957,0.16703100820793684
481.5247524752475,0.1717567180638962
481.5445544554456,0.17631652246144122
481.56435643564356,0.1807056549629727
481.58415841584156,0.18491955602883317
481.6039603960396,0.18895387167677347
481.6237623762376,0.1928044530034087
481.6435643564357,0.19646735634913895
481.66336633663366,0.19993884393764716
481.68316831683165,0.20321538485830523
481.7029702970297,0.20629365628816304
481.7227722772277,0.20917054487142256
481.74257425742576,0.21184314819127836
481.76237623762376,0.21430877628154055
481.78217821782187,0.21656495313576107
481.8019801980198,0.21860941817951154
481.8217821782178,0.2204401276778689
481.84158415841586,0.22205525605524856
481.86138613861385,0.2234531971089137
481.8811881188119,0.224632565101007
481.9009900990099,0.22559219571664535
481.9207920792079,0.226331146878216
481.94059405940595,0.2268486994079437
481.96039603960395,0.22714435753264114
481.980198019802,0.22721784922625438
482.0,0.2270691263870706
482.01980198019805,0.22669836484814454
482.03960396039605,0.22610596422044651
482.05940594059405,0.22529254756992959
482.0792079207921,0.2242589609307442
482.0990099009901,0.22300627265838152
482.11881188118815,0.22153577262807547
482.13861386138615,0.21984897128534028
482.1584158415841,0.21794759855758614
482.1782178217822,0.2158336026377686
482.1980198019802,0.21350914865376405
482.21782178217825,0.2109766172401611
482.23762376237624,0.2082386030327602
482.2574257425743,0.20529791311077336
482.2772277227723,0.20215756541712412
482.29702970297024,0.19882078719420954
482.31683168316835,0.19529101348124542
482.33663366336634,0.1915718857302361
482.3564356435644,0.18766725061177852
482.3762376237624,0.18358115910015135
482.39603960396033,0.17931786595053284
482.41584158415844,0.17488182971255534
482.4356435643564,0.1702777134650486
482.4554455445545,0.16551038651218256
482.4752475247525,0.16058492735480037
482.49504950495054,0.15550662835216417
482.51485148514854,0.15028100262867275
482.5346534653465,0.14491379397458978
482.5544554455446,0.13941099076527536
482.57425742574253,0.13377884531733125
482.59405940594064,0.12802390067389072
482.61386138613864,0.12215302765797427
482.6336633663366,0.11617347630569692
482.6534653465347,0.11009294773912287
482.6732673267326,0.10391969558070366
482.69306930693074,0.09766267086718425
482.7128712871287,0.09133173235930245
482.7326732673268,0.08493795746458811
482.7524752475248,0.07849411198796993
482.7722772277227,0.07201537787776317
482.79207920792084,0.0655205135313497
482.8118811881188,0.059033765010002466
482.8316831683169,0.05258813063093813
482.8514851485148,0.04623116101832067
482.8712871287128,0.04003568080405578
482.89108910891093,0.0341202596152382
482.9108910891089,0.02868842279413379
482.930693069307,0.024097050919391325
482.9504950495049,0.020929427428409104
482.97029702970303,0.01989154762226415
482.990099009901,0.02130022881355963
483.00990099009897,0.02473574828468148
483.0297029702971,0.02948711125428266
483.049504950495,0.03500784150441378
483.06930693069313,0.04097071041641676
483.08910891089107,0.04718921984050694
483.10891089108907,0.053553960952733175
483.1287128712871,0.05999711422694213
483.1485148514851,0.06647397611550145
483.1683168316832,0.07295324538481598
483.18811881188117,0.07941173670017444
483.2079207920793,0.0858313863688524
483.2277227722772,0.0921974889574745
483.2475247524752,0.09849762096308513
483.26732673267327,0.10472096249893091
483.28712871287127,0.11085785759991329
483.3069306930694,0.11689952211492205
483.3267326732673,0.12283784548463382
483.3465346534653,0.12866525377267207
483.36633663366337,0.13437461357846683
483.38613861386136,0.13995916379788517
483.4059405940594,0.14541246670328423
483.4257425742574,0.15072837264781624
483.4455445544555,0.1559009945185
483.46534653465346,0.1609246892553942
483.48514851485146,0.16579404454994823
483.5049504950495,0.1705038693758717
483.5247524752475,0.17504918737820122
483.54455445544556,0.17942523240653652
483.56435643564356,0.1836274456631143
483.58415841584156,0.1876514740688444
483.6039603960396,0.19149316954648757
483.6237623762376,0.1951485889910193
483.64356435643566,0.19861399474944638
483.66336633663366,0.20188585547170806
483.6831683168317,0.2049608472239613
483.7029702970297,0.20783585477819735
483.7227722772277,0.210507973009742
483.74257425742576,0.21297450834753368
483.76237623762376,0.21523298023280857
483.7821782178218,0.21728112255037663
483.8019801980198,0.21911688500293744
483.8217821782178,0.22073843440482235
483.84158415841586,0.22214415587541883
483.86138613861385,0.2233326539165
483.8811881188119,0.2243027533604049
483.9009900990099,0.22505350017873996
483.92079207920796,0.22558416214332752
483.94059405940595,0.22589422933289693
483.96039603960395,0.2259834144809995
483.980198019802,0.22585165316178218
484.0,0.2254991038119022
484.01980198019805,0.22492614758821258
484.03960396039605,0.22413338806204194
484.05940594059405,0.2231216507525032
484.0792079207921,0.2218919825024798
484.0990099009901,0.2204456507026024
484.11881188118815,0.21878414237026148
484.13861386138615,0.21690916309260297
484.1584158415842,0.2148226358446151
484.1782178217822,0.2125266996961898
484.1980198019802,0.21002370842502902
484.21782178217825,0.207316229056057
484.23762376237624,0.20440704035262375
484.2574257425743,0.20129913129033433
484.2772277227723,0.19799569955147805
484.29702970297024,0.19450015008679017
484.31683168316835,0.190816093802406
484.33663366336634,0.1869473464442882
484.3564356435644,0.18289792777065048
484.3762376237624,0.17867206112692663
484.39603960396045,0.17427417356910704
484.41584158415844,0.16970889672265618
484.4356435643564,0.16498106861987893
484.4554455445545,0.16009573683288472
484.4752475247525,0.1550581633213047
484.49504950495054,0.14987383155415088
484.51485148514854,0.14454845666050845
484.5346534653465,0.13908799963991822
484.5544554455446,0.1334986870581538
484.57425742574253,0.12778703822736526
484.59405940594064,0.12195990271497023
484.61386138613864,0.11602451229316924
484.6336633663367,0.10998855337692058
484.6534653465347,0.10386026901344479
484.6732673267326,0.09764860428589202
484.69306930693074,0.09136341681413047
484.7128712871287,0.08501578710942459
484.7326732673268,0.07861848601342489
484.7524752475248,0.07218669626901766
484.7722772277227,0.06573915814065731
484.79207920792084,0.05930004697652544
484.8118811881188,0.05290216088227648
484.8316831683169,0.04659254216055923
484.8514851485148,0.04044277413129857
484.87128712871294,0.034568422214585955
484.89108910891093,0.029165792645800007
484.9108910891089,0.024575313201127057
484.930693069307,0.0213500253511073
484.9504950495049,0.020169968216091686
484.97029702970303,0.021380338574462667
484.990099009901,0.02462654773161483
485.00990099009897,0.029227568660698144
485.0297029702971,0.034633251629267926
485.049504950495,0.04050566275482291
485.06930693069313,0.046649976120834706
485.08910891089107,0.05295144431982894
485.1089108910892,0.05933894510625743
485.1287128712871,0.0657657105583925
485.1485148514851,0.07219911776857722
485.1683168316832,0.07861511249822187
485.18811881188117,0.08499504540574396
485.2079207920793,0.0913238076075491
485.2277227722772,0.09758869252160261
485.2475247524752,0.10377867868167046
485.26732673267327,0.10988396494839835
485.28712871287127,0.11589566179362598
485.3069306930694,0.12180558183071254
485.3267326732673,0.12760609506571607
485.3465346534654,0.13329002732346834
485.36633663366337,0.13885058806904432
485.38613861386136,0.14428131861333598
485.4059405940594,0.14957605468795945
485.4257425742574,0.15472889929894124
485.4455445544555,0.15973420302918112
485.46534653465346,0.16458654980019777
485.48514851485146,0.16928074667417542
485.5049504950495,0.17381181667016826
485.5247524752475,0.17817499384289928
485.54455445544556,0.18236572006737892
485.56435643564356,0.18637964311186545
485.58415841584167,0.19021261568334774
485.6039603960396,0.19386069520382618
485.6237623762376,0.19732014413092866
485.64356435643566,0.2005874306777008
485.66336633663366,0.20365922981761853
485.6831683168317,0.20653242448470657
485.7029702970297,0.20920410689694438
485.7227722772277,0.21167157994547298
485.74257425742576,0.21393235860310283
485.76237623762376,0.21598417131461253
485.7821782178218,0.21782496133814713
485.8019801980198,0.2194528880128628
485.82178217821786,0.22086632793231198
485.84158415841586,0.22206387600704455
485.86138613861385,0.22304434640287657
485.8811881188119,0.22380677334386379
485.9009900990099,0.22435041177151274
485.92079207920796,0.22467473785330122
485.94059405940595,0.22477944933572813
485.9603960396039,0.22466446573842805
485.980198019802,0.22432992838735255
486.0,0.22377620028662257
486.01980198019805,0.2230038658297626
486.03960396039605,0.2220137303526978
486.0594059405941,0.22080681953212228
486.0792079207921,0.2193843786346685
486.09900990099004,0.21774787162384493
486.11881188118815,0.21589898013383443
486.13861386138615,0.21383960232142227
486.1584158415842,0.21157185161002576
486.1782178217822,0.20909805534299203
486.19801980198014,0.20642075336698007
486.21782178217825,0.20354269657123497
486.2376237623762,0.20046684541384016
486.2574257425743,0.19719636847350572
486.2772277227723,0.1937346410742561
486.29702970297035,0.19008524404167837
486.31683168316835,0.18625196266387548
486.3366336633663,0.18223878594883133
486.3564356435644,0.1780499062941116
486.37623762376234,0.17368971971638233
486.39603960396045,0.16916282683008985
486.41584158415844,0.1644740348204554
486.4356435643564,0.15962836073099315
486.4554455445545,0.15463103648828164
486.47524752475243,0.1494875162272822
486.49504950495054,0.1442034866768387
486.5148514851485,0.1387848816412036
486.5346534653466,0.133237902008557
486.5544554455446,0.1275690432896905
486.57425742574253,0.12178513353268727
486.59405940594064,0.11589338571963854
486.6138613861386,0.1099014706726322
486.6336633663367,0.10381761947986128
486.65346534653463,0.09765076918905416
486.6732673267326,0.09141077320654006
486.69306930693074,0.08510871065010084
486.7128712871287,0.07875735082728297
486.7326732673268,0.07237186765686796
486.7524752475247,0.06597096915417316
486.7722772277227,0.0595787392668088
486.7920792079208,0.05322774601235877
486.8118811881188,0.046964482393332015
486.8316831683169,0.04085924305176141
486.8514851485148,0.03502456945021876
486.87128712871294,0.029649692794722092
486.8910891089109,0.025059278370012265
486.9108910891089,0.021777687841338066
486.9306930693069,0.02045919522254799
486.9504950495049,0.02147295201395076
486.97029702970303,0.024527433503715168
486.990099009901,0.028974382596904293
487.00990099009897,0.03426189878999137
487.029702970297,0.04004165644000146
487.049504950495,0.04611031046660453
487.0693069306931,0.052347548877998494
487.08910891089107,0.058678779671533975
487.1089108910892,0.06505505889630454
487.1287128712871,0.07144236867366921
487.1485148514851,0.07781573729252055
487.16831683168317,0.08415589695365518
487.18811881188117,0.09044731265743511
487.2079207920792,0.09667697872252891
487.2277227722772,0.10283366052761948
487.2475247524752,0.10890740321936762
487.26732673267327,0.11488920546936762
487.28712871287127,0.12077079814522472
487.3069306930693,0.12654449136685145
487.3267326732673,0.13220306715907623
487.34653465346537,0.13773970313272765
487.36633663366337,0.14314791767202442
487.38613861386136,0.14842153027604538
487.4059405940594,0.1535546327366294
487.4257425742574,0.15854156816732443
487.44554455445547,0.16337691578576247
487.46534653465346,0.1680554799544264
487.48514851485146,0.172572282398934
487.5049504950495,0.1769225568130664
487.5247524752475,0.18110174526460707
487.54455445544556,0.18510549596336326
487.56435643564356,0.18892966205927178
487.5841584158416,0.19257030121696755
487.6039603960396,0.19602367577087262
487.6237623762376,0.1992862533088859
487.64356435643566,0.20235470756486498
487.66336633663366,0.20522591952574062
487.6831683168317,0.20789697867797954
487.7029702970297,0.2103651843331678
487.7227722772277,0.21262804698424967
487.74257425742576,0.21468328965304512
487.76237623762376,0.21652884919713497
487.7821782178218,0.21816287754993766
487.8019801980198,0.21958374287284607
487.82178217821786,0.22079003060197078
487.84158415841586,0.22178054437531186
487.86138613861385,0.2225543068291952
487.8811881188119,0.223110560254633
487.9009900990099,0.22344876710686476
487.92079207920796,0.22356861036265524
487.94059405940595,0.22346999372182572
487.9603960396039,0.22315304165085678
487.980198019802,0.2226180992680241
488.0,0.22186573207067
488.01980198019805,0.2208967255069069
488.03960396039605,0.21971208439544168
488.0594059405941,0.21831303219886905
488.0792079207921,0.21670101015739432
488.09900990099004,0.21487767629231297
488.11881188118815,0.21284490429045236
488.13861386138615,0.21060478228378124
488.1584158415842,0.20815961154154075
488.1782178217822,0.20551190509601186
488.19801980198014,0.2026643863278656
488.21782178217825,0.19961998754281432
488.2376237623762,0.19638184857838334
488.2574257425743,0.19295331548887662
488.2772277227723,0.18933793936781987
488.29702970297035,0.18553947538199325
488.31683168316835,0.18156188210962465
488.3366336633663,0.1774093213001408
488.3564356435644,0.17308615820433682
488.37623762376234,0.16859696266623306
488.39603960396045,0.16394651122389448
488.41584158415844,0.15913979054227884
488.4356435643564,0.15418200260370837
488.4554455445545,0.1490785722231156
488.47524752475243,0.14383515765169305
488.49504950495054,0.13845766530917064
488.5148514851485,0.13295227007996072
488.5346534653466,0.12732544317940905
488.5544554455446,0.1215839904357487
488.57425742574253,0.11573510508677891
488.59405940594064,0.1097864410957101
488.6138613861386,0.10374621594446824
488.6336633663367,0.09762335653673179
488.65346534653463,0.09142770941134525
488.6732673267326,0.08517034902588588
488.69306930693074,0.0788640392773003
488.7128712871287,0.07252394098147492
488.7326732673268,0.0661687259683193
488.7524752475247,0.059822385305720295
488.77227722772284,0.05351726352532863
488.7920792079208,0.04729933381974328
488.8118811881188,0.04123769399176396
488.8316831683169,0.035442122070659256
488.8514851485148,0.03009548126205655
488.87128712871294,0.025508424955413656
488.8910891089109,0.02217980327520048
488.9108910891089,0.020739441090179066
488.9306930693069,0.021573932915429504
488.9504950495049,0.024447985437106422
488.97029702970303,0.028746833618935142
488.990099009901,0.03391949231558723
489.0099009900991,0.03960871806918027
489.029702970297,0.04560326122509635
489.049504950495,0.05177750247178911
489.0693069306931,0.05805349873414255
489.08910891089107,0.06438019144798023
489.1089108910892,0.07072220296038875
489.1287128712871,0.07705366595705776
489.1485148514851,0.08335470862366391
489.16831683168317,0.08960937982568067
489.18811881188117,0.09580438192014684
489.2079207920792,0.10192827237043145
489.2277227722772,0.10797094653557447
489.24752475247533,0.1139232942779872
489.26732673267327,0.11977696702918807
489.28712871287127,0.12552421682690693
489.3069306930693,0.1311577833189987
489.3267326732673,0.13667081339457302
489.34653465346537,0.14205680342004792
489.36633663366337,0.1473095573974118
489.38613861386136,0.15242315650457772
489.4059405940594,0.1573919368802587
489.4257425742574,0.16221047345014022
489.44554455445547,0.16687356822430194
489.46534653465346,0.17137624193221263
489.4851485148515,0.17571372816545608
489.5049504950495,0.17988146941427569
489.5247524752475,0.1838751145382032
489.54455445544556,0.18769051732312175
489.56435643564356,0.1913237358591872
489.5841584158416,0.1947710325348174
489.6039603960396,0.1980288744876906
489.62376237623755,0.2010939343877932
489.64356435643566,0.20396309145395503
489.66336633663366,0.2066334326254599
489.6831683168317,0.20910225382582234
489.7029702970297,0.21136706126820623
489.72277227722776,0.2134255727614159
489.74257425742576,0.21527571898324346
489.7623762376237,0.21691564469400365
489.7821782178218,0.21834370986803528
489.8019801980198,0.21955849072516798
489.82178217821786,0.22055878064743953
489.84158415841586,0.22134359096916523
489.8613861386138,0.22191215163098316
489.8811881188119,0.22226391169048482
489.90099009900985,0.22239853968400625
489.92079207920796,0.22231592383564494
489.94059405940595,0.22201617211141286
489.960396039604,0.22149961211754535
489.980198019802,0.220766790843858
489.99999999999994,0.2198184742540618
490.01980198019805,0.2186556467269385
490.039603960396,0.21727951035352228
490.0594059405941,0.21569148409756964
490.0792079207921,0.21389320282836438
490.09900990099004,0.21188651623748453
490.11881188118815,0.2096734876537364
490.1386138613861,0.20725639277377475
490.1584158415842,0.2046377183298597
490.17821782178214,0.2018201607209842
490.19801980198025,0.19880662463937948
490.21782178217825,0.1956002217318398
490.2376237623762,0.19220426934436186
490.2574257425743,0.18862228941013684
490.27722772277224,0.18485800755581766
490.29702970297035,0.18091535251970642
490.3168316831683,0.1767984560003388
490.3366336633663,0.17251165308593797
490.3564356435644,0.1680594834576354
490.37623762376234,0.16344669361594974
490.39603960396045,0.15867824045594117
490.4158415841584,0.1537592966196078
490.4356435643565,0.14869525819593285
490.45544554455444,0.14349175553573304
490.47524752475243,0.13815466822539219
490.49504950495054,0.13269014565761927
490.5148514851485,0.12710463520722143
490.5346534653466,0.12140492085505603
490.55445544554453,0.11559817634844247
490.57425742574253,0.10969203887521618
490.5940594059406,0.10369471214881437
490.6138613861386,0.09761511241069236
490.6336633663367,0.09146307829488905
490.65346534653463,0.08524967779955456
490.67326732673274,0.07898766648803372
490.6930693069307,0.07269218749199077
490.7128712871287,0.06638186945060918
490.73267326732673,0.06008060011897741
490.7524752475247,0.05382048570490422
490.77227722772284,0.04764696072714225
490.7920792079208,0.04162791007662974
490.8118811881188,0.03587036568482728
490.83168316831683,0.03055097892289469
490.8514851485148,0.025966956110471517
490.8712871287129,0.022592816346447095
490.8910891089109,0.021034143405394567
490.910891089109,0.02169146746246925
490.9306930693069,0.024383351502893107
490.9504950495049,0.02853068749611803
490.970297029703,0.03358543554082853
490.990099009901,0.03918193985814389
491.009900990099,0.04510093372766203
491.029702970297,0.051211283088883446
491.049504950495,0.05743152552764986
491.0693069306931,0.06370837033727036
491.08910891089107,0.07000500083844206
491.1089108910891,0.0762946005947417
491.1287128712871,0.08255665708882325
491.1485148514852,0.08877477739574652
491.16831683168317,0.09493535358639056
491.18811881188117,0.10102672184452874
491.2079207920792,0.10703861779914484
491.2277227722772,0.11296181496772441
491.2475247524753,0.11878787953449287
491.26732673267327,0.12450900090172
491.28712871287127,0.1301178727201532
491.3069306930693,0.13560760824037693
491.3267326732673,0.14097167943248648
491.34653465346537,0.14620387284071432
491.36633663366337,0.15129825739739972
491.3861386138614,0.15624916089730484
491.4059405940594,0.16105115281713953
491.4257425742574,0.16569903183136223
491.44554455445547,0.17018781683396444
491.46534653465346,0.17451274059579402
491.4851485148515,0.17866924541349638
491.5049504950495,0.18265298026830404
491.5247524752475,0.18645979913040575
491.54455445544556,0.19008576013092432
491.56435643564356,0.1935271253871822
491.5841584158416,0.19678036131479443
491.6039603960396,0.19984213929615394
491.62376237623766,0.2027093366021416
491.64356435643566,0.20537903748534386
491.66336633663366,0.20784853437899412
491.6831683168317,0.21011532914904857
491.7029702970297,0.2121771343564527
491.72277227722776,0.21403187449517383
491.74257425742576,0.21567768717739846
491.7623762376237,0.21711292424308828
491.7821782178218,0.21833615277489551
491.8019801980198,0.21934615600320803
491.82178217821786,0.22014193408894547
491.84158415841586,0.22072270477424263
491.8613861386139,0.22108790389340138
491.8811881188119,0.22123718573827036
491.90099009900985,0.22117042327410147
491.92079207920796,0.2208877082034024
491.94059405940595,0.2203893508768706
491.960396039604,0.21967588005201136
491.980198019802,0.21874804250150545
491.99999999999994,0.2176068024750128
492.01980198019805,0.21625334101967697
492.039603960396,0.2146890551665428
492.0594059405941,0.2129155569921427
492.0792079207921,0.2109346725668593
492.09900990099015,0.20874844080442356
492.11881188118815,0.206359112230328
492.1386138613861,0.2037691476908249
492.1584158415842,0.20098121702891245
492.17821782178214,0.19799819775989555
492.19801980198025,0.19482317378623507
492.21782178217825,0.19145943420083547
492.2376237623762,0.18791047223941934
492.2574257425743,0.18417998445769462
492.27722772277224,0.18027187022805338
492.29702970297035,0.17619023167527378
492.3168316831683,0.17193937420321803
492.3366336633664,0.16752380780709256
492.3564356435644,0.1629482494226927
492.37623762376234,0.15821762664042205
492.39603960396045,0.15333708321535297
492.4158415841584,0.14831198694676687
492.4356435643565,0.14314794069761666
492.45544554455444,0.1378507976011056
492.47524752475243,0.13242668189527285
492.49504950495054,0.12688201739413876
492.5148514851485,0.12122356643515687
492.5346534653466,0.11545848337922428
492.55445544554453,0.10959438861099349
492.57425742574264,0.10363947187390055
492.5940594059406,0.09760263831757564
492.6138613861386,0.09149371794505211
492.6336633663367,0.0853237711912314
492.65346534653463,0.0791055437240598
492.67326732673274,0.07285415893661266
492.6930693069307,0.06658819987424092
492.7128712871287,0.06033144892258112
492.73267326732673,0.05411577454262769
492.7524752475247,0.047986082600144406
492.77227722772284,0.04200908422519912
492.7920792079208,0.03628918955552719
492.8118811881189,0.03099719895090908
492.83168316831683,0.026417800357035965
492.8514851485148,0.023002896253838813
492.8712871287129,0.021334496197574493
492.8910891089109,0.021823019429376415
492.910891089109,0.02433660779537823
492.9306930693069,0.028332885939699147
492.9504950495049,0.03326906527420333
492.970297029703,0.03877212094483748
492.990099009901,0.04461502803666516
493.009900990099,0.050661146357725416
493.029702970297,0.05682545002776457
493.04950495049513,0.06305237221915551
493.0693069306931,0.06930362333748058
493.08910891089107,0.07555141340936389
493.1089108910891,0.08177457188067165
493.1287128712871,0.08795625166670865
493.1485148514852,0.09408252560724006
493.16831683168317,0.10014150202904577
493.18811881188117,0.10612275190756848
493.2079207920792,0.1120169286636186
493.2277227722772,0.11781551032549273
493.2475247524753,0.12351062136784563
493.26732673267327,0.12909490761030706
493.2871287128713,0.13456144717700808
493.3069306930693,0.1399036864193148
493.3267326732673,0.14511539340840146
493.34653465346537,0.15019062397967536
493.36633663366337,0.15512369686459385
493.3861386138614,0.15990917547935682
493.4059405940594,0.16454185464070428
493.42574257425736,0.16901675096042662
493.44554455445547,0.1733290960063542
493.46534653465346,0.17747433155513753
493.4851485148515,0.18144810643241288
493.5049504950495,0.1852462745591576
493.52475247524757,0.18886489391337855
493.54455445544556,0.19230022618312592
493.5643564356435,0.1955487369369207
493.5841584158416,0.1986070961752072
493.6039603960396,0.20147217915537433
493.62376237623766,0.20414106740485302
493.64356435643566,0.20661104985390003
493.6633663366336,0.2088796240330139
493.6831683168317,0.21094449729055498
493.70297029702965,0.21280358799435695
493.72277227722776,0.2144550266879159
493.74257425742576,0.21589715717711921
493.7623762376238,0.217128537527942
493.7821782178218,0.21814794095913895
493.80198019801975,0.21895435661710136
493.82178217821786,0.2195469902225891
493.8415841584158,0.21992526458134165
493.8613861386139,0.22008881995249355
493.8811881188119,0.22003751427057391
493.90099009900985,0.2197714232184678
493.92079207920796,0.21929084015026296
493.9405940594059,0.21859627586454605
493.960396039604,0.21768845823000058
493.98019801980195,0.21656833166710682
494.00000000000006,0.21523705649115574
494.01980198019805,0.21369600812379208
494.039603960396,0.2119467761823837
494.0594059405941,0.20999116345893556
494.07920792079204,0.20783118480313087
494.09900990099015,0.20546906592725522
494.1188118811881,0.20290724215502678
494.1386138613861,0.20014835714101445
494.1584158415842,0.19719526159349401
494.17821782178214,0.19405101204093775
494.19801980198025,0.190718869691694
494.2178217821782,0.18720229944829003
494.2376237623763,0.18350496915257963
494.25742574257424,0.17963074915755065
494.27722772277224,0.17558371234618764
494.29702970297035,0.1713681347507097
494.3168316831683,0.16698849696825516
494.3366336633664,0.16244948662617395
494.35643564356434,0.1577560022267282
494.37623762376234,0.15291315880486275
494.3960396039604,0.1479262959749154
494.4158415841584,0.14280098913944295
494.4356435643565,0.13754306490960422
494.45544554455444,0.13215862217941113
494.47524752475255,0.12665406086169162
494.4950495049505,0.12103612111994998
494.5148514851485,0.11531193715759129
494.53465346534654,0.10948911147962903
494.55445544554453,0.10357581839388658
494.57425742574264,0.09758094999597657
494.5940594059406,0.09151432506367309
494.6138613861386,0.0853869930784159
494.63366336633663,0.07921168544684339
494.65346534653463,0.07300350033664803
494.6732673267327,0.06678096863443798
494.6930693069307,0.06056776037517245
494.7128712871288,0.05439550134249154
494.73267326732673,0.048308573416598305
494.7524752475247,0.0423725499586116
494.7722772277228,0.036689347426504135
494.7920792079208,0.031424296592570476
494.81188118811883,0.02685055458986216
494.83168316831683,0.023399301820054612
494.8514851485148,0.021630209012591866
494.8712871287129,0.021960257333975785
494.8910891089109,0.024302310819958924
494.91089108910893,0.028150630957783685
494.9306930693069,0.032969615068567805
494.950495049505,0.038380010749073754
494.970297029703,0.0441474494342621
494.990099009901,0.050129908857706094
495.009900990099,0.0562388314021021
495.029702970297,0.062416379383503216
495.0495049504951,0.06862278892300827
495.0693069306931,0.0748292941122736
495.08910891089107,0.0810140643225405
495.1089108910891,0.08715979682958926
495.1287128712871,0.09325224422504555
495.1485148514852,0.09927928629094113
495.16831683168317,0.10523032888149932
495.1881188118812,0.1110959049955429
495.2079207920792,0.11686740427072698
495.2277227722772,0.12253688607650456
495.2475247524753,0.1280969482597208
495.26732673267327,0.13354063369928584
495.2871287128713,0.1388613630241948
495.3069306930693,0.1440528857395817
495.3267326732673,0.14910924449937538
495.34653465346537,0.15402474889446963
495.36633663366337,0.15879395621053602
495.3861386138614,0.16341165734411042
495.4059405940594,0.16787286657038333
495.42574257425747,0.17217281420856498
495.44554455445547,0.17630694147927448
495.46534653465346,0.18027089702688373
495.4851485148515,0.18406053470853784
495.5049504950495,0.18767191234624195
495.52475247524757,0.19110129120827887
495.54455445544556,0.1943451360384394
495.5643564356435,0.19740011549100864
495.5841584158416,0.20026310285947285
495.6039603960396,0.20293117700984617
495.62376237623766,0.20540162344757013
495.64356435643566,0.20767193546058257
495.6633663366337,0.20973981529235003
495.6831683168317,0.21160317530730513
495.70297029702965,0.21326013911800315
495.72277227722776,0.2147090426491152
495.74257425742576,0.21594843511784792
495.7623762376238,0.21697707991424622
495.7821782178218,0.21779395536798735
495.80198019801975,0.21839825539104593
495.82178217821786,0.21878938998771696
495.8415841584158,0.21896698562586248
495.8613861386139,0.21893088546479111
495.8811881188119,0.21868114943697614
495.90099009900996,0.21821805418250942
495.92079207920796,0.21754209283652445
495.9405940594059,0.21665397467170172
495.960396039604,0.21555462459927952
495.98019801980195,0.21424518253397956
496.00000000000006,0.2127270026300114
496.01980198019805,0.21100165239752283
496.039603960396,0.20907091171129755
496.0594059405941,0.20693677172629957
496.07920792079204,0.20460143371817213
496.09900990099015,0.2020673078707352
496.1188118811881,0.1993370120374991
496.1386138613862,0.1964133705103082
496.1584158415842,0.19329941283575225
496.17821782178214,0.18999837272927309
496.19801980198025,0.18651368714901645
496.2178217821782,0.18284899560630408
496.2376237623763,0.17900813980924052
496.25742574257424,0.17499516376095747
496.27722772277224,0.17081431446674294
496.29702970297035,0.16647004344752675
496.3168316831683,0.16196700931432684
496.3366336633664,0.1573100817351545
496.35643564356434,0.152504347229837
496.37623762376245,0.14755511737063187
496.3960396039604,0.14246794016332182
496.4158415841584,0.13724861565964655
496.4356435643565,0.1319032172429434
496.45544554455444,0.12643812059178905
496.47524752475255,0.12086004314720748
496.4950495049505,0.11517609812541844
496.5148514851485,0.10939386895204982
496.53465346534654,0.10352151280820039
496.55445544554453,0.0975679063857137
496.57425742574264,0.09154285399649285
496.5940594059406,0.08545738971349746
496.6138613861387,0.07932422456339708
496.63366336633663,0.07315842309386086
496.65346534653463,0.06697845256957469
496.6732673267327,0.060807855257310715
496.6930693069307,0.054677994375196465
496.7128712871288,0.04863270499647972
496.73267326732673,0.042736406031975635
496.7524752475247,0.03708854295140258
496.7722772277228,0.031849140763981994
496.7920792079208,0.02728037633125456
496.81188118811883,0.023793901330053376
496.83168316831683,0.021927912567230062
496.8514851485148,0.022103784173025248
496.8712871287129,0.024275960357751945
496.8910891089109,0.027975749223188892
496.91089108910893,0.032676408990969665
496.9306930693069,0.03799323303243706
496.950495049505,0.043684640492853616
496.970297029703,0.04960316629471239
496.990099009901,0.055656638136445856
497.009900990099,0.06178488169133441
497.029702970297,0.06794661256093426
497.0495049504951,0.07411205741255504
497.0693069306931,0.08025870410413172
497.089108910891,0.08636877949735544
497.1089108910891,0.09242770557525128
497.1287128712871,0.09842312616775008
497.1485148514852,0.10434427660551271
497.16831683168317,0.11018156544750085
497.1881188118812,0.11592629089523933
497.2079207920792,0.12157044486257249
497.22772277227716,0.12710657537859496
497.2475247524753,0.13252768860577263
497.26732673267327,0.1378271782604965
497.2871287128713,0.14299877430647306
497.3069306930693,0.14803650540766353
497.32673267326726,0.1529346713378674
497.34653465346537,0.15768782268167242
497.3663366336633,0.1622907459313564
497.3861386138614,0.1667384526133844
497.4059405940594,0.17102617144690158
497.42574257425747,0.17514934279714475
497.44554455445547,0.17910361487323076
497.4653465346534,0.1828848412546031
497.4851485148515,0.18648907942943532
497.50495049504946,0.189912590101068
497.52475247524757,0.19315183707344838
497.54455445544556,0.19620348756746175
497.5643564356435,0.19906441285157317
497.5841584158416,0.20173168909392034
497.60396039603955,0.20420259836211518
497.62376237623766,0.20647462971089023
497.6435643564356,0.2085454803096985
497.6633663366337,0.2104130565711422
497.6831683168317,0.21207547524841866
497.70297029702965,0.21353106447595224
497.72277227722776,0.2147783647319559
497.7425742574257,0.21581612970577121
497.7623762376238,0.21664332705614261
497.78217821782175,0.21725913904917937
497.80198019801975,0.21766296306745112
497.82178217821786,0.21785441198346628
497.8415841584158,0.21783331439293044
497.8613861386139,0.2175997147047623
497.88118811881185,0.21715387308653453
497.90099009900996,0.21649626526554544
497.9207920792079,0.21562758218762157
497.9405940594059,0.2145487295367957
497.960396039604,0.21326082712152913
497.98019801980195,0.21176520813443597
498.00000000000006,0.21006341829511727
498.019801980198,0.20815721488770383
498.039603960396,0.2060485657081595
498.05940594059405,0.20373964793926824
498.07920792079204,0.2012328469757521
498.09900990099015,0.19853075522667707
498.1188118811881,0.19563617092854058
498.1386138613862,0.19255209701007114
498.15841584158414,0.18928174005908763
498.17821782178214,0.1858285094538802
498.1980198019802,0.1821960167367631
498.2178217821782,0.17838807532686957
498.2376237623763,0.17440870069465483
498.25742574257424,0.1702621111533142
498.27722772277224,0.16595272946567433
498.2970297029703,0.1614851855226184
498.3168316831683,0.15686432042583467
498.33663366336634,0.1520951924120213
498.35643564356434,0.1471830851977942
498.37623762376245,0.14213351952129694
498.3960396039604,0.13695226893177936
498.4158415841584,0.13164538126792036
498.43564356435644,0.1262192078254039
498.45544554455444,0.12068044302887754
498.4752475247525,0.11503617862915728
498.4950495049505,0.10929397825934171
498.5148514851485,0.10346198096070104
498.53465346534654,0.0975490466250902
498.55445544554453,0.09156496321524572
498.5742574257426,0.08552074690121404
498.5940594059406,0.07942908509266318
498.61386138613864,0.07330500464341155
498.63366336633663,0.06716690435984231
498.65346534653463,0.061038193743179356
498.6732673267327,0.05494997038227016
498.6930693069307,0.0489455276053685
498.71287128712873,0.043088160393985685
498.73267326732673,0.037474946323647555
498.7524752475247,0.03226090121695306
498.7722772277228,0.027697967716722532
498.7920792079208,0.024179681558998807
498.81188118811883,0.022223766755630873
498.83168316831683,0.02225361572224733
498.8514851485149,0.024261212326147707
498.8712871287129,0.027814541148531855
498.8910891089109,0.03239742243631413
498.91089108910893,0.03762079144300256
498.9306930693069,0.04323624285146014
498.950495049505,0.049090962358003594
498.970297029703,0.05508916846626682
498.990099009901,0.06116833597247646
499.009900990099,0.06728564485711011
499.029702970297,0.07341030240830142
499.0495049504951,0.07951910623968479
499.0693069306931,0.08559380656547609
499.0891089108911,0.09161949031011922
499.1089108910891,0.09758356214160285
499.1287128712871,0.10347508451555716
499.1485148514852,0.1092843397967416
499.16831683168317,0.1150025334164727
499.1881188118812,0.12062158879845492
499.2079207920792,0.12613400333658933
499.22772277227716,0.13153274581950217
499.2475247524753,0.13681118251395133
499.26732673267327,0.14196302339742917
499.2871287128713,0.14698228277154987
499.3069306930693,0.1518632502787055
499.3267326732674,0.15660046953578097
499.34653465346537,0.16118872240438006
499.3663366336633,0.16562301747042057
499.3861386138614,0.16989858169165314
499.4059405940594,0.17401085444405123
499.42574257425747,0.17795548339270248
499.44554455445547,0.18172832175403425
499.4653465346534,0.18532542661908172
499.4851485148515,0.1887430580840586
499.50495049504946,0.19197767899115215
499.52475247524757,0.19502595512564272
499.54455445544556,0.19788475574792844
499.5643564356436,0.20055115436412976
499.5841584158416,0.20302242965831327
499.60396039603955,0.20529606652457874
499.62376237623766,0.20736975714891628
499.6435643564356,0.2092414021004849
499.6633663366337,0.21090911139913818
499.6831683168317,0.21237120553251673
499.70297029702965,0.2136262164005528
499.72277227722776,0.2146728881697658
499.7425742574257,0.21551017802271427
499.7623762376238,0.21613725679125864
499.78217821782175,0.21655350946439594
499.80198019801986,0.21675853556386124
499.82178217821786,0.2167521493826062
499.8415841584158,0.21653438008285394
499.8613861386139,0.21610547165236846
499.88118811881185,0.2154658827190513
499.90099009900996,0.2146162862256366
499.9207920792079,0.2135575689680447
499.9405940594059,0.21229083100255342
499.960396039604,0.2108173849291321
499.98019801980195,0.2091387550602953
500.00000000000006,0.20725667648747131
500.019801980198,0.20517309405972145
500.0396039603961,0.20289016129309112
500.05940594059405,0.2004102392331423
500.07920792079204,0.1977358952980605
500.09900990099015,0.19486990213607366
500.1188118811881,0.19181523653849325
500.1386138613862,0.18857507845917698
500.15841584158414,0.1851528102034646
500.17821782178214,0.18155201586467437
500.1980198019802,0.17777648110617325
500.2178217821782,0.17383019341216147
500.2376237623763,0.1697173429635344
500.25742574257424,0.1654423243383987
500.27722772277235,0.1610097392947564
500.2970297029703,0.15642440096955468
500.3168316831683,0.1516913399327763
500.33663366336634,0.1468158126773373
500.35643564356434,0.14180331332218318
500.37623762376245,0.1366595895801217
500.3960396039604,0.13139066443042616
500.4158415841584,0.1260028654922906
500.43564356435644,0.12050286490452937
500.45544554455444,0.11489773371119973
500.4752475247525,0.10919501654608138
500.4950495049505,0.10340283514866457
500.5148514851486,0.09753003351157753
500.53465346534654,0.09158638424432833
500.55445544554453,0.08558288676707348
500.5742574257426,0.07953220630537357
500.5940594059406,0.073449333984915
500.61386138613864,0.0673526031923298
500.63366336633663,0.061265295970572516
500.65346534653463,0.05521825460296181
500.6732673267327,0.04925425256154125
500.6930693069307,0.04343551045977905
500.71287128712873,0.03785685538838932
500.73267326732673,0.032668575764376824
500.7524752475248,0.02811301651933637
500.7722772277228,0.024566707315561397
500.7920792079208,0.022527515093294988
500.81188118811883,0.02241852231885433
500.83168316831683,0.024265582185212662
500.8514851485149,0.027673210677207377
500.8712871287129,0.032137665372636105
500.8910891089108,0.037266710685745
500.91089108910893,0.04280550476667705
500.9306930693069,0.04859594153483415
500.950495049505,0.05453859654270572
500.970297029703,0.06056854721732909
500.99009900990103,0.06664139846529138
501.009900990099,0.07272530831787784
501.02970297029697,0.07879636224657838
501.0495049504951,0.08483581783424943
501.0693069306931,0.09082841518851752
501.0891089108911,0.0967613110535337
501.1089108910891,0.10262338838270328
501.12871287128706,0.10840479825608523
501.1485148514852,0.11409664936466644
501.1683168316831,0.11969079350043672
501.1881188118812,0.12517967490200022
501.2079207920792,0.13055622293689786
501.2277227722773,0.1358137747399127
501.2475247524753,0.1409460189055316
501.2673267326732,0.1459469542026692
501.2871287128713,0.15081085915400583
501.30693069306926,0.1555322695686663
501.3267326732674,0.1601059619598169
501.34653465346537,0.16452694135724588
501.3663366336633,0.1687904324281785
501.3861386138614,0.1728918731041468
501.40594059405936,0.17682691011518709
501.42574257425747,0.1805913959797858
501.4455445544554,0.1841813871067175
501.4653465346535,0.18759314274440017
501.4851485148515,0.1908231245728007
501.50495049504946,0.19386799677773828
501.52475247524757,0.19672462648136993
501.5445544554455,0.1993900844286932
501.5643564356436,0.20186164585017252
501.58415841584156,0.20413679143634605
501.60396039603955,0.2062132083724178
501.62376237623766,0.20808879139088696
501.6435643564356,0.20976164380802706
501.6633663366337,0.21123007851619596
501.68316831683165,0.21249261890940482
501.70297029702976,0.21354799972347296
501.7227722772277,0.21439516777591602
501.7425742574257,0.2150332825935291
501.7623762376238,0.21546171691821903
501.78217821782175,0.21568005708394844
501.80198019801986,0.21568810325954588
501.8217821782178,0.2154858695540756
501.8415841584158,0.21507358398309873
501.86138613861385,0.21445168829588793
501.88118811881185,0.21362083766525763
501.90099009900996,0.21258190024353096
501.9207920792079,0.21133595658976384
501.940594059406,0.20988429897555533
501.96039603960395,0.2082284305788967
501.98019801980195,0.2063700645779809
502.0,0.20431112316003844
502.019801980198,0.2020537364635349
502.0396039603961,0.1996002414763974
502.05940594059405,0.19695318091795777
502.07920792079204,0.19411530213853478
502.0990099009901,0.19108955607824737
502.1188118811881,0.18787909633633976
502.13861386138615,0.18448727841430534
502.15841584158414,0.18091765921165798
502.17821782178225,0.1771739968727709
502.1980198019802,0.17326025110873214
502.2178217821782,0.1691805841513026
502.23762376237624,0.16493936253968136
502.25742574257424,0.16054115999828303
502.2772277227723,0.15599076174102
502.2970297029703,0.1512931706416763
502.3168316831683,0.1464536158520099
502.33663366336634,0.14147756464515582
502.35643564356434,0.13637073853533718
502.3762376237624,0.1311391351109539
502.3960396039604,0.12578905757086659
502.41584158415844,0.12032715475603589
502.43564356435644,0.11476047565107192
502.45544554455444,0.10909654410177082
502.4752475247525,0.10334346219549212
502.4950495049505,0.09751005494677997
502.51485148514854,0.09160607558324782
502.53465346534654,0.08564250150495392
502.55445544554453,0.07963196886504484
502.5742574257426,0.07358942409295045
502.5940594059406,0.06753312361373981
502.61386138613864,0.061486207584969144
502.63366336633663,0.05547924622603848
502.6534653465347,0.0495544774876559
502.6732673267327,0.04377304501107876
502.6930693069307,0.038227571763190936
502.71287128712873,0.03306381120528551
502.73267326732673,0.02851506615856114
502.7524752475248,0.024942025825011892
502.7722772277228,0.022823857589589058
502.7920792079208,0.022582121919371458
502.81188118811883,0.02427328057088127
502.83168316831683,0.027537409863003785
502.8514851485149,0.03188430964898901
502.8712871287129,0.036919482845755476
502.89108910891093,0.0423820025451494
502.91089108910893,0.04810856031507226
502.9306930693069,0.05399609661405301
502.950495049505,0.059977281036208294
502.970297029703,0.06600613213921105
502.99009900990103,0.07204975018405717
503.009900990099,0.07808350270520512
503.02970297029697,0.08408815086266587
503.0495049504951,0.09004808550421485
503.0693069306931,0.09595021388284977
503.0891089108911,0.10178323844259264
503.1089108910891,0.10753717832780225
503.1287128712872,0.11320304506405007
503.1485148514852,0.11877261852969934
503.1683168316831,0.12423828961684708
503.1881188118812,0.1295929481383996
503.2079207920792,0.1348299020003686
503.2277227722773,0.13994281834130706
503.2475247524753,0.14492568034048997
503.2673267326732,0.14977275535521725
503.2871287128713,0.15447857134995507
503.30693069306926,0.15903789945997554
503.3267326732674,0.1634457411365193
503.34653465346537,0.16769731874096233
503.3663366336634,0.171788068752586
503.3861386138614,0.1757136369665987
503.40594059405936,0.1794698752124597
503.42574257425747,0.18305283923491186
503.4455445544554,0.1864587874627948
503.4653465346535,0.18968418045267937
503.4851485148515,0.19272568084093916
503.50495049504946,0.1955801536731902
503.52475247524757,0.19824466700716714
503.5445544554455,0.20071649270622782
503.5643564356436,0.20299310735674633
503.58415841584156,0.20507219325581133
503.60396039603967,0.20695163942551828
503.62376237623766,0.20862954261850014
503.6435643564356,0.21010420828576798
503.6633663366337,0.21137415148336436
503.68316831683165,0.21243809769855843
503.70297029702976,0.2132949835801923
503.7227722772277,0.21394395756063433
503.7425742574257,0.21438438035961582
503.7623762376238,0.21461582536246962
503.78217821782175,0.2146380788672675
503.80198019801986,0.21445114019736378
503.8217821782178,0.2140552216776058
503.8415841584159,0.21345074847401746
503.86138613861385,0.21263835829864094
503.88118811881185,0.2116189009829614
503.90099009900996,0.2103934379249868
503.9207920792079,0.20896324141739808
503.940594059406,0.20732979386613634
503.96039603960395,0.2054947869115003
503.98019801980195,0.20346012046681622
504.0,0.20122790169330618
504.019801980198,0.1988004439337352
504.0396039603961,0.19618026563296412
504.05940594059405,0.1933700892794146
504.07920792079216,0.19037284040946728
504.0990099009901,0.1871916467262911
504.1188118811881,0.18382983739699746
504.13861386138615,0.18029094260736267
504.15841584158414,0.1765786934731756
504.17821782178225,0.1726970224329037
504.1980198019802,0.16865006427953178
504.2178217821782,0.16444215803320608
504.23762376237624,0.1600778499138764
504.25742574257424,0.15556189775052082
504.2772277227723,0.15089927726749278
504.2970297029703,0.14609519083046757
504.3168316831684,0.14115507942984304
504.33663366336634,0.1360846389519514
504.35643564356434,0.13088984217231206
504.3762376237624,0.1255769684545435
504.3960396039604,0.12015264393399264
504.41584158415844,0.11462389613594212
504.43564356435644,0.10899822872849643
504.45544554455444,0.10328372477263253
504.4752475247525,0.09748919095789872
504.4950495049505,0.09162436183556626
504.51485148514854,0.08570019359679946
504.53465346534654,0.07972929435082113
504.5544554455446,0.07372656731439549
504.5742574257426,0.06771019440357252
504.5940594059406,0.06170317844955866
504.61386138613864,0.05573582685973266
504.63366336633663,0.049849862062794126
504.6534653465347,0.04410539601117741
504.6732673267327,0.038592953333422046
504.6930693069306,0.033454000834477984
504.71287128712873,0.02891334823388653
504.73267326732673,0.02531680592564987
504.7524752475248,0.023125515439551877
504.7722772277228,0.022757857798576798
504.79207920792084,0.0242975843250703
504.81188118811883,0.027419610775886068
504.8316831683168,0.031648772350495465
504.8514851485149,0.03658949485580972
504.8712871287129,0.041975224013962024
504.89108910891093,0.04763755310427243
504.91089108910893,0.053469778338889225
504.93069306930687,0.059402127904395696
504.950495049505,0.06538700175913639
504.9702970297029,0.07139041683704615
504.99009900990103,0.07738700360889789
505.009900990099,0.08335701270517894
505.0297029702971,0.08928447528317762
505.0495049504951,0.09515604131398345
505.069306930693,0.10096022683455794
505.0891089108911,0.10668691452287694
505.10891089108907,0.11232701520624991
505.1287128712872,0.11787223405426148
505.1485148514852,0.12331490637028286
505.1683168316831,0.12864788059050122
505.1881188118812,0.13386443389385888
505.20792079207916,0.1389582107176754
505.2277227722773,0.1439231776066821
505.2475247524752,0.1487535898688638
505.2673267326733,0.15344396687103654
505.2871287128713,0.15798907372566476
505.30693069306926,0.1623839077508026
505.3267326732674,0.16662368852378276
505.3465346534653,0.17070385065900287
505.3663366336634,0.17462003866103287
505.38613861386136,0.17836810336449296
505.40594059405936,0.18194409958859914
505.42574257425747,0.18534428472096026
505.4455445544554,0.18856511800918324
505.4653465346535,0.1916032603876215
505.48514851485146,0.19445557470321959
505.50495049504957,0.19711912623264502
505.5247524752475,0.19959118340475165
505.5445544554455,0.2018692186593172
505.5643564356436,0.2039509093863772
505.58415841584156,0.2058341389010154
505.60396039603967,0.20751699741695198
505.6237623762376,0.20899778298891547
505.6435643564356,0.2102750023994893
505.66336633663366,0.21134737197064593
505.68316831683165,0.2122138182836742
505.70297029702976,0.21287347879490004
505.7227722772277,0.2133257023367954
505.7425742574258,0.21357004949679187
505.76237623762376,0.21360629286812874
505.78217821782175,0.2134344171689159
505.8019801980198,0.21305461922753308
505.8217821782178,0.21246730783412276
505.8415841584159,0.21167310345970794
505.86138613861385,0.21067283784627422
505.88118811881185,0.20946755347291218
505.9009900990099,0.2080585029054245
505.9207920792079,0.20644714803865713
505.94059405940595,0.20463515924392658
505.96039603960395,0.202624414436381
505.98019801980206,0.2004169980812312
506.0,0.19801520016150106
506.019801980198,0.19542151513563455
506.03960396039605,0.1926386409190625
506.05940594059405,0.18966947793218267
506.0792079207921,0.18651712826645753
506.0990099009901,0.18318489503293695
506.1188118811881,0.1796762819728272
506.13861386138615,0.17599499342979846
506.15841584158414,0.1721449348091574
506.1782178217822,0.16813021368251635
506.1980198019802,0.16395514174018302
506.21782178217825,0.15962423785131474
506.23762376237624,0.1551422325690119
506.25742574257424,0.15051407452156104
506.2772277227723,0.14574493927237872
506.2970297029703,0.14084024142618196
506.31683168316835,0.13580565102979072
506.33663366336634,0.13064711569780682
506.35643564356434,0.12537089043831115
506.3762376237624,0.11998357794220287
506.3960396039604,0.1144921832575092
506.41584158415844,0.10890418849781107
506.43564356435644,0.10322765585626513
506.4554455445545,0.09747137125053473
506.4752475247525,0.0916450473155028
506.4950495049505,0.08575961475132168
506.51485148514854,0.07982764797539263
506.53465346534654,0.0738639995759354
506.5544554455446,0.06788676733272084
506.5742574257426,0.06191880458980515
506.5940594059406,0.055990141573647664
506.61386138613864,0.050141971128971036
506.63366336633663,0.04443336879067859
506.6534653465347,0.03895279251299758
506.6732673267327,0.033837562839621506
506.69306930693074,0.02930440488695709
506.71287128712873,0.025685110999108925
506.73267326732673,0.023423695886093606
506.7524752475248,0.02293455169115565
506.7722772277228,0.02432613129016938
506.79207920792084,0.027307239421291055
506.81188118811883,0.03141870584133165
506.8316831683168,0.036264756382583085
506.8514851485149,0.041573543531249056
506.8712871287129,0.04717162413370455
506.89108910891093,0.052948630574940654
506.91089108910893,0.05883231731758288
506.93069306930687,0.06477343847277164
506.950495049505,0.07073690777768223
506.9702970297029,0.07669660478768323
506.99009900990103,0.0826322600435412
507.009900990099,0.08852753838082678
507.0297029702971,0.09436882783308505
507.0495049504951,0.10014445471013993
507.069306930693,0.10584416281420926
507.0891089108911,0.11145876049362809
507.10891089108907,0.1169798768685421
507.1287128712872,0.12239979062555467
507.1485148514852,0.1277113080217901
507.1683168316831,0.13290767487248528
507.1881188118812,0.13798251240088383
507.20792079207916,0.1429297700986117
507.2277227722773,0.1477436908790715
507.2475247524752,0.15241878522430008
507.2673267326733,0.1569498119840218
507.2871287128713,0.161331764142361
507.30693069306926,0.16555985832521555
507.3267326732674,0.1696295271435852
507.3465346534653,0.17353641369865166
507.3663366336634,0.17727636774062489
507.38613861386136,0.18084544309506867
507.40594059405936,0.18423989606019914
507.42574257425747,0.18745618454540092
507.4455445544554,0.1904909677718127
507.4653465346535,0.19334110639393745
507.48514851485146,0.19600366293045277
507.50495049504957,0.19847590241524127
507.5247524752475,0.20075529319705437
507.5445544554455,0.20283950783025442
507.5643564356436,0.20472642400977764
507.58415841584156,0.20641412551246746
507.60396039603967,0.20790090311380674
507.6237623762376,0.20918525545473182
507.6435643564356,0.21026588983812197
507.66336633663366,0.21114172293826544
507.68316831683165,0.21181188140989235
507.70297029702976,0.2122757023863683
507.7227722772277,0.21253273385883328
507.7425742574258,0.21258273493035562
507.76237623762376,0.21242567594123019
507.78217821782175,0.2120617384631986
507.8019801980198,0.2114913151623768
507.8217821782178,0.2107150095321941
507.8415841584159,0.209733635499695
507.86138613861385,0.20854821691031294
507.88118811881185,0.207159986898263
507.9009900990099,0.20557038715223827
507.9207920792079,0.20378106708829713
507.94059405940595,0.20179388294544956
507.96039603960395,0.19961089682233957
507.98019801980206,0.19723437567834298
508.0,0.1946667903272205
508.019801980198,0.19191081445785316
508.03960396039605,0.1889693237245654
508.05940594059405,0.18584539495921557
508.0792079207921,0.18254230556958695
508.0990099009901,0.1790635332041717
508.1188118811881,0.17541275578341126
508.13861386138615,0.17159385202317992
508.15841584158414,0.16761090260964528
508.1782178217822,0.16346819222831407
508.1980198019802,0.15917021270806336
508.21782178217825,0.1547216676177616
508.23762376237624,0.15012747875714266
508.25742574257424,0.1453927951245114
508.2772277227723,0.14052300513798394
508.2970297029703,0.13552375315653767
508.31683168316835,0.13040096172665988
508.33663366336634,0.125160861520768
508.3564356435643,0.11981003171499537
508.3762376237624,0.11435545469853398
508.3960396039604,0.10880459071230206
508.41584158415844,0.10316548059735714
508.43564356435644,0.09744688881642338
508.4554455445545,0.09165850517510771
508.4752475247525,0.08581123372153665
508.49504950495043,0.07991761379500899
508.51485148514854,0.07399244587265881
508.53465346534654,0.06805374240649636
508.5544554455446,0.06212420735418059
508.5742574257426,0.05623359761507525
508.5940594059405,0.05042259002204815
508.61386138613864,0.044749261426930656
508.6336633663366,0.03930009973287337
508.6534653465347,0.034208514500127254
508.6732673267327,0.029683674614858043
508.69306930693074,0.02604431575531825
508.71287128712873,0.023718221903933797
508.7326732673267,0.023114807810654427
508.7524752475248,0.02436417801276816
508.7722772277227,0.02720755969961349
508.79207920792084,0.031202651234729418
508.81188118811883,0.035954563958979675
508.8316831683168,0.04118669972910232
508.8514851485149,0.04672077360818223
508.8712871287128,0.052442809782335384
508.89108910891093,0.05827809865193552
508.9108910891089,0.06417574515275419
508.930693069307,0.07009955401834432
508.950495049505,0.07602264857963213
508.9702970297029,0.08192423507902183
508.99009900990103,0.08778760884625976
509.00990099009897,0.09359889359788495
509.0297029702971,0.099346224132677
509.049504950495,0.1050192040248416
509.069306930693,0.1106085381029624
509.0891089108911,0.11610577862294269
509.10891089108907,0.1215031470053775
509.1287128712872,0.12679340680219037
509.1485148514851,0.13196977203187793
509.1683168316832,0.13702584034243112
509.18811881188117,0.1419555438678523
509.20792079207916,0.14675311286813472
509.2277227722773,0.15141304871965272
509.2475247524752,0.15593010382064415
509.2673267326733,0.16029926666054795
509.28712871287127,0.16451575077792321
509.30693069306926,0.1685749866671413
509.3267326732673,0.17247261593366692
509.3465346534653,0.17620448717067935
509.3663366336634,0.17976665315618676
509.38613861386136,0.18315536906311378
509.4059405940595,0.18636709144422123
509.4257425742574,0.18939847780606944
509.4455445544554,0.19224638662606763
509.46534653465346,0.19490787769669507
509.48514851485146,0.19738021270489478
509.50495049504957,0.19966085597247357
509.5247524752475,0.20174747529803733
509.5445544554455,0.20363794285200057
509.56435643564356,0.2053303360855607
509.58415841584156,0.2068229386215384
509.6039603960396,0.20811424110107807
509.6237623762376,0.20920294196494155
509.6435643564357,0.2100879481522551
509.66336633663366,0.2107683757028043
509.68316831683165,0.21124355025204433
509.7029702970297,0.2115130074103347
509.7227722772277,0.21157649302028103
509.74257425742576,0.2114339632879512
509.76237623762376,0.21108558478573927
509.78217821782175,0.21053173432638736
509.8019801980198,0.209772998709557
509.8217821782178,0.20881017434402854
509.84158415841586,0.20764426675071596
509.86138613861385,0.2062764899536727
509.8811881188119,0.20470826576860993
509.9009900990099,0.2029412230010876
509.9207920792079,0.2009771965696962
509.94059405940595,0.198818226572932
509.96039603960395,0.19646655732314144
509.980198019802,0.1939246363757062
510.0,0.19119511358842115
510.019801980198,0.1882808402536188
510.03960396039605,0.18518486835560835
510.05940594059405,0.1819104500182207
510.0792079207921,0.17846103722303697
510.0990099009901,0.1748402818987322
510.11881188118815,0.1710520365078604
510.13861386138615,0.16710035529073983
510.15841584158414,0.16298949636992982
510.1782178217822,0.15872392497647664
510.1980198019802,0.15430831813632562
510.21782178217825,0.14974757125859506
510.23762376237624,0.14504680720836052
510.25742574257424,0.14021138863968577
510.2772277227723,0.13524693463296353
510.2970297029703,0.13015934305746005
510.31683168316835,0.12495482061639462
510.33663366336634,0.11963992330546926
510.3564356435644,0.11422161114798794
510.3762376237624,0.10870732275272282
510.3960396039604,0.1031050777840748
510.41584158415844,0.09742361934764641
510.43564356435644,0.0916726144307713
510.4554455445545,0.08586294035761807
510.4752475247525,0.08000710127278854
510.49504950495043,0.07411984550419026
510.51485148514854,0.06821910054052706
510.53465346534654,0.0623274225181561
510.5544554455446,0.05647429969789553
510.5742574257426,0.050699905337526316
510.59405940594064,0.045061348963209
510.61386138613864,0.03964322553416792
510.6336633663366,0.034575217933486106
510.6534653465347,0.030059348307109414
510.6732673267327,0.026402032605083975
510.69306930693074,0.024015484960857758
510.71287128712873,0.023303269081898982
510.7326732673267,0.02441457995506153
510.7524752475248,0.027121904162076337
510.7722772277227,0.031000733968583053
510.79207920792084,0.03565812561983687
510.81188118811883,0.040813218989861476
510.8316831683169,0.046283024225632095
510.8514851485149,0.05194996512476356
510.8712871287128,0.057736842313281134
510.89108910891093,0.06359108312659392
510.9108910891089,0.06947535983364951
510.930693069307,0.07536202172786761
510.950495049505,0.08122973756699846
510.9702970297029,0.08706142343970204
510.99009900990103,0.09284293150466869
511.00990099009897,0.09856219959880722
511.0297029702971,0.10420868690672291
511.049504950495,0.10977299151274497
511.06930693069313,0.11524658627304761
511.0891089108911,0.12062163332015735
511.10891089108907,0.12589085186647564
511.1287128712872,0.13104742279642573
511.1485148514851,0.1360849190760499
511.1683168316832,0.14099725455677348
511.18811881188117,0.14577864606543894
511.20792079207916,0.15042358521063884
511.2277227722773,0.15492681737365782
511.2475247524752,0.1592833260643497
511.2673267326733,0.1634883213170553
511.28712871287127,0.16753723115092864
511.3069306930694,0.1714256953676185
511.3267326732673,0.17514956113957714
511.3465346534653,0.1787048799730326
511.3663366336634,0.18208790572688774
511.38613861386136,0.18529509344073167
511.4059405940595,0.1883230987796171
511.4257425742574,0.1911687779442223
511.4455445544554,0.19382918792674095
511.46534653465346,0.19630158701697137
511.48514851485146,0.198583435482172
511.50495049504957,0.2006723963589996
511.5247524752475,0.20256633630760165
511.5445544554456,0.20426332648725945
511.56435643564356,0.20576164342057965
511.58415841584156,0.2070597698193034
511.6039603960396,0.2081563953497484
511.6237623762376,0.209050417320165
511.6435643564357,0.2097409412756644
511.66336633663366,0.210227281489451
511.68316831683165,0.21050896134158953
511.7029702970297,0.2105857135788503
511.7227722772277,0.21045748045132745
511.74257425742576,0.21012441372325083
511.76237623762376,0.20958687455756347
511.78217821782187,0.2088454332753195
511.8019801980198,0.2079008689931515
511.8217821782178,0.20675416914379932
511.84158415841586,0.20540652888682798
511.86138613861385,0.20385935041917722
511.8811881188119,0.20211424219764787
511.9009900990099,0.20017301808866989
511.9207920792079,0.19803769646422664
511.94059405940595,0.19571049926728756
511.96039603960395,0.19319385107521805
511.980198019802,0.19049037819607711
512.0,0.18760290784079664
512.019801980198,0.1845344674237967
512.0396039603961,0.18128828405739056
512.059405940594,0.1778677843205704
512.0792079207921,0.1742765944032707
512.09900990099,0.1705185407526032
512.1188118811882,0.16659765138128343
512.1386138613861,0.16251815804207245
512.1584158415841,0.15828449952984744
512.1782178217823,0.15390132644986967
512.1980198019802,0.1493735078938562
512.2178217821782,0.14470614060609427
512.2376237623762,0.13990456141364083
512.2574257425744,0.13497436396160523
512.2772277227723,0.12992142116873664
512.2970297029702,0.12475191534992779
512.3168316831684,0.11947237871846902
512.3366336633663,0.11408974809926853
512.3564356435644,0.10861143934450815
512.3762376237623,0.10304544944641474
512.3960396039604,0.09740049818464738
512.4158415841584,0.0916862271557504
512.4356435643564,0.08591348362083327
512.4554455445545,0.08009473223084403
512.4752475247525,0.0742446637033265
512.4950495049505,0.06838111380260822
512.5148514851485,0.06252648292153898
512.5346534653465,0.056709982580613
512.5544554455446,0.05097127748305809
512.5742574257425,0.04536651737102515
512.5940594059407,0.039978449109311746
512.6138613861386,0.034933171536504305
512.6336633663366,0.030425925031416133
512.6534653465346,0.026751536181014477
512.6732673267327,0.02430747932380759
512.6930693069307,0.02349108207249968
512.7128712871287,0.024468473195375935
512.7326732673268,0.02704200571654143
512.7524752475248,0.03080545004438076
512.7722772277227,0.035368643204649906
512.7920792079208,0.04044689597594775
512.8118811881188,0.04585265463440427
512.8316831683169,0.05146476866210422
512.8514851485148,0.05720354167347586
512.8712871287129,0.06301471036071307
512.8910891089109,0.06885980312920505
512.9108910891089,0.07471038670282816
512.9306930693069,0.08054458629102532
512.950495049505,0.08634493449800444
512.970297029703,0.09209700895250006
512.990099009901,0.09778854842814587
513.009900990099,0.1034088662126633
513.0297029702971,0.10894845254579398
513.049504950495,0.1143987000647833
513.0693069306931,0.11975171099120666
513.0891089108911,0.1250001597141697
513.1089108910891,0.13013719360032236
513.1287128712871,0.13515636062350236
513.1485148514852,0.14005155609737194
513.1683168316832,0.14481698320279457
513.1881188118812,0.14944712360127727
513.2079207920792,0.15393671550526486
513.2277227722773,0.15828073731620595
513.2475247524752,0.16247439545555176
513.2673267326733,0.16651311537650085
513.2871287128713,0.17039253500284854
513.3069306930694,0.17410850002782013
513.3267326732673,0.17765706064231718
513.3465346534653,0.18103446936214868
513.3663366336634,0.18423717969891634
513.3861386138614,0.1872618454753301
513.4059405940594,0.19010532062848703
513.4257425742575,0.19276465937723056
513.4455445544555,0.1952371166550408
513.4653465346535,0.19752014872924073
513.4851485148514,0.19961141394298243
513.5049504950496,0.20150877352831698
513.5247524752475,0.2032102924485873
513.5445544554456,0.20471424023589085
513.5643564356436,0.2060190917959473
513.5841584158416,0.20712352815763016
513.6039603960396,0.20802643714888439
513.6237623762376,0.2087269139841389
513.6435643564357,0.2092242617517177
513.6633663366337,0.20951799179193267
513.6831683168317,0.2096078239593713
513.7029702970298,0.20949368676464594
513.7227722772277,0.20917571739307067
513.7425742574258,0.20865426159948602
513.7623762376237,0.2079298734803463
513.7821782178219,0.20700331512617276
513.8019801980198,0.20587555615928546
513.8217821782177,0.20454777316401807
513.8415841584159,0.20302134901894484
513.8613861386139,0.20129787214330955
513.8811881188119,0.1993791356730543
513.9009900990098,0.1972671365853877
513.920792079208,0.19496407479529534
513.940594059406,0.1924723522526674
513.9603960396039,0.18979457207510125
513.9801980198021,0.1869335377595089
514.0,0.18389225252541141
514.019801980198,0.18067391885542455
514.039603960396,0.17728193831399922
514.059405940594,0.17371991174570142
514.0792079207921,0.16999163997999397
514.09900990099,0.16610112520314751
514.1188118811882,0.16205257320142671
514.1386138613861,0.15785039673754678
514.1584158415842,0.1534992203990918
514.1782178217821,0.14900388736050435
514.1980198019802,0.14436946863999997
514.2178217821782,0.13960127562413208
514.2376237623762,0.13470487689758642
514.2574257425744,0.12968612078751438
514.2772277227723,0.12455116555852078
514.2970297029702,0.11930651995249836
514.3168316831683,0.11395909787302283
514.3366336633663,0.10851629265101999
514.3564356435644,0.10298607879246932
514.3762376237623,0.0973771528821417
514.3960396039605,0.09169913120353884
514.4158415841584,0.08596283099863444
514.4356435643564,0.08018067749605888
514.4554455445544,0.07436730405719318
514.4752475247525,0.0685404555257411
514.4950495049505,0.06272237874620566
514.5148514851485,0.05694201401276451
514.5346534653465,0.05123853074993366
514.5544554455446,0.04566715028167033
514.5742574257425,0.040308844740279785
514.5940594059406,0.035286297125736006
514.6138613861386,0.030788327613575927
514.6336633663367,0.027098815387275873
514.6534653465346,0.02460111349300263
514.6732673267327,0.023685715595180644
514.6930693069307,0.024533467954724837
514.7128712871287,0.02697523827229709
514.7326732673267,0.030623696645142598
514.7524752475248,0.03509246303473922
514.7722772277227,0.04009355235721648
514.7920792079208,0.04543502409585508
514.8118811881188,0.05099218350108645
514.8316831683169,0.056682822669442544
514.8514851485148,0.062450964950974894
514.8712871287129,0.06825697452419231
514.8910891089109,0.07407161952696992
514.9108910891089,0.07987246954983274
514.9306930693069,0.08564166471343475
514.950495049505,0.09136450138680019
514.970297029703,0.09702851419938702
514.990099009901,0.10262286665737216
515.0099009900989,0.10813793814441594
515.0297029702971,0.11356503871094718
515.049504950495,0.11889620877983856
515.0693069306931,0.12412407639181267
515.0891089108911,0.12924175414846234
515.1089108910892,0.134242763999797
515.1287128712871,0.1391209818598179
515.1485148514851,0.14387059653706344
515.1683168316832,0.14848607912930603
515.1881188118812,0.1529621601536403
515.2079207920792,0.15729381245156687
515.2277227722773,0.16147623844347694
515.2475247524752,0.16550486068268855
515.2673267326733,0.16937531492818728
515.2871287128712,0.17308344514839988
515.3069306930694,0.17662530001004603
515.3267326732673,0.17999713051007268
515.3465346534654,0.18319538848638034
515.3663366336634,0.18621672580123375
515.3861386138614,0.18905799403560283
515.4059405940594,0.1917162445663518
515.4257425742574,0.1941887289244065
515.4455445544555,0.19647289935216578
515.4653465346535,0.19856640949444818
515.4851485148514,0.20046711516966315
515.5049504950496,0.2021730751780779
515.5247524752475,0.2036825521118975
515.5445544554456,0.204994013138483
515.5643564356435,0.20610613073337933
515.5841584158417,0.20701778334422583
515.6039603960396,0.20772805597015465
515.6237623762376,0.20823624064473584
515.6435643564357,0.2085418368129961
515.6633663366337,0.20864455159558748
515.6831683168317,0.20854429993517792
515.7029702970297,0.20824120462246196
515.7227722772277,0.20773559620063847
515.7425742574258,0.20702801274974034
515.7623762376237,0.20611919955338553
515.7821782178219,0.20501010865315386
515.8019801980198,0.20370189829759908
515.8217821782179,0.20219593229548027
515.8415841584158,0.2004937792853545
515.8613861386139,0.1985972119370399
515.8811881188119,0.196508206103877
515.9009900990098,0.19422893994938004
515.920792079208,0.191761793076924
515.940594059406,0.18910934569778765
515.9603960396039,0.1862743778808045
515.980198019802,0.18325986893670587
516.0,0.18006899700288992
516.019801980198,0.17670513890995035
516.039603960396,0.17317187043153903
516.0594059405942,0.16947296704481069
516.0792079207921,0.16561240536239016
516.09900990099,0.16159436544027866
516.1188118811881,0.15742323422380425
516.1386138613861,0.1531036104703678
516.1584158415842,0.14864031159008043
516.1782178217821,0.14403838298483634
516.1980198019802,0.13930311065620496
516.2178217821782,0.13444003811632152
516.2376237623762,0.1294549890038824
516.2574257425742,0.12435409733010493
516.2772277227723,0.11914384802889445
516.2970297029703,0.11383113157750253
516.3168316831683,0.10842331806762447
516.3366336633663,0.10292835853097042
516.3564356435644,0.0973549250268764
516.3762376237623,0.09171260676211614
516.3960396039604,0.08601218865340587
516.4158415841584,0.08026605353716473
516.4356435643564,0.07448877367695454
516.4554455445544,0.06869799846223582
516.4752475247525,0.06291581612757295
516.4950495049505,0.05717089119911485
516.5148514851485,0.0515018968856051
516.5346534653465,0.04596313697603292
516.5544554455446,0.04063385226479778
516.5742574257425,0.0356334343941017
516.5940594059406,0.031144585520993813
516.6138613861386,0.02744082494882491
516.6336633663367,0.024892056390274933
516.6534653465346,0.02388167059672106
516.6732673267327,0.02460342804058479
516.6930693069307,0.02691535608750136
516.7128712871287,0.030449373959931456
516.7326732673267,0.034823701375223226
516.7524752475248,0.03974751831590738
516.7722772277228,0.045024652416226996
516.7920792079208,0.05052689039727251
516.8118811881188,0.05616949992466638
516.8316831683169,0.06189477164959863
516.8514851485148,0.06766188870362336
516.8712871287129,0.07344080783181815
516.8910891089109,0.07920853367126911
516.9108910891089,0.08494680713196448
516.9306930693069,0.09064063845997368
516.950495049505,0.09627735458874409
516.970297029703,0.10184596661270172
516.990099009901,0.1073367410810299
517.009900990099,0.11274090394455913
517.0297029702971,0.11805043265151025
517.049504950495,0.12325790796532267
517.0693069306931,0.1283564069775156
517.0891089108911,0.1333394250083761
517.1089108910892,0.1382008180733528
517.1287128712871,0.1429347601934916
517.1485148514851,0.14753571155448092
517.1683168316832,0.15199839468387832
517.1881188118812,0.15631777661411067
517.2079207920792,0.16048905555328183
517.2277227722773,0.16450765097635825
517.2475247524752,0.16836919632770403
517.2673267326733,0.17206953372675787
517.2871287128712,0.17560471021511223
517.3069306930694,0.17897097519127822
517.3267326732673,0.18216477875977227
517.3465346534654,0.1851827707814917
517.3663366336634,0.1880218004581495
517.3861386138614,0.19067891631853345
517.4059405940594,0.19315136650134573
517.4257425742574,0.19543659925023715
517.4455445544555,0.19753226355327347
517.4653465346535,0.19943620987181332
517.4851485148514,0.20114649091425593
517.5049504950496,0.2026613624183658
517.5247524752475,0.20397928391258993
517.5445544554456,0.20509891943222533
517.5643564356435,0.206019138170963
517.5841584158417,0.20673901505197087
517.6039603960396,0.20725783120611474
517.6237623762376,0.20757507434750172
517.6435643564357,0.20769043903914172
517.6633663366337,0.20760382684368675
517.6831683168317,0.20731534635624174
517.7029702970297,0.20682531311828137
517.7227722772277,0.2061342494135116
517.7425742574258,0.20524288394860407
517.7623762376237,0.20415215142360876
517.7821782178219,0.2028631919992145
517.8019801980198,0.20137735067028784
517.8217821782179,0.199696176558017
517.8415841584158,0.19782142213599388
517.8613861386139,0.19575504240936523
517.8811881188119,0.1934991940706321
517.9009900990098,0.19105623466095098
517.920792079208,0.18842872177219766
517.940594059406,0.1856194123333825
517.9603960396039,0.18263126203455843
517.980198019802,0.17946742495420595
518.0,0.17613125347165656
518.019801980198,0.17262629856628556
518.039603960396,0.16895631063112068
518.0594059405942,0.1651252409618695
518.0792079207921,0.16113724412599892
518.09900990099,0.15699668147414922
518.1188118811881,0.15270812613222606
518.1386138613861,0.1482763699149032
518.1584158415842,0.14370643273972175
518.1782178217821,0.13900357531001847
518.1980198019802,0.13417331609637959
518.2178217821782,0.1292214540120069
518.2376237623762,0.12415409869438424
518.2574257425742,0.11897771104734793
518.2772277227723,0.11369915777581113
518.2970297029703,0.10832578523588574
518.3168316831683,0.10286552030797368
518.3366336633663,0.09732700963518437
518.3564356435644,0.09171981421173198
518.3762376237623,0.08605468522990212
518.3960396039604,0.08034396149113429
518.4158415841584,0.07460215239081411
518.4356435643564,0.06884681030688163
518.4554455445544,0.0630998643749126
518.4752475247525,0.05738970596037598
518.4950495049505,0.051754522473849304
518.5148514851485,0.04624772927103228
518.5346534653465,0.04094690835464099
518.5544554455446,0.03596832979290243
518.5742574257425,0.031488945078933635
518.5940594059406,0.027772582695605747
518.6138613861386,0.025176457374492686
518.6336633663367,0.02407665775088895
518.6534653465346,0.02467794830044152
518.6732673267327,0.0268637760081408
518.6930693069307,0.030285349528727492
518.7128712871287,0.03456627482250358
518.7326732673267,0.03941345461048579
518.7524752475248,0.04462673771355251
518.7722772277228,0.05007448753369315
518.7920792079208,0.05566947938100071
518.8118811881188,0.06135228060184939
518.8316831683169,0.0670808950968078
518.8514851485148,0.07282446777271982
518.8712871287129,0.07855943738631375
518.8910891089109,0.08426714476930834
518.9108910891089,0.08993231335940795
518.9306930693069,0.09554206188358744
518.950495049505,0.10108524865079417
518.970297029703,0.1065520271002983
518.990099009901,0.11193353887604736
519.009900990099,0.11722169829051339
519.0297029702971,0.12240903870010163
519.049504950495,0.12748860157794606
519.0693069306931,0.13245385552136046
519.0891089108911,0.13729863656517974
519.1089108910892,0.14201710386982558
519.1287128712871,0.14660370664339092
519.1485148514851,0.15105315936566213
519.1683168316832,0.15536042320876936
519.1881188118812,0.1595206921246605
519.2079207920792,0.16352938247373408
519.2277227722773,0.16738212535764246
519.2475247524753,0.17107476102731614
519.2673267326733,0.17460333488874927
519.2871287128712,0.1779640947410861
519.3069306930694,0.18115348896446648
519.3267326732673,0.18416816543776773
519.3465346534654,0.18700497101350075
519.3663366336634,0.18966095141344996
519.3861386138614,0.19213335143642155
519.4059405940594,0.194419615391177
519.4257425742574,0.1965173876845665
519.4455445544555,0.1984245135082866
519.4653465346535,0.20013903957823878
519.4851485148515,0.20165921488917177
519.5049504950496,0.20298349145414046
519.5247524752475,0.2041105250038204
519.5445544554456,0.20503917562570967
519.5643564356435,0.20576850832684324
519.5841584158417,0.20629779350720945
519.6039603960396,0.20662650733373106
519.6237623762376,0.20675433200732798
519.6435643564357,0.20668115591778094
519.6633663366337,0.2064070736833025
519.6831683168317,0.2059323860735389
519.7029702970297,0.20525759981689096
519.7227722772278,0.20438342729486547
519.7425742574258,0.2033107861283107
519.7623762376237,0.20204079866257588
519.7821782178219,0.20057479136108936
519.8019801980198,0.1989142941195862
519.8217821782179,0.19706103951646398
519.8415841584158,0.1950169620183619
519.8613861386139,0.19278419716463008
519.8811881188119,0.19036508075960978
519.9009900990098,0.1877621481082091
519.920792079208,0.18497813333833898
519.940594059406,0.1820159688636284
519.960396039604,0.1788787850525585
519.980198019802,0.17556991018574072
520.0,0.17209287080334087
520.019801980198,0.1684513925704507
520.039603960396,0.1646494018216159
520.0594059405942,0.16069102798926774
520.0792079207921,0.15658060717827205
520.09900990099,0.15232268722469208
520.1188118811881,0.14792203467889176
520.1386138613861,0.14338364429053793
520.1584158415842,0.13871275176149744
520.1782178217821,0.13391485079164958
520.1980198019803,0.1289957158055611
520.2178217821782,0.12396143225984478
520.2376237623762,0.11881843716438263
520.2574257425742,0.1135735735148033
520.2772277227723,0.10823416390110989
520.2970297029703,0.10280811090229913
520.3168316831683,0.09730403544384433
520.3366336633663,0.09173146981734594
520.3564356435644,0.08610113077212166
520.3762376237623,0.080425312096248
520.3960396039604,0.07471845908344046
520.4158415841584,0.06899802572247253
520.4356435643565,0.06328578091559212
520.4554455445544,0.057609843049607506
520.4752475247525,0.05200791797831357
520.4950495049505,0.0465325476788564
520.5148514851485,0.04125969734318257
520.5346534653465,0.03630262051968829
520.5544554455446,0.031832754739755206
520.5742574257425,0.02810467560755677
520.5940594059406,0.02546338670399716
520.6138613861386,0.02427742086916399
520.6336633663367,0.024761056966741725
520.6534653465346,0.02682197321032492
520.6732673267327,0.030130988217395332
520.6930693069307,0.03431791441629926
520.7128712871287,0.03908785922024052
520.7326732673267,0.04423684832245024
520.7524752475248,0.04962983416156204
520.7722772277228,0.055177070357568206
520.7920792079208,0.06081736704512325
520.8118811881187,0.06650752053616708
520.8316831683169,0.07221584231172341
520.8514851485148,0.07791818931040555
520.8712871287129,0.08359549058613512
520.8910891089109,0.08923217413230061
520.910891089109,0.09481514402549471
520.9306930693069,0.10033310091667297
520.9504950495049,0.10577608139819905
520.970297029703,0.11113513989958736
520.990099009901,0.11640212530355162
521.009900990099,0.12156952172523651
521.0297029702971,0.12663033353434136
521.049504950495,0.1315780013890229
521.0693069306931,0.13640634033712312
521.089108910891,0.14110949383795846
521.1089108910892,0.1456818994146702
521.1287128712871,0.15011826289993144
521.1485148514852,0.15441353909534003
521.1683168316832,0.15856291726075564
521.1881188118812,0.16256181026887892
521.2079207920792,0.16640584655942117
521.2277227722772,0.1700908642422449
521.2475247524753,0.17361290685626904
521.2673267326733,0.17696822040621332
521.2871287128712,0.18015325138560126
521.3069306930694,0.18316464555877757
521.3267326732673,0.18599924732381576
521.3465346534654,0.18865409951544015
521.3663366336633,0.19112644353603378
521.3861386138615,0.19341371972496857
521.4059405940594,0.19551356789420116
521.4257425742574,0.19742382797180233
521.4455445544555,0.1991425407060533
521.4653465346535,0.2006679483915941
521.4851485148515,0.20199849558624025
521.5049504950495,0.20313282979286024
521.5247524752475,0.2040698020856399
521.5445544554456,0.20480846766384475
521.5643564356435,0.20534808631992735
521.5841584158417,0.20568812281144996
521.6039603960396,0.2058282471290749
521.6237623762377,0.20576833465516173
521.6435643564356,0.20550846620952348
521.6633663366337,0.20504892798114183
521.6831683168317,0.20439021134645877
521.7029702970297,0.20353301257690154
521.7227722772278,0.20247823244045834
521.7425742574258,0.20122697570421041
521.7623762376237,0.19978055054747595
521.7821782178218,0.19814046789756412
521.8019801980198,0.19630844070383408
521.8217821782179,0.19428638316906477
521.8415841584158,0.19207640996195907
521.861386138614,0.18968083543971784
521.8811881188119,0.18710217291630044
521.9009900990098,0.1843431340200457
521.9207920792079,0.18140662819428158
521.940594059406,0.17829576240710399
521.960396039604,0.17501384115236457
521.980198019802,0.171564366843964
522.0,0.16795104073146322
522.019801980198,0.16417776449829516
522.039603960396,0.16024864274752668
522.059405940594,0.15616798663707226
522.0792079207921,0.1519403190023444
522.0990099009902,0.14757038140539
522.1188118811881,0.14306314368689468
522.1386138613861,0.13842381678395355
522.1584158415842,0.13365786983435168
522.1782178217821,0.12877105294729604
522.1980198019802,0.12376942752767857
522.2178217821782,0.1186594067658093
522.2376237623762,0.11344780995504479
522.2574257425742,0.10814193584403357
522.2772277227723,0.10274966253641998
522.2970297029703,0.09727958495060775
522.3168316831683,0.09174120625769215
522.3366336633663,0.0861452082176473
522.3564356435644,0.08050383896401807
522.3762376237623,0.07483147906581554
522.3960396039604,0.06914548381126168
522.4158415841584,0.06346746256690036
522.4356435643565,0.05782526405369456
522.4554455445544,0.05225612215569165
522.4752475247524,0.04681172963882217
522.4950495049505,0.04156649224875526
522.5148514851485,0.03663077731971924
522.5346534653465,0.03217078428601873
522.5544554455446,0.02843233029539045
522.5742574257426,0.02574876510067422
522.5940594059406,0.02448090572202353
522.6138613861385,0.02485102955339434
522.6336633663367,0.02678957690675024
522.6534653465346,0.029987017541588414
522.6732673267327,0.034080131700135394
522.6930693069307,0.03877277838033631
522.7128712871287,0.04385739269676853
522.7326732673267,0.04919558500523132
522.7524752475247,0.054695094998610916
522.7722772277228,0.06029296560070755
522.7920792079208,0.06594477279545442
522.8118811881188,0.07161798349807649
522.8316831683169,0.07728786406247014
522.8514851485148,0.08293492511171432
522.8712871287129,0.08854329419318097
522.8910891089108,0.0940996569619831
522.910891089109,0.09959255354208828
522.9306930693069,0.10501190146985964
522.9504950495049,0.1103486662363102
522.970297029703,0.11559462993019892
522.990099009901,0.12074222633104335
523.009900990099,0.1257844218158907
523.029702970297,0.13071462837246595
523.0495049504951,0.13552663945380175
523.0693069306931,0.1402145823082718
523.089108910891,0.14477288234315164
523.1089108910892,0.1491962363777462
523.1287128712871,0.15347959253061227
523.1485148514852,0.15761813510245876
523.1683168316831,0.16160727325032825
523.1881188118812,0.1654426325579991
523.2079207920792,0.1691200488304684
523.2277227722772,0.1726355636027745
523.2475247524753,0.1759854209729908
523.2673267326733,0.17916606545834804
523.2871287128713,0.1821741406399186
523.3069306930693,0.18500648841219686
523.3267326732673,0.1876601486922639
523.3465346534654,0.19013235947298548
523.3663366336633,0.19242055712804298
523.3861386138615,0.19452237689426694
523.4059405940594,0.1964356534713629
523.4257425742574,0.19815842169010323
523.4455445544554,0.1996889172095426
523.4653465346535,0.20102557721073208
523.4851485148515,0.2021670410606479
523.5049504950495,0.20311215092509335
523.5247524752476,0.20385995231311932
523.5445544554456,0.20440969453931937
523.5643564356435,0.2047608310932903
523.5841584158416,0.2049130199081182
523.6039603960396,0.20486612352212644
523.6237623762377,0.2046202091304284
523.6435643564356,0.20417554852479466
523.6633663366337,0.2035326179223092
523.6831683168317,0.20269209768550323
523.7029702970297,0.20165487193857806
523.7227722772277,0.20042202808667794
523.7425742574258,0.19899485624771335
523.7623762376238,0.19737484860887825
523.7821782178218,0.19556369872343307
523.8019801980198,0.19356330076684605
523.8217821782179,0.19137574877617172
523.8415841584158,0.18900333590161567
523.8613861386139,0.18644855370601907
523.8811881188119,0.18371409155607088
523.9009900990098,0.18080283615883536
523.9207920792079,0.1777178713101193
523.940594059406,0.17446247793664985
523.960396039604,0.17104013453436284
523.980198019802,0.16745451813092183
524.0,0.16370950593371084
524.019801980198,0.1598091778682209
524.039603960396,0.1557578202685098
524.059405940594,0.1515599310570467
524.0792079207921,0.14722022685211456
524.0990099009902,0.14274365257707713
524.1188118811881,0.1381353943315139
524.1386138613861,0.13340089653963144
524.1584158415842,0.1285458847475883
524.1782178217821,0.12357639594310053
524.1980198019802,0.11849881898697265
524.2178217821782,0.11331994878293523
524.2376237623763,0.10804705933297999
524.2574257425742,0.10268800309263229
524.2772277227723,0.09725134747400019
524.2970297029703,0.09174656463437107
524.3168316831683,0.08618429898652764
524.3366336633663,0.08057675012992158
524.3564356435644,0.07493823050501959
524.3762376237623,0.06928599291989886
524.3960396039604,0.06364148357604088
524.4158415841584,0.05803227947198426
524.4356435643565,0.05249514555644991
524.4554455445544,0.04708094185986898
524.4752475247525,0.041862563804763636
524.4950495049505,0.036947616078908875
524.5148514851485,0.0324973368516621
524.5346534653465,0.028749306993210065
524.5544554455446,0.02602588638762023
524.5742574257426,0.02468026468503925
524.5940594059406,0.02494144894723304
524.6138613861385,0.026761073874567307
524.6336633663367,0.029848960699120956
524.6534653465346,0.033849391779685836
524.6732673267327,0.03846546198927963
524.6930693069307,0.04348625922580251
524.7128712871288,0.04877014878170945
524.7326732673267,0.05422239087959756
524.7524752475247,0.059778272459764706
524.7722772277228,0.06539215244393455
524.7920792079208,0.0710306539445316
524.8118811881188,0.07666845283228509
524.8316831683169,0.08228564130908814
524.8514851485148,0.08786604653662507
524.8712871287129,0.09339613587007647
524.8910891089108,0.09886428906749374
524.910891089109,0.10426030478653242
524.9306930693069,0.10957505975645383
524.950495049505,0.1148002694376738
524.970297029703,0.11992831742340918
524.990099009901,0.12495213222906566
525.009900990099,0.12986509728493073
525.029702970297,0.13466098454571288
525.0495049504951,0.13933390513098406
525.0693069306931,0.14387827240233683
525.089108910891,0.14828877422649658
525.1089108910892,0.1525603520927413
525.1287128712871,0.15668818539161616
525.1485148514852,0.16066767961075926
525.1683168316831,0.16449445752348738
525.1881188118813,0.16816435267616844
525.2079207920792,0.1716734046485024
525.2277227722772,0.175017855684077
525.2475247524753,0.1781941483806638
525.2673267326733,0.18119892419872752
525.2871287128713,0.18402902259843257
525.3069306930693,0.1866814806557919
525.3267326732673,0.18915353303885712
525.3465346534654,0.19144261224884912
525.3663366336633,0.1935463490498554
525.3861386138615,0.1954625730250083
525.4059405940594,0.19718931320931787
525.4257425742575,0.19872479875807308
525.4455445544554,0.20006745961774028
525.4653465346535,0.2012159271721994
525.4851485148515,0.20216903484234733
525.5049504950495,0.20292581862126619
525.5247524752476,0.20348551753088162
525.5445544554456,0.2038475739889235
525.5643564356435,0.20401163407786368
525.5841584158416,0.20397754770992055
525.6039603960396,0.20374536868426876
525.6237623762377,0.20331535463497957
525.6435643564356,0.2026879668700258
525.6633663366338,0.2018638701038249
525.6831683168317,0.20084393208801862
525.7029702970297,0.19962922314731804
525.7227722772277,0.1982210156298371
525.7425742574258,0.19662078328419694
525.7623762376238,0.19483020057877132
525.7821782178218,0.19285114198248585
525.8019801980198,0.1906856812307211
525.8217821782179,0.18833609060566847
525.8415841584158,0.18580484026680671
525.8613861386139,0.1830945976753015
525.8811881188119,0.1802082271663192
525.90099009901,0.17714878973553017
525.9207920792079,0.17391954312218544
525.940594059406,0.17052394229107942
525.960396039604,0.16696564044151446
525.980198019802,0.16324849070474787
526.0,0.15937654873454174
526.019801980198,0.15535407645238283
526.039603960396,0.1511855472840767
526.059405940594,0.14687565332481675
526.0792079207921,0.14242931500523498
526.0990099009902,0.1378516940152725
526.1188118811881,0.13314821049625358
526.1386138613861,0.12832456586433608
526.1584158415842,0.12338677312526149
526.1782178217821,0.11834119724813788
526.1980198019802,0.11319460918879515
526.2178217821782,0.10795425865163795
526.2376237623763,0.10262797290763263
526.2574257425742,0.09722429235490718
526.2772277227723,0.0917526586856212
526.2970297029703,0.08622367962367042
526.3168316831683,0.08064950710506051
526.3366336633663,0.07504438672475612
526.3564356435644,0.06942547090194787
526.3762376237624,0.0638140463697032
526.3960396039604,0.058237425345941424
526.4158415841584,0.052731917471505727
526.4356435643565,0.04734757767798873
526.4554455445544,0.04215584826590726
526.4752475247525,0.037261689663462716
526.4950495049505,0.03282161326117671
526.5148514851485,0.029065364403647053
526.5346534653465,0.026304751194670947
526.5544554455446,0.02488519754557218
526.5742574257426,0.02504116224653093
526.5940594059406,0.026744122502552686
526.6138613861386,0.029723205373034026
526.6336633663367,0.03363090888855772
526.6534653465346,0.03817012507929305
526.6732673267327,0.043126843640826425
526.6930693069307,0.048356257653157673
526.7128712871288,0.0537611523561316
526.7326732673267,0.05927504323401789
526.7524752475247,0.06485105402933741
526.7722772277228,0.0704549483511794
526.7920792079208,0.076060799162363
526.8118811881188,0.08164827071619266
526.8316831683169,0.08720088253944266
526.8514851485149,0.09270487815386545
526.8712871287129,0.09814847269144857
526.8910891089108,0.1035213426146588
526.910891089109,0.10881427327730558
526.9306930693069,0.11401891142578996
526.950495049505,0.11912758878219473
526.970297029703,0.12413319462331447
526.990099009901,0.12902908268438684
527.009900990099,0.13380900247261018
527.029702970297,0.13846704817975233
527.0495049504951,0.1429976204440759
527.0693069306931,0.14739539760128012
527.0891089108911,0.1516553140151269
527.1089108910892,0.15577254373878938
527.1287128712871,0.1597424882219393
527.1485148514852,0.16356076710924766
527.1683168316831,0.16722321141428703
527.1881188118813,0.17072585852595648
527.2079207920792,0.17406494863231156
527.2277227722772,0.1772369222417931
527.2475247524753,0.18023841855247708
527.2673267326733,0.1830662744743583
527.2871287128713,0.18571752415047207
527.3069306930693,0.18818939885437605
527.3267326732673,0.19047932716609378
527.3465346534654,0.1925849353478021
527.3663366336633,0.19450404785562714
527.3861386138615,0.19623468793598642
527.4059405940594,0.19777507826449378
527.4257425742575,0.19912364159327053
527.4455445544554,0.20027900137874846
527.4653465346535,0.20123998236739266
527.4851485148515,0.20200561112103405
527.5049504950495,0.2025751164672307
527.5247524752476,0.20294792986324475
527.5445544554456,0.20312368566486905
527.5643564356435,0.2031022212940662
527.5841584158416,0.20288357730134235
527.6039603960396,0.2024679973211594
527.6237623762377,0.20185592792065665
527.6435643564356,0.20104801834402214
527.6633663366338,0.2000451201571465
527.6831683168317,0.19884828679928246
527.7029702970297,0.19745877305120949
527.7227722772277,0.19587803443201546
527.7425742574258,0.19410772654001934
527.7623762376238,0.19214970435705403
527.7821782178218,0.19000602153998955
527.8019801980198,0.18767892972854486
527.8217821782179,0.18517087790541775
527.8415841584158,0.18248451185236828
527.8613861386139,0.17962267375645652
527.8811881188119,0.1765884020327927
527.90099009901,0.17338493144613848
527.9207920792079,0.17001569363383362
527.940594059406,0.16648431815815543
527.960396039604,0.16279463424942248
527.980198019802,0.15895067344443106
528.0,0.1549566733811814
528.019801980198,0.15081708308597358
528.039603960396,0.146536570188587
528.059405940594,0.14212003063594061
528.0792079207921,0.13757260165742408
528.0990099009902,0.1328996789867608
528.1188118811881,0.1281069396944168
528.1386138613861,0.1232003724761136
528.1584158415842,0.11818631794200964
528.1782178217821,0.11307152246006646
528.1980198019802,0.1078632105821693
528.2178217821782,0.10256918327226948
528.2376237623763,0.09719795245907695
528.2574257425742,0.09175892750226701
528.2772277227722,0.0862626770660297
528.2970297029703,0.08072130245303535
528.3168316831683,0.0751489787697508
528.3366336633663,0.06956275374455205
528.3564356435644,0.06398374994607657
528.3762376237624,0.05843901062389188
528.3960396039604,0.052964388877394436
528.4158415841583,0.047609142337920005
528.4356435643565,0.04244329133399591
528.4554455445544,0.03756923809655844
528.4752475247525,0.03313896838755219
528.4950495049505,0.02937478175976097
528.5148514851485,0.026578451377534444
528.5346534653465,0.025087762287031953
528.5544554455445,0.025141709777264855
528.5742574257426,0.026730350055632603
528.5940594059406,0.029601826418846913
528.6138613861386,0.03341731010527302
528.6336633663367,0.03787992286152183
528.6534653465346,0.042772763284992854
528.6732673267327,0.047947920056303515
528.6930693069306,0.05330571523053111
528.7128712871288,0.05877788745601178
528.7326732673267,0.06431631675393039
528.7524752475247,0.06988589966774661
528.7722772277228,0.0754601004575732
528.7920792079208,0.0810181512148189
528.8118811881188,0.08654326082353384
528.8316831683168,0.09202144682991767
528.8514851485149,0.09744075820470839
528.8712871287129,0.10279074810235647
528.8910891089108,0.10806210968242601
528.910891089109,0.11324642036448905
528.9306930693069,0.11833595953221894
528.950495049505,0.12332357686060987
528.9702970297029,0.12820259610225376
528.990099009901,0.1329667440850448
529.009900990099,0.1376100978833899
529.029702970297,0.14212704525527195
529.0495049504951,0.1465122548744263
529.0693069306931,0.1507606538695697
529.0891089108911,0.15486741086510594
529.1089108910891,0.1588279231971889
529.1287128712871,0.16263780732074237
529.1485148514852,0.16629289166865974
529.1683168316831,0.1697892114036877
529.1881188118813,0.17312300463518235
529.2079207920792,0.17629070977073247
529.2277227722772,0.17928896374618372
529.2475247524752,0.18211460093292742
529.2673267326733,0.18476465256401595
529.2871287128713,0.18723634655284327
529.3069306930693,0.18952710760394792
529.3267326732674,0.19163455753465158
529.3465346534654,0.19355651574244304
529.3663366336633,0.19529099976486147
529.3861386138614,0.1968362258888564
529.4059405940594,0.19819060977445063
529.4257425742575,0.19935276706409114
529.4455445544554,0.20032151395442083
529.4653465346535,0.20109586771167118
529.4851485148515,0.20167504711563905
529.5049504950495,0.20205847282051714
529.5247524752475,0.20224576762351654
529.5445544554456,0.202236756634949
529.5643564356436,0.2020314673455562
529.5841584158416,0.20163012958922508
529.6039603960396,0.20103317540115614
529.6237623762377,0.20024123877383668
529.6435643564356,0.19925515531525104
529.6633663366337,0.19807596181609982
529.6831683168317,0.1967048957353929
529.7029702970297,0.19514339461660826
529.7227722772277,0.19339309544977348
529.7425742574258,0.19145583399895366
529.7623762376238,0.18933364411874587
529.7821782178218,0.18702875708916333
529.8019801980198,0.1845436010046722
529.8217821782179,0.18188080026146033
529.8415841584158,0.1790431751967907
529.8613861386139,0.1760337419472011
529.8811881188119,0.17285571260774396
529.90099009901,0.1695124957948504
529.9207920792079,0.16600769774089258
529.9405940594058,0.16234512408168256
529.960396039604,0.15852878254115998
529.980198019802,0.1545628867739428
530.0,0.1504518617008152
530.019801980198,0.14620035077163238
530.0396039603961,0.1418132257237059
530.059405940594,0.13729559958531268
530.079207920792,0.1326528439234167
530.0990099009902,0.12789061168047303
530.1188118811881,0.12301486743133047
530.1386138613861,0.1180319275819251
530.1584158415842,0.1129485140260228
530.1782178217821,0.10777182622912235
530.1980198019802,0.10250963886124913
530.2178217821781,0.09717043534020839
530.2376237623763,0.09176359260440059
530.2574257425742,0.08629964014945568
530.2772277227723,0.08079062858488172
530.2970297029703,0.07525066267390378
530.3168316831683,0.0696966861408937
530.3366336633663,0.06414965933216817
530.3564356435643,0.05863636123710885
530.3762376237624,0.05319219910153582
530.3960396039604,0.047865656783951084
530.4158415841583,0.0427253835185327
530.4356435643565,0.03787133088546762
530.4554455445544,0.03345117438654053
530.4752475247525,0.029680142831346942
530.4950495049504,0.026850420759865816
530.5148514851486,0.025292166493200485
530.5346534653465,0.025247896524299478
530.5544554455445,0.026724914114899002
530.5742574257426,0.029490078801111607
530.5940594059406,0.03321376487585675
530.6138613861386,0.037599848345606514
530.6336633663366,0.042428805679024136
530.6534653465346,0.04754971952815114
530.6732673267327,0.052860472710690526
530.6930693069306,0.05829102507064405
530.7128712871288,0.06379200411042457
530.7326732673267,0.06932743015612218
530.7524752475248,0.07487015104801824
530.7722772277227,0.08039896064724258
530.7920792079208,0.08589675253848832
530.8118811881188,0.09134931473687224
530.8316831683168,0.096744527325089
530.8514851485149,0.10207181803879858
530.8712871287129,0.10732178619030244
530.8910891089108,0.1124859385611435
530.9108910891089,0.1175565011430269
530.9306930693069,0.12252628315194176
530.950495049505,0.127388577652125
530.9702970297029,0.13213708820503467
530.9900990099011,0.13676587427461878
531.009900990099,0.14126931032132833
531.029702970297,0.14564205500174396
531.049504950495,0.14987902790592483
531.0693069306931,0.1539753919694555
531.0891089108911,0.15792654019240301
531.1089108910891,0.16172808564990815
531.1287128712871,0.1653758540330056
531.1485148514852,0.16886587814299128
531.1683168316831,0.17219439389868327
531.1881188118812,0.1753578375166211
531.2079207920792,0.17835284360020745
531.2277227722773,0.1811762439308722
531.2475247524752,0.18382506679801366
531.2673267326733,0.18629653673815944
531.2871287128713,0.18858807457970417
531.3069306930693,0.19069729771006358
531.3267326732673,0.1926220204979448
531.3465346534654,0.1943602548163745
531.3663366336633,0.19591021062202402
531.3861386138614,0.19727029655486633
531.4059405940594,0.19843912052866391
531.4257425742575,0.19941549028845781
531.4455445544554,0.20019841391562987
531.4653465346535,0.20078710026522087
531.4851485148515,0.20118095932321878
531.5049504950495,0.2013796024746666
531.5247524752475,0.20138284267582562
531.5445544554456,0.20119069452611932
531.5643564356436,0.2008033742377362
531.5841584158416,0.20022129950291043
531.6039603960396,0.1994450892610453
531.6237623762377,0.1984755633700371
531.6435643564356,0.1973137421886206
531.6633663366337,0.19596084607887565
531.6831683168317,0.19441829484117043
531.7029702970298,0.1926877070969359
531.7227722772277,0.1907708996386026
531.7425742574258,0.1886698867704608
531.7623762376238,0.18638687966973874
531.7821782178218,0.1839242858038523
531.8019801980198,0.18128470844774724
531.8217821782179,0.17847094635545244
531.8415841584158,0.17548599365242148
531.8613861386139,0.17233304003112024
531.8811881188119,0.16901547135224299
531.90099009901,0.16553687077971874
531.9207920792079,0.1619010206104804
531.940594059406,0.1581119050030761
531.960396039604,0.15417371386513576
531.980198019802,0.15009084823396135
532.0,0.14586792758313333
532.019801980198,0.14150979962092838
532.0396039603961,0.13702155332632013
532.059405940594,0.13240853621566115
532.079207920792,0.12767637717566147
532.0990099009902,0.12283101667882776
532.1188118811881,0.11787874687958724
532.1386138613861,0.11282626507039327
532.1584158415842,0.10768074540689294
532.1782178217823,0.10244993592698276
532.1980198019802,0.09714229106561936
532.2178217821781,0.09176715471830943
532.2376237623763,0.0863350164360177
532.2574257425742,0.08085787522922475
532.2772277227723,0.0753497645751307
532.2970297029703,0.06982752345934622
532.3168316831683,0.06431195005572563
532.3366336633663,0.05882956122676094
532.3564356435643,0.05341532545242091
532.3762376237624,0.048116971141993856
532.3960396039604,0.04300181949960769
532.4158415841584,0.038167466900199704
532.4356435643565,0.033757475574644084
532.4554455445544,0.029980356215658102
532.4752475247525,0.027119148792406032
532.4950495049504,0.025496477477962198
532.5148514851486,0.025357532084742535
532.5346534653465,0.02672560592210114
532.5544554455445,0.029385880792263966
532.5742574257426,0.033018355773792904
532.5940594059406,0.037328138964799626
532.6138613861386,0.04209334317883468
532.6336633663366,0.04716014416041109
532.6534653465347,0.05242401244356223
532.6732673267327,0.05781313006874757
532.6930693069306,0.06327686570758179
532.7128712871288,0.06877835630894051
532.7326732673267,0.07428982715313427
532.7524752475248,0.07978962904975703
532.7722772277227,0.0852603366171001
532.7920792079208,0.09068750557344785
532.8118811881188,0.09605884502113372
532.8316831683168,0.10136365567984332
532.8514851485149,0.10659244178031582
532.8712871287129,0.11173663849884903
532.8910891089109,0.11678841766621836
532.9108910891089,0.12174054741924932
532.9306930693069,0.12658628962690371
532.950495049505,0.1313193241647607
532.9702970297029,0.1359336925355547
532.9900990099011,0.14042375560641054
533.009900990099,0.14478416176568437
533.029702970297,0.14900982285089587
533.049504950495,0.1530958959264635
533.0693069306931,0.1570377695012101
533.0891089108911,0.16083105313932605
533.1089108910891,0.1644715696802895
533.1287128712872,0.1679553494738484
533.1485148514852,0.1712786261762024
533.1683168316831,0.17443783375768102
533.1881188118812,0.17742960445009331
533.2079207920792,0.1802507674209497
533.2277227722773,0.1828983480067184
533.2475247524752,0.18536956737188895
533.2673267326733,0.1876618424873148
533.2871287128713,0.18977278634245312
533.3069306930693,0.1917002083222867
533.3267326732673,0.19344211469312494
533.3465346534654,0.19499670915172698
533.3663366336634,0.19636239340063497
533.3861386138614,0.19753776771961243
533.4059405940594,0.19852163150856536
533.4257425742575,0.19931298378209192
533.4455445544554,0.19991102359983534
533.4653465346535,0.20031515042004908
533.4851485148515,0.20052496436684347
533.5049504950495,0.2005402664042011
533.5247524752475,0.20036105841223137
533.5445544554456,0.19998754316334802
533.5643564356436,0.1994201241982978
533.5841584158416,0.1986594056040757
533.6039603960396,0.19770619169802528
533.6237623762377,0.19656148662479972
533.6435643564356,0.1952264938753702
533.6633663366337,0.19370261574027678
533.6831683168317,0.19199145271250517
533.7029702970298,0.1900948028593022
533.7227722772277,0.18801466118671256
533.7425742574258,0.18575321902618452
533.7623762376238,0.18331286347917922
533.7821782178218,0.1806961769636989
533.8019801980198,0.17790593691700704
533.8217821782179,0.17494511572103238
533.8415841584159,0.17181688093294462
533.8613861386139,0.1685245959233068
533.8811881188119,0.16507182104974366
533.90099009901,0.16146231552711074
533.9207920792079,0.15770004019765527
533.940594059406,0.15378916146076302
533.960396039604,0.14973405669545753
533.980198019802,0.14553932160700883
534.0,0.14120978006087398
534.019801980198,0.13675049714588164
534.0396039603961,0.13216679645350224
534.059405940594,0.1274642828993334
534.0792079207921,0.12264887288783045
534.0990099009902,0.11772683429511425
534.1188118811881,0.11270483971142771
534.1386138613861,0.1075900377930258
534.1584158415842,0.10239014965131539
534.1782178217823,0.09711360032348415
534.1980198019802,0.09176970011473566
534.2178217821781,0.08636889795236097
534.2376237623763,0.08092314046848868
534.2574257425742,0.07544638907568316
534.2772277227723,0.06995537749463769
534.2970297029703,0.06447074202966277
534.3168316831684,0.05901873982194206
534.3366336633663,0.05363390786720878
534.3564356435643,0.04836323727101297
534.3762376237624,0.04327276293243863
534.3960396039604,0.03845781705458165
534.4158415841584,0.03405803428525188
534.4356435643565,0.030275537607004993
534.4554455445544,0.027384642603819388
534.4752475247525,0.025700551941412197
534.4950495049504,0.025470372111583536
534.5148514851486,0.026732183536121147
534.5346534653465,0.029289045769652453
534.5544554455446,0.032830948115252626
534.5742574257426,0.037064694313308263
534.5940594059406,0.04176629649266347
534.6138613861386,0.046779128482577925
534.6336633663366,0.05199627912004409
534.6534653465347,0.0573441555403374
534.6732673267327,0.0627708622270095
534.6930693069306,0.06823864607942542
534.7128712871288,0.07371910393677367
534.7326732673267,0.07919013888051908
534.7524752475248,0.0846340029807477
534.7722772277227,0.0900360169459642
534.7920792079209,0.09538371684011937
534.8118811881188,0.10066627479281967
534.8316831683168,0.10587409873484271
534.8514851485149,0.11099855128121337
534.8712871287129,0.11603174934063482
534.8910891089109,0.12096641935608816
534.9108910891089,0.12579579149800946
534.9306930693069,0.1305135215389148
534.950495049505,0.1351136326707628
534.9702970297029,0.13959047187179968
534.9900990099011,0.14393867701062865
535.009900990099,0.1481531519572626
535.0297029702971,0.15222904772094153
535.049504950495,0.15616174816201067
535.0693069306931,0.15994685920000978
535.0891089108911,0.16358020071029408
535.1089108910891,0.16705780049767338
535.1287128712872,0.17037588988016414
535.1485148514852,0.17353090052291237
535.1683168316831,0.17651946224287796
535.1881188118812,0.17933840156541075
535.2079207920792,0.1819847408602267
535.2277227722773,0.18445569791988675
535.2475247524752,0.1867486858713919
535.2673267326734,0.18886131333308206
535.2871287128713,0.19079138474599242
535.3069306930693,0.19253690082214117
535.3267326732673,0.19409605906318567
535.3465346534654,0.19546725431122997
535.3663366336634,0.19664907930094203
535.3861386138614,0.19764032518773755
535.4059405940594,0.19843998203158197
535.4257425742575,0.19904723922012973
535.4455445544554,0.19946148581832374
535.4653465346535,0.1996823108345957
535.4851485148515,0.19970950339640536
535.5049504950496,0.1995430528305706
535.5247524752475,0.1991831486456956
535.5445544554456,0.19863018041668135
535.5643564356436,0.1978847375730768
535.5841584158416,0.19694760909555872
535.6039603960396,0.19581978312717255
535.6237623762377,0.19450244650842868
535.6435643564356,0.1929969842483521
535.6633663366337,0.191304978947004
535.6831683168317,0.1894282101886146
535.7029702970298,0.18736865392923996
535.7227722772277,0.18512848190820738
535.7425742574258,0.18271006111932495
535.7623762376238,0.18011595338588055
535.7821782178218,0.17734891509352335
535.8019801980198,0.17441189714779518
535.8217821782179,0.17130804523845247
535.8415841584159,0.16804070051327005
535.8613861386139,0.16461340078890696
535.8811881188118,0.16102988245958846
535.90099009901,0.15729408330691752
535.9207920792079,0.1534101464694046
535.940594059406,0.14938242590408873
535.960396039604,0.14521549376980997
535.9801980198021,0.14091415029265392
536.0,0.13648343685157888
536.0198019801979,0.13192865326452988
536.0396039603961,0.12725538059152347
536.059405940594,0.12246951124051943
536.0792079207921,0.11757728882686845
536.0990099009902,0.1125853611907604
536.1188118811881,0.10750085136227788
536.1386138613861,0.10233145330613054
536.1584158415841,0.09708556233348672
536.1782178217823,0.09177245471202249
536.1980198019802,0.08640253817911742
536.2178217821782,0.08098770633109235
536.2376237623763,0.07554184785703899
536.2574257425742,0.07008159077833212
536.2772277227723,0.06462740983768543
536.2970297029702,0.059205304649673565
536.3168316831684,0.053849387296007904
536.3366336633663,0.04860592788470511
536.3564356435643,0.04353971239243652
536.3762376237624,0.038743890144099166
536.3960396039604,0.03435433345304631
536.4158415841584,0.03056707099721908
536.4356435643564,0.027648068675923728
536.4554455445545,0.025905216247270754
536.4752475247525,0.025586867705666656
536.4950495049504,0.026744784179740907
536.5148514851486,0.029199467437534002
536.5346534653465,0.03265123738359453
536.5544554455446,0.03680904550680695
536.5742574257425,0.04144706207314594
536.5940594059406,0.046405959625980285
536.6138613861386,0.05157647098203795
536.6336633663366,0.05688322678544068
536.6534653465347,0.062273058344358555
536.6732673267327,0.06770731305982265
536.6930693069307,0.07315695137281815
536.7128712871287,0.07859942241568146
536.7326732673267,0.08401665097495574
536.7524752475248,0.08939371916746137
536.7722772277227,0.09471798729906603
536.7920792079209,0.09997849682554183
536.8118811881188,0.10516555776224265
536.8316831683168,0.11027045889396402
536.8514851485148,0.11528526119699124
536.8712871287129,0.12020264860514991
536.8910891089109,0.1250158189240804
536.9108910891089,0.12971840327233294
536.930693069307,0.13430440607088145
536.950495049505,0.13876816002118397
536.9702970297029,0.14310429214291226
536.990099009901,0.14730769805770874
537.009900990099,0.151373522479356
537.0297029702971,0.15529714441398468
537.049504950495,0.15907416596075674
537.0693069306931,0.16270040388155946
537.0891089108911,0.16617188331053323
537.1089108910891,0.16948483312316337
537.1287128712871,0.17263568259473122
537.1485148514852,0.17562105906090034
537.1683168316832,0.17843778635552293
537.1881188118812,0.18108288384841506
537.2079207920792,0.18355356594246505
537.2277227722773,0.185847241917817
537.2475247524752,0.18796151603297273
537.2673267326733,0.1898941878099594
537.2871287128713,0.19164325244482544
537.3069306930693,0.1932069012953323
537.3267326732673,0.1945835224069744
537.3465346534654,0.19577170104543282
537.3663366336634,0.19677022020968943
537.3861386138614,0.19757806110476026
537.4059405940593,0.198194403557392
537.4257425742575,0.19861862636134103
537.4455445544554,0.19885030754220634
537.4653465346535,0.19888922453424576
537.4851485148515,0.19873535426437425
537.5049504950496,0.19838887314058484
537.5247524752475,0.19785015694447255
537.5445544554455,0.19711978062971725
537.5643564356436,0.19619851803055
537.5841584158416,0.19508734148676643
537.6039603960396,0.19378742139443597
537.6237623762377,0.19230012569432983
537.6435643564356,0.1906270193134155
537.6633663366337,0.18876986357878994
537.6831683168316,0.18673061562772186
537.7029702970298,0.18451142784321956
537.7227722772277,0.18211464735105568
537.7425742574258,0.17954281562223676
537.7623762376238,0.17679866823515386
537.7821782178218,0.1738851348638911
537.8019801980198,0.17080533957519167
537.8217821782177,0.16756260153625505
537.8415841584159,0.16416043626109839
537.8613861386139,0.16060255755584305
537.8811881188118,0.15689288036569995
537.90099009901,0.1530355247816715
537.9207920792079,0.14903482153802836
537.940594059406,0.14489531942841205
537.9603960396039,0.14062179519833995
537.9801980198021,0.1362192666477273
538.0,0.1316930099174646
538.0198019801979,0.127048582266304
538.0396039603961,0.12229185210847396
538.059405940594,0.11742903873880248
538.0792079207921,0.11246676511194806
538.09900990099,0.10741212840566776
538.1188118811881,0.10227279510457922
538.1386138613861,0.09705713033641875
538.1584158415841,0.09177437573655027
538.1782178217823,0.08643489711801089
538.1980198019802,0.08105053419266842
538.2178217821782,0.07563510205153805
538.2376237623762,0.07020512234100032
538.2574257425742,0.06478090828252203
538.2772277227723,0.05938820386033715
538.2970297029702,0.05406070246050598
538.3168316831684,0.048843969008166614
538.3366336633663,0.043801577038988744
538.3564356435643,0.039024572272692626
538.3762376237623,0.03464522543105763
538.3960396039604,0.0308537567960934
538.4158415841584,0.027908155882804726
538.4356435643564,0.026109144057187582
538.4554455445545,0.02570573681762463
538.4752475247525,0.02676230296875419
538.4950495049504,0.02911627668818555
538.5148514851485,0.03247856875189173
538.5346534653465,0.036560704417722634
538.5544554455446,0.04113527543441868
538.5742574257425,0.04604036439693283
538.5940594059406,0.05116438278093089
538.6138613861386,0.056430189560019786
538.6336633663366,0.06178333830311206
538.6534653465346,0.06718427054613386
538.6732673267327,0.07260330456526912
538.6930693069307,0.0780174309135417
538.7128712871287,0.08340824353761803
538.7326732673267,0.0887605832708099
538.7524752475248,0.09406163262450135
538.7722772277227,0.09930030082932294
538.7920792079208,0.10446679879046541
538.8118811881188,0.10955234053002083
538.8316831683168,0.11454893035373538
538.8514851485148,0.11944920909361963
538.8712871287129,0.1242463417079917
538.8910891089109,0.1289339342636666
538.9108910891089,0.13350597207897372
538.9306930693069,0.1379567732996084
538.950495049505,0.14228095385988088
538.9702970297029,0.14647340093194633
538.990099009901,0.1505292527626911
539.009900990099,0.15444388335816098
539.0297029702971,0.15821289087371265
539.049504950495,0.16183208885436884
539.0693069306931,0.1652974996784765
539.0891089108911,0.16860534971065547
539.1089108910891,0.17175206578375007
539.1287128712871,0.1747342727144318
539.1485148514852,0.17754879162157033
539.1683168316832,0.18019263886524017
539.1881188118812,0.1826630254620786
539.2079207920792,0.18495735686164952
539.2277227722773,0.18707323299140968
539.2475247524752,0.1890084484955405
539.2673267326733,0.19076099310726308
539.2871287128713,0.19232905210548143
539.3069306930693,0.19371100681570824
539.3267326732673,0.19490543512273825
539.3465346534654,0.19591111196843664
539.3663366336634,0.19672700981329574
539.3861386138614,0.1973522990443594
539.4059405940594,0.19778634831610578
539.4257425742575,0.19802872481362147
539.4455445544554,0.19807919443051125
539.4653465346535,0.19793772185628056
539.4851485148515,0.19760447057051378
539.5049504950496,0.19707980274320303
539.5247524752475,0.19636427904296835
539.5445544554455,0.19545865835723877
539.5643564356436,0.1943638974307558
539.5841584158416,0.1930811504314897
539.6039603960396,0.19161176845604438
539.6237623762377,0.1899572989897696
539.6435643564357,0.18811948534095935
539.6633663366337,0.18610026607284738
539.6831683168316,0.18390177446275036
539.7029702970298,0.18152633802428222
539.7227722772277,0.17897647813669532
539.7425742574258,0.1762549098354825
539.7623762376238,0.17336454183079894
539.7821782178218,0.17030847683602757
539.8019801980198,0.1670900123086543
539.8217821782177,0.16371264173094052
539.8415841584159,0.16018005659049223
539.8613861386139,0.15649614926293628
539.8811881188119,0.15266501705407862
539.90099009901,0.148690967731227
539.9207920792079,0.14457852696983262
539.940594059406,0.1403324482703271
539.9603960396039,0.13595772607448525
539.9801980198021,0.1314596130487922
540.0,0.1268436428309548
540.0198019801979,0.12211565999456221
540.0396039603961,0.11728185963466982
540.059405940594,0.11234883990329762
540.0792079207921,0.10732367216586124
540.09900990099,0.10221399542026063
540.1188118811882,0.0970281445582184
540.1386138613861,0.09177532649380839
540.1584158415841,0.08646586501898737
540.1782178217823,0.08111154592360721
540.1980198019802,0.0757261108661122
540.2178217821782,0.07032597578456579
540.2376237623762,0.06493129415647
540.2574257425742,0.05956755846801953
540.2772277227723,0.05426805244618057
540.2970297029702,0.049077655003831
540.3168316831684,0.044058767150089675
540.3366336633663,0.039300412234975365
540.3564356435644,0.034931416841428475
540.3762376237623,0.03113646401497749
540.3960396039604,0.028165912702421716
540.4158415841584,0.02631344303186459
540.4356435643564,0.025828169243342965
540.4554455445545,0.026786016052025133
540.4752475247525,0.029040812452471445
540.4950495049504,0.03231429667433804
540.5148514851485,0.03632100301161554
540.5346534653465,0.040832227132975275
540.5544554455446,0.045683586461869
540.5742574257425,0.05076121254881541
540.5940594059407,0.055986200204722995
540.6138613861386,0.06130282141724209
540.6336633663366,0.066670605371228
540.6534653465346,0.07205922198236787
540.6732673267327,0.0774451980884525
540.6930693069307,0.08280979275295591
540.7128712871287,0.0881376023994062
540.7326732673267,0.09341562933375697
540.7524752475248,0.09863264869242913
540.7722772277227,0.1037787708075962
540.7920792079208,0.10884513378051823
540.8118811881188,0.1138236843179383
540.8316831683169,0.1187070193962649
540.8514851485148,0.12348827050712699
540.8712871287129,0.12816101815088277
540.8910891089109,0.13271922811125816
540.9108910891089,0.13715720361257178
540.9306930693069,0.1414695491922352
540.950495049505,0.1456511433061481
540.9702970297029,0.1496971175052549
540.990099009901,0.15360284059880253
541.009900990099,0.15736390662969837
541.0297029702971,0.16097612578236484
541.049504950495,0.16443551755788793
541.0693069306931,0.1677383057088552
541.0891089108911,0.1708809145431667
541.1089108910891,0.17385996629339912
541.1287128712871,0.17667227931466278
541.1485148514852,0.1793148669239926
541.1683168316832,0.18178493673323265
541.1881188118812,0.18407989035698805
541.2079207920792,0.18619732340094755
541.2277227722773,0.18813502565388435
541.2475247524752,0.18989098142146202
541.2673267326733,0.19146336995143112
541.2871287128713,0.19285056590915384
541.3069306930694,0.19405113987013253
541.3267326732673,0.19506385880226595
541.3465346534654,0.19588768651580113
541.3663366336634,0.1965217840633668
541.3861386138614,0.1969655100760101
541.4059405940594,0.19721842102451437
541.4257425742575,0.19728027139801463
541.4455445544554,0.19715101379453395
541.4653465346535,0.19683079892050898
541.4851485148515,0.19631997549855457
541.5049504950496,0.1956190900851212
541.5247524752475,0.19472888680193048
541.5445544554456,0.1936503069874948
541.5643564356436,0.1923844887778493
541.5841584158416,0.19093276662835912
541.6039603960396,0.18929667079191992
541.6237623762377,0.18747792677281414
541.6435643564357,0.18547845477997218
541.6633663366337,0.18330036920893455
541.6831683168316,0.1809459781884805
541.7029702970298,0.17841778323586346
541.7227722772277,0.17571847907487528
541.7425742574258,0.17285095368319056
541.7623762376238,0.169818288651191
541.7821782178219,0.1666237599544114
541.8019801980198,0.1632708392667966
541.8217821782177,0.15976319597449237
541.8415841584159,0.15610470009191915
541.8613861386139,0.1522994263365534
541.8811881188119,0.14835165969092945
541.90099009901,0.14426590287595456
541.9207920792079,0.14004688628751258
541.940594059406,0.1356995811212616
541.9603960396039,0.13122921664624104
541.9801980198021,0.12664130291329256
542.0,0.12194166063746181
542.019801980198,0.11713646063291673
542.0396039603961,0.11223227609185885
542.059405940594,0.10723615231907974
542.0792079207921,0.10215570047006357
542.09900990099,0.09699922472069758
542.1188118811882,0.09177589664642138
542.1386138613861,0.08649599726016924
542.1584158415841,0.08117125755422065
542.1782178217823,0.07581534484283974
542.1980198019802,0.07044456861594572
542.2178217821782,0.06507892251509186
542.2376237623762,0.0597436491253183
542.2574257425744,0.054471628030835946
542.2772277227723,0.049307066284170656
542.2970297029702,0.044311224929573394
542.3168316831684,0.03957117521246509
542.3366336633663,0.035212441030119494
542.3564356435644,0.03141441959929901
542.3762376237623,0.028420175994965935
542.3960396039604,0.026516518775956305
542.4158415841584,0.025952218026434805
542.4356435643564,0.026813805490237774
542.4554455445545,0.028970945832612994
542.4752475247525,0.032156359566466744
542.4950495049505,0.03608797007476301
542.5148514851485,0.04053603682733598
542.5346534653465,0.04533382968615239
542.5544554455446,0.05036524007477309
542.5742574257425,0.055549606413687544
542.5940594059407,0.06082991613163625
542.6138613861386,0.06616478057002005
542.6336633663366,0.07152321603378677
542.6534653465346,0.07688128134664263
542.6732673267327,0.08221989736212583
542.6930693069307,0.08752341357131718
542.7128712871287,0.09277865016863282
542.7326732673268,0.09797424674845141
542.7524752475248,0.10310021195903177
542.7722772277227,0.10814760711733444
542.7920792079208,0.11310832065031504
542.8118811881188,0.11797490513405322
542.8316831683169,0.12274045815131693
542.8514851485148,0.12739853427224918
542.8712871287129,0.13194307944313358
542.8910891089109,0.13636838171219365
542.9108910891089,0.14066903400414477
542.9306930693069,0.1448399058747363
542.950495049505,0.1488761220220104
542.970297029703,0.15277304592456364
542.990099009901,0.15652626739925893
543.009900990099,0.16013159317443348
543.0297029702971,0.16358503979492
543.049504950495,0.1668828283375913
543.0693069306931,0.17002138053599564
543.0891089108911,0.17299731600280238
543.1089108910891,0.1758074503065527
543.1287128712871,0.1784487937109946
543.1485148514852,0.18091855042509375
543.1683168316832,0.18321411824230144
543.1881188118812,0.18533308847196334
543.2079207920792,0.18727324608428073
543.2277227722773,0.18903257000539392
543.2475247524752,0.1906092335109282
543.2673267326733,0.19200160467599217
543.2871287128713,0.19320824684735916
543.3069306930694,0.19422791910998186
543.3267326732673,0.1950595767252324
543.3465346534653,0.19570237152278105
543.3663366336634,0.19615565223163922
543.3861386138614,0.1964189647393846
543.4059405940594,0.19649205227125408
543.4257425742575,0.19637485548360106
543.4455445544555,0.196067512468504
543.4653465346535,0.19557035866869177
543.4851485148514,0.19488392670428398
543.5049504950496,0.19400894611519384
543.5247524752475,0.1929463430253103
543.5445544554456,0.19169723973761998
543.5643564356436,0.19026295427198184
543.5841584158416,0.1886449998609704
543.6039603960396,0.1868450844228641
543.6237623762376,0.18486511003559364
543.6435643564357,0.18270717244091378
543.6633663366337,0.18037356061468285
543.6831683168317,0.17786675644730005
543.7029702970298,0.17518943458828945
543.7227722772277,0.17234446252156435
543.7425742574258,0.16933490095344006
543.7623762376237,0.16616400461534156
543.7821782178219,0.16283522360811897
543.8019801980198,0.15935220544741074
543.8217821782177,0.15571879801110172
543.8415841584159,0.1519390536444341
543.8613861386139,0.14801723474990683
543.8811881188119,0.14395782128407786
543.9009900990098,0.13976552071010118
543.920792079208,0.13544528112634863
543.940594059406,0.1310023085248838
543.9603960396039,0.12644208945520322
543.9801980198021,0.12177042081661063
544.0,0.1169934491333461
544.019801980198,0.11211772256605407
544.039603960396,0.1071502602122865
544.059405940594,0.10209864515034332
544.0792079207921,0.09697115050436403
544.09900990099,0.09177691206459913
544.1188118811882,0.08652616750856416
544.1386138613861,0.08123059239022477
544.1584158415842,0.07590377903466426
544.1782178217821,0.07056193003100936
544.1980198019802,0.06522487936578657
544.2178217821782,0.059917621491250725
544.2376237623762,0.0546726372297769
544.2574257425744,0.049533475015174924
544.2772277227723,0.044560285765038996
544.2970297029702,0.03983825215431057
544.3168316831683,0.03548972201114736
544.3366336633663,0.03168902993889484
544.3564356435644,0.02867224427859519
544.3762376237623,0.026719449925362484
544.3960396039605,0.026078670766457646
544.4158415841584,0.026846171731095915
544.4356435643564,0.0289069246020382
544.4554455445544,0.032004782373472436
544.4752475247525,0.035861434788117805
544.4950495049505,0.0402463652242812
544.5148514851485,0.044990611657863604
544.5346534653465,0.0499758613465105
544.5544554455446,0.05511969990612719
544.5742574257425,0.06036382354669004
544.5940594059406,0.06566591732151603
544.6138613861386,0.07099433640020786
544.6336633663367,0.07632466556644482
544.6534653465346,0.08163748282778091
544.6732673267327,0.08691688722274486
544.6930693069307,0.09214951416200041
544.7128712871287,0.09732386565603073
544.7326732673267,0.1024298470930309
544.7524752475248,0.10745844177416188
544.7722772277227,0.11240147887179619
544.7920792079208,0.11725146578002549
544.8118811881188,0.12200146553794704
544.8316831683169,0.12664500626383984
544.8514851485148,0.13117601363330306
544.8712871287129,0.1355887601553718
544.8910891089109,0.13987782683546318
544.9108910891089,0.14403807406893193
544.9306930693069,0.1480646194792074
544.950495049505,0.1519528210251987
544.970297029703,0.15569826413692062
544.990099009901,0.15929675195049647
545.0099009900989,0.16274429794037487
545.0297029702971,0.16603712041343374
545.049504950495,0.16917163845277916
545.0693069306931,0.17214446899192457
545.0891089108911,0.17495242476934045
545.1089108910892,0.1775925129668933
545.1287128712871,0.18006193437621074
545.1485148514851,0.18235808296873335
545.1683168316832,0.18447854576962727
545.1881188118812,0.18642110295533737
545.2079207920792,0.18818372810949877
545.2277227722773,0.18976458858457465
545.2475247524752,0.1911620459259124
545.2673267326733,0.19237465632335526
545.2871287128712,0.19340117106171342
545.3069306930694,0.19424053694705037
545.3267326732673,0.19489189669008294
545.3465346534654,0.19535458923201332
545.3663366336634,0.19562815000135853
545.3861386138614,0.19571231109326623
545.4059405940594,0.1956070013655793
545.4257425742574,0.19531234644819764
545.4455445544555,0.19482866866489815
545.4653465346535,0.19415648686882925
545.4851485148514,0.19329651619540478
545.5049504950496,0.19224966773888494
545.5247524752475,0.19101704816138296
545.5445544554456,0.1895999592462483
545.5643564356435,0.18799989741095574
545.5841584158417,0.18621855319875436
545.6039603960396,0.18425781077273878
545.6237623762376,0.18211974744154255
545.6435643564357,0.17980663325263088
545.6633663366337,0.17732093069708224
545.6831683168317,0.17466529457989025
545.7029702970297,0.1718425721221803
545.7227722772277,0.1688558033772828
545.7425742574258,0.1657082220624944
545.7623762376237,0.16240325693307314
545.7821782178219,0.15894453385756974
545.8019801980198,0.15533587879483662
545.8217821782179,0.15158132192735013
545.8415841584158,0.14768510327664142
545.8613861386139,0.14365168022068756
545.8811881188119,0.13948573745915138
545.9009900990098,0.13519220014204134
545.920792079208,0.1307762511085918
545.940594059406,0.1262433535013221
545.9603960396039,0.12159928046263095
545.980198019802,0.11685015424372056
546.0,0.11200249794198563
546.019801980198,0.10706330436087687
546.039603960396,0.10204012835438799
546.0594059405942,0.09694121178666584
546.0792079207921,0.09177565440136905
546.09900990099,0.08655365025299636
546.1188118811881,0.08128681920820466
546.1386138613861,0.07598867853235025
546.1584158415842,0.070675324309707
546.1782178217821,0.06536643231681673
546.1980198019802,0.0600867525388459
546.2178217821782,0.05486837527928817
546.2376237623762,0.0497542079080527
546.2574257425742,0.04480332747533488
546.2772277227723,0.040099100879587964
546.2970297029703,0.035760839082631654
546.3168316831683,0.03195805319987516
546.3366336633663,0.028920132387941562
546.3564356435644,0.026920616133548486
546.3762376237623,0.0262064116232568
546.3960396039604,0.02688261644948117
546.4158415841584,0.028848871215139522
546.4356435643564,0.03186021264843291
546.4554455445544,0.03564244745086903
546.4752475247525,0.03996456101349268
546.4950495049505,0.04465550223729751
546.5148514851485,0.04959481268478839
546.5346534653465,0.0546983448026486
546.5544554455446,0.05990650789144708
546.5742574257425,0.06517605974645488
546.5940594059406,0.07047469203295317
546.6138613861386,0.07577751308800373
546.6336633663367,0.08106475602689302
546.6534653465346,0.0863202678036419
546.6732673267327,0.09153049777433327
546.6930693069307,0.09668380938112385
546.7128712871287,0.10177000398617851
546.7326732673267,0.1067799862728561
546.7524752475248,0.11170552567976277
546.7722772277228,0.1165390840320646
546.7920792079208,0.12127368950830802
546.8118811881188,0.12590284351191647
546.8316831683169,0.1304204512270397
546.8514851485148,0.1348207694364613
546.8712871287129,0.13909836706673834
546.8910891089109,0.1432480952162928
546.9108910891089,0.14726506431715716
546.9306930693069,0.15114462670907347
546.950495049505,0.15488236335127187
546.970297029703,0.15847407371796732
546.990099009901,0.16191576815684677
547.009900990099,0.16520366216090654
547.0297029702971,0.1683341721310455
547.049504950495,0.17130391230142716
547.0693069306931,0.17410969257164058
547.0891089108911,0.17674851704395725
547.1089108910892,0.17921758310591313
547.1287128712871,0.18151428093089741
547.1485148514851,0.18363619329461925
547.1683168316832,0.1855810956249332
547.1881188118812,0.1873469562186781
547.2079207920792,0.1889319365711287
547.2277227722773,0.19033439177415074
547.2475247524753,0.19155287094701853
547.2673267326733,0.19258611767083203
547.2871287128712,0.193433070402607
547.3069306930694,0.19409286285015961
547.3267326732673,0.19456482429253152
547.3465346534654,0.19484847983425238
547.3663366336634,0.19494355058472487
547.3861386138614,0.19484995375666042
547.4059405940594,0.1945678026800527
547.4257425742574,0.19409740673056453
547.4455445544555,0.19343927117356244
547.4653465346535,0.19259409692729762
547.4851485148515,0.1915627802514643
547.5049504950496,0.19034641236985445
547.5247524752475,0.18894627903891903
547.5445544554456,0.18736386007741834
547.5643564356435,0.18560082887624027
547.5841584158417,0.18365905191211276
547.6039603960396,0.18154058829438027
547.6237623762376,0.17924768938070143
547.6435643564357,0.1767827985055803
547.6633663366337,0.17414855087569925
547.6831683168317,0.17134777369828774
547.7029702970297,0.16838348662446925
547.7227722772277,0.16525890260901493
547.7425742574258,0.1619774293130163
547.7623762376237,0.15854267120786697
547.7821782178219,0.1549584325804065
547.8019801980198,0.15122872169282864
547.8217821782179,0.14735775642168092
547.8415841584158,0.14334997179369321
547.8613861386139,0.1392100299611074
547.8811881188119,0.13494283332740206
547.9009900990098,0.1305535417631154
547.920792079208,0.12604759516622022
547.940594059406,0.12143074305839235
547.9603960396039,0.11670908352275353
547.980198019802,0.11188911466176012
548.0,0.10697780301139406
548.019801980198,0.10198267518241268
548.039603960396,0.09691194171395075
548.0594059405942,0.0917746661992342
548.0792079207921,0.08658099895012852
548.09900990099,0.08134250406581119
548.1188118811881,0.07607262382995632
548.1386138613861,0.07078734830338317
548.1584158415842,0.065506196433685
548.1782178217821,0.06025367701914667
548.1980198019802,0.05506149703672867
548.2178217821782,0.04997193794295958
548.2376237623762,0.04504303405022754
548.2574257425742,0.040356398785141696
548.2772277227723,0.03602842508377423
548.2970297029703,0.03222400416095741
548.3168316831683,0.02916611535285054
548.3366336633663,0.027121900807971163
548.3564356435644,0.026336821408004855
548.3762376237623,0.026924006827640123
548.3960396039604,0.028797198092559862
548.4158415841584,0.03172268339220448
548.4356435643564,0.03543073377965821
548.4554455445544,0.039690106501166514
548.4752475247525,0.04432779332790107
548.4950495049505,0.04922123750407206
548.5148514851485,0.054284568344123645
548.5346534653465,0.05945690496051148
548.5544554455446,0.06469407117484745
548.5742574257425,0.06996308849985866
548.5940594059406,0.07523858323910455
548.6138613861386,0.08050043919262133
548.6336633663367,0.08573224780502899
548.6534653465346,0.09092026973913388
548.6732673267327,0.09605272782841953
548.6930693069307,0.1011193178180531
548.7128712871287,0.10611086451969166
548.7326732673267,0.11101907663798855
548.7524752475248,0.11583636962156409
548.7722772277228,0.1205557361283777
548.7920792079208,0.12517065030154267
548.8118811881188,0.12967499637824187
548.8316831683169,0.1340630150313035
548.8514851485148,0.1383292627828041
548.8712871287129,0.14246858115634492
548.8910891089109,0.14647607315451125
548.9108910891089,0.1503470852937239
548.9306930693069,0.15407719388741578
548.950495049505,0.15766219459845776
548.970297029703,0.16109809452102528
548.990099009901,0.16438110622805352
549.009900990099,0.1675076433506514
549.0297029702971,0.1704743173534145
549.049504950495,0.17327793524289695
549.0693069306931,0.17591549800279713
549.0891089108911,0.17838419959198365
549.1089108910892,0.18068142637499007
549.1287128712871,0.18280475688033898
549.1485148514851,0.18475196180240275
549.1683168316832,0.18652100417850884
549.1881188118812,0.18811003968599896
549.2079207920792,0.1895174170140188
549.2277227722773,0.19074167827336952
549.2475247524753,0.19178155941438052
549.2673267326733,0.19263599062870376
549.2871287128712,0.19330409671525525
549.3069306930694,0.19378519739500877
549.3267326732673,0.19407880756242724
549.3465346534654,0.19418463746454584
549.3663366336634,0.19410259280154993
549.3861386138614,0.19383277474499394
549.4059405940594,0.193375479872469
549.4257425742574,0.1927312000197472
549.4455445544555,0.1919006220539297
549.4653465346535,0.19088462757357058
549.4851485148515,0.1896842925445294
549.5049504950496,0.18830088688327956
549.5247524752475,0.1867358740027393
549.5445544554456,0.1849909103397549
549.5643564356435,0.18306784488785835
549.5841584158417,0.18096871876440182
549.6039603960396,0.17869576484796054
549.6237623762376,0.1762514075297913
549.6435643564357,0.1736382626332142
549.6633663366337,0.1708591375671828
549.6831683168317,0.16791703179563103
549.7029702970297,0.1648151377240139
549.7227722772278,0.16155684212898314
549.7425742574258,0.15814572828937642
549.7623762376237,0.15458557901741674
549.7821782178219,0.15088038084288222
549.8019801980198,0.14703432967291677
549.8217821782179,0.14305183834308427
549.8415841584158,0.1389375465990113
549.8613861386139,0.13469633421470945
549.8811881188119,0.1303333381801313
549.9009900990098,0.1258539752016572
549.920792079208,0.12126397119087406
549.940594059406,0.11656940002274979
549.960396039604,0.11177673470464847
549.980198019802,0.10689291533454269
550.0,0.10192544002870177
550.019801980198,0.09688248766070413
550.039603960396,0.09177308524021895
550.0594059405942,0.08660733882071815
550.0792079207921,0.08139675617349354
550.09900990099,0.07615470409239666
550.1188118811881,0.07089706637517111
550.1386138613861,0.06564320562755153
550.1584158415842,0.060417391622713555
550.1782178217821,0.05525095378709411
550.1980198019803,0.050185560988629196
550.2178217821782,0.0452782335185058
550.2376237623762,0.04060889036833663
550.2574257425742,0.03629112098321155
550.2772277227723,0.032485396101194185
550.2970297029703,0.0294085578778905
550.3168316831683,0.027321529905597473
550.3366336633663,0.026468068221992585
550.3564356435644,0.02696859125987412
550.3762376237623,0.028750341921864462
550.3960396039604,0.0315908505072409
550.4158415841584,0.03522515001456104
550.4356435643565,0.03942202499958332
550.4554455445544,0.04400664374749051
550.4752475247525,0.048854404248112895
550.4950495049505,0.05387772826989786
550.5148514851485,0.05901444596006362
550.5346534653465,0.06421944391816371
550.5544554455446,0.069459069493528
550.5742574257425,0.07470746337867262
550.5940594059406,0.07994415717738389
550.6138613861386,0.08515248459459013
550.6336633663367,0.09031851589605036
550.6534653465346,0.0954303320053513
550.6732673267327,0.10047752205011
550.6930693069307,0.10545083019233394
550.7128712871287,0.11034190378978324
550.7326732673267,0.11514311142461675
550.7524752475248,0.11984740983697954
550.7722772277228,0.1244482455830395
550.7920792079208,0.12893948168118216
550.8118811881187,0.13331534246555576
550.8316831683169,0.13757037185971235
550.8514851485148,0.14169940164686232
550.8712871287129,0.14569752725850824
550.8910891089109,0.14956008926653316
550.910891089109,0.15328265923541454
550.9306930693069,0.15686102892959009
550.9504950495049,0.16029120211731218
550.970297029703,0.16356938839264015
550.990099009901,0.16669199857093625
551.009900990099,0.16965564131336264
551.0297029702971,0.17245712071137417
551.049504950495,0.17509343461929597
551.0693069306931,0.1775617735675575
551.089108910891,0.1798595201228655
551.1089108910892,0.18198424858820372
551.1287128712871,0.1839337249564116
551.1485148514852,0.1857059070476086
551.1683168316832,0.18729894477353745
551.1881188118812,0.18871118048294647
551.2079207920792,0.18994114935024206
551.2277227722772,0.19098757977679368
551.2475247524753,0.1918493937801147
551.2673267326733,0.1925257073508765
551.2871287128712,0.19301583076173903
551.3069306930694,0.19331926881585068
551.3267326732673,0.19343572102541182
551.3465346534654,0.19336508171415812
551.3663366336633,0.19310744003956523
551.3861386138615,0.192663079933589
551.4059405940594,0.1920324799626049
551.4257425742574,0.1912163131102229
551.4455445544555,0.1902154464886048
551.4653465346535,0.18903094098723516
551.4851485148515,0.1876640508704376
551.5049504950495,0.186116223339084
551.5247524752475,0.18438909807518342
551.5445544554456,0.1824845067931451
551.5643564356435,0.1804044728267336
551.5841584158417,0.178151210787459
551.6039603960396,0.17572712633826
551.6237623762377,0.1731348161361337
551.6435643564356,0.17037706800993244
551.6633663366337,0.1674568614547454
551.6831683168317,0.16437736854390014
551.7029702970297,0.16114195538447032
551.7227722772278,0.1577541842735174
551.7425742574258,0.15421781675372534
551.7623762376237,0.1505368178195691
551.7821782178218,0.14671536159559292
551.8019801980198,0.14275783889977722
551.8217821782179,0.13866886722815955
551.8415841584158,0.13445330386177284
551.861386138614,0.1301162630212415
551.8811881188119,0.12566313830192502
551.9009900990098,0.12109963204876247
551.9207920792079,0.11643179392746338
551.940594059406,0.11166607179631018
551.960396039604,0.10680937919926549
551.980198019802,0.1018691855711377
552.0,0.09685363785447444
552.019801980198,0.09177172612926321
552.039603960396,0.0866335117734969
552.059405940594,0.0814504457785709
552.0792079207921,0.07623581905138599
552.0990099009902,0.071005408983822
552.1188118811881,0.06577842237166509
552.1386138613861,0.060578892035721574
552.1584158415842,0.05543777523052515
552.1782178217821,0.05039614048556467
552.1980198019802,0.04551002026433726
552.2178217821782,0.04085769264552275
552.2376237623762,0.03655004686766804
552.2574257425742,0.03274331226194477
552.2772277227723,0.02964843828767168
552.2970297029703,0.02752029178282809
552.3168316831683,0.026600693177680455
552.3366336633663,0.027016668489423343
552.3564356435644,0.028708397310817344
552.3762376237623,0.03146463802202274
552.3960396039604,0.03502547471607758
552.4158415841584,0.0391599716894489
552.4356435643565,0.04369160520836013
552.4554455445544,0.04849377809105079
552.4752475247524,0.05347721691879908
552.4950495049505,0.058578461206938846
552.5148514851485,0.06375145473962007
552.5346534653465,0.0689618648752479
552.5544554455446,0.07418334173698794
552.5742574257426,0.07939506080678072
552.5940594059406,0.08458009502669019
552.6138613861385,0.0897243219555949
552.6336633663367,0.09481567883859955
552.6534653465346,0.09984364682105648
552.6732673267327,0.10479888835098207
552.6930693069307,0.10967298859879068
552.7128712871287,0.11445826860790453
552.7326732673267,0.11914764865587894
552.7524752475247,0.12373454726510981
552.7722772277228,0.12821280586451192
552.7920792079208,0.13257663213908066
552.8118811881188,0.13682055715167893
552.8316831683169,0.14093940272247593
552.8514851485148,0.1449282565220281
552.8712871287129,0.14878245301571527
552.8910891089108,0.1524975588809934
552.910891089109,0.156069361866934
552.9306930693069,0.15949386231774143
552.9504950495049,0.16276726676750872
552.970297029703,0.16588598315044664
552.990099009901,0.16884661727355416
553.009900990099,0.17164597027610026
553.029702970297,0.17428103685908827
553.0495049504951,0.17674900411306219
553.0693069306931,0.17904725080743172
553.089108910891,0.18117334703183824
553.1089108910892,0.1831250541011607
553.1287128712871,0.18490032465277487
553.1485148514852,0.18649730287814115
553.1683168316831,0.18791432484140863
553.1881188118812,0.18914991884668267
553.2079207920792,0.1902028058225572
553.2277227722772,0.1910718996984467
553.2475247524753,0.19175630775244026
553.2673267326733,0.19225533091404973
553.2871287128713,0.19256846400941194
553.3069306930693,0.19269539593923557
553.3267326732673,0.19263600978285034
553.3465346534654,0.19239038282426554
553.3663366336633,0.19195878649853632
553.3861386138615,0.19134168625937825
553.4059405940594,0.19053974137122962
553.4257425742574,0.18955380463153118
553.4455445544554,0.18838492203192211
553.4653465346535,0.1870343323697653
553.4851485148515,0.18550346682515428
553.5049504950495,0.18379394852224723
553.5247524752476,0.18190759209852356
553.5445544554456,0.17984640331100424
553.5643564356435,0.1776125787150686
553.5841584158416,0.17520850545968195
553.6039603960396,0.17263676125257557
553.6237623762377,0.16990011456144635
553.6435643564356,0.1670015251324553
553.6633663366337,0.1639441449267462
553.6831683168317,0.16073131960053225
553.7029702970297,0.15736659068543551
553.7227722772277,0.15385369866686344
553.7425742574258,0.15019658721075085
553.7623762376238,0.1463994088581617
553.7821782178218,0.1424665325988437
553.8019801980198,0.13840255385620145
553.8217821782179,0.13421230757998118
553.8415841584158,0.1299008853645478
553.8613861386139,0.1254736578148905
553.8811881188119,0.12093630380338796
553.9009900990098,0.11629484884962027
553.9207920792079,0.1115557156905287
553.940594059406,0.1067257913047476
553.960396039604,0.10181251639345197
553.980198019802,0.09682400587782787
554.0,0.09176921279125418
554.019801980198,0.08665815372214924
554.039603960396,0.08150222283423683
554.059405940594,0.0763146352952096
554.0792079207921,0.07111106268961301
554.0990099009902,0.06591055755201562
554.1188118811881,0.06073691922481334
554.1386138613861,0.05562074009701303
554.1584158415842,0.0506025032239036
554.1782178217821,0.04573728284662916
554.1980198019802,0.04110177373758527
554.2178217821782,0.03680427226091197
554.2376237623763,0.03299694799982295
554.2574257425742,0.0298851031321375
554.2772277227723,0.027717715241002746
554.2970297029703,0.026734456439274034
554.3168316831683,0.02706828505210066
554.3366336633663,0.02867171007029916
554.3564356435644,0.031344647607790294
554.3762376237623,0.034832500233933174
554.3960396039604,0.03890487237301248
554.4158415841584,0.043383695572157044
554.4356435643565,0.048140440923248325
554.4554455445544,0.05308416141363218
554.4752475247525,0.05815011028222696
554.4950495049505,0.06329128680790087
554.5148514851485,0.06847267509718503
554.5346534653465,0.07366743146995007
554.5544554455446,0.07885437254634525
554.5742574257426,0.08401630831640795
554.5940594059406,0.08913892192158275
554.6138613861385,0.09421000559890104
554.6336633663367,0.09921893147432921
554.6534653465346,0.10415627946585236
554.6732673267327,0.10901357190733736
554.6930693069307,0.11378308178042489
554.7128712871288,0.11845769247338753
554.7326732673267,0.12303079412242354
554.7524752475247,0.1274962062727709
554.7722772277228,0.13184811971226104
554.7920792079208,0.13608105243255122
554.8118811881188,0.14018981611105685
554.8316831683169,0.14416949050370775
554.8514851485148,0.14801540383794975
554.8712871287129,0.15172311779234054
554.8910891089108,0.15528841600606563
554.910891089109,0.15870729532056813
554.9306930693069,0.16197595914582438
554.950495049505,0.16509081248429636
554.970297029703,0.16804845825107417
554.990099009901,0.1708456946077755
555.009900990099,0.1734795130883567
555.029702970297,0.1759470973411293
555.0495049504951,0.178245822347013
555.0693069306931,0.180373254001887
555.089108910891,0.18232714897283323
555.1089108910892,0.1841054547550953
555.1287128712871,0.1857063098706146
555.1485148514852,0.187128044159793
555.1683168316831,0.1883691791271251
555.1881188118813,0.1894284283087948
555.2079207920792,0.19030469763610885
555.2277227722772,0.19099708577386493
555.2475247524753,0.19150488441691085
555.2673267326733,0.19182757853190202
555.2871287128713,0.19196484653434548
555.3069306930693,0.1919165603941012
555.3267326732673,0.19168278566494582
555.3465346534654,0.1912637814364691
555.3663366336633,0.19066000020900717
555.3861386138615,0.18987208769471406
555.4059405940594,0.18890088255049578
555.4257425742575,0.18774741605131137
555.4455445544554,0.1864129117153415
555.4653465346535,0.18489878489594883
555.4851485148515,0.18320664235931597
555.5049504950495,0.18133828187127557
555.5247524752476,0.17929569182226518
555.5445544554456,0.1770810509260657
555.5643564356435,0.17469672803596428
555.5841584158416,0.17214528213181218
555.6039603960396,0.16942946254391436
555.6237623762377,0.16655220949478505
555.6435643564356,0.16351665505932353
555.6633663366338,0.16032612466834664
555.6831683168317,0.15698413931190136
555.7029702970297,0.1534944186390774
555.7227722772277,0.1498608852036197
555.7425742574258,0.14608767017322205
555.7623762376238,0.14217912091115809
555.7821782178218,0.13813981095929534
555.8019801980198,0.13397455311374087
555.8217821782179,0.12968841650374519
555.8415841584158,0.12528674888507263
555.8613861386139,0.12077520577472232
555.8811881188119,0.11615978863517903
555.90099009901,0.1114468951386071
555.9207920792079,0.10664338571870714
555.940594059406,0.1017566723249888
555.960396039604,0.09679483780242827
555.980198019802,0.09176679805545936
556.0,0.0866825247980417
556.019801980198,0.08155335533394935
556.039603960396,0.07639242922550174
556.059405940594,0.07121531277608723
556.0792079207921,0.066040905622129
556.0990099009902,0.06089277669851623
556.1188118811881,0.055801160013467625
556.1386138613861,0.05080596638048685
556.1584158415842,0.04596133822088847
556.1782178217821,0.04134243840996591
556.1980198019802,0.037055066214302095
556.2178217821782,0.0332474936000218
556.2376237623763,0.03011959519746989
556.2574257425742,0.027914612265858712
556.2772277227723,0.026869883290011883
556.2970297029703,0.027123687197426895
556.3168316831683,0.028640295222307398
556.3366336633663,0.031230709353235256
556.3564356435644,0.034645906845122885
556.3762376237624,0.038656286062208035
556.3960396039604,0.043082376604545905
556.4158415841584,0.0477937768899128
556.4356435643565,0.052697883786408196
556.4554455445544,0.05772866513122153
556.4752475247525,0.06283817126043936
556.4950495049505,0.06799069767284216
556.5148514851485,0.07315890207563246
556.5346534653465,0.07832123830455413
556.5544554455446,0.08346025031625567
556.5742574257426,0.08856142444540482
556.5940594059406,0.09361240606976912
556.6138613861386,0.09860245685353564
556.6336633663367,0.10352207305045343
556.6534653465346,0.10836271325596335
556.6732673267327,0.11311660166433073
556.6930693069307,0.11777658418372917
556.7128712871288,0.12233602207764199
556.7326732673267,0.12678871260270688
556.7524752475247,0.13112882930956873
556.7722772277228,0.13535087683088884
556.7920792079208,0.13944965645639987
556.8118811881188,0.14342023981808777
556.8316831683169,0.14725794872634027
556.8514851485149,0.15095833970769565
556.8712871287129,0.15451719216105228
556.8910891089108,0.15793049931491837
556.910891089109,0.161194461363206
556.9306930693069,0.16430548030138928
556.950495049505,0.16726015609278977
556.970297029703,0.17005528387594257
556.990099009901,0.172687851985976
557.009900990099,0.17515504061012205
557.029702970297,0.17745422093432284
557.0495049504951,0.17958295466617238
557.0693069306931,0.1815389938419406
557.0891089108911,0.18332028084290042
557.1089108910892,0.18492494856051295
557.1287128712871,0.18635132066101417
557.1485148514852,0.18759791190923666
557.1683168316831,0.18866342851895213
557.1881188118813,0.1895467685031476
557.2079207920792,0.19024702200274166
557.2277227722772,0.19076347157666704
557.2475247524753,0.19109559243993893
557.2673267326733,0.19124305263959485
557.2871287128713,0.1912057131613051
557.3069306930693,0.19098362796225918
557.3267326732674,0.19057704392826544
557.3465346534654,0.18998640075570403
557.3663366336633,0.18921233076128283
557.3861386138615,0.1882556586252959
557.4059405940594,0.18711740107667674
557.4257425742575,0.18579876653139596
557.4455445544554,0.18430115469894112
557.4653465346535,0.1826261561758204
557.4851485148515,0.18077555204942225
557.5049504950495,0.1787513135412024
557.5247524752476,0.17655560172468981
557.5445544554456,0.17419076736193753
557.5643564356436,0.17165935091170975
557.5841584158416,0.16896408277523653
557.6039603960396,0.16610788386029673
557.6237623762377,0.16309386656399313
557.6435643564356,0.15992533629859382
557.6633663366338,0.15660579371642758
557.6831683168317,0.15313893782962934
557.7029702970297,0.1495286702729193
557.7227722772277,0.14577910102556907
557.7425742574258,0.14189455599878956
557.7623762376238,0.13787958701418082
557.7821782178218,0.13373898485936447
557.8019801980198,0.12947779632403358
557.8217821782179,0.12510134641681003
557.8415841584158,0.12061526737369037
557.8613861386139,0.11602553664216027
557.8811881188119,0.11133852683484984
557.90099009901,0.10656107180498867
557.9207920792079,0.10170055467201386
557.940594059406,0.09676502608552347
557.960396039604,0.09176336467175783
557.980198019802,0.08670549711834982
558.0,0.08160270377457528
558.019801980198,0.07646804868180201
558.039603960396,0.07131699336526118
558.059405940594,0.06616828595099164
558.0792079207921,0.06104526814262811
558.0990099009902,0.05597782228477925
558.1188118811881,0.05100530059764158
558.1386138613861,0.04618094073183135
558.1584158415842,0.04157842594204416
558.1782178217821,0.03730115517962677
558.1980198019802,0.03349366635661966
558.2178217821782,0.0303506310527407
558.2376237623763,0.028109724774246666
558.2574257425742,0.027005805737045453
558.2772277227722,0.027181893228162602
558.2970297029703,0.0286134278157348
558.3168316831683,0.03112236209976004
558.3366336633663,0.034465461710195995
558.3564356435644,0.03841416303897828
558.3762376237624,0.04278774242726427
558.3960396039604,0.04745399363998589
558.4158415841583,0.052318682610077646
558.4356435643565,0.05731449843462555
558.4554455445544,0.062392542254348766
558.4752475247525,0.06751641862026801
558.4950495049505,0.07265828401045585
558.5148514851485,0.07779622716996534
558.5346534653465,0.08291252414966456
558.5544554455445,0.08799246300565622
558.5742574257426,0.09302354111139212
558.5940594059406,0.09799490877741263
558.6138613861386,0.10289697789338502
558.6336633663367,0.10772114276108634
558.6534653465346,0.11245957834114209
558.6732673267327,0.11710509269814333
558.6930693069306,0.1216510179228522
558.7128712871288,0.12609112873271883
558.7326732673267,0.13041958122970596
558.7524752475247,0.1346308665075051
558.7722772277228,0.1387197753141257
558.7920792079208,0.14268137102544226
558.8118811881188,0.14651096892135787
558.8316831683168,0.15020412027948793
558.8514851485149,0.1537566001763721
558.8712871287129,0.1571643981590225
558.8910891089108,0.16042371114930148
558.910891089109,0.16353093809154265
558.9306930693069,0.16648267596447328
558.950495049505,0.16927571686155887
558.9702970297029,0.17190704590760583
558.990099009901,0.17437383982756
559.009900990099,0.17667346602122402
559.029702970297,0.17880348202657104
559.0495049504951,0.18076163527741929
559.0693069306931,0.18254586307901408
559.0891089108911,0.18415429273966402
559.1089108910891,0.1855852418080641
559.1287128712871,0.1868372183751396
559.1485148514852,0.18790892140705007
559.1683168316831,0.1887992410821111
559.1881188118813,0.18950725910973412
559.2079207920792,0.19003224901386456
559.2277227722772,0.19037367636717878
559.2475247524752,0.19053119896569237
559.2673267326733,0.19050466693636245
559.2871287128713,0.19029412277297772
559.3069306930693,0.18989980129825124
559.3267326732674,0.1893221295525209
559.3465346534654,0.1885617266119048
559.3663366336633,0.1876194033415381
559.3861386138614,0.18649616209205597
559.4059405940594,0.18519319635079284
559.4257425742575,0.1837118903624286
559.4455445544554,0.18205381873781698
559.4653465346535,0.18022074607442248
559.4851485148515,0.17821462661713838
559.5049504950495,0.17603760399495877
559.5247524752475,0.1736920110769695
559.5445544554456,0.17118037000093786
559.5643564356436,0.16850539243999943
559.5841584158416,0.1656699801881098
559.6039603960396,0.16267722616422256
559.6237623762377,0.15953041595921846
559.6435643564356,0.15623303008084577
559.6633663366337,0.15278874709169224
559.6831683168317,0.1492014478871437
559.7029702970297,0.1454752214276933
559.7227722772277,0.1416143723294352
559.7425742574258,0.13762343083475084
559.7623762376238,0.1335071658442027
559.7821782178218,0.1292706019054133
559.8019801980198,0.12491904134835678
559.8217821782179,0.12045809316158795
559.8415841584158,0.11589371076942527
559.8613861386139,0.11123224166762424
559.8811881188119,0.10648049301420467
559.90099009901,0.101645818918563
559.9207920792079,0.0967362375833752
559.9405940594058,0.09176059003213306
559.960396039604,0.0867287575382452
559.980198019802,0.08165196307804751
560.0,0.07654319480306951
560.019801980198,0.07141780931509846
560.0396039603961,0.06629440366817367
560.059405940594,0.06119609408447141
560.079207920792,0.05615241575988329
560.0990099009902,0.051202172474589254
560.1188118811881,0.04639771847158686
560.1386138613861,0.041811300274622897
560.1584158415842,0.03754399797539062
560.1782178217821,0.0337367556899112
560.1980198019802,0.030579238007129382
560.2178217821781,0.028303709855744215
560.2376237623763,0.027142433387015226
560.2574257425742,0.027242666707411232
560.2772277227723,0.02859049254336069
560.2970297029703,0.031018693656151276
560.3168316831683,0.0342900255140928
560.3366336633663,0.03817719113143236
560.3564356435643,0.04249834902680521
560.3762376237624,0.04711954565716325
560.3960396039604,0.05194493301766601
560.4158415841583,0.05690592211581157
560.4356435643565,0.06195266034269935
560.4554455445544,0.06704805591265901
560.4752475247525,0.07216375929483682
560.4950495049504,0.07727749029038308
560.5148514851486,0.08237125405357827
560.5346534653465,0.08743013807116881
560.5544554455445,0.09244148995945677
560.5742574257426,0.09739434732651717
560.5940594059406,0.10227903665008108
560.6138613861386,0.10708688711476393
560.6336633663366,0.1118100237922098
560.6534653465346,0.11644121637512836
560.6732673267327,0.12097376735041307
560.6930693069306,0.12540142854035857
560.7128712871288,0.12971833830135157
560.7326732673267,0.13391897393835833
560.7524752475248,0.13799811544617438
560.7722772277227,0.14195081776466023
560.7920792079208,0.1457723894900312
560.8118811881188,0.14945837652054686
560.8316831683168,0.1530045494999052
560.8514851485149,0.15640689420090506
560.8712871287129,0.1596616041966377
560.8910891089108,0.16276507531828915
560.9108910891089,0.1657139015115708
560.9306930693069,0.1685048717893544
560.950495049505,0.17113496804273498
560.9702970297029,0.17360136352261651
560.9900990099011,0.17590142184209265
561.009900990099,0.17803269637984562
561.029702970297,0.17999292998808825
561.049504950495,0.1817800549271124
561.0693069306931,0.18339219296324907
561.0891089108911,0.184827655578627
561.1089108910891,0.18608494425085484
561.1287128712871,0.1871627507685146
561.1485148514852,0.18805995755453353
561.1683168316831,0.18877563797515656
561.1881188118812,0.18930905661654227
561.2079207920792,0.1896596695148946
561.2277227722773,0.1898271243295894
561.2475247524752,0.18981126045146154
561.2673267326733,0.1896121090415605
561.2871287128713,0.18922989299793913
561.3069306930693,0.18866502685088266
561.3267326732673,0.1879181165892031
561.3465346534654,0.1869899594231105
561.3663366336633,0.18588154349187824
561.3861386138614,0.18459404752748151
561.4059405940594,0.1831288404890243
561.4257425742575,0.18148748118654456
561.4455445544554,0.17967171791759612
561.4653465346535,0.17768348814518148
561.4851485148515,0.17552491825265046
561.5049504950495,0.17319832341866498
561.5247524752475,0.17070620766554087
561.5445544554456,0.1680512641462105
561.5643564356436,0.16523637575031414
561.5841584158416,0.16226461612894658
561.6039603960396,0.1591392512617016
561.6237623762377,0.15586374172064557
561.6435643564356,0.15244174582538478
561.6633663366337,0.14887712393481603
561.6831683168317,0.1451739441883492
561.7029702970298,0.14133649009780294
561.7227722772277,0.13736927050852152
561.7425742574258,0.13327703260543167
561.7623762376238,0.12906477885252574
561.7821782178218,0.12473778904415414
561.8019801980198,0.12030164904669823
561.8217821782179,0.11576228836662378
561.8415841584158,0.1111260294665656
561.8613861386139,0.10639965287156151
561.8811881188119,0.10159048372444926
561.90099009901,0.0967065078142355
561.9207920792079,0.09175652860352479
561.940594059406,0.08675038203960463
561.960396039604,0.08169923393267185
561.980198019802,0.0766159970058414
562.0,0.07151592390704486
562.019801980198,0.06641746256920074
562.0396039603961,0.06134350755250189
562.059405940594,0.056323254264019025
562.079207920792,0.05139497209740697
562.0990099009902,0.04661015851049925
562.1188118811881,0.04203967299059359
562.1386138613861,0.037782366303177266
562.1584158415842,0.03397573717983467
562.1782178217823,0.030804645666237074
562.1980198019802,0.028496105783539522
562.2178217821781,0.02727967089354741
562.2376237623763,0.027306323663124597
562.2574257425742,0.02857221307040543
562.2772277227723,0.0309207731983957
562.2970297029703,0.03412092649308311
562.3168316831683,0.03794688032743351
562.3366336633663,0.042215830990456636
562.3564356435643,0.04679215298705894
562.3762376237624,0.05157841425680509
562.3960396039604,0.05650475692325749
562.4158415841584,0.06152037565302264
562.4356435643565,0.06658748059527783
562.4554455445544,0.07167721387007057
562.4752475247525,0.07676692413920094
562.4950495049504,0.08183834381864223
562.5148514851486,0.08687635834707888
562.5346534653465,0.09186816441522057
562.5544554455445,0.09680268600749037
562.5742574257426,0.10167016345969696
562.5940594059406,0.10646186025541786
562.6138613861386,0.11116985110490321
562.6336633663366,0.11578686694212956
562.6534653465347,0.12030618032941484
562.6732673267327,0.12472151992512204
562.6930693069306,0.12902700611254117
562.7128712871288,0.13321710221379987
562.7326732673267,0.13728657730402136
562.7524752475248,0.14123047774379344
562.7722772277227,0.14504410532228962
562.7920792079208,0.1487230004526013
562.8118811881188,0.15226292925538906
562.8316831683168,0.1556598736532107
562.8514851485149,0.15891002380751165
562.8712871287129,0.16200977238569103
562.8910891089109,0.16495571026148842
562.9108910891089,0.16774462333929116
562.9306930693069,0.17037349025934173
562.950495049505,0.1728394807917718
562.9702970297029,0.17513995476633928
562.9900990099011,0.17727246141569153
563.009900990099,0.1792347390333986
563.029702970297,0.18102471486734573
563.049504950495,0.18264050518372896
563.0693069306931,0.18408041544920967
563.0891089108911,0.18534294058826215
563.1089108910891,0.18642676528094673
563.1287128712872,0.1873307642726329
563.1485148514852,0.18805400267283628
563.1683168316831,0.18859573622478618
563.1881188118812,0.18895541153135115
563.2079207920792,0.1891326662263987
563.2277227722773,0.18912732908367164
563.2475247524752,0.1889394200580965
563.2673267326733,0.18856915025711363
563.2871287128713,0.18801692184207686
563.3069306930693,0.18728332786245142
563.3267326732673,0.18636915202807142
563.3465346534654,0.1852753684275353
563.3663366336634,0.18400314120398645
563.3861386138614,0.18255382420292995
563.4059405940594,0.18092896061058128
563.4257425742575,0.17913028260602085
563.4455445544554,0.17715971105588343
563.4653465346535,0.17501935528674464
563.4851485148515,0.17271151297847845
563.5049504950495,0.1702386702316089
563.5247524752475,0.16760350187377854
563.5445544554456,0.1648088720855021
563.5643564356436,0.16185783544448992
563.5841584158416,0.15875363851163402
563.6039603960396,0.1554997221126897
563.6237623762377,0.15209972450884843
563.6435643564356,0.1485574857005854
563.6633663366337,0.14487705317573385
563.6831683168317,0.14106268950046066
563.7029702970298,0.13711888226799318
563.7227722772277,0.13305035707580112
563.7425742574258,0.12886209441193522
563.7623762376238,0.12455935161818334
563.7821782178218,0.12014769149238076
563.8019801980198,0.11563301964205529
563.8217821782179,0.11102163347527656
563.8415841584159,0.10632028681662714
563.8613861386139,0.10153627572427606
563.8811881188119,0.09667755340271945
563.90099009901,0.09175288553416161
563.9207920792079,0.08677206248837897
563.940594059406,0.08174619266776871
563.960396039604,0.07668811322547112
563.980198019802,0.07161297299830838
564.0,0.06653907159067175
564.019801980198,0.061489084058819
564.0396039603961,0.05649187093763531
564.059405940594,0.051585177601630984
564.0792079207921,0.04681966565652048
564.0990099009902,0.04226484834926373
564.1188118811881,0.03801742290456834
564.1386138613861,0.03421157135584311
564.1584158415842,0.03102752931656314
564.1782178217823,0.028687210795450023
564.1980198019802,0.027417380686913042
564.2178217821781,0.027372307926244427
564.2376237623763,0.028557694794056506
564.2574257425742,0.030827458653178787
564.2772277227723,0.03395684766499003
564.2970297029703,0.037721791032830174
564.3168316831684,0.04193866308981784
564.3366336633663,0.04647023072793231
564.3564356435643,0.051217499904605786
564.3762376237624,0.05610934763061478
564.3960396039604,0.061094013140049114
564.4158415841584,0.06613300423407042
564.4356435643565,0.0711969505891099
564.4554455445544,0.07626282631676991
564.4752475247525,0.08131208840123005
564.4950495049504,0.08632941814973497
564.5148514851486,0.09130185972402077
564.5346534653465,0.09621822224674677
564.5544554455446,0.1010686589479132
564.5742574257426,0.10584436685153217
564.5940594059406,0.11053736970222298
564.6138613861386,0.11514035918772196
564.6336633663366,0.11964657754761067
564.6534653465347,0.12404972994722575
564.6732673267327,0.1283439185219852
564.6930693069306,0.13252359237978772
564.7128712871288,0.1365835094797891
564.7326732673267,0.1405187074361741
564.7524752475248,0.1443244810884486
564.7722772277227,0.1479963652429919
564.7920792079209,0.1515301213943213
564.8118811881188,0.15492172752808256
564.8316831683168,0.15816737032228723
564.8514851485149,0.16126343922250225
564.8712871287129,0.16420652198518434
564.8910891089109,0.1669934013729726
564.9108910891089,0.1696210527534646
564.9306930693069,0.172086642405174
564.950495049505,0.17438752637434546
564.9702970297029,0.17652124975768335
564.9900990099011,0.1784855463102457
565.009900990099,0.18027833829742718
565.0297029702971,0.18189773652484723
565.049504950495,0.18334204049262456
565.0693069306931,0.18460973863026964
565.0891089108911,0.18569950857658107
565.1089108910891,0.18661021747552248
565.1287128712872,0.18734092226477192
565.1485148514852,0.18789086993807771
565.1683168316831,0.18825949776683015
565.1881188118812,0.18844643346945816
565.2079207920792,0.1884514953207006
565.2277227722773,0.18827469219526163
565.2475247524752,0.18791622354343673
565.2673267326734,0.18737647929855075
565.2871287128713,0.18665603971870695
565.3069306930693,0.1857556751681782
565.3267326732673,0.1846763458462889
565.3465346534654,0.18341920147506205
565.3663366336634,0.18198558095998904
565.3861386138614,0.18037701204259768
565.4059405940594,0.1785952109678904
565.4257425742575,0.17664208219521363
565.4455445544554,0.17451971818775258
565.4653465346535,0.17223039932376802
565.4851485148515,0.16977659398238165
565.5049504950496,0.16716095886892515
565.5247524752475,0.16438633965970553
565.5445544554456,0.16145577206507664
565.5643564356436,0.15837248343361218
565.5841584158416,0.15513989505044684
565.6039603960396,0.15176162532234413
565.6237623762377,0.14824149409241769
565.6435643564356,0.14458352839372737
565.6633663366337,0.14079197003774163
565.6831683168317,0.13687128554908862
565.7029702970298,0.1328261791118552
565.7227722772277,0.1286616094007952
565.7425742574258,0.12438281145412891
565.7623762376238,0.11999532513420406
565.7821782178218,0.11550503226472471
565.8019801980198,0.1109182052948424
565.8217821782179,0.10624157142463629
565.8415841584159,0.10148239768616203
565.8613861386139,0.09664860474782745
565.8811881188118,0.09174892056615096
565.90099009901,0.08679309002727593
565.9207920792079,0.08179216432245756
565.940594059406,0.07675890545348929
565.960396039604,0.07170835930911736
565.9801980198021,0.06665867888627659
566.0,0.061632323089726306
566.0198019801979,0.05665782401588357
566.0396039603961,0.05177241525333307
566.059405940594,0.04702594561775869
566.0792079207921,0.04248662493095079
566.0990099009902,0.0382490736110396
566.1188118811881,0.03444428383076746
566.1386138613861,0.03124804083687605
566.1584158415841,0.028877302254694044
566.1782178217823,0.027555965321919434
566.1980198019802,0.02744115345849617
566.2178217821782,0.028547600089069307
566.2376237623763,0.030739513674547487
566.2574257425742,0.03379861462928554
566.2772277227723,0.03750277697156276
566.2970297029702,0.041667704743778476
566.3168316831684,0.04615463100343073
566.3366336633663,0.05086302784069926
566.3564356435643,0.05572051441191973
566.3762376237624,0.060674373740687446
566.3960396039604,0.06568540804640932
566.4158415841584,0.07072373103010014
566.4356435643564,0.07576593913737485
566.4554455445545,0.0807932113744433
566.4752475247525,0.08579002289931639
566.4950495049504,0.09074326376195979
566.5148514851486,0.09564162698126306
566.5346534653465,0.10047517770098105
566.5544554455446,0.10523504570433465
566.5742574257425,0.10991320314109042
566.5940594059406,0.11450230194005916
566.6138613861386,0.11899555359556149
566.6336633663366,0.12338663942799491
566.6534653465347,0.12766964302901393
566.6732673267327,0.13183899904142762
566.6930693069307,0.13588945409448358
566.7128712871287,0.139816036872652
566.7326732673267,0.14361403510847173
566.7524752475248,0.14727897786660482
566.7722772277227,0.15080662190004826
566.7920792079209,0.15419294115959045
566.8118811881188,0.15743411875765823
566.8316831683168,0.16052654085024656
566.8514851485148,0.16346679202225503
566.8712871287129,0.16625165185287577
566.8910891089109,0.16887809240730076
566.9108910891089,0.1713432764540544
566.930693069307,0.17364455624842243
566.950495049505,0.17577947275427194
566.9702970297029,0.17774575520153205
566.990099009901,0.1795413208964135
567.009900990099,0.18116427521695863
567.0297029702971,0.18261291173926114
567.049504950495,0.18388571244962493
567.0693069306931,0.1849813480064014
567.0891089108911,0.18589867802182883
567.1089108910891,0.18663675134007188
567.1287128712871,0.18719480629220892
567.1485148514852,0.18757227091318243
567.1683168316832,0.18776876310907378
567.1881188118812,0.18778409076649472
567.2079207920792,0.18761825179842895
567.2277227722773,0.18727143412384312
567.2475247524752,0.186744015580878
567.2673267326733,0.18603656377594247
567.2871287128713,0.18514983587386638
567.3069306930693,0.18408477833702075
567.3267326732673,0.18284252662432637
567.3465346534654,0.181424404864762
567.3663366336634,0.17983192552365196
567.3861386138614,0.17806678908490653
567.4059405940594,0.17613088377761846
567.4257425742575,0.17402628538210596
567.4455445544554,0.1717552571583969
567.4653465346535,0.16932024994980793
567.4851485148515,0.16672390252638844
567.5049504950496,0.16396904224785666
567.5247524752475,0.16105868614454763
567.5445544554455,0.15799604253857302
567.5643564356436,0.154784513357745
567.5841584158416,0.1514276973337
567.6039603960396,0.14792939432594895
567.6237623762377,0.14429361107914804
567.6435643564357,0.14052456880712225
567.6633663366337,0.13662671311116958
567.6831683168316,0.1326047268928584
567.7029702970298,0.12846354712707164
567.7227722772277,0.12420838664096001
567.7425742574258,0.1198447624293798
567.7623762376238,0.11537853257151805
567.7821782178218,0.11081594456445698
567.8019801980198,0.10616369895466356
567.8217821782177,0.10142903368136207
567.8415841584159,0.09661983677442643
567.8613861386139,0.09174479833557088
567.8811881188118,0.08681361763486568
567.90099009901,0.08183728856651211
567.9207920792079,0.07682849804176542
567.940594059406,0.0718021894029541
567.9603960396039,0.06677637015424845
567.9801980198021,0.061773285584583525
568.0,0.056821144654436335
568.0198019801979,0.051956679781693556
568.0396039603961,0.04722894766272389
568.059405940594,0.042704893888011825
568.0792079207921,0.0384771333622292
568.09900990099,0.03467358781320736
568.1188118811881,0.0314657593070928
568.1386138613861,0.029065796084807746
568.1584158415841,0.027694677164594044
568.1782178217823,0.027511996576282262
568.1980198019802,0.028541021392001896
568.2178217821782,0.030656040618527815
568.2376237623762,0.03364536293265972
568.2574257425742,0.03728901177617307
568.2772277227723,0.04140216564510831
568.2970297029702,0.04584459574075957
568.3168316831684,0.05051426828486263
568.3366336633663,0.05533755219142994
568.3564356435643,0.06026077394931397
568.3762376237623,0.06524402740528938
568.3960396039604,0.07025690715172736
568.4158415841584,0.07527562919888531
568.4356435643564,0.08028109232478761
568.4554455445545,0.08525756377094487
568.4752475247525,0.09019177810398386
568.4950495049504,0.09507231117505782
568.5148514851485,0.09988913921136619
568.5346534653465,0.10463332410118954
568.5544554455446,0.10929678587801292
568.5742574257425,0.11387213629088941
568.5940594059406,0.11835255574502555
568.6138613861386,0.1227317014316212
568.6336633663366,0.12700363816101531
568.6534653465346,0.13116278591077382
568.6732673267327,0.13520387981041757
568.6930693069307,0.13912193947002657
568.7128712871287,0.14291224539175623
568.7326732673267,0.14657032079353546
568.7524752475248,0.15009191759791454
568.7722772277227,0.15347300564641644
568.7920792079208,0.15670976442465528
568.8118811881188,0.15979857675010414
568.8316831683168,0.1627360239985711
568.8514851485148,0.1655188825392171
568.8712871287129,0.16814412111865915
568.8910891089109,0.17060889898931814
568.9108910891089,0.17291056461919044
568.9306930693069,0.17504665485250231
568.950495049505,0.17701489441655535
568.9702970297029,0.17881319569001342
568.990099009901,0.1804396586639752
569.009900990099,0.18189257103992726
569.0297029702971,0.18317040841908627
569.049504950495,0.18427183454600754
569.0693069306931,0.18519570157624501
569.0891089108911,0.1859410503437341
569.1089108910891,0.18650711060827288
569.1287128712871,0.18689330126764236
569.1485148514852,0.18709923052265656
569.1683168316832,0.18712469598646428
569.1881188118812,0.18696968473232206
569.2079207920792,0.18663437327708193
569.2277227722773,0.1861191274998455
569.2475247524752,0.18542450249815653
569.2673267326733,0.18455124238671097
569.2871287128713,0.1835002800463112
569.3069306930693,0.1822727368340913
569.3267326732673,0.18086992226928186
569.3465346534654,0.17929333371293815
569.3663366336634,0.1775446560645444
569.3861386138614,0.17562576150392295
569.4059405940594,0.17353870931333487
569.4257425742575,0.17128574582269554
569.4455445544554,0.16886930453036472
569.4653465346535,0.16629200646404513
569.4851485148515,0.16355666086119414
569.5049504950496,0.16066626626700814
569.5247524752475,0.1576240121717235
569.5445544554455,0.1544332813391177
569.5643564356436,0.15109765301651967
569.5841584158416,0.147620907266988
569.6039603960396,0.14400703072880658
569.6237623762377,0.14026022419338705
569.6435643564357,0.13638491250540433
569.6633663366337,0.1323857574400182
569.6831683168316,0.128267674415518
569.7029702970298,0.12403585417610224
569.7227722772277,0.11969579095941783
569.7425742574258,0.11525331919046039
569.7623762376238,0.11071466148241314
569.7821782178218,0.10608649177357043
569.8019801980198,0.1013760189344157
569.8217821782177,0.09659109836521446
569.8415841584159,0.09174038232109542
569.8613861386139,0.08683352449374418
569.8811881188119,0.0818814616059102
569.90099009901,0.07689680580235107
569.9207920792079,0.07189439860750096
569.940594059406,0.06689210354845133
569.9603960396039,0.061911955313523524
569.9801980198021,0.05698184557019273
570.0,0.052138016708718364
570.0198019801979,0.04742875428846303
570.0396039603961,0.04291977848532599
570.059405940594,0.03870176798963834
570.0792079207921,0.03489968855977118
570.09900990099,0.031680918017102815
570.1188118811882,0.029252935298263574
570.1386138613861,0.027833756327534005
570.1584158415841,0.027585081455325282
570.1782178217823,0.028538223202546262
570.1980198019802,0.030577327750089
570.2178217821782,0.03349739406875463
570.2376237623762,0.03708079725175461
570.2574257425742,0.04114233898370168
570.2772277227723,0.04554040488292638
570.2970297029702,0.0501714860982242
570.3168316831684,0.054960710408603036
570.3366336633663,0.059853448152729596
570.3564356435644,0.06480908230763699
570.3762376237623,0.06979668531360272
570.3960396039604,0.07479208997122935
570.4158415841584,0.0797759125347997
570.4356435643564,0.08473221050265635
570.4554455445545,0.08964756152525259
570.4752475247525,0.09451042316436374
570.4950495049504,0.09931068184827851
570.5148514851485,0.10403933087021461
570.5346534653465,0.10868823758576748
570.5544554455446,0.11324997310855713
570.5742574257425,0.11771768638051752
570.5940594059407,0.12208501015303343
570.6138613861386,0.12634599019475287
570.6336633663366,0.130495031597819
570.6534653465346,0.1345268578046675
570.6732673267327,0.13843647919091293
570.6930693069307,0.14221916889125907
570.7128712871287,0.14587044415967926
570.7326732673267,0.14938605198852464
570.7524752475248,0.1527619580258212
570.7722772277227,0.15599433806031154
570.7920792079208,0.15907957151382002
570.8118811881188,0.1620142365081957
570.8316831683169,0.16479510616907148
570.8514851485148,0.16741914590188312
570.8712871287129,0.16988351143087055
570.8910891089109,0.17218554743470835
570.9108910891089,0.17432278664577475
570.9306930693069,0.17629294930604913
570.950495049505,0.17809394289328911
570.9702970297029,0.17972386204739885
570.990099009901,0.18118098863993723
571.009900990099,0.18246379194046253
571.0297029702971,0.1835709288417272
571.049504950495,0.18450124411304675
571.0693069306931,0.1852537706568011
571.0891089108911,0.18582772974823802
571.1089108910891,0.18622253124264515
571.1287128712871,0.18643777373791037
571.1485148514852,0.18647324468352658
571.1683168316832,0.18632892043019406
571.1881188118812,0.1860049662168301
571.2079207920792,0.18550173609452048
571.2277227722773,0.18481977278952655
571.2475247524752,0.18395980751025195
571.2673267326733,0.18292275970577906
571.2871287128713,0.18170973678691643
571.3069306930694,0.18032203382390913
571.3267326732673,0.1787611332392134
571.3465346534654,0.1770287045180256
571.3663366336634,0.17512660396505453
571.3861386138614,0.17305687454217028
571.4059405940594,0.1708217458297929
571.4257425742575,0.16842363416426503
571.4455445544554,0.16586514301553804
571.4653465346535,0.16314906368425103
571.4851485148515,0.16027837641596346
571.5049504950496,0.15725625205361016
571.5247524752475,0.15408605437946202
571.5445544554456,0.15077134333593092
571.5643564356436,0.1473158793643422
571.5841584158416,0.14372362916523287
571.6039603960396,0.13999877326834845
571.6237623762377,0.13614571591260938
571.6435643564357,0.13216909788558792
571.6633663366337,0.12807381317328936
571.6831683168316,0.12386503054408952
571.7029702970298,0.11954822156570062
571.7227722772277,0.11512919707348723
571.7425742574258,0.11061415483638778
571.7623762376238,0.10600974219799865
571.7821782178219,0.10132313894841001
571.8019801980198,0.09656216782692635
571.8217821782177,0.09173544320501155
571.8415841584159,0.0868525731822343
571.8613861386139,0.08192443737699316
571.8811881188119,0.0769635734240261
571.90099009901,0.07198472167862148
571.9207920792079,0.06700560310831123
571.940594059406,0.06204804468623275
571.9603960396039,0.05713962643973816
571.9801980198021,0.05231611156159561
572.0,0.04762503488785354
572.019801980198,0.043130928911389775
572.0396039603961,0.038922603387280465
572.059405940594,0.03512217932852669
572.0792079207921,0.03189306601666577
572.09900990099,0.029438215967647077
572.1188118811882,0.027972656144502183
572.1386138613861,0.027659860254170738
572.1584158415841,0.02853871037669072
572.1782178217823,0.03050296480652725
572.1980198019802,0.03335438600028052
572.2178217821782,0.036877888342931084
572.2376237623762,0.04088804288370159
572.2574257425744,0.04524192790404906
572.2772277227723,0.0498345929262022
572.2970297029702,0.054589935920183505
572.3168316831684,0.05945237312390029
572.3366336633663,0.06438057536775826
572.3564356435644,0.06934309079422663
572.3762376237623,0.07431536688891249
572.3960396039604,0.0792777355925879
572.4158415841584,0.08421404322166885
572.4356435643564,0.08911070937922438
572.4554455445545,0.09395607245326981
572.4752475247525,0.09873992837973819
572.4950495049505,0.10345320130842461
572.5148514851485,0.108087705478698
572.5346534653465,0.11263597101385564
572.5544554455446,0.11709111510157791
572.5742574257425,0.12144674581193865
572.5940594059407,0.12569688966921763
572.6138613861386,0.12983593670854582
572.6336633663366,0.13385859853895538
572.6534653465346,0.137759876176317
572.6732673267327,0.14153503528054917
572.6930693069307,0.14517958704984157
572.7128712871287,0.14868927346833868
572.7326732673268,0.15206005592511096
572.7524752475248,0.15528810645798966
572.7722772277227,0.15836980105002935
572.7920792079208,0.16130171453607894
572.8118811881188,0.16408061677507668
572.8316831683169,0.1667034698175547
572.8514851485148,0.1691674258550083
572.8712871287129,0.17146982578125336
572.8910891089109,0.17360819823008372
572.9108910891089,0.175580258980102
572.9306930693069,0.17738391063866404
572.950495049505,0.17901724253336587
572.970297029703,0.18047853075310394
572.990099009901,0.18176623829120714
573.009900990099,0.18287901525219863
573.0297029702971,0.18381569909064094
573.049504950495,0.1845753148567583
573.0693069306931,0.18515707542833473
573.0891089108911,0.18556038171284625
573.1089108910891,0.1857848228073362
573.1287128712871,0.1858301761070225
573.1485148514852,0.18569640735646364
573.1683168316832,0.18538367063994488
573.1881188118812,0.18489230831047984
573.2079207920792,0.18422285085944182
573.2277227722773,0.1833760167314762
573.2475247524752,0.18235271209238596
573.2673267326733,0.18115403056065463
573.2871287128713,0.17978125291683938
573.3069306930694,0.17823584680893814
573.3267326732673,0.17651946647652758
573.3465346534653,0.17463395252192723
573.3663366336634,0.1725813317629219
573.3861386138614,0.17036381720980848
573.4059405940594,0.16798380821872622
573.4257425742575,0.16544389088553643
573.4455445544555,0.16274683875884302
573.4653465346535,0.15989561396959495
573.4851485148514,0.156893368897868
573.5049504950496,0.15374344852721422
573.5247524752475,0.15044939367509683
573.5445544554456,0.1470149453369885
573.5643564356436,0.14344405044596228
573.5841584158416,0.13974086943307407
573.6039603960396,0.1359097860852991
573.6237623762376,0.13195542034509614
573.6435643564357,0.1278826448949302
573.6633663366337,0.12369660663977375
573.6831683168317,0.11940275457069958
573.7029702970298,0.11500687600484552
573.7227722772277,0.11051514391393161
573.7425742574258,0.10593417906783435
573.7623762376237,0.10127113217160766
573.7821782178219,0.09653379327750693
573.8019801980198,0.09173073883745844
573.8217821782177,0.08687153133878285
573.8415841584159,0.0819669933419106
573.8613861386139,0.0770295881819417
573.8811881188119,0.07207395560232072
573.9009900990098,0.06711767525657533
573.920792079208,0.062182368971646584
573.940594059406,0.05729531020956028
573.9603960396039,0.05249179273897672
573.9801980198021,0.04781861915111517
574.0,0.043339168462585405
574.019801980198,0.03914044252146371
574.039603960396,0.03534181853756892
574.059405940594,0.032102878915777254
574.0792079207921,0.029622181241875406
574.09900990099,0.028111744022054273
574.1188118811882,0.027736513065100426
574.1386138613861,0.028542497829323287
574.1584158415842,0.030432833510452992
574.1782178217821,0.033216113312066226
574.1980198019802,0.03667997244101329
574.2178217821782,0.04063889393983807
574.2376237623762,0.044948724280205084
574.2574257425744,0.049503102250905734
574.2772277227723,0.05422470504570502
574.2970297029702,0.05905699494806283
574.3168316831683,0.06395792786697337
574.3366336633663,0.06889552435474919
574.3564356435644,0.0738448436086414
574.3762376237623,0.07878593080985274
574.3960396039605,0.08370241915575123
574.4158415841584,0.0885805686893593
574.4356435643564,0.09340859744604041
574.4554455445544,0.09817620994606881
574.4752475247525,0.10287426046648507
574.4950495049505,0.10749450954796232
574.5148514851485,0.11202944585281661
574.5346534653465,0.11647215442961427
574.5544554455446,0.120816218348754
574.5742574257425,0.12505564462410143
574.5940594059406,0.1291848080093767
574.6138613861386,0.13319840808966682
574.6336633663367,0.13709143635843404
574.6534653465346,0.14085915086156953
574.6732673267327,0.14449705662238488
574.6930693069307,0.14800089051519816
574.7128712871287,0.15136660958405646
574.7326732673267,0.15459038204394268
574.7524752475248,0.15766858037999065
574.7722772277227,0.16059777609296555
574.7920792079208,0.16337473573921135
574.8118811881188,0.1659964179892005
574.8316831683169,0.16845997148675956
574.8514851485148,0.17076273333576486
574.8712871287129,0.17290222807592046
574.8910891089109,0.1748761670362435
574.9108910891089,0.17668244797654298
574.9306930693069,0.17831915494387818
574.950495049505,0.17978455828489462
574.970297029703,0.18107711476569852
574.990099009901,0.18219546775990111
575.0099009900989,0.18313844747289598
575.0297029702971,0.18390507117633115
575.049504950495,0.18449454343204807
575.0693069306931,0.1849062562888901
575.0891089108911,0.1851397894398415
575.1089108910892,0.18519491032996951
575.1287128712871,0.18507157420897047
575.1485148514851,0.18476992412473936
575.1683168316832,0.18429029085721219
575.1881188118812,0.18363319279432452
575.2079207920792,0.18279933575469637
575.2277227722773,0.1817896127645121
575.2475247524752,0.18060510379927963
575.2673267326733,0.17924707550452992
575.2871287128712,0.17771698091345053
575.3069306930694,0.17601645918429026
575.3267326732673,0.17414733538539687
575.3465346534654,0.1721116203626581
575.3663366336634,0.16991151073160443
575.3861386138614,0.16754938904627578
575.4059405940594,0.1650278242085384
575.4257425742574,0.16234957219642193
575.4455445544555,0.1595175772083796
575.4653465346535,0.15653497334346178
575.4851485148514,0.15340508696716984
575.5049504950496,0.15013143995038444
575.5247524752475,0.14671775401768775
575.5445544554456,0.14316795650472072
575.5643564356435,0.1394861879076153
575.5841584158417,0.1356768117170101
575.6039603960396,0.13174442717587634
575.6237623762376,0.12769388579667232
575.6435643564357,0.1235303127401226
575.6633663366337,0.11925913452310015
575.6831683168317,0.11488611502801822
575.7029702970297,0.1104174024921119
575.7227722772277,0.10585959115275737
575.7425742574258,0.10121980265104376
575.7623762376237,0.09650579435866759
575.7821782178219,0.09172610481312446
575.8019801980198,0.08689025092048909
575.8217821782179,0.08200899829278542
575.8415841584158,0.07709473625240296
575.8613861386139,0.07216200457820167
575.8811881188119,0.06722824295404596
575.9009900990098,0.062314870722935914
575.920792079208,0.05744885990659051
575.940594059406,0.052665044542940444
575.9603960396039,0.04800951305660419
575.980198019802,0.043544524090286266
576.0,0.03935533012738118
576.019801980198,0.03555866080090889
576.039603960396,0.03231040645587876
576.0594059405942,0.029804856363656623
576.0792079207921,0.028251007686283573
576.09900990099,0.027814997627236316
576.1188118811881,0.02854953521831461
576.1386138613861,0.030366889721302526
576.1584158415842,0.03308253763096142
576.1782178217821,0.03648701007366247
576.1980198019802,0.040394845317074
576.2178217821782,0.044660735948695414
576.2376237623762,0.04917694281615434
576.2574257425742,0.05386493248690895
576.2772277227723,0.0586672140173794
576.2970297029703,0.06354102590330654
576.3168316831683,0.06845385794516297
576.3366336633663,0.07338037813438969
576.3564356435644,0.07830034246694507
576.3762376237623,0.08319716908791895
576.3960396039604,0.08805695696447668
576.4158415841584,0.09286780259459655
576.4356435643564,0.09761931815332021
576.4554455445544,0.10230228730956333
576.4752475247525,0.10690841631762019
576.4950495049505,0.11143015190378083
576.5148514851485,0.11586054658899649
576.5346534653465,0.12019315812274822
576.5544554455446,0.12442197374010322
576.5742574257425,0.12854135268724406
576.5940594059406,0.1325459823333813
576.6138613861386,0.13643084448589454
576.6336633663367,0.14019118943671097
576.6534653465346,0.1438225159146117
576.6732673267327,0.14732055558215804
576.6930693069307,0.1506812610521133
576.7128712871287,0.1539007966445027
576.7326732673267,0.15697553128739553
576.7524752475248,0.1599020331003033
576.7722772277228,0.162677065301144
576.7920792079208,0.1652975831551592
576.8118811881188,0.16776073174353584
576.8316831683169,0.17006384437511765
576.8514851485148,0.17220444149992511
576.8712871287129,0.17418023001106958
576.8910891089109,0.1759891028435035
576.9108910891089,0.17762913879526376
576.9306930693069,0.17909860251092266
576.950495049505,0.18039594457796682
576.970297029703,0.18151980169603868
576.990099009901,0.1824689968864399
577.009900990099,0.18324253971532314
577.0297029702971,0.1838396265094853
577.049504950495,0.18425964054773253
577.0693069306931,0.18450215221503186
577.0891089108911,0.18456691910969336
577.1089108910892,0.18445388609705757
577.1287128712871,0.18416318530608586
577.1485148514851,0.18369513606780125
577.1683168316832,0.18305024479736465
577.1881188118812,0.18222920482425597
577.2079207920792,0.1812328961779362
577.2277227722773,0.18006238533954835
577.2475247524753,0.17871892497358083
577.2673267326733,0.17720395365753902
577.2871287128712,0.1755190956321089
577.3069306930694,0.17366616059985512
577.3267326732673,0.171647143606839
577.3465346534654,0.1694642250494251
577.3663366336634,0.16711977085806398
577.3861386138614,0.16461633292159908
577.4059405940594,0.16195664983033953
577.4257425742574,0.15914364803420755
577.4455445544555,0.15618044353567612
577.4653465346535,0.15307034426628102
577.4851485148515,0.14981685333319505
577.5049504950496,0.14642367337067322
577.5247524752475,0.14289471229427264
577.5445544554456,0.13923409083793675
577.5643564356435,0.1354461523629907
577.5841584158417,0.13153547557276424
577.6039603960396,0.12750689096093093
577.6237623762376,0.12336550208528015
577.6435643564357,0.11911671311860622
577.6633663366337,0.11476626462680997
577.6831683168317,0.110320280219075
577.7029702970297,0.10578532769676108
577.7227722772278,0.10116849972827445
577.7425742574258,0.09647752110104332
577.7623762376237,0.09172089255881749
577.7821782178219,0.08690808560715022
577.8019801980198,0.08204980921465718
577.8217821782179,0.07715837923467024
577.8415841584158,0.07224823646760128
577.8613861386139,0.06733668242101072
577.8811881188119,0.06244493721001508
577.9009900990098,0.0575996773191928
577.920792079208,0.05283528774465396
577.940594059406,0.048197162032618944
577.9603960396039,0.04374647287587974
577.980198019802,0.03956678307202366
578.0,0.03577227137344812
578.019801980198,0.03251527064969959
578.039603960396,0.029985929845804286
578.0594059405942,0.028390219954507776
578.0792079207921,0.02789520158152836
578.09900990099,0.028559854113134987
578.1188118811881,0.030305313914003224
578.1386138613861,0.032953968146166225
578.1584158415842,0.036299409874240254
578.1782178217821,0.04015637886793734
578.1980198019802,0.044378498294630586
578.2178217821782,0.0488566896840629
578.2376237623762,0.053511223365084556
578.2574257425742,0.05828365877987548
578.2772277227723,0.06313051645784559
578.2970297029703,0.0680187535994304
578.3168316831683,0.07292264497790422
578.3366336633663,0.07782165561395235
578.3564356435644,0.08269898712253895
578.3762376237623,0.08754057621141365
578.3960396039604,0.09233439690314345
578.4158415841584,0.09706996828392428
578.4356435643564,0.10173800282158525
578.4554455445544,0.1063301520067036
578.4752475247525,0.1108388202410561
578.4950495049505,0.11525702719819003
578.5148514851485,0.11957830504041438
578.5346534653465,0.12379662100011986
578.5544554455446,0.12790631862601212
578.5742574257425,0.13190207290924114
578.5940594059406,0.13577885583198082
578.6138613861386,0.1395319098126202
578.6336633663367,0.14315672718275668
578.6534653465346,0.1466490343054648
578.6732673267327,0.15000477928786987
578.6930693069307,0.1532201224929521
578.7128712871287,0.1562914292409458
578.7326732673267,0.15921526423003982
578.7524752475248,0.16198838730970325
578.7722772277228,0.16460775031964633
578.7920792079208,0.16707049476750227
578.8118811881188,0.16937395016521006
578.8316831683169,0.17151563288008562
578.8514851485148,0.17349324538500038
578.8712871287129,0.17530467581417475
578.8910891089109,0.17694799774910322
578.9108910891089,0.178421470172981
578.9306930693069,0.1797235375434128
578.950495049505,0.18085282994277505
578.970297029703,0.1818081632727407
578.990099009901,0.18258853946613474
579.009900990099,0.1831931466943392
579.0297029702971,0.18362135955317674
579.049504950495,0.18387273921386604
579.0693069306931,0.18394703352920358
579.0891089108911,0.18384417708834158
579.1089108910892,0.18356429121609502
579.1287128712871,0.18310768391580196
579.1485148514851,0.18247484975730843
579.1683168316832,0.18166646971437767
579.1881188118812,0.1806834109588777
579.2079207920792,0.17952672662209732
579.2277227722773,0.1781976555371127
579.2475247524753,0.17669762198006878
579.2673267326733,0.17502823543285115
579.2871287128712,0.17319129039490785
579.3069306930694,0.17118876627865645
579.3267326732673,0.16902282743046176
579.3465346534654,0.16669582332881713
579.3663366336634,0.16421028902306123
579.3861386138614,0.16156894589037932
579.4059405940594,0.15877470280724926
579.4257425742574,0.15583065785417682
579.4455445544555,0.15274010070198515
579.4653465346535,0.14950651586489935
579.4851485148515,0.1461335870540201
579.5049504950496,0.14262520292693295
579.5247524752475,0.13898546461103653
579.5445544554456,0.1352186954857059
579.5643564356435,0.1313294538518396
579.5841584158417,0.12732254930936243
579.6039603960396,0.12320306392360775
579.6237623762376,0.1189763796170044
579.6435643564357,0.11464821371355514
579.6633663366337,0.11022466524811338
579.6831683168317,0.10571227561794129
579.7029702970297,0.10111810853018849
579.7227722772278,0.09644985618393281
579.7425742574258,0.09171598152209583
579.7623762376237,0.08692591066521842
579.7821782178219,0.0820902960260564
579.8019801980198,0.07722138024121739
579.8217821782179,0.07233350572044715
579.8415841584158,0.06744383703116759
579.8613861386139,0.06257339751858636
579.8811881188119,0.057748572860202074
579.9009900990098,0.053003307929986414
579.920792079208,0.04838231795388297
579.940594059406,0.043945719828805616
579.960396039604,0.039775439728842135
579.980198019802,0.035983192575238465
580.0,0.03271787665748026
580.019801980198,0.030165621113120447
580.039603960396,0.028529376065208292
580.0594059405942,0.027976892449910324
580.0792079207921,0.028573029575257043
580.09900990099,0.03024753777096053
580.1188118811881,0.03282973412244329
580.1386138613861,0.03611642775050183
580.1584158415842,0.039922697656846556
580.1782178217821,0.04410117632532074
580.1980198019803,0.04854148051741494
580.2178217821782,0.053162695745961414
580.2376237623762,0.057905433313528036
580.2574257425742,0.06272549370921032
580.2772277227723,0.06758929861107113
580.2970297029703,0.07247072680317135
580.3168316831683,0.0773489500025294
580.3366336633663,0.08220695143077066
580.3564356435644,0.08703050407406526
580.3762376237623,0.09180745833782304
580.3960396039604,0.09652723932521147
580.4158415841584,0.10118048759734805
580.4356435643565,0.10575879931861171
580.4554455445544,0.11025453611270755
580.4752475247525,0.11466068443566751
580.4950495049505,0.11897075055718402
580.5148514851485,0.12317868145212903
580.5346534653465,0.12727880475716682
580.5544554455446,0.13126578290335125
580.5742574257425,0.13513457789239378
580.5940594059406,0.13888042413628982
580.6138613861386,0.14249880745573607
580.6336633663367,0.14598544881724837
580.6534653465346,0.14933629174004667
580.6732673267327,0.1525474925609999
580.6930693069307,0.15561541293569528
580.7128712871287,0.15853661409543257
580.7326732673267,0.16130785248634105
580.7524752475248,0.16392607649773502
580.7722772277228,0.166388424048492
580.7920792079208,0.16869222084775107
580.8118811881187,0.17083497918324897
580.8316831683169,0.1728143971194485
580.8514851485148,0.1746283580103305
580.8712871287129,0.176274930249676
580.8910891089109,0.1777523671962815
580.910891089109,0.1790591072229964
580.9306930693069,0.18019377384789723
580.9504950495049,0.18115517591377361
580.970297029703,0.18194230778845535
580.990099009901,0.18255434956373717
581.009900990099,0.18299066723553545
581.0297029702971,0.1832508128515069
581.049504950495,0.1833345246161487
581.0693069306931,0.18324172694631927
581.089108910891,0.1829725304731714
581.1089108910892,0.18252723198920912
581.1287128712871,0.1819063143418991
581.1485148514852,0.18111044627809839
581.1683168316832,0.18014048224647872
581.1881188118812,0.17899746216817608
581.2079207920792,0.17768261118954565
581.2277227722772,0.17619733943472546
581.2475247524753,0.17454324178035793
581.2673267326733,0.1727220976802331
581.2871287128712,0.17073587107397514
581.3069306930694,0.16858671042170736
581.3267326732673,0.1662769489161002
581.3465346534654,0.16380910493483675
581.3663366336633,0.16118588281096619
581.3861386138615,0.15841017401682603
581.4059405940594,0.15548505887979389
581.4257425742574,0.15241380897737733
581.4455445544555,0.14919989039580708
581.4653465346535,0.14584696808432798
581.4851485148515,0.14235891159891279
581.5049504950495,0.13873980261033747
581.5247524752475,0.13499394465789064
581.5445544554456,0.13112587577203316
581.5643564356435,0.12714038477903977
581.5841584158417,0.1230425323579538
581.6039603960396,0.1188376782709085
581.6237623762377,0.11453151667203684
581.6435643564356,0.11013012207440954
581.6633663366337,0.10564000950388384
581.6831683168317,0.10106821372107193
581.7029702970297,0.09642239433954412
581.7227722772278,0.09171097650588378
581.7425742574258,0.0869433409890235
581.7623762376237,0.08213008375964644
581.7821782178218,0.07728337452661471
581.8019801980198,0.07241745794611248
581.8217821782179,0.06754936294445806
581.8415841584158,0.06269991862764246
581.861386138614,0.05789522466417039
581.8811881188119,0.05316879474724457
581.9009900990098,0.048564682217029836
581.9207920792079,0.04414197784970515
581.940594059406,0.03998102305106193
581.960396039604,0.03619115359303613
581.980198019802,0.03291795282855646
582.0,0.03034364949217656
582.019801980198,0.028668185842504176
582.039603960396,0.028059788027540153
582.059405940594,0.028588816470553224
582.0792079207921,0.030193372384127688
582.0990099009902,0.032709702978953654
582.1188118811881,0.035937976691783
582.1386138613861,0.03969374796216821
582.1584158415842,0.04382873961320147
582.1782178217821,0.04823130087738278
582.1980198019802,0.05281934597531403
582.2178217821782,0.05753254101914555
582.2376237623762,0.062325965396794074
582.2574257425742,0.06716550304512595
582.2772277227723,0.07202463448698157
582.2970297029703,0.07688223616953205
582.3168316831683,0.08172107132658617
582.3366336633663,0.086526747963987
582.3564356435644,0.09128699188488572
582.3762376237623,0.0959911334377495
582.3960396039604,0.10062974066854369
582.4158415841584,0.10519435393095931
582.4356435643565,0.10967729168039346
582.4554455445544,0.11407150683725602
582.4752475247524,0.11837047951614438
582.4950495049505,0.12256813621547857
582.5148514851485,0.12665878847552312
582.5346534653465,0.13063708601080232
582.5544554455446,0.13449798070909832
582.5742574257426,0.13823669886186596
582.5940594059406,0.1418487196813364
582.6138613861385,0.14532975865433706
582.6336633663367,0.14867575464199123
582.6534653465346,0.1518828598966527
582.6732673267327,0.15494743236166114
582.6930693069307,0.15786602976399985
582.7128712871287,0.16063540511864177
582.7326732673267,0.1632525033459616
582.7524752475247,0.16571445876637558
582.7722772277228,0.16801859328517055
582.7920792079208,0.17016241511788713
582.8118811881188,0.1721436179362407
582.8316831683169,0.17396008033765056
582.8514851485148,0.17560986555988753
582.8712871287129,0.17709122137691755
582.8910891089108,0.1784025801240616
582.910891089109,0.17954255880996484
582.9306930693069,0.1805099592809199
582.9504950495049,0.18130376840946336
582.970297029703,0.18192315828479394
582.990099009901,0.18236748638698838
583.009900990099,0.18263629573121967
583.029702970297,0.18272931497153694
583.0495049504951,0.18264645845703573
583.0693069306931,0.18238782623620675
583.089108910891,0.18195370400799282
583.1089108910892,0.18134456302083757
583.1287128712871,0.18056105992391489
583.1485148514852,0.17960403657750898
583.1683168316831,0.17847451983278975
583.1881188118812,0.17717372129462047
583.2079207920792,0.17570303708511312
583.2277227722772,0.17406404763009872
583.2475247524753,0.17225851749616758
583.2673267326733,0.1702883953122555
583.2871287128713,0.16815581381759043
583.3069306930693,0.16586309008708308
583.3267326732673,0.16341272599702844
583.3465346534654,0.16080740900824123
583.3663366336633,0.15805001336176383
583.3861386138615,0.15514360180498873
583.4059405940594,0.15209142799467273
583.4257425742574,0.14889693976023402
583.4455445544554,0.14556378345783844
583.4653465346535,0.14209580970713365
583.4851485148515,0.13849708088287666
583.5049504950495,0.1347718808389053
583.5247524752476,0.13092472748244918
583.5445544554456,0.1269603890044799
583.5643564356435,0.1228839048257283
583.5841584158416,0.11870061266426958
583.6039603960396,0.11441618360783386
583.6237623762377,0.11003666773802791
583.6435643564356,0.10556855378768255
583.6633663366337,0.10101884764081866
583.6831683168317,0.09639517639533296
583.7029702970297,0.09170592748738303
583.7227722772277,0.08696043646662385
583.7425742574258,0.08216924309542122
583.7623762376238,0.07734444458847578
583.7821782178218,0.07250018865733876
583.8019801980198,0.06765337008451058
583.8217821782179,0.06282462648306437
583.8415841584158,0.05803977651404385
583.8613861386139,0.05333191174997659
583.8811881188119,0.0487444399511036
583.9009900990098,0.044335454741060584
583.9207920792079,0.04018376273250682
583.940594059406,0.03639640136656813
583.960396039604,0.0331157525659078
583.980198019802,0.0305202581093687
584.0,0.02880686671291715
584.019801980198,0.028144077911928137
584.039603960396,0.028607388170570788
584.059405940594,0.030142985326028948
584.0792079207921,0.032594037149662566
584.0990099009902,0.03576420939943745
584.1188118811881,0.03946966864202444
584.1386138613861,0.04356131126349805
584.1584158415842,0.0479262579254355
584.1782178217821,0.05248126599212784
584.1980198019802,0.05716505969444152
584.2178217821782,0.061931996327315664
584.2376237623763,0.06674741980664572
584.2574257425742,0.07158441001386633
584.2772277227723,0.07642154604324258
584.2970297029703,0.08124136943693291
584.3168316831683,0.08602932186526314
584.3366336633663,0.09077300346151974
584.3564356435644,0.0954616489781295
584.3762376237623,0.10008575327894571
584.3960396039604,0.10463680037346128
584.4158415841584,0.10910706511739074
584.4356435643565,0.1134894665427108
584.4554455445544,0.11777745831716711
584.4752475247525,0.12196494621896092
584.4950495049505,0.12604622548641287
584.5148514851485,0.1300159329429116
584.5346534653465,0.1338690102132133
584.5544554455446,0.13760067534056264
584.5742574257426,0.14120640081930874
584.5940594059406,0.14468189656318559
584.6138613861385,0.1480230966959299
584.6336633663367,0.15122614931888304
584.6534653465346,0.15428740860834583
584.6732673267327,0.1572034287430948
584.6930693069307,0.15997095927331306
584.7128712871288,0.1625869416264891
584.7326732673267,0.1650485065100136
584.7524752475247,0.16735297201973157
584.7722772277228,0.16949784230211565
584.7920792079208,0.17148080664777204
584.8118811881188,0.17329973891753392
584.8316831683169,0.17495269722121198
584.8514851485148,0.17643792378400427
584.8712871287129,0.17775384494758542
584.8910891089108,0.17889907126274468
584.910891089109,0.17987239763837717
584.9306930693069,0.18067280351827644
584.950495049505,0.18129945306281137
584.970297029703,0.1817516953171465
584.990099009901,0.18202906435181707
585.009900990099,0.1821312793650854
585.029702970297,0.18205824473956617
585.0495049504951,0.18181005004880818
585.0693069306931,0.18138697001212215
585.089108910891,0.18078946439889348
585.1089108910892,0.18001817788634877
585.1287128712871,0.17907393987767356
585.1485148514852,0.1779577642906122
585.1683168316831,0.17667084933005806
585.1881188118813,0.1752145772622733
585.2079207920792,0.1735905142127631
585.2277227722772,0.17180041001537066
585.2475247524753,0.1698461981463161
585.2673267326733,0.1677299957849811
585.2871287128713,0.16545410405216765
585.3069306930693,0.16302100848853554
585.3267326732673,0.16043337984983713
585.3465346534654,0.15769407531385682
585.3663366336633,0.15480614021607722
585.3861386138615,0.15177281045993543
585.4059405940594,0.14859751578382197
585.4257425742575,0.14528388411402243
585.4455445544554,0.1418357472934137
585.4653465346535,0.13825714855538723
585.4851485148515,0.13455235221679337
585.5049504950495,0.13072585620250748
585.5247524752476,0.12678240820002468
585.5445544554456,0.12272702649306723
585.5643564356435,0.11856502686508073
585.5841584158416,0.11430205743403492
585.6039603960396,0.1099441439336637
585.6237623762377,0.10549774887553726
585.6435643564356,0.10096984933093336
585.6633663366338,0.09636803994636534
585.6831683168317,0.09170067052902178
585.7029702970297,0.08697703153849848
585.7227722772277,0.0822076067611627
585.7425742574258,0.07740442135146643
585.7623762376238,0.07258152688632641
585.7821782178218,0.06775568550049435
585.8019801980198,0.06294734604807302
585.8217821782179,0.058182051140267046
585.8415841584158,0.0534924791673083
585.8613861386139,0.048921408318499754
585.8811881188119,0.04452596337197416
585.90099009901,0.040383464786422324
585.9207920792079,0.03659873016855039
585.940594059406,0.03331105059807998
585.960396039604,0.030695193694892937
585.980198019802,0.028945136788837547
586.0,0.028229469318966326
586.019801980198,0.02862847296892772
586.039603960396,0.030096151580233856
586.059405940594,0.03248256561254432
586.0792079207921,0.0355950033961587
586.0990099009902,0.03925037662544853
586.1188118811881,0.04329883932256422
586.1386138613861,0.04762632442604925
586.1584158415842,0.05214844855171506
586.1782178217821,0.056802998597923926
586.1980198019802,0.06154360965518127
586.2178217821782,0.06633508396443367
586.2376237623763,0.07115009883767417
586.2574257425742,0.07596693426649113
586.2772277227723,0.08076790864791814
586.2970297029703,0.08553829615308543
586.3168316831683,0.09026557032650022
586.3366336633663,0.0949388696002927
586.3564356435644,0.09954861508254886
586.3762376237624,0.10408623398021641
586.3960396039604,0.10854395717909116
586.4158415841584,0.1129146695200915
586.4356435643565,0.1171917979738745
586.4554455445544,0.12136922738920515
586.4752475247525,0.12544123652585712
586.4950495049505,0.129402449165919
586.5148514851485,0.1332477965427101
586.5346534653465,0.13697248834116632
586.5544554455446,0.14057199024339112
586.5742574257426,0.14404200650944704
586.5940594059406,0.14737846645743136
586.6138613861386,0.15057751398065186
586.6336633663367,0.15363549944174157
586.6534653465346,0.15654897343437094
586.6732673267327,0.159314682016276
586.6930693069307,0.1619295631033078
586.7128712871288,0.16439074377961557
586.7326732673267,0.16669553832973252
586.7524752475247,0.16884144683735838
586.7722772277228,0.1708261542262095
586.7920792079208,0.1726475296426335
586.8118811881188,0.1743036260983
586.8316831683169,0.17579268030702835
586.8514851485149,0.17711311266176397
586.8712871287129,0.17826352730773234
586.8910891089108,0.17924271227598565
586.910891089109,0.18004963964829557
586.9306930693069,0.18068346572998556
586.950495049505,0.18114353121197907
586.970297029703,0.18142936130767123
586.990099009901,0.18154066585363854
587.009900990099,0.18147733936661045
587.029702970297,0.18123946105208447
587.0495049504951,0.1808272947627787
587.0693069306931,0.18024128890798885
587.0891089108911,0.1794820763176734
587.1089108910892,0.17855047406809538
587.1287128712871,0.17744748327895585
587.1485148514852,0.1761742888955472
587.1683168316831,0.17473225947330723
587.1881188118813,0.17312294698679892
587.2079207920792,0.17134808669043897
587.2277227722772,0.16940959706470407
587.2475247524753,0.1673095798892859
587.2673267326733,0.16505032049374962
587.2871287128713,0.16263428824817677
587.3069306930693,0.16006413737002886
587.3267326732674,0.15734270814160115
587.3465346534654,0.1544730286546139
587.3663366336633,0.15145831722690462
587.3861386138615,0.14830198567234712
587.4059405940594,0.14500764365165178
587.4257425742575,0.14157910439204915
587.4455445544554,0.13802039214233336
587.4653465346535,0.1343357518335483
587.4851485148515,0.1305296615525383
587.5049504950495,0.12660684861929666
587.5247524752476,0.1225723103068476
587.5445544554456,0.11843134057938717
587.5643564356436,0.1141895646885843
587.5841584158416,0.10985298411170019
587.6039603960396,0.10542803521937223
587.6237623762377,0.10092166634303332
587.6435643564356,0.09634143975118158
587.6633663366338,0.0916956677112353
587.6831683168317,0.08699359572648466
587.7029702970297,0.08224565183722735
587.7227722772277,0.07746378955561471
587.7425742574258,0.07266196509287354
587.7623762376238,0.06785680934464462
587.7821782178218,0.06306858496838905
587.8019801980199,0.058322563157620015
587.8217821782179,0.053651017451933826
587.8415841584158,0.04909611135980111
587.8613861386139,0.044714027086128524
587.8811881188119,0.040580643987118414
587.90099009901,0.03679863243919963
587.9207920792079,0.03350429502757067
587.940594059406,0.030868830359962147
587.960396039604,0.029083267489342125
587.980198019802,0.028316118713647496
588.0,0.02865212271545084
588.019801980198,0.03005283869773956
588.039603960396,0.032375188444563954
588.059405940594,0.035430202801916284
588.0792079207921,0.03903566902774777
588.0990099009902,0.04304108168305021
588.1188118811881,0.04733122580630787
588.1386138613861,0.05182059227649443
588.1584158415842,0.05644603415806593
588.1782178217821,0.06116046331815102
588.1980198019802,0.06592813793165356
588.2178217821782,0.07072133023340159
588.2376237623763,0.075518018913071
588.2574257425742,0.08030029742215493
588.2772277227722,0.08505327100031874
588.2970297029703,0.0897642854754123
588.3168316831683,0.09442238207113367
588.3366336633663,0.0990179074365893
588.3564356435644,0.10354223141443293
588.3762376237624,0.10798754046704628
588.3960396039604,0.11234668487409788
588.4158415841583,0.11661306460351172
588.4356435643565,0.12078054331960916
588.4554455445544,0.12484338308892882
588.4752475247525,0.1287961944700387
588.4950495049505,0.1326338981493101
588.5148514851485,0.13635169532011232
588.5346534653465,0.13994504473804834
588.5544554455445,0.14340964491166983
588.5742574257426,0.1467414202701329
588.5940594059406,0.14993651042839062
588.6138613861386,0.1529912618769832
588.6336633663367,0.15590222157702982
588.6534653465346,0.15866613205666505
588.6732673267327,0.16127992769264024
588.6930693069306,0.1637407319277395
588.7128712871288,0.1660458552259442
588.7326732673267,0.16819279360757466
588.7524752475247,0.17017922763729454
588.7722772277228,0.17200302176290677
588.7920792079208,0.17366222392190786
588.8118811881188,0.1751550653485678
588.8316831683168,0.17647996052654388
588.8514851485149,0.17763550724249413
588.8712871287129,0.17862048670402392
588.8910891089108,0.17943386369252398
588.910891089109,0.1800747867269776
588.9306930693069,0.1805425882197621
588.950495049505,0.18083678460958627
588.9702970297029,0.1809570764604506
588.990099009901,0.1809033485187599
589.009900990099,0.18067566972381408
589.029702970297,0.18027429316965055
589.0495049504951,0.17969965601927934
589.0693069306931,0.17895237937481645
589.0891089108911,0.17803326811043418
589.1089108910891,0.17694331067778052
589.1287128712871,0.17568367889737682
589.1485148514852,0.1742557277532214
589.1683168316831,0.17266099521251818
589.1881188118813,0.17090120209771972
589.2079207920792,0.16897825204447142
589.2277227722772,0.16689423158666045
589.2475247524752,0.16465141041912593
589.2673267326733,0.16225224189984974
589.2871287128713,0.159699363867953
589.3069306930693,0.15699559987097678
589.3267326732674,0.15414396091774907
589.3465346534654,0.15114764790068808
589.3663366336633,0.14801005486778712
589.3861386138614,0.14473477337033452
589.4059405940594,0.14132559817242785
589.4257425742575,0.13778653468610955
589.4455445544554,0.13412180859839903
589.4653465346535,0.13033587829246457
589.4851485148515,0.12643345084635596
589.5049504950495,0.12241950263760877
589.5247524752475,0.11829930591477573
589.5445544554456,0.11407846315413102
589.5643564356436,0.10976295165436355
589.5841584158416,0.10535918171113857
589.6039603960396,0.10087407297338799
589.6237623762377,0.0963151553879759
589.6435643564356,0.09169070375323261
589.6633663366337,0.08700991872918595
589.6831683168317,0.08228317281625123
589.7029702970297,0.0775223482739621
589.7227722772277,0.0727413066806536
589.7425742574258,0.06795654905162044
589.7623762376238,0.06318815433365262
589.7821782178218,0.0584611268069004
589.8019801980198,0.05380734326224739
589.8217821782179,0.049268366986939656
589.8415841584158,0.04489946307172355
589.8613861386139,0.0407751133366057
589.8811881188119,0.036995911085046455
589.90099009901,0.0336952696541862
589.9207920792079,0.03104092245838172
589.9405940594058,0.02922097935282884
589.960396039604,0.028403724479038283
589.980198019802,0.028678039978618616
590.0,0.030012777227768586
590.019801980198,0.032271672989143255
590.0396039603961,0.0352696087336576
590.059405940594,0.03882537368572117
590.079207920792,0.042787886154353014
590.0990099009902,0.04704082455503417
590.1188118811881,0.05149757040129138
590.1386138613861,0.05609404744300385
590.1584158415842,0.060782444032411356
590.1782178217821,0.06552647240632573
590.1980198019802,0.07029799759198363
590.2178217821781,0.07507469505850282
590.2376237623763,0.07983843172431868
590.2574257425742,0.0845741426301889
590.2772277227723,0.08926904488884715
590.2970297029703,0.09391208173057489
590.3168316831683,0.09849352472544022
590.3366336633663,0.10300468585785362
590.3564356435643,0.10743770676913245
590.3762376237624,0.11178540285377558
590.3960396039604,0.11604114681012143
590.4158415841583,0.12019878089577028
590.4356435643565,0.12425255029703014
590.4554455445544,0.1281970521904471
590.4752475247525,0.13202719658024378
590.4950495049504,0.13573817605254743
590.5148514851486,0.1393254423373901
590.5346534653465,0.14278468810724135
590.5544554455445,0.14611183283051274
590.5742574257426,0.14930301178363992
590.5940594059406,0.15235456753551965
590.6138613861386,0.15526304337507815
590.6336633663366,0.15802517827054496
590.6534653465346,0.16063790303821546
590.6732673267327,0.16309833746663946
590.6930693069306,0.16540378819475696
590.7128712871288,0.16755174718302646
590.7326732673267,0.16953989064847083
590.7524752475248,0.17136607835951773
590.7722772277227,0.17302835320621748
590.7920792079208,0.17452494097745205
590.8118811881188,0.17585425028916185
590.8316831683168,0.17701487261820675
590.8514851485149,0.17800558240461406
590.8712871287129,0.1788253371922632
590.8910891089108,0.17947327778358754
590.9108910891089,0.17994872838891396
590.9306930693069,0.18025119675541715
590.950495049505,0.1803803742641331
590.9702970297029,0.18033613598708748
590.9900990099011,0.18011854069947233
591.009900990099,0.17972783084477018
591.029702970297,0.17916443245354752
591.049504950495,0.17842895501959144
591.0693069306931,0.17752219133982464
591.0891089108911,0.17644511732783338
591.1089108910891,0.17519889181421314
591.1287128712871,0.17378485635097046
591.1485148514852,0.17220453504168595
591.1683168316831,0.17045963442455359
591.1881188118812,0.168552043441674
591.2079207920792,0.16648383353566187
591.2277227722773,0.16425725892386908
591.2475247524752,0.1618747571118217
591.2673267326733,0.1593389497216456
591.2871287128713,0.1566526437288023
591.3069306930693,0.15381883322245463
591.3267326732673,0.15084070183279552
591.3465346534654,0.14772162600427097
591.3663366336633,0.14446517933948244
591.3861386138614,0.141075138297611
591.4059405940594,0.13755548960860522
591.4257425742575,0.1339104398656306
591.4455445544554,0.13014442789269995
591.4653465346535,0.12626214066373467
591.4851485148515,0.12226853379094355
591.5049504950495,0.11816885792882657
591.5247524752475,0.11396869289110634
591.5445544554456,0.10967399190242784
591.5643564356436,0.10529113928172217
591.5841584158416,0.10082702609213429
591.6039603960396,0.09628915006342188
591.6237623762377,0.09168574865418447
591.6435643564356,0.08702597786594768
591.6633663366337,0.08232015495278135
591.6831683168317,0.07758009141688439
591.7029702970298,0.07281955506250688
591.7227722772277,0.06805491852912823
591.7425742574258,0.0633060796980149
591.7623762376238,0.058597780592010075
591.7821782178218,0.05396150944817516
591.8019801980198,0.049438243713021364
591.8217821782179,0.04508235634340729
591.8415841584158,0.04096697390918718
591.8613861386139,0.03719068017969262
591.8811881188119,0.033884094354249605
591.90099009901,0.031211584481471398
591.9207920792079,0.029358371419542388
591.940594059406,0.028492370404796744
591.960396039604,0.028706305357060712
591.980198019802,0.029976056612134216
592.0,0.03217211998888933
592.019801980198,0.03511332865658283
592.0396039603961,0.03861959912826459
592.059405940594,0.04253935834342335
592.079207920792,0.046755221200974285
592.0990099009902,0.051179477450805026
592.1188118811881,0.055747126734399376
592.1386138613861,0.060409633942285164
592.1584158415842,0.06513016365767259
592.1782178217823,0.06988017162983756
592.1980198019802,0.07463702820146
592.2178217821781,0.07938237216143411
592.2376237623763,0.08410096706605012
592.2574257425742,0.08877990029361951
592.2772277227723,0.09340801627535018
592.2970297029703,0.09797551086303731
592.3168316831683,0.10247363767167283
592.3366336633663,0.1068944931085763
592.3564356435643,0.11123085734589135
592.3762376237624,0.11547607553385664
592.3960396039604,0.11962396829092939
592.4158415841584,0.12366876372737913
592.4356435643565,0.12760504547146315
592.4554455445544,0.1314277127032717
592.4752475247525,0.13513194927998168
592.4950495049504,0.13871319980166089
592.5148514851486,0.142167151015281
592.5346534653465,0.1454897173524549
592.5544554455445,0.1486770296869908
592.5742574257426,0.15172542661296867
592.5940594059406,0.15463144770414197
592.6138613861386,0.15739182833542906
592.6336633663366,0.16000349573831016
592.6534653465347,0.162463566031493
592.6732673267327,0.16476934202161392
592.6930693069306,0.16691831161018905
592.7128712871288,0.16890814667544687
592.7326732673267,0.17073670232301075
592.7524752475248,0.17240201641970423
592.7722772277227,0.17390230934067932
592.7920792079208,0.17523598387314798
592.8118811881188,0.17640162523032765
592.8316831683168,0.17739800113793525
592.8514851485149,0.1782240619625617
592.8712871287129,0.17887894085706782
592.8910891089109,0.17936195390347415
592.9108910891089,0.1796726002376348
592.9306930693069,0.17981056214424992
592.950495049505,0.17977570511383337
592.9702970297029,0.17956807785638934
592.9900990099011,0.17918791226960343
593.009900990099,0.17863562336210084
593.029702970297,0.17791180913524726
593.049504950495,0.17701725042986877
593.0693069306931,0.17595291074761105
593.0891089108911,0.17471993606002503
593.1089108910891,0.17331965462239016
593.1287128712872,0.171753576814046
593.1485148514852,0.17002339503204514
593.1683168316831,0.16813098367146564
593.1881188118812,0.16607839923315257
593.2079207920792,0.16386788060898594
593.2277227722773,0.1615018496060594
593.2475247524752,0.1589829117850525
593.2673267326733,0.15631385770574968
593.2871287128713,0.15349766469428705
593.3069306930693,0.15053749927475443
593.3267326732673,0.14743672044289957
593.3465346534654,0.14419888400526115
593.3663366336634,0.14082774826554492
593.3861386138614,0.13732728141681536
593.4059405940594,0.13370167109818523
593.4257425742575,0.12995533670772003
593.4455445544554,0.12609294524052364
593.4653465346535,0.1221194316596732
593.4851485148515,0.11804002513170475
593.5049504950495,0.11386028290301799
593.5247524752475,0.1095861342086649
593.5445544554456,0.10522393746604371
593.5643564356436,0.10078055522236168
593.5841584158416,0.09626345306303973
593.6039603960396,0.09168083119829219
593.6237623762377,0.08704180110945164
593.6435643564356,0.08235662503984387
593.6633663366337,0.07763704415539933
593.6831683168317,0.07289673324690864
593.7029702970298,0.06815193794799307
593.7227722772277,0.06342237752718966
593.7425742574258,0.058732536118493064
593.7623762376238,0.054113521150715604
593.7821782178218,0.04960573788158006
593.8019801980198,0.045262690907429654
593.8217821782179,0.0411561918550024
593.8415841584159,0.03738287947589495
593.8613861386139,0.034070670201991844
593.8811881188119,0.0313806644460834
593.90099009901,0.02949522929815417
593.9207920792079,0.028581786265721533
593.940594059406,0.028736617067495675
593.960396039604,0.029942370839955414
593.980198019802,0.03207623536717687
594.0,0.034961085014117446
594.019801980198,0.03841808334043172
594.0396039603961,0.04229524942212784
594.059405940594,0.046474177891361
594.0792079207921,0.050866084770488366
594.0990099009902,0.05540505118363133
594.1188118811881,0.0600418189042089
594.1386138613861,0.06473900336447592
594.1584158415842,0.06946764913251455
594.1782178217823,0.07420481965027952
594.1980198019802,0.07893192408643533
594.2178217821781,0.08363355331357888
594.2376237623763,0.08829666402759287
594.2574257425742,0.0929100011141934
594.2772277227723,0.09746368411724379
594.2970297029703,0.10194890781286832
594.3168316831684,0.10635772299679044
594.3366336633663,0.11068287431155553
594.3564356435643,0.11491767910643914
594.3762376237624,0.11905593615024376
594.3960396039604,0.12309185630028342
594.4158415841584,0.127020009486543
594.4356435643565,0.1308352839370665
594.4554455445544,0.13453285467065196
594.4752475247525,0.1381081590636305
594.4950495049504,0.14155687785738771
594.5148514851486,0.1448749203787522
594.5346534653465,0.14805841304182749
594.5544554455446,0.15110369041891936
594.5742574257426,0.15400728833103253
594.5940594059406,0.1567659385310145
594.6138613861386,0.15937656464529357
594.6336633663366,0.16183627911061393
594.6534653465347,0.16414238089711355
594.6732673267327,0.1662923538508785
594.6930693069306,0.16828386552237595
594.7128712871288,0.17011476637289244
594.7326732673267,0.1717830892717464
594.7524752475248,0.17328704921326668
594.7722772277227,0.17462504319585753
594.7920792079209,0.1757956502160387
594.8118811881188,0.1767976313389972
594.8316831683168,0.1776299298145027
594.8514851485149,0.17829167121304199
594.8712871287129,0.1787821635619452
594.8910891089109,0.17910089746583172
594.9108910891089,0.17924754619939406
594.9306930693069,0.1792219657640523
594.950495049505,0.17902419490300484
594.9702970297029,0.17865445507233266
594.9900990099011,0.17811315036848366
595.009900990099,0.17740086741557493
595.0297029702971,0.1765183752187376
595.049504950495,0.1754666249930403
595.0693069306931,0.17424674998099507
595.0891089108911,0.17286006527567357
595.1089108910891,0.1713080676707856
595.1287128712872,0.16959243556472198
595.1485148514852,0.16771502895145654
595.1683168316831,0.16567788953906773
595.1881188118812,0.16348324104566894
595.2079207920792,0.16113348973380823
595.2277227722773,0.15863122525835377
595.2475247524752,0.15597922192017344
595.2673267326734,0.15318044043973933
595.2871287128713,0.15023803039226954
595.3069306930693,0.1471553334812393
595.3267326732673,0.14393588787186307
595.3465346534654,0.14058343386465655
595.3663366336634,0.13710192126463147
595.3861386138614,0.1334955189012153
595.4059405940594,0.1297686268854116
595.4257425742575,0.12592589236587015
595.4455445544554,0.12197222978139227
595.4653465346535,0.11791284692717756
595.4851485148515,0.11375327859035168
595.5049504950496,0.10949943011644354
595.5247524752475,0.10515763411535738
595.5445544554456,0.10073472471093876
595.5643564356436,0.09623813544429179
595.5841584158416,0.09167602940115643
595.6039603960396,0.0870574737194549
595.6237623762377,0.08239267591206628
595.6435643564356,0.07769330728011943
595.6633663366337,0.07297295041538895
595.6831683168317,0.0682477253663795
595.7029702970298,0.06353717527484054
595.7227722772277,0.05886553073897899
595.7425742574258,0.05426352599745002
595.7623762376238,0.04977100740689376
595.7821782178218,0.04544063414421424
595.8019801980198,0.041342941515365536
595.8217821782179,0.037572684747707634
595.8415841584159,0.03425516438944709
595.8613861386139,0.03154830658452987
595.8811881188118,0.029631660396197152
595.90099009901,0.028672038728590605
595.9207920792079,0.02876901087340315
595.940594059406,0.02991173877603126
595.960396039604,0.03198402864961049
595.9801980198021,0.03481287889365683
596.0,0.038220817705963375
596.0198019801979,0.04205554024613745
596.0396039603961,0.046197665002890534
596.059405940594,0.05055735286781998
596.0792079207921,0.055067772268766184
596.0990099009902,0.05967894224118576
596.1188118811881,0.06435292751416329
596.1386138613861,0.06906035948598986
596.1584158415841,0.07377799283535098
596.1782178217823,0.07848700553982532
596.1980198019802,0.08317181452035063
596.2178217821782,0.08781924478480936
596.2376237623763,0.09241794087952154
596.2574257425742,0.09695794541168494
596.2772277227723,0.10143039381691799
596.2970297029702,0.10582729087516202
596.3168316831684,0.11014134537011906
596.3366336633663,0.1143658465787803
596.3564356435643,0.11849457119438471
596.3762376237624,0.12252171263128156
596.3960396039604,0.126441826960105
596.4158415841584,0.1302497913194769
596.4356435643564,0.1339407717721046
596.4554455445545,0.13751019836967596
596.4752475247525,0.14095374576161213
596.4950495049504,0.14426731809639956
596.5148514851486,0.14744703726646574
596.5346534653465,0.1504892337708907
596.5544554455446,0.1533904396362495
596.5742574257425,0.15614738296090444
596.5940594059406,0.15875698374251665
596.6138613861386,0.1612163507205472
596.6336633663366,0.16352277902141357
596.6534653465347,0.16567374843640095
596.6732673267327,0.16766692219650978
596.6930693069307,0.16950014613450573
596.7128712871287,0.1711714481453306
596.7326732673267,0.17267903787287245
596.7524752475248,0.17402130656424797
596.7722772277227,0.17519682704372924
596.7920792079209,0.176204353767322
596.8118811881188,0.1770428229261236
596.8316831683168,0.17771135257300483
596.8514851485148,0.17820924275191144
596.8712871287129,0.17853597561391576
596.8910891089109,0.17869121550765737
596.9108910891089,0.1786748090355241
596.930693069307,0.17848678506995105
596.950495049505,0.17812735472721872
596.9702970297029,0.17759691129904911
596.990099009901,0.17689603014517657
597.009900990099,0.17602546855308696
597.0297029702971,0.1749861655743118
597.049504950495,0.17377924185016447
597.0693069306931,0.1724059994437388
597.0891089108911,0.17086792169964435
597.1089108910891,0.16916667315796455
597.1287128712871,0.16730409955549744
597.1485148514852,0.1652822279546906
597.1683168316832,0.1631032670497996
597.1881188118812,0.16076960771113777
597.2079207920792,0.1582838238419538
597.2277227722773,0.15564867363977405
597.2475247524752,0.15286710137579446
597.2673267326733,0.1499422398330034
597.2871287128713,0.146877413578677
597.3069306930693,0.1436761432917004
597.3267326732673,0.140342151422325
597.3465346534654,0.1368793695376488
597.3663366336634,0.13329194780383913
597.3861386138614,0.12958426718659807
597.4059405940594,0.12576095512446608
597.4257425742575,0.12182690566204897
597.4455445544554,0.11778730534655203
597.4653465346535,0.11364766662245869
597.4851485148515,0.1094138710565604
597.5049504950496,0.10509222555865741
597.5247524752475,0.10068953593831141
597.5445544554455,0.0962132038126196
597.5643564356436,0.09167135529134621
597.5841584158416,0.08707301337537729
597.6039603960396,0.08242833116230172
597.6237623762377,0.07774891059979151
597.6435643564357,0.0730482429380515
597.6633663366337,0.06834232410227312
597.6831683168316,0.0636505236204918
597.7029702970298,0.05899682289539659
597.7227722772277,0.05441159048769198
597.7425742574258,0.04993412683649854
597.7623762376238,0.0456162679430686
597.7821782178218,0.041527310002845444
597.8019801980198,0.037760183689334745
597.8217821782177,0.0344376568602153
597.8415841584159,0.03171457137146994
597.8613861386139,0.029767695169926712
597.8811881188119,0.02876312737872964
597.90099009901,0.028803467434825942
597.9207920792079,0.029884137242635028
597.940594059406,0.031895480372917374
597.9603960396039,0.0346686943964634
597.9801980198021,0.03802778699076748
598.0,0.04182021370870003
598.0198019801979,0.045925662085662095
598.0396039603961,0.05025325730745061
598.059405940594,0.05473526140754106
598.0792079207921,0.05932097130384933
598.09900990099,0.06397189957750982
598.1188118811882,0.0686582625082876
598.1386138613861,0.07335650415699548
598.1584158415841,0.07804756973340943
598.1782178217823,0.08271570092769022
598.1980198019802,0.08734759004190369
598.2178217821782,0.09193178047730183
598.2376237623762,0.09645823726512019
598.2574257425742,0.10091803598963199
598.2772277227723,0.1053031350029152
598.2970297029702,0.10960620689372741
598.3168316831684,0.11382051258972069
598.3366336633663,0.11793980647762439
598.3564356435643,0.12195826433449374
598.3762376237623,0.12587042820677755
598.3960396039604,0.12967116400288223
598.4158415841584,0.13335562870877565
598.4356435643564,0.13691924494788102
598.4554455445545,0.1403576811887831
598.4752475247525,0.14366683632576938
598.4950495049504,0.1468428276653815
598.5148514851485,0.1498819815799314
598.5346534653465,0.15278082625786743
598.5544554455446,0.15553608610861588
598.5742574257425,0.15814467747534572
598.5940594059406,0.16060370538295266
598.6138613861386,0.162910461104847
598.6336633663366,0.16506242037609717
598.6534653465346,0.1670572421144373
598.6732673267327,0.16889276753770785
598.6930693069307,0.17056701958743398
598.7128712871287,0.1720782025851219
598.7326732673267,0.17342470206167554
598.7524752475248,0.17460508471114053
598.7722772277227,0.17561809842911474
598.7920792079208,0.1764626724034748
598.8118811881188,0.17713791723144448
598.8316831683168,0.1776431250419953
598.8514851485148,0.17797776960732237
598.8712871287129,0.17814150643082752
598.8910891089109,0.17813417280267274
598.9108910891089,0.1779557878171595
598.9306930693069,0.17760655234905418
598.950495049505,0.17708684898909147
598.9702970297029,0.17639724194163867
598.990099009901,0.1755384768906116
599.009900990099,0.17451148084289156
599.0297029702971,0.17331736196202482
599.049504950495,0.17195740940890947
599.0693069306931,0.17043309321076522
599.0891089108911,0.16874606418478674
599.1089108910891,0.1668981539493357
599.1287128712871,0.16489137506289703
599.1485148514852,0.16272792134009095
599.1683168316832,0.16041016840525696
599.1881188118812,0.15794067455784055
599.2079207920792,0.15532218204090423
599.2277227722773,0.15255761882561447
599.2475247524752,0.14965010105169083
599.2673267326733,0.1466029362982968
599.2871287128713,0.14341962790415308
599.3069306930693,0.14010388061286666
599.3267326732673,0.13665960789354017
599.3465346534654,0.133090941384431
599.3663366336634,0.12940224303567927
599.3861386138614,0.1255981206986276
599.4059405940594,0.12168344813900095
599.4257425742575,0.11766339076283072
599.4455445544554,0.11354343876996646
599.4653465346535,0.10932945003808135
599.4851485148515,0.10502770585997062
599.5049504950496,0.1006449838118146
599.5247524752475,0.09618865367386381
599.5445544554455,0.09166680468891421
599.5643564356436,0.08708841587923465
599.5841584158416,0.08246358618299986
599.6039603960396,0.07780384863061275
599.6237623762377,0.07312260389015705
599.6435643564357,0.06843572509317292
599.6633663366337,0.06376241048195617
599.6831683168316,0.05912639633360605
599.7029702970298,0.05455769263130699
599.7227722772277,0.05009506622973543
599.7425742574258,0.04578955114784762
599.7623762376238,0.04170923999705064
599.7821782178218,0.037945295338799444
599.8019801980198,0.03461803241333237
599.8217821782177,0.03187929688888565
599.8415841584159,0.029903116258575512
599.8613861386139,0.028854783716364466
599.8811881188119,0.028839687460514456
599.90099009901,0.02985926130940379
599.9207920792079,0.03181029639395101
599.940594059406,0.03452825368887138
599.9603960396039,0.037838729243455264
599.9801980198021,0.04158902153332877
600.0,0.04565793228239477
600.0198019801979,0.0499535707705338
600.0396039603961,0.05440729931806305
600.059405940594,0.058967693649367776
600.0792079207921,0.06359571298699891
600.09900990099,0.0682611567261007
600.1188118811882,0.07294015660024147
600.1386138613861,0.07761342359200007
600.1584158415841,0.08226502297774356
600.1782178217823,0.08688151341521125
600.1980198019802,0.09145133642091789
600.2178217821782,0.09596437886602818
600.2376237623762,0.10041165601910322
600.2574257425742,0.1047850794315097
600.2772277227723,0.10907728519441216
600.2970297029702,0.11328150563747874
600.3168316831684,0.11739147263444621
600.3366336633663,0.12140134415176852
600.3564356435644,0.12530564806498676
600.3762376237623,0.12909923892733774
600.3960396039604,0.13277726454105318
600.4158415841584,0.13633514000963948
600.4356435643564,0.13976852754244143
600.4554455445545,0.1430733207128232
600.4752475247525,0.14624563218532677
600.4950495049504,0.14928178415898796
600.5148514851485,0.15217830094666301
600.5346534653465,0.15493190323983333
600.5544554455446,0.15753950370631625
600.5742574257425,0.1599982036432921
600.5940594059407,0.16230529046565118
600.6138613861386,0.16445823585402278
600.6336633663366,0.16645469442186683
600.6534653465346,0.16829250278819732
600.6732673267327,0.16996967896410717
600.6930693069307,0.17148442197860436
600.7128712871287,0.17283511168301366
600.7326732673267,0.1740203086844119
600.7524752475248,0.1750387543678227
600.7722772277227,0.17588937097420712
600.7920792079208,0.1765712617078062
600.8118811881188,0.17708371085154437
600.8316831683169,0.17742618387379844
600.8514851485148,0.1775983275138132
600.8712871287129,0.17759996983651014
600.8910891089109,0.17743112025074478
600.9108910891089,0.17709196948808806
600.9306930693069,0.17658288954201773
600.950495049505,0.17590443357050262
600.9702970297029,0.1750573357679152
600.990099009901,0.1740425112153427
601.009900990099,0.17286105572203248
601.0297029702971,0.17151424567451512
601.049504950495,0.17000353791454043
601.0693069306931,0.16833056967214288
601.0891089108911,0.16649715858647418
601.1089108910891,0.16450530285442905
601.1287128712871,0.16235718155610407
601.1485148514852,0.1600551552173635
601.1683168316832,0.15760176668329293
601.1881188118812,0.15499974239332331
601.2079207920792,0.15225199417037646
601.2277227722773,0.14936162166301414
601.2475247524752,0.14633191561405082
601.2673267326733,0.14316636217291734
601.2871287128713,0.13986864852566439
601.3069306930694,0.13644267019006026
601.3267326732673,0.13289254041979492
601.3465346534654,0.12922260228867755
601.3663366336634,0.12543744419527045
601.3861386138614,0.12154191975526629
601.4059405940594,0.1175411733565014
601.4257425742575,0.11344067307143796
601.4455445544554,0.1092462532011336
601.4653465346535,0.10496416953166395
601.4851485148515,0.10060117151900229
601.5049504950496,0.09616459723196025
601.5247524752475,0.09166249920052921
601.5445544554456,0.08710381267973996
601.5643564356436,0.08249858276551938
601.5841584158416,0.07785827407667001
601.6039603960396,0.07319619753416683
601.6237623762377,0.0685281048812214
601.6435643564357,0.0638730254641832
601.6633663366337,0.05925445452273054
601.6831683168316,0.05470205047705311
601.7029702970298,0.05025405862256201
601.7227722772277,0.045960731442039736
601.7425742574258,0.04188899193996681
601.7623762376238,0.03812828817475775
601.7821782178219,0.034796558473324773
601.8019801980198,0.032042735568439146
601.8217821782177,0.030038145596788315
601.8415841584159,0.028947189941618365
601.8613861386139,0.028877815643163444
601.8811881188119,0.02983722636594358
601.90099009901,0.03172856816793325
601.9207920792079,0.034391625344361305
601.940594059406,0.037653689974762185
601.9603960396039,0.041361986717533
601.9801980198021,0.04539447752158191
602.0,0.04965827601138746
602.019801980198,0.05408385153978928
602.0396039603961,0.058619059421165444
602.059405940594,0.06322430409333586
602.0792079207921,0.06786896607743295
602.09900990099,0.07252886286787652
602.1188118811882,0.07718446958744626
602.1386138613861,0.08181967377156715
602.1584158415841,0.08642089937673937
602.1782178217823,0.0909764851982559
602.1980198019802,0.09547623928393788
602.2178217821782,0.09991111605725288
602.2376237623762,0.10427297984249748
602.2574257425744,0.10855442988620419
602.2772277227723,0.11274866963451702
602.2970297029702,0.116849408210675
602.3168316831684,0.12085078557112537
602.3366336633663,0.12474731525169126
602.3564356435644,0.1285338403064773
602.3762376237623,0.13220549923082692
602.3960396039604,0.13575769950260516
602.4158415841584,0.13918609698130477
602.4356435643564,0.14248657984201607
602.4554455445545,0.14565525604168728
602.4752475247525,0.1486884435512628
602.4950495049505,0.15158266276309218
602.5148514851485,0.15433463061501349
602.5346534653465,0.15694125607249987
602.5544554455446,0.15939963668639345
602.5742574257425,0.1617070560023792
602.5940594059407,0.16386098164373325
602.6138613861386,0.16585906392423594
602.6336633663366,0.16769913487596552
602.6534653465346,0.1693792075986704
602.6732673267327,0.17089747585493525
602.6930693069307,0.17225231384948705
602.7128712871287,0.17344227614221808
602.7326732673268,0.17446609765397303
602.7524752475248,0.1753226937317227
602.7722772277227,0.1760111602460777
602.7920792079208,0.1765307736995209
602.8118811881188,0.17688099132841603
602.8316831683169,0.17706145118564057
602.8514851485148,0.17707197219455195
602.8712871287129,0.17691255416798088
602.8910891089109,0.17658337778924366
602.9108910891089,0.17608480455490225
602.9306930693069,0.17541737668207263
602.950495049505,0.17458181698609213
602.970297029703,0.17357902873756834
602.990099009901,0.17241009551128858
603.009900990099,0.17107628104353695
603.0297029702971,0.16957902911872447
603.049504950495,0.1679199635115907
603.0693069306931,0.16610088801730108
603.0891089108911,0.16412378660944113
603.1089108910891,0.16199082377454072
603.1287128712871,0.15970434508320433
603.1485148514852,0.1572668780711243
603.1683168316832,0.1546811335204309
603.1881188118812,0.15195000725286564
603.2079207920792,0.14907658257311185
603.2277227722773,0.1460641335344812
603.2475247524752,0.14291612924279992
603.2673267326733,0.1396362394703883
603.2871287128713,0.13622834192490446
603.3069306930694,0.13269653161321032
603.3267326732673,0.1290451328662894
603.3465346534653,0.12527871475839897
603.3663366336634,0.12140211087805589
603.3861386138614,0.11742044471180942
603.4059405940594,0.11333916231580894
603.4257425742575,0.10916407452089402
603.4455445544555,0.10490141171075763
603.4653465346535,0.10055789532861671
603.4851485148514,0.09614083185200864
603.5049504950496,0.0916582372476964
603.5247524752475,0.08711900321117524
603.5445544554456,0.08253312131068691
603.5643564356436,0.07791198825750274
603.5841584158416,0.07326882605925784
603.6039603960396,0.06861926647315864
603.6237623762376,0.0639821723291181
603.6435643564357,0.0593808018876932
603.6633663366337,0.05484446894451277
603.6831683168317,0.05041090908510585
603.7029702970298,0.04612961332688256
603.7227722772277,0.042066368311566404
603.7425742574258,0.03830895995148735
603.7623762376237,0.034973023734643005
603.7821782178219,0.0322046619560624
603.8019801980198,0.030172541742241616
603.8217821782177,0.02904009662105293
603.8415841584159,0.028917613889839423
603.8613861386139,0.029817826226436854
603.8811881188119,0.031650131587047596
603.9009900990098,0.03425868620526345
603.920792079208,0.03747258045350013
603.940594059406,0.04113904777382559
603.9603960396039,0.045135257538944255
603.9801980198021,0.049367349366330596
604.0,0.053764907536416016
604.019801980198,0.0582750685908588
604.039603960396,0.06285768137592818
604.059405940594,0.06748170600103655
604.0792079207921,0.07212264414368799
604.09900990099,0.0767607336856783
604.1188118811882,0.08137968328660401
604.1386138613861,0.08596578129413134
604.1584158415842,0.09050726306325028
604.1782178217821,0.09499385724871676
604.1980198019802,0.09941645697485267
604.2178217821782,0.10376687897375389
604.2376237623762,0.10803768535054295
604.2574257425744,0.11222205042385826
604.2772277227723,0.11631366036361278
604.2970297029702,0.12030663694594403
604.3168316831683,0.1241954792226346
604.3366336633663,0.12797501862566826
604.3564356435644,0.13164038423805113
604.3762376237623,0.13518697582162315
604.3960396039605,0.13861044280852808
604.4158415841584,0.14190666790955034
604.4356435643564,0.1450717543183181
604.4554455445544,0.14810201573139273
604.4752475247525,0.15099396858305267
604.4950495049505,0.15374432602823745
604.5148514851485,0.15634999330870614
604.5346534653465,0.15880806421514393
604.5544554455446,0.1611158184175786
604.5742574257425,0.16327071948262234
604.5940594059406,0.16527041343206822
604.6138613861386,0.167112727725596
604.6336633663367,0.16879567057293246
604.6534653465346,0.17031743049822606
604.6732673267327,0.17167637609410383
604.6930693069307,0.17287105591422994
604.7128712871287,0.1739001984626393
604.7326732673267,0.17476271224593165
604.7524752475248,0.17545768586087918
604.7722772277227,0.1759843880954027
604.7920792079208,0.1763422680256456
604.8118811881188,0.17653095509579647
604.8316831683169,0.17655025917098963
604.8514851485148,0.17640017055695853
604.8712871287129,0.17608085998310982
604.8910891089109,0.17559267854867294
604.9108910891089,0.17493615763455356
604.9306930693069,0.17411200878660243
604.950495049505,0.17312112357913215
604.970297029703,0.17196457347112395
604.990099009901,0.17064360967144737
605.0099009900989,0.16915966303398036
605.0297029702971,0.16751434400855775
605.049504950495,0.16570944268014431
605.0693069306931,0.16374692893576226
605.0891089108911,0.16162895280775386
605.1089108910892,0.15935784505306258
605.1287128712871,0.15693611804139176
605.1485148514851,0.15436646704225732
605.1683168316832,0.15165177202170563
605.1881188118812,0.14879510008623129
605.2079207920792,0.1457997087449146
605.2277227722773,0.14266905020419765
605.2475247524752,0.13940677696509787
605.2673267326733,0.13601674906502528
605.2871287128712,0.13250304340054767
605.3069306930694,0.12886996569221107
605.3267326732673,0.12512206581750288
605.3465346534654,0.12126415745981486
605.3663366336634,0.11730134332063999
605.3861386138614,0.11323904755042187
605.4059405940594,0.10908305761576072
605.4257425742574,0.10483957860189663
605.4455445544555,0.10051530404621059
605.4653465346535,0.09611750895406788
605.4851485148514,0.09165417287646077
605.5049504950496,0.08713414415275259
605.5247524752475,0.08256736112991656
605.5445544554456,0.07796515310048306
605.5643564356435,0.07334065396449663
605.5841584158417,0.06870937684466139
605.6039603960396,0.06409002034248172
605.6237623762376,0.059505609632769275
605.6435643564357,0.05498512052810332
605.6633663366337,0.05056579021971873
605.6831683168317,0.04629636738121418
605.7029702970297,0.04224153389574912
605.7227722772277,0.03848746323898015
605.7425742574258,0.03514755845754255
605.7623762376237,0.03236517041541078
605.7821782178219,0.030306349850510055
605.8019801980198,0.029133494562154146
605.8217821782179,0.0289590269054268
605.8415841584158,0.029800975296709567
605.8613861386139,0.031574883500458575
605.8811881188119,0.034129321732910466
605.9009900990098,0.03729527701821228
605.920792079208,0.0409200730220948
605.940594059406,0.0448801336283971
605.9603960396039,0.04908064612283652
605.980198019802,0.05345031755763635
606.0,0.05793556722659418
606.019801980198,0.06249568744804452
606.039603960396,0.06709921626127105
606.0594059405942,0.07172133784724807
606.0792079207921,0.07634205138363473
606.09900990099,0.08094488545500111
606.1188118811881,0.08551599184252526
606.1386138613861,0.09004350170307154
606.1584158415842,0.09451706369841338
606.1782178217821,0.09892750917614887
606.1980198019802,0.10326660689257769
606.2178217821782,0.10752688149996344
606.2376237623762,0.11170147793375246
606.2574257425742,0.11578405919833694
606.2772277227723,0.11976872871152794
606.2970297029703,0.1236499708905335
606.3168316831683,0.12742260541691988
606.3366336633663,0.13108175185162885
606.3564356435644,0.13462280214629513
606.3762376237623,0.13804139922507552
606.3960396039604,0.14133342026560197
606.4158415841584,0.14449496363997713
606.4356435643564,0.14752233872184492
606.4554455445544,0.15041205794786697
606.4752475247525,0.15316083065893654
606.4950495049505,0.15576555834995706
606.5148514851485,0.1582233310359682
606.5346534653465,0.1605314245032731
606.5544554455446,0.16268729826093234
606.5742574257425,0.16468859404487532
606.5940594059406,0.16653313475543813
606.6138613861386,0.16821892373207717
606.6336633663367,0.16974414428690446
606.6534653465346,0.17110715943345137
606.6732673267327,0.17230651175855702
606.6930693069307,0.17334092339521187
606.7128712871287,0.17420929606164803
606.7326732673267,0.17491071113897316
606.7524752475248,0.17544442976476662
606.7722772277228,0.17580989292512283
606.7920792079208,0.17600672153148006
606.8118811881188,0.17603471647243182
606.8316831683169,0.17589385863382798
606.8514851485148,0.17558430888378013
606.8712871287129,0.1751064080220457
606.8910891089109,0.17446067669628965
606.9108910891089,0.1736478152906968
606.9306930693069,0.17266870379582502
606.950495049505,0.17152440167185162
606.970297029703,0.1702161477215134
606.990099009901,0.16874535999336354
607.009900990099,0.16711363574133986
607.0297029702971,0.16532275147258635
607.049504950495,0.1633746631230761
607.0693069306931,0.16127150640926144
607.0891089108911,0.1590155974150675
607.1089108910892,0.156609433486864
607.1287128712871,0.15405569452573203
607.1485148514851,0.15135724478726423
607.1683168316832,0.14851713532554228
607.1881188118812,0.1455386072511702
607.2079207920792,0.14242509601635908
607.2277227722773,0.13918023699469254
607.2475247524753,0.13580787269525418
607.2673267326733,0.13231206204367668
607.2871287128712,0.1286970922861463
607.3069306930694,0.12496749423562763
607.3267326732673,0.12112806179837589
607.3465346534654,0.11718387701445529
607.3663366336634,0.11314034224829496
607.3861386138614,0.10900322171939751
607.4059405940594,0.10477869533197338
607.4257425742574,0.10047342884084917
607.4455445544555,0.09609466591791639
607.4653465346535,0.09165034986908442
607.4851485148515,0.08714928590830731
607.5049504950496,0.08260135949891978
607.5247524752475,0.07801783303799308
607.5445544554456,0.0734117531591999
607.5643564356435,0.06879851573334189
607.5841584158417,0.06419665743648752
607.6039603960396,0.05962897422649161
607.6237623762376,0.05512411046366929
607.6435643564357,0.050718815975582865
607.6633663366337,0.04646111559561119
607.6831683168317,0.042414616844152715
607.7029702970297,0.03866392834537055
607.7227722772278,0.03532028794104141
607.7425742574258,0.032524370765483306
607.7623762376237,0.030439653299546288
607.7821782178219,0.02922743571102125
607.8019801980198,0.029002080649150577
607.8217821782179,0.029786684533917803
607.8415841584158,0.031502827422780814
607.8613861386139,0.03400352969930279
607.8811881188119,0.03712177059943075
607.9009900990098,0.040705045370334855
607.920792079208,0.04462908023180605
607.940594059406,0.04879813242532308
607.960396039604,0.053140039941215654
607.980198019802,0.0576005064655431
608.0,0.062138266857944845
608.019801980198,0.0667214353875904
608.039603960396,0.07132487700266224
608.0594059405942,0.07592835065676044
608.0792079207921,0.08051520360894371
608.09900990099,0.08507145007226595
608.1188118811881,0.08958511621067884
608.1386138613861,0.09404577006239312
608.1584158415842,0.09844418069525059
608.1782178217821,0.10277206848508197
608.1980198019803,0.10702192030235945
608.2178217821782,0.11118685142902517
608.2376237623762,0.1152605014793883
608.2574257425742,0.11923695532459641
608.2772277227723,0.12311068258782949
608.2970297029703,0.12687649106438634
608.3168316831683,0.13052949067677408
608.3366336633663,0.13406506546653812
608.3564356435644,0.13747885176410674
608.3762376237623,0.14076672114062355
608.3960396039604,0.14392476708440233
608.4158415841584,0.1469492945939759
608.4356435643564,0.14983681206544813
608.4554455445544,0.1525840249913995
608.4752475247525,0.15518783109378087
608.4950495049505,0.1576453165937349
608.5148514851485,0.15995375338310047
608.5346534653465,0.16211059690992785
608.5544554455446,0.16411348462790626
608.5742574257425,0.1659602348885894
608.5940594059406,0.16764884617851972
608.6138613861386,0.16917749662178536
608.6336633663367,0.1705445436833262
608.6534653465346,0.17174852402016247
608.6732673267327,0.17278815343752102
608.6930693069307,0.17366232691482147
608.7128712871287,0.17437011867311336
608.7326732673267,0.17491078226127788
608.7524752475248,0.1752837506428698
608.7722772277228,0.17548863626987887
608.7920792079208,0.17552523113324414
608.8118811881188,0.1753935067833097
608.8316831683169,0.17509361431663534
608.8514851485148,0.174625884328411
608.8712871287129,0.17399082683292147
608.8910891089109,0.17318913115740817
608.9108910891089,0.17222166581797896
608.9306930693069,0.17108947838970404
608.950495049505,0.16979379538700418
608.970297029703,0.16833602217488353
608.990099009901,0.16671774293672284
609.009900990099,0.16494072073053542
609.0297029702971,0.16300689767291457
609.049504950495,0.1609183952987126
609.0693069306931,0.15867751515543954
609.0891089108911,0.15628673970453988
609.1089108910892,0.1537487336184521
609.1287128712871,0.15106634558304347
609.1485148514851,0.14824261074105113
609.1683168316832,0.14528075394548212
609.1881188118812,0.1421841940343076
609.2079207920792,0.1389565493922432
609.2277227722773,0.13560164513641856
609.2475247524753,0.1321235223549785
609.2673267326733,0.1285264499496542
609.2871287128712,0.12481493979455476
609.3069306930694,0.12099376613981543
609.3267326732673,0.11706799048018697
609.3465346534654,0.11304299350568156
609.3663366336634,0.10892451629699214
609.3861386138614,0.10471871368508989
609.4059405940594,0.10043222375458197
609.4257425742574,0.09607225897023143
609.4455445544555,0.09164672654916946
609.4653465346535,0.08716438879334926
609.4851485148515,0.08263507859856262
609.5049504950496,0.07806999196166028
609.5247524752475,0.07348208905278616
609.5445544554456,0.06888664981781387
609.5643564356435,0.06430205122571055
609.5841584158417,0.05975086375054717
609.6039603960396,0.055261406605422635
609.6237623762376,0.05086995289909402
609.6435643564357,0.046623821463691394
609.6633663366337,0.042585574731008956
609.6831683168317,0.03883830229339878
609.7029702970297,0.035491141689607465
609.7227722772278,0.032682166179912084
609.7425742574258,0.030572321627587745
609.7623762376237,0.029321756643808244
609.7821782178219,0.029046591126182974
609.8019801980198,0.0297747672207435
609.8217821782179,0.03143378658605777
609.8415841584158,0.03388114737211647
609.8613861386139,0.03695191138943778
609.8811881188119,0.040493825326659516
609.9009900990098,0.044381965743400136
609.920792079208,0.04851968267826434
609.940594059406,0.05283395371548448
609.960396039604,0.05726976892973166
609.980198019802,0.06178530504112134
610.0,0.06634825102678658
610.019801980198,0.07093315099691126
610.039603960396,0.07551952226056653
610.0594059405942,0.0800905295784167
610.0792079207921,0.08463204865544026
610.09900990099,0.08913199991777983
610.1188118811881,0.09357987019036611
610.1386138613861,0.0979663657921054
610.1584158415842,0.10228315834182568
610.1782178217821,0.10652269662297109
610.1980198019803,0.11067806601372134
610.2178217821782,0.1147428825308251
610.2376237623762,0.11871121232494349
610.2574257425742,0.12257751007834224
610.2772277227723,0.1263365715749884
610.2970297029703,0.12998349699194534
610.3168316831683,0.13351366236891657
610.3366336633663,0.13692269736388762
610.3564356435644,0.1402064678743673
610.3762376237623,0.14336106244800248
610.3960396039604,0.1463827816606758
610.4158415841584,0.14926812982909046
610.4356435643565,0.15201380856681962
610.4554455445544,0.15461671179987577
610.4752475247525,0.15707392193992484
610.4950495049505,0.15938270697588974
610.5148514851485,0.1615405182933524
610.5346534653465,0.16354498906910303
610.5544554455446,0.16539393311784725
610.5742574257425,0.16708534409170844
610.5940594059406,0.1686173949516979
610.6138613861386,0.16998843764545402
610.6336633663367,0.17119700293767748
610.6534653465346,0.17224180034950695
610.6732673267327,0.17312171817126948
610.6930693069307,0.17383582351970134
610.7128712871287,0.17438336241652908
610.7326732673267,0.1747637598701161
610.7524752475248,0.1749766199459936
610.7722772277228,0.1750217258159813
610.7920792079208,0.1748990397788601
610.8118811881187,0.17460870324880065
610.8316831683169,0.17415103671074167
610.8514851485148,0.17352653964485387
610.8712871287129,0.17273589042545937
610.8910891089109,0.17177994620282086
610.910891089109,0.17065974277990079
610.9306930693069,0.16937649449997552
610.9504950495049,0.16793159416554876
610.970297029703,0.16632661301418997
610.990099009901,0.16456330078290424
611.009900990099,0.1626435859001017
611.0297029702971,0.16056957585301698
611.049504950495,0.15834355778909154
611.0693069306931,0.15596799942322942
611.089108910891,0.15344555033923238
611.1089108910892,0.1507790437943767
611.1287128712871,0.14797149916187557
611.1485148514852,0.14502612517913502
611.1683168316832,0.14194632421150696
611.1881188118812,0.13873569779543862
611.2079207920792,0.13539805379518832
611.2277227722772,0.13193741559836464
611.2475247524753,0.12835803389645264
611.2673267326733,0.12466440175577578
611.2871287128712,0.12086127389796007
611.3069306930694,0.11695369139668858
611.3267326732673,0.11294701338904092
611.3465346534654,0.10884695793717637
611.3663366336633,0.1046596549210172
611.3861386138615,0.10039171488477654
611.4059405940594,0.09605031923329148
611.4257425742574,0.09164333927602683
611.4455445544555,0.08717949464558297
611.4653465346535,0.08266856602018303
611.4851485148515,0.07812168352982947
611.5049504950495,0.07355172172462804
611.5247524752475,0.06897384599147863
611.5445544554456,0.06440627583797928
611.5643564356435,0.059871359983426256
611.5841584158417,0.05539709872288093
611.6039603960396,0.05101929886718054
611.6237623762377,0.04678459057649063
611.6435643564356,0.04275451944862191
611.6633663366337,0.03901070004878111
611.6831683168317,0.03566023178110972
611.7029702970297,0.032838656955187236
611.7227722772278,0.030704433818380866
611.7425742574258,0.029416510434975944
611.7623762376237,0.029092590137272792
611.7821782178218,0.029765243929698877
611.8019801980198,0.03136777753848432
611.8217821782179,0.033762188829593455
611.8415841584158,0.03678570959367432
611.861386138614,0.0402864176175669
611.8811881188119,0.04413878855255419
611.9009900990098,0.0482452887603775
611.9207920792079,0.05253204447516417
611.940594059406,0.056943334335163284
611.960396039604,0.06143677629284182
611.980198019802,0.06597963250344802
612.0,0.07054612460138819
612.019801980198,0.07511552679119106
612.039603960396,0.07967082012358148
612.059405940594,0.08419774082082168
612.0792079207921,0.08868410279639286
612.0990099009902,0.09311931104682843
612.1188118811881,0.09749400865151002
612.1386138613861,0.1017998180779139
612.1584158415842,0.10602914970219701
612.1782178217821,0.11017505873586761
612.1980198019802,0.11423113737994761
612.2178217821782,0.11819143288174142
612.2376237623762,0.12205038482792636
612.2574257425742,0.12580277685938118
612.2772277227723,0.12944369929491797
612.2970297029703,0.13296852007549875
612.3168316831683,0.13637286210352273
612.3366336633663,0.13965258553167678
612.3564356435644,0.14280377390642934
612.3762376237623,0.14582272333023596
612.3960396039604,0.1487059339985442
612.4158415841584,0.1514501036123989
612.4356435643565,0.15405212227626697
612.4554455445544,0.15650906857428254
612.4752475247524,0.15881820658165233
612.4950495049505,0.1609769836177117
612.5148514851485,0.16298302858539554
612.5346534653465,0.16483415077237135
612.5544554455446,0.16652833901266778
612.5742574257426,0.16806376112697585
612.5940594059406,0.16943876357473125
612.6138613861385,0.17065187126366654
612.6336633663367,0.17170178747231354
612.6534653465346,0.17258739384941837
612.6732673267327,0.17330775046081334
612.6930693069307,0.17386209586037452
612.7128712871287,0.1742498471662436
612.7326732673267,0.17447060012809418
612.7524752475247,0.1745241291746705
612.7722772277228,0.1744103874346038
612.7920792079208,0.17412950672628846
612.8118811881188,0.17368179751605992
612.8316831683169,0.173067748846499
612.8514851485148,0.17228802824023362
612.8712871287129,0.17134348158742616
612.8910891089108,0.1702351330289739
612.910891089109,0.16896418485109752
612.9306930693069,0.16753201741177978
612.9504950495049,0.16594018912428232
612.970297029703,0.16419043652940882
612.990099009901,0.1622846744952005
613.009900990099,0.16022499659169803
613.029702970297,0.1580136756990045
613.0495049504951,0.1556531649201422
613.0693069306931,0.15314609888638822
613.089108910891,0.15049529556356644
613.1089108910892,0.14770375869305394
613.1287128712871,0.14477468103431793
613.1485148514852,0.14171144861719082
613.1683168316831,0.13851764626585086
613.1881188118812,0.13519706472583973
613.2079207920792,0.13175370981601825
613.2277227722772,0.12819181414643174
613.2475247524753,0.12451585210096598
613.2673267326733,0.1207305589942505
613.2871287128713,0.11684095559660256
613.3069306930693,0.11285237960655334
613.3267326732673,0.10877052618031371
613.3465346534654,0.1046015003604127
613.3663366336633,0.10035188527090029
613.3861386138615,0.0960288313928417
613.4059405940594,0.09164017429624591
613.4257425742574,0.08719459117124957
613.4455445544554,0.08270181080859666
613.4653465346535,0.07817289797849798
613.4851485148515,0.07362064241805341
613.5049504950495,0.06906009626788352
613.5247524752476,0.06450932373826507
613.5445544554456,0.05999045539191252
613.5643564356435,0.05553117861816392
613.5841584158416,0.051166843982776454
613.6039603960396,0.04694340967476053
613.6237623762377,0.04292143166062644
613.6435643564356,0.0391810918349685
613.6633663366337,0.03582751144131596
613.6831683168317,0.0329937709190507
613.7029702970297,0.030835884919471153
613.7227722772277,0.02951155881816359
613.7425742574258,0.029139916424829368
613.7623762376238,0.029757946819568913
613.7821782178218,0.03130463855603154
613.8019801980198,0.033646503405956096
613.8217821782179,0.03662302537896962
613.8415841584158,0.04008269130021445
613.8613861386139,0.04389942465472445
613.8811881188119,0.0479748320819003
613.9009900990098,0.05223419792698179
613.9207920792079,0.05662109186295726
613.940594059406,0.061092572651723145
613.960396039604,0.06561547424111706
613.980198019802,0.07016369425717513
614.0,0.07471626241943898
614.019801980198,0.07925597491924434
614.039603960396,0.08376842757104912
614.059405940594,0.08824132704113372
614.0792079207921,0.09266399591561143
614.0990099009902,0.09702701357140471
614.1188118811881,0.10132195295331817
614.1386138613861,0.1055411857294527
614.1584158415842,0.10967773669826392
614.1782178217821,0.11372517404099677
614.1980198019802,0.11767752593075964
614.2178217821782,0.1215292167143536
614.2376237623763,0.12527501776674693
614.2574257425742,0.12891000944341074
614.2772277227723,0.132429551496399
614.2970297029703,0.135829259995186
614.3168316831683,0.13910498928146092
614.3366336633663,0.1422528178444038
614.3564356435644,0.1452690372660367
614.3762376237623,0.14815014358198228
614.3960396039604,0.15089283055005479
614.4158415841584,0.15349398443001414
614.4356435643565,0.1559506799624321
614.4554455445544,0.1582601772997372
614.4752475247525,0.16041991969266506
614.4950495049505,0.16242753177458277
614.5148514851485,0.16428081831677213
614.5346534653465,0.16597776335224879
614.5544554455446,0.16751652958463673
614.5742574257426,0.16889545801463285
614.5940594059406,0.17011306772845783
614.6138613861385,0.17116805580353603
614.6336633663367,0.17205929729435124
614.6534653465346,0.1727858452690291
614.6732673267327,0.17334693087243846
614.6930693069307,0.17374196339698023
614.7128712871288,0.1739705303464192
614.7326732673267,0.1740323974817974
614.7524752475247,0.17392750884217603
614.7722772277228,0.17365598673594868
614.7920792079208,0.17321813170150244
614.8118811881188,0.17261442243939676
614.8316831683169,0.17184551572075765
614.8514851485148,0.17091224628031237
614.8712871287129,0.16981562670579245
614.8910891089108,0.16855684733942003
614.910891089109,0.1671372762114455
614.9306930693069,0.16555845903126853
614.950495049505,0.16382211926722867
614.970297029703,0.1619301583537428
614.990099009901,0.15988465607315586
615.009900990099,0.15768787117011118
615.029702970297,0.15534224226957033
615.0495049504951,0.15285038918578642
615.0693069306931,0.15021511472978458
615.089108910891,0.14743940714852194
615.1089108910892,0.14452644336112866
615.1287128712871,0.141479593199282
615.1485148514852,0.13830242491138386
615.1683168316831,0.13499871225940954
615.1881188118813,0.13157244362666456
615.2079207920792,0.12802783367254592
615.2277227722772,0.12436933822639198
615.2475247524753,0.12060167332070708
615.2673267326733,0.11672983954430885
615.2871287128713,0.1127591532767864
615.3069306930693,0.10869528688726551
615.3267326732673,0.10454432070221019
615.3465346534654,0.1003128105547153
615.3663366336633,0.09600787614882911
615.3861386138615,0.09163731749525375
615.4059405940594,0.08720976958176185
615.4257425742575,0.08273490965527396
615.4455445544554,0.07822373764563917
615.4653465346535,0.07368895929166644
615.4851485148515,0.0691455147968542
615.5049504950495,0.06461131521099173
615.5247524752476,0.060108276464109454
615.5445544554456,0.055663778887494186
615.5643564356435,0.051312726521828736
615.5841584158416,0.04710042164984679
615.6039603960396,0.043086456659271515
615.6237623762377,0.039349621204559294
615.6435643564356,0.035993115535731465
615.6633663366338,0.033147624278031015
615.6831683168317,0.030966761569168038
615.7029702970297,0.02960695234631151
615.7227722772277,0.029188587147567675
615.7425742574258,0.029752869143568412
615.7623762376238,0.03124434758352739
615.7821782178218,0.033534057654524614
615.8019801980198,0.036463814754945645
615.8217821782179,0.039882591982789976
615.8415841584158,0.043663809665848964
615.8613861386139,0.04770823899537342
615.8811881188119,0.05194033202845937
615.90099009901,0.05630295193953131
615.9207920792079,0.060752597801482726
615.940594059406,0.0652556738714307
615.960396039604,0.06978575213859356
615.980198019802,0.07432161637267087
616.0,0.07884587668538114
616.019801980198,0.08334398750040642
616.039603960396,0.08780354745530754
616.059405940594,0.09221379610594879
616.0792079207921,0.09656524863311386
616.0990099009902,0.10084942806279647
616.1188118811881,0.10505866703395932
616.1386138613861,0.10918595966897283
616.1584158415842,0.11322484991143203
616.1782178217821,0.11716934667799975
616.1980198019802,0.1210138589216514
616.2178217821782,0.12475314562050667
616.2376237623763,0.12838227705467883
616.2574257425742,0.13189660469120523
616.2772277227723,0.13529173768406763
616.2970297029703,0.1385635244933352
616.3168316831683,0.14170803849080502
616.3366336633663,0.14472156668748512
616.3564356435644,0.1476006009173871
616.3762376237624,0.15034183096149747
616.3960396039604,0.15294213920899113
616.4158415841584,0.15539859653836807
616.4356435643565,0.15770845916785553
616.4554455445544,0.15986916627503006
616.4752475247525,0.16187833822577816
616.4950495049505,0.1637337752836679
616.5148514851485,0.16543345669566162
616.5346534653465,0.16697554006967527
616.5544554455446,0.16835836097508178
616.5742574257426,0.16958043271018802
616.5940594059406,0.17064044619076993
616.6138613861386,0.171537269922506
616.6336633663367,0.17226995002698486
616.6534653465346,0.17283771029693862
616.6732673267327,0.17323995226150876
616.6930693069307,0.17347625524647486
616.7128712871288,0.1735463764184635
616.7326732673267,0.173450250805513
616.7524752475247,0.17318799128956475
616.7722772277228,0.17275988856969815
616.7920792079208,0.1721664110977661
616.8118811881188,0.1714082049913641
616.8316831683169,0.17048609393221098
616.8514851485149,0.16940107906157978
616.8712871287129,0.1681543388883599
616.8910891089108,0.1667472292296298
616.910891089109,0.16518128320901376
616.9306930693069,0.16345821134377994
616.950495049505,0.16157990175918466
616.970297029703,0.1595484205770081
616.990099009901,0.1573660125359475
617.009900990099,0.1550351019145159
617.029702970297,0.15255829384315145
617.0495049504951,0.14993837611255753
617.0693069306931,0.14717832161048439
617.0891089108911,0.14428129155135683
617.1089108910892,0.1412506397041097
617.1287128712871,0.13808991787611244
617.1485148514852,0.1348028829793444
617.1683168316831,0.13139350609341122
617.1881188118813,0.12786598405679298
617.2079207920792,0.12422475427154317
617.2277227722772,0.12047451361264622
617.2475247524753,0.11662024260967836
617.2673267326733,0.11266723644392833
617.2871287128713,0.10862114481823507
617.3069306930693,0.10448802346720758
617.3267326732674,0.10027440106648304
617.3465346534654,0.09598736669556102
617.3663366336633,0.09163468499354702
617.3861386138615,0.08722494899545226
617.4059405940594,0.08276778475964425
617.4257425742575,0.07827412790840468
617.4455445544554,0.07375660101102012
617.4653465346535,0.069230033654843
617.4851485148515,0.06471218586940247
617.5049504950495,0.06022476245782793
617.5247524752476,0.05579484247544144
617.5445544554456,0.0514568929953605
617.5643564356436,0.04725557611156926
617.5841584158416,0.04324954601352274
617.6039603960396,0.03951623938523121
617.6237623762377,0.03615699098505078
617.6435643564356,0.03330015414065823
617.6633663366338,0.0310969860818457
617.6831683168317,0.029702598613155228
617.7029702970297,0.029238503641381464
617.7227722772277,0.0297499190160573
617.7425742574258,0.031186828762326486
617.7623762376238,0.03342479370526546
617.7821782178218,0.03630803516921458
617.8019801980199,0.039686088613980465
617.8217821782179,0.04343192075727632
617.8415841584158,0.04744549248904115
617.8613861386139,0.05165043390259577
617.8811881188119,0.05598890464928359
617.90099009901,0.06041684395669906
617.9207920792079,0.06490022513886114
617.940594059406,0.06941229307926329
617.960396039604,0.07393158424635081
617.980198019802,0.0784405215350225
618.0,0.08292441705749658
618.019801980198,0.08737076068893021
618.0396039603961,0.091768708372436
618.059405940594,0.0961087106286762
618.0792079207921,0.10038224019250956
618.0990099009902,0.10458159037207493
618.1188118811881,0.10869972436655907
618.1386138613861,0.11273016167724186
618.1584158415842,0.11666689179303699
618.1782178217821,0.1205043081284259
618.1980198019802,0.12423715714151713
618.2178217821782,0.12786049893162096
618.2376237623763,0.13136967659023668
618.2574257425742,0.1347602922781032
618.2772277227723,0.13802818850705106
618.2970297029703,0.14116943347481595
618.3168316831683,0.14418030957376
618.3366336633663,0.1470573043969404
618.3564356435644,0.14979710371701302
618.3762376237624,0.15239658602836006
618.3960396039604,0.15485281833030207
618.4158415841583,0.15716305289653806
618.4356435643565,0.15932472482779295
618.4554455445544,0.16133545022519039
618.4752475247525,0.1631930248536118
618.4950495049505,0.16489542318923597
618.5148514851485,0.16644079776556767
618.5346534653465,0.16782747874802043
618.5544554455445,0.16905397368020963
618.5742574257426,0.1701189673553813
618.5940594059406,0.17102132177524237
618.6138613861386,0.17176007616532107
618.6336633663367,0.17233444702230016
618.6534653465346,0.17274382817356174
618.6732673267327,0.1729877908338239
618.6930693069306,0.17306608364744253
618.7128712871288,0.17297863270869374
618.7326732673267,0.17272554155538494
618.7524752475247,0.17230709113440712
618.7722772277228,0.17172373974077718
618.7920792079208,0.1709761229349695
618.8118811881188,0.17006505344647477
618.8316831683168,0.16899152107506177
618.8514851485149,0.16775669260523132
618.8712871287129,0.1663619117535959
618.8910891089108,0.16480869917420804
618.910891089109,0.16309875255275266
618.9306930693069,0.16123394682776157
618.950495049505,0.15921633458560416
618.9702970297029,0.15704814668654016
618.990099009901,0.15473179319212982
619.009900990099,0.15226986468011844
619.029702970297,0.14966513405324994
619.0495049504951,0.1469205589732346
619.0693069306931,0.14403928508326053
619.0891089108911,0.14102465022283098
619.1089108910891,0.1378801898909592
619.1287128712871,0.13460964428109112
619.1485148514852,0.13121696729897148
619.1683168316831,0.12770633808983964
619.1881188118813,0.12408217575370045
619.2079207920792,0.1203491581306621
619.2277227722772,0.11651224581129459
619.2475247524752,0.11257671289713322
619.2673267326733,0.10854818654334436
619.2871287128713,0.10443269801449813
619.3069306930693,0.10023674895935407
619.3267326732674,0.09596739798168047
619.3465346534654,0.09163237453167333
619.3663366336633,0.08724022993390587
619.3861386138614,0.08280053940240341
619.4059405940594,0.07832417476712644
619.4257425742575,0.07382367622814123
619.4455445544554,0.06931376403065818
619.4653465346535,0.06481204924523734
619.4851485148515,0.06034002891943278
619.5049504950495,0.05592448638398034
619.5247524752475,0.05159946090408446
619.5445544554456,0.04740898942022709
619.5643564356436,0.04341081216118921
619.5841584158416,0.0396810503030352
619.6039603960396,0.036319226101840414
619.6237623762377,0.03345142354357938
619.6435643564356,0.03122658605899364
619.6633663366337,0.029798484184433725
619.6831683168317,0.029289615179437123
619.7029702970297,0.029749019606842567
619.7227722772277,0.03113199014993906
619.7425742574258,0.03331861065156934
619.7623762376238,0.03615557900529701
619.7821782178218,0.039493067610253355
619.8019801980198,0.04320363888077897
619.8217821782179,0.047186468619060194
619.8415841584158,0.051364375315447325
619.8613861386139,0.055678818041998764
619.8811881188119,0.06008517595735643
619.90099009901,0.06454899010502432
619.9207920792079,0.06904317672545934
619.9405940594058,0.07354602357740082
619.960396039604,0.07803976515626108
619.980198019802,0.08250957030671709
620.0,0.08694281938054761
620.019801980198,0.09132858410460185
620.0396039603961,0.09565724985932439
620.059405940594,0.09992023870367976
620.079207920792,0.10410980430365005
620.0990099009902,0.10821887868055978
620.1188118811881,0.11224095668281342
620.1386138613861,0.11617000819556624
620.1584158415842,0.12000041094634407
620.1782178217821,0.12372689874700382
620.1980198019802,0.12734452140814062
620.2178217821781,0.1308486135530605
620.2376237623763,0.1342347702697304
620.2574257425742,0.13749882805357483
620.2772277227723,0.14063684987024092
620.2970297029703,0.1436451134445623
620.3168316831683,0.14652010208816935
620.3366336633663,0.14925849753274673
620.3564356435643,0.15185717435267343
620.3762376237624,0.15431319564994697
620.3960396039604,0.156623809742397
620.4158415841583,0.15878644764912175
620.4356435643565,0.16079872120817204
620.4554455445544,0.16265842169368486
620.4752475247525,0.16436351882516337
620.4950495049504,0.16591216008187246
620.5148514851486,0.16730267025139967
620.5346534653465,0.16853355115465615
620.5544554455445,0.16960348150015506
620.5742574257426,0.17051131682908838
620.5940594059406,0.17125608952001847
620.6138613861386,0.17183700882817945
620.6336633663366,0.1722534609392303
620.6534653465346,0.17250500902212976
620.6732673267327,0.17259139326950357
620.6930693069306,0.17251253091749083
620.7128712871288,0.17226851624034917
620.7326732673267,0.17185962051815432
620.7524752475248,0.1712862919791593
620.7722772277227,0.1705491557212982
620.7920792079208,0.16964901362073523
620.8118811881188,0.16858684423881157
620.8316831683168,0.16736380274266552
620.8514851485149,0.16598122085918407
620.8712871287129,0.16444060688712905
620.8910891089108,0.16274364579811867
620.9108910891089,0.16089219946447456
620.9306930693069,0.15888830706033885
620.950495049505,0.1567341856931402
620.9702970297029,0.1544322313350861
620.9900990099011,0.1519850201405663
621.009900990099,0.14939531025495503
621.029702970297,0.14666604424540516
621.049504950495,0.14380035231577754
621.0693069306931,0.14080155650805357
621.0891089108911,0.1376731761442781
621.1089108910891,0.13441893482980852
621.1287128712871,0.13104276942553453
621.1485148514852,0.12754884151063517
621.1683168316831,0.12394155200817503
621.1881188118812,0.12022555984631682
621.2079207920792,0.11640580579761707
621.2277227722773,0.11248754300387397
621.2475247524752,0.1084763761933036
621.2673267326733,0.10437831228521177
621.2871287128713,0.10019982603597666
621.3069306930693,0.09594794572740187
621.3267326732673,0.09163036580948548
621.3465346534654,0.08725559614569114
621.3663366336633,0.08283316145738573
621.3861386138614,0.07837387030452692
621.4059405940594,0.07389018132276659
621.4257425742575,0.06939670668671859
621.4455445544554,0.06491091055144753
621.4653465346535,0.060454085531375525
621.4851485148515,0.05605272467384005
621.5049504950495,0.05174044837024872
621.5247524752475,0.047560683008093206
621.5445544554456,0.04357027830325225
621.5643564356436,0.03984407606601264
621.5841584158416,0.036479837139641744
621.6039603960396,0.03360143617391696
621.6237623762377,0.031355545667858246
621.6435643564356,0.029894570723457768
621.6633663366337,0.029341865753227912
621.6831683168317,0.02975010770531127
621.7029702970298,0.031079770232628975
621.7227722772277,0.03321545199667901
621.7425742574258,0.03600639407214342
621.7623762376238,0.0393034791681075
621.7821782178218,0.04297891496162751
621.8019801980198,0.04693111794895182
621.8217821782179,0.05108210583198559
621.8415841584158,0.055372640334678265
621.8613861386139,0.05975754049031243
621.8811881188119,0.0642019138400607
621.90099009901,0.0686783464994373
621.9207920792079,0.07316487614259144
621.940594059406,0.07764354770414764
621.960396039604,0.08209938581965086
621.980198019802,0.08651966056687484
622.0,0.09089335886081552
622.019801980198,0.09521080046770523
622.0396039603961,0.09946335639083606
622.059405940594,0.10364324034680644
622.079207920792,0.10774335292791402
622.0990099009902,0.11175716412199753
622.1188118811881,0.11567862403699135
622.1386138613861,0.11950209456714127
622.1584158415842,0.12322229675369067
622.1782178217823,0.12683427001212086
622.1980198019802,0.13033334040629976
622.2178217821781,0.1337150958729786
622.2376237623763,0.13697536682400172
622.2574257425742,0.14011021093565187
622.2772277227723,0.14311590121697762
622.2970297029703,0.1459889166581933
622.3168316831683,0.14872593491770536
622.3366336633663,0.15132382662489602
622.3564356435643,0.15377965096637933
622.3762376237624,0.15609065229273184
622.3960396039604,0.1582542575365573
622.4158415841584,0.16026807427425227
622.4356435643565,0.1621298892968261
622.4554455445544,0.1638376675807729
622.4752475247525,0.1653895515707644
622.4950495049504,0.16678386070206624
622.5148514851486,0.16801909110421004
622.5346534653465,0.169093915437945
622.5544554455445,0.1700071828265645
622.5742574257426,0.17075791884983998
622.5940594059406,0.17134532557513735
622.6138613861386,0.17176878160529802
622.6336633663366,0.17202784212774236
622.6534653465347,0.1721222389527076
622.6732673267327,0.17205188053254297
622.6930693069306,0.17181685195718352
622.7128712871288,0.1714174149239569
622.7326732673267,0.17085400768299003
622.7524752475248,0.1701272449628162
622.7722772277227,0.16923791788370388
622.7920792079208,0.16818699387011865
622.8118811881188,0.1669756165773373
622.8316831683168,0.16560510585174504
622.8514851485149,0.16407695774952494
622.8712871287129,0.16239284464420112
622.8910891089109,0.16055461546088184
622.9108910891089,0.15856429608319003
622.9306930693069,0.15642408998981525
622.950495049505,0.1541363791898729
622.9702970297029,0.15170372554233444
622.9900990099011,0.14912887256459087
623.009900990099,0.14641474785956876
623.029702970297,0.14356446632274592
623.049504950495,0.14058133432965067
623.0693069306931,0.1374688551561499
623.0891089108911,0.13423073594958151
623.1089108910891,0.13087089665490168
623.1287128712872,0.1273934814127335
623.1485148514852,0.12380287309497075
623.1683168316831,0.12010371184195746
623.1881188118812,0.11630091873106356
623.2079207920792,0.11239972606679773
623.2277227722773,0.10840571627442686
623.2475247524752,0.10432487205694826
623.2673267326733,0.10016364141809285
623.2871287128713,0.09592902247775195
623.3069306930693,0.09162867488191694
623.3267326732673,0.0872710672906434
623.3465346534654,0.08286567429322124
623.3663366336634,0.07842324171020126
623.3861386138614,0.07395614742288927
623.4059405940594,0.06947889680466207
623.4257425742575,0.06500880912013354
623.4455445544554,0.06056697582180885
623.4653465346535,0.05617960500048531
623.4851485148515,0.05187990687563364
623.5049504950495,0.04771071143808222
623.5247524752475,0.04372800053661262
623.5445544554456,0.04000537142107888
623.5643564356436,0.03663887267695023
623.5841584158416,0.03375022757054711
623.6039603960396,0.031483880022209365
623.6237623762377,0.029990849018370486
623.6435643564356,0.029395225349494646
623.6633663366337,0.029753141885105194
623.6831683168317,0.03103012475751202
623.7029702970298,0.03311527432998742
623.7227722772277,0.035860437702867856
623.7425742574258,0.039117280074186446
623.7623762376238,0.042757704139483675
623.7821782178218,0.046679393351467716
623.8019801980198,0.05080357580724526
623.8217821782179,0.055070319326715106
623.8415841584159,0.059433882866643896
623.8613861386139,0.06385893927922076
623.8811881188119,0.06831774308858492
623.90099009901,0.07278808051115271
623.9207920792079,0.07725180575584219
623.940594059406,0.08169379830207264
623.960396039604,0.08610121719762952
623.980198019802,0.09046296394511932
624.0,0.09476929221851761
624.019801980198,0.09901152158228692
624.0396039603961,0.10318182549370997
624.059405940594,0.1072730728626499
624.0792079207921,0.11127870860695675
624.0990099009902,0.1151926628824291
624.1188118811881,0.11900928160252651
624.1386138613861,0.12272327291251756
624.1584158415842,0.1263296657256046
624.1782178217823,0.12982377745417953
624.1980198019802,0.133201188804751
624.2178217821781,0.13645772403774786
624.2376237623763,0.13958943548228328
624.2574257425742,0.14259259138279395
624.2772277227723,0.14546366636751853
624.2970297029703,0.14819933398872953
624.3168316831684,0.1507964609051985
624.3366336633663,0.15325210236944353
624.3564356435643,0.15556349875279266
624.3762376237624,0.15772807289572582
624.3960396039604,0.15974342811366135
624.4158415841584,0.1616073467212902
624.4356435643565,0.163317788964939
624.4554455445544,0.1648728922733968
624.4752475247525,0.1662709707541481
624.4950495049504,0.1675105148756028
624.5148514851486,0.16859019128669203
624.5346534653465,0.16950884273429317
624.5544554455446,0.17026548804631705
624.5742574257426,0.17085932215458424
624.5940594059406,0.17128971613681235
624.6138613861386,0.1715562172616801
624.6336633663366,0.17165854902491084
624.6534653465347,0.17159661116799507
624.6732673267327,0.17137047967429875
624.6930693069306,0.17098040674084952
624.7128712871288,0.17042682072670715
624.7326732673267,0.16971032608246486
624.7524752475248,0.16883170326825683
624.7722772277227,0.1677919086715196
624.7920792079209,0.16659207453938638
624.8118811881188,0.16523350894519429
624.8316831683168,0.16371769581345705
624.8514851485149,0.16204629503380533
624.8712871287129,0.16022114270124277
624.8910891089109,0.158244251528782
624.9108910891089,0.15611781148868492
624.9306930693069,0.1538441907513761
624.950495049505,0.15142593700665083
624.9702970297029,0.14886577927150643
624.9900990099011,0.14616663031336405
625.009900990099,0.1433315898486186
625.0297029702971,0.14036394871593766
625.049504950495,0.13726719427441214
625.0693069306931,0.13404501734218177
625.0891089108911,0.13070132107615898
625.1089108910891,0.12724023230501305
625.1287128712872,0.12366611597469593
625.1485148514852,0.11998359356156009
625.1683168316831,0.11619756657068979
625.1881188118812,0.11231324659226022
625.2079207920792,0.10833619387361931
625.2277227722773,0.10427236703199026
625.2475247524752,0.10012818746034588
625.2673267326734,0.09591062327958647
625.2871287128713,0.09162729953122567
625.3069306930693,0.08728664393337623
625.3267326732673,0.0828980813073565
625.3465346534654,0.07847229526706813
625.3663366336634,0.07402158374819355
625.3861386138614,0.0695603465829387
625.4059405940594,0.06510576014530944
625.4257425742575,0.060678717940748784
625.4455445544554,0.056305148315457
625.4653465346535,0.05201785979595035
625.4851485148515,0.04785909971814893
625.5049504950496,0.04388400397468309
625.5247524752475,0.04016495885324112
625.5445544554456,0.03679634811760898
625.5643564356436,0.0338977998376084
625.5841584158416,0.031611571444098395
625.6039603960396,0.03008727865581421
625.6237623762377,0.029449635136645638
625.6435643564356,0.029758054974883173
625.6633663366337,0.03098298744559469
625.6831683168317,0.03301801634082188
625.7029702970298,0.035717653479126706
625.7227722772277,0.038934417237655596
625.7425742574258,0.042539955145620936
625.7623762376238,0.046431244341432705
625.7821782178218,0.05052873490976175
625.8019801980198,0.05477180447856285
625.8217821782179,0.05911415213612255
625.8415841584159,0.06352001495139915
625.8613861386139,0.06796131444527966
625.8811881188118,0.07241558403708351
625.90099009901,0.0768644860672069
625.9207920792079,0.08129275392736984
625.940594059406,0.08568743489069976
625.960396039604,0.09003734445568227
625.9801980198021,0.09433266973298525
626.0,0.0985646784708181
626.0198019801979,0.10272550356196002
626.0396039603961,0.1068079819844759
626.059405940594,0.1108055333802288
626.0792079207921,0.11471206778084853
626.0990099009902,0.11852191497403057
626.1188118811881,0.12222977008581336
626.1386138613861,0.12583065142175417
626.1584158415841,0.12931986765227604
626.1782178217823,0.13269299217587346
626.1980198019802,0.13594584303482887
626.2178217821782,0.1390744671541251
626.2376237623763,0.14207512796543162
626.2574257425742,0.1449442956949685
626.2772277227723,0.1476786397563629
626.2970297029702,0.150275022812386
626.3168316831684,0.15273049616286402
626.3366336633663,0.15504229618773932
626.3564356435643,0.157207841629633
626.3762376237624,0.15922473154337907
626.3960396039604,0.16109074377374327
626.4158415841584,0.1628038338492002
626.4356435643564,0.16436213420076518
626.4554455445545,0.16576395363201524
626.4752475247525,0.1670077769797111
626.4950495049504,0.1680922649159884
626.5148514851486,0.1690162538518021
626.5346534653465,0.1697787559091229
626.5544554455446,0.17037895893543578
626.5742574257425,0.17081622653970988
626.5940594059406,0.17109009813343243
626.6138613861386,0.17120028896440614
626.6336633663366,0.1711466901346666
626.6534653465347,0.17092936859727093
626.6732673267327,0.1705485671298314
626.6930693069307,0.17000470428577183
626.7128712871287,0.16929837432752565
626.7326732673267,0.1684303471491079
626.7524752475248,0.16740156819892973
626.7722772277227,0.1662131584179107
626.7920792079209,0.16486641421185183
626.8118811881188,0.16336280748260418
626.8316831683168,0.16170398574805414
626.8514851485148,0.15989177238827856
626.8712871287129,0.15792816706348767
626.8910891089109,0.15581534635976355
626.9108910891089,0.15355566473116192
626.930693069307,0.1511516558223871
626.950495049505,0.14860603427556723
626.9702970297029,0.14592169814913078
626.990099009901,0.1431017321076256
627.009900990099,0.1401494115802739
627.0297029702971,0.1370682081366988
627.049504950495,0.13386179639256046
627.0693069306931,0.13053406284252395
627.0891089108911,0.1270891171278978
627.1089108910891,0.12353130639188084
627.1287128712871,0.11986523356868811
627.1485148514852,0.11609578071201973
627.1683168316832,0.11222813881874208
627.1881188118812,0.10826784608124762
627.2079207920792,0.10422083715935226
627.2277227722773,0.10009350697472716
627.2475247524752,0.09589279380923041
627.2673267326733,0.09162628829552764
627.2871287128713,0.08730237746567023
627.3069306930693,0.08293043672879027
627.3267326732673,0.07852108801170744
627.3465346534654,0.07408655009173566
627.3663366336634,0.06964111848430449
627.3861386138614,0.06520182861230171
627.4059405940594,0.0607893791460415
627.4257425742575,0.05642942372177984
627.4455445544554,0.05215437734641018
627.4653465346535,0.048005917919473506
627.4851485148515,0.04403835641445152
627.5049504950496,0.04032290037575562
627.5247524752475,0.036952314256669457
627.5445544554455,0.03404418510635246
627.5643564356436,0.03173862539997149
627.5841584158416,0.030183833703738245
627.6039603960396,0.029505040424079865
627.6237623762377,0.029764772789719354
627.6435643564357,0.03093827437381544
627.6633663366337,0.03292358994658961
627.6831683168316,0.03557795085932448
627.7029702970298,0.038754797695326144
627.7227722772277,0.04232557237824519
627.7425742574258,0.04618657262572648
627.7623762376238,0.050257482264249156
627.7821782178218,0.05447699252196085
627.8019801980198,0.05879824284696452
627.8217821782177,0.06318503342165746
627.8415841584159,0.06760895133247799
627.8613861386139,0.07204727584196116
627.8811881188119,0.07648147626133732
627.90099009901,0.08089613894881466
627.9207920792079,0.08527819864721366
627.940594059406,0.08961638425095002
627.9603960396039,0.09390081583027794
627.9801980198021,0.0981227089353161
628.0,0.10227415558601598
628.0198019801979,0.1063479605769932
628.0396039603961,0.1103375180664998
628.059405940594,0.1142367177888684
628.0792079207921,0.11803987326021785
628.09900990099,0.12174166646358538
628.1188118811882,0.12533710499105913
628.1386138613861,0.12882148868035612
628.1584158415841,0.13219038354391877
628.1782178217823,0.13543960133894337
628.1980198019802,0.1385651835291122
628.2178217821782,0.14156338868495735
628.2376237623762,0.1444306825903739
628.2574257425742,0.14716373048755016
628.2772277227723,0.149759391017507
628.2970297029702,0.15221471150836993
628.3168316831684,0.15452692433616758
628.3366336633663,0.15669344413935085
628.3564356435644,0.1587118657119812
628.3762376237623,0.1605799624346597
628.3960396039604,0.16229568512958062
628.4158415841584,0.163857161247383
628.4356435643564,0.16526269431067372
628.4554455445545,0.16651076355314132
628.4752475247525,0.16760002370416432
628.4950495049504,0.16852930487825837
628.5148514851485,0.16929761253617923
628.5346534653465,0.16990412749112593
628.5544554455446,0.17034820593849767
628.5742574257425,0.17062937949281806
628.5940594059407,0.17074735521913367
628.6138613861386,0.1707020156500753
628.6336633663366,0.17049341878316257
628.6534653465346,0.17012179805596953
628.6732673267327,0.16958756230013416
628.6930693069307,0.168891295678116
628.7128712871287,0.1680337576101314
628.7326732673267,0.1670158827019531
628.7524752475248,0.16583878068843713
628.7722772277227,0.1645037364116682
628.7920792079208,0.16301220985802525
628.8118811881188,0.16136583628410067
628.8316831683168,0.15956642646838357
628.8514851485148,0.15761596713434675
628.8712871287129,0.15551662160034377
628.8910891089109,0.15327073072467132
628.9108910891089,0.1508808142293072
628.9306930693069,0.148349572505359
628.950495049505,0.14567988902722823
628.9702970297029,0.1428748335332769
628.990099009901,0.13993766616935133
629.009900990099,0.13687184284159012
629.0297029702971,0.13368102208878885
629.049504950495,0.1303690738682579
629.0693069306931,0.1269400907578189
629.0891089108911,0.12339840222070127
629.1089108910891,0.11974859277074955
629.1287128712871,0.11599552513155743
629.1485148514852,0.11214436982843752
629.1683168316832,0.1082006431231633
629.1881188118812,0.10417025584846266
629.2079207920792,0.1000595765968236
629.2277227722773,0.09587551397437258
629.2475247524752,0.09162562440465268
629.2673267326733,0.08731825449419058
629.2871287128713,0.08296273060035024
629.3069306930693,0.07856961348623935
629.3267326732673,0.07415104355888444
629.3465346534654,0.06972121323539066
629.3663366336634,0.06529701890701899
629.3861386138614,0.06089896747308304
629.4059405940594,0.056552442794193844
629.4257425742575,0.052289474333548275
629.4455445544554,0.048151183403202416
629.4653465346535,0.044191076436794686
629.4851485148515,0.0404792133702156
629.5049504950496,0.03710678329997443
629.5247524752475,0.034189384780890175
629.5445544554455,0.03186502645015236
629.5643564356436,0.030280478719257778
629.5841584158416,0.029561389017230814
629.6039603960396,0.02977323516462136
629.6237623762377,0.030895925916329628
629.6435643564357,0.03283193999808471
629.6633663366337,0.03544127912647432
629.6831683168316,0.03857837359464665
629.7029702970298,0.04211450930505848
629.7227722772277,0.04594533191250171
629.7425742574258,0.0499897711598208
629.7623762376238,0.05418583594764276
629.7821782178218,0.05848610648010759
629.8019801980198,0.06285394504750552
629.8217821782177,0.06726060292841532
629.8415841584159,0.0716831039043346
629.8613861386139,0.07610272311979567
629.8811881188119,0.08050389896950907
629.90099009901,0.08487345292193232
629.9207920792079,0.08920002667627352
629.940594059406,0.09347367279222832
629.9603960396039,0.09768555424570988
629.9801980198021,0.10182772188018833
630.0,0.1058929480591792
630.0198019801979,0.10987460125304421
630.0396039603961,0.11376655072855567
630.059405940594,0.1175630935869307
630.0792079207921,0.12125889854649695
630.09900990099,0.12484896238191794
630.1188118811882,0.12832857600897415
630.1386138613861,0.13169329797736368
630.1584158415841,0.13493893369335624
630.1782178217823,0.1380615191030495
630.1980198019802,0.14105730786825882
630.2178217821782,0.14392276129084383
630.2376237623762,0.1466545404091859
630.2574257425742,0.1492494998171556
630.2772277227723,0.15170468285234598
630.2970297029702,0.15401731787440384
630.3168316831684,0.1561848154113089
630.3366336633663,0.1582047659959885
630.3564356435644,0.1600749385504224
630.3762376237623,0.16179327920180095
630.3960396039604,0.16335791043727182
630.4158415841584,0.16476713052099143
630.4356435643564,0.16601941311153706
630.4554455445545,0.16711340702891123
630.4752475247525,0.16804793612988458
630.4950495049504,0.16882199925801214
630.5148514851485,0.1694347702413139
630.5346534653465,0.16988559791587127
630.5544554455446,0.1701740061584631
630.5742574257425,0.17029969391551505
630.5940594059407,0.17026253521921353
630.6138613861386,0.17006257918512854
630.6336633663366,0.1697000499890003
630.6534653465346,0.16917534682328128
630.6732673267327,0.16848904383738397
630.6930693069307,0.16764189006879643
630.7128712871287,0.16663480937569752
630.7326732673267,0.16546890038571466
630.7524752475248,0.16414543647970653
630.7722772277227,0.1626658658344932
630.7920792079208,0.16103181155443694
630.8118811881188,0.15924507192855172
630.8316831683169,0.15730762085834654
630.8514851485148,0.15522160851174024
630.8712871287129,0.15298936227069362
630.8910891089109,0.15061338805578764
630.9108910891089,0.1480963721299912
630.9306930693069,0.14544118350780588
630.950495049505,0.1426508771263902
630.9702970297029,0.13972869797374743
630.990099009901,0.13667808641824655
631.009900990099,0.1335026850473998
631.0297029702971,0.1302063474062878
631.049504950495,0.12679314913377604
631.0693069306931,0.12326740213693911
631.0891089108911,0.11963367263258273
631.1089108910891,0.11589680413756111
631.1287128712871,0.11206194683024424
631.1485148514852,0.10813459516969699
631.1683168316832,0.10412063629638675
631.1881188118812,0.10002641262120586
631.2079207920792,0.09585880324445335
631.2277227722773,0.09162533058791755
631.2475247524752,0.08733430110169468
631.2673267326733,0.08299499246089147
631.2871287128713,0.07861790479678266
631.3069306930694,0.07421510094019992
631.3267326732673,0.06980067142773874
631.3465346534654,0.065391375523639
631.3663366336634,0.06100753137718714
631.3861386138614,0.05667425791037745
631.4059405940594,0.05242320682170597
631.4257425742575,0.048294955310471926
631.4455445544554,0.04434222497928043
631.4653465346535,0.04063395817674706
631.4851485148515,0.037259810972855044
631.5049504950496,0.034333444151660036
631.5247524752475,0.031990802886687694
631.5445544554456,0.030377220776401054
631.5643564356436,0.029618668462842085
631.5841584158416,0.02978341738530522
631.6039603960396,0.030855912779258886
631.6237623762377,0.03274303651919609
631.6435643564357,0.03530760801252645
631.6633663366337,0.03840511342113732
631.6831683168316,0.04190673225445035
631.7029702970298,0.04570748587654519
631.7227722772277,0.049725562465079816
631.7425742574258,0.05389829286515513
631.7623762376238,0.058177698527311764
631.7821782178219,0.06252670287876262
631.8019801980198,0.06691622002220403
631.8217821782177,0.07132301692693262
631.8415841584159,0.07572817342200344
631.8613861386139,0.08011597899697091
631.8811881188119,0.08447314109112819
631.90099009901,0.08878821360816835
631.9207920792079,0.09305118111937948
631.940594059406,0.09725315364392344
631.9603960396039,0.1013861405399099
631.9801980198021,0.10544288148773485
632.0,0.10941671906206062
632.019801980198,0.11330150188883541
632.0396039603961,0.11709151050851946
632.059405940594,0.12078140025096093
632.0792079207921,0.12436615696758126
632.09900990099,0.1278410625613996
632.1188118811882,0.13120166804124997
632.1386138613861,0.13444377239535568
632.1584158415841,0.13756340599482542
632.1782178217823,0.14055681754400393
632.1980198019802,0.14342046382198437
632.2178217821782,0.14615100162997174
632.2376237623762,0.14874528148826213
632.2574257425744,0.15120034272410288
632.2772277227723,0.15351340966729612
632.2970297029702,0.15568188872799418
632.3168316831684,0.15770336617664163
632.3366336633663,0.15957560648102687
632.3564356435644,0.16129655108351165
632.3762376237623,0.16286431752352432
632.3960396039604,0.16427719882806618
632.4158415841584,0.1655336631073443
632.4356435643564,0.1666323533040844
632.4554455445545,0.16757208705469478
632.4752475247525,0.16835185662811894
632.4950495049505,0.1689708289149117
632.5148514851485,0.1694283454445556
632.5346534653465,0.16972392241379816
632.5544554455446,0.1698572507129831
632.5742574257425,0.16982819594110132
632.5940594059407,0.16963679840371929
632.6138613861386,0.16928327309114485
632.6336633663366,0.16876800963746272
632.6534653465346,0.16809157226407906
632.6732673267327,0.16725469971489262
632.6930693069307,0.1662583051935464
632.7128712871287,0.1651034763172921
632.7326732673268,0.16379147510612982
632.7524752475248,0.16232373803110833
632.7722772277227,0.1607018761512902
632.7920792079208,0.15892767537605948
632.8118811881188,0.15700309689751862
632.8316831683169,0.1549302778480797
632.8514851485148,0.15271153225045933
632.8712871287129,0.15034935234276992
632.8910891089109,0.1478464103802885
632.9108910891089,0.1452055610392264
632.9306930693069,0.14242984457804622
632.950495049505,0.1395224909498647
632.970297029703,0.13648692510838623
632.990099009901,0.13332677381276056
633.009900990099,0.13004587431829892
633.0297029702971,0.1266482854466845
633.049504950495,0.12313830166985633
633.0693069306931,0.11952047102803762
633.0891089108911,0.11579961795175696
633.1089108910891,0.1119808723939234
633.1287128712871,0.10806970713554089
633.1485148514852,0.10407198575603958
633.1683168316832,0.09999402462835522
633.1881188118812,0.09584267351216509
633.2079207920792,0.0916254210292017
633.2277227722773,0.08735053373485303
633.2475247524752,0.08302724098147404
633.2673267326733,0.07866598278599966
633.2871287128713,0.07427874517541024
633.3069306930694,0.0698795179896522
633.3267326732673,0.06548492521592324
633.3465346534653,0.0611150991842099
633.3663366336634,0.05679489856372321
633.3861386138614,0.052555604811647796
633.4059405940594,0.04843726305871195
633.4257425742575,0.04449182907547783
633.4455445544555,0.040787156536609664
633.4653465346535,0.03741140928396088
633.4851485148514,0.03447635946855517
633.5049504950496,0.03211592877051593
633.5247524752475,0.03047400806359401
633.5445544554456,0.02967680374265319
633.5643564356436,0.02979522996774744
633.5841584158416,0.0308181405267427
633.6039603960396,0.03265678572498261
633.6237623762376,0.035176845928850564
633.6435643564357,0.038234927378675294
633.6633663366337,0.04170215243173106
633.6831683168317,0.04547294610777471
633.7029702970298,0.049464767772459124
633.7227722772277,0.053614274652080955
633.7425742574258,0.057872930030369876
633.7623762376237,0.062203217554213576
633.7821782178219,0.0665757128131221
633.8019801980198,0.07096692465201514
633.8217821782177,0.07535773644897928
633.8415841584159,0.07973228785694961
633.8613861386139,0.0840771715398073
633.8811881188119,0.0883808530127578
633.9009900990098,0.09263324838738086
633.920792079208,0.09682541434938567
633.940594059406,0.10094931846784234
633.9603960396039,0.10499766749269751
633.9801980198021,0.10896377789919666
634.0,0.11284147750292177
634.019801980198,0.1166250301410055
634.039603960396,0.12030907763387602
634.059405940594,0.12388859480647614
634.0792079207921,0.1273588544604684
634.09900990099,0.13071539998767331
634.1188118811882,0.13395402389281677
634.1386138613861,0.13707075091606186
634.1584158415842,0.14006182475683132
634.1782178217821,0.14292369763171425
634.1980198019802,0.14565302207226416
634.2178217821782,0.1482466444994548
634.2376237623762,0.1507016002109635
634.2574257425744,0.15301510949363725
634.2772277227723,0.15518457463274635
634.2970297029702,0.15720757763499418
634.3168316831683,0.15908187851845396
634.3366336633663,0.16080541405072912
634.3564356435644,0.16237629683909693
634.3762376237623,0.1637928146943925
634.3960396039605,0.16505343020479432
634.4158415841584,0.16615678046737178
634.4356435643564,0.16710167693497044
634.4554455445544,0.16788710534384133
634.4752475247525,0.16851222569406818
634.4950495049505,0.16897637226048504
634.5148514851485,0.16927905361661136
634.5346534653465,0.16941995265833112
634.5544554455446,0.16939892661774072
634.5742574257425,0.16921600706125364
634.5940594059406,0.16887139986910848
634.6138613861386,0.16836548519668934
634.6336633663367,0.1676988174212867
634.6534653465346,0.16687212508116564
634.6732673267327,0.16588631081727995
634.6930693069307,0.1647424513321117
634.7128712871287,0.16344179738398526
634.7326732673267,0.16198577384069696
634.7524752475248,0.16037597982172147
634.7722772277227,0.15861418896546228
634.7920792079208,0.15670234986597523
634.8118811881188,0.1546425867340041
634.8316831683169,0.15243720034904154
634.8514851485148,0.15008866938468937
634.8712871287129,0.14759965220807453
634.8910891089109,0.14497298927800056
634.9108910891089,0.14221170629606827
634.9306930693069,0.13931901830303667
634.950495049505,0.1362983349608525
634.970297029703,0.13315326732323793
634.990099009901,0.12988763647849502
635.0099009900989,0.12650548455357385
635.0297029702971,0.12301108870739519
635.049504950495,0.1194089789256367
635.0693069306931,0.11570396067503849
635.0891089108911,0.1119011438073733
635.1089108910892,0.10800597955378512
635.1287128712871,0.10402430806840487
635.1485148514851,0.09996241983523937
635.1683168316832,0.09582713544508221
635.1881188118812,0.09162590992884037
635.2079207920792,0.08736697021745
635.2277227722773,0.08305949770899237
635.2475247524752,0.07871387283215513
635.2673267326733,0.07434200558870795
635.2871287128712,0.06995778630612576
635.3069306930694,0.06557770553167432
635.3267326732673,0.061221712668094126
635.3465346534654,0.05691441072945158
635.3663366336634,0.052686718276031934
635.3861386138614,0.04857816007441502
635.4059405940594,0.044639944454079226
635.4257425742574,0.040938864319838515
635.4455445544555,0.03756163060603458
635.4653465346535,0.03461817429499111
635.4851485148514,0.032240432740785786
635.5049504950496,0.03057085007135784
635.5247524752475,0.02973578619045632
635.5445544554456,0.029808652380645378
635.5643564356435,0.030782583873623162
635.5841584158417,0.03257316139210357
635.6039603960396,0.03504896617446189
635.6237623762376,0.03806778736224063
635.6435643564357,0.041500739398673596
635.6633663366337,0.04524167930853196
635.6831683168317,0.04920735074889098
635.7029702970297,0.053333741972787715
635.7227722772277,0.05757175878499752
635.7425742574258,0.06188344417369405
635.7623762376237,0.06623903388579933
635.7821782178219,0.07061477732406467
635.8019801980198,0.07499136026951145
635.8217821782179,0.07935277159565213
635.8415841584158,0.08368548843413672
635.8613861386139,0.08797788730952961
635.8811881188119,0.09221981539462899
635.9009900990098,0.0964022756585746
635.920792079208,0.10051719357242632
635.940594059406,0.10455724270393191
635.9603960396039,0.1085157132216228
635.980198019802,0.11238641195812664
636.0,0.11616358590214816
636.019801980198,0.11984186324165738
636.039603960396,0.12341620766997631
636.0594059405942,0.12688188279724794
636.0792079207921,0.130234424320702
636.09900990099,0.13346961819488615
636.1188118811881,0.13658348347188803
636.1386138613861,0.1395722587976547
636.1584158415842,0.14243239178555533
636.1782178217821,0.14516053066401383
636.1980198019802,0.14775351772804288
636.2178217821782,0.150208384225481
636.2376237623762,0.15252234638625575
636.2574257425742,0.15469280236271302
636.2772277227723,0.15671732989562356
636.2970297029703,0.15859368455682124
636.3168316831683,0.16031979844818353
636.3366336633663,0.1618937792593751
636.3564356435644,0.16331390960499145
636.3762376237623,0.1645786465763761
636.3960396039604,0.16568662145538082
636.4158415841584,0.16663663954692243
636.4356435643564,0.16742768009523665
636.4554455445544,0.16805889625561332
636.4752475247525,0.16852961509885492
636.4950495049505,0.16883933763070688
636.5148514851485,0.16898773881276
636.5346534653465,0.16897466757505047
636.5544554455446,0.16880014681421682
636.5742574257425,0.16846437337419698
636.5940594059406,0.1679677180097912
636.6138613861386,0.1673107253364135
636.6336633663367,0.16649411377296852
636.6534653465346,0.16551877548790841
636.6732673267327,0.16438577636281093
636.6930693069307,0.16309635599172587
636.7128712871287,0.16165192773994846
636.7326732673267,0.16005407889128104
636.7524752475248,0.1583045709199634
636.7722772277228,0.15640533993156513
636.7920792079208,0.15435849732712878
636.8118811881188,0.15216633075713504
636.8316831683169,0.14983130544676723
636.8514851485148,0.14735606599276094
636.8712871287129,0.14474343875556905
636.8910891089109,0.1419964350000607
636.9108910891089,0.1391182549754487
636.9306930693069,0.13611229317312723
636.950495049505,0.13298214506277808
636.970297029703,0.12973161568698785
636.990099009901,0.12636473059901931
637.009900990099,0.12288574976567297
637.0297029702971,0.11929918523897548
637.049504950495,0.11560982364353904
637.0693069306931,0.11182275485358892
637.0891089108911,0.10794340867806117
637.1089108910892,0.10397760198116647
637.1287128712871,0.09993159950685646
637.1485148514851,0.09581219284866448
637.1683168316832,0.09162680365565262
637.1881188118812,0.08738361950380209
637.2079207920792,0.08309177420346689
637.2277227722773,0.07876158911675231
637.2475247524753,0.07440489898973003
637.2673267326733,0.07003549580356361
637.2871287128712,0.06566973846885708
637.3069306930694,0.0613273962904502
637.3267326732673,0.05703282111122869
637.3465346534654,0.0528165757355782
637.3663366336634,0.04871767591395631
637.3861386138614,0.0447866003212419
637.4059405940594,0.04108910803194676
637.4257425742574,0.037710495028820686
637.4455445544555,0.034758897114425646
637.4653465346535,0.03236430593503939
637.4851485148515,0.03066771696845349
637.5049504950496,0.029795566765081955
637.5247524752475,0.02982362362133606
637.5445544554456,0.0307491780893803
637.5643564356435,0.03249209989747249
637.5841584158417,0.03492390733186156
637.6039603960396,0.037903633457499544
637.6237623762376,0.04130243375809854
637.6435643564357,0.04501362587573943
637.6633663366337,0.04895325116299344
637.6831683168317,0.05305663375130624
637.7029702970297,0.05727412277336833
637.7227722772278,0.061567319744250615
637.7425742574258,0.06590611927281687
637.7623762376237,0.07026651002026782
637.7821782178219,0.07462897903527634
637.8019801980198,0.07897736347606787
637.8217821782179,0.08329802419026415
637.8415841584158,0.0875792481136495
637.8613861386139,0.09181081300457664
637.8811881188119,0.09598366773546854
637.9009900990098,0.10008969537300984
637.920792079208,0.10412153605342596
637.940594059406,0.10807245343334063
637.960396039604,0.11193623319176331
637.980198019802,0.11570710532557009
638.0,0.11937968426868084
638.019801980198,0.12294892247907187
638.039603960396,0.12641007428630902
638.0594059405942,0.1297586676164455
638.0792079207921,0.1329904818080085
638.09900990099,0.13610153016857346
638.1188118811881,0.13908804624264956
638.1386138613861,0.14194647300012192
638.1584158415842,0.14467345433312426
638.1782178217821,0.1472658283842325
638.1980198019803,0.14972062233137776
638.2178217821782,0.15203504833353973
638.2376237623762,0.15420650040202008
638.2574257425742,0.15623255200925235
638.2772277227723,0.15811095428403107
638.2970297029703,0.15983963467120849
638.3168316831683,0.1614166959568788
638.3366336633663,0.16284041557876483
638.3564356435644,0.16410924515599506
638.3762376237623,0.16522181018497475
638.3960396039604,0.16617690985749756
638.4158415841584,0.1669735169656434
638.4356435643565,0.16761077786469783
638.4554455445544,0.168088012471059
638.4752475247525,0.16840471427710618
638.4950495049505,0.16856055036922615
638.5148514851485,0.1685553614390782
638.5346534653465,0.16838916178167176
638.5544554455446,0.16806213927718464
638.5742574257425,0.16757465535658608
638.5940594059406,0.1669272449543551
638.6138613861386,0.1661206164549036
638.6336633663367,0.16515565164292276
638.6534653465346,0.16403340567145822
638.6732673267327,0.16275510706621457
638.6930693069307,0.1613221577892269
638.7128712871287,0.15973613339097004
638.7326732673267,0.15799878328681796
638.7524752475248,0.15611203120179126
638.7722772277228,0.1540779758377006
638.7920792079208,0.15189889182863128
638.8118811881188,0.14957723106590762
638.8316831683169,0.14711562449212612
638.8514851485148,0.14451688448699246
638.8712871287129,0.14178400799732355
638.8910891089109,0.13892018060022196
638.9108910891089,0.13592878173651657
638.9306930693069,0.13281339141202464
638.950495049505,0.12957779874384603
638.970297029703,0.1262260128317271
638.990099009901,0.1227622765704529
639.009900990099,0.11919108419882497
639.0297029702971,0.11551720362062039
639.049504950495,0.11174570485602929
639.0693069306931,0.10788199641969892
639.0891089108911,0.10393187202178479
639.1089108910892,0.09990157081579899
639.1287128712871,0.09579785557057022
639.1485148514851,0.09162811476328532
639.1683168316832,0.08740049688506224
639.1881188118812,0.08312408852469189
639.2079207920792,0.07880915249675245
639.2277227722773,0.07446744905406114
639.2475247524753,0.07011267298227167
639.2673267326733,0.06576105332776305
639.2871287128712,0.06143218206823354
639.3069306930694,0.057150164251047166
639.3267326732673,0.0529452138703569
639.3465346534654,0.04885584866425454
639.3663366336634,0.04493183485386132
639.3861386138614,0.04123792368529394
639.4059405940594,0.03785803281005521
639.4257425742574,0.03489854736578253
639.4455445544555,0.03248755126017625
639.4653465346535,0.030764591255539372
639.4851485148515,0.029856108700624415
639.5049504950496,0.02984009415460956
639.5247524752475,0.030717868617680194
639.5445544554456,0.032413546389921374
639.5643564356435,0.0348016154527192
639.5841584158417,0.03774241207061688
639.6039603960396,0.041107181437640423
639.6237623762376,0.0447887306751475
639.6435643564357,0.04870241252006527
639.6633663366337,0.05278289202320548
639.6831683168317,0.05697996255467811
639.7029702970297,0.06125478339132694
639.7227722772278,0.06557690672959714
639.7425742574258,0.06992205919758425
639.7623762376237,0.07427052797833011
639.7821782178219,0.0786059975787146
639.8019801980198,0.08291471180972912
639.8217821782179,0.08718486741945969
639.8415841584158,0.0914061722756327
639.8613861386139,0.09556952077351931
639.8811881188119,0.09966675326908134
639.9009900990098,0.10369047621780172
639.920792079208,0.10763392655948134
639.940594059406,0.11149086864913191
639.960396039604,0.11525551534876784
639.980198019802,0.11892246721706663
640.0,0.12248666537319364
640.019801980198,0.12594335477741253
640.039603960396,0.12928805550827555
640.0594059405942,0.13251654022261938
640.0792079207921,0.13562481642724714
640.09900990099,0.13860911251733252
640.1188118811881,0.14146586677899578
640.1386138613861,0.1441917187348729
640.1584158415842,0.14678350234853008
640.1782178217821,0.14923824070768707
640.1980198019803,0.15155314188609642
640.2178217821782,0.15372559574556813
640.2376237623762,0.15575317148738704
640.2574257425742,0.15763361580004656
640.2772277227723,0.15936485147948498
640.2970297029703,0.1609449764217453
640.3168316831683,0.16237226290633333
640.3366336633663,0.16364515710405544
640.3564356435644,0.16476227875480465
640.3762376237623,0.1657224209712601
640.3960396039604,0.16652455013227205
640.4158415841584,0.16716780583692548
640.4356435643565,0.16765150089582692
640.4554455445544,0.16797512134131173
640.4752475247525,0.1681383264425264
640.4950495049505,0.1681409487152318
640.5148514851485,0.1679829939197564
640.5346534653465,0.16766464104376103
640.5544554455446,0.16718624226987758
640.5742574257425,0.16654832293116126
640.5940594059406,0.16575158146108732
640.6138613861386,0.16479688934786488
640.6336633663367,0.16368529110700378
640.6534653465346,0.1624180042902953
640.6732673267327,0.16099641955427232
640.6930693069307,0.15942210081698227
640.7128712871287,0.1576967855387044
640.7326732673267,0.15582238517043082
640.7524752475248,0.153800985823682
640.7722772277228,0.1516348492273301
640.7920792079208,0.14932641405202896
640.8118811881187,0.14687829770107894
640.8316831683169,0.14429329868973373
640.8514851485148,0.1415743997641686
640.8712871287129,0.13872477194772898
640.8910891089109,0.1357477797495484
640.910891089109,0.1326469878308675
640.9306930693069,0.12942616950277414
640.9504950495049,0.1260893175310965
640.970297029703,0.12264065785837527
640.990099009901,0.11908466703045935
641.009900990099,0.11542609435186128
641.0297029702971,0.11166999011275111
641.049504950495,0.10782174166232382
641.0693069306931,0.10388711969384255
641.089108910891,0.0998723379217803
641.1089108910892,0.09578413046490769
641.1287128712871,0.09162985284084528
641.1485148514852,0.08741761472828483
641.1683168316832,0.08315645586236221
641.1881188118812,0.07885658102925802
641.2079207920792,0.07452967674735855
641.2277227722772,0.07018934174668116
641.2475247524753,0.06585167695706658
641.2673267326733,0.06153609974955441
641.2871287128712,0.05726647265529858
641.3069306930694,0.05307266762614841
641.3267326732673,0.048992715073925365
641.3465346534654,0.04507568542131831
641.3663366336633,0.04138534720872183
641.3861386138615,0.038004275115219026
641.4059405940594,0.0350371467167906
641.4257425742574,0.03261017547827205
641.4455445544555,0.030861461010810866
641.4653465346535,0.029917382268313093
641.4851485148515,0.02985802244554686
641.5049504950495,0.03068860944859861
641.5247524752475,0.03233745489482146
641.5445544554456,0.034682045685046375
641.5643564356435,0.037584078838139745
641.5841584158417,0.04091493765693986
641.6039603960396,0.04456694787443279
641.6237623762377,0.04845478760636802
641.6435643564356,0.05251246806894282
641.6633663366337,0.056689227892010946
641.6831683168317,0.06094578340417136
641.7029702970297,0.06525134313941776
641.7227722772278,0.06958137041043158
641.7425742574258,0.07391595140385349
641.7623762376237,0.0782386170389275
641.7821782178218,0.08253549333633137
641.8019801980198,0.08679468625633471
641.8217821782179,0.09100583329880646
641.8415841584158,0.09515977400073027
641.861386138614,0.09924830570046865
641.8811881188119,0.10326400092322828
641.9009900990098,0.10720006968691514
641.9207920792079,0.11105025485216448
641.940594059406,0.11480875200306148
641.960396039604,0.11847014770186826
641.980198019802,0.12202937162558022
642.0,0.1254816592764524
642.019801980198,0.12882252280922074
642.039603960396,0.13204772813340068
642.059405940594,0.13515327689866746
642.0792079207921,0.13813539230286045
642.0990099009902,0.14099050790792833
642.1188118811881,0.14371525883361136
642.1386138613861,0.14630647483761086
642.1584158415842,0.14876117489681645
642.1782178217821,0.15107656298509614
642.1980198019802,0.15325002480586922
642.2178217821782,0.1552791252859866
642.2376237623762,0.15716160667579035
642.2574257425742,0.15889538712984122
642.2772277227723,0.16047855966685118
642.2970297029703,0.16190939142612926
642.3168316831683,0.16318632315318377
642.3366336633663,0.16430796885950982
642.3564356435644,0.16527311561171235
642.3762376237623,0.16608072341335464
642.3960396039604,0.1667299251501023
642.4158415841584,0.16722002657426843
642.4356435643565,0.16755050631033525
642.4554455445544,0.167721015866962
642.4752475247524,0.16773137964525214
642.4950495049505,0.16758159493646627
642.5148514851485,0.1672718319056843
642.5346534653465,0.1668024335612463
642.5544554455446,0.16617391571294074
642.5742574257426,0.1653869669253234
642.5940594059406,0.16444244847593453
642.6138613861385,0.16334139433217265
642.6336633663367,0.16208501116480817
642.6534653465346,0.16067467842103858
642.6732673267327,0.15911194848573956
642.6930693069307,0.15739854696626934
642.7128712871287,0.15553637314442906
642.7326732673267,0.15352750064875867
642.7524752475247,0.151374178412477
642.7722772277228,0.14907883199705993
642.7920792079208,0.14664406537974042
642.8118811881188,0.14407266332602597
642.8316831683169,0.14136759449731373
642.8514851485148,0.13853201547993915
642.8712871287129,0.13556927596878335
642.8910891089108,0.13248292539839004
642.910891089109,0.12927672139197519
642.9306930693069,0.12595464049978375
642.9504950495049,0.12252089183079334
642.970297029703,0.11897993435721371
642.990099009901,0.11533649890492469
643.009900990099,0.11159561615746624
643.029702970297,0.10776265242678441
643.0495049504951,0.10384335552604268
643.0693069306931,0.09984391388160219
643.089108910891,0.09577103313644936
643.1089108910892,0.09163203606018379
643.1287128712871,0.08743499379008933
643.1485148514852,0.08318889957264203
643.1683168316831,0.07890390067906647
643.1881188118812,0.07459161064152951
643.2079207920792,0.07026553325465648
643.2277227722772,0.06594164304394244
643.2475247524753,0.061639185431007146
643.2673267326733,0.05738178459855855
643.2871287128713,0.05319897702896883
643.3069306930693,0.04912831615878669
643.3267326732673,0.045218192707876574
643.3465346534654,0.041531416749017384
643.3663366336633,0.03814925409485427
643.3861386138615,0.03517471646679075
643.4059405940594,0.032732183494864286
643.4257425742574,0.030958310742485035
643.4455445544554,0.029979352119661448
643.4653465346535,0.029877359037290708
643.4851485148515,0.03066134444671607
643.5049504950495,0.03226376754161648
643.5247524752476,0.034565140029532614
643.5445544554456,0.03742857542453381
643.5643564356435,0.04072564313811058
643.5841584158416,0.044348216816697476
643.6039603960396,0.048210314185996396
643.6237623762377,0.052245298033198675
643.6435643564356,0.05640185335306766
643.6633663366337,0.06064025285136617
643.6831683168317,0.06492936016086635
643.7029702970297,0.06924437399721331
643.7227722772277,0.07356517841673567
643.7425742574258,0.07787514981083411
643.7623762376238,0.08216029565265097
643.7821782178218,0.08640863051174981
643.8019801980198,0.0906097210409294
643.8217821782179,0.09475435153634923
643.8415841584158,0.09883427601105312
643.8613861386139,0.10284203280998021
643.8811881188119,0.10677080482381643
643.9009900990098,0.11061431324838161
643.9207920792079,0.11436673624685917
643.940594059406,0.11802264626407662
643.960396039604,0.12157696143162078
643.980198019802,0.12502490770520971
644.0,0.12836198923963646
644.019801980198,0.13158396513152112
644.039603960396,0.13468683111717278
644.059405940594,0.13766680514913526
644.0792079207921,0.14052031602474244
644.0990099009902,0.14324399442733698
644.1188118811881,0.14583466588177812
644.1386138613861,0.14828934523329498
644.1584158415842,0.15060523234096362
644.1782178217821,0.1527797087405614
644.1980198019802,0.1548103350808231
644.2178217821782,0.15669484917562584
644.2376237623763,0.1584311645451445
644.2574257425742,0.1600173693429752
644.2772277227723,0.16145172558549659
644.2970297029703,0.16273266861529329
644.3168316831683,0.1638588067427693
644.3366336633663,0.1648289210206709
644.3564356435644,0.16564196511435958
644.3762376237623,0.16629706523787863
644.3960396039604,0.16679352013179205
644.4158415841584,0.16713080106382905
644.4356435643565,0.16730855183781
644.4554455445544,0.1673265888002952
644.4752475247525,0.1671849008379039
644.4950495049505,0.1668836493618018
644.5148514851485,0.16642316827885242
644.5346534653465,0.16580396395238997
644.5544554455446,0.1650267151587257
644.5742574257426,0.16409227304916565
644.5940594059406,0.16300166113102582
644.6138613861385,0.16175607528552868
644.6336633663367,0.16035688384526292
644.6534653465346,0.15880562775972779
644.6732673267327,0.15710402088409003
644.6930693069307,0.1552539504343545
644.7128712871288,0.1532574776619593
644.7326732673267,0.15111683881257665
644.7524752475247,0.148834446448634
644.7722772277228,0.14641289123317858
644.7920792079208,0.14385494429533743
644.8118811881188,0.1411635603263612
644.8316831683169,0.13834188159120048
644.8514851485148,0.13539324308687226
644.8712871287129,0.1323211791381564
644.8910891089108,0.12912943179775718
644.910891089109,0.12582196151808622
644.9306930693069,0.12240296069282935
644.950495049505,0.11887687083967598
644.970297029703,0.11524840442668025
644.990099009901,0.11152257265452019
645.009900990099,0.10770472092696295
645.029702970297,0.10380057431495986
645.0495049504951,0.09981629610933428
645.0693069306931,0.09575856365339011
645.089108910891,0.09163466718249023
645.1089108910892,0.0874526395656247
645.1287128712871,0.08322142792721227
645.1485148514852,0.07895112253708267
645.1683168316831,0.07465326468606005
645.1881188118813,0.07034126434360077
645.2079207920792,0.06603097132044104
645.2277227722772,0.06174146170013295
645.2475247524753,0.05749612539691363
645.2673267326733,0.05332416983524933
645.2871287128713,0.04926268153998278
645.3069306930693,0.045359387131962386
645.3267326732673,0.04167616166335103
645.3465346534654,0.0382929950501014
645.3663366336633,0.03531127358091949
645.3861386138615,0.03285357899512433
645.4059405940594,0.03105512726873486
645.4257425742575,0.030041988760860193
645.4455445544554,0.02989806349423512
645.4653465346535,0.030636029142014246
645.4851485148515,0.03219244027768941
645.5049504950495,0.03445085600644993
645.5247524752476,0.037275860301572254
645.5445544554456,0.04053925634687918
645.5643564356435,0.04413249525193003
645.5841584158416,0.04796894889343195
645.6039603960396,0.05198133725270355
645.6237623762377,0.05611779291964742
645.6435643564356,0.06033814436750345
645.6633663366338,0.06461090912072327
645.6831683168317,0.0689110200311106
645.7029702970297,0.07321815789738316
645.7227722772277,0.0775155436458402
645.7425742574258,0.08178906544618082
645.7623762376238,0.08602664587508037
645.7821782178218,0.09021778025955726
645.8019801980198,0.09435319727286869
645.8217821782179,0.09842460729550709
645.8415841584158,0.10242451424265486
645.8613861386139,0.10634607367297859
645.8811881188119,0.11018298494753946
645.90099009901,0.11392940866613165
645.9207920792079,0.11757990303557675
645.940594059406,0.12112937453921639
645.960396039604,0.12457303949808184
645.980198019802,0.12790639399112988
646.0,0.1311251902367856
646.019801980198,0.13422541800191384
646.039603960396,0.13720328994586908
646.059405940594,0.140055230060978
646.0792079207921,0.1427778645606586
646.0990099009902,0.14536801470983474
646.1188118811881,0.14782269120107858
646.1386138613861,0.15013908976349807
646.1584158415842,0.15231458775573098
646.1782178217821,0.1543467415442953
646.1980198019802,0.15623328450788082
646.2178217821782,0.15797212553877876
646.2376237623763,0.15956134793707985
646.2574257425742,0.1609992086129423
646.2772277227723,0.1622841375276688
646.2970297029703,0.16341473731715608
646.3168316831683,0.16438978305174934
646.3366336633663,0.16520822209478622
646.3564356435644,0.16586917402961862
646.3762376237624,0.16637193063060207
646.3960396039604,0.1667159558588432
646.4158415841584,0.16690088586793606
646.4356435643565,0.1669265290088638
646.4554455445544,0.16679286582691852
646.4752475247525,0.16650004904683452
646.4950495049505,0.16604840354557987
646.5148514851485,0.16543842631557523
646.5346534653465,0.16467078642430696
646.5544554455446,0.16374632497997701
646.5742574257426,0.16266605511649893
646.5940594059406,0.1614311620156383
646.6138613861386,0.16004300298873858
646.6336633663367,0.15850310764638012
646.6534653465346,0.15681317819084967
646.6732673267327,0.1549750898743784
646.6930693069307,0.15299089167581173
646.7128712871288,0.15086280726003976
646.7326732673267,0.14859323629925614
646.7524752475247,0.14618475625291422
646.7722772277228,0.14364012472592202
646.7920792079208,0.14096228255284202
646.8118811881188,0.13815435779178745
646.8316831683169,0.1352196708572863
646.8514851485149,0.13216174108042772
646.8712871287129,0.12898429506003564
646.8910891089108,0.12569127726788307
646.910891089109,0.1222868635002046
646.9306930693069,0.11877547793915853
646.950495049505,0.11516181481583368
646.970297029703,0.11145086597219166
646.990099009901,0.10764795603347502
647.009900990099,0.10375878746729301
647.029702970297,0.09978949858268843
647.0495049504951,0.09574673860086293
647.0693069306931,0.09163776543811804
647.0891089108911,0.08747057396947731
647.1089108910892,0.08325406556418938
647.1287128712871,0.07899827400246677
647.1485148514852,0.07471466907286974
647.1683168316831,0.07041656801656658
647.1881188118813,0.06611969759190434
647.2079207920792,0.06184296710382065
647.2277227722772,0.05760953618262957
647.2475247524753,0.053448289435387375
647.2673267326733,0.04939585624009343
647.2871287128713,0.045499314218192005
647.3069306930693,0.04181962604461471
647.3267326732674,0.038435537556941034
647.3465346534654,0.03544684871438111
647.3663366336633,0.03297437855376016
647.3861386138615,0.031151909088844236
647.4059405940594,0.03010527253735954
647.4257425742575,0.02992010272771355
647.4455445544554,0.030612623595910302
647.4653465346535,0.03212343087268969
647.4851485148515,0.03433915060082806
647.5049504950495,0.03712588944827252
647.5247524752476,0.040355731659063164
647.5445544554456,0.04391973554377553
647.5643564356436,0.04773064192381149
647.5841584158416,0.05172053376586946
647.6039603960396,0.05583699256961208
647.6237623762377,0.0600394019985583
647.6435643564356,0.0642959322679746
647.6633663366338,0.06858124909394014
647.6831683168317,0.07287482888157662
647.7029702970297,0.07715973614578304
647.7227722772277,0.08142173898889517
647.7425742574258,0.08564866738586471
647.7623762376238,0.08982994485386764
647.7821782178218,0.09395624405702002
647.8019801980199,0.09801923143269535
647.8217821782179,0.10201137621426601
647.8415841584158,0.10592580642160558
647.8613861386139,0.10975619940947655
647.8811881188119,0.11349669807056455
647.90099009901,0.1171418462520912
647.9207920792079,0.1206865386855101
647.940594059406,0.12412598196829057
647.960396039604,0.12745566402709163
647.980198019802,0.1306713301362872
648.0,0.13376896403668959
648.019801980198,0.13674477304613672
648.0396039603961,0.13959517631104335
648.059405940594,0.14231679554090446
648.0792079207921,0.1449064477130977
648.0990099009902,0.14736113934602973
648.1188118811881,0.14967806202313652
648.1386138613861,0.1518545889157709
648.1584158415842,0.15388827210355288
648.1782178217821,0.15577684053059446
648.1980198019802,0.15751819846706863
648.2178217821782,0.1591104243704512
648.2376237623763,0.16055177006054883
648.2574257425742,0.16184066013820264
648.2772277227723,0.162975691590508
648.2970297029703,0.16395563353585874
648.3168316831683,0.1647794270707986
648.3366336633663,0.1654461851878727
648.3564356435644,0.1659551927396951
648.3762376237624,0.16630590642973614
648.3960396039604,0.16649795481477328
648.4158415841583,0.1665311383079868
648.4356435643565,0.166405429175373
648.4554455445544,0.1661209715214004
648.4752475247525,0.16567808126339556
648.4950495049505,0.16507724609702223
648.5148514851486,0.16431912545893307
648.5346534653465,0.16340455049586913
648.5544554455445,0.1623345240535641
648.5742574257426,0.16111022070291925
648.5940594059406,0.15973298682586706
648.6138613861386,0.15820434078892961
648.6336633663367,0.1565259732392775
648.6534653465346,0.15469974756581217
648.6732673267327,0.15272770057770613
648.6930693069306,0.15061204346424095
648.7128712871288,0.14835516311459648
648.7326732673267,0.14595962389366138
648.7524752475248,0.14342816999273467
648.7722772277228,0.14076372850164362
648.7920792079208,0.13796941338469326
648.8118811881188,0.13504853058792549
648.8316831683168,0.13200458456343012
648.8514851485149,0.1288412865715186
648.8712871287129,0.12556256521930637
648.8910891089108,0.12217257982239864
648.910891089109,0.1186757373454856
648.9306930693069,0.11507671390276644
648.950495049505,0.11138048210101273
648.9702970297029,0.10759234591621615
648.990099009901,0.10371798535125915
649.009900990099,0.09976351388706717
649.029702970297,0.0957355528002965
649.0495049504951,0.09164132790329618
649.0693069306931,0.0874887963509648
649.0891089108911,0.08328681412280832
649.1089108910891,0.07904535901782067
649.1287128712871,0.07477583005423107
649.1485148514852,0.07049145282773867
649.1683168316831,0.06620783268013947
649.1881188118813,0.06194371464852297
649.2079207920792,0.057722031976177354
649.2277227722772,0.053571352538222525
649.2475247524752,0.04952785806220403
649.2673267326733,0.045637991819440636
649.2871287128713,0.041961826037697936
649.3069306930693,0.0385768932817673
649.3267326732674,0.03558144514923511
649.3465346534654,0.03309457258702608
649.3663366336633,0.0312486305139898
649.3861386138614,0.030169162241170708
649.4059405940594,0.029943425221385826
649.4257425742575,0.030591072919268394
649.4455445544554,0.032056685810740775
649.4653465346535,0.03422997312490962
649.4851485148515,0.036978614510930756
649.5049504950495,0.040175022070387055
649.5247524752475,0.043709891223903605
649.5445544554456,0.04749534681955527
649.5643564356436,0.051462840822206264
649.5841584158416,0.055559405093858684
649.6039603960396,0.059743977990688646
649.6237623762377,0.06398438126320383
649.6435643564356,0.06825501224651637
649.6633663366337,0.07253514183287242
649.6831683168317,0.07680767719070668
649.7029702970297,0.08105826559936175
649.7227722772277,0.08527464382966086
649.7425742574258,0.08944616311015248
649.7623762376238,0.09356343971394006
649.7821782178218,0.09761809582857457
649.8019801980198,0.10160256575681659
649.8217821782179,0.1055099497757805
649.8415841584158,0.1093339030649255
649.8613861386139,0.11306855066822163
649.8811881188119,0.11670842195360054
649.90099009901,0.12024839979860556
649.9207920792079,0.12368368098966136
649.9405940594058,0.12700974522586403
649.960396039604,0.1302223307726851
649.980198019802,0.13331741528914898
650.0,0.13629120070392506
650.019801980198,0.13914010127716808
650.0396039603961,0.1418607341808486
650.059405940594,0.14444991207752594
650.079207920792,0.14690463729010272
650.0990099009902,0.14922209724068375
650.1188118811881,0.1513996609032146
650.1386138613861,0.1534348760655976
650.1584158415842,0.1553254672377511
650.1782178217821,0.15706933407321894
650.1980198019802,0.15866455019734405
650.2178217821781,0.1601093623550167
650.2376237623763,0.16140218980689092
650.2574257425742,0.16254162391632454
650.2772277227723,0.16352642787958296
650.2970297029703,0.16435553656087024
650.3168316831683,0.1650280564009858
650.3366336633663,0.1655432653744013
650.3564356435643,0.16590061297499456
650.3762376237624,0.1660997202151582
650.3960396039604,0.16614037962700717
650.4158415841583,0.16602255525813447
650.4356435643565,0.16574638265781366
650.4554455445544,0.16531216885274583
650.4752475247525,0.16472039231479182
650.4950495049504,0.16397170292647448
650.5148514851486,0.1630669219534378
650.5346534653465,0.1620070420370739
650.5544554455445,0.16079322722466594
650.5742574257426,0.15942681305913936
650.5940594059406,0.15790930675645706
650.6138613861386,0.15624238750497654
650.6336633663366,0.15442790692926328
650.6534653465346,0.15246788977026277
650.6732673267327,0.15036453484541695
650.6930693069306,0.14812021636664113
650.7128712871288,0.1457374857118876
650.7326732673267,0.14321907376802248
650.7524752475248,0.14056789399069805
650.7722772277227,0.13778704636216343
650.7920792079208,0.13487982247262117
650.8118811881188,0.13184971200867066
650.8316831683168,0.12870041100631005
650.8514851485149,0.1254358323229184
650.8712871287129,0.12206011890931687
650.8910891089108,0.11857766062990052
650.9108910891089,0.11499311560131809
650.9306930693069,0.1113114373180397
650.950495049505,0.10753790923550582
650.9702970297029,0.10367818903000359
650.9900990099011,0.09973836550750077
651.009900990099,0.09572503217697323
651.029702970297,0.0916453829608694
651.049504950495,0.08750733756585363
651.0693069306931,0.0833197069436137
651.0891089108911,0.07909241341394671
651.1089108910891,0.07483678594527711
651.1287128712871,0.07056595955051763
651.1485148514852,0.06629541975567109
651.1683168316831,0.062043749779821945
651.1881188118812,0.05783366027135913
651.2079207920792,0.05369340827983554
651.2277227722773,0.049658737076732656
651.2475247524752,0.045775469736009586
651.2673267326733,0.04210280919159344
651.2871287128713,0.03871710443962054
651.3069306930693,0.03571509541802304
651.3267326732673,0.03321417882049961
651.3465346534654,0.0313452903022969
651.3663366336633,0.030233637083282642
651.3861386138614,0.029967994748471984
651.4059405940594,0.030571331799462115
651.4257425742575,0.031992155541759215
651.4455445544554,0.034123271816403615
651.4653465346535,0.03683398175916525
651.4851485148515,0.039997071619582394
651.5049504950495,0.04350290391771061
651.5247524752475,0.0472630027904861
651.5445544554456,0.05120819533420419
651.5643564356436,0.05528496527804535
651.5841584158416,0.0594518051834801
651.6039603960396,0.06367618717151158
651.6237623762377,0.0679322389352762
651.6435643564356,0.07219902471853248
651.6633663366337,0.07645929339392588
651.6831683168317,0.08069857065038621
651.7029702970298,0.08490449944292053
651.7227722772277,0.08906635822540124
651.7425742574258,0.09317470649256458
651.7623762376238,0.09722112187108857
651.7821782178218,0.1011980034811008
651.8019801980198,0.10509842365053851
651.8217821782179,0.10891601521256641
651.8415841584158,0.11264488521938726
651.8613861386139,0.11627954843872264
651.8811881188119,0.11981487579125319
651.90099009901,0.12324605416413138
651.9207920792079,0.1265685549529525
651.940594059406,0.12977810934890951
651.960396039604,0.13287068887298217
651.980198019802,0.13584249001652426
652.0,0.13868992211267178
652.019801980198,0.1414095977618239
652.0396039603961,0.14399832528396722
652.059405940594,0.14645310278468368
652.079207920792,0.1487711135086429
652.0990099009902,0.1509497222216729
652.1188118811881,0.15298647241461724
652.1386138613861,0.1548790841629749
652.1584158415842,0.15662545250850238
652.1782178217823,0.15822364625425206
652.1980198019802,0.15967190708488366
652.2178217821781,0.16096864894040025
652.2376237623763,0.16211245758467524
652.2574257425742,0.16310209032079495
652.2772277227723,0.1639364758142311
652.2970297029703,0.16461471399215255
652.3168316831683,0.16513607599350277
652.3366336633663,0.16550000414961927
652.3564356435643,0.16570611197988971
652.3762376237624,0.16575418419097737
652.3960396039604,0.16564417667190207
652.4158415841584,0.1653762164806186
652.4356435643565,0.16495060182106755
652.4554455445544,0.16436780201303058
652.4752475247525,0.16362845746035398
652.4950495049504,0.16273337962670295
652.5148514851486,0.16168355103175025
652.5346534653465,0.1604801252850662
652.5544554455445,0.15912442717973896
652.5742574257426,0.15761795287332173
652.5940594059406,0.15596237019041767
652.6138613861386,0.1541595190889928
652.6336633663366,0.1522114123420026
652.6534653465347,0.15012023649752262
652.6732673267327,0.1478883531948478
652.6930693069306,0.14551830093146023
652.7128712871288,0.14301279739794096
652.7326732673267,0.14037474252537988
652.7524752475248,0.13760722242480353
652.7722772277227,0.13471351444254204
652.7920792079208,0.13169709361257292
652.8118811881188,0.1285616408603303
652.8316831683168,0.12531105340819962
652.8514851485149,0.12194945795806493
652.8712871287129,0.11848122739147486
652.8910891089109,0.11491100194750728
652.9108910891089,0.1112437161322069
652.9306930693069,0.10748463301057452
652.950495049505,0.10363938807228988
652.9702970297029,0.09971404560388647
652.9900990099011,0.09571517152642786
653.009900990099,0.09164992808973106
653.029702970297,0.08752619782766186
653.049504950495,0.08335274702937831
653.0693069306931,0.0791394430398607
653.0891089108911,0.07489754549818306
653.1089108910891,0.07064009989184325
653.1287128712872,0.06638247351620866
653.1485148514852,0.06214309018776832
653.1683168316831,0.057944441683174815
653.1881188118812,0.05381448000328083
653.2079207920792,0.049788518924698835
653.2277227722773,0.045911775075685717
653.2475247524752,0.04224260260165489
653.2673267326733,0.03885619569440969
653.2871287128713,0.03584781823692662
653.3069306930693,0.03333320582799539
653.3267326732673,0.03144188354926433
653.3465346534654,0.030298678538586137
653.3663366336634,0.029993783176420267
653.3861386138614,0.03055336833082807
653.4059405940594,0.031929808491880256
653.4257425742575,0.03401901662194624
653.4455445544554,0.036691962081231835
653.4653465346535,0.03982185115371582
653.4851485148515,0.04329874367238322
653.5049504950495,0.0470335786450397
653.5247524752475,0.050956564667516635
653.5445544554456,0.055013638979610334
653.5643564356436,0.059162847933876286
653.5841584158416,0.06337131289284743
653.6039603960396,0.06761289066300122
653.6237623762377,0.07186643771090727
653.6435643564356,0.07611454366655804
653.6633663366337,0.08034261186160387
653.6831683168317,0.08453819082329712
653.7029702970298,0.08869048574444534
653.7227722772277,0.09278999895358461
653.7425742574258,0.09682826320526204
653.7623762376238,0.10079764218470505
653.7821782178218,0.10469118006407138
653.8019801980198,0.10850248715923132
653.8217821782179,0.11222565238750745
653.8415841584159,0.11585517579552825
653.8613861386139,0.11938591624414359
653.8811881188119,0.12281305063298802
653.90099009901,0.12613204197823175
653.9207920792079,0.12933861433130758
653.940594059406,0.13242873301884125
653.960396039604,0.13539858904662377
653.980198019802,0.13824458677982066
654.0,0.14096333421301446
654.019801980198,0.14355163529560522
654.0396039603961,0.14600648389375737
654.059405940594,0.14832505905821627
654.0792079207921,0.15050472133562046
654.0990099009902,0.15254300991390346
654.1188118811881,0.1544376404334468
654.1386138613861,0.1561865033285288
654.1584158415842,0.1577876625890815
654.1782178217823,0.15923935485358015
654.1980198019802,0.16053998876018835
654.2178217821781,0.16168814449680333
654.2376237623763,0.1626825735014697
654.2574257425742,0.16352219827360231
654.2772277227723,0.16420611226399282
654.2970297029703,0.16473357981770864
654.3168316831684,0.16510403614956456
654.3366336633663,0.16531708733624728
654.3564356435643,0.16537251031353506
654.3762376237624,0.16527025287052993
654.3960396039604,0.16501043363655532
654.4158415841584,0.1645933420594258
654.4356435643565,0.16401943837731844
654.4554455445544,0.1632893535896025
654.4752475247525,0.16240388943572626
654.4950495049504,0.16136401839486805
654.5148514851486,0.16017088372348373
654.5346534653465,0.15882579955254933
654.5544554455446,0.15733025107197626
654.5742574257426,0.15568589483622386
654.5940594059406,0.1538945592329414
654.6138613861386,0.15195824516585338
654.6336633663366,0.14987912701476916
654.6534653465347,0.14765955394950647
654.6732673267327,0.14530205169211882
654.6930693069306,0.14280932484365594
654.7128712871288,0.14018425991886016
654.7326732673267,0.1374299292670358
654.7524752475248,0.1345495961012677
654.7722772277227,0.13154672091456904
654.7920792079209,0.12842496963441827
654.8118811881188,0.125188223961784
654.8316831683168,0.12184059446447702
654.8514851485149,0.1183864371578078
654.8712871287129,0.11483037452242219
654.8910891089109,0.11117732219913881
654.9108910891089,0.10743252299208843
654.9306930693069,0.10360159034387954
654.950495049505,0.09969056417667564
654.9702970297029,0.09570598300280156
654.9900990099011,0.09165497761594134
655.009900990099,0.08754539365109178
655.0297029702971,0.08338595309737289
655.049504950495,0.07918646882416831
655.0693069306931,0.0749581318522076
655.0891089108911,0.07071389918405488
655.1089108910891,0.06646902143982593
655.1287128712872,0.06224176539663167
655.1485148514852,0.05805440759229696
655.1683168316831,0.053934600600890045
655.1881188118812,0.049917237403551605
655.2079207920792,0.04604694150365245
655.2277227722773,0.04238123808939147
655.2475247524752,0.03899419435696401
655.2673267326734,0.035979632639745907
655.2871287128713,0.033451659923702456
655.3069306930693,0.03153840025509327
655.3267326732673,0.03036425990151554
655.3465346534654,0.030020751013762313
655.3663366336634,0.030537136334397495
655.3861386138614,0.031869596510485716
655.4059405940594,0.03391715932666395
655.4257425742575,0.03655250723567804
655.4455445544554,0.039649311871766645
655.4653465346535,0.0430973606731941
655.4851485148515,0.04680702331517378
655.5049504950496,0.050707896424801786
655.5247524752475,0.05474537248734141
655.5445544554456,0.05887705127427375
655.5643564356436,0.06306970227614918
655.5841584158416,0.06729691017135203
655.6039603960396,0.07153732251881144
655.6237623762377,0.07577336875587026
655.6435643564356,0.07999032908698565
655.6633663366337,0.08417565699732169
655.6831683168317,0.08831848393037209
655.7029702970298,0.09240925465946837
655.7227722772277,0.09643945675492298
655.7425742574258,0.10040141821438288
655.7623762376238,0.10428815484749795
655.7821782178218,0.1080932542817696
655.8019801980198,0.1118107871566204
655.8217821782179,0.11543523867685178
655.8415841584159,0.11896145554069236
655.8613861386139,0.12238460457215536
655.8811881188118,0.1257001403322066
655.90099009901,0.12890377966720562
655.9207920792079,0.1319914816531604
655.940594059406,0.13495943176209235
655.960396039604,0.13780402935023714
655.9801980198021,0.1405218777720413
656.0,0.1431097765782118
656.0198019801979,0.14556471537317714
656.0396039603961,0.14788386899702455
656.059405940594,0.15006459376585163
656.0792079207921,0.1521044245584795
656.0990099009902,0.1540010725790513
656.1188118811881,0.15575242365814926
656.1386138613861,0.15735653698127963
656.1584158415841,0.15881164415416618
656.1782178217823,0.16011614853128994
656.1980198019802,0.16126862474736087
656.2178217821782,0.1622678184027551
656.2376237623763,0.16311264586273938
656.2574257425742,0.16380219413805427
656.2772277227723,0.16433572082063141
656.2970297029702,0.1647126540538221
656.3168316831684,0.16493259252092934
656.3366336633663,0.16499530544028476
656.3564356435643,0.1649007325586427
656.3762376237624,0.16464898413824425
656.3960396039604,0.16424034093621875
656.4158415841584,0.16367525417836915
656.4356435643564,0.16295434553250518
656.4554455445545,0.16207840709033824
656.4752475247525,0.16104840137046772
656.4950495049504,0.15986546135942092
656.5148514851486,0.15853089061241815
656.5346534653465,0.15704616344110026
656.5544554455446,0.15541292522195538
656.5742574257425,0.15363299286715815
656.5940594059406,0.15170835550854223
656.6138613861386,0.14964117545725222
656.6336633663366,0.14743378951534644
656.6534653465347,0.14508871073307775
656.6732673267327,0.14260863072725535
656.6930693069307,0.13999642270308146
656.7128712871287,0.13725514535629213
656.7326732673267,0.13438804787602776
656.7524752475248,0.13139857632468166
656.7722772277227,0.1282903817431583
656.7920792079209,0.12506733042350096
656.8118811881188,0.12173351691322272
656.8316831683168,0.1182932804770028
656.8514851485148,0.11475122595539008
656.8712871287129,0.11111225024642316
656.8910891089109,0.107381576022287
656.9108910891089,0.10356479481746061
656.930693069307,0.099667922344293
656.950495049505,0.09569746988497126
656.9702970297029,0.09166053699266803
656.990099009901,0.08756493267596552
657.009900990099,0.08341933498381728
657.0297029702971,0.07923350280438021
657.049504950495,0.07501855924226308
657.0693069306931,0.07078737383985788
657.0891089108911,0.0665550820696257
657.1089108910891,0.06233979598400854
657.1287128712871,0.058163580430644485
657.1485148514852,0.054053794034238836
657.1683168316832,0.05004491743554357
657.1881188118812,0.04618099393191789
657.2079207920792,0.04251873895702129
657.2277227722773,0.03913111962902057
657.2475247524752,0.036110550211589196
657.2673267326733,0.03356954092826706
657.2871287128713,0.031634825125067975
657.3069306930693,0.030430350444219226
657.3267326732673,0.030048855923678147
657.3465346534654,0.03052258784531226
657.3663366336634,0.03181147067332487
657.3861386138614,0.033817651923384984
657.4059405940594,0.03641557009469098
657.4257425742575,0.039479406877852244
657.4455445544554,0.0428987076786767
657.4653465346535,0.046583288862310515
657.4851485148515,0.05046214180057226
657.5049504950496,0.054480116068289446
657.5247524752475,0.058594364540937645
657.5445544554455,0.06277130375134433
657.5643564356436,0.06698424502103788
657.5841584158416,0.07121162587667641
657.6039603960396,0.07543571461575585
657.6237623762377,0.07964166754725832
657.6435643564357,0.08381684250112019
657.6633663366337,0.08795029668443367
657.6831683168316,0.09203241692743647
657.7029702970298,0.09605464530528915
657.7227722772277,0.10000927387654732
657.7425742574258,0.10388928988268117
657.7623762376238,0.10768825809285475
657.7821782178218,0.11140023072655993
657.8019801980198,0.11501967802691364
657.8217821782177,0.11854143442752363
657.8415841584159,0.12196065658945164
657.8613861386139,0.12527279054327062
657.8811881188119,0.12847354586548418
657.90099009901,0.1315588753256473
657.9207920792079,0.1345249588141828
657.940594059406,0.1373681906376711
657.9603960396039,0.14008516947627742
657.9801980198021,0.14267269045397488
658.0,0.14512773889121375
658.0198019801979,0.1474474854005908
658.0396039603961,0.14962928205616083
658.059405940594,0.15167065942125152
658.0792079207921,0.15356932426232275
658.09900990099,0.1553231578097504
658.1188118811882,0.15693021445286254
658.1386138613861,0.15838872077761598
658.1584158415841,0.1596970748723969
658.1782178217823,0.1608538458409298
658.1980198019802,0.16185777347267763
658.2178217821782,0.16270776802992523
658.2376237623762,0.1634029101189424
658.2574257425742,0.16394245061847404
658.2772277227723,0.16432581064458715
658.2970297029702,0.16455258153561644
658.3168316831684,0.16462252484498066
658.3366336633663,0.16453557233362798
658.3564356435644,0.1642918259572502
658.3762376237623,0.1638915578467054
658.3960396039604,0.16333521028353673
658.4158415841584,0.1626233956758075
658.4356435643564,0.1617568965428243
658.4554455445545,0.16073666552135257
658.4752475247525,0.15956382541003664
658.4950495049504,0.158239669273498
658.5148514851485,0.15676566063324401
658.5346534653465,0.155143433778815
658.5544554455446,0.15337479424055833
658.5742574257425,0.15146171947455317
658.5940594059407,0.1494063598217712
658.6138613861386,0.14721103981707373
658.6336633663366,0.14487825994145107
658.6534653465346,0.14241069893173713
658.6732673267327,0.13981121678943992
658.6930693069307,0.13708285866397107
658.7128712871287,0.13422885982900837
658.7326732673267,0.13125265202601127
658.7524752475248,0.12815787152012495
658.7722772277227,0.12494836930649657
658.7920792079208,0.12162822402591149
658.8118811881188,0.11820175830798144
658.8316831683169,0.11467355947164888
658.8514851485148,0.11104850579508033
658.8712871287129,0.10733179994808738
658.8910891089109,0.10352901169696198
658.9108910891089,0.09964613269996928
658.9306930693069,0.09568964718914973
658.950495049505,0.09166662369416193
658.9702970297029,0.08758483487081202
658.990099009901,0.08345291518805563
659.009900990099,0.0792805700458193
659.0297029702971,0.07507885532998074
659.049504950495,0.07086055413633706
659.0693069306931,0.06664068829472902
659.0891089108911,0.06243721740491043
659.1089108910891,0.058271998095531394
659.1287128712871,0.05417210038225062
659.1485148514852,0.05017160078430079
659.1683168316832,0.046313974917979
659.1881188118812,0.042655147041861505
659.2079207920792,0.03926701021731559
659.2277227722773,0.03624060305528196
659.2475247524752,0.033686870122430504
659.2673267326733,0.0317311649576923
659.2871287128713,0.030496941520375884
659.3069306930693,0.030078076761581574
659.3267326732673,0.03050969441088985
659.3465346534654,0.031755399434443464
659.3663366336634,0.03372046152667024
659.3861386138614,0.036281116475489164
659.4059405940594,0.03931210022193748
659.4257425742575,0.04270274660829839
659.4455445544554,0.04636233494060599
659.4653465346535,0.05021925821487967
659.4851485148515,0.05421782502531449
659.5049504950496,0.05831474106875407
659.5247524752475,0.06247606883881338
659.5445544554455,0.06667484506368107
659.5643564356436,0.07088929610153175
659.5841584158416,0.07510152815110799
659.6039603960396,0.07929657284728721
659.6237623762377,0.08346169174297143
659.6435643564357,0.08758586731474134
659.6633663366337,0.09165942805627436
659.6831683168316,0.09567377023221338
659.7029702970298,0.09962114970694413
659.7227722772277,0.10349452494529943
659.7425742574258,0.10728743768586047
659.7623762376238,0.11099392158431784
659.7821782178218,0.1146084318007596
659.8019801980198,0.11812579040093839
659.8217821782177,0.12154114379454568
659.8415841584159,0.1248499294057019
659.8613861386139,0.1280478494754113
659.8811881188119,0.13113085041027134
659.90099009901,0.13409510647053752
659.9207920792079,0.13693700687180402
659.940594059406,0.1396531455852158
659.9603960396039,0.14224031327933476
659.9801980198021,0.14469549096772372
660.0,0.14701584501812023
660.0198019801979,0.14919872325034392
660.0396039603961,0.15124165190516373
660.059405940594,0.15314233330926297
660.0792079207921,0.1548986440955512
660.09900990099,0.1565086338646713
660.1188118811882,0.15797052419498783
660.1386138613861,0.15928270792560578
660.1584158415841,0.16044374865061609
660.1782178217823,0.1614523803743349
660.1980198019802,0.1623075072863513
660.2178217821782,0.16300820362307983
660.2376237623762,0.16355371358897838
660.2574257425742,0.16394345131599636
660.2772277227723,0.16417700084475326
660.2970297029702,0.16425411611518986
660.3168316831684,0.1641747209578718
660.3366336633663,0.16393890908124079
660.3564356435644,0.1635469440530142
660.3762376237623,0.16299925927739778
660.3960396039604,0.16229645797318618
660.4158415841584,0.1614393131613016
660.4356435643564,0.1604287676740721
660.4554455445545,0.15926593420290036
660.4752475247525,0.15795209540561614
660.4950495049504,0.15648870410033672
660.5148514851485,0.1548773835792085
660.5346534653465,0.153119928082968
660.5544554455446,0.15121830348670817
660.5742574257425,0.14917464825818177
660.5940594059407,0.14699127476426405
660.6138613861386,0.14467067101775008
660.6336633663366,0.14221550297839738
660.6534653465346,0.1396286175484749
660.6732673267327,0.13691304643695332
660.6930693069307,0.13407201110926925
660.7128712871287,0.13110892909435223
660.7326732673267,0.12802742199121087
660.7524752475248,0.12483132560905572
660.7722772277227,0.12152470279445811
660.7920792079208,0.11811185965663022
660.8118811881188,0.11459736611055915
660.8316831683169,0.11098608193673425
660.8514851485148,0.10728318993160772
660.8712871287129,0.10349423823266071
660.8910891089109,0.09962519459936447
660.9108910891089,0.09568251639304012
660.9306930693069,0.09167324133609152
660.950495049505,0.0876051060038343
660.9702970297029,0.08348670164299173
660.990099009901,0.07932768065371987
661.009900990099,0.07513903239237749
661.0297029702971,0.07093345450708086
661.049504950495,0.06672585666420337
661.0693069306931,0.06253404823763024
661.0891089108911,0.05837968103005938
661.1089108910891,0.05428954165484255
661.1287128712871,0.050297310503508094
661.1485148514852,0.0464459076672102
661.1683168316832,0.04279048423301033
661.1881188118812,0.03940188440950965
661.2079207920792,0.03636980262179618
661.2277227722773,0.033803648263842696
661.2475247524752,0.03182740659635773
661.2673267326733,0.03056400552073105
661.2871287128713,0.030108374774048152
661.3069306930694,0.03049841165786996
661.3267326732673,0.03170133731115798
661.3465346534654,0.033625543459028163
661.3663366336634,0.03614910252703695
661.3861386138614,0.03914734825361774
661.4059405940594,0.042509433432638
661.4257425742575,0.04614411678253758
661.4455445544554,0.04997919998667491
661.4653465346535,0.0539584527005739
661.4851485148515,0.0580381332189277
661.5049504950496,0.062183948943262866
661.5247524752475,0.06636866078495819
661.5445544554456,0.07057028280320189
661.5643564356436,0.07477075814166645
661.5841584158416,0.07895499298380407
661.6039603960396,0.08311015198469489
661.6237623762377,0.08722514239719698
661.6435643564357,0.09129023398587109
661.6633663366337,0.09529677689046319
661.6831683168316,0.09923699052709642
661.7029702970298,0.10310380437651467
661.7227722772277,0.10689073697538798
661.7425742574258,0.11059180327263929
661.7623762376238,0.11420144322479561
661.7821782178219,0.11771446642727583
661.8019801980198,0.12112600895064288
661.8217821782177,0.12443149953704723
661.8415841584159,0.12762663302690325
661.8613861386139,0.1307073494076961
661.8811881188119,0.13366981726130803
661.90099009901,0.136510420671243
661.9207920792079,0.13922574886501698
661.940594059406,0.14181258802723495
661.9603960396039,0.14426791484167623
661.9801980198021,0.1465888914137148
662.0,0.14877286129668146
662.019801980198,0.1508173464014882
662.0396039603961,0.15272004461268648
662.059405940594,0.15447882796812165
662.0792079207921,0.15609174128684927
662.09900990099,0.15755700115137625
662.1188118811882,0.15887299516778253
662.1386138613861,0.16003828144129045
662.1584158415841,0.16105158821629073
662.1782178217823,0.16191181363921087
662.1980198019802,0.16261802561049946
662.2178217821782,0.16316946169842547
662.2376237623762,0.16356552909313912
662.2574257425744,0.16380580458402888
662.2772277227723,0.16389003454796772
662.2970297029702,0.16381813493957742
662.3168316831684,0.16359019127839647
662.3366336633663,0.16320645863110947
662.3564356435644,0.16266736159038367
662.3762376237623,0.16197349425515387
662.3960396039604,0.16112562022083265
662.4158415841584,0.16012467259155982
662.4356435643564,0.1589717540309851
662.4554455445545,0.15766813687270695
662.4752475247525,0.156215263317013
662.4950495049505,0.15461474574700457
662.5148514851485,0.15286836720485134
662.5346534653465,0.15097808207810373
662.5544554455446,0.1489460170571947
662.5742574257425,0.14677447243893613
662.5940594059407,0.1444659238679116
662.6138613861386,0.14202302462853506
662.6336633663366,0.13944860862721242
662.6534653465346,0.13674569423735805
662.6732673267327,0.1339174892224069
662.6930693069307,0.13096739700630272
662.7128712871287,0.1278990246307755
662.7326732673268,0.12471619282936851
662.7524752475248,0.12142294876644488
662.7722772277227,0.1180235821450561
662.7920792079208,0.11452264559369711
662.8118811881188,0.11092498051730983
662.8316831683169,0.10723574996809791
662.8514851485148,0.10346048059447015
662.8712871287129,0.09960511641277674
662.8910891089109,0.09567608809356531
662.9108910891089,0.09168040276859575
662.9306930693069,0.08762576120493425
662.950495049505,0.08352071178385631
662.970297029703,0.07937485439135973
662.990099009901,0.07519911253716549
663.009900990099,0.07100609940804918
663.0297029702971,0.06681061396256131
663.049504950495,0.06263031753312029
663.0693069306931,0.0584866604146591
663.0891089108911,0.05440615089525305
663.1089108910891,0.05042208101250554
663.1287128712871,0.046576827125617774
663.1485148514852,0.04292478458481585
663.1683168316832,0.03953577313633096
663.1881188118812,0.036498173521615725
663.2079207920792,0.03391988975879636
663.2277227722773,0.03192355083380261
663.2475247524752,0.03063152865424567
663.2673267326733,0.03013972428750574
663.2871287128713,0.03048870701822972
663.3069306930694,0.03164924908059812
663.3267326732673,0.03353286173289268
663.3465346534653,0.03601949162345371
663.3663366336634,0.03898511323550637
663.3861386138614,0.04231872888558208
663.4059405940594,0.04592859338922194
663.4257425742575,0.04974192434844818
663.4455445544555,0.05370195461553951
663.4653465346535,0.05776449490020098
663.4851485148514,0.06189489647088221
663.5049504950496,0.06606564319735579
663.5247524752475,0.07025453570304278
663.5445544554456,0.07444335311292224
663.5643564356436,0.07861687537499121
663.5841584158416,0.08276216962000772
663.6039603960396,0.08686806737938155
663.6237623762376,0.0909247792924931
663.6435643564357,0.09492360905704761
663.6633663366337,0.09885673938478433
663.6831683168317,0.10271707056327196
663.7029702970298,0.10649809775476458
663.7227722772277,0.11019381705750532
663.7425742574258,0.11379865310319746
663.7623762376237,0.11730740291385694
663.7821782178219,0.12071519213268192
663.8019801980198,0.1240174407439485
663.8217821782177,0.1272098361219936
663.8415841584159,0.13028831177875144
663.8613861386139,0.1332490305691616
663.8811881188119,0.13608837140323926
663.9009900990098,0.13880291872989678
663.920792079208,0.14138945422089058
663.940594059406,0.14384495020694427
663.9603960396039,0.14616656451318463
663.9801980198021,0.1483516364136891
664.0,0.15039768348180468
664.019801980198,0.1523023991570358
664.039603960396,0.15406365088401766
664.059405940594,0.15567947870673662
664.0792079207921,0.1571480942229252
664.09900990099,0.15846787982123242
664.1188118811882,0.15963738813805053
664.1386138613861,0.16065534168226372
664.1584158415842,0.16152063258592003
664.1782178217821,0.16223232244650526
664.1980198019802,0.1627896422333706
664.2178217821782,0.1631919922362265
664.2376237623762,0.16343894203868892
664.2574257425744,0.1635302305040539
664.2772277227723,0.16346576576439786
664.2970297029702,0.16324562520759558
664.3168316831683,0.16287005546031594
664.3366336633663,0.16233947236836074
664.3564356435644,0.16165446097904895
664.3762376237623,0.1608157755339664
664.3960396039605,0.1598243394841099
664.4158415841584,0.15868124554362903
664.4356435643564,0.15738775580322734
664.4554455445544,0.15594530192964481
664.4752475247525,0.15435548548404648
664.4950495049505,0.15262007839975836
664.5148514851485,0.15074102366905667
664.5346534653465,0.1487204362995744
664.5544554455446,0.14656060461482248
664.5742574257425,0.14426399198988055
664.5940594059406,0.1418332391343603
664.6138613861386,0.1392711670610391
664.6336633663367,0.1365807809115278
664.6534653465346,0.13376527485242704
664.6732673267327,0.13082803830926185
664.6930693069307,0.12777266387441247
664.7128712871287,0.1246029573152303
664.7326732673267,0.1213229502251466
664.7524752475248,0.11793691601474639
664.7722772277227,0.11444939014305941
664.7920792079208,0.11086519576129224
664.8118811881188,0.10718947630645276
664.8316831683169,0.10342773707756225
664.8514851485148,0.09958589850369846
664.8712871287129,0.09567036474470979
664.8910891089109,0.091688112558378
664.9108910891089,0.08764680717542121
664.9306930693069,0.08355495446715014
664.950495049505,0.07942210228801319
664.970297029703,0.07525910897764392
664.990099009901,0.07107850423570107
665.0099009900989,0.06689497774623264
665.0297029702971,0.06272604494458073
665.049504950495,0.058592957865832886
665.0693069306931,0.05452195142865173
665.0891089108911,0.05054593688524673
665.1089108910892,0.04670675831857826
665.1287128712871,0.043058072248680704
665.1485148514851,0.03966869759631773
665.1683168316832,0.03662573103199393
665.1881188118812,0.03403560037032075
665.2079207920792,0.03201959079783268
665.2277227722773,0.03069949062920318
665.2475247524752,0.030172094342699737
665.2673267326733,0.030480543853987657
665.2871287128712,0.03159909668604708
665.3069306930694,0.03344237876364709
665.3267326732673,0.035892246711144604
665.3465346534654,0.03882535804763031
665.3663366336634,0.042130595220008255
665.3861386138614,0.04571572604637343
665.4059405940594,0.049507391465179997
665.4257425742574,0.053448289774295187
665.4455445544555,0.05749378397403965
665.4653465346535,0.0616088681853876
665.4851485148514,0.06576574802217043
665.5049504950496,0.06994200953839745
665.5247524752475,0.0741192668768597
665.5445544554456,0.07828217296524234
665.5643564356435,0.08241769678259153
665.5841584158417,0.08651459364041994
665.6039603960396,0.09056301465638579
665.6237623762376,0.09455421676886151
665.6435643564357,0.09848034572903666
665.6633663366337,0.10233427242234654
665.6831683168317,0.10610946846432608
665.7029702970297,0.10979991095888625
665.7227722772277,0.1134000090919081
665.7425742574258,0.11690454720920532
665.7623762376237,0.12030864043860258
665.7821782178219,0.12360769993083087
665.8019801980198,0.1267974055288363
665.8217821782179,0.12987368421263665
665.8415841584158,0.13283269306178702
665.8613861386139,0.13567080577138607
665.8811881188119,0.1383846019768087
665.9009900990098,0.14097085880790622
665.920792079208,0.1434265442189647
665.940594059406,0.14574881173675786
665.9603960396039,0.14793499634313267
665.980198019802,0.14998261126579274
666.0,0.15188934549594998
666.019801980198,0.15365306188646335
666.039603960396,0.15527179571227961
666.0594059405942,0.15674375359690168
666.0792079207921,0.15806731272657779
666.09900990099,0.15924102028828047
666.1188118811881,0.1602635930791414
666.1386138613861,0.16113391724482656
666.1584158415842,0.1618510481121599
666.1782178217821,0.16241421008796297
666.1980198019802,0.16282279660203738
666.2178217821782,0.16307637007677275
666.2376237623762,0.1631746619104259
666.2574257425742,0.16311757246493278
666.2772277227723,0.16290517105273813
666.2970297029703,0.16253769592043374
666.3168316831683,0.16201555423054423
666.3366336633663,0.16133932204587464
666.3564356435644,0.16050974432476647
666.3762376237623,0.15952773493888425
666.3960396039604,0.158394376729943
666.4158415841584,0.1571109216258825
666.4356435643564,0.15567879084295885
666.4554455445544,0.15409957520621392
666.4752475247525,0.1523750356286538
666.4950495049505,0.15050710379821908
666.5148514851485,0.14849788313309364
666.5346534653465,0.14634965007894973
666.5544554455446,0.14406485583883874
666.5742574257425,0.14164612864691803
666.5940594059406,0.1390962767233627
666.6138613861386,0.13641829208056983
666.6336633663367,0.133615355392418
666.6534653465346,0.13069084219149235
666.6732673267327,0.12764833072780085
666.6930693069307,0.1244916119110271
666.7128712871287,0.12122470187418122
666.7326732673267,0.11785185784833502
666.7524752475248,0.11437759823944883
666.7722772277228,0.11080672806635279
666.7920792079208,0.10714437127943667
666.8118811881188,0.1033960119677583
666.8316831683169,0.0995675471286656
666.8514851485148,0.09566535459103236
666.8712871287129,0.09169638095471805
666.8910891089109,0.08766825618482167
666.9108910891089,0.08358944399596185
666.9306930693069,0.07946944068935867
666.950495049505,0.07531904010337125
666.970297029703,0.07115068941085587
666.990099009901,0.06697897043020613
667.009900990099,0.06282125480170282
667.0297029702971,0.058698599475866586
667.049504950495,0.05463697083446409
667.0693069306931,0.05066890670694632
667.0891089108911,0.04683573002042091
667.1089108910892,0.04319037485034604
667.1287128712871,0.03980068218845073
667.1485148514851,0.03675249337027115
667.1683168316832,0.034150788546733465
667.1881188118812,0.03211552198906475
667.2079207920792,0.03076787303609795
667.2277227722773,0.03020545511423928
667.2475247524753,0.03047388573993718
667.2673267326733,0.03155084138790739
667.2871287128712,0.0333540555525785
667.3069306930694,0.03576732877883853
667.3267326732673,0.03866804322261072
667.3465346534654,0.04194499206638155
667.3663366336634,0.045505473227034236
667.3861386138614,0.04927555856234069
667.4059405940594,0.053197414162300734
667.4257425742574,0.05722595524021849
667.4455445544555,0.06132581777308004
667.4653465346535,0.06546892790846273
667.4851485148515,0.06963265599555232
667.5049504950496,0.0737984502279614
667.5247524752475,0.07795083572467726
667.5445544554456,0.08207668268263858
667.5643564356435,0.08616466969269457
667.5841584158417,0.09020488795259557
667.6039603960396,0.09418854732289637
667.6237623762376,0.09810775633729348
667.6435643564357,0.1019553562696955
667.6633663366337,0.10572479501630523
667.6831683168317,0.10941003054290278
667.7029702970297,0.11300545646851706
667.7227722772278,0.11650584435993182
667.7425742574258,0.1199062987416665
667.7623762376237,0.12320222185517264
667.7821782178219,0.12638928594675644
667.8019801980198,0.12946341140814893
667.8217821782179,0.13242074949501495
667.8415841584158,0.13525766864604474
667.8613861386139,0.13797074364797582
667.8811881188119,0.1405567470596072
667.9009900990098,0.1430126424351385
667.920792079208,0.14533557898465035
667.940594059406,0.14752288738444647
667.960396039604,0.14957207650820423
667.980198019802,0.15148083089514727
668.0,0.15324700880733677
668.019801980198,0.15486864075621126
668.039603960396,0.1563439284010479
668.0594059405942,0.15767124374010533
668.0792079207921,0.15884912852968378
668.09900990099,0.15987629387822208
668.1188118811881,0.1607516199723104
668.1386138613861,0.1614741558995423
668.1584158415842,0.1620431195398098
668.1782178217821,0.16245789750267212
668.1980198019803,0.1627180450929121
668.2178217821782,0.1628232862913124
668.2376237623762,0.16277351374110682
668.2574257425742,0.1625687887344922
668.2772277227723,0.16220934119689384
668.2970297029703,0.16169556967002968
668.3168316831683,0.1610280412982099
668.3366336633663,0.16020749182587835
668.3564356435644,0.15923482561810282
668.3762376237623,0.15811111572000297
668.3960396039604,0.15683760397567387
668.4158415841584,0.1554157012326982
668.4356435643565,0.15384698766462587
668.4554455445544,0.15213321325136883
668.4752475247525,0.15027629846630133
668.4950495049505,0.14827833523019943
668.5148514851485,0.14614158820513717
668.5346534653465,0.14386849651842556
668.5544554455446,0.14146167602689544
668.5742574257425,0.13892392225799977
668.5940594059406,0.13625821419640213
668.6138613861386,0.13346771912623429
668.6336633663367,0.1305557987916251
668.6534653465346,0.12752601720620863
668.6732673267327,0.12438215052970206
668.6930693069307,0.12112819954434102
668.7128712871287,0.11776840541395778
668.7326732673267,0.11430726960724759
668.7524752475248,0.11074957913152726
668.7722772277228,0.1071004385787872
668.7920792079208,0.10336531096718816
668.8118811881188,0.09955007001759529
668.8316831683169,0.09566106740726618
668.8514851485148,0.09170521979355155
668.8712871287129,0.08769012214544183
668.8910891089109,0.08362419637180925
668.910891089109,0.07951688769467885
668.9306930693069,0.0753789261120083
668.950495049505,0.07122267721623493
668.970297029703,0.06706261634453678
668.990099009901,0.06291597340211144
669.009900990099,0.05880361335841847
669.0297029702971,0.054751238769685726
669.049504950495,0.050791021203537595
669.0693069306931,0.0469637732243329
669.0891089108911,0.0433217223410487
669.1089108910892,0.039931753790964454
669.1287128712871,0.03687848145045657
669.1485148514851,0.034265465704634956
669.1683168316832,0.03221134312804931
669.1881188118812,0.030836660769730285
669.2079207920792,0.030239779869782376
669.2277227722773,0.030468698863684005
669.2475247524753,0.03150444647046528
669.2673267326733,0.03326785456516519
669.2871287128712,0.035644699796200253
669.3069306930694,0.03851312986394745
669.3267326732673,0.04176187927668728
669.3465346534654,0.04529779332709925
669.3663366336634,0.04904638253224141
669.3861386138614,0.05294928321164368
669.4059405940594,0.05696096275462208
669.4257425742574,0.06104569801031178
669.4455445544555,0.06517513444924987
669.4653465346535,0.06932642557508199
669.4851485148515,0.07348085265888156
669.5049504950496,0.07762281221665235
669.5247524752475,0.08173907502797084
669.5445544554456,0.08581824245850013
669.5643564356435,0.0898503453850041
669.5841584158417,0.09382654626959196
669.6039603960396,0.09773891617000235
669.6237623762376,0.10158026653803656
669.6435643564357,0.10534402137717777
669.6633663366337,0.10902411937066521
669.6831683168317,0.11261493844922135
669.7029702970297,0.11611123729747183
669.7227722772278,0.11950810974838384
669.7425742574258,0.12280094905830709
669.7623762376237,0.12598541981138808
669.7821782178219,0.12905743575455556
669.8019801980198,0.13201314227089592
669.8217821782179,0.13484890250099407
669.8415841584158,0.13756128634764142
669.8613861386139,0.1401470617691497
669.8811881188119,0.14260318789571913
669.9009900990098,0.14492680960205898
669.920792079208,0.14711525324527805
669.940594059406,0.14916602333617113
669.960396039604,0.1510767999578869
669.980198019802,0.15284543678217907
670.0,0.1544699595619399
670.019801980198,0.1559485650016562
670.039603960396,0.15727961992538197
670.0594059405942,0.158461660676849
670.0792079207921,0.159493392698124
670.09900990099,0.16037369024328094
670.1188118811881,0.16110159619132206
670.1386138613861,0.16167632192999598
670.1584158415842,0.16209724728734956
670.1782178217821,0.16236392049332526
670.1980198019803,0.1624760581578399
670.2178217821782,0.1624335452558605
670.2376237623762,0.1622364351135194
670.2574257425742,0.16188494939291065
670.2772277227723,0.16137947807636144
670.2970297029703,0.16072057945456772
670.3168316831683,0.1599089801263517
670.3366336633663,0.15894557502171808
670.3564356435644,0.15783142746388204
670.3762376237623,0.15656776929079122
670.3960396039604,0.15515600106200428
670.4158415841584,0.1535976923829957
670.4356435643565,0.1518945823865904
670.4554455445544,0.150048580420126
670.4752475247525,0.14806176699784773
670.4950495049505,0.14593639509129772
670.5148514851485,0.14367489184711255
670.5346534653465,0.14127986084180566
670.5544554455446,0.1387540850088326
670.5742574257425,0.1361005304055595
670.5940594059406,0.1333223510283261
670.6138613861386,0.13042289493634224
670.6336633663367,0.1274057120119627
670.6534653465346,0.12427456377180846
670.6732673267327,0.12103343575632979
670.6930693069307,0.11768655317379696
670.7128712871287,0.11423840067097711
670.7326732673267,0.11069374736416343
670.7524752475248,0.1070576786149316
670.7722772277228,0.10333563650953066
670.7920792079208,0.09953347164749224
670.8118811881187,0.09565750973373316
670.8316831683169,0.0917146376982127
670.8514851485148,0.08771241578258374
670.8712871287129,0.08365922443916793
670.8910891089109,0.07956445828118869
670.910891089109,0.075438784120361
670.9306930693069,0.0712944869024456
670.9504950495049,0.06714593684559231
670.970297029703,0.06301022414086366
670.990099009901,0.05890802481305032
671.009900990099,0.05486478219023911
671.0297029702971,0.050912308548774786
671.049504950495,0.047090916573660026
671.0693069306931,0.043452142604243925
671.089108910891,0.040061937611817165
671.1089108910892,0.03700371506727886
671.1287128712871,0.034379642861349896
671.1485148514852,0.03230705337456137
671.1683168316832,0.03090583998155279
671.1881188118812,0.030275043774252025
671.2079207920792,0.030464951731902692
671.2277227722772,0.03145987781851782
671.2475247524753,0.03318374108572969
671.2673267326733,0.03552432472710622
671.2871287128712,0.038360582197744963
671.3069306930694,0.04158121990801562
671.3267326732673,0.04509264799243197
671.3465346534654,0.048819823534434474
671.3663366336633,0.0527038556195273
671.3861386138615,0.05669876382271233
671.4059405940594,0.0607684648979769
671.4257425742574,0.06488432243026693
671.4455445544555,0.06902327193343707
671.4653465346535,0.0731664267773952
671.4851485148515,0.07729805407582989
671.5049504950495,0.08140482455144513
671.5247524752475,0.08547526183673128
671.5445544554456,0.08949933608381815
671.5643564356435,0.09346816203383021
671.5841584158417,0.09737377300863295
671.6039603960396,0.10120895042634036
671.6237623762377,0.10496709422357435
671.6435643564356,0.10864212365612794
671.6633663366337,0.11222840084456598
671.6831683168317,0.11572067148794322
671.7029702970297,0.1191140186392662
671.7227722772278,0.1224038264937046
671.7425742574258,0.12558575190762689
671.7623762376237,0.12865570192647185
671.7821782178218,0.1316098160118838
671.8019801980198,0.1344444519644906
671.8217821782179,0.13715617476760844
671.8415841584158,0.1397417477493819
671.861386138614,0.14219812559185235
671.8811881188119,0.14452244881536644
671.9009900990098,0.14671203944383215
671.9207920792079,0.1487643976159549
671.940594059406,0.1506771989542622
671.960396039604,0.15244829254019618
671.980198019802,0.15407569937261553
672.0,0.15555761121007267
672.019801980198,0.15689238971560346
672.039603960396,0.15807856583781038
672.059405940594,0.1591148393740834
672.0792079207921,0.16000007867173688
672.0990099009902,0.1607333204311458
672.1188118811881,0.16131376958182944
672.1386138613861,0.1617407992082632
672.1584158415842,0.1620139505073912
672.1782178217821,0.16213293276398047
672.1980198019802,0.1620976233342067
672.2178217821782,0.16190806763134705
672.2376237623762,0.1615644791109868
672.2574257425742,0.16106723925643984
672.2772277227723,0.16041689756859684
672.2970297029703,0.15961417156784902
672.3168316831683,0.15865994681953943
672.3366336633663,0.15755527699853256
672.3564356435644,0.15630138401323573
672.3762376237623,0.15489965821463783
672.3960396039604,0.15335165872235323
672.4158415841584,0.15165911390703055
672.4356435643565,0.14982392207731854
672.4554455445544,0.14784815243060623
672.4752475247524,0.14573404633983073
672.4950495049505,0.14348401906493075
672.5148514851485,0.1411006619979709
672.5346534653465,0.13858674557612763
672.5544554455446,0.13594522302880788
672.5742574257426,0.13317923516559524
672.5940594059406,0.13029211646338373
672.6138613861385,0.12728740277752923
672.6336633663367,0.12416884108769695
672.6534653465346,0.12094040180089344
672.6732673267327,0.117606294280964
672.6930693069307,0.1141709864676862
672.7128712871287,0.11063922970657675
672.7326732673267,0.10701609025664936
672.7524752475247,0.1033069894111624
672.7722772277228,0.09951775480358127
672.7920792079208,0.0956546863457649
672.8118811881188,0.09172464145535936
672.8316831683169,0.08773514591487955
672.8514851485148,0.08369453906789194
672.8712871287129,0.07961216538617902
672.8910891089108,0.07549862914309138
672.910891089109,0.07136613556000647
672.9306930693069,0.06722895107737654
672.9504950495049,0.06310402815651289
672.970297029703,0.05901185685061422
672.990099009901,0.05497762574917973
673.009900990099,0.05103279462752856
673.029702970297,0.0472171864810569
673.0495049504951,0.04358166141995363
673.0693069306931,0.04019125698645815
673.089108910891,0.03712821251639027
673.1089108910892,0.034493330072492695
673.1287128712871,0.03240265159171451
673.1485148514852,0.030975397202689752
673.1683168316831,0.030311222925144904
673.1881188118812,0.030462614178986342
673.2079207920792,0.03141710295414275
673.2277227722772,0.033101682325243256
673.2475247524753,0.035406170737516944
673.2673267326733,0.03821036689679109
673.2871287128713,0.04140297966933306
673.3069306930693,0.04489000168915825
673.3267326732673,0.04859584468706404
673.3465346534654,0.052461093157037064
673.3663366336633,0.056439318921438504
673.3861386138615,0.060494077692501806
673.4059405940594,0.06459644996616101
673.4257425742574,0.06872315212065117
673.4455445544554,0.07285512864245189
673.4653465346535,0.07697651643962905
673.4851485148515,0.08107388553499811
673.5049504950495,0.0851356813172004
673.5247524752476,0.08915181280790006
673.5445544554456,0.09311334670318475
673.5643564356435,0.09701227832799332
673.5841584158416,0.10084135885440065
673.6039603960396,0.10459396397747757
673.6237623762377,0.10826399338030006
673.6435643564356,0.11184579325113908
673.6633663366337,0.11533409619993222
673.6831683168317,0.11872397441114088
673.7029702970297,0.12201080294260355
673.7227722772277,0.12519023085719638
673.7425742574258,0.1282581584420719
673.7623762376238,0.13121071918845414
673.7821782178218,0.13404426551499665
673.8019801980198,0.13675535744984557
673.8217821782179,0.13934075366112786
673.8415841584158,0.1417974043582842
673.8613861386139,0.1441224456880349
673.8811881188119,0.146313195326743
673.9009900990098,0.14836714903148615
673.9207920792079,0.15028197795919135
673.940594059406,0.1520555266005626
673.960396039604,0.15368581120440694
673.980198019802,0.1551710185916603
674.0,0.15650950527695487
674.019801980198,0.15769979683059962
674.039603960396,0.15874058742627783
674.059405940594,0.15963073952967216
674.0792079207921,0.16036928369165723
674.0990099009902,0.16095541841667962
674.1188118811881,0.1613885100827699
674.1386138613861,0.1616680928948376
674.1584158415842,0.16179386885728883
674.1782178217821,0.16176570775606647
674.1980198019802,0.16158364714381246
674.2178217821782,0.16124789232542042
674.2376237623763,0.16075881634451986
674.2574257425742,0.16011695997495537
674.2772277227723,0.15932303172476286
674.2970297029703,0.15837790786392597
674.3168316831683,0.1572826324913961
674.3366336633663,0.15603841766143753
674.3564356435644,0.1546466435947745
674.3762376237623,0.15310885900624566
674.3960396039604,0.15142678158795328
674.4158415841584,0.14960229869602681
674.4356435643565,0.14763746829954194
674.4554455445544,0.14553452026351668
674.4752475247525,0.14329585805398173
674.4950495049505,0.14092406097327323
674.5148514851485,0.13842188705882857
674.5346534653465,0.1357922768103732
674.5544554455446,0.1330383579506535
674.5742574257426,0.1301634514758142
674.5940594059406,0.12717107931753244
674.6138613861385,0.12406497402373264
674.6336633663367,0.12084909097545604
674.6534653465346,0.11752762380250775
674.6732673267327,0.11410502385191612
674.6930693069307,0.11058602481804497
674.7128712871288,0.10697567398464333
674.7326732673267,0.1032793719904309
674.7524752475247,0.09950292365752271
674.7722772277228,0.09565260328342945
674.7920792079208,0.09173523898759449
674.8118811881188,0.08775832236017109
674.8316831683169,0.08373015198120302
674.8514851485148,0.079660022643921
674.8712871287129,0.07555847672350254
674.8910891089108,0.07143764062591047
674.910891089109,0.06731167833249503
674.9306930693069,0.06319740652059862
674.950495049505,0.05911513217988895
674.970297029703,0.0550897935422622
674.990099009901,0.05115250449319049
675.009900990099,0.047342608239872394
675.029702970297,0.04371030315921421
675.0495049504951,0.040319733570528704
675.0693069306931,0.03725199018828799
675.089108910891,0.03460653532629795
675.1089108910892,0.03249813445512655
675.1287128712871,0.031045316624341006
675.1485148514852,0.030348290825222852
675.1683168316831,0.03046165312029334
675.1881188118813,0.03137608620843545
675.2079207920792,0.03302164216832469
675.2277227722772,0.035290201663049636
675.2475247524753,0.03806244738451921
675.2673267326733,0.0412271211451802
675.2871287128713,0.04468981590286545
675.3069306930693,0.048374406277526885
675.3267326732673,0.05222095491328714
675.3465346534654,0.05618258599024007
675.3663366336633,0.06022249325115599
675.3861386138615,0.06431147290392279
675.4059405940594,0.06842602104369871
675.4257425742575,0.07254691228769802
675.4455445544554,0.07665815253142863
675.4653465346535,0.08074621045176143
675.4851485148515,0.0847994526803669
675.5049504950495,0.08880772670102671
675.5247524752476,0.0927620508394713
675.5445544554456,0.09665438216196744
675.5643564356435,0.1004774413817107
675.5841584158416,0.1042245797772685
675.6039603960396,0.10788967731360408
675.6237623762377,0.11146706412459469
675.6435643564356,0.11495145962746176
675.6633663366338,0.1183379250496546
675.6831683168317,0.12162182623558392
675.7029702970297,0.12479880438893753
675.7227722772277,0.12786475298181388
675.7425742574258,0.13081579948605004
675.7623762376238,0.13364829089627941
675.7821782178218,0.1363587822497152
675.8019801980198,0.13894402752444596
675.8217821782179,0.14140097243274194
675.8415841584158,0.1437267487282257
675.8613861386139,0.14591866972514414
675.8811881188119,0.14797422678902478
675.90099009901,0.149891086605945
675.9207920792079,0.1516670890750182
675.940594059406,0.1533002456985235
675.960396039604,0.154788738367644
675.980198019802,0.15613091846067054
676.0,0.157325306185866
676.019801980198,0.15837059011358215
676.039603960396,0.15926562685229925
676.059405940594,0.1600094408318436
676.0792079207921,0.16060122416399497
676.0990099009902,0.16104033655664696
676.1188118811881,0.16132630526282535
676.1386138613861,0.16145882505052034
676.1584158415842,0.16143775818309972
676.1782178217821,0.16126313440385825
676.1980198019802,0.16093515092185215
676.2178217821782,0.160454172399381
676.2376237623763,0.15982073094497615
676.2574257425742,0.15903552611936683
676.2772277227723,0.1580994249654147
676.2970297029703,0.15701346207749534
676.3168316831683,0.1557788397300632
676.3366336633663,0.1543969280907782
676.3564356435644,0.15286926554960806
676.3762376237624,0.15119755920270458
676.3960396039604,0.14938368553871753
676.4158415841584,0.14742969138578024
676.4356435643565,0.14533779519060946
676.4554455445544,0.14311038871702822
676.4752475247525,0.14075003927131496
676.4950495049505,0.13825949258665154
676.5148514851485,0.13564167653037415
676.5346534653465,0.13289970583734403
676.5544554455446,0.13003688812366931
676.5742574257426,0.1270567314998316
676.5940594059406,0.12396295418645338
676.6138613861386,0.12075949664546999
676.6336633663367,0.11745053688244682
676.6534653465346,0.11404050976547342
676.6732673267327,0.11053413145701946
676.6930693069307,0.10693643039267585
676.7128712871288,0.10325278669488613
676.7326732673267,0.09948898252905705
676.7524752475247,0.09565126675689295
676.7722772277228,0.0917464384134352
676.7920792079208,0.08778195516240854
676.8118811881188,0.08376607516386979
676.8316831683169,0.07970804399192437
676.8514851485149,0.07561834275733717
676.8712871287129,0.07150901994790308
676.8910891089108,0.06739413838391507
676.910891089109,0.06329038086887487
676.9306930693069,0.059217874176173795
676.950495049505,0.05520131045851433
676.970297029703,0.05127146415269951
676.990099009901,0.04746720830418636
677.009900990099,0.04383809362724038
677.029702970297,0.040447390818205343
677.0495049504951,0.03737506675110591
677.0693069306931,0.034719269484170236
677.0891089108911,0.032593502169618385
677.1089108910892,0.03111558655086361
677.1287128712871,0.030386225455383616
677.1485148514852,0.03046204005588507
677.1683168316831,0.03133679643408602
677.1881188118813,0.03294358889338315
677.2079207920792,0.035176385589042396
677.2277227722772,0.037916791185191236
677.2475247524753,0.041053610871849965
677.2673267326733,0.04449205592734943
677.2871287128713,0.04815547226824905
677.3069306930693,0.051983403532417045
677.3267326732674,0.0559285264173828
677.3465346534654,0.05995367178720617
677.3663366336633,0.06402935036594808
677.3861386138615,0.0681318368152318
677.4059405940594,0.0722417348922658
677.4257425742575,0.07634291866814341
677.4455445544554,0.08042175482354363
677.4653465346535,0.08446653071677443
677.4851485148515,0.08846703188366092
677.5049504950495,0.09241422795245789
677.5247524752476,0.0963000374675555
677.5445544554456,0.10011715046944275
677.5643564356436,0.10385889364452619
677.5841584158416,0.10751912709372281
677.6039603960396,0.11109216477401136
677.6237623762377,0.11457271280609553
677.6435643564356,0.11795582137166948
677.6633663366338,0.12123684702544486
677.6831683168317,0.12441142304607822
677.7029702970297,0.12747543603371422
677.7227722772277,0.13042500739164498
677.7425742574258,0.13325647864824547
677.7623762376238,0.1359663998138073
677.7821782178218,0.13855152014619213
677.8019801980199,0.14100878083562388
677.8217821782179,0.14333530922284488
677.8415841584158,0.145528414245048
677.8613861386139,0.14758558286598306
677.8811881188119,0.14950447729513086
677.90099009901,0.1512829328387372
677.9207920792079,0.15291895625560656
677.940594059406,0.1544107245144375
677.960396039604,0.1557565838686923
677.980198019802,0.15695504918020853
678.0,0.158004803435696
678.019801980198,0.1589046974101686
678.0396039603961,0.1596537494401253
678.059405940594,0.1602511452763041
678.0792079207921,0.16069623799193206
678.0990099009902,0.1609885479274811
678.1188118811881,0.16112776265756285
678.1386138613861,0.16111373696969464
678.1584158415842,0.16094649284816676
678.1782178217821,0.16062621946008573
678.1980198019802,0.16015327314373742
678.2178217821782,0.15952817740306144
678.2376237623763,0.15875162291542652
678.2574257425742,0.1578244675637688
678.2772277227723,0.15674773650809543
678.2970297029703,0.15552262231627598
678.3168316831683,0.15415048517894347
678.3366336633663,0.1526328532400146
678.3564356435644,0.15097142308107833
678.3762376237624,0.1491680604071759
678.3960396039604,0.14722480099176394
678.4158415841583,0.14514385195171087
678.4356435643565,0.14292759343919625
678.4554455445544,0.14057858085696293
678.4752475247525,0.1380995477283706
678.4950495049505,0.13549340938453217
678.5148514851486,0.13276326767040655
678.5346534653465,0.12991241692174046
678.5544554455445,0.12694435152934688
678.5742574257426,0.12386277549018179
678.5940594059406,0.12067161445305402
678.6138613861386,0.117375030908408
678.6336633663367,0.1139774433584696
678.6534653465346,0.11048355055256817
678.6732673267327,0.10689836220462709
678.6930693069306,0.10322723805864384
678.7128712871288,0.09947593777739175
678.7326732673267,0.09565068496468407
678.7524752475248,0.09175824978400497
678.7722772277228,0.08780605623711252
678.7920792079208,0.08380232240495487
678.8118811881188,0.07975624509753124
678.8316831683168,0.07567824478724204
678.8514851485149,0.07158029292796284
678.8712871287129,0.06747635245476842
678.8910891089108,0.06338297417023388
678.910891089109,0.05932010741640059
678.9306930693069,0.05531220244185439
678.950495049505,0.051389700506475844
678.9702970297029,0.047591013849108535
678.9900990099011,0.043965059174964814
679.009900990099,0.040574252565641344
679.029702970297,0.03749746111964533
679.0495049504951,0.034831543553133414
679.0693069306931,0.032688754986490154
679.0891089108911,0.031186195152744213
679.1089108910891,0.030425004320609985
679.1287128712871,0.030463745527893056
679.1485148514852,0.0312992010285446
679.1683168316831,0.03286748891955667
679.1881188118813,0.03506468845634914
679.2079207920792,0.037773363488065
679.2277227722773,0.040882412924911404
679.2475247524752,0.04429668451356144
679.2673267326733,0.04793900402674981
679.2871287128713,0.05174839903268903
679.3069306930693,0.05567709894913917
679.3267326732674,0.05968757086619425
679.3465346534654,0.06375003882836698
679.3663366336633,0.067840554907999
679.3861386138614,0.0719395510049974
679.4059405940594,0.07603076854818723
679.4257425742575,0.08010047156674976
679.4455445544554,0.08413686762530309
679.4653465346535,0.08812967989875206
679.4851485148515,0.09206982898848387
679.5049504950495,0.09594919465226594
679.5247524752475,0.09976043604287516
679.5445544554456,0.10349685507807053
679.5643564356436,0.10715229184822116
679.5841584158416,0.11072104401047894
679.6039603960396,0.11419780428488345
679.6237623762377,0.11757761171843545
679.6435643564356,0.12085581349968413
679.6633663366337,0.12402803491625107
679.6831683168317,0.12709015563924675
679.7029702970297,0.1300382909541163
679.7227722772277,0.13286877688058202
679.7425742574258,0.13557815836583328
679.7623762376238,0.13816317991704252
679.7821782178218,0.14062077817728752
679.8019801980198,0.14294807605437526
679.8217821782179,0.1451423780931789
679.8415841584158,0.14720116684506795
679.8613861386139,0.14912210003680637
679.8811881188119,0.15090300838002718
679.90099009901,0.1525418938926072
679.9207920792079,0.1540369286275753
679.9405940594058,0.1553864537244566
679.960396039604,0.15658897871370434
679.980198019802,0.15764318101745461
680.0,0.15854790560029614
680.019801980198,0.15930216473237738
680.0396039603961,0.1599051378342812
680.059405940594,0.16035617137927013
680.079207920792,0.16065477883372353
680.0990099009902,0.16080064062107954
680.1188118811881,0.16079360409882357
680.1386138613861,0.16063368354167387
680.1584158415842,0.16032106012769365
680.1782178217821,0.15985608192751058
680.1980198019802,0.15923926390015897
680.2178217821781,0.15847128790261983
680.2376237623763,0.1575530027239809
680.2574257425742,0.15648542415908215
680.2772277227723,0.1552697351412871
680.2970297029703,0.15390728595921588
680.3168316831683,0.1523995945883824
680.3366336633663,0.1507483471761199
680.3564356435643,0.14895539872664537
680.3762376237624,0.1470227740438589
680.3960396039604,0.14495266900215023
680.4158415841583,0.14274745223152396
680.4356435643565,0.14040966732266688
680.4554455445544,0.13794203568248348
680.4752475247525,0.13534746020106964
680.4950495049504,0.13262902993045061
680.5148514851486,0.1297900260248137
680.5346534653465,0.1268339292560001
680.5544554455445,0.12376442950007632
680.5742574257426,0.12058543769807108
680.5940594059406,0.1173011009337352
680.6138613861386,0.11391582145607035
680.6336633663366,0.11043428071947084
680.6534653465346,0.10686146984241826
680.6732673267327,0.10320272832793544
680.6930693069306,0.09946379348998713
680.7128712871288,0.09565086385204541
680.7326732673267,0.09177068091830441
680.7524752475248,0.08783063529186756
680.7722772277227,0.08383890531348091
680.7920792079208,0.07980463948025258
680.8118811881188,0.07573819824557042
680.8316831683168,0.07165147690178897
680.8514851485149,0.06755833975430621
680.8712871287129,0.06347520744298947
680.8910891089108,0.05942185460503479
680.9108910891089,0.055422493662424376
680.9306930693069,0.05150723880948285
680.950495049505,0.04771405057587199
680.9702970297029,0.04409122491475669
680.9900990099011,0.04070034173670566
681.009900990099,0.037619191743196376
681.029702970297,0.034943368655828914
681.049504950495,0.03278389395327698
681.0693069306931,0.0312571320705826
681.0891089108911,0.030464606930700678
681.1089108910891,0.030466742425561966
681.1287128712871,0.0312632699420937
681.1485148514852,0.03279331136245859
681.1683168316831,0.03495507901230508
681.1881188118812,0.03763213236520281
681.2079207920792,0.040713494305624306
681.2277227722773,0.04410366735374512
681.2475247524752,0.047724965858128285
681.2673267326733,0.05151590435358918
681.2871287128713,0.0554282652287416
681.3069306930693,0.059424150921432314
681.3267326732673,0.06347349760285928
681.3465346534654,0.0675521335961481
681.3663366336633,0.07164031794075584
681.3861386138614,0.07572165859969672
681.4059405940594,0.07978231629061967
681.4257425742575,0.08381041826031688
681.4455445544554,0.08779562490686392
681.4653465346535,0.09172880747329193
681.4851485148515,0.09560180666433876
681.5049504950495,0.09940725052893412
681.5247524752475,0.1031384160388351
681.5445544554456,0.10678912312675663
681.5643564356436,0.11035365302663006
681.5841584158416,0.11382668495336999
681.6039603960396,0.11720324673006613
681.6237623762377,0.12047867610244842
681.6435643564356,0.12364859030089531
681.6633663366337,0.12670886201024437
681.6831683168317,0.1296556003486139
681.7029702970298,0.13248513578445925
681.7227722772277,0.13519400816550642
681.7425742574258,0.13777895721754582
681.7623762376238,0.14023691501114344
681.7821782178218,0.14256500000079722
681.8019801980198,0.14476051232350606
681.8217821782179,0.14682093010724342
681.8415841584158,0.148743906589554
681.8613861386139,0.15052726788529008
681.8811881188119,0.15216901127347646
681.90099009901,0.15366730389771538
681.9207920792079,0.15502048179398595
681.940594059406,0.15622704917577057
681.960396039604,0.15728567791905926
681.980198019802,0.15819520720040806
682.0,0.15895464324988975
682.019801980198,0.15956315918804057
682.0396039603961,0.16002009492209787
682.059405940594,0.16032495708199365
682.079207920792,0.16047741898133513
682.0990099009902,0.16047732059253936
682.1188118811881,0.16032466852923563
682.1386138613861,0.16001963603245137
682.1584158415842,0.15956256296054505
682.1782178217823,0.15895395578631802
682.1980198019802,0.15819448760831847
682.2178217821781,0.1572849981868568
682.2376237623763,0.15622649401971336
682.2574257425742,0.15502014847681866
682.2772277227723,0.1536673020186278
682.2970297029703,0.15216946252888727
682.3168316831683,0.1505283057998564
682.3366336633663,0.14874567621661475
682.3564356435643,0.14682358769753232
682.3762376237624,0.14476422496082078
682.3960396039604,0.1425699452026912
682.4158415841584,0.14024328029220695
682.4356435643565,0.13778693961215036
682.4554455445544,0.13520381370581494
682.4752475247525,0.13249697892830983
682.4950495049504,0.12966970335014108
682.5148514851486,0.1267254542240012
682.5346534653465,0.12366790740711735
682.5544554455445,0.12050095923730846
682.5742574257426,0.11722874149947433
682.5940594059406,0.11385564030142309
682.6138613861386,0.11038631992042698
682.6336633663366,0.10682575300528221
682.6534653465347,0.10317925895522907
682.6732673267327,0.09945255288890681
682.6930693069306,0.09565180842658598
682.7128712871288,0.09178373862478852
682.7326732673267,0.08785570095017989
682.7524752475248,0.08387583434010629
682.7722772277227,0.0798532394262824
682.7920792079208,0.0757982172558406
682.8118811881188,0.07172258782049985
682.8316831683168,0.06764011803175417
682.8514851485149,0.06356710017145377
682.8712871287129,0.05952313684206029
682.8910891089109,0.05553220662267159
682.9108910891089,0.05162410259946046
682.9306930693069,0.047836342443650426
682.950495049505,0.04421661423403161
682.9702970297029,0.040825679614522145
682.9900990099011,0.03774027561121223
683.009900990099,0.0350547547519567
683.029702970297,0.03287891934825505
683.049504950495,0.03132838658686425
683.0693069306931,0.030505012764092395
683.0891089108911,0.03047100381691263
683.1089108910891,0.031228973457897925
683.1287128712872,0.03272102583417396
683.1485148514852,0.0348475266847786
683.1683168316831,0.0374930667543983
683.1881188118812,0.04054682305108233
683.2079207920792,0.04391297132584837
683.2277227722773,0.04751332338398505
683.2475247524752,0.05128588386590199
683.2673267326733,0.05518198843249325
683.2871287128713,0.059163374010501514
683.3069306930693,0.06319968770779148
683.3267326732673,0.06726653293558589
683.3465346534654,0.07134399486497219
683.3663366336634,0.07541554716480134
683.3861386138614,0.07946724657702456
683.4059405940594,0.08348713950323527
683.4257425742575,0.0874648231463213
683.4455445544554,0.09139111905760523
683.4653465346535,0.09525782862113678
683.4851485148515,0.09905754856490219
683.5049504950495,0.1027835307366912
683.5247524752475,0.10642957476395805
683.5445544554456,0.10998994533377125
683.5643564356436,0.11345930805120376
683.5841584158416,0.11683267942607918
683.6039603960396,0.12010538768449384
683.6237623762377,0.12327304193331584
683.6435643564356,0.126331507813729
683.6633663366337,0.12927688822692526
683.6831683168317,0.13210550804737559
683.7029702970298,0.1348139019867673
683.7227722772277,0.13739880495865456
683.7425742574258,0.1398571444354787
683.7623762376238,0.14218603439781993
683.7821782178218,0.1443827705589025
683.8019801980198,0.14644482661203226
683.8217821782179,0.1483698512985888
683.8415841584159,0.15015566613407083
683.8613861386139,0.151800263660278
683.8811881188119,0.15330180611714173
683.90099009901,0.15465862444693193
683.9207920792079,0.1558692175600126
683.940594059406,0.15693225180404832
683.960396039604,0.1578465605892711
683.980198019802,0.1586111441312655
684.0,0.15922516927994002
684.019801980198,0.15968796940964006
684.0396039603961,0.15999904435073067
684.059405940594,0.1601580603474711
684.0792079207921,0.16016485003132194
684.0990099009902,0.16001941240243375
684.1188118811881,0.1597219128158443
684.1386138613861,0.1592726829720587
684.1584158415842,0.15867222091542252
684.1782178217823,0.15792119104693647
684.1980198019802,0.1570204241622074
684.2178217821781,0.15597091752901746
684.2376237623763,0.15477383502388412
684.2574257425742,0.15343050735188257
684.2772277227723,0.15194243238051744
684.2970297029703,0.1503112756250819
684.3168316831684,0.14853887093211215
684.3366336633663,0.14662722141739867
684.3564356435643,0.14457850072814873
684.3762376237624,0.14239505471412053
684.3960396039604,0.14007940361209772
684.4158415841584,0.13763424487204445
684.4356435643565,0.13506245678361894
684.4554455445544,0.13236710310006355
684.4752475247525,0.12955143890513954
684.4950495049504,0.12661891803132813
684.5148514851486,0.12357320241816266
684.5346534653465,0.12041817390409354
684.5544554455446,0.11715794908223934
684.5742574257426,0.11379689803061659
684.5940594059406,0.1103396679665397
684.6138613861386,0.1067912131943972
684.6336633663366,0.10315683314625611
684.6534653465347,0.0994422208983491
684.6732673267327,0.09565352534418609
684.6930693069306,0.09179743130326438
684.7128712871288,0.08788126336646974
684.7326732673267,0.08391312140198727
684.7524752475248,0.07990205861934845
684.7722772277227,0.07585831726486836
684.7920792079209,0.07179364287829317
684.8118811881188,0.06772170619246978
684.8316831683168,0.06365867290171283
684.8514851485149,0.059623976187131195
684.8712871287129,0.05564136467528117
684.8910891089109,0.05174031614965868
684.9108910891089,0.04795791403179592
684.9306930693069,0.04434125103371369
684.950495049505,0.04095028791210981
684.9702970297029,0.037860730099273814
684.9900990099011,0.035165712190722606
685.009900990099,0.03297383186329939
685.0297029702971,0.03139994836763691
685.049504950495,0.030546201515754268
685.0693069306931,0.030476502680326856
685.0891089108911,0.031196281420598996
685.1089108910891,0.032650601215355506
685.1287128712872,0.03474199996433165
685.1485148514852,0.037356134521620274
685.1683168316831,0.04038236604043318
685.1881188118812,0.043724562095912564
685.2079207920792,0.04730404098249111
685.2277227722773,0.0510583006815912
685.2475247524752,0.054938230474208885
685.2673267326734,0.058905200933240844
685.2871287128713,0.06292856891455509
685.3069306930693,0.06698371175023334
685.3267326732673,0.07105053972897027
685.3465346534654,0.07511239139131212
685.3663366336634,0.07915521883453386
685.3861386138614,0.08316698708385581
685.4059405940594,0.08713722972580354
685.4257425742575,0.09105671828452237
685.4455445544554,0.09491721455419327
685.4653465346535,0.09871128372367388
685.4851485148515,0.10243215233803304
685.5049504950496,0.10607359957137098
685.5247524752475,0.10962987343980103
685.5445544554456,0.11309562583361692
685.5643564356436,0.11646586185980151
685.5841584158416,0.11973590014786308
685.6039603960396,0.12290134161473072
685.6237623762377,0.12595804480044048
685.6435643564356,0.12890210633951724
685.6633663366337,0.13172984546956348
685.6831683168317,0.1344377917295026
685.7029702970298,0.13702267518958172
685.7227722772277,0.13948141869829575
685.7425742574258,0.14181113174140578
685.7623762376238,0.1440091055922003
685.7821782178218,0.14607280949762436
685.8019801980198,0.14799988769567912
685.8217821782179,0.14978815709944682
685.8415841584159,0.15143560551470384
685.8613861386139,0.15294039028297665
685.8811881188118,0.15430083726212865
685.90099009901,0.155515440072684
685.9207920792079,0.1565828595511787
685.940594059406,0.15750192336262067
685.960396039604,0.15827162573301018
685.9801980198021,0.15889112727027496
686.0,0.15935975484829729
686.0198019801979,0.15967700153393485
686.0396039603961,0.15984252654180403
686.059405940594,0.15985615520562035
686.0792079207921,0.15971787895879347
686.0990099009902,0.15942785532052567
686.1188118811881,0.15898640788696525
686.1386138613861,0.15839402633073155
686.1584158415841,0.15765136641527078
686.1782178217823,0.1567592500345008
686.1980198019802,0.15571866529227107
686.2178217821782,0.154530766640603
686.2376237623763,0.15319687510099567
686.2574257425742,0.1517184785991377
686.2772277227723,0.15009723245040035
686.2970297029702,0.14833496004228153
686.3168316831684,0.14643365376985493
686.3366336633663,0.14439547629346
686.3564356435643,0.1422227622026488
686.3762376237624,0.1399180201902436
686.3960396039604,0.137483935863649
686.4158415841584,0.13492337535108473
686.4356435643564,0.13223938989798467
686.4554455445545,0.12943522169735727
686.4752475247525,0.12651431125953141
686.4950495049504,0.12348030670668655
686.5148514851486,0.12033707548093658
686.5346534653465,0.11708871909000504
686.5544554455446,0.113739591692852
686.5742574257425,0.1102943235634525
686.5940594059406,0.10675785078648625
686.6138613861386,0.1031354529629678
686.6336633663366,0.09943280127910414
686.6534653465347,0.09565602007742977
686.6732673267327,0.09181176615012444
686.6930693069307,0.08790733147143245
686.7128712871287,0.08395077717222996
686.7326732673267,0.0799511094789026
686.7524752475248,0.07591851243542604
686.7722772277227,0.07186465796642928
686.7920792079209,0.06780312182161978
686.8118811881188,0.06374994484539205
686.8316831683168,0.05972439335635103
686.8514851485148,0.05574998982915574
686.8712871287129,0.05185590240426491
686.8910891089109,0.04807878863040654
686.9108910891089,0.04446515800580201
686.930693069307,0.04107418727637824
686.950495049505,0.03798057174727162
686.9702970297029,0.035276250818536886
686.990099009901,0.033068632101573806
687.009900990099,0.031471807407626645
687.0297029702971,0.03058815352759721
687.049504950495,0.030483212820708604
687.0693069306931,0.0311651645967513
687.0891089108911,0.03258200739072338
687.1089108910891,0.03463846843772441
687.1287128712871,0.03722130472148669
687.1485148514852,0.040220091423081486
687.1683168316832,0.04353840666803579
687.1881188118812,0.04709708442549922
687.2079207920792,0.05083311935257287
687.2277227722773,0.05469695474696816
687.2475247524752,0.058649594002912295
687.2673267326733,0.06266010253815972
687.2871287128713,0.06670363043463531
687.3069306930693,0.0707599120790982
687.3267326732673,0.07481215004430933
687.3465346534654,0.07884619110936007
687.3663366336634,0.08284991838841003
687.3861386138614,0.08681280142772006
687.4059405940594,0.09072556138690129
687.4257425742575,0.09457992019963753
687.4455445544554,0.09836841129651573
687.4653465346535,0.10208423574042441
687.4851485148515,0.1057211521035127
687.5049504950496,0.10927339160656341
687.5247524752475,0.11273559231988656
687.5445544554455,0.11610274785790084
687.5643564356436,0.1193701671764609
687.5841584158416,0.12253344293599427
687.6039603960396,0.12558842651780264
687.6237623762377,0.1285312082399022
687.6435643564357,0.1313581016599819
687.6633663366337,0.13406563110735795
687.6831683168316,0.1366505217776843
687.7029702970298,0.13910969186947586
687.7227722772277,0.1414402463525453
687.7425742574258,0.14363947204377553
687.7623762376238,0.14570483373178103
687.7821782178218,0.1476339711435217
687.8019801980198,0.1494246965863062
687.8217821782177,0.15107499313059045
687.8415841584159,0.15258301322429427
687.8613861386139,0.15394707764966775
687.8811881188119,0.15516567475012574
687.90099009901,0.15623745986769766
687.9207920792079,0.15716125494260094
687.940594059406,0.15793604823548998
687.9603960396039,0.15856099414032213
687.9801980198021,0.1590354130621659
688.0,0.15935879133968225
688.0198019801979,0.1595307811967191
688.0396039603961,0.1595512007116717
688.059405940594,0.15942003379708544
688.0792079207921,0.15913743018555868
688.09900990099,0.158703705421501
688.1188118811882,0.15811934086162685
688.1386138613861,0.15738498369080042
688.1584158415841,0.1565014469633304
688.1782178217823,0.15546970968419233
688.1980198019802,0.1542909169488643
688.2178217821782,0.15296638016599526
688.2376237623762,0.1514975773928826
688.2574257425742,0.14988615382100023
688.2772277227723,0.1481339224572546
688.2970297029702,0.14624286505688505
688.3168316831684,0.14421513337642247
688.3366336633663,0.14205305083049682
688.3564356435644,0.13975911465525276
688.3762376237623,0.1373359987048602
688.3960396039604,0.1347865570373286
688.4158415841584,0.1321138284834642
688.4356435643564,0.12932104244064926
688.4554455445545,0.12641162619431276
688.4752475247525,0.12338921414887889
688.4950495049504,0.1202576594524439
688.5148514851485,0.11702104863315047
688.5346534653465,0.11368372004108412
688.5544554455446,0.11025028712301632
688.5742574257425,0.10672566786822707
688.5940594059407,0.10311512218241367
688.6138613861386,0.09942429951377069
688.6336633663366,0.09565929982914356
688.6534653465346,0.09182675210232144
688.6732673267327,0.08793391594889374
688.6930693069307,0.08398881409198594
688.7128712871287,0.08000040621010161
688.7326732673267,0.07597881873674814
688.7524752475248,0.07193565080705995
688.7722772277227,0.06788438436411648
688.7920792079208,0.06384093710812226
688.8118811881188,0.05982441100121467
688.8316831683169,0.05585810607963431
688.8514851485148,0.05197088635897006
688.8712871287129,0.048198991666702946
688.8910891089109,0.04458836009589973
688.9108910891089,0.04119740076872957
688.9306930693069,0.038099819727744684
688.950495049505,0.035386383389161995
688.9702970297029,0.033163323866391
688.990099009901,0.031543957120486646
689.009900990099,0.030630852596153425
689.0297029702971,0.030491111315409672
689.049504950495,0.031135596700866762
689.0693069306931,0.03251521683165588
689.0891089108911,0.034536903938115426
689.1089108910891,0.03708854834948446
689.1287128712871,0.04005996901792586
689.1485148514852,0.043354473476739805
689.1683168316832,0.04689242070657924
689.1881188118812,0.050610305471577216
689.2079207920792,0.05445812552825395
689.2277227722773,0.05839651628174895
689.2475247524752,0.06239425052481016
689.2673267326733,0.06642624991155534
689.2871287128713,0.0704720718992235
689.3069306930694,0.07451478224586043
689.3267326732673,0.07854012173264041
689.3465346534654,0.08253589102300142
689.3663366336634,0.0864914951952476
689.3861386138614,0.09039760470413662
689.4059405940594,0.09424590135004779
689.4257425742575,0.09802888658447663
689.4455445544554,0.10173973580744693
689.4653465346535,0.1053721868396255
689.4851485148515,0.10892045398131768
689.5049504950496,0.11237916137713805
689.5247524752475,0.1157432910587423
689.5445544554455,0.11900814223086824
689.5643564356436,0.122169299230593
689.5841584158416,0.12522260622259557
689.6039603960396,0.1281641471582479
689.6237623762377,0.13099022987206155
689.6435643564357,0.13369737344656277
689.6633663366337,0.1362822981712752
689.6831683168316,0.1387419175683778
689.7029702970298,0.1410733320702745
689.7227722772277,0.1432738240206055
689.7425742574258,0.14534085373731476
689.7623762376238,0.14727205642826527
689.7821782178218,0.1490652397911233
689.8019801980198,0.15071838216129155
689.8217821782177,0.15222963109735005
689.8415841584159,0.15359730231418922
689.8613861386139,0.15481987889025803
689.8811881188119,0.1558960106890631
689.90099009901,0.15682451394584931
689.9207920792079,0.15760437097947969
689.940594059406,0.1582347299971891
689.9603960396039,0.1587149049661565
689.9801980198021,0.15904437553137118
690.0,0.15922278696401038
690.0198019801979,0.15924995012869247
690.0396039603961,0.1591258414620978
690.059405940594,0.15885060295861228
690.0792079207921,0.15842454216254478
690.09900990099,0.15784813216960214
690.1188118811882,0.15712201164408618
690.1386138613861,0.15624698486179825
690.1584158415841,0.15522402179287242
690.1782178217823,0.15405425824318983
690.1980198019802,0.15273899607823796
690.2178217821782,0.1512797035593257
690.2376237623762,0.1496780158289814
690.2574257425742,0.14793573559097375
690.2772277227723,0.14605483404045538
690.2970297029702,0.14403745211224347
690.3168316831684,0.14188590213023464
690.3366336633663,0.13960266996021706
690.3564356435644,0.13719041779140215
690.3762376237623,0.13465198770185588
690.3960396039604,0.1319904061999754
690.4158415841584,0.12920888998177715
690.4356435643564,0.12631085320412877
690.4554455445545,0.12329991665247146
690.4752475247525,0.12017991928251105
690.4950495049504,0.11695493274782326
690.5148514851485,0.11362927969921167
690.5346534653465,0.11020755687178568
690.5544554455446,0.10669466428316628
690.5742574257425,0.10309584227897334
690.5940594059407,0.0994167187207839
690.6138613861386,0.09566336937435846
690.6336633663366,0.09184239560311072
690.6534653465346,0.08796102492036824
690.6732673267327,0.08402724196870028
690.6930693069307,0.08004996030992897
690.7128712871287,0.07603924935218037
690.7326732673267,0.07200663625538946
690.7524752475248,0.06796551031365106
690.7722772277227,0.06393166775759238
690.7920792079208,0.05992404864742325
690.8118811881188,0.055965734210430045
690.8316831683169,0.05208528971921501
690.8514851485148,0.048318545216027915
690.8712871287129,0.044710878868604524
690.8910891089109,0.04131994809623039
690.9108910891089,0.0382184899707202
690.9306930693069,0.03549611963578109
690.950495049505,0.033257908270401114
690.9702970297029,0.03161638861638367
690.990099009901,0.030674280580062423
691.009900990099,0.0305001736112356
691.0297029702971,0.031107550102067012
691.049504950495,0.032450200972443444
691.0693069306931,0.03443727759294997
691.0891089108911,0.036957836021943184
691.1089108910891,0.03990196856378658
691.1287128712871,0.0431727311395674
691.1485148514852,0.04669001723025345
691.1683168316832,0.05038982523904957
691.1881188118812,0.05422170787365205
691.2079207920792,0.05814593175836198
691.2277227722773,0.06213097587685281
691.2475247524752,0.06615153227401001
691.2673267326733,0.07018698044435555
691.2871287128713,0.07422024847877727
691.3069306930694,0.0782369704761508
691.3267326732673,0.08222486410589008
691.3465346534654,0.08617326954785547
691.3663366336634,0.0900728062096128
691.3861386138614,0.093915115483994
691.4059405940594,0.09769266662152495
691.4257425742575,0.10139860917792759
691.4455445544554,0.10502666007235552
691.4653465346535,0.10857101655920287
691.4851485148515,0.11202628875131933
691.5049504950496,0.11538744700728995
691.5247524752475,0.11864978070313598
691.5445544554456,0.12180886578561723
691.5643564356436,0.12486053914477722
691.5841584158416,0.1278008783151078
691.6039603960396,0.1306261853644972
691.6237623762377,0.13333297409139744
691.6435643564357,0.13591795984747132
691.6633663366337,0.13837805145199156
691.6831683168316,0.1407103447782316
691.7029702970298,0.14291211767952083
691.7227722772277,0.14498082599041962
691.7425742574258,0.14691410039131642
691.7623762376238,0.14870974396600958
691.7821782178219,0.1503657303146432
691.8019801980198,0.1518802021103056
691.8217821782177,0.15325147000824488
691.8415841584159,0.15447801183355855
691.8613861386139,0.15555847198667067
691.8811881188119,0.15649166101702772
691.90099009901,0.15727655532462165
691.9207920792079,0.15791229695654643
691.940594059406,0.15839819347230205
691.9603960396039,0.15873371785699766
691.9801980198021,0.1589185084663971
692.0,0.15895236899215456
692.019801980198,0.1588352684392349
692.0396039603961,0.15856734111132856
692.059405940594,0.1581488866033971
692.0792079207921,0.15758036980412116
692.09900990099,0.1568624209143471
692.1188118811882,0.15599583549149365
692.1386138613861,0.1549815745339321
692.1584158415841,0.15382076462389488
692.1782178217823,0.15251469815242877
692.1980198019802,0.1510648336562208
692.2178217821782,0.14947279630279697
692.2376237623762,0.14774037856919775
692.2574257425744,0.14586954116929574
692.2772277227723,0.14386241429719512
692.2970297029702,0.14172129926929655
692.3168316831684,0.13944867066630728
692.3366336633663,0.13704717909984385
692.3564356435644,0.13451965475732736
692.3762376237623,0.13186911191604783
692.3960396039604,0.12909875466396878
692.4158415841584,0.12621198412496945
692.4356435643564,0.12321240756347257
692.4554455445545,0.1201038498436197
692.4752475247525,0.11689036784884121
692.4950495049505,0.11357626863954912
692.5148514851485,0.11016613235416123
692.5346534653465,0.10666484116186623
692.5544554455446,0.10307761598285978
692.5742574257425,0.09941006324298621
692.5940594059407,0.09566823468080443
692.6138613861386,0.09185870425633352
692.6336633663366,0.08798866763555456
692.6534653465346,0.08406607170521707
692.6732673267327,0.0800997843375621
692.6930693069307,0.07609981849366622
692.7128712871287,0.07207763016132264
692.7326732673268,0.06804651712470755
692.7524752475248,0.0640221557887184
692.7722772277227,0.060023326715821064
692.7920792079208,0.05607289587150009
692.8118811881188,0.052199135034721365
692.8316831683169,0.04843747218877193
692.8514851485148,0.04483273673690604
692.8712871287129,0.041441849864131144
692.8910891089109,0.0383365994060718
692.9108910891089,0.03560547045114186
692.9306930693069,0.03335238778009068
692.950495049505,0.03168909451848432
692.970297029703,0.030718420886441413
692.990099009901,0.030510376585017512
693.009900990099,0.03108099839037915
693.0297029702971,0.0323869322563103
693.049504950495,0.03433956136532715
693.0693069306931,0.03682913905625381
693.0891089108911,0.039746060394147444
693.1089108910891,0.04299314878320555
693.1287128712871,0.04648984184145683
693.1485148514852,0.050171645241434144
693.1683168316832,0.05398766718229878
693.1881188118812,0.05789780473231359
693.2079207920792,0.06187024188295301
693.2277227722773,0.06587943988313279
693.2475247524752,0.06990459922449796
693.2673267326733,0.07392850947175687
693.2871287128713,0.07793669735159928
693.3069306930694,0.08191679699175325
693.3267326732673,0.08585808323987162
693.3465346534653,0.08975112411152682
693.3663366336634,0.09358752031588115
693.3861386138614,0.09735970867931011
693.4059405940594,0.10106081273084966
693.4257425742575,0.10468452833737166
693.4455445544555,0.10822503558134819
693.4653465346535,0.11167693043753277
693.4851485148514,0.11503517150074664
693.5049504950496,0.11829503824049896
693.5247524752475,0.12145209814600536
693.5445544554456,0.12450218077452796
693.5643564356436,0.1274413571932468
693.5841584158416,0.13026592365980788
693.6039603960396,0.13297238865108324
693.6237623762376,0.13555746254891135
693.6435643564357,0.13801804944286664
693.6633663366337,0.14035124062511525
693.6831683168317,0.14255430944124242
693.7029702970298,0.144624707229449
693.7227722772277,0.14656006013386216
693.7425742574258,0.1483581666197513
693.7623762376237,0.15001699555143733
693.7821782178219,0.1515346847198344
693.8019801980198,0.15290953972777765
693.8217821782177,0.15414003315810468
693.8415841584159,0.15522480396298088
693.8613861386139,0.15616265702465043
693.8811881188119,0.15695256284648704
693.9009900990098,0.15759365734137645
693.920792079208,0.15808524169062563
693.940594059406,0.15842678225248202
693.9603960396039,0.1586179105038727
693.9801980198021,0.1586584230034169
694.0,0.15854828136771845
694.019801980198,0.1582876122563925
694.039603960396,0.157876707365007
694.059405940594,0.1573160234282746
694.0792079207921,0.1566061822397344
694.09900990099,0.15574797069762866
694.1188118811882,0.15474234089070205
694.1386138613861,0.15359041024249026
694.1584158415842,0.15229346173734004
694.1782178217821,0.15085294425770673
694.1980198019802,0.1492704730690549
694.2178217821782,0.1475478304971153
694.2376237623762,0.1456869668522329
694.2574257425744,0.1436900016678715
694.2772277227723,0.14155922533514192
694.2970297029702,0.13929710123401332
694.3168316831683,0.13690626848485563
694.3366336633663,0.13438954547282544
694.3564356435644,0.13174993433452167
694.3762376237623,0.128990626642344
694.3960396039605,0.1261150105818614
694.4158415841584,0.12312667999369191
694.4356435643564,0.12002944575052227
694.4554455445544,0.11682735006933603
694.4752475247525,0.11352468452847407
694.4950495049505,0.11012601278407665
694.5148514851485,0.10663619927956636
694.5346534653465,0.10306044564389574
694.5544554455446,0.09940433701744832
694.5742574257425,0.09567390128479418
694.5940594059406,0.09187568520861246
694.6138613861386,0.08801685286097147
694.6336633663367,0.08410531369512081
694.6534653465346,0.08014989031690391
694.6732673267327,0.07616053981210145
694.6930693069307,0.07214864778851707
694.7128712871287,0.06812742164142513
694.7326732673267,0.0641124195641345
694.7524752475248,0.06012226497681921
694.7722772277227,0.05617961205095769
694.7920792079208,0.05231244419330185
694.8118811881188,0.04855579485266401
694.8316831683169,0.04495395552178788
694.8514851485148,0.041563126185066225
694.8712871287129,0.03845416463900145
694.8910891089109,0.03571444665248513
694.9108910891089,0.03344676510119521
694.9306930693069,0.03176206800766892
694.950495049505,0.030763257714813898
694.970297029703,0.030521698015295005
694.990099009901,0.03105591608347969
695.0099009900989,0.032325384064830195
695.0297029702971,0.03424372818173705
695.049504950495,0.03670242976782182
695.0693069306931,0.03959221587440067
695.0891089108911,0.042815696595200826
695.1089108910892,0.04629186347029982
695.1287128712871,0.04995573317135214
695.1485148514851,0.053755969978492836
695.1683168316832,0.057652100646099484
695.1881188118812,0.06161201299165936
695.2079207920792,0.06560993627625734
695.2277227722773,0.06962489094158278
695.2475247524752,0.07363952716063094
695.2673267326733,0.07763926359250277
695.2871287128712,0.08161165027122316
695.3069306930694,0.08554589627514037
695.3267326732673,0.08943251788050671
695.3465346534654,0.09326307483490082
695.3663366336634,0.09702997131600576
695.3861386138614,0.10072630464278025
695.4059405940594,0.10434574947834957
695.4257425742574,0.10788246860675746
695.4455445544555,0.11133104375785727
695.4653465346535,0.11468642167176227
695.4851485148514,0.11794387183337166
695.5049504950496,0.12109895320701902
695.5247524752475,0.12414748795875938
695.5445544554456,0.12708554063785557
695.5643564356435,0.12990940164793552
695.5841584158417,0.13261557410654773
695.6039603960396,0.1352007633935479
695.6237623762376,0.13766186884173498
695.6435643564357,0.13999597713991382
695.6633663366337,0.14220035710823717
695.6831683168317,0.14427245557518692
695.7029702970297,0.14620989413948318
695.7227722772277,0.1480104666428516
695.7425742574258,0.14967213721270545
695.7623762376237,0.15119303876068182
695.7821782178219,0.15257147184395062
695.8019801980198,0.15380590381357725
695.8217821782179,0.1548949681877697
695.8415841584158,0.15583746419954805
695.8613861386139,0.15663235647729223
695.8811881188119,0.15727877482489122
695.9009900990098,0.15777601407427114
695.920792079208,0.15812353398913775
695.940594059406,0.15832095920331735
695.9603960396039,0.1583680791815913
695.980198019802,0.15826484819470166
696.0,0.15801138530403194
696.019801980198,0.15760797435473317
696.039603960396,0.15705506397974625
696.0594059405942,0.15635326762059307
696.0792079207921,0.155503363574555
696.09900990099,0.1545062950819451
696.1188118811881,0.15336317047161294
696.1386138613861,0.15207526338795244
696.1584158415842,0.15064401312857215
696.1782178217821,0.14907102512883627
696.1980198019802,0.1473580716375694
696.2178217821782,0.14550709263837547
696.2376237623762,0.1435201970830957
696.2574257425742,0.14139966451879524
696.2772277227723,0.13914794720806478
696.2970297029703,0.13676767286541486
696.3168316831683,0.13426164816120753
696.3366336633663,0.131632863180784
696.3564356435644,0.1288844970725865
696.3762376237623,0.12601992517773608
696.3960396039604,0.12304272800940386
696.4158415841584,0.11995670254819124
696.4356435643564,0.11676587644761073
696.4554455445544,0.11347452591155803
696.4752475247525,0.1100871982276442
696.4950495049505,0.10660874023560675
696.5148514851485,0.10304433440666776
696.5346534653465,0.09939954474535444
696.5544554455446,0.09568037545462231
696.5742574257425,0.09189334630467548
696.5940594059406,0.08804559002540768
696.6138613861386,0.08414497895625113
696.6336633663367,0.08020029085556706
696.6534653465346,0.07622142749872861
696.6732673267327,0.07221970489444862
696.6930693069307,0.06820824115184791
696.7128712871287,0.0642024778369852
696.7326732673267,0.06022088353473923
696.7524752475248,0.05628590401200307
696.7722772277228,0.05242523929930189
696.7920792079208,0.04867353563834519
696.8118811881188,0.04507455716672834
696.8316831683169,0.04168379727930217
696.8514851485148,0.0385712024077447
696.8712871287129,0.03582305926405151
696.8910891089109,0.033541043253122856
696.9108910891089,0.03183530266213908
696.9306930693069,0.030808775648189086
696.950495049505,0.030534115926493726
696.970297029703,0.03103227774069988
696.990099009901,0.032265529631136165
697.009900990099,0.03414975068087223
697.0297029702971,0.03657768009069249
697.049504950495,0.03944040592552396
697.0693069306931,0.04264034427525189
697.0891089108911,0.04609605052916448
697.1089108910892,0.049742056183951944
697.1287128712871,0.0535265822369697
697.1485148514851,0.05740878438626503
697.1683168316832,0.061356253093410675
697.1881188118812,0.06534298443340268
697.2079207920792,0.06934781774315382
697.2277227722773,0.07335326293113031
697.2475247524753,0.07734462988743429
697.2673267326733,0.08130938399564844
697.2871287128712,0.08523666812408497
697.3069306930694,0.08911694645968604
697.3267326732673,0.09294173750850135
697.3465346534654,0.0967034125735082
697.3663366336634,0.10039504257913826
697.3861386138614,0.10401028083250187
697.4059405940594,0.10754327269211719
697.4257425742574,0.11098858553572162
697.4455445544555,0.11434115415741555
697.4653465346535,0.11759623797916484
697.4851485148515,0.12074938737277637
697.5049504950496,0.12379641705454851
697.5247524752475,0.1267333850050053
697.5445544554456,0.12955657572973575
697.5643564356435,0.13226248694906353
697.5841584158417,0.13484781900843618
697.6039603960396,0.137309466456591
697.6237623762376,0.13964451135643424
697.6435643564357,0.14185021798467287
697.6633663366337,0.14392402864638063
697.6831683168317,0.14586356038539444
697.7029702970297,0.1476666024144375
697.7227722772278,0.14933111412255926
697.7425742574258,0.15085522354451314
697.7623762376237,0.15223722619804708
697.7821782178219,0.15347558421246207
697.8019801980198,0.15456892568572222
697.8217821782179,0.15551604421896956
697.8415841584158,0.1563158985866286
697.8613861386139,0.15696761250815633
697.8811881188119,0.15747047449419352
697.9009900990098,0.15782393774549472
697.920792079208,0.1580276200878095
697.940594059406,0.15808130393044695
697.960396039604,0.15798493624004184
697.980198019802,0.15773862852469622
698.0,0.15734265682734
698.019801980198,0.15679746173043613
698.039603960396,0.15610364837784177
698.0594059405942,0.15526198652324116
698.0792079207921,0.1542734106187526
698.09900990099,0.15313901996159862
698.1188118811881,0.1518600789220011
698.1386138613861,0.1504380172811722
698.1584158415842,0.14887443071534623
698.1782178217821,0.14717108146987723
698.1980198019803,0.14532989927741455
698.2178217821782,0.14335298258628346
698.2376237623762,0.14124260017975065
698.2574257425742,0.13900119328542304
698.2772277227723,0.136631378296435
698.2970297029703,0.13413595025485306
698.3168316831683,0.13151788728338049
698.3366336633663,0.12878035619722147
698.3564356435644,0.12592671958608784
698.3762376237623,0.12296054473132789
698.3960396039604,0.11988561482006252
698.4158415841584,0.11670594304464434
698.4356435643565,0.11342579034153166
698.4554455445544,0.11004968774297974
698.4752475247525,0.10658246460653162
698.4950495049505,0.10302928437868494
698.5148514851485,0.09939569007710751
698.5346534653465,0.09568766239475038
698.5544554455446,0.09191169431322666
698.5742574257425,0.08807488747045432
698.5940594059406,0.08418507740931697
698.6138613861386,0.08025099745568096
698.6336633663367,0.07628249463292724
698.6534653465346,0.07229081612104502
698.6732673267327,0.06828899182834423
698.6930693069307,0.0642923482496043
698.7128712871287,0.060319201395110364
698.7326732673267,0.05639179194172527
698.7524752475248,0.052537541419664324
698.7722772277228,0.048790716002205
698.7920792079208,0.04519456274119876
698.8118811881188,0.04180388264792971
698.8316831683169,0.03868772896097119
698.8514851485148,0.03593131913820794
698.8712871287129,0.03363522547646808
698.8910891089109,0.03190879269222411
698.910891089109,0.03085496024360191
698.9306930693069,0.030547609538038544
698.950495049505,0.03101005924242388
698.970297029703,0.032207343598548696
698.990099009901,0.03405760299295475
699.009900990099,0.03645486352274068
699.0297029702971,0.03929060308937616
699.049504950495,0.0424670631851008
699.0693069306931,0.04590237312105527
699.0891089108911,0.04953058314474548
699.1089108910892,0.05329947165667331
699.1287128712871,0.05716782257353579
699.1485148514852,0.06110292782006645
699.1683168316832,0.06507854908134797
699.1881188118812,0.06907334352736072
699.2079207920792,0.07306967992228883
699.2277227722773,0.07705275867998335
699.2475247524753,0.0810099599721978
699.2673267326733,0.08493036001295283
699.2871287128712,0.088804370547228
699.3069306930694,0.09262346855764454
699.3267326732673,0.09637999224500289
699.3465346534654,0.1000669859536987
699.3663366336634,0.1036780814817749
699.3861386138615,0.10720740663454315
699.4059405940594,0.11064951432996684
699.4257425742574,0.11399932732450828
699.4455445544555,0.11725209489857986
699.4653465346535,0.12040335876362172
699.4851485148515,0.12344892612737395
699.5049504950496,0.1263848483506117
699.5247524752475,0.1292074039967013
699.5445544554456,0.1319130853505773
699.5643564356435,0.13449858769067286
699.5841584158417,0.13696080075408595
699.6039603960396,0.1392968019550278
699.6237623762376,0.14150385100844884
699.6435643564357,0.1435793856820057
699.6633663366337,0.1455210184547959
699.6831683168317,0.14732653390470665
699.7029702970297,0.1489938866805186
699.7227722772278,0.1505211999420698
699.7425742574258,0.15190676417340965
699.7623762376237,0.1531490362915649
699.7821782178219,0.15424663898739827
699.8019801980198,0.15519836024699754
699.8217821782179,0.1560031530111747
699.8415841584158,0.1566601349388891
699.8613861386139,0.15716858824693383
699.8811881188119,0.15752795960396304
699.9009900990098,0.157737860061934
699.920792079208,0.1577980650123321
699.940594059406,0.15770851415857798
699.960396039604,0.1574693114996573
699.980198019802,0.15708072532361905
700.0,0.15654318821289073
700.019801980198,0.15585729706713905
700.039603960396,0.1550238131528874
700.0594059405942,0.15404366219338486
700.0792079207921,0.15291793451637117
700.09900990099,0.15164788528272824
700.1188118811881,0.15023493482474637
700.1386138613861,0.14868066912955272
700.1584158415842,0.1469868405114972
700.1782178217821,0.1451553685271195
700.1980198019803,0.14318834119831494
700.2178217821782,0.14108801662388396
700.2376237623762,0.13885682507788405
700.2574257425742,0.13649737171562712
700.2772277227723,0.1340124400364959
700.2970297029703,0.13140499628825345
700.3168316831683,0.1286781950427546
700.3366336633663,0.12583538623050242
700.3564356435644,0.12288012399584611
700.3762376237623,0.11981617783032011
700.3960396039604,0.11664754656672052
700.4158415841584,0.11337847598040832
700.4356435643565,0.11001348096082306
700.4554455445544,0.10655737350424718
700.4752475247525,0.10301529816480283
700.4950495049505,0.09939277712162446
700.5148514851485,0.09569576772845037
700.5346534653465,0.09193073638108232
700.5544554455446,0.0881047538740289
700.5742574257425,0.08422561926832572
700.5940594059406,0.08030202186829236
700.6138613861386,0.07634375449717264
700.6336633663367,0.07236199626592946
700.6534653465346,0.06836968995012765
700.6732673267327,0.06438204850111079
700.6930693069307,0.060417237569857805
700.7128712871287,0.05649729598436824
700.7326732673267,0.05264937153342882
700.7524752475248,0.048907357277296684
700.7722772277228,0.045313993174322297
700.7920792079208,0.04192340166615504
700.8118811881187,0.03880376048275331
700.8316831683169,0.03603923718100298
700.8514851485148,0.03372931522891961
700.8712871287129,0.03198253268417961
700.8910891089109,0.03090179751635604
700.910891089109,0.030562158499334698
700.9306930693069,0.03098923680158664
700.9504950495049,0.0321508008463245
700.970297029703,0.03396725942206056
700.990099009901,0.0363339537045944
701.009900990099,0.039142780037299575
701.0297029702971,0.04229582481211965
701.049504950495,0.045710801476433624
701.0693069306931,0.04932128305269156
701.089108910891,0.053074606079226344
701.1089108910892,0.05692918198293952
701.1287128712871,0.06085200297115964
701.1485148514852,0.06481659512906368
701.1683168316832,0.06880143238972009
701.1881188118812,0.07278874148593814
701.2079207920792,0.07676361264193121
701.2277227722772,0.08071334025143369
701.2475247524753,0.08462693342622946
701.2673267326733,0.08849475111388164
701.2871287128712,0.09230822848962687
701.3069306930694,0.0960596704231466
701.3267326732673,0.09974209449212842
701.3465346534654,0.10334911083170269
701.3663366336633,0.10687482956566834
701.3861386138615,0.11031378904411626
701.4059405940594,0.11366089989388116
701.4257425742574,0.11691140117492786
701.4455445544555,0.12006082587022594
701.4653465346535,0.1231049736199743
701.4851485148515,0.12603988911399341
701.5049504950495,0.12886184492898414
701.5247524752475,0.13156732787616737
701.5445544554456,0.13415302813409102
701.5643564356435,0.13661583060043506
701.5841584158417,0.1389528080176029
701.6039603960396,0.1411612155201956
701.6237623762377,0.1432384863241315
701.6435643564356,0.1451822283335281
701.6633663366337,0.1469902214852305
701.6831683168317,0.14866041568543412
701.7029702970297,0.15019092922055866
701.7227722772278,0.15158004754624163
701.7425742574258,0.15282622237615962
701.7623762376237,0.15392807100670997
701.7821782178218,0.15488437582511877
701.8019801980198,0.1556940839583739
701.8217821782179,0.15635630702820755
701.8415841584158,0.15687032098431447
701.861386138614,0.15723556599344019
701.8811881188119,0.15745164636728554
701.9009900990098,0.15751833051638217
701.9207920792079,0.15743555092108985
701.940594059406,0.15720340411463657
701.960396039604,0.15682215067668298
701.980198019802,0.15629221523922127
702.0,0.15561418651032002
702.019801980198,0.15478881732492047
702.039603960396,0.1538170247358167
702.059405940594,0.15269989016245428
702.0792079207921,0.15143865962031947
702.0990099009902,0.15003474405931894
702.1188118811881,0.1484897198465379
702.1386138613861,0.1468053294368367
702.1584158415842,0.14498348228452992
702.1782178217821,0.14302625606125674
702.1980198019802,0.14093589825972286
702.2178217821782,0.13871482828095347
702.2376237623762,0.13636564012505673
702.2574257425742,0.13389110583345393
702.2772277227723,0.13129417986581607
702.2970297029703,0.12857800463965838
702.3168316831683,0.12574591751770123
702.3366336633663,0.12280145960133917
702.3564356435644,0.11974838678365907
702.3762376237623,0.1165906836388196
702.3960396039604,0.11333258088678917
702.4158415841584,0.10997857738613498
702.4356435643565,0.1065334678921768
702.4554455445544,0.10300237819841132
702.4752475247524,0.09939080979311501
702.4950495049505,0.09570469686079987
702.5148514851485,0.0919504794130974
702.5346534653465,0.0881351976480458
702.5544554455446,0.08426661445705255
702.5742574257426,0.0803533755298239
702.5940594059406,0.07640522003491497
702.6138613861385,0.07243325976353478
702.6336633663367,0.06845035140969861
702.6534653465346,0.06447159588185529
702.6732673267327,0.06051501064272878
702.6930693069307,0.05660243584159573
702.7128712871287,0.052760750171502606
702.7326732673267,0.049023480358066515
702.7524752475247,0.04543286899107631
702.7722772277228,0.04204237337834322
702.7920792079208,0.038919312954879826
702.8118811881188,0.03614682429102228
702.8316831683169,0.03382331621098012
702.8514851485148,0.03205651772390503
702.8712871287129,0.030949274170295187
702.8910891089108,0.030577743226614208
702.910891089109,0.030969787395909828
702.9306930693069,0.032095876998112845
702.9504950495049,0.0338786950107808
702.970297029703,0.036214925022855476
702.990099009901,0.03899691019796999
703.009900990099,0.04212660141132862
703.029702970297,0.04552130660205034
703.0495049504951,0.04911412569070457
703.0693069306931,0.05285195413763863
703.089108910891,0.056692830188466936
703.1089108910892,0.06060344515299089
703.1287128712871,0.06455708830022303
703.1485148514852,0.06853204924839278
703.1683168316831,0.07251041180443783
703.1881188118812,0.0764771552832934
703.2079207920792,0.08041948772955465
703.2277227722772,0.08432635070101809
703.2475247524753,0.08818804998958556
703.2673267326733,0.09199597867706093
703.2871287128713,0.09574240807143222
703.3069306930693,0.09942032879592534
703.3267326732673,0.10302332916803662
703.3465346534654,0.10654550150114774
703.3663366336633,0.10998136946886732
703.3861386138615,0.1133258314760525
703.4059405940594,0.11657411628301245
703.4257425742574,0.11972174807593074
703.4455445544554,0.12276451886823184
703.4653465346535,0.12569846662734366
703.4851485148515,0.12851985789870696
703.5049504950495,0.13122517398124314
703.5247524752476,0.1338110999205298
703.5445544554456,0.13627451574675162
703.5643564356435,0.13861248950719854
703.5841584158416,0.1408222717371843
703.6039603960396,0.14290129108622387
703.6237623762377,0.1448471508729065
703.6435643564356,0.14665762638641983
703.6633663366337,0.1483306627876427
703.6831683168317,0.14986437349063858
703.7029702970297,0.15125703892738704
703.7227722772277,0.15250710561669958
703.7425742574258,0.15361318547255806
703.7623762376238,0.1545740552989724
703.7821782178218,0.15538865642825955
703.8019801980198,0.1560560944676106
703.8217821782179,0.15657563912567654
703.8415841584158,0.15694672409678334
703.8613861386139,0.15716894698522127
703.8811881188119,0.15724206925668924
703.9009900990098,0.1571660162078471
703.9207920792079,0.15694087694873843
703.940594059406,0.1565669043963253
703.960396039604,0.1560445152809096
703.980198019802,0.15537429017073387
704.0,0.15455697352382358
704.019801980198,0.1535934737800384
704.039603960396,0.15248486351085197
704.059405940594,0.15123237964935035
704.0792079207921,0.14983742382866572
704.0990099009902,0.1483015628639762
704.1188118811881,0.14662652942125226
704.1386138613861,0.14481422292552223
704.1584158415842,0.14286671077340066
704.1782178217821,0.14078622992893458
704.1980198019802,0.13857518899973753
704.2178217821782,0.13623617091242388
704.2376237623763,0.1337719363342877
704.2574257425742,0.13118542802286723
704.2772277227723,0.12847977632955776
704.2970297029703,0.12565830613987128
704.3168316831683,0.12272454560555435
704.3366336633663,0.11968223711764567
704.3564356435644,0.11653535109191285
704.3762376237623,0.11328810329795393
704.3960396039604,0.10994497667479004
704.4158415841584,0.10651074885647543
704.4356435643565,0.1029905270070159
704.4554455445544,0.09938979207079124
704.4752475247525,0.09571445523224766
704.4950495049505,0.09197093031934166
704.5148514851485,0.0881662271789608
704.5346534653465,0.08430807284257175
704.5544554455446,0.08040506978821141
704.5742574257426,0.07646690406882353
704.5940594059406,0.07250462089488158
704.6138613861385,0.06853099191346469
704.6336633663367,0.06456100746393749
704.6534653465346,0.06061253894871521
704.6732673267327,0.05670723093941727
704.6930693069307,0.052871697569240775
704.7128712871288,0.049139105836204934
704.7326732673267,0.04555121042818566
704.7524752475247,0.04216081658980026
704.7722772277228,0.03903440221923975
704.7920792079208,0.036254091386643185
704.8118811881188,0.03391723235363722
704.8316831683169,0.03213074334404374
704.8514851485148,0.030997377508042108
704.8712871287129,0.030594344782256023
704.8910891089108,0.030951688621396474
704.910891089109,0.0320425482544892
704.9306930693069,0.033791885357032765
704.950495049505,0.03609775241675558
704.970297029703,0.03885296755859474
704.990099009901,0.041959365804679266
705.009900990099,0.04533386008079638
705.029702970297,0.04890908142790511
705.0495049504951,0.05263148506218318
705.0693069306931,0.05645873537342441
705.089108910891,0.060357221594027365
705.1089108910892,0.06429999495412406
705.1287128712871,0.0682651596710087
705.1485148514852,0.07223465572356759
705.1683168316831,0.07619335079143655
705.1881188118813,0.08012836599384636
705.2079207920792,0.08402857487903011
705.2277227722772,0.08788422972203398
705.2475247524753,0.09168668122297238
705.2673267326733,0.09542816689604028
705.2871287128713,0.09910165022101343
705.3069306930693,0.10270069754216996
705.3267326732673,0.10621938323288167
705.3465346534654,0.10965221618119866
705.3663366336633,0.11299408247724785
705.3861386138615,0.11624020050220966
705.4059405940594,0.11938608557684043
705.4257425742575,0.12242752202835534
705.4455445544554,0.12536054105013072
705.4653465346535,0.12818140311152804
705.4851485148515,0.13088658396036845
705.5049504950495,0.1334727634759312
705.5247524752476,0.13593681679261022
705.5445544554456,0.13827580723893265
705.5643564356435,0.1404869807317484
705.5841584158416,0.142567761339176
705.6039603960396,0.14451574778333343
705.6237623762377,0.1463287106987624
705.6435643564356,0.1480045904978964
705.6633663366338,0.14954149572303221
705.6831683168317,0.15093770178682228
705.7029702970297,0.15219165002115423
705.7227722772277,0.15330194696910798
705.7425742574258,0.15426736386656198
705.7623762376238,0.15508683626973266
705.7821782178218,0.1557594637932681
705.8019801980198,0.15628450993023624
705.8217821782179,0.1566614019313408
705.8415841584158,0.1568897307255773
705.8613861386139,0.15696925086919525
705.8811881188119,0.156899880513782
705.90099009901,0.15668170138795398
705.9207920792079,0.15631495879085303
705.940594059406,0.1558000615990274
705.960396039604,0.1551375822917866
705.980198019802,0.1543282570040431
706.0,0.15337298561939
706.019801980198,0.15227283192074398
706.039603960396,0.15102902382085198
706.059405940594,0.14964295370077715
706.0792079207921,0.1481161788910129
706.0990099009902,0.14645042233828587
706.1188118811881,0.14464757351033966
706.1386138613861,0.14270968960306624
706.1584158415842,0.1406389971283892
706.1782178217821,0.13843789397916262
706.1980198019802,0.13610895208934576
706.2178217821782,0.1336549208350304
706.2376237623763,0.13107873135672465
706.2574257425742,0.1283835020270543
706.2772277227723,0.12557254534410936
706.2970297029703,0.12264937660244311
706.3168316831683,0.11961772478674572
706.3366336633663,0.11648154625386561
706.3564356435644,0.11324504192738757
706.3762376237624,0.10991267893741778
706.3960396039604,0.10648921791575584
706.4158415841584,0.10297974752738553
706.4356435643565,0.0993897283189262
706.4554455445544,0.09572504864295586
706.4752475247525,0.0919920963430396
706.4950495049505,0.08819785115839611
706.5148514851485,0.08435000456752076
706.5346534653465,0.08045711623559802
706.5544554455446,0.07652881963244726
706.5742574257426,0.07257609411641035
706.5940594059406,0.0686116273055948
706.6138613861386,0.06465030041738937
706.6336633663367,0.060709840879302965
706.6534653465346,0.05681170071833605
706.6732673267327,0.05298223393620864
706.6930693069307,0.04925425424335382
706.7128712871288,0.04566903764120524
706.7326732673267,0.04227875002721993
706.7524752475247,0.039149044078190996
706.7722772277228,0.036361049430839745
706.7920792079208,0.03401106775208582
706.8118811881188,0.03220520535466415
706.8316831683169,0.03104609515289396
706.8514851485149,0.03061194448855516
706.8712871287129,0.03093491820378247
706.8910891089108,0.03199079081263173
706.910891089109,0.03370680595656514
706.9306930693069,0.03598241065881871
706.950495049505,0.03871092589734727
706.970297029703,0.0417940905761253
706.990099009901,0.045148433237469
707.009900990099,0.04870612036181718
707.029702970297,0.052413167803177514
707.0495049504951,0.05622686543666959
707.0693069306931,0.06011329923664983
707.0891089108911,0.06404528116426582
707.1089108910892,0.06800072894102124
707.1287128712871,0.07196143780733813
707.1485148514852,0.07591216307476882
707.1683168316831,0.07983993835562529
707.1881188118813,0.0837335687288855
707.2079207920792,0.08758325258846583
707.2277227722772,0.09138029796230644
707.2475247524753,0.09511690833695333
707.2673267326733,0.09878601985853391
707.2871287128713,0.10238117674157612
707.3069306930693,0.10589643528918498
707.3267326732674,0.10932628949422588
707.3465346534654,0.11266561303896308
707.3663366336633,0.11590961384559877
707.3861386138615,0.11905379830062379
707.4059405940594,0.12209394298531345
707.4257425742575,0.12502607226715787
707.4455445544554,0.12784644049434746
707.4653465346535,0.13055151782462113
707.4851485148515,0.13313797893738114
707.5049504950495,0.1356026940426795
707.5247524752476,0.13794272172638863
707.5445544554456,0.14015530326738462
707.5643564356436,0.1422378581370761
707.5841584158416,0.14418798044984818
707.6039603960396,0.1460034361782466
707.6237623762377,0.14768216098267303
707.6435643564356,0.14922225853386575
707.6633663366338,0.15062199922897437
707.6831683168317,0.15187981922040344
707.7029702970297,0.15299431969135568
707.7227722772277,0.15396426632407317
707.7425742574258,0.15478858891667077
707.7623762376238,0.1554663811126544
707.7821782178218,0.15599690021431173
707.8019801980199,0.15637956705683284
707.8217821782179,0.15661396592535126
707.8415841584158,0.15669984450134286
707.8613861386139,0.15663711382917878
707.8811881188119,0.15642584829706
707.90099009901,0.1560662856304065
707.9207920792079,0.15555882689909664
707.940594059406,0.1549040365435989
707.960396039604,0.15410264242868013
707.980198019802,0.15315553593744302
708.0,0.15206377212275393
708.019801980198,0.150828569938273
708.0396039603961,0.1494513125767619
708.059405940594,0.14793354795034686
708.0792079207921,0.14627698935524558
708.0990099009902,0.14448351637305024
708.1188118811881,0.1425551760723104
708.1386138613861,0.1404941845884229
708.1584158415842,0.13830292917730863
708.1782178217821,0.13598397086019196
708.1980198019802,0.1335400478040419
708.2178217821782,0.13097407961659338
708.2376237623763,0.12828917277825333
708.2574257425742,0.1254886274886745
708.2772277227723,0.1225759462769899
708.2970297029703,0.11955484481644857
708.3168316831683,0.11642926550384283
708.3366336633663,0.11320339452042855
708.3564356435644,0.10988168329742376
708.3762376237624,0.10646887558282053
708.3960396039604,0.10297004167235549
708.4158415841583,0.09939062186043261
708.4356435643565,0.09573648183510218
708.4554455445544,0.09201398365369928
708.4752475247525,0.0882300771896623
708.4950495049505,0.08439241867307351
708.5148514851486,0.08050952535123107
708.5346534653465,0.07659097863721652
708.5544554455445,0.07264769275606395
708.5742574257426,0.06869227229916634
708.5940594059406,0.06473949078381201
708.6138613861386,0.06080693370736675
708.6336633663367,0.05691586352045896
708.6534653465346,0.05309237841908816
708.6732673267327,0.049368945106341454
708.6930693069306,0.045786369872461
708.7128712871288,0.04239619164422075
708.7326732673267,0.039263253767244106
708.7524752475248,0.03646770910525426
708.7722772277228,0.034104826578906663
708.7920792079208,0.032279900032926696
708.8118811881188,0.03109541554421412
708.8316831683168,0.030630524738545165
708.8514851485149,0.030919455108117725
708.8712871287129,0.03194058223629597
708.8910891089108,0.03362343378486387
708.910891089109,0.03586887610101893
708.9306930693069,0.038570760652634845
708.950495049505,0.041630750031178956
708.9702970297029,0.04496499916401548
708.9900990099011,0.04850521439137572
709.009900990099,0.052196973138729064
709.029702970297,0.055997190125857306
709.0495049504951,0.05987164688924909
709.0693069306931,0.06379291488468551
709.0891089108911,0.06773872423474753
709.1089108910891,0.07169072452333564
709.1287128712871,0.07563355795457445
709.1485148514852,0.07955417004718167
709.1683168316831,0.08344129694720824
709.1881188118813,0.08728508280022937
709.2079207920792,0.09107679266927271
709.2277227722773,0.09480859577778125
709.2475247524752,0.09847340074677162
709.2673267326733,0.10206472950362498
709.2871287128713,0.10557662015022864
709.3069306930693,0.10900355167414559
709.3267326732674,0.11234038525621928
709.3465346534654,0.1155823182795454
709.3663366336633,0.11872484812719403
709.3861386138614,0.1217637435745756
709.4059405940594,0.1246950221111993
709.4257425742575,0.12751493191881627
709.4455445544554,0.13021993752584526
709.4653465346536,0.1328067083780296
709.4851485148515,0.1352721097322549
709.5049504950495,0.1376131954075726
709.5247524752475,0.13982720202508936
709.5445544554456,0.14191154444389675
709.5643564356436,0.1438638121590098
709.5841584158416,0.14568176647323336
709.6039603960396,0.14736333829099824
709.6237623762377,0.14890662641122518
709.6435643564356,0.15030989621893862
709.6633663366337,0.1515715786939984
709.6831683168317,0.15269026967023205
709.7029702970298,0.1536647292902235
709.7227722772277,0.1544938816113576
709.7425742574258,0.15517681432681663
709.7623762376238,0.15571277857225108
709.7821782178218,0.1561011887948264
709.8019801980198,0.1563416226665297
709.8217821782179,0.15643382102802603
709.8415841584158,0.15637768785359013
709.8613861386139,0.15617329023125015
709.8811881188119,0.15582085835601378
709.90099009901,0.1553207855374125
709.9207920792079,0.15467362822630676
709.9405940594058,0.15388010606944574
709.960396039604,0.15294110200435784
709.980198019802,0.15185766241156035
710.0,0.15063099734591776
710.019801980198,0.14926248087480354
710.0396039603961,0.14775365155739878
710.059405940594,0.14610621310725722
710.079207920792,0.1443220352900108
710.0990099009902,0.14240315511936721
710.1188118811881,0.140351778428934
710.1386138613861,0.1381702819145739
710.1584158415842,0.13586121576384733
710.1782178217821,0.13342730701583402
710.1980198019802,0.1308714638289088
710.2178217821781,0.128196780876964
710.2376237623763,0.12540654614941996
710.2574257425742,0.12250424950096805
710.2772277227723,0.1194935933876381
710.2970297029703,0.11637850634427031
710.3168316831683,0.11316315991283125
710.3366336633663,0.10985198993502347
710.3564356435643,0.10644972339276856
710.3762376237624,0.10296141234170561
710.3960396039604,0.0993924769687544
710.4158415841583,0.09574876046385168
710.4356435643565,0.09203659929501505
710.4554455445544,0.08826291371004595
710.4752475247525,0.08443532499256962
710.4950495049504,0.08056230836291386
710.5148514851486,0.07665339369756072
710.5346534653465,0.07271943079703866
710.5544554455445,0.06877294221243747
710.5742574257426,0.0648285951575654
710.5940594059406,0.060903835204188544
710.6138613861386,0.05701973813084568
710.6336633663366,0.0532021505528006
710.6534653465346,0.04948319828999507
710.6732673267327,0.0459032266625243
710.6930693069306,0.04251315967260454
710.7128712871288,0.03937704681079836
710.7326732673267,0.03657408142944387
710.7524752475248,0.03419851342342361
710.7722772277227,0.03235482414394794
710.7920792079208,0.031145327614829802
710.8118811881188,0.030650068325678174
710.8316831683168,0.030905278539447828
710.8514851485149,0.03189190016631926
710.8712871287129,0.03354174576849265
710.8910891089108,0.035757124959722955
710.9108910891089,0.03843244706844975
710.9306930693069,0.04146931824076077
710.950495049505,0.044783530690910796
710.9702970297029,0.04830633513737889
710.9900990099011,0.05198287156028352
711.009900990099,0.05576967889976397
711.029702970297,0.05963223307385701
711.049504950495,0.06354286378904729
711.0693069306931,0.06747911245675957
711.0891089108911,0.0714224820778061
711.1089108910891,0.07535750100248213
711.1287128712871,0.07927102606362169
711.1485148514852,0.08315172400643896
711.1683168316831,0.08698968435773521
711.1881188118812,0.09077612892044731
711.2079207920792,0.09450319241766253
711.2277227722773,0.09816375575255211
711.2475247524752,0.10175131840693424
711.2673267326733,0.10525990014977225
711.2871287128713,0.10868396485265268
711.3069306930693,0.11201836110100878
711.3267326732673,0.11525827565831888
711.3465346534654,0.11839919683480032
711.3663366336633,0.12143688553979917
711.3861386138614,0.12436735233251943
711.4059405940594,0.127186839182785
711.4257425742575,0.12989180495020186
711.4455445544554,0.13247891381280405
711.4653465346535,0.1349450260452679
711.4851485148515,0.13728719067539646
711.5049504950495,0.13950263964640733
711.5247524752475,0.14158878318912135
711.5445544554456,0.1435432061672407
711.5643564356436,0.1453636652057107
711.5841584158416,0.14704808644862793
711.6039603960396,0.14859456382240122
711.6237623762377,0.15000135770286133
711.6435643564356,0.15126689390381176
711.6633663366337,0.1523897629196361
711.6831683168317,0.15336871936668572
711.7029702970298,0.15420268157845984
711.7227722772277,0.15489073131802863
711.7425742574258,0.1554321135778894
711.7623762376238,0.15582623644403976
711.7821782178218,0.15607267100534897
711.8019801980198,0.156171151294941
711.8217821782179,0.15612157425336762
711.8415841584158,0.1559239997080026
711.8613861386139,0.155578650365958
711.8811881188119,0.15508591182194215
711.90099009901,0.15444633258565135
711.9207920792079,0.15366062413710033
711.940594059406,0.1527296610223704
711.960396039604,0.15165448100639198
711.980198019802,0.15043628530471717
712.0,0.1490764389213684
712.019801980198,0.14757647112709693
712.0396039603961,0.1459380761197689
712.059405940594,0.14416311391836112
712.079207920792,0.14225361155334726
712.0990099009902,0.14021176463038182
712.1188118811881,0.13803993936133205
712.1386138613861,0.13574067517826166
712.1584158415842,0.13331668807273192
712.1782178217823,0.13077087483635275
712.1980198019802,0.12810631842141285
712.2178217821781,0.1253262946945369
712.2376237623763,0.12243428092618291
712.2574257425742,0.11943396644866093
712.2772277227723,0.1163292660322852
712.2970297029703,0.11312433668209926
712.3168316831683,0.10982359875897776
712.3366336633663,0.106431762595943
712.3564356435643,0.10295386213695203
712.3762376237624,0.09939529760540693
712.3960396039604,0.09576188985866799
712.4158415841584,0.09205994997112675
712.4356435643565,0.08829636880339517
712.4554455445544,0.0844787329919887
712.4752475247525,0.08061547611730432
712.4950495049504,0.07671607703314931
712.5148514851486,0.07279132181473309
712.5346534653465,0.06885365194380004
712.5544554455445,0.06491762970274359
712.5742574257426,0.061000562703190146
712.5940594059406,0.057123342893985324
712.6138613861386,0.05331156943714114
712.6336633663366,0.04959703324278628
712.6534653465347,0.04601962717592703
712.6732673267327,0.042629672041370574
712.6930693069306,0.03949043855026159
712.7128712871288,0.036680177416191354
712.7326732673267,0.03429213309448562
712.7524752475248,0.03242997491158107
712.7722772277227,0.031195820946195194
712.7920792079208,0.03067055878810893
712.8118811881188,0.03089236846434078
712.8316831683168,0.03184472299374279
712.8514851485149,0.03346171957832581
712.8712871287129,0.03564713419843128
712.8910891089109,0.03829596114050973
712.9108910891089,0.041309770029834485
712.9306930693069,0.04460400140262159
712.950495049505,0.04810945497341422
712.9702970297029,0.05177083431061305
712.9900990099011,0.055544301967276326
713.009900990099,0.05939502706192529
713.029702970297,0.06329509630021093
713.049504950495,0.06722186126091305
713.0693069306931,0.07115667742656172
713.0891089108911,0.07508395854004576
713.1089108910891,0.07899047215032862
713.1287128712872,0.08286481512950135
713.1485148514852,0.08669702201181609
713.1683168316831,0.09047827104255356
713.1881188118812,0.09420066220533649
713.2079207920792,0.09785704849135446
713.2277227722773,0.10144090677740356
713.2475247524752,0.10494623836710691
713.2673267326733,0.10836749190475918
713.2871287128713,0.11169950328594733
713.3069306930693,0.11493744857364764
713.3267326732673,0.11807680693548855
713.3465346534654,0.1211133313542898
713.3663366336634,0.12404302540635281
713.3861386138614,0.12686212480381884
713.4059405940594,0.1295670826977861
713.4257425742575,0.1321545579643099
713.4455445544554,0.1346214058665069
713.4653465346535,0.13696467061618225
713.4851485148515,0.13918157945832327
713.5049504950495,0.14126953797919037
713.5247524752475,0.14322612639885765
713.5445544554456,0.14504909665591662
713.5643564356436,0.14673637012939753
713.5841584158416,0.14828603587206132
713.6039603960396,0.14969634925300523
713.6237623762377,0.1509657309259681
713.6435643564356,0.15209276605536487
713.6633663366337,0.15307620374415318
713.6831683168317,0.15391495661824814
713.7029702970298,0.15460810053015883
713.7227722772277,0.1551548743522258
713.7425742574258,0.15555467983534088
713.7623762376238,0.15580708151471134
713.7821782178218,0.1559118066484299
713.8019801980198,0.15586874517905508
713.8217821782179,0.15567794971200766
713.8415841584159,0.1553396355082899
713.8613861386139,0.1548541804925291
713.8811881188119,0.15422212528089335
713.90099009901,0.1534441732371622
713.9207920792079,0.15252119056918045
713.940594059406,0.15145420648230706
713.960396039604,0.15024441341135264
713.980198019802,0.14889316735816546
714.0,0.14740198836873333
714.019801980198,0.14577256119130766
714.0396039603961,0.14400673616665402
714.059405940594,0.14210653041275445
714.0792079207921,0.14007412938025762
714.0990099009902,0.13791188887219002
714.1188118811881,0.13562233764249126
714.1386138613861,0.13320818071471394
714.1584158415842,0.13067230359548285
714.1782178217823,0.12801777759956973
714.1980198019802,0.12524786655745082
714.2178217821781,0.1223660352448267
714.2376237623763,0.11937595996304212
714.2574257425742,0.11628154181463034
714.2772277227723,0.1130869233693851
714.2970297029703,0.10979650961542231
714.3168316831684,0.10641499435327748
714.3366336633663,0.10294739354301695
714.3564356435643,0.09939908758769653
714.3762376237624,0.09577587517665
714.3960396039604,0.09208404218512053
714.4158415841584,0.08833045032319738
714.4356435643565,0.08452265187709662
714.4554455445544,0.08066903917034857
714.4752475247525,0.07677904054195649
714.4950495049504,0.07286337903131203
714.5148514851486,0.06893441600662091
714.5346534653465,0.0650066101668844
714.5544554455446,0.06109713309096017
714.5742574257426,0.05722669568002397
714.5940594059406,0.05342065367572901
714.6138613861386,0.04971046890564797
714.6336633663366,0.04613559007617528
714.6534653465347,0.04274574621375576
714.6732673267327,0.0396034439383421
714.6930693069306,0.03678600781882656
714.7128712871288,0.03438569031860436
714.7326732673267,0.03250534966997458
714.7524752475248,0.031246885382039905
714.7722772277227,0.030691979997179417
714.7920792079209,0.030880705187253825
714.8118811881188,0.03179902943550689
714.8316831683168,0.03338333321413107
714.8514851485149,0.03553888112831275
714.8712871287129,0.03816127923698045
714.8910891089109,0.041152080620276754
714.9108910891089,0.04442638530297189
714.9306930693069,0.047914546713041226
714.950495049505,0.05156083309186369
714.9702970297029,0.055321030015184625
714.9900990099011,0.059159998620491455
715.009900990099,0.06304958135354985
715.0297029702971,0.066966938829706
715.049504950495,0.07089327806935167
715.0693069306931,0.07481289744715401
715.0891089108911,0.0787124746245269
715.1089108910891,0.08258053612377159
715.1287128712872,0.08640706110954993
715.1485148514852,0.09018318396938904
715.1683168316831,0.09390096970654535
715.1881188118812,0.09755324320471351
715.2079207920792,0.10113345857525631
715.2277227722773,0.10463559852318903
715.2475247524752,0.10805409635366567
715.2673267326734,0.11138377517753796
715.2871287128713,0.1146198002760394
715.3069306930693,0.11775764160414291
715.3267326732673,0.12079304415741982
715.3465346534654,0.12372200447644659
715.3663366336634,0.1265407519697263
715.3861386138614,0.12924573403986656
715.4059405940594,0.13183360422641255
715.4257425742575,0.13430121275137266
715.4455445544554,0.13664559898554623
715.4653465346535,0.13886398545499018
715.4851485148515,0.14095377308484325
715.5049504950496,0.14291253743888013
715.5247524752475,0.14473802576050174
715.5445544554456,0.14642815465849038
715.5643564356436,0.14798100831046537
715.5841584158416,0.14939483708079465
715.6039603960396,0.15066805646865325
715.6237623762377,0.15179924631741526
715.6435643564356,0.15278715022905462
715.6633663366337,0.15363067513754167
715.6831683168317,0.15432889100389777
715.7029702970298,0.15488103060253633
715.7227722772277,0.15528648937485065
715.7425742574258,0.15554482533104275
715.7623762376238,0.15565575898607015
715.7821782178218,0.15561917331944494
715.8019801980198,0.15543511375268113
715.8217821782179,0.15510378814168976
715.8415841584159,0.15462556678496725
715.8613861386139,0.15400098245201113
715.8811881188118,0.1532307304400294
715.90099009901,0.15231566867110055
715.9207920792079,0.1512568178461103
715.940594059406,0.15005536167689304
715.960396039604,0.1487126472234383
715.9801980198021,0.14723018536976473
716.0,0.14560965147973653
716.0198019801979,0.14385288628347
716.0396039603961,0.14196189705630677
716.059405940594,0.13993885916601737
716.0792079207921,0.1377861180810757
716.0990099009902,0.13550619195379018
716.1188118811881,0.1331017749184012
716.1386138613861,0.13057574127747443
716.1584158415841,0.1279311507916
716.1782178217823,0.1251712553409456
716.1980198019802,0.1222995072951698
716.2178217821782,0.11931957001669631
716.2376237623763,0.11623533103627565
716.2574257425742,0.11305091858945598
716.2772277227723,0.10977072239897213
716.2970297029702,0.10639941984864137
716.3168316831684,0.10294200904165264
716.3366336633663,0.09940385070308908
716.3564356435643,0.09579072151784558
716.3762376237624,0.09210888235519404
716.3960396039604,0.08836516600957035
716.4158415841584,0.08456709071109537
716.4356435643564,0.08072300790555074
716.4554455445545,0.07684229591888816
716.4752475247525,0.07293561543469483
716.4950495049504,0.06901524864850192
716.5148514851486,0.0650955520003077
716.5346534653465,0.061193562926293917
716.5544554455446,0.05732981400321596
716.5742574257425,0.053529421493306036
716.5940594059406,0.04982352382716837
716.6138613861386,0.04625113363754046
716.6336633663366,0.042861399293571675
716.6534653465347,0.039716077637162964
716.6732673267327,0.03689158321761696
716.6930693069307,0.034479189811487086
716.7128712871287,0.032580945918565474
716.7326732673267,0.03129851106732752
716.7524752475248,0.030714316181809732
716.7722772277227,0.030870269360692596
716.7920792079209,0.031754798530007934
716.8118811881188,0.03330656498613051
716.8316831683168,0.03543234337762083
716.8514851485148,0.03802837805802595
716.8712871287129,0.04099622558269071
716.8910891089109,0.044250656760942225
716.9108910891089,0.04772158355105464
716.930693069307,0.0513528400033721
716.950495049505,0.05509983414344704
716.9702970297029,0.0589271179457524
716.990099009901,0.06280628832941502
717.009900990099,0.06671431380611312
717.0297029702971,0.07063225198146435
717.049504950495,0.07454428509380266
717.0693069306931,0.07843700030751735
717.0891089108911,0.08229885331401768
717.1089108910891,0.08611976752798257
717.1287128712871,0.08989083317666827
717.1485148514852,0.09360408004017522
717.1683168316832,0.09725230469785118
717.1881188118812,0.10082893833413874
717.2079207920792,0.10432794492149003
717.2277227722773,0.10774374231347206
717.2475247524752,0.11107114074082694
717.2673267326733,0.11430529462147111
717.2871287128713,0.11744166462737197
717.3069306930693,0.12047598770585226
717.3267326732673,0.12340425330870641
717.3465346534654,0.12622268449457297
717.3663366336634,0.12892772287743381
717.3861386138614,0.1315160166255471
717.4059405940594,0.13398441088994897
717.4257425742575,0.13632994017521452
717.4455445544554,0.13854982226747903
717.4653465346535,0.14064145341386192
717.4851485148515,0.14260240450886202
717.5049504950496,0.1444304180914798
717.5247524752475,0.1461234059947152
717.5445544554455,0.147679447519094
717.5643564356436,0.1490967880258303
717.5841584158416,0.15037383786458217
717.6039603960396,0.15150917156615465
717.6237623762377,0.15250152724331567
717.6435643564357,0.15334980615329905
717.6633663366337,0.15405307238406044
717.6831683168316,0.1546105526337894
717.7029702970298,0.15502163605925648
717.7227722772277,0.15528587417376488
717.7425742574258,0.1554029807803127
717.7623762376238,0.1553728319296366
717.7821782178218,0.15519546589665434
717.8019801980198,0.1548710831724665
717.8217821782177,0.15440004647265507
717.8415841584159,0.15378288076610788
717.8613861386139,0.1530202733323614
717.8811881188119,0.15211307385934217
717.90099009901,0.15106229459780193
717.9207920792079,0.14986911059351624
717.940594059406,0.14853486002408758
717.9603960396039,0.1470610446735354
717.9801980198021,0.14544933058568565
718.0,0.14370154894675477
718.0198019801979,0.14181969725844162
718.0396039603961,0.13980594087688172
718.059405940594,0.13766261500949273
718.0792079207921,0.13539222728260739
718.09900990099,0.1329974610190239
718.1188118811882,0.13048117939740755
718.1386138613861,0.1278464307066936
718.1584158415841,0.12509645496182772
718.1782178217823,0.12223469221442863
718.1980198019802,0.11926479297931498
718.2178217821782,0.11619063131081227
718.2376237623762,0.11301632121054819
718.2574257425742,0.10974623724260067
718.2772277227723,0.10638504048918183
718.2970297029702,0.10293771132293611
718.3168316831684,0.09940959093259004
718.3366336633663,0.09580643416123152
718.3564356435644,0.09213447706408935
718.3762376237623,0.08840052375317944
718.3960396039604,0.08461205869414538
718.4158415841584,0.08077739283036077
718.4356435643564,0.07690585497055805
718.4554455445545,0.07300804411332017
718.4752475247525,0.06909616420781976
718.4950495049504,0.06518447073658458
718.5148514851485,0.061289868846975376
718.5346534653465,0.05743271545767492
718.5544554455446,0.05363789120327822
718.5742574257425,0.04993621666590817
718.5940594059407,0.04636627628493961
718.6138613861386,0.04297664860486606
718.6336633663366,0.0398283546387828
718.6534653465346,0.03699691468046533
718.6732673267327,0.03457263697576338
718.6930693069307,0.03265676205128691
718.7128712871287,0.031350689200220584
718.7326732673267,0.030737552689495386
718.7524752475248,0.030861042736838543
718.7722772277227,0.03171201036047522
718.7920792079208,0.03323139419570086
718.8118811881188,0.03532749952187523
718.8316831683169,0.03789723521299371
718.8514851485148,0.040842181361719736
718.8712871287129,0.04407679098734713
718.8910891089109,0.04753053949560008
718.9108910891089,0.05114682793353697
718.9306930693069,0.054880686220877516
718.950495049505,0.05869635598627685
718.9702970297029,0.06256518734719968
718.990099009901,0.0664639555614572
719.009900990099,0.07037356785801013
719.0297029702971,0.07427808956293469
719.049504950495,0.0781640167280106
719.0693069306931,0.08201973372793316
719.0891089108911,0.08583510784345036
719.1089108910891,0.0896011848362954
719.1287128712871,0.09330995901862747
719.1485148514852,0.09695419846710118
719.1683168316832,0.10052731127664276
719.1881188118812,0.10402324255227478
719.2079207920792,0.10743639458288451
719.2277227722773,0.11076156462323497
719.2475247524752,0.11399389614589886
719.2673267326733,0.11712884046914858
719.2871287128713,0.12016212643076203
719.3069306930694,0.12308973634041616
719.3267326732673,0.12590788686041235
719.3465346534654,0.1286130137756665
719.3663366336634,0.13120175984812182
719.3861386138614,0.13367096512775484
719.4059405940594,0.1360176592273546
719.4257425742575,0.13823905517187765
719.4455445544554,0.14033254451320137
719.4653465346535,0.1422956934632076
719.4851485148515,0.14412623984692727
719.5049504950496,0.14582209071564853
719.5247524752475,0.1473813204904375
719.5445544554456,0.14880216953049083
719.5643564356436,0.15008304304050354
719.5841584158416,0.15122251024667677
719.6039603960396,0.15221930378389625
719.6237623762377,0.15307231924723885
719.6435643564357,0.15378061486946604
719.6633663366337,0.15434341129365048
719.6831683168316,0.15476009141621264
719.7029702970298,0.15503020028096595
719.7227722772277,0.15515344500949071
719.7425742574258,0.15512969475732397
719.7623762376238,0.15495898068936953
719.7821782178219,0.15464149597146318
719.8019801980198,0.15417759577872875
719.8217821782177,0.15356779732476436
719.8415841584159,0.15281277991952977
719.8613861386139,0.15191338506762933
719.8811881188119,0.15087061662316828
719.90099009901,0.14968564102198179
719.9207920792079,0.148359787617938
719.940594059406,0.1468945491561473
719.9603960396039,0.14529158242395473
719.9801980198021,0.1435527091295171
720.0,0.14167991706906385
720.0198019801979,0.13967536165753403
720.0396039603961,0.13754136791388988
720.059405940594,0.13528043301331524
720.0792079207921,0.13289522954425081
720.09900990099,0.1303886096407721
720.1188118811882,0.12776361020189872
720.1386138613861,0.1250234594617022
720.1584158415841,0.12217158524099327
720.1782178217823,0.11921162529757058
720.1980198019802,0.11614744030396108
720.2178217821782,0.11298313012751837
720.2376237623762,0.1097230542797027
720.2574257425742,0.10637185765551951
720.2772277227723,0.10293450302264638
720.2970297029702,0.09941631217420722
720.3168316831684,0.09582301827310742
720.3366336633663,0.0921608327511806
720.3564356435644,0.08843653126933462
720.3762376237623,0.08465756481780513
720.3960396039604,0.08083220420893394
720.4158415841584,0.07696972922405358
720.4356435643564,0.07308067783828262
720.4554455445545,0.06917717666625911
720.4752475247525,0.06527338151187258
720.4950495049504,0.061386067051937235
720.5148514851485,0.05753541715751013
720.5346534653465,0.053746080600445986
720.5544554455446,0.0500485655295145
720.5742574257425,0.046481035872474444
720.5940594059407,0.04309151090247314
720.6138613861386,0.039940289400566556
720.6336633663366,0.037102012817558774
720.6534653465346,0.03466603687399167
720.6732673267327,0.032732796254933354
720.6930693069307,0.03140341087324694
720.7128712871287,0.030761674796504383
720.7326732673267,0.0308530069758737
720.7524752475248,0.03167064488778446
720.7722772277227,0.03315780001322583
720.7920792079208,0.03522432801962097
720.8118811881188,0.037767828219897166
720.8316831683169,0.040689924339629514
720.8514851485148,0.04390476315948168
720.8712871287129,0.04734138854923587
720.8910891089109,0.05094276979209441
720.9108910891089,0.05466355816352294
720.9306930693069,0.05846768376259684
720.950495049505,0.06232624862179891
720.9702970297029,0.06621583358483056
720.990099009901,0.0701171945327516
721.009900990099,0.07401427909577103
721.0297029702971,0.07789349159130146
721.049504950495,0.08174314458681765
721.0693069306931,0.08555304884163784
721.0891089108911,0.08931420534409285
721.1089108910891,0.09301857269167056
721.1287128712871,0.09665889025849794
721.1485148514852,0.10022854288629354
721.1683168316832,0.1037214566769832
721.1881188118812,0.10713201824103773
721.2079207920792,0.11045501176089105
721.2277227722773,0.11368556968137065
721.2475247524752,0.11681913389602344
721.2673267326733,0.11985142507150479
721.2871287128713,0.12277841832178918
721.3069306930694,0.12559632386612424
721.3267326732673,0.12830157161969638
721.3465346534654,0.13089079890285202
721.3663366336634,0.13336084063417392
721.3861386138614,0.13570872150883
721.4059405940594,0.13793164976904143
721.4257425742575,0.14002701225391925
721.4455445544554,0.14199237047907906
721.4653465346535,0.14382545754562856
721.4851485148515,0.14552417571685491
721.5049504950496,0.1470865945315742
721.5247524752475,0.14851094934766887
721.5445544554456,0.1497956402290068
721.5643564356436,0.15093923110463656
721.5841584158416,0.1519404491423641
721.6039603960396,0.15279818428918102
721.6237623762377,0.1535114889399401
721.6435643564357,0.15407957770312555
721.6633663366337,0.154501827238467
721.6831683168316,0.1547777761470915
721.7029702970298,0.1549071248990028
721.7227722772277,0.1548897357874623
721.7425742574258,0.15472563290322577
721.7623762376238,0.15441500212571854
721.7821782178219,0.1539581911313133
721.8019801980198,0.153355709422876
721.8217821782177,0.15260822838810562
721.8415841584159,0.15171658139836122
721.8613861386139,0.15068176396377572
721.8811881188119,0.1495049339655702
721.90099009901,0.14818741199168384
721.9207920792079,0.1467306818086239
721.940594059406,0.1451363910099453
721.9603960396039,0.1434063518907926
721.9801980198021,0.14154254260928176
722.0,0.13954710870870451
722.019801980198,0.13742236509139674
722.0396039603961,0.13517079855542508
722.059405940594,0.13279507103110755
722.0792079207921,0.13029802368650503
722.09900990099,0.12768268211167827
722.1188118811882,0.12495226284341916
722.1386138613861,0.12211018155821833
722.1584158415841,0.11916006334676395
722.1782178217823,0.11610575559373952
722.1980198019802,0.11295134413118653
722.2178217821782,0.10970117352330193
722.2376237623762,0.10635987259162681
722.2574257425744,0.10293238662376662
722.2772277227723,0.0994240181571936
722.2970297029702,0.09584047883525712
722.3168316831684,0.09218795565578783
722.3366336633663,0.08847319605820941
722.3564356435644,0.08470361784385923
722.3762376237623,0.08088745206163427
722.3960396039604,0.07703392994956625
722.4158415841584,0.07315352911181623
722.4356435643564,0.0692582997264005
722.4554455445545,0.06536229917542026
722.4752475247525,0.06148217344901629
722.4950495049505,0.057637935927112256
722.5148514851485,0.0538540071997305
722.5346534653465,0.05016058826866231
722.5544554455446,0.046595430040244086
722.5742574257425,0.04320600279988716
722.5940594059407,0.04005189635231063
722.6138613861386,0.03720688837532184
722.6336633663366,0.03475939491527797
722.6534653465346,0.032809047291326186
722.6732673267327,0.03145666794846424
722.6930693069307,0.03078666866483661
722.7128712871287,0.030846144663966648
722.7326732673268,0.03163068300336696
722.7524752475248,0.03308576254122682
722.7722772277227,0.035122808266872425
722.7920792079208,0.03764013553872842
722.8118811881188,0.040539431841500946
722.8316831683169,0.04373454939520775
722.8514851485148,0.047154105651474404
722.8712871287129,0.05074063942204652
722.8910891089109,0.054448422817701944
722.9108910891089,0.05824107322347898
722.9306930693069,0.06208944329523126
722.950495049505,0.0659699182921259
722.970297029703,0.06986310176660285
722.990099009901,0.07375282286142466
723.009900990099,0.07762539353164546
723.0297029702971,0.08146905404217206
723.049504950495,0.08527355823976646
723.0693069306931,0.0890298620287297
723.0891089108911,0.09272988804310432
723.1089108910891,0.09636634675311595
723.1287128712871,0.09993259958244906
723.1485148514852,0.10342255349339949
723.1683168316832,0.10683057930361903
723.1881188118812,0.11015144802633138
723.2079207920792,0.1133802809957953
723.2277227722773,0.11651251060945114
723.2475247524752,0.11954384930096273
723.2673267326733,0.12247026493473567
723.2871287128713,0.12528796124001124
723.3069306930694,0.12799336222127836
723.3267326732673,0.1305830997218194
723.3465346534653,0.13305400349814892
723.3663366336634,0.1354030933017567
723.3861386138614,0.1376275725702616
723.4059405940594,0.1397248234121675
723.4257425742575,0.1416924026328236
723.4455445544555,0.14352803859913857
723.4653465346535,0.14522962877968723
723.4851485148514,0.14679523782786727
723.5049504950496,0.14822309610052403
723.5247524752475,0.14951159852433266
723.5445544554456,0.15065930373819023
723.5643564356436,0.15166493345310272
723.5841584158416,0.15252737198150104
723.6039603960396,0.15324566589713512
723.6237623762376,0.1538190237937485
723.6435643564357,0.1542468161174935
723.6633663366337,0.1545285750529295
723.6831683168317,0.15466399444773737
723.7029702970298,0.15465292976509068
723.7227722772277,0.15449539805684828
723.7425742574258,0.15419157795409769
723.7623762376237,0.15374180967547607
723.7821782178219,0.15314659505689152
723.8019801980198,0.15240659761038772
723.8217821782177,0.15152264262330647
723.8415841584159,0.15049571731377964
723.8613861386139,0.14932697106286333
723.8811881188119,0.14801771574960437
723.9009900990098,0.14656942622140534
723.920792079208,0.14498374093988584
723.940594059406,0.1432624628514108
723.9603960396039,0.1414075605424784
723.9801980198021,0.13942116975352503
724.0,0.13730559534124184
724.019801980198,0.13506331379978592
724.039603960396,0.13269697647682185
724.059405940594,0.1302094136521487
724.0792079207921,0.12760363968709368
724.09900990099,0.12488285950396887
724.1188118811882,0.12205047672074561
724.1386138613861,0.11911010385016499
724.1584158415842,0.11606557508232408
724.1782178217821,0.11292096231222815
724.1980198019802,0.10968059526151079
724.2178217821782,0.10634908679129752
724.2376237623762,0.1029313648332188
724.2574257425744,0.09943271280819219
724.2772277227723,0.0958588209996961
724.2970297029702,0.09221585215957817
724.3168316831683,0.08851052573363445
724.3366336633663,0.0847502266182218
724.3564356435644,0.08094314646255919
724.3762376237623,0.07709846843963107
724.3960396039605,0.07322661042626184
724.4158415841584,0.0693395470478047
724.4356435643564,0.06545123849984899
724.4554455445544,0.06157820383586501
724.4752475247525,0.05774028844835821
724.4950495049505,0.05396168834447588
724.5148514851485,0.05027230254018379
724.5346534653465,0.04670947622451436
724.5544554455446,0.04332014071725585
724.5742574257425,0.040163189771438824
724.5940594059406,0.03731155202756777
724.6138613861386,0.03485271655216647
724.6336633663367,0.03288551409390272
724.6534653465346,0.03151045255476992
724.6732673267327,0.030812520749147462
724.6930693069307,0.030840438644331943
724.7128712871287,0.031592105802214505
724.7326732673267,0.03301526204792054
724.7524752475248,0.035022919808265406
724.7722772277227,0.03751413577360571
724.7920792079208,0.04039068133778634
724.8118811881188,0.043566125962007596
724.8316831683169,0.04696866589786708
724.8514851485148,0.05054041083082411
724.8712871287129,0.054235253204163045
724.8910891089109,0.05801649650335891
724.9108910891089,0.06185474270725211
724.9306930693069,0.06572618030946722
724.950495049505,0.0696112595433889
724.970297029703,0.0734936902645964
724.990099009901,0.07735969143132033
725.0099009900989,0.08119743050564522
725.0297029702971,0.08499660402687566
725.049504950495,0.08874812250189913
725.0693069306931,0.0924438723504092
725.0891089108911,0.09607653493584979
725.1089108910892,0.09963944809783533
725.1287128712871,0.10312649952161695
725.1485148514851,0.10653204411695444
725.1683168316832,0.10985083963044089
725.1881188118812,0.11307799620251739
725.2079207920792,0.1162089366628107
725.2277227722773,0.11923936514979765
725.2475247524752,0.12216524222417866
725.2673267326733,0.12498276507794015
725.2871287128712,0.1276883517637492
725.3069306930694,0.13027862861199635
725.3267326732673,0.13275042018626626
725.3465346534654,0.135100741267993
725.3663366336634,0.13732679046805818
725.3861386138614,0.13942594514621348
725.4059405940594,0.14139575738320367
725.4257425742574,0.14323395080108542
725.4455445544555,0.1449384180666644
725.4653465346535,0.146507218944333
725.4851485148514,0.14793857878975092
725.5049504950496,0.1492308873955872
725.5247524752475,0.15038269811711585
725.5445544554456,0.15139272721831945
725.5643564356435,0.15225985339009604
725.5841584158417,0.15298311740124157
725.6039603960396,0.15356172185016953
725.6237623762376,0.1539950309918732
725.6435643564357,0.15428257061991307
725.6633663366337,0.15442402798819183
725.6831683168317,0.15441925176139454
725.7029702970297,0.1542682519869592
725.7227722772277,0.15397120008508294
725.7425742574258,0.15352842885690687
725.7623762376237,0.15294043251449652
725.7821782178219,0.15220786674001277
725.8019801980198,0.15133154878532173
725.8217821782179,0.15031245762765416
725.8415841584158,0.14915173420164402
725.8613861386139,0.14785068173366808
725.8811881188119,0.14641076621067617
725.9009900990098,0.14483361702344968
725.920792079208,0.14312102783296776
725.940594059406,0.1412749577198285
725.9603960396039,0.13929753268954934
725.980198019802,0.13719104762338308
726.0,0.1349579687839869
726.019801980198,0.13260093701104375
726.039603960396,0.13012277177310402
726.0594059405942,0.12752647628216082
726.0792079207921,0.12481524392817611
726.09900990099,0.12199246635563563
726.1188118811881,0.11906174358781534
726.1386138613861,0.11602689671276639
726.1584158415842,0.11289198378608217
726.1782178217821,0.10966131979084363
726.1980198019802,0.10633950174007593
726.2178217821782,0.10293144033282901
726.2376237623762,0.09944240001175207
726.2574257425742,0.0958780498590571
726.2772277227723,0.09224452856738807
726.2970297029703,0.0885485278149326
726.3168316831683,0.08479739987445939
726.3366336633663,0.08099929735551574
726.3564356435644,0.07716335583856068
726.3762376237623,0.07329993410791194
726.3960396039604,0.06942093210667666
726.4158415841584,0.06554021405804146
726.4356435643564,0.06167417379584874
726.4554455445544,0.05784249117751702
726.4752475247525,0.0540691411467443
726.4950495049505,0.05038372577338738
726.5148514851485,0.04682319165320897
726.5346534653465,0.04343394090924487
726.5544554455446,0.04027418384662637
726.5742574257425,0.03741601447804158
726.5940594059406,0.034946007425420283
726.6138613861386,0.032962195957937986
726.6336633663367,0.03156475732607068
726.6534653465346,0.030839218081814567
726.6732673267327,0.030835872342739937
726.6930693069307,0.031554894937799616
726.7128712871287,0.032946279339969346
726.7326732673267,0.034924642717819525
726.7524752475248,0.03738980805428048
726.7722772277228,0.0402436508216524
726.7920792079208,0.0433994696469129
726.8118811881188,0.04678504490079555
726.8316831683169,0.050342058541004
726.8514851485148,0.0540240228584059
726.8712871287129,0.05779392625222829
726.8910891089109,0.06162211871493099
726.9108910891089,0.06548459078287795
726.9306930693069,0.06936163836989526
726.950495049505,0.07323685123629196
726.970297029703,0.07709635470244264
726.990099009901,0.08092824292222486
727.009900990099,0.08472215472878356
727.0297029702971,0.08846895491530549
727.049504950495,0.09216049343410816
727.0693069306931,0.09578942233731194
727.0891089108911,0.09934905571325589
727.1089108910892,0.10283326183180057
727.1287128712871,0.10623637957901778
727.1485148514851,0.1095531533369217
727.1683168316832,0.11277868196843045
727.1881188118812,0.11590837866327568
727.2079207920792,0.11893793920223204
727.2277227722773,0.12186331678788709
727.2475247524753,0.12468070202747922
727.2673267326733,0.1273865069804077
727.2871287128712,0.12997735242812103
727.3069306930694,0.132450057710158
727.3267326732673,0.1348016326112213
727.3465346534654,0.13702927089303774
727.3663366336634,0.1391303451481216
727.3861386138614,0.14110240271796667
727.4059405940594,0.142943162468783
727.4257425742574,0.1446505122581539
727.4455445544555,0.14622250695749855
727.4653465346535,0.1476573669206774
727.4851485148515,0.14895347680913218
727.5049504950496,0.15010938470056906
727.5247524752475,0.15112380142119733
727.5445544554456,0.15199560005288695
727.5643564356435,0.1527238155751348
727.5841584158417,0.1533076446098074
727.6039603960396,0.1537464452426103
727.6237623762376,0.1540397369010196
727.6435643564357,0.15418720027311253
727.6633663366337,0.15418867725598415
727.6831683168317,0.15404417092649475
727.7029702970297,0.153753845530671
727.7227722772278,0.1533180264917306
727.7425742574258,0.15273720044021769
727.7623762376237,0.15201201527349317
727.7821782178219,0.15114328025570622
727.8019801980198,0.15013196617355265
727.8217821782179,0.14897920556818106
727.8415841584158,0.14768629306871936
727.8613861386139,0.146254685859574
727.8811881188119,0.14468600432092363
727.9009900990098,0.1429820328910059
727.920792079208,0.141144721209393
727.940594059406,0.1391761856138759
727.960396039604,0.13707871107961972
727.980198019802,0.13485475370944447
728.0,0.13250694390892365
728.019801980198,0.1300380904115702
728.039603960396,0.12745118535876937
728.0594059405942,0.12474941068946938
728.0792079207921,0.12193614615898697
728.09900990099,0.11901497938890107
728.1188118811881,0.11598971845709438
728.1386138613861,0.11286440767666765
728.1584158415842,0.10964334739548312
728.1782178217821,0.10633111889009154
728.1980198019803,0.10293261574958908
728.2178217821782,0.09945308357578805
728.2376237623762,0.09589817040722033
728.2574257425742,0.09227399106278683
728.2772277227723,0.08858720967730974
728.2970297029703,0.08484514617881973
728.3168316831683,0.08105591449340792
728.3366336633663,0.07722860307589156
728.3564356435644,0.0733735122442654
728.3762376237623,0.06950246811646602
728.3960396039604,0.06562924013670066
728.4158415841584,0.061770098604049174
728.4356435643565,0.05794456024314988
728.4554455445544,0.05417638237639308
728.4752475247525,0.050494875049445734
728.4950495049505,0.04693659321438711
728.5148514851485,0.04354741932137815
728.5346534653465,0.04038489252051474
728.5544554455446,0.03752028628846754
728.5742574257425,0.035039273177444034
728.5940594059406,0.03303909234200706
728.6138613861386,0.03161957519655231
728.6336633663367,0.03086674806978875
728.6534653465346,0.03083242957252817
728.6732673267327,0.03151903243968872
728.6930693069307,0.032878795595339634
728.7128712871287,0.034827957448401656
728.7326732673267,0.03726713190247699
728.7524752475248,0.04009831869150577
728.7722772277228,0.043234557654210706
728.7920792079208,0.04660321870098469
728.8118811881188,0.05014555751430069
728.8316831683169,0.053814705765897836
728.8514851485148,0.057573335580969005
728.8712871287129,0.061391543647272326
728.8910891089109,0.06524512134120623
728.910891089109,0.06911420924641312
728.9306930693069,0.07298227621140144
728.950495049505,0.07683535327093632
728.970297029703,0.08066146076020173
728.990099009901,0.08445017940358678
729.009900990099,0.08819232796135477
729.0297029702971,0.09187971966326511
729.049504950495,0.09550497704394825
729.0693069306931,0.099061390272032
729.0891089108911,0.10254280806271582
729.1089108910892,0.10594355316187562
729.1287128712871,0.10925835648843309
729.1485148514852,0.11248230554366102
729.1683168316832,0.11561080380489605
729.1881188118812,0.11863953863244649
729.2079207920792,0.12156445581603478
729.2277227722773,0.12438173933041828
729.2475247524753,0.12708779520000535
729.2673267326733,0.12967923862105354
729.2871287128712,0.13215288367759184
729.3069306930694,0.1345057351307154
729.3267326732673,0.1367349818702263
729.3465346534654,0.13883799170265693
729.3663366336634,0.14081230721525584
729.3861386138615,0.14265564250702725
729.4059405940594,0.14436588061851538
729.4257425742574,0.1459410715238082
729.4455445544555,0.14737943057395567
729.4653465346535,0.14867933730149646
729.4851485148515,0.14983933451209802
729.5049504950496,0.15085812760305484
729.5247524752475,0.15173458405913964
729.5445544554456,0.1524677330856847
729.5643564356435,0.1530567653462137
729.5841584158417,0.15350103277843602
729.6039603960396,0.15380004846808037
729.6237623762377,0.15395348656469307
729.6435643564357,0.15396118222804364
729.6633663366337,0.15382313159759572
729.6831683168317,0.15353949178124854
729.7029702970297,0.15311058086313623
729.7227722772278,0.15253687793391393
729.7425742574258,0.15181902315050544
729.7623762376237,0.15095781783630702
729.7821782178219,0.14995422463713604
729.8019801980198,0.1488093677527957
729.8217821782179,0.14752453326983897
729.8415841584158,0.14610116962720668
729.861386138614,0.14454088825399722
729.8811881188119,0.1428454644274809
729.9009900990098,0.14101683841035
729.920792079208,0.13905711693900336
729.940594059406,0.13696857515116367
729.960396039604,0.1347536590606145
729.980198019802,0.13241498871198268
730.0,0.12995536217920295
730.019801980198,0.12737776061097145
730.039603960396,0.12468535457585027
730.0594059405942,0.12188151202360833
730.0792079207921,0.11896980826118222
730.09900990099,0.11595403844748478
730.1188118811881,0.11283823324934528
730.1386138613861,0.10962667848205294
730.1584158415842,0.10632393979662137
730.1782178217821,0.10293489379404433
730.1980198019803,0.09946476737186569
730.2178217821782,0.09591918768151989
730.2376237623762,0.0923042458522799
730.2574257425742,0.08862657869807378
730.2772277227723,0.08489347407845967
730.2970297029703,0.08111300758860665
730.3168316831683,0.07729422101894978
730.3366336633663,0.07344735683884747
730.3564356435644,0.06958416818501312
730.3762376237623,0.0657183308958344
730.3960396039604,0.061865993389042535
730.4158415841584,0.058046511610037536
730.4356435643565,0.054283428626845265
730.4554455445544,0.050605767268579176
730.4752475247525,0.0470496976240321
730.4950495049505,0.04366059175689621
730.5148514851485,0.040495329653486026
730.5346534653465,0.03762437803625825
730.5544554455446,0.03513251960063184
730.5742574257425,0.03311620300420615
730.5940594059406,0.031674899523174246
730.6138613861386,0.030895098602190637
730.6336633663367,0.030830094625379036
730.6534653465346,0.03148450078508834
730.6732673267327,0.03281279241433001
730.6930693069307,0.03473284486295366
730.7128712871287,0.03714608724514717
730.7326732673267,0.03995466374840407
730.7524752475248,0.0430713675890864
730.7722772277228,0.04642316373936307
730.7920792079208,0.04995088311336574
730.8118811881187,0.05360727631529868
730.8316831683169,0.057354698007318294
730.8514851485148,0.06116299024477624
730.8712871287129,0.06500774403024256
730.8910891089109,0.06886894359612228
730.910891089109,0.07272993605391735
730.9306930693069,0.07657665749817023
730.9504950495049,0.08039705392959873
730.970297029703,0.08418064755722302
730.990099009901,0.08791821078622764
731.009900990099,0.0916015198663464
731.0297029702971,0.09522316760689038
731.049504950495,0.0987764200870627
731.0693069306931,0.10225510632717193
731.089108910891,0.10565353281569723
731.1089108910892,0.1089664169093479
731.1287128712871,0.11218883466314059
731.1485148514852,0.11531617976920695
731.1683168316832,0.11834413110419907
731.1881188118812,0.12126862699002318
731.2079207920792,0.12408584472088331
731.2277227722772,0.12679218424428787
731.2475247524753,0.12938425513469118
731.2673267326733,0.13185886618897402
731.2871287128712,0.134213017117382
731.3069306930694,0.13644389191480205
731.3267326732673,0.13854885358270716
731.3465346534654,0.14052543993876596
731.3663366336633,0.14237136030309813
731.3861386138615,0.1440844928910191
731.4059405940594,0.14566288277449474
731.4257425742574,0.14710474030038717
731.4455445544555,0.14840843987416522
731.4653465346535,0.14957251903461394
731.4851485148515,0.15059567775836694
731.5049504950495,0.1514767779445995
731.5247524752475,0.15221484303905802
731.5445544554456,0.15280905776458054
731.5643564356435,0.1532587679316134
731.5841584158417,0.15356348030782824
731.6039603960396,0.15372286253095038
731.6237623762377,0.15373674305305582
731.6435643564356,0.15360511110871955
731.6633663366337,0.15332811670306498
731.6831683168317,0.15290607061932912
731.7029702970297,0.1523394444491849
731.7227722772278,0.15162887065272976
731.7425742574258,0.15077514265891026
731.7623762376237,0.14977921502148742
731.7821782178218,0.14864220365035524
731.8019801980198,0.14736538614338482
731.8217821782179,0.1459502022503797
731.8415841584158,0.1443982545080404
731.861386138614,0.14271130909374796
731.8811881188119,0.14089129695660418
731.9009900990098,0.13894031529722403
731.9207920792079,0.13686062948370725
731.940594059406,0.13465467551091162
731.960396039604,0.13232506313482992
731.980198019802,0.12987457984456488
732.0,0.12730619587331407
732.019801980198,0.1246230704991359
732.039603960396,0.12182855994917341
732.059405940594,0.11892622730209422
732.0792079207921,0.11591985488830471
732.0990099009902,0.11281345982395326
732.1188118811881,0.1096113134937088
732.1386138613861,0.10631796603324795
732.1584158415842,0.1029382771766042
732.1782178217821,0.09947745525273953
732.1980198019802,0.09594110668153771
732.2178217821782,0.09233529908543195
732.2376237623762,0.08866664217815033
732.2574257425742,0.08494239202454838
732.2772277227723,0.08117058623766486
732.2970297029703,0.07736022039934885
732.3168316831683,0.07352147973958048
732.3366336633663,0.06966604524499871
732.3564356435644,0.06580750030148245
732.3762376237623,0.061961873068152394
732.3960396039604,0.058148361017225446
732.4158415841584,0.05439029625627006
732.4356435643565,0.050716419094489894
732.4554455445544,0.04716252137394332
732.4752475247524,0.043773473828250434
732.4950495049505,0.04060550897865371
732.5148514851485,0.037728300273020245
732.5346534653465,0.035225752599911744
732.5544554455446,0.03319352797055048
732.5742574257426,0.03173072406337501
732.5940594059406,0.030924258040826828
732.6138613861385,0.03082885227600335
732.6336633663367,0.03145128291644831
732.6534653465346,0.03274825184787553
732.6732673267327,0.03463928627118216
732.6930693069307,0.037026654457524365
732.7128712871287,0.03981266524395984
732.7326732673267,0.042909877509023336
732.7524752475247,0.04624485691093477
732.7722772277228,0.049758011157371704
732.7920792079208,0.053401709355184894
732.8118811881188,0.05713798751320132
732.8316831683169,0.06093643171723058
732.8514851485148,0.06477243137064298
732.8712871287129,0.06862581332298985
732.8910891089108,0.07247980211466652
732.910891089109,0.07632023823836742
732.9306930693069,0.08013499283916835
732.9504950495049,0.083913529200088
732.970297029703,0.08764657304594177
732.990099009901,0.09132586338670953
733.009900990099,0.09494396309683922
733.029702970297,0.09849411399510727
733.0495049504951,0.1019701252657268
733.0693069306931,0.105366287021763
733.089108910891,0.10867730295805339
733.1089108910892,0.11189823759827519
733.1287128712871,0.11502447477612031
733.1485148514852,0.11805168482110183
733.1683168316831,0.12097579853199703
733.1881188118812,0.12379298647417934
733.2079207920792,0.12649964247600076
733.2277227722772,0.1290923704533049
733.2475247524753,0.13156797388386055
733.2673267326733,0.1339234473996083
733.2871287128713,0.13615597007719793
733.3069306930693,0.138262900093635
733.3267326732673,0.14024177048138656
733.3465346534654,0.14209028576963176
733.3663366336633,0.14380631933991747
733.3861386138615,0.14538791135691898
733.4059405940594,0.14683326716146403
733.4257425742574,0.14814075603342367
733.4455445544554,0.14930891024932835
733.4653465346535,0.15033642437300254
733.4851485148515,0.1512221547289632
733.5049504950495,0.15196511901743595
733.5247524752476,0.152564496037688
733.5445544554456,0.15301962549303055
733.5643564356435,0.15333000785623147
733.5841584158416,0.15349530427926564
733.6039603960396,0.15351533653550686
733.6237623762377,0.15339008698651174
733.6435643564356,0.15311969856933047
733.6633663366337,0.15270447480377278
733.6831683168317,0.15214487982276378
733.7029702970297,0.15144153843246147
733.7227722772277,0.15059523621290713
733.7425742574258,0.14960691967395703
733.7623762376238,0.14847769648623416
733.7821782178218,0.14720883581207217
733.8019801980198,0.14580176876769907
733.8217821782179,0.1442580890553643
733.8415841584158,0.142579553812808
733.8613861386139,0.14076808473811364
733.8811881188119,0.1388257695609353
733.9009900990098,0.1367548639467963
733.9207920792079,0.13455779394094128
733.940594059406,0.13223715908235117
733.960396039604,0.1297957363492447
733.980198019802,0.12723648513580435
734.0,0.12456255350877274
734.019801980198,0.12177728605483033
734.039603960396,0.11888423371005545
734.059405940594,0.11588716606617831
734.0792079207921,0.11279008678355104
734.0990099009902,0.10959725291746368
734.1188118811881,0.10631319919779902
734.1386138613861,0.10294276861194425
734.1584158415842,0.09949115105513794
734.1782178217821,0.09596393237019313
734.1980198019802,0.09236715685420681
734.2178217821782,0.08870740733958259
734.2376237623763,0.08499190836772084
734.2574257425742,0.08122865991469048
734.2772277227723,0.07742661180404277
734.2970297029703,0.07359589262743445
734.3168316831683,0.06974811203992487
734.3366336633663,0.06589676210879795
734.3564356435644,0.06205775232730552
734.3762376237623,0.05825012395431803
734.3960396039604,0.05449700135972689
734.4158415841584,0.050826846921857675
734.4356435643565,0.047275080693668245
734.4554455445544,0.04388608091227219
734.4752475247525,0.040715444048969054
734.4950495049505,0.037832063462031836
734.5148514851485,0.03531897811971576
734.5346534653465,0.03327106745217948
734.5544554455446,0.03178704288542625
734.5742574257426,0.030954215128005606
734.5940594059406,0.030828687691005694
734.6138613861385,0.03141936215323223
734.6336633663367,0.03268515631330337
734.6534653465346,0.034547263350255514
734.6732673267327,0.036908814289378734
734.6930693069307,0.039672302812187386
734.7128712871288,0.04275006586114724
734.7326732673267,0.046068275507303275
734.7524752475247,0.049566917869367975
734.7722772277228,0.05319798014587331
734.7920792079208,0.05692317850076572
734.8118811881188,0.06071184170351392
734.8316831683169,0.06453915632135124
734.8514851485148,0.06838479077848916
734.8712871287129,0.0722318462011322
734.8910891089108,0.07606606681137054
734.910891089109,0.07987524837200055
734.9306930693069,0.0836487948252066
734.950495049505,0.08737738488706774
734.970297029703,0.09105272006576302
734.990099009901,0.0946673330895628
735.009900990099,0.09821444134451063
735.029702970297,0.1016878340364891
735.0495049504951,0.10508178478443134
735.0693069306931,0.10839098352098972
735.089108910891,0.1116104831529611
735.1089108910892,0.11473565758193721
735.1287128712871,0.11776216852650317
735.1485148514852,0.12068593920668783
735.1683168316831,0.12350313341044236
735.1881188118813,0.12621013880447296
735.2079207920792,0.12880355360893525
735.2277227722772,0.13128017595025382
735.2475247524753,0.13363699535430967
735.2673267326733,0.1358711859558972
735.2871287128713,0.13798010108787895
735.3069306930693,0.13996126898154748
735.3267326732673,0.14181238936275856
735.3465346534654,0.1435313307703443
735.3663366336633,0.14511612845618246
735.3861386138615,0.1465649827528165
735.4059405940594,0.1478762578155242
735.4257425742575,0.14904848066276608
735.4455445544554,0.15008034045292273
735.4653465346535,0.15097068794632376
735.4851485148515,0.15171853511118633
735.5049504950495,0.15232305483980776
735.5247524752476,0.15278358074792422
735.5445544554456,0.15309960703595404
735.5643564356435,0.15327078839559394
735.5841584158416,0.15329693994988686
735.6039603960396,0.15317803721860057
735.6237623762377,0.15291421610474815
735.6435643564356,0.15250577290152012
735.6633663366338,0.15195316432260036
735.6831683168317,0.15125700756244922
735.7029702970297,0.15041808039699814
735.7227722772277,0.1494373213396082
735.7425742574258,0.14831582987155723
735.7623762376238,0.1470548667720214
735.7821782178218,0.1456558545784736
735.8019801980198,0.14412037821588652
735.8217821782179,0.14245018584186214
735.8415841584158,0.14064718996526726
735.8613861386139,0.1387134689088254
735.8811881188119,0.1366512687018177
735.90099009901,0.13446300550841803
735.9207920792079,0.13215126872146496
735.940594059406,0.12971882488151384
735.960396039604,0.12716862261948114
735.980198019802,0.12450379886923187
736.0,0.12172768665849724
736.019801980198,0.11884382486575173
736.039603960396,0.11585597043317016
736.059405940594,0.11276811365949914
736.0792079207921,0.10958449737124566
736.0990099009902,0.10630964100128341
736.1188118811881,0.10294837090994237
736.1386138613861,0.09950585869266583
736.1584158415842,0.09598766976868119
736.1782178217821,0.0923998252898624
736.1980198019802,0.08874888142440451
736.2178217821782,0.08504203145898136
736.2376237623763,0.08128723807419834
736.2574257425742,0.07749340578020988
736.2772277227723,0.07367060712324218
736.2970297029703,0.06983038123284833
736.3168316831683,0.06598612997258561
736.3366336633663,0.062153645733304994
736.3564356435644,0.058351815775136553
736.3762376237624,0.05460355988395948
736.3960396039604,0.05093706699154147
736.4158415841584,0.04738739166518192
736.4356435643565,0.043998428262931884
736.4554455445544,0.04082514834584838
736.4752475247525,0.03793567808014744
736.4950495049505,0.035412202236210735
736.5148514851485,0.03334882192553953
736.5346534653465,0.03184385043544783
736.5544554455446,0.03098495903997372
736.5742574257426,0.030829586467601144
736.5940594059406,0.03138872221448384
736.6138613861386,0.03262348860003798
736.6336633663367,0.03445675813425662
736.6534653465346,0.03679254783978566
736.6732673267327,0.03953355643141716
736.6930693069307,0.04259191143303668
736.7128712871288,0.045893397157919784
736.7326732673267,0.04937757980926913
736.7524752475247,0.052996064285305906
736.7722772277228,0.05671024571205436
736.7920792079208,0.060489194185918756
736.8118811881188,0.06430789218905272
736.8316831683169,0.06814584866681005
736.8514851485149,0.07198604047885483
736.8712871287129,0.07581411490056722
736.8910891089108,0.07961779178019528
736.910891089109,0.08338641530001288
736.9306930693069,0.08711061683581185
736.950495049505,0.09078206012948357
736.970297029703,0.09439324755004423
736.990099009901,0.09793737187711428
737.009900990099,0.10140820219503768
737.029702970297,0.10479999550903943
737.0495049504951,0.10810742788867643
737.0693069306931,0.1113255405378148
737.0891089108911,0.11444969735191392
737.1089108910892,0.11747555137443945
737.1287128712871,0.12039901819077285
737.1485148514852,0.12321625476256355
737.1683168316831,0.1259236425521015
737.1881188118813,0.12851777404649017
737.2079207920792,0.13099544198833096
737.2277227722772,0.13335363076940057
737.2475247524753,0.1355895095587362
737.2673267326733,0.1377004268250725
737.2871287128713,0.13968390598221403
737.3069306930693,0.1415376419399696
737.3267326732674,0.14325949838518906
737.3465346534654,0.14484750565100585
737.3663366336633,0.14629985905904375
737.3861386138615,0.14761491764055076
737.4059405940594,0.14879120315970149
737.4257425742575,0.14982739937628897
737.4455445544554,0.15072235149642105
737.4653465346535,0.1514750657693443
737.4851485148515,0.15208470919640119
737.5049504950495,0.1525506093247985
737.5247524752476,0.15287225410455016
737.5445544554456,0.15304929179197493
737.5643564356436,0.15308153088753076
737.5841584158416,0.15296894009979492
737.6039603960396,0.15271164833111422
737.6237623762377,0.1523099446842115
737.6435643564356,0.15176427849238738
737.6633663366338,0.15107525937987196
737.6831683168317,0.15024365736264775
737.7029702970297,0.149270403004237
737.7227722772277,0.14815658764576972
737.7425742574258,0.14690346373492846
737.7623762376238,0.14551244528447635
737.7821782178218,0.14398510849855126
737.8019801980199,0.14232319261337195
737.8217821782179,0.140528601009625
737.8415841584158,0.13860340266641122
737.8613861386139,0.13654983404230195
737.8811881188119,0.134370301488239
737.90099009901,0.13206738432101206
737.9207920792079,0.12964383871604454
737.940594059406,0.12710260261598416
737.960396039604,0.12444680189958605
737.980198019802,0.12167975811642902
738.0,0.11880499817165552
738.019801980198,0.11582626644634615
738.0396039603961,0.11274753997118016
738.059405940594,0.10957304744377998
738.0792079207921,0.1063072931080595
738.0990099009902,0.10295508681609174
738.1188118811881,0.09952158199665422
738.1386138613861,0.09601232379773492
738.1584158415842,0.09243331040485275
738.1782178217821,0.08879107153727235
738.1980198019802,0.08509276949319595
738.2178217821782,0.08134632999567101
738.2376237623763,0.07756061268104716
738.2574257425742,0.07374563463497667
738.2772277227723,0.06991286525545747
738.2970297029703,0.06607561729859085
738.3168316831683,0.062249567587636105
738.3366336633663,0.05845345155469966
738.3564356435644,0.05470998748806809
738.3762376237624,0.05104709525574823
738.3960396039604,0.04749947009339685
738.4158415841583,0.04411053088810541
738.4356435643565,0.04093463516337937
738.4554455445544,0.038039154510866834
738.4752475247525,0.03550543106149981
738.4950495049505,0.03342679205136815
738.5148514851486,0.0319011414763918
738.5346534653465,0.031016479351018842
738.5544554455445,0.030831534625720355
738.5742574257426,0.031359347238201545
738.5940594059406,0.032563231913371446
738.6138613861386,0.034367753078916506
738.6336633663367,0.03667783663921317
738.6534653465346,0.03939640652050358
738.6732673267327,0.042435393460114865
738.6930693069306,0.04572019994636284
738.7128712871288,0.04918997399725955
738.7326732673267,0.0527959378380877
738.7524752475248,0.05649916436261003
738.7722772277228,0.06026846362739865
738.7920792079208,0.0640786127685212
738.8118811881188,0.06790896018769309
738.8316831683168,0.07174235761626126
738.8514851485149,0.07556435469941256
738.8712871287129,0.07936259483285428
738.8910891089108,0.08312636201555428
738.910891089109,0.08684623994820347
738.9306930693069,0.09051385433949877
738.950495049505,0.09412167698429162
738.9702970297029,0.09766287588073316
738.9900990099011,0.10113119984733517
739.009900990099,0.10452088915525501
739.029702970297,0.10782660590943663
739.0495049504951,0.11104337952423103
739.0693069306931,0.114166563814516
739.0891089108911,0.11719180308410733
739.1089108910891,0.1201150052275114
739.1287128712871,0.122932320330908
739.1485148514852,0.1256401236091461
739.1683168316831,0.12823500177863079
739.1881188118813,0.13071374216537052
739.2079207920792,0.13307332399872354
739.2277227722773,0.13531091145781152
739.2475247524752,0.13742384812687888
739.2673267326733,0.13940965258566543
739.2871287128713,0.1412660149148573
739.3069306930693,0.1429907939396782
739.3267326732674,0.14458201506820292
739.3465346534654,0.146037868608095
739.3663366336633,0.14735670846672802
739.3861386138614,0.14853705115728724
739.4059405940594,0.1495775750474117
739.4257425742575,0.1504771197984499
739.4455445544554,0.15123468595319278
739.4653465346536,0.15184943463754355
739.4851485148515,0.1523206873486346
739.5049504950495,0.15264792580749048
739.5247524752475,0.15283079185932982
739.5445544554456,0.1528690874091824
739.5643564356436,0.15276277438438923
739.5841584158416,0.15251197471939543
739.6039603960396,0.15211697036191327
739.6237623762377,0.15157820330304006
739.6435643564356,0.15089627563761474
739.6633663366337,0.15007194966506127
739.6831683168317,0.14910614804504607
739.7029702970298,0.14799995402702773
739.7227722772277,0.14675461177810342
739.7425742574258,0.14537152683968882
739.7623762376238,0.14385226675075136
739.7821782178218,0.14219856188413663
739.8019801980198,0.14041230655265005
739.8217821782179,0.13849556045433614
739.8415841584158,0.13645055054186125
739.8613861386139,0.134279673420011
739.8811881188119,0.13198549839892185
739.90099009901,0.12957077136065287
739.9207920792079,0.12703841963390308
739.940594059406,0.12439155811936352
739.960396039604,0.1216334969685407
739.980198019802,0.11876775119689009
740.0,0.115798052712169
740.019801980198,0.11272836536982338
740.0396039603961,0.10956290383779783
740.059405940594,0.10630615727842736
740.079207920792,0.10296291915352754
740.0990099009902,0.09953832485743055
740.1188118811881,0.09603789941825293
740.1386138613861,0.0924676182325997
740.1584158415842,0.08883398478437218
740.1782178217821,0.08514413064706026
740.1980198019802,0.08140594492048629
740.2178217821781,0.0776282428015137
740.2376237623763,0.07382098649221439
740.2574257425742,0.06999557644103328
740.2772277227723,0.06616523737462558
740.2970297029703,0.062345532055545966
740.3168316831683,0.058555046215710116
740.3366336633663,0.05481629966680914
740.3564356435643,0.05115694749722244
740.3762376237624,0.04761133161996996
740.3960396039604,0.04422240365626062
740.4158415841583,0.04104391770549561
740.4356435643565,0.038142503129068375
740.4554455445544,0.03559867081284037
740.4752475247525,0.03350497872613243
740.4950495049504,0.031958911120833884
740.5148514851486,0.03104876604810067
740.5346534653465,0.030834518604826135
740.5544554455445,0.03133122176056482
740.5742574257426,0.03250436983709322
740.5940594059406,0.034280231009533
740.6138613861386,0.03656466258522999
740.6336633663366,0.03926083386456966
740.6534653465346,0.0422804915435107
740.6732673267327,0.0455486623220336
740.6930693069306,0.049004077820575725
740.7128712871288,0.05259757723851928
740.7326732673267,0.05628991004155055
740.7524752475248,0.06004962486941926
740.7722772277227,0.06385129223869737
740.7920792079208,0.06767409893115273
740.8118811881188,0.07150077067849939
740.8316831683168,0.07531675880459289
740.8514851485149,0.07910962970877414
740.8712871287129,0.08286860677887577
740.8910891089108,0.08658422570233634
740.9108910891089,0.09024807388530524
740.9306930693069,0.0938525923316534
740.950495049505,0.09739092408161049
740.9702970297029,0.10085679754249272
740.9900990099011,0.10424443613021381
741.009900990099,0.10754848788289875
741.029702970297,0.11076397033832376
741.049504950495,0.11388622715586925
741.0693069306931,0.11691089383484705
741.0891089108911,0.11983387052231491
741.1089108910891,0.1226513003795236
741.1287128712871,0.12535955233055382
741.1485148514852,0.12795520728323204
741.1683168316831,0.13043504711391427
741.1881188118812,0.13279604586095436
741.2079207920792,0.1350353626890349
741.2277227722773,0.13715033627736775
741.2475247524752,0.13913848035464604
741.2673267326733,0.1409974801590246
741.2871287128713,0.14272518964409137
741.3069306930693,0.14431962928620046
741.3267326732673,0.14577898437559614
741.3465346534654,0.1471016036955202
741.3663366336633,0.1482859985110349
741.3861386138614,0.14933084180354994
741.4059405940594,0.15023496769869094
741.4257425742575,0.1509973710447742
741.4455445544554,0.151617207107254
741.4653465346535,0.1520937913511203
741.4851485148515,0.15242659928922678
741.5049504950495,0.15261526637941103
741.5247524752475,0.15265958795781207
741.5445544554456,0.15255951919988536
741.5643564356436,0.1523151751042819
741.5841584158416,0.15192683049854444
741.6039603960396,0.15139492006906075
741.6237623762377,0.15072003842142118
741.6435643564356,0.14990294018122755
741.6633663366337,0.14894454014955946
741.6831683168317,0.1478459135319519
741.7029702970298,0.1466082962651398
741.7227722772277,0.14523308547176547
741.7425742574258,0.14372184008062103
741.7623762376238,0.14207628165844643
741.7821782178218,0.14029829550970763
741.8019801980198,0.13838993211321785
741.8217821782179,0.13635340897982823
741.8415841584158,0.1341911130345054
741.8613861386139,0.13190560364941412
741.8811881188119,0.12949961648429942
741.90099009901,0.12697606832751476
741.9207920792079,0.1243380631780224
741.940594059406,0.12158889986870479
741.960396039604,0.11873208160824145
741.980198019802,0.11577132791817188
742.0,0.112710589570876
742.019801980198,0.10955406730313864
742.0396039603961,0.10630623530236337
742.059405940594,0.10297187075736716
742.079207920792,0.09955609115932997
742.0990099009902,0.09606440156681742
742.1188118811881,0.09250275476365878
742.1386138613861,0.08887762821014998
742.1584158415842,0.08519612301635474
742.1782178217823,0.08146609198968637
742.1980198019802,0.0776963063166131
742.2178217821781,0.07389667388489722
742.2376237623763,0.07007852696363313
742.2574257425742,0.06625500331020401
742.2772277227723,0.062441553106057264
742.2970297029703,0.058656614468943116
742.3168316831683,0.05492251169123124
742.3366336633663,0.05126663927001113
742.3564356435643,0.04772299166397244
742.3762376237624,0.04433406123660713
742.3960396039604,0.041153009025143565
742.4158415841584,0.03824573423867294
742.4356435643565,0.0356919277487769
742.4554455445544,0.03358338301766081
742.4752475247525,0.03201715476887429
742.4950495049504,0.031081809474517712
742.5148514851486,0.03083852521581962
742.5346534653465,0.03130433067662883
742.5544554455445,0.03244688630239775
742.5742574257426,0.03419417509735326
742.5940594059406,0.03645300792548437
742.6138613861386,0.03912681960376173
742.6336633663366,0.042127185643749045
742.6534653465347,0.04537876309783235
742.6732673267327,0.04881986903461221
742.6930693069306,0.052400959294503696
742.7128712871288,0.056082458717900276
742.7326732673267,0.05983265314027241
742.7524752475248,0.06362590517270914
742.7722772277227,0.0674412388890333
742.7920792079208,0.07126125314020279
742.8118811881188,0.0750713002298731
742.8316831683168,0.07885886901123819
742.8514851485149,0.0826131218286697
742.8712871287129,0.08632454601484368
742.8910891089109,0.0899846904014094
742.9108910891089,0.0935859649825722
742.9306930693069,0.09712148766275043
742.950495049505,0.1005849662916063
742.9702970297029,0.10397060730778929
742.9900990099011,0.10727304457975516
743.009900990099,0.11048728368108375
743.029702970297,0.11360865804036525
743.049504950495,0.11663279428710001
743.0693069306931,0.11955558476405702
743.0891089108911,0.12237316565780414
743.1089108910891,0.12508189955803967
743.1287128712872,0.12767836152581663
743.1485148514852,0.1301593279545488
743.1683168316831,0.13252176766267623
743.1881188118812,0.13476283477570447
743.2079207920792,0.13687986304684432
743.2277227722773,0.13887036133652564
743.2475247524752,0.1407320100266233
743.2673267326733,0.1424626581887277
743.2871287128713,0.14406032136038982
743.3069306930693,0.1455231798106155
743.3267326732673,0.1468495771978261
743.3465346534654,0.14803801954138587
743.3663366336634,0.14908717444198027
743.3861386138614,0.14999587049800742
743.4059405940594,0.15076309687483946
743.4257425742575,0.15138800299193222
743.4455445544554,0.15186989829952371
743.4653465346535,0.15220825212257322
743.4851485148515,0.15240269355466
743.5049504950495,0.15245301138900597
743.5247524752475,0.15235915407790077
743.5445544554456,0.15212122971567574
743.5643564356436,0.15173950604390057
743.5841584158416,0.15121441048110373
743.6039603960396,0.15054653018308942
743.6237623762377,0.14973661214369463
743.6435643564356,0.1487855633499671
743.6633663366337,0.1476944510106055
743.6831683168317,0.1464645028814583
743.7029702970298,0.14509710771829526
743.7227722772277,0.1435938158939487
743.7425742574258,0.14195634022560322
743.7623762376238,0.14018655706824254
743.7821782178218,0.1382865077425178
743.8019801980198,0.13625840038083162
743.8217821782179,0.13410461229395854
743.8415841584159,0.131827692984015
743.8613861386139,0.12943036795881332
743.8811881188119,0.12691554353924722
743.90099009901,0.12428631289821564
743.9207920792079,0.12154596362869846
743.940594059406,0.11869798721485568
743.960396039604,0.11574609087844281
743.980198019802,0.11269421240027308
744.0,0.10954653868380058
744.019801980198,0.10630752904739497
744.0396039603961,0.10298194452335137
744.059405940594,0.09957488483014594
744.0792079207921,0.09609183520599521
744.0990099009902,0.09253872599677952
744.1188118811881,0.08892200884916791
744.1386138613861,0.08524875466862215
744.1584158415842,0.08152678029743134
744.1782178217823,0.07776481333563044
744.1980198019802,0.07397270791824082
744.2178217821781,0.07016172889373216
744.2376237623763,0.0663449280928504
744.2574257425742,0.06253764456875681
744.2772277227723,0.05875817087030733
744.2970297029703,0.05502863866582197
744.3168316831684,0.05137618595619591
744.3366336633663,0.04783446547748783
744.3564356435643,0.04444551815262138
744.3762376237624,0.04126192207418709
744.3960396039604,0.03834885811716172
744.4158415841584,0.0357852082063634
744.4356435643565,0.033662006193954874
744.4554455445544,0.032075868128521264
744.4752475247525,0.031115600342677425
744.4950495049504,0.030843541646563683
744.5148514851486,0.03127865923802512
744.5346534653465,0.03239076557725388
744.5544554455446,0.03410956884092358
744.5742574257426,0.03634285523189374
744.5940594059406,0.03899434520119991
744.6138613861386,0.04197545604326445
744.6336633663366,0.045210481408179924
744.6534653465347,0.04863732571699641
744.6732673267327,0.0522060611382874
744.6930693069306,0.05587678668836916
744.7128712871288,0.05961752400035405
744.7326732673267,0.06340242648093912
744.7524752475248,0.06721035439606082
744.7722772277227,0.07102377882476256
744.7920792079209,0.0748279523437622
744.8118811881188,0.07861028570420604
744.8316831683168,0.0823598797700998
744.8514851485149,0.08606717317434202
744.8712871287129,0.08972367589959912
744.8910891089109,0.09332176670975101
744.9108910891089,0.09685453819402141
744.9306930693069,0.10031567749685946
744.950495049505,0.10369937395675626
744.9702970297029,0.10700024716898202
744.9900990099011,0.11021329065476664
745.009900990099,0.11333382753613096
745.0297029702971,0.11635747550715543
745.049504950495,0.11928011904908414
745.0693069306931,0.12209788732374653
745.0891089108911,0.12480713654258141
745.1089108910891,0.12740443588140354
745.1287128712872,0.12988655621708348
745.1485148514852,0.13225046111898772
745.1683168316831,0.13449329964837717
745.1881188118812,0.13661240061125285
745.2079207920792,0.13860526798219086
745.2277227722773,0.1404695772726872
745.2475247524752,0.14220317266164573
745.2673267326734,0.1438040647403833
745.2871287128713,0.14527042875241555
745.3069306930693,0.14660060323026175
745.3267326732673,0.14779308894958107
745.3465346534654,0.1488465481353765
745.3663366336634,0.1497598038668579
745.3861386138614,0.15053183963746436
745.4059405940594,0.15116179903460258
745.4257425742575,0.1516489855106097
745.4455445544554,0.15199286222229208
745.4653465346535,0.15219305192152474
745.4851485148515,0.15224933688395556
745.5049504950496,0.15216165886686112
745.5247524752475,0.15193011909112056
745.5445544554456,0.1515549782458542
745.5643564356436,0.1510366565179555
745.5841584158416,0.1503757336522508
745.6039603960396,0.14957294905216892
745.6237623762377,0.14862920193463952
745.6435643564356,0.1475455515578604
745.6633663366337,0.14632321754560573
745.6831683168317,0.14496358033794918
745.7029702970298,0.14346818180527188
745.7227722772277,0.14183872607106457
745.7425742574258,0.14007708059891077
745.7623762376238,0.13818527761169438
745.7821782178218,0.13616551592599582
745.8019801980198,0.1340201633033131
745.8217821782179,0.13175175944297465
745.8415841584159,0.1293630197704731
745.8613861386139,0.12685684021146904
745.8811881188118,0.1242363031877725
745.90099009901,0.12150468513050494
745.9207920792079,0.11866546588090902
745.940594059406,0.11572234044669212
745.960396039604,0.11267923370794392
745.9801980198021,0.1095403188319186
746.0,0.10631004037315915
746.0198019801979,0.10299314332312424
746.0396039603961,0.09959470975712972
746.059405940594,0.0961202052412334
746.0792079207921,0.09257553785683113
746.0990099009902,0.08896713364515821
746.1188118811881,0.08530203356349562
746.1386138613861,0.08158801881281241
746.1584158415841,0.07783377382564327
746.1782178217823,0.07404909953828039
746.1980198019802,0.07024519412598876
746.2178217821782,0.06643502451838836
746.2376237623763,0.06263382006714084
746.2574257425742,0.05885972975770595
746.2772277227723,0.055134695469340404
746.2970297029702,0.05148560271136616
746.3168316831684,0.047945768096421953
746.3366336633663,0.044556788738755085
746.3564356435643,0.04137066966679529
746.3762376237624,0.038451884986337705
746.3960396039604,0.03587851858053518
746.4158415841584,0.03374084971313363
746.4356435643564,0.0321350472193785
746.4554455445545,0.031150129754724483
746.4752475247525,0.03084955550073868
746.4950495049504,0.0312541931088441
746.5148514851486,0.03233599233665503
746.5346534653465,0.03402639614778774
746.5544554455446,0.036234187491173415
746.5742574257425,0.03886339254008361
746.5940594059406,0.04182528344828636
746.6138613861386,0.04504379681425336
746.6336633663366,0.04845642637525864
746.6534653465347,0.05201286033580404
746.6732673267327,0.05567287068795849
746.6930693069307,0.05940421345355837
746.7128712871287,0.06318083152299349
746.7326732673267,0.06698142024215663
746.7524752475248,0.07078832201690258
746.7722772277227,0.0745866889821787
746.7920792079209,0.07836385322504907
746.8118811881188,0.08210885368750476
746.8316831683168,0.08581207995419403
746.8514851485148,0.08946500288159423
746.8712871287129,0.09305996978065084
746.8910891089109,0.09659004774455891
746.9108910891089,0.10004890306379677
746.930693069307,0.10343070785294346
746.950495049505,0.10673006732986749
746.9702970297029,0.10994196287474971
746.990099009901,0.11306170722682665
747.009900990099,0.11608490907871352
747.0297029702971,0.11900744499260588
747.049504950495,0.12182543705522568
747.0693069306931,0.12453523505555991
747.0891089108911,0.127133402245466
747.1089108910891,0.12961670395136857
747.1287128712871,0.1319820984641429
747.1485148514852,0.1342267297554356
747.1683168316832,0.13634792166249468
747.1881188118812,0.1383431732561694
747.2079207920792,0.14021015516315954
747.2277227722773,0.14194670665859568
747.2475247524752,0.1435508333797689
747.2673267326733,0.14502070554008
747.2871287128713,0.14635465654464416
747.3069306930693,0.1475511819269843
747.3267326732673,0.14860893854098225
747.3465346534654,0.14952674395426252
747.3663366336634,0.15030357599885055
747.3861386138614,0.1509385724435597
747.4059405940594,0.15143103075913414
747.4257425742575,0.15178040795340092
747.4455445544554,0.1519863204585355
747.4653465346535,0.15204854405739762
747.4851485148515,0.1519670138397867
747.5049504950496,0.1517418241833548
747.5247524752475,0.15137322875774303
747.5445544554455,0.15086164055372348
747.5643564356436,0.1502076319433172
747.5841584158416,0.14941193478025344
747.6039603960396,0.14847544055455345
747.6237623762377,0.1473992006196031
747.6435643564357,0.14618442651518232
747.6633663366337,0.14483249041615448
747.6831683168316,0.1433449257432916
747.7029702970298,0.1417234279814796
747.7227722772277,0.13996985576031787
747.7425742574258,0.13808623226459207
747.7623762376238,0.13607474705698971
747.7821782178218,0.13393775841392275
747.8019801980198,0.13167779629848136
747.8217821782177,0.12929756612280272
747.8415841584159,0.12679995348882409
747.8613861386139,0.12418803014155187
747.8811881188119,0.12146506142763872
747.90099009901,0.11863451562632574
747.9207920792079,0.11570007561636678
747.940594059406,0.11266565346727542
747.9603960396039,0.10953540870658379
747.9801980198021,0.10631377122945751
748.0,0.10300547010143511
748.0198019801979,0.09961556988332647
748.0396039603961,0.09614951661615792
748.059405940594,0.09261319628895563
748.0792079207921,0.08901300954400598
748.09900990099,0.08535596764438207
748.1188118811882,0.08164981647007555
748.1386138613861,0.07790319770002196
748.1584158415841,0.07412585961844638
748.1782178217823,0.07032893446368674
748.1980198019802,0.0665253052729497
748.2178217821782,0.06273009309768358
748.2376237623762,0.05896130532667877
748.2574257425742,0.05524069682636365
748.2772277227723,0.05159490453110029
748.2970297029702,0.04805691440061986
748.3168316831684,0.044667887192645625
748.3366336633663,0.04147926452155087
748.3564356435644,0.038554825041892206
748.3762376237623,0.035971865338547106
748.3960396039604,0.0338199152210491
748.4158415841584,0.03219468835313182
748.4356435643564,0.03118538916701523
748.4554455445545,0.030856554747837064
748.4752475247525,0.03123091830230791
748.4950495049504,0.032282551587441366
748.5148514851485,0.03394464124952021
748.5346534653465,0.03612698801227688
748.5544554455446,0.03873394382553433
748.5742574257425,0.04167664888674613
748.5940594059407,0.04487868919910814
748.6138613861386,0.04827714984006082
748.6336633663366,0.051821334778692316
748.6534653465346,0.0554706877811731
748.6732673267327,0.059192697838172575
748.6930693069307,0.06296109599845993
748.7128712871287,0.06675441156335067
748.7326732673267,0.07055485735382763
748.7524752475248,0.07434748434002435
748.7722772277227,0.0781195453765456
748.7920792079208,0.08186001703694502
748.8118811881188,0.08555923950551152
748.8316831683169,0.08920864423270804
748.8514851485148,0.092800546851875
748.8712871287129,0.09632798877773363
748.8910891089109,0.09978461529696457
748.9108910891089,0.10316458117554189
748.9306930693069,0.1064624771490171
748.950495049505,0.10967327236725528
748.9702970297029,0.11279226911001619
748.990099009901,0.11581506700204594
749.009900990099,0.11873753462859878
749.0297029702971,0.12155578695060244
749.049504950495,0.12426616729013168
749.0693069306931,0.12686523293604496
749.0891089108911,0.12934974363020016
749.1089108910891,0.13171665235520982
749.1287128712871,0.13396309796745953
749.1485148514852,0.13608639931364927
749.1683168316832,0.1380840505426411
749.1881188118812,0.13995371738160292
749.2079207920792,0.14169323419049726
749.2277227722773,0.1433006016443902
749.2475247524752,0.1447739849215679
749.2673267326733,0.14611171229781897
749.2871287128713,0.14731227406566325
749.3069306930694,0.14837432171205472
749.3267326732673,0.14929666730009886
749.3465346534654,0.15007828301044884
749.3663366336634,0.15071830080626056
749.3861386138614,0.1512160121925019
749.4059405940594,0.15157086804665518
749.4257425742575,0.15178247850263737
749.4455445544554,0.1518506128747283
749.4653465346535,0.1517751996121902
749.4851485148515,0.1515563262791107
749.5049504950496,0.1511942395579061
749.5247524752475,0.15068934527819824
749.5445544554456,0.1500422084767022
749.5643564356436,0.14925355349747557
749.5841584158416,0.14832426414619612
749.6039603960396,0.14725538391642226
749.6237623762377,0.14604811631138057
749.6435643564357,0.1447038252904843
749.6633663366337,0.1432240358770212
749.6831683168316,0.14161043497169776
749.7029702970298,0.13986487242684623
749.7227722772277,0.13798936244809998
749.7425742574258,0.1359860854054675
749.7623762376238,0.13385739015381506
749.7821782178219,0.13160579698581257
749.8019801980198,0.1292340013685317
749.8217821782177,0.1267448786509941
749.8415841584159,0.1241414899750428
749.8613861386139,0.12142708967955157
749.8811881188119,0.11860513456202508
749.90099009901,0.11567929545670251
749.9207920792079,0.11265347171199999
749.940594059406,0.10953180931146846
749.9603960396039,0.10631872359470618
749.9801980198021,0.103018927815399
750.0,0.09963746914766258
750.019801980198,0.09617977425351325
750.0396039603961,0.09265170720042765
750.059405940594,0.08905964343642551
750.0792079207921,0.08541056478192895
750.09900990099,0.08171218211296499
750.1188118811882,0.0779730947637636
750.1386138613861,0.0742029989058201
750.1584158415841,0.0704129615659355
750.1782178217823,0.06661578288117223
750.1980198019802,0.06282647697909959
750.2178217821782,0.059062911580735275
750.2376237623762,0.055346657258691506
750.2574257425742,0.05170410620348678
750.2772277227723,0.048167919067499274
750.2970297029702,0.04477882752954015
750.3168316831684,0.041587719216427975
750.3366336633663,0.038657688408581345
750.3564356435644,0.03606525497535548
750.3762376237623,0.033899204507711805
750.3960396039604,0.03225478809318321
750.4158415841584,0.03122137035582255
750.4356435643564,0.030864527696876556
750.4554455445545,0.03120882116270778
750.4752475247525,0.032230428657618305
750.4950495049504,0.033864288697447995
750.5148514851485,0.0360212404276173
750.5346534653465,0.038605981590363055
750.5544554455446,0.04152953371762858
750.5742574257425,0.04471513877991996
750.5940594059407,0.04809947527969966
750.6138613861386,0.0516314627006356
750.6336633663366,0.055270215379866726
750.6534653465346,0.05898295384583909
750.6732673267327,0.06274319596684996
750.6930693069307,0.06652930386241218
750.7128712871287,0.07032335984642439
750.7326732673267,0.07411031299279333
750.7524752475248,0.07787733634884095
750.7722772277227,0.08161334366841479
750.7920792079208,0.08530862537968385
750.8118811881188,0.08895457324445401
750.8316831683169,0.09254347099176492
750.8514851485148,0.09606833417391357
750.8712871287129,0.09952278692269344
750.8910891089109,0.10290096652990598
750.9108910891089,0.10619744914313385
750.9306930693069,0.10940719159209093
750.950495049505,0.11252548561990962
750.9702970297029,0.11554792171665607
750.990099009901,0.11847036043239942
751.009900990099,0.1212889095512734
751.0297029702971,0.12399990588369189
751.049504950495,0.1265999007161939
751.0693069306931,0.12908564817162815
751.0891089108911,0.13145409589432785
751.1089108910891,0.13370237759948705
751.1287128712871,0.1358278071210924
751.1485148514852,0.1378278736675211
751.1683168316832,0.1397002380513135
751.1881188118812,0.14144272970548147
751.2079207920792,0.14305334433435005
751.2277227722773,0.14453024207568613
751.2475247524752,0.14587174607364353
751.2673267326733,0.1470763413804565
751.2871287128713,0.14814267411983387
751.3069306930694,0.1490695508570219
751.3267326732673,0.1498559381308731
751.3465346534654,0.15050096211131722
751.3663366336634,0.1510039083528396
751.3861386138614,0.15136422162067506
751.4059405940594,0.15158150577136317
751.4257425742575,0.15165552367426569
751.4455445544554,0.15158619716443722
751.4653465346535,0.15137360702146097
751.4851485148515,0.15101799297223223
751.5049504950496,0.15051975371950696
751.5247524752475,0.1498794470015468
751.5445544554456,0.149097789692174
751.5643564356436,0.14817565795456922
751.5841584158416,0.147114087466825
751.6039603960396,0.14591427374232901
751.6237623762377,0.14457757257415713
751.6435643564357,0.1431055006395424
751.6633663366337,0.14149973630876117
751.6831683168316,0.13976212071285088
751.7029702970298,0.13789465913658608
751.7227722772277,0.13589952281781956
751.7425742574258,0.13377905125270156
751.7623762376238,0.1315357551286159
751.7821782178219,0.12917232003516366
751.8019801980198,0.12669161113861668
751.8217821782177,0.12409667905059565
751.8415841584159,0.12139076717825445
751.8613861386139,0.11857732091694118
751.8811881188119,0.11565999914015039
751.90099009901,0.1126426885640238
751.9207920792079,0.10952952172323116
751.940594059406,0.10632489950481554
751.9603960396039,0.10303351946394916
751.9801980198021,0.0996604115149372
752.0,0.09621098308576684
752.019801980198,0.09269107649185578
752.0396039603961,0.08910704218988635
752.059405940594,0.08546583280684282
752.0792079207921,0.08177512452830331
752.09900990099,0.07804347474791457
752.1188118811882,0.07428052805657301
752.1386138613861,0.0704972869841912
752.1584158415841,0.06670646974384578
752.1782178217823,0.06292298489119943
752.1980198019802,0.05916456237148158
752.2178217821782,0.055452591126823735
752.2376237623762,0.05181322235175631
752.2574257425744,0.048278796615568
752.2772277227723,0.044889623626445406
752.2970297029702,0.041696046232819604
752.3168316831684,0.03876048518318243
752.3366336633663,0.03615869405459856
752.3564356435644,0.03397871954581538
752.3762376237623,0.03231534329122911
752.3960396039604,0.03125806545294436
752.4158415841584,0.03087346303125853
752.4356435643564,0.031187888398706398
752.4554455445545,0.03217960922684199
752.4752475247525,0.03378532338957347
752.4950495049505,0.03591692871621867
752.5148514851485,0.03847948871459915
752.5346534653465,0.04138391964711205
752.5544554455446,0.044553126121063234
752.5742574257425,0.04792338221045588
752.5940594059407,0.05144322268524952
752.6138613861386,0.05507143124898944
752.6336633663366,0.058774958525459844
752.6534653465346,0.0625271078497964
752.6732673267327,0.06630607300967827
752.6930693069307,0.07009380487885189
752.7128712871287,0.07387514989508027
752.7326732673268,0.0776372007170048
752.7524752475248,0.08136880782253124
752.7722772277227,0.0850602115241764
752.7920792079208,0.08870276360972214
752.8118811881188,0.09228871567504145
752.8316831683169,0.09581105722447422
752.8514851485148,0.09926339108263603
752.8712871287129,0.10263983694063175
752.8910891089109,0.10593495625171447
752.9108910891089,0.10914369343502558
752.9306930693069,0.11226132961941716
752.950495049505,0.11528344609305445
752.970297029703,0.11820589531224499
752.990099009901,0.12102477783302311
753.009900990099,0.1237364239090397
753.0297029702971,0.1263373787849513
753.049504950495,0.12882439092984543
753.0693069306931,0.13119440261950346
753.0891089108911,0.13344454240165057
753.1089108910891,0.13557211907515357
753.1287128712871,0.13757461688904016
753.1485148514852,0.13944969172581656
753.1683168316832,0.14119516807943072
753.1881188118812,0.14280903667455955
753.2079207920792,0.14428945260266418
753.2277227722773,0.14563473387356254
753.2475247524752,0.14684336029950232
753.2673267326733,0.14791397264419834
753.2871287128713,0.14884537198124204
753.3069306930694,0.14963651921677798
753.3267326732673,0.15028653473942766
753.3465346534653,0.1507946981679962
753.3663366336634,0.1511604481730279
753.3861386138614,0.15138338235405818
753.4059405940594,0.15146325715856326
753.4257425742575,0.15139998783321007
753.4455445544555,0.15119364840151228
753.4653465346535,0.15084447166593185
753.4851485148514,0.15035284923602765
753.5049504950496,0.1497193315878605
753.5247524752475,0.14894462816375287
753.5445544554456,0.14802960752564726
753.5643564356436,0.14697529757981256
753.5841584158416,0.1457828858958742
753.6039603960396,0.14445372014901414
753.6237623762376,0.14298930872114884
753.6435643564357,0.14139132150515177
753.6633663366337,0.13966159096612807
753.6831683168317,0.1378021135255407
753.7029702970298,0.13581505134895214
753.7227722772277,0.13370273463590235
753.7425742574258,0.13146766453300418
753.7623762376237,0.12911251681926678
753.7821782178219,0.12664014654773437
753.8019801980198,0.1240535938720394
753.8217821782177,0.12135609134303951
753.8415841584159,0.11855107303285753
753.8613861386139,0.11564218593736283
753.8811881188119,0.11263330422855883
753.9009900990098,0.1095285470866468
753.920792079208,0.10633230104842875
753.940594059406,0.10304924808311387
753.9603960396039,0.09968440097117305
753.9801980198021,0.09624314805050521
754.0,0.09273131005258667
754.019801980198,0.08915521264401478
754.039603960396,0.08552177950506641
754.059405940594,0.08183865244118035
754.0792079207921,0.0781143473046179
754.09900990099,0.07435845763075574
754.1188118811882,0.0705819221567435
754.1386138613861,0.06679737813203322
754.1584158415842,0.0630196298685018
754.1782178217821,0.05926627139156761
754.1980198019802,0.055558512621916176
754.2178217821782,0.05192226742511537
754.2376237623762,0.048389561393658416
754.2574257425744,0.045000289209005534
754.2772277227723,0.041804257939229365
754.2970297029702,0.03886322541404349
754.3168316831683,0.03625218918309988
754.3366336633663,0.03405846246016992
754.3564356435644,0.032376351052724475
754.3762376237623,0.03129546690929349
754.3960396039605,0.03088334977238176
754.4158415841584,0.031168107047526775
754.4356435643564,0.03213007929133874
754.4554455445544,0.033707730536353744
754.4752475247525,0.03581403717055953
754.4950495049505,0.038354448393420726
754.5148514851485,0.04123978869761824
754.5346534653465,0.044392632104148566
754.5544554455446,0.04774885046757036
754.5742574257425,0.05125659363790848
754.5940594059406,0.05487431347915692
754.6138613861386,0.05856868925645785
754.6336633663367,0.062312808405037404
754.6534653465346,0.06608469521750455
754.6732673267327,0.06986616818349671
754.6930693069307,0.07364197035595714
754.7128712871287,0.07739911341679322
754.7326732673267,0.08112638410663188
754.7524752475248,0.0848139722590599
754.7722772277227,0.08845318939954046
754.7920792079208,0.09203625475980216
754.8118811881188,0.0955561316090613
754.8316831683169,0.09900640131123997
754.8514851485148,0.10238116582926464
754.8712871287129,0.10567497181495365
754.8910891089109,0.1088827511858257
754.9108910891089,0.11199977437835702
754.9306930693069,0.11502161341117077
754.950495049505,0.1179441125878514
754.970297029703,0.12076336518468815
754.990099009901,0.12347569485322894
755.0099009900989,0.12607764075633449
755.0297029702971,0.1285659456743358
755.049504950495,0.13093754648384487
755.0693069306931,0.1331895665386304
755.0891089108911,0.13531930957965305
755.1089108910892,0.13732425487744512
755.1287128712871,0.13920205336873165
755.1485148514851,0.14095052459594806
755.1683168316832,0.14256765429483945
755.1881188118812,0.14405159250443114
755.2079207920792,0.14540065209705744
755.2277227722773,0.1466133076448896
755.2475247524752,0.14768819455446747
755.2673267326733,0.14862410841347504
755.2871287128712,0.1494200045039388
755.3069306930694,0.15007499744467742
755.3267326732673,0.15058836093303712
755.3465346534654,0.15095952756195474
755.3663366336634,0.1511880886937256
755.3861386138614,0.151273794376516
755.4059405940594,0.1512165532937906
755.4257425742574,0.15101643274085075
755.4455445544555,0.15067365862620938
755.4653465346535,0.15018861549930354
755.4851485148514,0.1495618466096111
755.5049504950496,0.14879405400606702
755.5247524752475,0.14788609868994892
755.5445544554456,0.14683900083874313
755.5643564356435,0.1456539401237063
755.5841584158417,0.1443322561498812
755.6039603960396,0.14287544905394853
755.6237623762376,0.14128518030376638
755.6435643564357,0.1395632737531182
755.6633663366337,0.13771171701707913
755.6831683168317,0.13573266324808245
755.7029702970297,0.1336284334105231
755.7227722772277,0.13140151917403767
755.7425742574258,0.12905458657328536
755.7623762376237,0.12659048061689343
755.7821782178219,0.12401223107217334
755.8019801980198,0.12132305970837362
755.8217821782179,0.11852638935270425
755.8415841584158,0.1156258552058515
755.8613861386139,0.1126253189832003
755.8811881188119,0.10952888660418188
755.9009900990098,0.10634093035694037
755.920792079208,0.10306611673649671
755.940594059406,0.099709441514597
755.9603960396039,0.09627627408190602
755.980198019802,0.09277241375278115
756.0,0.08920416160318433
756.019801980198,0.08557841261118482
756.039603960396,0.08190277450895979
756.0594059405942,0.07818572200188098
756.0792079207921,0.074436798087895
756.09900990099,0.07066687840521431
756.1188118811881,0.06688852018450432
756.1386138613861,0.06311642479870593
756.1584158415842,0.059368052174278034
756.1782178217821,0.05566443576660218
756.1980198019802,0.0520312557006254
756.2178217821782,0.0485002275838613
756.2376237623762,0.04511083785525011
756.2574257425742,0.0419123665954443
756.2772277227723,0.03896591910510629
756.2970297029703,0.03634574701436231
756.3168316831683,0.03413843553078834
756.3366336633663,0.03243780874077492
756.3564356435644,0.031333567501335695
756.3762376237623,0.030894177289628955
756.3960396039604,0.031149464488239163
756.4158415841584,0.03208182517940577
756.4356435643564,0.033631495677568804
756.4554455445544,0.03571255041419651
756.4752475247525,0.03823084415513641
756.4950495049505,0.04109712322581216
756.5148514851485,0.04423363794583335
756.5346534653465,0.047575860222720825
756.5544554455446,0.051071554802878616
756.5742574257425,0.05467884050341386
756.5940594059406,0.058364123765135445
756.6138613861386,0.062100274742305034
756.6336633663367,0.06586514705588906
756.6534653465346,0.06964042585622587
756.6732673267327,0.07341075005393574
756.6930693069307,0.07716304975930613
756.7128712871287,0.08088604750921086
756.7326732673267,0.08456988229110256
756.7524752475248,0.08820582507694023
756.7722772277228,0.09178606250118072
756.7920792079208,0.09530353140906347
756.8118811881188,0.09875179154902822
756.8316831683169,0.10212492702739571
756.8514851485148,0.10541746958664694
756.8712871287129,0.10862433855107052
756.8910891089109,0.11174079358612396
756.9108910891089,0.11476239737283182
756.9306930693069,0.11768498600276969
756.950495049505,0.12050464542048485
756.970297029703,0.12321769262975313
756.990099009901,0.12582066067145828
757.009900990099,0.1283102866018841
757.0297029702971,0.13068350186759406
757.049504950495,0.13293742460154084
757.0693069306931,0.1350693534637767
757.0891089108911,0.13707676272683603
757.1089108910892,0.13895729836558643
757.1287128712871,0.14070877495815937
757.1485148514851,0.1423291732417357
757.1683168316832,0.14381663819636648
757.1881188118812,0.14516947755342313
757.2079207920792,0.14638616064442878
757.2277227722773,0.14746531752117173
757.2475247524753,0.14840573829071724
757.2673267326733,0.14920637261912312
757.2871287128712,0.14986632936636232
757.3069306930694,0.15038487632211053
757.3267326732673,0.15076144001822367
757.3465346534654,0.1509956055990465
757.3663366336634,0.1510871167353758
757.3861386138614,0.15103587557212103
757.4059405940594,0.15084194270366505
757.4257425742574,0.15050553717446896
757.4455445544555,0.1500270365063183
757.4653465346535,0.14940697675706524
757.4851485148515,0.14864605261978509
757.5049504950496,0.1477451175750322
757.5247524752475,0.14670518411386183
757.5445544554456,0.14552742405393282
757.5643564356435,0.14421316897723524
757.5841584158417,0.14276391082463835
757.6039603960396,0.14118130269068058
757.6237623762376,0.13946715987179922
757.6435643564357,0.13762346123290686
757.6633663366337,0.13565235097179776
757.6831683168317,0.13355614087851853
757.7029702970297,0.13133731320886163
757.7227722772278,0.12899852431872108
757.7425742574258,0.1265426092404742
757.7623762376237,0.12397258742606732
757.7821782178219,0.12129166993724712
757.8019801980198,0.1185032684339352
757.8217821782179,0.11561100640344929
757.8415841584158,0.11261873319137174
757.8613861386139,0.10953054154941612
757.8811881188119,0.10635078961795325
757.9009900990098,0.10308412852878568
757.920792079208,0.0997355371691247
757.940594059406,0.09631036612423097
757.960396039604,0.09281439345682968
757.980198019802,0.08925389584999525
758.0,0.08563573982167744
758.019801980198,0.081967499334464
758.039603960396,0.07825760833662851
758.0594059405942,0.07451555979991493
758.0792079207921,0.07075216694722226
758.09900990099,0.06697990792014806
758.1188118811881,0.06321338243476479
758.1386138613861,0.059469918105067604
758.1584158415842,0.055770374425816366
758.1782178217821,0.05214020129311447
758.1980198019803,0.048610809210018986
758.2178217821782,0.045221283002117585
758.2376237623762,0.0420203843562231
758.2574257425742,0.03906857621575835
758.2772277227723,0.036439374243697725
758.2970297029703,0.034218641182976385
758.3168316831683,0.03249971396189304
758.3366336633663,0.031372360314109504
758.3564356435644,0.030905935282019455
758.3762376237623,0.031131948422504583
758.3960396039604,0.03203483353116952
758.4158415841584,0.03355660466114424
758.4356435643565,0.03561245337994629
758.4554455445544,0.03810865983895243
758.4752475247525,0.04095590590009845
758.4950495049505,0.04407612517522579
758.5148514851485,0.047404391961371146
758.5346534653465,0.050888085740676284
758.5544554455446,0.0544849910746709
758.5742574257425,0.05816124010228518
758.5940594059406,0.06188948430114566
758.6138613861386,0.06564740543043328
758.6336633663367,0.06941655433457794
758.6534653465346,0.07318146501536282
758.6732673267327,0.07692898540962176
758.6930693069307,0.08064777337873232
758.7128712871287,0.08432791669285772
758.7326732673267,0.08796064547633839
758.7524752475248,0.09153811353094325
758.7722772277228,0.09505323108741759
758.7920792079208,0.09849953612265981
758.8118811881188,0.10187109475695307
758.8316831683169,0.10516242371477544
758.8514851485148,0.10836842963494427
758.8712871287129,0.11148436133275473
758.8910891089109,0.1145057720831795
758.910891089109,0.11742848970604222
758.9306930693069,0.12024859276190475
758.950495049505,0.12296239156075742
758.970297029703,0.1255664129810381
758.990099009901,0.1280573883193889
759.009900990099,0.13043224356114913
759.0297029702971,0.13268809159135003
759.049504950495,0.1348222259657555
759.0693069306931,0.13683211593914307
759.0891089108911,0.13871540250811448
759.1089108910892,0.14046989527333273
759.1287128712871,0.14209356996345723
759.1485148514852,0.1435845664926264
759.1683168316832,0.1449411874473611
759.1881188118812,0.14616189691760972
759.2079207920792,0.1472453196023724
759.2277227722773,0.14819024013293006
759.2475247524753,0.1489956025670708
759.2673267326733,0.1496605100164197
759.2871287128712,0.15018422437624734
759.3069306930694,0.1505661661333524
759.3267326732673,0.15080591423284967
759.3465346534654,0.15090320598960957
759.3663366336634,0.1508579370340922
759.3861386138615,0.15067016128645283
759.4059405940594,0.15034009095640705
759.4257425742574,0.14986809656993702
759.4455445544555,0.1492547070276853
759.4653465346535,0.14850060970370652
759.4851485148515,0.1476066505971666
759.5049504950496,0.14657383455442188
759.5247524752475,0.1454033255836316
759.5445544554456,0.14409644729018553
759.5643564356435,0.14265468346788468
759.5841584158417,0.14107967888900766
759.6039603960396,0.13937324034593046
759.6237623762377,0.13753733800898185
759.6435643564357,0.13557410717916418
759.6633663366337,0.13348585053227124
759.6831683168317,0.13127504097273718
759.7029702970297,0.12894432524263247
759.7227722772278,0.12649652846556553
759.7425742574258,0.1239346598484689
759.7623762376237,0.1212619198189996
759.7821782178219,0.1184817089468059
759.8019801980198,0.11559763908699267
759.8217821782179,0.1126135473015341
759.8415841584158,0.10953351326675001
759.861386138614,0.10636188107541406
759.8811881188119,0.10310328660629503
759.9009900990098,0.09976269198540985
759.920792079208,0.09634542913333181
759.940594059406,0.09285725502533328
759.960396039604,0.08930442214764583
759.980198019802,0.0856937687978736
760.0,0.08203283546942017
760.019801980198,0.0783300157386074
760.039603960396,0.07459475305545087
760.0594059405942,0.07083779890120642
760.0792079207921,0.06707155324323504
760.0990099009902,0.06331051540051677
760.1188118811881,0.059571882427583524
760.1386138613861,0.055876342313079176
760.1584158415842,0.052249118161500345
760.1782178217821,0.04872132014384733
760.1980198019803,0.04533163795088166
760.2178217821782,0.04212832327537845
760.2376237623762,0.03917120666275205
760.2574257425742,0.03653307760713445
760.2772277227723,0.034299081983048915
760.2970297029703,0.03256206455926633
760.3168316831683,0.03141183873351985
760.3366336633665,0.03091861377066684
760.3564356435644,0.031115546867178115
760.3762376237623,0.03198909129098489
760.3960396039604,0.033483043635032586
760.4158415841584,0.03551373130112411
760.4356435643565,0.03798787958561567
760.4554455445544,0.04081611969068002
760.4752475247525,0.04392007562330509
760.4950495049505,0.047234426471701126
760.5148514851485,0.050706166316502294
760.5346534653465,0.05429274425371839
760.5544554455446,0.057960016630744675
760.5742574257425,0.0616804148381392
760.5940594059406,0.06543144756922711
760.6138613861386,0.06919453038436087
760.6336633663367,0.07295409160073892
760.6534653465346,0.07669689637283822
760.6732673267327,0.08041153740943548
760.6930693069307,0.08408805088825262
760.7128712871287,0.08771762578883094
760.7326732673267,0.09129238284257134
760.7524752475248,0.09480520547352474
760.7722772277228,0.09824960972966125
760.7920792079208,0.10161964361476232
760.8118811881187,0.10490980872589395
760.8316831683169,0.10811499892347921
760.8514851485148,0.11123045209302755
760.8712871287129,0.11425171203451848
760.8910891089109,0.11717459823600296
760.910891089109,0.11999518182137738
760.9306930693069,0.12270976636057042
760.9504950495049,0.12531487252879367
760.970297029703,0.12780722582716647
760.990099009901,0.13018374674834107
761.009900990099,0.1324415429020008
761.0297029702971,0.1345779027159963
761.049504950495,0.13659029040721268
761.0693069306931,0.13847634197725037
761.089108910891,0.14023386203585214
761.1089108910892,0.14186082129278177
761.1287128712871,0.14335535458901333
761.1485148514852,0.14471575936191255
761.1683168316832,0.14594049445849444
761.1881188118812,0.14702817922654376
761.2079207920792,0.14797759282594877
761.2277227722772,0.1487876737134604
761.2475247524753,0.14945751926236564
761.2673267326733,0.1499863854863197
761.2871287128712,0.15037368684257166
761.3069306930694,0.1506189960952354
761.3267326732673,0.15072204422413454
761.3465346534654,0.1506827203687887
761.3663366336633,0.15050107180131428
761.3861386138615,0.15017730392537643
761.4059405940594,0.1497117803024335
761.4257425742574,0.14910502270970735
761.4455445544555,0.1483577112384643
761.4653465346535,0.14747068444519906
761.4851485148515,0.14644493957265406
761.5049504950495,0.14528163286296336
761.5247524752475,0.14398207999070894
761.5445544554456,0.14254775665074806
761.5643564356435,0.14098029934345047
761.5841584158417,0.13928150640982356
761.6039603960396,0.13745333938049695
761.6237623762377,0.13549792471684224
761.6435643564356,0.13341755603989788
761.6633663366337,0.1312146969645628
761.6831683168317,0.12889198468332824
761.7029702970297,0.12645223447793405
761.7227722772278,0.12389844537994935
761.7425742574258,0.1212338072557779
761.7623762376237,0.11846170966111746
761.7821782178218,0.11558575289938992
761.8019801980198,0.1126097618344707
761.8217821782179,0.10953780315899155
761.8415841584158,0.10637420701755183
761.861386138614,0.10312359414530856
761.8811881188119,0.09979091002948991
761.9009900990098,0.0963814680656888
761.9207920792079,0.09290100430459705
761.940594059406,0.08935574722990287
761.960396039604,0.08575250715635496
761.980198019802,0.08209879140538255
762.0,0.07840295356191009
762.019801980198,0.07467438805205581
762.039603960396,0.07092378527929644
762.059405940594,0.06716346793705602
762.0792079207921,0.06340783618515161
762.0990099009902,0.059673958239012885
762.1188118811881,0.055982352986697945
762.1386138613861,0.05235802010593631
762.1584158415842,0.04883177410287652
762.1782178217821,0.04544191586571791
762.1980198019802,0.042236195304575654
762.2178217821782,0.03927382031884724
762.2376237623762,0.03662686387966187
762.2574257425742,0.03437976063622855
762.2772277227723,0.03262485861141416
762.2970297029703,0.031451996447425634
762.3168316831683,0.03093220310346729
762.3366336633663,0.03110024816262284
762.3564356435644,0.031944585718393405
762.3762376237623,0.03341079906010851
762.3960396039604,0.03541636972586302
762.4158415841584,0.03786848785264576
762.4356435643565,0.04067774788535201
762.4554455445544,0.04376547143902567
762.4752475247524,0.04706594486077875
762.4950495049505,0.05052577671643751
762.5148514851485,0.054102079425334494
762.5346534653465,0.057760432041469516
762.5544554455446,0.06147304444280257
762.5742574257426,0.06521725103866273
762.5940594059406,0.0689743311153074
762.6138613861385,0.07272860652026623
762.6336633663367,0.0764667590095079
762.6534653465346,0.0801773156566896
762.6732673267327,0.08385026066780708
762.6930693069307,0.08747674157733895
762.7128712871287,0.09104884580637033
762.7326732673267,0.0945594297782638
762.7524752475247,0.09800198745335251
762.7722772277228,0.10137054858744288
762.7920792079208,0.10465959953991688
762.8118811881188,0.10786402129931273
762.8316831683169,0.11097904074115637
762.8514851485148,0.11400019212109842
762.8712871287129,0.11692328653494477
762.8910891089108,0.11974438761696253
762.910891089109,0.12245979215038999
762.9306930693069,0.12506601456615116
762.9504950495049,0.1275597745336607
762.970297029703,0.12993798702113218
762.990099009901,0.1321977543351906
763.009900990099,0.13433635975180003
763.029702970297,0.1363512624295434
763.0495049504951,0.13824009335797915
763.0693069306931,0.14000065214207646
763.089108910891,0.14163090446203289
763.1089108910892,0.14312898007798994
763.1287128712871,0.14449317127348177
763.1485148514852,0.14572193165085895
763.1683168316831,0.1468138752077844
763.1881188118812,0.14776777563675925
763.2079207920792,0.1485825658002458
763.2277227722772,0.14925733734275176
763.2475247524753,0.1497913404086076
763.2673267326733,0.15018398344052253
763.2871287128713,0.15043483303930075
763.3069306930693,0.1505436138700777
763.3267326732673,0.1505102086044473
763.3465346534654,0.15033465789201114
763.3663366336633,0.1500171603585881
763.3861386138615,0.1495580726317706
763.4059405940594,0.148957909398539
763.4257425742574,0.14821734350304758
763.4455445544554,0.14733720609716747
763.4653465346535,0.14631848686052049
763.4851485148515,0.1451623343120327
763.5049504950495,0.14387005624065366
763.5247524752476,0.1424431202897521
763.5445544554456,0.14088315473754479
763.5643564356435,0.13919194952565028
763.5841584158416,0.13737145759927505
763.6039603960396,0.13542379663667803
763.6237623762377,0.13335125126295855
763.6435643564356,0.13115627586465245
763.6633663366337,0.12884149814830972
763.6831683168317,0.12640972362003713
763.7029702970297,0.12386394120507273
763.7227722772277,0.12120733028071737
763.7425742574258,0.11844326946446532
763.7623762376238,0.1155753475879194
763.7821782178218,0.1126073774017228
763.8019801980198,0.10954341270582826
763.8217821782179,0.10638776979539641
763.8415841584158,0.10314505437057492
763.8613861386139,0.09982019540137559
763.8811881188119,0.09641848789702549
763.9009900990098,0.09294564714518323
763.9207920792079,0.08940787781964014
763.940594059406,0.08581196248747675
763.960396039604,0.08216537559215839
763.980198019802,0.07847643110327189
764.0,0.07475447491431678
764.019801980198,0.0710101370052374
764.039603960396,0.06725566368149885
764.059405940594,0.06350535716040927
764.0792079207921,0.0597761585067062
764.0990099009902,0.05608841986572788
764.1188118811881,0.05246692078269133
764.1386138613861,0.04894218466391379
764.1584158415842,0.04555212978507469
764.1782178217821,0.04234401230191618
764.1980198019802,0.03937642701745306
764.2178217821782,0.03672073987487783
764.2376237623763,0.034460679980987466
764.2574257425742,0.03268809442158681
764.2772277227723,0.03149282743132829
764.2970297029703,0.030946693938306496
764.3168316831683,0.031086040953795857
764.3366336633663,0.03190130436725116
764.3564356435644,0.03333985768738976
764.3762376237623,0.03532035449278204
764.3960396039604,0.03775046938883638
764.4158415841584,0.040540774063122266
764.4356435643565,0.04361229506231132
764.4554455445544,0.046898928527075494
764.4752475247525,0.05034689741958574
764.4950495049505,0.05391297627023123
764.5148514851485,0.057562465325309224
764.5346534653465,0.06126735150935064
764.5544554455446,0.06500479371517918
764.5742574257426,0.06875593395287884
764.5940594059406,0.07250498680566475
764.6138613861385,0.07623855000755765
764.6336633663367,0.07994508450895707
764.6534653465346,0.08361452216069266
764.6732673267327,0.08723796874881456
764.6930693069307,0.0908074781417493
764.7128712871288,0.0943158795663817
764.7326732673267,0.09775664473537457
764.7524752475247,0.10112378502402902
764.7722772277228,0.10441177144297152
764.7920792079208,0.10761547201466569
764.8118811881188,0.11073010252395309
764.8316831683169,0.11375118761233576
764.8514851485148,0.1166745299225733
764.8712871287129,0.11949618554593436
764.8910891089108,0.1222124444320617
764.910891089109,0.12481981472619634
764.9306930693069,0.12731501022959524
764.950495049505,0.12969494035396834
764.970297029703,0.1319567020748817
764.990099009901,0.13409757349213997
765.009900990099,0.1361150086853041
765.029702970297,0.13800663361449586
765.0495049504951,0.13977024286576242
765.0693069306931,0.14140379707867293
765.089108910891,0.14290542092451888
765.1089108910892,0.1442734015279467
765.1287128712871,0.14550618724449077
765.1485148514852,0.14660238672240908
765.1683168316831,0.14756076819032507
765.1881188118813,0.14838025892276743
765.2079207920792,0.14905994484452667
765.2277227722772,0.14959907024240998
765.2475247524753,0.14999703755912144
765.2673267326733,0.1502534072493294
765.2871287128713,0.15036789768331218
765.3069306930693,0.15034038508715833
765.3267326732673,0.15017090351302897
765.3465346534654,0.14985964483642603
765.3663366336633,0.14940695878122603
765.3861386138615,0.14881335297673248
765.4059405940594,0.14807949305503917
765.4257425742575,0.14720620280086893
765.4455445544554,0.14619446437058306
765.4653465346535,0.14504541860208825
765.4851485148515,0.143760365443264
765.5049504950495,0.1423407645327851
765.5247524752476,0.1407882359758353
765.5445544554456,0.13910456136601074
765.5643564356435,0.13729168511668347
765.5841584158416,0.13535171617889216
765.6039603960396,0.1332869302399836
765.6237623762377,0.13109977251866448
765.6435643564356,0.12879286129854636
765.6633663366338,0.12636899237565596
765.6831683168317,0.1238311446373453
765.7029702970297,0.12118248704333714
765.7227722772277,0.11842638734800384
765.7425742574258,0.11556642299038224
765.7623762376238,0.11260639469209718
765.7821782178218,0.10955034345074294
765.8019801980198,0.10640257181007526
765.8217821782179,0.10316767054307321
765.8415841584158,0.09985055222317726
765.8613861386139,0.09645649361083197
765.8811881188119,0.09299118939093097
765.90099009901,0.08946082061828742
765.9207920792079,0.08587214234523276
765.940594059406,0.08223259642816301
765.960396039604,0.07855045759292277
765.980198019802,0.07483502368520527
766.0,0.07109686490622995
766.019801980198,0.06734815204550033
766.039603960396,0.06360309057358347
766.059405940594,0.059878496061750296
766.0792079207921,0.056194556224023515
766.0990099009902,0.05257583369866317
766.1188118811881,0.04905256525780641
766.1386138613861,0.04566229261645208
766.1584158415842,0.04245178602616427
766.1782178217821,0.03947903654592805
766.1980198019802,0.03681471243697026
766.2178217821782,0.034541842979548584
766.2376237623763,0.03275177050779235
766.2574257425742,0.03153432593951386
766.2772277227723,0.03096207723649328
766.2970297029703,0.03107291418621862
766.3168316831683,0.03185923508359822
766.3366336633663,0.0332702065574316
766.3564356435644,0.03522567173152379
766.3762376237624,0.03763380923567071
766.3960396039604,0.04040518209620749
766.4158415841584,0.04346052922640106
766.4356435643565,0.046733359163053184
766.4554455445544,0.05016950920085387
766.4752475247525,0.05372541476788423
766.4950495049505,0.05736609577590172
766.5148514851485,0.06106331473958324
766.5346534653465,0.06479405378809631
766.5544554455446,0.06853931664105008
766.5742574257426,0.0722832098129714
766.5940594059406,0.07601224638498527
766.6138613861386,0.07971482069048291
766.6336633663367,0.08338081183739438
766.6534653465346,0.08700128355680156
766.6732673267327,0.09056825591970755
766.6930693069307,0.0940745307589789
766.7128712871288,0.09751355737813025
766.7326732673267,0.1008793286383735
766.7524752475247,0.10416630008968873
766.7722772277228,0.10736932669359645
766.7920792079208,0.1104836130630088
766.8118811881188,0.11350467415504231
766.8316831683169,0.11642830409812895
766.8514851485149,0.11925055138691353
766.8712871287129,0.12196769909016482
766.8910891089108,0.12457624902576081
766.910891089109,0.12707290909002752
766.9306930693069,0.12945458310582889
766.950495049505,0.1317183626893557
766.970297029703,0.13386152073970267
766.990099009901,0.13588150623634854
767.009900990099,0.13777594009228847
767.029702970297,0.13954261186013467
767.0495049504951,0.14117947712742732
767.0693069306931,0.14268465546822937
767.0891089108911,0.14405642884285794
767.1089108910892,0.14529324035746527
767.1287128712871,0.14639369331120902
767.1485148514852,0.1473565504719514
767.1683168316831,0.14818073353213376
767.1881188118813,0.14886532270547334
767.2079207920792,0.14940955643261095
767.2277227722772,0.14981283117019914
767.2475247524753,0.15007470124348965
767.2673267326733,0.15019487874719603
767.2871287128713,0.1501732334838102
767.3069306930693,0.15000979293252564
767.3267326732674,0.14970474224557462
767.3465346534654,0.1492584242725993
767.3663366336633,0.1486713396172747
767.3861386138615,0.14794414673409056
767.4059405940594,0.14707766207746026
767.4257425742575,0.14607286031972153
767.4455445544554,0.14493087465940208
767.4653465346535,0.14365299724715724
767.4851485148515,0.14224067976321114
767.5049504950495,0.14069553418816838
767.5247524752476,0.1390193338183041
767.5445544554456,0.13721401458817506
767.5643564356436,0.1352816767768299
767.5841584158416,0.1332245871914025
767.6039603960396,0.1310451819426539
767.6237623762377,0.12874606995363255
767.6435643564356,0.12633003737525908
767.6633663366338,0.12380005312476863
767.6831683168317,0.12115927581521833
767.7029702970297,0.11841106241231189
767.7227722772277,0.1155589790411357
767.7425742574258,0.11260681447785979
767.7623762376238,0.10955859700741813
767.7821782178218,0.1064186155194137
767.8019801980199,0.10319144596675976
767.8217821782179,0.09988198464607372
767.8415841584158,0.09649549020556923
767.8613861386139,0.09303763688629318
767.8811881188119,0.08951458231336397
767.90099009901,0.08593305425504068
767.9207920792079,0.08230046226842778
767.940594059406,0.07862504220280345
767.960396039604,0.07491604433454888
767.980198019802,0.07118397972164851
768.0,0.06744094449590872
768.019801980198,0.06370104855655151
768.0396039603961,0.05998098360814534
768.059405940594,0.05630077519947106
768.0792079207921,0.05268477222053138
768.0990099009902,0.049162929178244434
768.1188118811881,0.04577241714451151
768.1386138613861,0.042559528143621204
768.1584158415842,0.039581658650465944
768.1782178217821,0.03690878844287587
768.1980198019802,0.034623252717206045
768.2178217821782,0.03281588559975826
768.2376237623763,0.03157648650090252
768.2574257425742,0.030978344258629314
768.2772277227723,0.031060857102018002
768.2970297029703,0.031818366001594336
768.3168316831683,0.033201832995744876
768.3366336633663,0.0351323078577075
768.3564356435644,0.03751849272176568
768.3762376237624,0.04027095614403156
768.3960396039604,0.043310156951398004
768.4158415841583,0.046569218748335216
768.4356435643565,0.049993593123727365
768.4554455445544,0.053539375189063626
768.4752475247525,0.05717130298196166
768.4950495049505,0.06086091313498634
768.5148514851486,0.06458500975162462
768.5346534653465,0.06832445723421618
768.5544554455445,0.07206325321431123
768.5742574257426,0.07578782548162095
768.5940594059406,0.0794865012529582
768.6138613861386,0.08314910650134129
768.6336633663367,0.08676666259305411
768.6534653465346,0.09033115555450344
768.6732673267327,0.09383535962512139
768.6930693069306,0.09727270153639335
768.7128712871288,0.10063715550080196
768.7326732673267,0.10392316149488928
768.7524752475248,0.1071255613237476
768.7722772277228,0.11023954834653456
768.7920792079208,0.11326062776524794
768.8118811881188,0.11618458513239002
768.8316831683168,0.11900746129192392
768.8514851485149,0.12172553238417344
768.8712871287129,0.12433529385764774
768.8910891089108,0.1268334476666896
768.910891089109,0.129216892012676
768.9306930693069,0.13148271312379617
768.950495049505,0.13362817867359872
768.9702970297029,0.1356507325201049
768.9900990099011,0.13754799051113267
769.009900990099,0.13931773715105436
769.029702970297,0.14095792296361992
769.0495049504951,0.14246666241690423
769.0693069306931,0.14384223230107815
769.0891089108911,0.1450830704699694
769.1089108910891,0.14618777487351847
769.1287128712871,0.1471551028214973
769.1485148514852,0.1479839704297082
769.1683168316831,0.14867345220894465
769.1881188118813,0.14922278076451137
769.2079207920792,0.1496313465805871
769.2277227722773,0.14989869786914883
769.2475247524752,0.1500245404681398
769.2673267326733,0.15000873777784712
769.2871287128713,0.14985131072840888
769.3069306930693,0.14955243777523972
769.3267326732674,0.1491124549227571
769.3465346534654,0.14853185578039982
769.3663366336633,0.14781129165890597
769.3861386138614,0.14695157171869128
769.4059405940594,0.1459536631866915
769.4257425742575,0.144818691663017
769.4455445544554,0.14354794154441405
769.4653465346536,0.14214285659823023
769.4851485148515,0.1406050407283029
769.5049504950495,0.13893625898372935
769.5247524752475,0.13713843887255725
769.5445544554456,0.13521367205647936
769.5643564356436,0.13316421651931412
769.5841584158416,0.1309924993231901
769.6039603960396,0.12870112009228252
769.6237623762377,0.1262928553967725
769.6435643564356,0.12377066425091036
769.6633663366337,0.12113769499141049
769.6831683168317,0.11839729386912944
769.7029702970298,0.1155530157731736
769.7227722772277,0.1126086376172025
769.7425742574258,0.10956817506246291
769.7623762376238,0.10643590344101773
769.7821782178218,0.1032163839919935
769.8019801980198,0.0999144968540816
769.8217821782179,0.09653548269874278
769.8415841584158,0.09308499548083322
769.8613861386139,0.08956916958338657
769.8811881188119,0.08599470571901048
769.90099009901,0.08236898143022199
769.9207920792079,0.07870019405258787
769.940594059406,0.07499754676539921
769.960396039604,0.07127149210979271
769.980198019802,0.06753405240469727
770.0,0.06379924313337287
770.019801980198,0.06008363373074289
770.0396039603961,0.05640708980219388
770.059405940594,0.0527937495830701
770.079207920792,0.049273289590010975
770.0990099009902,0.04588251603879382
770.1188118811881,0.0426672502349108
770.1386138613861,0.039684303041179446
770.1584158415842,0.03700297480511886
770.1782178217823,0.03470491240262204
770.1980198019802,0.03288043863715042
770.2178217821781,0.03161930391637551
770.2376237623763,0.030995486562030862
770.2574257425742,0.031049859237576617
770.2772277227723,0.03177868554093277
770.2970297029703,0.03313472460981749
770.3168316831683,0.035040249569293844
770.3366336633663,0.03740450545865086
770.3564356435643,0.04013808064834077
770.3762376237624,0.043161161538768054
770.3960396039604,0.046406489543593485
770.4158415841584,0.04981913053367109
770.4356435643565,0.05335483808872605
770.4554455445544,0.056978066819755153
770.4752475247525,0.060660125988838964
770.4950495049504,0.0643776403966221
770.5148514851486,0.06811133408864478
770.5346534653465,0.0718450949891386
770.5544554455445,0.07556526495007862
770.5742574257426,0.07926010356630347
770.5940594059406,0.08291938327947784
770.6138613861386,0.0865340827779494
770.6336633663366,0.0900961537938623
770.6534653465346,0.09359834277190532
770.6732673267327,0.0970340537072816
770.6930693069306,0.10039724202792387
770.7128712871288,0.10368233202334892
770.7326732673267,0.10688415224597451
770.7524752475248,0.10999788471886135
770.7722772277227,0.11301902481767938
770.7920792079208,0.11594334945698118
770.8118811881188,0.11876689177565261
770.8316831683168,0.1214859209376398
770.8514851485149,0.12409692597981797
770.8712871287129,0.1265966028771384
770.8910891089108,0.12898184417656822
770.9108910891089,0.13124973068940782
770.9306930693069,0.13339752483844475
770.950495049505,0.13542266533859088
770.9702970297029,0.13732276295416465
770.9900990099011,0.13909559712608527
771.009900990099,0.14073911330222683
771.029702970297,0.14225142083556322
771.049504950495,0.14363079133992207
771.0693069306931,0.14487565741345806
771.0891089108911,0.14598461165637716
771.1089108910891,0.1469564059226208
771.1287128712871,0.14778995075632817
771.1485148514852,0.14848431497308298
771.1683168316831,0.14903872535325363
771.1881188118812,0.14945256642157584
771.2079207920792,0.1497253802924229
771.2277227722773,0.14985686656525285
771.2475247524752,0.14984688225897205
771.2673267326733,0.14969544177808136
771.2871287128713,0.14940271690709894
771.3069306930693,0.14896903683359294
771.3267326732673,0.14839488820363886
771.3465346534654,0.14768091521752175
771.3663366336633,0.14682791977730944
771.3861386138614,0.14583686170258664
771.4059405940594,0.14470885903542183
771.4257425742575,0.14344518846133952
771.4455445544554,0.14204728587975002
771.4653465346535,0.14051674716497897
771.4851485148515,0.13885532916838408
771.5049504950495,0.13706495102325789
771.5247524752475,0.13514769582791347
771.5445544554456,0.1331058127991575
771.5643564356436,0.1309417200091179
771.5841584158416,0.12865800784422216
771.6039603960396,0.12625744335762681
771.6237623762377,0.12374297572716923
771.6435643564356,0.12111774308284241
771.6633663366337,0.1183850810339059
771.6831683168317,0.1155485333108382
771.7029702970298,0.11261186504707295
771.7227722772277,0.10957907936850017
771.7425742574258,0.10645443814553542
771.7623762376238,0.10324248800901786
771.7821782178218,0.09994809305772584
771.8019801980198,0.09657647612081308
771.8217821782179,0.09313327102332145
771.8415841584158,0.08962458909211693
771.8613861386139,0.08605710421039965
771.8811881188119,0.08243816218777328
771.90099009901,0.07877592220463518
771.9207920792079,0.07507954080927812
771.940594059406,0.07135941264339246
771.960396039604,0.06762748704466572
771.980198019802,0.06389768621624647
772.0,0.06018645889141729
772.019801980198,0.056513512910916455
772.0396039603961,0.052902778885614545
772.059405940594,0.049383659525351425
772.079207920792,0.04599260184978685
772.0990099009902,0.04277496379015285
772.1188118811881,0.0397869793860277
772.1386138613861,0.037097278463969326
772.1584158415842,0.03478682535811611
772.1782178217823,0.032945428758872915
772.1980198019802,0.0316627732484377
772.2178217821781,0.03101349599198254
772.2376237623763,0.031039910416716963
772.2574257425742,0.03174018240172026
772.2772277227723,0.03306886928517948
772.2970297029703,0.034949483843746895
772.3168316831683,0.037291833338712964
772.3366336633663,0.040006540331815596
772.3564356435643,0.04301352657044421
772.3762376237624,0.04624515409001675
772.3960396039604,0.04964610305782957
772.4158415841584,0.05317178430596557
772.4356435643565,0.056786367453243926
772.4554455445544,0.06046093288652735
772.4752475247525,0.0641719248110474
772.4950495049504,0.06789992586307379
772.5148514851486,0.07162871342490644
772.5346534653465,0.07534454275657691
772.5544554455445,0.07903560531956928
772.5742574257426,0.08269161962324453
772.5940594059406,0.08630352136152682
772.6138613861386,0.08986322772011847
772.6336633663366,0.09336345714573561
772.6534653465347,0.09679759073154309
772.6732673267327,0.1001595649840281
772.6930693069306,0.10344378839118692
772.7128712871288,0.10664507615585121
772.7326732673267,0.10975859888203447
772.7524752475248,0.1127798420474263
772.7722772277227,0.11570457386616913
772.7920792079208,0.11852881971731676
772.8118811881188,0.12124884174020112
772.8316831683168,0.1238611225174136
772.8514851485149,0.12636235200688922
772.8712871287129,0.1287494170679097
772.8910891089109,0.13101939306570073
772.9108910891089,0.13316953714680385
772.9306930693069,0.13519728286104532
772.950495049505,0.13710023587054718
772.9702970297029,0.13887617053729356
772.9900990099011,0.1405230272208239
773.009900990099,0.14203891014954104
773.029702970297,0.1434220857543389
773.049504950495,0.14467098137399734
773.0693069306931,0.1457841842580401
773.0891089108911,0.14676044080639905
773.1089108910891,0.14759865599613342
773.1287128712872,0.1482978929548545
773.1485148514852,0.14885737264790858
773.1683168316831,0.14927647365316407
773.1881188118812,0.14955473200256889
773.2079207920792,0.14969184107485656
773.2277227722773,0.14968765152789187
773.2475247524752,0.14954217126338806
773.2673267326733,0.14925556542034843
773.2871287128713,0.14882815639731664
773.3069306930693,0.14826042390731964
773.3267326732673,0.14755300507287272
773.3465346534654,0.1467066945728056
773.3663366336634,0.14572244485680738
773.3861386138614,0.1446013664486695
773.4059405940594,0.14334472836476359
773.4257425742575,0.1419539586809276
773.4455445544554,0.1404306452885792
773.4653465346535,0.13877653689020178
773.4851485148515,0.13699354429543323
773.5049504950495,0.13508374209258275
773.5247524752475,0.13304937078712092
773.5445544554456,0.13089283951920333
773.5643564356436,0.12861672949802963
773.5841584158416,0.12622379832282019
773.6039603960396,0.12371698540093347
773.6237623762377,0.12109941872470749
773.6435643564356,0.11837442333440926
773.6633663366337,0.11554553187860707
773.6831683168317,0.11261649779217342
773.7029702970298,0.10959131175330014
773.7227722772277,0.10647422226593801
773.7425742574258,0.10326976145739432
773.7623762376238,0.09998277750363986
773.7821782178218,0.09661847552493354
773.8019801980198,0.09318246937159662
773.8217821782179,0.08968084749860866
773.8415841584159,0.08612025718381519
773.8613861386139,0.08250801278254634
773.8811881188119,0.07885223567437448
773.90099009901,0.07516203623658517
773.9207920792079,0.07144775182006738
773.940594059406,0.06772125959993361
773.960396039604,0.06399638961595111
773.980198019802,0.06028947143936324
774.0,0.056620057282991534
774.019801980198,0.053011873101600486
774.0396039603961,0.049494051892719014
774.059405940594,0.04610268701642704
774.0792079207921,0.042882680214762485
774.0990099009902,0.039889697314033905
774.1188118811881,0.0371917063873449
774.1386138613861,0.034868995015950394
774.1584158415842,0.033010855295956695
774.1782178217823,0.031706889811825185
774.1980198019802,0.031032364671107374
774.2178217821781,0.031031000739234097
774.2376237623763,0.0317028455519266
774.2574257425742,0.03300425517182175
774.2772277227723,0.03485999792352123
774.2970297029703,0.03718046251997021
774.3168316831684,0.03987632018220058
774.3366336633663,0.04286723589242268
774.3564356435643,0.046085195192468384
774.3762376237624,0.04947449258788841
774.3960396039604,0.05299019494661545
774.4158415841584,0.056596185316487954
774.4356435643565,0.06026331368780883
774.4554455445544,0.06396784236213181
774.4752475247525,0.06769021150080386
774.4950495049504,0.07141408709913327
774.5148514851486,0.07512563716294578
774.5346534653465,0.07881298450291217
774.5544554455446,0.08246579329057684
774.5742574257426,0.08607495590552816
774.5940594059406,0.0896323547322436
774.6138613861386,0.09313068001430216
774.6336633663366,0.09656328977560887
774.6534653465347,0.09992410146317458
774.6732673267327,0.10320750764804396
774.6930693069306,0.10640831008586381
774.7128712871288,0.10952166787807487
774.7326732673267,0.1125430565322351
774.7524752475248,0.11546823549921215
774.7722772277227,0.11829322234308638
774.7920792079209,0.1210142721300166
774.8118811881188,0.12362786094537287
774.8316831683168,0.12613067269206987
774.8514851485149,0.1285195885082028
774.8712871287129,0.1307916782833796
774.8910891089109,0.1329441938621445
774.9108910891089,0.134974563606923
774.9306930693069,0.13688038805864855
774.950495049505,0.1386594364845262
774.9702970297029,0.1403096441429882
774.9900990099011,0.14182911012800437
775.009900990099,0.14321609568059981
775.0297029702971,0.14446902287605926
775.049504950495,0.14558647361189575
775.0693069306931,0.14656718883543776
775.0891089108911,0.14741006796078704
775.1089108910891,0.14811416843439035
775.1287128712872,0.14867870541604775
775.1485148514852,0.14910305154882908
775.1683168316831,0.1493867367969497
775.1881188118812,0.14952944833567147
775.2079207920792,0.14953103048165173
775.2277227722773,0.14939148465613802
775.2475247524752,0.14911096937743828
775.2673267326734,0.1486898002823835
775.2871287128713,0.14812845018067203
775.3069306930693,0.1474275491491969
775.3267326732673,0.14658788467805656
775.3465346534654,0.14561040188390592
775.3663366336634,0.14449620381144826
775.3861386138614,0.14324655184937402
775.4059405940594,0.14186286629370976
775.4257425742575,0.14034672709895582
775.4455445544554,0.13869987486698776
775.4653465346535,0.13692421213427064
775.4851485148515,0.13502180503188888
775.5049504950496,0.13299488540902207
775.5247524752475,0.13084585353130188
775.5445544554456,0.12857728149055686
775.5643564356436,0.12619191749460545
775.5841584158416,0.12369269124563455
775.6039603960396,0.12108272066678426
775.6237623762377,0.11836532030132149
775.6435643564356,0.11554401179201776
775.6633663366337,0.11262253695619727
775.6831683168317,0.10960487411137519
775.7029702970298,0.10649525848949876
775.7227722772277,0.10329820781830852
775.7425742574258,0.10001855446724749
775.7623762376238,0.09666148598003645
775.7821782178218,0.09323259638607548
775.8019801980198,0.08973795145113488
775.8217821782179,0.08618417206955754
775.8415841584159,0.08257854141808889
775.8613861386139,0.07892914342563424
775.8811881188118,0.07524504275253303
775.90099009901,0.07153652005878981
775.9207920792079,0.06781538116300266
775.940594059406,0.06409536503953059
775.960396039604,0.06039268360947333
775.9801980198021,0.05672673555341545
776.0,0.05312104507823848
776.0198019801979,0.04960447947704179
776.0396039603961,0.04621278386675272
776.059405940594,0.04299041083007174
776.0792079207921,0.03999246641553615
776.0990099009902,0.037286265570353694
776.1188118811881,0.03495142491710645
776.1386138613861,0.03307671777027123
776.1584158415841,0.03175164917329647
776.1782178217823,0.031052085001282124
776.1980198019802,0.0310231205850512
776.2178217821782,0.03166666423335845
776.2376237623763,0.032940870691374066
776.2574257425742,0.034771779323984335
776.2772277227723,0.037070379434488085
776.2970297029702,0.039747405460952664
776.3168316831684,0.04272227362340151
776.3366336633663,0.04592659592806176
776.3564356435643,0.049304281288484256
776.3762376237624,0.05281005139144326
776.3960396039604,0.05640750112167524
776.4158415841584,0.06006724853465387
776.4356435643564,0.06376537270404092
776.4554455445545,0.06748217023719681
776.4752475247525,0.07120119488672179
776.4950495049504,0.07490852673381289
776.5148514851486,0.07859221941465244
776.5346534653465,0.08224188235282277
776.5544554455446,0.08584836429016225
776.5742574257425,0.0894035125525096
776.5940594059406,0.09289998897319846
776.6138613861386,0.09633112833811598
776.6336633663366,0.09969082889557847
776.6534653465347,0.10297346718340343
776.6732673267327,0.10617383141167254
776.6930693069307,0.10928706909516822
776.7128712871287,0.1123086456986552
776.7326732673267,0.11523431184645282
776.7524752475248,0.11806007723217067
776.7722772277227,0.12078218979985707
776.7920792079209,0.12339711909440661
776.8118811881188,0.1259015429254467
776.8316831683168,0.1282923366760311
776.8514851485148,0.13056656473035133
776.8712871287129,0.13272147360485573
776.8910891089109,0.13475448645197
776.9108910891089,0.1366631986721082
776.930693069307,0.13844537442154395
776.950495049505,0.14009894384443944
776.9702970297029,0.14162200089015684
776.990099009901,0.14301280160252955
777.009900990099,0.144269762788832
777.0297029702971,0.14539146099284514
777.049504950495,0.14637663171029208
777.0693069306931,0.14722416879600939
777.0891089108911,0.14793312402164308
777.1089108910891,0.14850270675043784
777.1287128712871,0.14893228370228573
777.1485148514852,0.1492213787878694
777.1683168316832,0.14936967299576215
777.1881188118812,0.14937700432067577
777.2079207920792,0.14924336772524263
777.2277227722773,0.1489689151313374
777.2475247524752,0.1485539554408647
777.2673267326733,0.14799895458933138
777.2871287128713,0.14730453563960696
777.3069306930693,0.14647147892699178
777.3267326732673,0.1455007222713935
777.3465346534654,0.14439336127702632
777.3663366336634,0.143150649745796
777.3861386138614,0.14177400023703354
777.4059405940594,0.14026498481377025
777.4257425742575,0.13862533602489466
777.4455445544554,0.13685694818361066
777.4653465346535,0.13496187901590945
777.4851485148515,0.13294235176916674
777.5049504950496,0.13080075789129675
777.5247524752475,0.12853966041605666
777.5445544554455,0.1261617982217413
777.5643564356436,0.12367009137010888
777.5841584158416,0.12106764778295369
777.6039603960396,0.1183577715779052
777.6237623762377,0.11554397346744867
777.6435643564357,0.11262998373175086
777.6633663366337,0.10961976841399511
777.6831683168316,0.10651754956790138
777.7029702970298,0.10332783062486253
777.7227722772277,0.10005542826314338
777.7425742574258,0.09670551258129274
777.7623762376238,0.09328365794032102
777.7821782178218,0.08979590759782088
777.8019801980198,0.08624885628436965
777.8217821782177,0.08264975627084267
777.8415841584159,0.07900665438152482
777.8613861386139,0.07532857000796568
777.8811881188119,0.07162572771078889
777.90099009901,0.06790986274560151
777.9207920792079,0.06419462410105303
777.940594059406,0.06049610753288076
777.9603960396039,0.05683356024508161
777.9801980198021,0.05323030754627577
778.0,0.04971495494864287
778.0198019801979,0.04632290462560961
778.0396039603961,0.04309816687932571
778.059405940594,0.040095296245769164
778.0792079207921,0.03738096303573199
778.09900990099,0.0350341187081538
778.1188118811882,0.03314301588810508
778.1386138613861,0.03179704714295906
778.1584158415841,0.031072649653712082
778.1782178217823,0.03101626060339874
778.1980198019802,0.03163162794976149
778.2178217821782,0.03287870452412327
778.2376237623762,0.034684815819588585
778.2574257425742,0.03696157077377039
778.2772277227723,0.039619781688003904
778.2970297029702,0.04257862413911876
778.3168316831684,0.04576933963005433
778.3366336633663,0.049135451580765654
778.3564356435644,0.05263133527954255
778.3762376237623,0.05622029584231462
778.3960396039604,0.059872717834317135
778.4158415841584,0.06356449576086338
778.4356435643564,0.06727578158261721
778.4554455445545,0.07099001594290288
778.4752475247525,0.074693190319532
778.4950495049504,0.07837328864422677
778.5148514851485,0.08201986517770306
778.5346534653465,0.08562372469708215
778.5544554455446,0.08917667920953407
778.5742574257425,0.09267136192896283
778.5940594059407,0.09610108423298004
778.6138613861386,0.09945972503081152
778.6336633663366,0.1027416447098108
778.6534653465346,0.10594161783541867
778.6732673267327,0.10905478025104234
778.6930693069307,0.11207658730552009
778.7128712871287,0.11500278073290407
778.7326732673267,0.11782936230045092
778.7524752475248,0.12055257278082986
778.7722772277227,0.12316887513489745
778.7920792079208,0.12567494104039634
778.8118811881188,0.12806764009117946
778.8316831683169,0.13034403113592458
778.8514851485148,0.13250135533659035
778.8712871287129,0.13453703061266598
778.8910891089109,0.1364486472044423
778.9108910891089,0.13823396414071434
778.9306930693069,0.1398909064379186
778.950495049505,0.1414175628902604
778.9702970297029,0.14281218433668202
778.990099009901,0.1440731823115608
779.009900990099,0.14519912800281579
779.0297029702971,0.14618875145515478
779.049504950495,0.14704094096741335
779.0693069306931,0.1477547426423581
779.0891089108911,0.14832936005522077
779.1089108910891,0.14876415401387072
779.1287128712871,0.14905864238917962
779.1485148514852,0.14921249999927863
779.1683168316832,0.14922555853576247
779.1881188118812,0.1490978065239058
779.2079207920792,0.14882938931295517
779.2277227722773,0.148420609096057
779.2475247524752,0.14787192496318383
779.2673267326733,0.1471839529941786
779.2871287128713,0.14635746640293723
779.3069306930694,0.14539339574831978
779.3267326732673,0.14429282923206196
779.3465346534654,0.1430570131095885
779.3663366336634,0.14168735224612283
779.3861386138614,0.1401854108580015
779.4059405940594,0.13855291348819565
779.4257425742575,0.13679174627594112
779.4455445544554,0.1349039585937117
779.4653465346535,0.13289176514091222
779.4851485148515,0.1307575486039746
779.5049504950496,0.12850386301728137
779.5247524752475,0.12613343799090077
779.5445544554456,0.12364918401027797
779.5643564356436,0.12105419906312356
779.5841584158416,0.11835177691221585
779.6039603960396,0.11554541741463806
779.6237623762377,0.11263883939315576
779.6435643564357,0.10963599670231255
779.6633663366337,0.10654109831070639
779.6831683168316,0.1033586334557813
779.7029702970298,0.1000934032391661
779.7227722772277,0.09675056044452712
779.7425742574258,0.0933356599157966
779.7623762376238,0.08985472258179329
779.7821782178219,0.0863143172268993
779.8019801980198,0.08272166548597452
779.8217821782177,0.07908477742064962
779.8415841584159,0.07541262759608777
779.8613861386139,0.07171538505659861
779.8811881188119,0.06800471527621603
779.90099009901,0.06429417831959076
779.9207920792079,0.060599755235400475
779.940594059406,0.056940543767678486
779.9603960396039,0.053339673119205226
779.9801980198021,0.04982549086276523
780.0,0.04643306141419987
780.019801980198,0.043205959526910906
780.0396039603961,0.04019819632328797
780.059405940594,0.037475805831076396
780.0792079207921,0.035117080137279794
780.09900990099,0.03320974953548969
780.1188118811882,0.03184307976995458
780.1386138613861,0.031094051565996438
780.1584158415841,0.031010411711545727
780.1782178217823,0.031597726466965514
780.1980198019802,0.0328177456101033
780.2178217821782,0.03459909544556009
780.2376237623762,0.036854023490872016
780.2574257425744,0.039493434644129084
780.2772277227723,0.04243627207470216
780.2970297029702,0.04561340989020442
780.3168316831684,0.04896798614468306
780.3366336633663,0.05245402851045745
780.3564356435644,0.056034550715274606
780.3762376237623,0.059679702261285064
780.3960396039604,0.06336519172846428
780.4158415841584,0.06707102532418109
780.4356435643564,0.0707805297048753
780.4554455445545,0.07447960705773181
780.4752475247525,0.07815617107361816
780.4950495049505,0.08179972043067661
780.5148514851485,0.08540101561073543
780.5346534653465,0.08895183303951298
780.5544554455446,0.09244477710028977
780.5742574257425,0.09587313559055653
780.5940594059407,0.0992307679388529
780.6138613861386,0.10251201826391115
780.6336633663366,0.10571164738668798
780.6534653465346,0.10882477939391672
780.6732673267327,0.1118468594448339
780.6930693069307,0.11477362031909497
780.7128712871287,0.11760105580134199
780.7326732673267,0.1203253994432462
780.7524752475248,0.12294310757771293
780.7722772277227,0.12545084571169646
780.7920792079208,0.127845477615423
780.8118811881188,0.1301240565716341
780.8316831683169,0.13228381836108793
780.8514851485148,0.1343221756471147
780.8712871287129,0.13623671348989513
780.8910891089109,0.1380251857739533
780.9108910891089,0.13968551237415236
780.9306930693069,0.14121577691862106
780.950495049505,0.1426142250333836
780.9702970297029,0.14387926297464082
780.990099009901,0.14500945657191616
781.009900990099,0.1460035304190767
781.0297029702971,0.14686036726180235
781.049504950495,0.14757900753946493
781.0693069306931,0.14815864904738874
781.0891089108911,0.1485986466920874
781.1089108910891,0.14889851231786247
781.1287128712871,0.1490579145882113
781.1485148514852,0.14907667890987178
781.1683168316832,0.14895478739156048
781.1881188118812,0.14869237883311287
781.2079207920792,0.14828974874461412
781.2277227722773,0.14774734939858006
781.2475247524752,0.14706578992228403
781.2673267326733,0.14624583644103575
781.2871287128713,0.14528841228779377
781.3069306930694,0.1441945982992532
781.3267326732673,0.14296563322408173
781.3465346534654,0.14160291427536728
781.3663366336634,0.14010799786699238
781.3861386138614,0.1384826005824586
781.4059405940594,0.13672860043574514
781.4257425742575,0.13484803849676394
781.4455445544554,0.1328431209702359
781.4653465346535,0.13071622183671738
781.4851485148515,0.128469886189324
781.5049504950496,0.12610683443060727
781.5247524752475,0.123629967533245
781.5445544554456,0.12104237361750055
781.5643564356436,0.11834733616151247
781.5841584158416,0.11554834424121668
781.6039603960396,0.11264910530112714
781.6237623762377,0.10965356109220288
781.6435643564357,0.10656590759026291
781.6633663366337,0.10339061994053107
781.6831683168316,0.10013248378161325
781.7029702970298,0.09679663471159851
781.7227722772277,0.09338860820736153
781.7425742574258,0.0899144030467654
781.7623762376238,0.08638056228348097
781.7821782178219,0.08279427718328643
781.8019801980198,0.07916352138313508
781.8217821782177,0.0754972250584992
781.8415841584159,0.07180550231229517
781.8613861386139,0.06809994960634592
781.8811881188119,0.06439403912550985
781.90099009901,0.060703638643803334
781.9207920792079,0.05704769842379821
781.940594059406,0.05344915429918893
781.9603960396039,0.04993609966495761
781.9801980198021,0.04654326625469356
782.0,0.04331379986167958
782.019801980198,0.040301176131468136
782.0396039603961,0.03757080102795664
782.059405940594,0.03520031305062631
782.0792079207921,0.03327691877215752
782.09900990099,0.03188974333500188
782.1188118811882,0.031116283934249513
782.1386138613861,0.031005565086883402
782.1584158415841,0.03156494980466941
782.1782178217823,0.032757983140515166
782.1980198019802,0.03451460648900118
782.2178217821782,0.03674772479126603
782.2376237623762,0.03936835036148334
782.2574257425744,0.0422952023150031
782.2772277227723,0.04545879054884822
782.2970297029702,0.04880186790890155
782.3168316831684,0.052278113234006905
782.3366336633663,0.05585024723050891
782.3564356435644,0.05948818274690652
782.3762376237623,0.06316744106409478
782.3960396039604,0.06686788151533658
782.4158415841584,0.07057271588138617
782.4356435643564,0.07426775636290836
782.4554455445545,0.07794084586700974
782.4752475247525,0.0815814270645953
782.4950495049505,0.08518021580799076
782.5148514851485,0.08872895267591202
782.5346534653465,0.0922202130077345
782.5544554455446,0.09564726084739003
782.5742574257425,0.09900393599993584
782.5940594059407,0.10228456619634514
782.6138613861386,0.10548389841250166
782.6336633663366,0.10859704489252295
782.6534653465346,0.11161944053189002
782.6732673267327,0.11454680909127339
782.6930693069307,0.11737513631604592
782.7128712871287,0.12010064848692097
782.7326732673268,0.12271979526461924
782.7524752475248,0.1252292359461072
782.7722772277227,0.1276258284431977
782.7920792079208,0.12990662044198487
782.8118811881188,0.13206884231503316
782.8316831683169,0.1341099014459613
782.8514851485148,0.1360273776945699
782.8712871287129,0.13781901978392985
782.8910891089109,0.13948274243316264
782.9108910891089,0.14101662409308607
782.9306930693069,0.14241890516835887
782.950495049505,0.14368798663136567
782.970297029703,0.14482242895031192
782.990099009901,0.14582095126800476
783.009900990099,0.14668243077936682
783.0297029702971,0.14740590226544117
783.049504950495,0.14799055774929054
783.0693069306931,0.1484357462462986
783.0891089108911,0.14874097358695812
783.1089108910891,0.14890590229541306
783.1287128712871,0.14893035151136438
783.1485148514852,0.1488142969472326
783.1683168316832,0.1485578708761668
783.1881188118812,0.1481613621503268
783.2079207920792,0.1476252162523135
783.2277227722773,0.146950035386762
783.2475247524752,0.14613657862264112
783.2673267326733,0.14518576210159195
783.2871287128713,0.14409865933215138
783.3069306930694,0.1428765015953639
783.3267326732673,0.14152067849360653
783.3465346534653,0.14003273868192176
783.3663366336634,0.13841439083023171
783.3861386138614,0.13666750487537388
783.4059405940594,0.13479411363508953
783.4257425742575,0.1327964148720687
783.4455445544555,0.13067677391607874
783.4653465346535,0.1284377269764372
783.4851485148514,0.12608198530833026
783.5049504950496,0.1236124404346036
783.5247524752475,0.1210321706741471
783.5445544554456,0.11834444929003478
783.5643564356436,0.11555275465076116
783.5841584158416,0.11266078290107372
783.6039603960396,0.10967246377275856
783.6237623762376,0.1065919803405639
783.6435643564357,0.1034237937583842
783.6633663366337,0.10017267431459113
783.6831683168317,0.09684374054997658
783.7029702970298,0.09344250872313103
783.7227722772277,0.08997495563721618
783.7425742574258,0.0864475988285413
783.7623762376237,0.08286759945793602
783.7821782178219,0.07924289507167033
783.8019801980198,0.07558237188663353
783.8217821782177,0.07189608963113726
783.8415841584159,0.06819557651252169
783.8613861386139,0.06449421786278778
783.8811881188119,0.06080776958842745
783.9009900990098,0.05715503641180801
783.920792079208,0.05355876348005768
783.940594059406,0.05004679369409445
783.9603960396039,0.04665353107295729
783.9801980198021,0.04342169889906868
784.0,0.0404042451195675
784.019801980198,0.03766595572138973
784.039603960396,0.03528382139009185
784.059405940594,0.033344523827948766
784.0792079207921,0.03193703434638444
784.09900990099,0.031139340209628403
784.1188118811882,0.031001712164291474
784.1386138613861,0.031533288234420524
784.1584158415842,0.032699406555975134
784.1782178217821,0.03443133748722231
784.1980198019802,0.0366426621310881
784.2178217821782,0.03924451512179905
784.2376237623762,0.04215539999260302
784.2574257425744,0.04530546569273138
784.2772277227723,0.04863708004839658
784.2970297029702,0.05210357184764348
784.3168316831683,0.05566736712823939
784.3366336633663,0.05929814047647772
784.3564356435644,0.06297122448329148
784.3762376237623,0.06666633047267306
784.3960396039605,0.07036655444945658
784.4158415841584,0.07405761792307937
784.4356435643564,0.07772729246728158
784.4554455445544,0.08136496431617803
784.4752475247525,0.08496130435457244
784.4950495049505,0.08850801704584417
784.5148514851485,0.09199764847004918
784.5346534653465,0.09542343874252865
784.5544554455446,0.09877920790078755
784.5742574257425,0.10205926716795038
784.5940594059406,0.1052583495734642
784.6138613861386,0.10837155543226744
784.6336633663367,0.11139430930141654
784.6534653465346,0.11432232585754773
784.6732673267327,0.11715158274972486
784.6930693069307,0.11987829893738591
784.7128712871287,0.12249891736451066
784.7326732673267,0.12501009107852962
784.7524752475248,0.12740867209779833
784.7722772277227,0.1296917024807375
784.7920792079208,0.13185640716439212
784.8118811881188,0.13390018822881924
784.8316831683169,0.1358206203128219
784.8514851485148,0.13761544696053424
784.8712871287129,0.1392825777208434
784.8910891089109,0.14082008585563616
784.9108910891089,0.14222620653940443
784.9306930693069,0.14349933545470223
784.950495049505,0.14463802770510356
784.970297029703,0.14564099698170482
784.990099009901,0.14650711493071714
785.0099009900989,0.1472354106794469
785.0297029702971,0.1478250704858854
785.049504950495,0.14827543748405775
785.0693069306931,0.14858601150296002
785.0891089108911,0.14875644894220363
785.1089108910892,0.1487865626917226
785.1287128712871,0.14867632208742063
785.1485148514851,0.14842585289796975
785.1683168316832,0.1480354373422201
785.1881188118812,0.14750551413988752
785.2079207920792,0.14683667860231248
785.2277227722773,0.14602968277385217
785.2475247524752,0.14508543563885004
785.2673267326733,0.14400500341399863
785.2871287128712,0.14278960995130605
785.3069306930694,0.1414406372832362
785.3267326732673,0.1399596263490802
785.3465346534654,0.13834827795049429
785.3663366336634,0.13660845399469906
785.3861386138614,0.13474217909704952
785.4059405940594,0.13275164263033237
785.4257425742574,0.13063920132794535
785.4455445544555,0.12840738257237902
785.4653465346535,0.126058888530969
785.4851485148514,0.12359660133911976
785.5049504950496,0.12102358957980858
785.5247524752475,0.11834311637006811
785.5445544554456,0.1155586494439973
785.5643564356435,0.11267387372451282
785.5841584158417,0.10969270700795258
785.6039603960396,0.10661931955900285
785.6237623762376,0.10345815864039369
785.6435643564357,0.10021397930219153
785.6633663366337,0.09689188315514587
785.6831683168317,0.09349736738711736
785.7029702970297,0.09003638700119591
785.7227722772277,0.08651543422766698
785.7425742574258,0.08294164038367383
785.7623762376237,0.07932290725494716
785.7821782178219,0.07566807752532376
785.8019801980198,0.07198715710746278
785.8217821782179,0.06829160670033971
785.8415841584158,0.06459472579326228
785.8613861386139,0.06091215980752113
785.8811881188119,0.057262569830313345
785.9009900990098,0.05366851295172104
785.920792079208,0.05015758518661392
785.940594059406,0.04676386770236174
785.9603960396039,0.04352966758408124
785.980198019802,0.040507412704296204
786.0,0.037761277029639745
786.019801980198,0.03536760919096315
786.039603960396,0.033412565098716235
786.0594059405942,0.03198494953499715
786.0792079207921,0.031163214093443893
786.09900990099,0.030998844631584935
786.1188118811881,0.031502732275301044
786.1386138613861,0.0326420055421561
786.1584158415842,0.0343492772232878
786.1782178217821,0.03653882321259235
786.1980198019802,0.03912191545162185
786.2178217821782,0.0420168504828102
786.2376237623762,0.04515341964973266
786.2574257425742,0.04847360597895584
786.2772277227723,0.05193038699083247
786.2970297029703,0.055485892393179456
786.3168316831683,0.05910955688328139
786.3366336633663,0.06277652295386875
786.3564356435644,0.06646635276984243
786.3762376237623,0.07016202564818395
786.3960396039604,0.07384917169348194
786.4158415841584,0.07751549058978859
786.4356435643564,0.08115031169969954
786.4554455445544,0.08474426059871676
786.4752475247525,0.08828900536370311
786.4950495049505,0.09177706259780692
786.5148514851485,0.09520164831111949
786.5346534653465,0.09855656262825478
786.5544554455446,0.10183610014341002
786.5742574257425,0.10503497983744947
786.5940594059406,0.10814829000894503
786.6138613861386,0.1111714448012931
786.6336633663367,0.11410014974163446
786.6534653465346,0.11693037432527277
786.6732673267327,0.11965833013969202
786.6930693069307,0.12228045336724051
786.7128712871287,0.12479339076596804
786.7326732673267,0.1271939884253894
786.7524752475248,0.12947928274493087
786.7722772277228,0.13164649319848673
786.7920792079208,0.1336930165383781
786.8118811881188,0.13561642216150757
786.8316831683169,0.13741444841523123
786.8514851485148,0.1390849996633702
786.8712871287129,0.14062614396689785
786.8910891089109,0.14203611126100557
786.9108910891089,0.14331329193201028
786.9306930693069,0.14445623571515467
786.950495049505,0.14546365084878263
786.970297029703,0.14633440343197582
786.990099009901,0.1470675169424969
787.009900990099,0.1476621718800456
787.0297029702971,0.148117705506585
787.049504950495,0.1484336116614522
787.0693069306931,0.14860954063403373
787.0891089108911,0.14864529908135984
787.1089108910892,0.1485408499820484
787.1287128712871,0.14829631262199966
787.1485148514851,0.1479119626108583
787.1683168316832,0.14738823193192455
787.1881188118812,0.1467257090320978
787.2079207920792,0.14592513896227463
787.2277227722773,0.14498742358298103
787.2475247524753,0.14391362185481588
787.2673267326733,0.1427049502387661
787.2871287128712,0.14136278323765186
787.3069306930694,0.13988865411752632
787.3267326732673,0.13828425585646414
787.3465346534654,0.13655144237906053
787.3663366336634,0.13469223014751308
787.3861386138614,0.13270880019620135
787.4059405940594,0.1306035007160616
787.4257425742574,0.12837885031910884
787.4455445544555,0.12603754214378862
787.4653465346535,0.12358244899983963
787.4851485148515,0.12101662979926252
787.5049504950496,0.11834333758142496
787.5247524752475,0.11556602951854303
787.5445544554456,0.11268837938897111
787.5643564356435,0.10971429313671732
787.5841584158417,0.10664792830673324
787.6039603960396,0.103493718369965
787.6237623762376,0.10025640324926158
787.6435643564357,0.09694106775158814
787.6633663366337,0.09355319014036959
787.6831683168317,0.09009870379175308
787.7029702970297,0.08658407583919964
787.7227722772278,0.08301640801472468
787.7425742574258,0.07940356666974924
787.7623762376237,0.07575435137522799
787.7821782178219,0.07207871477923139
787.8019801980198,0.06838805080728753
787.8217821782179,0.06469557409961191
787.8415841584158,0.06101682095051452
787.8613861386139,0.05737031068152251
787.8811881188119,0.053778414903614936
787.9009900990098,0.05026848627983283
787.920792079208,0.0468742878867156
787.940594059406,0.0436377167934615
787.960396039604,0.04061068827086983
787.980198019802,0.03785677209355256
788.0,0.03545168057951097
788.019801980198,0.0334810431423571
788.039603960396,0.032033485849704925
788.0594059405942,0.031187899532767304
788.0792079207921,0.030996954425802435
788.09900990099,0.031473272690507634
788.1188118811881,0.03258577002653224
788.1386138613861,0.03426841472277412
788.1584158415842,0.03643619598084522
788.1782178217821,0.0390005381188683
788.1980198019803,0.04187953940005204
788.2178217821782,0.04500263698508838
788.2376237623762,0.04831142935327845
788.2574257425742,0.051758541540897325
788.2772277227723,0.05530580525024266
788.2970297029703,0.05892241364422601
788.3168316831683,0.06258331769146762
788.3366336633663,0.06626792923296305
788.3564356435644,0.06995910997414434
788.3762376237623,0.07364239789199033
788.3960396039604,0.07730542021761398
788.4158415841584,0.08093744900224464
788.4356435643565,0.08452906416642786
788.4554455445544,0.08807189712638748
788.4752475247525,0.0915584347886245
788.4950495049505,0.09498186887961364
788.5148514851485,0.09833597946449003
788.5346534653465,0.1016150443864421
788.5544554455446,0.1048137684747858
788.5742574257425,0.10792722792389674
788.5940594059406,0.11095082638776237
788.6138613861386,0.11388026017807969
788.6336633663367,0.1167114905785657
788.6534653465346,0.11944072175370013
788.6732673267327,0.12206438307897663
788.6930693069307,0.12457911498287391
788.7128712871287,0.12698175759040892
788.7326732673267,0.12926934161035897
788.7524752475248,0.13143908102554425
788.7722772277228,0.13348836723606342
788.7920792079208,0.13541476437566788
788.8118811881188,0.13721600557679836
788.8316831683169,0.1388899900030061
788.8514851485148,0.14043478050205607
788.8712871287129,0.14184860176032932
788.8910891089109,0.1431298388611086
788.910891089109,0.1442770361672289
788.9306930693069,0.14528889646285256
788.950495049505,0.14616428030109624
788.970297029703,0.14690220551395292
788.990099009901,0.1475018468491446
789.009900990099,0.14796253570544074
789.0297029702971,0.14828375994388043
789.049504950495,0.14846516375750962
789.0693069306931,0.1485065475867452
789.0891089108911,0.14840786807171485
789.1089108910892,0.14816923803673368
789.1287128712871,0.1477909265058302
789.1485148514852,0.14727335875183245
789.1683168316832,0.14661711638551642
789.1881188118812,0.14582293749494835
789.2079207920792,0.1448917168497505
789.2277227722773,0.14382450618964102
789.2475247524753,0.14262251462204273
789.2673267326733,0.14128710915984075
789.2871287128712,0.13981981543774527
789.3069306930694,0.13822231865446666
789.3267326732673,0.13649646479833666
789.3465346534654,0.13464426222704234
789.3663366336634,0.13266788368752622
789.3861386138615,0.1305696688815769
789.4059405940594,0.12835212770648954
789.4257425742574,0.12601794433024613
789.4455445544555,0.12356998229812137
789.4653465346535,0.12101129091546968
789.4851485148515,0.11834511321184184
789.5049504950496,0.11557489586942729
789.5247524752475,0.11270430159871563
789.5445544554456,0.10973722457385607
789.5643564356435,0.10667780970968883
789.5841584158417,0.10353047678406423
789.6039603960396,0.10029995070279074
789.6237623762377,0.09699129959433525
789.6435643564357,0.09360998294277086
789.6633663366337,0.09016191266881521
789.6831683168317,0.08665353101635392
789.7029702970297,0.0830919103880236
789.7227722772278,0.0794848820234135
789.7425742574258,0.07584120279535485
789.7623762376237,0.07217077263079917
789.7821782178219,0.06848491940562294
789.8019801980198,0.0647967738884273
789.8217821782179,0.06112176458106747
789.8415841584158,0.05747827087431683
789.861386138614,0.05388848142769125
789.8811881188119,0.050379509014648466
789.9009900990098,0.04698480328245614
789.920792079208,0.04374585733702098
789.940594059406,0.04071408117296439
789.960396039604,0.03795244807474565
789.980198019802,0.03553603976898472
790.0,0.033549958673036305
790.019801980198,0.03208264045060182
790.039603960396,0.031213390713638503
790.0594059405942,0.030996033726692043
790.0792079207921,0.03144490048115992
790.0990099009902,0.03253069017222051
790.1188118811881,0.034188739247622314
790.1386138613861,0.03633476861752892
790.1584158415842,0.038880370126596446
790.1782178217821,0.041743452591535724
790.1980198019803,0.04485310249492179
790.2178217821782,0.0481505340543
790.2376237623762,0.05158801860633019
790.2574257425742,0.055127088157807064
790.2772277227723,0.05873669267305996
790.2970297029703,0.062391590152655524
790.3168316831683,0.06607104093380686
790.3366336633665,0.06975778817453851
790.3564356435644,0.07343727699220876
790.3762376237623,0.07709706159474365
790.3960396039604,0.08072635627688249
790.4158415841584,0.08431569495462547
790.4356435643565,0.08785667210648275
790.4554455445544,0.091341744720346
790.4752475247525,0.09476408005902276
790.4950495049505,0.0981174379802455
790.5148514851485,0.1013960794530951
790.5346534653465,0.10459469505159302
790.5544554455446,0.10770834877742112
790.5742574257426,0.11073243371886503
790.5940594059406,0.11366263690577215
790.6138613861386,0.1164949113520319
790.6336633663367,0.11922545374770316
790.6534653465346,0.12185068661584957
790.6732673267327,0.12436724401491624
790.6930693069307,0.1267719600694044
790.7128712871287,0.12906185976548648
790.7326732673267,0.13123415156668514
790.7524752475248,0.13328622149606714
790.7722772277228,0.13521562840268425
790.7920792079208,0.13702010018556382
790.8118811881188,0.13869753079247724
790.8316831683169,0.14024597784532566
790.8514851485148,0.14166366077178466
790.8712871287129,0.14294895934498167
790.8910891089109,0.1441004125508484
790.910891089109,0.14511671771753704
790.9306930693069,0.14599672985297155
790.9504950495049,0.14673946114671826
790.970297029703,0.1473440806003987
790.990099009901,0.14780991375800803
791.009900990099,0.1481364425132032
791.0297029702971,0.14832330497607205
791.049504950495,0.14837029538627797
791.0693069306931,0.14827736406373138
791.089108910891,0.1480446173918526
791.1089108910892,0.14767231783211607
791.1287128712871,0.14716088397233396
791.1485148514852,0.14651089061493086
791.1683168316832,0.14572306891523004
791.1881188118812,0.14479830658434442
791.2079207920792,0.14373764817576015
791.2277227722772,0.1425422954802432
791.2475247524753,0.14121360805989241
791.2673267326733,0.13975310395947885
791.2871287128712,0.13816246064189625
791.3069306930694,0.1364435162050666
791.3267326732673,0.1345982709502623
791.3465346534654,0.13262888938736453
791.3663366336633,0.13053770278175986
791.3861386138615,0.12832721237125821
791.4059405940594,0.12600009341118956
791.4257425742574,0.12355920024302577
791.4455445544555,0.12100757262921562
791.4653465346535,0.11834844365675157
791.4851485148515,0.11558524958912192
791.5049504950495,0.11272164214499177
791.5247524752475,0.1097615038105016
791.5445544554456,0.10670896695933615
791.5643564356435,0.10356843777414794
791.5841584158417,0.10034462625310812
791.6039603960396,0.09704258397040381
791.6237623762377,0.09366775177465811
791.6435643564356,0.090226020301161
791.6633663366337,0.08672380710940482
791.6831683168317,0.08316815552570545
791.7029702970297,0.07956686199653178
791.7227722772278,0.07592864110611133
791.7425742574258,0.07226334059621402
791.7623762376237,0.06858222300595852
791.7821782178218,0.06489833619402606
791.8019801980198,0.061227002181217356
791.8217821782179,0.05758646222863897
791.8415841584158,0.05399872452288061
791.861386138614,0.05049066534006141
791.8811881188119,0.04709542546296832
791.9009900990098,0.043854099961391044
791.9207920792079,0.04081760073547969
791.940594059406,0.038048312156922705
791.960396039604,0.03562069105944205
791.980198019802,0.03361931255962677
792.0,0.03213241070688069
792.019801980198,0.031239682059189814
792.039603960396,0.030996074955420422
792.059405940594,0.03141760688530937
792.0792079207921,0.03247675637705715
792.0990099009902,0.03411024029511331
792.1188118811881,0.03623452953979009
792.1386138613861,0.038761398711565476
792.1584158415842,0.041608576135491
792.1782178217821,0.04470480120416541
792.1980198019802,0.047990904192869686
792.2178217821782,0.051418801524183454
792.2376237623762,0.05494972380482548
792.2574257425742,0.05855237611723571
792.2772277227723,0.06220132203175883
792.2970297029703,0.06587566918638019
792.3168316831683,0.06955804124366219
792.3366336633663,0.07323378971984985
792.3564356435644,0.07689039522230749
792.3762376237623,0.08051701383882613
792.3960396039604,0.08410413312723622
792.4158415841584,0.08764331034831502
792.4356435643565,0.09112697234705194
792.4554455445544,0.09454826174081916
792.4752475247524,0.09790091803073742
792.4950495049505,0.10117918518761931
792.5148514851485,0.10437773942563987
792.5346534653465,0.10749163246460339
792.5544554455446,0.1105162467502597
792.5742574257426,0.1134472599637382
792.5940594059406,0.1162806167904391
792.6138613861385,0.11901250639421963
792.6336633663367,0.1216393443998186
792.6534653465346,0.12415775845480995
792.6732673267327,0.1265645766468775
792.6930693069307,0.1288568182073331
792.7128712871287,0.13103168605185112
792.7326732673267,0.13308656080134978
792.7524752475247,0.13501899599829414
792.7722772277228,0.1368267142895107
792.7920792079208,0.13850760439112114
792.8118811881188,0.14005971868614256
792.8316831683169,0.14148127133333335
792.8514851485148,0.14277063678811097
792.8712871287129,0.1439263486546928
792.8910891089108,0.14494709880296663
792.910891089109,0.14583173669602098
792.9306930693069,0.14657926888390932
792.9504950495049,0.1471888586276485
792.970297029703,0.14765982562438768
792.990099009901,0.14799164581088167
793.009900990099,0.1481839512271766
793.029702970297,0.1482365299275485
793.0495049504951,0.14814932592948923
793.0693069306931,0.14792243919569684
793.089108910891,0.14755612564768839
793.1089108910892,0.14705079721318665
793.1287128712871,0.1464070219134883
793.1485148514852,0.14562552400076528
793.1683168316831,0.14470718415945924
793.1881188118812,0.14365303979094582
793.2079207920792,0.1424642854057003
793.2277227722772,0.1411422731536292
793.2475247524753,0.13968851353035386
793.2673267326733,0.13810467630603673
793.2871287128713,0.13639259173344853
793.3069306930693,0.13455425210497268
793.3267326732673,0.13259181374325424
793.3465346534654,0.1305075995294679
793.3663366336633,0.12830410209659832
793.3861386138615,0.12598398784458578
793.4059405940594,0.1235501019711845
793.4257425742574,0.12100547475912604
793.4455445544554,0.11835332941954164
793.4653465346535,0.11559709186791159
793.4851485148515,0.1127404029065513
793.5049504950495,0.1097871334148162
793.5247524752476,0.10674140331349213
793.5445544554456,0.10360760528721587
793.5643564356435,0.10039043453503164
793.5841584158416,0.097094926200157
793.6039603960396,0.09372650263838717
793.6237623762377,0.09029103336807717
793.6435643564356,0.08679491146752213
793.6633663366337,0.08324515143708858
793.6831683168317,0.07964951524515843
793.7029702970297,0.07601667559166128
793.7227722772277,0.07235642856170102
793.7425742574258,0.06867997205994064
793.7623762376238,0.06500027198127854
793.7821782178218,0.06133254515423911
793.8019801980198,0.057694896478348065
793.8217821782179,0.05410915609795602
793.8415841584158,0.05060196711579032
793.8613861386139,0.047206165920704014
793.8811881188119,0.0439624553513719
793.9009900990098,0.04092125625468471
793.9207920792079,0.038144371544438
793.940594059406,0.03570563883430797
793.960396039604,0.033689105820661314
793.980198019802,0.03218279419088144
794.0,0.031266768223720556
794.019801980198,0.030997070769034386
794.039603960396,0.03139138337268082
794.059405940594,0.03242395926841841
794.0792079207921,0.03403290759274399
794.0990099009902,0.03613546739509424
794.1188118811881,0.038643611339036654
794.1386138613861,0.04147489633587724
794.1584158415842,0.044557718361115405
794.1782178217821,0.04783252410218331
794.1980198019802,0.051250873854373234
794.2178217821782,0.05477369510509113
794.2376237623763,0.058369446352189575
794.2574257425742,0.062012495254972745
794.2772277227723,0.06568179554109652
794.2970297029703,0.06935985041704039
794.3168316831683,0.07303191704687459
794.3366336633663,0.0766854018527674
794.3564356435644,0.08030940225962334
794.3762376237623,0.08389435910944461
794.3960396039604,0.08743179216214032
794.4158415841584,0.09091409789325312
794.4356435643565,0.0943343940912268
794.4554455445544,0.09768639974994492
794.4752475247525,0.10096434171679487
794.4950495049505,0.10416288174067243
794.5148514851485,0.1072770591697018
794.5346534653465,0.1103022457296722
794.5544554455446,0.11323410968564471
794.5742574257426,0.11606858733545714
794.5940594059406,0.1188018602646392
794.6138613861385,0.12143033715331354
794.6336633663367,0.12395063919706274
794.6534653465346,0.12635958841011785
794.6732673267327,0.12865419823638222
794.6930693069307,0.1308316660147788
794.7128712871288,0.13288936693867812
794.7326732673267,0.13482484922176186
794.7524752475247,0.13663583023950837
794.7722772277228,0.1383201934601896
794.7920792079208,0.13987598601460188
794.8118811881188,0.1413014167819665
794.8316831683169,0.1425948548921472
794.8514851485148,0.1437548285623541
794.8712871287129,0.14478002420162295
794.8910891089108,0.1456692857281643
794.910891089109,0.1464216140550177
794.9306930693069,0.14703616670759223
794.950495049505,0.1475122575437706
794.970297029703,0.1478493565533667
794.990099009901,0.14804708971887887
795.009900990099,0.14810523892406935
795.029702970297,0.14802374190132736
795.0495049504951,0.14780269221235331
795.0693069306931,0.14744233926073383
795.089108910891,0.14694308833852412
795.1089108910892,0.14630550071265674
795.1287128712871,0.1455302937611732
795.1485148514852,0.14461834117317
795.1683168316831,0.14357067323148218
795.1881188118813,0.14238847720212058
795.2079207920792,0.14107309786084682
795.2277227722772,0.13962603819443334
795.2475247524753,0.13804896032276243
795.2673267326733,0.13634368669819039
795.2871287128713,0.13451220165118555
795.3069306930693,0.13255665336643244
795.3267326732673,0.13047935639252897
795.3465346534654,0.12828279481172558
795.3663366336633,0.1259696262252844
795.3861386138615,0.12354268674678243
795.4059405940594,0.12100499724184281
795.4257425742575,0.11835977111185363
795.4455445544554,0.11561042399442512
795.4653465346535,0.11276058585040123
795.4851485148515,0.10981411603289974
795.5049504950495,0.10677512209745799
795.5247524752476,0.10364798332709402
795.5445544554456,0.10043738022943237
795.5643564356435,0.09714833163899342
795.5841584158416,0.09378624156022485
795.6039603960396,0.09035695856149543
795.6237623762377,0.08686685144112737
795.6435643564356,0.0833229061212629
795.6633663366338,0.07973285040356137
795.6831683168317,0.07610531550286989
795.7029702970297,0.07245004636888482
795.7227722772277,0.06877817696361381
795.7425742574258,0.06510259214915419
795.7623762376238,0.06143840482840257
795.7821782178218,0.05780358527513848
795.8019801980198,0.054219787975444564
795.8217821782179,0.05071342611603428
795.8415841584158,0.047317036070641985
795.8613861386139,0.044070934132756964
795.8811881188119,0.04102505699996771
795.90099009901,0.03824063346249317
795.9207920792079,0.03579088755892247
795.940594059406,0.03375933962132509
795.960396039604,0.03223378867432117
795.980198019802,0.03129464408888845
796.0,0.030999014057025903
796.019801980198,0.03136622164144716
796.039603960396,0.03237228970005882
796.059405940594,0.03395673109494922
796.0792079207921,0.036037571057783414
796.0990099009902,0.038526995699167406
796.1188118811881,0.04134239971850494
796.1386138613861,0.044411839433357685
796.1584158415842,0.04767537833343056
796.1782178217821,0.05108421937514575
796.1980198019802,0.054598985192534005
796.2178217821782,0.0581878859764517
796.2376237623763,0.06182509197544505
796.2574257425742,0.06548940177970822
796.2772277227723,0.0691631971663161
796.2970297029703,0.07283164018631298
796.3168316831683,0.0764820624846246
796.3366336633663,0.08010350236182354
796.3564356435644,0.08368635358226528
796.3762376237624,0.0872220981187718
796.3960396039604,0.09070310184854337
796.4158415841584,0.09412245754578236
796.4356435643565,0.09747386354520515
796.4554455445544,0.10075152944449371
796.4752475247525,0.10395010242102834
796.4950495049505,0.10706460936073856
796.5148514851485,0.11009041119145943
796.5346534653465,0.11302316669438875
796.5544554455446,0.1158588037202904
796.5742574257426,0.11859349622383455
796.5940594059406,0.12122364589393263
796.6138613861386,0.12374586743270355
796.6336633663367,0.12615697674398038
796.6534653465346,0.12845398145135914
796.6732673267327,0.13063407328787371
796.6930693069307,0.13269462199357981
796.7128712871288,0.13463317043084308
796.7326732673267,0.1364474306843583
796.7524752475247,0.13813528095800853
796.7722772277228,0.1396947631166556
796.7920792079208,0.1411240807490595
796.8118811881188,0.14242159765124587
796.8316831683169,0.14358583664783234
796.8514851485149,0.1446154786839511
796.8712871287129,0.1455093621325063
796.8910891089108,0.14626648227161965
796.910891089109,0.14688599089569152
796.9306930693069,0.14736719603040835
796.950495049505,0.14770956172823502
796.970297029703,0.14791270792608963
796.990099009901,0.1479764103516725
797.009900990099,0.14790060046908016
797.029702970297,0.1476853654582333
797.0495049504951,0.1473309482263753
797.0693069306931,0.14683774745377426
797.0891089108911,0.1462063176792499
797.1089108910892,0.14543736943521068
797.1287128712871,0.14453176944621296
797.1485148514852,0.14349054090960903
797.1683168316831,0.14231486388221506
797.1881188118813,0.14100607580316446
797.2079207920792,0.13956567219010482
797.2277227722772,0.13799530755458966
797.2475247524753,0.13629679659273805
797.2673267326733,0.13447211571953172
797.2871287128713,0.13252340503040524
797.3069306930693,0.13045297079246068
797.3267326732674,0.1282632885907723
797.3465346534654,0.12595700728408105
797.3663366336633,0.12353695396074625
797.3861386138615,0.12100614013138664
797.4059405940594,0.11836776945316359
797.4257425742575,0.11562524735537577
797.4455445544554,0.11278219303168072
797.4653465346535,0.10984245438891388
797.4851485148515,0.10681012670428056
797.5049504950495,0.10368957595490946
797.5247524752476,0.10048546806384227
797.5445544554456,0.09720280567820999
797.5643564356436,0.09384697459137974
797.5841584158416,0.09042380258720628
797.6039603960396,0.08693963438330131
797.6237623762377,0.08340142756868076
797.6435643564356,0.07981687608604739
797.6633663366338,0.07619457005934267
797.6831683168317,0.07254420381699472
797.7029702970297,0.06887684805984662
797.7227722772277,0.06520530753332611
797.7425742574258,0.061544592459704756
797.7623762376238,0.057912540191334114
797.7821782178218,0.0543306318944312
797.8019801980199,0.05082505403223893
797.8217821782179,0.04742804725273515
797.8415841584158,0.044179546874083014
797.8613861386139,0.04112901221460612
797.8811881188119,0.03833710515651384
797.90099009901,0.035876441778264094
797.9207920792079,0.0338300152697805
797.940594059406,0.03228539212385536
797.960396039604,0.031323304759410184
797.980198019802,0.03100189793746321
798.0,0.031342113614761274
798.019801980198,0.032321738748714836
798.0396039603961,0.03388170097979769
798.059405940594,0.03594082962577354
798.0792079207921,0.03841153970357126
798.0990099009902,0.041211073027491496
798.1188118811881,0.04426715010398679
798.1386138613861,0.04751945165192057
798.1584158415842,0.05091882207903731
798.1782178217821,0.054425577417042605
798.1980198019802,0.058007677807384195
798.2178217821782,0.061639094568902396
798.2376237623763,0.06529846991088896
798.2574257425742,0.06896806319477497
798.2772277227723,0.07263294058775176
798.2970297029703,0.07628035835792535
798.3168316831683,0.07989929521446743
798.3366336633663,0.08348009747805832
798.3564356435644,0.0870142090450383
798.3762376237624,0.09049396496299948
798.3960396039604,0.09391243280479637
798.4158415841583,0.09726329009261565
798.4356435643565,0.10054072904713451
798.4554455445544,0.10373938216708248
798.4752475247525,0.10685426378496697
798.4950495049505,0.10988072395216382
798.5148514851486,0.11281441189766711
798.5346534653465,0.11565124696524959
798.5544554455445,0.1183873954258154
798.5742574257426,0.12101925193011281
798.5940594059406,0.12354342464499646
798.6138613861386,0.12595672332661853
798.6336633663367,0.1282561497450996
798.6534653465346,0.13043888999807282
798.6732673267327,0.13250230834623436
798.6930693069306,0.13444394227781006
798.7128712871288,0.13626149856688477
798.7326732673267,0.13795285013611852
798.7524752475248,0.13951603357037587
798.7722772277228,0.14094924715665239
798.7920792079208,0.14225084934851392
798.8118811881188,0.14341935757198412
798.8316831683168,0.14445344730492152
798.8514851485149,0.14535195137403734
798.8712871287129,0.1461138594242176
798.8910891089108,0.14673831752304103
798.910891089109,0.1472246278706633
798.9306930693069,0.14757224859128557
798.950495049505,0.14778079358780766
798.9702970297029,0.14785003244583433
798.9900990099011,0.1477798903775319
799.009900990099,0.14757044819972948
799.029702970297,0.14722194234442307
799.0495049504951,0.14673476490352746
799.0693069306931,0.14610946371342773
799.0891089108911,0.14534674248893373
799.1089108910891,0.1444474610203125
799.1287128712871,0.14341263545196326
799.1485148514852,0.14224343866626935
799.1683168316831,0.14094120080270833
799.1881188118813,0.13950740994898211
799.2079207920792,0.13794371304974457
799.2277227722773,0.1362519170884961
799.2475247524752,0.13443399061060557
799.2673267326733,0.13249206567043673
799.2871287128713,0.13042844030414957
799.3069306930693,0.12824558165262812
799.3267326732674,0.1259461298877243
799.3465346534654,0.12353290313098553
799.3663366336633,0.12100890359951783
799.3861386138614,0.11837732527129351
799.4059405940594,0.11564156343625628
799.4257425742575,0.11280522659455289
799.4455445544554,0.10987215128608277
799.4653465346536,0.1068464205960011
799.4851485148515,0.1037323872904813
799.5049504950495,0.10053470281403172
799.5247524752475,0.09725835374672512
799.5445544554456,0.09390870780995016
799.5643564356436,0.09049157216699341
799.5841584158416,0.08701326765209409
799.6039603960396,0.08348072376364125
799.6237623762377,0.07990160088962282
799.6435643564356,0.07628444845230802
799.6633663366337,0.0726389106658913
799.6831683168317,0.06897599564156202
799.7029702970298,0.06530842890958266
799.7227722772277,0.06165111923542775
799.7425742574258,0.05802177272356348
799.7623762376238,0.05444169951427028
799.7821782178218,0.050936862476633114
799.8019801980198,0.04753921073511207
799.8217821782179,0.04428830408928032
799.8415841584158,0.04123313111735577
799.8613861386139,0.03843379389234834
799.8811881188119,0.03596230611551428
799.90099009901,0.03390113421424731
799.9207920792079,0.03233760269739937
799.940594059406,0.03135274555933131
799.960396039604,0.03100571575367388
799.980198019802,0.03131905143759251
800.0,0.032272297711031045
800.019801980198,0.03380780764581217
800.0396039603961,0.035845232417321314
800.059405940594,0.038297231481927096
800.079207920792,0.04108090322161863
800.0990099009902,0.04412363626776237
800.1188118811881,0.047364729032932255
800.1386138613861,0.05075466616856324
800.1584158415842,0.054253455340012885
800.1782178217823,0.05782880487661546
800.1980198019802,0.06145448562899569
800.2178217821781,0.06510898216553455
800.2376237623763,0.06877443043257941
800.2574257425742,0.07243579993248869
800.2772277227723,0.07608027094937836
800.2970297029703,0.0796967621281795
800.3168316831683,0.08327557197557064
800.3366336633663,0.08680810601883816
800.3564356435643,0.09028666824225473
800.3762376237624,0.09370430082839111
800.3960396039604,0.09705466033214966
800.4158415841584,0.1003319214687589
800.4356435643565,0.10353070195032096
800.4554455445544,0.10664600346401613
800.4752475247525,0.10967316510561878
800.4950495049504,0.11260782648311259
800.5148514851486,0.11544589837294268
800.5346534653465,0.11818353930893294
800.5544554455445,0.12081713685639063
800.5742574257426,0.12334329260473097
800.5940594059406,0.12575881012488493
800.6138613861386,0.12806068529994205
800.6336633663366,0.13024609856235664
800.6534653465347,0.13231240866709007
800.6732673267327,0.13425714770506952
800.6930693069306,0.13607801711965165
800.7128712871288,0.13777288453506573
800.7326732673267,0.13933978124180046
800.7524752475248,0.1407769002134259
800.7722772277227,0.14208259455204228
800.7920792079208,0.14325537627874177
800.8118811881188,0.14429391540028208
800.8316831683168,0.14519703919596452
800.8514851485149,0.14596373167868756
800.8712871287129,0.14659313319298348
800.8910891089109,0.1470845401196705
800.9108910891089,0.14743740466338984
800.9306930693069,0.14765133470409741
800.950495049505,0.14772609369879908
800.9702970297029,0.14766160062360115
800.9900990099011,0.14745792995051776
801.009900990099,0.14711531165688158
801.029702970297,0.14663413126913635
801.049504950495,0.14601492994647478
801.0693069306931,0.14525840461357992
801.0891089108911,0.14436540815620105
801.1089108910891,0.14333694969777586
801.1287128712871,0.14217419498048933
801.1485148514852,0.14087846688061345
801.1683168316831,0.13945124609455936
801.1881188118812,0.13789417204094662
801.2079207920792,0.1362090440337473
801.2277227722773,0.13439782279406742
801.2475247524752,0.13246263238285
801.2673267326733,0.1304057626552918
801.2871287128713,0.12822967236055594
801.3069306930693,0.12593699303865238
801.3267326732673,0.12353053390222843
801.3465346534654,0.12101328793583352
801.3663366336633,0.11838843950265499
801.3861386138614,0.1156593738217359
801.4059405940594,0.11282968877277577
801.4257425742575,0.10990320960747557
801.4455445544554,0.10688400730452989
801.4653465346535,0.10377642151341397
801.4851485148515,0.10058508930529125
801.5049504950495,0.09731498131255743
801.5247524752475,0.09397144732252383
801.5445544554456,0.09056027404041204
801.5643564356436,0.08708775861249413
801.5841584158416,0.08356080268648958
801.6039603960396,0.07998703339638882
801.6237623762377,0.0763749598471115
801.6435643564356,0.07273417663882872
801.6633663366337,0.06907562995462348
801.6831683168317,0.06541196699685213
801.7029702970298,0.061757996277281985
801.7227722772277,0.05813129429596354
801.7425742574258,0.054553002417786725
801.7623762376238,0.051048862985315725
801.7821782178218,0.047650537716808876
801.8019801980198,0.04439721623974776
801.8217821782179,0.041337422903547555
801.8415841584158,0.03853070695596845
801.8613861386139,0.03604848527012334
801.8811881188119,0.033972698039645595
801.90099009901,0.03239041873987729
801.9207920792079,0.03138296202771828
801.940594059406,0.03101046107015517
801.960396039604,0.03129702747298091
801.980198019802,0.03222395809982408
802.0,0.03373504170824089
802.019801980198,0.035750768967133535
802.0396039603961,0.03818405937800057
802.059405940594,0.040951877470151395
802.079207920792,0.04398128402671869
802.0990099009902,0.04721119565718501
802.1188118811881,0.05059173605152944
802.1386138613861,0.05408260272950983
802.1584158415842,0.057651250425095425
802.1782178217823,0.06127124796225833
802.1980198019802,0.06492092099163885
802.2178217821781,0.06858228103158484
802.2376237623763,0.0722402001283927
802.2574257425742,0.0758817819671553
802.2772277227723,0.0794958846499227
802.2970297029703,0.08307275849471099
802.3168316831683,0.08660377036388486
802.3366336633663,0.09008119294224315
802.3564356435643,0.09349804283125915
802.3762376237624,0.09684795546237132
802.3960396039604,0.100125087915799
802.4158415841584,0.1033240430081577
802.4356435643565,0.10643980968866722
802.4554455445544,0.1094677160177837
802.4752475247525,0.11240339191317328
802.4950495049504,0.11524273952317071
802.5148514851486,0.1179819095908533
802.5346534653465,0.1206172825483848
802.5544554455445,0.12314545336530427
802.5742574257426,0.12556321938937873
802.5940594059406,0.12786757058287251
802.6138613861386,0.1300556816829323
802.6336633663366,0.1321249059120984
802.6534653465347,0.13407276994050046
802.6732673267327,0.13589696986035518
802.6930693069306,0.13759536797989133
802.7128712871288,0.13916599028051377
802.7326732673267,0.1406070244103362
802.7524752475248,0.141916818110676
802.7722772277227,0.14309387799090614
802.7920792079208,0.1441368685825239
802.8118811881188,0.14504461161577192
802.8316831683168,0.14581608547244135
802.8514851485149,0.14645042477732867
802.8712871287129,0.14694692009773422
802.8910891089109,0.14730501772694124
802.9108910891089,0.1475243195326364
802.9306930693069,0.14760458285623565
802.950495049505,0.14754572045322237
802.9702970297029,0.14734780046855284
802.9900990099011,0.14701104644498622
803.009900990099,0.14653583736595127
803.029702970297,0.14592270773811794
803.049504950495,0.14517234772306187
803.0693069306931,0.1442856033312577
803.0891089108911,0.14326347669664644
803.1089108910891,0.1421071264549367
803.1287128712872,0.1408178682551066
803.1485148514852,0.13939717544041827
803.1683168316831,0.13784667994378177
803.1881188118812,0.13616817345221435
803.2079207920792,0.13436360890737098
803.2277227722773,0.13243510242385848
803.2475247524752,0.13038493572539414
803.2673267326733,0.12821555922132793
803.2871287128713,0.1259295958743818
803.3069306930693,0.12352984604560618
803.3267326732673,0.12101929354743142
803.3465346534654,0.1184011131921429
803.3663366336634,0.11567868019571119
803.3861386138614,0.1128555818899308
803.4059405940594,0.10993563231637382
803.4257425742575,0.10692289043225787
803.4455445544554,0.10382168286384816
803.4653465346535,0.10063663241336501
803.4851485148515,0.09737269388391746
803.5049504950495,0.0940351992655019
803.5247524752475,0.09062991496629652
803.5445544554456,0.08716311463813617
803.5643564356436,0.08364167231547288
803.5841584158416,0.08007318217555916
803.6039603960396,0.07646611338552262
803.6237623762377,0.0728300114248798
803.6435643564356,0.06917576120048327
803.6633663366337,0.06551593246002187
803.6831683168317,0.061865234644390386
803.7029702970298,0.05824111626329948
803.7227722772277,0.05466455211442104
803.7425742574258,0.051161067021292056
803.7623762376238,0.04776203933056944
803.7821782178218,0.04450629373659983
803.8019801980198,0.04144189674647626
803.8217821782179,0.038627851653579855
803.8415841584159,0.03613498401646589
803.8613861386139,0.034044708464889106
803.8811881188119,0.03244383877986185
803.90099009901,0.03141394991533965
803.9207920792079,0.031016127669725696
803.940594059406,0.031276034299337264
803.960396039604,0.03217671164151106
803.980198019802,0.033663393996485366
804.0,0.03565742902377686
804.019801980198,0.03807201194685716
804.0396039603961,0.04082398314991141
804.059405940594,0.043840079687010154
804.0792079207921,0.047058836907485024
804.0990099009902,0.05043001633744391
804.1188118811881,0.05391300355656256
804.1386138613861,0.0574749978992582
804.1584158415842,0.06108936458422454
804.1782178217823,0.06473426905029808
804.1980198019802,0.06839159736132465
804.2178217821781,0.07204612330575046
804.2376237623763,0.07568487334674077
804.2574257425742,0.07929664455886558
804.2772277227723,0.08287163869235491
804.2970297029703,0.08640118364550195
804.3168316831684,0.08987752056498477
804.3366336633663,0.09329364027844828
804.3564356435643,0.09664315693623486
804.3762376237624,0.09992020985286232
804.3960396039604,0.10311938683970134
804.4158415841584,0.10623566401466535
804.4356435643565,0.10926435832256993
804.4554455445544,0.11220108992095226
804.4752475247525,0.11504175226882225
804.4950495049504,0.11778248826441629
804.5148514851486,0.12041967115875563
804.5346534653465,0.12294988925866156
804.5544554455446,0.12536993365052593
804.5742574257426,0.1276767883416275
804.5940594059406,0.1298676223433818
804.6138613861386,0.1319397833188986
804.6336633663366,0.1338907924937185
804.6534653465347,0.1357183405881422
804.6732673267327,0.13742028457653574
804.6930693069306,0.13899464511613135
804.7128712871288,0.140439604517222
804.7326732673267,0.14175350515061694
804.7524752475248,0.1429348482068782
804.7722772277227,0.14398229273767846
804.7920792079209,0.1448946549221415
804.8118811881188,0.14567090751141568
804.8316831683168,0.1463101794134884
804.8514851485149,0.14681175538751381
804.8712871287129,0.14717507582320483
804.8910891089109,0.1473997365861592
804.9108910891089,0.1474854889148222
804.9306930693069,0.1474322393589797
804.950495049505,0.1472400497538212
804.9702970297029,0.14690913722717083
804.9900990099011,0.14643987424135146
805.009900990099,0.14583278867475058
805.0297029702971,0.14508856395230527
805.049504950495,0.14420803923795683
805.0693069306931,0.14319220970712732
805.0891089108911,0.1420422269222339
805.1089108910891,0.14075939934036275
805.1287128712872,0.13934519298923484
805.1485148514852,0.1378012323558659
805.1683168316831,0.13612930154235173
805.1881188118812,0.13433134575518071
805.2079207920792,0.132409473209184
805.2277227722773,0.13036595754552927
805.2475247524752,0.12820324088516885
805.2673267326734,0.12592393766749896
805.2871287128713,0.12353083945880082
805.3069306930693,0.12102692095925899
805.3267326732673,0.11841534749358168
805.3465346534654,0.11569948434195972
805.3663366336634,0.11288290836020652
805.3861386138614,0.10996942245725118
805.4059405940594,0.10696307365313673
805.4257425742575,0.10386817564374023
805.4455445544554,0.10068933706585953
805.4653465346535,0.09743149701081293
805.4851485148515,0.09409996980686108
805.5049504950496,0.09070050172470934
805.5247524752475,0.08723934311338682
805.5445544554456,0.08372334062899121
805.5643564356436,0.08016005578592775
805.5841584158416,0.07655791818830142
805.6039603960396,0.07292642468172615
805.6237623762377,0.06927639953910368
805.6435643564356,0.06562033591303552
805.6633663366337,0.06197284533650407
805.6831683168317,0.05835124991421566
805.7029702970298,0.054776360043456526
805.7227722772277,0.05127348597763067
805.7425742574258,0.04787372664565948
805.7623762376238,0.04461554694291932
805.7821782178218,0.04154656179864898
805.8019801980198,0.03872523531159727
805.8217821782179,0.0362218072022607
805.8415841584159,0.03411716733992145
805.8613861386139,0.032497861525730226
805.8811881188118,0.03144570518066749
805.90099009901,0.031022709549788356
805.9207920792079,0.03125606470703507
805.940594059406,0.032130550272733434
805.960396039604,0.03359285555065757
805.9801980198021,0.035565202546168205
806.0,0.03796107795122878
806.0198019801979,0.040697207841388014
806.0396039603961,0.04370000975482753
806.059405940594,0.04690763836440206
806.0792079207921,0.05026949183308546
806.0990099009902,0.05374464199056539
806.1188118811881,0.05730003094632431
806.1386138613861,0.0609088187145943
806.1584158415841,0.06454900921088104
806.1782178217823,0.06820236200409682
806.1980198019802,0.07185355181238204
806.2178217821782,0.07548952724598414
806.2376237623763,0.07909902386135921
806.2574257425742,0.0826721944573781
806.2772277227723,0.08620032766566273
806.2970297029702,0.08967563285359742
806.3168316831684,0.0930910748803715
806.3366336633663,0.0964402464561003
806.3564356435643,0.09971726899777487
806.3762376237624,0.10291671520084279
806.3960396039604,0.10603354825781085
806.4158415841584,0.10906307391696332
806.4356435643564,0.11200090250536456
806.4554455445545,0.11484291873103275
806.4752475247525,0.11758525759289994
806.4950495049504,0.1202242851124405
806.5148514851486,0.12275658289063505
806.5346534653465,0.12517893571390937
806.5544554455446,0.12748832160010645
806.5742574257425,0.12968190380415417
806.5940594059406,0.13175702440241432
806.6138613861386,0.13371119915171645
806.6336633663366,0.13554211337934913
806.6534653465347,0.13724761870761046
806.6732673267327,0.1388257304541247
806.6930693069307,0.14027462557868195
806.7128712871287,0.14159264107148892
806.7326732673267,0.14277827269679613
806.7524752475248,0.1438301740215205
806.7722772277227,0.1447471556712474
806.7920792079209,0.14552818476651586
806.8118811881188,0.14617238450101283
806.8316831683168,0.14667903383068873
806.8514851485148,0.14704756724905732
806.8712871287129,0.1472775746293863
806.8910891089109,0.14736880111925144
806.9108910891089,0.1473211470772482
806.930693069307,0.14713466804563363
806.950495049505,0.1468095747564245
806.9702970297029,0.14634623317227524
806.990099009901,0.14574516456704653
807.009900990099,0.14500704565500205
807.0297029702971,0.14413270878178272
807.049504950495,0.14312314219477396
807.0693069306931,0.14197949041576866
807.0891089108911,0.14070305474484734
807.1089108910891,0.13929529393127402
807.1287128712871,0.13775782505547224
807.1485148514852,0.13609242467611904
807.1683168316832,0.13430103030828353
807.1881188118812,0.13238574231310174
807.2079207920792,0.13034882629756353
807.2277227722773,0.12819271614509833
807.2475247524752,0.12592001782525203
807.2673267326733,0.12353351416579575
807.2871287128713,0.12103617081400836
807.3069306930693,0.11843114366980848
807.3267326732673,0.11572178814433837
807.3465346534654,0.11291167068877532
807.3663366336634,0.11000458315631438
807.3861386138614,0.10700456071344974
807.4059405940594,0.1039159042177401
807.4257425742575,0.10074320824336712
807.4455445544554,0.09749139628631226
807.4653465346535,0.094165765147569
807.4851485148515,0.090772041118505
807.5049504950496,0.08731645143512852
807.5247524752475,0.08380581560761441
807.5445544554455,0.08024766277801833
807.5643564356436,0.0766503833575784
807.5841584158416,0.07302342603813453
807.6039603960396,0.06937755509165391
807.6237623762377,0.0657251879217055
807.6435643564357,0.06208083929692572
807.6633663366337,0.058461706474287375
807.6831683168316,0.054888437577136136
807.7029702970298,0.05138613118041133
807.7227722772277,0.047985610670564026
807.7425742574258,0.044724986175908574
807.7623762376238,0.041651427193115854
807.7821782178218,0.038822865276740504
807.8019801980198,0.03630895974723858
807.8217821782177,0.03419007664305401
807.8415841584159,0.032552485862279226
807.8613861386139,0.031478223986492596
807.8811881188119,0.031030200919202538
807.90099009901,0.031237111695486226
807.9207920792079,0.0320854661374905
807.940594059406,0.03352341761874166
807.9603960396039,0.03547407970066072
807.9801980198021,0.03785124635847251
808.0,0.040571539325545414
808.0198019801979,0.04356106093295909
808.0396039603961,0.046757585802633186
808.059405940594,0.05011014753866985
808.0792079207921,0.0535775023953065
808.09900990099,0.05712633341023185
808.1188118811882,0.06072959377310474
808.1386138613861,0.06436512454678456
808.1584158415841,0.06801455775068121
808.1782178217823,0.07166246820928679
808.1980198019802,0.07529572604073073
808.2178217821782,0.07890300478661877
808.2376237623762,0.08247440790620623
808.2574257425742,0.08600118445852734
808.2772277227723,0.08947551178787203
808.2970297029702,0.09289032858838421
808.3168316831684,0.09623920596932946
808.3366336633663,0.09951624731717278
808.3564356435644,0.10271601009982813
808.3762376237623,0.10583344448960334
808.3960396039604,0.10886384495666417
808.4158415841584,0.11180281192679817
808.4356435643564,0.11464622129490927
808.4554455445545,0.11739020010575735
808.4752475247525,0.12003110710249815
808.4950495049504,0.12256551713677788
808.5148514851485,0.12499020865618182
808.5346534653465,0.12730215365431108
808.5544554455446,0.12949850959855094
808.5742574257425,0.13157661295087753
808.5940594059407,0.13353397397496825
808.6138613861386,0.13536827258365747
808.6336633663366,0.13707735502865642
808.6534653465346,0.13865923127221683
808.6732673267327,0.14011207291055047
808.6930693069307,0.14143421154283214
808.7128712871287,0.14262413749914754
808.7326732673267,0.14368049885631504
808.7524752475248,0.14460210068356733
808.7722772277227,0.14538790447049002
808.7920792079208,0.1460370276985703
808.8118811881188,0.1465487435250611
808.8316831683169,0.14692248055421656
808.8514851485148,0.14715782267627991
808.8712871287129,0.14725450895964648
808.8910891089109,0.14721243358574282
808.9108910891089,0.14703164582024678
808.9306930693069,0.14671235001805924
808.950495049505,0.1462549056631298
808.9702970297029,0.14565982744799702
808.990099009901,0.1449277854017767
809.009900990099,0.14405960507954968
809.0297029702971,0.14305626783059655
809.049504950495,0.14191891116827315
809.0693069306931,0.1406488292700299
809.0891089108911,0.13924747364324563
809.1089108910891,0.13771645400052024
809.1287128712871,0.13605753939812745
809.1485148514852,0.1342726597029349
809.1683168316832,0.13236390746790072
809.1881188118812,0.1303335403137575
809.2079207920792,0.1281839839367126
809.2277227722773,0.12591783588942496
809.2475247524752,0.12353787031689457
809.2673267326733,0.12104704387229409
809.2871287128713,0.11844850309300375
809.3069306930694,0.11574559358729046
809.3267326732673,0.11294187147247646
809.3465346534654,0.11004111762230256
809.3663366336634,0.10704735543273036
809.3861386138614,0.10396487301435288
809.4059405940594,0.10079825098068275
809.4257425742575,0.09755239734795783
809.4455445544554,0.0942325915231904
809.4653465346535,0.09084453997513127
809.4851485148515,0.08739444701467111
809.5049504950496,0.08388910523611205
809.5247524752475,0.08033601169631761
809.5445544554456,0.0767435179792219
809.5643564356436,0.07312102509658533
809.5841584158416,0.06947923794322407
809.6039603960396,0.0658304990065988
809.6237623762377,0.06218922741553957
809.6435643564357,0.05857249710910603
809.6633663366337,0.05500079602372587
809.6831683168316,0.05149901389175371
809.7029702970298,0.048097702355701294
809.7227722772277,0.04483462170908795
809.7425742574258,0.04175650204482176
809.7623762376238,0.038920748916174926
809.7821782178219,0.036396446641892156
809.8019801980198,0.0342634384784224
809.8217821782177,0.03260771084735521
809.8415841584159,0.03151150269642539
809.8613861386139,0.03103859619512355
809.8811881188119,0.03121916847019853
809.90099009901,0.03204145158427305
809.9207920792079,0.03345507165367135
809.940594059406,0.03538405085803304
809.9603960396039,0.037742506337424354
809.9801980198021,0.0404469655804296
810.0,0.04342322011719838
810.019801980198,0.04660866518724136
810.0396039603961,0.04995196864387269
810.059405940594,0.05341156932486246
810.0792079207921,0.05695388932739574
810.09900990099,0.06055167337517526
810.1188118811882,0.06418259833104675
810.1386138613861,0.06782816759589427
810.1584158415841,0.07147285526617972
810.1782178217823,0.07510345232034725
810.1980198019802,0.07870856978213271
810.2178217821782,0.08227826137834829
810.2376237623762,0.08580373628595889
810.2574257425744,0.08927713957975121
810.2772277227723,0.09269138359027553
810.2970297029702,0.09604001766376861
810.3168316831684,0.09931712702199257
810.3366336633663,0.10251725379280695
810.3564356435644,0.10563533503271927
810.3762376237623,0.10866665385165324
810.3960396039604,0.11160680070273102
810.4158415841584,0.11445164260515575
810.4356435643564,0.11719729859425851
810.4554455445545,0.11984012008575522
810.4752475247525,0.12237667513810521
810.4950495049505,0.12480373582082983
810.5148514851485,0.12711826806819657
810.5346534653465,0.12931742352864398
810.5544554455446,0.1313985330218166
810.5742574257425,0.1333591012934561
810.5940594059407,0.1351968028202173
810.6138613861386,0.13690947846433188
810.6336633663366,0.13849513281660183
810.6534653465346,0.13995193209621717
810.6732673267327,0.14127820250053633
810.6930693069307,0.14247242891724282
810.7128712871287,0.14353325392737193
810.7326732673268,0.14445947704057796
810.7524752475248,0.14525005411473454
810.7722772277227,0.1459040969208297
810.7920792079208,0.14642087282153274
810.8118811881188,0.1467998045383147
810.8316831683169,0.14704046998728065
810.8514851485148,0.14714260216887945
810.8712871287129,0.14710608910094683
810.8910891089109,0.14693097378847275
810.9108910891089,0.14661745422743383
810.9306930693069,0.14616588344356837
810.950495049505,0.1455767695708608
810.970297029703,0.1448507759782703
810.990099009901,0.1439887214575544
811.009900990099,0.1429915804893561
811.0297029702971,0.14186048361026238
811.049504950495,0.1405967179089725
811.0693069306931,0.1392017276870252
811.0891089108911,0.13767711532747876
811.1089108910891,0.1360246424246581
811.1287128712871,0.1342462312399779
811.1485148514852,0.13234396656321956
811.1683168316832,0.13032009807620454
811.1881188118812,0.1281770433377701
811.2079207920792,0.12591739153609716
811.2277227722773,0.12354390818862669
811.2475247524752,0.12105954101271177
811.2673267326733,0.11846742724490111
811.2871287128713,0.11577090275620704
811.3069306930694,0.11297351340032089
811.3267326732673,0.11007902914719142
811.3465346534654,0.10709146170461561
811.3663366336634,0.10401508652689871
811.3861386138614,0.10085447036803004
811.4059405940594,0.0976145058791168
811.4257425742575,0.09430045520537428
811.4455445544554,0.09091800514824003
811.4653465346535,0.0874733372796224
811.4851485148515,0.08397321750549659
811.5049504950496,0.08042511108147982
811.5247524752475,0.07683733112521064
811.5445544554456,0.07321923143574913
811.5643564356436,0.06958145814551744
811.5841584158416,0.06593627964588131
811.6039603960396,0.062298020531779956
811.6237623762377,0.05868363292734024
811.6435643564357,0.055113446630595975
811.6633663366337,0.05161214531275961
811.6831683168316,0.0482100125961533
811.7029702970298,0.04494446377449168
811.7227722772277,0.04186179545195483
811.7425742574258,0.03901889361776482
811.7623762376238,0.03648427294630727
811.7821782178219,0.03433725507354903
811.8019801980198,0.03266353570868824
811.8217821782177,0.03154553787161084
811.8415841584159,0.031047889999976198
811.8613861386139,0.031202228439970576
811.8811881188119,0.031998499163305584
811.90099009901,0.03338780931058659
811.9207920792079,0.03529510659068095
811.940594059406,0.03763484725542295
811.9603960396039,0.04032347477805326
811.9801980198021,0.04328647439299677
812.0,0.046460862670035706
812.019801980198,0.04979494052407223
812.0396039603961,0.05324682751968213
812.059405940594,0.05678268292269493
812.0792079207921,0.06037504132785503
812.09900990099,0.06400141403218014
812.1188118811882,0.06764317473439373
812.1386138613861,0.07128469595722738
812.1584158415841,0.07491268888340344
812.1782178217823,0.07851570150942594
812.1980198019802,0.08208373743204836
812.2178217821782,0.08560796563314617
812.2376237623762,0.08908049866899946
812.2574257425744,0.09249422230589495
812.2772277227723,0.09584266396340343
812.2970297029702,0.09911989056316767
812.3168316831684,0.1023204287795138
812.3366336633663,0.10543920245679188
812.3564356435644,0.10847148326192041
812.3762376237623,0.11141285160344098
812.3960396039604,0.11425916556186057
812.4158415841584,0.11700653610734578
812.4356435643564,0.11965130727871078
812.4554455445545,0.12219004029702142
812.4752475247525,0.12461950081418033
812.4950495049505,0.12693664866968166
812.5148514851485,0.12913862966134732
812.5346534653465,0.13122276893816967
812.5544554455446,0.13318656570289353
812.5742574257425,0.135027688973908
812.5940594059407,0.136743974204775
812.6138613861386,0.13833342059836384
812.6336633663366,0.13979418898311338
812.6534653465346,0.1411246001434019
812.6732673267327,0.14232313351591142
812.6930693069307,0.14338842617980718
812.7128712871287,0.14431927208157558
812.7326732673268,0.14511462144622977
812.7524752475248,0.14577358033553087
812.7722772277227,0.1462954103212556
812.7920792079208,0.14667952824816802
812.8118811881188,0.1469255060666706
812.8316831683169,0.14703307072006863
812.8514851485148,0.14700210407570583
812.8712871287129,0.1468326428933411
812.8910891089109,0.14652487882775414
812.9108910891089,0.14607915846648079
812.9306930693069,0.1454959834072229
812.950495049505,0.14477601038332083
812.970297029703,0.14392005144992806
812.990099009901,0.14292907424805923
813.009900990099,0.14180420236867158
813.0297029702971,0.14054671584506212
813.049504950495,0.13915805180852808
813.0693069306931,0.13763980535032727
813.0891089108911,0.13599373064280396
813.1089108910891,0.13422174238412327
813.1287128712871,0.13232591764539878
813.1485148514852,0.13030849821639487
813.1683168316832,0.1281718935678863
813.1881188118812,0.1259186845754752
813.2079207920792,0.123551628183739
813.2277227722773,0.12107366323197673
813.2475247524752,0.11848791771707216
813.2673267326733,0.11579771783786433
813.2871287128713,0.11300659925404717
813.3069306930694,0.110118321106892
813.3267326732673,0.10713688349774853
813.3465346534653,0.10406654931457529
813.3663366336634,0.10091187155219518
813.3861386138614,0.09767772761031307
813.4059405940594,0.09436936250338272
813.4257425742575,0.09099244351943006
813.4455445544555,0.08755312967567018
813.4653465346535,0.08405816041499438
813.4851485148514,0.08051496947244108
813.5049504950496,0.07693183185595631
813.5247524752475,0.07331805461296674
813.5445544554456,0.06968422571947878
813.5643564356436,0.0660425402780514
813.5841584158416,0.0624072294374629
813.6039603960396,0.058795124983642366
813.6237623762376,0.05522640058716105
813.6435643564357,0.05172553658637716
813.6633663366337,0.04832255223425493
813.6831683168317,0.045054522564799124
813.7029702970298,0.041967316497329765
813.7227722772277,0.03911730679027344
813.7425742574258,0.03657244378908972
813.7623762376237,0.03441152877700632
813.7821782178219,0.032719959840749824
813.8019801980198,0.0315803262674835
813.8217821782177,0.03105807715843841
813.8415841584159,0.031186285214128674
813.8613861386139,0.0319566016238486
813.8811881188119,0.03332162244409242
813.9009900990098,0.035207237669836314
813.920792079208,0.03752825867541283
813.940594059406,0.040201055281237436
813.9603960396039,0.04315081103207687
813.9801980198021,0.04631416458601253
814.0,0.04963904873662955
814.019801980198,0.05308326190270057
814.039603960396,0.05661269860544582
814.059405940594,0.06019968162567401
814.0792079207921,0.06382155531001907
814.09900990099,0.06745956255644753
814.1188118811882,0.07109797345681027
814.1386138613861,0.07472341873342524
814.1584158415842,0.07832438283970725
814.1782178217821,0.08189081883995207
814.1980198019802,0.08541385520434458
814.2178217821782,0.08888557171884905
814.2376237623762,0.09229882738289588
814.2574257425744,0.09564712752407198
814.2772277227723,0.09892452062731691
814.2970297029702,0.10212551779898535
814.3168316831683,0.10524502957414261
814.3366336633663,0.10827831609326419
814.3564356435644,0.11122094764789536
814.3762376237623,0.11406877331633825
814.3960396039605,0.11681789594752766
814.4158415841584,0.11946465215346148
814.4356435643564,0.12200559627328622
814.4554455445544,0.12443748750139615
814.4752475247525,0.12675727954676902
814.4950495049505,0.12896211232454977
814.5148514851485,0.13104930528451206
814.5346534653465,0.13301635206099793
814.5544554455446,0.13486091619169557
814.5742574257425,0.1365808277019583
814.5940594059406,0.13817408038997972
814.6138613861386,0.13963882967929858
814.6336633663367,0.1409733909298004
814.6534653465346,0.14217623811822228
814.6732673267327,0.14324600281538677
814.6930693069307,0.14418147340061935
814.7128712871287,0.14498159446455913
814.7326732673267,0.14564546636058434
814.7524752475248,0.14617234487285993
814.7722772277227,0.14656164097510443
814.7920792079208,0.14681292066001786
814.8118811881188,0.1469259048240921
814.8316831683169,0.14690046919688335
814.8514851485148,0.14673664430788974
814.8712871287129,0.14643461548795353
814.8910891089109,0.14599472290596385
814.9108910891089,0.1454174616451319
814.9306930693069,0.1447034818272032
814.950495049505,0.14385358879703475
814.970297029703,0.14286874338443178
814.990099009901,0.1417500622654275
815.0099009900989,0.14049881845079387
815.0297029702971,0.13911644193661965
815.049504950495,0.13760452055961203
815.0693069306931,0.13596480110962275
815.0891089108911,0.134199190763275
815.1089108910892,0.13230975891699087
815.1287128712871,0.13029873951482038
815.1485148514851,0.12816853398827835
815.1683168316832,0.1259217149517813
815.1881188118812,0.12356103083123382
815.2079207920792,0.12108941164510233
815.2277227722773,0.11850997621125331
815.2475247524752,0.11582604112090078
815.2673267326733,0.11304113190881335
815.2871287128712,0.11015899696207407
815.3069306930694,0.10718362485668313
815.3267326732673,0.1041192660035213
815.3465346534654,0.10097045973781621
815.3663366336634,0.09774206832063177
815.3861386138614,0.09443931976561074
815.4059405940594,0.09106786199986448
815.4257425742574,0.08763383166847917
815.4455445544555,0.08414394197408058
815.4653465346535,0.08060559540864083
815.4851485148514,0.07702702922260556
815.5049504950496,0.07341750416676443
815.5247524752475,0.06978755065790958
815.5445544554456,0.06614929130473535
815.5643564356435,0.06251686487971675
815.5841584158417,0.05890698428165314
815.6039603960396,0.055339669027856385
815.6237623762376,0.051839198800285646
815.6435643564357,0.04843533206221435
815.6633663366337,0.04516480823549506
815.6831683168317,0.04207307424971811
815.7029702970297,0.039215995863673025
815.7227722772277,0.0366609643663596
815.7425742574258,0.0344862620561795
815.7623762376237,0.032776982801761785
815.7821782178219,0.031615864830646365
815.8019801980198,0.031069152694552998
815.8217821782179,0.031171332599794304
815.8415841584158,0.031915751911526194
815.8613861386139,0.03325650310558404
815.8811881188119,0.03512043506281124
815.9009900990098,0.0374227303530515
815.920792079208,0.040079695640557814
815.940594059406,0.043016217489172136
815.9603960396039,0.04616855744986584
815.980198019802,0.049484279017122566
816.0,0.0529208575754844
816.019801980198,0.05644392096548235
816.039603960396,0.06002557844664117
816.0594059405942,0.06364300601160139
816.0792079207921,0.06727731464377004
816.09900990099,0.07091267113533019
816.1188118811881,0.07453562507464902
816.1386138613861,0.07813459684968105
816.1584158415842,0.08169948858491673
816.1782178217821,0.0852213879185754
816.1980198019802,0.08869234161182549
816.2178217821782,0.09210518169245556
816.2376237623762,0.09545339122925
816.2574257425742,0.09873100013258129
816.2772277227723,0.10193250382539816
816.2970297029703,0.10505279943560406
816.3168316831683,0.10808713549314283
816.3366336633663,0.11103107209959888
816.3564356435644,0.11388044926709484
816.3762376237623,0.11663136166681749
816.3960396039604,0.11928013843370155
816.4158415841584,0.12182332698007928
816.4356435643564,0.12425768000260697
816.4554455445544,0.12658014504365553
816.4752475247525,0.12878785610336005
816.4950495049505,0.13087812690334777
816.5148514851485,0.13284844548379154
816.5346534653465,0.13469646987900283
816.5544554455446,0.1364200246662314
816.5742574257425,0.1380170982218524
816.5940594059406,0.13948584055007288
816.6138613861386,0.14082456157440643
816.6336633663367,0.14203172980229153
816.6534653465346,0.1431059712893986
816.6732673267327,0.1440460688435267
816.6930693069307,0.14485096141897102
816.7128712871287,0.1455197436612396
816.7326732673267,0.14605166556973043
816.7524752475248,0.1464461322523242
816.7722772277228,0.1467027037516212
816.7920792079208,0.14682109492721332
816.8118811881188,0.14680117538308388
816.8316831683169,0.14664296943298313
816.8514851485148,0.14634665610064995
816.8712871287129,0.14591256915539633
816.8910891089109,0.14534119718726426
816.9108910891089,0.14463318372998038
816.9306930693069,0.14378932744385825
816.950495049505,0.14281058237550545
816.970297029703,0.1416980583161932
816.990099009901,0.14045302128655215
817.009900990099,0.13907689418203062
817.0297029702971,0.137571257621544
817.049504950495,0.13593785105140194
817.0693069306931,0.13417857416789167
817.0891089108911,0.13229548873622984
817.1089108910892,0.13029082090060748
817.1287128712871,0.12816696410154843
817.1485148514851,0.12592648274318907
817.1683168316832,0.12357211678643103
817.1881188118812,0.12110678748560855
817.2079207920792,0.11853360453970078
817.2277227722773,0.11585587499628974
817.2475247524753,0.11307711433376305
817.2673267326733,0.11020106025891392
817.2871287128712,0.10723168990284743
817.3069306930694,0.10417324128792414
817.3267326732673,0.10103024018858271
817.3465346534654,0.09780753383909324
817.3663366336634,0.09451033338113096
817.3861386138614,0.09114426753203246
817.4059405940594,0.08771545074551673
817.4257425742574,0.08423057020445725
817.4455445544555,0.0806969974321395
817.4653465346535,0.07712293226938516
817.4851485148515,0.07351758961927717
817.5049504950496,0.06989144292810537
817.5247524752475,0.06625654309343784
817.5445544554456,0.06262693756381497
817.5643564356435,0.059019221776914293
817.5841584158417,0.05545326303510345
817.6039603960396,0.05195314298978455
817.6237623762376,0.04854836282476835
817.6435643564357,0.04527533090702825
817.6633663366337,0.04217907776531946
817.6831683168317,0.039314968289517555
817.7029702970297,0.03674983994083003
817.7227722772278,0.034561457495202154
817.7425742574258,0.032834604310877556
817.7623762376237,0.03165215069586817
817.7821782178219,0.031081111828958695
817.8019801980198,0.031157364599339505
817.8217821782179,0.03187594316584623
817.8415841584158,0.03319244354072341
817.8613861386139,0.0350346899303664
817.8811881188119,0.037318252233948586
817.9009900990098,0.03995938459135991
817.920792079208,0.042882681398767816
817.940594059406,0.04602402795253184
817.960396039604,0.04933061727580904
817.980198019802,0.052759599814478364
818.0,0.056276334769224695
818.019801980198,0.05985271614823868
818.039603960396,0.06346575016712193
818.0594059405942,0.06709641476548356
818.0792079207921,0.07072877255509283
818.09900990099,0.07434929130793443
818.1188118811881,0.0779463268173734
818.1386138613861,0.08150972985581839
818.1584158415842,0.08503054690552364
818.1782178217821,0.08850079144552013
818.1980198019803,0.09191326832514439
818.2178217821782,0.09526143818588341
818.2376237623762,0.09853931222443404
818.2574257425742,0.1017413700639431
818.2772277227723,0.10486249532642233
818.2970297029703,0.10789792484659819
818.3168316831683,0.1108432084625388
818.3366336633663,0.11369417705576729
818.3564356435644,0.11644691706276537
818.3762376237623,0.11909775009079908
818.3960396039604,0.12164321658010484
818.4158415841584,0.1240800626890491
818.4356435643565,0.12640522975696605
818.4554455445544,0.1286158458363273
818.4752475247525,0.1307092188913601
818.4950495049505,0.13268283134203607
818.5148514851485,0.13453433569619705
818.5346534653465,0.13626155106280294
818.5544554455446,0.13786246037894825
818.5742574257425,0.13933520821467102
818.5940594059406,0.14067809904490583
818.6138613861386,0.14188959589811434
818.6336633663367,0.1429683193075899
818.6534653465346,0.14391304650484382
818.6732673267327,0.14472271080551696
818.6930693069307,0.1453964011473089
818.7128712871287,0.14593336174728863
818.7326732673267,0.14633299185233392
818.7524752475248,0.1465948455620661
818.7722772277228,0.14671863170867475
818.7920792079208,0.146704213782337
818.8118811881188,0.14655160989515134
818.8316831683169,0.14626099278009175
818.8514851485148,0.14583268982551095
818.8712871287129,0.14526718314914078
818.8910891089109,0.14456510971975697
818.910891089109,0.14372726153845397
818.9306930693069,0.14275458589612872
818.950495049505,0.1416481857290146
818.970297029703,0.14040932009946105
818.990099009901,0.13903940483633706
819.009900990099,0.137540013377038
819.0297029702971,0.13591287786280906
819.049504950495,0.1341598905502944
819.0693069306931,0.1322831056164979
819.0891089108911,0.13028474145109015
819.1089108910892,0.1281671835514061
819.1287128712871,0.12593298816167892
819.1485148514852,0.12358488683094669
819.1683168316832,0.12112579210565357
819.1881188118812,0.11855880462546922
819.2079207920792,0.11588722195780495
819.2277227722773,0.11311454959264303
819.2475247524753,0.11024451462981821
819.2673267326733,0.10728108283535917
819.2871287128712,0.10422847993100931
819.3069306930694,0.10109121822839595
819.3267326732673,0.09787413004596421
819.3465346534654,0.09458240978115962
819.3663366336634,0.09122166709133102
819.3861386138615,0.08779799441780878
819.4059405940594,0.08431805314199273
819.4257425742574,0.0807891840897203
819.4455445544555,0.07721955003579861
819.4653465346535,0.0736183204786379
819.4851485148515,0.06999591247435025
819.5049504950496,0.06636430598013797
819.5247524752475,0.06273745815593165
819.5445544554456,0.05913184837969512
819.5643564356435,0.055567193642124424
819.5841584158417,0.052067380140500795
819.6039603960396,0.048661655221692204
819.6237623762377,0.04538610066688883
819.6435643564357,0.04228533608912331
819.6633663366337,0.039414231541313856
819.6831683168317,0.03683907584100009
819.7029702970297,0.03463711779290989
819.7227722772278,0.032892824245380974
819.7425742574258,0.03168918118312562
819.7623762376237,0.031093949976143315
819.7821782178219,0.031144375407850425
819.8019801980198,0.03183716871768062
819.8217821782179,0.03312943618694669
819.8415841584158,0.034949993624233545
819.861386138614,0.037214814450991354
819.8811881188119,0.0398401110508905
819.9009900990098,0.042750190572058054
819.920792079208,0.04588056295788113
819.940594059406,0.04917804959407672
819.960396039604,0.05259947406734839
819.980198019802,0.056109924955975825
820.0,0.05968107926362866
820.019801980198,0.06328977198606976
820.039603960396,0.06691684687411074
820.0594059405942,0.07054626146631121
820.0792079207921,0.07416440102668537
820.0990099009902,0.07775955621811324
820.1188118811881,0.08132152604351334
820.1386138613861,0.08484131550142124
820.1584158415842,0.08831090452858488
820.1782178217821,0.09172307058688423
820.1980198019803,0.09507125172036489
820.2178217821782,0.09834944027169723
820.2376237623762,0.10155209994681376
820.2574257425742,0.10467410076230906
820.2772277227723,0.10771066777231361
820.2970297029703,0.1106573404773038
820.3168316831683,0.11350994056327142
820.3366336633665,0.11626454617465001
820.3564356435644,0.11891747133998543
820.3762376237623,0.12146524948182906
820.3960396039604,0.1239046201793579
820.4158415841584,0.12623251853210518
820.4356435643565,0.12844606661188657
820.4554455445544,0.13054256659597427
820.4752475247525,0.13251949525774764
820.4950495049505,0.13437449955518693
820.5148514851485,0.13610539310843134
820.5346534653465,0.13771015339749115
820.5544554455446,0.1391869195430831
820.5742574257426,0.140533990558973
820.5940594059406,0.1417498239845785
820.6138613861386,0.14283303482324258
820.6336633663367,0.1437823947250712
820.6534653465346,0.14459683136430387
820.6732673267327,0.1452754279705006
820.6930693069307,0.14581742298046826
820.7128712871287,0.14622220978446393
820.7326732673267,0.14648933654585533
820.7524752475248,0.1466185060784502
820.7722772277228,0.14660957576999817
820.7920792079208,0.14646255754456533
820.8118811881188,0.14617761786024963
820.8316831683169,0.1457550777425828
820.8514851485148,0.14519541285740434
820.8712871287129,0.14449925363115956
820.8910891089109,0.14366738543051538
820.910891089109,0.14270074881771033
820.9306930693069,0.1416004399031387
820.9504950495049,0.14036771082227456
820.970297029703,0.13900397037098977
820.990099009901,0.13751078484092813
821.009900990099,0.13588987910623182
821.0297029702971,0.13414313802413946
821.0495049504951,0.1322726082259225
821.0693069306931,0.13028050039157812
821.089108910891,0.12816919212254482
821.1089108910892,0.12594123155302603
821.1287128712871,0.12359934187287083
821.1485148514852,0.1211464269763175
821.1683168316832,0.11858557850280715
821.1881188118812,0.11592008460254855
821.2079207920792,0.11315344084448019
821.2277227722772,0.11028936379425958
821.2475247524753,0.10733180793205631
821.2673267326733,0.10428498676615855
821.2871287128712,0.10115339924262799
821.3069306930694,0.09794186287414845
821.3267326732673,0.09465555544059381
821.3465346534654,0.09130006768772882
821.3663366336633,0.0878814702218134
821.3861386138615,0.0844063988386824
821.4059405940594,0.08088216393498358
821.4257425742574,0.07731689155893062
821.4455445544555,0.07371970624140639
821.4653465346535,0.070100969220467
821.4851485148515,0.06647259027202923
821.5049504950495,0.06284843728594008
821.5247524752475,0.05924487495786408
821.5445544554456,0.0556814718358271
821.5643564356435,0.05218192119120947
821.5841584158417,0.048775219910385414
821.6039603960396,0.04549712757178856
821.6237623762377,0.04239185825633059
821.6435643564356,0.039513793114968096
821.6633663366337,0.036928677460411514
821.6831683168317,0.03471324576099599
821.7029702970297,0.032951642638068
821.7227722772278,0.0317269537948493
821.7425742574258,0.031107662741850572
821.7623762376237,0.031132359410690078
821.7821782178218,0.03179942208693129
821.8019801980198,0.03306747367108283
821.8217821782179,0.034866337684595926
821.8415841584158,0.0371124073217719
821.861386138614,0.039721864115515454
821.8811881188119,0.0426187329938842
821.9009900990098,0.045738149499461166
821.9207920792079,0.04902656222100033
821.940594059406,0.05244046594938783
821.960396039604,0.055944676634156636
821.980198019802,0.05951065249777597
822.0,0.06311505585330861
822.019801980198,0.0667385951017061
822.039603960396,0.07036512180318565
822.059405940594,0.07398093801292968
822.0792079207921,0.07757426872051669
822.0990099009902,0.08113486073684611
822.1188118811881,0.08465367724509865
822.1386138613861,0.08812266437671153
822.1584158415842,0.09153457199492519
822.1782178217821,0.09488281537456314
822.1980198019802,0.09816136786258944
822.2178217821782,0.10136467712926485
822.2376237623762,0.10448759948549081
822.2574257425742,0.10752534811872133
822.2772277227723,0.11047345211719799
822.2970297029703,0.11332772390596996
822.3168316831683,0.11608423327964537
822.3366336633663,0.118739286636622
822.3564356435644,0.12128941033581689
822.3762376237623,0.12373133733592348
822.3960396039604,0.12606199645965036
822.4158415841584,0.12827850376480424
822.4356435643565,0.13037815561181262
822.4554455445544,0.13235842310075124
822.4752475247524,0.13421694761605388
822.4950495049505,0.13595153726813763
822.5148514851485,0.1375601640617903
822.5346534653465,0.1390409616529076
822.5544554455446,0.1403922235811398
822.5742574257426,0.1416124018864479
822.5940594059406,0.14270010603427677
822.6138613861385,0.14365410208778653
822.6336633663367,0.1444733120767392
822.6534653465346,0.14515681352182588
822.6732673267327,0.14570383908120096
822.6930693069307,0.14611377629247602
822.7128712871287,0.1463861673890836
822.7326732673267,0.14652070917507687
822.7524752475247,0.14651725294666157
822.7722772277228,0.14637580445303838
822.7920792079208,0.1460965238929138
822.8118811881188,0.1456797259466852
822.8316831683169,0.14512587984821176
822.8514851485148,0.14443560950376247
822.8712871287129,0.14360969366993795
822.8910891089108,0.14264906620687504
822.910891089109,0.1415548164278389
822.9306930693069,0.1403281895723509
822.9504950495049,0.13897058743639198
822.970297029703,0.13748356920114124
822.990099009901,0.13586885251111738
823.009900990099,0.13412831486386348
823.029702970297,0.1322639953869446
823.0495049504951,0.13027809709502364
823.0693069306931,0.12817298974045332
823.089108910891,0.12595121339679013
823.1089108910892,0.12361548294685164
823.1287128712871,0.12116869368785685
823.1485148514852,0.11861392831759661
823.1683168316831,0.1159544656314527
823.1881188118812,0.11319379134424033
823.2079207920792,0.11033561155958206
823.2277227722772,0.10738386955037763
823.2475247524753,0.10434276669798932
823.2673267326733,0.10121678867936633
823.2871287128713,0.09801073831058957
823.3069306930693,0.09472977687952464
823.3267326732673,0.0913794763674584
823.3465346534654,0.08796588572115842
823.3663366336633,0.0844956153646158
823.3861386138615,0.0809759455304656
823.4059405940594,0.07741496587563274
823.4257425742574,0.07382175639494315
823.4455445544554,0.07020662307236543
823.4653465346535,0.06658140625014514
823.4851485148515,0.06295988555013997
823.5049504950495,0.05935831233967737
823.5247524752476,0.055796108559631734
823.5445544554456,0.0522967770365943
823.5643564356435,0.04888906750835031
823.5841584158416,0.0456084216497238
823.6039603960396,0.04249865329382529
823.6237623762377,0.0396136605292678
823.6435643564356,0.03701865025693882
823.6633663366337,0.03478984432216965
823.6831683168317,0.03301105967469658
823.7029702970297,0.03176546621314162
823.7227722772277,0.03112224592050159
823.7425742574258,0.031121311181121252
823.7623762376238,0.03176269698017329
823.7821782178218,0.0330065488069809
823.8019801980198,0.03478371383770488
823.8217821782179,0.037011021346010226
823.8415841584158,0.03960463305791263
823.8613861386139,0.04248829681972007
823.8811881188119,0.04559677477728365
823.9009900990098,0.04887614156994119
823.9207920792079,0.05228256123992615
823.940594059406,0.0557805750776183
823.960396039604,0.059341420723735834
823.980198019802,0.06294158632525018
824.0,0.0665616437559147
824.019801980198,0.07018533767992881
824.039603960396,0.07379888623334722
824.059405940594,0.07739044818256711
824.0792079207921,0.08094971771868685
824.0990099009902,0.08446761587400549
824.1188118811881,0.08793605470868603
824.1386138613861,0.09134775627393442
824.1584158415842,0.09469611290186007
824.1782178217821,0.09797507880075268
824.1980198019802,0.10117908548574756
824.2178217821782,0.10430297546085952
824.2376237623763,0.10734194996015575
824.2574257425742,0.11029152758442648
824.2772277227723,0.11314751143188904
824.2970297029703,0.11590596288909365
824.3168316831683,0.1185631806724977
824.3366336633663,0.12111568403102148
824.3564356435644,0.12356019926131166
824.3762376237623,0.12589364887180665
824.3960396039604,0.12811314287267453
824.4158415841584,0.13021597177727862
824.4356435643565,0.1321996009853705
824.4554455445544,0.13406166628375935
824.4752475247525,0.13579997025197077
824.4950495049505,0.13741247940106482
824.5148514851485,0.1388973219062648
824.5346534653465,0.14025278581983477
824.5544554455446,0.1414773176714773
824.5742574257426,0.1425695213804115
824.5940594059406,0.14352815741697797
824.6138613861385,0.1443521421629414
824.6336633663367,0.14504054742899797
824.6534653465346,0.1455926000959011
824.6732673267327,0.14600768185217
824.6930693069307,0.14628532900719088
824.7128712871288,0.14642523236343344
824.7326732673267,0.1464272371360288
824.7524752475247,0.14629134291207688
824.7722772277228,0.1460177036458705
824.7920792079208,0.14560662768991697
824.8118811881188,0.14505857786557252
824.8316831683169,0.1443741715806035
824.8514851485148,0.1435541810054537
824.8712871287129,0.1425995333241937
824.8910891089108,0.1415113110812454
824.910891089109,0.1402907526506256
824.9306930693069,0.1389392528610142
824.950495049505,0.13745836381792426
824.970297029703,0.13584979597328387
824.990099009901,0.1341154195041673
825.009900990099,0.13225726607593638
825.029702970297,0.1302775310817974
825.0495049504951,0.12817857647131298
825.0693069306931,0.12596293430630592
825.089108910891,0.12363331121421586
825.1089108910892,0.12119259394994077
825.1287128712871,0.11864385632767065
825.1485148514852,0.11599036784984945
825.1683168316831,0.11323560444349166
825.1881188118813,0.11038326182179091
825.2079207920792,0.10743727212834149
825.2277227722772,0.10440182470342328
825.2475247524753,0.1012813920505868
825.2673267326733,0.09808076239755381
825.2871287128713,0.09480508066471632
825.3069306930693,0.09145990021462504
825.3267326732673,0.08805124850846369
825.3465346534654,0.08458571080986478
825.3663366336633,0.08107053744967856
825.3861386138615,0.0775137820247915
825.4059405940594,0.0739244804197233
825.4257425742575,0.07031288392046305
825.4455445544554,0.06669076417189723
825.4653465346535,0.06307181351395466
825.4851485148515,0.05947217131654449
825.5049504950495,0.05591111471621203
825.5247524752476,0.052411958529887066
825.5445544554456,0.04900320859572613
825.5643564356435,0.04571999290207214
825.5841584158416,0.04260573022155521
825.6039603960396,0.0397138413263871
825.6237623762377,0.0371089997521969
825.6435643564356,0.0348669165084981
825.6633663366338,0.03307107569155449
825.6831683168317,0.03180471629715908
825.7029702970297,0.031137695492742815
825.7227722772277,0.031111225478037033
825.7425742574258,0.03172698728843844
825.7623762376238,0.032946654593289014
825.7821782178218,0.03470211399356054
825.8019801980198,0.03691064720310679
825.8217821782179,0.039488407324467636
825.8415841584158,0.04235887037280377
825.8613861386139,0.045456426154672894
825.8811881188119,0.048726774215193315
825.90099009901,0.05212574587887761
825.9207920792079,0.055617605722089174
825.940594059406,0.05917336897894014
825.960396039604,0.0627693481261417
825.980198019802,0.06638597731624128
826.0,0.07000689338701148
826.019801980198,0.07361822983545023
826.039603960396,0.07720807864773922
826.059405940594,0.08076608096207928
826.0792079207921,0.08428311532036974
826.0990099009902,0.0877510594425448
826.1188118811881,0.09116260735214983
826.1386138613861,0.09451112826338301
826.1584158415842,0.09779055710152071
826.1782178217821,0.10099530910607704
826.1980198019802,0.10412021287219113
826.2178217821782,0.10716045759312848
826.2376237623763,0.11011155130641861
826.2574257425742,0.11296928771707818
826.2772277227723,0.11572971974490852
826.2970297029703,0.11838913837225506
826.3168316831683,0.12094405569131636
826.3366336633663,0.12339119129474563
826.3564356435644,0.1257274613389843
826.3762376237624,0.1279499697525618
826.3960396039604,0.13005600117125504
826.4158415841584,0.13204301526711015
826.4356435643565,0.13390864220495918
826.4554455445544,0.13565067901188235
826.4752475247525,0.1372670866863956
826.4950495049505,0.13875598790685317
826.5148514851485,0.1401156652244764
826.5346534653465,0.14134455964757298
826.5544554455446,0.14244126954044928
826.5742574257426,0.1434045497743339
826.5940594059406,0.14423331107912435
826.6138613861386,0.14492661955400707
826.6336633663367,0.14548369630314253
826.6534653465346,0.1459039171691372
826.6732673267327,0.14618681254276578
826.6930693069307,0.14633206723269143
826.7128712871288,0.14633952038300574
826.7326732673267,0.14620916543100762
826.7524752475247,0.14594115010112219
826.7722772277228,0.14553577643479146
826.7920792079208,0.14499350085984292
826.8118811881188,0.14431493430678152
826.8316831683169,0.14350084238329228
826.8514851485149,0.14255214562301827
826.8712871287129,0.1414699198293179
826.8910891089108,0.14025539654065067
826.910891089109,0.13890996365054334
826.9306930693069,0.13743516622317675
826.950495049505,0.13583270755438462
826.970297029703,0.13410445053955047
826.990099009901,0.1322524194228633
827.009900990099,0.1302788020194468
827.029702970297,0.12818595252192239
827.0495049504951,0.12597639502874805
827.0693069306931,0.12365282796319442
827.0891089108911,0.12121812959199985
827.1089108910892,0.11867536490331791
827.1287128712871,0.11602779416802339
827.1485148514852,0.11327888359111277
827.1683168316831,0.11043231856638319
827.1881188118813,0.10749202018549933
827.2079207920792,0.10446216583281316
827.2277227722772,0.10134721493340476
827.2475247524753,0.09815194123405871
827.2673267326733,0.09488147341111844
827.2871287128713,0.09154134635287517
827.3069306930693,0.08813756620711813
827.3267326732674,0.0846766932864353
827.3465346534654,0.08116594827918923
827.3663366336633,0.07761334904946078
827.3861386138615,0.07402788779169792
827.4059405940594,0.07041976164218018
827.4257425742575,0.06680067427372771
827.4455445544554,0.06318423171460087
827.4653465346535,0.059586462645769216
827.4851485148515,0.05602650117027706
827.5049504950495,0.05252747648558479
827.5247524752476,0.0491176537177506
827.5445544554456,0.04583185130570069
827.5643564356436,0.0427130980540637
827.5841584158416,0.03981434307246132
827.6039603960396,0.037199731531026625
827.6237623762377,0.034944465459749795
827.6435643564356,0.03313169117311194
827.6633663366338,0.03184470208057965
827.6831683168317,0.031154007623036644
827.7029702970297,0.031102097243703497
827.7227722772277,0.03169228708503132
827.7425742574258,0.03288778421124852
827.7623762376238,0.034621530243662345
827.7821782178218,0.03681127574976654
827.8019801980199,0.03937317653264119
827.8217821782179,0.04223044214128146
827.8415841584158,0.04531709115520645
827.8613861386139,0.048578446888765746
827.8811881188119,0.051970005963318175
827.90099009901,0.05545575416161558
827.9207920792079,0.05900648246160588
827.940594059406,0.06259832614434617
827.960396039604,0.0662115804303086
827.980198019802,0.06982977338736661
828.0,0.07343895314381267
828.019801980198,0.07702714434124606
828.0396039603961,0.08058393462644392
828.059405940594,0.0841001597073658
828.0792079207921,0.08756766269177428
828.0990099009902,0.09097910935759443
828.1188118811881,0.09432784562416385
828.1386138613861,0.09760778698810944
828.1584158415842,0.1008133322917348
828.1782178217821,0.10393929611846493
828.1980198019802,0.10698085553264243
828.2178217821782,0.10993350793216845
828.2376237623763,0.11279303756195505
828.2574257425742,0.11555548881597498
828.2772277227723,0.1182171448898307
828.2970297029703,0.12077451067194593
828.3168316831683,0.12322429900867975
828.3366336633663,0.12556341966638318
828.3564356435644,0.1277889704576622
828.3762376237624,0.1298982301097954
828.3960396039604,0.1318886525394816
828.4158415841583,0.1337578622648532
828.4356435643565,0.13550365073866413
828.4554455445544,0.13712397342772822
828.4752475247525,0.13861694749698808
828.4950495049505,0.13998084998261914
828.5148514851486,0.14121411636003867
828.5346534653465,0.1423153394295636
828.5544554455445,0.14328326845667316
828.5742574257426,0.14411680851512473
828.5940594059406,0.1448150199906704
828.6138613861386,0.1453771182113279
828.6336633663367,0.14580247317649137
828.6534653465346,0.1460906093634321
828.6732673267327,0.1462412055942881
828.6930693069306,0.1462540949517462
828.7128712871288,0.1461292647351694
828.7326732673267,0.1458668564532242
828.7524752475248,0.14546716585260466
828.7722772277228,0.1449306429862119
828.7920792079208,0.14425789232802463
828.8118811881188,0.1434496729459474
828.8316831683168,0.14250689874832242
828.8514851485149,0.14143063882477228
828.8712871287129,0.14022211790767297
828.8910891089108,0.1388827169870963
828.910891089109,0.13741397411970405
828.9306930693069,0.13581758548131737
828.950495049505,0.13409540672387268
828.9702970297029,0.13224945471096894
828.9900990099011,0.13028190972253975
829.009900990099,0.12819511823959917
829.029702970297,0.12599159644517982
829.0495049504951,0.12367403460904411
829.0693069306931,0.12124530256349701
829.0891089108911,0.11870845652768999
829.1089108910891,0.11606674760177278
829.1287128712871,0.11332363233399359
829.1485148514852,0.11048278586920329
829.1683168316831,0.10754811832389824
829.1881188118813,0.10452379521100849
829.2079207920792,0.1014142629713391
829.2277227722773,0.09822428097723143
829.2475247524752,0.09495896178339709
829.2673267326733,0.09162382194700797
829.2871287128713,0.08822484647302946
829.3069306930693,0.08476857093015748
829.3267326732674,0.08126218662065185
829.3465346534654,0.07771367599907998
829.3663366336633,0.07413198798459222
829.3861386138614,0.07052726610437007
829.4059405940594,0.06691114677360008
829.4257425742575,0.06329715066374329
829.4455445544554,0.05970119705327233
829.4653465346536,0.056142278751280916
829.4851485148515,0.052643341682103786
829.5049504950495,0.0492324133872023
829.5247524752475,0.045944006815026195
829.5445544554456,0.04282076580189899
829.5643564356436,0.03991517335817863
829.5841584158416,0.037290851240991484
829.6039603960396,0.03502249442191682
829.6237623762377,0.033192906749803915
829.6435643564356,0.03188542176914827
829.6633663366337,0.031171178657380918
829.6831683168317,0.03109392160164097
829.7029702970298,0.031658590623437566
829.7227722772277,0.03282993102258853
829.7425742574258,0.03454195485885514
829.7623762376238,0.03671289801768707
829.7821782178218,0.03925893046846458
829.8019801980198,0.042103000775437514
829.8217821782179,0.04517875745972997
829.8415841584158,0.04843114647712362
829.8613861386139,0.05181532774409689
829.8811881188119,0.055295006145053255
829.90099009901,0.05884074652711248
829.9207920792079,0.06242850542873397
829.940594059406,0.0660384379101473
829.960396039604,0.06965396231270558
829.980198019802,0.0732610406563134
830.0,0.0768476296662544
830.019801980198,0.08040326305383391
830.0396039603961,0.08391873334543463
830.059405940594,0.08738584876158528
830.079207920792,0.09079724661435012
830.0990099009902,0.09414624934949378
830.1188118811881,0.09742675288795959
830.1386138613861,0.10063313955219372
830.1584158415842,0.1037602098102038
830.1782178217823,0.10680312850858369
830.1980198019802,0.10975738232865313
830.2178217821781,0.11261874598780915
830.2376237623763,0.11538325529465047
830.2574257425742,0.11804718560503377
830.2772277227723,0.12060703455616541
830.2970297029703,0.12305950820545289
830.3168316831683,0.12540150989072993
830.3366336633663,0.12763013127403267
830.3564356435643,0.12974264514298225
830.3762376237624,0.13173649963086434
830.3960396039604,0.13360931358411482
830.4158415841584,0.13535887285892717
830.4356435643565,0.13698312737093465
830.4554455445544,0.1384801887547571
830.4752475247525,0.13984832851718926
830.4950495049504,0.1410859765888646
830.5148514851486,0.14219172019670823
830.5346534653465,0.14316430299341276
830.5544554455445,0.14400262439192618
830.5742574257426,0.14470573906229273
830.5940594059406,0.1452728565563762
830.6138613861386,0.14570334103275162
830.6336633663366,0.14599671105974382
830.6534653465347,0.14615263947994306
830.6732673267327,0.14617095332378338
830.6930693069306,0.14605163376411903
830.7128712871288,0.14579481610754425
830.7326732673267,0.1454007898219018
830.7524752475248,0.1448699986032578
830.7722772277227,0.14420304048939306
830.7920792079208,0.14340066803092705
830.8118811881188,0.14246378853557856
830.8316831683168,0.14139346440608028
830.8514851485149,0.14019091359777358
830.8712871287129,0.13885751022844423
830.8910891089109,0.1373947853806367
830.9108910891089,0.13580442814570542
830.9306930693069,0.1340882869699764
830.950495049505,0.13224837137651524
830.9702970297029,0.13028685415249233
830.9900990099011,0.12820607411218699
831.009900990099,0.12600853957064778
831.029702970297,0.12369693269433985
831.049504950495,0.12127411493432419
831.0693069306931,0.11874313379730024
831.0891089108911,0.1161072312730458
831.1089108910891,0.11336985431776687
831.1287128712872,0.11053466789728514
831.1485148514852,0.10760557122908575
831.1683168316831,0.10458671803849887
831.1881188118812,0.10148254187551911
831.2079207920792,0.09829778784367359
831.2277227722773,0.09503755249740185
831.2475247524752,0.09170733420463517
831.2673267326733,0.08831309699643511
831.2871287128713,0.08486135190261124
831.3069306930693,0.08135926109285929
831.3267326732673,0.07781477193164178
831.3465346534654,0.07423679047220601
831.3663366336633,0.07063540716572747
831.3861386138614,0.06702219187356918
831.4059405940594,0.06341058085011485
831.4257425742575,0.059816385236245634
831.4455445544554,0.056258458256113884
831.4653465346535,0.052759564864394634
831.4851485148515,0.049347498086850544
831.5049504950495,0.046056469364108274
831.5247524752475,0.04292874247310744
831.5445544554456,0.040016339799412
831.5643564356436,0.03738236459201244
831.5841584158416,0.03510100674580933
831.6039603960396,0.03325472319586409
831.6237623762377,0.0319268737383109
831.6435643564356,0.031189205121066
831.6633663366337,0.031086693854563006
831.6831683168317,0.031625892335302296
831.7029702970298,0.03277308856748233
831.7227722772277,0.03446338028719046
831.7425742574258,0.036615505211331174
831.7623762376238,0.039145659084086834
831.7821782178218,0.04197653508503036
831.8019801980198,0.045041412903402106
831.8217821782179,0.04828486001811741
831.8415841584158,0.05166169762260115
831.8613861386139,0.05513534757272486
831.8811881188119,0.05867614668459123
831.90099009901,0.06225987118511657
831.9207920792079,0.06586653472865032
831.940594059406,0.06947944495986429
831.960396039604,0.07308447704051514
831.980198019802,0.07666951920026956
832.0,0.08022405076529124
832.019801980198,0.08373882072857071
832.0396039603961,0.08720560214524663
832.059405940594,0.0906170036389235
832.079207920792,0.09396632400126619
832.0990099009902,0.09724743942911923
832.1188118811881,0.10045471560133144
832.1386138613861,0.10358293876591898
832.1584158415842,0.10662726146219877
832.1782178217823,0.10958315957734084
832.1980198019802,0.11244639823331977
832.2178217821781,0.11521300459335637
832.2376237623763,0.11787924612015713
832.2574257425742,0.12044161315187774
832.2772277227723,0.1228968049139718
832.2970297029703,0.12524171827700983
832.3168316831683,0.12747343871746633
832.3366336633663,0.12958923305177175
832.3564356435643,0.13158654360147343
832.3762376237624,0.13346298351591174
832.3960396039604,0.13521633303222383
832.4158415841584,0.136844536494974
832.4356435643565,0.13834569999125562
832.4554455445544,0.13971808948376482
832.4752475247525,0.14096012934613034
832.4950495049504,0.14207040122206993
832.5148514851486,0.1430476431440976
832.5346534653465,0.14389074885933004
832.5544554455445,0.14459876731938479
832.5742574257426,0.1451709022996233
832.5940594059406,0.14560651211969985
832.6138613861386,0.1459051094432482
832.6336633663366,0.14606636113978616
832.6534653465347,0.1460900881962436
832.6732673267327,0.145976265669983
832.6930693069306,0.1457250226787442
832.7128712871288,0.14533664242697478
832.7326732673267,0.1448115622715813
832.7524752475248,0.1441503738340038
832.7722772277227,0.14335382316960887
832.7920792079208,0.1424228110097233
832.8118811881188,0.14135839309657713
832.8316831683168,0.1401617806370374
832.8514851485149,0.1388343409073405
832.8712871287129,0.13737759804880303
832.8910891089109,0.13579323410344665
832.9108910891089,0.13408309034929985
832.9306930693069,0.13224916900851408
832.950495049505,0.13029363541745395
832.9702970297029,0.12821882076804783
832.9900990099011,0.12602722555432364
833.009900990099,0.12372152388916849
833.029702970297,0.12130456889512718
833.049504950495,0.11877939942250765
833.0693069306931,0.11614924841053217
833.0891089108911,0.11341755328755566
833.1089108910891,0.11058796890973267
833.1287128712872,0.1076643836710811
833.1485148514852,0.10465093959252686
833.1683168316831,0.10155205742594046
833.1881188118812,0.09837246811083597
833.2079207920792,0.09511725232169387
833.2277227722773,0.09179189037779789
833.2475247524752,0.08840232550363716
833.2673267326733,0.08495504439298726
833.2871287128713,0.08145718033375034
833.3069306930693,0.07791664591582362
833.3267326732673,0.07434230473068322
833.3465346534654,0.0707441946791947
833.3663366336634,0.0671338197622583
833.3861386138614,0.06352453274209337
833.4059405940594,0.05993203786583441
833.4257425742575,0.05637505045176685
833.4455445544554,0.052876156746516426
833.4653465346535,0.04946291827186407
833.4851485148515,0.04616924886865991
833.5049504950495,0.043037037074732776
833.5247524752475,0.04011785003789224
833.5445544554456,0.03747427735600495
833.5643564356436,0.035180005885644676
833.5841584158416,0.03331714142732526
833.6039603960396,0.03196905653094238
833.6237623762377,0.031208083716478718
833.6435643564356,0.03108040948231521
833.6633663366337,0.03159418682843869
833.6831683168317,0.0327172505625649
833.7029702970298,0.034385799151922504
833.7227722772277,0.036519088705722985
833.7425742574258,0.039033352495360815
833.7623762376238,0.04185103403659948
833.7821782178218,0.044905045472815784
833.8019801980198,0.048139574697841477
833.8217821782179,0.051509102147433455
833.8415841584159,0.05497676449297296
833.8613861386139,0.05851266859336431
833.8811881188119,0.06209240877272288
833.90099009901,0.06569585601594649
833.9207920792079,0.0693062062872215
833.940594059406,0.07290924713004343
833.960396039604,0.07649279769146937
833.980198019802,0.08004628245719508
834.0,0.08356040653072981
834.019801980198,0.0870269075204869
834.0396039603961,0.09043836513663246
834.059405940594,0.09378805433438396
834.0792079207921,0.09706983143666548
834.0990099009902,0.10027804535388624
834.1188118811881,0.10340746800859718
834.1386138613861,0.10645323954260558
834.1584158415842,0.10941082497073555
834.1782178217823,0.11227597975114226
834.1980198019802,0.1150447223411986
834.2178217821781,0.11771331225664244
834.2376237623763,0.12027823248836814
834.2574257425742,0.12273617538652642
834.2772277227723,0.1250840313153071
834.2970297029703,0.12731887953032017
834.3168316831684,0.1294379808449395
834.3366336633663,0.13143877174030968
834.3564356435643,0.1333188596429836
834.3762376237624,0.1350760191481333
834.3960396039604,0.13670818900910664
834.4158415841584,0.13821346974786497
834.4356435643565,0.13959012176794264
834.4554455445544,0.14083656387339788
834.4752475247525,0.14195137211457465
834.4950495049504,0.1429332788960216
834.5148514851486,0.14378117229360698
834.5346534653465,0.14449409553743728
834.5544554455446,0.14507124662560386
834.5742574257426,0.14551197804036567
834.5940594059406,0.1458157965444844
834.6138613861386,0.14598236304044832
834.6336633663366,0.14601149248006776
834.6534653465347,0.14590315381574234
834.6732673267327,0.1456574699891759
834.6930693069306,0.14527471795642985
834.7128712871288,0.1447553287524593
834.7326732673267,0.1440998876017791
834.7524752475248,0.14330913408610485
834.7722772277227,0.1423839623841243
834.7920792079209,0.14132542160351763
834.8118811881188,0.1401347162307605
834.8316831683168,0.13881320673079744
834.8514851485149,0.13736241033619354
834.8712871287129,0.1357840020742496
834.8910891089109,0.13407981609158479
834.9108910891089,0.13225184734855988
834.9306930693069,0.1303022537722303
834.950495049505,0.12823335897608704
834.9702970297029,0.12604765567964393
834.9900990099011,0.12374780999143407
835.009900990099,0.12133666675773866
835.0297029702971,0.11881725622803527
835.049504950495,0.1161928023503042
835.0693069306931,0.11346673308873946
835.0891089108911,0.11064269325859605
835.1089108910891,0.10772456050541124
835.1287128712872,0.10471646522823545
835.1485148514852,0.10162281547276561
835.1683168316831,0.09844832811842419
835.1881188118812,0.09519806807906754
835.2079207920792,0.09187749776464453
835.2277227722773,0.08849253975877425
835.2475247524752,0.0850496566200211
835.2673267326734,0.08155595300242156
835.2871287128713,0.07801930703314568
835.3069306930693,0.07444854024078705
835.3267326732673,0.07085363849432505
835.3465346534654,0.06724604061734298
835.3663366336634,0.06363901679030295
835.3861386138614,0.0600481655897404
835.4059405940594,0.056492066077976515
835.4257425742575,0.05299312801426209
835.4455445544554,0.049578684372215444
835.4653465346535,0.04628235522818016
835.4851485148515,0.043145658614309655
835.5049504950496,0.04021971174189521
835.5247524752475,0.03756659536662376
835.5445544554456,0.0352594953978657
835.5643564356436,0.03338016249998838
835.5841584158416,0.032011968855147115
835.6039603960396,0.031227811321076628
835.6237623762377,0.031075064139962836
835.6435643564356,0.03156346888495427
835.6633663366337,0.032662410899028105
835.6831683168317,0.03430920424952245
835.7029702970298,0.03642364004435384
835.7227722772277,0.03892200097956603
835.7425742574258,0.04172648675092159
835.7623762376238,0.044769643303189936
835.7821782178218,0.047995277847608396
835.8019801980198,0.051357528011275466
835.8217821782179,0.05481924309888928
835.8415841584159,0.05835029805961567
835.8613861386139,0.061926103700708696
835.8811881188118,0.0655263870559493
835.90099009901,0.0691342314111721
835.9207920792079,0.07273533592103056
835.940594059406,0.07631745005518897
835.960396039604,0.07986994299770779
835.9801980198021,0.08338347560224973
836.0,0.08684974974595805
836.0198019801979,0.09026131599809231
836.0396039603961,0.09361142529328155
836.059405940594,0.09689391392925345
836.0792079207921,0.10010311392200016
836.0990099009902,0.1032337827622785
836.1188118811881,0.1062810481033787
836.1386138613861,0.10924036400902798
836.1584158415841,0.11210747620458256
836.1782178217823,0.11487839438067582
836.1980198019802,0.11754937005182413
836.2178217821782,0.12011687881309117
836.2376237623763,0.12257760609560407
836.2574257425742,0.12492843571769457
836.2772277227723,0.12716644067849284
836.2970297029702,0.1292888757561097
836.3168316831684,0.13129317156227296
836.3366336633663,0.1331769297747336
836.3564356435643,0.13493791932348326
836.3762376237624,0.13657407335012736
836.3960396039604,0.1380834867935541
836.4158415841584,0.13946441448275693
836.4356435643564,0.14071526963924386
836.4554455445545,0.14183462270946573
836.4752475247525,0.14282120046186556
836.4950495049504,0.14367388529524253
836.5148514851486,0.14439171471474305
836.5346534653465,0.14497388094000216
836.5544554455446,0.14541973061702246
836.5742574257425,0.14572876461108575
836.5940594059406,0.14590063786334329
836.6138613861386,0.14593515929833228
836.6336633663366,0.14583229177367868
836.6534653465347,0.14559215206740758
836.6732673267327,0.14521501090175898
836.6930693069307,0.14470129300654383
836.7128712871287,0.1440515772282812
836.7326732673267,0.14326659669618508
836.7524752475248,0.14234723905964078
836.7722772277227,0.14129454681723103
836.7920792079209,0.1401097177626921
836.8118811881188,0.1387941055794987
836.8316831683168,0.13734922062342086
836.8514851485148,0.13577673094123685
836.8712871287129,0.13407846358455086
836.8910891089109,0.13225640629063112
836.9108910891089,0.1303127096182121
836.930693069307,0.12824968964582636
836.950495049505,0.12606983136448113
836.9702970297029,0.12377579292713568
836.990099009901,0.12137041095557222
837.009900990099,0.11885670715348678
837.0297029702971,0.11623789653647598
837.049504950495,0.11351739766769124
837.0693069306931,0.11069884538976246
837.0891089108911,0.10778610667409465
837.1089108910891,0.10478330037975211
837.1287128712871,0.10169482193749528
837.1485148514852,0.09852537426975284
837.1683168316832,0.09528000664801843
837.1881188118812,0.09196416371100416
837.2079207920792,0.08858374756556694
837.2277227722773,0.08514519683382162
837.2475247524752,0.08165558778116148
837.2673267326733,0.07812276438008096
837.2871287128713,0.07455550649011077
837.3069306930693,0.07096374845965077
837.3267326732673,0.06735886460804046
837.3465346534654,0.06375404343011982
837.3663366336634,0.06016477903484034
837.3861386138614,0.056609515849835174
837.4059405940594,0.05311048932766933
837.4257425742575,0.04969480679504059
837.4455445544554,0.046395798327924995
837.4653465346535,0.0432546161013585
837.4851485148515,0.04032193260701847
837.5049504950496,0.03765932451902562
837.5247524752475,0.035339478939932584
837.5445544554455,0.033443787607635646
837.5643564356436,0.03205560958215822
837.5841584158416,0.03124838498530907
837.6039603960396,0.031070653655949066
837.6237623762377,0.03153373345942247
837.6435643564357,0.03260856364076712
837.6633663366337,0.03423358854779364
837.6831683168316,0.036329150937188644
837.7029702970298,0.03881159497311369
837.7227722772277,0.041602882500497505
837.7425742574258,0.0446351946755749
837.7623762376238,0.04785195694103849
837.7821782178218,0.05120696204773478
837.8019801980198,0.0546627697250645
837.8217821782177,0.058189021033033646
837.8415841584159,0.06176094162484074
837.8613861386139,0.06535811328288522
837.8811881188119,0.06896350560264945
837.90099009901,0.0725627285686604
837.9207920792079,0.0761434613704223
837.940594059406,0.07969501742332698
837.9603960396039,0.08320801296641951
837.9801980198021,0.08667411385774004
838.0,0.09008584129576784
838.0198019801979,0.09343642200845417
838.0396039603961,0.09671967211564016
838.059405940594,0.09992990661182266
838.0792079207921,0.10306186844866695
838.09900990099,0.10611067269923513
838.1188118811882,0.10907176239676047
838.1386138613861,0.11194087346433143
838.1584158415841,0.11471400676444789
838.1782178217823,0.11738740575577006
838.1980198019802,0.11995753858854948
838.2178217821782,0.12242108373080303
838.2376237623762,0.12477491841522113
838.2574257425742,0.12701610934843902
838.2772277227723,0.12914190524081107
838.2970297029702,0.13114973080530945
838.3168316831684,0.13303718194449146
838.3366336633663,0.13480202189964652
838.3564356435644,0.13644217817975138
838.3762376237623,0.13795574012236947
838.3960396039604,0.1393409569661667
838.4158415841584,0.14059623633681392
838.4356435643564,0.1417201430659701
838.4554455445545,0.14271139827743412
838.4752475247525,0.14356887868677962
838.4950495049504,0.14429161607030563
838.5148514851485,0.14487879686765978
838.5346534653465,0.14532976188929927
838.5544554455446,0.14564400610600672
838.5742574257425,0.1458211785028543
838.5940594059407,0.14586108198460798
838.6138613861386,0.14576367332382706
838.6336633663366,0.14552906314677747
838.6534653465346,0.1451575159560642
838.6732673267327,0.14464945019262762
838.6930693069307,0.14400543834357432
838.7128712871287,0.14322620710628386
838.7326732673267,0.14231263762369206
838.7524752475248,0.14126576581032668
838.7722772277227,0.14008678279437692
838.7920792079208,0.1387770355071796
838.8118811881188,0.13733802745925416
838.8316831683169,0.13577141975058163
838.8514851485148,0.13407903237368066
838.8712871287129,0.1322628458809438
838.8910891089109,0.13032500350336235
838.9108910891089,0.1282678138274872
838.9306930693069,0.12609375416137353
838.950495049505,0.1238054747507202
838.9702970297029,0.12140580404406666
838.990099009901,0.11889775525396264
839.009900990099,0.11628453452190035
839.0297029702971,0.11356955107264803
839.049504950495,0.11075642984389507
839.0693069306931,0.10784902720672387
839.0891089108911,0.10485145056142416
839.1089108910891,0.10176808281435946
839.1287128712871,0.09860361303316133
839.1485148514852,0.09536307496429287
839.1683168316832,0.09205189561204745
839.1881188118812,0.08867595676909004
839.2079207920792,0.08524167331779597
839.2277227722773,0.08175609337739446
839.2475247524752,0.07822702707019696
839.2673267326733,0.07466321297536598
839.2871287128713,0.0710745344250248
839.3069306930694,0.06747230189750979
839.3267326732673,0.06386962308424284
839.3465346534654,0.06028188880977597
839.3663366336634,0.05672741046038413
839.3861386138614,0.05322825132356501
839.4059405940594,0.04981129592701253
839.4257425742575,0.046509588040995115
839.4455445544554,0.04336391854893259
839.4653465346535,0.04042452035689422
839.4851485148515,0.03775247076973787
839.5049504950496,0.03541996026923521
839.5247524752475,0.03350801808020232
839.5445544554456,0.03209997774430938
839.5643564356436,0.031269801930732956
839.5841584158416,0.031067174030224663
839.6039603960396,0.03150497567711131
839.6237623762377,0.03255570302262211
839.6435643564357,0.034158945184021385
839.6633663366337,0.03623561325863183
839.6831683168316,0.03870212506938771
839.7029702970298,0.04148021070710272
839.7227722772277,0.04450168801422906
839.7425742574258,0.047709599591078095
839.7623762376238,0.051057391228274955
839.7821782178219,0.05450733084436742
839.8019801980198,0.058028823603500264
839.8217821782177,0.06159690834404354
839.8415841584159,0.06519102027791068
839.8613861386139,0.06879401428371468
839.8811881188119,0.07239141038369205
839.90099009901,0.0759708168763701
839.9207920792079,0.07952149093538134
839.940594059406,0.08303400381597448
839.9603960396039,0.08649998506591275
839.9801980198021,0.0899119262805084
840.0,0.09326302979307108
840.019801980198,0.09654709139137113
840.0396039603961,0.09975840892015032
840.059405940594,0.10289171068381923
840.0792079207921,0.10594209908272798
840.09900990099,0.10890500603960529
840.1188118811882,0.11177615760524634
840.1386138613861,0.11455154575218554
840.1584158415841,0.1172274058281404
840.1782178217823,0.11980019848920195
840.1980198019802,0.12226659519581674
840.2178217821782,0.12462346655490021
840.2376237623762,0.12686787294427304
840.2574257425744,0.12899705697363964
840.2772277227723,0.1310084374275777
840.2970297029702,0.13289960440674645
840.3168316831684,0.1346683154398417
840.3366336633663,0.13631249238200552
840.3564356435644,0.1378302189508482
840.3762376237623,0.1392197387786084
840.3960396039604,0.14047945388145502
840.4158415841584,0.14160792346497775
840.4356435643564,0.14260386299944985
840.4554455445545,0.14346614351065448
840.4752475247525,0.1441937910418048
840.4950495049505,0.1447859862505952
840.5148514851485,0.14524206411226995
840.5346534653465,0.14556151370571058
840.5544554455446,0.1457439780647219
840.5742574257425,0.14578925408138266
840.5940594059407,0.14569729245247712
840.6138613861386,0.1454681976640373
840.6336633663366,0.145102228012711
840.6534653465346,0.1445997956665023
840.6732673267327,0.14396146677114818
840.6930693069307,0.1431879616124779
840.7128712871287,0.14228015484938197
840.7326732673268,0.14123907583691822
840.7524752475248,0.14006590906444652
840.7722772277227,0.13876199474010026
840.7920792079208,0.13732882956019754
840.8118811881188,0.13576806771118027
840.8316831683169,0.1340815221619916
840.8514851485148,0.13227116631789354
840.8712871287129,0.13033913612223963
840.8910891089109,0.12828773271211782
840.9108910891089,0.1261194257577445
840.9306930693069,0.12383685764538797
840.950495049505,0.12144284870116753
840.970297029703,0.1189404037005713
840.990099009901,0.11633271996882993
841.009900990099,0.11362319745445054
841.0297029702971,0.11081545125733736
841.049504950495,0.10791332722145187
841.0693069306931,0.10492092136892722
841.0891089108911,0.10184260417149464
841.1089108910891,0.09868305094341871
841.1287128712871,0.09544728002239389
841.1485148514852,0.09214070091393885
841.1683168316832,0.08876917525752444
841.1881188118812,0.08533909439048502
841.2079207920792,0.0818574785257499
841.2277227722773,0.07833210423621939
841.2475247524752,0.07477166920453981
841.2673267326733,0.07118600624394913
841.2871287128713,0.06758636264530504
841.3069306930694,0.0639857661651628
841.3267326732673,0.06039950550749059
841.3465346534654,0.05684576058317327
841.3663366336634,0.053346424618062195
841.3861386138614,0.04992816213669078
841.4059405940594,0.04662373423034879
841.4257425742575,0.04347357497510547
841.4455445544555,0.04052748274404612
841.4653465346535,0.03784604013653425
841.4851485148515,0.03550094324206524
841.5049504950496,0.033572855382109974
841.5247524752475,0.0321450725330748
841.5445544554456,0.031292059548118444
841.5643564356436,0.03106462143254955
841.5841584158416,0.03147719083227578
841.6039603960396,0.03250382344863684
841.6237623762377,0.034085267463219486
841.6435643564357,0.03614301904566766
841.6633663366337,0.038593582016607314
841.6831683168316,0.04135846093939667
841.7029702970298,0.04436911188389105
841.7227722772277,0.047568193547177916
841.7425742574258,0.05090880265917821
841.7623762376238,0.05435291306479825
841.7821782178219,0.05786969199787633
841.8019801980198,0.06143398979714328
841.8217821782177,0.06502509376575108
841.8415841584159,0.06862574302416559
841.8613861386139,0.07222136682911103
841.8811881188119,0.07579950196902652
841.90099009901,0.07934934889668326
841.9207920792079,0.08286143350975979
841.940594059406,0.08632734875122214
841.9603960396039,0.08973955637826636
841.9801980198021,0.09309123413964933
842.0,0.09637615733542573
842.019801980198,0.09958860653116372
842.0396039603961,0.10272329527488686
842.059405940594,0.10577531320104061
842.0792079207921,0.10874008104115869
842.09900990099,0.11161331490321748
842.1188118811882,0.11439099780744455
842.1386138613861,0.11706935693513724
842.1584158415841,0.11964484539845549
842.1782178217823,0.12211412760548469
842.1980198019802,0.12447406749684224
842.2178217821782,0.1267217190848706
842.2376237623762,0.1288543188454626
842.2574257425744,0.1308692796047383
842.2772277227723,0.13276418563448414
842.2970297029702,0.13453678872652877
842.3168316831684,0.13618500506066708
842.3366336633663,0.13770691271557703
842.3564356435644,0.13910074970059944
842.3762376237623,0.14036491240838173
842.3960396039604,0.1414979544068161
842.4158415841584,0.14249858550339356
842.4356435643564,0.14336567102714792
842.4554455445545,0.1440982312835913
842.4752475247525,0.14469544114611646
842.4950495049505,0.14515662975467902
842.5148514851485,0.1454812802984397
842.5346534653465,0.14566902986437294
842.5544554455446,0.14571966933851846
842.5742574257425,0.14563314335075886
842.5940594059407,0.14540955025796468
842.6138613861386,0.14504914216412032
842.6336633663366,0.1445523249797558
842.6534653465346,0.1439196585268829
842.6732673267327,0.1431518566995796
842.6930693069307,0.1422497876946868
842.7128712871287,0.14121447433190318
842.7326732673268,0.1400470944880737
842.7524752475248,0.1387489816765318
842.7722772277227,0.1373216258100614
842.7920792079208,0.1357666741943621
842.8118811881188,0.13408593280983785
842.8316831683169,0.1322813679519402
842.8514851485148,0.13035510831600838
842.8712871287129,0.1283094476317612
842.8910891089109,0.12614684797619927
842.9108910891089,0.12386994392352879
842.9306930693069,0.12148154772780353
842.950495049505,0.1189846557810698
842.970297029703,0.11638245664966505
842.990099009901,0.11367834106741528
843.009900990099,0.11087591436307387
843.0297029702971,0.10797901192610795
843.049504950495,0.10499171848046149
843.0693069306931,0.10191839215229595
843.0891089108911,0.09876369460310963
843.1089108910891,0.09553262887710903
843.1287128712871,0.09223058711545833
843.1485148514852,0.08886341096390722
843.1683168316832,0.08543746840746003
843.1881188118812,0.08195975198996236
843.2079207920792,0.07843800503217532
843.2277227722773,0.07488088469915277
843.2475247524752,0.07129817377588378
843.2673267326733,0.06770105700978117
843.2871287128713,0.06410248307766014
843.3069306930694,0.060517639707769195
843.3267326732673,0.0569645768748254
843.3465346534653,0.053465019809075025
843.3663366336634,0.050045415776853994
843.3861386138614,0.04673824675085823
843.4059405940594,0.04358359440454908
843.4257425742575,0.04063082755068929
843.4455445544555,0.03794003869841866
843.4653465346535,0.035582431812714435
843.4851485148514,0.03363830111063724
843.5049504950496,0.03219089329723208
843.5247524752475,0.031315155395622525
843.5445544554456,0.03106299220080871
843.5643564356436,0.03145037438653168
843.5841584158416,0.03245291949043734
843.6039603960396,0.034012548856417725
843.6237623762376,0.03605136049601185
843.6435643564357,0.03848595671576903
843.6633663366337,0.04123762291060334
843.6831683168317,0.04423745498724402
843.7029702970298,0.04742772669248967
843.7227722772277,0.050761183578571345
843.7425742574258,0.054199503126389
843.7623762376237,0.05771161257678784
843.7821782178219,0.06127217205963458
843.8019801980198,0.06486031961142269
843.8217821782177,0.06845867753823898
843.8415841584159,0.07205258351675477
843.8613861386139,0.07562950219789356
843.8811881188119,0.07917857682818073
843.9009900990098,0.08269028756939621
843.920792079208,0.08615619046172117
843.940594059406,0.08956871718673809
843.9603960396039,0.09292102071676757
843.9801980198021,0.09620685570698867
844.0,0.09942048531318244
844.019801980198,0.1025566082169567
844.039603960396,0.10561030119280389
844.059405940594,0.1085769736998224
844.0792079207921,0.11145233183204416
844.09900990099,0.11423234959461627
844.1188118811882,0.11691324594646761
844.1386138613861,0.11949146640569899
844.1584158415842,0.12196366828284402
844.1782178217821,0.12432670881136328
844.1980198019802,0.1265776356011206
844.2178217821782,0.12871367896064953
844.2376237623762,0.1307322457272972
844.2574257425744,0.1326309143165622
844.2772277227723,0.1344074307588957
844.2970297029702,0.1360597055368225
844.3168316831683,0.13758581107078716
844.3366336633663,0.13898397973041823
844.3564356435644,0.14025260227044306
844.3762376237623,0.1413902266090881
844.3960396039605,0.14239555688139405
844.4158415841584,0.14326745271236324
844.4356435643564,0.14400492866476405
844.4554455445544,0.14460715382497186
844.4752475247525,0.1450734514971682
844.4950495049505,0.14540329898258367
844.5148514851485,0.1455963274253676
844.5346534653465,0.14565232171176898
844.5544554455446,0.1455712204132228
844.5742574257425,0.1453531157681059
844.5940594059406,0.144998253700574
844.6138613861386,0.1445070338787237
844.6336633663367,0.14388000981804924
844.6534653465346,0.14311788904026132
844.6732673267327,0.14222153330166
844.6930693069307,0.14119195891029376
844.7128712871287,0.14003033715631075
844.7326732673267,0.13873799488629454
844.7524752475248,0.13731641525961938
844.7722772277227,0.13576723873364016
844.7920792079208,0.1340922643347972
844.8118811881188,0.1322934512855807
844.8316831683169,0.13037292107252585
844.8514851485148,0.12833296005959516
844.8712871287129,0.12617602277475876
844.8910891089109,0.12390473602707246
844.9108910891089,0.1215219040483922
844.9306930693069,0.1190305149005046
844.950495049505,0.11643374844767894
844.970297029703,0.11373498627017535
844.990099009901,0.1109378239916837
845.0099009900989,0.10804608661923773
845.0297029702971,0.10506384765791354
845.049504950495,0.10199545297669645
845.0693069306931,0.09884555068403922
845.0891089108911,0.09561912864501887
845.1089108910892,0.09232156176963427
845.1287128712871,0.08895867186787627
845.1485148514851,0.08553680376317631
845.1683168316832,0.08206292256490022
845.1881188118812,0.07854473863545823
845.2079207920792,0.07499086899643594
845.2277227722773,0.07141104688853067
845.2475247524752,0.06781639515046423
845.2673267326733,0.06421978422127772
845.2871287128712,0.060636301979788435
845.3069306930694,0.05708386997753373
845.3267326732673,0.05358404747877568
845.3465346534654,0.050163067186805535
845.3663366336634,0.046853135451289905
845.3861386138614,0.043693985870049114
845.4059405940594,0.04073456258959714
845.4257425742574,0.038034472595593685
845.4455445544555,0.03566443003256108
845.4653465346535,0.03370435699441995
845.4851485148514,0.03223743954104059
845.5049504950496,0.031339087197086564
845.5247524752475,0.031062282839371482
845.5445544554456,0.031424521967255786
845.5643564356435,0.032402985885609546
845.5841584158417,0.03394078299902846
845.6039603960396,0.03596062996633409
845.6237623762376,0.03837924021863744
845.6435643564357,0.04111768647622498
845.6633663366337,0.0441067061623662
845.6831683168317,0.047288187041071454
845.7029702970297,0.05061452135348334
845.7227722772277,0.05404708789812332
845.7425742574258,0.05755457183146173
845.7623762376237,0.06111144134040163
845.7821782178219,0.06469668381697848
845.8019801980198,0.0682928036813349
845.8217821782179,0.07188504620407639
845.8415841584158,0.07546080326264917
845.8613861386139,0.0790091604056675
845.8811881188119,0.08252055167598284
845.9009900990098,0.08598649590952971
845.920792079208,0.08939939447213972
845.940594059406,0.09275237536584052
845.9603960396039,0.09603917244223441
845.980198019802,0.09925403131551017
846.0,0.10239163568984122
846.019801980198,0.10544704938501175
846.039603960396,0.10841567050573983
846.0594059405942,0.11129319506046527
846.0792079207921,0.11407558797597439
846.09900990099,0.11675905993246521
846.1188118811881,0.1193400488034497
846.1386138613861,0.12181520475633321
846.1584158415842,0.1241813782762371
846.1782178217821,0.12643561053316793
846.1980198019802,0.12857512563443824
846.2178217821782,0.13059732439793847
846.2376237623762,0.13249977935519291
846.2574257425742,0.13428023075035356
846.2772277227723,0.13593658334643927
846.2970297029703,0.1374669038860215
846.3168316831683,0.13886941908182146
846.3366336633663,0.14014251403593267
846.3564356435644,0.141284731004529
846.3762376237623,0.14229476844022368
846.3960396039604,0.14317148025627008
846.4158415841584,0.14391387526731217
846.4356435643564,0.14452111676956267
846.4554455445544,0.1449925222305936
846.4752475247525,0.14532756306504968
846.4950495049505,0.14552586447788726
846.5148514851485,0.1455872053613818
846.5346534653465,0.14551151823656355
846.5544554455446,0.14529888923354767
846.5742574257425,0.14494955810908752
846.5940594059406,0.1444639183034488
846.6138613861386,0.14384251704239664
846.6336633663367,0.14308605549418635
846.6534653465346,0.14219538899569725
846.6732673267327,0.1411715273665531
846.6930693069307,0.14001563533563874
846.7128712871287,0.13872903311031035
846.7326732673267,0.13731319712629436
846.7524752475248,0.1357697610244945
846.7722772277228,0.13410051691154376
846.7920792079208,0.1323074169733807
846.8118811881188,0.1303925755264729
846.8316831683169,0.1283582716102063
846.8514851485148,0.1262069522472504
846.8712871287129,0.12394123652796309
846.8910891089109,0.12156392071141656
846.9108910891089,0.11907798458183372
846.9306930693069,0.11648659935777778
846.950495049505,0.11379313752655201
846.970297029703,0.11100118507233768
846.990099009901,0.10811455669121309
847.009900990099,0.10513731474810237
847.0297029702971,0.10207379294247272
847.049504950495,0.09892862592869721
847.0693069306931,0.09570678650605409
847.0891089108911,0.09241363248540418
847.1089108910892,0.08905496599744071
847.1287128712871,0.08563710889283684
847.1485148514851,0.08216699907854323
847.1683168316832,0.07865231424892026
847.1881188118812,0.07510163165151483
847.2079207920792,0.07152463546016266
847.2277227722773,0.06793238723046967
847.2475247524753,0.06433767999278495
847.2673267326733,0.06075550288457164
847.2871287128712,0.057203650521613976
847.3069306930694,0.05370351819605032
847.3267326732673,0.050281126694702104
847.3465346534654,0.04696841017636104
847.3663366336634,0.043804758414092496
847.3861386138614,0.04083869570500289
847.4059405940594,0.03812934802957301
847.4257425742574,0.035746942049290124
847.4455445544555,0.03377102489197167
847.4653465346535,0.032284710922525564
847.4851485148515,0.031363852840362666
847.5049504950496,0.031062490017563445
847.5247524752475,0.03139962936608422
847.5445544554456,0.03235401753620058
847.5643564356435,0.033869963689258924
847.5841584158417,0.03587081997052051
847.6039603960396,0.0382734237258074
847.6237623762376,0.040998641631820924
847.6435643564357,0.043976854380245095
847.6633663366337,0.04714956273522379
847.6831683168317,0.050468803476976715
847.7029702970297,0.0538956543749368
847.7227722772278,0.05739855638067227
847.7425742574258,0.060951783978606934
847.7623762376237,0.06453417251828492
847.7821782178219,0.0681281074467332
847.8019801980198,0.0717187407908505
847.8217821782179,0.07529339100992169
847.8415841584158,0.0788410854565608
847.8613861386139,0.08235221166688715
847.8811881188119,0.08581825096762533
847.9009900990098,0.08923157416601715
847.920792079208,0.09258528409796626
847.940594059406,0.0958730936511805
847.960396039604,0.09908923076528747
847.980198019802,0.10222836405503749
848.0,0.1052855442899501
848.019801980198,0.10825615813776306
848.039603960396,0.11113589144912654
848.0594059405942,0.11392070000869436
848.0792079207921,0.11660678616114645
848.09900990099,0.11919058008444477
848.1188118811881,0.12166872475697517
848.1386138613861,0.12403806387391245
848.1584158415842,0.1262956321277257
848.1782178217821,0.12843864739028263
848.1980198019803,0.1304645044290163
848.2178217821782,0.13237076986341378
848.2376237623762,0.1341551781260881
848.2574257425742,0.1358156282380021
848.2772277227723,0.13735018124380863
848.2970297029703,0.1387570581818268
848.3168316831683,0.1400346384864006
848.3366336633663,0.14118145873896149
848.3564356435644,0.14219621169927155
848.3762376237623,0.14307774556079805
848.3960396039604,0.14382506338426726
848.4158415841584,0.14443732267222317
848.4356435643565,0.1449138350543507
848.4554455445544,0.14525406605970728
848.4752475247525,0.145457634957238
848.4950495049505,0.1455243146506786
848.5148514851485,0.14545403161827142
848.5346534653465,0.1452468658916916
848.5544554455446,0.14490305107228701
848.5742574257425,0.1444229743866763
848.5940594059406,0.14380717678721497
848.6138613861386,0.1430563531072314
848.6336633663367,0.14217135228483246
848.6534653465346,0.14115317767404725
848.6732673267327,0.14000298746741813
848.6930693069307,0.13872209526023455
848.7128712871287,0.1373119707938372
848.7326732673267,0.13577424092417698
848.7524752475248,0.13411069087176317
848.7722772277228,0.13232326582195528
848.7920792079208,0.13041407295945404
848.8118811881188,0.12838538403978592
848.8316831683169,0.12623963862359946
848.8514851485148,0.12397944812856454
848.8712871287129,0.12160760088994897
848.8910891089109,0.11912706846660262
848.910891089109,0.11654101348728149
848.9306930693069,0.11385279940643146
848.950495049505,0.11106600263375532
848.970297029703,0.1081844276253096
848.990099009901,0.10521212568394073
849.009900990099,0.1021534184265838
849.0297029702971,0.0990129271516393
849.049504950495,0.09579560970501014
849.0693069306931,0.09250680692924097
849.0891089108911,0.08915230143071633
849.1089108910892,0.08573839227425797
849.1287128712871,0.08227199039391064
849.1485148514852,0.07876074110293002
849.1683168316832,0.07521318223958512
849.1881188118812,0.07163894938185528
849.2079207920792,0.06804904341880917
849.2277227722773,0.0644561807885769
849.2475247524753,0.06087525297750508
849.2673267326733,0.057323929127967084
849.2871287128712,0.05382344251892241
849.3069306930694,0.0503996046198186
849.3267326732673,0.04708408076876653
849.3465346534654,0.04391592109040129
849.3663366336634,0.04094323477351686
849.3861386138615,0.038224671263238946
849.4059405940594,0.035829972106201764
849.4257425742574,0.03383830679036237
849.4455445544555,0.03233270725187487
849.4653465346535,0.031389450375710615
849.4851485148515,0.031063610568181826
849.5049504950496,0.03137569253747567
849.5247524752475,0.03230600950723446
849.5445544554456,0.033800084886605714
849.5643564356435,0.03578192317809618
849.5841584158417,0.038168498584838534
849.6039603960396,0.040880478510884444
849.6237623762377,0.043847888742362916
849.6435643564357,0.047011842042803065
849.6633663366337,0.05032401756530812
849.6831683168317,0.05374518967477507
849.7029702970297,0.05724355296761892
849.7227722772278,0.06079318644056642
849.7425742574258,0.06437277198189775
849.7623762376237,0.06796457496252424
849.7821782178219,0.07155365331605233
849.8019801980198,0.07512725143010199
849.8217821782179,0.07867433795668541
849.8415841584158,0.0821852535325782
849.861386138614,0.08565144166667238
849.8811881188119,0.0890652423621299
849.9009900990098,0.0924197330907756
849.920792079208,0.09570860561463097
849.940594059406,0.09892607006448861
849.960396039604,0.10206677985271524
849.980198019802,0.1051257726022337
850.0,0.10809842346052491
850.019801980198,0.11098040804770902
850.039603960396,0.11376767294203248
850.0594059405942,0.11645641209542011
850.0792079207921,0.11904304793895974
850.0990099009902,0.121524216215683
850.1188118811881,0.12389675378890638
850.1386138613861,0.12615768883550457
850.1584158415842,0.12830423295735102
850.1782178217821,0.13033377484004807
850.1980198019803,0.13224387516269198
850.2178217821782,0.13403226252074757
850.2376237623762,0.13569683017021986
850.2574257425742,0.1372356334374875
850.2772277227723,0.13864688766858763
850.2970297029703,0.13992896661466123
850.3168316831683,0.1410804011692885
850.3366336633665,0.14209987838867677
850.3564356435644,0.14298624073802235
850.3762376237623,0.14373848551799098
850.3960396039604,0.14435576443353887
850.4158415841584,0.14483738327482945
850.4356435643565,0.14518280168589634
850.4554455445544,0.14539163300248212
850.4752475247525,0.145463644144788
850.4950495049505,0.14539875555547846
850.5148514851485,0.14519704117716933
850.5346534653465,0.144858728467412
850.5544554455446,0.14438419845290293
850.5742574257426,0.1437739858285297
850.5940594059406,0.14302877911075368
850.6138613861386,0.14214942085912488
850.6336633663367,0.14113690798445155
850.6534653465346,0.13999239216749498
850.6732673267327,0.13871718041811187
850.6930693069307,0.13731273581214315
850.7128712871287,0.13578067845160247
850.7326732673267,0.13412278670414968
850.7524752475248,0.1323409987900789
850.7722772277228,0.13043741480018203
850.7920792079208,0.12841429924642603
850.8118811881188,0.12627408427026038
850.8316831683169,0.12401937366222422
850.8514851485148,0.12165294788227415
850.8712871287129,0.11917777031565456
850.8910891089109,0.116596995056735
850.910891089109,0.11391397658669432
850.9306930693069,0.11113228180526702
850.9504950495049,0.10825570499885077
850.970297029703,0.10528828648571445
850.990099009901,0.10223433588648505
851.009900990099,0.09909846124096225
851.0297029702971,0.09588560555310945
851.0495049504951,0.09260109282683283
851.0693069306931,0.08925068629771282
851.089108910891,0.08584066242974192
851.1089108910892,0.08237790541108762
851.1287128712871,0.0788700284574858
851.1485148514852,0.07532553035810807
851.1683168316832,0.07175399855977713
851.1881188118812,0.06816637389279548
851.2079207920792,0.06457529700712306
851.2277227722772,0.060995562810794594
851.2475247524753,0.057444716410549275
851.2673267326733,0.053943830997007544
851.2871287128713,0.050518511274851186
851.3069306930694,0.047200157071149745
851.3267326732673,0.0440274829655478
851.3465346534654,0.04104818770508565
851.3663366336633,0.038320448621064464
851.3861386138615,0.03591352454150039
851.4059405940594,0.033906204803868946
851.4257425742574,0.03238142848982638
851.4455445544555,0.031415878014233525
851.4653465346535,0.031065641486006226
851.4851485148515,0.03135270759726212
851.5049504950495,0.03225895702530303
851.5247524752476,0.03373114071038479
851.5445544554456,0.035693932412530896
851.5643564356435,0.03806445628841934
851.5841584158417,0.04076318738272526
851.6039603960396,0.0437197984783063
851.6237623762377,0.046875013354620056
851.6435643564356,0.05018015135511982
851.6633663366337,0.053595681035616724
851.6831683168317,0.05708954845695995
851.7029702970297,0.06063563531665356
851.7227722772278,0.064212468601907
851.7425742574258,0.0678021924883638
851.7623762376237,0.07138976995462588
851.7821782178218,0.07496237065418086
851.8019801980198,0.07850890402715853
851.8217821782179,0.08201966341347061
851.8415841584158,0.08548605419190719
851.861386138614,0.08890038531330072
851.8811881188119,0.0922557086853986
851.9009900990098,0.09554569478109186
851.9207920792079,0.09876453578684005
851.940594059406,0.10190686979869862
851.960396039604,0.10496772119581604
851.980198019802,0.10794245352151828
852.0,0.11082673209203109
852.019801980198,0.1136164942144606
852.039603960396,0.11630792539029756
852.059405940594,0.11889744025199603
852.0792079207921,0.12138166726054697
852.0990099009902,0.12375743640511311
852.1188118811881,0.1260217693085882
852.1386138613861,0.12817187126794233
852.1584158415842,0.1302051248552534
852.1782178217821,0.1321190847804955
852.1980198019802,0.13391147377609372
852.2178217821782,0.13558017930978633
852.2376237623762,0.13712325096899933
852.2574257425742,0.13853889838925368
852.2772277227723,0.13982548962266722
852.2970297029703,0.14098154986154757
852.3168316831683,0.14200576044738855
852.3366336633663,0.14289695810832476
852.3564356435644,0.14365413437839775
852.3762376237623,0.14427643516071118
852.3960396039604,0.14476316040382967
852.4158415841584,0.14511376386696073
852.4356435643565,0.14532785295504233
852.4554455445544,0.14540518860932505
852.4752475247524,0.14534568524370453
852.4950495049505,0.1451494107207258
852.5148514851485,0.14481658636528869
852.5346534653465,0.14434758701749933
852.5544554455446,0.14374294113027222
852.5742574257426,0.14300333092083506
852.5940594059406,0.14212959258999705
852.6138613861385,0.14112271662727258
852.6336633663367,0.13998384822572554
852.6534653465346,0.13871428783604686
852.6732673267327,0.13731549189698125
852.6930693069307,0.13578907378721133
852.7128712871287,0.13413680505435951
852.7326732673267,0.1323606169887436
852.7524752475247,0.13046260262468337
852.7722772277228,0.12844501927040883
852.7920792079208,0.12631029169057642
852.8118811881188,0.12406101609369866
852.8316831683169,0.12169996511247534
852.8514851485148,0.11923009400983464
852.8712871287129,0.11665454840069954
852.8910891089108,0.11397667385210401
852.910891089109,0.11120002781781158
852.9306930693069,0.10832839448434459
852.9504950495049,0.10536580326224564
852.970297029703,0.10231655186147162
852.990099009901,0.09918523515972352
853.009900990099,0.0959767814295322
853.029702970297,0.09269649796469936
853.0495049504951,0.08935012878206018
853.0693069306931,0.08594392792791182
853.089108910891,0.0824847530691418
853.1089108910892,0.07898018560422092
853.1287128712871,0.0754386856289371
853.1485148514852,0.07186979291743281
853.1683168316831,0.06828438884034488
853.1881188118812,0.06469503905137433
853.2079207920792,0.06111644293591342
853.2277227722772,0.05756602297884906
853.2475247524753,0.05406469417390361
853.2673267326733,0.0506378569681871
853.2871287128713,0.047316648928141164
853.3069306930693,0.044139453120512845
853.3267326732673,0.04115356244393225
853.3465346534654,0.03841668648926733
853.3663366336633,0.03599760378773396
853.3861386138615,0.03397472117281918
853.4059405940594,0.032430874746198615
853.4257425742574,0.03144313412647026
853.4455445544554,0.031068579926494685
853.4653465346535,0.03133067082135169
853.4851485148515,0.03221285547722246
853.5049504950495,0.033663125438347465
853.5247524752476,0.03560684064980041
853.5445544554456,0.037961288472611196
853.5643564356435,0.04064675865040717
853.5841584158416,0.04359257294345398
853.6039603960396,0.04673906518189209
853.6237623762377,0.05003719270071901
853.6435643564356,0.053447115812629745
853.6633663366337,0.05693652983181062
853.6831683168317,0.06047911731826635
853.7029702970297,0.06405324889689205
853.7227722772277,0.06764094641243315
853.7425742574258,0.07122707701443898
853.7623762376238,0.07479873495065366
853.7821782178218,0.07834476993129628
853.8019801980198,0.08185542759687993
853.8217821782179,0.08532207488008269
853.8415841584158,0.08873698942843065
853.8613861386139,0.09209319738342188
853.8811881188119,0.09538434776379172
853.9009900990098,0.09860461467490572
853.9207920792079,0.10174862078156723
853.940594059406,0.10481137712114738
853.960396039604,0.10778823554824195
853.980198019802,0.11067485100127293
854.0,0.11346715145094644
854.019801980198,0.11616131389019232
854.039603960396,0.11875374510067285
854.059405940594,0.12124106621425519
854.0792079207921,0.12362010030332521
854.0990099009902,0.12588786239800143
854.1188118811881,0.12804155145512258
854.1386138613861,0.13007854390120846
854.1584158415842,0.13199638844805192
854.1782178217821,0.13379280193874796
854.1980198019802,0.13546566602919638
854.2178217821782,0.1370130245467865
854.2376237623763,0.1384330813979482
854.2574257425742,0.13972419891962648
854.2772277227723,0.14088489658901476
854.2970297029703,0.1419138500214152
854.3168316831683,0.1428098901987074
854.3366336633663,0.1435720028813753
854.3564356435644,0.14419932816600106
854.3762376237623,0.14469116015710132
854.3960396039604,0.14504694672886623
854.4158415841584,0.14526628935739347
854.4356435643565,0.14534894300919465
854.4554455445544,0.1452948160757748
854.4752475247525,0.14510397034818456
854.4950495049505,0.14477662102938993
854.5148514851485,0.14431313678585056
854.5346534653465,0.14371403984353498
854.5544554455446,0.14298000613768352
854.5742574257426,0.1421118655297045
854.5940594059406,0.1411106021093653
854.6138613861385,0.13997735460566452
854.6336633663367,0.13871341693596176
854.6534653465346,0.13732023892986514
854.6732673267327,0.1357994272729087
854.6930693069307,0.13415274672506053
854.7128712871288,0.1323821216813391
854.7326732673267,0.1304896381565328
854.7524752475247,0.1284775462945647
854.7722772277228,0.12634826352524478
854.7920792079208,0.1241043785197477
854.8118811881188,0.12174865613108704
854.8316831683169,0.11928404355073949
854.8514851485148,0.11671367796863795
854.8712871287129,0.114040896096308
854.8910891089108,0.1112692460049857
854.910891089109,0.10840250185060786
854.9306930693069,0.1054446822122367
854.950495049505,0.10240007297404782
854.970297029703,0.09927325594741847
854.990099009901,0.09606914478301384
855.009900990099,0.09279303019189238
855.029702970297,0.08945063712278993
855.0495049504951,0.08604819738560737
855.0693069306931,0.08259254234811414
855.089108910891,0.07909122186851203
855.1089108910892,0.07555265770051213
855.1287128712871,0.07198634239791547
855.1485148514852,0.06840309846232336
855.1683168316831,0.06481541733113298
855.1881188118813,0.061237903906048
855.2079207920792,0.057687859440329364
855.2277227722772,0.05418604258957321
855.2475247524753,0.050757652006153786
855.2673267326733,0.04743356618837667
855.2871287128713,0.04425184065229271
855.3069306930693,0.04125936696962273
855.3267326732673,0.038513391316100896
855.3465346534654,0.03608221437127922
855.3663366336633,0.034043858262401736
855.3861386138615,0.03248104627848211
855.4059405940594,0.03147121724091522
855.4257425742575,0.031072423204440137
855.4455445544554,0.03130957864442966
855.4653465346535,0.03216770040874534
855.4851485148515,0.03359603350534903
855.5049504950495,0.03552064101689003
855.5247524752476,0.03785898691515741
855.5445544554456,0.0405311828487759
855.5643564356435,0.04346620161669589
855.5841584158416,0.04660398615369934
855.6039603960396,0.049895129571349235
855.6237623762377,0.053299481475326656
855.6435643564356,0.056784484190826184
855.6633663366338,0.0603236192748552
855.6831683168317,0.06389509950687268
855.7029702970297,0.0674808232483682
855.7227722772277,0.07106556093321721
855.7425742574258,0.07463633072246807
855.7623762376238,0.07818192207154905
855.7821782178218,0.08169253251391878
855.8019801980198,0.08515949021646528
855.8217821782179,0.08857504126944855
855.8415841584158,0.09193218584393476
855.8613861386139,0.0952245513377604
855.8811881188119,0.09844629363718554
855.90099009901,0.10159201985974999
855.9207920792079,0.10465672760230872
855.940594059406,0.10763575694541631
855.960396039604,0.11052475237520748
855.980198019802,0.11331963246021384
856.0,0.1160165656262384
856.019801980198,0.11861195075156893
856.039603960396,0.1211024015915258
856.059405940594,0.12348473425863928
856.0792079207921,0.12575595715119373
856.0990099009902,0.127913262850279
856.1188118811881,0.12995402160448669
856.1386138613861,0.13187577609800014
856.1584158415842,0.1336762372580071
856.1782178217821,0.13535328090459092
856.1980198019802,0.13690494508372336
856.2178217821782,0.13832942795379546
856.2376237623763,0.139625086120034
856.2574257425742,0.14079043333035324
856.2772277227723,0.1418241394620231
856.2970297029703,0.142725029741069
856.3168316831683,0.14349208414713394
856.3366336633663,0.14412443696520252
856.3564356435644,0.1446213764529288
856.3762376237624,0.14498234459883835
856.3960396039604,0.14520693695181552
856.4158415841584,0.14529490250741867
856.4356435643565,0.14524614364071572
856.4554455445544,0.1450607160794332
856.4752475247525,0.14473882891495043
856.4950495049505,0.14428084465251917
856.5148514851485,0.1436872793058486
856.5346534653465,0.14295880254495866
856.5544554455446,0.142096237910819
856.5742574257426,0.14110056311450514
856.5940594059406,0.13997291044420554
856.6138613861386,0.1387145673093282
856.6336633663367,0.13732697695790058
856.6534653465346,0.13581173941203853
856.6732673267327,0.134170612676026
856.6930693069307,0.13240551428375608
856.7128712871288,0.13051852326710497
856.7326732673267,0.12851188264461866
856.7524752475247,0.12638800255280117
856.7722772277228,0.12414946416967629
856.7920792079208,0.1217990246157818
856.8118811881188,0.11933962306149036
856.8316831683169,0.11677438832577165
856.8514851485149,0.11410664832274683
856.8712871287129,0.11133994180413995
856.8910891089108,0.10847803296396215
856.910891089109,0.10552492962547454
856.9306930693069,0.1024849059312882
856.950495049505,0.09936253072144888
856.970297029703,0.09616270313336488
856.990099009901,0.09289069742164027
857.009900990099,0.08955221961610474
857.029702970297,0.08615347946974854
857.0495049504951,0.08270128227096601
857.0693069306931,0.07920314661153524
857.0891089108911,0.075667456249982
857.1089108910892,0.0721036569661594
857.1287128712871,0.06852251297485676
857.1485148514852,0.0649364422654746
857.1683168316831,0.06135995627850521
857.1881188118813,0.05781023640284386
857.2079207920792,0.05430788678276952
857.2277227722772,0.05087790669529734
857.2475247524753,0.04755091870647579
857.2673267326733,0.04436465467551341
857.2871287128713,0.04136560929804791
857.3069306930693,0.038610569612165364
857.3267326732674,0.036167360911856974
857.3465346534654,0.03411361856162643
857.3663366336633,0.032531943490439794
857.3861386138615,0.031500126042742625
857.4059405940594,0.031077168792690853
857.4257425742575,0.03128942765874061
857.4455445544554,0.032123487523312524
857.4653465346535,0.03352985950204166
857.4851485148515,0.03543532679034329
857.5049504950495,0.03775754353381602
857.5247524752476,0.04041645064251331
857.5445544554456,0.04334067409818018
857.5643564356436,0.04646976501450279
857.5841584158416,0.04975395004853435
857.6039603960396,0.05315276560473263
857.6237623762377,0.05663339874527814
857.6435643564356,0.060169128130914955
857.6633663366338,0.06373800719033013
857.6831683168317,0.06732180963224765
857.7029702970297,0.0709052082754908
857.7227722772277,0.0744751445039804
857.7425742574258,0.0780203469864664
857.7623762376238,0.08153096473659018
857.7821782178218,0.08499828683180102
857.8019801980199,0.08841452754840687
857.8217821782179,0.09177266088058116
857.8415841584158,0.09506629243690994
857.8613861386139,0.09828955974519565
857.8811881188119,0.10143705425874754
857.90099009901,0.10450376003423294
857.9207920792079,0.10748500529222346
857.940594059406,0.11037642399147175
857.960396039604,0.11317392523208533
857.980198019802,0.1158736688136863
858.0,0.11847204565821191
858.019801980198,0.12096566209656764
858.0396039603961,0.1233513272380672
858.059405940594,0.12562604280967818
858.0792079207921,0.1277869949808022
858.0990099009902,0.1298315477893779
858.1188118811881,0.1317572378622341
858.1386138613861,0.13356177018368612
858.1584158415842,0.13524301471371267
858.1782178217821,0.1367990036951031
858.1980198019802,0.1382279295189324
858.2178217821782,0.13952814304180877
858.2376237623763,0.1406981522678465
858.2574257425742,0.14173662132403164
858.2772277227723,0.142642369670599
858.2970297029703,0.14341437149866806
858.3168316831683,0.1440517552761643
858.3366336633663,0.14455380341068436
858.3564356435644,0.14491995200406418
858.3762376237624,0.1451497906791674
858.3960396039604,0.14524306246397975
858.4158415841583,0.1451996637227329
858.4356435643565,0.14501964412752735
858.4554455445544,0.14470320666808295
858.4752475247525,0.1442507077005319
858.4950495049505,0.1436626570405218
858.5148514851486,0.14293971810923717
858.5346534653465,0.14208270814572307
858.5544554455445,0.14109259850301759
858.5742574257426,0.13997051505132066
858.5940594059406,0.13871773871702084
858.6138613861386,0.13733570619370872
858.6336633663367,0.13582601086938526
858.6534653465346,0.1341904040241675
858.6732673267327,0.13243079636465527
858.6930693069306,0.13054925997588368
858.7128712871288,0.12854803078959395
858.7326732673267,0.12642951169005381
858.7524752475248,0.12419627640593854
858.7722772277228,0.12185107437202097
858.7920792079208,0.11939683678750651
858.8118811881188,0.11683668415393636
858.8316831683168,0.11417393564569221
858.8514851485149,0.11141212075743041
858.8712871287129,0.10855499378940986
858.8910891089108,0.10560655188413849
858.910891089109,0.10257105752622542
858.9306930693069,0.0994530666785787
858.950495049505,0.09625746407309957
858.9702970297029,0.0929895076330428
858.9900990099011,0.089654884617149
859.009900990099,0.08625978289917961
859.029702970297,0.08281098190556473
859.0495049504951,0.07931596923230629
859.0693069306931,0.07578309098537667
859.0891089108911,0.07222174661114039
859.1089108910891,0.068642642611639
859.1287128712871,0.06505812428508827
859.1485148514852,0.06148261061715627
859.1683168316831,0.05793316447707121
859.1881188118813,0.0544302372933539
859.2079207920792,0.050998631344601184
859.2277227722773,0.04766871634508146
859.2475247524752,0.04447790432403109
859.2673267326733,0.041472297482493044
859.2871287128713,0.03870822795072337
859.3069306930693,0.03625304812214604
859.3267326732674,0.03418400468231216
859.3465346534654,0.03258356693086466
859.3663366336633,0.031529859372444236
859.3861386138614,0.031082814320985457
859.4059405940594,0.03127021461289943
859.4257425742575,0.03208021268088631
859.4455445544554,0.033464598173694265
859.4653465346536,0.03535089139497519
859.4851485148515,0.037656950384780244
859.5049504950495,0.04030255282426336
859.5247524752475,0.04321598010719226
859.5445544554456,0.04633639062176755
859.5643564356436,0.049613642323442925
859.5841584158416,0.05300695589065184
859.6039603960396,0.056483260816217885
859.6237623762377,0.060015630943113144
859.6435643564356,0.06358195882120293
859.6633663366337,0.06716389231960954
859.6831683168317,0.0707460057296225
859.7029702970298,0.07431516295800149
859.7227722772277,0.0778600313477845
859.7425742574258,0.08137071097475457
859.7623762376238,0.08483845149943497
859.7821782178218,0.08825543512454805
859.8019801980198,0.09161460945870464
859.8217821782179,0.09490955815119279
859.8415841584158,0.09813440023071074
859.8613861386139,0.10128371136829778
859.8811881188119,0.10435246197996238
859.90099009901,0.10733596833960808
859.9207920792079,0.11022985380294903
859.940594059406,0.11303001793487243
859.960396039604,0.11573261184933982
859.980198019802,0.11833401845852005
860.0,0.1208308366206671
860.019801980198,0.12321986839811189
860.0396039603961,0.12549810880667203
860.059405940594,0.127662737567801
860.079207920792,0.1297111124756749
860.0990099009902,0.13164076406970784
860.1188118811881,0.1334493913640234
860.1386138613861,0.13513485843385076
860.1584158415842,0.13669519169669944
860.1782178217823,0.13812857775667509
860.1980198019802,0.13943336170452778
860.2178217821781,0.14060804578565475
860.2376237623763,0.14165128836416158
860.2574257425742,0.14256190312419725
860.2772277227723,0.1433388584602559
860.2970297029703,0.1439812770174019
860.3168316831683,0.14448843534954028
860.3366336633663,0.1448597636704386
860.3564356435643,0.14509484567772077
860.3762376237624,0.14519341843479408
860.3960396039604,0.14515537230018677
860.4158415841584,0.14498075089775198
860.4356435643565,0.14466975112500016
860.4554455445544,0.14422272320062907
860.4752475247525,0.1436401707560037
860.4950495049504,0.14292275097945684
860.5148514851486,0.14207127482617588
860.5346534653465,0.14108670731142364
860.5544554455445,0.13997016790976632
860.5742574257426,0.13872293108912737
860.5940594059406,0.13734642701534844
860.6138613861386,0.13584224247120824
860.6336633663366,0.1342121220437467
860.6534653465347,0.13245796964563777
860.6732673267327,0.13058185045077886
860.6930693069306,0.12858599334222978
860.7128712871288,0.12647279399265107
860.7326732673267,0.12424481872475772
860.7524752475248,0.12190480933380007
860.7722772277227,0.11945568909733256
860.7920792079208,0.1169005702525204
860.8118811881188,0.11424276329121782
860.8316831683168,0.11148578851294319
860.8514851485149,0.10863339039182629
860.8712871287129,0.10568955546408128
860.8910891089109,0.10265853463922353
860.9108910891089,0.09954487109644569
860.9306930693069,0.09635343526897311
860.950495049505,0.09308946887271301
860.9702970297029,0.08975864054176887
860.9900990099011,0.08636711644657258
861.009900990099,0.082921650366639
861.029702970297,0.07942969916974968
861.049504950495,0.0758995716477356
861.0693069306931,0.07234062134813725
861.0891089108911,0.06876349762624955
861.1089108910891,0.06518047383465116
861.1287128712872,0.06160587749482368
861.1485148514852,0.058056654278924105
861.1683168316831,0.054553104664711145
861.1881188118812,0.05111983626774369
861.2079207920792,0.047786968976847664
861.2277227722773,0.04459159875259468
861.2475247524752,0.041579439614749684
861.2673267326733,0.03880637296813796
861.2871287128713,0.03633928080745745
861.3069306930693,0.03425501935817559
861.3267326732673,0.03263591729234702
861.3465346534654,0.0315604162246804
861.3663366336634,0.03108935757481002
861.3861386138614,0.03125193641080485
861.4059405940594,0.032037871896825235
861.4257425742575,0.03340024441899651
861.4455445544554,0.03526732840254594
861.4653465346535,0.03755719966116032
861.4851485148515,0.04018948031275923
861.5049504950495,0.04309210947995551
861.5247524752475,0.04620385194350444
861.5445544554456,0.049474194694329274
861.5643564356436,0.05286204012894057
861.5841584158416,0.056334057831640055
861.6039603960396,0.059863114877378255
861.6237623762377,0.06342694138603215
861.6435643564356,0.06700705818251303
861.6633663366337,0.07058794010489337
861.6831683168317,0.07415637287283713
861.7029702970298,0.07770096195743689
861.7227722772277,0.08121175807325383
861.7425742574258,0.08467997113242011
861.7623762376238,0.08809775100143183
861.7821782178218,0.09145801869248121
861.8019801980198,0.09475433572379559
861.8217821782179,0.09798080248297769
861.8415841584158,0.10113197873967747
861.8613861386139,0.10420282116793984
861.8811881188119,0.10718863400762965
861.90099009901,0.11008502993514171
861.9207920792079,0.11288789891283735
861.940594059406,0.11559338330905103
861.960396039604,0.11819785797236217
861.980198019802,0.12069791423974002
862.0,0.12309034708240203
862.019801980198,0.12537214476483366
862.0396039603961,0.12754048052386216
862.059405940594,0.12959270587652622
862.079207920792,0.13152634524435755
862.0990099009902,0.13333909164365115
862.1188118811881,0.1350288032398866
862.1386138613861,0.13659350060284153
862.1584158415842,0.1380313645296588
862.1782178217823,0.13934073432761468
862.1980198019802,0.1405201064681099
862.2178217821781,0.14156813353943976
862.2376237623763,0.14248362343892457
862.2574257425742,0.14326553875602016
862.2772277227723,0.14391299630670806
862.2970297029703,0.14442526678719256
862.3168316831683,0.14480177452138981
862.3366336633663,0.14504209728207185
862.3564356435643,0.14514596617064457
862.3762376237624,0.14511326554470827
862.3960396039604,0.1449440329867695
862.4158415841584,0.1446384593112402
862.4356435643565,0.14419688861059016
862.4554455445544,0.14361981834533635
862.4752475247525,0.14290789948644864
862.4950495049504,0.14206193672295425
862.5148514851486,0.14108288875214053
862.5346534653465,0.13997186867492414
862.5544554455445,0.13873014452485957
862.5742574257426,0.13735913996632054
862.5940594059406,0.1358604352053068
862.6138613861386,0.134235768166494
862.6336633663366,0.13248703600155776
862.6534653465347,0.13061629700851787
862.6732673267327,0.12862577305945064
862.6930693069306,0.12651785265564935
862.7128712871288,0.12429509475677275
862.7326732673267,0.1219602335644026
862.7524752475248,0.11951618448348188
862.7722772277227,0.1169660515394284
862.7920792079208,0.11431313659826159
862.8118811881188,0.11156095082582453
862.8316831683168,0.10871322893719478
862.8514851485149,0.10577394693617696
862.8712871287129,0.10274734423941782
862.8910891089109,0.09963795133508761
862.9108910891089,0.09645062446361294
862.9306930693069,0.09319058925653395
862.950495049505,0.08986349586833903
862.9702970297029,0.08647548894027486
862.9900990099011,0.08303329681772931
863.009900990099,0.07954434590474486
863.029702970297,0.0760169080132571
863.049504950495,0.072460291220936
863.0693069306931,0.06888508829442828
863.0891089108911,0.06530350137518626
863.1089108910891,0.06172976749564965
863.1287128712872,0.05818071643194359
863.1485148514852,0.05467649944606387
863.1683168316831,0.05124153178533371
863.1881188118812,0.047905686486453915
863.2079207920792,0.04470574713846171
863.2277227722773,0.04168704382618705
863.2475247524752,0.03890501136427213
863.2673267326733,0.036426063865418565
863.2871287128713,0.03432666544394168
863.3069306930693,0.03268899541011662
863.3267326732673,0.03159179574707549
863.3465346534654,0.031096796494274135
863.3663366336634,0.03123459011055918
863.3861386138614,0.031996461340815435
863.4059405940594,0.03333679328897741
863.4257425742575,0.035184631530511046
863.4455445544554,0.03745828369147926
863.4653465346535,0.04007722415109417
863.4851485148515,0.042969052167582414
863.5049504950495,0.04607213805596322
863.5247524752475,0.049335595563954344
863.5445544554456,0.05271800621878694
863.5643564356436,0.05618577732370743
863.5841584158416,0.05971156720604638
863.6039603960396,0.06327294198101241
863.6237623762377,0.06685129420664979
863.6435643564356,0.07043099832854029
863.6633663366337,0.07399876115938123
863.6831683168317,0.07754312574472495
863.7029702970298,0.08105409300904406
863.7227722772277,0.08452283278063323
863.7425742574258,0.08794146232412445
863.7623762376238,0.09130287584216289
863.7821782178218,0.09460061254837912
863.8019801980198,0.09782875404595508
863.8217821782179,0.1009818440830076
863.8415841584159,0.10405482548938828
863.8613861386139,0.1070429903828481
863.8811881188119,0.10994194068360134
863.90099009901,0.1127475566836352
863.9207920792079,0.11545597194523236
863.940594059406,0.11806355319913794
863.960396039604,0.12056688421199853
863.980198019802,0.12296275281940246
864.0,0.12524814049395316
864.019801980198,0.12742021395087372
864.0396039603961,0.12947631839627355
864.059405940594,0.1314139721030129
864.0792079207921,0.13323086206158144
864.0990099009902,0.134924840502362
864.1188118811881,0.1364939221245837
864.1386138613861,0.13793628189806575
864.1584158415842,0.13925025332865362
864.1782178217823,0.1404343270981345
864.1980198019802,0.1414871500056067
864.2178217821781,0.1424075241505423
864.2376237623763,0.14319440630852134
864.2574257425742,0.143846907459828
864.2772277227723,0.144364292438597
864.2970297029703,0.1447459796766876
864.3168316831684,0.144991541022041
864.3366336633663,0.14510070161622876
864.3564356435643,0.1450733398202616
864.3762376237624,0.14490948718183566
864.3960396039604,0.144609328440938
864.4158415841584,0.1441732015746389
864.4356435643565,0.14360159788557406
864.4554455445544,0.14289516214246215
864.4752475247525,0.14205469278544364
864.4950495049504,0.14108114221322826
864.5148514851486,0.13997561717460139
864.5346534653465,0.13873937929246682
864.5544554455446,0.13737384575555345
864.5742574257426,0.13588059022117274
864.5940594059406,0.1342613439818431
864.6138613861386,0.1325179974607777
864.6336633663366,0.1306526021150029
864.6534653465347,0.12866737284284968
864.6732673267327,0.12656469101404308
864.6930693069306,0.12434710826769982
864.7128712871288,0.12201735125714493
864.7326732673267,0.11957832756328769
864.7524752475248,0.11703313305198572
864.7722772277227,0.1143850610196501
864.7920792079209,0.11163761355942067
864.8118811881188,0.10879451569384388
864.8316831683168,0.10585973296763292
864.8514851485149,0.10283749338612694
864.8712871287129,0.09973231483840513
864.8910891089109,0.09654903947714442
864.9108910891089,0.09329287697131519
864.9306930693069,0.08996945913951032
864.950495049505,0.08658490926622592
864.9702970297029,0.08314593047320683
864.9900990099011,0.07965991896221467
865.009900990099,0.07613510989544593
865.0297029702971,0.0725807663040678
865.049504950495,0.06900742491638198
865.0693069306931,0.06542721738640789
865.0891089108911,0.06185429121754203
865.1089108910891,0.0583053615696906
865.1287128712872,0.054800432194838995
865.1485148514852,0.051363728227125045
865.1683168316831,0.04802487877260068
865.1881188118812,0.044820358683041524
865.2079207920792,0.04179511828891565
865.2277227722773,0.03900414990300745
865.2475247524752,0.03651340228581084
865.2673267326734,0.03439894591458396
865.2871287128713,0.03274280226098621
865.3069306930693,0.03162399723913302
865.3267326732673,0.031105129173120947
865.3465346534654,0.031218172923481363
865.3663366336634,0.03195597733586608
865.3861386138614,0.03327423998593126
865.4059405940594,0.03510279464088278
865.4257425742575,0.03736019493827155
865.4455445544554,0.03996577550495453
865.4653465346535,0.04284679823402213
865.4851485148515,0.04594123814132891
865.5049504950496,0.04919783343709195
865.5247524752475,0.05257484216007243
865.5445544554456,0.056038406925972846
865.5643564356436,0.05956097530506285
865.5841584158416,0.06311994780918459
865.6039603960396,0.06669658748843325
865.6237623762377,0.07027516744291368
865.6435643564356,0.07384231484827215
865.6633663366337,0.07738650976338808
865.6831683168317,0.0808977028883379
865.7029702970298,0.08436702362798162
865.7227722772277,0.0877865563764331
865.7425742574258,0.09114916831129029
865.7623762376238,0.09444837616636087
865.7821782178218,0.09767824261568211
865.8019801980198,0.10083329526459385
865.8217821782179,0.10390846299569242
865.8415841584159,0.1068990257157907
865.8613861386139,0.10980057451143345
865.8811881188118,0.1126089799358901
865.90099009901,0.11532036668448539
865.9207920792079,0.11793109331543525
865.940594059406,0.12043773597564118
865.960396039604,0.1228370753201671
865.9801980198021,0.12512608598882954
866.0,0.127301928137886
866.0198019801979,0.1293619406283907
866.0396039603961,0.13130363555341767
866.059405940594,0.13312469384928474
866.0792079207921,0.1348229617855882
866.0990099009902,0.13639644816785876
866.1188118811881,0.1378433221178844
866.1386138613861,0.1391619113217399
866.1584158415841,0.1403507006555848
866.1782178217823,0.1414083311156458
866.1980198019802,0.14233359899208634
866.2178217821782,0.14312545523739936
866.2376237623763,0.1437830049892077
866.2574257425742,0.14430550721479132
866.2772277227723,0.14469237445137556
866.2970297029702,0.14494317262165834
866.3168316831684,0.14505762090917618
866.3366336633663,0.14503559168230584
866.3564356435643,0.14487711046002988
866.3762376237624,0.14458235591616753
866.3960396039604,0.14415165992282836
866.4158415841584,0.14358550763730044
866.4356435643564,0.1428845376407924
866.4554455445545,0.14204954214136686
866.4752475247525,0.14108146725814236
866.4950495049504,0.13998141340890805
866.5148514851486,0.13875063582917568
866.5346534653465,0.13739054525749383
866.5544554455446,0.1359027088300635
866.5742574257425,0.13428885123714068
866.5940594059406,0.13255085620555623
866.6138613861386,0.13069076838576246
866.6336633663366,0.12871079573920186
866.6534653465347,0.12661331254342317
866.6732673267327,0.12440086315906809
866.6930693069307,0.12207616673617162
866.7128712871287,0.11964212307979245
866.7326732673267,0.11710181994794788
866.7524752475248,0.11445854212319981
866.7722772277227,0.11171578268642135
866.7920792079209,0.10887725703369619
866.8118811881188,0.10594692032331596
866.8316831683168,0.10292898923028755
866.8514851485148,0.09982796913573963
866.8712871287129,0.09664868820873873
866.8910891089109,0.09339634027648328
866.9108910891089,0.09007653896403346
866.930693069307,0.08669538636981335
866.950495049505,0.08325956060018334
866.9702970297029,0.07977642791312695
866.990099009901,0.0762541871472427
867.009900990099,0.07270205670500363
867.0297029702971,0.06913051781906518
867.049504950495,0.06555163236906025
867.0693069306931,0.06197945927447437
867.0891089108911,0.05843060033811412
867.1089108910891,0.054924913479006465
867.1287128712871,0.051486435934253894
867.1485148514852,0.0481445557500468
867.1683168316832,0.044935442613589394
867.1881188118812,0.04190367121693935
867.2079207920792,0.039103795412734836
867.2277227722773,0.036601301150351234
867.2475247524752,0.03447186386455572
867.2673267326733,0.032797338962285934
867.2871287128713,0.031657020151184566
867.3069306930693,0.031114353857718505
867.3267326732673,0.031202682213125082
867.3465346534654,0.031916416357329454
867.3663366336634,0.033212579862462586
867.3861386138614,0.035021811739072255
867.4059405940594,0.037262925996706164
867.4257425742575,0.03985512566093592
867.4455445544554,0.042725337854072544
867.4653465346535,0.04581114148543292
867.4851485148515,0.0490608969180563
867.5049504950496,0.052432536050767704
867.5247524752475,0.055891934370685424
867.5445544554455,0.05941132665116699
867.5643564356436,0.06296794617757454
867.5841584158416,0.06654292523220272
867.6039603960396,0.07012043460264522
867.6237623762377,0.07368702108703803
867.6435643564357,0.07723110118886259
867.6633663366337,0.08074257494382789
867.6831683168316,0.08421253098964665
867.7029702970298,0.08763302057811069
867.7227722772277,0.09099688364400817
867.7425742574258,0.09429761426422807
867.7623762376238,0.09752925603761532
867.7821782178218,0.1006863203043401
867.8019801980198,0.1037637218958203
867.8217821782177,0.10675672841839952
867.8415841584159,0.10966092004682804
867.8613861386139,0.1124721575267573
867.8811881188119,0.11518655662519597
867.90099009901,0.11780046767268554
867.9207920792079,0.12031045914658148
867.940594059406,0.12271330447613163
867.9603960396039,0.1250059714270894
867.9801980198021,0.12718561355902344
868.0,0.12924956335348844
868.0198019801979,0.13119532669225906
868.0396039603961,0.13302057842880005
868.059405940594,0.13472315884587477
868.0792079207921,0.13630107083179968
868.09900990099,0.13775247763925688
868.1188118811882,0.139075701115854
868.1386138613861,0.14026922031578237
868.1584158415841,0.14133167041831285
868.1782178217823,0.14226184189246258
868.1980198019802,0.14305867985808707
868.2178217821782,0.14372128360276334
868.2376237623762,0.144248906221758
868.2574257425742,0.1446409543546831
868.2772277227723,0.14489698799821238
868.2970297029702,0.14501672037921792
868.3168316831684,0.14500001787700173
868.3366336633663,0.1448468999875232
868.3564356435644,0.14455753932631374
868.3762376237623,0.1441322616705031
868.3960396039604,0.14357154604421093
868.4158415841584,0.14287602485539508
868.4356435643564,0.14204648409648704
868.4554455445545,0.14108386362557893
868.4752475247525,0.13998925755016917
868.4950495049504,0.13876391474123556
868.5148514851485,0.1374092395121669
868.5346534653465,0.13592679250527306
868.5544554455446,0.1343182918379502
868.5742574257425,0.1325856145723651
868.5940594059407,0.13073079858638928
868.6138613861386,0.12875604494102263
868.6336633663366,0.12666372086060565
868.6534653465346,0.1244563634689282
868.6732673267327,0.12213668445732624
868.6930693069307,0.11970757590270822
868.7128712871287,0.11717211750651928
868.7326732673267,0.11453358559278848
868.7524752475248,0.11179546429010577
868.7722772277227,0.10896145943355676
868.7920792079208,0.10603551586717413
868.8118811881188,0.10302183901591529
868.8316831683169,0.09992492184338962
868.8514851485148,0.09674957863833487
868.8712871287129,0.0935009875058733
868.8910891089109,0.09018474401856579
868.9108910891089,0.08680692925777489
868.9306930693069,0.08337419652054827
868.950495049505,0.07989388237662305
868.9702970297029,0.07637414966317331
868.990099009901,0.07282417256638268
869.009900990099,0.06925437735846625
869.0297029702971,0.06567675684725881
869.049504950495,0.06210528229892333
869.0693069306931,0.058556443397953926
869.0891089108911,0.055049953879394334
869.1089108910891,0.05160966526146461
869.1287128712871,0.04826472735159502
869.1485148514852,0.04505100818485697
869.1683168316832,0.04201271086735033
869.1881188118812,0.039203954786945786
869.2079207920792,0.036689765632634576
869.2277227722773,0.03454542250717969
869.2475247524752,0.032852606770954265
869.2673267326733,0.03169086408339987
869.2871287128713,0.031124468946173763
869.3069306930694,0.0311881154944027
869.3267326732673,0.03187777503203851
869.3465346534654,0.033151808420490925
869.3663366336634,0.034941676972845594
869.3861386138614,0.03716646959327407
869.4059405940594,0.039745266024925105
869.4257425742575,0.0426046613113934
869.4455445544554,0.04568183747555019
869.4653465346535,0.048924774708250136
869.4851485148515,0.05229107608431615
869.5049504950496,0.05574634748606654
869.5247524752475,0.05926260881918397
869.5445544554456,0.06281692449443385
869.5643564356436,0.06639029474740976
869.5841584158416,0.06996678707181203
869.6039603960396,0.07353286713729794
869.6237623762377,0.07707688731543827
869.6435643564357,0.08058869653191163
869.6633663366337,0.0840593423093161
869.6831683168316,0.08748084248220234
869.7029702970298,0.09084600952236527
869.7227722772277,0.09414831467093093
869.7425742574258,0.09738178230401182
869.7623762376238,0.10054090737319372
869.7821782178219,0.10362059055386018
869.8019801980198,0.10661608706158264
869.8217821782177,0.10952296608061127
869.8415841584159,0.11233707847954488
869.8613861386139,0.11505453103519528
869.8811881188119,0.11767166579490558
869.90099009901,0.12018504351622544
869.9207920792079,0.12259143035693591
869.940594059406,0.12488778716707126
869.9603960396039,0.1270712608714657
869.9801980198021,0.129139177537308
870.0,0.13108903680324607
870.019801980198,0.13291850741086764
870.0396039603961,0.1346254236296984
870.059405940594,0.13620778240695092
870.0792079207921,0.1376637411047825
870.09900990099,0.13899161571331095
870.1188118811882,0.14018987944799266
870.1386138613861,0.14125716165670613
870.1584158415841,0.1421922469751492
870.1782178217823,0.14299407468055564
870.1980198019802,0.1436617382027145
870.2178217821782,0.1441944847593293
870.2376237623762,0.1445917150890357
870.2574257425744,0.14485298326130638
870.2772277227723,0.1449779965473194
870.2970297029702,0.1449666153404425
870.3168316831684,0.14481885311893283
870.3366336633663,0.14453487644747773
870.3564356435644,0.14411500501782398
870.3762376237623,0.14355971173265802
870.3960396039604,0.14286962284057927
870.4158415841584,0.14204551813440144
870.4356435643564,0.14108833122932984
870.4554455445545,0.13999914994288165
870.4752475247525,0.138779216803932
870.4950495049505,0.1374299297253347
870.5148514851485,0.13595284288228632
870.5346534653465,0.13434966784836339
870.5544554455446,0.13262227505230856
870.5742574257425,0.13077269563305655
870.5940594059407,0.12880312378715372
870.6138613861386,0.12671591972428087
870.6336633663366,0.12451361337262984
870.6534653465346,0.12219890900894269
870.6732673267327,0.11977469102928358
870.6930693069307,0.11724403112935851
870.7128712871287,0.11461019722949231
870.7326732673268,0.11187666456548233
870.7524752475248,0.10904712947639865
870.7722772277227,0.10612552656357876
870.7920792079208,0.10311605008156977
870.8118811881188,0.10002318066619276
870.8316831683169,0.09685171882823194
870.8514851485148,0.09360682706939806
870.8712871287129,0.0902940830494694
870.8910891089109,0.08691954700011204
870.9108910891089,0.0834898476129204
870.9306930693069,0.08001229202204116
870.950495049505,0.07649500738148254
870.970297029703,0.07294712406823003
870.990099009901,0.06937901392186731
871.009900990099,0.06580260137082014
871.0297029702971,0.062231770944200064
871.049504950495,0.05868290142707479
871.0693069306931,0.0551755639920417
871.0891089108911,0.05173342657930503
871.1089108910891,0.04838540353012454
871.1287128712871,0.04516706468077837
871.1485148514852,0.04212224554152621
871.1683168316832,0.03930463498482629
871.1881188118812,0.0367788009980504
871.2079207920792,0.03461962517400503
871.2277227722773,0.032908607082626856
871.2475247524752,0.031725528784870116
871.2673267326733,0.031135472987421895
871.2871287128713,0.03117447043275707
871.3069306930694,0.03184005013741283
871.3267326732673,0.03309192131042591
871.3465346534654,0.03486238463129971
871.3663366336634,0.03707081858453986
871.3861386138614,0.03963618812052468
871.4059405940594,0.042484758996649497
871.4257425742575,0.04555331559816909
871.4455445544555,0.04878945560377426
871.4653465346535,0.05215045054706198
871.4851485148515,0.05560163419368143
871.5049504950496,0.05911480947924625
871.5247524752475,0.06266687026647845
871.5445544554456,0.06623868344580837
871.5643564356436,0.06981421222118621
871.5841584158416,0.07337984037201023
871.6039603960396,0.07692385555355769
871.6237623762377,0.08043605512998322
871.6435643564357,0.08390744515652519
871.6633663366337,0.08733000977234791
871.6831683168317,0.0906965337637096
871.7029702970298,0.09400046535522544
871.7227722772277,0.09723580955139344
871.7425742574258,0.10039704479062393
871.7623762376238,0.1034790574864875
871.7821782178219,0.106477090372783
871.8019801980198,0.10938670156390318
871.8217821782177,0.11220373198138688
871.8415841584159,0.11492427934953521
871.8613861386139,0.11754467737648674
871.8811881188119,0.12006147904933001
871.90099009901,0.12247144320833948
871.920792079208,0.12477152374581968
871.940594059406,0.12695886091341874
871.9603960396039,0.1290307743287924
871.9801980198021,0.13098475735528384
872.0,0.132818472593165
872.019801980198,0.13452974827198655
872.0396039603961,0.13611657537365868
872.059405940594,0.13757710534801637
872.0792079207921,0.1389096483082449
872.09900990099,0.14011267161400193
872.1188118811882,0.14118479876694173
872.1386138613861,0.14212480855688284
872.1584158415841,0.14293163440809536
872.1782178217823,0.14360436388444864
872.1980198019802,0.1441422383201429
872.2178217821782,0.1445446525490958
872.2376237623762,0.14481115471196965
872.2574257425744,0.1449414461248681
872.2772277227723,0.14493538119795682
872.2970297029702,0.14479296739668587
872.3168316831684,0.14451436524193853
872.3366336633663,0.14409988834929344
872.3564356435644,0.14355000351132585
872.3762376237623,0.14286533083073683
872.3960396039604,0.14204664391632232
872.4158415841584,0.14109487015816738
872.4356435643564,0.14001109110367146
872.4554455445545,0.13879654296165841
872.4752475247525,0.137452617268623
872.4950495049505,0.1359808617590669
872.5148514851485,0.13438298149131084
872.5346534653465,0.13266084029157388
872.5544554455446,0.13081646259301805
872.5742574257425,0.12885203576336246
872.5940594059407,0.1267699130357538
872.6138613861386,0.12457261718360846
872.6336633663366,0.12226284511276544
872.6534653465346,0.11984347358534107
872.6732673267327,0.11731756634164762
872.6930693069307,0.11468838295272424
872.7128712871287,0.11195938982056233
872.7326732673268,0.10913427385267783
872.7524752475248,0.10621695947873559
872.7722772277227,0.1032116298618654
872.7920792079208,0.1001227533990851
872.8118811881188,0.09695511692476147
872.8316831683169,0.09371386745481253
872.8514851485148,0.09040456487467627
872.8712871287129,0.08703324873199304
872.8910891089109,0.08360652331463875
872.9108910891089,0.08013166657099144
872.9306930693069,0.07661677028630161
872.950495049505,0.0730709214301755
872.970297029703,0.06950443793016046
872.990099009901,0.06592917651759937
873.009900990099,0.062358935886810865
873.0297029702971,0.05880998512287131
873.049504950495,0.05530175443049492
873.0693069306931,0.05185773027637236
873.0891089108911,0.04850659426060202
873.1089108910891,0.04528362141619942
873.1287128712871,0.04223228358638997
873.1485148514852,0.03940584303190077
873.1683168316832,0.03686841260382075
873.1881188118812,0.0346944753143035
873.2079207920792,0.032965341430793334
873.2277227722773,0.03176101415273476
873.2475247524752,0.031147364680448323
873.2673267326733,0.031161744843321956
873.2871287128713,0.031803238600680496
873.3069306930694,0.03303291433030498
873.3267326732673,0.03478392914391997
873.3465346534653,0.03697596595590836
873.3663366336634,0.03952788358747884
873.3861386138614,0.042365621405591164
873.4059405940594,0.0454255654368842
873.4257425742575,0.04865492849303722
873.4455445544555,0.052010647815756865
873.4653465346535,0.05545778250577672
873.4851485148514,0.058967916394119406
873.5049504950496,0.06251777109610805
873.5247524752475,0.06608807883875087
873.5445544554456,0.06966269752546579
873.5643564356436,0.07322792827272182
873.5841584158416,0.07677199342704458
873.6039603960396,0.0802846383337024
873.6237623762376,0.0837568272239268
873.6435643564357,0.08718051026015725
873.6633663366337,0.09054844431804662
873.6831683168317,0.09385405442317632
873.7029702970298,0.09709132605802673
873.7227722772277,0.10025472102212075
873.7425742574258,0.10333911136056147
873.7623762376237,0.10633972723359324
873.7821782178219,0.10925211560573757
873.8019801980198,0.11207210738095932
873.8217821782177,0.11479579116821018
873.8415841584159,0.1174194922799759
873.8613861386139,0.11993975588184093
873.8811881188119,0.12235333345014061
873.9009900990098,0.12465717187704219
873.920792079208,0.12684840470221748
873.940594059406,0.12892434505824474
873.9603960396039,0.1308824800006066
873.9801980198021,0.13272046595853224
874.0,0.13443612509448002
874.019801980198,0.13602744240046113
874.039603960396,0.13749256339185761
874.059405940594,0.13882979228514644
874.0792079207921,0.14003759056671553
874.09900990099,0.1411145758768142
874.1188118811882,0.14205952114644085
874.1386138613861,0.14287135393616548
874.1584158415842,0.1435491559354475
874.1782178217821,0.1440921625886508
874.1980198019802,0.14449976282081683
874.2178217821782,0.14477149884184773
874.2376237623762,0.1449070660129424
874.2574257425744,0.14490631276341978
874.2772277227723,0.14476924055041737
874.2970297029702,0.14449600385766928
874.3168316831683,0.14408691023335551
874.3366336633663,0.1435424203708618
874.3564356435644,0.1428631482400729
874.3762376237623,0.14204986128094677
874.3960396039605,0.14110348067579034
874.4158415841584,0.14002508172136338
874.4356435643564,0.1388158943280511
874.4554455445544,0.13747730367978622
874.4752475247525,0.13601085109634295
874.4950495049505,0.13441823514898946
874.5148514851485,0.13270131309188116
874.5346534653465,0.13086210268518697
874.5544554455446,0.12890278450300097
874.5742574257425,0.12682570483965613
874.5940594059406,0.1246333793541965
874.6138613861386,0.12232849762484505
874.6336633663367,0.11991392882619935
874.6534653465346,0.11739272879317421
874.6732673267327,0.11476814880140376
874.6930693069307,0.1120436464776188
874.7128712871287,0.1092228993617069
874.7326732673267,0.10630982178211439
874.7524752475248,0.1033085858889574
874.7722772277227,0.10022364792868407
874.7920792079208,0.09705978115995362
874.8118811881188,0.09382211722946507
874.8316831683169,0.09051619838547868
874.8514851485148,0.08714804365566077
874.8712871287129,0.08372423312378811
874.8910891089109,0.08025201579943254
874.9108910891089,0.07673944840975472
874.9306930693069,0.07319557491363123
874.950495049505,0.0696306598400765
874.970297029703,0.06605649289577928
874.990099009901,0.06248678782883298
875.0099009900989,0.058937705204586015
875.0297029702971,0.05542853582814294
875.049504950495,0.05198258676149803
875.0693069306931,0.04862830954210998
875.0891089108911,0.045400687738546594
875.1089108910892,0.04234283339564581
875.1287128712871,0.039507586020713165
875.1485148514851,0.036958605899024784
875.1683168316832,0.034769976494558354
875.1881188118812,0.03302281148606308
875.2079207920792,0.03179732023136107
875.2277227722773,0.031160142873496038
875.2475247524752,0.03114993669021504
875.2673267326733,0.03176733749813637
875.2871287128712,0.032974783425010375
875.3069306930694,0.03470630507966583
875.3267326732673,0.036881904820503575
875.3465346534654,0.03942034418023095
875.3663366336634,0.04224723913725754
875.3861386138614,0.04529857667025213
875.4059405940594,0.048521182354423
875.4257425742574,0.05187165635504898
875.4455445544555,0.055314780522700606
875.4653465346535,0.05882191741655578
875.4851485148514,0.06236961467878906
875.5049504950496,0.06593846853445007
875.5247524752475,0.06951223056058665
875.5445544554456,0.07307711842687048
875.5643564356435,0.07662128857048064
875.5841584158417,0.08013443385436567
875.6039603960396,0.08360747632474244
875.6237623762376,0.0870323318826075
875.6435643564357,0.09040172926553644
875.6633663366337,0.09370907011558278
875.6831683168317,0.09694832024142076
875.7029702970297,0.1001139246767805
875.7227722772277,0.10320074099073065
875.7425742574258,0.10620398667739443
875.7623762376237,0.10911919747079796
875.7821782178219,0.11194219418622844
875.8019801980198,0.11466905625396753
875.8217821782179,0.1172961005339723
875.8415841584158,0.11981986431884517
875.8613861386139,0.12223709167415411
875.8811881188119,0.12454472244916004
875.9009900990098,0.12673988343239015
875.920792079208,0.1288198812354515
875.940594059406,0.13078219657304663
875.9603960396039,0.13262447967328142
875.980198019802,0.13434454660404244
876.0,0.1359403763425104
876.019801980198,0.1374101084470978
876.039603960396,0.1387520412174345
876.0594059405942,0.1399646302488177
876.0792079207921,0.14104648730453057
876.09900990099,0.1419963794434213
876.1188118811881,0.1428132283512839
876.1386138613861,0.14349610983425237
876.1584158415842,0.1440442534401473
876.1782178217821,0.14445704218060382
876.1980198019802,0.14473401233240024
876.2178217821782,0.14487485330160607
876.2376237623762,0.14487940753865527
876.2574257425742,0.14474767049646922
876.2772277227723,0.14447979062786223
876.2970297029703,0.14407606942201584
876.3168316831683,0.14353696148363831
876.3366336633663,0.1428630746624403
876.3564356435644,0.14205517024436043
876.3762376237623,0.1411141632208191
876.3960396039604,0.14004112265701166
876.4158415841584,0.13883727218611042
876.4356435643564,0.1375039906628842
876.4554455445544,0.13604281301792157
876.4752475247525,0.13445543136324775
876.4950495049505,0.13274369641098321
876.5148514851485,0.13090961928070965
876.5346534653465,0.12895537378767033
876.5544554455446,0.126883299324706
876.5742574257425,0.12469590447647645
876.5940594059406,0.12239587153648647
876.6138613861386,0.11998606213780964
876.6336633663367,0.11746952425944843
876.6534653465346,0.11484950093514791
876.6732673267327,0.11212944107442484
876.6930693069307,0.10931301291297874
876.7128712871287,0.10640412074790404
876.7326732673267,0.10340692579407672
876.7524752475248,0.10032587223492483
876.7722772277228,0.09716571985324812
876.7920792079208,0.0939315850420964
876.8118811881188,0.09062899254843093
876.8316831683169,0.08726394104238995
876.8514851485148,0.08384298660117594
876.8712871287129,0.08037334953977136
876.8910891089109,0.07686305183415743
876.9108910891089,0.07332109482409287
876.9306930693069,0.0697576901465181
876.950495049505,0.06618456114626287
876.970297029703,0.06261533750024614
876.990099009901,0.05906607241569081
877.009900990099,0.05555591884054531
877.0297029702971,0.052108006466010263
877.049504950495,0.048750559399878095
877.0693069306931,0.04551827302959488
877.0891089108911,0.04245390341109909
877.1089108910892,0.039609871111594315
877.1287128712871,0.037049386424735604
877.1485148514851,0.034846132398105974
877.1683168316832,0.033081019055427915
877.1881188118812,0.031834447211594806
877.2079207920792,0.031173806563371566
877.2277227722773,0.031139044085850737
877.2475247524753,0.03173234405443943
877.2673267326733,0.03291752468558723
877.2871287128712,0.034629507146148666
877.3069306930694,0.03678862841805406
877.3267326732673,0.039313561766450796
877.3465346534654,0.04212960289218843
877.3663366336634,0.045172339069713074
877.3861386138614,0.048388206253998624
877.4059405940594,0.05173346471499029
877.4257425742574,0.05517261643030809
877.4455445544555,0.058676800486624145
877.4653465346535,0.06222238880030394
877.4851485148515,0.06578984023529603
877.5049504950496,0.06936279900100668
877.5247524752475,0.07292739852510932
877.5445544554456,0.0764717287264921
877.5643564356435,0.07998542951627605
877.5841584158417,0.08345938039009636
877.6039603960396,0.08688546269948307
877.6237623762376,0.090256376813904
877.6435643564357,0.09356550080552972
877.6633663366337,0.09680678065588261
877.6831683168317,0.09997464450490985
877.7029702970297,0.10306393533706674
877.7227722772278,0.10606985788706648
877.7425742574258,0.10898793657714018
877.7623762376237,0.1118139820622417
877.7821782178219,0.11454406453018467
877.8019801980198,0.11717449233102921
877.8217821782179,0.11970179483252649
877.8415841584158,0.12212270864224072
877.8613861386139,0.12443416652338479
877.8811881188119,0.12663328847381447
877.9009900990098,0.12871737454789808
877.920792079208,0.13068389908631414
877.940594059406,0.13253050608554454
877.960396039604,0.13425500549111205
877.980198019802,0.13585537024005767
878.0,0.13732973391096406
878.019801980198,0.13867638886610945
878.039603960396,0.13989378479148612
878.0594059405942,0.14098052755749194
878.0792079207921,0.1419353783371361
878.09900990099,0.142757252929954
878.1188118811881,0.1434452212494716
878.1386138613861,0.143998506939879
878.1584158415842,0.14441648709446958
878.1782178217821,0.1446986920541379
878.1980198019803,0.14484480526922736
878.2178217821782,0.14485466321283316
878.2376237623762,0.14472825533735942
878.2574257425742,0.14446572407054817
878.2772277227723,0.14406736485053676
878.2970297029703,0.14353362620349341
878.3168316831683,0.14286510987119322
878.3366336633663,0.14206257099993372
878.3564356435644,0.1411269184067776
878.3762376237623,0.14005921494403017
878.3960396039604,0.13886067798844814
878.4158415841584,0.13753268008859745
878.4356435643565,0.1360767498110785
878.4554455445544,0.1344945728360392
878.4752475247525,0.132787993363224
878.4950495049505,0.13095901590360084
878.5148514851485,0.12900980754794583
878.5346534653465,0.12694270082452533
878.5544554455446,0.12476019728319732
878.5742574257425,0.1224649719751865
878.5940594059406,0.120059879037653
878.6138613861386,0.1175479586428085
878.6336633663367,0.11493244563549339
878.6534653465346,0.11221678026558544
878.6732673267327,0.10940462152753605
878.6930693069307,0.10649986375644195
878.7128712871287,0.10350665730906729
878.7326732673267,0.10042943439267055
878.7524752475248,0.09727294141317916
878.7722772277228,0.09404227962457308
878.7920792079208,0.09074295640715085
878.8118811881188,0.08738095023438269
878.8316831683169,0.08396279337232805
878.8514851485148,0.08049567768290344
878.8712871287129,0.07698759069413344
878.8910891089109,0.07344749151325727
878.910891089109,0.06988553938477443
878.9306930693069,0.06631339194492081
878.950495049505,0.06274459566130122
878.970297029703,0.05919509752623827
878.990099009901,0.055683914147711
879.009900990099,0.05223399984589606
879.0297029702971,0.048873353887295044
879.049504950495,0.04563638670716767
879.0693069306931,0.04256550212392183
879.0891089108911,0.03971270553337522
879.1089108910892,0.03714075981417353
879.1287128712871,0.034922946824717686
879.1485148514852,0.03313996608161675
879.1683168316832,0.031872395430056426
879.1881188118812,0.031188354894786392
879.2079207920792,0.03112906529025923
879.2277227722773,0.031698255641975925
879.2475247524753,0.032861134348533445
879.2673267326733,0.034553530188810924
879.2871287128712,0.03669613011383355
879.3069306930694,0.0392075283256673
879.3267326732673,0.0420127034706763
879.3465346534654,0.045046842497550074
879.3663366336634,0.04825598934320434
879.3861386138615,0.05159606152864248
879.4059405940594,0.05503127849742085
879.4257425742574,0.058532553629096054
879.4455445544555,0.06207608133413316
879.4653465346535,0.065642181735186
879.4851485148515,0.06921439061705224
879.5049504950496,0.07277875635866507
879.5247524752475,0.07632330174316655
879.5445544554456,0.07983761325413971
879.5643564356435,0.08331252746648175
879.5841584158417,0.08673989089084451
879.6039603960396,0.09011237529599728
879.6237623762377,0.09342333499590683
879.6435643564357,0.09666669599013665
879.6633663366337,0.09983686939563516
879.6831683168317,0.10292868350275289
879.7029702970297,0.10593733019270479
879.7227722772278,0.10885832249397488
879.7425742574258,0.11168746082898096
879.7623762376237,0.11442080607871366
879.7821782178219,0.11705465802558475
879.8019801980198,0.11958553806013965
879.8217821782179,0.12201017528435729
879.8415841584158,0.12432549533185921
879.861386138614,0.12652861136992485
879.8811881188119,0.1286168168590492
879.9009900990098,0.1305875797322742
879.920792079208,0.13243853772364553
879.940594059406,0.13416749462813707
879.960396039604,0.13577241731699227
879.980198019802,0.1372514333657252
880.0,0.13860282917839709
880.019801980198,0.13982504851312644
880.039603960396,0.14091669133112372
880.0594059405942,0.14187651290549178
880.0792079207921,0.1427034231376579
880.0990099009902,0.14339648603886282
880.1188118811881,0.14395491934217441
880.1386138613861,0.1443780942172598
880.1584158415842,0.14466553506594484
880.1782178217821,0.14481691938188598
880.1980198019803,0.1448320776619595
880.2178217821782,0.14471099336136206
880.2376237623762,0.14445380288819687
880.2574257425742,0.14406079563713914
880.2772277227723,0.14353241406552938
880.2970297029703,0.1428692538190436
880.3168316831683,0.14207206391832497
880.3366336633665,0.1411417470222031
880.3564356435644,0.14007935978831795
880.3762376237623,0.1388861133574543
880.3960396039604,0.13756337399453858
880.4158415841584,0.13611266392694174
880.4356435643565,0.1345356624299177
880.4554455445544,0.1328342072200978
880.4752475247525,0.13101029623139165
880.4950495049505,0.12906608986410772
880.5148514851485,0.1270039138184374
880.5346534653465,0.12482626264861978
880.5544554455446,0.12253580420565463
880.5742574257426,0.1201353851759656
880.5940594059406,0.11762803797360324
880.6138613861386,0.11501698930710488
880.6336633663367,0.11230567082384114
880.6534653465346,0.10949773233942339
880.6732673267327,0.10659705829572336
880.6930693069307,0.10360778826796727
880.7128712871287,0.10053434257333137
880.7326732673267,0.09738145433909928
880.7524752475248,0.09415420979372831
880.7722772277228,0.09085809908424206
880.7920792079208,0.08749908064674944
880.8118811881188,0.08408366312957229
880.8316831683169,0.08061901018035703
880.8514851485148,0.0771130751788105
880.8712871287129,0.07357477538132617
880.8910891089109,0.07001421813286432
880.910891089109,0.06644299600498753
880.9306930693069,0.06287457310487062
880.9504950495049,0.059324791335206954
880.970297029703,0.05581253245644684
880.990099009901,0.05236057738405077
881.009900990099,0.048996703087987564
881.0297029702971,0.04575503822692387
881.0495049504951,0.042677638076053105
881.0693069306931,0.03981609658420022
881.089108910891,0.03723273179293447
881.1089108910892,0.03500042369036966
881.1287128712871,0.0331996546425398
881.1485148514852,0.03191116536848834
881.1683168316832,0.03120378715974283
881.1881188118812,0.031119998710551818
881.2079207920792,0.031665069780250965
881.2277227722772,0.032805608795203556
881.2475247524753,0.03447836919021247
881.2673267326733,0.03660440339768524
881.2871287128713,0.039102235947910985
881.3069306930694,0.041896531771052736
881.3267326732673,0.044922076904880606
881.3465346534654,0.048124520856613215
881.3663366336633,0.05145943550958608
881.3861386138615,0.05489075507329717
881.4059405940594,0.05838916495086279
881.4257425742574,0.061930680238819785
881.4455445544555,0.06549548091689618
881.4653465346535,0.0690669932723043
881.4851485148515,0.07263117981669281
881.5049504950495,0.07617599557142306
881.5247524752476,0.07969097311047475
881.5445544554456,0.08316690571321372
881.5643564356435,0.08659560475451078
881.5841584158417,0.08996971316728267
881.6039603960396,0.09328256131698816
881.6237623762377,0.09652805506492355
881.6435643564356,0.09970058837457622
881.6633663366337,0.10279497473180561
881.6831683168317,0.10580639306940318
881.7029702970297,0.10873034493951017
881.7227722772278,0.11156262045921005
881.7425742574258,0.11429927113786624
881.7623762376238,0.1169365881319479
881.7821782178218,0.11947108480210869
881.8019801980198,0.12189948269668313
881.8217821782179,0.12421870027581154
881.8415841584158,0.12642584383590644
881.861386138614,0.12851820020661808
881.8811881188119,0.13049323087935497
881.9009900990098,0.13234856729455768
881.9207920792079,0.13408200706809303
881.940594059406,0.13569151097939017
881.960396039604,0.13717520057732238
881.980198019802,0.1385313562864752
882.0000000000001,0.13975841591816607
882.019801980198,0.1408549735077388
882.039603960396,0.14181977841394441
882.059405940594,0.14265173462785374
882.0792079207921,0.14334990024838798
882.0990099009902,0.1439134870896398
882.1188118811881,0.14434186039190547
882.1386138613861,0.14463453861443398
882.1584158415842,0.14479119329277712
882.1782178217821,0.14481164894836937
882.1980198019802,0.14469588304207784
882.2178217821782,0.14444402596741693
882.2376237623762,0.14405636108277345
882.2574257425742,0.14353332478595818
882.2772277227723,0.14287550663801965
882.2970297029703,0.14208364954749286
882.3168316831683,0.1411586500306896
882.3366336633663,0.14010155856846343
882.3564356435644,0.13891358008560561
882.3762376237623,0.13759607458560125
882.3960396039604,0.1361505579809439
882.4158415841584,0.1345787031685685
882.4356435643565,0.1328823414108606
882.4554455445544,0.13106346409583494
882.4752475247524,0.12912422496693
882.4950495049505,0.1270669429323607
882.5148514851485,0.1248941055895212
882.5346534653465,0.12260837363083225
882.5544554455446,0.1202125863367481
882.5742574257426,0.11770976841138542
882.5940594059406,0.11510313847911526
882.6138613861385,0.11239611964144719
882.6336633663367,0.10959235259708061
882.6534653465346,0.10669571196291427
882.6732673267327,0.10371032660856505
882.6930693069307,0.10064060504656941
882.7128712871287,0.0974912672229299
882.7326732673267,0.09426738445315491
882.7524752475247,0.09097442978318042
882.7722772277228,0.0876183417694659
882.7920792079208,0.08420560563402586
882.8118811881188,0.08074335704636479
882.8316831683169,0.07723951553395281
882.8514851485148,0.07370295687920836
882.8712871287129,0.07014373701378634
882.8910891089108,0.06657338407933235
882.910891089109,0.06300528065879947
882.9306930693069,0.05945516467286808
882.9504950495049,0.055941784502690765
882.970297029703,0.05248774959252645
882.990099009901,0.04912061711783757
883.009900990099,0.04587423708409838
883.029702970297,0.04279031986151044
883.0495049504951,0.039920051632395405
883.0693069306931,0.03732530817923617
883.089108910891,0.0350785670269662
883.1089108910892,0.033260086950709526
883.1287128712871,0.03195075765316783
883.1485148514852,0.03122010279697924
883.1683168316831,0.031111842900331258
883.1881188118812,0.03163278413538269
883.2079207920792,0.032750944551251
883.2277227722772,0.03440401926934909
883.2475247524753,0.03651344188307591
883.2673267326733,0.038997676832402364
883.2871287128713,0.04178107878804678
883.3069306930693,0.04479803232964356
883.3267326732673,0.047993790109724446
883.3465346534654,0.051323575449594344
883.3663366336633,0.054751034585115016
883.3861386138615,0.05824662263835883
883.4059405940594,0.06178617355536044
883.4257425742574,0.06534972574943357
883.4455445544554,0.06892059492094467
883.4653465346535,0.07248465688370265
883.4851485148515,0.07602979826246241
883.5049504950495,0.07954549723309476
883.5247524752476,0.08302250339992119
883.5445544554456,0.0864525927036168
883.5643564356435,0.08982837900344197
883.5841584158416,0.09314316852407005
883.6039603960396,0.0963908468306442
883.6237623762377,0.09956579060158503
883.6435643564356,0.10266279840680634
883.6633663366337,0.10567703613502602
883.6831683168317,0.10860399377877727
883.7029702970297,0.1114394510764045
883.7227722772277,0.11417945010030982
883.7425742574258,0.11682027332233035
883.7623762376238,0.11935842602004296
883.7821782178218,0.12179062213973403
883.8019801980198,0.12411377292374426
883.8217821782179,0.12632497775699303
883.8415841584158,0.1284215168009082
883.8613861386139,0.1304008450709322
883.8811881188119,0.13226058768233462
883.9009900990098,0.13399853604299977
883.9207920792079,0.13561264481416427
883.940594059406,0.13710102949406922
883.960396039604,0.1384619645062389
883.980198019802,0.13969388169588434
884.0,0.14079536915543342
884.019801980198,0.141765170314454
884.039603960396,0.14260218324105486
884.059405940594,0.14330546011141096
884.0792079207921,0.14387420681235144
884.0990099009902,0.14430778264874292
884.1188118811881,0.14460570013329946
884.1386138613861,0.14476762484168654
884.1584158415842,0.1447933753202574
884.1782178217821,0.14468292303806185
884.1980198019802,0.1444363923786532
884.2178217821782,0.14405406067090457
884.2376237623763,0.14353635826200403
884.2574257425742,0.1428838686393962
884.2772277227723,0.14209732861272006
884.2970297029703,0.14117762857105837
884.3168316831683,0.14012581283593467
884.3366336633663,0.13894308013576354
884.3564356435644,0.1376307842343395
884.3762376237623,0.13619043475326081
884.3960396039604,0.13462369823735365
884.4158415841584,0.13293239952315208
884.4356435643565,0.131118523483613
884.4554455445544,0.12918421723845022
884.4752475247525,0.12713179293964189
884.4950495049505,0.12496373126611152
884.5148514851485,0.12268268579292459
884.5346534653465,0.12029148843892204
884.5544554455446,0.11779315624607846
884.5742574257426,0.11519089980634672
884.5940594059406,0.11248813373149531
884.6138613861385,0.10968848966479007
884.6336633663367,0.1067958324658657
884.6534653465346,0.10381428037402851
884.6732673267327,0.10074823018194125
884.6930693069307,0.09760238875089206
884.7128712871288,0.09438181259502745
884.7326732673267,0.09109195779016876
884.7524752475247,0.08773874316933615
884.7722772277228,0.08432863071763481
884.7920792079208,0.08086872835998757
884.8118811881188,0.07736692206418337
884.8316831683169,0.07383204651075338
884.8514851485148,0.07027410669778755
884.8712871287129,0.06670456696283052
884.8910891089108,0.06313672918825598
884.910891089109,0.05958622840313278
884.9306930693069,0.05607168105375549
884.950495049505,0.052615527014687614
884.970297029703,0.049245106127036316
884.990099009901,0.04599399281530808
885.009900990099,0.04290355612778051
885.029702970297,0.040024578117322455
885.0495049504951,0.03741849488425818
885.0693069306931,0.03515738098217787
885.089108910891,0.033321265352826826
885.1089108910892,0.03199117305438185
885.1287128712871,0.031237301391487105
885.1485148514852,0.031104596559251362
885.1683168316831,0.03160139651958166
885.1881188118813,0.032697138286112835
885.2079207920792,0.03433047568100878
885.2277227722772,0.03642323930618949
885.2475247524753,0.03889384328633407
885.2673267326733,0.04166633561115435
885.2871287128713,0.044674698894718534
885.3069306930693,0.04786378649676386
885.3267326732673,0.05118847021624863
885.3465346534654,0.05461210553552315
885.3663366336633,0.058104914955014096
885.3861386138615,0.061642549404639035
885.4059405940594,0.0652049042854991
885.4257425742575,0.06877518360522174
885.4455445544554,0.07233917563700573
885.4653465346535,0.0758846979652099
885.4851485148515,0.07940117387259579
885.5049504950495,0.08287930890406826
885.5247524752476,0.08631084326414802
885.5445544554456,0.0896883614979739
885.5643564356435,0.09300514549510629
885.5841584158416,0.09625506036509197
885.6039603960396,0.09943246536844728
885.6237623762377,0.10253214404674285
885.6435643564356,0.10554924914812686
885.6633663366338,0.10847925902155141
885.6831683168317,0.11131794295270266
885.7029702970297,0.1140613335111621
885.7227722772277,0.11670570442494091
885.7425742574258,0.11924755283494719
885.7623762376238,0.12168358503659851
885.7821782178218,0.12401070500975522
885.8019801980198,0.12622600518680346
885.8217821782179,0.12832675902322735
885.8415841584158,0.13031041502378574
885.8613861386139,0.13217459194669154
885.8811881188119,0.13391707496256222
885.90099009901,0.13553581258769626
885.9207920792079,0.13702891424539237
885.940594059406,0.1383946483361314
885.960396039604,0.13963144071933306
885.980198019802,0.1407378735270863
886.0,0.1417126842445881
886.019801980198,0.14255476500397318
886.039603960396,0.14326316204785539
886.059405940594,0.14383707532717174
886.0792079207921,0.14427585820485636
886.0990099009902,0.1445790172427873
886.1188118811881,0.14474621205454005
886.1386138613861,0.14477725521134988
886.1584158415842,0.14467211219255627
886.1782178217821,0.14443090137598255
886.1980198019802,0.14405389406737937
886.2178217821782,0.14354151457181444
886.2376237623763,0.14289434031377646
886.2574257425742,0.14211310201675242
886.2772277227723,0.141198683957548
886.2970297029703,0.14015212431538016
886.3168316831683,0.1389746156415121
886.3366336633663,0.1376675054814322
886.3564356435644,0.136232297189394
886.3762376237624,0.13467065098390166
886.3960396039604,0.13298438530372406
886.4158415841584,0.13117547853710818
886.4356435643565,0.12924607121287812
886.4554455445544,0.1271984687620615
886.4752475247525,0.12503514498309187
886.4950495049505,0.12275874637451988
886.5148514851485,0.12037209753750987
886.5346534653465,0.11787820789930029
886.5544554455446,0.11528028007064152
886.5742574257426,0.11258172022935597
886.5940594059406,0.10978615102417712
886.6138613861386,0.10689742762464749
886.6336633663367,0.10391965771451422
886.6534653465346,0.1008572264506236
886.6732673267327,0.09771482770529998
886.6930693069307,0.0944975033019744
886.7128712871288,0.09121069247610993
886.7326732673267,0.08786029449198701
886.7524752475247,0.08445274828526114
886.7722772277228,0.08099513426721262
886.7920792079208,0.07749530513510046
886.8118811881188,0.07396205483498146
886.8316831683169,0.07040533790472282
886.8514851485149,0.06683655549465276
886.8712871287129,0.06326892959809595
886.8910891089108,0.05971799342590612
886.910891089109,0.056202232910731925
886.9306930693069,0.05274392022750495
886.950495049505,0.04937018030218149
886.970297029703,0.04611431500031424
886.990099009901,0.043017355577269094
887.009900990099,0.04012968355029857
887.029702970297,0.037512297912467865
887.0495049504951,0.035236869819310346
887.0693069306931,0.03338319232932543
887.0891089108911,0.03203241248589363
887.1089108910892,0.03125538267400775
887.1287128712871,0.03109825853253274
887.1485148514852,0.031570904890723964
887.1683168316831,0.03264418681255039
887.1881188118813,0.03425773381522331
887.2079207920792,0.036333789525101724
887.2277227722772,0.0387907277236512
887.2475247524753,0.04155229342302948
887.2673267326733,0.044552066805950044
887.2871287128713,0.047734499488500844
887.3069306930693,0.051054108750567
887.3267326732674,0.0544739565001402
887.3465346534654,0.05796403023873703
887.3663366336633,0.06149979598485027
887.3861386138615,0.06506100465887109
887.4059405940594,0.06863074745282577
887.4257425742575,0.07219472424411118
887.4455445544554,0.0757406829238061
887.4653465346535,0.07925799137984599
887.4851485148515,0.08273731070850357
887.5049504950495,0.08617034507255111
887.5247524752476,0.08954964945980465
887.5445544554456,0.09286848122835645
887.5643564356436,0.09612068487114322
887.5841584158416,0.09930060209666583
887.6039603960396,0.10240300130476122
887.6237623762377,0.10542302200571964
887.6435643564356,0.10835613082027003
887.6633663366338,0.11119808650688703
887.6831683168317,0.11394491206595724
887.7029702970297,0.11659287242202958
887.7227722772277,0.11913845652531531
887.7425742574258,0.12157836297112615
887.7623762376238,0.12390948843174868
887.7821782178218,0.12612891834564927
887.8019801980199,0.1282339194242644
887.8217821782179,0.1302219336265895
887.8415841584158,0.13209057332151306
887.8613861386139,0.13383761741275071
887.8811881188119,0.13546100824455662
887.90099009901,0.13695884914058912
887.9207920792079,0.13832940245594658
887.940594059406,0.13957108804421117
887.960396039604,0.14068248205932235
887.980198019802,0.14166231602653537
888.0,0.1425094761286316
888.019801980198,0.1432230026634579
888.0396039603961,0.14380208963703192
888.059405940594,0.14424608446349102
888.0792079207921,0.14455448774912638
888.0990099009902,0.1447269531428908
888.1188118811881,0.1447632872404454
888.1386138613861,0.14466344953312266
888.1584158415842,0.1444275523968735
888.1782178217821,0.14405586112028593
888.1980198019802,0.14354879397442571
888.2178217821782,0.14290692233105862
888.2376237623763,0.14213097083990678
888.2574257425742,0.14122181767999278
888.2772277227723,0.14018049490491308
888.2970297029703,0.13900818890755995
888.3168316831683,0.13770624103610912
888.3366336633663,0.13627614840065122
888.3564356435644,0.1347195649187523
888.3762376237624,0.1330383026590922
888.3960396039604,0.1312343335551961
888.4158415841583,0.1293097915774052
888.4356435643565,0.1272669754707109
888.4554455445544,0.12510835219064867
888.4752475247525,0.12283656119966915
888.4950495049505,0.12045441982481948
888.5148514851486,0.11796492992555703
888.5346534653465,0.11537128618226737
888.5544554455445,0.11267688639408559
888.5742574257426,0.10988534427568773
888.5940594059406,0.10700050537315763
888.6138613861386,0.10402646688882744
888.6336633663367,0.10096760242711295
888.6534653465346,0.09782859296635071
888.6732673267327,0.09461446574891719
888.6930693069306,0.09133064329851848
888.7128712871288,0.08798300546386924
888.7326732673267,0.08457796831673121
888.7524752475248,0.08112258498314638
888.7722772277228,0.07762467517555395
888.7920792079208,0.07409299246837049
888.8118811881188,0.07053744140627789
888.8316831683168,0.06696936056065969
888.8514851485149,0.06340189283522518
888.8712871287129,0.059850470679456765
888.8910891089108,0.0563334509107593
888.910891089109,0.052872939843764136
888.9306930693069,0.049495849868308024
888.950495049505,0.046235213263888755
888.9702970297029,0.04313172696870025
888.9900990099011,0.04023537551556208
889.009900990099,0.0376067233621043
889.029702970297,0.03531703791726431
889.0495049504951,0.03344587049404092
889.0693069306931,0.03207447700459659
889.0891089108911,0.03127434652068344
889.1089108910891,0.031092827810602235
889.1287128712871,0.03154130735195343
889.1485148514852,0.03259208708623778
889.1683168316831,0.0341857891966982
889.1881188118813,0.03624508651898238
889.2079207920792,0.03868832266386005
889.2277227722773,0.041438943497975035
889.2475247524752,0.04443012635028554
889.2673267326733,0.04760591863013106
889.2871287128713,0.050920480064705446
889.3069306930693,0.05433657612515224
889.3267326732674,0.057823956899374813
889.3465346534654,0.06135790156895316
889.3663366336633,0.0649180150818534
889.3861386138614,0.06848727467439616
889.4059405940594,0.07205129096025127
889.4257425742575,0.07559774147508544
889.4455445544554,0.07911593820353396
889.4653465346536,0.08259649739901946
889.4851485148515,0.08603108687330635
889.5049504950495,0.08941223181095953
889.5247524752475,0.09273316484012742
889.5445544554456,0.0959877096745137
889.5643564356436,0.0991701903352659
889.5841584158416,0.10227535996608655
889.6039603960396,0.1052983447412633
889.6237623762377,0.10823459946799235
889.6435643564356,0.11107987230239463
889.6633663366337,0.11383017660877569
889.6831683168317,0.11648176844807766
889.7029702970298,0.11903112852536847
889.7227722772277,0.12147494768619187
889.7425742574258,0.12381011524981016
889.7623762376238,0.12603370961896326
889.7821782178218,0.1281429907225773
889.8019801980198,0.13013539393843837
889.8217821782179,0.13200852521345918
889.8415841584158,0.1337601571544887
889.8613861386139,0.13538822590623112
889.8811881188119,0.13689082866765612
889.90099009901,0.13826622172575673
889.9207920792079,0.1395128189078522
889.940594059406,0.1406291903715726
889.960396039604,0.14161406166625856
889.980198019802,0.14246631301157453
890.0,0.1431849787490288
890.019801980198,0.14376924693029391
890.0396039603961,0.14421845901344987
890.059405940594,0.1445321096441002
890.079207920792,0.14470984650356716
890.0990099009902,0.14475147021115445
890.1188118811881,0.14465693427148718
890.1386138613861,0.1444263450620669
890.1584158415842,0.14405996185990647
890.1782178217823,0.14355819690978364
890.1980198019802,0.1429216155405838
890.2178217821781,0.14215093634024623
890.2376237623763,0.14124703140411476
890.2574257425742,0.14021092667643228
890.2772277227723,0.13904380241013667
890.2970297029703,0.13774699377668487
890.3168316831683,0.13632199166476294
890.3366336633663,0.1347704437160226
890.3564356435643,0.1330941556563288
890.3762376237624,0.13129509299408457
890.3960396039604,0.12937538317315103
890.4158415841584,0.12733731828702238
890.4356435643565,0.12518335848552395
890.4554455445544,0.12291613623505988
890.4752475247525,0.12053846163165365
890.4950495049504,0.11805332901356212
890.5148514851486,0.11546392518121472
890.5346534653465,0.11277363960985913
890.5544554455445,0.10998607714009905
890.5742574257426,0.10710507376068922
890.5940594059406,0.10413471626607716
890.6138613861386,0.10107936679098643
890.6336633663366,0.09794369351392028
890.6534653465347,0.0947327092049553
890.6732673267327,0.09145181980343997
890.6930693069306,0.08810688589426714
890.7128712871288,0.0847043008689047
890.7326732673267,0.0812510907940653
890.7524752475248,0.07775504267976827
890.7722772277227,0.07422487008707211
890.7920792079208,0.07067042802832477
890.8118811881188,0.06710299309568772
890.8316831683168,0.06353562989095256
890.8514851485149,0.0599836711427741
890.8712871287129,0.05646534592937947
890.8910891089109,0.05300259651428434
890.9108910891089,0.04962212509098497
890.9306930693069,0.04635669727757701
890.950495049505,0.04324667911859152
890.9702970297029,0.040341661671242715
890.9900990099011,0.03770177742556547
891.009900990099,0.03539788977049963
891.029702970297,0.0335093025939016
891.049504950495,0.03211736781004536
891.0693069306931,0.031294192952673695
891.0891089108911,0.031088303528740105
891.1089108910891,0.031512602151361827
891.1287128712872,0.032540836205428775
891.1485148514852,0.034114637484416586
891.1683168316831,0.03615712438738856
891.1881188118812,0.038586620730965804
891.2079207920792,0.041326277200402516
891.2277227722773,0.04430886789393479
891.2475247524752,0.04747803353913608
891.2673267326733,0.05078757323968
891.2871287128713,0.054199953124877825
891.3069306930693,0.05768468341629384
891.3267326732673,0.06121685450218435
891.3465346534654,0.06477592384277978
891.3663366336634,0.06834475356097391
891.3861386138614,0.0719088641258747
891.4059405940594,0.07545586204613051
891.4257425742575,0.07897500288773922
891.4455445544554,0.08245685766199941
891.4653465346535,0.08589305751663655
891.4851485148515,0.08927609758426186
891.5049504950495,0.09259918556249805
891.5247524752475,0.09585612422157352
891.5445544554456,0.09904121975864345
891.5643564356436,0.10214920994586463
891.5841584158416,0.10517520752259354
891.6039603960396,0.10811465539643338
891.6237623762377,0.11096329104541519
891.6435643564356,0.11371711813034753
891.6633663366337,0.11637238378796824
891.6831683168317,0.11892556042329105
891.7029702970298,0.1213733310820363
891.7227722772277,0.12371257768456806
891.7425742574258,0.1259403715557381
891.7623762376238,0.12805396580310563
891.7821782178218,0.13005078918742907
891.8019801980198,0.13192844120066494
891.8217821782179,0.13368468812239084
891.8415841584159,0.13531745986993787
891.8613861386139,0.13682484749215845
891.8811881188119,0.1382051011848485
891.90099009901,0.13945662872826214
891.9207920792079,0.14057799426516362
891.940594059406,0.14156791735265398
891.960396039604,0.14242527223314272
891.980198019802,0.1431490872798076
892.0,0.14373854458017832
892.019801980198,0.14419297962863323
892.0396039603961,0.1445118811045662
892.059405940594,0.14469489071833827
892.0792079207921,0.14474180311163135
892.0990099009902,0.1446525658032941
892.1188118811881,0.1444272791754421
892.1386138613861,0.1440661964986803
892.1584158415842,0.14356972399880336
892.1782178217823,0.14293842097126847
892.1980198019802,0.14217299995380914
892.2178217821781,0.1412743269718142
892.2376237623763,0.14024342187602812
892.2574257425742,0.13908145879747943
892.2772277227723,0.13778976675106863
892.2970297029703,0.1363698304265007
892.3168316831683,0.1348232912141136
892.3366336633663,0.13315194852382187
892.3564356435643,0.13135776146815112
892.3762376237624,0.1294428509960917
892.3960396039604,0.1274095025837895
892.4158415841584,0.12526016961214906
892.4356435643565,0.12299747759116941
892.4554455445544,0.12062422942859634
892.4752475247525,0.11814341198760454
892.4950495049504,0.11555820423865337
892.5148514851486,0.11287198738748434
892.5346534653465,0.11008835746011844
892.5544554455445,0.10721114095356726
892.5742574257426,0.10424441432739755
892.5940594059406,0.10119252832864509
892.6138613861386,0.09806013842942592
892.6336633663366,0.09485224303528007
892.6534653465347,0.09157423162748918
892.6732673267327,0.08823194567734836
892.6930693069306,0.0848317560777985
892.7128712871288,0.08138066205967204
892.7326732673267,0.07788641820962154
892.7524752475248,0.07435769842922273
892.7722772277227,0.0708043086532146
892.7920792079208,0.06723746408593786
892.8118811881188,0.06367015180337074
892.8316831683168,0.06011760583793322
892.8514851485149,0.056597928882848744
892.8712871287129,0.053132900930227496
892.8910891089109,0.04974901627841962
892.9108910891089,0.04647877676160179
892.9306930693069,0.043362220902749556
892.950495049505,0.040448549750407736
892.9702970297029,0.03779746638996117
892.9900990099011,0.03547942998910585
893.009900990099,0.03357349150868031
893.029702970297,0.03216108624421064
893.049504950495,0.03131492213584656
893.0693069306931,0.031084684966796974
893.0891089108911,0.03148478768167271
893.1089108910891,0.032490431410640314
893.1287128712872,0.034044274471162796
893.1485148514852,0.036069897349526384
893.1683168316831,0.038485614652371936
893.1881188118812,0.041214285983397554
893.2079207920792,0.04418828188054855
893.2277227722773,0.04735083390323472
893.2475247524752,0.050655377423040895
893.2673267326733,0.05406407627937299
893.2871287128713,0.057546198335817624
893.3069306930693,0.06107664319950585
893.3267326732673,0.06463471930346434
893.3465346534654,0.06820317248150068
893.3663366336634,0.07176743216412829
893.3861386138614,0.07531503315180273
893.4059405940594,0.07883517406948616
893.4257425742575,0.08231838028196671
893.4455445544554,0.0857562459561116
893.4653465346535,0.08914123592101632
893.4851485148515,0.09246653274106548
893.5049504950495,0.09572591807711045
893.5247524752475,0.0989136801644066
893.5445544554456,0.10202454128712532
893.5643564356436,0.10505360064987167
893.5841584158416,0.10799628917393887
893.6039603960396,0.1108483335829377
893.6237623762377,0.1136057277661927
893.6435643564356,0.11626470987518475
893.6633663366337,0.11882174395950129
893.6831683168317,0.12127350521457245
893.7029702970298,0.12361686811559534
893.7227722772277,0.12584889686698336
893.7425742574258,0.12796683771569037
893.7623762376238,0.12996811276928394
893.7821782178218,0.1318503150313439
893.8019801980198,0.13361120442348248
893.8217821782179,0.13524870460743255
893.8415841584159,0.13676090045611083
893.8613861386139,0.13814603605066833
893.8811881188119,0.13940251310313254
893.90099009901,0.1405288897224499
893.9207920792079,0.14152387945676215
893.940594059406,0.14238635055670937
893.960396039604,0.14311532541478506
893.980198019802,0.14370998014417777
894.0,0.1441696442675035
894.019801980198,0.14449380049208144
894.0396039603961,0.14468208455352544
894.059405940594,0.14473428511430483
894.0792079207921,0.14465034370798746
894.0990099009902,0.144430354723957
894.1188118811881,0.14407456543119748
894.1386138613861,0.1435833760434385
894.1584158415842,0.14295733983174688
894.1782178217823,0.14219716329484575
894.1980198019802,0.1413037064015
894.2178217821781,0.14027798292441165
894.2376237623763,0.13912116089032517
894.2574257425742,0.1378345631774085
894.2772277227723,0.13641966829835953
894.2970297029703,0.1348781114164377
894.3168316831684,0.13321168565211644
894.3366336633663,0.1314223437508634
894.3564356435643,0.12951220019804158
894.3762376237624,0.127483533886207
894.3960396039604,0.1253387914637385
894.4158415841584,0.12308059152348426
894.4356435643565,0.12071172982724646
894.4554455445544,0.1182351858088478
894.4752475247525,0.11565413065833888
894.4950495049504,0.11297193736587571
894.5148514851486,0.11019219320191247
894.5346534653465,0.10731871523680692
894.5544554455446,0.10435556966760987
894.5742574257426,0.1013070959351167
894.5940594059406,0.09817793689764841
894.6138613861386,0.09497307670308942
894.6336633663366,0.0916978884997472
894.6534653465347,0.08835819479418296
894.6732673267327,0.08496034416068025
894.6930693069306,0.08151130921518678
894.7128712871288,0.07801881239683839
894.7326732673267,0.07449148829716047
894.7524752475248,0.07093909422211113
894.7722772277227,0.06737278457132091
894.7920792079209,0.06380546965973567
894.8118811881188,0.06025228583247436
894.8316831683168,0.05673121073050372
894.8514851485149,0.053263863825278215
894.8712871287129,0.04987653378355731
894.8910891089109,0.046601461486690796
894.9108910891089,0.04347836125777997
894.9306930693069,0.04055604756212042
894.950495049505,0.0378937966376789
894.9702970297029,0.03556166329888715
894.9900990099011,0.033638440250839494
895.009900990099,0.03220563379114959
895.0297029702971,0.03133653438054836
895.049504950495,0.031081971548934755
895.0693069306931,0.03145786248002068
895.0891089108911,0.03244087008441024
895.1089108910891,0.033974696083203686
895.1287128712872,0.03598339974367145
895.1485148514852,0.038385297257878884
895.1683168316831,0.04110296138723179
895.1881188118812,0.04406835882940107
895.2079207920792,0.047224309478266856
895.2277227722773,0.050523881826645876
895.2475247524752,0.05392893443204394
895.2673267326734,0.05740849026884294
895.2871287128713,0.06093725614315641
895.3069306930693,0.06449438989674625
895.3267326732673,0.06806251988032794
895.3465346534654,0.07162698357844101
895.3663366336634,0.07517524339231843
895.3861386138614,0.07869644047639816
895.4059405940594,0.0821810541392931
895.4257425742575,0.08562064124638247
895.4455445544554,0.08900763606877908
895.4653465346535,0.09233519583275644
895.4851485148515,0.09559708092221547
895.5049504950496,0.09878756147129832
895.5247524752475,0.10190134415869731
895.5445544554456,0.10493351455362077
895.5643564356436,0.1078794915036058
895.5841584158416,0.11073499090089461
895.6039603960396,0.11349599679483216
895.6237623762377,0.11615873829006201
895.6435643564356,0.11871967102496941
895.6633663366337,0.12117546229378691
895.6831683168317,0.12352297907986831
895.7029702970298,0.12575927842425225
895.7227722772277,0.12788159967369164
895.7425742574258,0.12988735824596861
895.7623762376238,0.13177414062256945
895.7821782178218,0.1335397003360273
895.8019801980198,0.13518195476387665
895.8217821782179,0.1366989825769415
895.8415841584159,0.13808902171789222
895.8613861386139,0.1393504678089511
895.8811881188118,0.14048187290596545
895.90099009901,0.14148194453102378
895.9207920792079,0.1423495449280517
895.940594059406,0.14308369049613434
895.960396039604,0.14368355136354297
895.9801980198021,0.14414845107269816
896.0,0.1444778663525376
896.0198019801979,0.14467142695979657
896.0396039603961,0.14472891557570533
896.059405940594,0.14465026774867917
896.0792079207921,0.14443557187761827
896.0990099009902,0.1440850692342815
896.1188118811881,0.14359915402682943
896.1386138613861,0.1429783735106232
896.1584158415841,0.1422234281561461
896.1782178217823,0.14133517188846498
896.1980198019802,0.1403146124173319
896.2178217821782,0.13916291168243847
896.2376237623763,0.13788138644462852
896.2574257425742,0.13647150906120994
896.2772277227723,0.1349349084922005
896.2970297029702,0.133273371594754
896.3168316831684,0.13148884477571338
896.3366336633663,0.12958343608767856
896.3564356435643,0.12755941787296407
896.3762376237624,0.12541923008346786
896.3960396039604,0.12316548443373977
896.4158415841584,0.12080096958156915
896.4356435643564,0.11832865757676068
896.4554455445545,0.11575171187808267
896.4752475247525,0.11307349731358382
896.4950495049504,0.11029759245672299
896.5148514851486,0.10742780501574314
896.5346534653465,0.10446819099702616
896.5544554455446,0.10142307861584957
896.5742574257425,0.098297098208614
896.5940594059406,0.09509521977149599
896.6138613861386,0.09182280024383957
896.6336633663366,0.0884856433148433
896.6534653465347,0.0850900754181958
896.6732673267327,0.08164304277357158
896.6930693069307,0.07815223594521759
896.7128712871287,0.07462625055977457
896.7326732673267,0.07107479573730471
896.7524752475248,0.06750896564780892
896.7722772277227,0.0639415945988355
896.7920792079209,0.06038772224178866
896.8118811881188,0.05686520247707709
896.8316831683168,0.05339549597797037
896.8514851485148,0.05000468800617979
896.8712871287129,0.046724761275973574
896.8910891089109,0.04359510918262372
896.9108910891089,0.040664162992531554
896.930693069307,0.03799077464695816
896.950495049505,0.0356445945415346
896.9702970297029,0.033704151965365824
896.990099009901,0.03225101207682331
897.009900990099,0.03135903014138678
897.0297029702971,0.031080162843456934
897.049504950495,0.03143182522776081
897.0693069306931,0.032392149751096576
897.0891089108911,0.033905898379970635
897.1089108910891,0.03589762602657303
897.1287128712871,0.038285661478690634
897.1485148514852,0.04099229503803834
897.1683168316832,0.04394908933366742
897.1881188118812,0.047098450086184886
897.2079207920792,0.050393075724404206
897.2277227722773,0.053794516487293755
897.2475247524752,0.05727154788838937
897.2673267326733,0.06079868188015229
897.2871287128713,0.06435492412396127
897.3069306930693,0.06792278427479119
897.3267326732673,0.07148750695004595
897.3465346534654,0.07503648145082445
897.3663366336634,0.07855879092425971
897.3861386138614,0.08204486820784813
897.4059405940594,0.08548623254087047
897.4257425742575,0.08887528737910672
897.4455445544554,0.09220516440362668
897.4653465346535,0.09546960255213403
897.4851485148515,0.09866285371709961
897.5049504950496,0.10177960885320048
897.5247524752475,0.10481493979274849
897.5445544554455,0.10776425322137015
897.5643564356436,0.11062325412233126
897.5841584158416,0.11338791663599526
897.6039603960396,0.11605446075809797
897.6237623762377,0.11861933365957723
897.6435643564357,0.12107919468212938
897.6633663366337,0.12343090327023758
897.6831683168316,0.1256715092581889
897.7029702970298,0.12779824505256693
897.7227722772277,0.12980851934441728
897.7425742574258,0.13169991205902176
897.7623762376238,0.13347017030834704
897.7821782178218,0.13511720515677592
897.8019801980198,0.13663908904647673
897.8217821782177,0.13803405375743086
897.8415841584159,0.13930048880015006
897.8613861386139,0.14043694015767466
897.8811881188119,0.1414421093085473
897.90099009901,0.14231485247470096
897.9207920792079,0.1430541800486766
897.940594059406,0.14365925616285172
897.9603960396039,0.14412939837062236
897.9801980198021,0.14446407741587552
898.0,0.14466291707191137
898.0198019801979,0.14472569403632415
898.0396039603961,0.14465233787209258
898.059405940594,0.1444429309894945
898.0792079207921,0.14409770866704988
898.09900990099,0.1436170591134959
898.1188118811882,0.14300152357671875
898.1386138613861,0.14225179650936345
898.1584158415841,0.14136872580532925
898.1782178217823,0.14035331312612268
898.1980198019802,0.13920671434121443
898.2178217821782,0.13793024011315583
898.2376237623762,0.1365253566650918
898.2574257425742,0.13499368677725307
898.2772277227723,0.13333701106919058
898.2970297029702,0.1315572696371932
898.3168316831684,0.1296565641315649
898.3366336633663,0.12763716037738057
898.3564356435644,0.12550149166568217
898.3762376237623,0.12325216287120101
898.3960396039604,0.12089195558924276
898.4158415841584,0.11842383453052607
898.4356435643564,0.11585095547124477
898.4554455445545,0.11317667513039459
898.4752475247525,0.11040456344250589
898.4950495049504,0.10753841881778507
898.5148514851485,0.1045822871431893
898.5346534653465,0.1015404854885528
898.5544554455446,0.09841763175951032
898.5742574257425,0.09521868190554317
898.5940594059407,0.09194897677991994
898.6138613861386,0.08861430140046338
898.6336633663366,0.08522096023651894
898.6534653465346,0.08177587332771859
898.6732673267327,0.07828669963292141
898.6930693069307,0.07476199615477769
898.7128712871287,0.07121142426458371
898.7326732673267,0.06764601846983742
898.7524752475248,0.06407853781340776
898.7722772277227,0.06052392623149347
898.7920792079208,0.05699991517507736
898.8118811881188,0.05352780821392238
898.8316831683169,0.050133489395061924
898.8514851485148,0.046848686006870484
898.8712871287129,0.04371247374013113
898.8910891089109,0.040772904006026345
898.9108910891089,0.03808840699256527
898.9306930693069,0.035728228674832274
898.950495049505,0.03377062992971483
898.9702970297029,0.0322972228689138
898.990099009901,0.03138241001706647
899.009900990099,0.031079258562633567
899.0297029702971,0.03140667475030774
899.049504950495,0.0323442680767231
899.0693069306931,0.03383787755379187
899.0891089108911,0.03581257077291432
899.1089108910891,0.03818670034648345
899.1287128712871,0.04088227864638698
899.1485148514852,0.043830464058655316
899.1683168316832,0.04697324561301089
899.1881188118812,0.05026294845008125
899.2079207920792,0.05366081140813047
899.2277227722773,0.05713535992713787
899.2475247524752,0.06066090901984805
899.2673267326733,0.06421631055251163
899.2871287128713,0.06778395425266646
899.3069306930694,0.07134899093555717
899.3267326732673,0.07489873609102192
899.3465346534654,0.07842221431471828
899.3663366336634,0.08190981155267041
899.3861386138614,0.085353009089508
899.4059405940594,0.08874417930535065
899.4257425742575,0.09207642812672136
899.4455445544554,0.09534347287414847
899.4653465346535,0.0985395470565852
899.4851485148515,0.10165932578506309
899.5049504950496,0.10469786705262728
899.5247524752475,0.1076505652940975
899.5445544554456,0.11051311450558177
899.5643564356436,0.11328147884886527
899.5841584158416,0.11595186914823813
899.6039603960396,0.11852072405046811
899.6237623762377,0.12098469489301045
899.6435643564357,0.12334063353394756
899.6633663366337,0.125585582557124
899.6831683168316,0.12771676738855936
899.7029702970298,0.12973158995526204
899.7227722772277,0.13162762359179248
899.7425742574258,0.1334026089576949
899.7623762376238,0.1350544507748892
899.7821782178219,0.1365812152299531
899.8019801980198,0.13798112791558728
899.8217821782177,0.13925257220827505
899.8415841584159,0.14039408799819475
899.8613861386139,0.141404370702471
899.8811881188119,0.14228227050536316
899.90099009901,0.14302679177935146
899.9207920792079,0.14363709264952745
899.940594059406,0.1441124846711003
899.9603960396039,0.14445243259578322
899.9801980198021,0.14465655420853638
-900.0,0.14472462022049143
-899.9801980198021,0.14465655420853668
-899.9603960396039,0.144452432595785
-899.940594059406,0.1441124846710965
-899.9207920792079,0.1436370926495233
-899.90099009901,0.14302679177934316
-899.8811881188119,0.14228227050536119
-899.8613861386139,0.14140437070247427
-899.8415841584159,0.140394087998198
-899.8217821782177,0.13925257220827994
-899.8019801980198,0.13798112791558984
-899.7821782178219,0.13658121522995592
-899.7623762376238,0.13505445077489225
-899.7425742574258,0.1334026089576957
-899.7227722772277,0.13162762359178828
-899.7029702970298,0.1297315899552637
-899.6831683168316,0.12771676738855994
-899.6633663366337,0.12558558255712457
-899.6435643564357,0.12334063353394353
-899.6237623762377,0.1209846948930109
-899.6039603960396,0.11852072405046762
-899.5841584158416,0.11595186914823753
-899.5643564356436,0.11328147884887341
-899.5445544554456,0.11051311450558202
-899.5247524752475,0.10765056529409449
-899.5049504950496,0.10469786705262756
-899.4851485148515,0.10165932578506573
-899.4653465346535,0.09853954705658508
-899.4455445544554,0.0953434728741472
-899.4257425742575,0.09207642812672022
-899.4059405940594,0.08874417930535297
-899.3861386138614,0.0853530090895058
-899.3663366336634,0.08190981155267146
-899.3465346534654,0.07842221431471903
-899.3267326732673,0.07489873609102518
-899.3069306930694,0.07134899093555887
-899.2871287128713,0.06778395425266837
-899.2673267326733,0.0642163105525112
-899.2475247524752,0.060660909019852285
-899.2277227722773,0.05713535992713672
-899.2079207920792,0.05366081140813287
-899.1881188118812,0.05026294845008209
-899.1683168316832,0.0469732456130167
-899.1485148514852,0.043830464058658425
-899.1287128712871,0.04088227864639227
-899.1089108910891,0.03818670034648969
-899.0891089108911,0.035812570772915095
-899.0693069306931,0.033837877553784104
-899.049504950495,0.03234426807672514
-899.0297029702971,0.03140667475030447
-899.009900990099,0.031079258562632554
-898.990099009901,0.03138241001707089
-898.9702970297029,0.03229722286891501
-898.950495049505,0.03377062992971277
-898.9306930693069,0.035728228674832156
-898.9108910891089,0.038088406992559505
-898.8910891089109,0.040772904006025394
-898.8712871287129,0.04371247374013206
-898.8514851485148,0.046848686006866515
-898.8316831683169,0.050133489395059225
-898.8118811881188,0.05352780821391855
-898.7920792079208,0.056999915175077076
-898.7722772277227,0.06052392623149282
-898.7524752475248,0.06407853781340847
-898.7326732673267,0.0676460184698368
-898.7128712871287,0.07121142426458536
-898.6930693069307,0.07476199615478084
-898.6732673267327,0.07828669963292079
-898.6534653465346,0.08177587332771415
-898.6336633663366,0.08522096023652292
-898.6138613861386,0.08861430140046352
-898.5940594059407,0.091948976779916
-898.5742574257425,0.0952186819055403
-898.5544554455446,0.09841763175951333
-898.5346534653465,0.1015404854885546
-898.5148514851485,0.10458228714318518
-898.4950495049504,0.10753841881778875
-898.4752475247525,0.11040456344250736
-898.4554455445545,0.11317667513039599
-898.4356435643564,0.1158509554712431
-898.4158415841584,0.11842383453052768
-898.3960396039604,0.12089195558924119
-898.3762376237623,0.12325216287120061
-898.3564356435644,0.1255014916656809
-898.3366336633663,0.12763716037738446
-898.3168316831684,0.12965656413156476
-898.2970297029702,0.1315572696371942
-898.2772277227723,0.13333701106919058
-898.2574257425742,0.13499368677725318
-898.2376237623762,0.13652535666508855
-898.2178217821782,0.13793024011315325
-898.1980198019802,0.13920671434121396
-898.1782178217823,0.14035331312612037
-898.1584158415841,0.14136872580532694
-898.1386138613861,0.14225179650935482
-898.1188118811882,0.14300152357671642
-898.09900990099,0.14361705911349454
-898.0792079207921,0.14409770866704827
-898.059405940594,0.1444429309895
-898.0396039603961,0.14465233787209192
-898.0198019801979,0.14472569403632637
-898.0,0.1446629170719106
-897.9801980198021,0.14446407741587547
-897.9603960396039,0.1441293983706211
-897.940594059406,0.14365925616284794
-897.9207920792079,0.14305418004868567
-897.90099009901,0.14231485247470085
-897.8811881188119,0.14144210930854828
-897.8613861386139,0.14043694015767744
-897.8415841584159,0.13930048880014845
-897.8217821782177,0.1380340537574331
-897.8019801980198,0.13663908904647798
-897.7821782178218,0.13511720515677536
-897.7623762376238,0.13347017030834474
-897.7425742574258,0.13169991205902135
-897.7227722772277,0.1298085193444186
-897.7029702970298,0.12779824505256573
-897.6831683168316,0.12567150925819026
-897.6633663366337,0.12343090327023369
-897.6435643564357,0.12107919468212791
-897.6237623762377,0.11861933365957436
-897.6039603960396,0.11605446075809465
-897.5841584158416,0.11338791663599276
-897.5643564356436,0.11062325412232794
-897.5445544554455,0.10776425322137065
-897.5247524752475,0.10481493979274822
-897.5049504950496,0.10177960885319753
-897.4851485148515,0.09866285371709888
-897.4653465346535,0.09546960255213142
-897.4455445544554,0.09220516440362699
-897.4257425742575,0.08887528737910265
-897.4059405940594,0.0854862325408689
-897.3861386138614,0.08204486820784362
-897.3663366336634,0.07855879092425978
-897.3465346534654,0.07503648145082636
-897.3267326732673,0.07148750695004466
-897.3069306930693,0.06792278427478941
-897.2871287128713,0.06435492412396034
-897.2673267326733,0.06079868188015446
-897.2475247524752,0.057271547888384726
-897.2277227722773,0.05379451648728978
-897.2079207920792,0.050393075724405136
-897.1881188118812,0.04709845008618527
-897.1683168316832,0.04394908933366864
-897.1485148514852,0.04099229503804147
-897.1287128712871,0.038285661478690836
-897.1089108910891,0.03589762602657542
-897.0891089108911,0.033905898379969185
-897.0693069306931,0.032392149751095424
-897.049504950495,0.031431825227764255
-897.0297029702971,0.031080162843458596
-897.009900990099,0.03135903014139082
-896.990099009901,0.032251012076827595
-896.9702970297029,0.033704151965365865
-896.950495049505,0.035644594541538885
-896.930693069307,0.037990774646959255
-896.9108910891089,0.04066416299253456
-896.8910891089109,0.04359510918262217
-896.8712871287129,0.046724761275975475
-896.8514851485148,0.0500046880061811
-896.8316831683168,0.05339549597797029
-896.8118811881188,0.056865202477081454
-896.7920792079209,0.06038772224178722
-896.7722772277227,0.06394159459883667
-896.7524752475248,0.06750896564780944
-896.7326732673267,0.07107479573730453
-896.7128712871287,0.07462625055977123
-896.6930693069307,0.07815223594521839
-896.6732673267327,0.08164304277357003
-896.6534653465347,0.08509007541819727
-896.6336633663366,0.08848564331484574
-896.6138613861386,0.09182280024383749
-896.5940594059406,0.09509521977149202
-896.5742574257425,0.09829709820861623
-896.5544554455446,0.10142307861584769
-896.5346534653465,0.10446819099703145
-896.5148514851486,0.10742780501574267
-896.4950495049504,0.11029759245672148
-896.4752475247525,0.11307349731358658
-896.4554455445545,0.11575171187808476
-896.4356435643564,0.11832865757676295
-896.4158415841584,0.12080096958156644
-896.3960396039604,0.12316548443374169
-896.3762376237624,0.12541923008346548
-896.3564356435643,0.127559417872965
-896.3366336633663,0.1295834360876798
-896.3168316831684,0.13148884477571865
-896.2970297029702,0.1332733715947571
-896.2772277227723,0.1349349084922005
-896.2574257425742,0.13647150906120778
-896.2376237623763,0.13788138644462813
-896.2178217821782,0.13916291168244252
-896.1980198019802,0.14031461241733478
-896.1782178217823,0.1413351718884643
-896.1584158415841,0.14222342815614855
-896.1386138613861,0.14297837351062573
-896.1188118811881,0.14359915402683168
-896.0990099009902,0.14408506923427816
-896.0792079207921,0.1444355718776199
-896.059405940594,0.14465026774868855
-896.0396039603961,0.14472891557570913
-896.0198019801979,0.14467142695979854
-896.0,0.1444778663525367
-895.9801980198021,0.14414845107270258
-895.960396039604,0.14368355136354719
-895.940594059406,0.1430836904961395
-895.9207920792079,0.1423495449280561
-895.90099009901,0.14148194453102514
-895.8811881188118,0.14048187290597142
-895.8613861386139,0.13935046780895213
-895.8415841584159,0.13808902171789297
-895.8217821782179,0.13669898257694915
-895.8019801980198,0.1351819547638796
-895.7821782178218,0.13353970033603307
-895.7623762376238,0.1317741406225716
-895.7425742574258,0.12988735824597286
-895.7227722772277,0.12788159967369545
-895.7029702970298,0.12575927842424994
-895.6831683168317,0.12352297907987159
-895.6633663366337,0.12117546229378419
-895.6435643564356,0.11871967102497434
-895.6237623762377,0.11615873829006323
-895.6039603960396,0.11349599679483731
-895.5841584158416,0.11073499090089563
-895.5643564356436,0.1078794915036141
-895.5445544554456,0.10493351455362006
-895.5247524752475,0.10190134415869626
-895.5049504950496,0.09878756147130589
-895.4851485148515,0.09559708092221826
-895.4653465346535,0.09233519583275476
-895.4455445544554,0.08900763606877798
-895.4257425742575,0.08562064124638522
-895.4059405940594,0.0821810541392964
-895.3861386138614,0.07869644047640113
-895.3663366336634,0.07517524339231832
-895.3465346534654,0.07162698357844426
-895.3267326732673,0.06806251988033254
-895.3069306930693,0.0644943898967476
-895.2871287128713,0.06093725614315333
-895.2673267326734,0.05740849026884457
-895.2475247524752,0.053928934432046875
-895.2277227722773,0.05052388182664555
-895.2079207920792,0.04722430947827003
-895.1881188118812,0.04406835882940359
-895.1683168316831,0.04110296138723135
-895.1485148514852,0.038385297257881035
-895.1287128712872,0.0359833997436723
-895.1089108910891,0.03397469608320767
-895.0891089108911,0.03244087008440979
-895.0693069306931,0.031457862480023184
-895.049504950495,0.031081971548937604
-895.0297029702971,0.031336534380554254
-895.009900990099,0.032205633791147076
-894.9900990099011,0.03363844025083798
-894.9702970297029,0.03556166329888577
-894.950495049505,0.03789379663767742
-894.9306930693069,0.04055604756212133
-894.9108910891089,0.04347836125777698
-894.8910891089109,0.04660146148668912
-894.8712871287129,0.04987653378355197
-894.8514851485149,0.05326386382527844
-894.8316831683168,0.0567312107305033
-894.8118811881188,0.06025228583247543
-894.7920792079209,0.06380546965973385
-894.7722772277227,0.06737278457131742
-894.7524752475248,0.07093909422211361
-894.7326732673267,0.07449148829715492
-894.7128712871288,0.07801881239683693
-894.6930693069306,0.08151130921518718
-894.6732673267327,0.08496034416067794
-894.6534653465347,0.08835819479418157
-894.6336633663366,0.0916978884997471
-894.6138613861386,0.09497307670308817
-894.5940594059406,0.09817793689764666
-894.5742574257426,0.1013070959351171
-894.5544554455446,0.10435556966761121
-894.5346534653465,0.10731871523680911
-894.5148514851486,0.11019219320191054
-894.4950495049504,0.11297193736587542
-894.4752475247525,0.11565413065833897
-894.4554455445544,0.11823518580884818
-894.4356435643565,0.12071172982724594
-894.4158415841584,0.12308059152348301
-894.3960396039604,0.12533879146373628
-894.3762376237624,0.12748353388620823
-894.3564356435643,0.12951220019804388
-894.3366336633663,0.1314223437508641
-894.3168316831684,0.13321168565211416
-894.2970297029703,0.1348781114164364
-894.2772277227723,0.13641966829835953
-894.2574257425742,0.1378345631774056
-894.2376237623763,0.13912116089032348
-894.2178217821781,0.14027798292441201
-894.1980198019802,0.14130370640149903
-894.1782178217823,0.14219716329484633
-894.1584158415842,0.1429573398317498
-894.1386138613861,0.1435833760434352
-894.1188118811881,0.14407456543120034
-894.0990099009902,0.14443035472395632
-894.0792079207921,0.14465034370798954
-894.059405940594,0.14473428511430786
-894.0396039603961,0.1446820845535217
-894.019801980198,0.1444938004920798
-894.0,0.1441696442675059
-893.980198019802,0.14370998014417533
-893.960396039604,0.1431153254147796
-893.940594059406,0.1423863505567107
-893.9207920792079,0.14152387945676811
-893.90099009901,0.14052888972245187
-893.8811881188119,0.13940251310313415
-893.8613861386139,0.13814603605067233
-893.8415841584159,0.13676090045611325
-893.8217821782179,0.13524870460743357
-893.8019801980198,0.13361120442348653
-893.7821782178218,0.1318503150313445
-893.7623762376238,0.12996811276928671
-893.7425742574258,0.12796683771569664
-893.7227722772277,0.12584889686698209
-893.7029702970298,0.12361686811559759
-893.6831683168317,0.12127350521457611
-893.6633663366337,0.1188217439595055
-893.6435643564356,0.11626470987518647
-893.6237623762377,0.11360572776619185
-893.6039603960396,0.11084833358293965
-893.5841584158416,0.10799628917394248
-893.5643564356436,0.10505360064987293
-893.5445544554456,0.10202454128712442
-893.5247524752475,0.09891368016440906
-893.5049504950495,0.09572591807711152
-893.4851485148515,0.09246653274106637
-893.4653465346535,0.08914123592101561
-893.4455445544554,0.08575624595611538
-893.4257425742575,0.08231838028196647
-893.4059405940594,0.07883517406948834
-893.3861386138614,0.07531503315180356
-893.3663366336634,0.07176743216412684
-893.3465346534654,0.06820317248150166
-893.3267326732673,0.06463471930346533
-893.3069306930693,0.061076643199499826
-893.2871287128713,0.05754619833581825
-893.2673267326733,0.054064076279374894
-893.2475247524752,0.05065537742303851
-893.2277227722773,0.047350833903237466
-893.2079207920792,0.04418828188055058
-893.1881188118812,0.04121428598339421
-893.1683168316831,0.038485614652373476
-893.1485148514852,0.036069897349519826
-893.1287128712872,0.03404427447115943
-893.1089108910891,0.03249043141064012
-893.0891089108911,0.03148478768167022
-893.0693069306931,0.031084684966794875
-893.049504950495,0.03131492213584469
-893.029702970297,0.03216108624420834
-893.009900990099,0.03357349150868093
-892.9900990099011,0.035479429989103826
-892.9702970297029,0.03779746638995943
-892.950495049505,0.040448549750407056
-892.9306930693069,0.043362220902750645
-892.9108910891089,0.046478776761594925
-892.8910891089109,0.0497490162784131
-892.8712871287129,0.053132900930221126
-892.8514851485149,0.056597928882850916
-892.8316831683168,0.060117605837936086
-892.8118811881188,0.06367015180336995
-892.7920792079208,0.06723746408593569
-892.7722772277227,0.07080430865321416
-892.7524752475248,0.07435769842922164
-892.7326732673267,0.07788641820962246
-892.7128712871288,0.08138066205966867
-892.6930693069306,0.08483175607779887
-892.6732673267327,0.08823194567734494
-892.6534653465347,0.09157423162748514
-892.6336633663366,0.09485224303528106
-892.6138613861386,0.09806013842942975
-892.5940594059406,0.10119252832864938
-892.5742574257426,0.10424441432739556
-892.5544554455445,0.10721114095356908
-892.5346534653465,0.11008835746011765
-892.5148514851486,0.11287198738748462
-892.4950495049504,0.11555820423865404
-892.4752475247525,0.11814341198760127
-892.4554455445544,0.12062422942859427
-892.4356435643565,0.12299747759116793
-892.4158415841584,0.12526016961214873
-892.3960396039604,0.12740950258378939
-892.3762376237624,0.1294428509960917
-892.3564356435643,0.13135776146814993
-892.3366336633663,0.13315194852381823
-892.3168316831683,0.13482329121410788
-892.2970297029703,0.1363698304265017
-892.2772277227723,0.13778976675106822
-892.2574257425742,0.13908145879748277
-892.2376237623763,0.14024342187602737
-892.2178217821781,0.14127432697181663
-892.1980198019802,0.14217299995380142
-892.1782178217823,0.1429384209712644
-892.1584158415842,0.14356972399879997
-892.1386138613861,0.14406619649868024
-892.1188118811881,0.14442727917544412
-892.0990099009902,0.1446525658032961
-892.0792079207921,0.1447418031116329
-892.059405940594,0.1446948907183363
-892.0396039603961,0.1445118811045667
-892.019801980198,0.1441929796286295
-892.0,0.14373854458018026
-891.980198019802,0.14314908727981024
-891.960396039604,0.1424252722331362
-891.940594059406,0.14156791735265267
-891.9207920792079,0.14057799426516457
-891.90099009901,0.13945662872826942
-891.8811881188119,0.1382051011848517
-891.8613861386139,0.13682484749215892
-891.8415841584159,0.1353174598699371
-891.8217821782179,0.13368468812238649
-891.8019801980198,0.13192844120066669
-891.7821782178218,0.13005078918742982
-891.7623762376238,0.12805396580310355
-891.7425742574258,0.12594037155574034
-891.7227722772277,0.12371257768456737
-891.7029702970298,0.12137333108203449
-891.6831683168317,0.11892556042329241
-891.6633663366337,0.11637238378796631
-891.6435643564356,0.11371711813034459
-891.6237623762377,0.11096329104541855
-891.6039603960396,0.10811465539642637
-891.5841584158416,0.1051752075225944
-891.5643564356436,0.10214920994586595
-891.5445544554456,0.09904121975864238
-891.5247524752475,0.09585612422157225
-891.5049504950495,0.09259918556249586
-891.4851485148515,0.08927609758425736
-891.4653465346535,0.0858930575166334
-891.4455445544554,0.08245685766199924
-891.4257425742575,0.07897500288773869
-891.4059405940594,0.07545586204613622
-891.3861386138614,0.07190886412587146
-891.3663366336634,0.06834475356097354
-891.3465346534654,0.06477592384277385
-891.3267326732673,0.061216854502183955
-891.3069306930693,0.057684683416292196
-891.2871287128713,0.054199953124878686
-891.2673267326733,0.050787573239681805
-891.2475247524752,0.0474780335391376
-891.2277227722773,0.044308867893935
-891.2079207920792,0.04132627720040384
-891.1881188118812,0.038586620730964555
-891.1683168316831,0.03615712438738566
-891.1485148514852,0.034114637484416316
-891.1287128712872,0.032540836205429
-891.1089108910891,0.03151260215136536
-891.0891089108911,0.031088303528740105
-891.0693069306931,0.03129419295267065
-891.049504950495,0.032117367810045434
-891.029702970297,0.03350930259390077
-891.009900990099,0.035397889770500526
-890.9900990099011,0.037701777425562764
-890.9702970297029,0.04034166167124771
-890.950495049505,0.043246679118591556
-890.9306930693069,0.046356697277577345
-890.9108910891089,0.04962212509098547
-890.8910891089109,0.053002596514289846
-890.8712871287129,0.05646534592938075
-890.8514851485149,0.05998367114277575
-890.8316831683168,0.06353562989094792
-890.8118811881188,0.06710299309568854
-890.7920792079208,0.07067042802832488
-890.7722772277227,0.07422487008707855
-890.7524752475248,0.07775504267976988
-890.7326732673267,0.08125109079406873
-890.7128712871288,0.08470430086890113
-890.6930693069306,0.08810688589426859
-890.6732673267327,0.09145181980344398
-890.6534653465347,0.09473270920495815
-890.6336633663366,0.09794369351392337
-890.6138613861386,0.10107936679098875
-890.5940594059406,0.10413471626607862
-890.5742574257426,0.10710507376069042
-890.5544554455445,0.10998607714010028
-890.5346534653465,0.11277363960986063
-890.5148514851486,0.1154639251812181
-890.4950495049504,0.11805332901356717
-890.4752475247525,0.1205384616316584
-890.4554455445544,0.1229161362350613
-890.4356435643565,0.1251833584855259
-890.4158415841584,0.12733731828702538
-890.3960396039604,0.12937538317315342
-890.3762376237624,0.13129509299408434
-890.3564356435643,0.13309415565632887
-890.3366336633663,0.13477044371602698
-890.3168316831683,0.1363219916647638
-890.2970297029703,0.13774699377668495
-890.2772277227723,0.13904380241013953
-890.2574257425742,0.14021092667643348
-890.2376237623763,0.14124703140411565
-890.2178217821781,0.14215093634024778
-890.1980198019802,0.142921615540588
-890.1782178217823,0.14355819690978533
-890.1584158415842,0.14405996185991438
-890.1386138613861,0.1444263450620642
-890.1188118811881,0.14465693427148893
-890.0990099009902,0.1447514702111597
-890.079207920792,0.1447098465035735
-890.059405940594,0.14453210964410196
-890.0396039603961,0.1442184590134532
-890.019801980198,0.1437692469302972
-890.0,0.1431849787490316
-889.980198019802,0.1424663130115761
-889.960396039604,0.14161406166625856
-889.940594059406,0.1406291903715761
-889.9207920792079,0.13951281890785888
-889.90099009901,0.13826622172576358
-889.8811881188119,0.1368908286676583
-889.8613861386139,0.13538822590623711
-889.8415841584158,0.13376015715448974
-889.8217821782179,0.1320085252134649
-889.8019801980198,0.1301353939384412
-889.7821782178218,0.12814299072257807
-889.7623762376238,0.12603370961896465
-889.7425742574258,0.12381011524980938
-889.7227722772277,0.12147494768619907
-889.7029702970298,0.11903112852537572
-889.6831683168317,0.11648176844808238
-889.6633663366337,0.11383017660877999
-889.6435643564356,0.11107987230240118
-889.6237623762377,0.10823459946800044
-889.6039603960396,0.10529834474126963
-889.5841584158416,0.10227535996608204
-889.5643564356436,0.09917019033526682
-889.5445544554456,0.09598770967452204
-889.5247524752475,0.09273316484012983
-889.5049504950495,0.08941223181096082
-889.4851485148515,0.08603108687330635
-889.4653465346536,0.08259649739902453
-889.4455445544554,0.07911593820353717
-889.4257425742575,0.07559774147508394
-889.4059405940594,0.07205129096025568
-889.3861386138614,0.06848727467439981
-889.3663366336633,0.06491801508185313
-889.3465346534654,0.06135790156895788
-889.3267326732674,0.05782395689938484
-889.3069306930693,0.054336576125152095
-889.2871287128713,0.050920480064712434
-889.2673267326733,0.047605918630129695
-889.2475247524752,0.04443012635028934
-889.2277227722773,0.04143894349797667
-889.2079207920792,0.03868832266386036
-889.1881188118813,0.036245086518988064
-889.1683168316831,0.03418578919669951
-889.1485148514852,0.03259208708623641
-889.1287128712871,0.03154130735195456
-889.1089108910891,0.03109282781060222
-889.0891089108911,0.03127434652068245
-889.0693069306931,0.03207447700459191
-889.0495049504951,0.033445870494040617
-889.029702970297,0.03531703791726503
-889.009900990099,0.037606723362103654
-888.9900990099011,0.04023537551556278
-888.9702970297029,0.043131726968702065
-888.950495049505,0.046235213263882864
-888.9306930693069,0.049495849868300766
-888.910891089109,0.05287293984375677
-888.8910891089108,0.05633345091075766
-888.8712871287129,0.059850470679456994
-888.8514851485149,0.06340189283522112
-888.8316831683168,0.0669693605606541
-888.8118811881188,0.07053744140627624
-888.7920792079208,0.07409299246836684
-888.7722772277228,0.07762467517554902
-888.7524752475248,0.0811225849831417
-888.7326732673267,0.084577968316728
-888.7128712871288,0.08798300546386446
-888.6930693069306,0.09133064329851161
-888.6732673267327,0.0946144657489158
-888.6534653465346,0.09782859296634547
-888.6336633663367,0.10096760242711277
-888.6138613861386,0.1040264668888236
-888.5940594059406,0.10700050537315302
-888.5742574257426,0.10988534427567906
-888.5544554455445,0.11267688639407923
-888.5346534653465,0.11537128618226647
-888.5148514851486,0.11796492992554923
-888.4950495049505,0.1204544198248164
-888.4752475247525,0.12283656119966799
-888.4554455445544,0.12510835219064217
-888.4356435643565,0.12726697547070956
-888.4158415841583,0.12930979157740674
-888.3960396039604,0.13123433355519953
-888.3762376237624,0.13303830265909128
-888.3564356435644,0.13471956491874768
-888.3366336633663,0.13627614840064697
-888.3168316831683,0.13770624103610526
-888.2970297029703,0.13900818890755495
-888.2772277227723,0.14018049490491127
-888.2574257425742,0.14122181767999048
-888.2376237623763,0.14213097083990647
-888.2178217821782,0.1429069223310575
-888.1980198019802,0.14354879397442774
-888.1782178217821,0.14405586112028734
-888.1584158415842,0.1444275523968729
-888.1386138613861,0.14466344953312496
-888.1188118811881,0.14476328724044296
-888.0990099009902,0.14472695314288606
-888.0792079207921,0.1445544877491295
-888.059405940594,0.14424608446349074
-888.0396039603961,0.14380208963702995
-888.019801980198,0.14322300266345656
-888.0,0.14250947612862824
-887.980198019802,0.14166231602653526
-887.960396039604,0.1406824820593185
-887.940594059406,0.13957108804421292
-887.9207920792079,0.13832940245594758
-887.90099009901,0.13695884914059195
-887.8811881188119,0.13546100824455218
-887.8613861386139,0.13383761741274963
-887.8415841584158,0.13209057332150523
-887.8217821782179,0.13022193362658885
-887.8019801980199,0.1282339194242655
-887.7821782178218,0.12612891834564943
-887.7623762376238,0.1239094884317491
-887.7425742574258,0.12157836297112119
-887.7227722772277,0.1191384565253173
-887.7029702970297,0.11659287242202869
-887.6831683168317,0.1139449120659558
-887.6633663366338,0.1111980865068877
-887.6435643564356,0.10835613082026758
-887.6237623762377,0.10542302200571871
-887.6039603960396,0.10240300130475796
-887.5841584158416,0.09930060209666372
-887.5643564356436,0.0961206848711428
-887.5445544554456,0.0928684812283614
-887.5247524752476,0.08954964945980352
-887.5049504950495,0.08617034507254519
-887.4851485148515,0.08273731070849966
-887.4653465346535,0.07925799137984293
-887.4455445544554,0.0757406829238039
-887.4257425742575,0.0721947242441091
-887.4059405940594,0.06863074745282442
-887.3861386138615,0.06506100465886513
-887.3663366336633,0.061499795984843085
-887.3465346534654,0.05796403023873571
-887.3267326732674,0.05447395650014011
-887.3069306930693,0.05105410875056176
-887.2871287128713,0.04773449948850477
-887.2673267326733,0.044552066805948344
-887.2475247524753,0.04155229342302696
-887.2277227722772,0.038790727723649554
-887.2079207920792,0.03633378952509914
-887.1881188118813,0.03425773381521845
-887.1683168316831,0.032644186812549415
-887.1485148514852,0.03157090489072287
-887.1287128712871,0.031098258532534024
-887.1089108910892,0.03125538267400778
-887.0891089108911,0.0320324124858969
-887.0693069306931,0.033383192329331894
-887.0495049504951,0.03523686981931158
-887.029702970297,0.03751229791247153
-887.009900990099,0.04012968355029645
-886.990099009901,0.04301735557726515
-886.970297029703,0.04611431500031475
-886.950495049505,0.049370180302180565
-886.9306930693069,0.052743920227506874
-886.910891089109,0.05620223291073191
-886.8910891089108,0.059717993425909596
-886.8712871287129,0.06326892959809624
-886.8514851485149,0.06683655549465627
-886.8316831683169,0.07040533790472438
-886.8118811881188,0.0739620548349843
-886.7920792079208,0.07749530513510154
-886.7722772277228,0.08099513426721554
-886.7524752475247,0.08445274828526318
-886.7326732673267,0.08786029449198557
-886.7128712871288,0.09121069247611387
-886.6930693069307,0.09449750330197586
-886.6732673267327,0.09771482770530104
-886.6534653465346,0.10085722645062795
-886.6336633663367,0.10391965771451261
-886.6138613861386,0.10689742762464917
-886.5940594059406,0.10978615102417856
-886.5742574257426,0.11258172022935972
-886.5544554455446,0.11528028007064256
-886.5346534653465,0.11787820789930316
-886.5148514851485,0.12037209753750702
-886.4950495049505,0.12275874637452058
-886.4752475247525,0.12503514498309232
-886.4554455445544,0.1271984687620601
-886.4356435643565,0.1292460712128752
-886.4158415841584,0.1311754785371093
-886.3960396039604,0.13298438530372517
-886.3762376237624,0.13467065098389872
-886.3564356435644,0.13623229718939728
-886.3366336633663,0.13766750548143317
-886.3168316831683,0.13897461564151425
-886.2970297029703,0.1401521243153843
-886.2772277227723,0.1411986839575492
-886.2574257425742,0.14211310201675517
-886.2376237623763,0.1428943403137769
-886.2178217821782,0.1435415145718133
-886.1980198019802,0.14405389406737681
-886.1782178217821,0.14443090137598716
-886.1584158415842,0.14467211219255574
-886.1386138613861,0.14477725521134846
-886.1188118811881,0.14474621205454125
-886.0990099009902,0.14457901724278482
-886.0792079207921,0.14427585820485958
-886.059405940594,0.14383707532717077
-886.039603960396,0.14326316204785844
-886.019801980198,0.1425547650039758
-886.0,0.1417126842445855
-885.980198019802,0.14073787352708558
-885.960396039604,0.13963144071933478
-885.940594059406,0.13839464833613233
-885.9207920792079,0.13702891424539249
-885.90099009901,0.13553581258769745
-885.8811881188119,0.1339170749625613
-885.8613861386139,0.13217459194669046
-885.8415841584158,0.13031041502378604
-885.8217821782179,0.1283267590232271
-885.8019801980198,0.12622600518680366
-885.7821782178218,0.12401070500975311
-885.7623762376238,0.12168358503660037
-885.7425742574258,0.1192475528349472
-885.7227722772277,0.11670570442493755
-885.7029702970297,0.11406133351115989
-885.6831683168317,0.11131794295270545
-885.6633663366338,0.10847925902154963
-885.6435643564356,0.10554924914812444
-885.6237623762377,0.10253214404674368
-885.6039603960396,0.09943246536845257
-885.5841584158416,0.0962550603650933
-885.5643564356435,0.0930051454951085
-885.5445544554456,0.08968836149797578
-885.5247524752476,0.08631084326414974
-885.5049504950495,0.08287930890406683
-885.4851485148515,0.07940117387259418
-885.4653465346535,0.07588469796521667
-885.4455445544554,0.0723391756370052
-885.4257425742575,0.06877518360522089
-885.4059405940594,0.06520490428550442
-885.3861386138615,0.06164254940463984
-885.3663366336633,0.058104914955016164
-885.3465346534654,0.05461210553552126
-885.3267326732673,0.05118847021624847
-885.3069306930693,0.04786378649677063
-885.2871287128713,0.04467469889472066
-885.2673267326733,0.04166633561115251
-885.2475247524753,0.03889384328633724
-885.2277227722772,0.03642323930619044
-885.2079207920792,0.03433047568101426
-885.1881188118813,0.03269713828611638
-885.1683168316831,0.03160139651958584
-885.1485148514852,0.031104596559251567
-885.1287128712871,0.031237301391485298
-885.1089108910892,0.03199117305438417
-885.089108910891,0.03332126535283306
-885.0693069306931,0.03515738098217966
-885.0495049504951,0.03741849488425674
-885.029702970297,0.040024578117325904
-885.009900990099,0.0429035561277844
-884.990099009901,0.0459939928153085
-884.970297029703,0.049245106127039875
-884.950495049505,0.05261552701469127
-884.9306930693069,0.056071681053755526
-884.910891089109,0.05958622840313579
-884.8910891089108,0.06313672918825582
-884.8712871287129,0.06670456696283165
-884.8514851485148,0.0702741066977914
-884.8316831683169,0.07383204651075388
-884.8118811881188,0.07736692206418176
-884.7920792079208,0.08086872835998032
-884.7722772277228,0.0843286307176396
-884.7524752475247,0.08773874316933683
-884.7326732673267,0.09109195779016775
-884.7128712871288,0.09438181259503181
-884.6930693069307,0.09760238875088983
-884.6732673267327,0.10074823018194266
-884.6534653465346,0.10381428037402422
-884.6336633663367,0.10679583246586716
-884.6138613861385,0.10968848966478933
-884.5940594059406,0.11248813373149236
-884.5742574257426,0.11519089980634073
-884.5544554455446,0.1177931562460806
-884.5346534653465,0.12029148843891853
-884.5148514851485,0.12268268579292504
-884.4950495049505,0.12496373126611458
-884.4752475247525,0.12713179293964103
-884.4554455445544,0.1291842172384511
-884.4356435643565,0.13111852348360967
-884.4158415841584,0.1329323995231531
-884.3960396039604,0.13462369823735643
-884.3762376237623,0.136190434753258
-884.3564356435644,0.13763078423433703
-884.3366336633663,0.13894308013576168
-884.3168316831683,0.14012581283593595
-884.2970297029703,0.14117762857105703
-884.2772277227723,0.14209732861271984
-884.2574257425742,0.14288386863940317
-884.2376237623763,0.14353635826200506
-884.2178217821782,0.14405406067090423
-884.1980198019802,0.1444363923786523
-884.1782178217821,0.1446829230380642
-884.1584158415842,0.14479337532026285
-884.1386138613861,0.14476762484168912
-884.1188118811881,0.1446057001333008
-884.0990099009902,0.14430778264874275
-884.0792079207921,0.14387420681234955
-884.059405940594,0.14330546011141385
-884.039603960396,0.14260218324105392
-884.019801980198,0.1417651703144544
-884.0,0.14079536915543778
-883.980198019802,0.13969388169588914
-883.960396039604,0.13846196450624146
-883.940594059406,0.13710102949406805
-883.9207920792079,0.1356126448141651
-883.9009900990098,0.13399853604299872
-883.8811881188119,0.13226058768233595
-883.8613861386139,0.13040084507093216
-883.8415841584158,0.12842151680091235
-883.8217821782179,0.12632497775699852
-883.8019801980198,0.12411377292374966
-883.7821782178218,0.12179062213973701
-883.7623762376238,0.11935842602004634
-883.7425742574258,0.11682027332233216
-883.7227722772277,0.11417945010031322
-883.7029702970297,0.11143945107640581
-883.6831683168317,0.10860399377877707
-883.6633663366337,0.1056770361350302
-883.6435643564356,0.10266279840680827
-883.6237623762377,0.09956579060158972
-883.6039603960396,0.09639084683064415
-883.5841584158416,0.09314316852407378
-883.5643564356435,0.08982837900344669
-883.5445544554456,0.08645259270362013
-883.5247524752476,0.08302250339992627
-883.5049504950495,0.07954549723309656
-883.4851485148515,0.07602979826246228
-883.4653465346535,0.0724846568837074
-883.4455445544554,0.06892059492094903
-883.4257425742574,0.06534972574943568
-883.4059405940594,0.061786173555360036
-883.3861386138615,0.05824662263836128
-883.3663366336633,0.05475103458511729
-883.3465346534654,0.05132357544959859
-883.3267326732673,0.047993790109728506
-883.3069306930693,0.04479803232965253
-883.2871287128713,0.041781078788048064
-883.2673267326733,0.038997676832404474
-883.2475247524753,0.03651344188307821
-883.2277227722772,0.03440401926935066
-883.2079207920792,0.03275094455125508
-883.1881188118812,0.0316327841353845
-883.1683168316831,0.031111842900330436
-883.1485148514852,0.03122010279698181
-883.1287128712871,0.03195075765316783
-883.1089108910892,0.03326008695070903
-883.089108910891,0.03507856702696485
-883.0693069306931,0.03732530817923821
-883.0495049504951,0.039920051632396196
-883.029702970297,0.04279031986151054
-883.009900990099,0.045874237084099476
-882.990099009901,0.04912061711783535
-882.970297029703,0.05248774959252714
-882.9504950495049,0.05594178450268711
-882.9306930693069,0.05945516467286435
-882.910891089109,0.0630052806587988
-882.8910891089108,0.06657338407933204
-882.8712871287129,0.07014373701378353
-882.8514851485148,0.07370295687921082
-882.8316831683169,0.07723951553395486
-882.8118811881188,0.08074335704636562
-882.7920792079208,0.08420560563402199
-882.7722772277228,0.08761834176946648
-882.7524752475247,0.09097442978317664
-882.7326732673267,0.09426738445315193
-882.7128712871287,0.09749126722292742
-882.6930693069307,0.10064060504656508
-882.6732673267327,0.10371032660856737
-882.6534653465346,0.1066957119629145
-882.6336633663367,0.10959235259707506
-882.6138613861385,0.11239611964144038
-882.5940594059406,0.115103138479115
-882.5742574257426,0.11770976841138123
-882.5544554455446,0.12021258633674685
-882.5346534653465,0.12260837363083057
-882.5148514851485,0.12489410558952112
-882.4950495049505,0.12706694293235468
-882.4752475247524,0.12912422496692164
-882.4554455445544,0.13106346409583508
-882.4356435643565,0.13288234141085992
-882.4158415841584,0.13457870316856801
-882.3960396039604,0.13615055798093684
-882.3762376237623,0.13759607458559853
-882.3564356435644,0.1389135800856034
-882.3366336633663,0.14010155856846032
-882.3168316831683,0.14115865003069
-882.2970297029703,0.142083649547489
-882.2772277227723,0.14287550663801385
-882.2574257425742,0.14353332478595554
-882.2376237623762,0.14405636108276818
-882.2178217821782,0.1444440259674107
-882.1980198019802,0.1446958830420724
-882.1782178217821,0.14481164894836546
-882.1584158415842,0.14479119329277607
-882.1386138613861,0.1446345386144322
-882.1188118811881,0.1443418603918973
-882.0990099009902,0.14391348708963692
-882.0792079207921,0.14334990024838898
-882.059405940594,0.1426517346278524
-882.039603960396,0.14181977841393548
-882.019801980198,0.1408549735077351
-882.0000000000001,0.13975841591816004
-881.980198019802,0.1385313562864701
-881.960396039604,0.1371752005773238
-881.940594059406,0.13569151097938698
-881.9207920792079,0.1340820070680851
-881.9009900990098,0.1323485672945492
-881.8811881188119,0.13049323087935502
-881.861386138614,0.1285182002066176
-881.8415841584158,0.12642584383590222
-881.8217821782179,0.12421870027580513
-881.8019801980198,0.12189948269668142
-881.7821782178218,0.1194710848021053
-881.7623762376238,0.11693658813194091
-881.7425742574258,0.11429927113786381
-881.7227722772278,0.11156262045920808
-881.7029702970297,0.10873034493950884
-881.6831683168317,0.10580639306939624
-881.6633663366337,0.1027949747318015
-881.6435643564356,0.0997005883745751
-881.6237623762377,0.09652805506491902
-881.6039603960396,0.09328256131699043
-881.5841584158417,0.08996971316727839
-881.5643564356435,0.08659560475451131
-881.5445544554456,0.08316690571321168
-881.5247524752476,0.07969097311047163
-881.5049504950495,0.07617599557142292
-881.4851485148515,0.07263117981669029
-881.4653465346535,0.06906699327230104
-881.4455445544555,0.06549548091689501
-881.4257425742574,0.061930680238818925
-881.4059405940594,0.058389164950860745
-881.3861386138615,0.05489075507329718
-881.3663366336633,0.0514594355095849
-881.3465346534654,0.04812452085661038
-881.3267326732673,0.04492207690487712
-881.3069306930694,0.04189653177105294
-881.2871287128713,0.03910223594790728
-881.2673267326733,0.03660440339768672
-881.2475247524753,0.03447836919021756
-881.2277227722772,0.03280560879520916
-881.2079207920792,0.03166506978025013
-881.1881188118812,0.03111999871055163
-881.1683168316832,0.031203787159741092
-881.1485148514852,0.031911165368492235
-881.1287128712871,0.033199654642541016
-881.1089108910892,0.03500042369037545
-881.089108910891,0.03723273179293925
-881.0693069306931,0.039816096584201766
-881.0495049504951,0.04267763807606172
-881.0297029702971,0.04575503822692757
-881.009900990099,0.04899670308798529
-880.990099009901,0.052360577384055466
-880.970297029703,0.055812532456453005
-880.9504950495049,0.059324791335206344
-880.9306930693069,0.06287457310487148
-880.910891089109,0.0664429960049899
-880.8910891089109,0.07001421813287287
-880.8712871287129,0.07357477538132366
-880.8514851485148,0.07711307517881197
-880.8316831683169,0.08061901018035883
-880.8118811881188,0.08408366312957653
-880.7920792079208,0.08749908064675198
-880.7722772277228,0.09085809908424675
-880.7524752475248,0.09415420979372865
-880.7326732673267,0.09738145433909978
-880.7128712871287,0.1005343425733329
-880.6930693069307,0.1036077882679711
-880.6732673267327,0.10659705829572051
-880.6534653465346,0.10949773233942543
-880.6336633663367,0.11230567082384187
-880.6138613861386,0.11501698930710887
-880.5940594059406,0.11762803797360713
-880.5742574257426,0.12013538517597282
-880.5544554455446,0.12253580420565735
-880.5346534653465,0.12482626264862436
-880.5148514851485,0.12700391381843923
-880.4950495049505,0.12906608986411022
-880.4752475247525,0.13101029623139293
-880.4554455445544,0.1328342072200986
-880.4356435643565,0.13453566242991719
-880.4158415841584,0.1361126639269422
-880.3960396039604,0.13756337399454094
-880.3762376237623,0.1388861133574539
-880.3564356435644,0.14007935978831837
-880.3366336633665,0.14114174702220694
-880.3168316831683,0.14207206391833024
-880.2970297029703,0.1428692538190454
-880.2772277227723,0.1435324140655281
-880.2574257425742,0.14406079563713758
-880.2376237623762,0.14445380288819756
-880.2178217821782,0.14471099336136384
-880.1980198019803,0.14483207766195913
-880.1782178217821,0.14481691938188757
-880.1584158415842,0.14466553506594412
-880.1386138613861,0.1443780942172616
-880.1188118811881,0.14395491934217902
-880.0990099009902,0.14339648603886385
-880.0792079207921,0.1427034231376569
-880.0594059405942,0.14187651290549286
-880.039603960396,0.1409166913311248
-880.019801980198,0.13982504851312444
-880.0,0.13860282917839797
-879.980198019802,0.13725143336572532
-879.960396039604,0.13577241731699122
-879.940594059406,0.1341674946281386
-879.920792079208,0.13243853772364741
-879.9009900990098,0.13058757973227283
-879.8811881188119,0.12861681685905088
-879.861386138614,0.12652861136992705
-879.8415841584158,0.12432549533186336
-879.8217821782179,0.12201017528435905
-879.8019801980198,0.11958553806014033
-879.7821782178219,0.11705465802558442
-879.7623762376237,0.11442080607872156
-879.7425742574258,0.1116874608289818
-879.7227722772278,0.10885832249397384
-879.7029702970297,0.10593733019270621
-879.6831683168317,0.10292868350275769
-879.6633663366337,0.09983686939563503
-879.6435643564357,0.09666669599014004
-879.6237623762377,0.09342333499590284
-879.6039603960396,0.09011237529600016
-879.5841584158417,0.08673989089084758
-879.5643564356435,0.08331252746648282
-879.5445544554456,0.079837613254142
-879.5247524752475,0.07632330174316874
-879.5049504950496,0.07277875635866449
-879.4851485148515,0.06921439061705152
-879.4653465346535,0.06564218173519001
-879.4455445544555,0.06207608133413424
-879.4257425742574,0.05853255362909921
-879.4059405940594,0.055031278497421246
-879.3861386138615,0.05159606152864105
-879.3663366336634,0.04825598934320446
-879.3465346534654,0.04504684249755216
-879.3267326732673,0.042012703470673395
-879.3069306930694,0.03920752832566622
-879.2871287128712,0.03669613011383841
-879.2673267326733,0.034553530188810806
-879.2475247524753,0.032861134348532224
-879.2277227722773,0.03169825564197532
-879.2079207920792,0.031129065290263176
-879.1881188118812,0.031188354894787745
-879.1683168316832,0.03187239543005709
-879.1485148514852,0.033139966081619295
-879.1287128712871,0.03492294682471605
-879.1089108910892,0.03714075981417446
-879.0891089108911,0.03971270553337527
-879.0693069306931,0.042565502123926034
-879.049504950495,0.04563638670717085
-879.0297029702971,0.048873353887295294
-879.009900990099,0.0522339998458917
-878.990099009901,0.055683914147710116
-878.970297029703,0.059195097526236605
-878.950495049505,0.0627445956613041
-878.9306930693069,0.06631339194492376
-878.910891089109,0.06988553938477485
-878.8910891089109,0.07344749151325751
-878.8712871287129,0.07698759069413486
-878.8514851485148,0.08049567768290446
-878.8316831683169,0.08396279337233072
-878.8118811881188,0.08738095023438296
-878.7920792079208,0.09074295640714852
-878.7722772277228,0.09404227962457509
-878.7524752475248,0.0972729414131753
-878.7326732673267,0.10042943439266952
-878.7128712871287,0.1035066573090698
-878.6930693069307,0.10649986375643995
-878.6732673267327,0.10940462152753626
-878.6534653465346,0.11221678026557987
-878.6336633663367,0.1149324456354849
-878.6138613861386,0.11754795864280805
-878.5940594059406,0.12005987903765876
-878.5742574257425,0.12246497197518978
-878.5544554455446,0.1247601972831969
-878.5346534653465,0.1269427008245249
-878.5148514851485,0.12900980754794575
-878.4950495049505,0.13095901590359968
-878.4752475247525,0.1327879933632231
-878.4554455445544,0.13449457283603852
-878.4356435643565,0.13607674981107937
-878.4158415841584,0.13753268008859626
-878.3960396039604,0.13886067798844615
-878.3762376237623,0.14005921494403156
-878.3564356435644,0.1411269184067835
-878.3366336633663,0.14206257099993724
-878.3168316831683,0.14286510987119375
-878.2970297029703,0.14353362620349178
-878.2772277227723,0.14406736485053542
-878.2574257425742,0.14446572407055017
-878.2376237623762,0.14472825533736094
-878.2178217821782,0.14485466321283316
-878.1980198019803,0.14484480526922988
-878.1782178217821,0.1446986920541333
-878.1584158415842,0.14441648709447222
-878.1386138613861,0.14399850693987934
-878.1188118811881,0.14344522124947667
-878.09900990099,0.14275725292995886
-878.0792079207921,0.14193537833713502
-878.0594059405942,0.14098052755749288
-878.039603960396,0.1398937847914872
-878.019801980198,0.13867638886611358
-878.0,0.13732973391096642
-877.980198019802,0.1358553702400619
-877.960396039604,0.1342550054911109
-877.940594059406,0.13253050608553998
-877.920792079208,0.1306838990863133
-877.9009900990098,0.12871737454789814
-877.8811881188119,0.12663328847382158
-877.8613861386139,0.1244341665233878
-877.8415841584158,0.12212270864223931
-877.8217821782179,0.11970179483252698
-877.8019801980198,0.11717449233103518
-877.7821782178219,0.11454406453018555
-877.7623762376237,0.11181398206224437
-877.7425742574258,0.10898793657713729
-877.7227722772278,0.10606985788707034
-877.7029702970297,0.10306393533706795
-877.6831683168317,0.09997464450490957
-877.6633663366337,0.09680678065588363
-877.6435643564357,0.09356550080553365
-877.6237623762376,0.09025637681390765
-877.6039603960396,0.08688546269948523
-877.5841584158417,0.08345938039009863
-877.5643564356435,0.07998542951627895
-877.5445544554456,0.07647172872649267
-877.5247524752475,0.07292739852511064
-877.5049504950496,0.06936279900100366
-877.4851485148515,0.06578984023529678
-877.4653465346535,0.06222238880030364
-877.4455445544555,0.05867680048662131
-877.4257425742574,0.055172616430309664
-877.4059405940594,0.05173346471499214
-877.3861386138614,0.048388206254003634
-877.3663366336634,0.04517233906971439
-877.3465346534654,0.04212960289218526
-877.3267326732673,0.039313561766451746
-877.3069306930694,0.03678862841805557
-877.2871287128712,0.03462950714614763
-877.2673267326733,0.03291752468559083
-877.2475247524753,0.03173234405443941
-877.2277227722773,0.031139044085851865
-877.2079207920792,0.03117380656337573
-877.1881188118812,0.03183444721160074
-877.1683168316832,0.033081019055428575
-877.1485148514851,0.034846132398102504
-877.1287128712871,0.03704938642473729
-877.1089108910892,0.03960987111159499
-877.0891089108911,0.04245390341109438
-877.0693069306931,0.045518273029597135
-877.049504950495,0.048750559399877366
-877.0297029702971,0.052108006466008126
-877.009900990099,0.05555591884054438
-876.990099009901,0.059066072415693845
-876.970297029703,0.06261533750024988
-876.950495049505,0.06618456114626185
-876.9306930693069,0.06975769014651861
-876.9108910891089,0.07332109482408962
-876.8910891089109,0.07686305183415562
-876.8712871287129,0.08037334953976859
-876.8514851485148,0.08384298660117245
-876.8316831683169,0.08726394104238903
-876.8118811881188,0.09062899254843013
-876.7920792079208,0.09393158504209759
-876.7722772277228,0.09716571985324723
-876.7524752475248,0.10032587223493152
-876.7326732673267,0.10340692579407669
-876.7128712871287,0.10640412074790273
-876.6930693069307,0.10931301291297608
-876.6732673267327,0.11212944107441865
-876.6534653465346,0.11484950093514854
-876.6336633663367,0.11746952425944619
-876.6138613861386,0.11998606213780212
-876.5940594059406,0.12239587153648708
-876.5742574257425,0.12469590447647981
-876.5544554455446,0.1268832993247068
-876.5346534653465,0.1289553737876679
-876.5148514851485,0.130909619280711
-876.4950495049505,0.13274369641098696
-876.4752475247525,0.13445543136324895
-876.4554455445544,0.1360428130179218
-876.4356435643564,0.13750399066288102
-876.4158415841584,0.13883727218611586
-876.3960396039604,0.140041122657011
-876.3762376237623,0.14111416322081788
-876.3564356435644,0.14205517024435957
-876.3366336633663,0.14286307466243828
-876.3168316831683,0.14353696148363662
-876.2970297029703,0.1440760694220126
-876.2772277227723,0.14447979062786423
-876.2574257425742,0.14474767049646878
-876.2376237623762,0.1448794075386557
-876.2178217821782,0.14487485330160527
-876.1980198019802,0.1447340123323922
-876.1782178217821,0.14445704218060312
-876.1584158415842,0.14404425344014332
-876.1386138613861,0.14349610983424743
-876.1188118811881,0.14281322835128207
-876.09900990099,0.14199637944341748
-876.0792079207921,0.14104648730453073
-876.0594059405942,0.13996463024881667
-876.039603960396,0.13875204121743567
-876.019801980198,0.13741010844709933
-876.0,0.13594037634251177
-875.980198019802,0.13434454660404446
-875.9603960396039,0.1326244796732774
-875.940594059406,0.13078219657304704
-875.920792079208,0.1288198812354509
-875.9009900990098,0.12673988343238896
-875.8811881188119,0.12454472244916016
-875.8613861386139,0.12223709167415539
-875.8415841584158,0.11981986431884581
-875.8217821782179,0.11729610053397285
-875.8019801980198,0.11466905625396798
-875.7821782178219,0.11194219418622871
-875.7623762376237,0.10911919747079817
-875.7425742574258,0.10620398667739735
-875.7227722772277,0.10320074099072278
-875.7029702970297,0.10011392467678165
-875.6831683168317,0.09694832024141911
-875.6633663366337,0.09370907011558725
-875.6435643564357,0.09040172926553487
-875.6237623762376,0.0870323318826124
-875.6039603960396,0.0836074763247417
-875.5841584158417,0.0801344338543608
-875.5643564356435,0.07662128857047873
-875.5445544554456,0.07307711842687178
-875.5247524752475,0.06951223056058622
-875.5049504950496,0.06593846853445272
-875.4851485148514,0.06236961467878931
-875.4653465346535,0.05882191741655395
-875.4455445544555,0.05531478052270111
-875.4257425742574,0.05187165635504801
-875.4059405940594,0.04852118235442742
-875.3861386138614,0.04529857667025603
-875.3663366336634,0.042247239137253215
-875.3465346534654,0.039420344180230917
-875.3267326732673,0.03688190482050403
-875.3069306930694,0.03470630507966767
-875.2871287128712,0.032974783425015974
-875.2673267326733,0.03176733749813666
-875.2475247524752,0.031149936690218507
-875.2277227722773,0.0311601428734935
-875.2079207920792,0.03179732023136118
-875.1881188118812,0.033022811486064015
-875.1683168316832,0.03476997649455526
-875.1485148514851,0.0369586058990299
-875.1287128712871,0.039507586020715385
-875.1089108910892,0.04234283339564982
-875.0891089108911,0.04540068773854978
-875.0693069306931,0.04862830954211569
-875.049504950495,0.051982586761501345
-875.0297029702971,0.05542853582814724
-875.0099009900989,0.058937705204587174
-874.990099009901,0.06248678782883703
-874.970297029703,0.06605649289578149
-874.950495049505,0.06963065984008363
-874.9306930693069,0.07319557491363898
-874.9108910891089,0.07673944840975434
-874.8910891089109,0.08025201579943678
-874.8712871287129,0.08372423312379498
-874.8514851485148,0.087148043655668
-874.8316831683169,0.09051619838548666
-874.8118811881188,0.09382211722946569
-874.7920792079208,0.09705978115995616
-874.7722772277227,0.10022364792868503
-874.7524752475248,0.10330858588895526
-874.7326732673267,0.10630982178211615
-874.7128712871287,0.10922289936170905
-874.6930693069307,0.11204364647762083
-874.6732673267327,0.11476814880140256
-874.6534653465346,0.11739272879317669
-874.6336633663367,0.11991392882620579
-874.6138613861386,0.12232849762484833
-874.5940594059406,0.12463337935419752
-874.5742574257425,0.12682570483965552
-874.5544554455446,0.12890278450299883
-874.5346534653465,0.1308621026851914
-874.5148514851485,0.13270131309188027
-874.4950495049505,0.1344182351489907
-874.4752475247525,0.13601085109634295
-874.4554455445544,0.13747730367978767
-874.4356435643564,0.13881589432804395
-874.4158415841584,0.14002508172136283
-874.3960396039605,0.1411034806757934
-874.3762376237623,0.14204986128094926
-874.3564356435644,0.1428631482400704
-874.3366336633663,0.14354242037086262
-874.3168316831683,0.1440869102333591
-874.2970297029702,0.14449600385766906
-874.2772277227723,0.14476924055041943
-874.2574257425744,0.14490631276341703
-874.2376237623762,0.1449070660129434
-874.2178217821782,0.14477149884185248
-874.1980198019802,0.14449976282081317
-874.1782178217821,0.14409216258864901
-874.1584158415842,0.1435491559354543
-874.1386138613861,0.14287135393616546
-874.1188118811882,0.14205952114644124
-874.09900990099,0.141114575876814
-874.0792079207921,0.14003759056671308
-874.059405940594,0.1388297922851497
-874.039603960396,0.13749256339185745
-874.019801980198,0.13602744240045928
-874.0,0.13443612509448086
-873.9801980198021,0.1327204659585328
-873.9603960396039,0.1308824800006066
-873.940594059406,0.12892434505825007
-873.920792079208,0.12684840470221587
-873.9009900990098,0.12465717187704639
-873.8811881188119,0.12235333345014332
-873.8613861386139,0.11993975588184039
-873.8415841584159,0.11741949227997793
-873.8217821782177,0.1147957911682074
-873.8019801980198,0.11207210738095993
-873.7821782178219,0.10925211560573753
-873.7623762376237,0.10633972723359439
-873.7425742574258,0.10333911136056134
-873.7227722772277,0.10025472102211869
-873.7029702970298,0.09709132605802805
-873.6831683168317,0.09385405442318462
-873.6633663366337,0.09054844431804639
-873.6435643564357,0.08718051026016456
-873.6237623762376,0.08375682722392731
-873.6039603960396,0.08028463833370206
-873.5841584158416,0.07677199342704322
-873.5643564356436,0.07322792827272591
-873.5445544554456,0.0696626975254687
-873.5247524752475,0.06608807883875363
-873.5049504950496,0.06251777109611152
-873.4851485148514,0.058967916394118594
-873.4653465346535,0.0554577825057842
-873.4455445544555,0.052010647815759585
-873.4257425742575,0.048654928493035245
-873.4059405940594,0.045425565436885626
-873.3861386138614,0.04236562140558945
-873.3663366336634,0.03952788358748181
-873.3465346534653,0.03697596595591051
-873.3267326732673,0.034783929143919784
-873.3069306930694,0.03303291433030363
-873.2871287128713,0.03180323860068003
-873.2673267326733,0.031161744843321956
-873.2475247524752,0.031147364680448097
-873.2277227722773,0.03176101415273815
-873.2079207920792,0.032965341430797754
-873.1881188118812,0.03469447531429881
-873.1683168316832,0.03686841260382336
-873.1485148514852,0.039405843031895274
-873.1287128712871,0.04223228358638944
-873.1089108910891,0.04528362141619983
-873.0891089108911,0.04850659426060229
-873.0693069306931,0.05185773027637509
-873.049504950495,0.05530175443049196
-873.0297029702971,0.058809985122873665
-873.009900990099,0.06235893588681195
-872.990099009901,0.06592917651759933
-872.970297029703,0.0695044379301604
-872.950495049505,0.0730709214301746
-872.9306930693069,0.07661677028629778
-872.9108910891089,0.08013166657099048
-872.8910891089109,0.08360652331464581
-872.8712871287129,0.08703324873199367
-872.8514851485148,0.09040456487467878
-872.8316831683169,0.09371386745481335
-872.8118811881188,0.09695511692476044
-872.7920792079208,0.10012275339908347
-872.7722772277227,0.10321162986186505
-872.7524752475248,0.10621695947873669
-872.7326732673268,0.10913427385267718
-872.7128712871287,0.1119593898205634
-872.6930693069307,0.11468838295271891
-872.6732673267327,0.11731756634164497
-872.6534653465346,0.11984347358532961
-872.6336633663366,0.12226284511276542
-872.6138613861386,0.12457261718360911
-872.5940594059407,0.12676991303575322
-872.5742574257425,0.12885203576336327
-872.5544554455446,0.1308164625930184
-872.5346534653465,0.132660840291578
-872.5148514851485,0.13438298149131397
-872.4950495049505,0.13598086175907037
-872.4752475247525,0.13745261726862285
-872.4554455445545,0.13879654296165717
-872.4356435643564,0.14001109110366813
-872.4158415841584,0.1410948701581641
-872.3960396039604,0.14204664391631838
-872.3762376237623,0.14286533083073624
-872.3564356435644,0.1435500035113239
-872.3366336633663,0.14409988834929535
-872.3168316831684,0.14451436524194092
-872.2970297029702,0.14479296739668462
-872.2772277227723,0.14493538119795396
-872.2574257425744,0.14494144612486365
-872.2376237623762,0.1448111547119695
-872.2178217821782,0.14454465254909177
-872.1980198019802,0.1441422383201434
-872.1782178217823,0.1436043638844481
-872.1584158415841,0.14293163440809675
-872.1386138613861,0.1421248085568857
-872.1188118811882,0.14118479876693962
-872.09900990099,0.14011267161400076
-872.0792079207921,0.13890964830824598
-872.059405940594,0.13757710534801526
-872.0396039603961,0.13611657537365718
-872.019801980198,0.13452974827198888
-872.0,0.13281847259316357
-871.9801980198021,0.1309847573552806
-871.9603960396039,0.12903077432879237
-871.940594059406,0.1269588609134166
-871.920792079208,0.12477152374582078
-871.90099009901,0.12247144320834205
-871.8811881188119,0.1200614790493237
-871.8613861386139,0.1175446773764846
-871.8415841584159,0.11492427934953556
-871.8217821782177,0.11220373198138692
-871.8019801980198,0.10938670156389876
-871.7821782178219,0.10647709037278245
-871.7623762376238,0.10347905748648767
-871.7425742574258,0.10039704479062134
-871.7227722772277,0.09723580955139456
-871.7029702970298,0.0940004653552271
-871.6831683168317,0.09069653376370895
-871.6633663366337,0.0873300097723503
-871.6435643564357,0.08390744515651956
-871.6237623762377,0.08043605512998224
-871.6039603960396,0.07692385555355678
-871.5841584158416,0.0733798403720107
-871.5643564356436,0.06981421222118184
-871.5445544554456,0.06623868344580504
-871.5247524752475,0.06266687026646699
-871.5049504950496,0.05911480947924104
-871.4851485148515,0.05560163419367985
-871.4653465346535,0.05215045054705775
-871.4455445544555,0.04878945560377309
-871.4257425742575,0.04555331559816899
-871.4059405940594,0.04248475899664602
-871.3861386138614,0.03963618812052297
-871.3663366336634,0.0370708185845386
-871.3465346534654,0.034862384631300355
-871.3267326732673,0.03309192131042421
-871.3069306930694,0.03184005013741179
-871.2871287128713,0.031174470432755255
-871.2673267326733,0.031135472987424723
-871.2475247524752,0.0317255287848679
-871.2277227722773,0.032908607082626794
-871.2079207920792,0.03461962517400894
-871.1881188118812,0.0367788009980527
-871.1683168316832,0.03930463498482526
-871.1485148514852,0.042122245541527464
-871.1287128712871,0.04516706468077648
-871.1089108910891,0.048385403530124986
-871.0891089108911,0.051733426579305034
-871.0693069306931,0.05517556399204079
-871.049504950495,0.058682901427078694
-871.0297029702971,0.062231770944196386
-871.009900990099,0.06580260137082358
-870.990099009901,0.06937901392186838
-870.970297029703,0.07294712406822801
-870.950495049505,0.07649500738148021
-870.9306930693069,0.08001229202203589
-870.9108910891089,0.08348984761291844
-870.8910891089109,0.08691954700011294
-870.8712871287129,0.09029408304947374
-870.8514851485148,0.0936068270693988
-870.8316831683169,0.09685171882823453
-870.8118811881188,0.10002318066620007
-870.7920792079208,0.10311605008156872
-870.7722772277227,0.1061255265635831
-870.7524752475248,0.10904712947639242
-870.7326732673268,0.11187666456547912
-870.7128712871287,0.1146101972294877
-870.6930693069307,0.11724403112935547
-870.6732673267327,0.11977469102927985
-870.6534653465346,0.12219890900893722
-870.6336633663366,0.12451361337263082
-870.6138613861386,0.12671591972428123
-870.5940594059407,0.12880312378715075
-870.5742574257425,0.13077269563305916
-870.5544554455446,0.1326222750523116
-870.5346534653465,0.13434966784836067
-870.5148514851485,0.13595284288228401
-870.4950495049505,0.13742992972532675
-870.4752475247525,0.13877921680392874
-870.4554455445545,0.13999914994288057
-870.4356435643564,0.14108833122932715
-870.4158415841584,0.14204551813439906
-870.3960396039604,0.14286962284058444
-870.3762376237623,0.14355971173266305
-870.3564356435644,0.14411500501782984
-870.3366336633663,0.14453487644748134
-870.3168316831684,0.14481885311893525
-870.2970297029702,0.1449666153404427
-870.2772277227723,0.14497799654731933
-870.2574257425744,0.1448529832613014
-870.2376237623762,0.144591715089035
-870.2178217821782,0.14419448475933147
-870.1980198019802,0.1436617382027152
-870.1782178217823,0.14299407468055392
-870.1584158415841,0.14219224697515268
-870.1386138613861,0.14125716165670368
-870.1188118811882,0.14018987944799435
-870.09900990099,0.13899161571331553
-870.0792079207921,0.1376637411047861
-870.059405940594,0.13620778240694886
-870.0396039603961,0.13462542362969607
-870.019801980198,0.13291850741086744
-870.0,0.1310890368032483
-869.9801980198021,0.129139177537302
-869.9603960396039,0.12707126087146273
-869.940594059406,0.12488778716706934
-869.9207920792079,0.12259143035693937
-869.90099009901,0.12018504351622547
-869.8811881188119,0.11767166579490825
-869.8613861386139,0.11505453103519686
-869.8415841584159,0.11233707847954351
-869.8217821782177,0.10952296608061422
-869.8019801980198,0.10661608706158508
-869.7821782178219,0.10362059055385639
-869.7623762376238,0.10054090737319367
-869.7425742574258,0.09738178230401283
-869.7227722772277,0.09414831467093014
-869.7029702970298,0.09084600952236678
-869.6831683168316,0.0874808424822019
-869.6633663366337,0.08405934230931952
-869.6435643564357,0.08058869653191743
-869.6237623762377,0.07707688731544313
-869.6039603960396,0.07353286713729827
-869.5841584158416,0.06996678707181457
-869.5643564356436,0.06639029474741327
-869.5445544554456,0.0628169244944369
-869.5247524752475,0.059262608819183556
-869.5049504950496,0.05574634748606885
-869.4851485148515,0.052291076084315824
-869.4653465346535,0.04892477470825256
-869.4455445544554,0.04568183747554703
-869.4257425742575,0.04260466131139111
-869.4059405940594,0.03974526602492931
-869.3861386138614,0.037166469593279114
-869.3663366336634,0.03494167697284392
-869.3465346534654,0.03315180842048853
-869.3267326732673,0.03187777503204306
-869.3069306930694,0.031188115494402986
-869.2871287128713,0.031124468946170086
-869.2673267326733,0.03169086408339886
-869.2475247524752,0.03285260677095727
-869.2277227722773,0.03454542250717848
-869.2079207920792,0.03668976563262932
-869.1881188118812,0.039203954786946396
-869.1683168316832,0.04201271086734939
-869.1485148514852,0.04505100818485546
-869.1287128712871,0.04826472735159438
-869.1089108910891,0.051609665261467055
-869.0891089108911,0.055049953879393994
-869.0693069306931,0.05855644339795062
-869.049504950495,0.06210528229891843
-869.0297029702971,0.06567675684725613
-869.009900990099,0.06925437735846418
-868.990099009901,0.0728241725663775
-868.9702970297029,0.0763741496631705
-868.950495049505,0.0798938823766206
-868.9306930693069,0.08337419652054641
-868.9108910891089,0.08680692925777396
-868.8910891089109,0.09018474401856474
-868.8712871287129,0.0935009875058742
-868.8514851485148,0.0967495786383328
-868.8316831683169,0.09992492184338887
-868.8118811881188,0.10302183901591142
-868.7920792079208,0.10603551586717314
-868.7722772277227,0.10896145943355301
-868.7524752475248,0.11179546429010374
-868.7326732673267,0.11453358559278803
-868.7128712871287,0.11717211750651937
-868.6930693069307,0.11970757590270906
-868.6732673267327,0.12213668445732515
-868.6534653465346,0.12445636346892985
-868.6336633663366,0.1266637208606061
-868.6138613861386,0.1287560449410213
-868.5940594059407,0.13073079858639342
-868.5742574257425,0.13258561457236276
-868.5544554455446,0.13431829183794902
-868.5346534653465,0.13592679250526982
-868.5148514851485,0.1374092395121639
-868.4950495049504,0.13876391474123298
-868.4752475247525,0.1399892575501679
-868.4554455445545,0.14108386362557984
-868.4356435643564,0.14204648409648507
-868.4158415841584,0.14287602485539275
-868.3960396039604,0.14357154604421027
-868.3762376237623,0.14413226167050475
-868.3564356435644,0.14455753932631363
-868.3366336633663,0.14484689998751996
-868.3168316831684,0.1450000178769973
-868.2970297029702,0.14501672037921595
-868.2772277227723,0.14489698799821357
-868.2574257425742,0.14464095435467697
-868.2376237623762,0.1442489062217606
-868.2178217821782,0.14372128360276468
-868.1980198019802,0.1430586798580865
-868.1782178217823,0.14226184189246288
-868.1584158415841,0.14133167041830874
-868.1386138613861,0.14026922031578165
-868.1188118811882,0.1390757011158545
-868.09900990099,0.13775247763924925
-868.0792079207921,0.13630107083179607
-868.059405940594,0.1347231588458763
-868.0396039603961,0.13302057842879556
-868.0198019801979,0.13119532669225706
-868.0,0.12924956335348955
-867.9801980198021,0.1271856135590277
-867.9603960396039,0.1250059714270829
-867.940594059406,0.12271330447613138
-867.9207920792079,0.12031045914658153
-867.90099009901,0.11780046767268722
-867.8811881188119,0.11518655662518994
-867.8613861386139,0.11247215752675549
-867.8415841584159,0.10966092004682461
-867.8217821782177,0.10675672841839882
-867.8019801980198,0.10376372189581815
-867.7821782178218,0.10068632030433469
-867.7623762376238,0.09752925603761435
-867.7425742574258,0.09429761426423262
-867.7227722772277,0.09099688364400872
-867.7029702970298,0.08763302057810698
-867.6831683168316,0.08421253098964548
-867.6633663366337,0.080742574943824
-867.6435643564357,0.07723110118885555
-867.6237623762377,0.07368702108703076
-867.6039603960396,0.07012043460264364
-867.5841584158416,0.06654292523220354
-867.5643564356436,0.06296794617757356
-867.5445544554455,0.05941132665116957
-867.5247524752475,0.05589193437068589
-867.5049504950496,0.05243253605076605
-867.4851485148515,0.04906089691805486
-867.4653465346535,0.04581114148543256
-867.4455445544554,0.042725337854070025
-867.4257425742575,0.03985512566093139
-867.4059405940594,0.037262925996703146
-867.3861386138614,0.0350218117390717
-867.3663366336634,0.03321257986245867
-867.3465346534654,0.03191641635733147
-867.3267326732673,0.03120268221312033
-867.3069306930693,0.031114353857715986
-867.2871287128713,0.03165702015118309
-867.2673267326733,0.032797338962286614
-867.2475247524752,0.03447186386455444
-867.2277227722773,0.036601301150352705
-867.2079207920792,0.039103795412733774
-867.1881188118812,0.041903671216941225
-867.1683168316832,0.04493544261359104
-867.1485148514852,0.048144555750044865
-867.1287128712871,0.05148643593426069
-867.1089108910891,0.054924913479007416
-867.0891089108911,0.05843060033811569
-867.0693069306931,0.06197945927447294
-867.049504950495,0.06555163236906118
-867.0297029702971,0.06913051781906623
-867.009900990099,0.07270205670499724
-866.990099009901,0.0762541871472401
-866.9702970297029,0.07977642791312417
-866.950495049505,0.08325956060018418
-866.930693069307,0.08669538636981236
-866.9108910891089,0.09007653896403668
-866.8910891089109,0.09339634027648502
-866.8712871287129,0.09664868820874102
-866.8514851485148,0.09982796913574138
-866.8316831683168,0.10292898923028855
-866.8118811881188,0.10594692032331653
-866.7920792079209,0.10887725703369693
-866.7722772277227,0.11171578268642458
-866.7524752475248,0.11445854212320275
-866.7326732673267,0.117101819947949
-866.7128712871287,0.11964212307979805
-866.6930693069307,0.12207616673617551
-866.6732673267327,0.12440086315906686
-866.6534653465347,0.12661331254342933
-866.6336633663366,0.1287107957392008
-866.6138613861386,0.13069076838576263
-866.5940594059406,0.1325508562055631
-866.5742574257425,0.13428885123713466
-866.5544554455446,0.13590270883006247
-866.5346534653465,0.1373905452574909
-866.5148514851486,0.13875063582917543
-866.4950495049504,0.1399814134089076
-866.4752475247525,0.14108146725814014
-866.4554455445545,0.1420495421413659
-866.4356435643564,0.14288453764079295
-866.4158415841584,0.1435855076373005
-866.3960396039604,0.14415165992282603
-866.3762376237624,0.14458235591616597
-866.3564356435643,0.14487711046002966
-866.3366336633663,0.14503559168230729
-866.3168316831684,0.14505762090917493
-866.2970297029702,0.1449431726216591
-866.2772277227723,0.14469237445137842
-866.2574257425742,0.14430550721479585
-866.2376237623763,0.14378300498920887
-866.2178217821782,0.14312545523739695
-866.1980198019802,0.1423335989920879
-866.1782178217823,0.14140833111564555
-866.1584158415841,0.1403507006555828
-866.1386138613861,0.13916191132173916
-866.1188118811881,0.1378433221178885
-866.0990099009902,0.13639644816786073
-866.0792079207921,0.13482296178559122
-866.059405940594,0.13312469384928358
-866.0396039603961,0.13130363555341523
-866.0198019801979,0.12936194062839165
-866.0,0.1273019281378834
-865.9801980198021,0.1251260859888299
-865.960396039604,0.12283707532017171
-865.940594059406,0.12043773597564406
-865.9207920792079,0.11793109331543578
-865.90099009901,0.11532036668448833
-865.8811881188118,0.11260897993589102
-865.8613861386139,0.10980057451143274
-865.8415841584159,0.10689902571578971
-865.8217821782179,0.10390846299568758
-865.8019801980198,0.10083329526458902
-865.7821782178218,0.09767824261568314
-865.7623762376238,0.09444837616635772
-865.7425742574258,0.09114916831129166
-865.7227722772277,0.08778655637643136
-865.7029702970298,0.08436702362797818
-865.6831683168317,0.08089770288833732
-865.6633663366337,0.07738650976338761
-865.6435643564356,0.07384231484827325
-865.6237623762377,0.07027516744291135
-865.6039603960396,0.06669658748843246
-865.5841584158416,0.0631199478091824
-865.5643564356436,0.059560975305059036
-865.5445544554456,0.056038406925973554
-865.5247524752475,0.052574842160074964
-865.5049504950496,0.04919783343709126
-865.4851485148515,0.04594123814132788
-865.4653465346535,0.04284679823402084
-865.4455445544554,0.03996577550495309
-865.4257425742575,0.03736019493827583
-865.4059405940594,0.03510279464088381
-865.3861386138614,0.03327423998593086
-865.3663366336634,0.031955977335864964
-865.3465346534654,0.031218172923484964
-865.3267326732673,0.03110512917311993
-865.3069306930693,0.031623997239135844
-865.2871287128713,0.032742802260987074
-865.2673267326734,0.03439894591458601
-865.2475247524752,0.036513402285811375
-865.2277227722773,0.03900414990300836
-865.2079207920792,0.04179511828891678
-865.1881188118812,0.04482035868304306
-865.1683168316831,0.048024878772600484
-865.1485148514852,0.05136372822712605
-865.1287128712872,0.05480043219484216
-865.1089108910891,0.05830536156969072
-865.0891089108911,0.06185429121754115
-865.0693069306931,0.0654272173864086
-865.049504950495,0.06900742491637996
-865.0297029702971,0.07258076630406703
-865.009900990099,0.07613510989544553
-864.9900990099011,0.07965991896220925
-864.9702970297029,0.08314593047320518
-864.950495049505,0.08658490926622729
-864.9306930693069,0.08996945913951429
-864.9108910891089,0.09329287697131136
-864.8910891089109,0.09654903947713911
-864.8712871287129,0.0997323148384107
-864.8514851485149,0.10283749338613053
-864.8316831683168,0.10585973296763208
-864.8118811881188,0.10879451569384427
-864.7920792079209,0.11163761355941842
-864.7722772277227,0.11438506101965151
-864.7524752475248,0.11703313305198651
-864.7326732673267,0.11957832756328156
-864.7128712871288,0.12201735125714364
-864.6930693069306,0.12434710826770153
-864.6732673267327,0.1265646910140465
-864.6534653465347,0.12866737284285187
-864.6336633663366,0.13065260211501217
-864.6138613861386,0.1325179974607853
-864.5940594059406,0.13426134398184533
-864.5742574257426,0.13588059022116844
-864.5544554455446,0.1373738457555531
-864.5346534653465,0.1387393792924676
-864.5148514851486,0.1399756171746015
-864.4950495049504,0.14108114221322787
-864.4752475247525,0.14205469278544416
-864.4554455445544,0.1428951621424634
-864.4356435643565,0.14360159788556948
-864.4158415841584,0.1441732015746398
-864.3960396039604,0.1446093284409381
-864.3762376237624,0.14490948718183827
-864.3564356435643,0.1450733398202595
-864.3366336633663,0.14510070161622157
-864.3168316831684,0.14499154102204043
-864.2970297029703,0.14474597967668806
-864.2772277227723,0.14436429243859927
-864.2574257425742,0.14384690745982256
-864.2376237623763,0.14319440630852293
-864.2178217821781,0.14240752415054342
-864.1980198019802,0.14148715000560666
-864.1782178217823,0.1404343270981369
-864.1584158415842,0.13925025332865387
-864.1386138613861,0.13793628189806534
-864.1188118811881,0.13649392212457873
-864.0990099009902,0.13492484050235773
-864.0792079207921,0.13323086206157791
-864.059405940594,0.13141397210300781
-864.0396039603961,0.12947631839627385
-864.019801980198,0.12742021395087136
-864.0,0.12524814049395208
-863.980198019802,0.12296275281940543
-863.960396039604,0.12056688421200251
-863.940594059406,0.11806355319913751
-863.9207920792079,0.11545597194523956
-863.90099009901,0.11274755668363806
-863.8811881188119,0.10994194068359883
-863.8613861386139,0.10704299038284854
-863.8415841584159,0.10405482548938695
-863.8217821782179,0.10098184408300508
-863.8019801980198,0.09782875404595663
-863.7821782178218,0.09460061254837546
-863.7623762376238,0.09130287584216237
-863.7425742574258,0.08794146232412567
-863.7227722772277,0.08452283278063169
-863.7029702970298,0.08105409300904114
-863.6831683168317,0.07754312574472327
-863.6633663366337,0.0739987611593773
-863.6435643564356,0.0704309983285392
-863.6237623762377,0.06685129420664354
-863.6039603960396,0.0632729419810149
-863.5841584158416,0.05971156720604398
-863.5643564356436,0.05618577732371121
-863.5445544554456,0.05271800621877976
-863.5247524752475,0.04933559556395462
-863.5049504950495,0.046072138055962435
-863.4851485148515,0.04296905216758332
-863.4653465346535,0.040077224151096505
-863.4455445544554,0.03745828369147782
-863.4257425742575,0.03518463153050755
-863.4059405940594,0.033336793288971975
-863.3861386138614,0.03199646134081489
-863.3663366336634,0.03123459011056456
-863.3465346534654,0.03109679649427417
-863.3267326732673,0.03159179574707592
-863.3069306930693,0.03268899541012152
-863.2871287128713,0.03432666544394752
-863.2673267326733,0.0364260638654186
-863.2475247524752,0.03890501136427349
-863.2277227722773,0.04168704382618476
-863.2079207920792,0.04470574713845911
-863.1881188118812,0.047905686486450355
-863.1683168316831,0.05124153178533144
-863.1485148514852,0.05467649944606612
-863.1287128712872,0.05818071643194542
-863.1089108910891,0.06172976749565069
-863.0891089108911,0.06530350137517958
-863.0693069306931,0.06888508829442708
-863.049504950495,0.07246029122093675
-863.029702970297,0.0760169080132591
-863.009900990099,0.07954434590474728
-862.9900990099011,0.0830332968177349
-862.9702970297029,0.08647548894027784
-862.950495049505,0.08986349586834019
-862.9306930693069,0.0931905892565378
-862.9108910891089,0.09645062446362161
-862.8910891089109,0.099637951335089
-862.8712871287129,0.10274734423942233
-862.8514851485149,0.10577394693617743
-862.8316831683168,0.10871322893720027
-862.8118811881188,0.11156095082582834
-862.7920792079208,0.11431313659825802
-862.7722772277227,0.11696605153943264
-862.7524752475248,0.11951618448348032
-862.7326732673267,0.12196023356440192
-862.7128712871288,0.12429509475676927
-862.6930693069306,0.1265178526556516
-862.6732673267327,0.12862577305945067
-862.6534653465347,0.13061629700852118
-862.6336633663366,0.1324870360015552
-862.6138613861386,0.1342357681664982
-862.5940594059406,0.13586043520530675
-862.5742574257426,0.13735913996632187
-862.5544554455445,0.13873014452486399
-862.5346534653465,0.1399718686749227
-862.5148514851486,0.14108288875214461
-862.4950495049504,0.14206193672295145
-862.4752475247525,0.14290789948644855
-862.4554455445544,0.14361981834533855
-862.4356435643565,0.14419688861059082
-862.4158415841584,0.14463845931123898
-862.3960396039604,0.14494403298676786
-862.3762376237624,0.14511326554470447
-862.3564356435643,0.1451459661706475
-862.3366336633663,0.14504209728207337
-862.3168316831683,0.14480177452139195
-862.2970297029703,0.14442526678719642
-862.2772277227723,0.14391299630670706
-862.2574257425742,0.14326553875602163
-862.2376237623763,0.14248362343892457
-862.2178217821781,0.14156813353943923
-862.1980198019802,0.1405201064681177
-862.1782178217823,0.1393407343276142
-862.1584158415842,0.13803136452965917
-862.1386138613861,0.13659350060283879
-862.1188118811881,0.13502880323988514
-862.0990099009902,0.13333909164364818
-862.079207920792,0.13152634524435552
-862.059405940594,0.1295927058765275
-862.0396039603961,0.12754048052386127
-862.019801980198,0.12537214476483166
-862.0,0.12309034708240109
-861.980198019802,0.1206979142397402
-861.960396039604,0.11819785797236017
-861.940594059406,0.11559338330904917
-861.9207920792079,0.11288789891283742
-861.90099009901,0.11008502993513862
-861.8811881188119,0.1071886340076256
-861.8613861386139,0.1042028211679362
-861.8415841584158,0.10113197873967839
-861.8217821782179,0.09798080248297523
-861.8019801980198,0.09475433572379466
-861.7821782178218,0.09145801869248342
-861.7623762376238,0.08809775100142994
-861.7425742574258,0.08467997113242401
-861.7227722772277,0.08121175807325802
-861.7029702970298,0.07770096195743936
-861.6831683168317,0.07415637287283375
-861.6633663366337,0.07058794010489351
-861.6435643564356,0.06700705818251611
-861.6237623762377,0.06342694138603203
-861.6039603960396,0.0598631148773778
-861.5841584158416,0.05633405783164103
-861.5643564356436,0.05286204012893945
-861.5445544554456,0.049474194694334075
-861.5247524752475,0.04620385194350644
-861.5049504950495,0.043092109479960734
-861.4851485148515,0.04018948031276252
-861.4653465346535,0.03755719966116406
-861.4455445544554,0.035267328402543555
-861.4257425742575,0.0334002444189986
-861.4059405940594,0.032037871896828836
-861.3861386138614,0.03125193641080898
-861.3663366336634,0.031089357574808574
-861.3465346534654,0.03156041622467847
-861.3267326732673,0.032635917292344004
-861.3069306930693,0.03425501935817787
-861.2871287128713,0.0363392808074584
-861.2673267326733,0.03880637296813397
-861.2475247524752,0.04157943961474829
-861.2277227722773,0.04459159875259585
-861.2079207920792,0.047786968976849184
-861.1881188118812,0.051119836267744204
-861.1683168316831,0.054553104664712325
-861.1485148514852,0.05805665427892552
-861.1287128712872,0.061605877494825635
-861.1089108910891,0.06518047383465056
-861.0891089108911,0.0687634976262502
-861.0693069306931,0.07234062134813204
-861.049504950495,0.07589957164773291
-861.029702970297,0.07942969916974957
-861.009900990099,0.08292165036663522
-860.9900990099011,0.0863671164465698
-860.9702970297029,0.08975864054177207
-860.950495049505,0.093089468872714
-860.9306930693069,0.09635343526897229
-860.9108910891089,0.09954487109644844
-860.8910891089109,0.10265853463922166
-860.8712871287129,0.10568955546408212
-860.8514851485149,0.10863339039182333
-860.8316831683168,0.11148578851294282
-860.8118811881188,0.11424276329121624
-860.7920792079208,0.11690057025252111
-860.7722772277227,0.11945568909732933
-860.7524752475248,0.12190480933380135
-860.7326732673267,0.12424481872475984
-860.7128712871288,0.12647279399265612
-860.6930693069306,0.1285859933422309
-860.6732673267327,0.13058185045078124
-860.6534653465347,0.13245796964564058
-860.6336633663366,0.13421212204374453
-860.6138613861386,0.13584224247120255
-860.5940594059406,0.13734642701535124
-860.5742574257426,0.13872293108913022
-860.5544554455445,0.13997016790976485
-860.5346534653465,0.1410867073114241
-860.5148514851486,0.14207127482617862
-860.4950495049504,0.1429227509794603
-860.4752475247525,0.14364017075600405
-860.4554455445544,0.14422272320062618
-860.4356435643565,0.1446697511250013
-860.4158415841584,0.14498075089775153
-860.3960396039604,0.1451553723001858
-860.3762376237624,0.1451934184347954
-860.3564356435643,0.1450948456777212
-860.3366336633663,0.14485976367043904
-860.3168316831683,0.14448843534953523
-860.2970297029703,0.14398127701740315
-860.2772277227723,0.14333885846025668
-860.2574257425742,0.14256190312419748
-860.2376237623763,0.14165128836416227
-860.2178217821781,0.1406080457856504
-860.1980198019802,0.1394333617045297
-860.1782178217823,0.13812857775667722
-860.1584158415842,0.13669519169669864
-860.1386138613861,0.13513485843384926
-860.1188118811881,0.13344939136402753
-860.0990099009902,0.13164076406970612
-860.079207920792,0.12971111247567432
-860.059405940594,0.1276627375677984
-860.0396039603961,0.1254981088066771
-860.019801980198,0.12321986839811452
-860.0,0.12083083662066406
-859.980198019802,0.11833401845852129
-859.960396039604,0.11573261184934067
-859.940594059406,0.11303001793487438
-859.9207920792079,0.11022985380295246
-859.90099009901,0.1073359683396069
-859.8811881188119,0.1043524619799599
-859.8613861386139,0.1012837113683028
-859.8415841584158,0.09813440023071292
-859.8217821782179,0.09490955815118826
-859.8019801980198,0.09161460945870295
-859.7821782178218,0.08825543512454762
-859.7623762376238,0.08483845149943628
-859.7425742574258,0.08137071097475178
-859.7227722772277,0.07786003134778341
-859.7029702970298,0.07431516295800356
-859.6831683168317,0.07074600572962815
-859.6633663366337,0.067163892319608
-859.6435643564356,0.06358195882119902
-859.6237623762377,0.060015630943115156
-859.6039603960396,0.05648326081620958
-859.5841584158416,0.05300695589065159
-859.5643564356436,0.04961364232344685
-859.5445544554456,0.046336390621767504
-859.5247524752475,0.04321598010719385
-859.5049504950495,0.040302552824259055
-859.4851485148515,0.03765695038478051
-859.4653465346536,0.03535089139498092
-859.4455445544554,0.033464598173697714
-859.4257425742575,0.032080212680887406
-859.4059405940594,0.03127021461289999
-859.3861386138614,0.03108281432098822
-859.3663366336633,0.03152985937244513
-859.3465346534654,0.03258356693086865
-859.3267326732674,0.03418400468231342
-859.3069306930693,0.03625304812214953
-859.2871287128713,0.038708227950725815
-859.2673267326733,0.041472297482493106
-859.2475247524752,0.04447790432402879
-859.2277227722773,0.04766871634507989
-859.2079207920792,0.05099863134460233
-859.1881188118813,0.05443023729335501
-859.1683168316831,0.05793316447707242
-859.1485148514852,0.061482610617154924
-859.1287128712871,0.06505812428508878
-859.1089108910891,0.06864264261164146
-859.0891089108911,0.07222174661113978
-859.0693069306931,0.07578309098537642
-859.0495049504951,0.07931596923231167
-859.029702970297,0.08281098190557061
-859.009900990099,0.08625978289917922
-858.9900990099011,0.08965488461714377
-858.9702970297029,0.09298950763303768
-858.950495049505,0.09625746407309813
-858.9306930693069,0.09945306667857534
-858.910891089109,0.10257105752622553
-858.8910891089108,0.10560655188413626
-858.8712871287129,0.10855499378940892
-858.8514851485149,0.11141212075742989
-858.8316831683168,0.11417393564568891
-858.8118811881188,0.11683668415393476
-858.7920792079208,0.11939683678750704
-858.7722772277228,0.12185107437201888
-858.7524752475248,0.12419627640593826
-858.7326732673267,0.12642951169004765
-858.7128712871288,0.12854803078959595
-858.6930693069306,0.13054925997588365
-858.6732673267327,0.1324307963646528
-858.6534653465346,0.13419040402417196
-858.6336633663367,0.13582601086938756
-858.6138613861386,0.13733570619370752
-858.5940594059406,0.13871773871701837
-858.5742574257426,0.1399705150513208
-858.5544554455445,0.14109259850301517
-858.5346534653465,0.14208270814572158
-858.5148514851486,0.1429397181092383
-858.4950495049505,0.14366265704052053
-858.4752475247525,0.14425070770053222
-858.4554455445544,0.1447032066680822
-858.4356435643565,0.14501964412753202
-858.4158415841583,0.14519966372273244
-858.3960396039604,0.14524306246397892
-858.3762376237624,0.1451497906791676
-858.3564356435644,0.14491995200405888
-858.3366336633663,0.1445538034106776
-858.3168316831683,0.14405175527616076
-858.2970297029703,0.1434143714986656
-858.2772277227723,0.14264236967060062
-858.2574257425742,0.14173662132403114
-858.2376237623763,0.1406981522678478
-858.2178217821782,0.1395281430418093
-858.1980198019802,0.13822792951893326
-858.1782178217821,0.1367990036951021
-858.1584158415842,0.13524301471371142
-858.1386138613861,0.13356177018368573
-858.1188118811881,0.13175723786222918
-858.0990099009902,0.1298315477893776
-858.0792079207921,0.1277869949808067
-858.059405940594,0.1256260428096767
-858.0396039603961,0.12335132723806981
-858.019801980198,0.12096566209656806
-858.0,0.1184720456582134
-857.980198019802,0.11587366881368527
-857.960396039604,0.11317392523208648
-857.940594059406,0.11037642399147084
-857.9207920792079,0.10748500529222736
-857.90099009901,0.10450376003423474
-857.8811881188119,0.10143705425874362
-857.8613861386139,0.09828955974519811
-857.8415841584158,0.09506629243690991
-857.8217821782179,0.09177266088058271
-857.8019801980199,0.08841452754840753
-857.7821782178218,0.08499828683179818
-857.7623762376238,0.08153096473659226
-857.7425742574258,0.0780203469864636
-857.7227722772277,0.07447514450398357
-857.7029702970297,0.07090520827549314
-857.6831683168317,0.06732180963224253
-857.6633663366338,0.06373800719032473
-857.6435643564356,0.06016912813091583
-857.6237623762377,0.05663339874527927
-857.6039603960396,0.05315276560472855
-857.5841584158416,0.04975395004853197
-857.5643564356436,0.04646976501450596
-857.5445544554456,0.04334067409818015
-857.5247524752476,0.0404164506425163
-857.5049504950495,0.037757543533813165
-857.4851485148515,0.035435326790338534
-857.4653465346535,0.03352985950204655
-857.4455445544554,0.032123487523312295
-857.4257425742575,0.031289427658740834
-857.4059405940594,0.031077168792690978
-857.3861386138615,0.031500126042740606
-857.3663366336633,0.032531943490443284
-857.3465346534654,0.034113618561623565
-857.3267326732674,0.03616736091186001
-857.3069306930693,0.0386105696121674
-857.2871287128713,0.04136560929804976
-857.2673267326733,0.04436465467551174
-857.2475247524753,0.04755091870647618
-857.2277227722772,0.050877906695297195
-857.2079207920792,0.05430788678277074
-857.1881188118813,0.05781023640284389
-857.1683168316831,0.06135995627850849
-857.1485148514852,0.06493644226547288
-857.1287128712871,0.06852251297486041
-857.1089108910892,0.0721036569661649
-857.0891089108911,0.07566745624998338
-857.0693069306931,0.07920314661153706
-857.0495049504951,0.08270128227096861
-857.029702970297,0.08615347946974432
-857.009900990099,0.08955221961610763
-856.990099009901,0.09289069742163923
-856.970297029703,0.09616270313337041
-856.950495049505,0.09936253072144949
-856.9306930693069,0.10248490593129224
-856.910891089109,0.10552492962547466
-856.8910891089108,0.1084780329639622
-856.8712871287129,0.11133994180414032
-856.8514851485149,0.11410664832274824
-856.8316831683169,0.11677438832577179
-856.8118811881188,0.11933962306149372
-856.7920792079208,0.12179902461578584
-856.7722772277228,0.1241494641696756
-856.7524752475247,0.12638800255280355
-856.7326732673267,0.1285118826446217
-856.7128712871288,0.13051852326710384
-856.6930693069307,0.13240551428375924
-856.6732673267327,0.13417061267602012
-856.6534653465346,0.13581173941203678
-856.6336633663367,0.13732697695790008
-856.6138613861386,0.13871456730932893
-856.5940594059406,0.13997291044420776
-856.5742574257426,0.14110056311450922
-856.5544554455446,0.14209623791082468
-856.5346534653465,0.1429588025449631
-856.5148514851485,0.14368727930585343
-856.4950495049505,0.1442808446525247
-856.4752475247525,0.14473882891495257
-856.4554455445544,0.1450607160794387
-856.4356435643565,0.14524614364072075
-856.4158415841584,0.14529490250742064
-856.3960396039604,0.145206936951818
-856.3762376237624,0.1449823445988411
-856.3564356435644,0.14462137645292883
-856.3366336633663,0.14412443696520078
-856.3168316831683,0.14349208414713466
-856.2970297029703,0.14272502974106888
-856.2772277227723,0.141824139462029
-856.2574257425742,0.14079043333035443
-856.2376237623763,0.13962508612002764
-856.2178217821782,0.13832942795379735
-856.1980198019802,0.13690494508372458
-856.1782178217821,0.13535328090458895
-856.1584158415842,0.13367623725800795
-856.1386138613861,0.13187577609800014
-856.1188118811881,0.1299540216044874
-856.0990099009902,0.1279132628502814
-856.0792079207921,0.12575595715119697
-856.059405940594,0.1234847342586457
-856.039603960396,0.12110240159152585
-856.019801980198,0.11861195075157603
-856.0,0.11601656562623691
-855.980198019802,0.11331963246021533
-855.960396039604,0.11052475237521076
-855.940594059406,0.10763575694542125
-855.9207920792079,0.10465672760231223
-855.90099009901,0.10159201985975297
-855.8811881188119,0.09844629363718685
-855.8613861386139,0.09522455133776077
-855.8415841584158,0.09193218584393985
-855.8217821782179,0.08857504126944715
-855.8019801980198,0.08515949021646772
-855.7821782178218,0.08169253251392533
-855.7623762376238,0.07818192207155375
-855.7425742574258,0.07463633072246967
-855.7227722772277,0.07106556093321863
-855.7029702970297,0.06748082324836821
-855.6831683168317,0.06389509950687494
-855.6633663366338,0.060323619274856424
-855.6435643564356,0.056784484190825074
-855.6237623762377,0.05329948147532764
-855.6039603960396,0.049895129571353995
-855.5841584158416,0.046603986153700254
-855.5643564356435,0.04346620161669606
-855.5445544554456,0.040531182848774244
-855.5247524752476,0.037858986915156934
-855.5049504950495,0.035520641016890335
-855.4851485148515,0.033596033505345624
-855.4653465346535,0.03216770040874862
-855.4455445544554,0.03130957864442966
-855.4257425742575,0.03107242320443998
-855.4059405940594,0.03147121724092028
-855.3861386138615,0.03248104627848445
-855.3663366336633,0.0340438582623974
-855.3465346534654,0.03608221437127752
-855.3267326732673,0.038513391316100966
-855.3069306930693,0.04125936696962287
-855.2871287128713,0.04425184065229187
-855.2673267326733,0.04743356618837308
-855.2475247524753,0.050757652006154355
-855.2277227722772,0.054186042589577946
-855.2079207920792,0.05768785944033071
-855.1881188118813,0.061237903906043493
-855.1683168316831,0.064815417331134
-855.1485148514852,0.06840309846232524
-855.1287128712871,0.07198634239791832
-855.1089108910892,0.07555265770051056
-855.089108910891,0.07909122186850884
-855.0693069306931,0.08259254234811299
-855.0495049504951,0.086048197385607
-855.029702970297,0.08945063712279154
-855.009900990099,0.0927930301918931
-854.990099009901,0.09606914478301716
-854.970297029703,0.09927325594742063
-854.950495049505,0.10240007297404324
-854.9306930693069,0.10544468221223793
-854.910891089109,0.10840250185060733
-854.8910891089108,0.11126924600498668
-854.8712871287129,0.11404089609630812
-854.8514851485148,0.11671367796864512
-854.8316831683169,0.11928404355074068
-854.8118811881188,0.12174865613108844
-854.7920792079208,0.12410437851974612
-854.7722772277228,0.12634826352524675
-854.7524752475247,0.12847754629456776
-854.7326732673267,0.13048963815653397
-854.7128712871288,0.1323821216813339
-854.6930693069307,0.13415274672506072
-854.6732673267327,0.1357994272729065
-854.6534653465346,0.13732023892986178
-854.6336633663367,0.1387134169359594
-854.6138613861385,0.139977354605661
-854.5940594059406,0.14111060210936122
-854.5742574257426,0.14211186552970975
-854.5544554455446,0.1429800061376825
-854.5346534653465,0.14371403984352996
-854.5148514851485,0.14431313678584817
-854.4950495049505,0.14477662102938968
-854.4752475247525,0.14510397034817898
-854.4554455445544,0.14529481607577385
-854.4356435643565,0.14534894300919926
-854.4158415841584,0.14526628935739294
-854.3960396039604,0.1450469467288674
-854.3762376237623,0.14469116015710567
-854.3564356435644,0.14419932816600248
-854.3366336633663,0.14357200288137784
-854.3168316831683,0.14280989019870768
-854.2970297029703,0.1419138500214155
-854.2772277227723,0.14088489658901412
-854.2574257425742,0.13972419891962704
-854.2376237623763,0.13843308139795155
-854.2178217821782,0.13701302454678643
-854.1980198019802,0.13546566602919552
-854.1782178217821,0.1337928019387521
-854.1584158415842,0.1319963884480514
-854.1386138613861,0.13007854390121265
-854.1188118811881,0.12804155145512378
-854.0990099009902,0.12588786239800814
-854.0792079207921,0.12362010030332253
-854.059405940594,0.12124106621425684
-854.039603960396,0.11875374510067095
-854.019801980198,0.11616131389019477
-854.0,0.11346715145094875
-853.980198019802,0.11067485100127826
-853.960396039604,0.1077882355482424
-853.940594059406,0.10481137712114451
-853.9207920792079,0.10174862078156449
-853.9009900990098,0.09860461467490822
-853.8811881188119,0.095384347763792
-853.8613861386139,0.09209319738342078
-853.8415841584158,0.08873698942842871
-853.8217821782179,0.0853220748800847
-853.8019801980198,0.0818554275968742
-853.7821782178218,0.07834476993129819
-853.7623762376238,0.07479873495065541
-853.7425742574258,0.07122707701444192
-853.7227722772277,0.06764094641243161
-853.7029702970297,0.06405324889688924
-853.6831683168317,0.060479117318268064
-853.6633663366337,0.0569365298318125
-853.6435643564356,0.053447115812629835
-853.6237623762377,0.05003719270071911
-853.6039603960396,0.046739065181898576
-853.5841584158416,0.04359257294345392
-853.5643564356435,0.040646758650406914
-853.5445544554456,0.03796128847261596
-853.5247524752476,0.03560684064980246
-853.5049504950495,0.033663125438353175
-853.4851485148515,0.032212855477222586
-853.4653465346535,0.03133067082135196
-853.4455445544554,0.031068579926497857
-853.4257425742574,0.03144313412647059
-853.4059405940594,0.03243087474620292
-853.3861386138615,0.03397472117281929
-853.3663366336633,0.03599760378773213
-853.3465346534654,0.03841668648927161
-853.3267326732673,0.04115356244393329
-853.3069306930693,0.04413945312051253
-853.2871287128713,0.047316648928142906
-853.2673267326733,0.05063785696818668
-853.2475247524753,0.054064694173898836
-853.2277227722772,0.05756602297885012
-853.2079207920792,0.061116442935911224
-853.1881188118812,0.06469503905137546
-853.1683168316831,0.06828438884034835
-853.1485148514852,0.0718697929174382
-853.1287128712871,0.07543868562893893
-853.1089108910892,0.0789801856042201
-853.089108910891,0.08248475306914504
-853.0693069306931,0.08594392792790453
-853.0495049504951,0.08935012878205728
-853.029702970297,0.09269649796469993
-853.009900990099,0.0959767814295352
-852.990099009901,0.0991852351597231
-852.970297029703,0.10231655186146958
-852.9504950495049,0.10536580326224693
-852.9306930693069,0.10832839448434636
-852.910891089109,0.11120002781780905
-852.8910891089108,0.11397667385210403
-852.8712871287129,0.11665454840070288
-852.8514851485148,0.11923009400982745
-852.8316831683169,0.12169996511247566
-852.8118811881188,0.12406101609369873
-852.7920792079208,0.12631029169057484
-852.7722772277228,0.12844501927040525
-852.7524752475247,0.13046260262468456
-852.7326732673267,0.13236061698874144
-852.7128712871287,0.13413680505435616
-852.6930693069307,0.13578907378721083
-852.6732673267327,0.1373154918969802
-852.6534653465346,0.13871428783604603
-852.6336633663367,0.13998384822572355
-852.6138613861385,0.14112271662727205
-852.5940594059406,0.1421295925899958
-852.5742574257426,0.1430033309208398
-852.5544554455446,0.1437429411302744
-852.5346534653465,0.1443475870175031
-852.5148514851485,0.14481658636528652
-852.4950495049505,0.14514941072073018
-852.4752475247524,0.14534568524370645
-852.4554455445544,0.14540518860932572
-852.4356435643565,0.14532785295504214
-852.4158415841584,0.1451137638669611
-852.3960396039604,0.14476316040382814
-852.3762376237623,0.14427643516071084
-852.3564356435644,0.1436541343783971
-852.3366336633663,0.14289695810832742
-852.3168316831683,0.142005760447388
-852.2970297029703,0.14098154986154599
-852.2772277227723,0.1398254896226657
-852.2574257425742,0.13853889838925088
-852.2376237623762,0.13712325096899936
-852.2178217821782,0.13558017930978772
-852.1980198019802,0.13391147377609383
-852.1782178217821,0.13211908478049525
-852.1584158415842,0.13020512485525731
-852.1386138613861,0.12817187126794258
-852.1188118811881,0.12602176930859224
-852.0990099009902,0.12375743640511455
-852.0792079207921,0.12138166726054603
-852.059405940594,0.11889744025199743
-852.039603960396,0.1163079253903009
-852.019801980198,0.11361649421445807
-852.0,0.11082673209203334
-851.980198019802,0.1079424535215187
-851.960396039604,0.10496772119581445
-851.940594059406,0.10190686979869948
-851.9207920792079,0.09876453578684001
-851.9009900990098,0.09554569478108776
-851.8811881188119,0.09225570868539851
-851.861386138614,0.0889003853133011
-851.8415841584158,0.08548605419190285
-851.8217821782179,0.08201966341347199
-851.8019801980198,0.07850890402716114
-851.7821782178218,0.07496237065418099
-851.7623762376237,0.07138976995462382
-851.7425742574258,0.06780219248836292
-851.7227722772278,0.06421246860190379
-851.7029702970297,0.06063563531665486
-851.6831683168317,0.05708954845695841
-851.6633663366337,0.0535956810356161
-851.6435643564356,0.050180151355117074
-851.6237623762377,0.046875013354622526
-851.6039603960396,0.04371979847830406
-851.5841584158417,0.04076318738272333
-851.5643564356435,0.03806445628841525
-851.5445544554456,0.03569393241252944
-851.5247524752476,0.033731140710383606
-851.5049504950495,0.03225895702529906
-851.4851485148515,0.0313527075972612
-851.4653465346535,0.0310656414860047
-851.4455445544555,0.031415878014235336
-851.4257425742574,0.03238142848982623
-851.4059405940594,0.03390620480386975
-851.3861386138615,0.0359135245414978
-851.3663366336633,0.03832044862106265
-851.3465346534654,0.04104818770508594
-851.3267326732673,0.04402748296554985
-851.3069306930694,0.047200157071150155
-851.2871287128713,0.050518511274847584
-851.2673267326733,0.053943830997007745
-851.2475247524753,0.05744471641055391
-851.2277227722772,0.06099556281079817
-851.2079207920792,0.06457529700712318
-851.1881188118812,0.06816637389279893
-851.1683168316832,0.07175399855977843
-851.1485148514852,0.0753255303581065
-851.1287128712871,0.07887002845748614
-851.1089108910892,0.08237790541109163
-851.089108910891,0.08584066242973859
-851.0693069306931,0.089250686297718
-851.0495049504951,0.09260109282683238
-851.0297029702971,0.09588560555311379
-851.009900990099,0.09909846124096143
-850.990099009901,0.10223433588648488
-850.970297029703,0.10528828648570872
-850.9504950495049,0.10825570499885857
-850.9306930693069,0.11113228180526646
-850.910891089109,0.11391397658669081
-850.8910891089109,0.1165969950567343
-850.8712871287129,0.11917777031565646
-850.8514851485148,0.12165294788227494
-850.8316831683169,0.12401937366222271
-850.8118811881188,0.12627408427026027
-850.7920792079208,0.1284142992464244
-850.7722772277228,0.13043741480018267
-850.7524752475248,0.13234099879007685
-850.7326732673267,0.13412278670414837
-850.7128712871287,0.13578067845160785
-850.6930693069307,0.13731273581214173
-850.6732673267327,0.13871718041811174
-850.6534653465346,0.13999239216749285
-850.6336633663367,0.14113690798445422
-850.6138613861386,0.14214942085912846
-850.5940594059406,0.14302877911075088
-850.5742574257426,0.14377398582853188
-850.5544554455446,0.14438419845290335
-850.5346534653465,0.14485872846741624
-850.5148514851485,0.14519704117717083
-850.4950495049505,0.14539875555547527
-850.4752475247525,0.1454636441447947
-850.4554455445544,0.14539163300248628
-850.4356435643565,0.1451828016858953
-850.4158415841584,0.1448373832748262
-850.3960396039604,0.14435576443354195
-850.3762376237623,0.14373848551799198
-850.3564356435644,0.14298624073802293
-850.3366336633665,0.14209987838867702
-850.3168316831683,0.14108040116929052
-850.2970297029703,0.1399289666146597
-850.2772277227723,0.13864688766858324
-850.2574257425742,0.13723563343748843
-850.2376237623762,0.13569683017022152
-850.2178217821782,0.13403226252074787
-850.1980198019803,0.13224387516268413
-850.1782178217821,0.13033377484004455
-850.1584158415842,0.12830423295735
-850.1386138613861,0.12615768883549913
-850.1188118811881,0.12389675378890211
-850.0990099009902,0.12152421621567977
-850.0792079207921,0.11904304793896209
-850.0594059405942,0.11645641209541874
-850.039603960396,0.11376767294202714
-850.019801980198,0.11098040804770472
-850.0,0.10809842346052685
-849.980198019802,0.10512577260223244
-849.960396039604,0.10206677985271825
-849.940594059406,0.0989260700644863
-849.920792079208,0.09570860561463197
-849.9009900990098,0.09241973309077893
-849.8811881188119,0.08906524236212647
-849.861386138614,0.08565144166667055
-849.8415841584158,0.08218525353257806
-849.8217821782179,0.0786743379566822
-849.8019801980198,0.07512725143009723
-849.7821782178219,0.07155365331604961
-849.7623762376237,0.06796457496252559
-849.7425742574258,0.06437277198189495
-849.7227722772278,0.06079318644056875
-849.7029702970297,0.057243552967618135
-849.6831683168317,0.05374518967477549
-849.6633663366337,0.05032401756530687
-849.6435643564357,0.047011842042801566
-849.6237623762377,0.04384788874236416
-849.6039603960396,0.040880478510887434
-849.5841584158417,0.038168498584836924
-849.5643564356435,0.03578192317809079
-849.5445544554456,0.03380008488660555
-849.5247524752475,0.0323060095072341
-849.5049504950496,0.031375692537476595
-849.4851485148515,0.03106361056818258
-849.4653465346535,0.031389450375708616
-849.4455445544555,0.03233270725186929
-849.4257425742574,0.03383830679036366
-849.4059405940594,0.03582997210620323
-849.3861386138615,0.038224671263241694
-849.3663366336634,0.040943234773516586
-849.3465346534654,0.043915921090404035
-849.3267326732673,0.047084080768766426
-849.3069306930694,0.050399604619817046
-849.2871287128712,0.05382344251892095
-849.2673267326733,0.057323929127966064
-849.2475247524753,0.06087525297750489
-849.2277227722773,0.06445618078857639
-849.2079207920792,0.06804904341880845
-849.1881188118812,0.07163894938185435
-849.1683168316832,0.07521318223958703
-849.1485148514852,0.07876074110293005
-849.1287128712871,0.08227199039391435
-849.1089108910892,0.08573839227426062
-849.0891089108911,0.08915230143072235
-849.0693069306931,0.09250680692924515
-849.049504950495,0.09579560970500871
-849.0297029702971,0.09901292715163745
-849.009900990099,0.10215341842658596
-848.990099009901,0.10521212568394095
-848.970297029703,0.1081844276253067
-848.950495049505,0.11106600263375475
-848.9306930693069,0.11385279940643198
-848.910891089109,0.11654101348728045
-848.8910891089109,0.11912706846659785
-848.8712871287129,0.12160760088995265
-848.8514851485148,0.12397944812856802
-848.8316831683169,0.12623963862359364
-848.8118811881188,0.12838538403978794
-848.7920792079208,0.13041407295945182
-848.7722772277228,0.13232326582195547
-848.7524752475248,0.13411069087176522
-848.7326732673267,0.13577424092417778
-848.7128712871287,0.1373119707938377
-848.6930693069307,0.13872209526023277
-848.6732673267327,0.14000298746741915
-848.6534653465346,0.1411531776740492
-848.6336633663367,0.14217135228482858
-848.6138613861386,0.14305635310723464
-848.5940594059406,0.14380717678721103
-848.5742574257425,0.14442297438667018
-848.5544554455446,0.14490305107228788
-848.5346534653465,0.14524686589168612
-848.5148514851485,0.14545403161826906
-848.4950495049505,0.14552431465067758
-848.4752475247525,0.145457634957237
-848.4554455445544,0.1452540660597054
-848.4356435643565,0.1449138350543494
-848.4158415841584,0.14443732267222514
-848.3960396039604,0.14382506338427312
-848.3762376237623,0.14307774556080205
-848.3564356435644,0.14219621169927324
-848.3366336633663,0.14118145873896235
-848.3168316831683,0.14003463848640066
-848.2970297029703,0.1387570581818289
-848.2772277227723,0.1373501812438093
-848.2574257425742,0.1358156282380047
-848.2376237623762,0.13415517812608724
-848.2178217821782,0.1323707698634134
-848.1980198019803,0.13046450442901558
-848.1782178217821,0.12843864739028493
-848.1584158415842,0.12629563212772607
-848.1386138613861,0.1240380638739153
-848.1188118811881,0.12166872475697552
-848.09900990099,0.1191905800844496
-848.0792079207921,0.11660678616114815
-848.0594059405942,0.11392070000869549
-848.039603960396,0.11113589144912865
-848.019801980198,0.10825615813776295
-848.0,0.105285544289955
-847.980198019802,0.1022283640550362
-847.960396039604,0.09908923076529012
-847.940594059406,0.09587309365118295
-847.920792079208,0.09258528409796586
-847.9009900990098,0.08923157416602037
-847.8811881188119,0.08581825096762398
-847.8613861386139,0.08235221166688582
-847.8415841584158,0.07884108545655964
-847.8217821782179,0.07529339100992567
-847.8019801980198,0.07171874079085692
-847.7821782178219,0.06812810744673722
-847.7623762376237,0.06453417251828775
-847.7425742574258,0.0609517839786125
-847.7227722772278,0.05739855638067132
-847.7029702970297,0.05389565437494022
-847.6831683168317,0.05046880347698126
-847.6633663366337,0.04714956273522063
-847.6435643564357,0.04397685438024682
-847.6237623762376,0.04099864163181481
-847.6039603960396,0.03827342372580698
-847.5841584158417,0.03587081997052617
-847.5643564356435,0.033869963689256925
-847.5445544554456,0.03235401753620112
-847.5247524752475,0.03139962936608655
-847.5049504950496,0.031062490017568056
-847.4851485148515,0.03136385284036699
-847.4653465346535,0.03228471092252595
-847.4455445544555,0.03377102489197399
-847.4257425742574,0.03574694204929305
-847.4059405940594,0.03812934802957181
-847.3861386138614,0.04083869570500445
-847.3663366336634,0.04380475841408953
-847.3465346534654,0.046968410176362815
-847.3267326732673,0.05028112669469979
-847.3069306930694,0.05370351819604374
-847.2871287128712,0.05720365052161307
-847.2673267326733,0.06075550288457192
-847.2475247524753,0.06433767999278345
-847.2277227722773,0.06793238723046549
-847.2079207920792,0.07152463546016026
-847.1881188118812,0.0751016316515151
-847.1683168316832,0.07865231424891848
-847.1485148514851,0.0821669990785366
-847.1287128712871,0.08563710889283897
-847.1089108910892,0.08905496599743683
-847.0891089108911,0.09241363248540266
-847.0693069306931,0.09570678650605238
-847.049504950495,0.09892862592868995
-847.0297029702971,0.10207379294247224
-847.009900990099,0.10513731474809727
-846.990099009901,0.10811455669120909
-846.970297029703,0.11100118507232742
-846.950495049505,0.113793137526552
-846.9306930693069,0.11648659935777608
-846.9108910891089,0.11907798458183011
-846.8910891089109,0.12156392071141997
-846.8712871287129,0.12394123652795841
-846.8514851485148,0.12620695224724907
-846.8316831683169,0.1283582716102096
-846.8118811881188,0.13039257552647698
-846.7920792079208,0.13230741697337858
-846.7722772277228,0.1341005169115421
-846.7524752475248,0.1357697610244948
-846.7326732673267,0.13731319712629364
-846.7128712871287,0.13872903311030813
-846.6930693069307,0.14001563533564024
-846.6732673267327,0.14117152736655575
-846.6534653465346,0.14219538899569326
-846.6336633663367,0.14308605549418404
-846.6138613861386,0.14384251704239476
-846.5940594059406,0.14446391830345034
-846.5742574257425,0.14494955810908833
-846.5544554455446,0.14529888923354714
-846.5346534653465,0.14551151823655997
-846.5148514851485,0.14558720536137795
-846.4950495049505,0.1455258644778846
-846.4752475247525,0.14532756306504999
-846.4554455445544,0.1449925222305945
-846.4356435643564,0.1445211167695647
-846.4158415841584,0.14391387526731028
-846.3960396039604,0.14317148025626522
-846.3762376237623,0.14229476844022002
-846.3564356435644,0.14128473100453084
-846.3366336633663,0.14014251403592565
-846.3168316831683,0.13886941908182043
-846.2970297029703,0.13746690388601746
-846.2772277227723,0.1359365833464404
-846.2574257425742,0.13428023075034748
-846.2376237623762,0.13249977935519208
-846.2178217821782,0.13059732439794183
-846.1980198019802,0.12857512563443696
-846.1782178217821,0.12643561053316457
-846.1584158415842,0.12418137827623336
-846.1386138613861,0.12181520475633016
-846.1188118811881,0.11934004880344458
-846.09900990099,0.11675905993246574
-846.0792079207921,0.11407558797597404
-846.0594059405942,0.11129319506046602
-846.039603960396,0.10841567050573686
-846.019801980198,0.1054470493850152
-846.0,0.10239163568983511
-845.980198019802,0.09925403131550681
-845.9603960396039,0.09603917244223152
-845.940594059406,0.09275237536584305
-845.920792079208,0.08939939447213367
-845.9009900990098,0.08598649590952744
-845.8811881188119,0.08252055167597876
-845.8613861386139,0.07900916040567121
-845.8415841584158,0.07546080326265282
-845.8217821782179,0.07188504620406855
-845.8019801980198,0.06829280368132823
-845.7821782178219,0.06469668381697581
-845.7623762376237,0.06111144134040317
-845.7425742574258,0.05755457183146581
-845.7227722772277,0.05404708789812095
-845.7029702970297,0.05061452135348438
-845.6831683168317,0.04728818704106654
-845.6633663366337,0.044106706162364735
-845.6435643564357,0.04111768647622459
-845.6237623762376,0.03837924021863835
-845.6039603960396,0.03596062996632762
-845.5841584158417,0.03394078299902571
-845.5643564356435,0.032402985885610025
-845.5445544554456,0.031424521967246696
-845.5247524752475,0.031062282839371794
-845.5049504950496,0.0313390871970837
-845.4851485148514,0.0322374395410404
-845.4653465346535,0.03370435699441709
-845.4455445544555,0.03566443003255842
-845.4257425742574,0.038034472595594504
-845.4059405940594,0.04073456258959623
-845.3861386138614,0.04369398587005072
-845.3663366336634,0.0468531354512874
-845.3465346534654,0.050163067186807436
-845.3267326732673,0.05358404747877839
-845.3069306930694,0.05708386997753438
-845.2871287128712,0.06063630197978698
-845.2673267326733,0.06421978422128297
-845.2475247524752,0.06781639515046456
-845.2277227722773,0.07141104688853138
-845.2079207920792,0.07499086899644007
-845.1881188118812,0.07854473863545712
-845.1683168316832,0.08206292256490173
-845.1485148514851,0.08553680376317872
-845.1287128712871,0.08895867186787641
-845.1089108910892,0.09232156176963544
-845.0891089108911,0.09561912864502413
-845.0693069306931,0.0988455506840413
-845.049504950495,0.10199545297669535
-845.0297029702971,0.10506384765791273
-845.0099009900989,0.10804608661924164
-844.990099009901,0.1109378239916853
-844.970297029703,0.11373498627017557
-844.950495049505,0.11643374844767698
-844.9306930693069,0.11903051490050516
-844.9108910891089,0.12152190404839358
-844.8910891089109,0.12390473602707522
-844.8712871287129,0.12617602277476384
-844.8514851485148,0.128332960059596
-844.8316831683169,0.13037292107252918
-844.8118811881188,0.13229345128558315
-844.7920792079208,0.1340922643348017
-844.7722772277227,0.13576723873364316
-844.7524752475248,0.1373164152596226
-844.7326732673267,0.1387379948862931
-844.7128712871287,0.14003033715631016
-844.6930693069307,0.14119195891029276
-844.6732673267327,0.14222153330165846
-844.6534653465346,0.1431178890402624
-844.6336633663367,0.14388000981805366
-844.6138613861386,0.14450703387872407
-844.5940594059406,0.14499825370057848
-844.5742574257425,0.14535311576810875
-844.5544554455446,0.1455712204132248
-844.5346534653465,0.14565232171176853
-844.5148514851485,0.14559632742537099
-844.4950495049505,0.1454032989825864
-844.4752475247525,0.14507345149716935
-844.4554455445544,0.14460715382497322
-844.4356435643564,0.14400492866476766
-844.4158415841584,0.14326745271236416
-844.3960396039605,0.14239555688139394
-844.3762376237623,0.141390226609091
-844.3564356435644,0.14025260227044536
-844.3366336633663,0.1389839797304171
-844.3168316831683,0.13758581107079215
-844.2970297029702,0.1360597055368206
-844.2772277227723,0.13440743075890058
-844.2574257425744,0.13263091431656646
-844.2376237623762,0.13073224572729955
-844.2178217821782,0.12871367896065056
-844.1980198019802,0.12657763560112245
-844.1782178217821,0.12432670881136651
-844.1584158415842,0.12196366828284486
-844.1386138613861,0.11949146640570064
-844.1188118811882,0.11691324594647026
-844.09900990099,0.11423234959462039
-844.0792079207921,0.11145233183204438
-844.059405940594,0.1085769736998253
-844.039603960396,0.10561030119280695
-844.019801980198,0.10255660821695793
-844.0,0.09942048531318513
-843.9801980198021,0.09620685570698621
-843.9603960396039,0.0929210207167707
-843.940594059406,0.08956871718673942
-843.920792079208,0.0861561904617194
-843.9009900990098,0.0826902875693965
-843.8811881188119,0.0791785768281848
-843.8613861386139,0.07562950219789323
-843.8415841584159,0.07205258351675764
-843.8217821782177,0.06845867753824456
-843.8019801980198,0.06486031961142218
-843.7821782178219,0.06127217205963754
-843.7623762376237,0.057711612576789986
-843.7425742574258,0.05419950312638803
-843.7227722772277,0.05076118357857284
-843.7029702970298,0.04742772669248426
-843.6831683168317,0.04423745498724345
-843.6633663366337,0.04123762291060429
-843.6435643564357,0.0384859567157742
-843.6237623762376,0.03605136049601066
-843.6039603960396,0.03401254885641876
-843.5841584158416,0.03245291949043654
-843.5643564356436,0.0314503743865294
-843.5445544554456,0.031062992200805908
-843.5247524752475,0.03131515539562498
-843.5049504950496,0.03219089329723708
-843.4851485148514,0.03363830111063431
-843.4653465346535,0.03558243181271244
-843.4455445544555,0.03794003869841569
-843.4257425742575,0.04063082755068848
-843.4059405940594,0.043583594404548356
-843.3861386138614,0.046738246750856416
-843.3663366336634,0.050045415776854514
-843.3465346534653,0.05346501980907706
-843.3267326732673,0.056964576874823605
-843.3069306930694,0.06051763970776899
-843.2871287128713,0.06410248307765568
-843.2673267326733,0.0677010570097741
-843.2475247524752,0.07129817377587692
-843.2277227722773,0.07488088469915245
-843.2079207920792,0.0784380050321748
-843.1881188118812,0.0819597519899603
-843.1683168316832,0.0854374684074628
-843.1485148514852,0.08886341096391084
-843.1287128712871,0.0922305871154566
-843.1089108910891,0.09553262887710931
-843.0891089108911,0.09876369460310717
-843.0693069306931,0.10191839215229463
-843.049504950495,0.10499171848045878
-843.0297029702971,0.10797901192610555
-843.009900990099,0.11087591436306914
-842.990099009901,0.11367834106741123
-842.970297029703,0.11638245664966439
-842.950495049505,0.11898465578106847
-842.9306930693069,0.1214815477277998
-842.9108910891089,0.12386994392352885
-842.8910891089109,0.12614684797619768
-842.8712871287129,0.1283094476317584
-842.8514851485148,0.1303551083160049
-842.8316831683169,0.13228136795193707
-842.8118811881188,0.13408593280984052
-842.7920792079208,0.13576667419435745
-842.7722772277227,0.1373216258100584
-842.7524752475248,0.13874898167653169
-842.7326732673268,0.1400470944880701
-842.7128712871287,0.14121447433190587
-842.6930693069307,0.14224978769468982
-842.6732673267327,0.14315185669958244
-842.6534653465346,0.14391965852688335
-842.6336633663366,0.14455232497975462
-842.6138613861386,0.14504914216411943
-842.5940594059407,0.1454095502579694
-842.5742574257425,0.14563314335075844
-842.5544554455446,0.1457196693385163
-842.5346534653465,0.14566902986437186
-842.5148514851485,0.14548128029844187
-842.4950495049505,0.14515662975467897
-842.4752475247525,0.1446954411461146
-842.4554455445545,0.1440982312835909
-842.4356435643564,0.14336567102714923
-842.4158415841584,0.14249858550339212
-842.3960396039604,0.14149795440681825
-842.3762376237623,0.14036491240838347
-842.3564356435644,0.13910074970060116
-842.3366336633663,0.13770691271557706
-842.3168316831684,0.13618500506066486
-842.2970297029702,0.13453678872653183
-842.2772277227723,0.1327641856344807
-842.2574257425744,0.13086927960473996
-842.2376237623762,0.12885431884546283
-842.2178217821782,0.12672171908487218
-842.1980198019802,0.12447406749684262
-842.1782178217823,0.12211412760548439
-842.1584158415841,0.11964484539845202
-842.1386138613861,0.11706935693513382
-842.1188118811882,0.11439099780744597
-842.09900990099,0.11161331490321454
-842.0792079207921,0.10874008104115719
-842.059405940594,0.10577531320103666
-842.0396039603961,0.10272329527489224
-842.019801980198,0.0995886065311646
-842.0,0.09637615733543081
-841.9801980198021,0.09309123413965345
-841.9603960396039,0.08973955637827327
-841.940594059406,0.08632734875122296
-841.9207920792079,0.08286143350976236
-841.90099009901,0.07934934889668276
-841.8811881188119,0.07579950196902444
-841.8613861386139,0.07222136682910854
-841.8415841584159,0.06862574302416635
-841.8217821782177,0.06502509376574839
-841.8019801980198,0.06143398979715011
-841.7821782178219,0.05786969199788075
-841.7623762376238,0.054352913064799745
-841.7425742574258,0.05090880265917793
-841.7227722772277,0.04756819354718305
-841.7029702970298,0.04436911188389155
-841.6831683168316,0.04135846093939977
-841.6633663366337,0.03859358201660922
-841.6435643564357,0.03614301904566616
-841.6237623762377,0.03408526746321853
-841.6039603960396,0.03250382344863524
-841.5841584158416,0.03147719083228009
-841.5643564356436,0.031064621432546506
-841.5445544554456,0.03129205954811637
-841.5247524752475,0.032145072533073187
-841.5049504950496,0.03357285538210567
-841.4851485148515,0.03550094324206414
-841.4653465346535,0.03784604013653457
-841.4455445544555,0.04052748274404614
-841.4257425742575,0.04347357497510549
-841.4059405940594,0.04662373423035293
-841.3861386138614,0.049928162136690116
-841.3663366336634,0.05334642461806104
-841.3465346534654,0.056845760583171485
-841.3267326732673,0.06039950550748574
-841.3069306930694,0.06398576616515896
-841.2871287128713,0.06758636264530354
-841.2673267326733,0.071186006243947
-841.2475247524752,0.07477166920453712
-841.2277227722773,0.0783321042362124
-841.2079207920792,0.08185747852574776
-841.1881188118812,0.08533909439048352
-841.1683168316832,0.08876917525752516
-841.1485148514852,0.09214070091393965
-841.1287128712871,0.09544728002239458
-841.1089108910891,0.09868305094342196
-841.0891089108911,0.10184260417149146
-841.0693069306931,0.10492092136893011
-841.049504950495,0.1079133272214531
-841.0297029702971,0.1108154512573348
-841.009900990099,0.11362319745444506
-840.990099009901,0.11633271996882624
-840.970297029703,0.11894040370056669
-840.950495049505,0.12144284870116394
-840.9306930693069,0.12383685764538993
-840.9108910891089,0.12611942575774732
-840.8910891089109,0.12828773271211608
-840.8712871287129,0.1303391361222414
-840.8514851485148,0.132271166317899
-840.8316831683169,0.13408152216198987
-840.8118811881188,0.135768067711178
-840.7920792079208,0.13732882956019196
-840.7722772277227,0.13876199474009723
-840.7524752475248,0.14006590906444766
-840.7326732673268,0.1412390758369211
-840.7128712871287,0.14228015484938045
-840.6930693069307,0.14318796161247335
-840.6732673267327,0.14396146677114885
-840.6534653465346,0.14459979566650327
-840.6336633663366,0.14510222801271183
-840.6138613861386,0.14546819766403754
-840.5940594059407,0.14569729245247628
-840.5742574257425,0.1457892540813845
-840.5544554455446,0.1457439780647204
-840.5346534653465,0.1455615137057115
-840.5148514851485,0.14524206411226606
-840.4950495049505,0.1447859862505999
-840.4752475247525,0.1441937910418009
-840.4554455445545,0.1434661435106533
-840.4356435643564,0.14260386299944938
-840.4158415841584,0.14160792346497658
-840.3960396039604,0.14047945388145422
-840.3762376237623,0.1392197387786078
-840.3564356435644,0.1378302189508469
-840.3366336633663,0.1363124923820044
-840.3168316831684,0.13466831543983881
-840.2970297029702,0.13289960440674695
-840.2772277227723,0.1310084374275751
-840.2574257425744,0.12899705697364738
-840.2376237623762,0.12686787294426732
-840.2178217821782,0.12462346655489981
-840.1980198019802,0.12226659519581838
-840.1782178217823,0.11980019848920383
-840.1584158415841,0.1172274058281451
-840.1386138613861,0.11455154575218578
-840.1188118811882,0.11177615760524644
-840.09900990099,0.10890500603960858
-840.0792079207921,0.10594209908272251
-840.059405940594,0.10289171068381621
-840.0396039603961,0.09975840892014833
-840.019801980198,0.09654709139137194
-840.0,0.093263029793071
-839.9801980198021,0.08991192628051546
-839.9603960396039,0.08649998506591246
-839.940594059406,0.08303400381597154
-839.9207920792079,0.07952149093538075
-839.90099009901,0.0759708168763626
-839.8811881188119,0.07239141038369316
-839.8613861386139,0.06879401428371111
-839.8415841584159,0.06519102027790183
-839.8217821782177,0.06159690834404212
-839.8019801980198,0.05802882360349823
-839.7821782178219,0.054507330844371045
-839.7623762376238,0.05105739122827384
-839.7425742574258,0.04770959959107628
-839.7227722772277,0.04450168801422563
-839.7029702970298,0.04148021070710325
-839.6831683168316,0.03870212506938759
-839.6633663366337,0.03623561325863108
-839.6435643564357,0.03415894518402232
-839.6237623762377,0.032555703022627856
-839.6039603960396,0.03150497567711576
-839.5841584158416,0.03106717403022475
-839.5643564356436,0.03126980193073835
-839.5445544554456,0.03209997774430783
-839.5247524752475,0.033508018080204434
-839.5049504950496,0.03541996026923587
-839.4851485148515,0.03775247076973879
-839.4653465346535,0.04042452035689614
-839.4455445544554,0.043363918548931006
-839.4257425742575,0.04650958804099158
-839.4059405940594,0.04981129592701186
-839.3861386138614,0.05322825132356022
-839.3663366336634,0.05672741046038591
-839.3465346534654,0.06028188880977756
-839.3267326732673,0.06386962308424957
-839.3069306930694,0.06747230189751016
-839.2871287128713,0.0710745344250317
-839.2673267326733,0.07466321297536599
-839.2475247524752,0.07822702707019907
-839.2277227722773,0.08175609337740433
-839.2079207920792,0.08524167331779711
-839.1881188118812,0.08867595676909347
-839.1683168316832,0.09205189561205251
-839.1485148514852,0.09536307496429174
-839.1287128712871,0.0986036130331669
-839.1089108910891,0.10176808281435999
-839.0891089108911,0.10485145056142527
-839.0693069306931,0.10784902720672768
-839.049504950495,0.11075642984389533
-839.0297029702971,0.1135695510726505
-839.009900990099,0.11628453452190034
-838.990099009901,0.11889775525396211
-838.9702970297029,0.12140580404406985
-838.950495049505,0.12380547475072011
-838.9306930693069,0.126093754161372
-838.9108910891089,0.1282678138274881
-838.8910891089109,0.1303250035033689
-838.8712871287129,0.13226284588094822
-838.8514851485148,0.13407903237368543
-838.8316831683169,0.13577141975057958
-838.8118811881188,0.13733802745925378
-838.7920792079208,0.1387770355071804
-838.7722772277227,0.14008678279437728
-838.7524752475248,0.14126576581032826
-838.7326732673267,0.14231263762369062
-838.7128712871287,0.14322620710628492
-838.6930693069307,0.14400543834357526
-838.6732673267327,0.1446494501926362
-838.6534653465346,0.14515751595606755
-838.6336633663366,0.1455290631467813
-838.6138613861386,0.14576367332382945
-838.5940594059407,0.14586108198461462
-838.5742574257425,0.1458211785028556
-838.5544554455446,0.14564400610601147
-838.5346534653465,0.1453297618893025
-838.5148514851485,0.1448787968676582
-838.4950495049504,0.14429161607030566
-838.4752475247525,0.14356887868678092
-838.4554455445545,0.14271139827743742
-838.4356435643564,0.14172014306597305
-838.4158415841584,0.1405962363368207
-838.3960396039604,0.13934095696616366
-838.3762376237623,0.13795574012237055
-838.3564356435644,0.13644217817975465
-838.3366336633663,0.13480202189964974
-838.3168316831684,0.1330371819444901
-838.2970297029702,0.13114973080530898
-838.2772277227723,0.12914190524081043
-838.2574257425742,0.127016109348439
-838.2376237623762,0.1247749184152195
-838.2178217821782,0.12242108373080295
-838.1980198019802,0.11995753858855222
-838.1782178217823,0.11738740575577238
-838.1584158415841,0.11471400676445023
-838.1386138613861,0.11194087346433045
-838.1188118811882,0.10907176239676424
-838.09900990099,0.10611067269923356
-838.0792079207921,0.10306186844866622
-838.059405940594,0.09992990661182588
-838.0396039603961,0.09671967211564123
-838.0198019801979,0.09343642200845144
-838.0,0.09008584129576383
-837.9801980198021,0.08667411385773777
-837.9603960396039,0.0832080129664229
-837.940594059406,0.07969501742332681
-837.9207920792079,0.07614346137042449
-837.90099009901,0.07256272856866394
-837.8811881188119,0.06896350560265181
-837.8613861386139,0.0653581132828873
-837.8415841584159,0.06176094162484414
-837.8217821782177,0.05818902103303383
-837.8019801980198,0.05466276972506515
-837.7821782178218,0.05120696204773338
-837.7623762376238,0.0478519569410404
-837.7425742574258,0.04463519467558369
-837.7227722772277,0.04160288250049862
-837.7029702970298,0.038811594973112803
-837.6831683168316,0.03632915093719068
-837.6633663366337,0.03423358854779795
-837.6435643564357,0.03260856364077181
-837.6237623762377,0.03153373345942247
-837.6039603960396,0.031070653655947154
-837.5841584158416,0.031248384985306455
-837.5643564356436,0.03205560958215736
-837.5445544554455,0.03344378760763555
-837.5247524752475,0.03533947893993415
-837.5049504950496,0.03765932451902647
-837.4851485148515,0.04032193260701761
-837.4653465346535,0.04325461610136005
-837.4455445544554,0.046395798327925716
-837.4257425742575,0.04969480679504091
-837.4059405940594,0.05311048932767155
-837.3861386138614,0.05660951584983533
-837.3663366336634,0.06016477903483988
-837.3465346534654,0.06375404343012071
-837.3267326732673,0.06735886460804041
-837.3069306930693,0.0709637484596486
-837.2871287128713,0.07455550649011339
-837.2673267326733,0.07812276438008536
-837.2475247524752,0.08165558778115242
-837.2277227722773,0.08514519683381881
-837.2079207920792,0.08858374756556622
-837.1881188118812,0.09196416371100362
-837.1683168316832,0.09528000664801756
-837.1485148514852,0.09852537426975037
-837.1287128712871,0.10169482193750042
-837.1089108910891,0.10478330037974926
-837.0891089108911,0.10778610667409912
-837.0693069306931,0.1106988453897614
-837.049504950495,0.11351739766769514
-837.0297029702971,0.1162378965364778
-837.009900990099,0.11885670715349199
-836.990099009901,0.12137041095556764
-836.9702970297029,0.12377579292713757
-836.950495049505,0.1260698313644784
-836.930693069307,0.12824968964582384
-836.9108910891089,0.13031270961821423
-836.8910891089109,0.13225640629062954
-836.8712871287129,0.13407846358455228
-836.8514851485148,0.13577673094123613
-836.8316831683168,0.13734922062341637
-836.8118811881188,0.138794105579497
-836.7920792079209,0.1401097177626939
-836.7722772277227,0.14129454681722786
-836.7524752475248,0.14234723905964394
-836.7326732673267,0.1432665966961884
-836.7128712871287,0.1440515772282797
-836.6930693069307,0.14470129300653975
-836.6732673267327,0.14521501090176625
-836.6534653465347,0.14559215206740692
-836.6336633663366,0.14583229177368084
-836.6138613861386,0.14593515929832898
-836.5940594059406,0.14590063786334104
-836.5742574257425,0.14572876461108697
-836.5544554455446,0.14541973061702648
-836.5346534653465,0.14497388094000058
-836.5148514851486,0.1443917147147409
-836.4950495049504,0.1436738852952396
-836.4752475247525,0.14282120046186314
-836.4554455445545,0.1418346227094607
-836.4356435643564,0.14071526963924372
-836.4158415841584,0.1394644144827592
-836.3960396039604,0.13808348679355226
-836.3762376237624,0.1365740733501273
-836.3564356435643,0.13493791932348392
-836.3366336633663,0.13317692977473375
-836.3168316831684,0.13129317156227638
-836.2970297029702,0.12928887575610423
-836.2772277227723,0.12716644067848787
-836.2574257425742,0.1249284357176951
-836.2376237623763,0.12257760609560456
-836.2178217821782,0.12011687881308793
-836.1980198019802,0.11754937005182543
-836.1782178217823,0.11487839438067303
-836.1584158415841,0.11210747620458034
-836.1386138613861,0.10924036400902525
-836.1188118811881,0.10628104810337599
-836.0990099009902,0.10323378276227763
-836.0792079207921,0.10010311392200368
-836.059405940594,0.0968939139292476
-836.0396039603961,0.09361142529327945
-836.0198019801979,0.09026131599809352
-836.0,0.08684974974596094
-835.9801980198021,0.08338347560224854
-835.960396039604,0.07986994299770983
-835.940594059406,0.07631745005519192
-835.9207920792079,0.07273533592103408
-835.90099009901,0.06913423141117159
-835.8811881188118,0.0655263870559472
-835.8613861386139,0.06192610370071322
-835.8415841584159,0.058350298059618236
-835.8217821782179,0.05481924309888787
-835.8019801980198,0.051357528011273586
-835.7821782178218,0.047995277847608465
-835.7623762376238,0.04476964330318503
-835.7425742574258,0.041726486750921055
-835.7227722772277,0.038922000979563116
-835.7029702970298,0.03642364004435724
-835.6831683168317,0.034309204249523835
-835.6633663366337,0.03266241089902703
-835.6435643564356,0.03156346888495305
-835.6237623762377,0.031075064139969043
-835.6039603960396,0.031227811321073298
-835.5841584158416,0.03201196885514658
-835.5643564356436,0.033380162499986286
-835.5445544554456,0.03525949539786649
-835.5247524752475,0.037566595366621026
-835.5049504950496,0.04021971174189996
-835.4851485148515,0.0431456586143056
-835.4653465346535,0.04628235522818061
-835.4455445544554,0.04957868437221916
-835.4257425742575,0.05299312801426542
-835.4059405940594,0.056492066077974676
-835.3861386138614,0.060048165589732104
-835.3663366336634,0.06363901679030362
-835.3465346534654,0.06724604061734578
-835.3267326732673,0.07085363849432327
-835.3069306930693,0.07444854024078054
-835.2871287128713,0.078019307033143
-835.2673267326734,0.0815559530024213
-835.2475247524752,0.08504965662002131
-835.2277227722773,0.08849253975877545
-835.2079207920792,0.09187749776464679
-835.1881188118812,0.0951980680790717
-835.1683168316831,0.09844832811842287
-835.1485148514852,0.10162281547275909
-835.1287128712872,0.10471646522823243
-835.1089108910891,0.1077245605054105
-835.0891089108911,0.1106426932585935
-835.0693069306931,0.11346673308873408
-835.049504950495,0.11619280235030209
-835.0297029702971,0.1188172562280344
-835.009900990099,0.12133666675773884
-834.9900990099011,0.12374780999142958
-834.9702970297029,0.12604765567964232
-834.950495049505,0.1282333589760919
-834.9306930693069,0.1303022537722298
-834.9108910891089,0.13225184734855913
-834.8910891089109,0.1340798160915816
-834.8712871287129,0.13578400207424848
-834.8514851485149,0.13736241033619
-834.8316831683168,0.13881320673079486
-834.8118811881188,0.14013471623075838
-834.7920792079209,0.14132542160351935
-834.7722772277227,0.1423839623841262
-834.7524752475248,0.14330913408610413
-834.7326732673267,0.14409988760177841
-834.7128712871288,0.14475532875246405
-834.6930693069306,0.14527471795643165
-834.6732673267327,0.14565746998917345
-834.6534653465347,0.145903153815741
-834.6336633663366,0.1460114924800661
-834.6138613861386,0.14598236304045098
-834.5940594059406,0.14581579654448043
-834.5742574257426,0.14551197804036525
-834.5544554455446,0.1450712466256047
-834.5346534653465,0.14449409553743808
-834.5148514851486,0.14378117229360762
-834.4950495049504,0.14293327889602167
-834.4752475247525,0.14195137211457745
-834.4554455445544,0.14083656387339677
-834.4356435643565,0.13959012176794103
-834.4158415841584,0.13821346974786014
-834.3960396039604,0.13670818900910997
-834.3762376237624,0.1350760191481298
-834.3564356435643,0.13331885964297852
-834.3366336633663,0.1314387717403065
-834.3168316831684,0.12943798084493652
-834.2970297029703,0.12731887953031795
-834.2772277227723,0.12508403131530496
-834.2574257425742,0.12273617538652871
-834.2376237623763,0.12027823248836886
-834.2178217821781,0.11771331225663834
-834.1980198019802,0.11504472234120025
-834.1782178217823,0.11227597975113779
-834.1584158415842,0.10941082497073863
-834.1386138613861,0.10645323954260202
-834.1188118811881,0.10340746800859467
-834.0990099009902,0.10027804535387931
-834.0792079207921,0.09706983143666703
-834.059405940594,0.09378805433438515
-834.0396039603961,0.0904383651366304
-834.019801980198,0.08702690752049154
-834.0,0.08356040653072776
-833.980198019802,0.08004628245719267
-833.960396039604,0.07649279769146608
-833.940594059406,0.07290924713004002
-833.9207920792079,0.0693062062872237
-833.90099009901,0.06569585601594838
-833.8811881188119,0.062092408772716934
-833.8613861386139,0.05851266859336317
-833.8415841584159,0.05497676449297568
-833.8217821782179,0.05150910214743423
-833.8019801980198,0.04813957469783715
-833.7821782178218,0.044905045472820065
-833.7623762376238,0.041851034036604444
-833.7425742574258,0.039033352495362
-833.7227722772277,0.03651908870571783
-833.7029702970298,0.03438579915191839
-833.6831683168317,0.032717250562569355
-833.6633663366337,0.031594186828434234
-833.6435643564356,0.03108040948230917
-833.6237623762377,0.031208083716476907
-833.6039603960396,0.0319690565309422
-833.5841584158416,0.03331714142732354
-833.5643564356436,0.03518000588564758
-833.5445544554456,0.0374742773560027
-833.5247524752475,0.04011785003789068
-833.5049504950495,0.04303703707473027
-833.4851485148515,0.04616924886866067
-833.4653465346535,0.049462918271868335
-833.4455445544554,0.052876156746519756
-833.4257425742575,0.05637505045176543
-833.4059405940594,0.059932037865834765
-833.3861386138614,0.06352453274209406
-833.3663366336634,0.06713381976225317
-833.3465346534654,0.07074419467918981
-833.3267326732673,0.07434230473068644
-833.3069306930693,0.07791664591582025
-833.2871287128713,0.08145718033375142
-833.2673267326733,0.08495504439298678
-833.2475247524752,0.08840232550363625
-833.2277227722773,0.09179189037780011
-833.2079207920792,0.09511725232169554
-833.1881188118812,0.09837246811083464
-833.1683168316831,0.10155205742594532
-833.1485148514852,0.10465093959252923
-833.1287128712872,0.10766438367107928
-833.1089108910891,0.11058796890973277
-833.0891089108911,0.1134175532875546
-833.0693069306931,0.11614924841053056
-833.049504950495,0.11877939942250906
-833.029702970297,0.1213045688951229
-833.009900990099,0.12372152388916834
-832.9900990099011,0.12602722555432294
-832.9702970297029,0.12821882076804858
-832.950495049505,0.1302936354174572
-832.9306930693069,0.13224916900851333
-832.9108910891089,0.13408309034930158
-832.8910891089109,0.13579323410344696
-832.8712871287129,0.13737759804880106
-832.8514851485149,0.13883434090733895
-832.8316831683168,0.14016178063703982
-832.8118811881188,0.14135839309657786
-832.7920792079208,0.1424228110097196
-832.7722772277227,0.1433538231696057
-832.7524752475248,0.14415037383400017
-832.7326732673267,0.1448115622715834
-832.7128712871288,0.14533664242698213
-832.6930693069306,0.1457250226787465
-832.6732673267327,0.14597626566998195
-832.6534653465347,0.14609008819624283
-832.6336633663366,0.14606636113978488
-832.6138613861386,0.14590510944325003
-832.5940594059406,0.1456065121197027
-832.5742574257426,0.1451709022996301
-832.5544554455445,0.1445987673193822
-832.5346534653465,0.14389074885933034
-832.5148514851486,0.14304764314409654
-832.4950495049504,0.1420704012220698
-832.4752475247525,0.14096012934613075
-832.4554455445544,0.13971808948376424
-832.4356435643565,0.138345699991259
-832.4158415841584,0.13684453649498168
-832.3960396039604,0.1352163330322195
-832.3762376237624,0.13346298351591432
-832.3564356435643,0.13158654360147498
-832.3366336633663,0.12958923305177028
-832.3168316831683,0.1274734387174625
-832.2970297029703,0.1252417182770095
-832.2772277227723,0.12289680491396968
-832.2574257425742,0.12044161315187528
-832.2376237623763,0.11787924612015734
-832.2178217821781,0.11521300459335986
-832.1980198019802,0.11244639823331976
-832.1782178217823,0.1095831595773389
-832.1584158415842,0.10662726146219885
-832.1386138613861,0.10358293876591756
-832.1188118811881,0.10045471560133368
-832.0990099009902,0.09724743942911597
-832.079207920792,0.09396632400126163
-832.059405940594,0.09061700363891977
-832.0396039603961,0.08720560214524381
-832.019801980198,0.08373882072857179
-832.0,0.08022405076529601
-831.980198019802,0.0766695192002646
-831.960396039604,0.07308447704051338
-831.940594059406,0.06947944495986616
-831.9207920792079,0.06586653472865216
-831.90099009901,0.06225987118512176
-831.8811881188119,0.058676146684596725
-831.8613861386139,0.05513534757273129
-831.8415841584158,0.05166169762260547
-831.8217821782179,0.04828486001812071
-831.8019801980198,0.04504141290340732
-831.7821782178218,0.04197653508503426
-831.7623762376238,0.03914565908408936
-831.7425742574258,0.03661550521133401
-831.7227722772277,0.0344633802871939
-831.7029702970298,0.03277308856748528
-831.6831683168317,0.03162589233530133
-831.6633663366337,0.031086693854560622
-831.6435643564356,0.031189205121065627
-831.6237623762377,0.03192687373831457
-831.6039603960396,0.03325472319586777
-831.5841584158416,0.035101006745805755
-831.5643564356436,0.037382364592006355
-831.5445544554456,0.04001633979940873
-831.5247524752475,0.042928742473104936
-831.5049504950495,0.04605646936410603
-831.4851485148515,0.04934749808685158
-831.4653465346535,0.05275956486439161
-831.4455445544554,0.056258458256113975
-831.4257425742575,0.05981638523624624
-831.4059405940594,0.06341058085011445
-831.3861386138614,0.06702219187356581
-831.3663366336633,0.07063540716572764
-831.3465346534654,0.07423679047220574
-831.3267326732673,0.07781477193163941
-831.3069306930693,0.08135926109286053
-831.2871287128713,0.08486135190260694
-831.2673267326733,0.08831309699643602
-831.2475247524752,0.09170733420463176
-831.2277227722773,0.09503755249740245
-831.2079207920792,0.09829778784367033
-831.1881188118812,0.1014825418755162
-831.1683168316831,0.10458671803849906
-831.1485148514852,0.10760557122908292
-831.1287128712872,0.11053466789728342
-831.1089108910891,0.11336985431776653
-831.0891089108911,0.11610723127304319
-831.0693069306931,0.11874313379730052
-831.049504950495,0.12127411493431857
-831.029702970297,0.12369693269433679
-831.009900990099,0.1260085395706508
-830.9900990099011,0.12820607411218513
-830.9702970297029,0.13028685415249236
-830.950495049505,0.13224837137651255
-830.9306930693069,0.1340882869699774
-830.9108910891089,0.1358044281457019
-830.8910891089109,0.1373947853806335
-830.8712871287129,0.1388575102284481
-830.8514851485149,0.14019091359777552
-830.8316831683168,0.14139346440607808
-830.8118811881188,0.14246378853557903
-830.7920792079208,0.143400668030929
-830.7722772277227,0.14420304048939425
-830.7524752475248,0.14486999860325775
-830.7326732673267,0.14540078982190197
-830.7128712871288,0.14579481610754874
-830.6930693069306,0.1460516337641216
-830.6732673267327,0.1461709533237841
-830.6534653465347,0.14615263947994428
-830.6336633663366,0.14599671105974463
-830.6138613861386,0.14570334103275018
-830.5940594059406,0.14527285655638017
-830.5742574257426,0.14470573906228917
-830.5544554455445,0.14400262439192507
-830.5346534653465,0.14316430299341426
-830.5148514851486,0.14219172019670517
-830.4950495049504,0.14108597658886754
-830.4752475247525,0.1398483285171886
-830.4554455445544,0.13848018875475626
-830.4356435643565,0.136983127370933
-830.4158415841584,0.13535887285892806
-830.3960396039604,0.13360931358411213
-830.3762376237624,0.13173649963086737
-830.3564356435643,0.1297426451429826
-830.3366336633663,0.12763013127403236
-830.3168316831683,0.12540150989073134
-830.2970297029703,0.1230595082054497
-830.2772277227723,0.12060703455616217
-830.2574257425742,0.11804718560503512
-830.2376237623763,0.11538325529465207
-830.2178217821781,0.11261874598781313
-830.1980198019802,0.10975738232865118
-830.1782178217823,0.1068031285085844
-830.1584158415842,0.10376020981020426
-830.1386138613861,0.10063313955219196
-830.1188118811881,0.0974267528879585
-830.0990099009902,0.09414624934949493
-830.079207920792,0.09079724661435296
-830.059405940594,0.08738584876158481
-830.0396039603961,0.08391873334543892
-830.019801980198,0.080403263053838
-830.0,0.07684762966625605
-829.980198019802,0.07326104065631292
-829.960396039604,0.06965396231270465
-829.940594059406,0.0660384379101518
-829.9207920792079,0.06242850542873972
-829.90099009901,0.0588407465271167
-829.8811881188119,0.05529500614505881
-829.8613861386139,0.05181532774410127
-829.8415841584158,0.04843114647712556
-829.8217821782179,0.045178757459728824
-829.8019801980198,0.042103000775440026
-829.7821782178218,0.039258930468469184
-829.7623762376238,0.036712898017687866
-829.7425742574258,0.03454195485885424
-829.7227722772277,0.03282993102258814
-829.7029702970298,0.0316585906234407
-829.6831683168317,0.031093921601639752
-829.6633663366337,0.031171178657385213
-829.6435643564356,0.03188542176914977
-829.6237623762377,0.033192906749798815
-829.6039603960396,0.03502249442191935
-829.5841584158416,0.03729085124099112
-829.5643564356436,0.039915173358177534
-829.5445544554456,0.04282076580189549
-829.5247524752475,0.04594400681503135
-829.5049504950495,0.04923241338720072
-829.4851485148515,0.05264334168210761
-829.4653465346536,0.05614227875128595
-829.4455445544554,0.05970119705327458
-829.4257425742575,0.06329715066374429
-829.4059405940594,0.06691114677360167
-829.3861386138614,0.07052726610436537
-829.3663366336633,0.07413198798459537
-829.3465346534654,0.07771367599908093
-829.3267326732674,0.08126218662065357
-829.3069306930693,0.08476857093015898
-829.2871287128713,0.08822484647302697
-829.2673267326733,0.0916238219470078
-829.2475247524752,0.09495896178339516
-829.2277227722773,0.09822428097722918
-829.2079207920792,0.10141426297133772
-829.1881188118813,0.10452379521101118
-829.1683168316831,0.10754811832389848
-829.1485148514852,0.11048278586920258
-829.1287128712871,0.11332363233399179
-829.1089108910891,0.11606674760177216
-829.0891089108911,0.11870845652768894
-829.0693069306931,0.12124530256349603
-829.0495049504951,0.12367403460904675
-829.029702970297,0.12599159644517646
-829.009900990099,0.12819511823959923
-828.9900990099011,0.13028190972254244
-828.9702970297029,0.13224945471097413
-828.950495049505,0.13409540672387327
-828.9306930693069,0.13581758548131379
-828.910891089109,0.1374139741197006
-828.8910891089108,0.13888271698709748
-828.8712871287129,0.14022211790767097
-828.8514851485149,0.14143063882476972
-828.8316831683168,0.14250689874832503
-828.8118811881188,0.14344967294595048
-828.7920792079208,0.14425789232801825
-828.7722772277228,0.14493064298620773
-828.7524752475248,0.14546716585260758
-828.7326732673267,0.14586685645322348
-828.7128712871288,0.14612926473516952
-828.6930693069306,0.14625409495174205
-828.6732673267327,0.14624120559428244
-828.6534653465346,0.14609060936342716
-828.6336633663367,0.14580247317648995
-828.6138613861386,0.14537711821132066
-828.5940594059406,0.14481501999066856
-828.5742574257426,0.14411680851511824
-828.5544554455445,0.14328326845667338
-828.5346534653465,0.14231533942956087
-828.5148514851486,0.14121411636003756
-828.4950495049505,0.1399808499826162
-828.4752475247525,0.1386169474969863
-828.4554455445544,0.13712397342772473
-828.4356435643565,0.13550365073865978
-828.4158415841583,0.1337578622648542
-828.3960396039604,0.13188865253947923
-828.3762376237624,0.1298982301097922
-828.3564356435644,0.12778897045765666
-828.3366336633663,0.12556341966638596
-828.3168316831683,0.1232242990086759
-828.2970297029703,0.12077451067194203
-828.2772277227723,0.11821714488982571
-828.2574257425742,0.11555548881597574
-828.2376237623763,0.1127930375619566
-828.2178217821782,0.10993350793216876
-828.1980198019802,0.10698085553263688
-828.1782178217821,0.10393929611846503
-828.1584158415842,0.1008133322917309
-828.1386138613861,0.09760778698810517
-828.1188118811881,0.09432784562416079
-828.0990099009902,0.09097910935759361
-828.0792079207921,0.08756766269177113
-828.059405940594,0.08410015970736176
-828.0396039603961,0.0805839346264405
-828.019801980198,0.07702714434124437
-828.0,0.07343895314380997
-827.980198019802,0.06982977338736641
-827.960396039604,0.06621158043030789
-827.940594059406,0.06259832614434035
-827.9207920792079,0.05900648246159582
-827.90099009901,0.0554557541616086
-827.8811881188119,0.05197000596331504
-827.8613861386139,0.048578446888759105
-827.8415841584158,0.04531709115520138
-827.8217821782179,0.04223044214127871
-827.8019801980199,0.03937317653263943
-827.7821782178218,0.03681127574976085
-827.7623762376238,0.03462153024366569
-827.7425742574258,0.032887784211250874
-827.7227722772277,0.03169228708503192
-827.7029702970297,0.031102097243702134
-827.6831683168317,0.03115400762303186
-827.6633663366338,0.03184470208057864
-827.6435643564356,0.03313169117311147
-827.6237623762377,0.03494446545974724
-827.6039603960396,0.03719973153102507
-827.5841584158416,0.03981434307246146
-827.5643564356436,0.0427130980540644
-827.5445544554456,0.0458318513057009
-827.5247524752476,0.04911765371775031
-827.5049504950495,0.05252747648558717
-827.4851485148515,0.056026501170282586
-827.4653465346535,0.05958646264577263
-827.4455445544554,0.06318423171460084
-827.4257425742575,0.06680067427372793
-827.4059405940594,0.07041976164218203
-827.3861386138615,0.0740278877916931
-827.3663366336633,0.07761334904945691
-827.3465346534654,0.08116594827918668
-827.3267326732674,0.08467669328643576
-827.3069306930693,0.08813756620711662
-827.2871287128713,0.09154134635287205
-827.2673267326733,0.09488147341111594
-827.2475247524753,0.0981519412340591
-827.2277227722772,0.10134721493340144
-827.2079207920792,0.10446216583281204
-827.1881188118813,0.10749202018550148
-827.1683168316831,0.11043231856638455
-827.1485148514852,0.11327888359111635
-827.1287128712871,0.11602779416802016
-827.1089108910892,0.11867536490331568
-827.0891089108911,0.1212181295919991
-827.0693069306931,0.12365282796319375
-827.0495049504951,0.12597639502874636
-827.029702970297,0.1281859525219213
-827.009900990099,0.13027880201944514
-826.990099009901,0.13225241942286411
-826.970297029703,0.13410445053955206
-826.950495049505,0.13583270755438853
-826.9306930693069,0.13743516622317364
-826.910891089109,0.13890996365054353
-826.8910891089108,0.14025539654064811
-826.8712871287129,0.14146991982932147
-826.8514851485149,0.14255214562302077
-826.8316831683169,0.1435008423832966
-826.8118811881188,0.14431493430678186
-826.7920792079208,0.1449935008598431
-826.7722772277228,0.14553577643479218
-826.7524752475247,0.14594115010112815
-826.7326732673267,0.14620916543101226
-826.7128712871288,0.14633952038300513
-826.6930693069307,0.14633206723269074
-826.6732673267327,0.146186812542769
-826.6534653465346,0.14590391716913603
-826.6336633663367,0.14548369630314809
-826.6138613861386,0.1449266195540082
-826.5940594059406,0.14423331107912682
-826.5742574257426,0.14340454977433684
-826.5544554455446,0.14244126954044564
-826.5346534653465,0.1413445596475692
-826.5148514851485,0.14011566522447785
-826.4950495049505,0.1387559879068554
-826.4752475247525,0.1372670866863967
-826.4554455445544,0.13565067901188377
-826.4356435643565,0.13390864220496548
-826.4158415841584,0.13204301526710993
-826.3960396039604,0.1300560011712494
-826.3762376237624,0.12794996975256384
-826.3564356435644,0.12572746133898557
-826.3366336633663,0.12339119129474586
-826.3168316831683,0.12094405569131486
-826.2970297029703,0.11838913837225175
-826.2772277227723,0.11572971974490985
-826.2574257425742,0.11296928771707795
-826.2376237623763,0.11011155130641902
-826.2178217821782,0.10716045759312604
-826.1980198019802,0.10412021287219475
-826.1782178217821,0.10099530910607432
-826.1584158415842,0.09779055710152289
-826.1386138613861,0.09451112826338036
-826.1188118811881,0.09116260735215571
-826.0990099009902,0.08775105944254721
-826.0792079207921,0.08428311532036221
-826.059405940594,0.08076608096207573
-826.039603960396,0.07720807864774243
-826.019801980198,0.07361822983545034
-826.0,0.07000689338700902
-825.980198019802,0.06638597731624132
-825.960396039604,0.06276934812613905
-825.940594059406,0.05917336897894293
-825.9207920792079,0.055617605722090055
-825.90099009901,0.05212574587887581
-825.8811881188119,0.04872677421519765
-825.8613861386139,0.04545642615466804
-825.8415841584158,0.042358870372796384
-825.8217821782179,0.039488407324462974
-825.8019801980198,0.036910647203102165
-825.7821782178218,0.034702113993554544
-825.7623762376238,0.03294665459328839
-825.7425742574258,0.03172698728843802
-825.7227722772277,0.03111122547803157
-825.7029702970297,0.031137695492737247
-825.6831683168317,0.0318047162971577
-825.6633663366338,0.03307107569155221
-825.6435643564356,0.034866916508498116
-825.6237623762377,0.037108999752196205
-825.6039603960396,0.03971384132638494
-825.5841584158416,0.04260573022155305
-825.5643564356435,0.045719992902070475
-825.5445544554456,0.049003208595725746
-825.5247524752476,0.052411958529888295
-825.5049504950495,0.055911114716211796
-825.4851485148515,0.05947217131654263
-825.4653465346535,0.06307181351395387
-825.4455445544554,0.06669076417189895
-825.4257425742575,0.07031288392045813
-825.4059405940594,0.0739244804197207
-825.3861386138615,0.0775137820247873
-825.3663366336633,0.08107053744967574
-825.3465346534654,0.08458571080986362
-825.3267326732673,0.0880512485084593
-825.3069306930693,0.09145990021462512
-825.2871287128713,0.09480508066470958
-825.2673267326733,0.09808076239755037
-825.2475247524753,0.10128139205058027
-825.2277227722772,0.10440182470342209
-825.2079207920792,0.10743727212834266
-825.1881188118813,0.11038326182178693
-825.1683168316831,0.11323560444348914
-825.1485148514852,0.11599036784984798
-825.1287128712871,0.11864385632767084
-825.1089108910892,0.12119259394994106
-825.089108910891,0.12363331121421262
-825.0693069306931,0.1259629343062993
-825.0495049504951,0.12817857647131417
-825.029702970297,0.13027753108179346
-825.009900990099,0.13225726607593258
-824.990099009901,0.13411541950416214
-824.970297029703,0.13584979597328242
-824.950495049505,0.13745836381792426
-824.9306930693069,0.13893925286100872
-824.910891089109,0.14029075265062055
-824.8910891089108,0.14151131108124554
-824.8712871287129,0.14259953332419423
-824.8514851485148,0.14355418100545012
-824.8316831683169,0.14437417158060517
-824.8118811881188,0.14505857786557444
-824.7920792079208,0.14560662768991933
-824.7722772277228,0.14601770364586153
-824.7524752475247,0.146291342912073
-824.7326732673267,0.1464272371360255
-824.7128712871288,0.14642523236343322
-824.6930693069307,0.14628532900719005
-824.6732673267327,0.1460076818521659
-824.6534653465346,0.14559260009590108
-824.6336633663367,0.1450405474290006
-824.6138613861385,0.14435214216293837
-824.5940594059406,0.14352815741697772
-824.5742574257426,0.14256952138041104
-824.5544554455446,0.14147731767147595
-824.5346534653465,0.14025278581983042
-824.5148514851485,0.13889732190626286
-824.4950495049505,0.13741247940106036
-824.4752475247525,0.1357999702519687
-824.4554455445544,0.1340616662837591
-824.4356435643565,0.13219960098536676
-824.4158415841584,0.13021597177727579
-824.3960396039604,0.1281131428726751
-824.3762376237623,0.1258936488718065
-824.3564356435644,0.12356019926131019
-824.3366336633663,0.12111568403102332
-824.3168316831683,0.11856318067249927
-824.2970297029703,0.1159059628890882
-824.2772277227723,0.1131475114318879
-824.2574257425742,0.11029152758442144
-824.2376237623763,0.10734194996015466
-824.2178217821782,0.10430297546085308
-824.1980198019802,0.10117908548574414
-824.1782178217821,0.09797507880074857
-824.1584158415842,0.09469611290186139
-824.1386138613861,0.09134775627393354
-824.1188118811881,0.08793605470868752
-824.0990099009902,0.08446761587400616
-824.0792079207921,0.08094971771868328
-824.059405940594,0.07739044818256008
-824.039603960396,0.07379888623334271
-824.019801980198,0.07018533767992527
-824.0,0.06656164375591245
-823.980198019802,0.06294158632524889
-823.960396039604,0.05934142072372948
-823.940594059406,0.05578057507761536
-823.9207920792079,0.052282561239924634
-823.9009900990098,0.0488761415699342
-823.8811881188119,0.045596774777280975
-823.8613861386139,0.042488296819717726
-823.8415841584158,0.039604633057910586
-823.8217821782179,0.03701102134600561
-823.8019801980198,0.03478371383770172
-823.7821782178218,0.03300654880697763
-823.7623762376238,0.031762696980171604
-823.7425742574258,0.031121311181122147
-823.7227722772277,0.031122245920502854
-823.7029702970297,0.0317654662131405
-823.6831683168317,0.03301105967469656
-823.6633663366337,0.03478984432217047
-823.6435643564356,0.03701865025693741
-823.6237623762377,0.03961366052926712
-823.6039603960396,0.04249865329382156
-823.5841584158416,0.04560842164972296
-823.5643564356435,0.04888906750835182
-823.5445544554456,0.05229677703659782
-823.5247524752476,0.0557961085596365
-823.5049504950495,0.05935831233968154
-823.4851485148515,0.06295988555014305
-823.4653465346535,0.0665814062501466
-823.4455445544554,0.07020662307236435
-823.4257425742574,0.07382175639494234
-823.4059405940594,0.07741496587563677
-823.3861386138615,0.08097594553046279
-823.3663366336633,0.0844956153646155
-823.3465346534654,0.08796588572115815
-823.3267326732673,0.09137947636745654
-823.3069306930693,0.09472977687952415
-823.2871287128713,0.0980107383105889
-823.2673267326733,0.10121678867936496
-823.2475247524753,0.10434276669798731
-823.2277227722772,0.10738386955038057
-823.2079207920792,0.11033561155958212
-823.1881188118812,0.11319379134423996
-823.1683168316831,0.11595446563145163
-823.1485148514852,0.118613928317595
-823.1287128712871,0.12116869368785496
-823.1089108910892,0.12361548294684838
-823.089108910891,0.1259512133967857
-823.0693069306931,0.12817298974045463
-823.0495049504951,0.1302780970950229
-823.029702970297,0.13226399538694317
-823.009900990099,0.13412831486386187
-822.990099009901,0.13586885251111724
-822.970297029703,0.13748356920113664
-822.9504950495049,0.138970587436392
-822.9306930693069,0.14032818957235024
-822.910891089109,0.1415548164278348
-822.8910891089108,0.14264906620687293
-822.8712871287129,0.14360969366994078
-822.8514851485148,0.1444356095037599
-822.8316831683169,0.14512587984821068
-822.8118811881188,0.14567972594668419
-822.7920792079208,0.14609652389291466
-822.7722772277228,0.14637580445304232
-822.7524752475247,0.14651725294666113
-822.7326732673267,0.14652070917507884
-822.7128712871287,0.1463861673890834
-822.6930693069307,0.14611377629246974
-822.6732673267327,0.14570383908119644
-822.6534653465346,0.14515681352182286
-822.6336633663367,0.1444733120767409
-822.6138613861385,0.14365410208778726
-822.5940594059406,0.14270010603427422
-822.5742574257426,0.14161240188644528
-822.5544554455446,0.140392223581137
-822.5346534653465,0.13904096165290433
-822.5148514851485,0.1375601640617914
-822.4950495049505,0.1359515372681376
-822.4752475247524,0.1342169476160515
-822.4554455445544,0.13235842310075493
-822.4356435643565,0.1303781556118071
-822.4158415841584,0.12827850376480177
-822.3960396039604,0.12606199645965024
-822.3762376237623,0.12373133733591939
-822.3564356435644,0.12128941033581307
-822.3366336633663,0.11873928663661978
-822.3168316831683,0.11608423327963942
-822.2970297029703,0.11332772390596689
-822.2772277227723,0.11047345211719282
-822.2574257425742,0.10752534811872129
-822.2376237623762,0.10448759948549062
-822.2178217821782,0.10136467712926563
-822.1980198019802,0.09816136786258516
-822.1782178217821,0.09488281537455948
-822.1584158415842,0.09153457199492313
-822.1386138613861,0.08812266437670976
-822.1188118811881,0.08465367724509743
-822.0990099009902,0.08113486073684481
-822.0792079207921,0.07757426872051329
-822.059405940594,0.07398093801292971
-822.039603960396,0.07036512180318413
-822.019801980198,0.06673859510169938
-822.0,0.06311505585331001
-821.980198019802,0.05951065249777261
-821.960396039604,0.05594467663414619
-821.940594059406,0.05244046594938903
-821.9207920792079,0.04902656222100116
-821.9009900990098,0.04573814949946006
-821.8811881188119,0.04261873299388202
-821.861386138614,0.03972186411551475
-821.8415841584158,0.03711240732177435
-821.8217821782179,0.034866337684597064
-821.8019801980198,0.033067473671083654
-821.7821782178218,0.03179942208692851
-821.7623762376237,0.031132359410687184
-821.7425742574258,0.031107662741851356
-821.7227722772278,0.031726953794851145
-821.7029702970297,0.032951642638069274
-821.6831683168317,0.034713245760991905
-821.6633663366337,0.03692867746041476
-821.6435643564356,0.03951379311496921
-821.6237623762377,0.042391858256336984
-821.6039603960396,0.04549712757178755
-821.5841584158417,0.04877521991038179
-821.5643564356435,0.052181921191215785
-821.5445544554456,0.055681471835833975
-821.5247524752475,0.059244874957867996
-821.5049504950495,0.06284843728593725
-821.4851485148515,0.06647259027203593
-821.4653465346535,0.07010096922047244
-821.4455445544555,0.07371970624140742
-821.4257425742574,0.07731689155893026
-821.4059405940594,0.08088216393498583
-821.3861386138615,0.08440639883868697
-821.3663366336633,0.08788147022181308
-821.3465346534654,0.09130006768772786
-821.3267326732673,0.09465555544060023
-821.3069306930694,0.0979418628741493
-821.2871287128712,0.10115339924262902
-821.2673267326733,0.1042849867661662
-821.2475247524753,0.10733180793206103
-821.2277227722772,0.11028936379426135
-821.2079207920792,0.11315344084447664
-821.1881188118812,0.11592008460255272
-821.1683168316832,0.11858557850281248
-821.1485148514852,0.1211464269763159
-821.1287128712871,0.12359934187286946
-821.1089108910892,0.12594123155302872
-821.089108910891,0.1281691921225448
-821.0693069306931,0.13028050039157957
-821.0495049504951,0.13227260822592324
-821.0297029702971,0.1341431380241451
-821.009900990099,0.1358898791062368
-820.990099009901,0.13751078484093443
-820.970297029703,0.1390039703709852
-820.9504950495049,0.1403677108222789
-820.9306930693069,0.14160043990314455
-820.910891089109,0.1427007488177183
-820.8910891089109,0.14366738543051674
-820.8712871287129,0.14449925363116475
-820.8514851485148,0.14519541285741308
-820.8316831683169,0.1457550777425912
-820.8118811881188,0.14617761786025235
-820.7920792079208,0.1464625575445675
-820.7722772277228,0.14660957577000802
-820.7524752475248,0.1466185060784549
-820.7326732673267,0.1464893365458531
-820.7128712871287,0.14622220978446612
-820.6930693069307,0.1458174229804746
-820.6732673267327,0.1452754279705059
-820.6534653465346,0.14459683136430165
-820.6336633663367,0.1437823947250725
-820.6138613861386,0.14283303482324491
-820.5940594059406,0.14174982398458041
-820.5742574257426,0.14053399055897517
-820.5544554455446,0.1391869195430901
-820.5346534653465,0.13771015339749257
-820.5148514851485,0.13610539310843284
-820.4950495049505,0.13437449955518468
-820.4752475247525,0.13251949525774706
-820.4554455445544,0.13054256659597727
-820.4356435643565,0.12844606661188748
-820.4158415841584,0.1262325185321065
-820.3960396039604,0.12390462017935654
-820.3762376237623,0.12146524948182906
-820.3564356435644,0.11891747133998283
-820.3366336633665,0.1162645461746534
-820.3168316831683,0.11350994056327829
-820.2970297029703,0.11065734047730574
-820.2772277227723,0.10771066777231357
-820.2574257425742,0.10467410076231057
-820.2376237623762,0.10155209994681423
-820.2178217821782,0.09834944027170378
-820.1980198019803,0.0950712517203715
-820.1782178217821,0.09172307058689239
-820.1584158415842,0.08831090452858799
-820.1386138613861,0.08484131550142292
-820.1188118811881,0.08132152604351738
-820.0990099009902,0.0777595562181101
-820.0792079207921,0.07416440102668927
-820.0594059405942,0.07054626146631816
-820.039603960396,0.06691684687411693
-820.019801980198,0.06328977198606983
-820.0,0.05968107926363026
-819.980198019802,0.05610992495598246
-819.960396039604,0.05259947406735022
-819.940594059406,0.049178049594076775
-819.920792079208,0.04588056295787744
-819.9009900990098,0.04275019057205707
-819.8811881188119,0.03984011105088784
-819.861386138614,0.037214814450989966
-819.8415841584158,0.034949993624236134
-819.8217821782179,0.03312943618694792
-819.8019801980198,0.03183716871768062
-819.7821782178219,0.031144375407850918
-819.7623762376237,0.031093949976144824
-819.7425742574258,0.03168918118312575
-819.7227722772278,0.032892824245382285
-819.7029702970297,0.03463711779290757
-819.6831683168317,0.03683907584099978
-819.6633663366337,0.039414231541316534
-819.6435643564357,0.04228533608912652
-819.6237623762377,0.04538610066689106
-819.6039603960396,0.04866165522169312
-819.5841584158417,0.05206738014049846
-819.5643564356435,0.05556719364212348
-819.5445544554456,0.059131848379699266
-819.5247524752475,0.06273745815592735
-819.5049504950496,0.06636430598013424
-819.4851485148515,0.06999591247434897
-819.4653465346535,0.07361832047863291
-819.4455445544555,0.077219550035797
-819.4257425742574,0.0807891840897239
-819.4059405940594,0.0843180531419906
-819.3861386138615,0.08779799441781405
-819.3663366336634,0.09122166709133012
-819.3465346534654,0.09458240978115708
-819.3267326732673,0.09787413004595788
-819.3069306930694,0.10109121822838919
-819.2871287128712,0.10422847993101043
-819.2673267326733,0.107281082835361
-819.2475247524753,0.11024451462981719
-819.2277227722773,0.11311454959263928
-819.2079207920792,0.11588722195780402
-819.1881188118812,0.11855880462546575
-819.1683168316832,0.12112579210565526
-819.1485148514852,0.12358488683094615
-819.1287128712871,0.12593298816168053
-819.1089108910892,0.12816718355140946
-819.0891089108911,0.13028474145108918
-819.0693069306931,0.13228310561650022
-819.049504950495,0.13415989055029412
-819.0297029702971,0.13591287786281106
-819.009900990099,0.1375400133770459
-818.990099009901,0.139039404836334
-818.970297029703,0.1404093200994554
-818.950495049505,0.14164818572901278
-818.9306930693069,0.14275458589613152
-818.910891089109,0.14372726153845355
-818.8910891089109,0.14456510971975822
-818.8712871287129,0.1452671831491379
-818.8514851485148,0.14583268982551045
-818.8316831683169,0.146260992780096
-818.8118811881188,0.14655160989515142
-818.7920792079208,0.1467042137823332
-818.7722772277228,0.14671863170867205
-818.7524752475248,0.14659484556206456
-818.7326732673267,0.14633299185233098
-818.7128712871287,0.1459333617472914
-818.6930693069307,0.14539640114731006
-818.6732673267327,0.14472271080551974
-818.6534653465346,0.14391304650484918
-818.6336633663367,0.1429683193075893
-818.6138613861386,0.14188959589811823
-818.5940594059406,0.14067809904490378
-818.5742574257425,0.13933520821467058
-818.5544554455446,0.13786246037894698
-818.5346534653465,0.13626155106280277
-818.5148514851485,0.13453433569619064
-818.4950495049505,0.1326828313420373
-818.4752475247525,0.1307092188913627
-818.4554455445544,0.1286158458363305
-818.4356435643565,0.12640522975696664
-818.4158415841584,0.1240800626890477
-818.3960396039604,0.12164321658009852
-818.3762376237623,0.11909775009079562
-818.3564356435644,0.11644691706277005
-818.3366336633663,0.11369417705576476
-818.3168316831683,0.11084320846253963
-818.2970297029703,0.10789792484660021
-818.2772277227723,0.10486249532642057
-818.2574257425742,0.10174137006394492
-818.2376237623762,0.09853931222443255
-818.2178217821782,0.09526143818588237
-818.1980198019803,0.09191326832515248
-818.1782178217821,0.08850079144552254
-818.1584158415842,0.08503054690552436
-818.1386138613861,0.08150972985581513
-818.1188118811881,0.0779463268173743
-818.09900990099,0.07434929130792865
-818.0792079207921,0.07072877255508693
-818.0594059405942,0.06709641476547955
-818.039603960396,0.06346575016712418
-818.019801980198,0.0598527161482409
-818.0,0.05627633476922668
-817.980198019802,0.05275959981447886
-817.960396039604,0.04933061727581004
-817.940594059406,0.04602402795253137
-817.920792079208,0.042882681398764326
-817.9009900990098,0.039959384591359434
-817.8811881188119,0.037318252233944145
-817.8613861386139,0.03503468993036662
-817.8415841584158,0.03319244354072407
-817.8217821782179,0.03187594316584899
-817.8019801980198,0.031157364599345143
-817.7821782178219,0.03108111182896052
-817.7623762376237,0.03165215069586819
-817.7425742574258,0.032834604310877744
-817.7227722772278,0.034561457495202313
-817.7029702970297,0.03674983994082574
-817.6831683168317,0.0393149682895218
-817.6633663366337,0.04217907776532101
-817.6435643564357,0.04527533090702373
-817.6237623762376,0.04854836282476502
-817.6039603960396,0.05195314298978257
-817.5841584158417,0.05545326303510134
-817.5643564356435,0.05901922177691544
-817.5445544554456,0.06262693756381524
-817.5247524752475,0.06625654309343272
-817.5049504950496,0.06989144292810937
-817.4851485148515,0.07351758961927132
-817.4653465346535,0.0771229322693809
-817.4455445544555,0.08069699743214517
-817.4257425742574,0.08423057020445528
-817.4059405940594,0.08771545074551794
-817.3861386138614,0.09114426753203489
-817.3663366336634,0.09451033338112932
-817.3465346534654,0.09780753383908741
-817.3267326732673,0.10103024018858119
-817.3069306930694,0.1041732412879298
-817.2871287128712,0.10723168990284525
-817.2673267326733,0.11020106025891427
-817.2475247524753,0.11307711433376202
-817.2277227722773,0.11585587499628776
-817.2079207920792,0.11853360453970177
-817.1881188118812,0.12110678748560533
-817.1683168316832,0.1235721167864329
-817.1485148514851,0.12592648274318913
-817.1287128712871,0.12816696410154857
-817.1089108910892,0.13029082090060665
-817.0891089108911,0.13229548873623248
-817.0693069306931,0.13417857416789122
-817.049504950495,0.13593785105140377
-817.0297029702971,0.1375712576215481
-817.009900990099,0.13907689418203054
-816.990099009901,0.14045302128655518
-816.970297029703,0.14169805831619403
-816.950495049505,0.14281058237550384
-816.9306930693069,0.1437893274438569
-816.9108910891089,0.14463318372998318
-816.8910891089109,0.1453411971872687
-816.8712871287129,0.1459125691553963
-816.8514851485148,0.14634665610065445
-816.8316831683169,0.1466429694329823
-816.8118811881188,0.14680117538308782
-816.7920792079208,0.14682109492721343
-816.7722772277228,0.14670270375162087
-816.7524752475248,0.1464461322523237
-816.7326732673267,0.14605166556972934
-816.7128712871287,0.14551974366124096
-816.6930693069307,0.14485096141897272
-816.6732673267327,0.14404606884352497
-816.6534653465346,0.14310597128939617
-816.6336633663367,0.14203172980229026
-816.6138613861386,0.14082456157440296
-816.5940594059406,0.13948584055007088
-816.5742574257425,0.13801709822185484
-816.5544554455446,0.1364200246662299
-816.5346534653465,0.1346964698790028
-816.5148514851485,0.13284844548379185
-816.4950495049505,0.13087812690334674
-816.4752475247525,0.12878785610336005
-816.4554455445544,0.1265801450436564
-816.4356435643564,0.12425768000260759
-816.4158415841584,0.1218233269800781
-816.3960396039604,0.11928013843370322
-816.3762376237623,0.11663136166682146
-816.3564356435644,0.11388044926710046
-816.3366336633663,0.11103107209960277
-816.3168316831683,0.10808713549314337
-816.2970297029703,0.10505279943560367
-816.2772277227723,0.10193250382540246
-816.2574257425742,0.09873100013258025
-816.2376237623762,0.09545339122925045
-816.2178217821782,0.09210518169245593
-816.1980198019802,0.08869234161182142
-816.1782178217821,0.0852213879185813
-816.1584158415842,0.08169948858491563
-816.1386138613861,0.07813459684967985
-816.1188118811881,0.07453562507465075
-816.09900990099,0.07091267113533262
-816.0792079207921,0.06727731464377236
-816.0594059405942,0.06364300601160126
-816.039603960396,0.06002557844663939
-816.019801980198,0.05644392096548091
-816.0,0.05292085757548613
-815.980198019802,0.04948427901712382
-815.9603960396039,0.046168557449867226
-815.940594059406,0.04301621748916863
-815.920792079208,0.04007969564056239
-815.9009900990098,0.03742273035305302
-815.8811881188119,0.035120435062805586
-815.8613861386139,0.03325650310557989
-815.8415841584158,0.031915751911528234
-815.8217821782179,0.031171332599792507
-815.8019801980198,0.03106915269455782
-815.7821782178219,0.03161586483064956
-815.7623762376237,0.03277698280176188
-815.7425742574258,0.034486262056179134
-815.7227722772277,0.03666096436635954
-815.7029702970297,0.039215995863670305
-815.6831683168317,0.042073074249717526
-815.6633663366337,0.04516480823549651
-815.6435643564357,0.048435332062209416
-815.6237623762376,0.05183919880028821
-815.6039603960396,0.055339669027856385
-815.5841584158417,0.05890698428164873
-815.5643564356435,0.06251686487971311
-815.5445544554456,0.06614929130474002
-815.5247524752475,0.06978755065791178
-815.5049504950496,0.07341750416676351
-815.4851485148514,0.07702702922260404
-815.4653465346535,0.08060559540864
-815.4455445544555,0.08414394197408241
-815.4257425742574,0.08763383166848276
-815.4059405940594,0.09106786199986609
-815.3861386138614,0.09443931976560542
-815.3663366336634,0.09774206832062664
-815.3465346534654,0.10097045973781782
-815.3267326732673,0.10411926600352252
-815.3069306930694,0.10718362485668889
-815.2871287128712,0.11015899696207668
-815.2673267326733,0.1130411319088119
-815.2475247524752,0.115826041120898
-815.2277227722773,0.11850997621125822
-815.2079207920792,0.12108941164510519
-815.1881188118812,0.12356103083123735
-815.1683168316832,0.12592171495178214
-815.1485148514851,0.12816853398827832
-815.1287128712871,0.13029873951482177
-815.1089108910892,0.13230975891698876
-815.0891089108911,0.13419919076327835
-815.0693069306931,0.13596480110962503
-815.049504950495,0.1376045205596128
-815.0297029702971,0.1391164419366177
-815.0099009900989,0.14049881845079346
-814.990099009901,0.14175006226542747
-814.970297029703,0.14286874338442954
-814.950495049505,0.1438535887970374
-814.9306930693069,0.14470348182720058
-814.9108910891089,0.1454174616451284
-814.8910891089109,0.14599472290595997
-814.8712871287129,0.14643461548795073
-814.8514851485148,0.14673664430788588
-814.8316831683169,0.14690046919688762
-814.8118811881188,0.14692590482409354
-814.7920792079208,0.14681292066001675
-814.7722772277227,0.14656164097510355
-814.7524752475248,0.1461723448728595
-814.7326732673267,0.1456454663605828
-814.7128712871287,0.14498159446455852
-814.6930693069307,0.14418147340062298
-814.6732673267327,0.14324600281538524
-814.6534653465346,0.14217623811822322
-814.6336633663367,0.14097339092980085
-814.6138613861386,0.1396388296792988
-814.5940594059406,0.13817408038997803
-814.5742574257425,0.1365808277019603
-814.5544554455446,0.13486091619169366
-814.5346534653465,0.1330163520609978
-814.5148514851485,0.13104930528452235
-814.4950495049505,0.1289621123245508
-814.4752475247525,0.1267572795467715
-814.4554455445544,0.1244374875013927
-814.4356435643564,0.12200559627328879
-814.4158415841584,0.11946465215346322
-814.3960396039605,0.11681789594752232
-814.3762376237623,0.11406877331633794
-814.3564356435644,0.11122094764789706
-814.3366336633663,0.10827831609326337
-814.3168316831683,0.1052450295741442
-814.2970297029702,0.10212551779898353
-814.2772277227723,0.09892452062731612
-814.2574257425744,0.09564712752407033
-814.2376237623762,0.09229882738289234
-814.2178217821782,0.088885571718848
-814.1980198019802,0.08541385520434322
-814.1782178217821,0.08189081883994878
-814.1584158415842,0.07832438283970396
-814.1386138613861,0.07472341873342463
-814.1188118811882,0.07109797345681247
-814.09900990099,0.06745956255644427
-814.0792079207921,0.06382155531002112
-814.059405940594,0.0601996816256756
-814.039603960396,0.05661269860544767
-814.019801980198,0.05308326190270417
-814.0,0.04963904873662574
-813.9801980198021,0.04631416458601525
-813.9603960396039,0.0431508110320835
-813.940594059406,0.040201055281243535
-813.920792079208,0.03752825867540991
-813.9009900990098,0.03520723766984203
-813.8811881188119,0.033321622444091176
-813.8613861386139,0.03195660162384496
-813.8415841584159,0.031186285214131863
-813.8217821782177,0.031058077158440403
-813.8019801980198,0.031580326267480946
-813.7821782178219,0.03271995984075091
-813.7623762376237,0.034411528777007
-813.7425742574258,0.03657244378909496
-813.7227722772277,0.03911730679027077
-813.7029702970298,0.04196731649733037
-813.6831683168317,0.04505452256480014
-813.6633663366337,0.04832255223425048
-813.6435643564357,0.051725536586375534
-813.6237623762376,0.0552264005871639
-813.6039603960396,0.058795124983646106
-813.5841584158416,0.06240722943746012
-813.5643564356436,0.06604254027804739
-813.5445544554456,0.06968422571947751
-813.5247524752475,0.07331805461297
-813.5049504950496,0.07693183185595759
-813.4851485148514,0.08051496947243914
-813.4653465346535,0.08405816041499373
-813.4455445544555,0.08755312967567294
-813.4257425742575,0.0909924435194254
-813.4059405940594,0.09436936250338329
-813.3861386138614,0.09767772761031215
-813.3663366336634,0.10091187155219977
-813.3465346534653,0.1040665493145724
-813.3267326732673,0.10713688349774685
-813.3069306930694,0.11011832110688956
-813.2871287128713,0.11300659925404842
-813.2673267326733,0.1157977178378666
-813.2475247524752,0.11848791771706876
-813.2277227722773,0.12107366323197714
-813.2079207920792,0.12355162818373731
-813.1881188118812,0.12591868457547484
-813.1683168316832,0.12817189356788508
-813.1485148514852,0.1303084982163941
-813.1287128712871,0.13232591764539953
-813.1089108910891,0.13422174238412546
-813.0891089108911,0.13599373064279602
-813.0693069306931,0.13763980535032586
-813.049504950495,0.13915805180853028
-813.0297029702971,0.14054671584506526
-813.009900990099,0.1418042023686688
-812.990099009901,0.1429290742480629
-812.970297029703,0.1439200514499319
-812.950495049505,0.144776010383318
-812.9306930693069,0.1454959834072205
-812.9108910891089,0.14607915846648023
-812.8910891089109,0.146524878827755
-812.8712871287129,0.1468326428933421
-812.8514851485148,0.14700210407570266
-812.8316831683169,0.1470330707200672
-812.8118811881188,0.14692550606667487
-812.7920792079208,0.14667952824816916
-812.7722772277227,0.14629541032125487
-812.7524752475248,0.14577358033553123
-812.7326732673268,0.14511462144623372
-812.7128712871287,0.14431927208157216
-812.6930693069307,0.14338842617980663
-812.6732673267327,0.1423231335159114
-812.6534653465346,0.14112460014339923
-812.6336633663366,0.139794188983116
-812.6138613861386,0.13833342059835949
-812.5940594059407,0.13674397420477102
-812.5742574257425,0.13502768897391282
-812.5544554455446,0.13318656570289839
-812.5346534653465,0.13122276893816906
-812.5148514851485,0.12913862966134487
-812.4950495049505,0.12693664866968213
-812.4752475247525,0.12461950081417834
-812.4554455445545,0.12219004029702026
-812.4356435643564,0.11965130727871237
-812.4158415841584,0.11700653610734699
-812.3960396039604,0.11425916556185438
-812.3762376237623,0.11141285160343618
-812.3564356435644,0.10847148326191855
-812.3366336633663,0.10543920245679583
-812.3168316831684,0.10232042877951641
-812.2970297029702,0.09911989056316506
-812.2772277227723,0.09584266396340041
-812.2574257425744,0.09249422230589618
-812.2376237623762,0.08908049866899728
-812.2178217821782,0.08560796563314312
-812.1980198019802,0.0820837374320468
-812.1782178217823,0.07851570150942405
-812.1584158415841,0.07491268888340637
-812.1386138613861,0.07128469595722546
-812.1188118811882,0.06764317473439323
-812.09900990099,0.06400141403218064
-812.0792079207921,0.06037504132785453
-812.059405940594,0.05678268292269288
-812.0396039603961,0.05324682751968415
-812.019801980198,0.049794940524074044
-812.0,0.046460862670037656
-811.9801980198021,0.04328647439299428
-811.9603960396039,0.040323474778052086
-811.940594059406,0.03763484725542085
-811.9207920792079,0.03529510659068459
-811.90099009901,0.033387809310588795
-811.8811881188119,0.031998499163304626
-811.8613861386139,0.03120222843997567
-811.8415841584159,0.031047889999974248
-811.8217821782177,0.03154553787161101
-811.8019801980198,0.03266353570868841
-811.7821782178219,0.034337255073549726
-811.7623762376238,0.03648427294630895
-811.7425742574258,0.03901889361776806
-811.7227722772277,0.04186179545195905
-811.7029702970298,0.04494446377448872
-811.6831683168316,0.04821001259615445
-811.6633663366337,0.051612145312766415
-811.6435643564357,0.055113446630601644
-811.6237623762377,0.05868363292734015
-811.6039603960396,0.0622980205317807
-811.5841584158416,0.06593627964588242
-811.5643564356436,0.06958145814551785
-811.5445544554456,0.07321923143575146
-811.5247524752475,0.07683733112521249
-811.5049504950496,0.08042511108148234
-811.4851485148515,0.08397321750549468
-811.4653465346535,0.08747333727962278
-811.4455445544554,0.09091800514823992
-811.4257425742575,0.09430045520537549
-811.4059405940594,0.0976145058791254
-811.3861386138614,0.10085447036803342
-811.3663366336634,0.10401508652690152
-811.3465346534654,0.10709146170461284
-811.3267326732673,0.11007902914718504
-811.3069306930694,0.1129735134003183
-811.2871287128713,0.11577090275621181
-811.2673267326733,0.11846742724490358
-811.2475247524752,0.12105954101271138
-811.2277227722773,0.12354390818862501
-811.2079207920792,0.1259173915360995
-811.1881188118812,0.1281770433377741
-811.1683168316832,0.13032009807620495
-811.1485148514852,0.13234396656322092
-811.1287128712871,0.13424623123997598
-811.1089108910891,0.1360246424246583
-811.0891089108911,0.13767711532747987
-811.0693069306931,0.1392017276870232
-811.049504950495,0.14059671790897027
-811.0297029702971,0.1418604836102638
-811.009900990099,0.14299158048936111
-810.990099009901,0.14398872145755184
-810.970297029703,0.14485077597827614
-810.950495049505,0.14557676957086602
-810.9306930693069,0.14616588344357187
-810.9108910891089,0.1466174542274378
-810.8910891089109,0.1469309737884723
-810.8712871287129,0.14710608910095038
-810.8514851485148,0.1471426021688764
-810.8316831683169,0.14704046998728196
-810.8118811881188,0.1467998045383126
-810.7920792079208,0.14642087282153673
-810.7722772277227,0.14590409692083173
-810.7524752475248,0.14525005411473976
-810.7326732673268,0.14445947704057902
-810.7128712871287,0.14353325392737679
-810.6930693069307,0.14247242891724665
-810.6732673267327,0.14127820250053905
-810.6534653465346,0.1399519320962161
-810.6336633663366,0.13849513281660483
-810.6138613861386,0.1369094784643339
-810.5940594059407,0.13519680282021893
-810.5742574257425,0.133359101293458
-810.5544554455446,0.13139853302182006
-810.5346534653465,0.12931742352864192
-810.5148514851485,0.12711826806819118
-810.4950495049505,0.12480373582082599
-810.4752475247525,0.12237667513810947
-810.4554455445545,0.11984012008575898
-810.4356435643564,0.1171972985942578
-810.4158415841584,0.11445164260515217
-810.3960396039604,0.11160680070272105
-810.3762376237623,0.10866665385165035
-810.3564356435644,0.10563533503271673
-810.3366336633663,0.102517253792809
-810.3168316831684,0.09931712702199318
-810.2970297029702,0.09604001766376762
-810.2772277227723,0.09269138359026996
-810.2574257425744,0.08927713957975363
-810.2376237623762,0.08580373628595533
-810.2178217821782,0.08227826137835065
-810.1980198019802,0.0787085697821351
-810.1782178217823,0.07510345232034742
-810.1584158415841,0.0714728552661782
-810.1386138613861,0.06782816759589268
-810.1188118811882,0.06418259833104535
-810.09900990099,0.06055167337517568
-810.0792079207921,0.05695388932739683
-810.059405940594,0.05341156932486313
-810.0396039603961,0.049951968643865315
-810.019801980198,0.046608665187235894
-810.0,0.043423220117197764
-809.9801980198021,0.040446965580425855
-809.9603960396039,0.03774250633741893
-809.940594059406,0.03538405085802691
-809.9207920792079,0.03345507165366859
-809.90099009901,0.03204145158427264
-809.8811881188119,0.031219168470195197
-809.8613861386139,0.031038596195121337
-809.8415841584159,0.03151150269642837
-809.8217821782177,0.032607710847355094
-809.8019801980198,0.03426343847842373
-809.7821782178219,0.036396446641891365
-809.7623762376238,0.03892074891617321
-809.7425742574258,0.0417565020448222
-809.7227722772277,0.04483462170908486
-809.7029702970298,0.04809770235570192
-809.6831683168316,0.05149901389175448
-809.6633663366337,0.05500079602372922
-809.6435643564357,0.05857249710911093
-809.6237623762377,0.062189227415536896
-809.6039603960396,0.06583049900659976
-809.5841584158416,0.06947923794321939
-809.5643564356436,0.07312102509658451
-809.5445544554456,0.0767435179792227
-809.5247524752475,0.08033601169631871
-809.5049504950496,0.08388910523611072
-809.4851485148515,0.08739444701467346
-809.4653465346535,0.09084453997512795
-809.4455445544554,0.09423259152318925
-809.4257425742575,0.09755239734796334
-809.4059405940594,0.10079825098069244
-809.3861386138614,0.10396487301435263
-809.3663366336634,0.10704735543272634
-809.3465346534654,0.11004111762230294
-809.3267326732673,0.11294187147248023
-809.3069306930694,0.11574559358728898
-809.2871287128713,0.11844850309300255
-809.2673267326733,0.12104704387229386
-809.2475247524752,0.12353787031689542
-809.2277227722773,0.12591783588942712
-809.2079207920792,0.12818398393671224
-809.1881188118812,0.13033354031375938
-809.1683168316832,0.13236390746790336
-809.1485148514852,0.13427265970293664
-809.1287128712871,0.13605753939812937
-809.1089108910891,0.1377164540005216
-809.0891089108911,0.13924747364324352
-809.0693069306931,0.1406488292700276
-809.049504950495,0.14191891116826694
-809.0297029702971,0.14305626783059566
-809.009900990099,0.14405960507954696
-808.990099009901,0.14492778540177662
-808.9702970297029,0.14565982744799352
-808.950495049505,0.1462549056631288
-808.9306930693069,0.14671235001805635
-808.9108910891089,0.1470316458202454
-808.8910891089109,0.14721243358573857
-808.8712871287129,0.1472545089596468
-808.8514851485148,0.14715782267627725
-808.8316831683169,0.1469224805542165
-808.8118811881188,0.14654874352506309
-808.7920792079208,0.14603702769856589
-808.7722772277227,0.1453879044704867
-808.7524752475248,0.144602100683571
-808.7326732673267,0.1436804988563169
-808.7128712871287,0.14262413749914635
-808.6930693069307,0.1414342115428346
-808.6732673267327,0.14011207291055003
-808.6534653465346,0.13865923127221796
-808.6336633663366,0.13707735502865323
-808.6138613861386,0.1353682725836548
-808.5940594059407,0.13353397397496972
-808.5742574257425,0.1315766129508796
-808.5544554455446,0.1294985095985499
-808.5346534653465,0.12730215365430894
-808.5148514851485,0.12499020865617605
-808.4950495049504,0.12256551713677628
-808.4752475247525,0.12003110710249965
-808.4554455445545,0.11739020010575303
-808.4356435643564,0.11464622129490504
-808.4158415841584,0.11180281192680007
-808.3960396039604,0.10886384495666306
-808.3762376237623,0.10583344448959972
-808.3564356435644,0.10271601009983106
-808.3366336633663,0.09951624731717204
-808.3168316831684,0.09623920596932983
-808.2970297029702,0.09289032858838395
-808.2772277227723,0.08947551178786929
-808.2574257425742,0.08600118445852609
-808.2376237623762,0.0824744079062025
-808.2178217821782,0.07890300478661685
-808.1980198019802,0.07529572604073208
-808.1782178217823,0.07166246820928217
-808.1584158415841,0.06801455775067913
-808.1386138613861,0.06436512454678293
-808.1188118811882,0.06072959377310353
-808.09900990099,0.05712633341023297
-808.0792079207921,0.05357750239531094
-808.059405940594,0.05011014753867217
-808.0396039603961,0.04675758580263639
-808.0198019801979,0.04356106093295642
-808.0,0.04057153932554623
-807.9801980198021,0.03785124635847455
-807.9603960396039,0.035474079700662124
-807.940594059406,0.03352341761873837
-807.9207920792079,0.03208546613748964
-807.90099009901,0.031237111695486184
-807.8811881188119,0.031030200919199315
-807.8613861386139,0.031478223986493296
-807.8415841584159,0.03255248586227629
-807.8217821782177,0.03419007664305111
-807.8019801980198,0.036308959747242846
-807.7821782178218,0.0388228652767418
-807.7623762376238,0.041651427193114564
-807.7425742574258,0.0447249861759079
-807.7227722772277,0.04798561067056094
-807.7029702970298,0.05138613118041052
-807.6831683168316,0.0548884375771356
-807.6633663366337,0.05846170647428662
-807.6435643564357,0.06208083929692086
-807.6237623762377,0.06572518792170323
-807.6039603960396,0.06937755509165024
-807.5841584158416,0.07302342603813536
-807.5643564356436,0.07665038335757941
-807.5445544554455,0.08024766277801568
-807.5247524752475,0.0838058156076172
-807.5049504950496,0.08731645143512626
-807.4851485148515,0.09077204111850921
-807.4653465346535,0.09416576514756937
-807.4455445544554,0.09749139628630771
-807.4257425742575,0.10074320824336142
-807.4059405940594,0.10391590421773689
-807.3861386138614,0.10700456071344566
-807.3663366336634,0.11000458315631055
-807.3465346534654,0.11291167068877289
-807.3267326732673,0.11572178814433597
-807.3069306930693,0.11843114366980456
-807.2871287128713,0.12103617081400453
-807.2673267326733,0.12353351416579784
-807.2475247524752,0.12592001782525036
-807.2277227722773,0.12819271614509395
-807.2079207920792,0.13034882629756364
-807.1881188118812,0.13238574231309763
-807.1683168316832,0.13430103030827922
-807.1485148514852,0.1360924246761185
-807.1287128712871,0.1377578250554689
-807.1089108910891,0.13929529393127274
-807.0891089108911,0.14070305474484648
-807.0693069306931,0.14197949041576816
-807.049504950495,0.143123142194775
-807.0297029702971,0.1441327087817839
-807.009900990099,0.14500704565499964
-806.990099009901,0.14574516456704284
-806.9702970297029,0.14634623317227655
-806.950495049505,0.14680957475642303
-806.930693069307,0.147134668045627
-806.9108910891089,0.14732114707724503
-806.8910891089109,0.14736880111924658
-806.8712871287129,0.14727757462938534
-806.8514851485148,0.14704756724905388
-806.8316831683168,0.14667903383068737
-806.8118811881188,0.14617238450101144
-806.7920792079209,0.14552818476651408
-806.7722772277227,0.1447471556712484
-806.7524752475248,0.1438301740215179
-806.7326732673267,0.14277827269679413
-806.7128712871287,0.1415926410714826
-806.6930693069307,0.1402746255786774
-806.6732673267327,0.13882573045411778
-806.6534653465347,0.13724761870760804
-806.6336633663366,0.13554211337934585
-806.6138613861386,0.13371119915171736
-806.5940594059406,0.13175702440241172
-806.5742574257425,0.12968190380415212
-806.5544554455446,0.127488321600105
-806.5346534653465,0.12517893571390698
-806.5148514851486,0.12275658289062767
-806.4950495049504,0.12022428511243839
-806.4752475247525,0.11758525759289677
-806.4554455445545,0.11484291873102913
-806.4356435643564,0.11200090250536045
-806.4158415841584,0.10906307391696368
-806.3960396039604,0.10603354825781552
-806.3762376237624,0.10291671520083992
-806.3564356435643,0.09971726899777503
-806.3366336633663,0.09644024645609621
-806.3168316831684,0.09309107488036719
-806.2970297029702,0.08967563285359545
-806.2772277227723,0.0862003276656608
-806.2574257425742,0.08267219445737595
-806.2376237623763,0.07909902386135843
-806.2178217821782,0.07548952724598053
-806.1980198019802,0.07185355181237721
-806.1782178217823,0.06820236200409388
-806.1584158415841,0.06454900921088129
-806.1386138613861,0.06090881871459562
-806.1188118811881,0.0573000309463221
-806.0990099009902,0.05374464199056348
-806.0792079207921,0.05026949183308477
-806.059405940594,0.04690763836439578
-806.0396039603961,0.04370000975481941
-806.0198019801979,0.04069720784138982
-806.0,0.037961077951225095
-805.9801980198021,0.03556520254616495
-805.960396039604,0.03359285555065363
-805.940594059406,0.03213055027272983
-805.9207920792079,0.031256064707032065
-805.90099009901,0.031022709549784745
-805.8811881188118,0.031445705180667236
-805.8613861386139,0.03249786152572617
-805.8415841584159,0.03411716733992153
-805.8217821782179,0.036221807202260016
-805.8019801980198,0.03872523531159948
-805.7821782178218,0.04154656179864634
-805.7623762376238,0.044615546942918374
-805.7425742574258,0.04787372664565995
-805.7227722772277,0.051273485977630116
-805.7029702970298,0.05477636004345979
-805.6831683168317,0.05835124991421686
-805.6633663366337,0.0619728453365076
-805.6435643564356,0.06562033591303877
-805.6237623762377,0.06927639953910608
-805.6039603960396,0.0729264246817258
-805.5841584158416,0.0765579181883
-805.5643564356436,0.08016005578592694
-805.5445544554456,0.08372334062899008
-805.5247524752475,0.08723934311338616
-805.5049504950496,0.0907005017247104
-805.4851485148515,0.09409996980685902
-805.4653465346535,0.09743149701081023
-805.4455445544554,0.10068933706585846
-805.4257425742575,0.10386817564373428
-805.4059405940594,0.10696307365313325
-805.3861386138614,0.10996942245724896
-805.3663366336634,0.11288290836020358
-805.3465346534654,0.11569948434195117
-805.3267326732673,0.11841534749358015
-805.3069306930693,0.1210269209592564
-805.2871287128713,0.12353083945879798
-805.2673267326734,0.12592393766749596
-805.2475247524752,0.12820324088516216
-805.2277227722773,0.13036595754553015
-805.2079207920792,0.1324094732091812
-805.1881188118812,0.13433134575517863
-805.1683168316831,0.13612930154235137
-805.1485148514852,0.13780123235586114
-805.1287128712872,0.1393451929892332
-805.1089108910891,0.1407593993403616
-805.0891089108911,0.1420422269222314
-805.0693069306931,0.1431922097071271
-805.049504950495,0.14420803923795744
-805.0297029702971,0.1450885639523027
-805.009900990099,0.14583278867474997
-804.9900990099011,0.14643987424134644
-804.9702970297029,0.1469091372271738
-804.950495049505,0.14724004975382152
-804.9306930693069,0.14743223935897862
-804.9108910891089,0.1474854889148196
-804.8910891089109,0.14739973658616112
-804.8712871287129,0.14717507582320088
-804.8514851485149,0.14681175538750985
-804.8316831683168,0.14631017941348487
-804.8118811881188,0.14567090751141742
-804.7920792079209,0.1448946549221361
-804.7722772277227,0.1439822927376722
-804.7524752475248,0.14293484820687585
-804.7326732673267,0.1417535051506168
-804.7128712871288,0.14043960451722154
-804.6930693069306,0.13899464511612689
-804.6732673267327,0.13742028457653832
-804.6534653465347,0.13571834058814117
-804.6336633663366,0.13389079249371957
-804.6138613861386,0.13193978331889858
-804.5940594059406,0.12986762234338228
-804.5742574257426,0.12767678834163207
-804.5544554455446,0.12536993365052637
-804.5346534653465,0.12294988925865985
-804.5148514851486,0.12041967115875232
-804.4950495049504,0.11778248826441517
-804.4752475247525,0.11504175226882009
-804.4554455445544,0.11220108992095253
-804.4356435643565,0.10926435832257492
-804.4158415841584,0.10623566401466854
-804.3960396039604,0.1031193868397024
-804.3762376237624,0.09992020985286458
-804.3564356435643,0.0966431569362317
-804.3366336633663,0.09329364027844414
-804.3168316831684,0.08987752056498689
-804.2970297029703,0.08640118364550581
-804.2772277227723,0.08287163869235521
-804.2574257425742,0.07929664455886301
-804.2376237623763,0.07568487334673729
-804.2178217821781,0.07204612330574577
-804.1980198019802,0.06839159736132296
-804.1782178217823,0.06473426905029613
-804.1584158415842,0.06108936458422041
-804.1386138613861,0.05747499789925298
-804.1188118811881,0.05391300355656556
-804.0990099009902,0.05043001633744559
-804.0792079207921,0.04705883690748375
-804.059405940594,0.04384007968700334
-804.0396039603961,0.04082398314991196
-804.019801980198,0.038072011946857214
-804.0,0.03565742902377747
-803.980198019802,0.0336633939964869
-803.960396039604,0.03217671164151178
-803.940594059406,0.03127603429934073
-803.9207920792079,0.031016127669730078
-803.90099009901,0.031413949915339544
-803.8811881188119,0.03244383877985932
-803.8613861386139,0.03404470846489368
-803.8415841584159,0.03613498401646746
-803.8217821782179,0.0386278516535824
-803.8019801980198,0.041441896746472896
-803.7821782178218,0.04450629373659662
-803.7623762376238,0.047762039330573665
-803.7425742574258,0.05116106702129374
-803.7227722772277,0.054664552114424246
-803.7029702970298,0.058241116263298365
-803.6831683168317,0.06186523464439321
-803.6633663366337,0.06551593246002398
-803.6435643564356,0.06917576120048217
-803.6237623762377,0.07283001142488349
-803.6039603960396,0.07646611338552019
-803.5841584158416,0.08007318217555992
-803.5643564356436,0.08364167231546892
-803.5445544554456,0.08716311463813657
-803.5247524752475,0.09062991496629708
-803.5049504950495,0.09403519926550374
-803.4851485148515,0.09737269388391569
-803.4653465346535,0.1006366324133663
-803.4455445544554,0.1038216828638486
-803.4257425742575,0.10692289043225706
-803.4059405940594,0.10993563231637922
-803.3861386138614,0.11285558188993684
-803.3663366336634,0.11567868019571238
-803.3465346534654,0.1184011131921432
-803.3267326732673,0.12101929354743277
-803.3069306930693,0.1235298460456097
-803.2871287128713,0.12592959587438227
-803.2673267326733,0.12821555922133568
-803.2475247524752,0.1303849357254029
-803.2277227722773,0.13243510242386425
-803.2079207920792,0.13436360890737525
-803.1881188118812,0.1361681734522202
-803.1683168316831,0.13784667994378327
-803.1485148514852,0.13939717544041957
-803.1287128712872,0.14081786825510956
-803.1089108910891,0.1421071264549425
-803.0891089108911,0.14326347669664574
-803.0693069306931,0.14428560333125615
-803.049504950495,0.145172347723059
-803.029702970297,0.14592270773812244
-803.009900990099,0.14653583736595366
-802.9900990099011,0.14701104644499163
-802.9702970297029,0.14734780046855817
-802.950495049505,0.14754572045322517
-802.9306930693069,0.14760458285623845
-802.9108910891089,0.14752431953263687
-802.8910891089109,0.14730501772694793
-802.8712871287129,0.14694692009773608
-802.8514851485149,0.14645042477732642
-802.8316831683168,0.14581608547244476
-802.8118811881188,0.14504461161577525
-802.7920792079208,0.14413686858253436
-802.7722772277227,0.14309387799090464
-802.7524752475248,0.1419168181106748
-802.7326732673267,0.1406070244103403
-802.7128712871288,0.13916599028051865
-802.6930693069306,0.1375953679798957
-802.6732673267327,0.1358969698603539
-802.6534653465347,0.13407276994050213
-802.6336633663366,0.13212490591209372
-802.6138613861386,0.130055681682934
-802.5940594059406,0.12786757058287637
-802.5742574257426,0.1255632193893815
-802.5544554455445,0.12314545336530905
-802.5346534653465,0.12061728254838983
-802.5148514851486,0.11798190959085274
-802.4950495049504,0.11524273952317057
-802.4752475247525,0.11240339191317644
-802.4554455445544,0.10946771601779
-802.4356435643565,0.10643980968867195
-802.4158415841584,0.1033240430081558
-802.3960396039604,0.10012508791579983
-802.3762376237624,0.09684795546237403
-802.3564356435643,0.0934980428312618
-802.3366336633663,0.09008119294224712
-802.3168316831683,0.08660377036388253
-802.2970297029703,0.08307275849471475
-802.2772277227723,0.07949588464992455
-802.2574257425742,0.07588178196715456
-802.2376237623763,0.07224020012839562
-802.2178217821781,0.06858228103158785
-802.1980198019802,0.0649209209916413
-802.1782178217823,0.06127124796226313
-802.1584158415842,0.05765125042509608
-802.1386138613861,0.05408260272951174
-802.1188118811881,0.050591736051534573
-802.0990099009902,0.04721119565718697
-802.079207920792,0.043981284026716125
-802.059405940594,0.04095187747015226
-802.0396039603961,0.03818405937800476
-802.019801980198,0.03575076896713401
-802.0,0.03373504170824343
-801.980198019802,0.03222395809982408
-801.960396039604,0.031297027472981236
-801.940594059406,0.03101046107015871
-801.9207920792079,0.0313829620277234
-801.90099009901,0.0323904187398762
-801.8811881188119,0.033972698039645984
-801.8613861386139,0.03604848527012353
-801.8415841584158,0.03853070695596725
-801.8217821782179,0.04133742290354657
-801.8019801980198,0.044397216239744436
-801.7821782178218,0.04765053771681252
-801.7623762376238,0.05104886298531624
-801.7425742574258,0.054553002417790916
-801.7227722772277,0.05813129429595885
-801.7029702970298,0.06175799627728091
-801.6831683168317,0.06541196699685124
-801.6633663366337,0.06907562995462446
-801.6435643564356,0.07273417663883038
-801.6237623762377,0.07637495984711636
-801.6039603960396,0.07998703339639326
-801.5841584158416,0.08356080268649237
-801.5643564356436,0.08708775861249478
-801.5445544554456,0.09056027404041202
-801.5247524752475,0.0939714473225228
-801.5049504950495,0.09731498131255745
-801.4851485148515,0.10058508930529206
-801.4653465346535,0.10377642151341412
-801.4455445544554,0.10688400730452703
-801.4257425742575,0.10990320960747858
-801.4059405940594,0.11282968877278117
-801.3861386138614,0.11565937382173687
-801.3663366336633,0.11838843950265274
-801.3465346534654,0.1210132879358328
-801.3267326732673,0.1235305339022311
-801.3069306930693,0.12593699303865727
-801.2871287128713,0.1282296723605582
-801.2673267326733,0.13040576265529424
-801.2475247524752,0.1324626323828465
-801.2277227722773,0.13439782279407003
-801.2079207920792,0.13620904403374529
-801.1881188118812,0.13789417204094553
-801.1683168316831,0.13945124609456291
-801.1485148514852,0.14087846688061417
-801.1287128712871,0.14217419498048567
-801.1089108910891,0.14333694969777366
-801.0891089108911,0.14436540815620397
-801.0693069306931,0.14525840461357697
-801.049504950495,0.14601492994647733
-801.029702970297,0.14663413126913638
-801.009900990099,0.14711531165687788
-800.9900990099011,0.14745792995051998
-800.9702970297029,0.1476616006236013
-800.950495049505,0.14772609369879605
-800.9306930693069,0.1476513347040997
-800.9108910891089,0.14743740466338845
-800.8910891089109,0.1470845401196718
-800.8712871287129,0.14659313319297942
-800.8514851485149,0.14596373167869103
-800.8316831683168,0.1451970391959634
-800.8118811881188,0.14429391540027928
-800.7920792079208,0.14325537627874033
-800.7722772277227,0.1420825945520414
-800.7524752475248,0.14077690021342365
-800.7326732673267,0.13933978124179858
-800.7128712871288,0.13777288453506473
-800.6930693069306,0.13607801711965561
-800.6732673267327,0.13425714770506733
-800.6534653465347,0.13231240866708852
-800.6336633663366,0.13024609856235253
-800.6138613861386,0.12806068529994136
-800.5940594059406,0.12575881012488632
-800.5742574257426,0.1233432926047319
-800.5544554455445,0.12081713685638965
-800.5346534653465,0.11818353930893187
-800.5148514851486,0.11544589837294197
-800.4950495049504,0.11260782648310926
-800.4752475247525,0.10967316510561968
-800.4554455445544,0.10664600346401754
-800.4356435643565,0.10353070195032532
-800.4158415841584,0.10033192146875389
-800.3960396039604,0.097054660332146
-800.3762376237624,0.09370430082838918
-800.3564356435643,0.09028666824225699
-800.3366336633663,0.08680810601883825
-800.3168316831683,0.08327557197556466
-800.2970297029703,0.07969676212817273
-800.2772277227723,0.07608027094937761
-800.2574257425742,0.07243579993248575
-800.2376237623763,0.06877443043257908
-800.2178217821781,0.06510898216553808
-800.1980198019802,0.06145448562899328
-800.1782178217823,0.05782880487661698
-800.1584158415842,0.05425345534000736
-800.1386138613861,0.05075466616856395
-800.1188118811881,0.04736472903292825
-800.0990099009902,0.04412363626776036
-800.079207920792,0.04108090322161994
-800.059405940594,0.038297231481927346
-800.0396039603961,0.03584523241732482
-800.019801980198,0.03380780764581493
-800.0,0.032272297711032266
-799.980198019802,0.031319051437597875
-799.960396039604,0.031005715753673033
-799.940594059406,0.031352745559327995
-799.9207920792079,0.03233760269739553
-799.90099009901,0.03390113421424563
-799.8811881188119,0.0359623061155145
-799.8613861386139,0.03843379389234582
-799.8415841584158,0.041233131117351524
-799.8217821782179,0.04428830408928276
-799.8019801980198,0.04753921073511384
-799.7821782178218,0.05093686247663584
-799.7623762376238,0.05444169951427125
-799.7425742574258,0.058021772723558164
-799.7227722772277,0.06165111923542645
-799.7029702970298,0.06530842890958481
-799.6831683168317,0.0689759956415597
-799.6633663366337,0.07263891066588898
-799.6435643564356,0.07628444845231269
-799.6237623762377,0.07990160088962689
-799.6039603960396,0.08348072376364439
-799.5841584158416,0.08701326765209372
-799.5643564356436,0.09049157216699176
-799.5445544554456,0.09390870780995479
-799.5247524752475,0.09725835374672441
-799.5049504950495,0.10053470281403092
-799.4851485148515,0.10373238729048122
-799.4653465346536,0.10684642059600108
-799.4455445544554,0.10987215128608414
-799.4257425742575,0.11280522659454983
-799.4059405940594,0.11564156343625766
-799.3861386138614,0.11837732527129094
-799.3663366336633,0.12100890359951795
-799.3465346534654,0.12353290313099058
-799.3267326732674,0.1259461298877238
-799.3069306930693,0.12824558165263358
-799.2871287128713,0.13042844030415343
-799.2673267326733,0.13249206567043398
-799.2475247524752,0.1344339906105977
-799.2277227722773,0.13625191708849319
-799.2079207920792,0.13794371304974537
-799.1881188118813,0.13950740994898192
-799.1683168316831,0.1409412008027071
-799.1485148514852,0.14224343866626651
-799.1287128712871,0.14341263545196004
-799.1089108910891,0.14444746102031714
-799.0891089108911,0.14534674248893478
-799.0693069306931,0.14610946371343292
-799.0495049504951,0.14673476490353016
-799.029702970297,0.1472219423444221
-799.009900990099,0.14757044819972664
-798.9900990099011,0.14777989037753067
-798.9702970297029,0.1478500324458364
-798.950495049505,0.1477807935878087
-798.9306930693069,0.1475722485912868
-798.910891089109,0.14722462787066354
-798.8910891089108,0.14673831752304328
-798.8712871287129,0.14611385942422095
-798.8514851485149,0.14535195137403736
-798.8316831683168,0.1444534473049204
-798.8118811881188,0.14341935757198174
-798.7920792079208,0.14225084934850685
-798.7722772277228,0.14094924715665155
-798.7524752475248,0.13951603357037617
-798.7326732673267,0.1379528501361163
-798.7128712871288,0.13626149856688555
-798.6930693069306,0.1344439422778121
-798.6732673267327,0.13250230834623314
-798.6534653465346,0.13043888999807218
-798.6336633663367,0.1282561497451035
-798.6138613861386,0.12595672332662253
-798.5940594059406,0.12354342464499148
-798.5742574257426,0.12101925193011412
-798.5544554455445,0.11838739542580928
-798.5346534653465,0.11565124696524946
-798.5148514851486,0.11281441189766861
-798.4950495049505,0.10988072395216729
-798.4752475247525,0.10685426378496754
-798.4554455445544,0.10373938216707868
-798.4356435643565,0.10054072904713408
-798.4158415841583,0.09726329009261594
-798.3960396039604,0.09391243280479933
-798.3762376237624,0.09049396496300129
-798.3564356435644,0.08701420904504101
-798.3366336633663,0.08348009747805846
-798.3168316831683,0.0798992952144678
-798.2970297029703,0.0762803583579245
-798.2772277227723,0.07263294058775138
-798.2574257425742,0.06896806319477802
-798.2376237623763,0.06529846991088914
-798.2178217821782,0.061639094568898836
-798.1980198019802,0.05800767780738515
-798.1782178217821,0.05442557741704276
-798.1584158415842,0.050918822079039736
-798.1386138613861,0.047519451651922055
-798.1188118811881,0.044267150103988503
-798.0990099009902,0.04121107302749156
-798.0792079207921,0.03841153970356739
-798.059405940594,0.0359408296257801
-798.0396039603961,0.033881700979797244
-798.019801980198,0.03232173874871836
-798.0,0.03134211361475867
-797.980198019802,0.031001897937464554
-797.960396039604,0.031323304759411676
-797.940594059406,0.032285392123857476
-797.9207920792079,0.033830015269779246
-797.90099009901,0.03587644177826522
-797.8811881188119,0.03833710515651477
-797.8613861386139,0.04112901221460769
-797.8415841584158,0.04417954687408313
-797.8217821782179,0.04742804725273512
-797.8019801980199,0.05082505403223789
-797.7821782178218,0.05433063189443158
-797.7623762376238,0.05791254019133573
-797.7425742574258,0.061544592459705866
-797.7227722772277,0.06520530753332816
-797.7029702970297,0.06887684805984352
-797.6831683168317,0.07254420381699084
-797.6633663366338,0.07619457005934485
-797.6435643564356,0.07981687608604424
-797.6237623762377,0.08340142756867402
-797.6039603960396,0.08693963438330116
-797.5841584158416,0.09042380258720271
-797.5643564356436,0.09384697459137904
-797.5445544554456,0.09720280567820787
-797.5247524752476,0.10048546806383869
-797.5049504950495,0.10368957595490272
-797.4851485148515,0.10681012670428357
-797.4653465346535,0.10984245438890985
-797.4455445544554,0.11278219303167543
-797.4257425742575,0.11562524735537462
-797.4059405940594,0.11836776945316065
-797.3861386138615,0.12100614013137942
-797.3663366336633,0.12353695396075104
-797.3465346534654,0.1259570072840811
-797.3267326732674,0.1282632885907632
-797.3069306930693,0.13045297079245988
-797.2871287128713,0.1325234050304014
-797.2673267326733,0.13447211571952908
-797.2475247524753,0.13629679659273933
-797.2277227722772,0.13799530755458772
-797.2079207920792,0.13956567219009886
-797.1881188118813,0.14100607580315935
-797.1683168316831,0.14231486388221393
-797.1485148514852,0.14349054090960264
-797.1287128712871,0.14453176944620946
-797.1089108910892,0.1454373694352121
-797.0891089108911,0.14620631767924633
-797.0693069306931,0.14683774745377343
-797.0495049504951,0.14733094822636922
-797.029702970297,0.1476853654582311
-797.009900990099,0.14790060046908554
-796.990099009901,0.14797641035166859
-796.970297029703,0.14791270792608524
-796.950495049505,0.14770956172823504
-796.9306930693069,0.14736719603041484
-796.910891089109,0.1468859908956916
-796.8910891089108,0.14626648227162092
-796.8712871287129,0.14550936213250754
-796.8514851485149,0.1446154786839506
-796.8316831683169,0.14358583664782892
-796.8118811881188,0.14242159765124543
-796.7920792079208,0.14112408074905924
-796.7722772277228,0.13969476311665635
-796.7524752475247,0.1381352809580059
-796.7326732673267,0.13644743068435633
-796.7128712871288,0.13463317043084375
-796.6930693069307,0.13269462199358006
-796.6732673267327,0.13063407328786986
-796.6534653465346,0.12845398145136044
-796.6336633663367,0.12615697674398252
-796.6138613861386,0.12374586743270509
-796.5940594059406,0.12122364589393148
-796.5742574257426,0.11859349622383498
-796.5544554455446,0.11585880372029304
-796.5346534653465,0.11302316669439387
-796.5148514851485,0.1100904111914584
-796.4950495049505,0.10706460936073886
-796.4752475247525,0.10395010242102816
-796.4554455445544,0.10075152944449452
-796.4356435643565,0.0974738635452001
-796.4158415841584,0.09412245754578365
-796.3960396039604,0.09070310184854125
-796.3762376237624,0.08722209811877221
-796.3564356435644,0.08368635358226807
-796.3366336633663,0.08010350236182157
-796.3168316831683,0.07648206248462587
-796.2970297029703,0.07283164018631737
-796.2772277227723,0.0691631971663163
-796.2574257425742,0.06548940177970969
-796.2376237623763,0.06182509197544846
-796.2178217821782,0.05818788597645575
-796.1980198019802,0.05459898519253347
-796.1782178217821,0.05108421937515189
-796.1584158415842,0.04767537833343415
-796.1386138613861,0.04441183943335547
-796.1188118811881,0.04134239971850466
-796.0990099009902,0.0385269956991671
-796.0792079207921,0.036037571057782485
-796.059405940594,0.03395673109495119
-796.039603960396,0.03237228970005899
-796.019801980198,0.031366221641443155
-796.0,0.030999014057024526
-795.980198019802,0.031294644088886096
-795.960396039604,0.032233788674317775
-795.940594059406,0.03375933962132406
-795.9207920792079,0.035790887558922145
-795.90099009901,0.03824063346248893
-795.8811881188119,0.041025056999967155
-795.8613861386139,0.044070934132752745
-795.8415841584158,0.04731703607064171
-795.8217821782179,0.05071342611603248
-795.8019801980198,0.05421978797544109
-795.7821782178218,0.057803585275133545
-795.7623762376238,0.06143840482840212
-795.7425742574258,0.06510259214915114
-795.7227722772277,0.0687781769636122
-795.7029702970297,0.07245004636888108
-795.6831683168317,0.07610531550286846
-795.6633663366338,0.0797328504035588
-795.6435643564356,0.08332290612126184
-795.6237623762377,0.08686685144112802
-795.6039603960396,0.09035695856149414
-795.5841584158416,0.09378624156022235
-795.5643564356435,0.09714833163899515
-795.5445544554456,0.1004373802294315
-795.5247524752476,0.10364798332708991
-795.5049504950495,0.1067751220974544
-795.4851485148515,0.1098141160328984
-795.4653465346535,0.11276058585039969
-795.4455445544554,0.11561042399442248
-795.4257425742575,0.1183597711118541
-795.4059405940594,0.1210049972418396
-795.3861386138615,0.12354268674678212
-795.3663366336633,0.12596962622528385
-795.3465346534654,0.12828279481172036
-795.3267326732673,0.1304793563925287
-795.3069306930693,0.1325566533664302
-795.2871287128713,0.13451220165118477
-795.2673267326733,0.13634368669818916
-795.2475247524753,0.13804896032275882
-795.2277227722772,0.13962603819443312
-795.2079207920792,0.1410730978608434
-795.1881188118813,0.14238847720212308
-795.1683168316831,0.14357067323148426
-795.1485148514852,0.14461834117316685
-795.1287128712871,0.14553029376117174
-795.1089108910892,0.14630550071265583
-795.089108910891,0.14694308833852193
-795.0693069306931,0.14744233926073302
-795.0495049504951,0.14780269221234646
-795.029702970297,0.1480237419013254
-795.009900990099,0.14810523892406613
-794.990099009901,0.1480470897188719
-794.970297029703,0.14784935655336393
-794.950495049505,0.1475122575437694
-794.9306930693069,0.14703616670759284
-794.910891089109,0.14642161405502116
-794.8910891089108,0.14566928572816393
-794.8712871287129,0.14478002420162076
-794.8514851485148,0.14375482856235605
-794.8316831683169,0.14259485489214516
-794.8118811881188,0.1413014167819657
-794.7920792079208,0.13987598601459791
-794.7722772277228,0.138320193460189
-794.7524752475247,0.13663583023950376
-794.7326732673267,0.13482484922176022
-794.7128712871288,0.13288936693868084
-794.6930693069307,0.13083166601478008
-794.6732673267327,0.12865419823638025
-794.6534653465346,0.12635958841012004
-794.6336633663367,0.12395063919706109
-794.6138613861385,0.12143033715330928
-794.5940594059406,0.11880186026463695
-794.5742574257426,0.11606858733545398
-794.5544554455446,0.11323410968564403
-794.5346534653465,0.11030224572966521
-794.5148514851485,0.10727705916970105
-794.4950495049505,0.10416288174066707
-794.4752475247525,0.10096434171679702
-794.4554455445544,0.09768639974994694
-794.4356435643565,0.09433439409122528
-794.4158415841584,0.09091409789325024
-794.3960396039604,0.08743179216213735
-794.3762376237623,0.08389435910944451
-794.3564356435644,0.08030940225961768
-794.3366336633663,0.07668540185276362
-794.3168316831683,0.07303191704687469
-794.2970297029703,0.06935985041703743
-794.2772277227723,0.06568179554109296
-794.2574257425742,0.06201249525496911
-794.2376237623763,0.05836944635218973
-794.2178217821782,0.05477369510509199
-794.1980198019802,0.051250873854373144
-794.1782178217821,0.04783252410218188
-794.1584158415842,0.04455771836111783
-794.1386138613861,0.04147489633587681
-794.1188118811881,0.038643611339036855
-794.0990099009902,0.036135467395093324
-794.0792079207921,0.034032907592742384
-794.059405940594,0.032423959268420795
-794.039603960396,0.03139138337268015
-794.019801980198,0.030997070769034952
-794.0,0.031266768223718475
-793.980198019802,0.03218279419088219
-793.960396039604,0.03368910582065786
-793.940594059406,0.035705638834306386
-793.9207920792079,0.03814437154443788
-793.9009900990098,0.04092125625468469
-793.8811881188119,0.04396245535137252
-793.8613861386139,0.0472061659207025
-793.8415841584158,0.05060196711578653
-793.8217821782179,0.054109156097964184
-793.8019801980198,0.05769489647834488
-793.7821782178218,0.061332545154235196
-793.7623762376238,0.06500027198127727
-793.7425742574258,0.0686799720599398
-793.7227722772277,0.07235642856169962
-793.7029702970297,0.07601667559166053
-793.6831683168317,0.07964951524515385
-793.6633663366337,0.08324515143708987
-793.6435643564356,0.08679491146752294
-793.6237623762377,0.09029103336807848
-793.6039603960396,0.09372650263838497
-793.5841584158416,0.09709492620015735
-793.5643564356435,0.1003904345350322
-793.5445544554456,0.10360760528721963
-793.5247524752476,0.1067414033134932
-793.5049504950495,0.10978713341481529
-793.4851485148515,0.11274040290654966
-793.4653465346535,0.1155970918679085
-793.4455445544554,0.11835332941954257
-793.4257425742574,0.12100547475912551
-793.4059405940594,0.12355010197118796
-793.3861386138615,0.1259839878445874
-793.3663366336633,0.1283041020965973
-793.3465346534654,0.1305075995294716
-793.3267326732673,0.13259181374325466
-793.3069306930693,0.13455425210497163
-793.2871287128713,0.13639259173344695
-793.2673267326733,0.13810467630603598
-793.2475247524753,0.13968851353035944
-793.2277227722772,0.14114227315362454
-793.2079207920792,0.14246428540569922
-793.1881188118812,0.14365303979095007
-793.1683168316831,0.1447071841594636
-793.1485148514852,0.14562552400076384
-793.1287128712871,0.14640702191348692
-793.1089108910892,0.14705079721318615
-793.089108910891,0.1475561256476932
-793.0693069306931,0.14792243919570208
-793.0495049504951,0.14814932592948427
-793.029702970297,0.14823652992755176
-793.009900990099,0.14818395122717948
-792.990099009901,0.14799164581088392
-792.970297029703,0.14765982562438834
-792.9504950495049,0.14718885862764874
-792.9306930693069,0.14657926888391745
-792.910891089109,0.14583173669602534
-792.8910891089108,0.14494709880295872
-792.8712871287129,0.1439263486546927
-792.8514851485148,0.14277063678811322
-792.8316831683169,0.14148127133333396
-792.8118811881188,0.14005971868614456
-792.7920792079208,0.13850760439112333
-792.7722772277228,0.1368267142895139
-792.7524752475247,0.13501899599829947
-792.7326732673267,0.1330865608013504
-792.7128712871287,0.13103168605185397
-792.6930693069307,0.12885681820734024
-792.6732673267327,0.12656457664687773
-792.6534653465346,0.12415775845480999
-792.6336633663367,0.12163934439981659
-792.6138613861385,0.1190125063942252
-792.5940594059406,0.11628061679044019
-792.5742574257426,0.11344725996374186
-792.5544554455446,0.11051624675025964
-792.5346534653465,0.10749163246460712
-792.5148514851485,0.10437773942563576
-792.4950495049505,0.10117918518761722
-792.4752475247524,0.09790091803073703
-792.4554455445544,0.09454826174082265
-792.4356435643565,0.09112697234704775
-792.4158415841584,0.08764331034831287
-792.3960396039604,0.08410413312724267
-792.3762376237623,0.08051701383882501
-792.3564356435644,0.07689039522230873
-792.3366336633663,0.07323378971984236
-792.3168316831683,0.06955804124365796
-792.2970297029703,0.0658756691863808
-792.2772277227723,0.06220132203175354
-792.2574257425742,0.058552376117232935
-792.2376237623762,0.05494972380482884
-792.2178217821782,0.05141880152419068
-792.1980198019802,0.047990904192869326
-792.1782178217821,0.04470480120416368
-792.1584158415842,0.041608576135493174
-792.1386138613861,0.03876139871156664
-792.1188118811881,0.03623452953979581
-792.0990099009902,0.034110240295111414
-792.0792079207921,0.032476756377053176
-792.059405940594,0.031417606885311214
-792.039603960396,0.030996074955419426
-792.019801980198,0.031239682059192087
-792.0,0.03213241070688078
-791.980198019802,0.03361931255962292
-791.960396039604,0.03562069105944295
-791.940594059406,0.03804831215692278
-791.9207920792079,0.04081760073547614
-791.9009900990098,0.04385409996138679
-791.8811881188119,0.04709542546296941
-791.861386138614,0.05049066534006428
-791.8415841584158,0.05399872452287664
-791.8217821782179,0.057586462228634484
-791.8019801980198,0.06122700218121694
-791.7821782178218,0.06489833619403026
-791.7623762376237,0.06858222300596274
-791.7425742574258,0.07226334059621338
-791.7227722772278,0.0759286411061117
-791.7029702970297,0.07956686199653427
-791.6831683168317,0.08316815552570624
-791.6633663366337,0.0867238071094075
-791.6435643564356,0.09022602030116433
-791.6237623762377,0.09366775177466037
-791.6039603960396,0.0970425839704059
-791.5841584158417,0.10034462625310318
-791.5643564356435,0.10356843777415012
-791.5445544554456,0.10670896695934089
-791.5247524752475,0.10976150381050118
-791.5049504950495,0.11272164214498381
-791.4851485148515,0.11558524958912254
-791.4653465346535,0.11834844365675225
-791.4455445544555,0.12100757262921524
-791.4257425742574,0.12355920024302884
-791.4059405940594,0.12600009341118926
-791.3861386138615,0.12832721237125919
-791.3663366336633,0.13053770278175617
-791.3465346534654,0.13262888938736178
-791.3267326732673,0.13459827095026022
-791.3069306930694,0.13644351620506898
-791.2871287128712,0.13816246064189674
-791.2673267326733,0.13975310395948007
-791.2475247524753,0.1412136080598988
-791.2277227722772,0.14254229548024527
-791.2079207920792,0.14373764817575896
-791.1881188118812,0.14479830658434253
-791.1683168316832,0.1457230689152297
-791.1485148514852,0.14651089061492872
-791.1287128712871,0.14716088397233407
-791.1089108910892,0.14767231783211474
-791.089108910891,0.1480446173918555
-791.0693069306931,0.1482773640637343
-791.049504950495,0.14837029538627847
-791.0297029702971,0.148323304976071
-791.009900990099,0.14813644251320277
-790.990099009901,0.14780991375800742
-790.970297029703,0.1473440806003967
-790.9504950495049,0.14673946114671851
-790.9306930693069,0.14599672985297169
-790.910891089109,0.14511671771753282
-790.8910891089109,0.14410041255084452
-790.8712871287129,0.1429489593449808
-790.8514851485148,0.14166366077178605
-790.8316831683169,0.14024597784532863
-790.8118811881188,0.13869753079247718
-790.7920792079208,0.13702010018556215
-790.7722772277228,0.1352156284026813
-790.7524752475248,0.1332862214960667
-790.7326732673267,0.1312341515666905
-790.7128712871287,0.12906185976548712
-790.6930693069307,0.12677196006940175
-790.6732673267327,0.1243672440149147
-790.6534653465346,0.12185068661584608
-790.6336633663367,0.11922545374770273
-790.6138613861386,0.11649491135203327
-790.5940594059406,0.11366263690577168
-790.5742574257426,0.11073243371886232
-790.5544554455446,0.1077083487774237
-790.5346534653465,0.1045946950515948
-790.5148514851485,0.10139607945309119
-790.4950495049505,0.09811743798024691
-790.4752475247525,0.09476408005902359
-790.4554455445544,0.09134174472034921
-790.4356435643565,0.08785667210648059
-790.4158415841584,0.0843156949546214
-790.3960396039604,0.08072635627688007
-790.3762376237623,0.0770970615947431
-790.3564356435644,0.0734372769922084
-790.3366336633665,0.0697577881745403
-790.3168316831683,0.0660710409338083
-790.2970297029703,0.06239159015265655
-790.2772277227723,0.0587366926730571
-790.2574257425742,0.05512708815781153
-790.2376237623762,0.05158801860633424
-790.2178217821782,0.04815053405430197
-790.1980198019803,0.04485310249492359
-790.1782178217821,0.0417434525915308
-790.1584158415842,0.03888037012659899
-790.1386138613861,0.03633476861752891
-790.1188118811881,0.034188739247624944
-790.0990099009902,0.03253069017222323
-790.0792079207921,0.03144490048115744
-790.0594059405942,0.030996033726690932
-790.039603960396,0.031213390713636057
-790.019801980198,0.032082640450601496
-790.0,0.033549958673034924
-789.980198019802,0.0355360397689808
-789.960396039604,0.0379524480747418
-789.940594059406,0.040714081172967646
-789.920792079208,0.043745857337019425
-789.9009900990098,0.046984803282460755
-789.8811881188119,0.05037950901464557
-789.861386138614,0.0538884814276881
-789.8415841584158,0.05747827087432236
-789.8217821782179,0.06112176458106435
-789.8019801980198,0.0647967738884208
-789.7821782178219,0.06848491940561935
-789.7623762376237,0.07217077263079943
-789.7425742574258,0.07584120279535275
-789.7227722772278,0.07948488202341411
-789.7029702970297,0.08309191038802088
-789.6831683168317,0.08665353101635676
-789.6633663366337,0.09016191266881586
-789.6435643564357,0.09360998294276701
-789.6237623762377,0.09699129959433209
-789.6039603960396,0.10029995070279256
-789.5841584158417,0.10353047678406224
-789.5643564356435,0.10667780970969197
-789.5445544554456,0.10973722457385404
-789.5247524752475,0.11270430159871339
-789.5049504950496,0.11557489586942776
-789.4851485148515,0.11834511321183619
-789.4653465346535,0.12101129091546815
-789.4455445544555,0.12356998229812481
-789.4257425742574,0.1260179443302444
-789.4059405940594,0.12835212770648674
-789.3861386138615,0.1305696688815755
-789.3663366336634,0.1326678836875257
-789.3465346534654,0.134644262227042
-789.3267326732673,0.1364964647983351
-789.3069306930694,0.13822231865447085
-789.2871287128712,0.13981981543774918
-789.2673267326733,0.1412871091598362
-789.2475247524753,0.142622514622042
-789.2277227722773,0.143824506189645
-789.2079207920792,0.14489171684975508
-789.1881188118812,0.14582293749494898
-789.1683168316832,0.146617116385516
-789.1485148514852,0.14727335875183453
-789.1287128712871,0.14779092650582987
-789.1089108910892,0.14816923803673643
-789.0891089108911,0.14840786807171438
-789.0693069306931,0.14850654758674114
-789.049504950495,0.14846516375750615
-789.0297029702971,0.14828375994387744
-789.009900990099,0.14796253570543733
-788.990099009901,0.14750184684914588
-788.970297029703,0.14690220551395206
-788.950495049505,0.14616428030109618
-788.9306930693069,0.14528889646284865
-788.910891089109,0.1442770361672285
-788.8910891089109,0.14312983886111055
-788.8712871287129,0.14184860176033035
-788.8514851485148,0.14043478050205638
-788.8316831683169,0.13888999000300364
-788.8118811881188,0.1372160055768
-788.7920792079208,0.13541476437566993
-788.7722772277228,0.1334883672360665
-788.7524752475248,0.13143908102554533
-788.7326732673267,0.12926934161036405
-788.7128712871287,0.12698175759041533
-788.6930693069307,0.12457911498286849
-788.6732673267327,0.1220643830789712
-788.6534653465346,0.11944072175370377
-788.6336633663367,0.11671149057856552
-788.6138613861386,0.11388026017807565
-788.5940594059406,0.11095082638776131
-788.5742574257425,0.10792722792389765
-788.5544554455446,0.1048137684747892
-788.5346534653465,0.1016150443864413
-788.5148514851485,0.09833597946449238
-788.4950495049505,0.09498186887961814
-788.4752475247525,0.09155843478862526
-788.4554455445544,0.08807189712638261
-788.4356435643565,0.08452906416643075
-788.4158415841584,0.08093744900225067
-788.3960396039604,0.07730542021761654
-788.3762376237623,0.07364239789199256
-788.3564356435644,0.06995910997414424
-788.3366336633663,0.06626792923296529
-788.3168316831683,0.06258331769146601
-788.2970297029703,0.058922413644232514
-788.2772277227723,0.05530580525024386
-788.2574257425742,0.051758541540897846
-788.2376237623762,0.048311429353284266
-788.2178217821782,0.04500263698509117
-788.1980198019803,0.041879539400049674
-788.1782178217821,0.03900053811886541
-788.1584158415842,0.03643619598084459
-788.1386138613861,0.034268414722778334
-788.1188118811881,0.03258577002653548
-788.09900990099,0.03147327269050565
-788.0792079207921,0.030996954425807428
-788.0594059405942,0.031187899532767394
-788.039603960396,0.03203348584970216
-788.019801980198,0.033481043142355345
-788.0,0.035451680579510494
-787.980198019802,0.03785677209355345
-787.960396039604,0.04061068827087045
-787.940594059406,0.04363771679345842
-787.920792079208,0.046874287886712156
-787.9009900990098,0.05026848627983125
-787.8811881188119,0.0537784149036132
-787.8613861386139,0.05737031068151836
-787.8415841584158,0.061016820950510586
-787.8217821782179,0.06469557409961461
-787.8019801980198,0.06838805080729059
-787.7821782178219,0.07207871477922924
-787.7623762376237,0.07575435137522746
-787.7425742574258,0.0794035666697496
-787.7227722772278,0.0830164080147247
-787.7029702970297,0.0865840758391975
-787.6831683168317,0.09009870379175078
-787.6633663366337,0.09355319014037373
-787.6435643564357,0.09694106775158723
-787.6237623762376,0.10025640324926148
-787.6039603960396,0.10349371836996894
-787.5841584158417,0.10664792830673323
-787.5643564356435,0.10971429313672036
-787.5445544554456,0.11268837938897375
-787.5247524752475,0.11556602951854743
-787.5049504950496,0.11834333758142972
-787.4851485148515,0.12101662979926492
-787.4653465346535,0.12358244899983936
-787.4455445544555,0.1260375421437894
-787.4257425742574,0.12837885031910873
-787.4059405940594,0.13060350071606197
-787.3861386138614,0.13270880019620376
-787.3663366336634,0.13469223014751194
-787.3465346534654,0.1365514423790668
-787.3267326732673,0.13828425585646692
-787.3069306930694,0.13988865411752827
-787.2871287128712,0.14136278323765772
-787.2673267326733,0.14270495023877253
-787.2475247524753,0.1439136218548225
-787.2277227722773,0.1449874235829811
-787.2079207920792,0.1459251389622757
-787.1881188118812,0.14672570903209822
-787.1683168316832,0.14738823193192443
-787.1485148514851,0.14791196261086015
-787.1287128712871,0.14829631262200624
-787.1089108910892,0.14854084998204856
-787.0891089108911,0.14864529908136132
-787.0693069306931,0.14860954063403992
-787.049504950495,0.14843361166145141
-787.0297029702971,0.14811770550658807
-787.009900990099,0.1476621718800464
-786.990099009901,0.1470675169424979
-786.970297029703,0.1463344034319735
-786.950495049505,0.1454636508487809
-786.9306930693069,0.14445623571514768
-786.9108910891089,0.14331329193200829
-786.8910891089109,0.14203611126100563
-786.8712871287129,0.1406261439668953
-786.8514851485148,0.13908499966337098
-786.8316831683169,0.13741444841523567
-786.8118811881188,0.1356164221615116
-786.7920792079208,0.13369301653837906
-786.7722772277228,0.13164649319848748
-786.7524752475248,0.1294792827449286
-786.7326732673267,0.12719398842539095
-786.7128712871287,0.12479339076596682
-786.6930693069307,0.12228045336723946
-786.6732673267327,0.11965833013969188
-786.6534653465346,0.11693037432527459
-786.6336633663367,0.11410014974163156
-786.6138613861386,0.11117144480129572
-786.5940594059406,0.10814829000894784
-786.5742574257425,0.10503497983744729
-786.5544554455446,0.1018361001434127
-786.5346534653465,0.09855656262825138
-786.5148514851485,0.0952016483111177
-786.4950495049505,0.09177706259781031
-786.4752475247525,0.08828900536370517
-786.4554455445544,0.08474426059872216
-786.4356435643564,0.08115031169969762
-786.4158415841584,0.07751549058979144
-786.3960396039604,0.07384917169348448
-786.3762376237623,0.07016202564818198
-786.3564356435644,0.06646635276984558
-786.3366336633663,0.06277652295387467
-786.3168316831683,0.05910955688328092
-786.2970297029703,0.055485892393182336
-786.2772277227723,0.05193038699083679
-786.2574257425742,0.04847360597895949
-786.2376237623762,0.04515341964973086
-786.2178217821782,0.04201685048281375
-786.1980198019802,0.03912191545162388
-786.1782178217821,0.03653882321259625
-786.1584158415842,0.03434927722329183
-786.1386138613861,0.0326420055421561
-786.1188118811881,0.03150273227529959
-786.09900990099,0.03099884463158969
-786.0792079207921,0.031163214093445166
-786.0594059405942,0.03198494953499602
-786.039603960396,0.03341256509871265
-786.019801980198,0.035367609190963885
-786.0,0.03776127702963791
-785.980198019802,0.04050741270428993
-785.9603960396039,0.04352966758407215
-785.940594059406,0.04676386770235976
-785.920792079208,0.05015758518661268
-785.9009900990098,0.05366851295171585
-785.8811881188119,0.05726256983031391
-785.8613861386139,0.06091215980751818
-785.8415841584158,0.06459472579326132
-785.8217821782179,0.06829160670034123
-785.8019801980198,0.07198715710745335
-785.7821782178219,0.07566807752532234
-785.7623762376237,0.07932290725494451
-785.7425742574258,0.08294164038367118
-785.7227722772277,0.08651543422766532
-785.7029702970297,0.09003638700119067
-785.6831683168317,0.09349736738711435
-785.6633663366337,0.09689188315514516
-785.6435643564357,0.1002139793021863
-785.6237623762376,0.10345815864038962
-785.6039603960396,0.10661931955900349
-785.5841584158417,0.10969270700794728
-785.5643564356435,0.11267387372450692
-785.5445544554456,0.11555864944399023
-785.5247524752475,0.11834311637006346
-785.5049504950496,0.12102358957980852
-785.4851485148514,0.12359660133911275
-785.4653465346535,0.12605888853096783
-785.4455445544555,0.1284073825723765
-785.4257425742574,0.13063920132793555
-785.4059405940594,0.132751642630329
-785.3861386138614,0.13474217909704542
-785.3663366336634,0.13660845399470176
-785.3465346534654,0.13834827795049007
-785.3267326732673,0.13995962634907474
-785.3069306930694,0.1414406372832267
-785.2871287128712,0.1427896099513052
-785.2673267326733,0.14400500341399697
-785.2475247524752,0.14508543563884743
-785.2277227722773,0.14602968277384806
-785.2079207920792,0.1468366786023137
-785.1881188118812,0.14750551413988303
-785.1683168316832,0.148035437342218
-785.1485148514851,0.14842585289796767
-785.1287128712871,0.14867632208742254
-785.1089108910892,0.14878656269171667
-785.0891089108911,0.1487564489421946
-785.0693069306931,0.1485860115029623
-785.049504950495,0.14827543748405736
-785.0297029702971,0.14782507048588558
-785.0099009900989,0.14723541067944265
-784.990099009901,0.14650711493071905
-784.970297029703,0.14564099698170635
-784.950495049505,0.14463802770510864
-784.9306930693069,0.14349933545469834
-784.9108910891089,0.14222620653940346
-784.8910891089109,0.14082008585563313
-784.8712871287129,0.1392825777208418
-784.8514851485148,0.1376154469605323
-784.8316831683169,0.13582062031282102
-784.8118811881188,0.13390018822881544
-784.7920792079208,0.13185640716438884
-784.7722772277227,0.12969170248073486
-784.7524752475248,0.12740867209779252
-784.7326732673267,0.12501009107852182
-784.7128712871287,0.12249891736450517
-784.6930693069307,0.1198782989373821
-784.6732673267327,0.11715158274972563
-784.6534653465346,0.11432232585754597
-784.6336633663367,0.1113943093014147
-784.6138613861386,0.1083715554322664
-784.5940594059406,0.10525834957346332
-784.5742574257425,0.10205926716794868
-784.5544554455446,0.09877920790078429
-784.5346534653465,0.09542343874252782
-784.5148514851485,0.09199764847004535
-784.4950495049505,0.08850801704584417
-784.4752475247525,0.08496130435456753
-784.4554455445544,0.08136496431617826
-784.4356435643564,0.07772729246728445
-784.4158415841584,0.07405761792307719
-784.3960396039605,0.07036655444945467
-784.3762376237623,0.06666633047267338
-784.3564356435644,0.06297122448329105
-784.3366336633663,0.05929814047647323
-784.3168316831683,0.05566736712823926
-784.2970297029702,0.05210357184764325
-784.2772277227723,0.04863708004839311
-784.2574257425744,0.045305465692733034
-784.2376237623762,0.042155399992604085
-784.2178217821782,0.03924451512180311
-784.1980198019802,0.036642662131092026
-784.1782178217821,0.03443133748722068
-784.1584158415842,0.032699406555975134
-784.1386138613861,0.03153328823441822
-784.1188118811882,0.031001712164284555
-784.09900990099,0.031139340209623795
-784.0792079207921,0.0319370343463827
-784.059405940594,0.03334452382794714
-784.039603960396,0.03528382139008947
-784.019801980198,0.037665955721390955
-784.0,0.04040424511956561
-783.9801980198021,0.0434216988990663
-783.9603960396039,0.046653531072956035
-783.940594059406,0.0500467936940921
-783.920792079208,0.05355876348005223
-783.9009900990098,0.05715503641180246
-783.8811881188119,0.06080776958842185
-783.8613861386139,0.06449421786278849
-783.8415841584159,0.06819557651251978
-783.8217821782177,0.07189608963113092
-783.8019801980198,0.07558237188662449
-783.7821782178219,0.07924289507166533
-783.7623762376237,0.08286759945793379
-783.7425742574258,0.08644759882854045
-783.7227722772277,0.08997495563721246
-783.7029702970298,0.09344250872313184
-783.6831683168317,0.09684374054997616
-783.6633663366337,0.10017267431458832
-783.6435643564357,0.10342379375838172
-783.6237623762376,0.10659198034056207
-783.6039603960396,0.10967246377275684
-783.5841584158416,0.11266078290106923
-783.5643564356436,0.11555275465075547
-783.5445544554456,0.11834444929003633
-783.5247524752475,0.12103217067414809
-783.5049504950496,0.12361244043460069
-783.4851485148514,0.1260819853083248
-783.4653465346535,0.12843772697643438
-783.4455445544555,0.13067677391607604
-783.4257425742575,0.13279641487207186
-783.4059405940594,0.13479411363508736
-783.3861386138614,0.13666750487537235
-783.3663366336634,0.13841439083022836
-783.3465346534653,0.14003273868191468
-783.3267326732673,0.14152067849360606
-783.3069306930694,0.14287650159536958
-783.2871287128713,0.14409865933215066
-783.2673267326733,0.14518576210158432
-783.2475247524752,0.14613657862263638
-783.2277227722773,0.14695003538676393
-783.2079207920792,0.14762521625231254
-783.1881188118812,0.1481613621503195
-783.1683168316832,0.14855787087616365
-783.1485148514852,0.1488142969472283
-783.1287128712871,0.1489303515113636
-783.1089108910891,0.14890590229541356
-783.0891089108911,0.14874097358695715
-783.0693069306931,0.14843574624629616
-783.049504950495,0.147990557749295
-783.0297029702971,0.1474059022654392
-783.009900990099,0.1466824307793637
-782.990099009901,0.14582095126799588
-782.970297029703,0.14482242895031214
-782.950495049505,0.14368798663136242
-782.9306930693069,0.14241890516835332
-782.9108910891089,0.14101662409308463
-782.8910891089109,0.1394827424331615
-782.8712871287129,0.13781901978392347
-782.8514851485148,0.1360273776945705
-782.8316831683169,0.1341099014459645
-782.8118811881188,0.13206884231503577
-782.7920792079208,0.1299066204419831
-782.7722772277227,0.12762582844319292
-782.7524752475248,0.12522923594610302
-782.7326732673268,0.12271979526462067
-782.7128712871287,0.12010064848691686
-782.6930693069307,0.11737513631604747
-782.6732673267327,0.11454680909127456
-782.6534653465346,0.1116194405318882
-782.6336633663366,0.10859704489251668
-782.6138613861386,0.10548389841249795
-782.5940594059407,0.10228456619634542
-782.5742574257425,0.0990039359999347
-782.5544554455446,0.09564726084738875
-782.5346534653465,0.09222021300773581
-782.5148514851485,0.08872895267590938
-782.4950495049505,0.0851802158079898
-782.4752475247525,0.0815814270645961
-782.4554455445545,0.07794084586700821
-782.4356435643564,0.07426775636291336
-782.4158415841584,0.0705727158813858
-782.3960396039604,0.06686788151533074
-782.3762376237623,0.06316744106409765
-782.3564356435644,0.05948818274690383
-782.3366336633663,0.055850247230508285
-782.3168316831684,0.052278113234004574
-782.2970297029702,0.04880186790889927
-782.2772277227723,0.045458790548846675
-782.2574257425744,0.04229520231499888
-782.2376237623762,0.03936835036148086
-782.2178217821782,0.03674772479126177
-782.1980198019802,0.03451460648900242
-782.1782178217823,0.03275798314051263
-782.1584158415841,0.03156494980466577
-782.1386138613861,0.031005565086888464
-782.1188118811882,0.031116283934247067
-782.09900990099,0.03188974333499585
-782.0792079207921,0.03327691877215762
-782.059405940594,0.035200313050623926
-782.0396039603961,0.03757080102795542
-782.019801980198,0.040301176131468455
-782.0,0.043313799861677396
-781.9801980198021,0.04654326625469308
-781.9603960396039,0.04993609966496203
-781.940594059406,0.05344915429918961
-781.9207920792079,0.05704769842379703
-781.90099009901,0.06070363864380569
-781.8811881188119,0.06439403912551235
-781.8613861386139,0.06809994960634759
-781.8415841584159,0.07180550231229259
-781.8217821782177,0.07549722505850102
-781.8019801980198,0.07916352138313501
-781.7821782178219,0.08279427718328831
-781.7623762376238,0.08638056228348019
-781.7425742574258,0.08991440304676386
-781.7227722772277,0.09338860820735885
-781.7029702970298,0.09679663471159909
-781.6831683168316,0.10013248378161649
-781.6633663366337,0.10339061994053157
-781.6435643564357,0.10656590759026002
-781.6237623762377,0.10965356109220224
-781.6039603960396,0.1126491053011281
-781.5841584158416,0.11554834424121681
-781.5643564356436,0.11834733616151237
-781.5445544554456,0.12104237361750524
-781.5247524752475,0.12362996753324719
-781.5049504950496,0.12610683443060713
-781.4851485148515,0.12846988618932484
-781.4653465346535,0.13071622183671672
-781.4455445544554,0.1328431209702334
-781.4257425742575,0.134848038496764
-781.4059405940594,0.1367286004357474
-781.3861386138614,0.13848260058245987
-781.3663366336634,0.14010799786699224
-781.3465346534654,0.14160291427537328
-781.3267326732673,0.14296563322408376
-781.3069306930694,0.14419459829925568
-781.2871287128713,0.14528841228779177
-781.2673267326733,0.1462458364410339
-781.2475247524752,0.1470657899222873
-781.2277227722773,0.14774734939858133
-781.2079207920792,0.14828974874461198
-781.1881188118812,0.1486923788331127
-781.1683168316832,0.14895478739155754
-781.1485148514852,0.14907667890987228
-781.1287128712871,0.1490579145882104
-781.1089108910891,0.14889851231786672
-781.0891089108911,0.1485986466920914
-781.0693069306931,0.1481586490473902
-781.049504950495,0.14757900753946607
-781.0297029702971,0.14686036726180166
-781.009900990099,0.146003530419078
-780.990099009901,0.14500945657191813
-780.9702970297029,0.14387926297464113
-780.950495049505,0.1426142250333794
-780.9306930693069,0.14121577691862164
-780.9108910891089,0.13968551237414997
-780.8910891089109,0.13802518577395134
-780.8712871287129,0.13623671348989577
-780.8514851485148,0.1343221756471113
-780.8316831683169,0.13228381836108657
-780.8118811881188,0.1301240565716331
-780.7920792079208,0.1278454776154242
-780.7722772277227,0.125450845711703
-780.7524752475248,0.12294310757771366
-780.7326732673267,0.120325399443246
-780.7128712871287,0.11760105580134227
-780.6930693069307,0.11477362031909362
-780.6732673267327,0.1118468594448334
-780.6534653465346,0.10882477939391647
-780.6336633663366,0.10571164738668723
-780.6138613861386,0.10251201826391604
-780.5940594059407,0.09923076793885209
-780.5742574257425,0.09587313559055416
-780.5544554455446,0.09244477710029136
-780.5346534653465,0.08895183303951096
-780.5148514851485,0.0854010156107345
-780.4950495049505,0.0817997204306734
-780.4752475247525,0.07815617107361884
-780.4554455445545,0.07447960705773113
-780.4356435643564,0.07078052970487346
-780.4158415841584,0.06707102532418
-780.3960396039604,0.06336519172847162
-780.3762376237623,0.05967970226128102
-780.3564356435644,0.05603455071527743
-780.3366336633663,0.05245402851045893
-780.3168316831684,0.048967986144680876
-780.2970297029702,0.04561340989020396
-780.2772277227723,0.04243627207470161
-780.2574257425744,0.039493434644128106
-780.2376237623762,0.03685402349087258
-780.2178217821782,0.03459909544556237
-780.1980198019802,0.0328177456101034
-780.1782178217823,0.031597726466970455
-780.1584158415841,0.031010411711549883
-780.1386138613861,0.031094051565996938
-780.1188118811882,0.03184307976995881
-780.09900990099,0.03320974953549322
-780.0792079207921,0.035117080137281174
-780.059405940594,0.03747580583107818
-780.0396039603961,0.04019819632329025
-780.019801980198,0.04320595952691425
-780.0,0.046433061414206465
-779.9801980198021,0.04982549086276689
-779.9603960396039,0.053339673119206524
-779.940594059406,0.056940543767681415
-779.9207920792079,0.0605997552354043
-779.90099009901,0.06429417831958854
-779.8811881188119,0.06800471527621732
-779.8613861386139,0.07171538505660312
-779.8415841584159,0.0754126275960899
-779.8217821782177,0.07908477742064894
-779.8019801980198,0.08272166548597669
-779.7821782178219,0.08631431722690226
-779.7623762376238,0.08985472258179948
-779.7425742574258,0.09333565991579916
-779.7227722772277,0.0967505604445284
-779.7029702970298,0.10009340323916803
-779.6831683168316,0.10335863345578133
-779.6633663366337,0.10654109831070072
-779.6435643564357,0.10963599670231641
-779.6237623762377,0.11263883939315711
-779.6039603960396,0.11554541741464036
-779.5841584158416,0.11835177691221535
-779.5643564356436,0.1210541990631235
-779.5445544554456,0.12364918401027847
-779.5247524752475,0.1261334379909006
-779.5049504950496,0.1285038630172822
-779.4851485148515,0.1307575486039772
-779.4653465346535,0.13289176514091755
-779.4455445544554,0.13490395859371118
-779.4257425742575,0.13679174627594157
-779.4059405940594,0.13855291348819096
-779.3861386138614,0.1401854108580016
-779.3663366336634,0.14168735224612483
-779.3465346534654,0.14305701310958743
-779.3267326732673,0.144292829232064
-779.3069306930694,0.14539339574832358
-779.2871287128713,0.1463574664029374
-779.2673267326733,0.14718395299417714
-779.2475247524752,0.14787192496318557
-779.2277227722773,0.14842060909605398
-779.2079207920792,0.1488293893129579
-779.1881188118812,0.14909780652390706
-779.1683168316832,0.1492255585357612
-779.1485148514852,0.14921249999927552
-779.1287128712871,0.14905864238917463
-779.1089108910891,0.14876415401386775
-779.0891089108911,0.14832936005521985
-779.0693069306931,0.1477547426423589
-779.049504950495,0.1470409409674148
-779.0297029702971,0.14618875145515808
-779.009900990099,0.14519912800282064
-778.990099009901,0.14407318231156446
-778.9702970297029,0.14281218433668344
-778.950495049505,0.14141756289025675
-778.9306930693069,0.13989090643792357
-778.9108910891089,0.1382339641407133
-778.8910891089109,0.13644864720444266
-778.8712871287129,0.1345370306126673
-778.8514851485148,0.13250135533659071
-778.8316831683169,0.13034403113592877
-778.8118811881188,0.12806764009117844
-778.7920792079208,0.12567494104039592
-778.7722772277227,0.12316887513490062
-778.7524752475248,0.12055257278083296
-778.7326732673267,0.11782936230045073
-778.7128712871287,0.11500278073290103
-778.6930693069307,0.11207658730551556
-778.6732673267327,0.10905478025103911
-778.6534653465346,0.10594161783541463
-778.6336633663366,0.1027416447098111
-778.6138613861386,0.09945972503081055
-778.5940594059407,0.09610108423298362
-778.5742574257425,0.09267136192896827
-778.5544554455446,0.08917667920953781
-778.5346534653465,0.08562372469708762
-778.5148514851485,0.08201986517770773
-778.4950495049504,0.0783732886442277
-778.4752475247525,0.07469319031952888
-778.4554455445545,0.07099001594290302
-778.4356435643564,0.06727578158261796
-778.4158415841584,0.06356449576086423
-778.3960396039604,0.05987271783431914
-778.3762376237623,0.05622029584231614
-778.3564356435644,0.052631335279542585
-778.3366336633663,0.0491354515807692
-778.3168316831684,0.045769339630059115
-778.2970297029702,0.04257862413911974
-778.2772277227723,0.03961978168800351
-778.2574257425742,0.0369615707737693
-778.2376237623762,0.03468481581958679
-778.2178217821782,0.032878704524121956
-778.1980198019802,0.031631627949765706
-778.1782178217823,0.031016260603398235
-778.1584158415841,0.03107264965370815
-778.1386138613861,0.031797047142958376
-778.1188118811882,0.03314301588810678
-778.09900990099,0.035034118708150694
-778.0792079207921,0.03738096303573128
-778.059405940594,0.040095296245767284
-778.0396039603961,0.04309816687932119
-778.0198019801979,0.04632290462560271
-778.0,0.04971495494864102
-777.9801980198021,0.05323030754627403
-777.9603960396039,0.05683356024508306
-777.940594059406,0.06049610753288032
-777.9207920792079,0.06419462410104847
-777.90099009901,0.06790986274559968
-777.8811881188119,0.07162572771078626
-777.8613861386139,0.07532857000796662
-777.8415841584159,0.07900665438152428
-777.8217821782177,0.08264975627083936
-777.8019801980198,0.0862488562843671
-777.7821782178218,0.08979590759781853
-777.7623762376238,0.09328365794032309
-777.7425742574258,0.09670551258128968
-777.7227722772277,0.10005542826314107
-777.7029702970298,0.10332783062485995
-777.6831683168316,0.1065175495678998
-777.6633663366337,0.10961976841399201
-777.6435643564357,0.11262998373175201
-777.6237623762377,0.11554397346744827
-777.6039603960396,0.11835777157790235
-777.5841584158416,0.1210676477829525
-777.5643564356436,0.12367009137010793
-777.5445544554455,0.12616179822174256
-777.5247524752475,0.12853966041605733
-777.5049504950496,0.13080075789129353
-777.4851485148515,0.13294235176916802
-777.4653465346535,0.13496187901590737
-777.4455445544554,0.1368569481836088
-777.4257425742575,0.13862533602489172
-777.4059405940594,0.14026498481377234
-777.3861386138614,0.14177400023703482
-777.3663366336634,0.14315064974579547
-777.3465346534654,0.14439336127702532
-777.3267326732673,0.14550072227140054
-777.3069306930693,0.14647147892698775
-777.2871287128713,0.14730453563960655
-777.2673267326733,0.1479989545893337
-777.2475247524752,0.14855395544086172
-777.2277227722773,0.14896891513133687
-777.2079207920792,0.149243367725241
-777.1881188118812,0.1493770043206776
-777.1683168316832,0.14936967299576148
-777.1485148514852,0.14922137878787065
-777.1287128712871,0.14893228370228684
-777.1089108910891,0.14850270675043623
-777.0891089108911,0.14793312402164072
-777.0693069306931,0.14722416879600575
-777.049504950495,0.1463766317102917
-777.0297029702971,0.1453914609928452
-777.009900990099,0.1442697627888305
-776.990099009901,0.1430128016025308
-776.9702970297029,0.14162200089015511
-776.950495049505,0.1400989438444373
-776.930693069307,0.138445374421545
-776.9108910891089,0.13666319867211352
-776.8910891089109,0.1347544864519709
-776.8712871287129,0.13272147360485897
-776.8514851485148,0.13056656473035563
-776.8316831683168,0.1282923366760307
-776.8118811881188,0.12590154292545194
-776.7920792079209,0.1233971190944054
-776.7722772277227,0.12078218979985628
-776.7524752475248,0.11806007723217182
-776.7326732673267,0.11523431184645423
-776.7128712871287,0.11230864569865558
-776.6930693069307,0.10928706909517054
-776.6732673267327,0.10617383141167282
-776.6534653465347,0.10297346718340518
-776.6336633663366,0.09969082889557745
-776.6138613861386,0.09633112833812155
-776.5940594059406,0.09289998897319657
-776.5742574257425,0.0894035125525115
-776.5544554455446,0.08584836429016716
-776.5346534653465,0.08224188235283268
-776.5148514851486,0.07859221941465305
-776.4950495049504,0.07490852673381335
-776.4752475247525,0.07120119488671839
-776.4554455445545,0.06748217023720854
-776.4356435643564,0.06376537270404407
-776.4158415841584,0.0600672485346558
-776.3960396039604,0.056407501121678603
-776.3762376237624,0.05281005139144797
-776.3564356435643,0.04930428128848461
-776.3366336633663,0.045926595928064196
-776.3168316831684,0.04272227362340346
-776.2970297029702,0.0397474054609528
-776.2772277227723,0.037070379434487745
-776.2574257425742,0.034771779323984564
-776.2376237623763,0.032940870691374025
-776.2178217821782,0.03166666423336041
-776.1980198019802,0.031023120585058395
-776.1782178217823,0.031052085001284774
-776.1584158415841,0.03175164917329918
-776.1386138613861,0.03307671777027228
-776.1188118811881,0.03495142491710843
-776.0990099009902,0.03728626557035896
-776.0792079207921,0.03999246641553941
-776.059405940594,0.04299041083006989
-776.0396039603961,0.046212783866751844
-776.0198019801979,0.049604479477044036
-776.0,0.05312104507824301
-775.9801980198021,0.056726735553418096
-775.960396039604,0.060392683609478616
-775.940594059406,0.06409536503952819
-775.9207920792079,0.06781538116300335
-775.90099009901,0.0715365200587897
-775.8811881188118,0.07524504275253813
-775.8613861386139,0.07892914342564247
-775.8415841584159,0.08257854141809105
-775.8217821782179,0.08618417206955568
-775.8019801980198,0.08973795145113594
-775.7821782178218,0.09323259638607825
-775.7623762376238,0.0966614859800375
-775.7425742574258,0.10001855446724756
-775.7227722772277,0.10329820781831259
-775.7029702970298,0.10649525848949712
-775.6831683168317,0.10960487411137738
-775.6633663366337,0.11262253695619986
-775.6435643564356,0.11554401179202142
-775.6237623762377,0.11836532030132232
-775.6039603960396,0.12108272066678505
-775.5841584158416,0.12369269124563115
-775.5643564356436,0.1261919174946023
-775.5445544554456,0.12857728149056044
-775.5247524752475,0.13084585353130046
-775.5049504950496,0.1329948854090209
-775.4851485148515,0.13502180503188643
-775.4653465346535,0.13692421213427544
-775.4455445544554,0.1386998748669896
-775.4257425742575,0.14034672709895657
-775.4059405940594,0.14186286629370903
-775.3861386138614,0.14324655184938048
-775.3663366336634,0.14449620381144573
-775.3465346534654,0.14561040188390967
-775.3267326732673,0.14658788467805717
-775.3069306930693,0.1474275491491958
-775.2871287128713,0.14812845018066811
-775.2673267326734,0.14868980028238424
-775.2475247524752,0.1491109693774374
-775.2277227722773,0.1493914846561396
-775.2079207920792,0.14953103048165117
-775.1881188118812,0.14952944833567441
-775.1683168316831,0.14938673679695272
-775.1485148514852,0.14910305154883371
-775.1287128712872,0.14867870541605357
-775.1089108910891,0.14811416843439137
-775.0891089108911,0.14741006796078732
-775.0693069306931,0.14656718883543413
-775.049504950495,0.14558647361189445
-775.0297029702971,0.144469022876055
-775.009900990099,0.14321609568060248
-774.9900990099011,0.14182911012800306
-774.9702970297029,0.14030964414299285
-774.950495049505,0.1386594364845271
-774.9306930693069,0.1368803880586502
-774.9108910891089,0.1349745636069256
-774.8910891089109,0.13294419386214468
-774.8712871287129,0.1307916782833804
-774.8514851485149,0.1285195885082034
-774.8316831683168,0.12613067269206768
-774.8118811881188,0.12362786094537277
-774.7920792079209,0.1210142721300188
-774.7722772277227,0.11829322234308559
-774.7524752475248,0.11546823549921176
-774.7326732673267,0.11254305653223787
-774.7128712871288,0.10952166787807777
-774.6930693069306,0.10640831008586618
-774.6732673267327,0.10320750764805112
-774.6534653465347,0.09992410146317583
-774.6336633663366,0.09656328977561278
-774.6138613861386,0.09313068001430018
-774.5940594059406,0.0896323547322425
-774.5742574257426,0.08607495590552994
-774.5544554455446,0.08246579329057883
-774.5346534653465,0.07881298450290918
-774.5148514851486,0.07512563716294528
-774.4950495049504,0.07141408709913265
-774.4752475247525,0.06769021150080565
-774.4554455445544,0.06396784236213665
-774.4356435643565,0.06026331368780691
-774.4158415841584,0.05659618531648953
-774.3960396039604,0.05299019494661475
-774.3762376237624,0.049474492587892875
-774.3564356435643,0.046085195192464984
-774.3366336633663,0.04286723589242323
-774.3168316831684,0.0398763201822057
-774.2970297029703,0.03718046251997507
-774.2772277227723,0.0348599979235211
-774.2574257425742,0.03300425517182047
-774.2376237623763,0.03170284555192323
-774.2178217821781,0.031031000739228824
-774.1980198019802,0.031032364671100595
-774.1782178217823,0.031706889811821785
-774.1584158415842,0.03301085529595853
-774.1386138613861,0.03486899501595028
-774.1188118811881,0.037191706387344224
-774.0990099009902,0.03988969731402888
-774.0792079207921,0.04288268021475893
-774.059405940594,0.04610268701642336
-774.0396039603961,0.049494051892719035
-774.019801980198,0.053011873101593415
-774.0,0.05662005728298797
-773.980198019802,0.06028947143935881
-773.960396039604,0.06399638961594342
-773.940594059406,0.06772125959993044
-773.9207920792079,0.07144775182005997
-773.90099009901,0.07516203623658595
-773.8811881188119,0.07885223567437451
-773.8613861386139,0.082508012782545
-773.8415841584159,0.08612025718381493
-773.8217821782179,0.08968084749860557
-773.8019801980198,0.09318246937159468
-773.7821782178218,0.09661847552493122
-773.7623762376238,0.09998277750363345
-773.7425742574258,0.1032697614573854
-773.7227722772277,0.1064742222659365
-773.7029702970298,0.10959131175330147
-773.6831683168317,0.11261649779216885
-773.6633663366337,0.11554553187860905
-773.6435643564356,0.11837442333440712
-773.6237623762377,0.12109941872470341
-773.6039603960396,0.12371698540092572
-773.5841584158416,0.12622379832281672
-773.5643564356436,0.12861672949802427
-773.5445544554456,0.13089283951920044
-773.5247524752475,0.13304937078711407
-773.5049504950495,0.13508374209258378
-773.4851485148515,0.1369935442954313
-773.4653465346535,0.13877653689019942
-773.4455445544554,0.14043064528857555
-773.4257425742575,0.14195395868092237
-773.4059405940594,0.14334472836476086
-773.3861386138614,0.14460136644866706
-773.3663366336634,0.14572244485680877
-773.3465346534654,0.14670669457280555
-773.3267326732673,0.14755300507287258
-773.3069306930693,0.14826042390731792
-773.2871287128713,0.14882815639731456
-773.2673267326733,0.14925556542034482
-773.2475247524752,0.14954217126338992
-773.2277227722773,0.14968765152788774
-773.2079207920792,0.14969184107485073
-773.1881188118812,0.1495547320025679
-773.1683168316831,0.14927647365316055
-773.1485148514852,0.14885737264790927
-773.1287128712872,0.14829789295485027
-773.1089108910891,0.14759865599613106
-773.0891089108911,0.1467604408063997
-773.0693069306931,0.14578418425804066
-773.049504950495,0.1446709813739923
-773.029702970297,0.14342208575433735
-773.009900990099,0.14203891014954045
-772.9900990099011,0.14052302722082313
-772.9702970297029,0.13887617053728818
-772.950495049505,0.1371002358705457
-772.9306930693069,0.13519728286104568
-772.9108910891089,0.13316953714680255
-772.8910891089109,0.13101939306570096
-772.8712871287129,0.1287494170679111
-772.8514851485149,0.12636235200688334
-772.8316831683168,0.12386112251741394
-772.8118811881188,0.12124884174019832
-772.7920792079208,0.11852881971731506
-772.7722772277227,0.11570457386617067
-772.7524752475248,0.11277984204742643
-772.7326732673267,0.10975859888202896
-772.7128712871288,0.10664507615584605
-772.6930693069306,0.10344378839118318
-772.6732673267327,0.10015956498402798
-772.6534653465347,0.09679759073153878
-772.6336633663366,0.0933634571457314
-772.6138613861386,0.08986322772011957
-772.5940594059406,0.08630352136152819
-772.5742574257426,0.08269161962324
-772.5544554455445,0.07903560531956914
-772.5346534653465,0.07534454275657067
-772.5148514851486,0.07162871342490261
-772.4950495049504,0.06789992586307143
-772.4752475247525,0.06417192481104952
-772.4554455445544,0.060460932886524946
-772.4356435643565,0.056786367453241546
-772.4158415841584,0.05317178430596561
-772.3960396039604,0.049646103057825845
-772.3762376237624,0.046245154090014284
-772.3564356435643,0.04301352657044272
-772.3366336633663,0.040006540331811995
-772.3168316831683,0.03729183333871541
-772.2970297029703,0.03494948384374615
-772.2772277227723,0.03306886928517199
-772.2574257425742,0.03174018240171739
-772.2376237623763,0.031039910416712415
-772.2178217821781,0.03101349599198506
-772.1980198019802,0.03166277324843371
-772.1782178217823,0.03294542875886817
-772.1584158415842,0.034786825358113324
-772.1386138613861,0.037097278463971484
-772.1188118811881,0.039786979386023894
-772.0990099009902,0.0427749637901514
-772.079207920792,0.04599260184978146
-772.059405940594,0.04938365952535333
-772.0396039603961,0.05290277888561407
-772.019801980198,0.05651351291092204
-772.0,0.0601864588914188
-771.980198019802,0.06389768621624713
-771.960396039604,0.06762748704466842
-771.940594059406,0.07135941264338973
-771.9207920792079,0.07507954080928526
-771.90099009901,0.078775922204639
-771.8811881188119,0.08243816218777161
-771.8613861386139,0.08605710421040041
-771.8415841584158,0.0896245890921189
-771.8217821782179,0.09313327102332085
-771.8019801980198,0.09657647612081285
-771.7821782178218,0.0999480930577226
-771.7623762376238,0.10324248800901424
-771.7425742574258,0.10645443814553454
-771.7227722772277,0.10957907936850132
-771.7029702970298,0.1126118650470748
-771.6831683168317,0.11554853331083986
-771.6633663366337,0.11838508103390812
-771.6435643564356,0.12111774308283854
-771.6237623762377,0.12374297572716982
-771.6039603960396,0.1262574433576217
-771.5841584158416,0.12865800784422102
-771.5643564356436,0.13094172000911763
-771.5445544554456,0.13310581279915942
-771.5247524752475,0.1351476958279124
-771.5049504950495,0.13706495102326052
-771.4851485148515,0.13885532916838603
-771.4653465346535,0.14051674716497697
-771.4455445544554,0.1420472858797496
-771.4257425742575,0.14344518846133736
-771.4059405940594,0.14470885903542086
-771.3861386138614,0.14583686170258703
-771.3663366336633,0.14682791977730736
-771.3465346534654,0.14768091521752172
-771.3267326732673,0.1483948882036388
-771.3069306930693,0.14896903683359158
-771.2871287128713,0.1494027169071007
-771.2673267326733,0.14969544177807967
-771.2475247524752,0.1498468822589703
-771.2277227722773,0.14985686656524858
-771.2079207920792,0.14972538029242263
-771.1881188118812,0.14945256642157695
-771.1683168316831,0.1490387253532548
-771.1485148514852,0.14848431497308584
-771.1287128712871,0.1477899507563311
-771.1089108910891,0.14695640592261872
-771.0891089108911,0.14598461165637852
-771.0693069306931,0.14487565741345312
-771.049504950495,0.14363079133991793
-771.029702970297,0.142251420835564
-771.009900990099,0.1407391133022269
-770.9900990099011,0.13909559712608494
-770.9702970297029,0.13732276295416462
-770.950495049505,0.13542266533859268
-770.9306930693069,0.13339752483844003
-770.9108910891089,0.13124973068940982
-770.8910891089108,0.12898184417656341
-770.8712871287129,0.12659660287713811
-770.8514851485149,0.12409692597981466
-770.8316831683168,0.12148592093763917
-770.8118811881188,0.11876689177565103
-770.7920792079208,0.11594334945698334
-770.7722772277227,0.1130190248176792
-770.7524752475248,0.10999788471885705
-770.7326732673267,0.10688415224597013
-770.7128712871288,0.10368233202334806
-770.6930693069306,0.10039724202792173
-770.6732673267327,0.09703405370728203
-770.6534653465346,0.09359834277190805
-770.6336633663366,0.09009615379386428
-770.6138613861386,0.0865340827779511
-770.5940594059406,0.08291938327947747
-770.5742574257426,0.07926010356630632
-770.5544554455445,0.07556526495007718
-770.5346534653465,0.0718450949891446
-770.5148514851486,0.06811133408864499
-770.4950495049504,0.06437764039662658
-770.4752475247525,0.060660125988836175
-770.4554455445544,0.05697806681975804
-770.4356435643565,0.05335483808872652
-770.4158415841584,0.04981913053367428
-770.3960396039604,0.04640648954359649
-770.3762376237624,0.043161161538771996
-770.3564356435643,0.04013808064834188
-770.3366336633663,0.037404505458657505
-770.3168316831683,0.03504024956929528
-770.2970297029703,0.03313472460982076
-770.2772277227723,0.03177868554093333
-770.2574257425742,0.031049859237575125
-770.2376237623763,0.03099548656203175
-770.2178217821781,0.03161930391637607
-770.1980198019802,0.032880438637152336
-770.1782178217823,0.034704912402623696
-770.1584158415842,0.0370029748051177
-770.1386138613861,0.0396843030411796
-770.1188118811881,0.04266725023491188
-770.0990099009902,0.045882516038797394
-770.079207920792,0.04927328959001472
-770.059405940594,0.05279374958306788
-770.0396039603961,0.0564070898021941
-770.019801980198,0.06008363373073998
-770.0,0.06379924313337085
-769.980198019802,0.06753405240469812
-769.960396039604,0.07127149210979204
-769.940594059406,0.07499754676539694
-769.9207920792079,0.07870019405258591
-769.90099009901,0.08236898143022232
-769.8811881188119,0.08599470571900827
-769.8613861386139,0.08956916958338779
-769.8415841584158,0.09308499548083296
-769.8217821782179,0.0965354826987402
-769.8019801980198,0.0999144968540811
-769.7821782178218,0.10321638399199179
-769.7623762376238,0.10643590344101617
-769.7425742574258,0.10956817506246262
-769.7227722772277,0.11260863761720202
-769.7029702970298,0.11555301577316981
-769.6831683168317,0.11839729386912975
-769.6633663366337,0.12113769499140935
-769.6435643564356,0.12377066425091757
-769.6237623762377,0.12629285539676932
-769.6039603960396,0.12870112009228082
-769.5841584158416,0.13099249932319262
-769.5643564356436,0.13316421651931418
-769.5445544554456,0.13521367205647797
-769.5247524752475,0.13713843887255986
-769.5049504950495,0.1389362589837299
-769.4851485148515,0.1406050407283064
-769.4653465346536,0.14214285659822784
-769.4455445544554,0.14354794154441639
-769.4257425742575,0.1448186916630153
-769.4059405940594,0.14595366318669262
-769.3861386138614,0.14695157171869003
-769.3663366336633,0.14781129165890253
-769.3465346534654,0.14853185578039696
-769.3267326732674,0.14911245492275796
-769.3069306930693,0.14955243777524185
-769.2871287128713,0.14985131072840843
-769.2673267326733,0.1500087377778462
-769.2475247524752,0.15002454046814143
-769.2277227722773,0.14989869786914453
-769.2079207920792,0.1496313465805816
-769.1881188118813,0.14922278076451465
-769.1683168316831,0.14867345220894196
-769.1485148514852,0.14798397042970765
-769.1287128712871,0.14715510282149533
-769.1089108910891,0.14618777487351736
-769.0891089108911,0.14508307046996713
-769.0693069306931,0.14384223230107704
-769.0495049504951,0.14246666241690434
-769.029702970297,0.1409579229636193
-769.009900990099,0.1393177371510549
-768.9900990099011,0.13754799051113384
-768.9702970297029,0.13565073252009802
-768.950495049505,0.13362817867359503
-768.9306930693069,0.13148271312380277
-768.910891089109,0.12921689201267142
-768.8910891089108,0.12683344766668947
-768.8712871287129,0.12433529385764805
-768.8514851485149,0.1217255323841684
-768.8316831683168,0.11900746129192168
-768.8118811881188,0.11618458513238983
-768.7920792079208,0.11326062776524644
-768.7722772277228,0.11023954834653542
-768.7524752475248,0.10712556132374718
-768.7326732673267,0.1039231614948882
-768.7128712871288,0.10063715550079606
-768.6930693069306,0.09727270153638937
-768.6732673267327,0.09383535962511846
-768.6534653465346,0.090331155554503
-768.6336633663367,0.08676666259305289
-768.6138613861386,0.08314910650133774
-768.5940594059406,0.07948650125295827
-768.5742574257426,0.07578782548161575
-768.5544554455445,0.07206325321431419
-768.5346534653465,0.06832445723421321
-768.5148514851486,0.06458500975162057
-768.4950495049505,0.06086091313498173
-768.4752475247525,0.05717130298196091
-768.4554455445544,0.05353937518906125
-768.4356435643565,0.049993593123727156
-768.4158415841583,0.04656921874832844
-768.3960396039604,0.0433101569513944
-768.3762376237624,0.040270956144033754
-768.3564356435644,0.03751849272176845
-768.3366336633663,0.035132307857700704
-768.3168316831683,0.03320183299574207
-768.2970297029703,0.0318183660015914
-768.2772277227723,0.031060857102015255
-768.2574257425742,0.030978344258624547
-768.2376237623763,0.03157648650089671
-768.2178217821782,0.0328158855997557
-768.1980198019802,0.03462325271720706
-768.1782178217821,0.03690878844287272
-768.1584158415842,0.039581658650467
-768.1386138613861,0.0425595281436225
-768.1188118811881,0.04577241714450982
-768.0990099009902,0.04916292917824023
-768.0792079207921,0.052684772220531424
-768.059405940594,0.05630077519947249
-768.0396039603961,0.05998098360814457
-768.019801980198,0.06370104855655323
-768.0,0.06744094449590839
-767.980198019802,0.07118397972165091
-767.960396039604,0.07491604433454725
-767.940594059406,0.07862504220280261
-767.9207920792079,0.08230046226842483
-767.90099009901,0.08593305425503947
-767.8811881188119,0.08951458231336074
-767.8613861386139,0.09303763688629053
-767.8415841584158,0.09649549020556591
-767.8217821782179,0.09988198464607462
-767.8019801980199,0.10319144596675872
-767.7821782178218,0.10641861551941513
-767.7623762376238,0.10955859700741936
-767.7425742574258,0.11260681447786142
-767.7227722772277,0.11555897904113724
-767.7029702970297,0.11841106241231178
-767.6831683168317,0.12115927581521573
-767.6633663366338,0.12380005312476693
-767.6435643564356,0.12633003737525567
-767.6237623762377,0.1287460699536298
-767.6039603960396,0.13104518194265632
-767.5841584158416,0.13322458719139826
-767.5643564356436,0.1352816767768289
-767.5445544554456,0.13721401458817534
-767.5247524752476,0.1390193338183046
-767.5049504950495,0.1406955341881684
-767.4851485148515,0.1422406797632155
-767.4653465346535,0.14365299724715297
-767.4455445544554,0.14493087465939852
-767.4257425742575,0.1460728603197247
-767.4059405940594,0.1470776620774629
-767.3861386138615,0.14794414673408196
-767.3663366336633,0.14867133961727905
-767.3465346534654,0.14925842427260272
-767.3267326732674,0.14970474224557176
-767.3069306930693,0.15000979293252667
-767.2871287128713,0.15017323348381043
-767.2673267326733,0.15019487874718976
-767.2475247524753,0.150074701243486
-767.2277227722772,0.14981283117019964
-767.2079207920792,0.14940955643261017
-767.1881188118813,0.1488653227054778
-767.1683168316831,0.14818073353213318
-767.1485148514852,0.14735655047194846
-767.1287128712871,0.14639369331120486
-767.1089108910892,0.14529324035746535
-767.0891089108911,0.1440564288428612
-767.0693069306931,0.1426846554682293
-767.0495049504951,0.1411794771274242
-767.029702970297,0.13954261186012915
-767.009900990099,0.13777594009228658
-766.990099009901,0.13588150623635067
-766.970297029703,0.13386152073969715
-766.950495049505,0.13171836268935214
-766.9306930693069,0.1294545831058308
-766.910891089109,0.12707290909002564
-766.8910891089108,0.1245762490257564
-766.8712871287129,0.12196769909016308
-766.8514851485149,0.11925055138691272
-766.8316831683169,0.11642830409812681
-766.8118811881188,0.11350467415503983
-766.7920792079208,0.11048361306300802
-766.7722772277228,0.1073693266935924
-766.7524752475247,0.10416630008968239
-766.7326732673267,0.10087932863837144
-766.7128712871288,0.09751355737812746
-766.6930693069307,0.09407453075897979
-766.6732673267327,0.09056825591970454
-766.6534653465346,0.0870012835568001
-766.6336633663367,0.08338081183738932
-766.6138613861386,0.07971482069047915
-766.5940594059406,0.07601224638498592
-766.5742574257426,0.07228320981296914
-766.5544554455446,0.06853931664105083
-766.5346534653465,0.06479405378809529
-766.5148514851485,0.06106331473958089
-766.4950495049505,0.057366095775900704
-766.4752475247525,0.05372541476788061
-766.4554455445544,0.05016950920085162
-766.4356435643565,0.04673335916304939
-766.4158415841584,0.04346052922639791
-766.3960396039604,0.04040518209620517
-766.3762376237624,0.03763380923567041
-766.3564356435644,0.035225671731518096
-766.3366336633663,0.0332702065574316
-766.3168316831683,0.031859235083604276
-766.2970297029703,0.0310729141862209
-766.2772277227723,0.03096207723649159
-766.2574257425742,0.031534325939515905
-766.2376237623763,0.03275177050779312
-766.2178217821782,0.03454184297954182
-766.1980198019802,0.03681471243696749
-766.1782178217821,0.039479036545929755
-766.1584158415842,0.04245178602616254
-766.1386138613861,0.04566229261645142
-766.1188118811881,0.04905256525780578
-766.0990099009902,0.05257583369866503
-766.0792079207921,0.05619455622402234
-766.059405940594,0.059878496061746334
-766.039603960396,0.06360309057357985
-766.019801980198,0.0673481520454973
-766.0,0.07109686490622905
-765.980198019802,0.07483502368520484
-765.960396039604,0.0785504575929211
-765.940594059406,0.08223259642816184
-765.9207920792079,0.08587214234522417
-765.90099009901,0.0894608206182841
-765.8811881188119,0.09299118939092678
-765.8613861386139,0.09645649361083546
-765.8415841584158,0.09985055222317504
-765.8217821782179,0.10316767054307158
-765.8019801980198,0.10640257181007191
-765.7821782178218,0.10955034345074066
-765.7623762376238,0.11260639469208956
-765.7425742574258,0.1155664229903789
-765.7227722772277,0.118426387348
-765.7029702970297,0.12118248704333677
-765.6831683168317,0.1238311446373413
-765.6633663366338,0.12636899237565086
-765.6435643564356,0.128792861298545
-765.6237623762377,0.13109977251866464
-765.6039603960396,0.13328693023998378
-765.5841584158416,0.13535171617888808
-765.5643564356435,0.13729168511667753
-765.5445544554456,0.13910456136600316
-765.5247524752476,0.14078823597583554
-765.5049504950495,0.14234076453278593
-765.4851485148515,0.14376036544326032
-765.4653465346535,0.1450454186020875
-765.4455445544554,0.14619446437057657
-765.4257425742575,0.14720620280086552
-765.4059405940594,0.148079493055038
-765.3861386138615,0.14881335297672613
-765.3663366336633,0.1494069587812224
-765.3465346534654,0.14985964483642492
-765.3267326732673,0.15017090351302786
-765.3069306930693,0.15034038508715494
-765.2871287128713,0.15036789768330258
-765.2673267326733,0.15025340724932484
-765.2475247524753,0.14999703755911736
-765.2277227722772,0.14959907024241315
-765.2079207920792,0.14905994484452195
-765.1881188118813,0.14838025892275844
-765.1683168316831,0.14756076819032468
-765.1485148514852,0.14660238672240594
-765.1287128712871,0.14550618724448883
-765.1089108910892,0.14427340152794788
-765.089108910891,0.14290542092451733
-765.0693069306931,0.14140379707867137
-765.0495049504951,0.13977024286576267
-765.029702970297,0.1380066336144919
-765.009900990099,0.1361150086853015
-764.990099009901,0.13409757349213342
-764.970297029703,0.1319567020748791
-764.950495049505,0.12969494035396611
-764.9306930693069,0.12731501022959385
-764.910891089109,0.12481981472619154
-764.8910891089108,0.12221244443205499
-764.8712871287129,0.11949618554592907
-764.8514851485148,0.11667452992256641
-764.8316831683169,0.113751187612339
-764.8118811881188,0.1107301025239516
-764.7920792079208,0.10761547201466555
-764.7722772277228,0.1044117714429703
-764.7524752475247,0.10112378502402146
-764.7326732673267,0.0977566447353738
-764.7128712871288,0.09431587956637828
-764.6930693069307,0.09080747814174663
-764.6732673267327,0.08723796874880932
-764.6534653465346,0.08361452216068517
-764.6336633663367,0.07994508450895613
-764.6138613861385,0.07623855000755296
-764.5940594059406,0.07250498680566454
-764.5742574257426,0.06875593395287724
-764.5544554455446,0.06500479371517666
-764.5346534653465,0.06126735150935041
-764.5148514851485,0.05756246532530288
-764.4950495049505,0.05391297627023334
-764.4752475247525,0.05034689741958102
-764.4554455445544,0.04689892852707109
-764.4356435643565,0.0436122950623095
-764.4158415841584,0.040540774063115494
-764.3960396039604,0.03775046938883234
-764.3762376237623,0.035320354492775805
-764.3564356435644,0.03333985768738797
-764.3366336633663,0.03190130436723978
-764.3168316831683,0.031086040953791604
-764.2970297029703,0.030946693938299408
-764.2772277227723,0.03149282743132393
-764.2574257425742,0.032688094421587446
-764.2376237623763,0.03446067998098014
-764.2178217821782,0.03672073987487421
-764.1980198019802,0.039376427017452566
-764.1782178217821,0.04234401230191401
-764.1584158415842,0.04555212978507179
-764.1386138613861,0.0489421846639169
-764.1188118811881,0.0524669207826933
-764.0990099009902,0.056088419865731584
-764.0792079207921,0.05977615850671024
-764.059405940594,0.06350535716041068
-764.039603960396,0.06725566368150222
-764.019801980198,0.07101013700523354
-764.0,0.07475447491431708
-763.980198019802,0.0784764311032745
-763.960396039604,0.08216537559215911
-763.940594059406,0.08581196248747802
-763.9207920792079,0.08940787781964618
-763.9009900990098,0.09294564714518358
-763.8811881188119,0.09641848789702576
-763.8613861386139,0.09982019540137982
-763.8415841584158,0.10314505437057764
-763.8217821782179,0.10638776979539749
-763.8019801980198,0.1095434127058277
-763.7821782178218,0.11260737740171912
-763.7623762376238,0.11557534758792146
-763.7425742574258,0.11844326946446253
-763.7227722772277,0.12120733028071852
-763.7029702970297,0.12386394120507348
-763.6831683168317,0.1264097236200406
-763.6633663366337,0.1288414981483131
-763.6435643564356,0.13115627586464834
-763.6237623762377,0.13335125126295674
-763.6039603960396,0.13542379663667553
-763.5841584158416,0.13737145759927688
-763.5643564356435,0.13919194952564953
-763.5445544554456,0.1408831547375404
-763.5247524752476,0.1424431202897464
-763.5049504950495,0.1438700562406525
-763.4851485148515,0.14516233431202824
-763.4653465346535,0.14631848686051996
-763.4455445544554,0.1473372060971718
-763.4257425742574,0.14821734350304827
-763.4059405940594,0.14895790939853612
-763.3861386138615,0.14955807263177062
-763.3663366336633,0.1500171603585873
-763.3465346534654,0.15033465789201061
-763.3267326732673,0.1505102086044448
-763.3069306930693,0.15054361387007456
-763.2871287128713,0.1504348330392982
-763.2673267326733,0.150183983440519
-763.2475247524753,0.14979134040860712
-763.2277227722772,0.14925733734275065
-763.2079207920792,0.14858256580024382
-763.1881188118812,0.1477677756367554
-763.1683168316831,0.1468138752077814
-763.1485148514852,0.14572193165085995
-763.1287128712871,0.14449317127348063
-763.1089108910892,0.1431289800779846
-763.089108910891,0.14163090446203241
-763.0693069306931,0.1400006521420763
-763.0495049504951,0.13824009335797882
-763.029702970297,0.13635126242954124
-763.009900990099,0.13433635975179598
-762.990099009901,0.13219775433519004
-762.970297029703,0.12993798702113277
-762.9504950495049,0.12755977453365566
-762.9306930693069,0.12506601456614685
-762.910891089109,0.12245979215038673
-762.8910891089108,0.1197443876169591
-762.8712871287129,0.11692328653494562
-762.8514851485148,0.11400019212109526
-762.8316831683169,0.11097904074115206
-762.8118811881188,0.10786402129931327
-762.7920792079208,0.10465959953991405
-762.7722772277228,0.10137054858744156
-762.7524752475247,0.09800198745335081
-762.7326732673267,0.09455942977826332
-762.7128712871287,0.09104884580637321
-762.6930693069307,0.08747674157733706
-762.6732673267327,0.08385026066780314
-762.6534653465346,0.08017731565669198
-762.6336633663367,0.07646675900951044
-762.6138613861385,0.0727286065202695
-762.5940594059406,0.06897433111530628
-762.5742574257426,0.06521725103866398
-762.5544554455446,0.06147304444280097
-762.5346534653465,0.05776043204146907
-762.5148514851485,0.0541020794253339
-762.4950495049505,0.05052577671644071
-762.4752475247524,0.04706594486078047
-762.4554455445544,0.043765471439020556
-762.4356435643565,0.040677747885350876
-762.4158415841584,0.03786848785264419
-762.3960396039604,0.035416369725863775
-762.3762376237623,0.03341079906011343
-762.3564356435644,0.03194458571839658
-762.3366336633663,0.031100248162622284
-762.3168316831683,0.0309322031034733
-762.2970297029703,0.03145199644742722
-762.2772277227723,0.03262485861141619
-762.2574257425742,0.034379760636231674
-762.2376237623762,0.03662686387966249
-762.2178217821782,0.0392738203188496
-762.1980198019802,0.04223619530457759
-762.1782178217821,0.04544191586571549
-762.1584158415842,0.0488317741028775
-762.1386138613861,0.052358020105939214
-762.1188118811881,0.055982352986695655
-762.0990099009902,0.05967395823901315
-762.0792079207921,0.0634078361851547
-762.059405940594,0.06716346793706243
-762.039603960396,0.07092378527929971
-762.019801980198,0.07467438805205656
-762.0,0.07840295356191469
-761.980198019802,0.08209879140538844
-761.960396039604,0.08575250715636011
-761.940594059406,0.08935574722990618
-761.9207920792079,0.09290100430459634
-761.9009900990098,0.09638146806569177
-761.8811881188119,0.09979091002949386
-761.861386138614,0.10312359414531219
-761.8415841584158,0.10637420701756002
-761.8217821782179,0.10953780315899309
-761.8019801980198,0.11260976183447381
-761.7821782178218,0.11558575289939664
-761.7623762376237,0.11846170966112099
-761.7425742574258,0.12123380725577901
-761.7227722772278,0.12389844537995494
-761.7029702970297,0.12645223447793882
-761.6831683168317,0.12889198468333232
-761.6633663366337,0.13121469696456448
-761.6435643564356,0.13341755603990404
-761.6237623762377,0.13549792471684471
-761.6039603960396,0.13745333938050658
-761.5841584158417,0.13928150640982734
-761.5643564356435,0.14098029934345513
-761.5445544554456,0.1425477566507487
-761.5247524752475,0.14398207999071316
-761.5049504950495,0.14528163286296475
-761.4851485148515,0.14644493957265806
-761.4653465346535,0.1474706844452019
-761.4455445544555,0.148357711238464
-761.4257425742574,0.14910502270970813
-761.4059405940594,0.1497117803024351
-761.3861386138615,0.15017730392538078
-761.3663366336633,0.15050107180131664
-761.3465346534654,0.15068272036879143
-761.3267326732673,0.15072204422413504
-761.3069306930694,0.15061899609523463
-761.2871287128712,0.15037368684257105
-761.2673267326733,0.14998638548632312
-761.2475247524753,0.14945751926237155
-761.2277227722772,0.14878767371346444
-761.2079207920792,0.14797759282594852
-761.1881188118812,0.14702817922653907
-761.1683168316832,0.14594049445849802
-761.1485148514852,0.14471575936191383
-761.1287128712871,0.14335535458901522
-761.1089108910892,0.1418608212927802
-761.089108910891,0.1402338620358527
-761.0693069306931,0.13847634197724906
-761.049504950495,0.1365902904072146
-761.0297029702971,0.1345779027159989
-761.009900990099,0.13244154290200474
-760.990099009901,0.1301837467483447
-760.970297029703,0.12780722582717
-760.9504950495049,0.12531487252879608
-760.9306930693069,0.12270976636057081
-760.910891089109,0.11999518182138179
-760.8910891089109,0.11717459823600716
-760.8712871287129,0.1142517120345205
-760.8514851485148,0.11123045209302962
-760.8316831683169,0.10811499892347663
-760.8118811881187,0.10490980872589356
-760.7920792079208,0.10161964361476325
-760.7722772277228,0.09824960972966401
-760.7524752475248,0.0948052054735233
-760.7326732673267,0.09129238284257084
-760.7128712871287,0.0877176257888287
-760.6930693069307,0.08408805088825654
-760.6732673267327,0.08041153740943867
-760.6534653465346,0.07669689637283854
-760.6336633663367,0.07295409160074096
-760.6138613861386,0.06919453038435658
-760.5940594059406,0.06543144756922657
-760.5742574257425,0.061680414838138596
-760.5544554455446,0.05796001663074598
-760.5346534653465,0.0542927442537195
-760.5148514851485,0.05070616631649735
-760.4950495049505,0.047234426471698364
-760.4752475247525,0.04392007562329704
-760.4554455445544,0.04081611969068057
-760.4356435643565,0.03798787958561647
-760.4158415841584,0.035513731301123064
-760.3960396039604,0.03348304363502901
-760.3762376237623,0.03198909129098188
-760.3564356435644,0.031115546867178
-760.3366336633665,0.030918613770671788
-760.3168316831683,0.03141183873352012
-760.2970297029703,0.03256206455926042
-760.2772277227723,0.03429908198304693
-760.2574257425742,0.036533077607139405
-760.2376237623762,0.03917120666275116
-760.2178217821782,0.04212832327537553
-760.1980198019803,0.04533163795088217
-760.1782178217821,0.048721320143844414
-760.1584158415842,0.05224911816150004
-760.1386138613861,0.055876342313077476
-760.1188118811881,0.05957188242758234
-760.0990099009902,0.06331051540051962
-760.0792079207921,0.06707155324323542
-760.0594059405942,0.07083779890120302
-760.039603960396,0.07459475305545117
-760.019801980198,0.0783300157386111
-760.0,0.08203283546942311
-759.980198019802,0.08569376879787677
-759.960396039604,0.08930442214765046
-759.940594059406,0.09285725502533622
-759.920792079208,0.09634542913333045
-759.9009900990098,0.09976269198541354
-759.8811881188119,0.1031032866062945
-759.861386138614,0.10636188107541501
-759.8415841584158,0.1095335132667479
-759.8217821782179,0.11261354730152993
-759.8019801980198,0.11559763908699544
-759.7821782178219,0.11848170894680718
-759.7623762376237,0.12126191981899584
-759.7425742574258,0.12393465984846676
-759.7227722772278,0.12649652846556647
-759.7029702970297,0.12894432524263177
-759.6831683168317,0.13127504097273884
-759.6633663366337,0.13348585053226963
-759.6435643564357,0.1355741071791655
-759.6237623762377,0.13753733800898388
-759.6039603960396,0.1393732403459332
-759.5841584158417,0.1410796788890074
-759.5643564356435,0.14265468346788787
-759.5445544554456,0.14409644729018936
-759.5247524752475,0.1454033255836318
-759.5049504950496,0.1465738345544236
-759.4851485148515,0.14760665059716607
-759.4653465346535,0.14850060970370169
-759.4455445544555,0.14925470702768792
-759.4257425742574,0.14986809656993316
-759.4059405940594,0.15034009095640846
-759.3861386138615,0.15067016128645322
-759.3663366336634,0.15085793703409278
-759.3465346534654,0.15090320598961215
-759.3267326732673,0.1508059142328512
-759.3069306930694,0.15056616613335133
-759.2871287128712,0.15018422437624993
-759.2673267326733,0.1496605100164216
-759.2475247524753,0.1489956025670723
-759.2277227722773,0.14819024013293008
-759.2079207920792,0.14724531960237122
-759.1881188118812,0.14616189691760545
-759.1683168316832,0.14494118744735998
-759.1485148514852,0.14358456649262435
-759.1287128712871,0.14209356996345388
-759.1089108910892,0.14046989527333417
-759.0891089108911,0.1387154025081125
-759.0693069306931,0.13683211593914466
-759.049504950495,0.13482222596575477
-759.0297029702971,0.13268809159134953
-759.009900990099,0.13043224356115282
-758.990099009901,0.12805738831939012
-758.970297029703,0.12556641298103843
-758.950495049505,0.12296239156075453
-758.9306930693069,0.12024859276190705
-758.910891089109,0.11742848970604423
-758.8910891089109,0.11450577208317715
-758.8712871287129,0.11148436133275523
-758.8514851485148,0.1083684296349472
-758.8316831683169,0.10516242371477764
-758.8118811881188,0.10187109475695079
-758.7920792079208,0.09849953612266144
-758.7722772277228,0.09505323108741558
-758.7524752475248,0.09153811353093996
-758.7326732673267,0.08796064547633645
-758.7128712871287,0.0843279166928586
-758.6930693069307,0.08064777337873055
-758.6732673267327,0.07692898540962331
-758.6534653465346,0.07318146501536589
-758.6336633663367,0.06941655433457417
-758.6138613861386,0.06564740543043364
-758.5940594059406,0.06188948430114619
-758.5742574257425,0.0581612401022834
-758.5544554455446,0.054484991074670634
-758.5346534653465,0.05088808574067652
-758.5148514851485,0.04740439196136796
-758.4950495049505,0.044076125175223864
-758.4752475247525,0.040955905900098025
-758.4554455445544,0.038108659838951744
-758.4356435643565,0.035612453379945265
-758.4158415841584,0.033556604661145864
-758.3960396039604,0.03203483353117258
-758.3762376237623,0.03113194842250412
-758.3564356435644,0.03090593528202148
-758.3366336633663,0.031372360314109934
-758.3168316831683,0.03249971396189658
-758.2970297029703,0.0342186411829784
-758.2772277227723,0.0364393742436966
-758.2574257425742,0.039068576215762436
-758.2376237623762,0.0420203843562273
-758.2178217821782,0.04522128300211935
-758.1980198019803,0.04861080921002494
-758.1782178217821,0.05214020129311622
-758.1584158415842,0.05577037442582084
-758.1386138613861,0.059469918105064676
-758.1188118811881,0.06321338243476432
-758.09900990099,0.06697990792014535
-758.0792079207921,0.07075216694722249
-758.0594059405942,0.07451555979991496
-758.039603960396,0.07825760833662825
-758.019801980198,0.08196749933446704
-758.0,0.08563573982167913
-757.980198019802,0.08925389585000018
-757.960396039604,0.09281439345683078
-757.940594059406,0.09631036612423098
-757.920792079208,0.09973553716912692
-757.9009900990098,0.10308412852878002
-757.8811881188119,0.10635078961795542
-757.8613861386139,0.1095305415494146
-757.8415841584158,0.11261873319137328
-757.8217821782179,0.11561100640344496
-757.8019801980198,0.11850326843393136
-757.7821782178219,0.12129166993725214
-757.7623762376237,0.12397258742607647
-757.7425742574258,0.12654260924048003
-757.7227722772278,0.12899852431873018
-757.7029702970297,0.13133731320885883
-757.6831683168317,0.13355614087852027
-757.6633663366337,0.13565235097179779
-757.6435643564357,0.13762346123291094
-757.6237623762376,0.1394671598718003
-757.6039603960396,0.14118130269068474
-757.5841584158417,0.14276391082464301
-757.5643564356435,0.14421316897724099
-757.5445544554456,0.14552742405393373
-757.5247524752475,0.146705184113862
-757.5049504950496,0.14774511757503564
-757.4851485148515,0.1486460526197861
-757.4653465346535,0.1494069767570756
-757.4455445544555,0.15002703650631835
-757.4257425742574,0.15050553717447082
-757.4059405940594,0.1508419427036676
-757.3861386138614,0.1510358755721197
-757.3663366336634,0.15108711673537642
-757.3465346534654,0.15099560559905106
-757.3267326732673,0.15076144001822878
-757.3069306930694,0.15038487632211553
-757.2871287128712,0.14986632936636407
-757.2673267326733,0.14920637261912126
-757.2475247524753,0.14840573829072254
-757.2277227722773,0.14746531752117378
-757.2079207920792,0.14638616064443052
-757.1881188118812,0.1451694775534242
-757.1683168316832,0.143816638196372
-757.1485148514851,0.14232917324173855
-757.1287128712871,0.14070877495815678
-757.1089108910892,0.13895729836558735
-757.0891089108911,0.137076762726841
-757.0693069306931,0.13506935346377769
-757.049504950495,0.13293742460154764
-757.0297029702971,0.13068350186760033
-757.009900990099,0.1283102866018924
-756.990099009901,0.12582066067146444
-756.970297029703,0.12321769262975292
-756.950495049505,0.12050464542048726
-756.9306930693069,0.11768498600277255
-756.9108910891089,0.1147623973728395
-756.8910891089109,0.11174079358612488
-756.8712871287129,0.10862433855107285
-756.8514851485148,0.10541746958664783
-756.8316831683169,0.10212492702739755
-756.8118811881188,0.09875179154903027
-756.7920792079208,0.09530353140906865
-756.7722772277228,0.09178606250118017
-756.7524752475248,0.08820582507694176
-756.7326732673267,0.0845698822911018
-756.7128712871287,0.08088604750921415
-756.6930693069307,0.07716304975930739
-756.6732673267327,0.07341075005393964
-756.6534653465346,0.06964042585622633
-756.6336633663367,0.06586514705589155
-756.6138613861386,0.062100274742306116
-756.5940594059406,0.05836412376514091
-756.5742574257425,0.0546788405034098
-756.5544554455446,0.05107155480287846
-756.5346534653465,0.0475758602227186
-756.5148514851485,0.044233637945833536
-756.4950495049505,0.04109712322581078
-756.4752475247525,0.0382308441551301
-756.4554455445544,0.035712550414197956
-756.4356435643564,0.033631495677565876
-756.4158415841584,0.032081825179402994
-756.3960396039604,0.03114946448824036
-756.3762376237623,0.030894177289625922
-756.3564356435644,0.031333567501334134
-756.3366336633663,0.03243780874077851
-756.3168316831683,0.03413843553078797
-756.2970297029703,0.036345747014365506
-756.2772277227723,0.03896591910510651
-756.2574257425742,0.041912366595444825
-756.2376237623762,0.04511083785524831
-756.2178217821782,0.048500227583861036
-756.1980198019802,0.05203125570062483
-756.1782178217821,0.05566443576660142
-756.1584158415842,0.059368052174278485
-756.1386138613861,0.06311642479870067
-756.1188118811881,0.0668885201844997
-756.09900990099,0.07066687840521861
-756.0792079207921,0.07443679808789705
-756.0594059405942,0.07818572200188002
-756.039603960396,0.08190277450895406
-756.019801980198,0.0855784126111842
-756.0,0.08920416160318838
-755.980198019802,0.09277241375278425
-755.9603960396039,0.09627627408190588
-755.940594059406,0.09970944151459513
-755.920792079208,0.10306611673649754
-755.9009900990098,0.106340930356939
-755.8811881188119,0.10952888660418011
-755.8613861386139,0.1126253189832031
-755.8415841584158,0.11562585520585503
-755.8217821782179,0.11852638935270467
-755.8019801980198,0.12132305970837412
-755.7821782178219,0.12401223107217955
-755.7623762376237,0.12659048061689898
-755.7425742574258,0.12905458657328575
-755.7227722772277,0.1314015191740401
-755.7029702970297,0.13362843341052516
-755.6831683168317,0.13573266324808636
-755.6633663366337,0.13771171701707907
-755.6435643564357,0.13956327375311633
-755.6237623762376,0.141285180303767
-755.6039603960396,0.1428754490539462
-755.5841584158417,0.14433225614987855
-755.5643564356435,0.14565394012370686
-755.5445544554456,0.14683900083873974
-755.5247524752475,0.14788609868994887
-755.5049504950496,0.14879405400606283
-755.4851485148514,0.14956184660960992
-755.4653465346535,0.15018861549930376
-755.4455445544555,0.15067365862620158
-755.4257425742574,0.15101643274084542
-755.4059405940594,0.15121655329378864
-755.3861386138614,0.15127379437652003
-755.3663366336634,0.151188088693724
-755.3465346534654,0.1509595275619513
-755.3267326732673,0.1505883609330349
-755.3069306930694,0.15007499744467578
-755.2871287128712,0.1494200045039382
-755.2673267326733,0.1486241084134751
-755.2475247524752,0.1476881945544628
-755.2277227722773,0.1466133076448859
-755.2079207920792,0.14540065209706077
-755.1881188118812,0.1440515925044234
-755.1683168316832,0.14256765429483745
-755.1485148514851,0.14095052459594795
-755.1287128712871,0.13920205336872865
-755.1089108910892,0.13732425487744132
-755.0891089108911,0.13531930957965077
-755.0693069306931,0.13318956653862438
-755.049504950495,0.13093754648384684
-755.0297029702971,0.12856594567433174
-755.0099009900989,0.12607764075633068
-754.990099009901,0.12347569485322732
-754.970297029703,0.12076336518468846
-754.950495049505,0.11794411258784838
-754.9306930693069,0.11502161341116651
-754.9108910891089,0.11199977437835845
-754.8910891089109,0.10888275118582862
-754.8712871287129,0.10567497181495326
-754.8514851485148,0.10238116582927016
-754.8316831683169,0.0990064013112402
-754.8118811881188,0.09555613160906366
-754.7920792079208,0.09203625475980214
-754.7722772277227,0.08845318939953375
-754.7524752475248,0.08481397225906208
-754.7326732673267,0.08112638410663583
-754.7128712871287,0.07739911341679412
-754.6930693069307,0.07364197035595638
-754.6732673267327,0.06986616818349306
-754.6534653465346,0.06608469521750211
-754.6336633663367,0.06231280840503482
-754.6138613861386,0.05856868925645594
-754.5940594059406,0.0548743134791541
-754.5742574257425,0.05125659363790926
-754.5544554455446,0.047748850467572324
-754.5346534653465,0.04439263210414802
-754.5148514851485,0.041239788697620704
-754.4950495049505,0.03835444839342171
-754.4752475247525,0.035814037170556326
-754.4554455445544,0.03370773053635161
-754.4356435643564,0.032130079291333366
-754.4158415841584,0.031168107047527118
-754.3960396039605,0.030883349772380123
-754.3762376237623,0.03129546690929537
-754.3564356435644,0.03237635105272471
-754.3366336633663,0.03405846246016976
-754.3168316831683,0.036252189183102704
-754.2970297029702,0.03886322541404574
-754.2772277227723,0.041804257939229025
-754.2574257425744,0.04500028920900745
-754.2376237623762,0.04838956139366079
-754.2178217821782,0.05192226742511577
-754.1980198019802,0.05555851262191343
-754.1782178217821,0.05926627139156876
-754.1584158415842,0.06301962986850101
-754.1386138613861,0.06679737813203303
-754.1188118811882,0.07058192215674813
-754.09900990099,0.07435845763075763
-754.0792079207921,0.07811434730462014
-754.059405940594,0.08183865244118503
-754.039603960396,0.08552177950506837
-754.019801980198,0.08915521264401591
-754.0,0.09273131005259017
-753.9801980198021,0.09624314805050764
-753.9603960396039,0.09968440097117319
-753.940594059406,0.10304924808311708
-753.920792079208,0.10633230104843308
-753.9009900990098,0.10952854708665392
-753.8811881188119,0.11263330422856348
-753.8613861386139,0.11564218593736719
-753.8415841584159,0.11855107303286264
-753.8217821782177,0.12135609134303928
-753.8019801980198,0.12405359387204513
-753.7821782178219,0.12664014654773487
-753.7623762376237,0.1291125168192693
-753.7425742574258,0.13146766453300915
-753.7227722772277,0.13370273463590293
-753.7029702970298,0.13581505134895594
-753.6831683168317,0.13780211352554494
-753.6633663366337,0.1396615909661309
-753.6435643564357,0.14139132150515862
-753.6237623762376,0.14298930872115329
-753.6039603960396,0.14445372014901897
-753.5841584158416,0.14578288589587554
-753.5643564356436,0.1469752975798147
-753.5445544554456,0.14802960752564961
-753.5247524752475,0.14894462816375761
-753.5049504950496,0.1497193315878632
-753.4851485148514,0.15035284923602701
-753.4653465346535,0.15084447166593298
-753.4455445544555,0.15119364840151883
-753.4257425742575,0.1513999878332114
-753.4059405940594,0.15146325715856263
-753.3861386138614,0.15138338235406162
-753.3663366336634,0.15116044817302976
-753.3465346534653,0.15079469816800234
-753.3267326732673,0.15028653473943293
-753.3069306930694,0.14963651921678037
-753.2871287128713,0.14884537198124517
-753.2673267326733,0.14791397264420103
-753.2475247524752,0.14684336029950665
-753.2277227722773,0.14563473387356463
-753.2079207920792,0.14428945260267
-753.1881188118812,0.14280903667456096
-753.1683168316832,0.14119516807943394
-753.1485148514852,0.13944969172582034
-753.1287128712871,0.13757461688904155
-753.1089108910891,0.1355721190751581
-753.0891089108911,0.13344454240165268
-753.0693069306931,0.13119440261950602
-753.049504950495,0.1288243909298469
-753.0297029702971,0.12633737878495527
-753.009900990099,0.12373642390904033
-752.990099009901,0.12102477783302314
-752.970297029703,0.11820589531225144
-752.950495049505,0.11528344609305632
-752.9306930693069,0.11226132961941773
-752.9108910891089,0.10914369343502958
-752.8910891089109,0.10593495625171875
-752.8712871287129,0.10263983694063274
-752.8514851485148,0.09926339108263987
-752.8316831683169,0.09581105722447847
-752.8118811881188,0.09228871567504544
-752.7920792079208,0.08870276360972217
-752.7722772277227,0.08506021152417786
-752.7524752475248,0.08136880782253238
-752.7326732673268,0.07763720071700837
-752.7128712871287,0.07387514989508413
-752.6930693069307,0.07009380487885325
-752.6732673267327,0.06630607300967843
-752.6534653465346,0.06252710784979879
-752.6336633663366,0.058774958525454786
-752.6138613861386,0.05507143124899007
-752.5940594059407,0.05144322268525489
-752.5742574257425,0.04792338221045921
-752.5544554455446,0.04455312612106426
-752.5346534653465,0.04138391964711395
-752.5148514851485,0.03847948871459885
-752.4950495049505,0.035916928716223574
-752.4752475247525,0.03378532338957826
-752.4554455445545,0.032179609226842903
-752.4356435643564,0.031187888398705076
-752.4158415841584,0.03087346303125966
-752.3960396039604,0.031258065452942164
-752.3762376237623,0.032315343291235435
-752.3564356435644,0.033978719545817
-752.3366336633663,0.03615869405460135
-752.3168316831684,0.03876048518318284
-752.2970297029702,0.04169604623282083
-752.2772277227723,0.04488962362644725
-752.2574257425744,0.04827879661556677
-752.2376237623762,0.051813222351758295
-752.2178217821782,0.055452591126822035
-752.1980198019802,0.059164562371480274
-752.1782178217823,0.06292298489120031
-752.1584158415841,0.06670646974384753
-752.1386138613861,0.07049728698419215
-752.1188118811882,0.07428052805657036
-752.09900990099,0.07804347474791475
-752.0792079207921,0.08177512452830561
-752.059405940594,0.0854658328068429
-752.0396039603961,0.08910704218988946
-752.019801980198,0.09269107649185471
-752.0,0.09621098308576491
-751.9801980198021,0.09966041151494022
-751.9603960396039,0.10303351946394805
-751.940594059406,0.1063248995048151
-751.9207920792079,0.10952952172323026
-751.90099009901,0.11264268856402143
-751.8811881188119,0.11565999914014799
-751.8613861386139,0.11857732091693554
-751.8415841584159,0.12139076717825183
-751.8217821782177,0.12409667905059835
-751.8019801980198,0.12669161113861863
-751.7821782178219,0.12917232003516094
-751.7623762376238,0.13153575512861723
-751.7425742574258,0.13377905125270464
-751.7227722772277,0.1358995228178195
-751.7029702970298,0.13789465913658536
-751.6831683168316,0.13976212071284796
-751.6633663366337,0.1414997363087575
-751.6435643564357,0.1431055006395434
-751.6237623762377,0.1445775725741564
-751.6039603960396,0.14591427374232618
-751.5841584158416,0.1471140874668278
-751.5643564356436,0.14817565795456863
-751.5445544554456,0.14909778969217324
-751.5247524752475,0.14987944700154462
-751.5049504950496,0.150519753719509
-751.4851485148515,0.15101799297223495
-751.4653465346535,0.15137360702145988
-751.4455445544554,0.15158619716443555
-751.4257425742575,0.15165552367426616
-751.4059405940594,0.15158150577136167
-751.3861386138614,0.15136422162067253
-751.3663366336634,0.15100390835283967
-751.3465346534654,0.15050096211131736
-751.3267326732673,0.14985593813087617
-751.3069306930694,0.14906955085702017
-751.2871287128713,0.14814267411982796
-751.2673267326733,0.1470763413804563
-751.2475247524752,0.14587174607363745
-751.2277227722773,0.14453024207568493
-751.2079207920792,0.14305334433435107
-751.1881188118812,0.14144272970548288
-751.1683168316832,0.1397002380513123
-751.1485148514852,0.1378278736675164
-751.1287128712871,0.13582780712109152
-751.1089108910891,0.1337023775994885
-751.0891089108911,0.13145409589433082
-751.0693069306931,0.12908564817162616
-751.049504950495,0.12659990071619323
-751.0297029702971,0.1239999058836931
-751.009900990099,0.12128890955126935
-750.990099009901,0.1184703604323953
-750.9702970297029,0.11554792171665323
-750.950495049505,0.11252548561991524
-750.9306930693069,0.10940719159209314
-750.9108910891089,0.1061974491431325
-750.8910891089109,0.10290096652990681
-750.8712871287129,0.09952278692269553
-750.8514851485148,0.09606833417391346
-750.8316831683169,0.09254347099176216
-750.8118811881188,0.08895457324445209
-750.7920792079208,0.08530862537967858
-750.7722772277227,0.08161334366841637
-750.7524752475248,0.07787733634884082
-750.7326732673267,0.07411031299279361
-750.7128712871287,0.07032335984642589
-750.6930693069307,0.06652930386241171
-750.6732673267327,0.06274319596684294
-750.6534653465346,0.05898295384584002
-750.6336633663366,0.05527021537987295
-750.6138613861386,0.05163146270063276
-750.5940594059407,0.04809947527969618
-750.5742574257425,0.04471513877991881
-750.5544554455446,0.041529533717626986
-750.5346534653465,0.03860598159036009
-750.5148514851485,0.036021240427615044
-750.4950495049504,0.03386428869745225
-750.4752475247525,0.03223042865762046
-750.4554455445545,0.03120882116271053
-750.4356435643564,0.03086452769687349
-750.4158415841584,0.031221370355822155
-750.3960396039604,0.03225478809318785
-750.3762376237623,0.03389920450771192
-750.3564356435644,0.036065254975355475
-750.3366336633663,0.038657688408579964
-750.3168316831684,0.04158771921642764
-750.2970297029702,0.04477882752954345
-750.2772277227723,0.04816791906749736
-750.2574257425742,0.05170410620348972
-750.2376237623762,0.05534665725869404
-750.2178217821782,0.05906291158072818
-750.1980198019802,0.06282647697910236
-750.1782178217823,0.06661578288116958
-750.1584158415841,0.07041296156592695
-750.1386138613861,0.07420299890581919
-750.1188118811882,0.07797309476375984
-750.09900990099,0.08171218211296252
-750.0792079207921,0.08541056478192882
-750.059405940594,0.08905964343642533
-750.0396039603961,0.09265170720042147
-750.019801980198,0.09617977425350825
-750.0,0.09963746914766124
-749.9801980198021,0.10301892781540016
-749.9603960396039,0.10631872359470997
-749.940594059406,0.10953180931146657
-749.9207920792079,0.1126534717119963
-749.90099009901,0.11567929545670039
-749.8811881188119,0.118605134562022
-749.8613861386139,0.1214270896795477
-749.8415841584159,0.12414148997504591
-749.8217821782177,0.12674487865099382
-749.8019801980198,0.129234001368531
-749.7821782178219,0.1316057969858142
-749.7623762376238,0.13385739015381645
-749.7425742574258,0.1359860854054681
-749.7227722772277,0.13798936244809692
-749.7029702970298,0.13986487242684523
-749.6831683168316,0.14161043497169506
-749.6633663366337,0.1432240358770181
-749.6435643564357,0.14470382529048495
-749.6237623762377,0.1460481163113815
-749.6039603960396,0.14725538391642073
-749.5841584158416,0.1483242641461952
-749.5643564356436,0.14925355349747277
-749.5445544554456,0.15004220847669575
-749.5247524752475,0.1506893452781925
-749.5049504950496,0.151194239557909
-749.4851485148515,0.15155632627910895
-749.4653465346535,0.15177519961218813
-749.4455445544554,0.15185061287473356
-749.4257425742575,0.15178247850264076
-749.4059405940594,0.15157086804665248
-749.3861386138614,0.15121601219250927
-749.3663366336634,0.15071830080625712
-749.3465346534654,0.15007828301044965
-749.3267326732673,0.1492966673000946
-749.3069306930694,0.14837432171205522
-749.2871287128713,0.14731227406566333
-749.2673267326733,0.146111712297818
-749.2475247524752,0.14477398492157012
-749.2277227722773,0.14330060164438868
-749.2079207920792,0.14169323419049096
-749.1881188118812,0.13995371738160084
-749.1683168316832,0.138084050542634
-749.1485148514852,0.13608639931364894
-749.1287128712871,0.1339630979674602
-749.1089108910891,0.13171665235520957
-749.0891089108911,0.12934974363020021
-749.0693069306931,0.12686523293604302
-749.049504950495,0.12426616729012747
-749.0297029702971,0.12155578695059664
-749.009900990099,0.11873753462859829
-748.990099009901,0.11581506700204232
-748.9702970297029,0.11279226911001382
-748.950495049505,0.1096732723672502
-748.9306930693069,0.10646247714901291
-748.9108910891089,0.10316458117554032
-748.8910891089109,0.09978461529696041
-748.8712871287129,0.09632798877773022
-748.8514851485148,0.0928005468518663
-748.8316831683169,0.08920864423270296
-748.8118811881188,0.08555923950551028
-748.7920792079208,0.08186001703693714
-748.7722772277227,0.07811954537654357
-748.7524752475248,0.07434748434002193
-748.7326732673267,0.07055485735382637
-748.7128712871287,0.06675441156335093
-748.6930693069307,0.06296109599845899
-748.6732673267327,0.059192697838171306
-748.6534653465346,0.05547068778117367
-748.6336633663366,0.051821334778690345
-748.6138613861386,0.04827714984005652
-748.5940594059407,0.044878689199104926
-748.5742574257425,0.04167664888673791
-748.5544554455446,0.038733943825530213
-748.5346534653465,0.03612698801227734
-748.5148514851485,0.03394464124952021
-748.4950495049504,0.032282551587432165
-748.4752475247525,0.031230918302305483
-748.4554455445545,0.030856554747838858
-748.4356435643564,0.031185389167012013
-748.4158415841584,0.03219468835313223
-748.3960396039604,0.0338199152210505
-748.3762376237623,0.03597186533854768
-748.3564356435644,0.03855482504189387
-748.3366336633663,0.0414792645215523
-748.3168316831684,0.04466788719264727
-748.2970297029702,0.04805691440062424
-748.2772277227723,0.05159490453109877
-748.2574257425742,0.055240696826358814
-748.2376237623762,0.05896130532667713
-748.2178217821782,0.06273009309768911
-748.1980198019802,0.06652530527295113
-748.1782178217823,0.07032893446368528
-748.1584158415841,0.07412585961844921
-748.1386138613861,0.07790319770002742
-748.1188118811882,0.08164981647008174
-748.09900990099,0.08535596764437907
-748.0792079207921,0.08901300954400765
-748.059405940594,0.09261319628895798
-748.0396039603961,0.09614951661615588
-748.0198019801979,0.09961556988332722
-748.0,0.10300547010142762
-747.9801980198021,0.10631377122946213
-747.9603960396039,0.10953540870658005
-747.940594059406,0.11266565346727696
-747.9207920792079,0.11570007561636995
-747.90099009901,0.11863451562632372
-747.8811881188119,0.12146506142763647
-747.8613861386139,0.12418803014155373
-747.8415841584159,0.12679995348882675
-747.8217821782177,0.12929756612280183
-747.8019801980198,0.13167779629848125
-747.7821782178218,0.13393775841391936
-747.7623762376238,0.1360747470569857
-747.7425742574258,0.13808623226459582
-747.7227722772277,0.13996985576031898
-747.7029702970298,0.14172342798147855
-747.6831683168316,0.14334492574329144
-747.6633663366337,0.1448324904161568
-747.6435643564357,0.14618442651518918
-747.6237623762377,0.14739920061960385
-747.6039603960396,0.14847544055455886
-747.5841584158416,0.1494119347802535
-747.5643564356436,0.15020763194332057
-747.5445544554455,0.15086164055372214
-747.5247524752475,0.15137322875774192
-747.5049504950496,0.1517418241833566
-747.4851485148515,0.15196701383978173
-747.4653465346535,0.15204854405739812
-747.4455445544554,0.1519863204585378
-747.4257425742575,0.15178040795339642
-747.4059405940594,0.1514310307591337
-747.3861386138614,0.150938572443556
-747.3663366336634,0.1503035759988561
-747.3465346534654,0.14952674395426244
-747.3267326732673,0.14860893854098492
-747.3069306930693,0.14755118192697844
-747.2871287128713,0.1463546565446417
-747.2673267326733,0.1450207055400853
-747.2475247524752,0.1435508333797713
-747.2277227722773,0.14194670665859405
-747.2079207920792,0.1402101551631577
-747.1881188118812,0.13834317325616832
-747.1683168316832,0.13634792166249937
-747.1485148514852,0.13422672975542993
-747.1287128712871,0.13198209846414446
-747.1089108910891,0.12961670395136984
-747.0891089108911,0.12713340224546557
-747.0693069306931,0.12453523505556116
-747.049504950495,0.12182543705522661
-747.0297029702971,0.1190074449926073
-747.009900990099,0.11608490907871302
-746.990099009901,0.11306170722682889
-746.9702970297029,0.10994196287474926
-746.950495049505,0.10673006732986655
-746.930693069307,0.1034307078529472
-746.9108910891089,0.10004890306379594
-746.8910891089109,0.09659004774455751
-746.8712871287129,0.09305996978065482
-746.8514851485148,0.08946500288159173
-746.8316831683168,0.08581207995419134
-746.8118811881188,0.08210885368750392
-746.7920792079209,0.07836385322505457
-746.7722772277227,0.07458668898217886
-746.7524752475248,0.07078832201690183
-746.7326732673267,0.06698142024216071
-746.7128712871287,0.06318083152299094
-746.6930693069307,0.05940421345356204
-746.6732673267327,0.055672870687958634
-746.6534653465347,0.05201286033580656
-746.6336633663366,0.048456426375260445
-746.6138613861386,0.045043796814257395
-746.5940594059406,0.04182528344828495
-746.5742574257425,0.03886339254008109
-746.5544554455446,0.03623418749117559
-746.5346534653465,0.03402639614778936
-746.5148514851486,0.03233599233664861
-746.4950495049504,0.031254193108841394
-746.4752475247525,0.030849555500735995
-746.4554455445545,0.03115012975471911
-746.4356435643564,0.03213504721938122
-746.4158415841584,0.03374084971313305
-746.3960396039604,0.0358785185805351
-746.3762376237624,0.03845188498633742
-746.3564356435643,0.04137066966679447
-746.3366336633663,0.04455678873875301
-746.3168316831684,0.04794576809642181
-746.2970297029702,0.051485602711367234
-746.2772277227723,0.05513469546934049
-746.2574257425742,0.05885972975770161
-746.2376237623763,0.06263382006714473
-746.2178217821782,0.06643502451838813
-746.1980198019802,0.07024519412598693
-746.1782178217823,0.07404909953828091
-746.1584158415841,0.07783377382563984
-746.1386138613861,0.08158801881281193
-746.1188118811881,0.08530203356349701
-746.0990099009902,0.08896713364515471
-746.0792079207921,0.09257553785682864
-746.059405940594,0.09612020524123262
-746.0396039603961,0.09959470975712906
-746.0198019801979,0.10299314332312211
-746.0,0.1063100403731628
-745.9801980198021,0.10954031883191787
-745.960396039604,0.11267923370794322
-745.940594059406,0.11572234044669148
-745.9207920792079,0.11866546588090683
-745.90099009901,0.12150468513050051
-745.8811881188118,0.12423630318777515
-745.8613861386139,0.1268568402114702
-745.8415841584159,0.12936301977047152
-745.8217821782179,0.13175175944297612
-745.8019801980198,0.13402016330331223
-745.7821782178218,0.13616551592599344
-745.7623762376238,0.13818527761169588
-745.7425742574258,0.1400770805989076
-745.7227722772277,0.14183872607106326
-745.7029702970298,0.1434681818052713
-745.6831683168317,0.14496358033794454
-745.6633663366337,0.1463232175456083
-745.6435643564356,0.147545551557862
-745.6237623762377,0.14862920193463847
-745.6039603960396,0.149572949052171
-745.5841584158416,0.15037573365225249
-745.5643564356436,0.15103665651795728
-745.5445544554456,0.15155497824585656
-745.5247524752475,0.15193011909111753
-745.5049504950496,0.15216165886686292
-745.4851485148515,0.15224933688395803
-745.4653465346535,0.15219305192152313
-745.4455445544554,0.15199286222229144
-745.4257425742575,0.15164898551061237
-745.4059405940594,0.1511617990346058
-745.3861386138614,0.15053183963746403
-745.3663366336634,0.14975980386685453
-745.3465346534654,0.14884654813537831
-745.3267326732673,0.1477930889495822
-745.3069306930693,0.14660060323026392
-745.2871287128713,0.1452704287524205
-745.2673267326734,0.14380406474038768
-745.2475247524752,0.1422031726616445
-745.2277227722773,0.14046957727268902
-745.2079207920792,0.13860526798218792
-745.1881188118812,0.13661240061125438
-745.1683168316831,0.13449329964838247
-745.1485148514852,0.13225046111898878
-745.1287128712872,0.12988655621708453
-745.1089108910891,0.12740443588140724
-745.0891089108911,0.12480713654258327
-745.0693069306931,0.12209788732374818
-745.049504950495,0.11928011904908493
-745.0297029702971,0.1163574755071525
-745.009900990099,0.11333382753613697
-744.9900990099011,0.11021329065476668
-744.9702970297029,0.10700024716898136
-744.950495049505,0.10369937395675442
-744.9306930693069,0.10031567749686165
-744.9108910891089,0.09685453819402351
-744.8910891089109,0.09332176670975044
-744.8712871287129,0.0897236758995966
-744.8514851485149,0.08606717317434494
-744.8316831683168,0.08235987977009865
-744.8118811881188,0.07861028570420983
-744.7920792079209,0.0748279523437612
-744.7722772277227,0.07102377882476238
-744.7524752475248,0.06721035439606307
-744.7326732673267,0.06340242648094195
-744.7128712871288,0.05961752400035489
-744.6930693069306,0.05587678668837132
-744.6732673267327,0.052206061138280614
-744.6534653465347,0.04863732571699606
-744.6336633663366,0.045210481408184726
-744.6138613861386,0.04197545604326037
-744.5940594059406,0.038994345201204074
-744.5742574257426,0.03634285523189513
-744.5544554455446,0.034109568840924046
-744.5346534653465,0.03239076557725156
-744.5148514851486,0.031278659238029596
-744.4950495049504,0.030843541646560033
-744.4752475247525,0.031115600342681356
-744.4554455445544,0.03207586812852111
-744.4356435643565,0.03366200619395143
-744.4158415841584,0.03578520820636638
-744.3960396039604,0.03834885811716326
-744.3762376237624,0.0412619220741842
-744.3564356435643,0.0444455181526189
-744.3366336633663,0.047834465477488826
-744.3168316831684,0.051376185956197466
-744.2970297029703,0.055028638665821805
-744.2772277227723,0.05875817087030792
-744.2574257425742,0.06253764456875918
-744.2376237623763,0.06634492809285061
-744.2178217821781,0.07016172889373515
-744.1980198019802,0.07397270791824283
-744.1782178217823,0.07776481333562914
-744.1584158415842,0.08152678029742728
-744.1386138613861,0.08524875466862077
-744.1188118811881,0.08892200884917065
-744.0990099009902,0.09253872599678846
-744.0792079207921,0.09609183520599639
-744.059405940594,0.09957488483014347
-744.0396039603961,0.1029819445233508
-744.019801980198,0.10630752904739367
-744.0,0.10954653868379809
-743.980198019802,0.11269421240027176
-743.960396039604,0.11574609087844065
-743.940594059406,0.11869798721485701
-743.9207920792079,0.12154596362869574
-743.90099009901,0.12428631289821865
-743.8811881188119,0.126915543539247
-743.8613861386139,0.1294303679588141
-743.8415841584159,0.13182769298401925
-743.8217821782179,0.13410461229395795
-743.8019801980198,0.13625840038083276
-743.7821782178218,0.13828650774251677
-743.7623762376238,0.14018655706823957
-743.7425742574258,0.14195634022560205
-743.7227722772277,0.143593815893948
-743.7029702970298,0.14509710771829337
-743.6831683168317,0.14646450288145607
-743.6633663366337,0.14769445101060535
-743.6435643564356,0.14878556334996618
-743.6237623762377,0.14973661214369144
-743.6039603960396,0.15054653018309122
-743.5841584158416,0.15121441048110257
-743.5643564356436,0.15173950604390007
-743.5445544554456,0.15212122971567943
-743.5247524752475,0.15235915407789496
-743.5049504950495,0.1524530113890054
-743.4851485148515,0.15240269355466043
-743.4653465346535,0.1522082521225716
-743.4455445544554,0.15186989829952016
-743.4257425742575,0.15138800299193178
-743.4059405940594,0.15076309687484113
-743.3861386138614,0.14999587049801055
-743.3663366336634,0.14908717444198366
-743.3465346534654,0.14803801954138662
-743.3267326732673,0.146849577197823
-743.3069306930693,0.14552317981061527
-743.2871287128713,0.1440603213603863
-743.2673267326733,0.14246265818872156
-743.2475247524752,0.14073201002662192
-743.2277227722773,0.13887036133652925
-743.2079207920792,0.13687986304684815
-743.1881188118812,0.1347628347757057
-743.1683168316831,0.13252176766267765
-743.1485148514852,0.13015932795454863
-743.1287128712872,0.12767836152582016
-743.1089108910891,0.12508189955803942
-743.0891089108911,0.12237316565780347
-743.0693069306931,0.11955558476405821
-743.049504950495,0.11663279428709979
-743.029702970297,0.11360865804036337
-743.009900990099,0.11048728368108011
-742.9900990099011,0.1072730445797568
-742.9702970297029,0.10397060730778762
-742.950495049505,0.10058496629160725
-742.9306930693069,0.09712148766274989
-742.9108910891089,0.09358596498257485
-742.8910891089109,0.08998469040140752
-742.8712871287129,0.08632454601484235
-742.8514851485149,0.08261312182867031
-742.8316831683168,0.07885886901123619
-742.8118811881188,0.07507130022987173
-742.7920792079208,0.07126125314019825
-742.7722772277227,0.0674412388890317
-742.7524752475248,0.06362590517270555
-742.7326732673267,0.05983265314026709
-742.7128712871288,0.05608245871789727
-742.6930693069306,0.05240095929450455
-742.6732673267327,0.048819869034611905
-742.6534653465347,0.045378763097836484
-742.6336633663366,0.042127185643748497
-742.6138613861386,0.03912681960375792
-742.5940594059406,0.03645300792547655
-742.5742574257426,0.03419417509735005
-742.5544554455445,0.032446886302397754
-742.5346534653465,0.03130433067662676
-742.5148514851486,0.030838525215814934
-742.4950495049504,0.031081809474518128
-742.4752475247525,0.03201715476887272
-742.4554455445544,0.03358338301766009
-742.4356435643565,0.035691927748776144
-742.4158415841584,0.038245734238673036
-742.3960396039604,0.041153009025141206
-742.3762376237624,0.04433406123660353
-742.3564356435643,0.047722991663969976
-742.3366336633663,0.051266639270009774
-742.3168316831683,0.0549225116912316
-742.2970297029703,0.05865661446894198
-742.2772277227723,0.06244155310605216
-742.2574257425742,0.06625500331020522
-742.2376237623763,0.07007852696362903
-742.2178217821781,0.07389667388489465
-742.1980198019802,0.07769630631661072
-742.1782178217823,0.0814660919896847
-742.1584158415842,0.08519612301635333
-742.1386138613861,0.08887762821014825
-742.1188118811881,0.09250275476365713
-742.0990099009902,0.09606440156681885
-742.079207920792,0.09955609115933213
-742.059405940594,0.10297187075736605
-742.0396039603961,0.10630623530236095
-742.019801980198,0.10955406730314178
-742.0,0.11271058957087507
-741.980198019802,0.11577132791817048
-741.960396039604,0.11873208160824128
-741.940594059406,0.12158889986870355
-741.9207920792079,0.12433806317802741
-741.90099009901,0.1269760683275117
-741.8811881188119,0.12949961648429884
-741.8613861386139,0.13190560364941742
-741.8415841584158,0.13419111303450754
-741.8217821782179,0.13635340897982998
-741.8019801980198,0.1383899321132188
-741.7821782178218,0.14029829550971062
-741.7623762376238,0.1420762816584447
-741.7425742574258,0.14372184008062266
-741.7227722772277,0.14523308547176783
-741.7029702970298,0.14660829626514338
-741.6831683168317,0.14784591353195023
-741.6633663366337,0.14894454014955769
-741.6435643564356,0.1499029401812347
-741.6237623762377,0.1507200384214211
-741.6039603960396,0.1513949200690589
-741.5841584158416,0.1519268304985413
-741.5643564356436,0.15231517510428114
-741.5445544554456,0.15255951919988228
-741.5247524752475,0.1526595879578082
-741.5049504950495,0.15261526637941084
-741.4851485148515,0.1524265992892261
-741.4653465346535,0.1520937913511204
-741.4455445544554,0.1516172071072549
-741.4257425742575,0.15099737104477295
-741.4059405940594,0.1502349676986905
-741.3861386138614,0.14933084180355066
-741.3663366336633,0.14828599851103688
-741.3465346534654,0.14710160369551786
-741.3267326732673,0.1457789843755979
-741.3069306930693,0.1443196292862006
-741.2871287128713,0.14272518964409114
-741.2673267326733,0.14099748015902192
-741.2475247524752,0.1391384803546428
-741.2277227722773,0.13715033627736353
-741.2079207920792,0.13503536268903768
-741.1881188118812,0.13279604586095026
-741.1683168316831,0.13043504711391485
-741.1485148514852,0.12795520728323428
-741.1287128712871,0.1253595523305559
-741.1089108910891,0.1226513003795217
-741.0891089108911,0.11983387052231188
-741.0693069306931,0.11691089383484657
-741.049504950495,0.11388622715587027
-741.029702970297,0.1107639703383215
-741.009900990099,0.1075484878829014
-740.9900990099011,0.10424443613021474
-740.9702970297029,0.1008567975424922
-740.950495049505,0.09739092408161301
-740.9306930693069,0.0938525923316549
-740.9108910891089,0.09024807388530859
-740.8910891089108,0.08658422570233548
-740.8712871287129,0.08286860677887528
-740.8514851485149,0.07910962970877214
-740.8316831683168,0.07531675880459146
-740.8118811881188,0.07150077067849153
-740.7920792079208,0.06767409893114966
-740.7722772277227,0.0638512922386953
-740.7524752475248,0.06004962486941615
-740.7326732673267,0.056289910041551455
-740.7128712871288,0.052597577238519225
-740.6930693069306,0.049004077820572686
-740.6732673267327,0.045548662322030704
-740.6534653465346,0.04228049154350849
-740.6336633663366,0.039260833864571604
-740.6138613861386,0.036564662585227954
-740.5940594059406,0.034280231009533056
-740.5742574257426,0.03250436983709262
-740.5544554455445,0.031331221760565756
-740.5346534653465,0.030834518604828765
-740.5148514851486,0.03104876604810137
-740.4950495049504,0.031958911120836875
-740.4752475247525,0.03350497872613259
-740.4554455445544,0.03559867081284379
-740.4356435643565,0.03814250312906835
-740.4158415841583,0.041043917705498235
-740.3960396039604,0.04422240365626111
-740.3762376237624,0.04761133161997302
-740.3564356435643,0.0511569474972217
-740.3366336633663,0.054816299666806685
-740.3168316831683,0.05855504621571325
-740.2970297029703,0.06234553205554226
-740.2772277227723,0.06616523737462271
-740.2574257425742,0.06999557644103231
-740.2376237623763,0.07382098649221736
-740.2178217821781,0.07762824280150739
-740.1980198019802,0.08140594492048259
-740.1782178217821,0.08514413064705782
-740.1584158415842,0.08883398478437597
-740.1386138613861,0.0924676182326035
-740.1188118811881,0.09603789941825032
-740.0990099009902,0.09953832485743519
-740.079207920792,0.10296291915353177
-740.059405940594,0.1063061572784253
-740.0396039603961,0.10956290383779538
-740.019801980198,0.11272836536982024
-740.0,0.1157980527121713
-739.980198019802,0.11876775119688998
-739.960396039604,0.12163349696853751
-739.940594059406,0.12439155811936028
-739.9207920792079,0.12703841963390514
-739.90099009901,0.1295707713606532
-739.8811881188119,0.13198549839892457
-739.8613861386139,0.13427967342000768
-739.8415841584158,0.1364505505418579
-739.8217821782179,0.13849556045433342
-739.8019801980198,0.14041230655265088
-739.7821782178218,0.14219856188413682
-739.7623762376238,0.14385226675074683
-739.7425742574258,0.1453715268396827
-739.7227722772277,0.14675461177810492
-739.7029702970298,0.1479999540270278
-739.6831683168317,0.14910614804504327
-739.6633663366337,0.15007194966505955
-739.6435643564356,0.1508962756376118
-739.6237623762377,0.15157820330304084
-739.6039603960396,0.15211697036191119
-739.5841584158416,0.15251197471939573
-739.5643564356436,0.15276277438438643
-739.5445544554456,0.15286908740918403
-739.5247524752475,0.15283079185932988
-739.5049504950495,0.15264792580749206
-739.4851485148515,0.15232068734863483
-739.4653465346536,0.15184943463754472
-739.4455445544554,0.1512346859531946
-739.4257425742575,0.150477119798449
-739.4059405940594,0.14957757504740984
-739.3861386138614,0.14853705115729485
-739.3663366336633,0.14735670846673088
-739.3465346534654,0.1460378686080962
-739.3267326732674,0.144582015068209
-739.3069306930693,0.14299079393968087
-739.2871287128713,0.1412660149148651
-739.2673267326733,0.13940965258566987
-739.2475247524752,0.137423848126876
-739.2277227722773,0.13531091145780502
-739.2079207920792,0.133073323998723
-739.1881188118813,0.13071374216537077
-739.1683168316831,0.12823500177862573
-739.1485148514852,0.12564012360914645
-739.1287128712871,0.1229323203309068
-739.1089108910891,0.12011500522750883
-739.0891089108911,0.11719180308410652
-739.0693069306931,0.11416656381451429
-739.0495049504951,0.11104337952423102
-739.029702970297,0.1078266059094399
-739.009900990099,0.10452088915525413
-738.9900990099011,0.10113119984732892
-738.9702970297029,0.09766287588072807
-738.950495049505,0.09412167698428822
-738.9306930693069,0.09051385433949735
-738.910891089109,0.08684623994819968
-738.8910891089108,0.0831263620155545
-738.8712871287129,0.07936259483285758
-738.8514851485149,0.07556435469941171
-738.8316831683168,0.07174235761626262
-738.8118811881188,0.06790896018769148
-738.7920792079208,0.06407861276852288
-738.7722772277228,0.0602684636274002
-738.7524752475248,0.05649916436260881
-738.7326732673267,0.052795937838085304
-738.7128712871288,0.0491899739972608
-738.6930693069306,0.04572019994636659
-738.6732673267327,0.0424353934601111
-738.6534653465346,0.03939640652050717
-738.6336633663367,0.03667783663921783
-738.6138613861386,0.03436775307891331
-738.5940594059406,0.03256323191337234
-738.5742574257426,0.031359347238204376
-738.5544554455445,0.030831534625722957
-738.5346534653465,0.031016479351014994
-738.5148514851486,0.03190114147638803
-738.4950495049505,0.033426792051363535
-738.4752475247525,0.03550543106149464
-738.4554455445544,0.03803915451086734
-738.4356435643565,0.040934635163378606
-738.4158415841583,0.044110530888107444
-738.3960396039604,0.04749947009339608
-738.3762376237624,0.05104709525574967
-738.3564356435644,0.05470998748806856
-738.3366336633663,0.05845345155470037
-738.3168316831683,0.06224956758763348
-738.2970297029703,0.06607561729859138
-738.2772277227723,0.0699128652554522
-738.2574257425742,0.07374563463497384
-738.2376237623763,0.07756061268104693
-738.2178217821782,0.0813463299956706
-738.1980198019802,0.08509276949319242
-738.1782178217821,0.08879107153727032
-738.1584158415842,0.09243331040485017
-738.1386138613861,0.09601232379773153
-738.1188118811881,0.09952158199664629
-738.0990099009902,0.10295508681609043
-738.0792079207921,0.10630729310805766
-738.059405940594,0.10957304744377609
-738.0396039603961,0.11274753997117754
-738.019801980198,0.11582626644634322
-738.0,0.11880499817164858
-737.980198019802,0.12167975811642641
-737.960396039604,0.12444680189958196
-737.940594059406,0.12710260261598327
-737.9207920792079,0.12964383871604163
-737.90099009901,0.1320673843210111
-737.8811881188119,0.1343703014882341
-737.8613861386139,0.13654983404229998
-737.8415841584158,0.1386034026664081
-737.8217821782179,0.14052860100962303
-737.8019801980199,0.1423231926133692
-737.7821782178218,0.14398510849854826
-737.7623762376238,0.1455124452844706
-737.7425742574258,0.14690346373492122
-737.7227722772277,0.14815658764576883
-737.7029702970297,0.14927040300423472
-737.6831683168317,0.15024365736264808
-737.6633663366338,0.15107525937987232
-737.6435643564356,0.15176427849238122
-737.6237623762377,0.15230994468421072
-737.6039603960396,0.1527116483311116
-737.5841584158416,0.1529689400997867
-737.5643564356436,0.15308153088752627
-737.5445544554456,0.15304929179197246
-737.5247524752476,0.15287225410454897
-737.5049504950495,0.1525506093247972
-737.4851485148515,0.15208470919640094
-737.4653465346535,0.15147506576934341
-737.4455445544554,0.15072235149641897
-737.4257425742575,0.14982739937628486
-737.4059405940594,0.14879120315969527
-737.3861386138615,0.14761491764054993
-737.3663366336633,0.14629985905904638
-737.3465346534654,0.1448475056510009
-737.3267326732674,0.1432594983851886
-737.3069306930693,0.14153764193996712
-737.2871287128713,0.1396839059822067
-737.2673267326733,0.13770042682506578
-737.2475247524753,0.1355895095587347
-737.2277227722772,0.13335363076939263
-737.2079207920792,0.13099544198832952
-737.1881188118813,0.12851777404648843
-737.1683168316831,0.1259236425520997
-737.1485148514852,0.12321625476256114
-737.1287128712871,0.12039901819077309
-737.1089108910892,0.11747555137443777
-737.0891089108911,0.1144496973519106
-737.0693069306931,0.11132554053781152
-737.0495049504951,0.10810742788867668
-737.029702970297,0.1047999955090378
-737.009900990099,0.10140820219503581
-736.990099009901,0.09793737187711009
-736.970297029703,0.09439324755003618
-736.950495049505,0.09078206012948033
-736.9306930693069,0.08711061683580607
-736.910891089109,0.08338641530001051
-736.8910891089108,0.07961779178019038
-736.8712871287129,0.07581411490056285
-736.8514851485149,0.07198604047885188
-736.8316831683169,0.06814584866680962
-736.8118811881188,0.06430789218904849
-736.7920792079208,0.06048919418591192
-736.7722772277228,0.05671024571205091
-736.7524752475247,0.05299606428530039
-736.7326732673267,0.04937757980926744
-736.7128712871288,0.04589339715791354
-736.6930693069307,0.04259191143303329
-736.6732673267327,0.03953355643141304
-736.6534653465346,0.036792547839782405
-736.6336633663367,0.03445675813425134
-736.6138613861386,0.032623488600037644
-736.5940594059406,0.03138872221447913
-736.5742574257426,0.03082958646759868
-736.5544554455446,0.030984959039966106
-736.5346534653465,0.03184385043544217
-736.5148514851485,0.033348821925537335
-736.4950495049505,0.03541220223620917
-736.4752475247525,0.037935678080145294
-736.4554455445544,0.04082514834584571
-736.4356435643565,0.04399842826293067
-736.4158415841584,0.047387391665174784
-736.3960396039604,0.05093706699153696
-736.3762376237624,0.054603559883959346
-736.3564356435644,0.05835181577513657
-736.3366336633663,0.06215364573330332
-736.3168316831683,0.06598612997258516
-736.2970297029703,0.06983038123284731
-736.2772277227723,0.0736706071232417
-736.2574257425742,0.07749340578021577
-736.2376237623763,0.08128723807419858
-736.2178217821782,0.08504203145898154
-736.1980198019802,0.08874888142440165
-736.1782178217821,0.09239982528986034
-736.1584158415842,0.09598766976867862
-736.1386138613861,0.09950585869266745
-736.1188118811881,0.10294837090993958
-736.0990099009902,0.10630964100128541
-736.0792079207921,0.10958449737124452
-736.059405940594,0.11276811365949511
-736.039603960396,0.11585597043316492
-736.019801980198,0.11884382486575265
-736.0,0.12172768665849866
-735.980198019802,0.12450379886923017
-735.960396039604,0.12716862261947445
-735.940594059406,0.1297188248815108
-735.9207920792079,0.13215126872146535
-735.90099009901,0.13446300550842233
-735.8811881188119,0.13665126870181984
-735.8613861386139,0.13871346890883016
-735.8415841584158,0.14064718996526826
-735.8217821782179,0.1424501858418605
-735.8019801980198,0.14412037821588508
-735.7821782178218,0.14565585457847258
-735.7623762376238,0.14705486677202173
-735.7425742574258,0.1483158298715545
-735.7227722772277,0.1494373213396066
-735.7029702970297,0.15041808039699694
-735.6831683168317,0.15125700756244934
-735.6633663366338,0.15195316432260605
-735.6435643564356,0.15250577290152093
-735.6237623762377,0.1529142161047443
-735.6039603960396,0.15317803721859782
-735.5841584158416,0.15329693994988963
-735.5643564356435,0.15327078839559163
-735.5445544554456,0.15309960703595152
-735.5247524752476,0.15278358074792545
-735.5049504950495,0.15232305483980552
-735.4851485148515,0.1517185351111836
-735.4653465346535,0.15097068794632235
-735.4455445544554,0.15008034045292054
-735.4257425742575,0.14904848066276283
-735.4059405940594,0.14787625781552588
-735.3861386138615,0.14656498275281585
-735.3663366336633,0.14511612845618338
-735.3465346534654,0.14353133077034508
-735.3267326732673,0.1418123893627555
-735.3069306930693,0.13996126898154523
-735.2871287128713,0.13798010108787725
-735.2673267326733,0.13587118595589245
-735.2475247524753,0.13363699535430737
-735.2277227722772,0.13128017595024835
-735.2079207920792,0.12880355360893608
-735.1881188118813,0.12621013880447524
-735.1683168316831,0.12350313341044492
-735.1485148514852,0.12068593920668455
-735.1287128712871,0.11776216852650519
-735.1089108910892,0.11473565758193555
-735.089108910891,0.11161048315296017
-735.0693069306931,0.10839098352098846
-735.0495049504951,0.10508178478443367
-735.029702970297,0.10168783403648882
-735.009900990099,0.09821444134450584
-734.990099009901,0.094667333089562
-734.970297029703,0.09105272006576358
-734.950495049505,0.08737738488706871
-734.9306930693069,0.08364879482520313
-734.910891089109,0.07987524837200323
-734.8910891089108,0.07606606681137018
-734.8712871287129,0.07223184620113475
-734.8514851485148,0.06838479077848358
-734.8316831683169,0.0645391563213468
-734.8118811881188,0.060711841703515186
-734.7920792079208,0.05692317850076453
-734.7722772277228,0.05319798014587174
-734.7524752475247,0.04956691786936256
-734.7326732673267,0.04606827550730449
-734.7128712871288,0.0427500658611469
-734.6930693069307,0.03967230281218512
-734.6732673267327,0.03690881428937924
-734.6534653465346,0.03454726335025481
-734.6336633663367,0.03268515631330488
-734.6138613861385,0.031419362153225945
-734.5940594059406,0.030828687691003224
-734.5742574257426,0.03095421512800685
-734.5544554455446,0.031787042885422716
-734.5346534653465,0.033271067452177686
-734.5148514851485,0.035318978119714815
-734.4950495049505,0.03783206346203106
-734.4752475247525,0.04071544404897159
-734.4554455445544,0.04388608091227133
-734.4356435643565,0.047275080693668224
-734.4158415841584,0.05082684692185627
-734.3960396039604,0.05449700135972929
-734.3762376237623,0.058250123954317744
-734.3564356435644,0.062057752327308174
-734.3366336633663,0.06589676210879745
-734.3168316831683,0.0697481120399292
-734.2970297029703,0.07359589262743449
-734.2772277227723,0.07742661180404373
-734.2574257425742,0.08122865991469101
-734.2376237623763,0.08499190836772037
-734.2178217821782,0.0887074073395835
-734.1980198019802,0.09236715685420688
-734.1782178217821,0.09596393237019854
-734.1584158415842,0.09949115105514093
-734.1386138613861,0.10294276861194561
-734.1188118811881,0.10631319919779794
-734.0990099009902,0.10959725291746665
-734.0792079207921,0.11279008678355733
-734.059405940594,0.11588716606618295
-734.039603960396,0.1188842337100575
-734.019801980198,0.12177728605483083
-734.0,0.1245625535087753
-733.980198019802,0.1272364851358065
-733.960396039604,0.12979573634924574
-733.940594059406,0.13223715908235542
-733.9207920792079,0.13455779394094114
-733.9009900990098,0.13675486394679562
-733.8811881188119,0.13882576956093542
-733.8613861386139,0.14076808473811697
-733.8415841584158,0.14257955381280918
-733.8217821782179,0.14425808905536505
-733.8019801980198,0.14580176876770057
-733.7821782178218,0.14720883581207211
-733.7623762376238,0.14847769648623535
-733.7425742574258,0.14960691967395803
-733.7227722772277,0.15059523621290916
-733.7029702970297,0.1514415384324625
-733.6831683168317,0.15214487982276167
-733.6633663366337,0.15270447480377503
-733.6435643564356,0.1531196985693295
-733.6237623762377,0.15339008698651532
-733.6039603960396,0.15351533653550664
-733.5841584158416,0.1534953042792682
-733.5643564356435,0.15333000785623363
-733.5445544554456,0.15301962549303294
-733.5247524752476,0.1525644960376919
-733.5049504950495,0.15196511901743226
-733.4851485148515,0.15122215472896777
-733.4653465346535,0.1503364243730018
-733.4455445544554,0.1493089102493298
-733.4257425742574,0.14814075603342403
-733.4059405940594,0.14683326716146794
-733.3861386138615,0.14538791135691873
-733.3663366336633,0.14380631933991642
-733.3465346534654,0.14209028576963564
-733.3267326732673,0.14024177048138603
-733.3069306930693,0.13826290009363382
-733.2871287128713,0.13615597007720057
-733.2673267326733,0.13392344739960682
-733.2475247524753,0.1315679738838621
-733.2277227722772,0.12909237045330524
-733.2079207920792,0.12649964247600018
-733.1881188118812,0.12379298647418155
-733.1683168316831,0.1209757985319974
-733.1485148514852,0.11805168482110871
-733.1287128712871,0.1150244747761205
-733.1089108910892,0.11189823759827433
-733.089108910891,0.10867730295804873
-733.0693069306931,0.10536628702176563
-733.0495049504951,0.1019701252657252
-733.029702970297,0.09849411399511217
-733.009900990099,0.09494396309684373
-732.990099009901,0.09132586338670967
-732.970297029703,0.08764657304594098
-732.9504950495049,0.08391352920009057
-732.9306930693069,0.08013499283916799
-732.910891089109,0.07632023823837081
-732.8910891089108,0.07247980211466648
-732.8712871287129,0.06862581332299214
-732.8514851485148,0.06477243137064682
-732.8316831683169,0.060936431717232516
-732.8118811881188,0.057137987513204334
-732.7920792079208,0.05340170935518733
-732.7722772277228,0.04975801115737351
-732.7524752475247,0.046244856910933684
-732.7326732673267,0.04290987750902249
-732.7128712871287,0.03981266524396662
-732.6930693069307,0.03702665445752735
-732.6732673267327,0.03463928627118553
-732.6534653465346,0.03274825184787949
-732.6336633663367,0.03145128291644899
-732.6138613861385,0.03082885227600726
-732.5940594059406,0.030924258040821082
-732.5742574257426,0.03173072406337175
-732.5544554455446,0.03319352797054926
-732.5346534653465,0.0352257525999117
-732.5148514851485,0.03772830027302188
-732.4950495049505,0.04060550897865218
-732.4752475247524,0.04377347382824424
-732.4554455445544,0.04716252137393762
-732.4356435643565,0.0507164190944832
-732.4158415841584,0.054390296256266145
-732.3960396039604,0.058148361017222705
-732.3762376237623,0.061961873068145205
-732.3564356435644,0.06580750030148111
-732.3366336633663,0.06966604524499824
-732.3168316831683,0.07352147973957786
-732.2970297029703,0.07736022039934222
-732.2772277227723,0.08117058623766024
-732.2574257425742,0.08494239202454541
-732.2376237623762,0.08866664217814976
-732.2178217821782,0.09233529908543033
-732.1980198019802,0.09594110668153316
-732.1782178217821,0.09947745525273961
-732.1584158415842,0.10293827717660048
-732.1386138613861,0.10631796603324074
-732.1188118811881,0.10961131349369965
-732.0990099009902,0.11281345982395419
-732.0792079207921,0.11591985488830221
-732.059405940594,0.11892622730209033
-732.039603960396,0.1218285599491718
-732.019801980198,0.1246230704991366
-732.0,0.1273061958733094
-731.980198019802,0.12987457984455686
-731.960396039604,0.13232506313482764
-731.940594059406,0.13465467551091007
-731.9207920792079,0.13686062948370564
-731.9009900990098,0.13894031529722087
-731.8811881188119,0.14089129695660255
-731.861386138614,0.1427113090937478
-731.8415841584158,0.14439825450803814
-731.8217821782179,0.1459502022503786
-731.8019801980198,0.1473653861433846
-731.7821782178218,0.14864220365035885
-731.7623762376237,0.14977921502148436
-731.7425742574258,0.1507751426589051
-731.7227722772278,0.15162887065272984
-731.7029702970297,0.1523394444491835
-731.6831683168317,0.15290607061932515
-731.6633663366337,0.15332811670306384
-731.6435643564356,0.1536051111087136
-731.6237623762377,0.15373674305305365
-731.6039603960396,0.15372286253094763
-731.5841584158417,0.15356348030782305
-731.5643564356435,0.15325876793161006
-731.5445544554456,0.1528090577645846
-731.5247524752475,0.15221484303905647
-731.5049504950495,0.15147677794459607
-731.4851485148515,0.15059567775836147
-731.4653465346535,0.14957251903460728
-731.4455445544555,0.14840843987416372
-731.4257425742574,0.14710474030038467
-731.4059405940594,0.14566288277449543
-731.3861386138615,0.14408449289101946
-731.3663366336633,0.1423713603030959
-731.3465346534654,0.14052543993876462
-731.3267326732673,0.13854885358270758
-731.3069306930694,0.1364438919148019
-731.2871287128712,0.1342130171173735
-731.2673267326733,0.1318588661889637
-731.2475247524753,0.12938425513469418
-731.2277227722772,0.12679218424428235
-731.2079207920792,0.12408584472088133
-731.1881188118812,0.12126862699001816
-731.1683168316832,0.11834413110420161
-731.1485148514852,0.11531617976920903
-731.1287128712871,0.11218883466313714
-731.1089108910892,0.10896641690934583
-731.089108910891,0.10565353281569506
-731.0693069306931,0.1022551063271712
-731.049504950495,0.09877642008705476
-731.0297029702971,0.09522316760688619
-731.009900990099,0.09160151986634421
-730.990099009901,0.08791821078622374
-730.970297029703,0.0841806475572228
-730.9504950495049,0.08039705392959433
-730.9306930693069,0.076576657498167
-730.910891089109,0.07272993605391993
-730.8910891089109,0.06886894359612179
-730.8712871287129,0.06500774403024104
-730.8514851485148,0.0611629902447763
-730.8316831683169,0.05735469800731538
-730.8118811881187,0.05360727631529636
-730.7920792079208,0.049950883113365006
-730.7722772277228,0.04642316373936303
-730.7524752475248,0.043071367589091095
-730.7326732673267,0.03995466374840603
-730.7128712871287,0.03714608724514415
-730.6930693069307,0.03473284486295366
-730.6732673267327,0.03281279241433199
-730.6534653465346,0.03148450078509072
-730.6336633663367,0.030830094625376447
-730.6138613861386,0.030895098602194825
-730.5940594059406,0.03167489952317929
-730.5742574257425,0.03311620300420796
-730.5544554455446,0.03513251960063232
-730.5346534653465,0.0376243780362612
-730.5148514851485,0.04049532965348677
-730.4950495049505,0.043660591756900236
-730.4752475247525,0.047049697624034145
-730.4554455445544,0.05060576726857937
-730.4356435643565,0.05428342862684553
-730.4158415841584,0.05804651161003778
-730.3960396039604,0.06186599338904341
-730.3762376237623,0.06571833089583454
-730.3564356435644,0.06958416818501346
-730.3366336633663,0.0734473568388446
-730.3168316831683,0.07729422101894982
-730.2970297029703,0.08111300758860744
-730.2772277227723,0.08489347407846437
-730.2574257425742,0.08862657869807505
-730.2376237623762,0.09230424585227742
-730.2178217821782,0.09591918768152491
-730.1980198019803,0.0994647673718636
-730.1782178217821,0.10293489379404575
-730.1584158415842,0.10632393979661858
-730.1386138613861,0.10962667848205493
-730.1188118811881,0.11283823324934615
-730.09900990099,0.11595403844748949
-730.0792079207921,0.11896980826118453
-730.0594059405942,0.1218815120236105
-730.039603960396,0.12468535457584838
-730.019801980198,0.12737776061097536
-730.0,0.1299553621792039
-729.980198019802,0.132414988711981
-729.960396039604,0.13475365906061823
-729.940594059406,0.1369685751511597
-729.920792079208,0.13905711693900194
-729.9009900990098,0.1410168384103488
-729.8811881188119,0.14284546442748378
-729.861386138614,0.14454088825399833
-729.8415841584158,0.14610116962720995
-729.8217821782179,0.14752453326983983
-729.8019801980198,0.14880936775279502
-729.7821782178219,0.1499542246371359
-729.7623762376237,0.15095781783630977
-729.7425742574258,0.15181902315050444
-729.7227722772278,0.15253687793391255
-729.7029702970297,0.15311058086313895
-729.6831683168317,0.15353949178124687
-729.6633663366337,0.15382313159759564
-729.6435643564357,0.153961182228044
-729.6237623762377,0.15395348656469615
-729.6039603960396,0.1538000484680822
-729.5841584158417,0.15350103277843974
-729.5643564356435,0.15305676534621615
-729.5445544554456,0.15246773308568976
-729.5247524752475,0.15173458405913726
-729.5049504950496,0.15085812760305883
-729.4851485148515,0.14983933451210205
-729.4653465346535,0.14867933730149815
-729.4455445544555,0.14737943057395558
-729.4257425742574,0.14594107152380562
-729.4059405940594,0.14436588061851877
-729.3861386138615,0.1426556425070293
-729.3663366336634,0.14081230721525265
-729.3465346534654,0.13883799170266137
-729.3267326732673,0.13673498187022845
-729.3069306930694,0.134505735130721
-729.2871287128712,0.13215288367759617
-729.2673267326733,0.12967923862105363
-729.2475247524753,0.1270877952000098
-729.2277227722773,0.12438173933041433
-729.2079207920792,0.12156445581603276
-729.1881188118812,0.11863953863244348
-729.1683168316832,0.11561080380490485
-729.1485148514852,0.11248230554366276
-729.1287128712871,0.10925835648843714
-729.1089108910892,0.10594355316187834
-729.0891089108911,0.10254280806271482
-729.0693069306931,0.09906139027203897
-729.049504950495,0.09550497704395296
-729.0297029702971,0.09187971966326823
-729.009900990099,0.08819232796135218
-728.990099009901,0.08445017940358468
-728.970297029703,0.08066146076020525
-728.950495049505,0.076835353270936
-728.9306930693069,0.07298227621140146
-728.910891089109,0.06911420924641672
-728.8910891089109,0.06524512134120657
-728.8712871287129,0.06139154364727542
-728.8514851485148,0.05757333558097598
-728.8316831683169,0.05381470576589887
-728.8118811881188,0.05014555751430058
-728.7920792079208,0.04660321870098362
-728.7722772277228,0.04323455765421408
-728.7524752475248,0.04009831869150644
-728.7326732673267,0.03726713190247884
-728.7128712871287,0.03482795744839859
-728.6930693069307,0.03287879559534181
-728.6732673267327,0.03151903243969094
-728.6534653465346,0.030832429572522742
-728.6336633663367,0.030866748069785267
-728.6138613861386,0.03161957519655293
-728.5940594059406,0.033039092342003834
-728.5742574257425,0.035039273177442445
-728.5544554455446,0.03752028628846507
-728.5346534653465,0.04038489252051163
-728.5148514851485,0.04354741932137431
-728.4950495049505,0.04693659321438786
-728.4752475247525,0.05049487504944659
-728.4554455445544,0.054176382376387174
-728.4356435643565,0.057944560243148154
-728.4158415841584,0.061770098604047044
-728.3960396039604,0.06562924013669864
-728.3762376237623,0.06950246811646271
-728.3564356435644,0.07337351224426358
-728.3366336633663,0.07722860307588972
-728.3168316831683,0.08105591449340703
-728.2970297029703,0.08484514617882112
-728.2772277227723,0.08858720967730725
-728.2574257425742,0.09227399106278635
-728.2376237623762,0.09589817040722212
-728.2178217821782,0.09945308357578272
-728.1980198019803,0.102932615749586
-728.1782178217821,0.10633111889009264
-728.1584158415842,0.10964334739548037
-728.1386138613861,0.1128644076766668
-728.1188118811881,0.1159897184570876
-728.09900990099,0.1190149793888994
-728.0792079207921,0.12193614615898488
-728.0594059405942,0.12474941068946444
-728.039603960396,0.12745118535876737
-728.019801980198,0.13003809041156922
-728.0,0.1325069439089189
-727.980198019802,0.13485475370944003
-727.960396039604,0.13707871107961903
-727.940594059406,0.13917618561387163
-727.920792079208,0.14114472120939306
-727.9009900990098,0.1429820328910058
-727.8811881188119,0.14468600432092069
-727.8613861386139,0.14625468585956886
-727.8415841584158,0.14768629306871797
-727.8217821782179,0.14897920556818026
-727.8019801980198,0.1501319661735489
-727.7821782178219,0.15114328025569912
-727.7623762376237,0.15201201527349262
-727.7425742574258,0.15273720044021205
-727.7227722772278,0.15331802649172716
-727.7029702970297,0.15375384553066693
-727.6831683168317,0.1540441709264892
-727.6633663366337,0.15418867725598354
-727.6435643564357,0.15418720027311197
-727.6237623762376,0.15403973690101988
-727.6039603960396,0.15374644524260864
-727.5841584158417,0.1533076446098086
-727.5643564356435,0.15272381557513598
-727.5445544554456,0.15199560005288587
-727.5247524752475,0.151123801421196
-727.5049504950496,0.1501093847005646
-727.4851485148515,0.1489534768091329
-727.4653465346535,0.14765736692067247
-727.4455445544555,0.1462225069574973
-727.4257425742574,0.14465051225815154
-727.4059405940594,0.14294316246878186
-727.3861386138614,0.14110240271796842
-727.3663366336634,0.13913034514812173
-727.3465346534654,0.13702927089303613
-727.3267326732673,0.13480163261121988
-727.3069306930694,0.1324500577101508
-727.2871287128712,0.12997735242812122
-727.2673267326733,0.1273865069804034
-727.2475247524753,0.12468070202747533
-727.2277227722773,0.12186331678788072
-727.2079207920792,0.11893793920223056
-727.1881188118812,0.1159083786632714
-727.1683168316832,0.11277868196842693
-727.1485148514851,0.10955315333691837
-727.1287128712871,0.10623637957901856
-727.1089108910892,0.10283326183180158
-727.0891089108911,0.0993490557132548
-727.0693069306931,0.09578942233731033
-727.049504950495,0.0921604934341085
-727.0297029702971,0.08846895491530518
-727.009900990099,0.08472215472878031
-726.990099009901,0.08092824292222521
-726.970297029703,0.0770963547024422
-726.950495049505,0.0732368512362938
-726.9306930693069,0.06936163836989573
-726.9108910891089,0.06548459078287715
-726.8910891089109,0.061622118714924845
-726.8712871287129,0.05779392625222768
-726.8514851485148,0.05402402285840919
-726.8316831683169,0.05034205854100384
-726.8118811881188,0.04678504490079485
-726.7920792079208,0.043399469646914345
-726.7722772277228,0.04024365082164742
-726.7524752475248,0.037389808054274346
-726.7326732673267,0.034924642717822835
-726.7128712871287,0.0329462793399721
-726.6930693069307,0.031554894937797735
-726.6732673267327,0.030835872342739344
-726.6534653465346,0.030839218081813734
-726.6336633663367,0.031564757326069795
-726.6138613861386,0.03296219595793819
-726.5940594059406,0.03494600742541671
-726.5742574257425,0.03741601447803993
-726.5544554455446,0.040274183846626385
-726.5346534653465,0.043433940909243046
-726.5148514851485,0.04682319165320678
-726.4950495049505,0.05038372577338621
-726.4752475247525,0.054069141146745624
-726.4554455445544,0.05784249117751592
-726.4356435643564,0.06167417379584959
-726.4158415841584,0.06554021405804265
-726.3960396039604,0.06942093210667573
-726.3762376237623,0.07329993410791572
-726.3564356435644,0.07716335583856163
-726.3366336633663,0.08099929735551789
-726.3168316831683,0.0847973998744584
-726.2970297029703,0.08854852781493253
-726.2772277227723,0.09224452856738573
-726.2574257425742,0.09587804985905823
-726.2376237623762,0.09944240001174826
-726.2178217821782,0.1029314403328252
-726.1980198019802,0.1063395017400729
-726.1782178217821,0.10966131979084269
-726.1584158415842,0.11289198378607863
-726.1386138613861,0.1160268967127655
-726.1188118811881,0.11906174358781395
-726.09900990099,0.12199246635563732
-726.0792079207921,0.12481524392817374
-726.0594059405942,0.12752647628215855
-726.039603960396,0.1301227717731022
-726.019801980198,0.13260093701104578
-726.0,0.13495796878398583
-725.980198019802,0.1371910476233833
-725.9603960396039,0.13929753268954925
-725.940594059406,0.14127495771982299
-725.920792079208,0.1431210278329688
-725.9009900990098,0.14483361702345057
-725.8811881188119,0.14641076621067728
-725.8613861386139,0.14785068173366814
-725.8415841584158,0.14915173420164415
-725.8217821782179,0.15031245762765516
-725.8019801980198,0.15133154878532257
-725.7821782178219,0.15220786674001122
-725.7623762376237,0.1529404325144954
-725.7425742574258,0.1535284288569091
-725.7227722772277,0.1539712000850808
-725.7029702970297,0.15426825198696004
-725.6831683168317,0.15441925176139562
-725.6633663366337,0.1544240279881938
-725.6435643564357,0.1542825706199129
-725.6237623762376,0.1539950309918712
-725.6039603960396,0.15356172185017017
-725.5841584158417,0.1529831174012402
-725.5643564356435,0.15225985339009707
-725.5445544554456,0.15139272721831593
-725.5247524752475,0.15038269811711455
-725.5049504950496,0.14923088739558565
-725.4851485148514,0.1479385787897482
-725.4653465346535,0.14650721894433744
-725.4455445544555,0.1449384180666634
-725.4257425742574,0.1432339508010871
-725.4059405940594,0.1413957573832001
-725.3861386138614,0.13942594514621412
-725.3663366336634,0.13732679046805785
-725.3465346534654,0.1351007412679916
-725.3267326732673,0.13275042018626626
-725.3069306930694,0.13027862861199424
-725.2871287128712,0.12768835176375498
-725.2673267326733,0.12498276507794084
-725.2475247524752,0.12216524222417892
-725.2277227722773,0.11923936514979443
-725.2079207920792,0.11620893666281493
-725.1881188118812,0.11307799620251595
-725.1683168316832,0.1098508396304412
-725.1485148514851,0.10653204411695595
-725.1287128712871,0.10312649952161561
-725.1089108910892,0.0996394480978389
-725.0891089108911,0.09607653493584802
-725.0693069306931,0.09244387235041115
-725.049504950495,0.08874812250190242
-725.0297029702971,0.08499660402687609
-725.0099009900989,0.08119743050565147
-724.990099009901,0.0773596914313218
-724.970297029703,0.07349369026459238
-724.950495049505,0.06961125954338943
-724.9306930693069,0.06572618030946765
-724.9108910891089,0.06185474270725086
-724.8910891089109,0.05801649650336561
-724.8712871287129,0.054235253204160234
-724.8514851485148,0.05054041083082826
-724.8316831683169,0.04696866589787136
-724.8118811881188,0.043566125962009636
-724.7920792079208,0.040390681337788524
-724.7722772277227,0.03751413577360525
-724.7524752475248,0.035022919808266884
-724.7326732673267,0.03301526204792031
-724.7128712871287,0.03159210580221338
-724.6930693069307,0.03084043864433539
-724.6732673267327,0.03081252074914691
-724.6534653465346,0.03151045255477067
-724.6336633663367,0.03288551409390175
-724.6138613861386,0.0348527165521709
-724.5940594059406,0.03731155202757106
-724.5742574257425,0.04016318977144063
-724.5544554455446,0.043320140717255345
-724.5346534653465,0.04670947622451219
-724.5148514851485,0.05027230254017653
-724.4950495049505,0.05396168834447398
-724.4752475247525,0.05774028844835845
-724.4554455445544,0.06157820383587108
-724.4356435643564,0.06545123849985153
-724.4158415841584,0.06933954704780478
-724.3960396039605,0.07322661042626483
-724.3762376237623,0.0770984684396356
-724.3564356435644,0.08094314646256007
-724.3366336633663,0.08475022661821784
-724.3168316831683,0.08851052573363516
-724.2970297029702,0.09221585215958465
-724.2772277227723,0.09585882099969695
-724.2574257425744,0.099432712808189
-724.2376237623762,0.10293136483321993
-724.2178217821782,0.10634908679130009
-724.1980198019802,0.10968059526151246
-724.1782178217821,0.11292096231222251
-724.1584158415842,0.11606557508232919
-724.1386138613861,0.11911010385017
-724.1188118811882,0.12205047672074355
-724.09900990099,0.12488285950396412
-724.0792079207921,0.12760363968709074
-724.059405940594,0.13020941365215175
-724.039603960396,0.132696976476822
-724.019801980198,0.13506331379978176
-724.0,0.13730559534123996
-723.9801980198021,0.13942116975352278
-723.9603960396039,0.14140756054247647
-723.940594059406,0.14326246285141173
-723.920792079208,0.1449837409398848
-723.9009900990098,0.14656942622140356
-723.8811881188119,0.14801771574960473
-723.8613861386139,0.14932697106286166
-723.8415841584159,0.15049571731378159
-723.8217821782177,0.1515226426233078
-723.8019801980198,0.1524065976103862
-723.7821782178219,0.15314659505689118
-723.7623762376237,0.15374180967547307
-723.7425742574258,0.1541915779541008
-723.7227722772277,0.15449539805684825
-723.7029702970298,0.15465292976509273
-723.6831683168317,0.1546639944477376
-723.6633663366337,0.15452857505293197
-723.6435643564357,0.15424681611749597
-723.6237623762376,0.15381902379374887
-723.6039603960396,0.1532456658971352
-723.5841584158416,0.15252737198150365
-723.5643564356436,0.1516649334531018
-723.5445544554456,0.15065930373818748
-723.5247524752475,0.14951159852433454
-723.5049504950496,0.14822309610052722
-723.4851485148514,0.14679523782786832
-723.4653465346535,0.14522962877968923
-723.4455445544555,0.1435280385991465
-723.4257425742575,0.14169240263282842
-723.4059405940594,0.13972482341217204
-723.3861386138614,0.13762757257025968
-723.3663366336634,0.13540309330175962
-723.3465346534653,0.13305400349815108
-723.3267326732673,0.13058309972182755
-723.3069306930694,0.12799336222128133
-723.2871287128713,0.1252879612400106
-723.2673267326733,0.12247026493473952
-723.2475247524752,0.11954384930096644
-723.2277227722773,0.11651251060945453
-723.2079207920792,0.11338028099579595
-723.1881188118812,0.11015144802633528
-723.1683168316832,0.10683057930362573
-723.1485148514852,0.1034225534933989
-723.1287128712871,0.09993259958245268
-723.1089108910891,0.09636634675311676
-723.0891089108911,0.09272988804310625
-723.0693069306931,0.08902986202873218
-723.049504950495,0.08527355823976783
-723.0297029702971,0.08146905404217518
-723.009900990099,0.07762539353164916
-722.990099009901,0.0737528228614333
-722.970297029703,0.06986310176660795
-722.950495049505,0.0659699182921253
-722.9306930693069,0.062089443295236
-722.9108910891089,0.05824107322348311
-722.8910891089109,0.05444842281770355
-722.8712871287129,0.05074063942205121
-722.8514851485148,0.047154105651477415
-722.8316831683169,0.04373454939520855
-722.8118811881188,0.0405394318414992
-722.7920792079208,0.037640135538733764
-722.7722772277227,0.035122808266872786
-722.7524752475248,0.03308576254122517
-722.7326732673268,0.031630683003363885
-722.7128712871287,0.030846144663959053
-722.6930693069307,0.030786668664834087
-722.6732673267327,0.031456667948463767
-722.6534653465346,0.032809047291326644
-722.6336633663366,0.034759394915274286
-722.6138613861386,0.03720688837531644
-722.5940594059407,0.04005189635231349
-722.5742574257425,0.043206002799882334
-722.5544554455446,0.046595430040247944
-722.5346534653465,0.050160588268669225
-722.5148514851485,0.05385400719973343
-722.4950495049505,0.057637935927112395
-722.4752475247525,0.0614821734490162
-722.4554455445545,0.06536229917541937
-722.4356435643564,0.06925829972639964
-722.4158415841584,0.07315352911181772
-722.3960396039604,0.07703392994956791
-722.3762376237623,0.08088745206163514
-722.3564356435644,0.08470361784385896
-722.3366336633663,0.08847319605820557
-722.3168316831684,0.0921879556557826
-722.2970297029702,0.09584047883525758
-722.2772277227723,0.09942401815718456
-722.2574257425744,0.1029323866237662
-722.2376237623762,0.10635987259162888
-722.2178217821782,0.1097011735232948
-722.1980198019802,0.11295134413118373
-722.1782178217823,0.1161057555937387
-722.1584158415841,0.11916006334676102
-722.1386138613861,0.12211018155821794
-722.1188118811882,0.1249522628434189
-722.09900990099,0.12768268211167955
-722.0792079207921,0.13029802368650018
-722.059405940594,0.13279507103110708
-722.0396039603961,0.135170798555418
-722.019801980198,0.13742236509139305
-722.0,0.1395471087087035
-721.9801980198021,0.14154254260927857
-721.9603960396039,0.14340635189079642
-721.940594059406,0.1451363910099439
-721.9207920792079,0.1467306818086229
-721.90099009901,0.14818741199167756
-721.8811881188119,0.1495049339655743
-721.8613861386139,0.15068176396377816
-721.8415841584159,0.15171658139836436
-721.8217821782177,0.1526082283881113
-721.8019801980198,0.1533557094228755
-721.7821782178219,0.15395819113131468
-721.7623762376238,0.15441500212572024
-721.7425742574258,0.15472563290322194
-721.7227722772277,0.1548897357874581
-721.7029702970298,0.15490712489900174
-721.6831683168316,0.1547777761470863
-721.6633663366337,0.1545018272384706
-721.6435643564357,0.15407957770312664
-721.6237623762377,0.15351148893993874
-721.6039603960396,0.15279818428917374
-721.5841584158416,0.15194044914236407
-721.5643564356436,0.1509392311046342
-721.5445544554456,0.149795640229003
-721.5247524752475,0.14851094934766973
-721.5049504950496,0.14708659453157136
-721.4851485148515,0.145524175716854
-721.4653465346535,0.14382545754562645
-721.4455445544554,0.1419923704790739
-721.4257425742575,0.14002701225391467
-721.4059405940594,0.13793164976903557
-721.3861386138614,0.1357087215088211
-721.3663366336634,0.13336084063417045
-721.3465346534654,0.13089079890285266
-721.3267326732673,0.12830157161968636
-721.3069306930694,0.12559632386611994
-721.2871287128713,0.12277841832178248
-721.2673267326733,0.1198514250714963
-721.2475247524752,0.11681913389602191
-721.2277227722773,0.11368556968136855
-721.2079207920792,0.11045501176088791
-721.1881188118812,0.10713201824103416
-721.1683168316832,0.1037214566769772
-721.1485148514852,0.10022854288628977
-721.1287128712871,0.09665889025849801
-721.1089108910891,0.09301857269166916
-721.0891089108911,0.08931420534408817
-721.0693069306931,0.08555304884163345
-721.049504950495,0.08174314458681592
-721.0297029702971,0.07789349159129516
-721.009900990099,0.07401427909576913
-720.990099009901,0.07011719453274794
-720.9702970297029,0.06621583358482759
-720.950495049505,0.0623262486217919
-720.9306930693069,0.05846768376259082
-720.9108910891089,0.05466355816352328
-720.8910891089109,0.05094276979209192
-720.8712871287129,0.04734138854923489
-720.8514851485148,0.04390476315947604
-720.8316831683169,0.040689924339630514
-720.8118811881188,0.03776782821989843
-720.7920792079208,0.03522432801961571
-720.7722772277227,0.03315780001322618
-720.7524752475248,0.0316706448877852
-720.7326732673267,0.030853006975871868
-720.7128712871287,0.03076167479650381
-720.6930693069307,0.03140341087324741
-720.6732673267327,0.03273279625493423
-720.6534653465346,0.0346660368739923
-720.6336633663366,0.03710201281755525
-720.6138613861386,0.03994028940057099
-720.5940594059407,0.04309151090247128
-720.5742574257425,0.0464810358724725
-720.5544554455446,0.05004856552951449
-720.5346534653465,0.0537460806004484
-720.5148514851485,0.05753541715750873
-720.4950495049504,0.06138606705193224
-720.4752475247525,0.06527338151187025
-720.4554455445545,0.06917717666625783
-720.4356435643564,0.07308067783827736
-720.4158415841584,0.07696972922405507
-720.3960396039604,0.08083220420893084
-720.3762376237623,0.08465756481780509
-720.3564356435644,0.08843653126933439
-720.3366336633663,0.09216083275117931
-720.3168316831684,0.09582301827310857
-720.2970297029702,0.09941631217420902
-720.2772277227723,0.10293450302264813
-720.2574257425742,0.10637185765551771
-720.2376237623762,0.10972305427970679
-720.2178217821782,0.11298313012752619
-720.1980198019802,0.11614744030396396
-720.1782178217823,0.11921162529757072
-720.1584158415841,0.12217158524099629
-720.1386138613861,0.12502345946170848
-720.1188118811882,0.12776361020190097
-720.09900990099,0.13038860964076973
-720.0792079207921,0.13289522954425045
-720.059405940594,0.13528043301331852
-720.0396039603961,0.13754136791388985
-720.0198019801979,0.13967536165753508
-720.0,0.14167991706906413
-719.9801980198021,0.1435527091295165
-719.9603960396039,0.14529158242395626
-719.940594059406,0.14689454915614872
-719.9207920792079,0.14835978761793864
-719.90099009901,0.14968564102198345
-719.8811881188119,0.15087061662316845
-719.8613861386139,0.15191338506762747
-719.8415841584159,0.1528127799195287
-719.8217821782177,0.1535677973247661
-719.8019801980198,0.15417759577872991
-719.7821782178219,0.15464149597146315
-719.7623762376238,0.15495898068936942
-719.7425742574258,0.15512969475732413
-719.7227722772277,0.15515344500948894
-719.7029702970298,0.15503020028096423
-719.6831683168316,0.15476009141620908
-719.6633663366337,0.15434341129364773
-719.6435643564357,0.15378061486946806
-719.6237623762377,0.15307231924724046
-719.6039603960396,0.15221930378389448
-719.5841584158416,0.15122251024667355
-719.5643564356436,0.15008304304050157
-719.5445544554456,0.14880216953048916
-719.5247524752475,0.14738132049043845
-719.5049504950496,0.14582209071564992
-719.4851485148515,0.14412623984692968
-719.4653465346535,0.14229569346321014
-719.4455445544554,0.14033254451320282
-719.4257425742575,0.13823905517188168
-719.4059405940594,0.136017659227356
-719.3861386138614,0.1336709651277544
-719.3663366336634,0.1312017598481198
-719.3465346534654,0.1286130137756646
-719.3267326732673,0.1259078868604138
-719.3069306930694,0.1230897363404204
-719.2871287128713,0.1201621264307582
-719.2673267326733,0.11712884046915027
-719.2475247524752,0.1139938961459012
-719.2277227722773,0.11076156462323321
-719.2079207920792,0.10743639458288076
-719.1881188118812,0.10402324255227618
-719.1683168316832,0.10052731127664137
-719.1485148514852,0.09695419846710268
-719.1287128712871,0.0933099590186277
-719.1089108910891,0.08960118483629917
-719.0891089108911,0.08583510784345284
-719.0693069306931,0.08201973372793205
-719.049504950495,0.07816401672800831
-719.0297029702971,0.07427808956293382
-719.009900990099,0.07037356785800633
-718.990099009901,0.06646395556145815
-718.9702970297029,0.06256518734719582
-718.950495049505,0.05869635598627709
-718.9306930693069,0.0548806862208792
-718.9108910891089,0.051146827933538336
-718.8910891089109,0.04753053949559931
-718.8712871287129,0.044076790987350005
-718.8514851485148,0.04084218136172775
-718.8316831683169,0.03789723521298975
-718.8118811881188,0.03532749952187032
-718.7920792079208,0.03323139419570494
-718.7722772277227,0.031712010360479895
-718.7524752475248,0.030861042736838516
-718.7326732673267,0.03073755268949241
-718.7128712871287,0.031350689200223915
-718.6930693069307,0.032656762051286516
-718.6732673267327,0.03457263697576807
-718.6534653465346,0.03699691468046404
-718.6336633663366,0.03982835463878378
-718.6138613861386,0.04297664860486609
-718.5940594059407,0.046366276284943726
-718.5742574257425,0.049936216665909604
-718.5544554455446,0.05363789120328071
-718.5346534653465,0.05743271545767332
-718.5148514851485,0.06128986884697843
-718.4950495049504,0.06518447073658704
-718.4752475247525,0.06909616420782116
-718.4554455445545,0.07300804411332353
-718.4356435643564,0.07690585497055831
-718.4158415841584,0.0807773928303649
-718.3960396039604,0.08461205869414824
-718.3762376237623,0.08840052375318269
-718.3564356435644,0.0921344770640954
-718.3366336633663,0.095806434161232
-718.3168316831684,0.09940959093259061
-718.2970297029702,0.10293771132294037
-718.2772277227723,0.1063850404891883
-718.2574257425742,0.10974623724260277
-718.2376237623762,0.11301632121055648
-718.2178217821782,0.11619063131081901
-718.1980198019802,0.1192647929793201
-718.1782178217823,0.1222346922144316
-718.1584158415841,0.12509645496182523
-718.1386138613861,0.12784643070669632
-718.1188118811882,0.13048117939741266
-718.09900990099,0.13299746101903298
-718.0792079207921,0.135392227282607
-718.059405940594,0.13766261500949525
-718.0396039603961,0.13980594087688036
-718.0198019801979,0.14181969725843888
-718.0,0.14370154894675988
-717.9801980198021,0.14544933058568893
-717.9603960396039,0.147061044673535
-717.940594059406,0.1485348600240857
-717.9207920792079,0.14986911059351768
-717.90099009901,0.15106229459780066
-717.8811881188119,0.1521130738593482
-717.8613861386139,0.15302027333236237
-717.8415841584159,0.15378288076610622
-717.8217821782177,0.15440004647265376
-717.8019801980198,0.1548710831724697
-717.7821782178218,0.15519546589665517
-717.7623762376238,0.15537283192963824
-717.7425742574258,0.15540298078031262
-717.7227722772277,0.15528587417376283
-717.7029702970298,0.15502163605925784
-717.6831683168316,0.15461055263379145
-717.6633663366337,0.15405307238405894
-717.6435643564357,0.15334980615330188
-717.6237623762377,0.15250152724331476
-717.6039603960396,0.15150917156615026
-717.5841584158416,0.1503738378645791
-717.5643564356436,0.14909678802582835
-717.5445544554455,0.1476794475190916
-717.5247524752475,0.14612340599471704
-717.5049504950496,0.14443041809147908
-717.4851485148515,0.14260240450886047
-717.4653465346535,0.14064145341386597
-717.4455445544554,0.13854982226748236
-717.4257425742575,0.13632994017521669
-717.4059405940594,0.1339844108899528
-717.3861386138614,0.13151601662554682
-717.3663366336634,0.12892772287743282
-717.3465346534654,0.1262226844945713
-717.3267326732673,0.12340425330870823
-717.3069306930693,0.12047598770584853
-717.2871287128713,0.11744166462737303
-717.2673267326733,0.11430529462146795
-717.2475247524752,0.11107114074082815
-717.2277227722773,0.10774374231347247
-717.2079207920792,0.10432794492148818
-717.1881188118812,0.10082893833414254
-717.1683168316832,0.09725230469785066
-717.1485148514852,0.09360408004017333
-717.1287128712871,0.08989083317667104
-717.1089108910891,0.0861197675279821
-717.0891089108911,0.0822988533140112
-717.0693069306931,0.07843700030751465
-717.049504950495,0.07454428509380304
-717.0297029702971,0.07063225198146621
-717.009900990099,0.06671431380611297
-716.990099009901,0.06280628832941958
-716.9702970297029,0.05892711794575525
-716.950495049505,0.05509983414344953
-716.930693069307,0.05135284000337261
-716.9108910891089,0.04772158355105299
-716.8910891089109,0.044250656760940796
-716.8712871287129,0.04099622558268844
-716.8514851485148,0.03802837805802191
-716.8316831683168,0.03543234337762025
-716.8118811881188,0.033306564986132214
-716.7920792079209,0.031754798530005866
-716.7722772277227,0.03087026936068557
-716.7524752475248,0.030714316181807665
-716.7326732673267,0.03129851106733127
-716.7128712871287,0.032580945918568596
-716.6930693069307,0.034479189811487496
-716.6732673267327,0.036891583217617895
-716.6534653465347,0.03971607763716382
-716.6336633663366,0.042861399293574465
-716.6138613861386,0.046251133637538924
-716.5940594059406,0.04982352382716954
-716.5742574257425,0.05352942149330834
-716.5544554455446,0.05732981400321327
-716.5346534653465,0.06119356292628939
-716.5148514851486,0.06509555200030838
-716.4950495049504,0.06901524864850214
-716.4752475247525,0.07293561543469619
-716.4554455445545,0.0768422959188849
-716.4356435643564,0.08072300790555195
-716.4158415841584,0.08456709071109426
-716.3960396039604,0.08836516600957123
-716.3762376237624,0.09210888235518859
-716.3564356435643,0.09579072151784389
-716.3366336633663,0.0994038507030853
-716.3168316831684,0.10294200904164828
-716.2970297029702,0.10639941984864357
-716.2772277227723,0.1097707223989683
-716.2574257425742,0.11305091858945154
-716.2376237623763,0.11623533103626946
-716.2178217821782,0.11931957001669106
-716.1980198019802,0.12229950729516834
-716.1782178217823,0.12517125534094667
-716.1584158415841,0.12793115079160183
-716.1386138613861,0.13057574127746893
-716.1188118811881,0.13310177491839964
-716.0990099009902,0.135506191953787
-716.0792079207921,0.13778611808107052
-716.059405940594,0.1399388591660146
-716.0396039603961,0.14196189705630757
-716.0198019801979,0.1438528862834754
-716.0,0.1456096514797342
-715.9801980198021,0.14723018536976204
-715.960396039604,0.1487126472234363
-715.940594059406,0.1500553616768923
-715.9207920792079,0.1512568178461097
-715.90099009901,0.15231566867109447
-715.8811881188118,0.15323073044003063
-715.8613861386139,0.1540009824520111
-715.8415841584159,0.15462556678496578
-715.8217821782179,0.15510378814168868
-715.8019801980198,0.15543511375267718
-715.7821782178218,0.15561917331944264
-715.7623762376238,0.15565575898606665
-715.7425742574258,0.1555448253310388
-715.7227722772277,0.1552864893748502
-715.7029702970298,0.15488103060253824
-715.6831683168317,0.1543288910038994
-715.6633663366337,0.15363067513754147
-715.6435643564356,0.15278715022905512
-715.6237623762377,0.1517992463174156
-715.6039603960396,0.1506680564686538
-715.5841584158416,0.14939483708079748
-715.5643564356436,0.14798100831046607
-715.5445544554456,0.14642815465848816
-715.5247524752475,0.14473802576049732
-715.5049504950496,0.14291253743887927
-715.4851485148515,0.14095377308484763
-715.4653465346535,0.13886398545499548
-715.4455445544554,0.13664559898555065
-715.4257425742575,0.13430121275137238
-715.4059405940594,0.1318336042264164
-715.3861386138614,0.1292457340398655
-715.3663366336634,0.1265407519697214
-715.3465346534654,0.12372200447644927
-715.3267326732673,0.12079304415742413
-715.3069306930693,0.11775764160414028
-715.2871287128713,0.11461980027603716
-715.2673267326734,0.11138377517753578
-715.2475247524752,0.10805409635366792
-715.2277227722773,0.10463559852318727
-715.2079207920792,0.10113345857525524
-715.1881188118812,0.09755324320470932
-715.1683168316831,0.09390096970654445
-715.1485148514852,0.09018318396938467
-715.1287128712872,0.08640706110954625
-715.1089108910891,0.08258053612377299
-715.0891089108911,0.07871247462452653
-715.0693069306931,0.07481289744715407
-715.049504950495,0.07089327806934707
-715.0297029702971,0.06696693882970894
-715.009900990099,0.06304958135355124
-714.9900990099011,0.05915999862048509
-714.9702970297029,0.055321030015187116
-714.950495049505,0.051560833091860755
-714.9306930693069,0.04791454671303861
-714.9108910891089,0.04442638530296828
-714.8910891089109,0.04115208062027946
-714.8712871287129,0.03816127923697852
-714.8514851485149,0.03553888112831072
-714.8316831683168,0.033383333214136744
-714.8118811881188,0.031799029435506575
-714.7920792079209,0.030880705187250706
-714.7722772277227,0.0306919799971799
-714.7524752475248,0.031246885382037196
-714.7326732673267,0.032505349669974884
-714.7128712871288,0.034385690318600795
-714.6930693069306,0.03678600781882384
-714.6732673267327,0.03960344393833871
-714.6534653465347,0.04274574621375626
-714.6336633663366,0.0461355900761659
-714.6138613861386,0.04971046890564826
-714.5940594059406,0.053420653675727174
-714.5742574257426,0.057226695680018
-714.5544554455446,0.06109713309096308
-714.5346534653465,0.06500661016687881
-714.5148514851486,0.0689344160066221
-714.4950495049504,0.07286337903130877
-714.4752475247525,0.07677904054195665
-714.4554455445544,0.08066903917034553
-714.4356435643565,0.08452265187709514
-714.4158415841584,0.08833045032320047
-714.3960396039604,0.09208404218512219
-714.3762376237624,0.09577587517664402
-714.3564356435643,0.09939908758769281
-714.3366336633663,0.1029473935430175
-714.3168316831684,0.10641499435327809
-714.2970297029703,0.1097965096154244
-714.2772277227723,0.11308692336938003
-714.2574257425742,0.11628154181463239
-714.2376237623763,0.11937595996304494
-714.2178217821781,0.12236603524482656
-714.1980198019802,0.12524786655745448
-714.1782178217823,0.1280177775995659
-714.1584158415842,0.13067230359547766
-714.1386138613861,0.13320818071471507
-714.1188118811881,0.13562233764249448
-714.0990099009902,0.13791188887219016
-714.0792079207921,0.14007412938025626
-714.059405940594,0.14210653041275167
-714.0396039603961,0.1440067361666545
-714.019801980198,0.145772561191307
-714.0,0.14740198836873147
-713.980198019802,0.14889316735816796
-713.960396039604,0.15024441341134961
-713.940594059406,0.15145420648230645
-713.9207920792079,0.15252119056917465
-713.90099009901,0.15344417323715676
-713.8811881188119,0.15422212528089185
-713.8613861386139,0.15485418049253397
-713.8415841584159,0.1553396355082926
-713.8217821782179,0.1556779497120047
-713.8019801980198,0.1558687451790569
-713.7821782178218,0.1559118066484321
-713.7623762376238,0.1558070815147169
-713.7425742574258,0.15555467983534135
-713.7227722772277,0.1551548743522249
-713.7029702970298,0.15460810053015775
-713.6831683168317,0.15391495661824545
-713.6633663366337,0.15307620374415862
-713.6435643564356,0.1520927660553578
-713.6237623762377,0.15096573092596743
-713.6039603960396,0.14969634925300893
-713.5841584158416,0.14828603587205957
-713.5643564356436,0.1467363701293929
-713.5445544554456,0.14504909665591928
-713.5247524752475,0.14322612639886284
-713.5049504950495,0.14126953797919223
-713.4851485148515,0.13918157945832094
-713.4653465346535,0.1369646706161823
-713.4455445544554,0.13462140586650756
-713.4257425742575,0.13215455796430772
-713.4059405940594,0.12956708269779166
-713.3861386138614,0.1268621248038193
-713.3663366336634,0.12404302540635186
-713.3465346534654,0.12111333135428831
-713.3267326732673,0.11807680693549065
-713.3069306930693,0.11493744857364835
-713.2871287128713,0.11169950328594698
-713.2673267326733,0.10836749190475897
-713.2475247524752,0.1049462383671085
-713.2277227722773,0.10144090677740322
-713.2079207920792,0.09785704849135307
-713.1881188118812,0.0942006622053362
-713.1683168316831,0.09047827104255177
-713.1485148514852,0.0866970220118148
-713.1287128712872,0.08286481512950117
-713.1089108910891,0.07899047215033106
-713.0891089108911,0.07508395854004456
-713.0693069306931,0.07115667742656033
-713.049504950495,0.06722186126091666
-713.029702970297,0.06329509630020992
-713.009900990099,0.05939502706192389
-712.9900990099011,0.05554430196727995
-712.9702970297029,0.051770834310612225
-712.950495049505,0.04810945497341241
-712.9306930693069,0.04460400140261815
-712.9108910891089,0.041309770029832875
-712.8910891089109,0.03829596114050795
-712.8712871287129,0.03564713419843128
-712.8514851485149,0.033461719578327775
-712.8316831683168,0.031844722993744065
-712.8118811881188,0.030892368464344254
-712.7920792079208,0.03067055878811807
-712.7722772277227,0.031195820946196575
-712.7524752475248,0.032429974911579174
-712.7326732673267,0.03429213309448553
-712.7128712871288,0.03668017741619587
-712.6930693069306,0.0394904385502654
-712.6732673267327,0.04262967204137121
-712.6534653465347,0.046019627175929
-712.6336633663366,0.04959703324278715
-712.6138613861386,0.05331156943714225
-712.5940594059406,0.05712334289398519
-712.5742574257426,0.061000562703188786
-712.5544554455445,0.06491762970274624
-712.5346534653465,0.0688536519438071
-712.5148514851486,0.07279132181474103
-712.4950495049504,0.07671607703315231
-712.4752475247525,0.08061547611730606
-712.4554455445544,0.08447873299199309
-712.4356435643565,0.08829636880339803
-712.4158415841584,0.0920599499711313
-712.3960396039604,0.09576188985866674
-712.3762376237624,0.09939529760540937
-712.3564356435643,0.10295386213695452
-712.3366336633663,0.1064317625959399
-712.3168316831683,0.10982359875898515
-712.2970297029703,0.11312433668209908
-712.2772277227723,0.11632926603228474
-712.2574257425742,0.11943396644866167
-712.2376237623763,0.12243428092618394
-712.2178217821781,0.12532629469454273
-712.1980198019802,0.12810631842141587
-712.1782178217823,0.13077087483635585
-712.1584158415842,0.1333166880727359
-712.1386138613861,0.13574067517826427
-712.1188118811881,0.13803993936133455
-712.0990099009902,0.14021176463038584
-712.079207920792,0.14225361155335228
-712.059405940594,0.14416311391836215
-712.0396039603961,0.14593807611977314
-712.019801980198,0.1475764711270935
-712.0,0.14907643892136963
-711.980198019802,0.1504362853047207
-711.960396039604,0.15165448100639978
-711.940594059406,0.15272966102236776
-711.9207920792079,0.15366062413710266
-711.90099009901,0.15444633258565119
-711.8811881188119,0.15508591182194426
-711.8613861386139,0.15557865036596155
-711.8415841584158,0.15592399970800636
-711.8217821782179,0.1561215742533733
-711.8019801980198,0.15617115129493964
-711.7821782178218,0.1560726710053492
-711.7623762376238,0.1558262364440359
-711.7425742574258,0.15543211357789508
-711.7227722772277,0.1548907313180185
-711.7029702970298,0.15420268157846487
-711.6831683168317,0.15336871936668547
-711.6633663366337,0.1523897629196388
-711.6435643564356,0.15126689390380965
-711.6237623762377,0.15000135770286172
-711.6039603960396,0.14859456382240618
-711.5841584158416,0.1470480864486291
-711.5643564356436,0.14536366520571048
-711.5445544554456,0.14354320616723884
-711.5247524752475,0.14158878318911905
-711.5049504950495,0.13950263964640394
-711.4851485148515,0.13728719067539355
-711.4653465346535,0.13494502604527372
-711.4455445544554,0.13247891381280497
-711.4257425742575,0.1298918049502014
-711.4059405940594,0.12718683918278784
-711.3861386138614,0.12436735233252166
-711.3663366336633,0.12143688553980352
-711.3465346534654,0.11839919683479846
-711.3267326732673,0.11525827565831824
-711.3069306930693,0.11201836110101025
-711.2871287128713,0.10868396485265662
-711.2673267326733,0.1052599001497759
-711.2475247524752,0.10175131840693448
-711.2277227722773,0.09816375575255434
-711.2079207920792,0.09450319241766532
-711.1881188118812,0.09077612892044591
-711.1683168316831,0.08698968435773229
-711.1485148514852,0.08315172400644233
-711.1287128712871,0.07927102606362578
-711.1089108910891,0.07535750100248945
-711.0891089108911,0.07142248207781003
-711.0693069306931,0.06747911245676046
-711.049504950495,0.0635428637890468
-711.029702970297,0.05963223307385715
-711.009900990099,0.05576967889976641
-710.9900990099011,0.051982871560289315
-710.9702970297029,0.04830633513738134
-710.950495049505,0.04478353069091253
-710.9306930693069,0.041469318240760826
-710.9108910891089,0.03843244706844342
-710.8910891089108,0.035757124959725536
-710.8712871287129,0.03354174576849059
-710.8514851485149,0.031891900166322144
-710.8316831683168,0.03090527853944488
-710.8118811881188,0.03065006832568026
-710.7920792079208,0.03114532761483069
-710.7722772277227,0.03235482414394769
-710.7524752475248,0.034198513423421895
-710.7326732673267,0.036574081429440096
-710.7128712871288,0.03937704681079865
-710.6930693069306,0.04251315967260145
-710.6732673267327,0.04590322666252359
-710.6534653465346,0.0494831982899949
-710.6336633663366,0.053202150552801884
-710.6138613861386,0.05701973813084345
-710.5940594059406,0.06090383520418463
-710.5742574257426,0.06482859515757043
-710.5544554455445,0.06877294221243357
-710.5346534653465,0.07271943079703556
-710.5148514851486,0.07665339369755203
-710.4950495049504,0.08056230836291675
-710.4752475247525,0.08443532499257614
-710.4554455445544,0.08826291371004846
-710.4356435643565,0.09203659929500865
-710.4158415841583,0.0957487604638493
-710.3960396039604,0.09939247696875386
-710.3762376237624,0.10296141234170549
-710.3564356435643,0.10644972339276794
-710.3366336633663,0.10985198993502679
-710.3168316831683,0.11316315991283123
-710.2970297029703,0.1163785063442681
-710.2772277227723,0.11949359338763291
-710.2574257425742,0.12250424950096778
-710.2376237623763,0.12540654614942007
-710.2178217821781,0.12819678087696398
-710.1980198019802,0.1308714638289064
-710.1782178217821,0.13342730701583572
-710.1584158415842,0.13586121576384982
-710.1386138613861,0.13817028191457367
-710.1188118811881,0.1403517784289291
-710.0990099009902,0.14240315511936513
-710.079207920792,0.14432203529001175
-710.059405940594,0.14610621310725713
-710.0396039603961,0.14775365155739456
-710.019801980198,0.1492624808748042
-710.0,0.15063099734591745
-709.980198019802,0.1518576624115599
-709.960396039604,0.15294110200435407
-709.9405940594058,0.15388010606944053
-709.9207920792079,0.15467362822630534
-709.90099009901,0.15532078553741013
-709.8811881188119,0.15582085835600878
-709.8613861386139,0.15617329023124968
-709.8415841584158,0.1563776878535896
-709.8217821782179,0.1564338210280252
-709.8019801980198,0.1563416226665252
-709.7821782178218,0.1561011887948243
-709.7623762376238,0.1557127785722508
-709.7425742574258,0.15517681432681568
-709.7227722772277,0.15449388161135566
-709.7029702970298,0.15366472929022254
-709.6831683168317,0.1526902696702371
-709.6633663366337,0.15157157869400353
-709.6435643564356,0.15030989621893429
-709.6237623762377,0.14890662641122893
-709.6039603960396,0.14736333829100046
-709.5841584158416,0.1456817664732343
-709.5643564356436,0.1438638121590065
-709.5445544554456,0.14191154444389498
-709.5247524752475,0.13982720202509122
-709.5049504950495,0.13761319540757133
-709.4851485148515,0.1352721097322502
-709.4653465346536,0.13280670837802822
-709.4455445544554,0.13021993752585187
-709.4257425742575,0.1275149319188168
-709.4059405940594,0.12469502211119698
-709.3861386138614,0.12176374357457675
-709.3663366336633,0.1187248481271973
-709.3465346534654,0.11558231827954704
-709.3267326732674,0.11234038525622064
-709.3069306930693,0.10900355167414445
-709.2871287128713,0.10557662015022969
-709.2673267326733,0.10206472950362491
-709.2475247524752,0.09847340074676741
-709.2277227722773,0.09480859577777913
-709.2079207920792,0.09107679266927142
-709.1881188118813,0.0872850828002294
-709.1683168316831,0.08344129694720318
-709.1485148514852,0.07955417004718196
-709.1287128712871,0.07563355795457787
-709.1089108910891,0.07169072452333558
-709.0891089108911,0.06773872423474023
-709.0693069306931,0.06379291488468848
-709.0495049504951,0.05987164688924771
-709.029702970297,0.055997190125855106
-709.009900990099,0.05219697313872085
-708.9900990099011,0.04850521439137103
-708.9702970297029,0.0449649991640185
-708.950495049505,0.04163075003118104
-708.9306930693069,0.03857076065263209
-708.910891089109,0.035868876101021824
-708.8910891089108,0.03362343378486559
-708.8712871287129,0.03194058223630056
-708.8514851485149,0.030919455108116493
-708.8316831683168,0.030630524738548135
-708.8118811881188,0.031095415544212805
-708.7920792079208,0.03227990003292483
-708.7722772277228,0.03410482657890317
-708.7524752475248,0.03646770910525013
-708.7326732673267,0.03926325376723835
-708.7128712871288,0.042396191644218234
-708.6930693069306,0.04578636987245894
-708.6732673267327,0.04936894510633977
-708.6534653465346,0.05309237841908414
-708.6336633663367,0.05691586352046254
-708.6138613861386,0.06080693370736734
-708.5940594059406,0.06473949078381284
-708.5742574257426,0.06869227229916597
-708.5544554455445,0.07264769275606398
-708.5346534653465,0.07659097863722011
-708.5148514851486,0.0805095253512267
-708.4950495049505,0.08439241867307382
-708.4752475247525,0.0882300771896598
-708.4554455445544,0.09201398365370377
-708.4356435643565,0.09573648183510579
-708.4158415841583,0.09939062186043308
-708.3960396039604,0.10297004167235811
-708.3762376237624,0.10646887558282019
-708.3564356435644,0.10988168329742574
-708.3366336633663,0.11320339452042723
-708.3168316831683,0.11642926550383972
-708.2970297029703,0.11955484481644817
-708.2772277227723,0.12257594627698944
-708.2574257425742,0.1254886274886734
-708.2376237623763,0.12828917277825388
-708.2178217821782,0.13097407961659577
-708.1980198019802,0.13354004780404005
-708.1782178217821,0.13598397086019057
-708.1584158415842,0.13830292917730957
-708.1386138613861,0.1404941845884219
-708.1188118811881,0.14255517607231105
-708.0990099009902,0.14448351637304868
-708.0792079207921,0.1462769893552487
-708.059405940594,0.1479335479503486
-708.0396039603961,0.14945131257675942
-708.019801980198,0.15082856993827407
-708.0,0.1520637721227519
-707.980198019802,0.15315553593743822
-707.960396039604,0.15410264242868052
-707.940594059406,0.15490403654359625
-707.9207920792079,0.15555882689909664
-707.90099009901,0.15606628563040517
-707.8811881188119,0.15642584829705816
-707.8613861386139,0.1566371138291803
-707.8415841584158,0.15669984450134283
-707.8217821782179,0.15661396592534957
-707.8019801980199,0.1563795670568352
-707.7821782178218,0.15599690021430807
-707.7623762376238,0.15546638111265326
-707.7425742574258,0.15478858891667127
-707.7227722772277,0.15396426632407362
-707.7029702970297,0.15299431969135277
-707.6831683168317,0.1518798192204036
-707.6633663366338,0.15062199922897646
-707.6435643564356,0.14922225853386514
-707.6237623762377,0.14768216098266865
-707.6039603960396,0.14600343617824474
-707.5841584158416,0.144187980449851
-707.5643564356436,0.1422378581370761
-707.5445544554456,0.1401553032673789
-707.5247524752476,0.1379427217263894
-707.5049504950495,0.13560269404267833
-707.4851485148515,0.13313797893737958
-707.4653465346535,0.1305515178246186
-707.4455445544554,0.12784644049434313
-707.4257425742575,0.1250260722671562
-707.4059405940594,0.12209394298531327
-707.3861386138615,0.11905379830062067
-707.3663366336633,0.11590961384559585
-707.3465346534654,0.11266561303896042
-707.3267326732674,0.10932628949422502
-707.3069306930693,0.10589643528918337
-707.2871287128713,0.10238117674157282
-707.2673267326733,0.09878601985852918
-707.2475247524753,0.09511690833695559
-707.2277227722772,0.09138029796230097
-707.2079207920792,0.08758325258846497
-707.1881188118813,0.0837335687288777
-707.1683168316831,0.07983993835562506
-707.1485148514852,0.07591216307476441
-707.1287128712871,0.07196143780733567
-707.1089108910892,0.06800072894101786
-707.0891089108911,0.06404528116426474
-707.0693069306931,0.06011329923664559
-707.0495049504951,0.05622686543666132
-707.029702970297,0.052413167803173684
-707.009900990099,0.04870612036181642
-706.990099009901,0.04514843323746684
-706.970297029703,0.041794090576122295
-706.950495049505,0.03871092589734815
-706.9306930693069,0.035982410658814586
-706.910891089109,0.03370680595656174
-706.8910891089108,0.03199079081262551
-706.8712871287129,0.030934918203776435
-706.8514851485149,0.030611944488552225
-706.8316831683169,0.031046095152888326
-706.8118811881188,0.03220520535466376
-706.7920792079208,0.03401106775208496
-706.7722772277228,0.036361049430835964
-706.7524752475247,0.039149044078195194
-706.7326732673267,0.042278750027218814
-706.7128712871288,0.04566903764120361
-706.6930693069307,0.049254254243349546
-706.6732673267327,0.05298223393621065
-706.6534653465346,0.05681170071833664
-706.6336633663367,0.060709840879303346
-706.6138613861386,0.06465030041738984
-706.5940594059406,0.06861162730558623
-706.5742574257426,0.0725760941164043
-706.5544554455446,0.07652881963244959
-706.5346534653465,0.08045711623559614
-706.5148514851485,0.08435000456752015
-706.4950495049505,0.08819785115839435
-706.4752475247525,0.09199209634304237
-706.4554455445544,0.09572504864295471
-706.4356435643565,0.09938972831892637
-706.4158415841584,0.10297974752738562
-706.3960396039604,0.10648921791575777
-706.3762376237624,0.10991267893741627
-706.3564356435644,0.11324504192738777
-706.3366336633663,0.11648154625386514
-706.3168316831683,0.11961772478674641
-706.2970297029703,0.12264937660244497
-706.2772277227723,0.12557254534410656
-706.2574257425742,0.12838350202705448
-706.2376237623763,0.1310787313567251
-706.2178217821782,0.13365492083503028
-706.1980198019802,0.13610895208934393
-706.1782178217821,0.13843789397916068
-706.1584158415842,0.14063899712838723
-706.1386138613861,0.14270968960306693
-706.1188118811881,0.14464757351033758
-706.0990099009902,0.14645042233828162
-706.0792079207921,0.148116178891015
-706.059405940594,0.14964295370077502
-706.039603960396,0.15102902382085076
-706.019801980198,0.1522728319207416
-706.0,0.15337298561939613
-705.980198019802,0.15432825700404837
-705.960396039604,0.15513758229178812
-705.940594059406,0.15580006159902773
-705.9207920792079,0.15631495879085475
-705.90099009901,0.15668170138795
-705.8811881188119,0.156899880513781
-705.8613861386139,0.1569692508691957
-705.8415841584158,0.15688973072557788
-705.8217821782179,0.1566614019313389
-705.8019801980198,0.15628450993023393
-705.7821782178218,0.15575946379326902
-705.7623762376238,0.15508683626973632
-705.7425742574258,0.15426736386656012
-705.7227722772277,0.1533019469691051
-705.7029702970297,0.15219165002115284
-705.6831683168317,0.1509377017868204
-705.6633663366338,0.1495414957230305
-705.6435643564356,0.14800459049789239
-705.6237623762377,0.14632871069876316
-705.6039603960396,0.14451574778333326
-705.5841584158416,0.14256776133917828
-705.5643564356435,0.14048698073174667
-705.5445544554456,0.13827580723893307
-705.5247524752476,0.13593681679260847
-705.5049504950495,0.13347276347592793
-705.4851485148515,0.1308865839603653
-705.4653465346535,0.1281814031115258
-705.4455445544554,0.1253605410501378
-705.4257425742575,0.12242752202835083
-705.4059405940594,0.11938608557684145
-705.3861386138615,0.11624020050220321
-705.3663366336633,0.11299408247724504
-705.3465346534654,0.1096522161811964
-705.3267326732673,0.10621938323288133
-705.3069306930693,0.10270069754217025
-705.2871287128713,0.09910165022101065
-705.2673267326733,0.09542816689603814
-705.2475247524753,0.09168668122296872
-705.2277227722772,0.08788422972203279
-705.2079207920792,0.0840285748790355
-705.1881188118813,0.08012836599384433
-705.1683168316831,0.0761933507914297
-705.1485148514852,0.07223465572356397
-705.1287128712871,0.06826515967101102
-705.1089108910892,0.06429999495411731
-705.089108910891,0.06035722159402789
-705.0693069306931,0.0564587353734248
-705.0495049504951,0.05263148506218412
-705.029702970297,0.04890908142790348
-705.009900990099,0.04533386008079766
-704.990099009901,0.041959365804681494
-704.970297029703,0.03885296755859392
-704.950495049505,0.036097752416759527
-704.9306930693069,0.033791885357038406
-704.910891089109,0.03204254825449024
-704.8910891089108,0.030951688621398212
-704.8712871287129,0.03059434478225619
-704.8514851485148,0.0309973775080406
-704.8316831683169,0.03213074334404672
-704.8118811881188,0.03391723235364201
-704.7920792079208,0.036254091386646925
-704.7722772277228,0.03903440221924399
-704.7524752475247,0.042160816589803696
-704.7326732673267,0.045551210428190735
-704.7128712871288,0.04913910583620731
-704.6930693069307,0.052871697569240206
-704.6732673267327,0.05670723093942255
-704.6534653465346,0.06061253894871991
-704.6336633663367,0.06456100746394215
-704.6138613861385,0.06853099191347302
-704.5940594059406,0.07250462089488276
-704.5742574257426,0.07646690406882618
-704.5544554455446,0.08040506978821428
-704.5346534653465,0.08430807284257613
-704.5148514851485,0.08816622717896964
-704.4950495049505,0.0919709303193491
-704.4752475247525,0.09571445523224831
-704.4554455445544,0.09938979207080234
-704.4356435643565,0.10299052700702686
-704.4158415841584,0.10651074885647939
-704.3960396039604,0.10994497667479836
-704.3762376237623,0.1132881032979573
-704.3564356435644,0.1165353510919151
-704.3366336633663,0.11968223711764753
-704.3168316831683,0.12272454560555646
-704.2970297029703,0.1256583061398788
-704.2772277227723,0.1284797763295595
-704.2574257425742,0.13118542802286468
-704.2376237623763,0.13377193633428688
-704.2178217821782,0.13623617091242582
-704.1980198019802,0.13857518899973903
-704.1782178217821,0.14078622992893733
-704.1584158415842,0.1428667107734012
-704.1386138613861,0.1448142229255224
-704.1188118811881,0.14662652942125587
-704.0990099009902,0.14830156286398308
-704.0792079207921,0.14983742382866663
-704.059405940594,0.1512323796493572
-704.039603960396,0.15248486351085638
-704.019801980198,0.15359347378003593
-704.0,0.1545569735238261
-703.980198019802,0.15537429017073373
-703.960396039604,0.15604451528091381
-703.940594059406,0.1565669043963303
-703.9207920792079,0.1569408769487462
-703.9009900990098,0.15716601620785542
-703.8811881188119,0.1572420692566919
-703.8613861386139,0.15716894698522482
-703.8415841584158,0.1569467240967843
-703.8217821782179,0.15657563912568043
-703.8019801980198,0.15605609446761545
-703.7821782178218,0.15538865642826616
-703.7623762376238,0.15457405529897572
-703.7425742574258,0.15361318547256247
-703.7227722772277,0.15250710561670494
-703.7029702970297,0.15125703892739495
-703.6831683168317,0.1498643734906436
-703.6633663366337,0.14833066278764598
-703.6435643564356,0.14665762638642188
-703.6237623762377,0.14484715087291894
-703.6039603960396,0.1429012910862248
-703.5841584158416,0.14082227173718556
-703.5643564356435,0.1386124895072008
-703.5445544554456,0.1362745157467524
-703.5247524752476,0.13381109992052875
-703.5049504950495,0.13122517398123884
-703.4851485148515,0.12851985789870654
-703.4653465346535,0.1256984666273449
-703.4455445544554,0.12276451886823558
-703.4257425742574,0.11972174807592618
-703.4059405940594,0.11657411628300965
-703.3861386138615,0.11332583147604582
-703.3663366336633,0.10998136946886217
-703.3465346534654,0.10654550150114958
-703.3267326732673,0.10302332916803904
-703.3069306930693,0.09942032879591926
-703.2871287128713,0.09574240807143254
-703.2673267326733,0.09199597867705867
-703.2475247524753,0.08818804998959134
-703.2277227722772,0.0843263507010191
-703.2079207920792,0.08041948772955515
-703.1881188118812,0.07647715528329393
-703.1683168316831,0.07251041180443206
-703.1485148514852,0.06853204924839093
-703.1287128712871,0.06455708830022354
-703.1089108910892,0.06060344515299402
-703.089108910891,0.056692830188466645
-703.0693069306931,0.05285195413763662
-703.0495049504951,0.04911412569070112
-703.029702970297,0.04552130660205329
-703.009900990099,0.042126601411329276
-702.990099009901,0.038996910197971815
-702.970297029703,0.0362149250228604
-702.9504950495049,0.03387869501077568
-702.9306930693069,0.032095876998112144
-702.910891089109,0.030969787395906643
-702.8910891089108,0.03057774322661578
-702.8712871287129,0.030949274170295825
-702.8514851485148,0.03205651772391066
-702.8316831683169,0.033823316210981565
-702.8118811881188,0.03614682429102588
-702.7920792079208,0.03891931295488068
-702.7722772277228,0.0420423733783449
-702.7524752475247,0.0454328689910722
-702.7326732673267,0.04902348035806668
-702.7128712871287,0.05276075017150234
-702.6930693069307,0.0566024358415936
-702.6732673267327,0.060515010642730266
-702.6534653465346,0.06447159588185888
-702.6336633663367,0.06845035140969927
-702.6138613861385,0.07243325976353598
-702.5940594059406,0.07640522003491804
-702.5742574257426,0.08035337552982393
-702.5544554455446,0.0842666144570562
-702.5346534653465,0.088135197648042
-702.5148514851485,0.09195047941309886
-702.4950495049505,0.09570469686080044
-702.4752475247524,0.09939080979311538
-702.4554455445544,0.1030023781984096
-702.4356435643565,0.10653346789217771
-702.4158415841584,0.10997857738613409
-702.3960396039604,0.11333258088678547
-702.3762376237623,0.11659068363881975
-702.3564356435644,0.11974838678365991
-702.3366336633663,0.12280145960134076
-702.3168316831683,0.12574591751769984
-702.2970297029703,0.12857800463965893
-702.2772277227723,0.13129417986581277
-702.2574257425742,0.13389110583345198
-702.2376237623762,0.13636564012505317
-702.2178217821782,0.13871482828094917
-702.1980198019802,0.1409358982597209
-702.1782178217821,0.14302625606125768
-702.1584158415842,0.14498348228453004
-702.1386138613861,0.14680532943683794
-702.1188118811881,0.14848971984653966
-702.0990099009902,0.15003474405932168
-702.0792079207921,0.15143865962032468
-702.059405940594,0.15269989016245378
-702.039603960396,0.1538170247358167
-702.019801980198,0.15478881732492003
-702.0,0.15561418651031536
-701.980198019802,0.15629221523921474
-701.960396039604,0.15682215067668379
-701.940594059406,0.157203404114637
-701.9207920792079,0.157435550921089
-701.9009900990098,0.15751833051638583
-701.8811881188119,0.157451646367286
-701.861386138614,0.15723556599344016
-701.8415841584158,0.15687032098431575
-701.8217821782179,0.1563563070282093
-701.8019801980198,0.1556940839583693
-701.7821782178218,0.15488437582512143
-701.7623762376237,0.15392807100671113
-701.7425742574258,0.15282622237616297
-701.7227722772278,0.1515800475462445
-701.7029702970297,0.15019092922056093
-701.6831683168317,0.14866041568543234
-701.6633663366337,0.1469902214852262
-701.6435643564356,0.14518222833352665
-701.6237623762377,0.1432384863241309
-701.6039603960396,0.14116121552019884
-701.5841584158417,0.1389528080176018
-701.5643564356435,0.13661583060043417
-701.5445544554456,0.13415302813409408
-701.5247524752475,0.13156732787616862
-701.5049504950495,0.12886184492898556
-701.4851485148515,0.12603988911399405
-701.4653465346535,0.123104973619976
-701.4455445544555,0.12006082587022464
-701.4257425742574,0.11691140117492684
-701.4059405940594,0.11366089989388266
-701.3861386138615,0.11031378904411708
-701.3663366336633,0.10687482956567086
-701.3465346534654,0.10334911083170446
-701.3267326732673,0.09974209449212627
-701.3069306930694,0.09605967042314226
-701.2871287128712,0.09230822848963084
-701.2673267326733,0.08849475111387836
-701.2475247524753,0.08462693342622672
-701.2277227722772,0.0807133402514365
-701.2079207920792,0.07676361264192853
-701.1881188118812,0.07278874148594046
-701.1683168316832,0.06880143238971625
-701.1485148514852,0.06481659512906418
-701.1287128712871,0.06085200297116453
-701.1089108910892,0.05692918198293909
-701.089108910891,0.05307460607923047
-701.0693069306931,0.04932128305268963
-701.049504950495,0.045710801476434165
-701.0297029702971,0.042295824812117515
-701.009900990099,0.03914278003729805
-700.990099009901,0.03633395370459519
-700.970297029703,0.03396725942206316
-700.9504950495049,0.03215080084632136
-700.9306930693069,0.030989236801585905
-700.910891089109,0.03056215849933698
-700.8910891089109,0.030901797516353236
-700.8712871287129,0.03198253268418109
-700.8514851485148,0.03372931522892346
-700.8316831683169,0.036039237181001646
-700.8118811881187,0.03880376048275063
-700.7920792079208,0.041923401666153826
-700.7722772277228,0.045313993174321
-700.7524752475248,0.048907357277297274
-700.7326732673267,0.05264937153342297
-700.7128712871287,0.056497295984365856
-700.6930693069307,0.06041723756985922
-700.6732673267327,0.06438204850110947
-700.6534653465346,0.06836968995012467
-700.6336633663367,0.0723619962659264
-700.6138613861386,0.07634375449717844
-700.5940594059406,0.08030202186829367
-700.5742574257425,0.08422561926832778
-700.5544554455446,0.08810475387402679
-700.5346534653465,0.09193073638108383
-700.5148514851485,0.0956957677284552
-700.4950495049505,0.0993927771216226
-700.4752475247525,0.10301529816479955
-700.4554455445544,0.10655737350425054
-700.4356435643565,0.11001348096082111
-700.4158415841584,0.11337847598040286
-700.3960396039604,0.11664754656672215
-700.3762376237623,0.11981617783032897
-700.3564356435644,0.12288012399585266
-700.3366336633663,0.12583538623050372
-700.3168316831683,0.12867819504275438
-700.2970297029703,0.13140499628825347
-700.2772277227723,0.1340124400364925
-700.2574257425742,0.1364973717156284
-700.2376237623762,0.13885682507788508
-700.2178217821782,0.1410880166238929
-700.1980198019803,0.14318834119831597
-700.1782178217821,0.1451553685271197
-700.1584158415842,0.14698684051149677
-700.1386138613861,0.1486806691295601
-700.1188118811881,0.1502349348247487
-700.09900990099,0.1516478852827299
-700.0792079207921,0.15291793451637045
-700.0594059405942,0.1540436621933924
-700.039603960396,0.1550238131528872
-700.019801980198,0.1558572970671343
-700.0,0.15654318821289226
-699.980198019802,0.1570807253236207
-699.960396039604,0.1574693114996606
-699.940594059406,0.15770851415857207
-699.920792079208,0.15779806501233004
-699.9009900990098,0.1577378600619366
-699.8811881188119,0.15752795960396487
-699.8613861386139,0.15716858824693253
-699.8415841584158,0.15666013493889094
-699.8217821782179,0.15600315301117718
-699.8019801980198,0.1551983602469987
-699.7821782178219,0.15424663898739988
-699.7623762376237,0.15314903629156693
-699.7425742574258,0.15190676417341836
-699.7227722772278,0.15052119994206828
-699.7029702970297,0.14899388668051972
-699.6831683168317,0.1473265339047069
-699.6633663366337,0.14552101845479945
-699.6435643564357,0.14357938568201067
-699.6237623762376,0.14150385100844706
-699.6039603960396,0.13929680195502828
-699.5841584158417,0.136960800754087
-699.5643564356435,0.13449858769066894
-699.5445544554456,0.13191308535057808
-699.5247524752475,0.12920740399670252
-699.5049504950496,0.12638484835061725
-699.4851485148515,0.12344892612737246
-699.4653465346535,0.12040335876361864
-699.4455445544555,0.11725209489858236
-699.4257425742574,0.1139993273245109
-699.4059405940594,0.11064951432996417
-699.3861386138615,0.10720740663454317
-699.3663366336634,0.10367808148177654
-699.3465346534654,0.10006698595370157
-699.3267326732673,0.09637999224500479
-699.3069306930694,0.09262346855763887
-699.2871287128712,0.08880437054723117
-699.2673267326733,0.08493036001295413
-699.2475247524753,0.08100995997219675
-699.2277227722773,0.07705275867998207
-699.2079207920792,0.07306967992229324
-699.1881188118812,0.06907334352736369
-699.1683168316832,0.06507854908134618
-699.1485148514852,0.06110292782006364
-699.1287128712871,0.05716782257353469
-699.1089108910892,0.05329947165667649
-699.0891089108911,0.04953058314474436
-699.0693069306931,0.045902373121055134
-699.049504950495,0.04246706318510242
-699.0297029702971,0.03929060308938164
-699.009900990099,0.03645486352274036
-698.990099009901,0.03405760299295743
-698.970297029703,0.03220734359855272
-698.950495049505,0.03101005924242156
-698.9306930693069,0.030547609538039425
-698.910891089109,0.0308549602435989
-698.8910891089109,0.031908792692225366
-698.8712871287129,0.033635225476465136
-698.8514851485148,0.03593131913820733
-698.8316831683169,0.038687728960970225
-698.8118811881188,0.04180388264792904
-698.7920792079208,0.04519456274119531
-698.7722772277228,0.048790716002206184
-698.7524752475248,0.05253754141966037
-698.7326732673267,0.05639179194172485
-698.7128712871287,0.060319201395109046
-698.6930693069307,0.06429234824959976
-698.6732673267327,0.06828899182834708
-698.6534653465346,0.07229081612104327
-698.6336633663367,0.07628249463292873
-698.6138613861386,0.08025099745568187
-698.5940594059406,0.08418507740931652
-698.5742574257425,0.08807488747045396
-698.5544554455446,0.0919116943132264
-698.5346534653465,0.09568766239475165
-698.5148514851485,0.09939569007711266
-698.4950495049505,0.10302928437868575
-698.4752475247525,0.10658246460653435
-698.4554455445544,0.11004968774297753
-698.4356435643565,0.1134257903415379
-698.4158415841584,0.11670594304464664
-698.3960396039604,0.11988561482005933
-698.3762376237623,0.12296054473132596
-698.3564356435644,0.12592671958608917
-698.3366336633663,0.12878035619722317
-698.3168316831683,0.13151788728337882
-698.2970297029703,0.13413595025485028
-698.2772277227723,0.13663137829643252
-698.2574257425742,0.13900119328542462
-698.2376237623762,0.14124260017975182
-698.2178217821782,0.14335298258628368
-698.1980198019803,0.14532989927741732
-698.1782178217821,0.14717108146987803
-698.1584158415842,0.1488744307153473
-698.1386138613861,0.1504380172811735
-698.1188118811881,0.1518600789220007
-698.09900990099,0.1531390199615982
-698.0792079207921,0.15427341061875247
-698.0594059405942,0.15526198652324
-698.039603960396,0.1561036483778388
-698.019801980198,0.15679746173043607
-698.0,0.15734265682733797
-697.980198019802,0.15773862852469558
-697.960396039604,0.1579849362400425
-697.940594059406,0.15808130393045072
-697.920792079208,0.15802762008780732
-697.9009900990098,0.15782393774549655
-697.8811881188119,0.15747047449419882
-697.8613861386139,0.15696761250815716
-697.8415841584158,0.1563158985866333
-697.8217821782179,0.15551604421897278
-697.8019801980198,0.15456892568572084
-697.7821782178219,0.15347558421246038
-697.7623762376237,0.15223722619805014
-697.7425742574258,0.15085522354451533
-697.7227722772278,0.14933111412256284
-697.7029702970297,0.14766660241444035
-697.6831683168317,0.1458635603853961
-697.6633663366337,0.14392402864638007
-697.6435643564357,0.14185021798467654
-697.6237623762376,0.13964451135643696
-697.6039603960396,0.13730946645659498
-697.5841584158417,0.1348478190084371
-697.5643564356435,0.13226248694906234
-697.5445544554456,0.1295565757297409
-697.5247524752475,0.12673338500500592
-697.5049504950496,0.12379641705455195
-697.4851485148515,0.12074938737277738
-697.4653465346535,0.11759623797916965
-697.4455445544555,0.1143411541574144
-697.4257425742574,0.11098858553572158
-697.4059405940594,0.10754327269211901
-697.3861386138614,0.10401028083250555
-697.3663366336634,0.10039504257913881
-697.3465346534654,0.09670341257350877
-697.3267326732673,0.09294173750849918
-697.3069306930694,0.0891169464596869
-697.2871287128712,0.08523666812408708
-697.2673267326733,0.08130938399565328
-697.2475247524753,0.07734462988743764
-697.2277227722773,0.07335326293112869
-697.2079207920792,0.06934781774315416
-697.1881188118812,0.0653429844334026
-697.1683168316832,0.061356253093416746
-697.1485148514851,0.05740878438626405
-697.1287128712871,0.053526582236965506
-697.1089108910892,0.04974205618394807
-697.0891089108911,0.04609605052916295
-697.0693069306931,0.042640344275254934
-697.049504950495,0.03944040592552628
-697.0297029702971,0.03657768009069571
-697.009900990099,0.03414975068087076
-696.990099009901,0.03226552963113683
-696.970297029703,0.03103227774070019
-696.950495049505,0.030534115926487318
-696.9306930693069,0.030808775648188534
-696.9108910891089,0.03183530266213824
-696.8910891089109,0.03354104325311712
-696.8712871287129,0.03582305926405261
-696.8514851485148,0.03857120240774941
-696.8316831683169,0.04168379727930388
-696.8118811881188,0.04507455716672944
-696.7920792079208,0.04867353563834493
-696.7722772277228,0.052425239299298675
-696.7524752475248,0.05628590401199874
-696.7326732673267,0.060220883534739825
-696.7128712871287,0.0642024778369867
-696.6930693069307,0.06820824115184379
-696.6732673267327,0.07221970489444496
-696.6534653465346,0.07622142749872236
-696.6336633663367,0.08020029085556533
-696.6138613861386,0.08414497895624944
-696.5940594059406,0.08804559002540677
-696.5742574257425,0.09189334630467079
-696.5544554455446,0.095680375454617
-696.5346534653465,0.09939954474534952
-696.5148514851485,0.10304433440666357
-696.4950495049505,0.10660874023559908
-696.4752475247525,0.11008719822764171
-696.4554455445544,0.11347452591155684
-696.4356435643564,0.11676587644761247
-696.4158415841584,0.11995670254819424
-696.3960396039604,0.12304272800939664
-696.3762376237623,0.1260199251777327
-696.3564356435644,0.12888449707258715
-696.3366336633663,0.13163286318078565
-696.3168316831683,0.13426164816120367
-696.2970297029703,0.13676767286541505
-696.2772277227723,0.13914794720806842
-696.2574257425742,0.14139966451879604
-696.2376237623762,0.14352019708309657
-696.2178217821782,0.14550709263836803
-696.1980198019802,0.14735807163756492
-696.1782178217821,0.1490710251288371
-696.1584158415842,0.15064401312857403
-696.1386138613861,0.15207526338795205
-696.1188118811881,0.15336317047161696
-696.09900990099,0.15450629508193994
-696.0792079207921,0.15550336357455496
-696.0594059405942,0.15635326762058818
-696.039603960396,0.15705506397974708
-696.019801980198,0.1576079743547339
-696.0,0.1580113853040316
-695.980198019802,0.1582648481946976
-695.9603960396039,0.15836807918159124
-695.940594059406,0.15832095920332234
-695.920792079208,0.15812353398913973
-695.9009900990098,0.15777601407427277
-695.8811881188119,0.1572787748248896
-695.8613861386139,0.15663235647729548
-695.8415841584158,0.155837464199544
-695.8217821782179,0.15489496818777027
-695.8019801980198,0.15380590381357895
-695.7821782178219,0.15257147184395078
-695.7623762376237,0.1511930387606786
-695.7425742574258,0.1496721372127057
-695.7227722772277,0.14801046664284886
-695.7029702970297,0.14620989413947952
-695.6831683168317,0.1442724555751825
-695.6633663366337,0.14220035710823517
-695.6435643564357,0.13999597713991216
-695.6237623762376,0.1376618688417318
-695.6039603960396,0.13520076339354464
-695.5841584158417,0.13261557410654834
-695.5643564356435,0.1299094016479333
-695.5445544554456,0.12708554063785008
-695.5247524752475,0.12414748795875609
-695.5049504950496,0.12109895320701275
-695.4851485148514,0.1179438718333643
-695.4653465346535,0.1146864216717596
-695.4455445544555,0.11133104375785698
-695.4257425742574,0.10788246860675506
-695.4059405940594,0.10434574947834543
-695.3861386138614,0.10072630464278269
-695.3663366336634,0.09702997131600384
-695.3465346534654,0.09326307483489606
-695.3267326732673,0.08943251788050735
-695.3069306930694,0.08554589627513484
-695.2871287128712,0.08161165027121914
-695.2673267326733,0.0776392635924979
-695.2475247524752,0.07363952716062677
-695.2277227722773,0.06962489094158586
-695.2079207920792,0.0656099362762597
-695.1881188118812,0.06161201299165725
-695.1683168316832,0.057652100646094204
-695.1485148514851,0.05375596997849596
-695.1287128712871,0.04995573317135146
-695.1089108910892,0.04629186347029958
-695.0891089108911,0.04281569659519941
-695.0693069306931,0.03959221587440016
-695.049504950495,0.03670242976782182
-695.0297029702971,0.03424372818173858
-695.0099009900989,0.03232538406482961
-694.990099009901,0.03105591608347787
-694.970297029703,0.0305216980152959
-694.950495049505,0.030763257714812305
-694.9306930693069,0.03176206800767142
-694.9108910891089,0.033446765101197276
-694.8910891089109,0.03571444665248796
-694.8712871287129,0.03845416463900331
-694.8514851485148,0.04156312618507099
-694.8316831683169,0.044953955521788345
-694.8118811881188,0.048555794852663856
-694.7920792079208,0.05231244419330112
-694.7722772277227,0.056179612050958797
-694.7524752475248,0.06012226497682446
-694.7326732673267,0.06411241956413559
-694.7128712871287,0.06812742164142584
-694.6930693069307,0.07214864778851526
-694.6732673267327,0.07616053981210676
-694.6534653465346,0.08014989031690616
-694.6336633663367,0.08410531369512295
-694.6138613861386,0.0880168528609696
-694.5940594059406,0.09187568520861264
-694.5742574257425,0.09567390128479535
-694.5544554455446,0.09940433701744986
-694.5346534653465,0.10306044564389709
-694.5148514851485,0.10663619927957142
-694.4950495049505,0.11012601278407418
-694.4752475247525,0.11352468452847679
-694.4554455445544,0.1168273500693371
-694.4356435643564,0.12002944575052348
-694.4158415841584,0.12312667999368954
-694.3960396039605,0.1261150105818633
-694.3762376237623,0.12899062664234623
-694.3564356435644,0.13174993433452617
-694.3366336633663,0.13438954547282667
-694.3168316831683,0.1369062684848488
-694.2970297029702,0.13929710123401431
-694.2772277227723,0.14155922533513943
-694.2574257425744,0.14369000166787677
-694.2376237623762,0.14568696685223703
-694.2178217821782,0.14754783049711295
-694.1980198019802,0.14927047306905533
-694.1782178217821,0.15085294425770254
-694.1584158415842,0.15229346173733657
-694.1386138613861,0.15359041024248662
-694.1188118811882,0.15474234089069838
-694.09900990099,0.1557479706976239
-694.0792079207921,0.1566061822397352
-694.059405940594,0.15731602342827702
-694.039603960396,0.15787670736500872
-694.019801980198,0.15828761225639867
-694.0,0.158548281367715
-693.9801980198021,0.15865842300341979
-693.9603960396039,0.1586179105038695
-693.940594059406,0.15842678225248458
-693.920792079208,0.15808524169062263
-693.9009900990098,0.1575936573413778
-693.8811881188119,0.15695256284649217
-693.8613861386139,0.1561626570246522
-693.8415841584159,0.15522480396297794
-693.8217821782177,0.1541400331580999
-693.8019801980198,0.1529095397277808
-693.7821782178219,0.15153468471982562
-693.7623762376237,0.15001699555143969
-693.7425742574258,0.14835816661975734
-693.7227722772277,0.14656006013385983
-693.7029702970298,0.14462470722945162
-693.6831683168317,0.14255430944124317
-693.6633663366337,0.14035124062511523
-693.6435643564357,0.13801804944287166
-693.6237623762376,0.13555746254891526
-693.6039603960396,0.13297238865108293
-693.5841584158416,0.1302659236598105
-693.5643564356436,0.1274413571932452
-693.5445544554456,0.12450218077452926
-693.5247524752475,0.12145209814600949
-693.5049504950496,0.11829503824049503
-693.4851485148514,0.11503517150074846
-693.4653465346535,0.11167693043753431
-693.4455445544555,0.10822503558134848
-693.4257425742575,0.10468452833736899
-693.4059405940594,0.10106081273085069
-693.3861386138614,0.09735970867931046
-693.3663366336634,0.09358752031587955
-693.3465346534653,0.08975112411152603
-693.3267326732673,0.08585808323987554
-693.3069306930694,0.08191679699175651
-693.2871287128713,0.07793669735160183
-693.2673267326733,0.07392850947175884
-693.2475247524752,0.06990459922449345
-693.2277227722773,0.06587943988314057
-693.2079207920792,0.061870241882951135
-693.1881188118812,0.05789780473231913
-693.1683168316832,0.05398766718230399
-693.1485148514852,0.05017164524143401
-693.1287128712871,0.04648984184145674
-693.1089108910891,0.04299314878320462
-693.0891089108911,0.03974606039414987
-693.0693069306931,0.036829139056253166
-693.049504950495,0.034339561365327315
-693.0297029702971,0.032386932256306206
-693.009900990099,0.03108099839037625
-692.990099009901,0.030510376585017113
-692.970297029703,0.03071842088644072
-692.950495049505,0.03168909451848006
-692.9306930693069,0.03335238778008999
-692.9108910891089,0.03560547045113674
-692.8910891089109,0.038336599406071974
-692.8712871287129,0.04144184986412526
-692.8514851485148,0.04483273673690745
-692.8316831683169,0.04843747218877295
-692.8118811881188,0.05219913503472409
-692.7920792079208,0.0560728958714942
-692.7722772277227,0.06002332671581686
-692.7524752475248,0.06402215578871664
-692.7326732673268,0.068046517124707
-692.7128712871287,0.07207763016131669
-692.6930693069307,0.07609981849366199
-692.6732673267327,0.08009978433755961
-692.6534653465346,0.08406607170521702
-692.6336633663366,0.08798866763555227
-692.6138613861386,0.09185870425632589
-692.5940594059407,0.09566823468080093
-692.5742574257425,0.09941006324298562
-692.5544554455446,0.10307761598286021
-692.5346534653465,0.10666484116186505
-692.5148514851485,0.11016613235416044
-692.4950495049505,0.1135762686395456
-692.4752475247525,0.11689036784884081
-692.4554455445545,0.12010384984362084
-692.4356435643564,0.12321240756347175
-692.4158415841584,0.12621198412496698
-692.3960396039604,0.1290987546639658
-692.3762376237623,0.13186911191604284
-692.3564356435644,0.1345196547573228
-692.3366336633663,0.13704717909984546
-692.3168316831684,0.13944867066631086
-692.2970297029702,0.1417212992692939
-692.2772277227723,0.143862414297198
-692.2574257425744,0.14586954116929718
-692.2376237623762,0.14774037856919303
-692.2178217821782,0.14947279630279217
-692.1980198019802,0.15106483365622095
-692.1782178217823,0.15251469815242752
-692.1584158415841,0.15382076462389266
-692.1386138613861,0.1549815745339363
-692.1188118811882,0.15599583549149312
-692.09900990099,0.1568624209143502
-692.0792079207921,0.15758036980411932
-692.059405940594,0.15814888660339274
-692.0396039603961,0.15856734111132573
-692.019801980198,0.15883526843923795
-692.0,0.15895236899215304
-691.9801980198021,0.15891850846639383
-691.9603960396039,0.15873371785699517
-691.940594059406,0.1583981934723001
-691.9207920792079,0.1579122969565447
-691.90099009901,0.15727655532461823
-691.8811881188119,0.15649166101702913
-691.8613861386139,0.15555847198666986
-691.8415841584159,0.15447801183355814
-691.8217821782177,0.15325147000825004
-691.8019801980198,0.15188020211030703
-691.7821782178219,0.15036573031464334
-691.7623762376238,0.1487097439660074
-691.7425742574258,0.1469141003913202
-691.7227722772277,0.1449808259904239
-691.7029702970298,0.1429121176795191
-691.6831683168316,0.14071034477823344
-691.6633663366337,0.13837805145198584
-691.6435643564357,0.13591795984746877
-691.6237623762377,0.1333329740913975
-691.6039603960396,0.13062618536449827
-691.5841584158416,0.12780087831510542
-691.5643564356436,0.12486053914478004
-691.5445544554456,0.12180886578562074
-691.5247524752475,0.11864978070313774
-691.5049504950496,0.11538744700729128
-691.4851485148515,0.11202628875131687
-691.4653465346535,0.10857101655919857
-691.4455445544554,0.10502666007235628
-691.4257425742575,0.1013986091779286
-691.4059405940594,0.09769266662152126
-691.3861386138614,0.09391511548399359
-691.3663366336634,0.09007280620961267
-691.3465346534654,0.08617326954785054
-691.3267326732673,0.08222486410588929
-691.3069306930694,0.0782369704761537
-691.2871287128713,0.07422024847877809
-691.2673267326733,0.07018698044435687
-691.2475247524752,0.06615153227400968
-691.2277227722773,0.06213097587684767
-691.2079207920792,0.05814593175836219
-691.1881188118812,0.05422170787365257
-691.1683168316832,0.05038982523905224
-691.1485148514852,0.046690017230254004
-691.1287128712871,0.04317273113956963
-691.1089108910891,0.03990196856378613
-691.0891089108911,0.03695783602194138
-691.0693069306931,0.03443727759295351
-691.049504950495,0.032450200972450154
-691.0297029702971,0.03110755010207188
-691.009900990099,0.0305001736112367
-690.990099009901,0.030674280580066996
-690.9702970297029,0.03161638861638737
-690.950495049505,0.03325790827040088
-690.9306930693069,0.03549611963578108
-690.9108910891089,0.03821848997072234
-690.8910891089109,0.04131994809623051
-690.8712871287129,0.044710878868603615
-690.8514851485148,0.04831854521602721
-690.8316831683169,0.0520852897192178
-690.8118811881188,0.05596573421043209
-690.7920792079208,0.059924048647421284
-690.7722772277227,0.06393166775759275
-690.7524752475248,0.0679655103136512
-690.7326732673267,0.07200663625538957
-690.7128712871287,0.07603924935217843
-690.6930693069307,0.08004996030992984
-690.6732673267327,0.08402724196870004
-690.6534653465346,0.0879610249203707
-690.6336633663366,0.091842395603112
-690.6138613861386,0.09566336937435879
-690.5940594059407,0.09941671872078059
-690.5742574257425,0.10309584227897203
-690.5544554455446,0.10669466428316587
-690.5346534653465,0.11020755687178359
-690.5148514851485,0.11362927969920926
-690.4950495049504,0.11695493274782334
-690.4752475247525,0.12017991928250917
-690.4554455445545,0.12329991665247056
-690.4356435643564,0.12631085320412616
-690.4158415841584,0.1292088899817813
-690.3960396039604,0.1319904061999783
-690.3762376237623,0.13465198770185371
-690.3564356435644,0.13719041779139982
-690.3366336633663,0.1396026699602119
-690.3168316831684,0.14188590213023655
-690.2970297029702,0.14403745211224311
-690.2772277227723,0.14605483404045988
-690.2574257425742,0.14793573559097087
-690.2376237623762,0.14967801582897955
-690.2178217821782,0.15127970355932924
-690.1980198019802,0.15273899607823815
-690.1782178217823,0.1540542582431881
-690.1584158415841,0.15522402179287262
-690.1386138613861,0.15624698486179764
-690.1188118811882,0.1571220116440824
-690.09900990099,0.15784813216960275
-690.0792079207921,0.15842454216254487
-690.059405940594,0.15885060295861225
-690.0396039603961,0.15912584146209427
-690.0198019801979,0.15924995012869386
-690.0,0.15922278696400868
-689.9801980198021,0.1590443755313761
-689.9603960396039,0.15871490496615326
-689.940594059406,0.15823472999718904
-689.9207920792079,0.15760437097947994
-689.90099009901,0.15682451394584798
-689.8811881188119,0.1558960106890654
-689.8613861386139,0.15481987889025972
-689.8415841584159,0.15359730231419083
-689.8217821782177,0.15222963109735257
-689.8019801980198,0.15071838216128763
-689.7821782178218,0.14906523979112143
-689.7623762376238,0.14727205642825847
-689.7425742574258,0.14534085373731312
-689.7227722772277,0.14327382402060393
-689.7029702970298,0.1410733320702758
-689.6831683168316,0.13874191756837806
-689.6633663366337,0.1362822981712723
-689.6435643564357,0.1336973734465619
-689.6237623762377,0.1309902298720652
-689.6039603960396,0.12816414715825084
-689.5841584158416,0.1252226062225927
-689.5643564356436,0.12216929923059411
-689.5445544554455,0.11900814223085941
-689.5247524752475,0.11574329105874098
-689.5049504950496,0.112379161377134
-689.4851485148515,0.10892045398132023
-689.4653465346535,0.10537218683962364
-689.4455445544554,0.10173973580744501
-689.4257425742575,0.09802888658447637
-689.4059405940594,0.09424590135004628
-689.3861386138614,0.09039760470413725
-689.3663366336634,0.08649149519524768
-689.3465346534654,0.0825358910230033
-689.3267326732673,0.07854012173264201
-689.3069306930694,0.07451478224585845
-689.2871287128713,0.070472071899221
-689.2673267326733,0.0664262499115519
-689.2475247524752,0.0623942505248079
-689.2277227722773,0.05839651628174964
-689.2079207920792,0.054458125528253395
-689.1881188118812,0.05061030547157569
-689.1683168316832,0.046892420706581825
-689.1485148514852,0.04335447347673677
-689.1287128712871,0.04005996901792441
-689.1089108910891,0.03708854834948847
-689.0891089108911,0.034536903938115385
-689.0693069306931,0.03251521683165789
-689.049504950495,0.031135596700865346
-689.0297029702971,0.03049111131541438
-689.009900990099,0.030630852596155375
-688.990099009901,0.03154395712048625
-688.9702970297029,0.03316332386639425
-688.950495049505,0.035386383389163424
-688.9306930693069,0.03809981972774697
-688.9108910891089,0.04119740076873111
-688.8910891089109,0.044588360095900725
-688.8712871287129,0.04819899166670181
-688.8514851485148,0.05197088635896841
-688.8316831683169,0.05585810607963855
-688.8118811881188,0.059824411001211907
-688.7920792079208,0.06384093710812307
-688.7722772277227,0.06788438436411433
-688.7524752475248,0.07193565080706452
-688.7326732673267,0.07597881873675202
-688.7128712871287,0.08000040621009917
-688.6930693069307,0.08398881409198643
-688.6732673267327,0.08793391594889315
-688.6534653465346,0.0918267521023217
-688.6336633663366,0.09565929982914087
-688.6138613861386,0.09942429951377015
-688.5940594059407,0.10311512218241395
-688.5742574257425,0.10672566786822492
-688.5544554455446,0.1102502871230156
-688.5346534653465,0.11368372004108343
-688.5148514851485,0.11702104863314629
-688.4950495049504,0.12025765945244783
-688.4752475247525,0.12338921414887707
-688.4554455445545,0.12641162619431562
-688.4356435643564,0.12932104244064685
-688.4158415841584,0.1321138284834615
-688.3960396039604,0.13478655703732945
-688.3762376237623,0.137335998704864
-688.3564356435644,0.13975911465525384
-688.3366336633663,0.1420530508305009
-688.3168316831684,0.1442151333764261
-688.2970297029702,0.14624286505689035
-688.2772277227723,0.14813392245725737
-688.2574257425742,0.14988615382099982
-688.2376237623762,0.15149757739288386
-688.2178217821782,0.15296638016600309
-688.1980198019802,0.15429091694886563
-688.1782178217823,0.1554697096841935
-688.1584158415841,0.15650144696333226
-688.1386138613861,0.15738498369079468
-688.1188118811882,0.15811934086162777
-688.09900990099,0.15870370542150106
-688.0792079207921,0.15913743018556353
-688.059405940594,0.15942003379708874
-688.0396039603961,0.15955120071167087
-688.0198019801979,0.1595307811967211
-688.0,0.15935879133968173
-687.9801980198021,0.1590354130621679
-687.9603960396039,0.1585609941403208
-687.940594059406,0.15793604823548868
-687.9207920792079,0.1571612549426016
-687.90099009901,0.15623745986769721
-687.8811881188119,0.15516567475012433
-687.8613861386139,0.15394707764966759
-687.8415841584159,0.15258301322429438
-687.8217821782177,0.15107499313059178
-687.8019801980198,0.1494246965863057
-687.7821782178218,0.1476339711435208
-687.7623762376238,0.14570483373177687
-687.7425742574258,0.14363947204377284
-687.7227722772277,0.1414402463525445
-687.7029702970298,0.1391096918694784
-687.6831683168316,0.136650521777683
-687.6633663366337,0.13406563110735623
-687.6435643564357,0.13135810165997996
-687.6237623762377,0.1285312082398998
-687.6039603960396,0.1255884265178029
-687.5841584158416,0.12253344293599674
-687.5643564356436,0.11937016717646244
-687.5445544554455,0.11610274785790373
-687.5247524752475,0.11273559231988656
-687.5049504950496,0.10927339160656166
-687.4851485148515,0.10572115210351234
-687.4653465346535,0.10208423574042501
-687.4455445544554,0.0983684112965141
-687.4257425742575,0.09457992019963948
-687.4059405940594,0.09072556138690065
-687.3861386138614,0.08681280142771788
-687.3663366336634,0.08284991838841117
-687.3465346534654,0.07884619110936217
-687.3267326732673,0.07481215004430507
-687.3069306930693,0.07075991207909481
-687.2871287128713,0.06670363043463609
-687.2673267326733,0.0626601025381592
-687.2475247524752,0.058649594002908326
-687.2277227722773,0.05469695474696685
-687.2079207920792,0.05083311935257237
-687.1881188118812,0.0470970844254962
-687.1683168316832,0.04353840666803332
-687.1485148514852,0.04022009142307303
-687.1287128712871,0.037221304721481524
-687.1089108910891,0.034638468437719866
-687.0891089108911,0.03258200739072146
-687.0693069306931,0.031165164596747348
-687.049504950495,0.030483212820707033
-687.0297029702971,0.03058815352759739
-687.009900990099,0.031471807407627464
-686.990099009901,0.033068632101570766
-686.9702970297029,0.03527625081853868
-686.950495049505,0.03798057174726958
-686.930693069307,0.04107418727638007
-686.9108910891089,0.044465158005793315
-686.8910891089109,0.048078788630403116
-686.8712871287129,0.05185590240426393
-686.8514851485148,0.055749989829147674
-686.8316831683168,0.059724393356353135
-686.8118811881188,0.0637499448453869
-686.7920792079209,0.06780312182161773
-686.7722772277227,0.07186465796643034
-686.7524752475248,0.07591851243542214
-686.7326732673267,0.07995110947890521
-686.7128712871287,0.08395077717223086
-686.6930693069307,0.08790733147143803
-686.6732673267327,0.09181176615011749
-686.6534653465347,0.09565602007742843
-686.6336633663366,0.09943280127909918
-686.6138613861386,0.10313545296296199
-686.5940594059406,0.10675785078648573
-686.5742574257425,0.11029432356345449
-686.5544554455446,0.11373959169285405
-686.5346534653465,0.11708871909000443
-686.5148514851486,0.1203370754809357
-686.4950495049504,0.12348030670669038
-686.4752475247525,0.12651431125953
-686.4554455445545,0.1294352216973592
-686.4356435643564,0.13223938989798809
-686.4158415841584,0.13492337535108065
-686.3960396039604,0.13748393586364657
-686.3762376237624,0.13991802019024083
-686.3564356435643,0.14222276220265195
-686.3366336633663,0.14439547629345686
-686.3168316831684,0.1464336537698573
-686.2970297029702,0.1483349600422786
-686.2772277227723,0.150097232450404
-686.2574257425742,0.1517184785991299
-686.2376237623763,0.15319687510100072
-686.2178217821782,0.15453076664060356
-686.1980198019802,0.15571866529226883
-686.1782178217823,0.156759250034498
-686.1584158415841,0.157651366415271
-686.1386138613861,0.1583940263307283
-686.1188118811881,0.15898640788696503
-686.0990099009902,0.1594278553205261
-686.0792079207921,0.15971787895879183
-686.059405940594,0.1598561552056159
-686.0396039603961,0.15984252654180106
-686.0198019801979,0.15967700153393563
-686.0,0.1593597548482946
-685.9801980198021,0.15889112727027652
-685.960396039604,0.15827162573300596
-685.940594059406,0.1575019233626275
-685.9207920792079,0.1565828595511802
-685.90099009901,0.1555154400726885
-685.8811881188118,0.15430083726212077
-685.8613861386139,0.15294039028297726
-685.8415841584159,0.15143560551470517
-685.8217821782179,0.14978815709944976
-685.8019801980198,0.14799988769567496
-685.7821782178218,0.1460728094976268
-685.7623762376238,0.1440091055921994
-685.7425742574258,0.1418111317414034
-685.7227722772277,0.1394814186982911
-685.7029702970298,0.13702267518957476
-685.6831683168317,0.1344377917295031
-685.6633663366337,0.1317298454695565
-685.6435643564356,0.12890210633951374
-685.6237623762377,0.12595804480043699
-685.6039603960396,0.12290134161472978
-685.5841584158416,0.11973590014786074
-685.5643564356436,0.11646586185979836
-685.5445544554456,0.11309562583361747
-685.5247524752475,0.10962987343979909
-685.5049504950496,0.10607359957136972
-685.4851485148515,0.10243215233803164
-685.4653465346535,0.09871128372367208
-685.4455445544554,0.0949172145541855
-685.4257425742575,0.09105671828451767
-685.4059405940594,0.08713722972579938
-685.3861386138614,0.08316698708385606
-685.3663366336634,0.07915521883453012
-685.3465346534654,0.07511239139131211
-685.3267326732673,0.07105053972896873
-685.3069306930693,0.0669837117502329
-685.2871287128713,0.06292856891455434
-685.2673267326734,0.058905200933238505
-685.2475247524752,0.05493823047420382
-685.2277227722773,0.05105830068159037
-685.2079207920792,0.04730404098249069
-685.1881188118812,0.04372456209591487
-685.1683168316831,0.04038236604043119
-685.1485148514852,0.037356134521620794
-685.1287128712872,0.03474199996432836
-685.1089108910891,0.03265060121535696
-685.0891089108911,0.031196281420600224
-685.0693069306931,0.030476502680329746
-685.049504950495,0.030546201515751305
-685.0297029702971,0.031399948367634996
-685.009900990099,0.03297383186329893
-684.9900990099011,0.03516571219072269
-684.9702970297029,0.03786073009927237
-684.950495049505,0.04095028791211299
-684.9306930693069,0.044341251033715647
-684.9108910891089,0.047957914031798055
-684.8910891089109,0.05174031614965264
-684.8712871287129,0.05564136467528087
-684.8514851485149,0.05962397618713334
-684.8316831683168,0.06365867290171104
-684.8118811881188,0.06772170619246978
-684.7920792079209,0.07179364287829627
-684.7722772277227,0.07585831726487283
-684.7524752475248,0.07990205861934975
-684.7326732673267,0.0839131214019839
-684.7128712871288,0.08788126336647124
-684.6930693069306,0.09179743130326551
-684.6732673267327,0.09565352534418213
-684.6534653465347,0.09944222089834664
-684.6336633663366,0.10315683314625528
-684.6138613861386,0.10679121319439577
-684.5940594059406,0.11033966796653769
-684.5742574257426,0.11379689803061438
-684.5544554455446,0.11715794908223855
-684.5346534653465,0.12041817390409637
-684.5148514851486,0.12357320241816246
-684.4950495049504,0.12661891803132386
-684.4752475247525,0.12955143890514412
-684.4554455445544,0.13236710310006955
-684.4356435643565,0.13506245678361864
-684.4158415841584,0.1376342448720382
-684.3960396039604,0.14007940361209592
-684.3762376237624,0.14239505471411926
-684.3564356435643,0.1445785007281484
-684.3366336633663,0.14662722141739787
-684.3168316831684,0.148538870932111
-684.2970297029703,0.15031127562508376
-684.2772277227723,0.15194243238051522
-684.2574257425742,0.15343050735187833
-684.2376237623763,0.15477383502387776
-684.2178217821781,0.1559709175290183
-684.1980198019802,0.15702042416220593
-684.1782178217823,0.1579211910469351
-684.1584158415842,0.15867222091542135
-684.1386138613861,0.15927268297205757
-684.1188118811881,0.1597219128158446
-684.0990099009902,0.160019412402434
-684.0792079207921,0.16016485003132114
-684.059405940594,0.16015806034747326
-684.0396039603961,0.15999904435072684
-684.019801980198,0.1596879694096363
-684.0,0.15922516927993655
-683.980198019802,0.15861114413126715
-683.960396039604,0.15784656058926685
-683.940594059406,0.15693225180404194
-683.9207920792079,0.1558692175600085
-683.90099009901,0.15465862444692566
-683.8811881188119,0.15330180611714112
-683.8613861386139,0.1518002636602754
-683.8415841584159,0.1501556661340672
-683.8217821782179,0.14836985129859356
-683.8019801980198,0.1464448266120295
-683.7821782178218,0.14438277055890383
-683.7623762376238,0.14218603439781993
-683.7425742574258,0.1398571444354775
-683.7227722772277,0.13739880495865064
-683.7029702970298,0.13481390198676413
-683.6831683168317,0.132105508047378
-683.6633663366337,0.1292768882269239
-683.6435643564356,0.12633150781372968
-683.6237623762377,0.12327304193331717
-683.6039603960396,0.12010538768449075
-683.5841584158416,0.11683267942608123
-683.5643564356436,0.11345930805120315
-683.5445544554456,0.10998994533376723
-683.5247524752475,0.10642957476395977
-683.5049504950495,0.1027835307366952
-683.4851485148515,0.09905754856490438
-683.4653465346535,0.09525782862113366
-683.4455445544554,0.09139111905760629
-683.4257425742575,0.0874648231463228
-683.4059405940594,0.08348713950323366
-683.3861386138614,0.0794672465770237
-683.3663366336634,0.07541554716479387
-683.3465346534654,0.07134399486496956
-683.3267326732673,0.06726653293558105
-683.3069306930693,0.06319968770778636
-683.2871287128713,0.05916337401050122
-683.2673267326733,0.055181988432496006
-683.2475247524752,0.05128588386590209
-683.2277227722773,0.0475133233839861
-683.2079207920792,0.043912971325848954
-683.1881188118812,0.040546823051079484
-683.1683168316831,0.037493066754394705
-683.1485148514852,0.03484752668477651
-683.1287128712872,0.03272102583417821
-683.1089108910891,0.031228973457896134
-683.0891089108911,0.030471003816916684
-683.0693069306931,0.03050501276409126
-683.049504950495,0.031328386586865216
-683.029702970297,0.03287891934826277
-683.009900990099,0.035054754751957594
-682.9900990099011,0.03774027561121524
-682.9702970297029,0.040825679614523026
-682.950495049505,0.04421661423403628
-682.9306930693069,0.04783634244365162
-682.9108910891089,0.051624102599463165
-682.8910891089109,0.055532206622673795
-682.8712871287129,0.05952313684206175
-682.8514851485149,0.06356710017145867
-682.8316831683168,0.06764011803175705
-682.8118811881188,0.071722587820501
-682.7920792079208,0.0757982172558439
-682.7722772277227,0.079853239426284
-682.7524752475248,0.08387583434010545
-682.7326732673267,0.08785570095017799
-682.7128712871288,0.091783738624794
-682.6930693069306,0.09565180842658867
-682.6732673267327,0.09945255288891604
-682.6534653465347,0.10317925895523831
-682.6336633663366,0.10682575300528734
-682.6138613861386,0.11038631992042698
-682.5940594059406,0.11385564030143028
-682.5742574257426,0.11722874149947538
-682.5544554455445,0.12050095923730955
-682.5346534653465,0.12366790740711857
-682.5148514851486,0.12672545422400425
-682.4950495049504,0.12966970335014255
-682.4752475247525,0.13249697892831247
-682.4554455445544,0.13520381370581708
-682.4356435643565,0.13778693961215657
-682.4158415841584,0.14024328029220787
-682.3960396039604,0.1425699452026942
-682.3762376237624,0.14476422496081864
-682.3564356435643,0.1468235876975366
-682.3366336633663,0.14874567621661644
-682.3168316831683,0.15052830579985932
-682.2970297029703,0.15216946252888655
-682.2772277227723,0.15366730201863332
-682.2574257425742,0.15502014847682122
-682.2376237623763,0.15622649401971817
-682.2178217821781,0.15728499818685837
-682.1980198019802,0.15819448760832275
-682.1782178217823,0.15895395578632093
-682.1584158415842,0.15956256296054402
-682.1386138613861,0.1600196360324569
-682.1188118811881,0.1603246685292409
-682.0990099009902,0.16047732059254186
-682.079207920792,0.16047741898133197
-682.059405940594,0.16032495708199737
-682.0396039603961,0.160020094922098
-682.019801980198,0.15956315918803957
-682.0,0.15895464324989206
-681.980198019802,0.1581952072004105
-681.960396039604,0.15728567791906167
-681.940594059406,0.1562270491757711
-681.9207920792079,0.15502048179398645
-681.90099009901,0.15366730389771727
-681.8811881188119,0.15216901127348167
-681.8613861386139,0.15052726788528975
-681.8415841584158,0.14874390658955852
-681.8217821782179,0.14682093010724717
-681.8019801980198,0.14476051232350737
-681.7821782178218,0.1425650000008015
-681.7623762376238,0.14023691501114843
-681.7425742574258,0.13777895721754857
-681.7227722772277,0.13519400816550828
-681.7029702970298,0.13248513578446483
-681.6831683168317,0.12965560034861254
-681.6633663366337,0.1267088620102449
-681.6435643564356,0.12364859030089723
-681.6237623762377,0.12047867610244542
-681.6039603960396,0.117203246730068
-681.5841584158416,0.11382668495337162
-681.5643564356436,0.11035365302662876
-681.5445544554456,0.10678912312675831
-681.5247524752475,0.10313841603884226
-681.5049504950495,0.09940725052893289
-681.4851485148515,0.09560180666434044
-681.4653465346535,0.09172880747329198
-681.4455445544554,0.08779562490686864
-681.4257425742575,0.08381041826031894
-681.4059405940594,0.07978231629062063
-681.3861386138614,0.0757216585996966
-681.3663366336633,0.0716403179407546
-681.3465346534654,0.06755213359614852
-681.3267326732673,0.0634734976028596
-681.3069306930693,0.05942415092143993
-681.2871287128713,0.055428265228742085
-681.2673267326733,0.051515904353593225
-681.2475247524752,0.04772496585812718
-681.2277227722773,0.04410366735374782
-681.2079207920792,0.04071349430562069
-681.1881188118812,0.03763213236520878
-681.1683168316831,0.03495507901230952
-681.1485148514852,0.032793311362459915
-681.1287128712871,0.031263269942093906
-681.1089108910891,0.030466742425561685
-681.0891089108911,0.03046460693070245
-681.0693069306931,0.031257132070586745
-681.049504950495,0.03278389395327741
-681.029702970297,0.03494336865582703
-681.009900990099,0.0376191917431988
-680.9900990099011,0.04070034173670879
-680.9702970297029,0.044091224914759725
-680.950495049505,0.047714050575875314
-680.9306930693069,0.051507238809482776
-680.9108910891089,0.05542249366242074
-680.8910891089108,0.059421854605034505
-680.8712871287129,0.06347520744299165
-680.8514851485149,0.06755833975430656
-680.8316831683168,0.07165147690179076
-680.8118811881188,0.07573819824556946
-680.7920792079208,0.07980463948025156
-680.7722772277227,0.08383890531348114
-680.7524752475248,0.08783063529186742
-680.7326732673267,0.09177068091830239
-680.7128712871288,0.09565086385204584
-680.6930693069306,0.09946379348998673
-680.6732673267327,0.10320272832793784
-680.6534653465346,0.10686146984241929
-680.6336633663366,0.11043428071947518
-680.6138613861386,0.11391582145606852
-680.5940594059406,0.11730110093373106
-680.5742574257426,0.12058543769806973
-680.5544554455445,0.123764429500077
-680.5346534653465,0.1268339292559985
-680.5148514851486,0.1297900260248151
-680.4950495049504,0.13262902993045225
-680.4752475247525,0.13534746020107336
-680.4554455445544,0.13794203568248262
-680.4356435643565,0.1404096673226697
-680.4158415841583,0.14274745223152638
-680.3960396039604,0.14495266900215234
-680.3762376237624,0.14702277404385392
-680.3564356435643,0.1489553987266441
-680.3366336633663,0.15074834717611962
-680.3168316831683,0.15239959458838068
-680.2970297029703,0.15390728595921407
-680.2772277227723,0.15526973514128994
-680.2574257425742,0.15648542415908065
-680.2376237623763,0.15755300272398196
-680.2178217821781,0.15847128790262158
-680.1980198019802,0.1592392639001589
-680.1782178217821,0.15985608192751602
-680.1584158415842,0.1603210601276932
-680.1386138613861,0.1606336835416716
-680.1188118811881,0.1607936040988256
-680.0990099009902,0.16080064062108182
-680.079207920792,0.16065477883372767
-680.059405940594,0.16035617137927377
-680.0396039603961,0.15990513783428456
-680.019801980198,0.15930216473237852
-680.0,0.15854790560029933
-679.980198019802,0.15764318101745117
-679.960396039604,0.1565889787137038
-679.9405940594058,0.15538645372446014
-679.9207920792079,0.15403692862757926
-679.90099009901,0.15254189389260794
-679.8811881188119,0.15090300838002485
-679.8613861386139,0.14912210003680723
-679.8415841584158,0.14720116684507226
-679.8217821782179,0.14514237809318364
-679.8019801980198,0.1429480760543756
-679.7821782178218,0.14062077817729426
-679.7623762376238,0.13816317991704266
-679.7425742574258,0.13557815836583673
-679.7227722772277,0.1328687768805837
-679.7029702970297,0.1300382909541177
-679.6831683168317,0.12709015563924808
-679.6633663366337,0.12402803491625022
-679.6435643564356,0.12085581349968325
-679.6237623762377,0.11757761171843424
-679.6039603960396,0.11419780428488752
-679.5841584158416,0.11072104401047966
-679.5643564356436,0.10715229184822149
-679.5445544554456,0.10349685507807445
-679.5247524752475,0.09976043604287602
-679.5049504950495,0.09594919465226422
-679.4851485148515,0.09206982898848455
-679.4653465346535,0.08812967989875235
-679.4455445544554,0.08413686762530746
-679.4257425742575,0.08010047156675214
-679.4059405940594,0.07603076854818372
-679.3861386138614,0.07193955100499949
-679.3663366336633,0.06784055490799933
-679.3465346534654,0.0637500388283656
-679.3267326732674,0.0596875708661967
-679.3069306930693,0.05567709894914221
-679.2871287128713,0.05174839903268774
-679.2673267326733,0.047939004026749894
-679.2475247524752,0.044296684513558816
-679.2277227722773,0.04088241292491091
-679.2079207920792,0.03777336348806974
-679.1881188118813,0.03506468845634899
-679.1683168316831,0.03286748891955892
-679.1485148514852,0.03129920102854885
-679.1287128712871,0.03046374552789009
-679.1089108910891,0.03042500432060853
-679.0891089108911,0.03118619515274092
-679.0693069306931,0.03268875498649196
-679.0495049504951,0.03483154355312786
-679.029702970297,0.03749746111963964
-679.009900990099,0.04057425256564774
-678.9900990099011,0.04396505917496149
-678.9702970297029,0.047591013849103275
-678.950495049505,0.05138970050647833
-678.9306930693069,0.05531220244185315
-678.910891089109,0.05932010741640028
-678.8910891089108,0.06338297417022949
-678.8712871287129,0.06747635245477307
-678.8514851485149,0.07158029292796257
-678.8316831683168,0.07567824478724333
-678.8118811881188,0.07975624509753218
-678.7920792079208,0.08380232240495505
-678.7722772277228,0.08780605623711138
-678.7524752475248,0.09175824978400908
-678.7326732673267,0.09565068496467771
-678.7128712871288,0.09947593777738863
-678.6930693069306,0.10322723805864265
-678.6732673267327,0.10689836220462544
-678.6534653465346,0.11048355055256863
-678.6336633663367,0.11397744335847254
-678.6138613861386,0.11737503090840372
-678.5940594059406,0.12067161445305709
-678.5742574257426,0.12386277549018607
-678.5544554455445,0.1269443515293473
-678.5346534653465,0.1299124169217381
-678.5148514851486,0.13276326767040347
-678.4950495049505,0.13549340938453416
-678.4752475247525,0.13809954772836944
-678.4554455445544,0.1405785808569626
-678.4356435643565,0.14292759343919212
-678.4158415841583,0.1451438519517133
-678.3960396039604,0.14722480099176138
-678.3762376237624,0.14916806040717215
-678.3564356435644,0.1509714230810803
-678.3366336633663,0.1526328532400126
-678.3168316831683,0.15415048517894245
-678.2970297029703,0.1555226223162702
-678.2772277227723,0.1567477365080947
-678.2574257425742,0.15782446756376473
-678.2376237623763,0.15875162291542805
-678.2178217821782,0.15952817740306066
-678.1980198019802,0.16015327314374023
-678.1782178217821,0.16062621946008485
-678.1584158415842,0.16094649284816775
-678.1386138613861,0.16111373696969222
-678.1188118811881,0.16112776265756196
-678.0990099009902,0.16098854792747586
-678.0792079207921,0.160696237991935
-678.059405940594,0.16025114527630707
-678.0396039603961,0.1596537494401222
-678.019801980198,0.15890469741016722
-678.0,0.15800480343569515
-677.980198019802,0.15695504918020348
-677.960396039604,0.1557565838686891
-677.940594059406,0.15441072451443733
-677.9207920792079,0.15291895625560703
-677.90099009901,0.15128293283873961
-677.8811881188119,0.14950447729513047
-677.8613861386139,0.14758558286597998
-677.8415841584158,0.14552841424504875
-677.8217821782179,0.14333530922284293
-677.8019801980199,0.14100878083562202
-677.7821782178218,0.13855152014618954
-677.7623762376238,0.1359663998138058
-677.7425742574258,0.1332564786482422
-677.7227722772277,0.13042500739163942
-677.7029702970297,0.12747543603371334
-677.6831683168317,0.12441142304607436
-677.6633663366338,0.12123684702544388
-677.6435643564356,0.11795582137166817
-677.6237623762377,0.11457271280609767
-677.6039603960396,0.1110921647740063
-677.5841584158416,0.10751912709372308
-677.5643564356436,0.10385889364452039
-677.5445544554456,0.1001171504694382
-677.5247524752476,0.09630003746755379
-677.5049504950495,0.0924142279524551
-677.4851485148515,0.08846703188366063
-677.4653465346535,0.08446653071677167
-677.4455445544554,0.080421754823541
-677.4257425742575,0.07634291866814852
-677.4059405940594,0.0722417348922576
-677.3861386138615,0.06813183681523143
-677.3663366336633,0.06402935036594604
-677.3465346534654,0.059953671787208784
-677.3267326732674,0.05592852641737288
-677.3069306930693,0.05198340353241597
-677.2871287128713,0.0481554722682436
-677.2673267326733,0.0444920559273473
-677.2475247524753,0.04105361087184997
-677.2277227722772,0.037916791185191236
-677.2079207920792,0.0351763855890401
-677.1881188118813,0.03294358889338458
-677.1683168316831,0.03133679643408595
-677.1485148514852,0.030462040055881514
-677.1287128712871,0.030386225455388837
-677.1089108910892,0.03111558655086503
-677.0891089108911,0.03259350216961468
-677.0693069306931,0.034719269484167446
-677.0495049504951,0.03737506675110496
-677.029702970297,0.040447390818206495
-677.009900990099,0.04383809362723865
-676.990099009901,0.04746720830418696
-676.970297029703,0.05127146415269861
-676.950495049505,0.05520131045851114
-676.9306930693069,0.05921787417617166
-676.910891089109,0.06329038086887069
-676.8910891089108,0.0673941383839143
-676.8712871287129,0.07150901994790104
-676.8514851485149,0.07561834275733018
-676.8316831683169,0.07970804399192588
-676.8118811881188,0.08376607516386879
-676.7920792079208,0.0877819551624078
-676.7722772277228,0.09174643841343137
-676.7524752475247,0.09565126675689263
-676.7326732673267,0.09948898252905217
-676.7128712871288,0.10325278669488465
-676.6930693069307,0.10693643039267285
-676.6732673267327,0.11053413145702215
-676.6534653465346,0.11404050976546981
-676.6336633663367,0.117450536882448
-676.6138613861386,0.1207594966454669
-676.5940594059406,0.12396295418645291
-676.5742574257426,0.12705673149982594
-676.5544554455446,0.13003688812367142
-676.5346534653465,0.1328997058373414
-676.5148514851485,0.13564167653037112
-676.4950495049505,0.13825949258665038
-676.4752475247525,0.1407500392713097
-676.4554455445544,0.14311038871702325
-676.4356435643565,0.1453377951906047
-676.4158415841584,0.14742969138577589
-676.3960396039604,0.14938368553871323
-676.3762376237624,0.151197559202709
-676.3564356435644,0.1528692655496083
-676.3366336633663,0.15439692809077546
-676.3168316831683,0.15577883973005843
-676.2970297029703,0.15701346207749417
-676.2772277227723,0.15809942496541246
-676.2574257425742,0.1590355261193634
-676.2376237623763,0.15982073094497704
-676.2178217821782,0.16045417239937795
-676.1980198019802,0.16093515092185467
-676.1782178217821,0.16126313440385676
-676.1584158415842,0.16143775818309805
-676.1386138613861,0.16145882505051898
-676.1188118811881,0.16132630526282177
-676.0990099009902,0.16104033655664404
-676.0792079207921,0.16060122416399703
-676.059405940594,0.16000944083183918
-676.039603960396,0.15926562685229587
-676.019801980198,0.15837059011357774
-676.0,0.15732530618586635
-675.980198019802,0.15613091846066945
-675.960396039604,0.154788738367642
-675.940594059406,0.1533002456985198
-675.9207920792079,0.15166708907500878
-675.90099009901,0.14989108660594355
-675.8811881188119,0.14797422678902206
-675.8613861386139,0.14591866972514253
-675.8415841584158,0.14372674872822666
-675.8217821782179,0.14140097243273908
-675.8019801980198,0.1389440275244407
-675.7821782178218,0.13635878224970907
-675.7623762376238,0.13364829089627467
-675.7425742574258,0.1308157994860463
-675.7227722772277,0.1278647529818052
-675.7029702970297,0.12479880438893058
-675.6831683168317,0.12162182623557985
-675.6633663366338,0.11833792504965106
-675.6435643564356,0.11495145962746109
-675.6237623762377,0.11146706412458848
-675.6039603960396,0.10788967731359926
-675.5841584158416,0.10422457977726582
-675.5643564356435,0.10047744138170975
-675.5445544554456,0.09665438216196512
-675.5247524752476,0.09276205083946529
-675.5049504950495,0.08880772670102166
-675.4851485148515,0.08479945268036736
-675.4653465346535,0.08074621045175731
-675.4455445544554,0.07665815253142619
-675.4257425742575,0.07254691228769687
-675.4059405940594,0.06842602104369239
-675.3861386138615,0.06431147290391656
-675.3663366336633,0.060222493251156084
-675.3465346534654,0.05618258599023617
-675.3267326732673,0.052220954913280826
-675.3069306930693,0.048374406277525
-675.2871287128713,0.044689815902867455
-675.2673267326733,0.04122712114517572
-675.2475247524753,0.038062447384516716
-675.2277227722772,0.03529020166304392
-675.2079207920792,0.03302164216832304
-675.1881188118813,0.031376086208432845
-675.1683168316831,0.03046165312029246
-675.1485148514852,0.030348290825220295
-675.1287128712871,0.031045316624335816
-675.1089108910892,0.0324981344551238
-675.089108910891,0.034606535326296345
-675.0693069306931,0.03725199018829119
-675.0495049504951,0.04031973357052922
-675.029702970297,0.04371030315921578
-675.009900990099,0.047342608239872845
-674.990099009901,0.051152504493191406
-674.970297029703,0.05508979354226108
-674.950495049505,0.05911513217989438
-674.9306930693069,0.06319740652059938
-674.910891089109,0.06731167833249592
-674.8910891089108,0.07143764062591111
-674.8712871287129,0.07555847672350191
-674.8514851485148,0.07966002264392352
-674.8316831683169,0.08373015198120619
-674.8118811881188,0.08775832236017422
-674.7920792079208,0.09173523898759765
-674.7722772277228,0.0956526032834329
-674.7524752475247,0.09950292365752243
-674.7326732673267,0.10327937199042966
-674.7128712871288,0.10697567398464139
-674.6930693069307,0.11058602481804229
-674.6732673267327,0.11410502385191378
-674.6534653465346,0.1175276238025062
-674.6336633663367,0.12084909097545309
-674.6138613861385,0.12406497402373408
-674.5940594059406,0.1271710793175335
-674.5742574257426,0.13016345147581082
-674.5544554455446,0.13303835795065114
-674.5346534653465,0.13579227681037465
-674.5148514851485,0.1384218870588305
-674.4950495049505,0.14092406097327423
-674.4752475247525,0.14329585805398187
-674.4554455445544,0.14553452026351307
-674.4356435643565,0.1476374682995434
-674.4158415841584,0.14960229869602526
-674.3960396039604,0.15142678158795347
-674.3762376237623,0.15310885900624632
-674.3564356435644,0.15464664359478042
-674.3366336633663,0.15603841766144105
-674.3168316831683,0.15728263249139568
-674.2970297029703,0.1583779078639248
-674.2772277227723,0.15932303172476414
-674.2574257425742,0.16011695997495756
-674.2376237623763,0.16075881634451733
-674.2178217821782,0.16124789232542316
-674.1980198019802,0.1615836471438158
-674.1782178217821,0.1617657077560644
-674.1584158415842,0.16179386885728972
-674.1386138613861,0.16166809289483844
-674.1188118811881,0.16138851008277566
-674.0990099009902,0.16095541841668196
-674.0792079207921,0.16036928369166012
-674.059405940594,0.15963073952966791
-674.039603960396,0.15874058742627803
-674.019801980198,0.1576997968305965
-674.0,0.1565095052769539
-673.980198019802,0.1551710185916645
-673.960396039604,0.153685811204404
-673.940594059406,0.15205552660056484
-673.9207920792079,0.15028197795918774
-673.9009900990098,0.1483671490314819
-673.8811881188119,0.14631319532674625
-673.8613861386139,0.14412244568803495
-673.8415841584158,0.141797404358284
-673.8217821782179,0.13934075366112855
-673.8019801980198,0.1367553574498442
-673.7821782178218,0.13404426551499518
-673.7623762376238,0.13121071918845065
-673.7425742574258,0.1282581584420726
-673.7227722772277,0.12519023085719397
-673.7029702970297,0.12201080294260316
-673.6831683168317,0.11872397441113935
-673.6633663366337,0.11533409619993268
-673.6435643564356,0.1118457932511417
-673.6237623762377,0.10826399338029584
-673.6039603960396,0.10459396397747851
-673.5841584158416,0.10084135885440157
-673.5643564356435,0.09701227832799397
-673.5445544554456,0.09311334670318533
-673.5247524752476,0.08915181280790342
-673.5049504950495,0.08513568131720005
-673.4851485148515,0.0810738855349991
-673.4653465346535,0.07697651643962634
-673.4455445544554,0.07285512864245088
-673.4257425742574,0.06872315212064653
-673.4059405940594,0.06459644996616401
-673.3861386138615,0.06049407769250211
-673.3663366336633,0.05643931892143758
-673.3465346534654,0.052461093157028536
-673.3267326732673,0.048595844687065924
-673.3069306930693,0.04489000168915674
-673.2871287128713,0.041402979669334775
-673.2673267326733,0.0382103668967917
-673.2475247524753,0.03540617073751607
-673.2277227722772,0.03310168232523992
-673.2079207920792,0.031417102954141886
-673.1881188118812,0.030462614178985686
-673.1683168316831,0.030311222925144675
-673.1485148514852,0.030975397202690293
-673.1287128712871,0.03240265159171706
-673.1089108910892,0.0344933300724978
-673.089108910891,0.0371282125163896
-673.0693069306931,0.040191256986458236
-673.0495049504951,0.04358166141995319
-673.029702970297,0.04721718648105757
-673.009900990099,0.05103279462752913
-672.990099009901,0.05497762574917856
-672.970297029703,0.05901185685061307
-672.9504950495049,0.06310402815651432
-672.9306930693069,0.06722895107737625
-672.910891089109,0.07136613556000643
-672.8910891089108,0.07549862914308877
-672.8712871287129,0.0796121653861818
-672.8514851485148,0.08369453906789336
-672.8316831683169,0.08773514591487924
-672.8118811881188,0.0917246414553598
-672.7920792079208,0.095654686345767
-672.7722772277228,0.09951775480357974
-672.7524752475247,0.10330698941116588
-672.7326732673267,0.10701609025664872
-672.7128712871287,0.11063922970657558
-672.6930693069307,0.11417098646768722
-672.6732673267327,0.11760629428096492
-672.6534653465346,0.12094040180089106
-672.6336633663367,0.12416884108769659
-672.6138613861385,0.1272874027775301
-672.5940594059406,0.1302921164633783
-672.5742574257426,0.13317923516559702
-672.5544554455446,0.13594522302880976
-672.5346534653465,0.13858674557612963
-672.5148514851485,0.14110066199797455
-672.4950495049505,0.14348401906493596
-672.4752475247524,0.1457340463398262
-672.4554455445544,0.14784815243060676
-672.4356435643565,0.14982392207731818
-672.4158415841584,0.15165911390703424
-672.3960396039604,0.15335165872235682
-672.3762376237623,0.15489965821463725
-672.3564356435644,0.1563013840132364
-672.3366336633663,0.15755527699853047
-672.3168316831683,0.15865994681953532
-672.2970297029703,0.15961417156784927
-672.2772277227723,0.1604168975685974
-672.2574257425742,0.16106723925644217
-672.2376237623762,0.16156447911098948
-672.2178217821782,0.1619080676313499
-672.1980198019802,0.16209762333420522
-672.1782178217821,0.1621329327639805
-672.1584158415842,0.16201395050739303
-672.1386138613861,0.16174079920826495
-672.1188118811881,0.16131376958182828
-672.0990099009902,0.16073332043114905
-672.0792079207921,0.16000007867173538
-672.059405940594,0.15911483937408322
-672.039603960396,0.1580785658378105
-672.019801980198,0.15689238971560418
-672.0,0.15555761121007466
-671.980198019802,0.15407569937261634
-671.960396039604,0.15244829254019257
-671.940594059406,0.15067719895426182
-671.9207920792079,0.14876439761595267
-671.9009900990098,0.14671203944383043
-671.8811881188119,0.14452244881536833
-671.861386138614,0.14219812559185382
-671.8415841584158,0.13974174774938516
-671.8217821782179,0.1371561747676099
-671.8019801980198,0.13444445196448945
-671.7821782178218,0.13160981601188457
-671.7623762376237,0.1286557019264778
-671.7425742574258,0.12558575190762444
-671.7227722772278,0.12240382649370218
-671.7029702970297,0.11911401863926856
-671.6831683168317,0.11572067148794644
-671.6633663366337,0.11222840084456508
-671.6435643564356,0.10864212365612945
-671.6237623762377,0.10496709422357477
-671.6039603960396,0.1012089504263443
-671.5841584158417,0.09737377300863244
-671.5643564356435,0.09346816203382864
-671.5445544554456,0.08949933608381892
-671.5247524752475,0.08547526183673344
-671.5049504950495,0.08140482455144248
-671.4851485148515,0.07729805407583078
-671.4653465346535,0.07316642677739425
-671.4455445544555,0.06902327193343283
-671.4257425742574,0.06488432243026555
-671.4059405940594,0.06076846489797489
-671.3861386138615,0.0566987638227135
-671.3663366336633,0.05270385561952727
-671.3465346534654,0.04881982353443143
-671.3267326732673,0.04509264799242999
-671.3069306930694,0.04158121990801652
-671.2871287128712,0.038360582197750494
-671.2673267326733,0.0355243247271011
-671.2475247524753,0.033183741085726366
-671.2277227722772,0.03145987781851437
-671.2079207920792,0.030464951731901457
-671.1881188118812,0.03027504377425089
-671.1683168316832,0.030905839981555158
-671.1485148514852,0.032307053374563605
-671.1287128712871,0.03437964286135234
-671.1089108910892,0.03700371506728052
-671.089108910891,0.04006193761182321
-671.0693069306931,0.04345214260424814
-671.049504950495,0.047090916573659714
-671.0297029702971,0.050912308548775424
-671.009900990099,0.054864782190241844
-670.990099009901,0.058908024813058624
-670.970297029703,0.06301022414086374
-670.9504950495049,0.06714593684559231
-670.9306930693069,0.07129448690244881
-670.910891089109,0.075438784120363
-670.8910891089109,0.07956445828119485
-670.8712871287129,0.08365922443916958
-670.8514851485148,0.08771241578258908
-670.8316831683169,0.09171463769821704
-670.8118811881187,0.09565750973373206
-670.7920792079208,0.0995334716474954
-670.7722772277228,0.10333563650952983
-670.7524752475248,0.10705767861493272
-670.7326732673267,0.11069374736416464
-670.7128712871287,0.11423840067097853
-670.6930693069307,0.11768655317379981
-670.6732673267327,0.12103343575633141
-670.6534653465346,0.12427456377180959
-670.6336633663367,0.12740571201196432
-670.6138613861386,0.13042289493634632
-670.5940594059406,0.13332235102832807
-670.5742574257425,0.13610053040556258
-670.5544554455446,0.13875408500883676
-670.5346534653465,0.14127986084180946
-670.5148514851485,0.14367489184711627
-670.4950495049505,0.1459363950912972
-670.4752475247525,0.14806176699784684
-670.4554455445544,0.1500485804201324
-670.4356435643565,0.15189458238659048
-670.4158415841584,0.15359769238299234
-670.3960396039604,0.15515600106200536
-670.3762376237623,0.15656776929079516
-670.3564356435644,0.15783142746387835
-670.3366336633663,0.1589455750217195
-670.3168316831683,0.15990898012635482
-670.2970297029703,0.16072057945456855
-670.2772277227723,0.16137947807636516
-670.2574257425742,0.1618849493929124
-670.2376237623762,0.16223643511352165
-670.2178217821782,0.16243354525586742
-670.1980198019803,0.16247605815784694
-670.1782178217821,0.16236392049332743
-670.1584158415842,0.16209724728735003
-670.1386138613861,0.1616763219300027
-670.1188118811881,0.16110159619132283
-670.09900990099,0.16037369024328282
-670.0792079207921,0.15949339269812962
-670.0594059405942,0.1584616606768496
-670.039603960396,0.1572796199253856
-670.019801980198,0.15594856500165688
-670.0,0.1544699595619372
-669.980198019802,0.1528454367821796
-669.960396039604,0.15107679995789158
-669.940594059406,0.14916602333617876
-669.920792079208,0.1471152532452808
-669.9009900990098,0.1449268096020619
-669.8811881188119,0.14260318789571985
-669.8613861386139,0.14014706176915653
-669.8415841584158,0.13756128634765025
-669.8217821782179,0.134848902501001
-669.8019801980198,0.1320131422708998
-669.7821782178219,0.12905743575456044
-669.7623762376237,0.12598541981139058
-669.7425742574258,0.12280094905831096
-669.7227722772278,0.11950810974838721
-669.7029702970297,0.11611123729747445
-669.6831683168317,0.11261493844922377
-669.6633663366337,0.10902411937066761
-669.6435643564357,0.10534402137717765
-669.6237623762376,0.10158026653804267
-669.6039603960396,0.09773891617001111
-669.5841584158417,0.0938265462695977
-669.5643564356435,0.08985034538500652
-669.5445544554456,0.085818242458503
-669.5247524752475,0.08173907502797521
-669.5049504950496,0.07762281221665573
-669.4851485148515,0.07348085265888837
-669.4653465346535,0.06932642557508387
-669.4455445544555,0.06517513444924783
-669.4257425742574,0.06104569801031659
-669.4059405940594,0.05696096275462529
-669.3861386138614,0.05294928321164751
-669.3663366336634,0.04904638253224305
-669.3465346534654,0.045297793327097755
-669.3267326732673,0.04176187927669345
-669.3069306930694,0.038513129863947074
-669.2871287128712,0.035644699796200566
-669.2673267326733,0.033267854565172034
-669.2475247524753,0.031504446470468656
-669.2277227722773,0.030468698863684127
-669.2079207920792,0.030239779869783347
-669.1881188118812,0.030836660769729785
-669.1683168316832,0.032211343128049345
-669.1485148514851,0.034265465704627324
-669.1287128712871,0.03687848145045606
-669.1089108910892,0.039931753790965245
-669.0891089108911,0.043321722341052735
-669.0693069306931,0.0469637732243338
-669.049504950495,0.05079102120354007
-669.0297029702971,0.054751238769694614
-669.009900990099,0.05880361335842078
-668.990099009901,0.06291597340211048
-668.970297029703,0.06706261634453221
-668.950495049505,0.07122267721623492
-668.9306930693069,0.07537892611200933
-668.910891089109,0.07951688769467172
-668.8910891089109,0.0836241963718121
-668.8712871287129,0.08769012214543821
-668.8514851485148,0.09170521979354788
-668.8316831683169,0.0956610674072658
-668.8118811881188,0.09955007001759175
-668.7920792079208,0.10336531096719273
-668.7722772277228,0.10710043857878185
-668.7524752475248,0.11074957913152625
-668.7326732673267,0.11430726960724924
-668.7128712871287,0.11776840541395521
-668.6930693069307,0.1211281995443356
-668.6732673267327,0.12438215052969948
-668.6534653465346,0.12752601720621154
-668.6336633663367,0.1305557987916263
-668.6138613861386,0.13346771912623268
-668.5940594059406,0.13625821419640421
-668.5742574257425,0.1389239222579935
-668.5544554455446,0.14146167602690055
-668.5346534653465,0.14386849651842698
-668.5148514851485,0.14614158820513323
-668.4950495049505,0.14827833523019607
-668.4752475247525,0.15027629846630153
-668.4554455445544,0.1521332132513732
-668.4356435643565,0.15384698766462968
-668.4158415841584,0.15541570123269224
-668.3960396039604,0.15683760397567714
-668.3762376237623,0.15811111572000566
-668.3564356435644,0.15923482561810307
-668.3366336633663,0.16020749182587146
-668.3168316831683,0.16102804129820986
-668.2970297029703,0.16169556967002913
-668.2772277227723,0.16220934119689193
-668.2574257425742,0.16256878873449288
-668.2376237623762,0.16277351374110635
-668.2178217821782,0.1628232862913139
-668.1980198019803,0.16271804509290935
-668.1782178217821,0.16245789750266804
-668.1584158415842,0.16204311953981224
-668.1386138613861,0.1614741558995417
-668.1188118811881,0.16075161997231105
-668.09900990099,0.1598762938782204
-668.0792079207921,0.15884912852968405
-668.0594059405942,0.1576712437401051
-668.039603960396,0.1563439284010508
-668.019801980198,0.15486864075620949
-668.0,0.15324700880734135
-667.980198019802,0.15148083089514794
-667.960396039604,0.1495720765082062
-667.940594059406,0.14752288738445182
-667.920792079208,0.1453355789846506
-667.9009900990098,0.14301264243513945
-667.8811881188119,0.14055674705960938
-667.8613861386139,0.1379707436479753
-667.8415841584158,0.13525766864604213
-667.8217821782179,0.13242074949501237
-667.8019801980198,0.12946341140814532
-667.7821782178219,0.12638928594675908
-667.7623762376237,0.12320222185517588
-667.7425742574258,0.1199062987416645
-667.7227722772278,0.11650584435993667
-667.7029702970297,0.1130054564685174
-667.6831683168317,0.10941003054290135
-667.6633663366337,0.10572479501630905
-667.6435643564357,0.10195535626969436
-667.6237623762376,0.09810775633729506
-667.6039603960396,0.09418854732289178
-667.5841584158417,0.09020488795259468
-667.5643564356435,0.08616466969269518
-667.5445544554456,0.08207668268263674
-667.5247524752475,0.07795083572468314
-667.5049504950496,0.07379845022796622
-667.4851485148515,0.0696326559955536
-667.4653465346535,0.06546892790846444
-667.4455445544555,0.06132581777308342
-667.4257425742574,0.05722595524021739
-667.4059405940594,0.05319741416230753
-667.3861386138614,0.04927555856233859
-667.3663366336634,0.045505473227035756
-667.3465346534654,0.04194499206638466
-667.3267326732673,0.03866804322261155
-667.3069306930694,0.03576732877884235
-667.2871287128712,0.033354055552578366
-667.2673267326733,0.03155084138790765
-667.2475247524753,0.03047388573994034
-667.2277227722773,0.03020545511423997
-667.2079207920792,0.030767873036100648
-667.1881188118812,0.03211552198907082
-667.1683168316832,0.03415078854673947
-667.1485148514851,0.036752493370271026
-667.1287128712871,0.039800682188450315
-667.1089108910892,0.043190374850345443
-667.0891089108911,0.04683573002041963
-667.0693069306931,0.05066890670694555
-667.049504950495,0.05463697083447047
-667.0297029702971,0.05869859947586785
-667.009900990099,0.06282125480170668
-666.990099009901,0.06697897043020766
-666.970297029703,0.07115068941086072
-666.950495049505,0.07531904010336717
-666.9306930693069,0.07946944068936235
-666.9108910891089,0.08358944399596106
-666.8910891089109,0.08766825618482044
-666.8712871287129,0.09169638095472109
-666.8514851485148,0.09566535459103433
-666.8316831683169,0.09956754712866608
-666.8118811881188,0.1033960119677571
-666.7920792079208,0.10714437127943865
-666.7722772277228,0.11080672806635125
-666.7524752475248,0.11437759823944829
-666.7326732673267,0.11785185784833307
-666.7128712871287,0.12122470187418283
-666.6930693069307,0.12449161191102459
-666.6732673267327,0.12764833072779566
-666.6534653465346,0.13069084219148974
-666.6336633663367,0.1336153553924182
-666.6138613861386,0.13641829208057377
-666.5940594059406,0.1390962767233608
-666.5742574257425,0.14164612864691456
-666.5544554455446,0.14406485583884102
-666.5346534653465,0.14634965007895098
-666.5148514851485,0.14849788313309364
-666.4950495049505,0.15050710379822158
-666.4752475247525,0.1523750356286554
-666.4554455445544,0.15409957520621986
-666.4356435643564,0.155678790842961
-666.4158415841584,0.15711092162588475
-666.3960396039604,0.15839437672994924
-666.3762376237623,0.15952773493888533
-666.3564356435644,0.16050974432476456
-666.3366336633663,0.16133932204588142
-666.3168316831683,0.1620155542305463
-666.2970297029703,0.1625376959204357
-666.2772277227723,0.1629051710527385
-666.2574257425742,0.16311757246493364
-666.2376237623762,0.1631746619104289
-666.2178217821782,0.16307637007677642
-666.1980198019802,0.16282279660204038
-666.1782178217821,0.16241421008796042
-666.1584158415842,0.16185104811216255
-666.1386138613861,0.1611339172448345
-666.1188118811881,0.16026359307914134
-666.09900990099,0.15924102028828382
-666.0792079207921,0.15806731272658278
-666.0594059405942,0.15674375359690246
-666.039603960396,0.1552717957122809
-666.019801980198,0.15365306188646405
-666.0,0.15188934549594957
-665.980198019802,0.1499826112657916
-665.9603960396039,0.14793499634313148
-665.940594059406,0.14574881173675922
-665.920792079208,0.1434265442189668
-665.9009900990098,0.14097085880790736
-665.8811881188119,0.13838460197680819
-665.8613861386139,0.13567080577138652
-665.8415841584158,0.13283269306178896
-665.8217821782179,0.1298736842126378
-665.8019801980198,0.12679740552883464
-665.7821782178219,0.12360769993083053
-665.7623762376237,0.12030864043860802
-665.7425742574258,0.1169045472092046
-665.7227722772277,0.11340000909190885
-665.7029702970297,0.10979991095888643
-665.6831683168317,0.10610946846433367
-665.6633663366337,0.1023342724223495
-665.6435643564357,0.09848034572903835
-665.6237623762376,0.09455421676886193
-665.6039603960396,0.09056301465639063
-665.5841584158417,0.0865145936404213
-665.5643564356435,0.08241769678259496
-665.5445544554456,0.07828217296524213
-665.5247524752475,0.07411926687686
-665.5049504950496,0.06994200953839824
-665.4851485148514,0.06576574802216949
-665.4653465346535,0.06160886818538527
-665.4455445544555,0.057493783974040466
-665.4257425742574,0.05344828977430129
-665.4059405940594,0.049507391465176284
-665.3861386138614,0.04571572604637719
-665.3663366336634,0.04213059522001251
-665.3465346534654,0.03882535804762975
-665.3267326732673,0.03589224671114257
-665.3069306930694,0.033442378763642186
-665.2871287128712,0.031599096686042036
-665.2673267326733,0.030480543853983452
-665.2475247524752,0.030172094342700736
-665.2277227722773,0.030699490629201985
-665.2079207920792,0.032019590797832405
-665.1881188118812,0.03403560037031919
-665.1683168316832,0.03662573103198412
-665.1485148514851,0.03966869759631566
-665.1287128712871,0.043058072248681266
-665.1089108910892,0.046706758318581884
-665.0891089108911,0.050545936885245314
-665.0693069306931,0.05452195142865122
-665.049504950495,0.05859295786583218
-665.0297029702971,0.06272604494457831
-665.0099009900989,0.06689497774622886
-664.990099009901,0.07107850423570077
-664.970297029703,0.07525910897763723
-664.950495049505,0.0794221022880163
-664.9306930693069,0.08355495446715139
-664.9108910891089,0.08764680717541891
-664.8910891089109,0.0916881125583751
-664.8712871287129,0.0956703647447092
-664.8514851485148,0.09958589850369685
-664.8316831683169,0.10342773707756016
-664.8118811881188,0.1071894763064494
-664.7920792079208,0.11086519576129068
-664.7722772277227,0.11444939014305948
-664.7524752475248,0.1179369160147441
-664.7326732673267,0.12132295022514093
-664.7128712871287,0.12460295731522762
-664.6930693069307,0.12777266387441588
-664.6732673267327,0.13082803830925974
-664.6534653465346,0.13376527485242762
-664.6336633663367,0.13658078091152132
-664.6138613861386,0.13927116706104223
-664.5940594059406,0.14183323913435827
-664.5742574257425,0.14426399198988177
-664.5544554455446,0.146560604614823
-664.5346534653465,0.14872043629957132
-664.5148514851485,0.15074102366905326
-664.4950495049505,0.15262007839975766
-664.4752475247525,0.1543554854840423
-664.4554455445544,0.1559453019296457
-664.4356435643564,0.15738775580322395
-664.4158415841584,0.15868124554362215
-664.3960396039605,0.15982433948410857
-664.3762376237623,0.16081577553396714
-664.3564356435644,0.16165446097904634
-664.3366336633663,0.1623394723683564
-664.3168316831683,0.16287005546031466
-664.2970297029702,0.16324562520759442
-664.2772277227723,0.16346576576439503
-664.2574257425744,0.1635302305040502
-664.2376237623762,0.16343894203868642
-664.2178217821782,0.16319199223622965
-664.1980198019802,0.16278964223337233
-664.1782178217821,0.16223232244650485
-664.1584158415842,0.1615206325859176
-664.1386138613861,0.16065534168226694
-664.1188118811882,0.15963738813805345
-664.09900990099,0.158467879821232
-664.0792079207921,0.15714809422292345
-664.059405940594,0.15567947870673804
-664.039603960396,0.1540636508840192
-664.019801980198,0.1523023991570356
-664.0,0.15039768348180546
-663.9801980198021,0.14835163641368662
-663.9603960396039,0.14616656451318424
-663.940594059406,0.14384495020694427
-663.920792079208,0.14138945422088742
-663.9009900990098,0.1388029187298997
-663.8811881188119,0.1360883714032322
-663.8613861386139,0.13324903056915818
-663.8415841584159,0.13028831177874792
-663.8217821782177,0.1272098361219972
-663.8019801980198,0.12401744074394391
-663.7821782178219,0.12071519213268275
-663.7623762376237,0.11730740291385762
-663.7425742574258,0.11379865310319523
-663.7227722772277,0.11019381705750848
-663.7029702970298,0.10649809775476302
-663.6831683168317,0.10271707056327009
-663.6633663366337,0.09885673938478327
-663.6435643564357,0.09492360905704082
-663.6237623762376,0.09092477929249335
-663.6039603960396,0.08686806737938096
-663.5841584158416,0.08276216962000615
-663.5643564356436,0.07861687537498976
-663.5445544554456,0.07444335311292143
-663.5247524752475,0.07025453570304034
-663.5049504950496,0.06606564319735579
-663.4851485148514,0.06189489647088497
-663.4653465346535,0.05776449490019989
-663.4455445544555,0.05370195461553673
-663.4257425742575,0.04974192434845095
-663.4059405940594,0.0459285933892233
-663.3861386138614,0.04231872888558044
-663.3663366336634,0.03898511323550621
-663.3465346534653,0.036019491623455316
-663.3267326732673,0.03353286173289352
-663.3069306930694,0.03164924908059629
-663.2871287128713,0.030488707018225713
-663.2673267326733,0.030139724287507864
-663.2475247524752,0.030631528654242384
-663.2277227722773,0.03192355083380352
-663.2079207920792,0.03391988975879871
-663.1881188118812,0.03649817352161712
-663.1683168316832,0.03953577313632646
-663.1485148514852,0.04292478458481586
-663.1287128712871,0.04657682712561581
-663.1089108910891,0.050422081012506594
-663.0891089108911,0.05440615089525457
-663.0693069306931,0.05848666041465476
-663.049504950495,0.06263031753312245
-663.0297029702971,0.06681061396256431
-663.009900990099,0.07100609940804632
-662.990099009901,0.07519911253716927
-662.970297029703,0.07937485439136217
-662.950495049505,0.08352071178385792
-662.9306930693069,0.08762576120493835
-662.9108910891089,0.09168040276859367
-662.8910891089109,0.09567608809356613
-662.8712871287129,0.09960511641278064
-662.8514851485148,0.10346048059447052
-662.8316831683169,0.10723574996809837
-662.8118811881188,0.11092498051731021
-662.7920792079208,0.11452264559370076
-662.7722772277227,0.11802358214505192
-662.7524752475248,0.12142294876644405
-662.7326732673268,0.12471619282936787
-662.7128712871287,0.1278990246307744
-662.6930693069307,0.13096739700630422
-662.6732673267327,0.13391748922241004
-662.6534653465346,0.13674569423735794
-662.6336633663366,0.1394486086272125
-662.6138613861386,0.1420230246285337
-662.5940594059407,0.14446592386791254
-662.5742574257425,0.1467744724389356
-662.5544554455446,0.1489460170571913
-662.5346534653465,0.15097808207810576
-662.5148514851485,0.15286836720485114
-662.4950495049505,0.15461474574700657
-662.4752475247525,0.1562152633170125
-662.4554455445545,0.15766813687270725
-662.4356435643564,0.15897175403098446
-662.4158415841584,0.16012467259156496
-662.3960396039604,0.1611256202208337
-662.3762376237623,0.1619734942551552
-662.3564356435644,0.1626673615903823
-662.3366336633663,0.16320645863110814
-662.3168316831684,0.16359019127839725
-662.2970297029702,0.16381813493957548
-662.2772277227723,0.16389003454796927
-662.2574257425744,0.16380580458403196
-662.2376237623762,0.16356552909314215
-662.2178217821782,0.16316946169843127
-662.1980198019802,0.16261802561049754
-662.1782178217823,0.16191181363921145
-662.1584158415841,0.16105158821629204
-662.1386138613861,0.160038281441288
-662.1188118811882,0.15887299516778222
-662.09900990099,0.15755700115137808
-662.0792079207921,0.1560917412868515
-662.059405940594,0.15447882796812304
-662.0396039603961,0.15272004461268865
-662.019801980198,0.15081734640149289
-662.0,0.14877286129667971
-661.9801980198021,0.146588891413721
-661.9603960396039,0.14426791484167767
-661.940594059406,0.1418125880272295
-661.9207920792079,0.13922574886501768
-661.90099009901,0.13651042067124466
-661.8811881188119,0.1336698172613034
-661.8613861386139,0.13070734940769654
-661.8415841584159,0.12762663302690036
-661.8217821782177,0.12443149953704992
-661.8019801980198,0.12112600895064435
-661.7821782178219,0.11771446642727519
-661.7623762376238,0.1142014432247974
-661.7425742574258,0.11059180327263962
-661.7227722772277,0.1068907369753853
-661.7029702970298,0.10310380437651583
-661.6831683168316,0.09923699052709267
-661.6633663366337,0.09529677689046043
-661.6435643564357,0.09129023398587781
-661.6237623762377,0.08722514239719582
-661.6039603960396,0.08311015198470077
-661.5841584158416,0.07895499298380647
-661.5643564356436,0.07477075814166935
-661.5445544554456,0.07057028280319984
-661.5247524752475,0.06636866078495963
-661.5049504950496,0.06218394894326464
-661.4851485148515,0.0580381332189255
-661.4653465346535,0.053958452700574665
-661.4455445544554,0.049979199986673446
-661.4257425742575,0.046144116782540316
-661.4059405940594,0.0425094334326427
-661.3861386138614,0.03914734825362407
-661.3663366336634,0.036149102527034495
-661.3465346534654,0.03362554345902499
-661.3267326732673,0.03170133731115801
-661.3069306930694,0.03049841165786858
-661.2871287128713,0.03010837477404168
-661.2673267326733,0.030564005520734024
-661.2475247524752,0.03182740659636094
-661.2277227722773,0.03380364826383892
-661.2079207920792,0.036369802621794886
-661.1881188118812,0.03940188440951044
-661.1683168316832,0.04279048423300847
-661.1485148514852,0.04644590766721061
-661.1287128712871,0.05029731050350775
-661.1089108910891,0.054289541654843766
-661.0891089108911,0.058379681030059055
-661.0693069306931,0.06253404823762858
-661.049504950495,0.06672585666420335
-661.0297029702971,0.07093345450708118
-661.009900990099,0.0751390323923807
-660.990099009901,0.07932768065372042
-660.9702970297029,0.08348670164298816
-660.950495049505,0.08760510600383788
-660.9306930693069,0.09167324133609368
-660.9108910891089,0.09568251639303552
-660.8910891089109,0.09962519459935949
-660.8712871287129,0.10349423823266339
-660.8514851485148,0.10728318993159952
-660.8316831683169,0.11098608193673255
-660.8118811881188,0.11459736611055642
-660.7920792079208,0.1181118596566293
-660.7722772277227,0.12152470279446141
-660.7524752475248,0.12483132560905505
-660.7326732673267,0.1280274219912053
-660.7128712871287,0.13110892909435154
-660.6930693069307,0.13407201110927394
-660.6732673267327,0.13691304643695054
-660.6534653465346,0.13962861754847417
-660.6336633663366,0.14221550297839997
-660.6138613861386,0.14467067101774636
-660.5940594059407,0.14699127476425414
-660.5742574257425,0.14917464825817509
-660.5544554455446,0.15121830348670395
-660.5346534653465,0.15311992808296856
-660.5148514851485,0.1548773835792
-660.4950495049504,0.1564887041003367
-660.4752475247525,0.15795209540561572
-660.4554455445545,0.159265934202902
-660.4356435643564,0.16042876767407271
-660.4158415841584,0.16143931316129692
-660.3960396039604,0.16229645797318676
-660.3762376237623,0.16299925927739506
-660.3564356435644,0.16354694405301387
-660.3366336633663,0.16393890908124192
-660.3168316831684,0.1641747209578718
-660.2970297029702,0.16425411611518975
-660.2772277227723,0.16417700084475356
-660.2574257425742,0.1639434513159877
-660.2376237623762,0.16355371358898205
-660.2178217821782,0.1630082036230868
-660.1980198019802,0.16230750728635174
-660.1782178217823,0.16145238037433707
-660.1584158415841,0.16044374865061373
-660.1386138613861,0.1592827079256016
-660.1188118811882,0.15797052419499097
-660.09900990099,0.15650863386466957
-660.0792079207921,0.15489864409555343
-660.059405940594,0.15314233330926127
-660.0396039603961,0.15124165190516234
-660.0198019801979,0.14919872325034297
-660.0,0.14701584501812076
-659.9801980198021,0.14469549096772277
-659.9603960396039,0.1422403132793356
-659.940594059406,0.13965314558521374
-659.9207920792079,0.13693700687180554
-659.90099009901,0.13409510647053718
-659.8811881188119,0.1311308504102727
-659.8613861386139,0.12804784947541054
-659.8415841584159,0.1248499294057018
-659.8217821782177,0.12154114379454534
-659.8019801980198,0.1181257904009316
-659.7821782178218,0.11460843180075926
-659.7623762376238,0.1109939215843203
-659.7425742574258,0.10728743768586171
-659.7227722772277,0.10349452494530217
-659.7029702970298,0.09962114970694148
-659.6831683168316,0.09567377023221603
-659.6633663366337,0.09165942805627254
-659.6435643564357,0.08758586731474166
-659.6237623762377,0.08346169174296811
-659.6039603960396,0.07929657284728485
-659.5841584158416,0.07510152815111144
-659.5643564356436,0.07088929610152828
-659.5445544554455,0.0666748450636815
-659.5247524752475,0.06247606883881331
-659.5049504950496,0.058314741068753
-659.4851485148515,0.054217825025315906
-659.4653465346535,0.05021925821487725
-659.4455445544554,0.0463623349406108
-659.4257425742575,0.042702746608299445
-659.4059405940594,0.03931210022193748
-659.3861386138614,0.036281116475487846
-659.3663366336634,0.03372046152666265
-659.3465346534654,0.03175539943444528
-659.3267326732673,0.030509694410889177
-659.3069306930693,0.03007807676158309
-659.2871287128713,0.03049694152037849
-659.2673267326733,0.031731164957689476
-659.2475247524752,0.03368687012243036
-659.2277227722773,0.03624060305528497
-659.2079207920792,0.0392670102173157
-659.1881188118812,0.042655147041863635
-659.1683168316832,0.04631397491798029
-659.1485148514852,0.05017160078430078
-659.1287128712871,0.05417210038224816
-659.1089108910891,0.05827199809552794
-659.0891089108911,0.062437217404913474
-659.0693069306931,0.06664068829472966
-659.049504950495,0.07086055413633764
-659.0297029702971,0.07507885532997681
-659.009900990099,0.07928057004581611
-658.990099009901,0.08345291518805921
-658.9702970297029,0.08758483487081375
-658.950495049505,0.09166662369416351
-658.9306930693069,0.09568964718915096
-658.9108910891089,0.09964613269997247
-658.8910891089109,0.10352901169696536
-658.8712871287129,0.10733179994808908
-658.8514851485148,0.11104850579508133
-658.8316831683169,0.11467355947164887
-658.8118811881188,0.11820175830798683
-658.7920792079208,0.12162822402591092
-658.7722772277227,0.12494836930649884
-658.7524752475248,0.12815787152012664
-658.7326732673267,0.13125265202601438
-658.7128712871287,0.13422885982900948
-658.6930693069307,0.13708285866397102
-658.6732673267327,0.13981121678944491
-658.6534653465346,0.14241069893174038
-658.6336633663366,0.14487825994145148
-658.6138613861386,0.14721103981708186
-658.5940594059407,0.14940635982177491
-658.5742574257425,0.15146171947456213
-658.5544554455446,0.15337479424055073
-658.5346534653465,0.15514343377881992
-658.5148514851485,0.1567656606332524
-658.4950495049504,0.15823966927350117
-658.4752475247525,0.1595638254100335
-658.4554455445545,0.16073666552135674
-658.4356435643564,0.16175689654283007
-658.4158415841584,0.16262339567581127
-658.3960396039604,0.163335210283538
-658.3762376237623,0.1638915578467078
-658.3564356435644,0.16429182595725353
-658.3366336633663,0.164535572333632
-658.3168316831684,0.1646225248449781
-658.2970297029702,0.16455258153561977
-658.2772277227723,0.16432581064459417
-658.2574257425742,0.16394245061847493
-658.2376237623762,0.16340291011894376
-658.2178217821782,0.16270776802992393
-658.1980198019802,0.16185777347268004
-658.1782178217823,0.16085384584093493
-658.1584158415841,0.1596970748723945
-658.1386138613861,0.15838872077761593
-658.1188118811882,0.15693021445287234
-658.09900990099,0.1553231578097584
-658.0792079207921,0.15356932426232103
-658.059405940594,0.15167065942125252
-658.0396039603961,0.1496292820561639
-658.0198019801979,0.14744748540059072
-658.0,0.14512773889121047
-657.9801980198021,0.14267269045397515
-657.9603960396039,0.14008516947628338
-657.940594059406,0.13736819063767047
-657.9207920792079,0.1345249588141849
-657.90099009901,0.13155887532565685
-657.8811881188119,0.12847354586548693
-657.8613861386139,0.12527279054327906
-657.8415841584159,0.12196065658944767
-657.8217821782177,0.11854143442752575
-657.8019801980198,0.11501967802691711
-657.7821782178218,0.11140023072655843
-657.7623762376238,0.10768825809285264
-657.7425742574258,0.1038892898826823
-657.7227722772277,0.10000927387655364
-657.7029702970298,0.09605464530529331
-657.6831683168316,0.09203241692743734
-657.6633663366337,0.08795029668443576
-657.6435643564357,0.08381684250112285
-657.6237623762377,0.07964166754726261
-657.6039603960396,0.07543571461575246
-657.5841584158416,0.07121162587667525
-657.5643564356436,0.06698424502103785
-657.5445544554455,0.06277130375134848
-657.5247524752475,0.05859436454093435
-657.5049504950496,0.054480116068286975
-657.4851485148515,0.050462141800573054
-657.4653465346535,0.04658328886230713
-657.4455445544554,0.042898707678674146
-657.4257425742575,0.03947940687785275
-657.4059405940594,0.03641557009469552
-657.3861386138614,0.03381765192338443
-657.3663366336634,0.03181147067331935
-657.3465346534654,0.030522587845315353
-657.3267326732673,0.030048855923678515
-657.3069306930693,0.030430350444219854
-657.2871287128713,0.03163482512506535
-657.2673267326733,0.03356954092826714
-657.2475247524752,0.03611055021158991
-657.2277227722773,0.03913111962902047
-657.2079207920792,0.04251873895701509
-657.1881188118812,0.04618099393191429
-657.1683168316832,0.05004491743553913
-657.1485148514852,0.054053794034238684
-657.1287128712871,0.058163580430635915
-657.1089108910891,0.0623397959840025
-657.0891089108911,0.06655508206962289
-657.0693069306931,0.07078737383985101
-657.049504950495,0.07501855924225663
-657.0297029702971,0.07923350280437695
-657.009900990099,0.08341933498381082
-656.990099009901,0.087564932675966
-656.9702970297029,0.09166053699266526
-656.950495049505,0.0956974698849715
-656.930693069307,0.0996679223442891
-656.9108910891089,0.10356479481745885
-656.8910891089109,0.10738157602228333
-656.8712871287129,0.11111225024642207
-656.8514851485148,0.11475122595538317
-656.8316831683168,0.11829328047700137
-656.8118811881188,0.12173351691322024
-656.7920792079209,0.12506733042349613
-656.7722772277227,0.1282903817431526
-656.7524752475248,0.1313985763246768
-656.7326732673267,0.13438804787602615
-656.7128712871287,0.13725514535628858
-656.6930693069307,0.13999642270307913
-656.6732673267327,0.14260863072725555
-656.6534653465347,0.145088710733075
-656.6336633663366,0.14743378951534628
-656.6138613861386,0.14964117545725406
-656.5940594059406,0.15170835550853723
-656.5742574257425,0.15363299286715784
-656.5544554455446,0.1554129252219569
-656.5346534653465,0.1570461634410961
-656.5148514851486,0.15853089061242182
-656.4950495049504,0.1598654613594208
-656.4752475247525,0.16104840137046714
-656.4554455445545,0.16207840709033758
-656.4356435643564,0.16295434553250462
-656.4158415841584,0.16367525417836679
-656.3960396039604,0.1642403409362192
-656.3762376237624,0.1646489841382411
-656.3564356435643,0.16490073255864507
-656.3366336633663,0.16499530544028224
-656.3168316831684,0.16493259252092857
-656.2970297029702,0.16471265405382085
-656.2772277227723,0.16433572082063239
-656.2574257425742,0.16380219413805303
-656.2376237623763,0.16311264586274446
-656.2178217821782,0.162267818402757
-656.1980198019802,0.1612686247473661
-656.1782178217823,0.1601161485312933
-656.1584158415841,0.15881164415417054
-656.1386138613861,0.15735653698127908
-656.1188118811881,0.15575242365814687
-656.0990099009902,0.15400107257904935
-656.0792079207921,0.152104424558483
-656.059405940594,0.15006459376584763
-656.0396039603961,0.14788386899702297
-656.0198019801979,0.14556471537317922
-656.0,0.14310977657821183
-655.9801980198021,0.14052187777204658
-655.960396039604,0.13780402935023994
-655.940594059406,0.13495943176209244
-655.9207920792079,0.1319914816531601
-655.90099009901,0.12890377966720593
-655.8811881188118,0.12570014033220284
-655.8613861386139,0.12238460457215602
-655.8415841584159,0.118961455540691
-655.8217821782179,0.11543523867685762
-655.8019801980198,0.11181078715662028
-655.7821782178218,0.10809325428176529
-655.7623762376238,0.10428815484749367
-655.7425742574258,0.10040141821438325
-655.7227722772277,0.0964394567549168
-655.7029702970298,0.09240925465946767
-655.6831683168317,0.08831848393037425
-655.6633663366337,0.08417565699731726
-655.6435643564356,0.07999032908698397
-655.6237623762377,0.0757733687558709
-655.6039603960396,0.07153732251881387
-655.5841584158416,0.06729691017135073
-655.5643564356436,0.06306970227615143
-655.5445544554456,0.05887705127426898
-655.5247524752475,0.05474537248734138
-655.5049504950496,0.05070789642480149
-655.4851485148515,0.046807023315169456
-655.4653465346535,0.043097360673192205
-655.4455445544554,0.03964931187176717
-655.4257425742575,0.036552507235677864
-655.4059405940594,0.033917159326665454
-655.3861386138614,0.03186959651048128
-655.3663366336634,0.030537136334398488
-655.3465346534654,0.030020751013762205
-655.3267326732673,0.030364259901515627
-655.3069306930693,0.03153840025509255
-655.2871287128713,0.033451659923704365
-655.2673267326734,0.03597963263974474
-655.2475247524752,0.038994194356962004
-655.2277227722773,0.04238123808939257
-655.2079207920792,0.04604694150365158
-655.1881188118812,0.04991723740354866
-655.1683168316831,0.05393460060089358
-655.1485148514852,0.0580544075922979
-655.1287128712872,0.0622417653966314
-655.1089108910891,0.06646902143982254
-655.0891089108911,0.07071389918405831
-655.0693069306931,0.07495813185221001
-655.049504950495,0.07918646882416953
-655.0297029702971,0.08338595309737275
-655.009900990099,0.08754539365109214
-654.9900990099011,0.0916549776159412
-654.9702970297029,0.09570598300280102
-654.950495049505,0.09969056417667524
-654.9306930693069,0.1036015903438786
-654.9108910891089,0.10743252299208832
-654.8910891089109,0.11117732219913502
-654.8712871287129,0.11483037452241728
-654.8514851485149,0.1183864371578038
-654.8316831683168,0.12184059446447666
-654.8118811881188,0.12518822396178522
-654.7920792079209,0.12842496963441705
-654.7722772277227,0.1315467209145733
-654.7524752475248,0.1345495961012727
-654.7326732673267,0.1374299292670348
-654.7128712871288,0.14018425991885636
-654.6930693069306,0.14280932484365447
-654.6732673267327,0.14530205169211707
-654.6534653465347,0.1476595539495016
-654.6336633663366,0.14987912701476735
-654.6138613861386,0.15195824516585266
-654.5940594059406,0.15389455923293843
-654.5742574257426,0.1556858948362211
-654.5544554455446,0.15733025107196705
-654.5346534653465,0.15882579955255136
-654.5148514851486,0.160170883723484
-654.4950495049504,0.16136401839486897
-654.4752475247525,0.16240388943571846
-654.4554455445544,0.1632893535895987
-654.4356435643565,0.164019438377315
-654.4158415841584,0.1645933420594265
-654.3960396039604,0.1650104336365552
-654.3762376237624,0.16527025287053126
-654.3564356435643,0.16537251031353634
-654.3366336633663,0.16531708733625075
-654.3168316831684,0.1651040361495617
-654.2970297029703,0.1647335798177082
-654.2772277227723,0.16420611226399617
-654.2574257425742,0.16352219827360595
-654.2376237623763,0.1626825735014688
-654.2178217821781,0.16168814449680435
-654.1980198019802,0.16053998876018777
-654.1782178217823,0.1592393548535818
-654.1584158415842,0.15778766258908164
-654.1386138613861,0.15618650332852813
-654.1188118811881,0.1544376404334496
-654.0990099009902,0.15254300991389907
-654.0792079207921,0.1505047213356179
-654.059405940594,0.148325059058215
-654.0396039603961,0.14600648389376242
-654.019801980198,0.14355163529560694
-654.0,0.1409633342130152
-653.980198019802,0.13824458677982507
-653.960396039604,0.13539858904662536
-653.940594059406,0.13242873301884245
-653.9207920792079,0.12933861433131194
-653.90099009901,0.12613204197823205
-653.8811881188119,0.12281305063299307
-653.8613861386139,0.11938591624414807
-653.8415841584159,0.11585517579552713
-653.8217821782179,0.11222565238750902
-653.8019801980198,0.10850248715923473
-653.7821782178218,0.10469118006407008
-653.7623762376238,0.1007976421846996
-653.7425742574258,0.0968282632052627
-653.7227722772277,0.09278999895358914
-653.7029702970298,0.08869048574444513
-653.6831683168317,0.08453819082329771
-653.6633663366337,0.08034261186160942
-653.6435643564356,0.07611454366656593
-653.6237623762377,0.07186643771091314
-653.6039603960396,0.06761289066300802
-653.5841584158416,0.0633713128928446
-653.5643564356436,0.059162847933882975
-653.5445544554456,0.055013638979612756
-653.5247524752475,0.05095656466751685
-653.5049504950495,0.047033578645039924
-653.4851485148515,0.04329874367238389
-653.4653465346535,0.039821851153712104
-653.4455445544554,0.036691962081235374
-653.4257425742575,0.03401901662194693
-653.4059405940594,0.031929808491883205
-653.3861386138614,0.030553368330832012
-653.3663366336634,0.02999378317642337
-653.3465346534654,0.030298678538586574
-653.3267326732673,0.031441883549260974
-653.3069306930693,0.03333320582798988
-653.2871287128713,0.035847818236928994
-653.2673267326733,0.038856195694409526
-653.2475247524752,0.04224260260165104
-653.2277227722773,0.04591177507568408
-653.2079207920792,0.04978851892469695
-653.1881188118812,0.0538144800032805
-653.1683168316831,0.057944441683167154
-653.1485148514852,0.06214309018776851
-653.1287128712872,0.06638247351621199
-653.1089108910891,0.07064009989184244
-653.0891089108911,0.0748975454981765
-653.0693069306931,0.07913944303986258
-653.049504950495,0.08335274702937752
-653.029702970297,0.08752619782765884
-653.009900990099,0.0916499280897291
-652.9900990099011,0.0957151715264273
-652.9702970297029,0.09971404560388983
-652.950495049505,0.1036393880722862
-652.9306930693069,0.10748463301057136
-652.9108910891089,0.11124371613220728
-652.8910891089109,0.11491100194751212
-652.8712871287129,0.11848122739147346
-652.8514851485149,0.12194945795806406
-652.8316831683168,0.12531105340820042
-652.8118811881188,0.12856164086033028
-652.7920792079208,0.13169709361257254
-652.7722772277227,0.13471351444254323
-652.7524752475248,0.137607222424803
-652.7326732673267,0.14037474252538237
-652.7128712871288,0.14301279739794315
-652.6930693069306,0.1455183009314608
-652.6732673267327,0.14788835319485077
-652.6534653465347,0.15012023649752618
-652.6336633663366,0.1522114123420043
-652.6138613861386,0.15415951908899286
-652.5940594059406,0.15596237019041692
-652.5742574257426,0.1576179528733191
-652.5544554455445,0.15912442717974082
-652.5346534653465,0.16048012528506708
-652.5148514851486,0.1616835510317511
-652.4950495049504,0.16273337962670387
-652.4752475247525,0.1636284574603563
-652.4554455445544,0.16436780201302995
-652.4356435643565,0.16495060182106644
-652.4158415841584,0.16537621648062276
-652.3960396039604,0.16564417667190365
-652.3762376237624,0.16575418419097532
-652.3564356435643,0.1657061119798868
-652.3366336633663,0.1655000041496245
-652.3168316831683,0.16513607599350363
-652.2970297029703,0.16461471399214986
-652.2772277227723,0.1639364758142325
-652.2574257425742,0.1631020903208013
-652.2376237623763,0.16211245758467788
-652.2178217821781,0.16096864894039864
-652.1980198019802,0.15967190708488477
-652.1782178217823,0.15822364625425858
-652.1584158415842,0.1566254525085015
-652.1386138613861,0.15487908416297297
-652.1188118811881,0.1529864724146169
-652.0990099009902,0.15094972222167996
-652.079207920792,0.1487711135086442
-652.059405940594,0.14645310278468038
-652.0396039603961,0.14399832528396797
-652.019801980198,0.14140959776182777
-652.0,0.13868992211267492
-651.980198019802,0.1358424900165246
-651.960396039604,0.13287068887298353
-651.940594059406,0.1297781093489137
-651.9207920792079,0.1265685549529539
-651.90099009901,0.12324605416412901
-651.8811881188119,0.11981487579125508
-651.8613861386139,0.11627954843872879
-651.8415841584158,0.11264488521938734
-651.8217821782179,0.10891601521256691
-651.8019801980198,0.10509842365053851
-651.7821782178218,0.10119800348110632
-651.7623762376238,0.09722112187109072
-651.7425742574258,0.09317470649256218
-651.7227722772277,0.08906635822540666
-651.7029702970298,0.08490449944292196
-651.6831683168317,0.0806985706503915
-651.6633663366337,0.07645929339392171
-651.6435643564356,0.07219902471852793
-651.6237623762377,0.06793223893528139
-651.6039603960396,0.06367618717151556
-651.5841584158416,0.059451805183477646
-651.5643564356436,0.055284965278047014
-651.5445544554456,0.051208195334210845
-651.5247524752475,0.04726300279048557
-651.5049504950495,0.04350290391770601
-651.4851485148515,0.03999707161957804
-651.4653465346535,0.036833981759167515
-651.4455445544554,0.03412327181640247
-651.4257425742575,0.03199215554175049
-651.4059405940594,0.030571331799468138
-651.3861386138614,0.029967994748473652
-651.3663366336633,0.030233637083282847
-651.3465346534654,0.03134529030229387
-651.3267326732673,0.03321417882050209
-651.3069306930693,0.03571509541802209
-651.2871287128713,0.03871710443962033
-651.2673267326733,0.0421028091915919
-651.2475247524752,0.045775469736005214
-651.2277227722773,0.049658737076726606
-651.2079207920792,0.05369340827983323
-651.1881188118812,0.05783366027135517
-651.1683168316831,0.062043749779820793
-651.1485148514852,0.06629541975566737
-651.1287128712871,0.07056595955052018
-651.1089108910891,0.07483678594527053
-651.0891089108911,0.0790924134139428
-651.0693069306931,0.08331970694361132
-651.049504950495,0.08750733756585088
-651.029702970297,0.09164538296087682
-651.009900990099,0.09572503217697659
-650.9900990099011,0.09973836550749954
-650.9702970297029,0.10367818903000402
-650.950495049505,0.10753790923550803
-650.9306930693069,0.1113114373180392
-650.9108910891089,0.11499311560131788
-650.8910891089108,0.11857766062989877
-650.8712871287129,0.12206011890932046
-650.8514851485149,0.12543583232291464
-650.8316831683168,0.12870041100630236
-650.8118811881188,0.1318497120086729
-650.7920792079208,0.13487982247261818
-650.7722772277227,0.13778704636215447
-650.7524752475248,0.1405678939906935
-650.7326732673267,0.1432190737680116
-650.7128712871288,0.14573748571188097
-650.6930693069306,0.1481202163666381
-650.6732673267327,0.1503645348454083
-650.6534653465346,0.15246788977026654
-650.6336633663366,0.15442790692926153
-650.6138613861386,0.15624238750496958
-650.5940594059406,0.15790930675645393
-650.5742574257426,0.15942681305914064
-650.5544554455445,0.16079322722466413
-650.5346534653465,0.16200704203707372
-650.5148514851486,0.16306692195342434
-650.4950495049504,0.16397170292647012
-650.4752475247525,0.16472039231479424
-650.4554455445544,0.16531216885273836
-650.4356435643565,0.16574638265780822
-650.4158415841583,0.1660225552581296
-650.3960396039604,0.16614037962699893
-650.3762376237624,0.16609972021515562
-650.3564356435643,0.16590061297499156
-650.3366336633663,0.16554326537439806
-650.3168316831683,0.16502805640098667
-650.2970297029703,0.16435553656086838
-650.2772277227723,0.16352642787958055
-650.2574257425742,0.16254162391632843
-650.2376237623763,0.1614021898068864
-650.2178217821781,0.16010936235501078
-650.1980198019802,0.1586645501973414
-650.1782178217821,0.15706933407321957
-650.1584158415842,0.15532546723775026
-650.1386138613861,0.15343487606559644
-650.1188118811881,0.15139966090321147
-650.0990099009902,0.1492220972406828
-650.079207920792,0.14690463729009692
-650.059405940594,0.14444991207752403
-650.0396039603961,0.14186073418084363
-650.019801980198,0.13914010127716647
-650.0,0.1362912007039209
-649.980198019802,0.1333174152891481
-649.960396039604,0.13022233077267786
-649.9405940594058,0.12700974522586195
-649.9207920792079,0.12368368098965846
-649.90099009901,0.1202483997986018
-649.8811881188119,0.11670842195360127
-649.8613861386139,0.11306855066822094
-649.8415841584158,0.10933390306492304
-649.8217821782179,0.1055099497757802
-649.8019801980198,0.1016025657568134
-649.7821782178218,0.09761809582857893
-649.7623762376238,0.09356343971394288
-649.7425742574258,0.08944616311015076
-649.7227722772277,0.08527464382966
-649.7029702970297,0.08105826559936086
-649.6831683168317,0.07680767719070493
-649.6633663366337,0.07253514183287277
-649.6435643564356,0.0682550122465146
-649.6237623762377,0.06398438126320426
-649.6039603960396,0.05974397799068782
-649.5841584158416,0.055559405093858
-649.5643564356436,0.05146284082220683
-649.5445544554456,0.04749534681955413
-649.5247524752475,0.04370989122390579
-649.5049504950495,0.040175022070391496
-649.4851485148515,0.03697861451093211
-649.4653465346535,0.0342299731249142
-649.4455445544554,0.03205668581074154
-649.4257425742575,0.03059107291926873
-649.4059405940594,0.029943425221387945
-649.3861386138614,0.030169162241168865
-649.3663366336633,0.031248630513995252
-649.3465346534654,0.03309457258702939
-649.3267326732674,0.03558144514923701
-649.3069306930693,0.03857689328177011
-649.2871287128713,0.041961826037705235
-649.2673267326733,0.04563799181944143
-649.2475247524752,0.04952785806220459
-649.2277227722772,0.05357135253822378
-649.2079207920792,0.05772203197617959
-649.1881188118813,0.06194371464851948
-649.1683168316831,0.06620783268014012
-649.1485148514852,0.07049145282773571
-649.1287128712871,0.07477583005423087
-649.1089108910891,0.07904535901782443
-649.0891089108911,0.08328681412280697
-649.0693069306931,0.08748879635096388
-649.0495049504951,0.09164132790329599
-649.029702970297,0.09573555280029271
-649.009900990099,0.09976351388706785
-648.990099009901,0.10371798535126102
-648.9702970297029,0.10759234591621468
-648.950495049505,0.1113804821010141
-648.9306930693069,0.11507671390276764
-648.910891089109,0.11867573734548585
-648.8910891089108,0.12217257982239947
-648.8712871287129,0.12556256521930798
-648.8514851485149,0.12884128657151833
-648.8316831683168,0.13200458456343334
-648.8118811881188,0.13504853058792335
-648.7920792079208,0.13796941338469484
-648.7722772277228,0.1407637285016455
-648.7524752475248,0.14342816999273572
-648.7326732673267,0.14595962389366185
-648.7128712871288,0.14835516311459618
-648.6930693069306,0.1506120434642422
-648.6732673267327,0.15272770057770732
-648.6534653465346,0.1546997475658172
-648.6336633663367,0.1565259732392783
-648.6138613861386,0.15820434078892892
-648.5940594059406,0.15973298682586465
-648.5742574257426,0.1611102207029205
-648.5544554455445,0.1623345240535633
-648.5346534653465,0.1634045504958685
-648.5148514851486,0.16431912545893382
-648.4950495049505,0.1650772460970237
-648.4752475247525,0.1656780812633938
-648.4554455445544,0.16612097152140265
-648.4356435643565,0.16640542917537632
-648.4158415841583,0.16653113830798988
-648.3960396039604,0.16649795481477309
-648.3762376237624,0.1663059064297348
-648.3564356435644,0.16595519273969656
-648.3366336633663,0.1654461851878734
-648.3168316831683,0.16477942707080054
-648.2970297029703,0.16395563353585804
-648.2772277227723,0.16297569159050554
-648.2574257425742,0.16184066013820086
-648.2376237623763,0.16055177006054905
-648.2178217821782,0.15911042437045053
-648.1980198019802,0.15751819846707327
-648.1782178217821,0.15577684053059854
-648.1584158415842,0.15388827210355274
-648.1386138613861,0.15185458891576756
-648.1188118811881,0.14967806202313708
-648.0990099009902,0.14736113934603084
-648.0792079207921,0.14490644771309874
-648.059405940594,0.14231679554090465
-648.0396039603961,0.13959517631104237
-648.019801980198,0.13674477304613536
-648.0,0.13376896403668634
-647.980198019802,0.13067133013628474
-647.960396039604,0.12745566402709382
-647.940594059406,0.12412598196829355
-647.9207920792079,0.12068653868550681
-647.90099009901,0.11714184625208962
-647.8811881188119,0.11349669807056485
-647.8613861386139,0.10975619940947874
-647.8415841584158,0.10592580642160387
-647.8217821782179,0.10201137621426795
-647.8019801980199,0.09801923143269338
-647.7821782178218,0.09395624405702441
-647.7623762376238,0.08982994485386853
-647.7425742574258,0.08564866738586195
-647.7227722772277,0.08142173898889522
-647.7029702970297,0.07715973614578338
-647.6831683168317,0.07287482888157695
-647.6633663366338,0.06858124909393357
-647.6435643564356,0.06429593226797468
-647.6237623762377,0.060039401998559415
-647.6039603960396,0.05583699256961297
-647.5841584158416,0.05172053376587082
-647.5643564356436,0.04773064192380406
-647.5445544554456,0.043919735543773035
-647.5247524752476,0.040355731659065495
-647.5049504950495,0.03712588944827214
-647.4851485148515,0.03433915060082664
-647.4653465346535,0.03212343087268091
-647.4455445544554,0.03061262359590727
-647.4257425742575,0.02992010272771083
-647.4059405940594,0.030105272537359687
-647.3861386138615,0.031151909088842914
-647.3663366336633,0.032974378553758774
-647.3465346534654,0.035446848714379885
-647.3267326732674,0.03843553755694098
-647.3069306930693,0.04181962604461679
-647.2871287128713,0.045499314218190444
-647.2673267326733,0.0493958562400884
-647.2475247524753,0.053448289435385335
-647.2277227722772,0.057609536182633696
-647.2079207920792,0.06184296710382172
-647.1881188118813,0.06611969759190679
-647.1683168316831,0.07041656801656529
-647.1485148514852,0.07471466907286915
-647.1287128712871,0.07899827400246989
-647.1089108910892,0.0832540655641876
-647.0891089108911,0.08747057396947747
-647.0693069306931,0.09163776543811539
-647.0495049504951,0.09574673860086078
-647.029702970297,0.09978949858268528
-647.009900990099,0.10375878746729414
-646.990099009901,0.10764795603347253
-646.970297029703,0.11145086597219295
-646.950495049505,0.1151618148158396
-646.9306930693069,0.11877547793915541
-646.910891089109,0.12228686350019878
-646.8910891089108,0.1256912772678844
-646.8712871287129,0.12898429506003367
-646.8514851485149,0.1321617410804263
-646.8316831683169,0.13521967085728906
-646.8118811881188,0.13815435779178636
-646.7920792079208,0.14096228255284393
-646.7722772277228,0.14364012472591842
-646.7524752475247,0.14618475625291155
-646.7326732673267,0.14859323629925442
-646.7128712871288,0.15086280726004014
-646.6930693069307,0.15299089167580723
-646.6732673267327,0.15497508987437933
-646.6534653465346,0.1568131781908488
-646.6336633663367,0.15850310764637862
-646.6138613861386,0.16004300298873467
-646.5940594059406,0.16143116201563845
-646.5742574257426,0.16266605511649676
-646.5544554455446,0.1637463249799714
-646.5346534653465,0.16467078642430336
-646.5148514851485,0.16543842631557162
-646.4950495049505,0.16604840354557995
-646.4752475247525,0.16650004904683177
-646.4554455445544,0.16679286582691835
-646.4356435643565,0.16692652900886076
-646.4158415841584,0.16690088586793173
-646.3960396039604,0.1667159558588453
-646.3762376237624,0.16637193063059863
-646.3564356435644,0.16586917402961832
-646.3366336633663,0.1652082220947886
-646.3168316831683,0.16438978305175111
-646.2970297029703,0.16341473731715894
-646.2772277227723,0.1622841375276671
-646.2574257425742,0.1609992086129452
-646.2376237623763,0.15956134793707988
-646.2178217821782,0.15797212553877638
-646.1980198019802,0.15623328450787985
-646.1782178217821,0.15434674154429143
-646.1584158415842,0.1523145877557317
-646.1386138613861,0.15013908976350032
-646.1188118811881,0.14782269120108085
-646.0990099009902,0.14536801470983485
-646.0792079207921,0.14277786456065972
-646.059405940594,0.14005523006097526
-646.039603960396,0.13720328994587158
-646.019801980198,0.13422541800191193
-646.0,0.13112519023678554
-645.980198019802,0.1279063939911302
-645.960396039604,0.12457303949808214
-645.940594059406,0.12112937453921359
-645.9207920792079,0.1175799030355737
-645.90099009901,0.1139294086661301
-645.8811881188119,0.11018298494754011
-645.8613861386139,0.10634607367298207
-645.8415841584158,0.1024245142426507
-645.8217821782179,0.09842460729550581
-645.8019801980198,0.09435319727287148
-645.7821782178218,0.09021778025955386
-645.7623762376238,0.08602664587507902
-645.7425742574258,0.08178906544618011
-645.7227722772277,0.07751554364584302
-645.7029702970297,0.07321815789738441
-645.6831683168317,0.0689110200311077
-645.6633663366338,0.06461090912072026
-645.6435643564356,0.060338144367506154
-645.6237623762377,0.05611779291964785
-645.6039603960396,0.051981337252706254
-645.5841584158416,0.047968948893431396
-645.5643564356435,0.04413249525193576
-645.5445544554456,0.040539256346882
-645.5247524752476,0.0372758603015731
-645.5049504950495,0.03445085600645182
-645.4851485148515,0.03219244027769097
-645.4653465346535,0.030636029142014378
-645.4455445544554,0.029898063494235818
-645.4257425742575,0.03004198876086258
-645.4059405940594,0.03105512726873083
-645.3861386138615,0.03285357899512584
-645.3663366336633,0.03531127358092064
-645.3465346534654,0.0382929950501069
-645.3267326732673,0.04167616166335252
-645.3069306930693,0.04535938713196617
-645.2871287128713,0.04926268153998634
-645.2673267326733,0.05332416983525027
-645.2475247524753,0.05749612539691222
-645.2277227722772,0.06174146170013163
-645.2079207920792,0.06603097132044151
-645.1881188118813,0.07034126434360685
-645.1683168316831,0.07465326468605842
-645.1485148514852,0.0789511225370851
-645.1287128712871,0.08322142792720989
-645.1089108910892,0.08745263956562581
-645.089108910891,0.09163466718249172
-645.0693069306931,0.0957585636533928
-645.0495049504951,0.0998162961093338
-645.029702970297,0.10380057431496403
-645.009900990099,0.10770472092696178
-644.990099009901,0.11152257265451833
-644.970297029703,0.11524840442667894
-644.950495049505,0.11887687083967606
-644.9306930693069,0.12240296069282836
-644.910891089109,0.1258219615180881
-644.8910891089108,0.12912943179775077
-644.8712871287129,0.13232117913815478
-644.8514851485148,0.13539324308687206
-644.8316831683169,0.13834188159119976
-644.8118811881188,0.14116356032636077
-644.7920792079208,0.1438549442953406
-644.7722772277228,0.14641289123317827
-644.7524752475247,0.14883444644863822
-644.7326732673267,0.15111683881257426
-644.7128712871288,0.15325747766196055
-644.6930693069307,0.15525395043435516
-644.6732673267327,0.1571040208840905
-644.6534653465346,0.15880562775972754
-644.6336633663367,0.1603568838452636
-644.6138613861385,0.16175607528553412
-644.5940594059406,0.16300166113102801
-644.5742574257426,0.16409227304916305
-644.5544554455446,0.16502671515872444
-644.5346534653465,0.16580396395238695
-644.5148514851485,0.1664231682788559
-644.4950495049505,0.1668836493618034
-644.4752475247525,0.16718490083790935
-644.4554455445544,0.16732658880029114
-644.4356435643565,0.16730855183781337
-644.4158415841584,0.16713080106383016
-644.3960396039604,0.16679352013179294
-644.3762376237623,0.16629706523787977
-644.3564356435644,0.16564196511436324
-644.3366336633663,0.1648289210206683
-644.3168316831683,0.16385880674276668
-644.2970297029703,0.16273266861529026
-644.2772277227723,0.16145172558550014
-644.2574257425742,0.16001736934297206
-644.2376237623763,0.15843116454514397
-644.2178217821782,0.15669484917562201
-644.1980198019802,0.15481033508082098
-644.1782178217821,0.15277970874055766
-644.1584158415842,0.15060523234096165
-644.1386138613861,0.14828934523329876
-644.1188118811881,0.14583466588177948
-644.0990099009902,0.14324399442733377
-644.0792079207921,0.1405203160247468
-644.059405940594,0.13766680514913876
-644.039603960396,0.13468683111717206
-644.019801980198,0.1315839651315193
-644.0,0.1283619892396381
-643.980198019802,0.1250249077052084
-643.960396039604,0.12157696143161684
-643.940594059406,0.1180226462640759
-643.9207920792079,0.1143667362468587
-643.9009900990098,0.1106143132483813
-643.8811881188119,0.10677080482381565
-643.8613861386139,0.102842032809979
-643.8415841584158,0.09883427601105797
-643.8217821782179,0.09475435153635
-643.8019801980198,0.09060972104093137
-643.7821782178218,0.08640863051174748
-643.7623762376238,0.08216029565264915
-643.7425742574258,0.07787514981083456
-643.7227722772277,0.07356517841673056
-643.7029702970297,0.06924437399721659
-643.6831683168317,0.06492936016086884
-643.6633663366337,0.06064025285136682
-643.6435643564356,0.05640185335306673
-643.6237623762377,0.052245298033197635
-643.6039603960396,0.04821031418599701
-643.5841584158416,0.044348216816698524
-643.5643564356435,0.04072564313811023
-643.5445544554456,0.037428575424528855
-643.5247524752476,0.034565140029531906
-643.5049504950495,0.0322637675416211
-643.4851485148515,0.030661344446716452
-643.4653465346535,0.029877359037288085
-643.4455445544554,0.02997935211966011
-643.4257425742574,0.030958310742481805
-643.4059405940594,0.03273218349486583
-643.3861386138615,0.03517471646679071
-643.3663366336633,0.03814925409485577
-643.3465346534654,0.041531416749017794
-643.3267326732673,0.045218192707875415
-643.3069306930693,0.049128316158788245
-643.2871287128713,0.053198977028973506
-643.2673267326733,0.05738178459856001
-643.2475247524753,0.061639185431009214
-643.2277227722772,0.06594164304394565
-643.2079207920792,0.07026553325465885
-643.1881188118812,0.07459161064152826
-643.1683168316831,0.0789039006790672
-643.1485148514852,0.08318889957264271
-643.1287128712871,0.08743499379009262
-643.1089108910892,0.09163203606018319
-643.089108910891,0.0957710331364428
-643.0693069306931,0.09984391388160772
-643.0495049504951,0.10384335552604358
-643.029702970297,0.10776265242678709
-643.009900990099,0.1115956161574645
-642.990099009901,0.11533649890492406
-642.970297029703,0.11897993435721785
-642.9504950495049,0.12252089183079662
-642.9306930693069,0.1259546404997823
-642.910891089109,0.12927672139197915
-642.8910891089108,0.13248292539839102
-642.8712871287129,0.13556927596878063
-642.8514851485148,0.1385320154799365
-642.8316831683169,0.14136759449731925
-642.8118811881188,0.14407266332603239
-642.7920792079208,0.146644065379743
-642.7722772277228,0.1490788319970656
-642.7524752475247,0.1513741784124767
-642.7326732673267,0.15352750064875598
-642.7128712871287,0.15553637314442517
-642.6930693069307,0.15739854696626945
-642.6732673267327,0.15911194848573987
-642.6534653465346,0.1606746784210392
-642.6336633663367,0.1620850111648062
-642.6138613861385,0.16334139433216888
-642.5940594059406,0.16444244847593822
-642.5742574257426,0.1653869669253235
-642.5544554455446,0.16617391571294515
-642.5346534653465,0.1668024335612447
-642.5148514851485,0.1672718319056885
-642.4950495049505,0.16758159493646607
-642.4752475247524,0.16773137964525422
-642.4554455445544,0.16772101586695928
-642.4356435643565,0.1675505063103371
-642.4158415841584,0.16722002657426913
-642.3960396039604,0.16672992515009816
-642.3762376237623,0.16608072341335445
-642.3564356435644,0.16527311561171174
-642.3366336633663,0.1643079688595125
-642.3168316831683,0.16318632315318857
-642.2970297029703,0.16190939142613447
-642.2772277227723,0.16047855966685085
-642.2574257425742,0.15889538712984455
-642.2376237623762,0.1571616066757941
-642.2178217821782,0.155279125285991
-642.1980198019802,0.15325002480586877
-642.1782178217821,0.15107656298510405
-642.1584158415842,0.1487611748968173
-642.1386138613861,0.14630647483761777
-642.1188118811881,0.14371525883361283
-642.0990099009902,0.14099050790793285
-642.0792079207921,0.13813539230286084
-642.059405940594,0.1351532768986697
-642.039603960396,0.13204772813339732
-642.019801980198,0.1288225228092225
-642.0,0.1254816592764535
-641.980198019802,0.12202937162558149
-641.960396039604,0.11847014770186727
-641.940594059406,0.11480875200305937
-641.9207920792079,0.11105025485216367
-641.9009900990098,0.10720006968691452
-641.8811881188119,0.10326400092323072
-641.861386138614,0.0992483057004692
-641.8415841584158,0.09515977400073078
-641.8217821782179,0.09100583329880532
-641.8019801980198,0.08679468625633553
-641.7821782178218,0.08253549333632759
-641.7623762376237,0.07823861703892607
-641.7425742574258,0.07391595140385264
-641.7227722772278,0.06958137041043437
-641.7029702970297,0.06525134313941795
-641.6831683168317,0.060945783404169555
-641.6633663366337,0.05668922789200772
-641.6435643564356,0.05251246806894599
-641.6237623762377,0.04845478760636803
-641.6039603960396,0.04456694787443184
-641.5841584158417,0.04091493765693986
-641.5643564356435,0.03758407883814356
-641.5445544554456,0.03468204568504794
-641.5247524752475,0.03233745489482061
-641.5049504950495,0.03068860944859946
-641.4851485148515,0.02985802244555273
-641.4653465346535,0.029917382268313378
-641.4455445544555,0.030861461010814554
-641.4257425742574,0.03261017547827185
-641.4059405940594,0.035037146716791756
-641.3861386138615,0.038004275115219546
-641.3663366336633,0.0413853472087221
-641.3465346534654,0.0450756854213232
-641.3267326732673,0.04899271507392945
-641.3069306930694,0.05307266762614909
-641.2871287128712,0.05726647265530301
-641.2673267326733,0.061536099749550564
-641.2475247524753,0.06585167695706885
-641.2277227722772,0.07018934174668424
-641.2079207920792,0.07452967674735723
-641.1881188118812,0.07885658102925919
-641.1683168316832,0.08315645586236765
-641.1485148514852,0.08741761472828545
-641.1287128712871,0.091629852840842
-641.1089108910892,0.09578413046490918
-641.089108910891,0.09987233792178053
-641.0693069306931,0.10388711969384774
-641.049504950495,0.10782174166232557
-641.0297029702971,0.11166999011275626
-641.009900990099,0.11542609435186456
-640.990099009901,0.11908466703046086
-640.970297029703,0.1226406578583731
-640.9504950495049,0.12608931753109742
-640.9306930693069,0.1294261695027828
-640.910891089109,0.13264698783086815
-640.8910891089109,0.13574777974955016
-640.8712871287129,0.13872477194773017
-640.8514851485148,0.14157439976417227
-640.8316831683169,0.14429329868973448
-640.8118811881187,0.1468782977010794
-640.7920792079208,0.149326414052036
-640.7722772277228,0.15163484922732967
-640.7524752475248,0.15380098582367516
-640.7326732673267,0.15582238517043082
-640.7128712871287,0.15769678553870164
-640.6930693069307,0.15942210081697863
-640.6732673267327,0.16099641955427257
-640.6534653465346,0.1624180042902917
-640.6336633663367,0.16368529110700378
-640.6138613861386,0.1647968893478664
-640.5940594059406,0.16575158146108904
-640.5742574257425,0.1665483229311586
-640.5544554455446,0.1671862422698761
-640.5346534653465,0.16766464104376877
-640.5148514851485,0.1679829939197569
-640.4950495049505,0.16814094871523064
-640.4752475247525,0.16813832644252732
-640.4554455445544,0.1679751213413125
-640.4356435643565,0.16765150089582856
-640.4158415841584,0.1671678058369286
-640.3960396039604,0.16652455013227793
-640.3762376237623,0.16572242097125708
-640.3564356435644,0.16476227875480887
-640.3366336633663,0.16364515710405392
-640.3168316831683,0.16237226290633808
-640.2970297029703,0.16094497642174316
-640.2772277227723,0.1593648514794908
-640.2574257425742,0.15763361580004726
-640.2376237623762,0.1557531714873897
-640.2178217821782,0.15372559574557063
-640.1980198019803,0.1515531418861006
-640.1782178217821,0.1492382407076927
-640.1584158415842,0.14678350234853232
-640.1386138613861,0.14419171873487116
-640.1188118811881,0.1414658667789918
-640.09900990099,0.1386091125173375
-640.0792079207921,0.13562481642725271
-640.0594059405942,0.13251654022262002
-640.039603960396,0.1292880555082741
-640.019801980198,0.1259433547774114
-640.0,0.12248666537319738
-639.980198019802,0.11892246721706731
-639.960396039604,0.11525551534876995
-639.940594059406,0.1114908686491349
-639.920792079208,0.10763392655947754
-639.9009900990098,0.10369047621780557
-639.8811881188119,0.09966675326908608
-639.8613861386139,0.09556952077352211
-639.8415841584158,0.09140617227563481
-639.8217821782179,0.08718486741946511
-639.8019801980198,0.08291471180972905
-639.7821782178219,0.07860599757871534
-639.7623762376237,0.07427052797833575
-639.7425742574258,0.06992205919758476
-639.7227722772278,0.06557690672959851
-639.7029702970297,0.06125478339132694
-639.6831683168317,0.056979962554682025
-639.6633663366337,0.052782892023205935
-639.6435643564357,0.04870241252006947
-639.6237623762376,0.044788730675148054
-639.6039603960396,0.04110718143764253
-639.5841584158417,0.03774241207061319
-639.5643564356435,0.03480161545271752
-639.5445544554456,0.03241354638992748
-639.5247524752475,0.030717868617678157
-639.5049504950496,0.029840094154610614
-639.4851485148515,0.029856108700622015
-639.4653465346535,0.030764591255538314
-639.4455445544555,0.032487551260172914
-639.4257425742574,0.03489854736578657
-639.4059405940594,0.03785803281005508
-639.3861386138614,0.04123792368529136
-639.3663366336634,0.044931834853858495
-639.3465346534654,0.04885584866425813
-639.3267326732673,0.052945213870355216
-639.3069306930694,0.05715016425104242
-639.2871287128712,0.06143218206823707
-639.2673267326733,0.06576105332775832
-639.2475247524753,0.07011267298226918
-639.2277227722773,0.07446744905405915
-639.2079207920792,0.0788091524967545
-639.1881188118812,0.08312408852469434
-639.1683168316832,0.0874004968850608
-639.1485148514851,0.09162811476328607
-639.1287128712871,0.09579785557057031
-639.1089108910892,0.09990157081579915
-639.0891089108911,0.10393187202178339
-639.0693069306931,0.1078819964196992
-639.049504950495,0.11174570485602804
-639.0297029702971,0.11551720362062036
-639.009900990099,0.11919108419881862
-638.990099009901,0.12276227657045208
-638.970297029703,0.1262260128317246
-638.950495049505,0.12957779874384712
-638.9306930693069,0.13281339141202378
-638.9108910891089,0.1359287817365127
-638.8910891089109,0.1389201806002232
-638.8712871287129,0.14178400799732016
-638.8514851485148,0.14451688448699432
-638.8316831683169,0.14711562449212182
-638.8118811881188,0.1495772310659105
-638.7920792079208,0.15189889182862817
-638.7722772277228,0.15407797583770122
-638.7524752475248,0.15611203120179087
-638.7326732673267,0.15799878328681713
-638.7128712871287,0.15973613339097112
-638.6930693069307,0.1613221577892247
-638.6732673267327,0.16275510706621388
-638.6534653465346,0.1640334056714577
-638.6336633663367,0.1651556516429213
-638.6138613861386,0.16612061645490067
-638.5940594059406,0.16692724495434957
-638.5742574257425,0.16757465535658717
-638.5544554455446,0.16806213927718328
-638.5346534653465,0.16838916178166755
-638.5148514851485,0.16855536143907626
-638.4950495049505,0.16856055036922776
-638.4752475247525,0.16840471427710474
-638.4554455445544,0.16808801247105745
-638.4356435643565,0.16761077786469614
-638.4158415841584,0.16697351696564128
-638.3960396039604,0.16617690985749436
-638.3762376237623,0.16522181018497345
-638.3564356435644,0.1641092451559989
-638.3366336633663,0.1628404155787624
-638.3168316831683,0.16141669595688263
-638.2970297029703,0.159839634671206
-638.2772277227723,0.15811095428403224
-638.2574257425742,0.15623255200925093
-638.2376237623762,0.15420650040202155
-638.2178217821782,0.1520350483335386
-638.1980198019803,0.1497206223313757
-638.1782178217821,0.1472658283842282
-638.1584158415842,0.14467345433312204
-638.1386138613861,0.14194647300011948
-638.1188118811881,0.13908804624264756
-638.09900990099,0.13610153016856838
-638.0792079207921,0.13299048180800344
-638.0594059405942,0.1297586676164481
-638.039603960396,0.1264100742863066
-638.019801980198,0.1229489224790703
-638.0,0.11937968426868002
-637.980198019802,0.11570710532557198
-637.960396039604,0.11193623319176443
-637.940594059406,0.10807245343334455
-637.920792079208,0.10412153605342252
-637.9009900990098,0.10008969537301002
-637.8811881188119,0.09598366773546808
-637.8613861386139,0.091810813004575
-637.8415841584158,0.0875792481136452
-637.8217821782179,0.08329802419026248
-637.8019801980198,0.07897736347606721
-637.7821782178219,0.07462897903527353
-637.7623762376237,0.0702665100202667
-637.7425742574258,0.06590611927281989
-637.7227722772278,0.061567319744253855
-637.7029702970297,0.05727412277336887
-637.6831683168317,0.053056633751303
-637.6633663366337,0.04895325116299298
-637.6435643564357,0.04501362587573841
-637.6237623762376,0.04130243375809901
-637.6039603960396,0.03790363345749339
-637.5841584158417,0.03492390733186213
-637.5643564356435,0.03249209989747461
-637.5445544554456,0.030749178089384693
-637.5247524752475,0.029823623621336455
-637.5049504950496,0.0297955667650787
-637.4851485148515,0.0306677169684534
-637.4653465346535,0.032364305935036905
-637.4455445544555,0.034758897114423364
-637.4257425742574,0.037710495028817854
-637.4059405940594,0.04108910803194945
-637.3861386138614,0.0447866003212426
-637.3663366336634,0.048717675913957086
-637.3465346534654,0.05281657573557994
-637.3267326732673,0.0570328211112252
-637.3069306930694,0.06132739629044814
-637.2871287128712,0.06566973846885626
-637.2673267326733,0.07003549580356601
-637.2475247524753,0.07440489898973057
-637.2277227722773,0.07876158911675234
-637.2079207920792,0.0830917742034654
-637.1881188118812,0.08738361950380089
-637.1683168316832,0.09162680365564996
-637.1485148514851,0.09581219284866467
-637.1287128712871,0.0999315995068582
-637.1089108910892,0.10397760198116895
-637.0891089108911,0.10794340867806103
-637.0693069306931,0.11182275485358853
-637.049504950495,0.11560982364354283
-637.0297029702971,0.11929918523897216
-637.009900990099,0.12288574976567135
-636.990099009901,0.1263647305990217
-636.970297029703,0.12973161568698868
-636.950495049505,0.13298214506277825
-636.9306930693069,0.13611229317312154
-636.9108910891089,0.13911825497544905
-636.8910891089109,0.1419964350000597
-636.8712871287129,0.14474343875556478
-636.8514851485148,0.14735606599275913
-636.8316831683169,0.14983130544676893
-636.8118811881188,0.1521663307571409
-636.7920792079208,0.1543584973271285
-636.7722772277228,0.15640533993156813
-636.7524752475248,0.1583045709199654
-636.7326732673267,0.16005407889128345
-636.7128712871287,0.16165192773994505
-636.6930693069307,0.16309635599172384
-636.6732673267327,0.16438577636281332
-636.6534653465346,0.16551877548791324
-636.6336633663367,0.1664941137729652
-636.6138613861386,0.16731072533641222
-636.5940594059406,0.16796771800978835
-636.5742574257425,0.16846437337419704
-636.5544554455446,0.1688001468142151
-636.5346534653465,0.1689746675750488
-636.5148514851485,0.1689877388127604
-636.4950495049505,0.16883933763070982
-636.4752475247525,0.16852961509885042
-636.4554455445544,0.16805889625561032
-636.4356435643564,0.16742768009523704
-636.4158415841584,0.1666366395469222
-636.3960396039604,0.16568662145537982
-636.3762376237623,0.16457864657637072
-636.3564356435644,0.16331390960499498
-636.3366336633663,0.1618937792593794
-636.3168316831683,0.16031979844818467
-636.2970297029703,0.15859368455681946
-636.2772277227723,0.1567173298956263
-636.2574257425742,0.15469280236271882
-636.2376237623762,0.1525223463862573
-636.2178217821782,0.15020838422548113
-636.1980198019802,0.1477535177280445
-636.1782178217821,0.14516053066401527
-636.1584158415842,0.14243239178555545
-636.1386138613861,0.1395722587976578
-636.1188118811881,0.13658348347189408
-636.09900990099,0.13346961819489248
-636.0792079207921,0.1302344243207051
-636.0594059405942,0.12688188279724524
-636.039603960396,0.1234162076699745
-636.019801980198,0.11984186324165677
-636.0,0.11616358590215328
-635.980198019802,0.1123864119581262
-635.9603960396039,0.10851571322162537
-635.940594059406,0.10455724270393543
-635.920792079208,0.100517193572426
-635.9009900990098,0.09640227565857941
-635.8811881188119,0.09221981539462232
-635.8613861386139,0.08797788730952624
-635.8415841584158,0.08368548843413257
-635.8217821782179,0.07935277159564776
-635.8019801980198,0.07499136026950923
-635.7821782178219,0.0706147773240622
-635.7623762376237,0.0662390338857959
-635.7425742574258,0.06188344417369248
-635.7227722772277,0.05757175878499969
-635.7029702970297,0.053333741972785384
-635.6831683168317,0.04920735074889064
-635.6633663366337,0.0452416793085307
-635.6435643564357,0.041500739398670654
-635.6237623762376,0.038067787362236136
-635.6039603960396,0.03504896617446365
-635.5841584158417,0.032573161392106906
-635.5643564356435,0.030782583873624488
-635.5445544554456,0.02980865238064418
-635.5247524752475,0.029735786190463062
-635.5049504950496,0.030570850071360938
-635.4851485148514,0.03224043274078179
-635.4653465346535,0.034618174294990804
-635.4455445544555,0.037561630606038926
-635.4257425742574,0.04093886431983785
-635.4059405940594,0.04463994445407958
-635.3861386138614,0.048578160074412326
-635.3663366336634,0.052686718276032087
-635.3465346534654,0.056914410729453135
-635.3267326732673,0.061221712668087847
-635.3069306930694,0.06557770553167387
-635.2871287128712,0.06995778630612831
-635.2673267326733,0.07434200558870918
-635.2475247524752,0.07871387283215239
-635.2277227722773,0.083059497708993
-635.2079207920792,0.08736697021745055
-635.1881188118812,0.09162590992883811
-635.1683168316832,0.09582713544508333
-635.1485148514851,0.09996241983523764
-635.1287128712871,0.10402430806840857
-635.1089108910892,0.1080059795537889
-635.0891089108911,0.11190114380737734
-635.0693069306931,0.11570396067503526
-635.049504950495,0.11940897892563533
-635.0297029702971,0.12301108870739515
-635.0099009900989,0.1265054845535689
-634.990099009901,0.12988763647849447
-634.970297029703,0.1331532673232401
-634.950495049505,0.1362983349608505
-634.9306930693069,0.13931901830303514
-634.9108910891089,0.1422117062960641
-634.8910891089109,0.14497298927799682
-634.8712871287129,0.14759965220807872
-634.8514851485148,0.15008866938468512
-634.8316831683169,0.15243720034903985
-634.8118811881188,0.15464258673400194
-634.7920792079208,0.15670234986597859
-634.7722772277227,0.15861418896545734
-634.7524752475248,0.16037597982172114
-634.7326732673267,0.16198577384069154
-634.7128712871287,0.16344179738398593
-634.6930693069307,0.16474245133210724
-634.6732673267327,0.16588631081727712
-634.6534653465346,0.16687212508116378
-634.6336633663367,0.1676988174212886
-634.6138613861386,0.16836548519668618
-634.5940594059406,0.16887139986910332
-634.5742574257425,0.16921600706125597
-634.5544554455446,0.1693989266177389
-634.5346534653465,0.1694199526583298
-634.5148514851485,0.16927905361661108
-634.4950495049505,0.16897637226048032
-634.4752475247525,0.16851222569406482
-634.4554455445544,0.16788710534384144
-634.4356435643564,0.1671016769349715
-634.4158415841584,0.1661567804673727
-634.3960396039605,0.16505343020479737
-634.3762376237623,0.1637928146943952
-634.3564356435644,0.16237629683909466
-634.3366336633663,0.16080541405073404
-634.3168316831683,0.15908187851845276
-634.2970297029702,0.15720757763499177
-634.2772277227723,0.15518457463274413
-634.2574257425744,0.15301510949363512
-634.2376237623762,0.15070160021096193
-634.2178217821782,0.14824664449946182
-634.1980198019802,0.1456530220722615
-634.1782178217821,0.14292369763171106
-634.1584158415842,0.14006182475683232
-634.1386138613861,0.13707075091605975
-634.1188118811882,0.13395402389281802
-634.09900990099,0.1307153999876737
-634.0792079207921,0.12735885446046513
-634.059405940594,0.12388859480647595
-634.039603960396,0.12030907763387584
-634.019801980198,0.11662503014100092
-634.0,0.11284147750291776
-633.9801980198021,0.10896377789919451
-633.9603960396039,0.10499766749269634
-633.940594059406,0.10094931846784289
-633.920792079208,0.0968254143493857
-633.9009900990098,0.09263324838737973
-633.8811881188119,0.08838085301275858
-633.8613861386139,0.08407717153980453
-633.8415841584159,0.07973228785694512
-633.8217821782177,0.07535773644897599
-633.8019801980198,0.07096692465201664
-633.7821782178219,0.06657571281312061
-633.7623762376237,0.0622032175542111
-633.7425742574258,0.05787293003036979
-633.7227722772277,0.05361427465207943
-633.7029702970298,0.04946476777245782
-633.6831683168317,0.04547294610777303
-633.6633663366337,0.041702152431735
-633.6435643564357,0.038234927378670965
-633.6237623762376,0.03517684592884785
-633.6039603960396,0.03265678572497885
-633.5841584158416,0.030818140526743747
-633.5643564356436,0.029795229967744016
-633.5445544554456,0.029676803742655824
-633.5247524752475,0.03047400806359107
-633.5049504950496,0.032115928770511705
-633.4851485148514,0.03447635946855555
-633.4653465346535,0.03741140928395576
-633.4455445544555,0.040787156536611475
-633.4257425742575,0.04449182907547682
-633.4059405940594,0.04843726305870516
-633.3861386138614,0.05255560481164771
-633.3663366336634,0.05679489856373141
-633.3465346534653,0.06111509918421578
-633.3267326732673,0.06548492521592059
-633.3069306930694,0.06987951798965585
-633.2871287128713,0.07427874517540947
-633.2673267326733,0.07866598278600409
-633.2475247524752,0.08302724098148018
-633.2277227722773,0.08735053373485382
-633.2079207920792,0.09162542102919828
-633.1881188118812,0.09584267351216672
-633.1683168316832,0.09999402462835529
-633.1485148514852,0.10407198575603946
-633.1287128712871,0.10806970713553807
-633.1089108910891,0.11198087239392958
-633.0891089108911,0.11579961795176087
-633.0693069306931,0.11952047102804127
-633.049504950495,0.12313830166984889
-633.0297029702971,0.12664828544668055
-633.009900990099,0.13004587431829925
-632.990099009901,0.13332677381275862
-632.970297029703,0.13648692510838226
-632.950495049505,0.1395224909498613
-632.9306930693069,0.1424298445780473
-632.9108910891089,0.1452055610392266
-632.8910891089109,0.1478464103802885
-632.8712871287129,0.150349352342768
-632.8514851485148,0.15271153225045614
-632.8316831683169,0.15493027784807675
-632.8118811881188,0.15700309689752023
-632.7920792079208,0.15892767537606078
-632.7722772277227,0.16070187615129136
-632.7524752475248,0.1623237380311075
-632.7326732673268,0.1637914751061264
-632.7128712871287,0.16510347631728364
-632.6930693069307,0.1662583051935452
-632.6732673267327,0.1672546997148921
-632.6534653465346,0.1680915722640816
-632.6336633663366,0.16876800963746097
-632.6138613861386,0.16928327309114838
-632.5940594059407,0.16963679840371942
-632.5742574257425,0.16982819594110155
-632.5544554455446,0.16985725071297939
-632.5346534653465,0.16972392241379836
-632.5148514851485,0.16942834544455015
-632.4950495049505,0.16897082891490994
-632.4752475247525,0.16835185662811486
-632.4554455445545,0.16757208705469517
-632.4356435643564,0.1666323533040839
-632.4158415841584,0.16553366310733755
-632.3960396039604,0.16427719882806832
-632.3762376237623,0.16286431752352332
-632.3564356435644,0.1612965510835091
-632.3366336633663,0.15957560648101868
-632.3168316831684,0.15770336617664577
-632.2970297029702,0.1556818887279962
-632.2772277227723,0.15351340966729424
-632.2574257425744,0.15120034272409985
-632.2376237623762,0.1487452814882545
-632.2178217821782,0.14615100162997405
-632.1980198019802,0.14342046382198254
-632.1782178217823,0.14055681754400493
-632.1584158415841,0.13756340599482264
-632.1386138613861,0.13444377239535588
-632.1188118811882,0.13120166804125113
-632.09900990099,0.12784106256139685
-632.0792079207921,0.12436615696757783
-632.059405940594,0.12078140025096074
-632.0396039603961,0.11709151050851786
-632.019801980198,0.11330150188883603
-632.0,0.1094167190620576
-631.9801980198021,0.10544288148773158
-631.9603960396039,0.1013861405399052
-631.940594059406,0.09725315364392477
-631.9207920792079,0.0930511811193793
-631.90099009901,0.08878821360816946
-631.8811881188119,0.0844731410911292
-631.8613861386139,0.08011597899697055
-631.8415841584159,0.07572817342200179
-631.8217821782177,0.07132301692692992
-631.8019801980198,0.06691622002220536
-631.7821782178219,0.06252670287876767
-631.7623762376238,0.05817769852731087
-631.7425742574258,0.05389829286515126
-631.7227722772277,0.04972556246508218
-631.7029702970298,0.04570748587654821
-631.6831683168316,0.041906732254449366
-631.6633663366337,0.03840511342113993
-631.6435643564357,0.03530760801252139
-631.6237623762377,0.03274303651919646
-631.6039603960396,0.030855912779261658
-631.5841584158416,0.029783417385304427
-631.5643564356436,0.029618668462842414
-631.5445544554456,0.030377220776401415
-631.5247524752475,0.031990802886687604
-631.5049504950496,0.03433344415165771
-631.4851485148515,0.0372598109728541
-631.4653465346535,0.04063395817674718
-631.4455445544554,0.044342224979286
-631.4257425742575,0.04829495531047219
-631.4059405940594,0.05242320682170705
-631.3861386138614,0.056674257910382254
-631.3663366336634,0.061007531377184405
-631.3465346534654,0.06539137552363626
-631.3267326732673,0.06980067142773495
-631.3069306930694,0.0742151009402025
-631.2871287128713,0.07861790479678474
-631.2673267326733,0.08299499246088896
-631.2475247524752,0.08733430110169414
-631.2277227722773,0.09162533058791768
-631.2079207920792,0.09585880324445215
-631.1881188118812,0.10002641262120482
-631.1683168316832,0.1041206362963841
-631.1485148514852,0.10813459516969921
-631.1287128712871,0.11206194683024188
-631.1089108910891,0.11589680413755955
-631.0891089108911,0.11963367263257958
-631.0693069306931,0.12326740213693743
-631.049504950495,0.12679314913377684
-631.0297029702971,0.13020634740628573
-631.009900990099,0.13350268504739884
-630.990099009901,0.1366780864182446
-630.9702970297029,0.13972869797374787
-630.950495049505,0.14265087712638438
-630.9306930693069,0.1454411835078019
-630.9108910891089,0.14809637212999402
-630.8910891089109,0.15061338805578578
-630.8712871287129,0.15298936227069126
-630.8514851485148,0.15522160851173816
-630.8316831683169,0.15730762085834873
-630.8118811881188,0.15924507192854823
-630.7920792079208,0.1610318115544371
-630.7722772277227,0.16266586583448997
-630.7524752475248,0.16414543647970503
-630.7326732673267,0.16546890038571646
-630.7128712871287,0.1666348093756967
-630.6930693069307,0.1676418900687948
-630.6732673267327,0.16848904383738234
-630.6534653465346,0.16917534682327603
-630.6336633663366,0.16970004998899543
-630.6138613861386,0.1700625791851276
-630.5940594059407,0.17026253521921092
-630.5742574257425,0.17029969391551542
-630.5544554455446,0.17017400615845732
-630.5346534653465,0.1698855979158663
-630.5148514851485,0.1694347702413124
-630.4950495049504,0.1688219992580089
-630.4752475247525,0.1680479361298783
-630.4554455445545,0.16711340702890892
-630.4356435643564,0.16601941311153576
-630.4158415841584,0.16476713052098796
-630.3960396039604,0.1633579104372683
-630.3762376237623,0.16179327920179773
-630.3564356435644,0.16007493855042007
-630.3366336633663,0.15820476599598837
-630.3168316831684,0.15618481541130572
-630.2970297029702,0.15401731787440132
-630.2772277227723,0.15170468285234587
-630.2574257425742,0.1492494998171552
-630.2376237623762,0.1466545404091824
-630.2178217821782,0.14392276129084242
-630.1980198019802,0.14105730786825735
-630.1782178217823,0.13806151910304787
-630.1584158415841,0.13493893369335463
-630.1386138613861,0.13169329797736345
-630.1188118811882,0.12832857600897363
-630.09900990099,0.12484896238191388
-630.0792079207921,0.12125889854648987
-630.059405940594,0.11756309358692466
-630.0396039603961,0.1137665507285578
-630.0198019801979,0.10987460125304298
-630.0,0.10589294805917873
-629.9801980198021,0.10182772188018359
-629.9603960396039,0.0976855542457104
-629.940594059406,0.09347367279222867
-629.9207920792079,0.08920002667626774
-629.90099009901,0.08487345292192891
-629.8811881188119,0.0805038989695106
-629.8613861386139,0.07610272311979568
-629.8415841584159,0.0716831039043301
-629.8217821782177,0.06726060292841185
-629.8019801980198,0.06285394504750783
-629.7821782178218,0.05848610648010617
-629.7623762376238,0.05418583594763728
-629.7425742574258,0.04998977115981782
-629.7227722772277,0.045945331912498166
-629.7029702970298,0.04211450930505538
-629.6831683168316,0.03857837359464442
-629.6633663366337,0.03544127912646987
-629.6435643564357,0.032831939998083176
-629.6237623762377,0.030895925916328795
-629.6039603960396,0.029773235164619563
-629.5841584158416,0.029561389017229985
-629.5643564356436,0.030280478719257306
-629.5445544554455,0.03186502645015223
-629.5247524752475,0.03418938478089045
-629.5049504950496,0.037106783299977776
-629.4851485148515,0.04047921337021776
-629.4653465346535,0.044191076436797545
-629.4455445544554,0.0481511834032053
-629.4257425742575,0.052289474333547796
-629.4059405940594,0.056552442794196946
-629.3861386138614,0.06089896747308541
-629.3663366336634,0.06529701890701743
-629.3465346534654,0.06972121323539061
-629.3267326732673,0.0741510435588831
-629.3069306930693,0.07856961348623903
-629.2871287128713,0.0829627306003572
-629.2673267326733,0.08731825449419389
-629.2475247524752,0.09162562440465631
-629.2277227722773,0.09587551397437032
-629.2079207920792,0.1000595765968225
-629.1881188118812,0.10417025584846204
-629.1683168316832,0.10820064312316281
-629.1485148514852,0.11214436982843666
-629.1287128712871,0.11599552513155766
-629.1089108910891,0.119748592770748
-629.0891089108911,0.12339840222070009
-629.0693069306931,0.1269400907578252
-629.049504950495,0.13036907386825797
-629.0297029702971,0.13368102208878907
-629.009900990099,0.1368718428415899
-628.990099009901,0.13993766616935222
-628.9702970297029,0.14287483353327704
-628.950495049505,0.14567988902723328
-628.9306930693069,0.14834957250535685
-628.9108910891089,0.1508808142293101
-628.8910891089109,0.15327073072467132
-628.8712871287129,0.15551662160034818
-628.8514851485148,0.1576159671343481
-628.8316831683168,0.15956642646838734
-628.8118811881188,0.16136583628409945
-628.7920792079208,0.1630122098580318
-628.7722772277227,0.1645037364116686
-628.7524752475248,0.16583878068843816
-628.7326732673267,0.16701588270195644
-628.7128712871287,0.16803375761013167
-628.6930693069307,0.1688912956781194
-628.6732673267327,0.1695875623001359
-628.6534653465346,0.1701217980559788
-628.6336633663366,0.1704934187831634
-628.6138613861386,0.17070201565007612
-628.5940594059407,0.1707473552191334
-628.5742574257425,0.170629379492822
-628.5544554455446,0.17034820593849903
-628.5346534653465,0.16990412749112485
-628.5148514851485,0.1692976125361808
-628.4950495049504,0.16852930487825546
-628.4752475247525,0.1676000237041646
-628.4554455445545,0.16651076355314048
-628.4356435643564,0.16526269431067334
-628.4158415841584,0.16385716124738295
-628.3960396039604,0.1622956851295791
-628.3762376237623,0.16057996243465886
-628.3564356435644,0.15871186571198317
-628.3366336633663,0.15669344413934966
-628.3168316831684,0.15452692433616477
-628.2970297029702,0.15221471150836982
-628.2772277227723,0.14975939101750893
-628.2574257425742,0.14716373048754913
-628.2376237623762,0.1444306825903727
-628.2178217821782,0.1415633886849544
-628.1980198019802,0.13856518352911112
-628.1782178217823,0.13543960133895294
-628.1584158415841,0.1321903835439199
-628.1386138613861,0.1288214886803557
-628.1188118811882,0.12533710499105824
-628.09900990099,0.12174166646358707
-628.0792079207921,0.11803987326021734
-628.059405940594,0.11423671778886918
-628.0396039603961,0.11033751806649483
-628.0198019801979,0.10634796057699264
-628.0,0.10227415558601317
-627.9801980198021,0.09812270893531981
-627.9603960396039,0.09390081583027894
-627.940594059406,0.08961638425095281
-627.9207920792079,0.08527819864721085
-627.90099009901,0.0808961389488128
-627.8811881188119,0.07648147626133826
-627.8613861386139,0.0720472758419586
-627.8415841584159,0.06760895133247498
-627.8217821782177,0.06318503342165174
-627.8019801980198,0.058798242846960655
-627.7821782178218,0.054476992521957035
-627.7623762376238,0.050257482264246735
-627.7425742574258,0.04618657262572464
-627.7227722772277,0.04232557237824343
-627.7029702970298,0.03875479769532223
-627.6831683168316,0.03557795085931913
-627.6633663366337,0.03292358994658464
-627.6435643564357,0.030938274373811234
-627.6237623762377,0.029764772789711513
-627.6039603960396,0.029505040424077873
-627.5841584158416,0.030183833703736552
-627.5643564356436,0.03173862539996508
-627.5445544554455,0.03404418510634677
-627.5247524752475,0.036952314256659895
-627.5049504950496,0.04032290037575536
-627.4851485148515,0.04403835641445305
-627.4653465346535,0.048005917919471945
-627.4455445544554,0.05215437734640635
-627.4257425742575,0.05642942372178677
-627.4059405940594,0.06078937914603426
-627.3861386138614,0.06520182861229981
-627.3663366336634,0.06964111848430272
-627.3465346534654,0.07408655009173418
-627.3267326732673,0.07852108801170918
-627.3069306930693,0.08293043672878822
-627.2871287128713,0.08730237746567196
-627.2673267326733,0.09162628829552913
-627.2475247524752,0.09589279380923402
-627.2277227722773,0.10009350697472608
-627.2079207920792,0.10422083715935503
-627.1881188118812,0.1082678460812531
-627.1683168316832,0.11222813881873907
-627.1485148514852,0.11609578071201741
-627.1287128712871,0.11986523356868915
-627.1089108910891,0.12353130639188245
-627.0891089108911,0.12708911712789822
-627.0693069306931,0.13053406284252167
-627.049504950495,0.1338617963925565
-627.0297029702971,0.13706820813669798
-627.009900990099,0.14014941158027786
-626.990099009901,0.14310173210762545
-626.9702970297029,0.14592169814913392
-626.950495049505,0.14860603427556643
-626.930693069307,0.1511516558223853
-626.9108910891089,0.15355566473116167
-626.8910891089109,0.15581534635976393
-626.8712871287129,0.1579281670634922
-626.8514851485148,0.15989177238828098
-626.8316831683168,0.16170398574804912
-626.8118811881188,0.16336280748260257
-626.7920792079209,0.16486641421185186
-626.7722772277227,0.16621315841791393
-626.7524752475248,0.16740156819893137
-626.7326732673267,0.16843034714910976
-626.7128712871287,0.1692983743275294
-626.6930693069307,0.17000470428576964
-626.6732673267327,0.17054856712983035
-626.6534653465347,0.17092936859727373
-626.6336633663366,0.17114669013466727
-626.6138613861386,0.171200288964407
-626.5940594059406,0.171090098133436
-626.5742574257425,0.1708162265397104
-626.5544554455446,0.17037895893543273
-626.5346534653465,0.16977875590912309
-626.5148514851486,0.1690162538518026
-626.4950495049504,0.1680922649159873
-626.4752475247525,0.16700777697971356
-626.4554455445545,0.16576395363201551
-626.4356435643564,0.16436213420076334
-626.4158415841584,0.16280383384920347
-626.3960396039604,0.16109074377374724
-626.3762376237624,0.1592247315433823
-626.3564356435643,0.1572078416296339
-626.3366336633663,0.15504229618774065
-626.3168316831684,0.15273049616286505
-626.2970297029702,0.15027502281238034
-626.2772277227723,0.14767863975635734
-626.2574257425742,0.1449442956949723
-626.2376237623763,0.14207512796543348
-626.2178217821782,0.13907446715412633
-626.1980198019802,0.1359458430348314
-626.1782178217823,0.13269299217587593
-626.1584158415841,0.1293198676522795
-626.1386138613861,0.12583065142175529
-626.1188118811881,0.12222977008581791
-626.0990099009902,0.11852191497402653
-626.0792079207921,0.11471206778084984
-626.059405940594,0.11080553338022865
-626.0396039603961,0.10680798198447691
-626.0198019801979,0.10272550356196564
-626.0,0.09856467847082113
-625.9801980198021,0.09433266973298317
-625.960396039604,0.09003734445568382
-625.940594059406,0.08568743489070267
-625.9207920792079,0.08129275392736797
-625.90099009901,0.07686448606720292
-625.8811881188118,0.0724155840370845
-625.8613861386139,0.06796131444527544
-625.8415841584159,0.06352001495139495
-625.8217821782179,0.05911415213611915
-625.8019801980198,0.05477180447855893
-625.7821782178218,0.05052873490975705
-625.7623762376238,0.04643124434142956
-625.7425742574258,0.04253995514561918
-625.7227722772277,0.038934417237654326
-625.7029702970298,0.035717653479123056
-625.6831683168317,0.033018016340822014
-625.6633663366337,0.03098298744559343
-625.6435643564356,0.029758054974884127
-625.6237623762377,0.029449635136648392
-625.6039603960396,0.030087278655814047
-625.5841584158416,0.031611571444101295
-625.5643564356436,0.03389779983760892
-625.5445544554456,0.03679634811760748
-625.5247524752475,0.040164958853242304
-625.5049504950496,0.04388400397468648
-625.4851485148515,0.04785909971814811
-625.4653465346535,0.05201785979594872
-625.4455445544554,0.05630514831546238
-625.4257425742575,0.060678717940749444
-625.4059405940594,0.06510576014530998
-625.3861386138614,0.06956034658294288
-625.3663366336634,0.07402158374819727
-625.3465346534654,0.0784722952670653
-625.3267326732673,0.08289808130735943
-625.3069306930693,0.08728664393337685
-625.2871287128713,0.09162729953123014
-625.2673267326734,0.09591062327958783
-625.2475247524752,0.10012818746034102
-625.2277227722773,0.10427236703199012
-625.2079207920792,0.10833619387362182
-625.1881188118812,0.11231324659225823
-625.1683168316831,0.1161975665706883
-625.1485148514852,0.11998359356156212
-625.1287128712872,0.12366611597469661
-625.1089108910891,0.12724023230501408
-625.0891089108911,0.1307013210761592
-625.0693069306931,0.13404501734218371
-625.049504950495,0.13726719427441592
-625.0297029702971,0.14036394871593952
-625.009900990099,0.14333158984862338
-624.9900990099011,0.14616663031336427
-624.9702970297029,0.1488657792715098
-624.950495049505,0.15142593700665138
-624.9306930693069,0.15384419075137695
-624.9108910891089,0.1561178114886856
-624.8910891089109,0.1582442515287839
-624.8712871287129,0.1602211427012446
-624.8514851485149,0.16204629503380077
-624.8316831683168,0.1637176958134571
-624.8118811881188,0.1652335089451958
-624.7920792079209,0.1665920745393835
-624.7722772277227,0.16779190867152005
-624.7524752475248,0.16883170326825808
-624.7326732673267,0.16971032608246298
-624.7128712871288,0.1704268207267092
-624.6930693069306,0.17098040674084666
-624.6732673267327,0.17137047967430272
-624.6534653465347,0.17159661116799482
-624.6336633663366,0.1716585490249147
-624.6138613861386,0.17155621726167875
-624.5940594059406,0.1712897161368119
-624.5742574257426,0.17085932215458963
-624.5544554455446,0.17026548804632308
-624.5346534653465,0.1695088427342996
-624.5148514851486,0.16859019128669425
-624.4950495049504,0.16751051487560673
-624.4752475247525,0.16627097075414662
-624.4554455445544,0.16487289227339366
-624.4356435643565,0.16331778896494042
-624.4158415841584,0.1616073467212935
-624.3960396039604,0.1597434281136595
-624.3762376237624,0.1577280728957168
-624.3564356435643,0.15556349875278655
-624.3366336633663,0.15325210236944847
-624.3168316831684,0.15079646090519647
-624.2970297029703,0.14819933398872764
-624.2772277227723,0.14546366636751756
-624.2574257425742,0.14259259138280184
-624.2376237623763,0.1395894354822829
-624.2178217821781,0.13645772403774584
-624.1980198019802,0.13320118880474568
-624.1782178217823,0.12982377745418047
-624.1584158415842,0.12632966572560453
-624.1386138613861,0.12272327291251212
-624.1188118811881,0.1190092816025221
-624.0990099009902,0.1151926628824311
-624.0792079207921,0.11127870860695968
-624.059405940594,0.10727307286265093
-624.0396039603961,0.10318182549370834
-624.019801980198,0.09901152158229275
-624.0,0.09476929221852062
-623.980198019802,0.09046296394511906
-623.960396039604,0.08610121719763553
-623.940594059406,0.08169379830207513
-623.9207920792079,0.07725180575584238
-623.90099009901,0.07278808051115197
-623.8811881188119,0.06831774308858889
-623.8613861386139,0.06385893927922408
-623.8415841584159,0.05943388286664509
-623.8217821782179,0.05507031932671559
-623.8019801980198,0.05080357580724568
-623.7821782178218,0.046679393351471414
-623.7623762376238,0.042757704139483675
-623.7425742574258,0.03911728007418137
-623.7227722772277,0.035860437702870444
-623.7029702970298,0.03311527432998841
-623.6831683168317,0.031030124757508708
-623.6633663366337,0.029753141885101204
-623.6435643564356,0.029395225349501918
-623.6237623762377,0.029990849018365805
-623.6039603960396,0.03148388002221132
-623.5841584158416,0.03375022757054902
-623.5643564356436,0.036638872676954606
-623.5445544554456,0.04000537142108315
-623.5247524752475,0.04372800053661234
-623.5049504950495,0.04771071143808712
-623.4851485148515,0.05187990687563688
-623.4653465346535,0.05617960500048765
-623.4455445544554,0.06056697582181498
-623.4257425742575,0.06500880912013927
-623.4059405940594,0.06947889680466157
-623.3861386138614,0.07395614742288861
-623.3663366336634,0.0784232417102011
-623.3465346534654,0.08286567429322435
-623.3267326732673,0.08727106729064334
-623.3069306930693,0.09162867488191577
-623.2871287128713,0.0959290224777546
-623.2673267326733,0.1001636414180928
-623.2475247524752,0.10432487205694835
-623.2277227722773,0.10840571627442197
-623.2079207920792,0.11239972606679843
-623.1881188118812,0.11630091873106813
-623.1683168316831,0.12010371184195942
-623.1485148514852,0.12380287309496943
-623.1287128712872,0.12739348141272863
-623.1089108910891,0.1308708966549038
-623.0891089108911,0.13423073594958596
-623.0693069306931,0.13746885515614723
-623.049504950495,0.14058133432964856
-623.029702970297,0.14356446632274397
-623.009900990099,0.14641474785957012
-622.9900990099011,0.1491288725645884
-622.9702970297029,0.15170372554234188
-622.950495049505,0.1541363791898762
-622.9306930693069,0.1564240899898214
-622.9108910891089,0.1585642960831903
-622.8910891089109,0.16055461546088395
-622.8712871287129,0.1623928446442065
-622.8514851485149,0.16407695774952077
-622.8316831683168,0.1656051058517467
-622.8118811881188,0.16697561657733676
-622.7920792079208,0.16818699387011676
-622.7722772277227,0.16923791788370218
-622.7524752475248,0.17012724496281525
-622.7326732673267,0.17085400768299402
-622.7128712871288,0.17141741492395485
-622.6930693069306,0.17181685195718213
-622.6732673267327,0.17205188053253587
-622.6534653465347,0.1721222389527074
-622.6336633663366,0.17202784212774835
-622.6138613861386,0.17176878160530173
-622.5940594059406,0.1713453255751375
-622.5742574257426,0.17075791884984523
-622.5544554455445,0.17000718282656432
-622.5346534653465,0.169093915437945
-622.5148514851486,0.1680190911042042
-622.4950495049504,0.16678386070206708
-622.4752475247525,0.16538955157076887
-622.4554455445544,0.16383766758077187
-622.4356435643565,0.16212988929682
-622.4158415841584,0.16026807427424822
-622.3960396039604,0.15825425753656147
-622.3762376237624,0.15609065229273553
-622.3564356435643,0.15377965096637763
-622.3366336633663,0.1513238266249003
-622.3168316831683,0.14872593491770458
-622.2970297029703,0.1459889166581939
-622.2772277227723,0.1431159012169792
-622.2574257425742,0.14011021093565226
-622.2376237623763,0.13697536682400674
-622.2178217821781,0.13371509587298314
-622.1980198019802,0.1303333404062994
-622.1782178217823,0.12683427001212275
-622.1584158415842,0.12322229675368485
-622.1386138613861,0.11950209456714611
-622.1188118811881,0.11567862403699598
-622.0990099009902,0.11175716412199345
-622.079207920792,0.10774335292791133
-622.059405940594,0.10364324034680185
-622.0396039603961,0.09946335639083517
-622.019801980198,0.0952108004677069
-622.0,0.09089335886081663
-621.980198019802,0.08651966056687486
-621.960396039604,0.08209938581964807
-621.940594059406,0.07764354770414818
-621.9207920792079,0.0731648761425851
-621.90099009901,0.06867834649944038
-621.8811881188119,0.06420191384005969
-621.8613861386139,0.05975754049031412
-621.8415841584158,0.05537264033467701
-621.8217821782179,0.051082105831984505
-621.8019801980198,0.04693111794895333
-621.7821782178218,0.04297891496162596
-621.7623762376238,0.039303479168110333
-621.7425742574258,0.036006394072145204
-621.7227722772277,0.03321545199667546
-621.7029702970298,0.031079770232631494
-621.6831683168317,0.02975010770531176
-621.6633663366337,0.029341865753230504
-621.6435643564356,0.029894570723457196
-621.6237623762377,0.031355545667859044
-621.6039603960396,0.03360143617391694
-621.5841584158416,0.03647983713964104
-621.5643564356436,0.039844076066010654
-621.5445544554456,0.04357027830325039
-621.5247524752475,0.047560683008089605
-621.5049504950495,0.05174044837025197
-621.4851485148515,0.056052724673844034
-621.4653465346535,0.0604540855313797
-621.4455445544554,0.06491091055144865
-621.4257425742575,0.06939670668672246
-621.4059405940594,0.07389018132276497
-621.3861386138614,0.07837387030452993
-621.3663366336633,0.08283316145738506
-621.3465346534654,0.08725559614569528
-621.3267326732673,0.09163036580948951
-621.3069306930693,0.09594794572740381
-621.2871287128713,0.10019982603598303
-621.2673267326733,0.1043783122852168
-621.2475247524752,0.10847637619330308
-621.2277227722773,0.11248754300387709
-621.2079207920792,0.11640580579761985
-621.1881188118812,0.12022555984632036
-621.1683168316831,0.12394155200817124
-621.1485148514852,0.1275488415106353
-621.1287128712871,0.13104276942553603
-621.1089108910891,0.13441893482981337
-621.0891089108911,0.13767317614427896
-621.0693069306931,0.1408015565080525
-621.049504950495,0.14380035231577568
-621.029702970297,0.14666604424540974
-621.009900990099,0.14939531025495864
-620.9900990099011,0.1519850201405683
-620.9702970297029,0.15443223133508913
-620.950495049505,0.15673418569313938
-620.9306930693069,0.15888830706034085
-620.9108910891089,0.16089219946447042
-620.8910891089108,0.16274364579811879
-620.8712871287129,0.16444060688712703
-620.8514851485149,0.16598122085918599
-620.8316831683168,0.16736380274266804
-620.8118811881188,0.168586844238809
-620.7920792079208,0.16964901362073656
-620.7722772277227,0.17054915572130236
-620.7524752475248,0.17128629197915834
-620.7326732673267,0.17185962051815487
-620.7128712871288,0.17226851624035008
-620.6930693069306,0.1725125309174894
-620.6732673267327,0.17259139326950243
-620.6534653465346,0.17250500902212962
-620.6336633663366,0.17225346093922994
-620.6138613861386,0.17183700882818562
-620.5940594059406,0.17125608952002008
-620.5742574257426,0.1705113168290857
-620.5544554455445,0.16960348150016166
-620.5346534653465,0.16853355115465418
-620.5148514851486,0.16730267025139944
-620.4950495049504,0.16591216008187137
-620.4752475247525,0.16436351882516545
-620.4554455445544,0.16265842169368447
-620.4356435643565,0.16079872120817412
-620.4158415841583,0.15878644764911934
-620.3960396039604,0.15662380974239615
-620.3762376237624,0.15431319564994544
-620.3564356435643,0.15185717435267082
-620.3366336633663,0.14925849753274298
-620.3168316831683,0.1465201020881742
-620.2970297029703,0.14364511344455866
-620.2772277227723,0.1406368498702432
-620.2574257425742,0.13749882805357772
-620.2376237623763,0.1342347702697305
-620.2178217821781,0.13084861355306093
-620.1980198019802,0.1273445214081403
-620.1782178217821,0.12372689874700314
-620.1584158415842,0.12000041094634209
-620.1386138613861,0.11617000819556614
-620.1188118811881,0.11224095668281121
-620.0990099009902,0.10821887868056222
-620.079207920792,0.10410980430364863
-620.059405940594,0.09992023870368155
-620.0396039603961,0.09565724985932707
-620.019801980198,0.09132858410460103
-620.0,0.08694281938054531
-619.980198019802,0.08250957030671767
-619.960396039604,0.07803976515626
-619.9405940594058,0.07354602357739809
-619.9207920792079,0.06904317672545429
-619.90099009901,0.0645489901050261
-619.8811881188119,0.060085175957351196
-619.8613861386139,0.055678818041999235
-619.8415841584158,0.051364375315447665
-619.8217821782179,0.04718646861906062
-619.8019801980198,0.04320363888078179
-619.7821782178218,0.039493067610252876
-619.7623762376238,0.036155579005295674
-619.7425742574258,0.03331861065156894
-619.7227722772277,0.031131990149940773
-619.7029702970297,0.029749019606842748
-619.6831683168317,0.029289615179442334
-619.6633663366337,0.02979848418443843
-619.6435643564356,0.03122658605899721
-619.6237623762377,0.03345142354358599
-619.6039603960396,0.03631922610184342
-619.5841584158416,0.03968105030303928
-619.5643564356436,0.043410812161192074
-619.5445544554456,0.047408989420226366
-619.5247524752475,0.05159946090408608
-619.5049504950495,0.05592448638398135
-619.4851485148515,0.06034002891943259
-619.4653465346535,0.06481204924523384
-619.4455445544554,0.06931376403066067
-619.4257425742575,0.07382367622814048
-619.4059405940594,0.07832417476712408
-619.3861386138614,0.08280053940240371
-619.3663366336633,0.08724022993390192
-619.3465346534654,0.09163237453167328
-619.3267326732674,0.09596739798167565
-619.3069306930693,0.10023674895935539
-619.2871287128713,0.10443269801449839
-619.2673267326733,0.10854818654334296
-619.2475247524752,0.11257671289713174
-619.2277227722772,0.11651224581129149
-619.2079207920792,0.12034915813066147
-619.1881188118813,0.12408217575369583
-619.1683168316831,0.12770633808983523
-619.1485148514852,0.131216967298973
-619.1287128712871,0.13460964428108838
-619.1089108910891,0.13788018989095335
-619.0891089108911,0.14102465022282987
-619.0693069306931,0.14403928508325814
-619.0495049504951,0.14692055897323245
-619.029702970297,0.14966513405324341
-619.009900990099,0.15226986468011672
-618.990099009901,0.1547317931921273
-618.9702970297029,0.157048146686539
-618.950495049505,0.159216334585598
-618.9306930693069,0.161233946827758
-618.910891089109,0.16309875255274917
-618.8910891089108,0.16480869917420454
-618.8712871287129,0.1663619117535941
-618.8514851485149,0.1677566926052291
-618.8316831683168,0.16899152107505755
-618.8118811881188,0.17006505344646958
-618.7920792079208,0.1709761229349735
-618.7722772277228,0.1717237397407784
-618.7524752475247,0.17230709113440523
-618.7326732673267,0.17272554155538367
-618.7128712871288,0.17297863270869077
-618.6930693069306,0.17306608364744158
-618.6732673267327,0.1729877908338183
-618.6534653465346,0.1727438281735574
-618.6336633663367,0.17233444702229553
-618.6138613861386,0.17176007616531747
-618.5940594059406,0.17102132177524265
-618.5742574257426,0.17011896735537832
-618.5544554455445,0.16905397368020258
-618.5346534653465,0.16782747874801798
-618.5148514851485,0.1664407977655611
-618.4950495049505,0.16489542318923342
-618.4752475247525,0.16319302485360612
-618.4554455445544,0.16133545022518714
-618.4356435643565,0.1593247248277867
-618.4158415841583,0.15716305289653387
-618.3960396039604,0.1548528183302981
-618.3762376237624,0.15239658602835457
-618.3564356435644,0.14979710371701183
-618.3366336633663,0.14705730439693884
-618.3168316831683,0.144180309573757
-618.2970297029703,0.14116943347481323
-618.2772277227723,0.13802818850705037
-618.2574257425742,0.13476029227810146
-618.2376237623763,0.1313696765902296
-618.2178217821782,0.1278604989316222
-618.1980198019802,0.12423715714151215
-618.1782178217821,0.12050430812842304
-618.1584158415842,0.11666689179303873
-618.1386138613861,0.11273016167723651
-618.1188118811881,0.10869972436655406
-618.0990099009902,0.10458159037207125
-618.0792079207921,0.10038224019250763
-618.059405940594,0.09610871062867103
-618.0396039603961,0.09176870837243534
-618.019801980198,0.08737076068893194
-618.0,0.08292441705749687
-617.980198019802,0.0784405215350196
-617.960396039604,0.0739315842463479
-617.940594059406,0.06941229307926144
-617.9207920792079,0.06490022513885861
-617.90099009901,0.0604168439566913
-617.8811881188119,0.0559889046492832
-617.8613861386139,0.05165043390259604
-617.8415841584158,0.047445492489040855
-617.8217821782179,0.0434319207572744
-617.8019801980199,0.039686088613977356
-617.7821782178218,0.036308035169215006
-617.7623762376238,0.03342479370526749
-617.7425742574258,0.031186828762326015
-617.7227722772277,0.029749919016055972
-617.7029702970297,0.02923850364138168
-617.6831683168317,0.02970259861315519
-617.6633663366338,0.031096986081845985
-617.6435643564356,0.033300154140659254
-617.6237623762377,0.036156990985052505
-617.6039603960396,0.039516239385235644
-617.5841584158416,0.04324954601352413
-617.5643564356436,0.047255576111564605
-617.5445544554456,0.05145689299536157
-617.5247524752476,0.05579484247544295
-617.5049504950495,0.06022476245782513
-617.4851485148515,0.0647121858694037
-617.4653465346535,0.06923003365484234
-617.4455445544554,0.07375660101101858
-617.4257425742575,0.07827412790840761
-617.4059405940594,0.08276778475964605
-617.3861386138615,0.08722494899545129
-617.3663366336633,0.09163468499355042
-617.3465346534654,0.09598736669556242
-617.3267326732674,0.10027440106648176
-617.3069306930693,0.10448802346720766
-617.2871287128713,0.10862114481823727
-617.2673267326733,0.11266723644393517
-617.2475247524753,0.11662024260968133
-617.2277227722772,0.12047451361264944
-617.2079207920792,0.12422475427154307
-617.1881188118813,0.12786598405679842
-617.1683168316831,0.13139350609341605
-617.1485148514852,0.13480288297934423
-617.1287128712871,0.13808991787611452
-617.1089108910892,0.14125063970411064
-617.0891089108911,0.14428129155136277
-617.0693069306931,0.14717832161048588
-617.0495049504951,0.14993837611255822
-617.029702970297,0.1525582938431543
-617.009900990099,0.1550351019145193
-616.990099009901,0.15736601253595123
-616.970297029703,0.15954842057700494
-616.950495049505,0.161579901759183
-616.9306930693069,0.16345821134378388
-616.910891089109,0.16518128320901987
-616.8910891089108,0.16674722922962987
-616.8712871287129,0.16815433888835787
-616.8514851485149,0.16940107906157967
-616.8316831683169,0.1704860939322118
-616.8118811881188,0.1714082049913651
-616.7920792079208,0.17216641109776532
-616.7722772277228,0.17275988856969893
-616.7524752475247,0.17318799128956314
-616.7326732673267,0.17345025080551368
-616.7128712871288,0.17354637641846415
-616.6930693069307,0.1734762552464743
-616.6732673267327,0.1732399522615131
-616.6534653465346,0.1728377102969372
-616.6336633663367,0.1722699500269814
-616.6138613861386,0.1715372699225071
-616.5940594059406,0.17064044619076832
-616.5742574257426,0.16958043271018589
-616.5544554455446,0.16835836097508242
-616.5346534653465,0.16697554006967627
-616.5148514851485,0.16543345669566364
-616.4950495049505,0.163733775283668
-616.4752475247525,0.16187833822577985
-616.4554455445544,0.15986916627502798
-616.4356435643565,0.1577084591678561
-616.4158415841584,0.15539859653837126
-616.3960396039604,0.1529421392089941
-616.3762376237624,0.1503418309615005
-616.3564356435644,0.14760060091738136
-616.3366336633663,0.1447215666874863
-616.3168316831683,0.14170803849080754
-616.2970297029703,0.1385635244933369
-616.2772277227723,0.13529173768406672
-616.2574257425742,0.13189660469120204
-616.2376237623763,0.1283822770546774
-616.2178217821782,0.12475314562050804
-616.1980198019802,0.1210138589216485
-616.1782178217821,0.11716934667800219
-616.1584158415842,0.11322484991143568
-616.1386138613861,0.10918595966896993
-616.1188118811881,0.10505866703395786
-616.0990099009902,0.10084942806279694
-616.0792079207921,0.0965652486331106
-616.059405940594,0.0922137961059475
-616.039603960396,0.08780354745530884
-616.019801980198,0.08334398750040609
-616.0,0.07884587668537991
-615.980198019802,0.07432161637266861
-615.960396039604,0.0697857521385943
-615.940594059406,0.06525567387143229
-615.9207920792079,0.06075259780148438
-615.90099009901,0.05630295193953156
-615.8811881188119,0.051940332028461975
-615.8613861386139,0.04770823899537697
-615.8415841584158,0.04366380966584704
-615.8217821782179,0.039882591982790025
-615.8019801980198,0.03646381475494821
-615.7821782178218,0.03353405765451918
-615.7623762376238,0.031244347583524994
-615.7425742574258,0.029752869143566243
-615.7227722772277,0.02918858714756714
-615.7029702970297,0.02960695234630823
-615.6831683168317,0.03096676156916289
-615.6633663366338,0.033147624278028476
-615.6435643564356,0.03599311553573108
-615.6237623762377,0.039349621204554146
-615.6039603960396,0.043086456659272916
-615.5841584158416,0.047100421649851495
-615.5643564356435,0.05131272652182685
-615.5445544554456,0.05566377888749472
-615.5247524752476,0.06010827646411017
-615.5049504950495,0.06461131521099223
-615.4851485148515,0.06914551479685228
-615.4653465346535,0.07368895929166729
-615.4455445544554,0.07822373764563516
-615.4257425742575,0.08273490965527178
-615.4059405940594,0.08720976958175794
-615.3861386138615,0.09163731749525515
-615.3663366336633,0.09600787614882789
-615.3465346534654,0.10031281055471106
-615.3267326732673,0.10454432070221298
-615.3069306930693,0.10869528688726601
-615.2871287128713,0.11275915327678517
-615.2673267326733,0.11672983954430743
-615.2475247524753,0.1206016733207064
-615.2277227722772,0.12436933822639679
-615.2079207920792,0.12802783367254883
-615.1881188118813,0.13157244362666334
-615.1683168316831,0.13499871225941146
-615.1485148514852,0.13830242491138095
-615.1287128712871,0.1414795931992809
-615.1089108910892,0.1445264433611287
-615.089108910891,0.14743940714852263
-615.0693069306931,0.1502151147297901
-615.0495049504951,0.15285038918578647
-615.029702970297,0.15534224226956808
-615.009900990099,0.15768787117010832
-614.990099009901,0.15988465607315994
-614.970297029703,0.16193015835374536
-614.950495049505,0.16382211926722667
-614.9306930693069,0.1655584590312767
-614.910891089109,0.1671372762114479
-614.8910891089108,0.168556847339417
-614.8712871287129,0.1698156267057946
-614.8514851485148,0.17091224628030982
-614.8316831683169,0.17184551572075774
-614.8118811881188,0.17261442243940137
-614.7920792079208,0.1732181317014992
-614.7722772277228,0.17365598673594118
-614.7524752475247,0.17392750884217983
-614.7326732673267,0.17403239748179652
-614.7128712871288,0.1739705303464202
-614.6930693069307,0.17374196339698533
-614.6732673267327,0.17334693087243452
-614.6534653465346,0.1727858452690294
-614.6336633663367,0.17205929729435074
-614.6138613861385,0.17116805580353828
-614.5940594059406,0.17011306772846319
-614.5742574257426,0.16889545801463207
-614.5544554455446,0.16751652958464058
-614.5346534653465,0.1659777633522476
-614.5148514851485,0.16428081831678146
-614.4950495049505,0.16242753177458394
-614.4752475247525,0.16041991969266745
-614.4554455445544,0.15826017729973973
-614.4356435643565,0.1559506799624346
-614.4158415841584,0.153493984430021
-614.3960396039604,0.1508928305500546
-614.3762376237623,0.14815014358198708
-614.3564356435644,0.14526903726603907
-614.3366336633663,0.14225281784440627
-614.3168316831683,0.13910498928145693
-614.2970297029703,0.13582925999519135
-614.2772277227723,0.13242955149640298
-614.2574257425742,0.12891000944341405
-614.2376237623763,0.12527501776674882
-614.2178217821782,0.12152921671435536
-614.1980198019802,0.11767752593076129
-614.1782178217821,0.11372517404099654
-614.1584158415842,0.10967773669826608
-614.1386138613861,0.10554118572945713
-614.1188118811881,0.10132195295331659
-614.0990099009902,0.09702701357140599
-614.0792079207921,0.0926639959156143
-614.059405940594,0.08824132704113324
-614.039603960396,0.08376842757105384
-614.019801980198,0.07925597491924842
-614.0,0.07471626241943823
-613.980198019802,0.07016369425717829
-613.960396039604,0.0656154742411164
-613.940594059406,0.061092572651719065
-613.9207920792079,0.056621091862963706
-613.9009900990098,0.052234197926986074
-613.8811881188119,0.047974832081902764
-613.8613861386139,0.04389942465472655
-613.8415841584158,0.0400826913002148
-613.8217821782179,0.03662302537897508
-613.8019801980198,0.033646503405958116
-613.7821782178218,0.0313046385560311
-613.7623762376238,0.029757946819568688
-613.7425742574258,0.02913991642482746
-613.7227722772277,0.029511558818161688
-613.7029702970297,0.03083588491947081
-613.6831683168317,0.032993770919050695
-613.6633663366337,0.035827511441314824
-613.6435643564356,0.039181091834962704
-613.6237623762377,0.04292143166062439
-613.6039603960396,0.0469434096747529
-613.5841584158416,0.05116684398277557
-613.5643564356435,0.05553117861815792
-613.5445544554456,0.0599904553919113
-613.5247524752476,0.06450932373826412
-613.5049504950495,0.06906009626788147
-613.4851485148515,0.0736206424180521
-613.4653465346535,0.07817289797849483
-613.4455445544554,0.08270181080859748
-613.4257425742574,0.08719459117125239
-613.4059405940594,0.09164017429624598
-613.3861386138615,0.09602883139284628
-613.3663366336633,0.10035188527090451
-613.3465346534654,0.10460150036041166
-613.3267326732673,0.10877052618030848
-613.3069306930693,0.11285237960655035
-613.2871287128713,0.11684095559660322
-613.2673267326733,0.12073055899424595
-613.2475247524753,0.12451585210096479
-613.2277227722772,0.12819181414643024
-613.2079207920792,0.13175370981601403
-613.1881188118812,0.1351970647258328
-613.1683168316831,0.1385176462658544
-613.1485148514852,0.14171144861718676
-613.1287128712871,0.14477468103431854
-613.1089108910892,0.1477037586930458
-613.089108910891,0.15049529556356186
-613.0693069306931,0.1531460988863873
-613.0495049504951,0.1556531649201429
-613.029702970297,0.15801367569900837
-613.009900990099,0.1602249965916929
-612.990099009901,0.16228467449519873
-612.970297029703,0.16419043652940868
-612.9504950495049,0.16594018912428293
-612.9306930693069,0.1675320174117779
-612.910891089109,0.16896418485109416
-612.8910891089108,0.17023513302897497
-612.8712871287129,0.17134348158742743
-612.8514851485148,0.17228802824023165
-612.8316831683169,0.1730677488464985
-612.8118811881188,0.17368179751605972
-612.7920792079208,0.17412950672628935
-612.7722772277228,0.17441038743459736
-612.7524752475247,0.17452412917466972
-612.7326732673267,0.17447060012809268
-612.7128712871287,0.17424984716624645
-612.6930693069307,0.173862095860371
-612.6732673267327,0.17330775046081118
-612.6534653465346,0.17258739384942096
-612.6336633663367,0.17170178747231554
-612.6138613861385,0.1706518712636661
-612.5940594059406,0.16943876357472853
-612.5742574257426,0.1680637611269722
-612.5544554455446,0.16652833901266342
-612.5346534653465,0.16483415077236746
-612.5148514851485,0.1629830285853919
-612.4950495049505,0.16097698361770899
-612.4752475247524,0.15881820658165108
-612.4554455445544,0.15650906857428157
-612.4356435643565,0.1540521222762622
-612.4158415841584,0.15145010361239394
-612.3960396039604,0.14870593399854115
-612.3762376237623,0.1458227233302317
-612.3564356435644,0.14280377390642884
-612.3366336633663,0.1396525855316732
-612.3168316831683,0.13637286210351873
-612.2970297029703,0.1329685200754919
-612.2772277227723,0.12944369929491276
-612.2574257425742,0.12580277685938082
-612.2376237623762,0.12205038482792353
-612.2178217821782,0.11819143288174211
-612.1980198019802,0.11423113737994549
-612.1782178217821,0.11017505873586188
-612.1584158415842,0.1060291497021911
-612.1386138613861,0.10179981807791098
-612.1188118811881,0.09749400865150495
-612.0990099009902,0.09311931104682666
-612.0792079207921,0.08868410279639043
-612.059405940594,0.08419774082081985
-612.039603960396,0.07967082012357996
-612.019801980198,0.07511552679118963
-612.0,0.07054612460138743
-611.980198019802,0.06597963250344815
-611.960396039604,0.06143677629284251
-611.940594059406,0.05694333433516311
-611.9207920792079,0.05253204447516349
-611.9009900990098,0.04824528876038333
-611.8811881188119,0.044138788552558525
-611.861386138614,0.040286417617562575
-611.8415841584158,0.03678570959367233
-611.8217821782179,0.03376218882959077
-611.8019801980198,0.03136777753848065
-611.7821782178218,0.02976524392970033
-611.7623762376237,0.02909259013727143
-611.7425742574258,0.029416510434977613
-611.7227722772278,0.030704433818387587
-611.7029702970297,0.03283865695519019
-611.6831683168317,0.03566023178111414
-611.6633663366337,0.03901070004878572
-611.6435643564356,0.042754519448626405
-611.6237623762377,0.04678459057649244
-611.6039603960396,0.051019298867184544
-611.5841584158417,0.05539709872288416
-611.5643564356435,0.0598713599834334
-611.5445544554456,0.06440627583798465
-611.5247524752475,0.06897384599148394
-611.5049504950495,0.07355172172462858
-611.4851485148515,0.07812168352983426
-611.4653465346535,0.0826685660201892
-611.4455445544555,0.08717949464558723
-611.4257425742574,0.09164333927602787
-611.4059405940594,0.09605031923329546
-611.3861386138615,0.10039171488478149
-611.3663366336633,0.10465965492102103
-611.3465346534654,0.10884695793717966
-611.3267326732673,0.11294701338904276
-611.3069306930694,0.1169536913966946
-611.2871287128712,0.1208612738979627
-611.2673267326733,0.12466440175577341
-611.2475247524753,0.12835803389645623
-611.2277227722772,0.13193741559836833
-611.2079207920792,0.1353980537951936
-611.1881188118812,0.13873569779544143
-611.1683168316832,0.14194632421150188
-611.1485148514852,0.14502612517913918
-611.1287128712871,0.1479714991618789
-611.1089108910892,0.15077904379437695
-611.089108910891,0.15344555033924007
-611.0693069306931,0.1559679994232311
-611.049504950495,0.15834355778909448
-611.0297029702971,0.16056957585301804
-611.009900990099,0.16264358590010045
-610.990099009901,0.16456330078290535
-610.970297029703,0.16632661301419477
-610.9504950495049,0.16793159416555026
-610.9306930693069,0.16937649449997447
-610.910891089109,0.17065974277990345
-610.8910891089109,0.17177994620282327
-610.8712871287129,0.1727358904254607
-610.8514851485148,0.17352653964485656
-610.8316831683169,0.17415103671074608
-610.8118811881187,0.174608703248801
-610.7920792079208,0.17489903977885798
-610.7722772277228,0.1750217258159861
-610.7524752475248,0.174976619945999
-610.7326732673267,0.17476375987011938
-610.7128712871287,0.17438336241652497
-610.6930693069307,0.17383582351969726
-610.6732673267327,0.1731217181712748
-610.6534653465346,0.17224180034951178
-610.6336633663367,0.1711970029376773
-610.6138613861386,0.16998843764545782
-610.5940594059406,0.1686173949517011
-610.5742574257425,0.1670853440917118
-610.5544554455446,0.1653939331178433
-610.5346534653465,0.16354498906909878
-610.5148514851485,0.16154051829335625
-610.4950495049505,0.1593827069758954
-610.4752475247525,0.15707392193992653
-610.4554455445544,0.15461671179987177
-610.4356435643565,0.15201380856682378
-610.4158415841584,0.14926812982909876
-610.3960396039604,0.1463827816606764
-610.3762376237623,0.14336106244800542
-610.3564356435644,0.14020646787437008
-610.3366336633663,0.13692269736388782
-610.3168316831683,0.13351366236891388
-610.2970297029703,0.12998349699195202
-610.2772277227723,0.1263365715749913
-610.2574257425742,0.12257751007834368
-610.2376237623762,0.11871121232494546
-610.2178217821782,0.11474288253083098
-610.1980198019803,0.11067806601372533
-610.1782178217821,0.10652269662297427
-610.1584158415842,0.10228315834182163
-610.1386138613861,0.09796636579210412
-610.1188118811881,0.09357987019037059
-610.09900990099,0.08913199991777913
-610.0792079207921,0.08463204865543901
-610.0594059405942,0.08009052957841992
-610.039603960396,0.07551952226056878
-610.019801980198,0.07093315099691568
-610.0,0.06634825102678829
-609.980198019802,0.06178530504112267
-609.960396039604,0.05726976892973057
-609.940594059406,0.05283395371548627
-609.920792079208,0.04851968267826368
-609.9009900990098,0.04438196574340528
-609.8811881188119,0.0404938253266605
-609.8613861386139,0.03695191138943744
-609.8415841584158,0.03388114737211534
-609.8217821782179,0.03143378658606052
-609.8019801980198,0.029774767220744052
-609.7821782178219,0.029046591126181995
-609.7623762376237,0.029321756643807723
-609.7425742574258,0.030572321627588
-609.7227722772278,0.03268216617991138
-609.7029702970297,0.03549114168960782
-609.6831683168317,0.038838302293396375
-609.6633663366337,0.04258557473100975
-609.6435643564357,0.04662382146369257
-609.6237623762376,0.05086995289909452
-609.6039603960396,0.05526140660542529
-609.5841584158417,0.05975086375055118
-609.5643564356435,0.06430205122570809
-609.5445544554456,0.06888664981781728
-609.5247524752475,0.07348208905278979
-609.5049504950496,0.07806999196166133
-609.4851485148515,0.08263507859856067
-609.4653465346535,0.08716438879334493
-609.4455445544555,0.0916467265491688
-609.4257425742574,0.09607225897022746
-609.4059405940594,0.10043222375457972
-609.3861386138614,0.10471871368508888
-609.3663366336634,0.10892451629699242
-609.3465346534654,0.11304299350568014
-609.3267326732673,0.11706799048018576
-609.3069306930694,0.1209937661398145
-609.2871287128712,0.12481493979455716
-609.2673267326733,0.12852644994965365
-609.2475247524753,0.13212352235497893
-609.2277227722773,0.13560164513641942
-609.2079207920792,0.13895654939224855
-609.1881188118812,0.14218419403430357
-609.1683168316832,0.14528075394547627
-609.1485148514851,0.14824261074105025
-609.1287128712871,0.15106634558304557
-609.1089108910892,0.1537487336184541
-609.0891089108911,0.15628673970453388
-609.0693069306931,0.15867751515543824
-609.049504950495,0.1609183952987131
-609.0297029702971,0.16300689767291388
-609.009900990099,0.16494072073053256
-608.990099009901,0.16671774293672337
-608.970297029703,0.16833602217488722
-608.950495049505,0.16979379538700357
-608.9306930693069,0.17108947838970007
-608.9108910891089,0.1722216658179797
-608.8910891089109,0.1731891311574094
-608.8712871287129,0.1739908268329204
-608.8514851485148,0.17462588432841034
-608.8316831683169,0.17509361431663625
-608.8118811881188,0.17539350678330992
-608.7920792079208,0.17552523113324314
-608.7722772277228,0.17548863626988026
-608.7524752475248,0.1752837506428676
-608.7326732673267,0.1749107822612805
-608.7128712871287,0.17437011867311172
-608.6930693069307,0.17366232691481687
-608.6732673267327,0.17278815343752338
-608.6534653465346,0.17174852402016091
-608.6336633663367,0.1705445436833265
-608.6138613861386,0.16917749662178755
-608.5940594059406,0.16764884617852188
-608.5742574257425,0.16596023488859413
-608.5544554455446,0.1641134846279094
-608.5346534653465,0.1621105969099205
-608.5148514851485,0.159953753383103
-608.4950495049505,0.1576453165937417
-608.4752475247525,0.1551878310937767
-608.4554455445544,0.152584024991397
-608.4356435643564,0.1498368120654473
-608.4158415841584,0.14694929459397393
-608.3960396039604,0.143924767084401
-608.3762376237623,0.14076672114061672
-608.3564356435644,0.13747885176410474
-608.3366336633663,0.13406506546654015
-608.3168316831683,0.13052949067677083
-608.2970297029703,0.12687649106438323
-608.2772277227723,0.12311068258782683
-608.2574257425742,0.11923695532459862
-608.2376237623762,0.11526050147938724
-608.2178217821782,0.11118685142902314
-608.1980198019803,0.10702192030235848
-608.1782178217821,0.10277206848508136
-608.1584158415842,0.09844418069525172
-608.1386138613861,0.09404577006238934
-608.1188118811881,0.08958511621068183
-608.09900990099,0.08507145007226778
-608.0792079207921,0.08051520360894238
-608.0594059405942,0.07592835065675671
-608.039603960396,0.07132487700266238
-608.019801980198,0.06672143538759441
-608.0,0.062138266857946774
-607.980198019802,0.05760050646554009
-607.960396039604,0.053140039941213205
-607.940594059406,0.04879813242532614
-607.920792079208,0.044629080231809316
-607.9009900990098,0.040705045370335494
-607.8811881188119,0.03712177059943161
-607.8613861386139,0.0340035296993054
-607.8415841584158,0.031502827422782625
-607.8217821782179,0.029786684533912623
-607.8019801980198,0.029002080649149047
-607.7821782178219,0.029227435711020273
-607.7623762376237,0.03043965329954982
-607.7425742574258,0.032524370765482494
-607.7227722772278,0.03532028794104026
-607.7029702970297,0.038663928345373154
-607.6831683168317,0.042414616844148746
-607.6633663366337,0.04646111559560985
-607.6435643564357,0.05071881597558431
-607.6237623762376,0.055124110463666894
-607.6039603960396,0.059628974226492555
-607.5841584158417,0.06419665743649258
-607.5643564356435,0.06879851573334303
-607.5445544554456,0.07341175315920681
-607.5247524752475,0.07801783303799277
-607.5049504950496,0.08260135949892497
-607.4851485148515,0.08714928590830871
-607.4653465346535,0.09165034986908828
-607.4455445544555,0.09609466591792117
-607.4257425742574,0.10047342884085118
-607.4059405940594,0.10477869533197842
-607.3861386138614,0.10900322171939777
-607.3663366336634,0.11314034224829768
-607.3465346534654,0.11718387701445186
-607.3267326732673,0.12112806179837278
-607.3069306930694,0.12496749423562324
-607.2871287128712,0.12869709228614964
-607.2673267326733,0.13231206204367632
-607.2475247524753,0.13580787269525454
-607.2277227722773,0.1391802369946916
-607.2079207920792,0.14242509601635928
-607.1881188118812,0.14553860725117662
-607.1683168316832,0.14851713532553543
-607.1485148514851,0.15135724478726825
-607.1287128712871,0.1540556945257331
-607.1089108910892,0.15660943348687198
-607.0891089108911,0.15901559741507082
-607.0693069306931,0.16127150640925858
-607.049504950495,0.16337466312307913
-607.0297029702971,0.16532275147258962
-607.009900990099,0.1671136357413401
-606.990099009901,0.1687453599933602
-606.970297029703,0.17021614772151328
-606.950495049505,0.1715244016718547
-606.9306930693069,0.17266870379583005
-606.9108910891089,0.17364781529070203
-606.8910891089109,0.1744606766962905
-606.8712871287129,0.17510640802205013
-606.8514851485148,0.17558430888377877
-606.8316831683169,0.1758938586338269
-606.8118811881188,0.17603471647243563
-606.7920792079208,0.17600672153148303
-606.7722772277228,0.175809892925125
-606.7524752475248,0.175444429764773
-606.7326732673267,0.17491071113897183
-606.7128712871287,0.17420929606164773
-606.6930693069307,0.17334092339521062
-606.6732673267327,0.17230651175856024
-606.6534653465346,0.17110715943345087
-606.6336633663367,0.16974414428690807
-606.6138613861386,0.16821892373207445
-606.5940594059406,0.16653313475544132
-606.5742574257425,0.16468859404487654
-606.5544554455446,0.16268729826093514
-606.5346534653465,0.16053142450327232
-606.5148514851485,0.15822333103596115
-606.4950495049505,0.1557655583499508
-606.4752475247525,0.15316083065893743
-606.4554455445544,0.15041205794786644
-606.4356435643564,0.14752233872184103
-606.4158415841584,0.14449496363998068
-606.3960396039604,0.14133342026560786
-606.3762376237623,0.13804139922507813
-606.3564356435644,0.13462280214629363
-606.3366336633663,0.13108175185162768
-606.3168316831683,0.12742260541692108
-606.2970297029703,0.12364997089053388
-606.2772277227723,0.1197687287115297
-606.2574257425742,0.115784059198336
-606.2376237623762,0.11170147793375294
-606.2178217821782,0.10752688149996262
-606.1980198019802,0.1032666068925694
-606.1782178217821,0.09892750917614919
-606.1584158415842,0.0945170636984133
-606.1386138613861,0.09004350170306664
-606.1188118811881,0.08551599184252351
-606.09900990099,0.08094488545499486
-606.0792079207921,0.07634205138363473
-606.0594059405942,0.0717213378472487
-606.039603960396,0.0670992162612647
-606.019801980198,0.062495687448038385
-606.0,0.05793556722659242
-605.980198019802,0.05345031755763395
-605.9603960396039,0.04908064612283728
-605.940594059406,0.0448801336283971
-605.920792079208,0.04092007302209494
-605.9009900990098,0.03729527701821452
-605.8811881188119,0.03412932173291299
-605.8613861386139,0.031574883500461504
-605.8415841584158,0.029800975296716332
-605.8217821782179,0.028959026905427072
-605.8019801980198,0.029133494562160023
-605.7821782178219,0.030306349850512247
-605.7623762376237,0.032365170415407964
-605.7425742574258,0.035147558457542624
-605.7227722772277,0.03848746323897648
-605.7029702970297,0.04224153389575113
-605.6831683168317,0.04629636738120852
-605.6633663366337,0.05056579021971659
-605.6435643564357,0.05498512052810485
-605.6237623762376,0.059505609632768734
-605.6039603960396,0.06409002034248233
-605.5841584158417,0.06870937684466069
-605.5643564356435,0.07334065396449202
-605.5445544554456,0.07796515310048235
-605.5247524752475,0.08256736112991572
-605.5049504950496,0.08713414415274888
-605.4851485148514,0.09165417287645997
-605.4653465346535,0.09611750895407103
-605.4455445544555,0.10051530404620723
-605.4257425742574,0.104839578601896
-605.4059405940594,0.10908305761576649
-605.3861386138614,0.11323904755042095
-605.3663366336634,0.11730134332063863
-605.3465346534654,0.12126415745981103
-605.3267326732673,0.12512206581750163
-605.3069306930694,0.12886996569221396
-605.2871287128712,0.13250304340054567
-605.2673267326733,0.13601674906502173
-605.2475247524752,0.13940677696509787
-605.2277227722773,0.14266905020419227
-605.2079207920792,0.1457997087449093
-605.1881188118812,0.1487951000862285
-605.1683168316832,0.15165177202170493
-605.1485148514851,0.15436646704225238
-605.1287128712871,0.15693611804139715
-605.1089108910892,0.1593578450530598
-605.0891089108911,0.161628952807752
-605.0693069306931,0.16374692893575518
-605.049504950495,0.1657094426801452
-605.0297029702971,0.16751434400855256
-605.0099009900989,0.16915966303397506
-604.990099009901,0.17064360967144412
-604.970297029703,0.17196457347112262
-604.950495049505,0.17312112357913093
-604.9306930693069,0.17411200878659955
-604.9108910891089,0.17493615763454792
-604.8910891089109,0.17559267854867214
-604.8712871287129,0.17608085998310996
-604.8514851485148,0.17640017055695748
-604.8316831683169,0.1765502591709832
-604.8118811881188,0.1765309550957934
-604.7920792079208,0.17634226802564132
-604.7722772277227,0.1759843880953912
-604.7524752475248,0.1754576858608726
-604.7326732673267,0.17476271224593104
-604.7128712871287,0.17390019846263655
-604.6930693069307,0.17287105591422358
-604.6732673267327,0.17167637609409941
-604.6534653465346,0.17031743049822715
-604.6336633663367,0.16879567057293124
-604.6138613861386,0.1671127277255953
-604.5940594059406,0.165270413432064
-604.5742574257425,0.1632707194826214
-604.5544554455446,0.16111581841757042
-604.5346534653465,0.15880806421513874
-604.5148514851485,0.15634999330870328
-604.4950495049505,0.1537443260282384
-604.4752475247525,0.15099396858305103
-604.4554455445544,0.1481020157313957
-604.4356435643564,0.14507175431832223
-604.4158415841584,0.14190666790955234
-604.3960396039605,0.13861044280852713
-604.3762376237623,0.1351869758216179
-604.3564356435644,0.1316403842380483
-604.3366336633663,0.12797501862566724
-604.3168316831683,0.12419547922263262
-604.2970297029702,0.12030663694594555
-604.2772277227723,0.11631366036360805
-604.2574257425744,0.11222205042385523
-604.2376237623762,0.1080376853505474
-604.2178217821782,0.10376687897375797
-604.1980198019802,0.09941645697484623
-604.1782178217821,0.09499385724872043
-604.1584158415842,0.09050726306325196
-604.1386138613861,0.08596578129412734
-604.1188118811882,0.08137968328660022
-604.09900990099,0.0767607336856791
-604.0792079207921,0.07212264414368719
-604.059405940594,0.0674817060010353
-604.039603960396,0.0628576813759237
-604.019801980198,0.05827506859085594
-604.0,0.05376490753641918
-603.9801980198021,0.04936734936632826
-603.9603960396039,0.0451352575389415
-603.940594059406,0.04113904777382396
-603.920792079208,0.037472580453504434
-603.9009900990098,0.03425868620526354
-603.8811881188119,0.03165013158705129
-603.8613861386139,0.029817826226431064
-603.8415841584159,0.02891761388983794
-603.8217821782177,0.029040096621054737
-603.8019801980198,0.030172541742245047
-603.7821782178219,0.03220466195606997
-603.7623762376237,0.03497302373464151
-603.7425742574258,0.03830895995148648
-603.7227722772277,0.04206636831157054
-603.7029702970298,0.046129613326886955
-603.6831683168317,0.05041090908510279
-603.6633663366337,0.05484446894451613
-603.6435643564357,0.05938080188769582
-603.6237623762376,0.06398217232912033
-603.6039603960396,0.06861926647315827
-603.5841584158416,0.07326882605926388
-603.5643564356436,0.07791198825750822
-603.5445544554456,0.08253312131068666
-603.5247524752475,0.08711900321117458
-603.5049504950496,0.0916582372477033
-603.4851485148514,0.09614083185200409
-603.4653465346535,0.10055789532861459
-603.4455445544555,0.10490141171076123
-603.4257425742575,0.10916407452090042
-603.4059405940594,0.11333916231581674
-603.3861386138614,0.11742044471181254
-603.3663366336634,0.12140211087805969
-603.3465346534653,0.12527871475840088
-603.3267326732673,0.1290451328662927
-603.3069306930694,0.13269653161321207
-603.2871287128713,0.136228341924902
-603.2673267326733,0.13963623947038797
-603.2475247524752,0.1429161292427985
-603.2277227722773,0.14606413353447925
-603.2079207920792,0.14907658257311862
-603.1881188118812,0.15195000725286875
-603.1683168316832,0.1546811335204291
-603.1485148514852,0.15726687807112372
-603.1287128712871,0.15970434508320566
-603.1089108910891,0.16199082377453647
-603.0891089108911,0.1641237866094454
-603.0693069306931,0.16610088801730577
-603.049504950495,0.1679199635115919
-603.0297029702971,0.16957902911872827
-603.009900990099,0.17107628104353653
-602.990099009901,0.17241009551128714
-602.970297029703,0.17357902873757305
-602.950495049505,0.17458181698609485
-602.9306930693069,0.17541737668207413
-602.9108910891089,0.17608480455490377
-602.8910891089109,0.17658337778924776
-602.8712871287129,0.17691255416798107
-602.8514851485148,0.17707197219455673
-602.8316831683169,0.1770614511856456
-602.8118811881188,0.17688099132842058
-602.7920792079208,0.17653077369952264
-602.7722772277227,0.17601116024607472
-602.7524752475248,0.175322693731726
-602.7326732673268,0.17446609765397694
-602.7128712871287,0.17344227614222266
-602.6930693069307,0.17225231384949
-602.6732673267327,0.17089747585493767
-602.6534653465346,0.1693792075986698
-602.6336633663366,0.16769913487596622
-602.6138613861386,0.16585906392423866
-602.5940594059407,0.16386098164373217
-602.5742574257425,0.16170705600238164
-602.5544554455446,0.15939963668639176
-602.5346534653465,0.15694125607250475
-602.5148514851485,0.1543346306150135
-602.4950495049505,0.1515826627630943
-602.4752475247525,0.1486884435512676
-602.4554455445545,0.14565525604168586
-602.4356435643564,0.14248657984201396
-602.4158415841584,0.13918609698130618
-602.3960396039604,0.13575769950260447
-602.3762376237623,0.13220549923082747
-602.3564356435644,0.12853384030648102
-602.3366336633663,0.12474731525169187
-602.3168316831684,0.12085078557113027
-602.2970297029702,0.11684940821067416
-602.2772277227723,0.11274866963451495
-602.2574257425744,0.10855442988620355
-602.2376237623762,0.10427297984249641
-602.2178217821782,0.09991111605725013
-602.1980198019802,0.09547623928393852
-602.1782178217823,0.09097648519825513
-602.1584158415841,0.0864208993767474
-602.1386138613861,0.08181967377156817
-602.1188118811882,0.0771844695874493
-602.09900990099,0.07252886286787816
-602.0792079207921,0.06786896607743435
-602.059405940594,0.06322430409333861
-602.0396039603961,0.05861905942117178
-602.019801980198,0.0540838515397902
-602.0,0.049658276011390626
-601.9801980198021,0.04539447752158138
-601.9603960396039,0.041361986717529935
-601.940594059406,0.03765368997476353
-601.9207920792079,0.034391625344361756
-601.90099009901,0.03172856816793508
-601.8811881188119,0.02983722636594443
-601.8613861386139,0.02887781564316075
-601.8415841584159,0.02894718994161561
-601.8217821782177,0.030038145596785023
-601.8019801980198,0.032042735568439576
-601.7821782178219,0.034796558473322324
-601.7623762376238,0.03812828817475852
-601.7425742574258,0.041888991939970165
-601.7227722772277,0.045960731442038834
-601.7029702970298,0.05025405862256223
-601.6831683168316,0.0547020504770535
-601.6633663366337,0.05925445452273589
-601.6435643564357,0.06387302546418236
-601.6237623762377,0.06852810488122395
-601.6039603960396,0.0731961975341645
-601.5841584158416,0.07785827407666858
-601.5643564356436,0.08249858276552119
-601.5445544554456,0.08710381267974367
-601.5247524752475,0.09166249920053317
-601.5049504950496,0.0961645972319606
-601.4851485148515,0.1006011715190035
-601.4653465346535,0.1049641695316643
-601.4455445544554,0.10924625320113247
-601.4257425742575,0.11344067307143652
-601.4059405940594,0.11754117335650136
-601.3861386138614,0.12154191975526328
-601.3663366336634,0.12543744419527206
-601.3465346534654,0.12922260228868573
-601.3267326732673,0.1328925404197974
-601.3069306930694,0.136442670190063
-601.2871287128713,0.13986864852566253
-601.2673267326733,0.14316636217292195
-601.2475247524752,0.14633191561405387
-601.2277227722773,0.14936162166301445
-601.2079207920792,0.15225199417037777
-601.1881188118812,0.15499974239332315
-601.1683168316832,0.1576017666832961
-601.1485148514852,0.16005515521736738
-601.1287128712871,0.16235718155609918
-601.1089108910891,0.1645053028544296
-601.0891089108911,0.1664971585864786
-601.0693069306931,0.16833056967214324
-601.049504950495,0.1700035379145379
-601.0297029702971,0.17151424567451626
-601.009900990099,0.17286105572203275
-600.990099009901,0.17404251121534292
-600.9702970297029,0.1750573357679193
-600.950495049505,0.17590443357050348
-600.9306930693069,0.1765828895420178
-600.9108910891089,0.17709196948808884
-600.8910891089109,0.1774311202507426
-600.8712871287129,0.17759996983649956
-600.8514851485148,0.17759832751381585
-600.8316831683169,0.1774261838737987
-600.8118811881188,0.1770837108515409
-600.7920792079208,0.17657126170780593
-600.7722772277227,0.17588937097420496
-600.7524752475248,0.17503875436782118
-600.7326732673267,0.17402030868440935
-600.7128712871287,0.17283511168300789
-600.6930693069307,0.17148442197860836
-600.6732673267327,0.16996967896411003
-600.6534653465346,0.1682925027881967
-600.6336633663366,0.16645469442186123
-600.6138613861386,0.1644582358540202
-600.5940594059407,0.1623052904656488
-600.5742574257425,0.15999820364329492
-600.5544554455446,0.157539503706314
-600.5346534653465,0.15493190323983672
-600.5148514851485,0.15217830094666043
-600.4950495049504,0.14928178415898696
-600.4752475247525,0.14624563218532655
-600.4554455445545,0.14307332071282244
-600.4356435643564,0.13976852754244232
-600.4158415841584,0.13633514000963728
-600.3960396039604,0.13277726454105354
-600.3762376237623,0.12909923892733502
-600.3564356435644,0.12530564806498853
-600.3366336633663,0.12140134415176332
-600.3168316831684,0.11739147263444748
-600.2970297029702,0.11328150563748085
-600.2772277227723,0.1090772851944118
-600.2574257425742,0.104785079431508
-600.2376237623762,0.10041165601910071
-600.2178217821782,0.09596437886602767
-600.1980198019802,0.09145133642091408
-600.1782178217823,0.08688151341520753
-600.1584158415841,0.08226502297774205
-600.1386138613861,0.0776134235920005
-600.1188118811882,0.07294015660024075
-600.09900990099,0.06826115672610329
-600.0792079207921,0.0635957129869995
-600.059405940594,0.05896769364936444
-600.0396039603961,0.05440729931806469
-600.0198019801979,0.04995357077052574
-600.0,0.04565793228239337
-599.9801980198021,0.04158902153333225
-599.9603960396039,0.037838729243456354
-599.940594059406,0.03452825368886765
-599.9207920792079,0.031810296393948424
-599.90099009901,0.02985926130940837
-599.8811881188119,0.028839687460515736
-599.8613861386139,0.02885478371636221
-599.8415841584159,0.029903116258573788
-599.8217821782177,0.03187929688888273
-599.8019801980198,0.03461803241333443
-599.7821782178218,0.03794529533879812
-599.7623762376238,0.04170923999704716
-599.7425742574258,0.045789551147849
-599.7227722772277,0.05009506622973201
-599.7029702970298,0.0545576926313064
-599.6831683168316,0.05912639633360879
-599.6633663366337,0.06376241048195871
-599.6435643564357,0.06843572509317643
-599.6237623762377,0.07312260389015703
-599.6039603960396,0.07780384863061245
-599.5841584158416,0.08246358618300033
-599.5643564356436,0.08708841587923963
-599.5445544554455,0.09166680468891886
-599.5247524752475,0.09618865367386653
-599.5049504950496,0.10064498381181443
-599.4851485148515,0.10502770585997186
-599.4653465346535,0.10932945003808223
-599.4455445544554,0.11354343876996595
-599.4257425742575,0.11766339076283164
-599.4059405940594,0.1216834481390018
-599.3861386138614,0.12559812069863197
-599.3663366336634,0.1294022430356815
-599.3465346534654,0.1330909413844295
-599.3267326732673,0.1366596078935422
-599.3069306930693,0.14010388061286974
-599.2871287128713,0.14341962790415747
-599.2673267326733,0.14660293629829643
-599.2475247524752,0.14965010105169257
-599.2277227722773,0.15255761882561897
-599.2079207920792,0.15532218204090723
-599.1881188118812,0.1579406745578406
-599.1683168316832,0.16041016840525882
-599.1485148514852,0.16272792134009667
-599.1287128712871,0.16489137506289875
-599.1089108910891,0.16689815394933552
-599.0891089108911,0.16874606418478333
-599.0693069306931,0.17043309321076583
-599.049504950495,0.17195740940891258
-599.0297029702971,0.17331736196202693
-599.009900990099,0.17451148084289167
-598.990099009901,0.1755384768906165
-598.9702970297029,0.1763972419416409
-598.950495049505,0.17708684898909238
-598.9306930693069,0.17760655234905778
-598.9108910891089,0.17795578781716076
-598.8910891089109,0.17813417280267618
-598.8712871287129,0.178141506430827
-598.8514851485148,0.17797776960732142
-598.8316831683168,0.17764312504199709
-598.8118811881188,0.17713791723144542
-598.7920792079208,0.17646267240347763
-598.7722772277227,0.17561809842911622
-598.7524752475248,0.17460508471114547
-598.7326732673267,0.17342470206167687
-598.7128712871287,0.17207820258512144
-598.6930693069307,0.1705670195874365
-598.6732673267327,0.1688927675377112
-598.6534653465346,0.16705724211443734
-598.6336633663366,0.16506242037609778
-598.6138613861386,0.16291046110484667
-598.5940594059406,0.16060370538295352
-598.5742574257425,0.15814467747534305
-598.5544554455446,0.1555360861086156
-598.5346534653465,0.15278082625786688
-598.5148514851485,0.14988198157993168
-598.4950495049504,0.14684282766538212
-598.4752475247525,0.14366683632576852
-598.4554455445545,0.14035768118878675
-598.4356435643564,0.1369192449478832
-598.4158415841584,0.13335562870877588
-598.3960396039604,0.12967116400288187
-598.3762376237623,0.1258704282067731
-598.3564356435643,0.12195826433449343
-598.3366336633663,0.11793980647762399
-598.3168316831684,0.11382051258972041
-598.2970297029702,0.10960620689372326
-598.2772277227723,0.10530313500291523
-598.2574257425742,0.10091803598963339
-598.2376237623762,0.09645823726512
-598.2178217821782,0.0919317804773034
-598.1980198019802,0.0873475900419048
-598.1782178217823,0.08271570092769105
-598.1584158415841,0.07804756973340947
-598.1386138613861,0.07335650415699714
-598.1188118811882,0.06865826250828565
-598.09900990099,0.06397189957751208
-598.0792079207921,0.0593209713038555
-598.059405940594,0.0547352614075438
-598.0396039603961,0.05025325730745336
-598.0198019801979,0.04592566208566367
-598.0,0.04182021370870434
-597.9801980198021,0.038027786990773825
-597.9603960396039,0.034668694396472716
-597.940594059406,0.031895480372919074
-597.9207920792079,0.02988413724263364
-597.90099009901,0.028803467434831958
-597.8811881188119,0.028763127378733176
-597.8613861386139,0.029767695169933855
-597.8415841584159,0.031714571371472815
-597.8217821782177,0.03443765686021604
-597.8019801980198,0.03776018368933533
-597.7821782178218,0.04152731000284598
-597.7623762376238,0.04561626794307131
-597.7425742574258,0.049934126836501384
-597.7227722772277,0.05441159048769315
-597.7029702970298,0.05899682289539701
-597.6831683168316,0.06365052362048985
-597.6633663366337,0.06834232410227457
-597.6435643564357,0.07304824293805419
-597.6237623762377,0.07774891059979104
-597.6039603960396,0.08242833116230003
-597.5841584158416,0.08707301337537744
-597.5643564356436,0.09167135529134958
-597.5445544554455,0.09621320381262013
-597.5247524752475,0.10068953593831123
-597.5049504950496,0.10509222555865766
-597.4851485148515,0.1094138710565638
-597.4653465346535,0.1136476666224623
-597.4455445544554,0.11778730534655238
-597.4257425742575,0.12182690566204823
-597.4059405940594,0.12576095512446414
-597.3861386138614,0.12958426718660124
-597.3663366336634,0.13329194780382983
-597.3465346534654,0.1368793695376471
-597.3267326732673,0.1403421514223265
-597.3069306930693,0.14367614329169606
-597.2871287128713,0.14687741357867737
-597.2673267326733,0.1499422398330012
-597.2475247524752,0.15286710137579992
-597.2277227722773,0.15564867363977608
-597.2079207920792,0.15828382384194922
-597.1881188118812,0.16076960771113707
-597.1683168316832,0.16310326704980124
-597.1485148514852,0.16528222795468922
-597.1287128712871,0.16730409955549455
-597.1089108910891,0.16916667315796205
-597.0891089108911,0.17086792169964152
-597.0693069306931,0.17240599944374016
-597.049504950495,0.17377924185016028
-597.0297029702971,0.1749861655743144
-597.009900990099,0.17602546855308915
-596.990099009901,0.17689603014518082
-596.9702970297029,0.1775969112990493
-596.950495049505,0.17812735472722185
-596.930693069307,0.17848678506995538
-596.9108910891089,0.17867480903552657
-596.8910891089109,0.17869121550765166
-596.8712871287129,0.17853597561391663
-596.8514851485148,0.17820924275191585
-596.8316831683168,0.17771135257300544
-596.8118811881188,0.17704282292612325
-596.7920792079209,0.17620435376731575
-596.7722772277227,0.17519682704372894
-596.7524752475248,0.17402130656424908
-596.7326732673267,0.17267903787287514
-596.7128712871287,0.1711714481453316
-596.6930693069307,0.16950014613450504
-596.6732673267327,0.1676669221965111
-596.6534653465347,0.16567374843640065
-596.6336633663366,0.16352277902141413
-596.6138613861386,0.16121635072054757
-596.5940594059406,0.15875698374251423
-596.5742574257425,0.15614738296090924
-596.5544554455446,0.15339043963624546
-596.5346534653465,0.15048923377089263
-596.5148514851486,0.14744703726646732
-596.4950495049504,0.14426731809639565
-596.4752475247525,0.14095374576161088
-596.4554455445545,0.13751019836967537
-596.4356435643564,0.13394077177210553
-596.4158415841584,0.13024979131947736
-596.3960396039604,0.12644182696010425
-596.3762376237624,0.12252171263128284
-596.3564356435643,0.11849457119438588
-596.3366336633663,0.11436584657878032
-596.3168316831684,0.11014134537011794
-596.2970297029702,0.10582729087516339
-596.2772277227723,0.10143039381691321
-596.2574257425742,0.09695794541168086
-596.2376237623763,0.09241794087951959
-596.2178217821782,0.08781924478480858
-596.1980198019802,0.08317181452034937
-596.1782178217823,0.07848700553982767
-596.1584158415841,0.07377799283535005
-596.1386138613861,0.06906035948599254
-596.1188118811881,0.06435292751415944
-596.0990099009902,0.05967894224118365
-596.0792079207921,0.05506777226875976
-596.059405940594,0.0505573528678246
-596.0396039603961,0.04619766500289401
-596.0198019801979,0.04205554024613628
-596.0,0.03822081770596257
-595.9801980198021,0.034812878893653594
-595.960396039604,0.031984028649608885
-595.940594059406,0.02991173877602898
-595.9207920792079,0.028769010873398504
-595.90099009901,0.028672038728589713
-595.8811881188118,0.029631660396194897
-595.8613861386139,0.03154830658452688
-595.8415841584159,0.03425516438944319
-595.8217821782179,0.037572684747706406
-595.8019801980198,0.04134294151536516
-595.7821782178218,0.04544063414421495
-595.7623762376238,0.049771007406896384
-595.7425742574258,0.054263525997452475
-595.7227722772277,0.05886553073898164
-595.7029702970298,0.06353717527483997
-595.6831683168317,0.06824772536637902
-595.6633663366337,0.07297295041538968
-595.6435643564356,0.07769330728012466
-595.6237623762377,0.08239267591206881
-595.6039603960396,0.08705747371945755
-595.5841584158416,0.09167602940115523
-595.5643564356436,0.09623813544429788
-595.5445544554456,0.10073472471093635
-595.5247524752475,0.10515763411536148
-595.5049504950496,0.10949943011644782
-595.4851485148515,0.11375327859035315
-595.4653465346535,0.11791284692717599
-595.4455445544554,0.12197222978139119
-595.4257425742575,0.1259258923658663
-595.4059405940594,0.12976862688541382
-595.3861386138614,0.13349551890122177
-595.3663366336634,0.13710192126463136
-595.3465346534654,0.14058343386465502
-595.3267326732673,0.14393588787186357
-595.3069306930693,0.14715533348123908
-595.2871287128713,0.15023803039227762
-595.2673267326734,0.15318044043974235
-595.2475247524752,0.155979221920174
-595.2277227722773,0.15863122525835338
-595.2079207920792,0.1611334897338099
-595.1881188118812,0.1634832410456695
-595.1683168316831,0.16567788953907198
-595.1485148514852,0.1677150289514595
-595.1287128712872,0.16959243556472392
-595.1089108910891,0.1713080676707847
-595.0891089108911,0.1728600652756718
-595.0693069306931,0.17424674998099934
-595.049504950495,0.17546662499304236
-595.0297029702971,0.17651837521874003
-595.009900990099,0.17740086741557645
-594.9900990099011,0.17811315036848036
-594.9702970297029,0.178654455072333
-594.950495049505,0.17902419490300633
-594.9306930693069,0.17922196576405294
-594.9108910891089,0.17924754619939698
-594.8910891089109,0.17910089746583124
-594.8712871287129,0.17878216356195042
-594.8514851485149,0.1782916712130457
-594.8316831683168,0.17762992981450287
-594.8118811881188,0.176797631338996
-594.7920792079209,0.17579565021604354
-594.7722772277227,0.17462504319585956
-594.7524752475248,0.17328704921326382
-594.7326732673267,0.17178308927174826
-594.7128712871288,0.1701147663728951
-594.6930693069306,0.16828386552237817
-594.6732673267327,0.16629235385088184
-594.6534653465347,0.16414238089711264
-594.6336633663366,0.16183627911061224
-594.6138613861386,0.15937656464529007
-594.5940594059406,0.15676593853101337
-594.5742574257426,0.15400728833102859
-594.5544554455446,0.151103690418921
-594.5346534653465,0.14805841304182696
-594.5148514851486,0.14487492037874872
-594.4950495049504,0.1415568778573936
-594.4752475247525,0.138108159063632
-594.4554455445544,0.13453285467065695
-594.4356435643565,0.13083528393706723
-594.4158415841584,0.12702000948654216
-594.3960396039604,0.1230918563002843
-594.3762376237624,0.11905593615024848
-594.3564356435643,0.11491767910644003
-594.3366336633663,0.11068287431155854
-594.3168316831684,0.10635772299679021
-594.2970297029703,0.10194890781286631
-594.2772277227723,0.09746368411724067
-594.2574257425742,0.09291000111419508
-594.2376237623763,0.08829666402759796
-594.2178217821781,0.08363355331358358
-594.1980198019802,0.07893192408643356
-594.1782178217823,0.07420481965028027
-594.1584158415842,0.06946764913251872
-594.1386138613861,0.06473900336447895
-594.1188118811881,0.06004181890420972
-594.0990099009902,0.05540505118363259
-594.0792079207921,0.05086608477049024
-594.059405940594,0.04647417789136144
-594.0396039603961,0.042295249422132246
-594.019801980198,0.03841808334043287
-594.0,0.034961085014117155
-593.980198019802,0.03207623536717805
-593.960396039604,0.02994237083995151
-593.940594059406,0.028736617067493496
-593.9207920792079,0.028581786265718345
-593.90099009901,0.02949522929815167
-593.8811881188119,0.03138066444608657
-593.8613861386139,0.0340706702019911
-593.8415841584159,0.03738287947589283
-593.8217821782179,0.041156191855003334
-593.8019801980198,0.04526269090742849
-593.7821782178218,0.04960573788157827
-593.7623762376238,0.054113521150712086
-593.7425742574258,0.058732536118496256
-593.7227722772277,0.06342237752718999
-593.7029702970298,0.06815193794800198
-593.6831683168317,0.07289673324690749
-593.6633663366337,0.07763704415540056
-593.6435643564356,0.08235662503984932
-593.6237623762377,0.08704180110945094
-593.6039603960396,0.09168083119829179
-593.5841584158416,0.09626345306304054
-593.5643564356436,0.10078055522235765
-593.5445544554456,0.10522393746603112
-593.5247524752475,0.10958613420865526
-593.5049504950495,0.11386028290302101
-593.4851485148515,0.11804002513170368
-593.4653465346535,0.12211943165967125
-593.4455445544554,0.12609294524051778
-593.4257425742575,0.12995533670771606
-593.4059405940594,0.13370167109818618
-593.3861386138614,0.13732728141681752
-593.3663366336634,0.14082774826554217
-593.3465346534654,0.14419888400525624
-593.3267326732673,0.14743672044289827
-593.3069306930693,0.15053749927475077
-593.2871287128713,0.1534976646942808
-593.2673267326733,0.15631385770574804
-593.2475247524752,0.1589829117850516
-593.2277227722773,0.16150184960606045
-593.2079207920792,0.16386788060898774
-593.1881188118812,0.16607839923315215
-593.1683168316831,0.168130983671464
-593.1485148514852,0.17002339503204938
-593.1287128712872,0.1717535768140443
-593.1089108910891,0.17331965462239177
-593.0891089108911,0.17471993606002412
-593.0693069306931,0.1759529107476109
-593.049504950495,0.17701725042986377
-593.029702970297,0.17791180913524543
-593.009900990099,0.17863562336210337
-592.9900990099011,0.17918791226960593
-592.9702970297029,0.17956807785638926
-592.950495049505,0.17977570511383106
-592.9306930693069,0.179810562144251
-592.9108910891089,0.1796726002376348
-592.8910891089109,0.17936195390347565
-592.8712871287129,0.17887894085707087
-592.8514851485149,0.17822406196255625
-592.8316831683168,0.17739800113793502
-592.8118811881188,0.17640162523032382
-592.7920792079208,0.17523598387314768
-592.7722772277227,0.17390230934068093
-592.7524752475248,0.1724020164197047
-592.7326732673267,0.1707367023230102
-592.7128712871288,0.1689081466754514
-592.6930693069306,0.16691831161019327
-592.6732673267327,0.16476934202161553
-592.6534653465347,0.16246356603149378
-592.6336633663366,0.16000349573831207
-592.6138613861386,0.15739182833543203
-592.5940594059406,0.15463144770414147
-592.5742574257426,0.15172542661296667
-592.5544554455445,0.14867702968699154
-592.5346534653465,0.14548971735246108
-592.5148514851486,0.14216715101528102
-592.4950495049504,0.1387131998016583
-592.4752475247525,0.1351319492799821
-592.4554455445544,0.13142771270326825
-592.4356435643565,0.1276050454714684
-592.4158415841584,0.12366876372737878
-592.3960396039604,0.11962396829092381
-592.3762376237624,0.11547607553385855
-592.3564356435643,0.11123085734589097
-592.3366336633663,0.1068944931085787
-592.3168316831683,0.10247363767167285
-592.2970297029703,0.09797551086303484
-592.2772277227723,0.09340801627535167
-592.2574257425742,0.08877990029361506
-592.2376237623763,0.08410096706605028
-592.2178217821781,0.0793823721614337
-592.1980198019802,0.07463702820146059
-592.1782178217823,0.0698801716298376
-592.1584158415842,0.06513016365767509
-592.1386138613861,0.06040963394229041
-592.1188118811881,0.05574712673440161
-592.0990099009902,0.051179477450805526
-592.079207920792,0.046755221200974605
-592.059405940594,0.042539358343424545
-592.0396039603961,0.038619599128266485
-592.019801980198,0.03511332865658264
-592.0,0.0321721199888921
-591.980198019802,0.02997605661213612
-591.960396039604,0.02870630535705975
-591.940594059406,0.028492370404796463
-591.9207920792079,0.02935837141954551
-591.90099009901,0.031211584481468296
-591.8811881188119,0.03388409435425145
-591.8613861386139,0.03719068017969632
-591.8415841584158,0.04096697390918433
-591.8217821782179,0.045082356343404247
-591.8019801980198,0.04943824371301986
-591.7821782178218,0.05396150944817288
-591.7623762376238,0.058597780592008764
-591.7425742574258,0.06330607969800836
-591.7227722772277,0.06805491852912701
-591.7029702970298,0.07281955506251246
-591.6831683168317,0.07758009141688438
-591.6633663366337,0.08232015495277256
-591.6435643564356,0.08702597786594597
-591.6237623762377,0.09168574865418785
-591.6039603960396,0.09628915006342363
-591.5841584158416,0.1008270260921334
-591.5643564356436,0.10529113928172176
-591.5445544554456,0.10967399190243463
-591.5247524752475,0.11396869289110674
-591.5049504950495,0.1181688579288225
-591.4851485148515,0.12226853379094306
-591.4653465346535,0.1262621406637403
-591.4455445544554,0.13014442789269884
-591.4257425742575,0.13391043986562748
-591.4059405940594,0.13755548960860461
-591.3861386138614,0.14107513829761242
-591.3663366336633,0.14446517933948683
-591.3465346534654,0.14772162600427338
-591.3267326732673,0.15084070183279802
-591.3069306930693,0.15381883322246012
-591.2871287128713,0.15665264372880394
-591.2673267326733,0.15933894972164497
-591.2475247524752,0.16187475711182167
-591.2277227722773,0.16425725892387583
-591.2079207920792,0.16648383353566046
-591.1881188118812,0.1685520434416699
-591.1683168316831,0.17045963442455564
-591.1485148514852,0.17220453504169111
-591.1287128712871,0.17378485635096844
-591.1089108910891,0.17519889181421133
-591.0891089108911,0.17644511732783066
-591.0693069306931,0.17752219133982494
-591.049504950495,0.17842895501959255
-591.029702970297,0.1791644324535496
-591.009900990099,0.1797278308447695
-590.9900990099011,0.18011854069947358
-590.9702970297029,0.18033613598709014
-590.950495049505,0.18038037426412992
-590.9306930693069,0.18025119675541668
-590.9108910891089,0.17994872838891504
-590.8910891089108,0.17947327778358552
-590.8712871287129,0.17882533719226323
-590.8514851485149,0.17800558240461323
-590.8316831683168,0.17701487261821008
-590.8118811881188,0.17585425028916393
-590.7920792079208,0.17452494097744498
-590.7722772277227,0.1730283532062135
-590.7524752475248,0.17136607835951548
-590.7326732673267,0.16953989064846953
-590.7128712871288,0.1675517471830187
-590.6930693069306,0.16540378819475757
-590.6732673267327,0.16309833746663738
-590.6534653465346,0.16063790303822087
-590.6336633663366,0.1580251782705506
-590.6138613861386,0.1552630433750824
-590.5940594059406,0.1523545675355196
-590.5742574257426,0.14930301178364355
-590.5544554455445,0.14611183283050805
-590.5346534653465,0.1427846881072394
-590.5148514851486,0.1393254423373977
-590.4950495049504,0.13573817605254687
-590.4752475247525,0.13202719658024326
-590.4554455445544,0.12819705219044789
-590.4356435643565,0.12425255029703254
-590.4158415841583,0.1201987808957702
-590.3960396039604,0.11604114681011998
-590.3762376237624,0.11178540285377936
-590.3564356435643,0.10743770676913082
-590.3366336633663,0.10300468585785322
-590.3168316831683,0.09849352472544164
-590.2970297029703,0.09391208173057454
-590.2772277227723,0.0892690448888514
-590.2574257425742,0.08457414263018666
-590.2376237623763,0.07983843172431285
-590.2178217821781,0.0750746950585042
-590.1980198019802,0.07029799759198148
-590.1782178217821,0.06552647240632617
-590.1584158415842,0.060782444032407804
-590.1386138613861,0.056094047443004266
-590.1188118811881,0.05149757040129418
-590.0990099009902,0.047040824555031495
-590.079207920792,0.0427878861543513
-590.059405940594,0.03882537368571472
-590.0396039603961,0.03526960873365727
-590.019801980198,0.03227167298914324
-590.0,0.030012777227771237
-589.980198019802,0.028678039978625093
-589.960396039604,0.02840372447904154
-589.9405940594058,0.029220979352830908
-589.9207920792079,0.03104092245838446
-589.90099009901,0.03369526965418462
-589.8811881188119,0.036995911085054005
-589.8613861386139,0.04077511333660795
-589.8415841584158,0.04489946307172625
-589.8217821782179,0.049268366986937796
-589.8019801980198,0.053807343262254365
-589.7821782178218,0.05846112680689778
-589.7623762376238,0.06318815433365534
-589.7425742574258,0.06795654905162529
-589.7227722772277,0.07274130668064982
-589.7029702970297,0.07752234827396556
-589.6831683168317,0.08228317281624986
-589.6633663366337,0.08700991872919062
-589.6435643564356,0.09169070375323159
-589.6237623762377,0.09631515538797646
-589.6039603960396,0.10087407297338555
-589.5841584158416,0.10535918171113988
-589.5643564356436,0.10976295165436592
-589.5445544554456,0.1140784631541304
-589.5247524752475,0.11829930591477428
-589.5049504950495,0.12241950263761289
-589.4851485148515,0.12643345084635704
-589.4653465346535,0.1303358782924692
-589.4455445544554,0.1341218085984013
-589.4257425742575,0.13778653468610577
-589.4059405940594,0.1413255981724298
-589.3861386138614,0.1447347733703312
-589.3663366336633,0.14801005486778712
-589.3465346534654,0.15114764790069313
-589.3267326732674,0.1541439609177463
-589.3069306930693,0.156995599870976
-589.2871287128713,0.15969936386795242
-589.2673267326733,0.162252241899853
-589.2475247524752,0.1646514104191231
-589.2277227722772,0.1668942315866649
-589.2079207920792,0.16897825204446576
-589.1881188118813,0.17090120209772136
-589.1683168316831,0.1726609952125252
-589.1485148514852,0.17425572775322098
-589.1287128712871,0.17568367889737935
-589.1089108910891,0.17694331067777772
-589.0891089108911,0.178033268110433
-589.0693069306931,0.17895237937481662
-589.0495049504951,0.17969965601927615
-589.029702970297,0.18027429316965057
-589.009900990099,0.18067566972381205
-588.990099009901,0.18090334851876191
-588.9702970297029,0.18095707646044978
-588.950495049505,0.18083678460958294
-588.9306930693069,0.18054258821976094
-588.910891089109,0.18007478672697533
-588.8910891089108,0.17943386369252373
-588.8712871287129,0.17862048670402522
-588.8514851485149,0.1776355072424962
-588.8316831683168,0.1764799605265436
-588.8118811881188,0.17515506534856873
-588.7920792079208,0.17366222392191497
-588.7722772277228,0.17200302176291002
-588.7524752475247,0.1701792276372978
-588.7326732673267,0.16819279360757639
-588.7128712871288,0.16604585522594437
-588.6930693069306,0.16374073192774347
-588.6732673267327,0.16127992769264413
-588.6534653465346,0.15866613205666893
-588.6336633663367,0.1559022215770293
-588.6138613861386,0.1529912618769886
-588.5940594059406,0.14993651042839357
-588.5742574257426,0.14674142027013132
-588.5544554455445,0.14340964491167518
-588.5346534653465,0.13994504473804872
-588.5148514851485,0.13635169532011573
-588.4950495049505,0.13263389814931162
-588.4752475247525,0.1287961944700473
-588.4554455445544,0.12484338308893006
-588.4356435643565,0.12078054331961506
-588.4158415841583,0.11661306460351221
-588.3960396039604,0.11234668487410164
-588.3762376237624,0.10798754046705011
-588.3564356435644,0.10354223141443424
-588.3366336633663,0.09901790743658986
-588.3168316831683,0.094422382071134
-588.2970297029703,0.08976428547541003
-588.2772277227722,0.08505327100031938
-588.2574257425742,0.08030029742215143
-588.2376237623763,0.0755180189130755
-588.2178217821782,0.0707213302334042
-588.1980198019802,0.06592813793165597
-588.1782178217821,0.06116046331814992
-588.1584158415842,0.05644603415806645
-588.1386138613861,0.051820592276497865
-588.1188118811881,0.04733122580630787
-588.0990099009902,0.04304108168304437
-588.0792079207921,0.03903566902774833
-588.059405940594,0.035430202801912544
-588.039603960396,0.03237518844456469
-588.019801980198,0.030052838697735666
-588.0,0.028652122715449934
-587.980198019802,0.028316118713644138
-587.960396039604,0.029083267489342295
-587.940594059406,0.03086883035996008
-587.9207920792079,0.03350429502756915
-587.90099009901,0.036798632439201735
-587.8811881188119,0.040580643987120225
-587.8613861386139,0.04471402708612928
-587.8415841584158,0.049096111359793186
-587.8217821782179,0.053651017451932216
-587.8019801980199,0.05832256315762042
-587.7821782178218,0.06306858496838909
-587.7623762376238,0.06785680934464366
-587.7425742574258,0.07266196509286951
-587.7227722772277,0.07746378955561659
-587.7029702970297,0.08224565183722647
-587.6831683168317,0.08699359572648974
-587.6633663366338,0.09169566771123432
-587.6435643564356,0.09634143975117952
-587.6237623762377,0.10092166634303414
-587.6039603960396,0.10542803521936772
-587.5841584158416,0.1098529841116993
-587.5643564356436,0.11418956468858531
-587.5445544554456,0.11843134057938871
-587.5247524752476,0.12257231030684407
-587.5049504950495,0.12660684861929408
-587.4851485148515,0.130529661552534
-587.4653465346535,0.13433575183355265
-587.4455445544554,0.13802039214233655
-587.4257425742575,0.14157910439204827
-587.4059405940594,0.14500764365164948
-587.3861386138615,0.14830198567234276
-587.3663366336633,0.1514583172269021
-587.3465346534654,0.1544730286546096
-587.3267326732674,0.1573427081415973
-587.3069306930693,0.16006413737002537
-587.2871287128713,0.1626342882481739
-587.2673267326733,0.16505032049374457
-587.2475247524753,0.1673095798892794
-587.2277227722772,0.16940959706470152
-587.2079207920792,0.17134808669043336
-587.1881188118813,0.1731229469867976
-587.1683168316831,0.1747322594733073
-587.1485148514852,0.1761742888955481
-587.1287128712871,0.1774474832789509
-587.1089108910892,0.1785504740680971
-587.0891089108911,0.17948207631767313
-587.0693069306931,0.1802412889079854
-587.0495049504951,0.18082729476277618
-587.029702970297,0.18123946105208144
-587.009900990099,0.18147733936661006
-586.990099009901,0.18154066585363388
-586.970297029703,0.18142936130766632
-586.950495049505,0.18114353121197588
-586.9306930693069,0.18068346572997807
-586.910891089109,0.1800496396482928
-586.8910891089108,0.1792427122759812
-586.8712871287129,0.17826352730773268
-586.8514851485149,0.17711311266176874
-586.8316831683169,0.17579268030703094
-586.8118811881188,0.17430362609829753
-586.7920792079208,0.17264752964263413
-586.7722772277228,0.17082615422620495
-586.7524752475247,0.16884144683734878
-586.7326732673267,0.1666955383297335
-586.7128712871288,0.16439074377961385
-586.6930693069307,0.16192956310330472
-586.6732673267327,0.15931468201627333
-586.6534653465346,0.1565489734343711
-586.6336633663367,0.1536354994417441
-586.6138613861386,0.15057751398064992
-586.5940594059406,0.1473784664574257
-586.5742574257426,0.14404200650944274
-586.5544554455446,0.14057199024338476
-586.5346534653465,0.13697248834116374
-586.5148514851485,0.1332477965427075
-586.4950495049505,0.1294024491659147
-586.4752475247525,0.12544123652585032
-586.4554455445544,0.12136922738920038
-586.4356435643565,0.11719179797387377
-586.4158415841584,0.11291466952008229
-586.3960396039604,0.10854395717908784
-586.3762376237624,0.10408623398021644
-586.3564356435644,0.09954861508254795
-586.3366336633663,0.09493886960028759
-586.3168316831683,0.09026557032650016
-586.2970297029703,0.08553829615308584
-586.2772277227723,0.08076790864791164
-586.2574257425742,0.07596693426648975
-586.2376237623763,0.07115009883767616
-586.2178217821782,0.0663350839644307
-586.1980198019802,0.061543609655181755
-586.1782178217821,0.05680299859792216
-586.1584158415842,0.052148448551711704
-586.1386138613861,0.04762632442605158
-586.1188118811881,0.04329883932256484
-586.0990099009902,0.039250376625446504
-586.0792079207921,0.03559500339615786
-586.059405940594,0.03248256561254558
-586.039603960396,0.030096151580237367
-586.019801980198,0.028628472968928603
-586.0,0.028229469318965462
-585.980198019802,0.028945136788838817
-585.960396039604,0.030695193694892826
-585.940594059406,0.033311050598082904
-585.9207920792079,0.036598730168553945
-585.90099009901,0.040383464786424496
-585.8811881188119,0.04452596337198355
-585.8613861386139,0.04892140831849947
-585.8415841584158,0.053492479167313145
-585.8217821782179,0.058182051140276574
-585.8019801980198,0.06294734604808029
-585.7821782178218,0.06775568550050536
-585.7623762376238,0.0725815268863327
-585.7425742574258,0.07740442135146715
-585.7227722772277,0.0822076067611667
-585.7029702970297,0.08697703153850424
-585.6831683168317,0.09170067052902256
-585.6633663366338,0.09636803994636815
-585.6435643564356,0.10096984933093836
-585.6237623762377,0.10549774887554017
-585.6039603960396,0.10994414393366773
-585.5841584158416,0.11430205743403378
-585.5643564356435,0.11856502686508467
-585.5445544554456,0.12272702649307284
-585.5247524752476,0.12678240820002692
-585.5049504950495,0.13072585620250743
-585.4851485148515,0.1345523522167945
-585.4653465346535,0.1382571485553925
-585.4455445544554,0.1418357472934159
-585.4257425742575,0.14528388411402532
-585.4059405940594,0.14859751578382407
-585.3861386138615,0.1517728104599346
-585.3663366336633,0.15480614021608496
-585.3465346534654,0.15769407531386287
-585.3267326732673,0.1604333798498389
-585.3069306930693,0.16302100848853762
-585.2871287128713,0.1654541040521688
-585.2673267326733,0.16772999578498232
-585.2475247524753,0.16984619814631818
-585.2277227722772,0.17180041001537158
-585.2079207920792,0.17359051421277064
-585.1881188118813,0.1752145772622717
-585.1683168316831,0.17667084933005964
-585.1485148514852,0.17795776429061505
-585.1287128712871,0.17907393987767845
-585.1089108910892,0.1800181778863496
-585.089108910891,0.18078946439889584
-585.0693069306931,0.18138697001212617
-585.0495049504951,0.18181005004881254
-585.029702970297,0.18205824473956944
-585.009900990099,0.18213127936507958
-584.990099009901,0.18202906435181537
-584.970297029703,0.18175169531714752
-584.950495049505,0.18129945306281514
-584.9306930693069,0.18067280351827644
-584.910891089109,0.17987239763837626
-584.8910891089108,0.17889907126275018
-584.8712871287129,0.17775384494758353
-584.8514851485148,0.17643792378400402
-584.8316831683169,0.1749526972212168
-584.8118811881188,0.17329973891753758
-584.7920792079208,0.17148080664777612
-584.7722772277228,0.16949784230211765
-584.7524752475247,0.16735297201972843
-584.7326732673267,0.1650485065100161
-584.7128712871288,0.16258694162649112
-584.6930693069307,0.15997095927331148
-584.6732673267327,0.15720342874309517
-584.6534653465346,0.15428740860834492
-584.6336633663367,0.15122614931888198
-584.6138613861385,0.14802309669593205
-584.5940594059406,0.14468189656318678
-584.5742574257426,0.14120640081931038
-584.5544554455446,0.13760067534056258
-584.5346534653465,0.1338690102132157
-584.5148514851485,0.13001593294291255
-584.4950495049505,0.1260462254864151
-584.4752475247525,0.12196494621896674
-584.4554455445544,0.11777745831717061
-584.4356435643565,0.11348946654271252
-584.4158415841584,0.1091070651173936
-584.3960396039604,0.10463680037346303
-584.3762376237623,0.10008575327895088
-584.3564356435644,0.09546164897813217
-584.3366336633663,0.09077300346152244
-584.3168316831683,0.08602932186526566
-584.2970297029703,0.08124136943693032
-584.2772277227723,0.07642154604324189
-584.2574257425742,0.07158441001386638
-584.2376237623763,0.06674741980664282
-584.2178217821782,0.06193199632731506
-584.1980198019802,0.05716505969444525
-584.1782178217821,0.052481265992135546
-584.1584158415842,0.0479262579254358
-584.1386138613861,0.04356131126350243
-584.1188118811881,0.03946966864202679
-584.0990099009902,0.035764209399439514
-584.0792079207921,0.03259403714966364
-584.059405940594,0.03014298532602956
-584.039603960396,0.028607388170573473
-584.019801980198,0.028144077911928328
-584.0,0.028806866712915057
-583.980198019802,0.03052025810937237
-583.960396039604,0.03311575256590402
-583.940594059406,0.03639640136656715
-583.9207920792079,0.040183762732503375
-583.9009900990098,0.0443354547410567
-583.8811881188119,0.04874443995110008
-583.8613861386139,0.05333191174997668
-583.8415841584158,0.058039776514038806
-583.8217821782179,0.0628246264830649
-583.8019801980198,0.06765337008450846
-583.7821782178218,0.07250018865733217
-583.7623762376238,0.0773444445884749
-583.7425742574258,0.08216924309542031
-583.7227722772277,0.08696043646662117
-583.7029702970297,0.0917059274873752
-583.6831683168317,0.09639517639533192
-583.6633663366337,0.10101884764082227
-583.6435643564356,0.1055685537876847
-583.6237623762377,0.11003666773803
-583.6039603960396,0.11441618360783096
-583.5841584158416,0.11870061266426989
-583.5643564356435,0.12288390482572542
-583.5445544554456,0.12696038900447937
-583.5247524752476,0.13092472748244133
-583.5049504950495,0.1347718808389057
-583.4851485148515,0.13849708088287235
-583.4653465346535,0.14209580970712607
-583.4455445544554,0.14556378345783602
-583.4257425742574,0.1488969397602379
-583.4059405940594,0.1520914279946742
-583.3861386138615,0.15514360180498601
-583.3663366336633,0.15805001336176652
-583.3465346534654,0.16080740900823695
-583.3267326732673,0.1634127259970237
-583.3069306930693,0.165863090087079
-583.2871287128713,0.16815581381758804
-583.2673267326733,0.17028839531225531
-583.2475247524753,0.1722585174961653
-583.2277227722772,0.1740640476300933
-583.2079207920792,0.1757030370851139
-583.1881188118812,0.17717372129461903
-583.1683168316831,0.1784745198327863
-583.1485148514852,0.1796040365775061
-583.1287128712871,0.1805610599239141
-583.1089108910892,0.18134456302083754
-583.089108910891,0.18195370400799088
-583.0693069306931,0.18238782623620628
-583.0495049504951,0.18264645845703184
-583.029702970297,0.1827293149715355
-583.009900990099,0.1826362957312189
-582.990099009901,0.18236748638698902
-582.970297029703,0.1819231582847927
-582.9504950495049,0.18130376840946577
-582.9306930693069,0.18050995928091496
-582.910891089109,0.179542558809962
-582.8910891089108,0.17840258012405977
-582.8712871287129,0.17709122137691685
-582.8514851485148,0.17560986555989083
-582.8316831683169,0.17396008033764998
-582.8118811881188,0.1721436179362381
-582.7920792079208,0.17016241511788804
-582.7722772277228,0.1680185932851701
-582.7524752475247,0.165714458766372
-582.7326732673267,0.16325250334596103
-582.7128712871287,0.1606354051186409
-582.6930693069307,0.15786602976400027
-582.6732673267327,0.15494743236165692
-582.6534653465346,0.15188285989664782
-582.6336633663367,0.1486757546419848
-582.6138613861385,0.14532975865433323
-582.5940594059406,0.1418487196813331
-582.5742574257426,0.1382366988618642
-582.5544554455446,0.13449798070909572
-582.5346534653465,0.13063708601080268
-582.5148514851485,0.12665878847551798
-582.4950495049505,0.12256813621547623
-582.4752475247524,0.1183704795161416
-582.4554455445544,0.11407150683725666
-582.4356435643565,0.10967729168038928
-582.4158415841584,0.1051943539309545
-582.3960396039604,0.1006297406685406
-582.3762376237623,0.0959911334377524
-582.3564356435644,0.09128699188488378
-582.3366336633663,0.08652674796398477
-582.3168316831683,0.08172107132658948
-582.2970297029703,0.07688223616952981
-582.2772277227723,0.07202463448698113
-582.2574257425742,0.06716550304512194
-582.2376237623762,0.0623259653967898
-582.2178217821782,0.05753254101914495
-582.1980198019802,0.052819345975312404
-582.1782178217821,0.04823130087738059
-582.1584158415842,0.04382873961320039
-582.1386138613861,0.03969374796216618
-582.1188118811881,0.03593797669178185
-582.0990099009902,0.03270970297895719
-582.0792079207921,0.030193372384125193
-582.059405940594,0.0285888164705513
-582.039603960396,0.028059788027541686
-582.019801980198,0.028668185842502268
-582.0,0.030343649492176373
-581.980198019802,0.032917952828555946
-581.960396039604,0.03619115359303809
-581.940594059406,0.03998102305106273
-581.9207920792079,0.044141977849706554
-581.9009900990098,0.048564682217033264
-581.8811881188119,0.053168794747252786
-581.861386138614,0.05789522466416901
-581.8415841584158,0.0626999186276423
-581.8217821782179,0.06754936294445761
-581.8019801980198,0.0724174579461164
-581.7821782178218,0.0772833745266164
-581.7623762376237,0.08213008375964985
-581.7425742574258,0.08694334098902592
-581.7227722772278,0.09171097650588403
-581.7029702970297,0.09642239433954304
-581.6831683168317,0.10106821372107216
-581.6633663366337,0.10564000950388615
-581.6435643564356,0.11013012207440911
-581.6237623762377,0.11453151667203948
-581.6039603960396,0.11883767827090494
-581.5841584158417,0.12304253235795384
-581.5643564356435,0.12714038477904308
-581.5445544554456,0.1311258757720364
-581.5247524752475,0.13499394465789355
-581.5049504950495,0.13873980261033728
-581.4851485148515,0.14235891159891087
-581.4653465346535,0.14584696808432743
-581.4455445544555,0.1491998903958109
-581.4257425742574,0.15241380897737936
-581.4059405940594,0.1554850588797938
-581.3861386138615,0.15841017401682778
-581.3663366336633,0.16118588281097024
-581.3465346534654,0.16380910493483625
-581.3267326732673,0.1662769489160995
-581.3069306930694,0.16858671042170606
-581.2871287128712,0.17073587107397623
-581.2673267326733,0.1727220976802347
-581.2475247524753,0.17454324178036285
-581.2277227722772,0.17619733943472632
-581.2079207920792,0.17768261118954748
-581.1881188118812,0.17899746216817833
-581.1683168316832,0.18014048224647952
-581.1485148514852,0.1811104462781018
-581.1287128712871,0.18190631434190116
-581.1089108910892,0.18252723198921436
-581.089108910891,0.18297253047317588
-581.0693069306931,0.18324172694632174
-581.049504950495,0.18333452461615282
-581.0297029702971,0.18325081285150935
-581.009900990099,0.1829906672355391
-580.990099009901,0.18255434956373914
-580.970297029703,0.18194230778845547
-580.9504950495049,0.18115517591377317
-580.9306930693069,0.1801937738478936
-580.910891089109,0.17905910722300108
-580.8910891089109,0.17775236719628204
-580.8712871287129,0.17627493024966945
-580.8514851485148,0.17462835801033144
-580.8316831683169,0.17281439711944757
-580.8118811881187,0.170834979183245
-580.7920792079208,0.16869222084774993
-580.7722772277228,0.16638842404849283
-580.7524752475248,0.1639260764977364
-580.7326732673267,0.16130785248633947
-580.7128712871287,0.158536614095434
-580.6930693069307,0.15561541293569434
-580.6732673267327,0.15254749256099898
-580.6534653465346,0.14933629174004384
-580.6336633663367,0.14598544881724634
-580.6138613861386,0.14249880745573795
-580.5940594059406,0.13888042413628637
-580.5742574257425,0.13513457789239347
-580.5544554455446,0.13126578290335125
-580.5346534653465,0.12727880475716855
-580.5148514851485,0.12317868145213087
-580.4950495049505,0.11897075055718602
-580.4752475247525,0.11466068443566793
-580.4554455445544,0.11025453611270619
-580.4356435643565,0.10575879931861487
-580.4158415841584,0.10118048759735
-580.3960396039604,0.09652723932520771
-580.3762376237623,0.09180745833782301
-580.3564356435644,0.08703050407406594
-580.3366336633663,0.08220695143077192
-580.3168316831683,0.07734895000252884
-580.2970297029703,0.07247072680316731
-580.2772277227723,0.06758929861106988
-580.2574257425742,0.06272549370921288
-580.2376237623762,0.05790543331352547
-580.2178217821782,0.05316269574595993
-580.1980198019803,0.04854148051741478
-580.1782178217821,0.044101176325317036
-580.1584158415842,0.03992269765684835
-580.1386138613861,0.036116427750506365
-580.1188118811881,0.032829734122440606
-580.09900990099,0.030247537770957313
-580.0792079207921,0.02857302957525841
-580.0594059405942,0.02797689244991391
-580.039603960396,0.028529376065205784
-580.019801980198,0.030165621113119257
-580.0,0.03271787665748537
-579.980198019802,0.03598319257523033
-579.960396039604,0.03977543972884371
-579.940594059406,0.04394571982880471
-579.920792079208,0.04838231795387769
-579.9009900990098,0.05300330792998299
-579.8811881188119,0.05774857286020514
-579.8613861386139,0.06257339751858167
-579.8415841584158,0.06744383703116583
-579.8217821782179,0.0723335057204443
-579.8019801980198,0.07722138024122131
-579.7821782178219,0.08209029602606173
-579.7623762376237,0.08692591066522228
-579.7425742574258,0.09171598152209778
-579.7227722772278,0.09644985618393132
-579.7029702970297,0.10111810853018575
-579.6831683168317,0.10571227561794096
-579.6633663366337,0.11022466524811327
-579.6435643564357,0.11464821371355703
-579.6237623762376,0.11897637961701103
-579.6039603960396,0.12320306392361485
-579.5841584158417,0.1273225493093622
-579.5643564356435,0.13132945385183573
-579.5445544554456,0.13521869548570775
-579.5247524752475,0.13898546461103561
-579.5049504950496,0.14262520292693726
-579.4851485148515,0.14613358705401888
-579.4653465346535,0.14950651586490407
-579.4455445544555,0.15274010070198107
-579.4257425742574,0.15583065785417893
-579.4059405940594,0.15877470280724815
-579.3861386138614,0.16156894589038218
-579.3663366336634,0.16421028902307
-579.3465346534654,0.1666958233288229
-579.3267326732673,0.16902282743046115
-579.3069306930694,0.17118876627865906
-579.2871287128712,0.1731912903949082
-579.2673267326733,0.17502823543285126
-579.2475247524753,0.17669762198007474
-579.2277227722773,0.17819765553710742
-579.2079207920792,0.17952672662209823
-579.1881188118812,0.1806834109588758
-579.1683168316832,0.18166646971437905
-579.1485148514851,0.18247484975730738
-579.1287128712871,0.18310768391579915
-579.1089108910892,0.18356429121609494
-579.0891089108911,0.183844177088346
-579.0693069306931,0.18394703352920605
-579.049504950495,0.18387273921386427
-579.0297029702971,0.18362135955318123
-579.009900990099,0.18319314669434072
-578.990099009901,0.18258853946613068
-578.970297029703,0.18180816327274363
-578.950495049505,0.1808528299427802
-578.9306930693069,0.17972353754341153
-578.9108910891089,0.17842147017298066
-578.8910891089109,0.17694799774910805
-578.8712871287129,0.17530467581417314
-578.8514851485148,0.17349324538500432
-578.8316831683169,0.17151563288009244
-578.8118811881188,0.16937395016520762
-578.7920792079208,0.16707049476750144
-578.7722772277228,0.1646077503196446
-578.7524752475248,0.1619883873097043
-578.7326732673267,0.15921526423004514
-578.7128712871287,0.15629142924095066
-578.6930693069307,0.15322012249295297
-578.6732673267327,0.15000477928787367
-578.6534653465346,0.14664903430546122
-578.6336633663367,0.14315672718275918
-578.6138613861386,0.13953190981262156
-578.5940594059406,0.135778855831983
-578.5742574257425,0.13190207290924083
-578.5544554455446,0.1279063186260121
-578.5346534653465,0.12379662100012502
-578.5148514851485,0.11957830504041454
-578.4950495049505,0.11525702719818684
-578.4752475247525,0.11083882024106279
-578.4554455445544,0.10633015200670744
-578.4356435643564,0.10173800282158597
-578.4158415841584,0.09706996828392757
-578.3960396039604,0.09233439690315078
-578.3762376237623,0.0875405762114174
-578.3564356435644,0.0826989871225373
-578.3366336633663,0.07782165561395467
-578.3168316831683,0.07292264497790593
-578.2970297029703,0.06801875359943006
-578.2772277227723,0.0631305164578448
-578.2574257425742,0.058283658779877394
-578.2376237623762,0.05351122336509095
-578.2178217821782,0.048856689684063453
-578.1980198019802,0.04437849829462977
-578.1782178217821,0.040156378867938096
-578.1584158415842,0.03629940987424245
-578.1386138613861,0.032953968146166725
-578.1188118811881,0.030305313914003117
-578.09900990099,0.028559854113137995
-578.0792079207921,0.02789520158152775
-578.0594059405942,0.028390219954507332
-578.039603960396,0.029985929845804064
-578.019801980198,0.032515270649701195
-578.0,0.035772271373447725
-577.980198019802,0.03956678307202356
-577.9603960396039,0.04374647287588086
-577.940594059406,0.048197162032620734
-577.920792079208,0.052835287744650336
-577.9009900990098,0.057599677319194686
-577.8811881188119,0.062444937210016246
-577.8613861386139,0.06733668242101243
-577.8415841584158,0.07224823646760187
-577.8217821782179,0.07715837923466998
-577.8019801980198,0.08204980921466049
-577.7821782178219,0.08690808560715649
-577.7623762376237,0.0917208925588156
-577.7425742574258,0.09647752110104543
-577.7227722772278,0.10116849972827781
-577.7029702970297,0.10578532769676079
-577.6831683168317,0.1103202802190797
-577.6633663366337,0.11476626462681046
-577.6435643564357,0.11911671311860694
-577.6237623762376,0.1233655020852766
-577.6039603960396,0.1275068909609296
-577.5841584158417,0.13153547557276038
-577.5643564356435,0.13544615236299082
-577.5445544554456,0.13923409083793709
-577.5247524752475,0.1428947122942673
-577.5049504950496,0.14642367337067375
-577.4851485148515,0.14981685333319456
-577.4653465346535,0.15307034426627994
-577.4455445544555,0.15618044353566946
-577.4257425742574,0.159143648034203
-577.4059405940594,0.16195664983033847
-577.3861386138614,0.16461633292159814
-577.3663366336634,0.16711977085805876
-577.3465346534654,0.16946422504942563
-577.3267326732673,0.17164714360684125
-577.3069306930694,0.17366616059985418
-577.2871287128712,0.17551909563210594
-577.2673267326733,0.1772039536575407
-577.2475247524753,0.17871892497358383
-577.2277227722773,0.18006238533954882
-577.2079207920792,0.1812328961779327
-577.1881188118812,0.18222920482425028
-577.1683168316832,0.1830502447973663
-577.1485148514851,0.18369513606779866
-577.1287128712871,0.1841631853060818
-577.1089108910892,0.18445388609705793
-577.0891089108911,0.1845669191096945
-577.0693069306931,0.18450215221502966
-577.049504950495,0.18425964054772434
-577.0297029702971,0.18383962650948502
-577.009900990099,0.1832425397153279
-576.990099009901,0.18246899688643878
-576.970297029703,0.18151980169603246
-576.950495049505,0.18039594457795763
-576.9306930693069,0.17909860251092022
-576.9108910891089,0.1776291387952634
-576.8910891089109,0.17598910284349914
-576.8712871287129,0.17418023001106994
-576.8514851485148,0.17220444149992328
-576.8316831683169,0.17006384437511574
-576.8118811881188,0.16776073174353123
-576.7920792079208,0.16529758315515622
-576.7722772277228,0.16267706530114623
-576.7524752475248,0.1599020331003041
-576.7326732673267,0.15697553128739067
-576.7128712871287,0.1539007966444997
-576.6930693069307,0.15068126105211324
-576.6732673267327,0.14732055558215543
-576.6534653465346,0.14382251591460554
-576.6336633663367,0.14019118943671086
-576.6138613861386,0.13643084448589196
-576.5940594059406,0.13254598233337758
-576.5742574257425,0.1285413526872375
-576.5544554455446,0.12442197374010514
-576.5346534653465,0.12019315812274889
-576.5148514851485,0.11586054658899708
-576.4950495049505,0.11143015190377678
-576.4752475247525,0.10690841631762187
-576.4554455445544,0.10230228730956313
-576.4356435643564,0.09761931815331588
-576.4158415841584,0.09286780259459854
-576.3960396039604,0.0880569569644776
-576.3762376237623,0.083197169087919
-576.3564356435644,0.07830034246694186
-576.3366336633663,0.07338037813438351
-576.3168316831683,0.06845385794516014
-576.2970297029703,0.06354102590331324
-576.2772277227723,0.05866721401737961
-576.2574257425742,0.05386493248690585
-576.2376237623762,0.04917694281615785
-576.2178217821782,0.044660735948695164
-576.1980198019802,0.04039484531707546
-576.1782178217821,0.036487010073660196
-576.1584158415842,0.033082537630963936
-576.1386138613861,0.030366889721298602
-576.1188118811881,0.028549535218316623
-576.09900990099,0.02781499762723542
-576.0792079207921,0.028251007686286637
-576.0594059405942,0.029804856363656877
-576.039603960396,0.03231040645588132
-576.019801980198,0.03555866080091553
-576.0,0.0393553301273836
-575.980198019802,0.043544524090282255
-575.9603960396039,0.04800951305660938
-575.940594059406,0.05266504454293755
-575.920792079208,0.05744885990659324
-575.9009900990098,0.062314870722938176
-575.8811881188119,0.06722824295404861
-575.8613861386139,0.07216200457819952
-575.8415841584158,0.07709473625240164
-575.8217821782179,0.08200899829278195
-575.8019801980198,0.08689025092049033
-575.7821782178219,0.09172610481312744
-575.7623762376237,0.09650579435866624
-575.7425742574258,0.10121980265103962
-575.7227722772277,0.10585959115275757
-575.7029702970297,0.11041740249211
-575.6831683168317,0.11488611502801856
-575.6633663366337,0.11925913452310591
-575.6435643564357,0.1235303127401222
-575.6237623762376,0.12769388579667054
-575.6039603960396,0.13174442717587362
-575.5841584158417,0.13567681171700777
-575.5643564356435,0.13948618790761882
-575.5445544554456,0.14316795650472988
-575.5247524752475,0.14671775401768963
-575.5049504950496,0.15013143995038827
-575.4851485148514,0.1534050869671685
-575.4653465346535,0.15653497334345992
-575.4455445544555,0.15951757720838358
-575.4257425742574,0.1623495721964256
-575.4059405940594,0.16502782420853981
-575.3861386138614,0.16754938904627767
-575.3663366336634,0.1699115107316048
-575.3465346534654,0.17211162036265445
-575.3267326732673,0.17414733538540117
-575.3069306930694,0.17601645918429185
-575.2871287128712,0.17771698091345317
-575.2673267326733,0.17924707550452856
-575.2475247524752,0.1806051037992821
-575.2277227722773,0.18178961276451505
-575.2079207920792,0.18279933575469606
-575.1881188118812,0.18363319279432933
-575.1683168316832,0.18429029085721033
-575.1485148514851,0.18476992412473603
-575.1287128712871,0.18507157420897372
-575.1089108910892,0.1851949103299746
-575.0891089108911,0.18513978943984835
-575.0693069306931,0.18490625628889223
-575.049504950495,0.1844945434320442
-575.0297029702971,0.18390507117633598
-575.0099009900989,0.18313844747289793
-574.990099009901,0.18219546775990694
-574.970297029703,0.18107711476569988
-574.950495049505,0.1797845582848974
-574.9306930693069,0.17831915494387657
-574.9108910891089,0.17668244797654242
-574.8910891089109,0.17487616703624578
-574.8712871287129,0.17290222807591737
-574.8514851485148,0.17076273333576708
-574.8316831683169,0.16845997148675923
-574.8118811881188,0.16599641798920398
-574.7920792079208,0.1633747357392141
-574.7722772277227,0.1605977760929672
-574.7524752475248,0.15766858037999215
-574.7326732673267,0.15459038204394612
-574.7128712871287,0.15136660958405962
-574.6930693069307,0.14800089051520005
-574.6732673267327,0.14449705662238013
-574.6534653465346,0.14085915086156953
-574.6336633663367,0.1370914363584355
-574.6138613861386,0.13319840808966923
-574.5940594059406,0.1291848080093759
-574.5742574257425,0.12505564462410593
-574.5544554455446,0.12081621834875798
-574.5346534653465,0.11647215442961421
-574.5148514851485,0.11202944585281513
-574.4950495049505,0.10749450954796165
-574.4752475247525,0.10287426046648879
-574.4554455445544,0.09817620994606864
-574.4356435643564,0.09340859744603597
-574.4158415841584,0.08858056868935728
-574.3960396039605,0.08370241915575269
-574.3762376237623,0.07878593080985434
-574.3564356435644,0.07384484360863768
-574.3366336633663,0.06889552435474693
-574.3168316831683,0.06395792786697284
-574.2970297029702,0.05905699494806589
-574.2772277227723,0.05422470504570493
-574.2574257425744,0.04950310225090753
-574.2376237623762,0.04494872428020757
-574.2178217821782,0.04063889393983865
-574.1980198019802,0.036679972441013016
-574.1782178217821,0.03321611331206347
-574.1584158415842,0.030432833510449064
-574.1386138613861,0.028542497829324963
-574.1188118811882,0.027736513065097453
-574.09900990099,0.028111744022053242
-574.0792079207921,0.029622181241873116
-574.059405940594,0.032102878915773445
-574.039603960396,0.03534181853756763
-574.019801980198,0.039140442521460705
-574.0,0.043339168462580964
-573.9801980198021,0.04781861915111236
-573.9603960396039,0.05249179273897366
-573.940594059406,0.057295310209563875
-573.920792079208,0.062182368971647875
-573.9009900990098,0.06711767525657482
-573.8811881188119,0.07207395560232202
-573.8613861386139,0.07702958818193949
-573.8415841584159,0.08196699334191339
-573.8217821782177,0.08687153133878346
-573.8019801980198,0.09173073883745765
-573.7821782178219,0.09653379327750378
-573.7623762376237,0.1012711321716092
-573.7425742574258,0.10593417906783503
-573.7227722772277,0.11051514391393355
-573.7029702970298,0.11500687600484669
-573.6831683168317,0.11940275457070379
-573.6633663366337,0.12369660663977591
-573.6435643564357,0.12788264489492945
-573.6237623762376,0.13195542034509603
-573.6039603960396,0.1359097860853
-573.5841584158416,0.13974086943307515
-573.5643564356436,0.14344405044595865
-573.5445544554456,0.1470149453369898
-573.5247524752475,0.15044939367509352
-573.5049504950496,0.15374344852721641
-573.4851485148514,0.15689336889787198
-573.4653465346535,0.15989561396959617
-573.4455445544555,0.16274683875884427
-573.4257425742575,0.16544389088553454
-573.4059405940594,0.16798380821872258
-573.3861386138614,0.17036381720980667
-573.3663366336634,0.1725813317629228
-573.3465346534653,0.17463395252192404
-573.3267326732673,0.17651946647652592
-573.3069306930694,0.17823584680893717
-573.2871287128713,0.17978125291684308
-573.2673267326733,0.18115403056065715
-573.2475247524752,0.18235271209238602
-573.2277227722773,0.18337601673147477
-573.2079207920792,0.18422285085944276
-573.1881188118812,0.18489230831048248
-573.1683168316832,0.18538367063994382
-573.1485148514852,0.1856964073564606
-573.1287128712871,0.18583017610702257
-573.1089108910891,0.18578482280733424
-573.0891089108911,0.18556038171284642
-573.0693069306931,0.1851570754283328
-573.049504950495,0.18457531485675766
-573.0297029702971,0.18381569909063858
-573.009900990099,0.1828790152521966
-572.990099009901,0.1817662382912099
-572.970297029703,0.18047853075310843
-572.950495049505,0.1790172425333711
-572.9306930693069,0.17738391063866224
-572.9108910891089,0.17558025898010313
-572.8910891089109,0.1736081982300809
-572.8712871287129,0.17146982578125128
-572.8514851485148,0.16916742585500694
-572.8316831683169,0.16670346981755182
-572.8118811881188,0.16408061677507693
-572.7920792079208,0.16130171453608208
-572.7722772277227,0.15836980105002535
-572.7524752475248,0.15528810645798946
-572.7326732673268,0.15206005592510988
-572.7128712871287,0.1486892734683384
-572.6930693069307,0.14517958704984002
-572.6732673267327,0.14153503528055028
-572.6534653465346,0.13775987617631952
-572.6336633663366,0.1338585985389525
-572.6138613861386,0.12983593670854274
-572.5940594059407,0.12569688966921888
-572.5742574257425,0.12144674581194177
-572.5544554455446,0.11709111510157724
-572.5346534653465,0.11263597101385653
-572.5148514851485,0.10808770547869763
-572.4950495049505,0.10345320130842618
-572.4752475247525,0.09873992837974192
-572.4554455445545,0.09395607245327024
-572.4356435643564,0.08911070937922415
-572.4158415841584,0.08421404322166853
-572.3960396039604,0.07927773559258776
-572.3762376237623,0.07431536688891302
-572.3564356435644,0.06934309079422722
-572.3366336633663,0.06438057536776162
-572.3168316831684,0.059452373123899456
-572.2970297029702,0.05458993592018301
-572.2772277227723,0.04983459292620039
-572.2574257425744,0.04524192790405363
-572.2376237623762,0.040888042883702104
-572.2178217821782,0.036877888342935226
-572.1980198019802,0.03335438600028125
-572.1782178217823,0.030502964806526867
-572.1584158415841,0.028538710376689327
-572.1386138613861,0.02765986025416835
-572.1188118811882,0.02797265614450162
-572.09900990099,0.02943821596764451
-572.0792079207921,0.03189306601666792
-572.059405940594,0.03512217932853046
-572.0396039603961,0.038922603387281735
-572.019801980198,0.043130928911391975
-572.0,0.04762503488785241
-571.9801980198021,0.05231611156159637
-571.9603960396039,0.05713962643973876
-571.940594059406,0.0620480446862274
-571.9207920792079,0.06700560310831352
-571.90099009901,0.07198472167862126
-571.8811881188119,0.0769635734240264
-571.8613861386139,0.08192443737699384
-571.8415841584159,0.08685257318223598
-571.8217821782177,0.09173544320501115
-571.8019801980198,0.09656216782692612
-571.7821782178219,0.10132313894841243
-571.7623762376238,0.10600974219799987
-571.7425742574258,0.11061415483639213
-571.7227722772277,0.11512919707348686
-571.7029702970298,0.11954822156570177
-571.6831683168316,0.12386503054408655
-571.6633663366337,0.12807381317328428
-571.6435643564357,0.13216909788558806
-571.6237623762377,0.13614571591260363
-571.6039603960396,0.1399987732683531
-571.5841584158416,0.14372362916523357
-571.5643564356436,0.14731587936434368
-571.5445544554456,0.15077134333592954
-571.5247524752475,0.1540860543794589
-571.5049504950496,0.1572562520536075
-571.4851485148515,0.16027837641596057
-571.4653465346535,0.1631490636842486
-571.4455445544554,0.16586514301553418
-571.4257425742575,0.16842363416426248
-571.4059405940594,0.17082174582979223
-571.3861386138614,0.1730568745421698
-571.3663366336634,0.17512660396505292
-571.3465346534654,0.17702870451802483
-571.3267326732673,0.1787611332392119
-571.3069306930694,0.1803220338239128
-571.2871287128713,0.18170973678691718
-571.2673267326733,0.18292275970578273
-571.2475247524752,0.18395980751024782
-571.2277227722773,0.1848197727895243
-571.2079207920792,0.18550173609451995
-571.1881188118812,0.186004966216826
-571.1683168316832,0.1863289204301956
-571.1485148514852,0.18647324468352308
-571.1287128712871,0.18643777373790746
-571.1089108910891,0.1862225312426488
-571.0891089108911,0.1858277297482366
-571.0693069306931,0.18525377065680168
-571.049504950495,0.18450124411304553
-571.0297029702971,0.18357092884172688
-571.009900990099,0.18246379194046716
-570.990099009901,0.1811809886399373
-570.9702970297029,0.17972386204740182
-570.950495049505,0.17809394289329616
-570.9306930693069,0.17629294930604864
-570.9108910891089,0.17432278664577647
-570.8910891089109,0.1721855474347145
-570.8712871287129,0.16988351143087108
-570.8514851485148,0.167419145901887
-570.8316831683169,0.16479510616907161
-570.8118811881188,0.16201423650819918
-570.7920792079208,0.15907957151382396
-570.7722772277227,0.15599433806030966
-570.7524752475248,0.15276195802582948
-570.7326732673267,0.14938605198851918
-570.7128712871287,0.1458704441596826
-570.6930693069307,0.14221916889125782
-570.6732673267327,0.13843647919091417
-570.6534653465346,0.13452685780466817
-570.6336633663366,0.13049503159782413
-570.6138613861386,0.1263459901947537
-570.5940594059407,0.12208501015303735
-570.5742574257425,0.11771768638051942
-570.5544554455446,0.11324997310856229
-570.5346534653465,0.10868823758577031
-570.5148514851485,0.10403933087021854
-570.4950495049504,0.09931068184828427
-570.4752475247525,0.09451042316436387
-570.4554455445545,0.08964756152525709
-570.4356435643564,0.08473221050265947
-570.4158415841584,0.0797759125348089
-570.3960396039604,0.07479208997123486
-570.3762376237623,0.06979668531360826
-570.3564356435644,0.06480908230764061
-570.3366336633663,0.059853448152732615
-570.3168316831684,0.05496071040860611
-570.2970297029702,0.0501714860982242
-570.2772277227723,0.04554040488292524
-570.2574257425742,0.04114233898369834
-570.2376237623762,0.03708079725175714
-570.2178217821782,0.03349739406875202
-570.1980198019802,0.03057732775008535
-570.1782178217823,0.02853822320254454
-570.1584158415841,0.027585081455324997
-570.1386138613861,0.027833756327535042
-570.1188118811882,0.029252935298265465
-570.09900990099,0.03168091801710254
-570.0792079207921,0.034899688559773066
-570.059405940594,0.03870176798963446
-570.0396039603961,0.04291977848532984
-570.0198019801979,0.047428754288459614
-570.0,0.05213801670871715
-569.9801980198021,0.05698184557019792
-569.9603960396039,0.061911955313524586
-569.940594059406,0.06689210354845523
-569.9207920792079,0.07189439860750119
-569.90099009901,0.07689680580234783
-569.8811881188119,0.08188146160590871
-569.8613861386139,0.0868335244937381
-569.8415841584159,0.09174038232109819
-569.8217821782177,0.09659109836521018
-569.8019801980198,0.10137601893441592
-569.7821782178218,0.10608649177356745
-569.7623762376238,0.11071466148241224
-569.7425742574258,0.11525331919046257
-569.7227722772277,0.1196957909594138
-569.7029702970298,0.12403585417609804
-569.6831683168316,0.1282676744155198
-569.6633663366337,0.1323857574400155
-569.6435643564357,0.13638491250539905
-569.6237623762377,0.1402602241933844
-569.6039603960396,0.1440070307288025
-569.5841584158416,0.1476209072669862
-569.5643564356436,0.15109765301652384
-569.5445544554455,0.1544332813391151
-569.5247524752475,0.1576240121717283
-569.5049504950496,0.16066626626700795
-569.4851485148515,0.1635566608611982
-569.4653465346535,0.1662920064640485
-569.4455445544554,0.16886930453036564
-569.4257425742575,0.17128574582269324
-569.4059405940594,0.17353870931333326
-569.3861386138614,0.1756257615039235
-569.3663366336634,0.17754465606455155
-569.3465346534654,0.17929333371293993
-569.3267326732673,0.18086992226928436
-569.3069306930693,0.18227273683409526
-569.2871287128713,0.18350028004631028
-569.2673267326733,0.1845512423867124
-569.2475247524752,0.18542450249815498
-569.2277227722773,0.18611912749984813
-569.2079207920792,0.18663437327708193
-569.1881188118812,0.18696968473232065
-569.1683168316832,0.18712469598646675
-569.1485148514852,0.18709923052266197
-569.1287128712871,0.1868933012676389
-569.1089108910891,0.18650711060827205
-569.0891089108911,0.1859410503437374
-569.0693069306931,0.1851957015762488
-569.049504950495,0.18427183454601023
-569.0297029702971,0.18317040841909038
-569.009900990099,0.18189257103992748
-568.990099009901,0.18043965866397554
-568.9702970297029,0.17881319569001378
-568.950495049505,0.17701489441655216
-568.9306930693069,0.17504665485250037
-568.9108910891089,0.17291056461919238
-568.8910891089109,0.17060889898931625
-568.8712871287129,0.16814412111866037
-568.8514851485148,0.16551888253922245
-568.8316831683168,0.16273602399857057
-568.8118811881188,0.15979857675010403
-568.7920792079208,0.1567097644246634
-568.7722772277227,0.1534730056464194
-568.7524752475248,0.15009191759791607
-568.7326732673267,0.14657032079353471
-568.7128712871287,0.14291224539175695
-568.6930693069307,0.13912193947002507
-568.6732673267327,0.1352038798104144
-568.6534653465346,0.13116278591077993
-568.6336633663366,0.12700363816101737
-568.6138613861386,0.12273170143162077
-568.5940594059406,0.11835255574502905
-568.5742574257425,0.11387213629089078
-568.5544554455446,0.1092967858780158
-568.5346534653465,0.1046333241011917
-568.5148514851485,0.09988913921136905
-568.4950495049504,0.09507231117505596
-568.4752475247525,0.09019177810398382
-568.4554455445545,0.08525756377094693
-568.4356435643564,0.08028109232478793
-568.4158415841584,0.0752756291988868
-568.3960396039604,0.07025690715172749
-568.3762376237623,0.0652440274052848
-568.3564356435643,0.06026077394931089
-568.3366336633663,0.055337552191426956
-568.3168316831684,0.050514268284867304
-568.2970297029702,0.04584459574075824
-568.2772277227723,0.04140216564510955
-568.2574257425742,0.0372890117761716
-568.2376237623762,0.03364536293265267
-568.2178217821782,0.03065604061852619
-568.1980198019802,0.028541021391999575
-568.1782178217823,0.027511996576280187
-568.1584158415841,0.027694677164591307
-568.1386138613861,0.029065796084807083
-568.1188118811881,0.03146575930709176
-568.09900990099,0.03467358781320938
-568.0792079207921,0.038477133362231186
-568.059405940594,0.042704893888008015
-568.0396039603961,0.04722894766272258
-568.0198019801979,0.05195667978169527
-568.0,0.05682114465443444
-567.9801980198021,0.06177328558458131
-567.9603960396039,0.06677637015424762
-567.940594059406,0.0718021894029517
-567.9207920792079,0.07682849804176646
-567.90099009901,0.08183728856651107
-567.8811881188118,0.08681361763486783
-567.8613861386139,0.09174479833557121
-567.8415841584159,0.0966198367744256
-567.8217821782177,0.10142903368135667
-567.8019801980198,0.10616369895466508
-567.7821782178218,0.11081594456445784
-567.7623762376238,0.1153785325715237
-567.7425742574258,0.11984476242937615
-567.7227722772277,0.12420838664096324
-567.7029702970298,0.12846354712707056
-567.6831683168316,0.13260472689285854
-567.6633663366337,0.1366267131111694
-567.6435643564357,0.1405245688071232
-567.6237623762377,0.14429361107914923
-567.6039603960396,0.1479293943259444
-567.5841584158416,0.15142769733369657
-567.5643564356436,0.15478451335774684
-567.5445544554455,0.15799604253857796
-567.5247524752475,0.16105868614455204
-567.5049504950496,0.1639690422478568
-567.4851485148515,0.16672390252639063
-567.4653465346535,0.1693202499498082
-567.4455445544554,0.1717552571583973
-567.4257425742575,0.17402628538210202
-567.4059405940594,0.17613088377761632
-567.3861386138614,0.17806678908490783
-567.3663366336634,0.17983192552364993
-567.3465346534654,0.1814244048647594
-567.3267326732673,0.18284252662432657
-567.3069306930693,0.1840847783370215
-567.2871287128713,0.18514983587386677
-567.2673267326733,0.1860365637759389
-567.2475247524752,0.18674401558087309
-567.2277227722773,0.1872714341238401
-567.2079207920792,0.18761825179842548
-567.1881188118812,0.18778409076649596
-567.1683168316832,0.18776876310907537
-567.1485148514852,0.1875722709131777
-567.1287128712871,0.1871948062922066
-567.1089108910891,0.18663675134006794
-567.0891089108911,0.18589867802182683
-567.0693069306931,0.18498134800640303
-567.049504950495,0.1838857124496268
-567.0297029702971,0.18261291173926186
-567.009900990099,0.18116427521695708
-566.990099009901,0.17954132089641409
-566.9702970297029,0.17774575520153077
-566.950495049505,0.17577947275427117
-566.930693069307,0.17364455624842384
-566.9108910891089,0.1713432764540537
-566.8910891089109,0.16887809240729973
-566.8712871287129,0.16625165185287902
-566.8514851485148,0.16346679202225536
-566.8316831683168,0.16052654085024612
-566.8118811881188,0.157434118757655
-566.7920792079209,0.15419294115959092
-566.7722772277227,0.15080662190004945
-566.7524752475248,0.14727897786660668
-566.7326732673267,0.14361403510846943
-566.7128712871287,0.1398160368726496
-566.6930693069307,0.13588945409448366
-566.6732673267327,0.13183899904142815
-566.6534653465347,0.12766964302901168
-566.6336633663366,0.12338663942799499
-566.6138613861386,0.1189955535955596
-566.5940594059406,0.11450230194006335
-566.5742574257425,0.10991320314109519
-566.5544554455446,0.10523504570433068
-566.5346534653465,0.10047517770097586
-566.5148514851486,0.09564162698126465
-566.4950495049504,0.09074326376195614
-566.4752475247525,0.08579002289931723
-566.4554455445545,0.0807932113744425
-566.4356435643564,0.07576593913737172
-566.4158415841584,0.07072373103010073
-566.3960396039604,0.06568540804640406
-566.3762376237624,0.06067437374068989
-566.3564356435643,0.055720514411917846
-566.3366336633663,0.05086302784069909
-566.3168316831684,0.04615463100342841
-566.2970297029702,0.04166770474377796
-566.2772277227723,0.03750277697156415
-566.2574257425742,0.03379861462928549
-566.2376237623763,0.030739513674545266
-566.2178217821782,0.028547600089071076
-566.1980198019802,0.02744115345849905
-566.1782178217823,0.027555965321919333
-566.1584158415841,0.028877302254693028
-566.1386138613861,0.031248040836873676
-566.1188118811881,0.034444283830768946
-566.0990099009902,0.038249073611039394
-566.0792079207921,0.04248662493095036
-566.059405940594,0.04702594561775585
-566.0396039603961,0.05177241525333128
-566.0198019801979,0.05665782401588809
-566.0,0.0616323230897268
-565.9801980198021,0.06665867888627518
-565.960396039604,0.071708359309113
-565.940594059406,0.07675890545349068
-565.9207920792079,0.08179216432245369
-565.90099009901,0.08679309002727481
-565.8811881188118,0.09174892056615146
-565.8613861386139,0.09664860474782755
-565.8415841584159,0.10148239768615912
-565.8217821782179,0.10624157142464073
-565.8019801980198,0.11091820529484402
-565.7821782178218,0.11550503226472246
-565.7623762376238,0.11999532513420437
-565.7425742574258,0.12438281145412883
-565.7227722772277,0.12866160940080057
-565.7029702970298,0.13282617911185796
-565.6831683168317,0.13687128554908723
-565.6633663366337,0.14079197003773863
-565.6435643564356,0.14458352839372682
-565.6237623762377,0.1482414940924198
-565.6039603960396,0.15176162532234255
-565.5841584158416,0.15513989505044704
-565.5643564356436,0.1583724834336132
-565.5445544554456,0.16145577206507863
-565.5247524752475,0.16438633965969915
-565.5049504950496,0.16716095886892474
-565.4851485148515,0.16977659398237924
-565.4653465346535,0.17223039932376216
-565.4455445544554,0.1745197181877503
-565.4257425742575,0.1766420821952103
-565.4059405940594,0.17859521096789022
-565.3861386138614,0.1803770120425957
-565.3663366336634,0.18198558095998696
-565.3465346534654,0.18341920147506308
-565.3267326732673,0.18467634584628848
-565.3069306930693,0.18575567516817743
-565.2871287128713,0.18665603971870792
-565.2673267326734,0.18737647929854861
-565.2475247524752,0.18791622354343923
-565.2277227722773,0.18827469219525853
-565.2079207920792,0.18845149532070135
-565.1881188118812,0.18844643346946297
-565.1683168316831,0.18825949776683124
-565.1485148514852,0.18789086993807827
-565.1287128712872,0.18734092226476812
-565.1089108910891,0.1866102174755197
-565.0891089108911,0.18569950857657855
-565.0693069306931,0.18460973863027522
-565.049504950495,0.1833420404926247
-565.0297029702971,0.1818977365248503
-565.009900990099,0.1802783382974319
-564.9900990099011,0.1784855463102464
-564.9702970297029,0.17652124975768416
-564.950495049505,0.17438752637435054
-564.9306930693069,0.17208664240517893
-564.9108910891089,0.16962105275346578
-564.8910891089109,0.16699340137297364
-564.8712871287129,0.164206521985182
-564.8514851485149,0.16126343922250405
-564.8316831683168,0.15816737032228978
-564.8118811881188,0.1549217275280784
-564.7920792079209,0.15153012139432562
-564.7722772277227,0.14799636524299517
-564.7524752475248,0.14432448108845228
-564.7326732673267,0.14051870743617526
-564.7128712871288,0.13658350947979309
-564.6930693069306,0.1325235923797889
-564.6732673267327,0.1283439185219861
-564.6534653465347,0.12404972994722673
-564.6336633663366,0.11964657754761138
-564.6138613861386,0.115140359187724
-564.5940594059406,0.11053736970222444
-564.5742574257426,0.10584436685152945
-564.5544554455446,0.1010686589479147
-564.5346534653465,0.0962182222467444
-564.5148514851486,0.0913018597240217
-564.4950495049504,0.08632941814973259
-564.4752475247525,0.08131208840123684
-564.4554455445544,0.07626282631677535
-564.4356435643565,0.0711969505891092
-564.4158415841584,0.06613300423406997
-564.3960396039604,0.061094013140052916
-564.3762376237624,0.05610934763061602
-564.3564356435643,0.05121749990460682
-564.3366336633663,0.0464702307279308
-564.3168316831684,0.04193866308982009
-564.2970297029703,0.037721791032832463
-564.2772277227723,0.033956847664986134
-564.2574257425742,0.030827458653177847
-564.2376237623763,0.028557694794055358
-564.2178217821781,0.02737230792624487
-564.1980198019802,0.027417380686908632
-564.1782178217823,0.02868721079544844
-564.1584158415842,0.03102752931656275
-564.1386138613861,0.03421157135583837
-564.1188118811881,0.038017422904566764
-564.0990099009902,0.04226484834926886
-564.0792079207921,0.046819665656518836
-564.059405940594,0.05158517760162684
-564.0396039603961,0.056491870937633935
-564.019801980198,0.0614890840588225
-564.0,0.06653907159067617
-563.980198019802,0.07161297299830309
-563.960396039604,0.07668811322546891
-563.940594059406,0.0817461926677772
-563.9207920792079,0.08677206248837303
-563.90099009901,0.09175288553416125
-563.8811881188119,0.09667755340272201
-563.8613861386139,0.10153627572427944
-563.8415841584159,0.1063202868166284
-563.8217821782179,0.11102163347527165
-563.8019801980198,0.1156330196420526
-563.7821782178218,0.12014769149238581
-563.7623762376238,0.12455935161818334
-563.7425742574258,0.12886209441192997
-563.7227722772277,0.13305035707580062
-563.7029702970298,0.1371188822679942
-563.6831683168317,0.14106268950045944
-563.6633663366337,0.1448770531757343
-563.6435643564356,0.14855748570058527
-563.6237623762377,0.15209972450884976
-563.6039603960396,0.15549972211268775
-563.5841584158416,0.1587536385116326
-563.5643564356436,0.16185783544448754
-563.5445544554456,0.16480887208550563
-563.5247524752475,0.16760350187377548
-563.5049504950495,0.17023867023160533
-563.4851485148515,0.17271151297847748
-563.4653465346535,0.17501935528674425
-563.4455445544554,0.17715971105588335
-563.4257425742575,0.17913028260601563
-563.4059405940594,0.18092896061057787
-563.3861386138614,0.18255382420293403
-563.3663366336634,0.1840031412039829
-563.3465346534654,0.18527536842752865
-563.3267326732673,0.18636915202807164
-563.3069306930693,0.18728332786245025
-563.2871287128713,0.1880169218420736
-563.2673267326733,0.1885691502571121
-563.2475247524752,0.18893942005809766
-563.2277227722773,0.1891273290836708
-563.2079207920792,0.18913266622639427
-563.1881188118812,0.18895541153134676
-563.1683168316831,0.18859573622478643
-563.1485148514852,0.18805400267283778
-563.1287128712872,0.18733076427263184
-563.1089108910891,0.18642676528094268
-563.0891089108911,0.18534294058826087
-563.0693069306931,0.18408041544920725
-563.049504950495,0.182640505183729
-563.029702970297,0.18102471486734217
-563.009900990099,0.17923473903339981
-562.9900990099011,0.17727246141569275
-562.9702970297029,0.17513995476634114
-562.950495049505,0.1728394807917643
-562.9306930693069,0.1703734902593423
-562.9108910891089,0.1677446233392892
-562.8910891089109,0.16495571026148678
-562.8712871287129,0.16200977238568648
-562.8514851485149,0.1589100238075082
-562.8316831683168,0.15565987365320907
-562.8118811881188,0.1522629292553891
-562.7920792079208,0.1487230004525993
-562.7722772277227,0.1450441053222907
-562.7524752475248,0.1412304777437964
-562.7326732673267,0.13728657730402355
-562.7128712871288,0.1332171022138015
-562.6930693069306,0.12902700611253934
-562.6732673267327,0.12472151992512619
-562.6534653465347,0.12030618032941269
-562.6336633663366,0.11578686694212434
-562.6138613861386,0.1111698511049026
-562.5940594059406,0.10646186025541594
-562.5742574257426,0.10167016345970165
-562.5544554455445,0.0968026860074896
-562.5346534653465,0.09186816441521747
-562.5148514851486,0.08687635834707766
-562.4950495049504,0.08183834381864158
-562.4752475247525,0.076766924139198
-562.4554455445544,0.0716772138700714
-562.4356435643565,0.066587480595278
-562.4158415841584,0.06152037565302179
-562.3960396039604,0.05650475692325843
-562.3762376237624,0.05157841425680375
-562.3564356435643,0.046792152987057016
-562.3366336633663,0.04221583099046034
-562.3168316831683,0.0379468803274309
-562.2970297029703,0.03412092649308952
-562.2772277227723,0.03092077319839697
-562.2574257425742,0.028572213070399043
-562.2376237623763,0.027306323663124122
-562.2178217821781,0.027279670893552415
-562.1980198019802,0.02849610578353655
-562.1782178217823,0.03080464566623114
-562.1584158415842,0.03397573717983614
-562.1386138613861,0.037782366303171194
-562.1188118811881,0.04203967299059309
-562.0990099009902,0.04661015851049819
-562.079207920792,0.051394972097407954
-562.059405940594,0.056323254264018074
-562.0396039603961,0.061343507552501786
-562.019801980198,0.0664174625691991
-562.0,0.07151592390704488
-561.980198019802,0.07661599700584087
-561.960396039604,0.08169923393266813
-561.940594059406,0.08675038203960274
-561.9207920792079,0.09175652860352415
-561.90099009901,0.09670650781423963
-561.8811881188119,0.10159048372444951
-561.8613861386139,0.10639965287155963
-561.8415841584158,0.11112602946656586
-561.8217821782179,0.11576228836662021
-561.8019801980198,0.1203016490466984
-561.7821782178218,0.1247377890441526
-561.7623762376238,0.12906477885252604
-561.7425742574258,0.133277032605431
-561.7227722772277,0.1373692705085177
-561.7029702970298,0.1413364900978026
-561.6831683168317,0.14517394418834748
-561.6633663366337,0.1488771239348172
-561.6435643564356,0.15244174582538922
-561.6237623762377,0.15586374172064432
-561.6039603960396,0.15913925126169792
-561.5841584158416,0.1622646161289486
-561.5643564356436,0.16523637575031772
-561.5445544554456,0.1680512641462108
-561.5247524752475,0.17070620766554248
-561.5049504950495,0.17319832341866728
-561.4851485148515,0.17552491825264763
-561.4653465346535,0.17768348814518123
-561.4455445544554,0.17967171791759026
-561.4257425742575,0.18148748118654756
-561.4059405940594,0.1831288404890214
-561.3861386138614,0.18459404752748101
-561.3663366336633,0.18588154349187688
-561.3465346534654,0.18698995942310304
-561.3267326732673,0.1879181165891981
-561.3069306930693,0.18866502685088782
-561.2871287128713,0.1892298929979372
-561.2673267326733,0.18961210904155432
-561.2475247524752,0.18981126045146068
-561.2277227722773,0.1898271243295878
-561.2079207920792,0.1896596695148946
-561.1881188118812,0.18930905661653788
-561.1683168316831,0.1887756379751579
-561.1485148514852,0.18805995755452978
-561.1287128712871,0.18716275076851327
-561.1089108910891,0.18608494425085687
-561.0891089108911,0.1848276555786264
-561.0693069306931,0.18339219296325293
-561.049504950495,0.181780054927117
-561.029702970297,0.1799929299880912
-561.009900990099,0.17803269637985408
-560.9900990099011,0.17590142184209287
-560.9702970297029,0.17360136352261413
-560.950495049505,0.1711349680427345
-560.9306930693069,0.1685048717893545
-560.9108910891089,0.1657139015115753
-560.8910891089108,0.16276507531829776
-560.8712871287129,0.1596616041966398
-560.8514851485149,0.15640689420090845
-560.8316831683168,0.15300454949991155
-560.8118811881188,0.14945837652054422
-560.7920792079208,0.14577238949003507
-560.7722772277227,0.14195081776466095
-560.7524752475248,0.13799811544617283
-560.7326732673267,0.133918973938357
-560.7128712871288,0.12971833830135507
-560.6930693069306,0.12540142854035702
-560.6732673267327,0.12097376735040967
-560.6534653465346,0.11644121637512625
-560.6336633663366,0.11181002379221135
-560.6138613861386,0.10708688711476293
-560.5940594059406,0.10227903665007948
-560.5742574257426,0.09739434732651639
-560.5544554455445,0.09244148995945689
-560.5346534653465,0.08743013807116864
-560.5148514851486,0.0823712540535801
-560.4950495049504,0.07727749029038769
-560.4752475247525,0.0721637592948363
-560.4554455445544,0.06704805591265889
-560.4356435643565,0.061952660342695705
-560.4158415841583,0.05690592211581516
-560.3960396039604,0.051944933017665305
-560.3762376237624,0.04711954565716496
-560.3564356435643,0.04249834902681017
-560.3366336633663,0.038177191131433925
-560.3168316831683,0.034290025514090945
-560.2970297029703,0.03101869365614974
-560.2772277227723,0.02859049254336161
-560.2574257425742,0.02724266670741048
-560.2376237623763,0.027142433387015344
-560.2178217821781,0.028303709855743552
-560.1980198019802,0.03057923800713221
-560.1782178217821,0.03373675568991569
-560.1584158415842,0.03754399797539241
-560.1386138613861,0.041811300274620246
-560.1188118811881,0.0463977184715841
-560.0990099009902,0.05120217247458873
-560.079207920792,0.05615241575987921
-560.059405940594,0.06119609408447079
-560.0396039603961,0.06629440366817288
-560.019801980198,0.07141780931509982
-560.0,0.07654319480306795
-559.980198019802,0.08165196307805048
-559.960396039604,0.08672875753824362
-559.9405940594058,0.0917605900321314
-559.9207920792079,0.09673623758336912
-559.90099009901,0.1016458189185605
-559.8811881188119,0.10648049301420301
-559.8613861386139,0.11123224166762277
-559.8415841584158,0.11589371076942431
-559.8217821782179,0.12045809316159037
-559.8019801980198,0.12491904134835848
-559.7821782178218,0.1292706019054176
-559.7623762376238,0.13350716584420058
-559.7425742574258,0.13762343083474876
-559.7227722772277,0.14161437232943527
-559.7029702970297,0.14547522142769398
-559.6831683168317,0.14920144788714468
-559.6633663366337,0.1527887470916948
-559.6435643564356,0.15623303008084555
-559.6237623762377,0.15953041595922154
-559.6039603960396,0.16267722616422453
-559.5841584158416,0.16566998018811038
-559.5643564356436,0.1685053924399982
-559.5445544554456,0.17118037000093683
-559.5247524752475,0.17369201107696494
-559.5049504950495,0.1760376039949562
-559.4851485148515,0.17821462661713772
-559.4653465346535,0.18022074607442462
-559.4455445544554,0.18205381873781806
-559.4257425742575,0.183711890362426
-559.4059405940594,0.18519319635079143
-559.3861386138614,0.18649616209205824
-559.3663366336633,0.1876194033415363
-559.3465346534654,0.1885617266119028
-559.3267326732674,0.18932212955251956
-559.3069306930693,0.18989980129825326
-559.2871287128713,0.19029412277297733
-559.2673267326733,0.1905046669363613
-559.2475247524752,0.1905311989656897
-559.2277227722772,0.19037367636717886
-559.2079207920792,0.19003224901386426
-559.1881188118813,0.1895072591097337
-559.1683168316831,0.18879924108210766
-559.1485148514852,0.18790892140705182
-559.1287128712871,0.18683721837514
-559.1089108910891,0.18558524180806388
-559.0891089108911,0.1841542927396636
-559.0693069306931,0.1825458630790121
-559.0495049504951,0.1807616352774208
-559.029702970297,0.17880348202656937
-559.009900990099,0.17667346602121997
-558.990099009901,0.1743738398275597
-558.9702970297029,0.17190704590760303
-558.950495049505,0.16927571686155699
-558.9306930693069,0.16648267596446994
-558.910891089109,0.16353093809154323
-558.8910891089108,0.16042371114929546
-558.8712871287129,0.15716439815901606
-558.8514851485149,0.1537566001763706
-558.8316831683168,0.1502041202794907
-558.8118811881188,0.14651096892135862
-558.7920792079208,0.14268137102543876
-558.7722772277228,0.13871977531412513
-558.7524752475247,0.13463086650750328
-558.7326732673267,0.1304195812297081
-558.7128712871288,0.12609112873271724
-558.6930693069306,0.12165101792285193
-558.6732673267327,0.11710509269814079
-558.6534653465346,0.11245957834114097
-558.6336633663367,0.10772114276108423
-558.6138613861386,0.1028969778933839
-558.5940594059406,0.09799490877741154
-558.5742574257426,0.09302354111138708
-558.5544554455445,0.08799246300565801
-558.5346534653465,0.08291252414966482
-558.5148514851485,0.07779622716996493
-558.4950495049505,0.0726582840104529
-558.4752475247525,0.06751641862026563
-558.4554455445544,0.06239254225434782
-558.4356435643565,0.05731449843462613
-558.4158415841583,0.052318682610075114
-558.3960396039604,0.04745399363998994
-558.3762376237624,0.042787742427264894
-558.3564356435644,0.0384141630389805
-558.3366336633663,0.03446546171019769
-558.3168316831683,0.03112236209975658
-558.2970297029703,0.02861342781573278
-558.2772277227722,0.027181893228164094
-558.2574257425742,0.027005805737046355
-558.2376237623763,0.028109724774250017
-558.2178217821782,0.03035063105274715
-558.1980198019802,0.03349366635661948
-558.1782178217821,0.03730115517962928
-558.1584158415842,0.04157842594203947
-558.1386138613861,0.04618094073183245
-558.1188118811881,0.05100530059764577
-558.0990099009902,0.0559778222847804
-558.0792079207921,0.061045268142633204
-558.059405940594,0.06616828595100041
-558.039603960396,0.07131699336525703
-558.019801980198,0.07646804868180489
-558.0,0.0816027037745785
-557.980198019802,0.0867054971183543
-557.960396039604,0.09176336467175503
-557.940594059406,0.09676502608552104
-557.9207920792079,0.10170055467201176
-557.90099009901,0.1065610718049866
-557.8811881188119,0.11133852683484932
-557.8613861386139,0.11602553664215982
-557.8415841584158,0.1206152673736953
-557.8217821782179,0.12510134641680934
-557.8019801980198,0.1294777963240321
-557.7821782178218,0.13373898485936686
-557.7623762376238,0.13787958701418215
-557.7425742574258,0.14189455599879008
-557.7227722772277,0.14577910102557246
-557.7029702970297,0.14952867027292055
-557.6831683168317,0.15313893782962987
-557.6633663366338,0.15660579371642344
-557.6435643564356,0.15992533629858904
-557.6237623762377,0.16309386656399322
-557.6039603960396,0.16610788386029404
-557.5841584158416,0.16896408277523375
-557.5643564356436,0.17165935091170925
-557.5445544554456,0.17419076736193734
-557.5247524752476,0.1765556017246881
-557.5049504950495,0.17875131354119952
-557.4851485148515,0.18077555204942097
-557.4653465346535,0.18262615617582387
-557.4455445544554,0.18430115469894168
-557.4257425742575,0.1857987665314002
-557.4059405940594,0.18711740107667968
-557.3861386138615,0.18825565862529642
-557.3663366336633,0.18921233076128846
-557.3465346534654,0.18998640075570608
-557.3267326732674,0.19057704392826771
-557.3069306930693,0.1909836279622638
-557.2871287128713,0.19120571316130713
-557.2673267326733,0.19124305263959962
-557.2475247524753,0.19109559243994467
-557.2277227722772,0.19076347157666865
-557.2079207920792,0.19024702200274582
-557.1881188118813,0.18954676850314944
-557.1683168316831,0.18866342851895254
-557.1485148514852,0.1875979119092387
-557.1287128712871,0.1863513206610203
-557.1089108910892,0.18492494856051372
-557.0891089108911,0.183320280842901
-557.0693069306931,0.1815389938419399
-557.0495049504951,0.17958295466617447
-557.029702970297,0.17745422093432295
-557.009900990099,0.1751550406101228
-556.990099009901,0.17268785198597852
-556.970297029703,0.17005528387594593
-556.950495049505,0.1672601560927933
-556.9306930693069,0.1643054803013903
-556.910891089109,0.1611944613632075
-556.8910891089108,0.15793049931492342
-556.8712871287129,0.1545171921610549
-556.8514851485149,0.1509583397076961
-556.8316831683169,0.14725794872634151
-556.8118811881188,0.14342023981809054
-556.7920792079208,0.13944965645639756
-556.7722772277228,0.13535087683088803
-556.7524752475247,0.1311288293095727
-556.7326732673267,0.12678871260270883
-556.7128712871288,0.12233602207764636
-556.6930693069307,0.11777658418372947
-556.6732673267327,0.11311660166433787
-556.6534653465346,0.10836271325596934
-556.6336633663367,0.10352207305045429
-556.6138613861386,0.09860245685353607
-556.5940594059406,0.09361240606977196
-556.5742574257426,0.08856142444540821
-556.5544554455446,0.08346025031625942
-556.5346534653465,0.07832123830455906
-556.5148514851485,0.07315890207563525
-556.4950495049505,0.06799069767285086
-556.4752475247525,0.06283817126044168
-556.4554455445544,0.05772866513122571
-556.4356435643565,0.05269788378641137
-556.4158415841584,0.047793776889913826
-556.3960396039604,0.043082376604548306
-556.3762376237624,0.03865628606220833
-556.3564356435644,0.034645906845125723
-556.3366336633663,0.031230709353239162
-556.3168316831683,0.02864029522230693
-556.2970297029703,0.02712368719742901
-556.2772277227723,0.02686988329001332
-556.2574257425742,0.02791461226586657
-556.2376237623763,0.03011959519747458
-556.2178217821782,0.0332474936000268
-556.1980198019802,0.037055066214307465
-556.1782178217821,0.04134243840996993
-556.1584158415842,0.045961338220887105
-556.1386138613861,0.05080596638048933
-556.1188118811881,0.05580116001347139
-556.0990099009902,0.0608927766985158
-556.0792079207921,0.06604090562213549
-556.059405940594,0.07121531277608903
-556.039603960396,0.07639242922549995
-556.019801980198,0.08155335533394699
-556.0,0.08668252479804144
-555.980198019802,0.09176679805546051
-555.960396039604,0.09679483780242508
-555.940594059406,0.10175667232498421
-555.9207920792079,0.10664338571870831
-555.90099009901,0.11144689513860703
-555.8811881188119,0.11615978863517537
-555.8613861386139,0.12077520577472146
-555.8415841584158,0.12528674888507382
-555.8217821782179,0.12968841650374563
-555.8019801980198,0.13397455311374096
-555.7821782178218,0.13813981095929412
-555.7623762376238,0.14217912091115797
-555.7425742574258,0.14608767017322435
-555.7227722772277,0.14986088520361804
-555.7029702970297,0.1534944186390757
-555.6831683168317,0.1569841393119034
-555.6633663366338,0.16032612466834764
-555.6435643564356,0.16351665505932314
-555.6237623762377,0.16655220949478264
-555.6039603960396,0.16942946254391222
-555.5841584158416,0.17214528213181202
-555.5643564356435,0.1746967280359595
-555.5445544554456,0.1770810509260638
-555.5247524752476,0.1792956918222616
-555.5049504950495,0.18133828187127216
-555.4851485148515,0.1832066423593172
-555.4653465346535,0.18489878489594497
-555.4455445544554,0.18641291171534102
-555.4257425742575,0.1877474160513095
-555.4059405940594,0.18890088255049842
-555.3861386138615,0.18987208769471714
-555.3663366336633,0.19066000020900892
-555.3465346534654,0.19126378143646458
-555.3267326732673,0.19168278566494049
-555.3069306930693,0.19191656039410274
-555.2871287128713,0.19196484653434565
-555.2673267326733,0.19182757853190155
-555.2475247524753,0.19150488441691177
-555.2277227722772,0.19099708577386332
-555.2079207920792,0.19030469763611219
-555.1881188118813,0.18942842830879908
-555.1683168316831,0.1883691791271269
-555.1485148514852,0.1871280441597972
-555.1287128712871,0.18570630987062134
-555.1089108910892,0.1841054547550959
-555.089108910891,0.18232714897283844
-555.0693069306931,0.18037325400188953
-555.0495049504951,0.1782458223470158
-555.029702970297,0.17594709734113
-555.009900990099,0.173479513088358
-554.990099009901,0.17084569460777446
-554.970297029703,0.16804845825107811
-554.950495049505,0.16509081248430196
-554.9306930693069,0.16197595914582377
-554.910891089109,0.15870729532056688
-554.8910891089108,0.15528841600607082
-554.8712871287129,0.15172311779234227
-554.8514851485148,0.14801540383794876
-554.8316831683169,0.14416949050370756
-554.8118811881188,0.14018981611105266
-554.7920792079208,0.13608105243255234
-554.7722772277228,0.13184811971226643
-554.7524752475247,0.12749620627277447
-554.7326732673267,0.12303079412242772
-554.7128712871288,0.11845769247338453
-554.6930693069307,0.11378308178042643
-554.6732673267327,0.10901357190733948
-554.6534653465346,0.10415627946585795
-554.6336633663367,0.09921893147432627
-554.6138613861385,0.09421000559890207
-554.5940594059406,0.08913892192158203
-554.5742574257426,0.08401630831641264
-554.5544554455446,0.07885437254634649
-554.5346534653465,0.07366743146994717
-554.5148514851485,0.06847267509718746
-554.4950495049505,0.06329128680790345
-554.4752475247525,0.058150110282226
-554.4554455445544,0.053084161413629094
-554.4356435643565,0.048140440923249275
-554.4158415841584,0.04338369557215662
-554.3960396039604,0.03890487237300922
-554.3762376237623,0.034832500233936636
-554.3564356435644,0.03134464760779004
-554.3366336633663,0.028671710070302146
-554.3168316831683,0.027068285052103708
-554.2970297029703,0.02673445643927379
-554.2772277227723,0.027717715241004203
-554.2574257425742,0.029885103132138706
-554.2376237623763,0.03299694799982721
-554.2178217821782,0.036804272260910306
-554.1980198019802,0.04110177373758429
-554.1782178217821,0.04573728284662361
-554.1584158415842,0.05060250322389538
-554.1386138613861,0.05562074009700864
-554.1188118811881,0.060736919224811586
-554.0990099009902,0.0659105575520185
-554.0792079207921,0.07111106268961616
-554.059405940594,0.07631463529520761
-554.039603960396,0.08150222283423207
-554.019801980198,0.08665815372214775
-554.0,0.09176921279125692
-553.980198019802,0.09682400587782777
-553.960396039604,0.10181251639344921
-553.940594059406,0.10672579130474753
-553.9207920792079,0.11155571569052146
-553.9009900990098,0.1162948488496174
-553.8811881188119,0.12093630380337957
-553.8613861386139,0.12547365781489203
-553.8415841584158,0.12990088536454583
-553.8217821782179,0.13421230757997873
-553.8019801980198,0.13840255385620048
-553.7821782178218,0.14246653259883554
-553.7623762376238,0.14639940885816138
-553.7425742574258,0.1501965872107493
-553.7227722772277,0.15385369866685933
-553.7029702970297,0.15736659068542835
-553.6831683168317,0.16073131960053133
-553.6633663366337,0.16394414492674875
-553.6435643564356,0.1670015251324538
-553.6237623762377,0.16990011456144888
-553.6039603960396,0.17263676125256974
-553.5841584158416,0.1752085054596776
-553.5643564356435,0.1776125787150696
-553.5445544554456,0.17984640331100107
-553.5247524752476,0.18190759209852606
-553.5049504950495,0.18379394852224312
-553.4851485148515,0.185503466825154
-553.4653465346535,0.18703433236976988
-553.4455445544554,0.18838492203192175
-553.4257425742574,0.18955380463152874
-553.4059405940594,0.19053974137122426
-553.3861386138615,0.1913416862593768
-553.3663366336633,0.19195878649853376
-553.3465346534654,0.19239038282426707
-553.3267326732673,0.19263600978284856
-553.3069306930693,0.1926953959392377
-553.2871287128713,0.19256846400940775
-553.2673267326733,0.19225533091405336
-553.2475247524753,0.19175630775243768
-553.2277227722772,0.19107189969844401
-553.2079207920792,0.19020280582254956
-553.1881188118812,0.18914991884668325
-553.1683168316831,0.1879143248414056
-553.1485148514852,0.18649730287813532
-553.1287128712871,0.18490032465276968
-553.1089108910892,0.18312505410115482
-553.089108910891,0.18117334703183713
-553.0693069306931,0.1790472508074265
-553.0495049504951,0.17674900411306005
-553.029702970297,0.17428103685908916
-553.009900990099,0.1716459702760987
-552.990099009901,0.16884661727355335
-552.970297029703,0.16588598315044215
-552.9504950495049,0.16276726676750916
-552.9306930693069,0.15949386231773682
-552.910891089109,0.15606936186693415
-552.8910891089108,0.15249755888099673
-552.8712871287129,0.14878245301571127
-552.8514851485148,0.14492825652202715
-552.8316831683169,0.14093940272247515
-552.8118811881188,0.13682055715167912
-552.7920792079208,0.13257663213908266
-552.7722772277228,0.1282128058645142
-552.7524752475247,0.1237345472651115
-552.7326732673267,0.11914764865587506
-552.7128712871287,0.11445826860789945
-552.6930693069307,0.10967298859879093
-552.6732673267327,0.10479888835097904
-552.6534653465346,0.09984364682105891
-552.6336633663367,0.09481567883859497
-552.6138613861385,0.0897243219555883
-552.5940594059406,0.08458009502668691
-552.5742574257426,0.07939506080678248
-552.5544554455446,0.07418334173698346
-552.5346534653465,0.06896186487524585
-552.5148514851485,0.06375145473962189
-552.4950495049505,0.05857846120693192
-552.4752475247524,0.05347721691879908
-552.4554455445544,0.04849377809105435
-552.4356435643565,0.04369160520835733
-552.4158415841584,0.039159971689451345
-552.3960396039604,0.035025474716075526
-552.3762376237623,0.03146463802202122
-552.3564356435644,0.028708397310818184
-552.3366336633663,0.02701666848942557
-552.3168316831683,0.026600693177685153
-552.2970297029703,0.027520291782826604
-552.2772277227723,0.029648438287672257
-552.2574257425742,0.032743312261948654
-552.2376237623762,0.03655004686766614
-552.2178217821782,0.04085769264551959
-552.1980198019802,0.04551002026433627
-552.1782178217821,0.05039614048556676
-552.1584158415842,0.055437775230525455
-552.1386138613861,0.06057889203571924
-552.1188118811881,0.06577842237166497
-552.0990099009902,0.0710054089838192
-552.0792079207921,0.07623581905138573
-552.059405940594,0.08145044577857466
-552.039603960396,0.08663351177349624
-552.019801980198,0.09177172612926704
-552.0,0.09685363785447679
-551.980198019802,0.10186918557113579
-551.960396039604,0.10680937919926539
-551.940594059406,0.11166607179630957
-551.9207920792079,0.11643179392746787
-551.9009900990098,0.12109963204876419
-551.8811881188119,0.12566313830192716
-551.861386138614,0.13011626302124044
-551.8415841584158,0.13445330386177468
-551.8217821782179,0.13866886722816485
-551.8019801980198,0.1427578388997784
-551.7821782178218,0.1467153615955958
-551.7623762376237,0.15053681781956932
-551.7425742574258,0.1542178167537279
-551.7227722772278,0.15775418427352306
-551.7029702970297,0.16114195538447013
-551.6831683168317,0.16437736854390353
-551.6633663366337,0.16745686145474337
-551.6435643564356,0.17037706800992966
-551.6237623762377,0.17313481613613393
-551.6039603960396,0.17572712633825616
-551.5841584158417,0.17815121078746018
-551.5643564356435,0.1804044728267333
-551.5445544554456,0.18248450679314482
-551.5247524752475,0.18438909807518283
-551.5049504950495,0.1861162233390765
-551.4851485148515,0.18766405087043522
-551.4653465346535,0.18903094098723433
-551.4455445544555,0.19021544648861258
-551.4257425742574,0.19121631311021603
-551.4059405940594,0.19203247996260264
-551.3861386138615,0.19266307993359208
-551.3663366336633,0.1931074400395716
-551.3465346534654,0.19336508171415728
-551.3267326732673,0.19343572102541529
-551.3069306930694,0.19331926881585448
-551.2871287128712,0.19301583076174522
-551.2673267326733,0.19252570735087304
-551.2475247524753,0.19184939378011406
-551.2277227722772,0.19098757977678865
-551.2079207920792,0.18994114935024445
-551.1881188118812,0.18871118048294602
-551.1683168316832,0.18729894477353773
-551.1485148514852,0.1857059070476141
-551.1287128712871,0.18393372495641688
-551.1089108910892,0.18198424858819678
-551.089108910891,0.17985952012286474
-551.0693069306931,0.17756177356756078
-551.049504950495,0.17509343461929722
-551.0297029702971,0.17245712071137795
-551.009900990099,0.16965564131336577
-550.990099009901,0.16669199857093236
-550.970297029703,0.1635693883926408
-550.9504950495049,0.16029120211731362
-550.9306930693069,0.1568610289295873
-550.910891089109,0.15328265923541798
-550.8910891089109,0.149560089266537
-550.8712871287129,0.1456975272585096
-550.8514851485148,0.14169940164686695
-550.8316831683169,0.13757037185971266
-550.8118811881187,0.1333153424655607
-550.7920792079208,0.12893948168118083
-550.7722772277228,0.12444824558303581
-550.7524752475248,0.11984740983697874
-550.7326732673267,0.11514311142461421
-550.7128712871287,0.11034190378978447
-550.6930693069307,0.10545083019232956
-550.6732673267327,0.10047752205011319
-550.6534653465346,0.09543033200535282
-550.6336633663367,0.09031851589604852
-550.6138613861386,0.08515248459459526
-550.5940594059406,0.07994415717738317
-550.5742574257425,0.07470746337867226
-550.5544554455446,0.06945906949353131
-550.5346534653465,0.06421944391815923
-550.5148514851485,0.05901444596006262
-550.4950495049505,0.05387772826989887
-550.4752475247525,0.048854404248111764
-550.4554455445544,0.044006643747496355
-550.4356435643565,0.03942202499958661
-550.4158415841584,0.035225150014562
-550.3960396039604,0.03159085050724107
-550.3762376237623,0.028750341921867328
-550.3564356435644,0.026968591259873227
-550.3366336633663,0.026468068221989747
-550.3168316831683,0.027321529905597847
-550.2970297029703,0.0294085578778909
-550.2772277227723,0.032485396101191194
-550.2574257425742,0.0362911209832082
-550.2376237623762,0.040608890368333275
-550.2178217821782,0.04527823351850324
-550.1980198019803,0.05018556098862956
-550.1782178217821,0.05525095378709115
-550.1584158415842,0.0604173916227156
-550.1386138613861,0.06564320562755255
-550.1188118811881,0.07089706637517403
-550.09900990099,0.07615470409239375
-550.0792079207921,0.08139675617349248
-550.0594059405942,0.08660733882072168
-550.039603960396,0.09177308524022076
-550.019801980198,0.09688248766070275
-550.0,0.10192544002869966
-549.980198019802,0.10689291533454125
-549.960396039604,0.11177673470464765
-549.940594059406,0.11656940002274709
-549.920792079208,0.12126397119087537
-549.9009900990098,0.12585397520165664
-549.8811881188119,0.1303333381801268
-549.8613861386139,0.13469633421471033
-549.8415841584158,0.13893754659901353
-549.8217821782179,0.14305183834308532
-549.8019801980198,0.14703432967291746
-549.7821782178219,0.15088038084288274
-549.7623762376237,0.15458557901741093
-549.7425742574258,0.15814572828937407
-549.7227722772278,0.16155684212898494
-549.7029702970297,0.1648151377240104
-549.6831683168317,0.16791703179563153
-549.6633663366337,0.17085913756717955
-549.6435643564357,0.17363826263321544
-549.6237623762376,0.17625140752979135
-549.6039603960396,0.17869576484796268
-549.5841584158417,0.18096871876440793
-549.5643564356435,0.18306784488785638
-549.5445544554456,0.18499091033975504
-549.5247524752475,0.18673587400273461
-549.5049504950496,0.18830088688327798
-549.4851485148515,0.18968429254452793
-549.4653465346535,0.1908846275735633
-549.4455445544555,0.19190062205392452
-549.4257425742574,0.19273120001974714
-549.4059405940594,0.19337547987246886
-549.3861386138614,0.1938327747449927
-549.3663366336634,0.19410259280155034
-549.3465346534654,0.1941846374645438
-549.3267326732673,0.19407880756242277
-549.3069306930694,0.1937851973950059
-549.2871287128712,0.19330409671524978
-549.2673267326733,0.19263599062870215
-549.2475247524753,0.19178155941438024
-549.2277227722773,0.19074167827336014
-549.2079207920792,0.1895174170140209
-549.1881188118812,0.1881100396859989
-549.1683168316832,0.18652100417850612
-549.1485148514851,0.18475196180240236
-549.1287128712871,0.1828047568803412
-549.1089108910892,0.18068142637498844
-549.0891089108911,0.17838419959198112
-549.0693069306931,0.17591549800280062
-549.049504950495,0.17327793524289323
-549.0297029702971,0.17047431735341181
-549.009900990099,0.1675076433506515
-548.990099009901,0.16438110622804772
-548.970297029703,0.16109809452102414
-548.950495049505,0.15766219459845526
-548.9306930693069,0.15407719388741242
-548.9108910891089,0.15034708529372767
-548.8910891089109,0.14647607315451913
-548.8712871287129,0.14246858115634506
-548.8514851485148,0.1383292627828044
-548.8316831683169,0.13406301503130744
-548.8118811881188,0.12967499637824284
-548.7920792079208,0.12517065030153876
-548.7722772277228,0.1205557361283781
-548.7524752475248,0.11583636962156056
-548.7326732673267,0.11101907663798928
-548.7128712871287,0.1061108645196947
-548.6930693069307,0.1011193178180526
-548.6732673267327,0.09605272782841928
-548.6534653465346,0.09092026973913656
-548.6336633663367,0.08573224780503094
-548.6138613861386,0.08050043919262118
-548.5940594059406,0.07523858323910973
-548.5742574257425,0.06996308849986442
-548.5544554455446,0.0646940711748445
-548.5346534653465,0.05945690496051151
-548.5148514851485,0.05428456834412382
-548.4950495049505,0.04922123750406922
-548.4752475247525,0.044327793327901654
-548.4554455445544,0.039690106501161934
-548.4356435643564,0.03543073377965571
-548.4158415841584,0.03172268339220638
-548.3960396039604,0.028797198092560716
-548.3762376237623,0.026924006827635353
-548.3564356435644,0.026336821408009206
-548.3366336633663,0.02712190080797197
-548.3168316831683,0.02916611535285035
-548.2970297029703,0.03222400416095602
-548.2772277227723,0.036028425083773255
-548.2574257425742,0.0403563987851405
-548.2376237623762,0.04504303405022716
-548.2178217821782,0.04997193794296006
-548.1980198019802,0.05506149703672917
-548.1782178217821,0.06025367701914256
-548.1584158415842,0.06550619643368223
-548.1386138613861,0.0707873483033832
-548.1188118811881,0.07607262382995324
-548.09900990099,0.08134250406581182
-548.0792079207921,0.08658099895012941
-548.0594059405942,0.09177466619923563
-548.039603960396,0.09691194171395685
-548.019801980198,0.1019826751824117
-548.0,0.10697780301139205
-547.980198019802,0.11188911466175896
-547.9603960396039,0.11670908352275318
-547.940594059406,0.12143074305839095
-547.920792079208,0.12604759516621583
-547.9009900990098,0.1305535417631168
-547.8811881188119,0.13494283332740148
-547.8613861386139,0.13921002996110818
-547.8415841584158,0.14334997179369163
-547.8217821782179,0.14735775642167992
-547.8019801980198,0.15122872169282942
-547.7821782178219,0.15495843258040537
-547.7623762376237,0.15854267120786747
-547.7425742574258,0.16197742931301737
-547.7227722772277,0.16525890260901643
-547.7029702970297,0.16838348662446856
-547.6831683168317,0.171347773698292
-547.6633663366337,0.1741485508757046
-547.6435643564357,0.1767827985055844
-547.6237623762376,0.1792476893807011
-547.6039603960396,0.18154058829437927
-547.5841584158417,0.18365905191211737
-547.5643564356435,0.18560082887624413
-547.5445544554456,0.1873638600774181
-547.5247524752475,0.18894627903891903
-547.5049504950496,0.19034641236985367
-547.4851485148515,0.19156278025146442
-547.4653465346535,0.192594096927299
-547.4455445544555,0.19343927117356183
-547.4257425742574,0.19409740673056755
-547.4059405940594,0.19456780268004908
-547.3861386138614,0.19484995375666286
-547.3663366336634,0.19494355058472657
-547.3465346534654,0.19484847983425677
-547.3267326732673,0.19456482429253003
-547.3069306930694,0.19409286285016417
-547.2871287128712,0.19343307040260246
-547.2673267326733,0.19258611767083286
-547.2475247524753,0.191552870947017
-547.2277227722773,0.19033439177414804
-547.2079207920792,0.18893193657113252
-547.1881188118812,0.18734695621867936
-547.1683168316832,0.18558109562493136
-547.1485148514851,0.1836361932946194
-547.1287128712871,0.1815142809308949
-547.1089108910892,0.1792175831059092
-547.0891089108911,0.17674851704395683
-547.0693069306931,0.1741096925716426
-547.049504950495,0.17130391230142494
-547.0297029702971,0.16833417213104518
-547.009900990099,0.16520366216090845
-546.990099009901,0.1619157681568439
-546.970297029703,0.1584740737179698
-546.950495049505,0.15488236335127356
-546.9306930693069,0.1511446267090694
-546.9108910891089,0.14726506431716244
-546.8910891089109,0.14324809521629556
-546.8712871287129,0.13909836706673903
-546.8514851485148,0.1348207694364665
-546.8316831683169,0.13042045122704218
-546.8118811881188,0.12590284351191686
-546.7920792079208,0.12127368950830664
-546.7722772277228,0.1165390840320639
-546.7524752475248,0.11170552567976445
-546.7326732673267,0.10677998627286125
-546.7128712871287,0.10177000398618065
-546.6930693069307,0.09668380938112546
-546.6732673267327,0.09153049777433399
-546.6534653465346,0.08632026780364281
-546.6336633663367,0.08106475602689431
-546.6138613861386,0.07577751308801069
-546.5940594059406,0.07047469203295653
-546.5742574257425,0.06517605974645758
-546.5544554455446,0.05990650789144747
-546.5346534653465,0.05469834480265372
-546.5148514851485,0.049594812684792745
-546.4950495049505,0.044655502237296536
-546.4752475247525,0.03996456101349507
-546.4554455445544,0.03564244745086614
-546.4356435643564,0.031860212648437636
-546.4158415841584,0.028848871215143644
-546.3960396039604,0.026882616449478054
-546.3762376237623,0.02620641162326055
-546.3564356435644,0.02692061613355437
-546.3366336633663,0.02892013238794185
-546.3168316831683,0.03195805319987698
-546.2970297029703,0.03576083908263348
-546.2772277227723,0.04009910087958852
-546.2574257425742,0.04480332747533453
-546.2376237623762,0.049754207908054855
-546.2178217821782,0.054868375279286494
-546.1980198019802,0.06008675253884614
-546.1782178217821,0.06536643231681649
-546.1584158415842,0.0706753243097037
-546.1386138613861,0.07598867853234663
-546.1188118811881,0.08128681920820455
-546.09900990099,0.08655365025299733
-546.0792079207921,0.09177565440136738
-546.0594059405942,0.09694121178666679
-546.039603960396,0.10204012835438662
-546.019801980198,0.10706330436087422
-546.0,0.11200249794198736
-545.980198019802,0.1168501542437218
-545.9603960396039,0.12159928046262859
-545.940594059406,0.1262433535013225
-545.920792079208,0.13077625110859403
-545.9009900990098,0.13519220014204134
-545.8811881188119,0.13948573745915166
-545.8613861386139,0.14365168022068614
-545.8415841584158,0.14768510327664056
-545.8217821782179,0.15158132192734794
-545.8019801980198,0.15533587879483282
-545.7821782178219,0.15894453385756815
-545.7623762376237,0.16240325693306687
-545.7425742574258,0.16570822206249491
-545.7227722772277,0.16885580337728168
-545.7029702970297,0.1718425721221831
-545.6831683168317,0.17466529457988994
-545.6633663366337,0.17732093069707822
-545.6435643564357,0.17980663325262505
-545.6237623762376,0.18211974744153905
-545.6039603960396,0.18425781077273998
-545.5841584158417,0.1862185531987576
-545.5643564356435,0.1879998974109526
-545.5445544554456,0.18959995924624665
-545.5247524752475,0.19101704816138226
-545.5049504950496,0.1922496677388841
-545.4851485148514,0.19329651619540075
-545.4653465346535,0.19415648686882467
-545.4455445544555,0.19482866866489973
-545.4257425742574,0.1953123464481973
-545.4059405940594,0.19560700136557396
-545.3861386138614,0.19571231109326598
-545.3663366336634,0.1956281500013592
-545.3465346534654,0.19535458923201116
-545.3267326732673,0.19489189669008106
-545.3069306930694,0.19424053694705032
-545.2871287128712,0.19340117106171742
-545.2673267326733,0.19237465632335427
-545.2475247524752,0.19116204592590974
-545.2277227722773,0.18976458858457748
-545.2079207920792,0.18818372810950323
-545.1881188118812,0.1864211029553374
-545.1683168316832,0.1844785457696314
-545.1485148514851,0.182358082968731
-545.1287128712871,0.1800619343762124
-545.1089108910892,0.17759251296689
-545.0891089108911,0.17495242476934358
-545.0693069306931,0.17214446899192662
-545.049504950495,0.169171638452782
-545.0297029702971,0.1660371204134299
-545.0099009900989,0.162744297940374
-544.990099009901,0.15929675195049103
-544.970297029703,0.15569826413692367
-544.950495049505,0.1519528210251987
-544.9306930693069,0.14806461947920654
-544.9108910891089,0.14403807406893024
-544.8910891089109,0.1398778268354617
-544.8712871287129,0.13558876015537133
-544.8514851485148,0.13117601363329948
-544.8316831683169,0.12664500626383995
-544.8118811881188,0.12200146553795194
-544.7920792079208,0.11725146578002782
-544.7722772277227,0.11240147887179072
-544.7524752475248,0.10745844177416193
-544.7326732673267,0.10242984709303408
-544.7128712871287,0.0973238656560245
-544.6930693069307,0.09214951416200161
-544.6732673267327,0.08691688722274407
-544.6534653465346,0.0816374828277832
-544.6336633663367,0.07632466556644849
-544.6138613861386,0.07099433640020866
-544.5940594059406,0.06566591732151965
-544.5742574257425,0.060363823546685534
-544.5544554455446,0.05511969990612798
-544.5346534653465,0.04997586134650671
-544.5148514851485,0.044990611657862604
-544.4950495049505,0.040246365224283785
-544.4752475247525,0.035861434788120906
-544.4554455445544,0.03200478237347493
-544.4356435643564,0.028906924602036484
-544.4158415841584,0.026846171731095454
-544.3960396039605,0.02607867076645878
-544.3762376237623,0.026719449925367254
-544.3564356435644,0.028672244278590987
-544.3366336633663,0.03168902993889053
-544.3168316831683,0.0354897220111452
-544.2970297029702,0.03983825215431672
-544.2772277227723,0.044560285765041716
-544.2574257425744,0.04953347501516926
-544.2376237623762,0.054672637229775736
-544.2178217821782,0.059917621491251224
-544.1980198019802,0.0652248793657892
-544.1782178217821,0.07056193003100945
-544.1584158415842,0.07590377903466654
-544.1386138613861,0.08123059239022509
-544.1188118811882,0.08652616750856612
-544.09900990099,0.09177691206459943
-544.0792079207921,0.09697115050436407
-544.059405940594,0.10209864515034912
-544.039603960396,0.10715026021228886
-544.019801980198,0.11211772256605433
-544.0,0.11699344913334533
-543.9801980198021,0.12177042081661758
-543.9603960396039,0.1264420894552032
-543.940594059406,0.1310023085248883
-543.920792079208,0.1354452811263479
-543.9009900990098,0.13976552071010143
-543.8811881188119,0.14395782128408027
-543.8613861386139,0.14801723474990397
-543.8415841584159,0.15193905364442972
-543.8217821782177,0.15571879801110497
-543.8019801980198,0.15935220544740952
-543.7821782178219,0.16283522360811603
-543.7623762376237,0.16616400461534292
-543.7425742574258,0.16933490095343887
-543.7227722772277,0.1723444625215649
-543.7029702970298,0.17518943458828934
-543.6831683168317,0.1778667564472998
-543.6633663366337,0.1803735606146882
-543.6435643564357,0.18270717244091284
-543.6237623762376,0.1848651100355923
-543.6039603960396,0.18684508442286088
-543.5841584158416,0.1886449998609712
-543.5643564356436,0.19026295427198137
-543.5445544554456,0.1916972397376142
-543.5247524752475,0.1929463430253114
-543.5049504950496,0.19400894611519204
-543.4851485148514,0.19488392670428625
-543.4653465346535,0.19557035866869213
-543.4455445544555,0.19606751246851184
-543.4257425742575,0.19637485548360478
-543.4059405940594,0.19649205227125408
-543.3861386138614,0.1964189647393794
-543.3663366336634,0.19615565223163908
-543.3465346534653,0.19570237152277953
-543.3267326732673,0.19505957672523078
-543.3069306930694,0.1942279191099796
-543.2871287128713,0.19320824684735763
-543.2673267326733,0.19200160467599955
-543.2475247524752,0.19060923351092635
-543.2277227722773,0.1890325700053937
-543.2079207920792,0.1872732460842794
-543.1881188118812,0.18533308847196409
-543.1683168316832,0.18321411824230135
-543.1485148514852,0.1809185504250904
-543.1287128712871,0.17844879371099356
-543.1089108910891,0.17580745030655479
-543.0891089108911,0.17299731600280827
-543.0693069306931,0.1700213805359926
-543.049504950495,0.16688282833759038
-543.0297029702971,0.1635850397949211
-543.009900990099,0.16013159317443462
-542.990099009901,0.1565262673992645
-542.970297029703,0.1527730459245607
-542.950495049505,0.14887612202201872
-542.9306930693069,0.144839905874737
-542.9108910891089,0.1406690340041409
-542.8910891089109,0.13636838171219454
-542.8712871287129,0.13194307944313835
-542.8514851485148,0.12739853427225253
-542.8316831683169,0.12274045815131639
-542.8118811881188,0.11797490513405018
-542.7920792079208,0.11310832065031841
-542.7722772277227,0.10814760711734037
-542.7524752475248,0.10310021195903071
-542.7326732673268,0.09797424674845281
-542.7128712871287,0.09277865016863962
-542.6930693069307,0.08752341357132161
-542.6732673267327,0.08221989736212343
-542.6534653465346,0.07688128134664445
-542.6336633663366,0.07152321603378826
-542.6138613861386,0.06616478057002287
-542.5940594059407,0.06082991613163733
-542.5742574257425,0.05554960641368577
-542.5544554455446,0.05036524007477959
-542.5346534653465,0.045333829686151926
-542.5148514851485,0.04053603682733453
-542.4950495049505,0.03608797007476556
-542.4752475247525,0.03215635956646756
-542.4554455445545,0.028970945832610125
-542.4356435643564,0.02681380549023098
-542.4158415841584,0.0259522180264318
-542.3960396039604,0.026516518775956434
-542.3762376237623,0.028420175994964565
-542.3564356435644,0.03141441959929033
-542.3366336633663,0.035212441030119696
-542.3168316831684,0.039571175212461826
-542.2970297029702,0.044311224929577
-542.2772277227723,0.049307066284177505
-542.2574257425744,0.05447162803083717
-542.2376237623762,0.05974364912531948
-542.2178217821782,0.06507892251508843
-542.1980198019802,0.07044456861594824
-542.1782178217823,0.07581534484283989
-542.1584158415841,0.08117125755422008
-542.1386138613861,0.08649599726016652
-542.1188118811882,0.09177589664642159
-542.09900990099,0.09699922472069984
-542.0792079207921,0.10215570047006442
-542.059405940594,0.10723615231908055
-542.0396039603961,0.1122322760918553
-542.019801980198,0.11713646063291401
-542.0,0.12194166063745865
-541.9801980198021,0.12664130291329095
-541.9603960396039,0.13122921664623807
-541.940594059406,0.1356995811212603
-541.9207920792079,0.14004688628751605
-541.90099009901,0.1442659028759503
-541.8811881188119,0.14835165969092767
-541.8613861386139,0.1522994263365514
-541.8415841584159,0.15610470009191732
-541.8217821782177,0.15976319597449345
-541.8019801980198,0.16327083926679534
-541.7821782178219,0.16662375995441128
-541.7623762376238,0.16981828865118612
-541.7425742574258,0.1728509536831917
-541.7227722772277,0.17571847907488122
-541.7029702970298,0.17841778323586596
-541.6831683168316,0.1809459781884807
-541.6633663366337,0.1833003692089362
-541.6435643564357,0.18547845477996794
-541.6237623762377,0.18747792677281097
-541.6039603960396,0.189296670791919
-541.5841584158416,0.1909327666283568
-541.5643564356436,0.19238448877784756
-541.5445544554456,0.19365030698749136
-541.5247524752475,0.1947288868019261
-541.5049504950496,0.19561909008512027
-541.4851485148515,0.196319975498549
-541.4653465346535,0.1968307989205067
-541.4455445544554,0.1971510137945328
-541.4257425742575,0.19728027139801466
-541.4059405940594,0.19721842102451806
-541.3861386138614,0.19696551007601143
-541.3663366336634,0.1965217840633635
-541.3465346534654,0.1958876865157995
-541.3267326732673,0.19506385880226668
-541.3069306930694,0.19405113987013484
-541.2871287128713,0.1928505659091494
-541.2673267326733,0.19146336995142538
-541.2475247524752,0.18989098142146432
-541.2277227722773,0.1881350256538827
-541.2079207920792,0.18619732340094597
-541.1881188118812,0.1840798903569857
-541.1683168316832,0.18178493673322757
-541.1485148514852,0.17931486692399545
-541.1287128712871,0.17667227931466192
-541.1089108910891,0.1738599662933995
-541.0891089108911,0.17088091454316892
-541.0693069306931,0.16773830570885434
-541.049504950495,0.16443551755788458
-541.0297029702971,0.16097612578236792
-541.009900990099,0.15736390662969857
-540.990099009901,0.1536028405987998
-540.9702970297029,0.14969711750525613
-540.950495049505,0.14565114330615125
-540.9306930693069,0.14146954919224108
-540.9108910891089,0.13715720361256736
-540.8910891089109,0.13271922811125875
-540.8712871287129,0.1281610181508774
-540.8514851485148,0.12348827050712632
-540.8316831683169,0.1187070193962672
-540.8118811881188,0.11382368431793616
-540.7920792079208,0.1088451337805203
-540.7722772277227,0.10377877080759847
-540.7524752475248,0.09863264869243149
-540.7326732673267,0.09341562933375955
-540.7128712871287,0.08813760239940499
-540.6930693069307,0.08280979275295551
-540.6732673267327,0.07744519808845078
-540.6534653465346,0.0720592219823666
-540.6336633663366,0.0666706053712303
-540.6138613861386,0.06130282141724238
-540.5940594059407,0.05598620020472573
-540.5742574257425,0.05076121254881503
-540.5544554455446,0.045683586461869985
-540.5346534653465,0.04083222713297595
-540.5148514851485,0.03632100301161743
-540.4950495049504,0.03231429667433889
-540.4752475247525,0.02904081245247362
-540.4554455445545,0.02678601605202851
-540.4356435643564,0.0258281692433404
-540.4158415841584,0.02631344303186252
-540.3960396039604,0.02816591270242165
-540.3762376237623,0.031136464014974666
-540.3564356435644,0.03493141684142842
-540.3366336633663,0.039300412234976434
-540.3168316831684,0.044058767150088406
-540.2970297029702,0.049077655003833175
-540.2772277227723,0.054268052446181166
-540.2574257425742,0.059567558468018804
-540.2376237623762,0.06493129415647085
-540.2178217821782,0.07032597578456862
-540.1980198019802,0.07572611086611004
-540.1782178217823,0.08111154592360145
-540.1584158415841,0.08646586501898741
-540.1386138613861,0.09177532649380675
-540.1188118811882,0.09702814455821886
-540.09900990099,0.10221399542026022
-540.0792079207921,0.1073236721658605
-540.059405940594,0.1123488399032971
-540.0396039603961,0.11728185963466442
-540.0198019801979,0.12211565999456227
-540.0,0.12684364283095428
-539.9801980198021,0.13145961304879003
-539.9603960396039,0.13595772607448767
-539.940594059406,0.1403324482703251
-539.9207920792079,0.144578526969831
-539.90099009901,0.14869096773122026
-539.8811881188119,0.15266501705407765
-539.8613861386139,0.1564961492629379
-539.8415841584159,0.1601800565904879
-539.8217821782177,0.1637126417309404
-539.8019801980198,0.16709001230865514
-539.7821782178218,0.1703084768360279
-539.7623762376238,0.17336454183079936
-539.7425742574258,0.1762549098354784
-539.7227722772277,0.17897647813669063
-539.7029702970298,0.1815263380242789
-539.6831683168316,0.18390177446275086
-539.6633663366337,0.18610026607284633
-539.6435643564357,0.1881194853409567
-539.6237623762377,0.18995729898976674
-539.6039603960396,0.19161176845604194
-539.5841584158416,0.19308115043149232
-539.5643564356436,0.19436389743075325
-539.5445544554455,0.19545865835723486
-539.5247524752475,0.19636427904296463
-539.5049504950496,0.19707980274319892
-539.4851485148515,0.1976044705705099
-539.4653465346535,0.19793772185627584
-539.4455445544554,0.19807919443050861
-539.4257425742575,0.19802872481362177
-539.4059405940594,0.19778634831610356
-539.3861386138614,0.19735229904435636
-539.3663366336634,0.19672700981329383
-539.3465346534654,0.19591111196844035
-539.3267326732673,0.19490543512273395
-539.3069306930693,0.19371100681570597
-539.2871287128713,0.19232905210547946
-539.2673267326733,0.1907609931072619
-539.2475247524752,0.18900844849554158
-539.2277227722773,0.1870732329914096
-539.2079207920792,0.18495735686164635
-539.1881188118812,0.1826630254620706
-539.1683168316832,0.1801926388652407
-539.1485148514852,0.17754879162156798
-539.1287128712871,0.174734272714431
-539.1089108910891,0.17175206578374794
-539.0891089108911,0.16860534971065433
-539.0693069306931,0.16529749967847623
-539.049504950495,0.1618320888543698
-539.0297029702971,0.15821289087371315
-539.009900990099,0.15444388335815917
-538.990099009901,0.1505292527626887
-538.9702970297029,0.14647340093194677
-538.950495049505,0.1422809538598825
-538.9306930693069,0.13795677329960215
-538.9108910891089,0.13350597207897166
-538.8910891089109,0.12893393426366448
-538.8712871287129,0.12424634170799674
-538.8514851485148,0.11944920909361387
-538.8316831683168,0.11454893035373052
-538.8118811881188,0.10955234053001903
-538.7920792079208,0.1044667987904633
-538.7722772277227,0.09930030082931998
-538.7524752475248,0.0940616326244955
-538.7326732673267,0.08876058327080637
-538.7128712871287,0.08340824353761642
-538.6930693069307,0.07801743091353826
-538.6732673267327,0.07260330456526973
-538.6534653465346,0.0671842705461324
-538.6336633663366,0.061783338303111036
-538.6138613861386,0.05643018956002
-538.5940594059406,0.05116438278092965
-538.5742574257425,0.046040364396932675
-538.5544554455446,0.04113527543442163
-538.5346534653465,0.036560704417725444
-538.5148514851485,0.032478568751885685
-538.4950495049504,0.029116276688186945
-538.4752475247525,0.026762302968753735
-538.4554455445545,0.025705736817626557
-538.4356435643564,0.026109144057185354
-538.4158415841584,0.027908155882802693
-538.3960396039604,0.030853756796090915
-538.3762376237623,0.03464522543105554
-538.3564356435643,0.03902457227269264
-538.3366336633663,0.04380157703898692
-538.3168316831684,0.04884396900816704
-538.2970297029702,0.05406070246050359
-538.2772277227723,0.059388203860337496
-538.2574257425742,0.06478090828252087
-538.2376237623762,0.07020512234099907
-538.2178217821782,0.0756351020515399
-538.1980198019802,0.08105053419266844
-538.1782178217823,0.08643489711801267
-538.1584158415841,0.09177437573654712
-538.1386138613861,0.09705713033641958
-538.1188118811881,0.10227279510458163
-538.09900990099,0.1074121284056693
-538.0792079207921,0.11246676511194752
-538.059405940594,0.11742903873880221
-538.0396039603961,0.12229185210847168
-538.0198019801979,0.1270485822663068
-538.0,0.13169300991746546
-537.9801980198021,0.13621926664772446
-537.9603960396039,0.1406217951983414
-537.940594059406,0.1448953194284101
-537.9207920792079,0.1490348215380283
-537.90099009901,0.1530355247816731
-537.8811881188118,0.15689288036570093
-537.8613861386139,0.16060255755584255
-537.8415841584159,0.16416043626109383
-537.8217821782177,0.16756260153625727
-537.8019801980198,0.1708053395751927
-537.7821782178218,0.17388513486389537
-537.7623762376238,0.17679866823515702
-537.7425742574258,0.17954281562223853
-537.7227722772277,0.18211464735105307
-537.7029702970298,0.1845114278432222
-537.6831683168316,0.1867306156277206
-537.6633663366337,0.1887698635787911
-537.6435643564356,0.1906270193134187
-537.6237623762377,0.19230012569432503
-537.6039603960396,0.19378742139443653
-537.5841584158416,0.19508734148676343
-537.5643564356436,0.19619851803055038
-537.5445544554455,0.19711978062972038
-537.5247524752475,0.1978501569444682
-537.5049504950496,0.1983888731405794
-537.4851485148515,0.19873535426437233
-537.4653465346535,0.19888922453424676
-537.4455445544554,0.1988503075422023
-537.4257425742575,0.19861862636133923
-537.4059405940593,0.198194403557391
-537.3861386138614,0.19757806110475828
-537.3663366336634,0.19677022020968465
-537.3465346534654,0.19577170104543165
-537.3267326732673,0.19458352240696883
-537.3069306930693,0.19320690129533138
-537.2871287128713,0.19164325244481975
-537.2673267326733,0.18989418780995643
-537.2475247524752,0.1879615160329716
-537.2277227722773,0.18584724191781876
-537.2079207920792,0.1835535659424623
-537.1881188118812,0.1810828838484149
-537.1683168316832,0.17843778635552535
-537.1485148514852,0.17562105906089728
-537.1287128712871,0.17263568259472606
-537.1089108910891,0.16948483312316268
-537.0891089108911,0.16617188331052854
-537.0693069306931,0.16270040388155435
-537.049504950495,0.15907416596075913
-537.0297029702971,0.1552971444139846
-537.009900990099,0.15137352247935235
-536.990099009901,0.14730769805770666
-536.9702970297029,0.1431042921429089
-536.950495049505,0.1387681600211879
-536.930693069307,0.1343044060708795
-536.9108910891089,0.12971840327232614
-536.8910891089109,0.12501581892408045
-536.8712871287129,0.1202026486051462
-536.8514851485148,0.11528526119698734
-536.8316831683168,0.11027045889396853
-536.8118811881188,0.10516555776224223
-536.7920792079209,0.09997849682553941
-536.7722772277227,0.09471798729906813
-536.7524752475248,0.08939371916746079
-536.7326732673267,0.08401665097495517
-536.7128712871287,0.07859942241568182
-536.6930693069307,0.07315695137281704
-536.6732673267327,0.06770731305982429
-536.6534653465347,0.062273058344357986
-536.6336633663366,0.05688322678543725
-536.6138613861386,0.05157647098203053
-536.5940594059406,0.04640595962598339
-536.5742574257425,0.0414470620731413
-536.5544554455446,0.03680904550680551
-536.5346534653465,0.032651237383591075
-536.5148514851486,0.029199467437537825
-536.4950495049504,0.026744784179745636
-536.4752475247525,0.025586867705667333
-536.4554455445545,0.02590521624726603
-536.4356435643564,0.027648068675928273
-536.4158415841584,0.03056707099722187
-536.3960396039604,0.034354333453044915
-536.3762376237624,0.03874389014410498
-536.3564356435643,0.0435397123924409
-536.3366336633663,0.04860592788470846
-536.3168316831684,0.053849387296005254
-536.2970297029702,0.059205304649671595
-536.2772277227723,0.06462740983768635
-536.2574257425742,0.07008159077833144
-536.2376237623763,0.07554184785703706
-536.2178217821782,0.08098770633109474
-536.1980198019802,0.08640253817912134
-536.1782178217823,0.09177245471202208
-536.1584158415841,0.09708556233348538
-536.1386138613861,0.10233145330613055
-536.1188118811881,0.10750085136227844
-536.0990099009902,0.11258536119076444
-536.0792079207921,0.11757728882687148
-536.059405940594,0.12246951124052179
-536.0396039603961,0.127255380591526
-536.0198019801979,0.13192865326452743
-536.0,0.13648343685158187
-535.9801980198021,0.1409141502926513
-535.960396039604,0.1452154937697997
-535.940594059406,0.149382425904089
-535.9207920792079,0.15341014646940473
-535.90099009901,0.15729408330691527
-535.8811881188118,0.16102988245958905
-535.8613861386139,0.16461340078890555
-535.8415841584159,0.16804070051327258
-535.8217821782179,0.171308045238455
-535.8019801980198,0.17441189714779515
-535.7821782178218,0.17734891509352307
-535.7623762376238,0.1801159533858785
-535.7425742574258,0.18271006111932203
-535.7227722772277,0.18512848190820944
-535.7029702970298,0.18736865392924296
-535.6831683168317,0.18942821018861555
-535.6633663366337,0.1913049789470051
-535.6435643564356,0.19299698424835296
-535.6237623762377,0.19450244650842796
-535.6039603960396,0.19581978312717319
-535.5841584158416,0.1969476090955564
-535.5643564356436,0.1978847375730728
-535.5445544554456,0.1986301804166813
-535.5247524752475,0.19918314864569558
-535.5049504950496,0.1995430528305638
-535.4851485148515,0.1997095033964042
-535.4653465346535,0.1996823108345929
-535.4455445544554,0.1994614858183283
-535.4257425742575,0.19904723922012735
-535.4059405940594,0.19843998203158428
-535.3861386138614,0.1976403251877406
-535.3663366336634,0.19664907930094275
-535.3465346534654,0.195467254311226
-535.3267326732673,0.19409605906319183
-535.3069306930693,0.19253690082214187
-535.2871287128713,0.19079138474598792
-535.2673267326734,0.18886131333308215
-535.2475247524752,0.1867486858713943
-535.2277227722773,0.18445569791988836
-535.2079207920792,0.18198474086022356
-535.1881188118812,0.17933840156541064
-535.1683168316831,0.17651946224288215
-535.1485148514852,0.1735309005229127
-535.1287128712872,0.17037588988016245
-535.1089108910891,0.16705780049767172
-535.0891089108911,0.16358020071028948
-535.0693069306931,0.15994685920000745
-535.049504950495,0.1561617481620102
-535.0297029702971,0.15222904772093943
-535.009900990099,0.14815315195726353
-534.9900990099011,0.14393867701062776
-534.9702970297029,0.13959047187179754
-534.950495049505,0.13511363267076176
-534.9306930693069,0.1305135215389138
-534.9108910891089,0.125795791498011
-534.8910891089109,0.12096641935609032
-534.8712871287129,0.11603174934063228
-534.8514851485149,0.11099855128121368
-534.8316831683168,0.10587409873484467
-534.8118811881188,0.10066627479282017
-534.7920792079209,0.09538371684011963
-534.7722772277227,0.0900360169459655
-534.7524752475248,0.08463400298074772
-534.7326732673267,0.07919013888052001
-534.7128712871288,0.07371910393677202
-534.6930693069306,0.06823864607942295
-534.6732673267327,0.06277086222701603
-534.6534653465347,0.0573441555403374
-534.6336633663366,0.05199627912003885
-534.6138613861386,0.04677912848257834
-534.5940594059406,0.04176629649266433
-534.5742574257426,0.03706469431330838
-534.5544554455446,0.032830948115254104
-534.5346534653465,0.029289045769650163
-534.5148514851486,0.026732183536119558
-534.4950495049504,0.025470372111583667
-534.4752475247525,0.02570055194141355
-534.4554455445544,0.027384642603816685
-534.4356435643565,0.030275537607004264
-534.4158415841584,0.034058034285253815
-534.3960396039604,0.03845781705457934
-534.3762376237624,0.043272762932439174
-534.3564356435643,0.04836323727101437
-534.3366336633663,0.05363390786720763
-534.3168316831684,0.05901873982194004
-534.2970297029703,0.06447074202965761
-534.2772277227723,0.06995537749463895
-534.2574257425742,0.07544638907568454
-534.2376237623763,0.08092314046848476
-534.2178217821781,0.08636889795235596
-534.1980198019802,0.09176970011473287
-534.1782178217823,0.09711360032347849
-534.1584158415842,0.10239014965131374
-534.1386138613861,0.10759003779302587
-534.1188118811881,0.11270483971142543
-534.0990099009902,0.11772683429510832
-534.0792079207921,0.122648872887828
-534.059405940594,0.12746428289932824
-534.0396039603961,0.13216679645350515
-534.019801980198,0.1367504971458852
-534.0,0.14120978006087512
-533.980198019802,0.14553932160700464
-533.960396039604,0.1497340566954549
-533.940594059406,0.15378916146076407
-533.9207920792079,0.15770004019765327
-533.90099009901,0.16146231552711243
-533.8811881188119,0.16507182104974483
-533.8613861386139,0.16852459592330782
-533.8415841584159,0.1718168809329454
-533.8217821782179,0.17494511572102936
-533.8019801980198,0.17790593691700582
-533.7821782178218,0.18069617696369944
-533.7623762376238,0.183312863479181
-533.7425742574258,0.18575321902618874
-533.7227722772277,0.18801466118671584
-533.7029702970298,0.19009480285930627
-533.6831683168317,0.19199145271250823
-533.6633663366337,0.1937026157402768
-533.6435643564356,0.19522649387536825
-533.6237623762377,0.19656148662479958
-533.6039603960396,0.19770619169802844
-533.5841584158416,0.19865940560407339
-533.5643564356436,0.19942012419829758
-533.5445544554456,0.1999875431633495
-533.5247524752475,0.20036105841223303
-533.5049504950495,0.2005402664042032
-533.4851485148515,0.2005249643668418
-533.4653465346535,0.2003151504200503
-533.4455445544554,0.19991102359983887
-533.4257425742575,0.19931298378209203
-533.4059405940594,0.19852163150856636
-533.3861386138614,0.19753776771961437
-533.3663366336634,0.19636239340063305
-533.3465346534654,0.19499670915172237
-533.3267326732673,0.19344211469312217
-533.3069306930693,0.1917002083222869
-533.2871287128713,0.189772786342456
-533.2673267326733,0.18766184248731482
-533.2475247524752,0.18536956737188393
-533.2277227722773,0.1828983480067195
-533.2079207920792,0.1802507674209472
-533.1881188118812,0.1774296044500932
-533.1683168316831,0.17443783375768349
-533.1485148514852,0.17127862617620357
-533.1287128712872,0.1679553494738469
-533.1089108910891,0.16447156968029178
-533.0891089108911,0.16083105313932608
-533.0693069306931,0.15703776950121093
-533.049504950495,0.15309589592646175
-533.029702970297,0.14900982285089426
-533.009900990099,0.1447841617656855
-532.9900990099011,0.14042375560641093
-532.9702970297029,0.13593369253555582
-532.950495049505,0.13131932416475825
-532.9306930693069,0.12658628962690185
-532.9108910891089,0.12174054741924871
-532.8910891089109,0.11678841766622394
-532.8712871287129,0.11173663849885174
-532.8514851485149,0.10659244178031341
-532.8316831683168,0.10136365567984333
-532.8118811881188,0.09605884502113159
-532.7920792079208,0.09068750557344843
-532.7722772277227,0.08526033661710213
-532.7524752475248,0.07978962904975913
-532.7326732673267,0.07428982715313315
-532.7128712871288,0.0687783563089362
-532.6930693069306,0.06327686570757815
-532.6732673267327,0.05781313006875059
-532.6534653465347,0.052424012443561575
-532.6336633663366,0.047160144160415675
-532.6138613861386,0.042093343178836985
-532.5940594059406,0.03732813896479872
-532.5742574257426,0.03301835577379745
-532.5544554455445,0.02938588079226462
-532.5346534653465,0.026725605922099417
-532.5148514851486,0.025357532084743867
-532.4950495049504,0.025496477477966215
-532.4752475247525,0.027119148792401578
-532.4554455445544,0.02998035621566053
-532.4356435643565,0.03375747557464611
-532.4158415841584,0.038167466900198524
-532.3960396039604,0.04300181949960961
-532.3762376237624,0.04811697114199736
-532.3564356435643,0.053415325452420656
-532.3366336633663,0.05882956122676266
-532.3168316831683,0.06431195005573123
-532.2970297029703,0.06982752345934361
-532.2772277227723,0.07534976457512865
-532.2574257425742,0.08085787522922327
-532.2376237623763,0.08633501643602176
-532.2178217821781,0.09176715471830589
-532.1980198019802,0.09714229106561927
-532.1782178217823,0.10244993592698197
-532.1584158415842,0.10768074540689614
-532.1386138613861,0.11282626507038798
-532.1188118811881,0.11787874687958912
-532.0990099009902,0.12283101667882597
-532.079207920792,0.1276763771756652
-532.059405940594,0.1324085362156617
-532.0396039603961,0.13702155332631838
-532.019801980198,0.14150979962092936
-532.0,0.1458679275831323
-531.980198019802,0.1500908482339638
-531.960396039604,0.15417371386513964
-531.940594059406,0.15811190500307815
-531.9207920792079,0.16190102061048148
-531.90099009901,0.1655368707797201
-531.8811881188119,0.16901547135224165
-531.8613861386139,0.17233304003111852
-531.8415841584158,0.17548599365242668
-531.8217821782179,0.17847094635545205
-531.8019801980198,0.1812847084477469
-531.7821782178218,0.1839242858038497
-531.7623762376238,0.18638687966973427
-531.7425742574258,0.1886698867704592
-531.7227722772277,0.19077089963860472
-531.7029702970298,0.19268770709693206
-531.6831683168317,0.19441829484116638
-531.6633663366337,0.19596084607887565
-531.6435643564356,0.19731374218862194
-531.6237623762377,0.19847556337003588
-531.6039603960396,0.19944508926104626
-531.5841584158416,0.20022129950291234
-531.5643564356436,0.20080337423773564
-531.5445544554456,0.20119069452611418
-531.5247524752475,0.20138284267582537
-531.5049504950495,0.20137960247466496
-531.4851485148515,0.20118095932321872
-531.4653465346535,0.20078710026521696
-531.4455445544554,0.20019841391563004
-531.4257425742575,0.19941549028845382
-531.4059405940594,0.19843912052866255
-531.3861386138614,0.19727029655486
-531.3663366336633,0.19591021062202002
-531.3465346534654,0.19436025481636945
-531.3267326732673,0.19262202049794327
-531.3069306930693,0.19069729771006236
-531.2871287128713,0.18858807457970414
-531.2673267326733,0.18629653673815805
-531.2475247524752,0.1838250667980093
-531.2277227722773,0.18117624393087003
-531.2079207920792,0.17835284360020637
-531.1881188118812,0.17535783751662065
-531.1683168316831,0.17219439389868268
-531.1485148514852,0.16886587814298915
-531.1287128712871,0.16537585403300514
-531.1089108910891,0.16172808564991198
-531.0891089108911,0.15792654019240082
-531.0693069306931,0.15397539196945295
-531.049504950495,0.1498790279059243
-531.029702970297,0.1456420550017441
-531.009900990099,0.14126931032132634
-530.9900990099011,0.136765874274619
-530.9702970297029,0.1321370882050391
-530.950495049505,0.12738857765212505
-530.9306930693069,0.1225262831519427
-530.9108910891089,0.11755650114302468
-530.8910891089108,0.11248593856114396
-530.8712871287129,0.10732178619030204
-530.8514851485149,0.10207181803879949
-530.8316831683168,0.09674452732508546
-530.8118811881188,0.09134931473687012
-530.7920792079208,0.08589675253848753
-530.7722772277227,0.08039896064724351
-530.7524752475248,0.07487015104801739
-530.7326732673267,0.06932743015612443
-530.7128712871288,0.06379200411041921
-530.6930693069306,0.05829102507064506
-530.6732673267327,0.05286047271068661
-530.6534653465346,0.047549719528152665
-530.6336633663366,0.04242880567902285
-530.6138613861386,0.03759984834561038
-530.5940594059406,0.033213764875853875
-530.5742574257426,0.02949007880111617
-530.5544554455445,0.026724914114903776
-530.5346534653465,0.025247896524302118
-530.5148514851486,0.025292166493202144
-530.4950495049504,0.02685042075986722
-530.4752475247525,0.029680142831352868
-530.4554455445544,0.03345117438654826
-530.4356435643565,0.03787133088547273
-530.4158415841583,0.042725383518535484
-530.3960396039604,0.04786565678395452
-530.3762376237624,0.05319219910153625
-530.3564356435643,0.058636361237101566
-530.3366336633663,0.06414965933216882
-530.3168316831683,0.06969668614089321
-530.2970297029703,0.07525066267390083
-530.2772277227723,0.08079062858487987
-530.2574257425742,0.08629964014945364
-530.2376237623763,0.09176359260440087
-530.2178217821781,0.09717043534020765
-530.1980198019802,0.10250963886125318
-530.1782178217821,0.10777182622912476
-530.1584158415842,0.11294851402602228
-530.1386138613861,0.11803192758192924
-530.1188118811881,0.12301486743132768
-530.0990099009902,0.12789061168047267
-530.079207920792,0.13265284392342225
-530.059405940594,0.13729559958531187
-530.0396039603961,0.14181322572369784
-530.019801980198,0.14620035077163393
-530.0,0.15045186170081512
-529.980198019802,0.15456288677393984
-529.960396039604,0.15852878254115796
-529.9405940594058,0.16234512408168153
-529.9207920792079,0.1660076977408947
-529.90099009901,0.16951249579484912
-529.8811881188119,0.1728557126077433
-529.8613861386139,0.17603374194719973
-529.8415841584158,0.17904317519679405
-529.8217821782179,0.1818808002614602
-529.8019801980198,0.18454360100467523
-529.7821782178218,0.1870287570891662
-529.7623762376238,0.18933364411874803
-529.7425742574258,0.19145583399895316
-529.7227722772277,0.19339309544977215
-529.7029702970297,0.19514339461660707
-529.6831683168317,0.1967048957353981
-529.6633663366337,0.19807596181609466
-529.6435643564356,0.1992551553152451
-529.6237623762377,0.20024123877383132
-529.6039603960396,0.2010331754011559
-529.5841584158416,0.20163012958922408
-529.5643564356436,0.20203146734555663
-529.5445544554456,0.20223675663494756
-529.5247524752475,0.20224576762351817
-529.5049504950495,0.20205847282051767
-529.4851485148515,0.20167504711563972
-529.4653465346535,0.20109586771166635
-529.4455445544554,0.20032151395441933
-529.4257425742575,0.19935276706409036
-529.4059405940594,0.19819060977445166
-529.3861386138614,0.196836225888858
-529.3663366336633,0.19529099976486186
-529.3465346534654,0.1935565157424424
-529.3267326732674,0.19163455753465233
-529.3069306930693,0.18952710760394406
-529.2871287128713,0.1872363465528441
-529.2673267326733,0.1847646525640092
-529.2475247524752,0.18211460093292975
-529.2277227722772,0.17928896374617828
-529.2079207920792,0.17629070977072842
-529.1881188118813,0.17312300463517555
-529.1683168316831,0.1697892114036864
-529.1485148514852,0.16629289166866273
-529.1287128712871,0.16263780732074407
-529.1089108910891,0.15882792319718642
-529.0891089108911,0.15486741086510383
-529.0693069306931,0.15076065386957113
-529.0495049504951,0.146512254874424
-529.029702970297,0.14212704525527362
-529.009900990099,0.13761009788338485
-528.990099009901,0.13296674408504816
-528.9702970297029,0.12820259610224538
-528.950495049505,0.12332357686060974
-528.9306930693069,0.11833595953222119
-528.910891089109,0.11324642036449085
-528.8910891089108,0.10806210968243023
-528.8712871287129,0.10279074810235676
-528.8514851485149,0.09744075820471162
-528.8316831683168,0.09202144682991831
-528.8118811881188,0.08654326082353558
-528.7920792079208,0.08101815121481853
-528.7722772277228,0.07546010045757014
-528.7524752475247,0.06988589966774626
-528.7326732673267,0.06431631675392843
-528.7128712871288,0.05877788745601097
-528.6930693069306,0.05330571523053427
-528.6732673267327,0.047947920056307894
-528.6534653465346,0.042772763284993645
-528.6336633663367,0.03787992286151971
-528.6138613861386,0.03341731010527448
-528.5940594059406,0.029601826418845206
-528.5742574257426,0.026730350055637467
-528.5544554455445,0.02514170977726467
-528.5346534653465,0.025087762287030385
-528.5148514851485,0.026578451377533417
-528.4950495049505,0.029374781759758224
-528.4752475247525,0.03313896838755695
-528.4554455445544,0.037569238096556004
-528.4356435643565,0.04244329133399567
-528.4158415841583,0.04760914233791526
-528.3960396039604,0.05296438887739403
-528.3762376237624,0.05843901062389211
-528.3564356435644,0.06398374994607817
-528.3366336633663,0.06956275374455319
-528.3168316831683,0.07514897876974903
-528.2970297029703,0.08072130245303885
-528.2772277227722,0.08626267706602876
-528.2574257425742,0.09175892750226701
-528.2376237623763,0.0971979524590743
-528.2178217821782,0.1025691832722688
-528.1980198019802,0.1078632105821718
-528.1782178217821,0.11307152246006279
-528.1584158415842,0.11818631794200707
-528.1386138613861,0.12320037247611468
-528.1188118811881,0.1281069396944167
-528.0990099009902,0.132899678986757
-528.0792079207921,0.1375726016574238
-528.059405940594,0.14212003063593887
-528.039603960396,0.14653657018858848
-528.019801980198,0.1508170830859724
-528.0,0.15495667338118038
-527.980198019802,0.15895067344442868
-527.960396039604,0.16279463424942475
-527.940594059406,0.1664843181581526
-527.9207920792079,0.17001569363383623
-527.90099009901,0.17338493144614064
-527.8811881188119,0.17658840203278786
-527.8613861386139,0.17962267375645946
-527.8415841584158,0.1824845118523669
-527.8217821782179,0.18517087790542144
-527.8019801980198,0.18767892972854885
-527.7821782178218,0.19000602153998977
-527.7623762376238,0.19214970435705483
-527.7425742574258,0.19410772654001848
-527.7227722772277,0.19587803443201654
-527.7029702970297,0.1974587730512076
-527.6831683168317,0.19884828679927957
-527.6633663366338,0.20004512015714712
-527.6435643564356,0.20104801834402303
-527.6237623762377,0.20185592792065374
-527.6039603960396,0.202467997321162
-527.5841584158416,0.20288357730133902
-527.5643564356435,0.20310222129406694
-527.5445544554456,0.20312368566486666
-527.5247524752476,0.2029479298632417
-527.5049504950495,0.20257511646723284
-527.4851485148515,0.20200561112103302
-527.4653465346535,0.20123998236739168
-527.4455445544554,0.2002790013787483
-527.4257425742575,0.19912364159327164
-527.4059405940594,0.19777507826449175
-527.3861386138615,0.1962346879359836
-527.3663366336633,0.1945040478556261
-527.3465346534654,0.19258493534779905
-527.3267326732673,0.1904793271660917
-527.3069306930693,0.18818939885437533
-527.2871287128713,0.18571752415047033
-527.2673267326733,0.18306627447435597
-527.2475247524753,0.18023841855247313
-527.2277227722772,0.17723692224178916
-527.2079207920792,0.1740649486323101
-527.1881188118813,0.1707258585259521
-527.1683168316831,0.1672232114142893
-527.1485148514852,0.16356076710924708
-527.1287128712871,0.15974248822193973
-527.1089108910892,0.15577254373879132
-527.0891089108911,0.15165531401512594
-527.0693069306931,0.14739539760127815
-527.0495049504951,0.14299762044407696
-527.029702970297,0.13846704817974972
-527.009900990099,0.13380900247260705
-526.990099009901,0.1290290826843856
-526.970297029703,0.12413319462330767
-526.950495049505,0.1191275887821987
-526.9306930693069,0.11401891142578467
-526.910891089109,0.10881427327730184
-526.8910891089108,0.10352134261465988
-526.8712871287129,0.09814847269144535
-526.8514851485149,0.09270487815386205
-526.8316831683169,0.08720088253943928
-526.8118811881188,0.08164827071618873
-526.7920792079208,0.07606079916235452
-526.7722772277228,0.0704549483511714
-526.7524752475247,0.06485105402933031
-526.7326732673267,0.05927504323401286
-526.7128712871288,0.053761152356129174
-526.6930693069307,0.048356257653153524
-526.6732673267327,0.043126843640828874
-526.6534653465346,0.03817012507928656
-526.6336633663367,0.033630908888557354
-526.6138613861386,0.02972320537303182
-526.5940594059406,0.02674412250255206
-526.5742574257426,0.02504116224653138
-526.5544554455446,0.02488519754557264
-526.5346534653465,0.026304751194674184
-526.5148514851485,0.029065364403647348
-526.4950495049505,0.032821613261181895
-526.4752475247525,0.03726168966346387
-526.4554455445544,0.04215584826590784
-526.4356435643565,0.04734757767798975
-526.4158415841584,0.052731917471513526
-526.3960396039604,0.05823742534594651
-526.3762376237624,0.06381404636970452
-526.3564356435644,0.06942547090195512
-526.3366336633663,0.07504438672476
-526.3168316831683,0.08064950710506662
-526.2970297029703,0.08622367962366842
-526.2772277227723,0.0917526586856215
-526.2574257425742,0.09722429235491344
-526.2376237623763,0.10262797290763356
-526.2178217821782,0.1079542586516395
-526.1980198019802,0.11319460918880377
-526.1782178217821,0.1183411972481441
-526.1584158415842,0.12338677312526251
-526.1386138613861,0.12832456586434143
-526.1188118811881,0.13314821049625863
-526.0990099009902,0.13785169401527225
-526.0792079207921,0.14242931500523695
-526.059405940594,0.14687565332481772
-526.039603960396,0.15118554728407688
-526.019801980198,0.15535407645238253
-526.0,0.15937654873454368
-525.980198019802,0.16324849070475195
-525.960396039604,0.16696564044151724
-525.940594059406,0.17052394229108472
-525.9207920792079,0.1739195431221879
-525.90099009901,0.17714878973552986
-525.8811881188119,0.1802082271663225
-525.8613861386139,0.18309459767530137
-525.8415841584158,0.18580484026680608
-525.8217821782179,0.18833609060567247
-525.8019801980198,0.19068568123072382
-525.7821782178218,0.19285114198249326
-525.7623762376238,0.19483020057877218
-525.7425742574258,0.19662078328419996
-525.7227722772277,0.19822101562983724
-525.7029702970297,0.1996292231473198
-525.6831683168317,0.20084393208801754
-525.6633663366338,0.20186387010382528
-525.6435643564356,0.20268796687002755
-525.6237623762377,0.20331535463498668
-525.6039603960396,0.2037453686842745
-525.5841584158416,0.20397754770992274
-525.5643564356435,0.20401163407786285
-525.5445544554456,0.20384757398892242
-525.5247524752476,0.20348551753088037
-525.5049504950495,0.202925818621264
-525.4851485148515,0.20216903484234938
-525.4653465346535,0.20121592717220893
-525.4455445544554,0.2000674596177411
-525.4257425742575,0.19872479875807525
-525.4059405940594,0.1971893132093187
-525.3861386138615,0.19546257302501008
-525.3663366336633,0.19354634904985532
-525.3465346534654,0.19144261224885453
-525.3267326732673,0.18915353303885468
-525.3069306930693,0.18668148065579468
-525.2871287128713,0.18402902259843437
-525.2673267326733,0.18119892419873077
-525.2475247524753,0.1781941483806672
-525.2277227722772,0.1750178556840802
-525.2079207920792,0.17167340464850575
-525.1881188118813,0.16816435267616994
-525.1683168316831,0.16449445752348985
-525.1485148514852,0.16066767961076023
-525.1287128712871,0.15668818539161505
-525.1089108910892,0.1525603520927401
-525.089108910891,0.1482887742264972
-525.0693069306931,0.14387827240233866
-525.0495049504951,0.13933390513098198
-525.029702970297,0.1346609845457162
-525.009900990099,0.12986509728492884
-524.990099009901,0.12495213222906763
-524.970297029703,0.11992831742340856
-524.950495049505,0.11480026943767081
-524.9306930693069,0.10957505975645963
-524.910891089109,0.10426030478653228
-524.8910891089108,0.09886428906749524
-524.8712871287129,0.09339613587007628
-524.8514851485148,0.08786604653662311
-524.8316831683169,0.0822856413090866
-524.8118811881188,0.07666845283228474
-524.7920792079208,0.07103065394453294
-524.7722772277228,0.06539215244393662
-524.7524752475247,0.05977827245976101
-524.7326732673267,0.054222390879597314
-524.7128712871288,0.04877014878171522
-524.6930693069307,0.04348625922580393
-524.6732673267327,0.03846546198928168
-524.6534653465346,0.03384939177968632
-524.6336633663367,0.029848960699123767
-524.6138613861385,0.026761073874563987
-524.5940594059406,0.024941448947231114
-524.5742574257426,0.02468026468503932
-524.5544554455446,0.026025886387616628
-524.5346534653465,0.028749306993209687
-524.5148514851485,0.032497336851662326
-524.4950495049505,0.036947616078911796
-524.4752475247525,0.041862563804764816
-524.4554455445544,0.04708094185986336
-524.4356435643565,0.0524951455564499
-524.4158415841584,0.058032279471979545
-524.3960396039604,0.0636414835760369
-524.3762376237623,0.06928599291989955
-524.3564356435644,0.07493823050502084
-524.3366336633663,0.08057675012992131
-524.3168316831683,0.08618429898652365
-524.2970297029703,0.09174656463437239
-524.2772277227723,0.09725134747400904
-524.2574257425742,0.10268800309263341
-524.2376237623763,0.10804705933297774
-524.2178217821782,0.11331994878294337
-524.1980198019802,0.118498818986971
-524.1782178217821,0.1235763959430949
-524.1584158415842,0.12854588474758835
-524.1386138613861,0.13340089653962503
-524.1188118811881,0.13813539433150782
-524.0990099009902,0.14274365257707472
-524.0792079207921,0.14722022685211125
-524.059405940594,0.15155993105704385
-524.039603960396,0.155757820268506
-524.019801980198,0.1598091778682176
-524.0,0.16370950593370695
-523.980198019802,0.1674545181309234
-523.960396039604,0.1710401345343619
-523.940594059406,0.17446247793664216
-523.9207920792079,0.1777178713101162
-523.9009900990098,0.18080283615883103
-523.8811881188119,0.1837140915560661
-523.8613861386139,0.18644855370602126
-523.8415841584158,0.18900333590161209
-523.8217821782179,0.1913757487761706
-523.8019801980198,0.19356330076684405
-523.7821782178218,0.19556369872343127
-523.7623762376238,0.1973748486088799
-523.7425742574258,0.19899485624771038
-523.7227722772277,0.20042202808667567
-523.7029702970297,0.20165487193857234
-523.6831683168317,0.20269209768549923
-523.6633663366337,0.20353261792230548
-523.6435643564356,0.2041755485247888
-523.6237623762377,0.2046202091304269
-523.6039603960396,0.20486612352212802
-523.5841584158416,0.2049130199081177
-523.5643564356435,0.20476083109329252
-523.5445544554456,0.20440969453931473
-523.5247524752476,0.20385995231312015
-523.5049504950495,0.20311215092509763
-523.4851485148515,0.2021670410606454
-523.4653465346535,0.2010255772107252
-523.4455445544554,0.1996889172095446
-523.4257425742574,0.19815842169010034
-523.4059405940594,0.19643565347135816
-523.3861386138615,0.19452237689427032
-523.3663366336633,0.19242055712804434
-523.3465346534654,0.19013235947298565
-523.3267326732673,0.18766014869226558
-523.3069306930693,0.18500648841220396
-523.2871287128713,0.1821741406399229
-523.2673267326733,0.17916606545835115
-523.2475247524753,0.17598542097299258
-523.2277227722772,0.17263556360277177
-523.2079207920792,0.16912004883046677
-523.1881188118812,0.16544263255799008
-523.1683168316831,0.161607273250327
-523.1485148514852,0.15761813510245834
-523.1287128712871,0.153479592530611
-523.1089108910892,0.14919623637774346
-523.089108910891,0.14477288234314897
-523.0693069306931,0.14021458230827036
-523.0495049504951,0.1355266394538021
-523.029702970297,0.13071462837246253
-523.009900990099,0.12578442181588786
-522.990099009901,0.12074222633104077
-522.970297029703,0.11559462993019484
-522.9504950495049,0.11034866623630693
-522.9306930693069,0.10501190146984701
-522.910891089109,0.09959255354208656
-522.8910891089108,0.09409965696198443
-522.8712871287129,0.08854329419318326
-522.8514851485148,0.08293492511171922
-522.8316831683169,0.07728786406246914
-522.8118811881188,0.07161798349807307
-522.7920792079208,0.06594477279545392
-522.7722772277228,0.060292965600701784
-522.7524752475247,0.05469509499861165
-522.7326732673267,0.049195585005229095
-522.7128712871287,0.04385739269677154
-522.6930693069307,0.03877277838033653
-522.6732673267327,0.03408013170013811
-522.6534653465346,0.029987017541584723
-522.6336633663367,0.026789576906747097
-522.6138613861385,0.02485102955339514
-522.5940594059406,0.024480905722025097
-522.5742574257426,0.02574876510067305
-522.5544554455446,0.028432330295386377
-522.5346534653465,0.03217078428601974
-522.5148514851485,0.03663077731972227
-522.4950495049505,0.041566492248757234
-522.4752475247524,0.04681172963882667
-522.4554455445544,0.052256122155698144
-522.4356435643565,0.05782526405369808
-522.4158415841584,0.06346746256690904
-522.3960396039604,0.0691454838112617
-522.3762376237623,0.07483147906582116
-522.3564356435644,0.08050383896402029
-522.3366336633663,0.0861452082176593
-522.3168316831683,0.09174120625769862
-522.2970297029703,0.09727958495060982
-522.2772277227723,0.10274966253642384
-522.2574257425742,0.108141935844032
-522.2376237623762,0.11344780995504972
-522.2178217821782,0.1186594067658157
-522.1980198019802,0.12376942752767704
-522.1782178217821,0.1287710529472943
-522.1584158415842,0.133657869834361
-522.1386138613861,0.1384238167839609
-522.1188118811881,0.14306314368689876
-522.0990099009902,0.14757038140539258
-522.0792079207921,0.15194031900235222
-522.059405940594,0.15616798663708034
-522.039603960396,0.16024864274752618
-522.019801980198,0.16417776449829788
-522.0,0.1679510407314647
-521.980198019802,0.17156436684397217
-521.960396039604,0.17501384115236823
-521.940594059406,0.17829576240710482
-521.9207920792079,0.18140662819428716
-521.9009900990098,0.18434313402004782
-521.8811881188119,0.1871021729163036
-521.861386138614,0.18968083543972253
-521.8415841584158,0.19207640996196323
-521.8217821782179,0.19428638316906602
-521.8019801980198,0.19630844070383108
-521.7821782178218,0.19814046789756554
-521.7623762376237,0.19978055054747657
-521.7425742574258,0.20122697570421424
-521.7227722772278,0.20247823244045557
-521.7029702970297,0.2035330125769044
-521.6831683168317,0.2043902113464634
-521.6633663366337,0.20504892798113705
-521.6435643564356,0.20550846620952556
-521.6237623762377,0.20576833465516212
-521.6039603960396,0.20582824712908096
-521.5841584158417,0.20568812281145005
-521.5643564356435,0.20534808631992865
-521.5445544554456,0.20480846766384095
-521.5247524752475,0.20406980208563844
-521.5049504950495,0.20313282979286146
-521.4851485148515,0.2019984955862301
-521.4653465346535,0.2006679483915891
-521.4455445544555,0.19914254070605525
-521.4257425742574,0.19742382797179872
-521.4059405940594,0.19551356789420027
-521.3861386138615,0.1934137197249689
-521.3663366336633,0.1911264435360382
-521.3465346534654,0.18865409951544268
-521.3267326732673,0.1859992473238118
-521.3069306930694,0.1831646455587776
-521.2871287128712,0.18015325138560534
-521.2673267326733,0.17696822040621435
-521.2475247524753,0.17361290685626948
-521.2277227722772,0.17009086424224293
-521.2079207920792,0.1664058465594203
-521.1881188118812,0.1625618102688813
-521.1683168316832,0.1585629172607531
-521.1485148514852,0.1544135390953383
-521.1287128712871,0.15011826289992947
-521.1089108910892,0.14568189941467102
-521.089108910891,0.14110949383795504
-521.0693069306931,0.13640634033712704
-521.049504950495,0.13157800138902695
-521.0297029702971,0.1266303335343427
-521.009900990099,0.12156952172523543
-520.990099009901,0.11640212530355327
-520.970297029703,0.11113513989959176
-520.9504950495049,0.10577608139820438
-520.9306930693069,0.10033310091667236
-520.910891089109,0.09481514402549647
-520.8910891089109,0.08923217413231015
-520.8712871287129,0.08359549058613658
-520.8514851485148,0.07791818931040169
-520.8316831683169,0.07221584231172465
-520.8118811881187,0.06650752053616653
-520.7920792079208,0.060817367045124006
-520.7722772277228,0.055177070357563134
-520.7524752475248,0.04962983416156005
-520.7326732673267,0.04423684832245249
-520.7128712871287,0.03908785922024405
-520.6930693069307,0.034317914416299666
-520.6732673267327,0.030130988217394458
-520.6534653465346,0.026821973210326932
-520.6336633663367,0.02476105696674158
-520.6138613861386,0.02427742086916526
-520.5940594059406,0.025463386703996803
-520.5742574257425,0.028104675607555408
-520.5544554455446,0.03183275473975515
-520.5346534653465,0.03630262051968505
-520.5148514851485,0.04125969734318723
-520.4950495049505,0.04653254767885597
-520.4752475247525,0.05200791797831482
-520.4554455445544,0.05760984304961006
-520.4356435643565,0.06328578091559559
-520.4158415841584,0.06899802572246852
-520.3960396039604,0.07471845908343917
-520.3762376237623,0.08042531209624941
-520.3564356435644,0.08610113077211808
-520.3366336633663,0.09173146981734547
-520.3168316831683,0.09730403544384587
-520.2970297029703,0.10280811090229906
-520.2772277227723,0.10823416390111046
-520.2574257425742,0.11357357351479971
-520.2376237623762,0.11881843716438388
-520.2178217821782,0.12396143225984736
-520.1980198019803,0.12899571580556204
-520.1782178217821,0.13391485079164972
-520.1584158415842,0.13871275176149978
-520.1386138613861,0.14338364429053943
-520.1188118811881,0.14792203467888995
-520.09900990099,0.15232268722469652
-520.0792079207921,0.1565806071782717
-520.0594059405942,0.1606910279892713
-520.039603960396,0.16464940182162036
-520.019801980198,0.16845139257044936
-520.0,0.1720928708033405
-519.980198019802,0.17556991018573823
-519.960396039604,0.17887878505256116
-519.940594059406,0.18201596886363128
-519.920792079208,0.18497813333833887
-519.9009900990098,0.18776214810821137
-519.8811881188119,0.19036508075960942
-519.8613861386139,0.1927841971646353
-519.8415841584158,0.19501696201836738
-519.8217821782179,0.1970610395164669
-519.8019801980198,0.19891429411958905
-519.7821782178219,0.20057479136108583
-519.7623762376237,0.2020407986625795
-519.7425742574258,0.20331078612830952
-519.7227722772278,0.2043834272948703
-519.7029702970297,0.20525759981689196
-519.6831683168317,0.2059323860735363
-519.6633663366337,0.20640707368330322
-519.6435643564357,0.20668115591778258
-519.6237623762376,0.20675433200732318
-519.6039603960396,0.20662650733373403
-519.5841584158417,0.20629779350721175
-519.5643564356435,0.2057685083268425
-519.5445544554456,0.2050391756257038
-519.5247524752475,0.20411052500382373
-519.5049504950496,0.20298349145414354
-519.4851485148515,0.20165921488917163
-519.4653465346535,0.20013903957823118
-519.4455445544555,0.19842451350828724
-519.4257425742574,0.19651738768456822
-519.4059405940594,0.1944196153911754
-519.3861386138614,0.1921333514364237
-519.3663366336634,0.1896609514134544
-519.3465346534654,0.1870049710135036
-519.3267326732673,0.18416816543776482
-519.3069306930694,0.18115348896446598
-519.2871287128712,0.17796409474108477
-519.2673267326733,0.17460333488875024
-519.2475247524753,0.17107476102731914
-519.2277227722773,0.16738212535764382
-519.2079207920792,0.1635293824737347
-519.1881188118812,0.15952069212466088
-519.1683168316832,0.15536042320876928
-519.1485148514851,0.15105315936566152
-519.1287128712871,0.14660370664339534
-519.1089108910892,0.1420171038698231
-519.0891089108911,0.13729863656518776
-519.0693069306931,0.1324538555213567
-519.049504950495,0.12748860157794928
-519.0297029702971,0.12240903870009909
-519.009900990099,0.11722169829051661
-518.990099009901,0.11193353887605033
-518.970297029703,0.10655202710030111
-518.950495049505,0.1010852486507917
-518.9306930693069,0.09554206188359306
-518.9108910891089,0.08993231335941203
-518.8910891089109,0.08426714476930991
-518.8712871287129,0.07855943738631246
-518.8514851485148,0.0728244677727229
-518.8316831683169,0.0670808950968058
-518.8118811881188,0.06135228060184312
-518.7920792079208,0.0556694793810034
-518.7722772277228,0.0500744875336962
-518.7524752475248,0.04462673771355171
-518.7326732673267,0.03941345461048636
-518.7128712871287,0.03456627482250029
-518.6930693069307,0.030285349528730784
-518.6732673267327,0.02686377600813496
-518.6534653465346,0.02467794830044181
-518.6336633663367,0.024076657750893075
-518.6138613861386,0.02517645737449168
-518.5940594059406,0.027772582695602874
-518.5742574257425,0.031488945078929916
-518.5544554455446,0.03596832979290103
-518.5346534653465,0.04094690835463893
-518.5148514851485,0.04624772927102891
-518.4950495049505,0.05175452247384559
-518.4752475247525,0.05738970596037188
-518.4554455445544,0.06309986437490929
-518.4356435643564,0.0688468103068765
-518.4158415841584,0.0746021523908088
-518.3960396039604,0.08034396149112569
-518.3762376237623,0.08605468522990667
-518.3564356435644,0.09171981421173361
-518.3366336633663,0.09732700963518227
-518.3168316831683,0.10286552030797765
-518.2970297029703,0.10832578523588024
-518.2772277227723,0.11369915777580414
-518.2574257425742,0.11897771104734706
-518.2376237623762,0.12415409869437985
-518.2178217821782,0.1292214540120034
-518.1980198019802,0.13417331609637467
-518.1782178217821,0.1390035753100144
-518.1584158415842,0.14370643273972353
-518.1386138613861,0.14827636991490423
-518.1188118811881,0.15270812613222506
-518.09900990099,0.15699668147415574
-518.0792079207921,0.16113724412599628
-518.0594059405942,0.16512524096186557
-518.039603960396,0.16895631063111613
-518.019801980198,0.17262629856628128
-518.0,0.17613125347165515
-517.980198019802,0.17946742495420684
-517.9603960396039,0.1826312620345544
-517.940594059406,0.18561941233338183
-517.920792079208,0.1884287217722008
-517.9009900990098,0.19105623466095653
-517.8811881188119,0.19349919407063834
-517.8613861386139,0.19575504240936153
-517.8415841584158,0.19782142213599188
-517.8217821782179,0.1996961765580183
-517.8019801980198,0.20137735067028747
-517.7821782178219,0.20286319199921352
-517.7623762376237,0.204152151423608
-517.7425742574258,0.20524288394860252
-517.7227722772277,0.2061342494135089
-517.7029702970297,0.20682531311828192
-517.6831683168317,0.20731534635624424
-517.6633663366337,0.20760382684368503
-517.6435643564357,0.20769043903914305
-517.6237623762376,0.20757507434749994
-517.6039603960396,0.20725783120611044
-517.5841584158417,0.20673901505197123
-517.5643564356435,0.20601913817096246
-517.5445544554456,0.2050989194322295
-517.5247524752475,0.20397928391258932
-517.5049504950496,0.20266136241836208
-517.4851485148514,0.20114649091425277
-517.4653465346535,0.19943620987181207
-517.4455445544555,0.197532263553274
-517.4257425742574,0.19543659925023996
-517.4059405940594,0.1931513665013377
-517.3861386138614,0.19067891631853273
-517.3663366336634,0.18802180045814604
-517.3465346534654,0.18518277078149054
-517.3267326732673,0.18216477875976433
-517.3069306930694,0.17897097519127617
-517.2871287128712,0.17560471021510832
-517.2673267326733,0.1720695337267599
-517.2475247524752,0.16836919632770111
-517.2277227722773,0.1645076509763595
-517.2079207920792,0.16048905555328258
-517.1881188118812,0.15631777661411161
-517.1683168316832,0.15199839468388202
-517.1485148514851,0.14753571155447848
-517.1287128712871,0.14293476019349155
-517.1089108910892,0.1382008180733531
-517.0891089108911,0.13333942500837423
-517.0693069306931,0.1283564069775187
-517.049504950495,0.1232579079653229
-517.0297029702971,0.11805043265150744
-517.009900990099,0.11274090394456489
-516.990099009901,0.10733674108103229
-516.970297029703,0.10184596661270982
-516.950495049505,0.09627735458874527
-516.9306930693069,0.09064063845997461
-516.9108910891089,0.08494680713195928
-516.8910891089109,0.07920853367127215
-516.8712871287129,0.07344080783181509
-516.8514851485148,0.06766188870361961
-516.8316831683169,0.06189477164959863
-516.8118811881188,0.05616949992466604
-516.7920792079208,0.050526890397273816
-516.7722772277228,0.045024652416221396
-516.7524752475248,0.03974751831591017
-516.7326732673267,0.03482370137522247
-516.7128712871287,0.030449373959932614
-516.6930693069307,0.026915356087500106
-516.6732673267327,0.024603428040587603
-516.6534653465346,0.023881670596723647
-516.6336633663367,0.024892056390277178
-516.6138613861386,0.027440824948827106
-516.5940594059406,0.031144585520990586
-516.5742574257425,0.03563343439410328
-516.5544554455446,0.04063385226479687
-516.5346534653465,0.045963136976035275
-516.5148514851485,0.051501896885606115
-516.4950495049505,0.05717089119911651
-516.4752475247525,0.06291581612758064
-516.4554455445544,0.06869799846223633
-516.4356435643564,0.07448877367695364
-516.4158415841584,0.08026605353716745
-516.3960396039604,0.0860121886534056
-516.3762376237623,0.09171260676211059
-516.3564356435644,0.09735492502687672
-516.3366336633663,0.10292835853096863
-516.3168316831683,0.10842331806762054
-516.2970297029703,0.11383113157750539
-516.2772277227723,0.11914384802889541
-516.2574257425742,0.1243540973301012
-516.2376237623762,0.12945498900388053
-516.2178217821782,0.13444003811632468
-516.1980198019802,0.1393031106562074
-516.1782178217821,0.14403838298483326
-516.1584158415842,0.14864031159008304
-516.1386138613861,0.15310361047036608
-516.1188118811881,0.1574232342238084
-516.09900990099,0.161594365440275
-516.0792079207921,0.16561240536238667
-516.0594059405942,0.16947296704481027
-516.039603960396,0.17317187043153806
-516.019801980198,0.1767051389099528
-516.0,0.18006899700288917
-515.980198019802,0.1832598689367069
-515.9603960396039,0.1862743778808044
-515.940594059406,0.18910934569778556
-515.920792079208,0.19176179307691985
-515.9009900990098,0.194228939949384
-515.8811881188119,0.19650820610387953
-515.8613861386139,0.1985972119370411
-515.8415841584158,0.2004937792853517
-515.8217821782179,0.20219593229548116
-515.8019801980198,0.2037018982975999
-515.7821782178219,0.20501010865315275
-515.7623762376237,0.20611919955338961
-515.7425742574258,0.20702801274974436
-515.7227722772277,0.2077355962006441
-515.7029702970297,0.20824120462246057
-515.6831683168317,0.20854429993517812
-515.6633663366337,0.20864455159558545
-515.6435643564357,0.20854183681299604
-515.6237623762376,0.20823624064472893
-515.6039603960396,0.20772805597015515
-515.5841584158417,0.20701778334423293
-515.5643564356435,0.20610613073338488
-515.5445544554456,0.20499401313847074
-515.5247524752475,0.2036825521118951
-515.5049504950496,0.20217307517808386
-515.4851485148514,0.20046711516966473
-515.4653465346535,0.19856640949444918
-515.4455445544555,0.19647289935216108
-515.4257425742574,0.19418872892440586
-515.4059405940594,0.19171624456635575
-515.3861386138614,0.1890579940356012
-515.3663366336634,0.18621672580123544
-515.3465346534654,0.18319538848637962
-515.3267326732673,0.1799971305100732
-515.3069306930694,0.1766253000100455
-515.2871287128712,0.17308344514840326
-515.2673267326733,0.16937531492819372
-515.2475247524752,0.165504860682692
-515.2277227722773,0.16147623844347678
-515.2079207920792,0.1572938124515654
-515.1881188118812,0.1529621601536416
-515.1683168316832,0.1484860791293105
-515.1485148514851,0.14387059653705905
-515.1287128712871,0.13912098185981542
-515.1089108910892,0.13424276399979684
-515.0891089108911,0.12924175414846695
-515.0693069306931,0.12412407639181543
-515.049504950495,0.11889620877983743
-515.0297029702971,0.113565038710952
-515.0099009900989,0.108137938144419
-514.990099009901,0.10262286665737248
-514.970297029703,0.09702851419939136
-514.950495049505,0.0913645013868032
-514.9306930693069,0.08564166471343305
-514.9108910891089,0.07987246954982785
-514.8910891089109,0.07407161952697243
-514.8712871287129,0.06825697452419459
-514.8514851485148,0.0624509649509786
-514.8316831683169,0.05668282266943631
-514.8118811881188,0.05099218350108618
-514.7920792079208,0.04543502409586251
-514.7722772277227,0.04009355235721439
-514.7524752475248,0.03509246303474373
-514.7326732673267,0.030623696645144662
-514.7128712871287,0.026975238272300632
-514.6930693069307,0.024533467954725503
-514.6732673267327,0.023685715595183874
-514.6534653465346,0.02460111349300383
-514.6336633663367,0.02709881538728233
-514.6138613861386,0.030788327613575344
-514.5940594059406,0.035286297125740274
-514.5742574257425,0.040308844740281485
-514.5544554455446,0.04566715028166567
-514.5346534653465,0.05123853074993628
-514.5148514851485,0.05694201401276491
-514.4950495049505,0.06272237874620805
-514.4752475247525,0.06854045552573924
-514.4554455445544,0.07436730405719423
-514.4356435643564,0.08018067749606252
-514.4158415841584,0.08596283099863887
-514.3960396039605,0.09169913120353847
-514.3762376237623,0.09737715288213933
-514.3564356435644,0.10298607879247262
-514.3366336633663,0.10851629265102046
-514.3168316831683,0.11395909787302566
-514.2970297029702,0.1193065199524975
-514.2772277227723,0.12455116555852236
-514.2574257425744,0.12968612078751648
-514.2376237623762,0.1347048768975905
-514.2178217821782,0.1396012756241308
-514.1980198019802,0.144369468640004
-514.1782178217821,0.14900388736050627
-514.1584158415842,0.15349922039908936
-514.1386138613861,0.15785039673754458
-514.1188118811882,0.16205257320142505
-514.09900990099,0.1661011252031484
-514.0792079207921,0.1699916399799953
-514.059405940594,0.17371991174569784
-514.039603960396,0.17728193831400224
-514.019801980198,0.1806739188554232
-514.0,0.18389225252540956
-513.9801980198021,0.18693353775951058
-513.9603960396039,0.18979457207510633
-513.940594059406,0.19247235225266698
-513.920792079208,0.19496407479529768
-513.9009900990098,0.1972671365853882
-513.8811881188119,0.19937913567305968
-513.8613861386139,0.20129787214331096
-513.8415841584159,0.20302134901894497
-513.8217821782177,0.2045477731640186
-513.8019801980198,0.2058755561592852
-513.7821782178219,0.20700331512617307
-513.7623762376237,0.20792987348034644
-513.7425742574258,0.20865426159948922
-513.7227722772277,0.20917571739307517
-513.7029702970298,0.20949368676464794
-513.6831683168317,0.20960782395936783
-513.6633663366337,0.20951799179193
-513.6435643564357,0.20922426175171863
-513.6237623762376,0.20872691398413937
-513.6039603960396,0.20802643714888114
-513.5841584158416,0.2071235281576296
-513.5643564356436,0.2060190917959501
-513.5445544554456,0.20471424023589438
-513.5247524752475,0.20321029244859246
-513.5049504950496,0.20150877352831675
-513.4851485148514,0.19961141394297804
-513.4653465346535,0.19752014872924195
-513.4455445544555,0.19523711665503704
-513.4257425742575,0.19276465937723317
-513.4059405940594,0.1901053206284851
-513.3861386138614,0.18726184547533084
-513.3663366336634,0.1842371796989168
-513.3465346534653,0.18103446936214776
-513.3267326732673,0.1776570606423199
-513.3069306930694,0.17410850002782152
-513.2871287128713,0.17039253500284934
-513.2673267326733,0.16651311537650215
-513.2475247524752,0.16247439545554826
-513.2277227722773,0.15828073731620565
-513.2079207920792,0.15393671550526566
-513.1881188118812,0.14944712360127707
-513.1683168316832,0.14481698320279657
-513.1485148514852,0.1400515560973696
-513.1287128712871,0.13515636062349923
-513.1089108910891,0.13013719360031523
-513.0891089108911,0.12500015971417286
-513.0693069306931,0.11975171099120605
-513.049504950495,0.11439870006478335
-513.0297029702971,0.1089484525457928
-513.009900990099,0.10340886621265694
-512.990099009901,0.09778854842814572
-512.970297029703,0.09209700895249848
-512.950495049505,0.08634493449800561
-512.9306930693069,0.08054458629102583
-512.9108910891089,0.0747103867028294
-512.8910891089109,0.06885980312920388
-512.8712871287129,0.06301471036070924
-512.8514851485148,0.05720354167347627
-512.8316831683169,0.051464768662104525
-512.8118811881188,0.04585265463440423
-512.7920792079208,0.04044689597595038
-512.7722772277227,0.03536864320464726
-512.7524752475248,0.030805450044377958
-512.7326732673268,0.02704200571653921
-512.7128712871287,0.024468473195373867
-512.6930693069307,0.023491082072502476
-512.6732673267327,0.02430747932380625
-512.6534653465346,0.026751536181012725
-512.6336633663366,0.030425925031409017
-512.6138613861386,0.034933171536505395
-512.5940594059407,0.03997844910931009
-512.5742574257425,0.045366517371025275
-512.5544554455446,0.05097127748306096
-512.5346534653465,0.056709982580614306
-512.5148514851485,0.06252648292154037
-512.4950495049505,0.06838111380260958
-512.4752475247525,0.074244663703328
-512.4554455445545,0.08009473223084693
-512.4356435643564,0.08591348362083381
-512.4158415841584,0.09168622715574974
-512.3960396039604,0.09740049818465282
-512.3762376237623,0.10304544944641864
-512.3564356435644,0.10861143934451113
-512.3366336633663,0.11408974809926885
-512.3168316831684,0.11947237871847348
-512.2970297029702,0.12475191534993128
-512.2772277227723,0.12992142116873692
-512.2574257425744,0.13497436396161125
-512.2376237623762,0.13990456141364147
-512.2178217821782,0.1447061406061002
-512.1980198019802,0.14937350789385762
-512.1782178217823,0.1539013264498658
-512.1584158415841,0.15828449952985488
-512.1386138613861,0.16251815804207506
-512.1188118811882,0.16659765138128235
-512.09900990099,0.17051854075260328
-512.0792079207921,0.17427659440326754
-512.059405940594,0.17786778432057154
-512.0396039603961,0.1812882840573912
-512.019801980198,0.18453446742379667
-512.0,0.18760290784079373
-511.980198019802,0.1904903781960817
-511.96039603960395,0.19319385107521556
-511.94059405940595,0.19571049926728817
-511.9207920792079,0.19803769646422834
-511.9009900990099,0.20017301808867105
-511.8811881188119,0.2021142421976506
-511.86138613861385,0.20385935041917802
-511.84158415841586,0.20540652888682576
-511.8217821782178,0.2067541691437954
-511.8019801980198,0.2079008689931515
-511.78217821782187,0.2088454332753171
-511.76237623762376,0.20958687455756478
-511.74257425742576,0.2101244137232569
-511.7227722772277,0.21045748045132853
-511.7029702970297,0.21058571357885192
-511.68316831683165,0.2105089613415894
-511.66336633663366,0.21022728148945072
-511.6435643564357,0.2097409412756643
-511.6237623762376,0.20905041732016708
-511.6039603960396,0.20815639534975006
-511.58415841584156,0.20705976981930524
-511.56435643564356,0.20576164342058006
-511.5445544554456,0.20426332648725956
-511.5247524752475,0.20256633630760087
-511.50495049504957,0.2006723963589949
-511.48514851485146,0.19858343548216822
-511.46534653465346,0.19630158701697026
-511.4455445544554,0.193829187926742
-511.4257425742574,0.19116877794422624
-511.4059405940595,0.18832309877961412
-511.38613861386136,0.18529509344072997
-511.3663366336634,0.182087905726886
-511.3465346534653,0.1787048799730336
-511.3267326732673,0.17514956113957114
-511.3069306930694,0.17142569536761199
-511.28712871287127,0.1675372311509238
-511.2673267326733,0.16348832131705757
-511.2475247524752,0.1592833260643447
-511.2277227722773,0.15492681737365768
-511.20792079207916,0.1504235852106391
-511.18811881188117,0.14577864606544172
-511.1683168316832,0.14099725455677214
-511.1485148514851,0.13608491907604456
-511.1287128712872,0.13104742279642262
-511.10891089108907,0.12589085186647545
-511.0891089108911,0.12062163332015574
-511.06930693069313,0.11524658627304676
-511.049504950495,0.10977299151274655
-511.0297029702971,0.10420868690672129
-511.00990099009897,0.09856219959880735
-510.99009900990103,0.09284293150466756
-510.9702970297029,0.08706142343970141
-510.950495049505,0.0812297375669988
-510.930693069307,0.07536202172786867
-510.9108910891089,0.06947535983364941
-510.89108910891093,0.06359108312659045
-510.8712871287128,0.05773684231328057
-510.8514851485149,0.051949965124765074
-510.8316831683169,0.046283024225630624
-510.81188118811883,0.040813218989862045
-510.79207920792084,0.035658125619837104
-510.7722772277227,0.03100073396858486
-510.7524752475248,0.02712190416207367
-510.7326732673267,0.02441457995506426
-510.71287128712873,0.023303269081903007
-510.69306930693074,0.024015484960854337
-510.6732673267327,0.026402032605085526
-510.6534653465347,0.030059348307112384
-510.6336633663366,0.0345752179334866
-510.61386138613864,0.039643225534169636
-510.59405940594064,0.04506134896321585
-510.5742574257426,0.05069990533753113
-510.5544554455446,0.056474299697901534
-510.53465346534654,0.06232742251815712
-510.51485148514854,0.06821910054052747
-510.49504950495043,0.07411984550419189
-510.4752475247525,0.08000710127278916
-510.4554455445545,0.08586294035762074
-510.43564356435644,0.09167261443077378
-510.41584158415844,0.09742361934764773
-510.3960396039604,0.1031050777840712
-510.3762376237624,0.10870732275272028
-510.3564356435644,0.11422161114799217
-510.33663366336634,0.11963992330546684
-510.31683168316835,0.12495482061639482
-510.2970297029703,0.13015934305745716
-510.2772277227723,0.1352469346329637
-510.25742574257424,0.14021138863968557
-510.23762376237624,0.14504680720836094
-510.21782178217825,0.1497475712585962
-510.1980198019802,0.1543083181363264
-510.1782178217822,0.1587239249764736
-510.15841584158414,0.16298949636992804
-510.13861386138615,0.16710035529073972
-510.11881188118815,0.17105203650786008
-510.0990099009901,0.1748402818987317
-510.0792079207921,0.17846103722303658
-510.05940594059405,0.1819104500182187
-510.03960396039605,0.1851848683556088
-510.019801980198,0.18828084025362207
-510.0,0.19119511358842298
-509.980198019802,0.19392463637570598
-509.96039603960395,0.19646655732313853
-509.94059405940595,0.1988182265729328
-509.9207920792079,0.20097719656969332
-509.9009900990099,0.2029412230010903
-509.8811881188119,0.20470826576860995
-509.86138613861385,0.2062764899536741
-509.84158415841586,0.2076442667507159
-509.8217821782178,0.20881017434402532
-509.8019801980198,0.20977299870956181
-509.78217821782175,0.21053173432638675
-509.76237623762376,0.2110855847857389
-509.74257425742576,0.21143396328795608
-509.7227722772277,0.21157649302028497
-509.7029702970297,0.21151300741033457
-509.68316831683165,0.211243550252042
-509.66336633663366,0.21076837570280324
-509.6435643564357,0.21008794815225573
-509.6237623762376,0.20920294196494307
-509.6039603960396,0.20811424110107718
-509.58415841584156,0.2068229386215384
-509.56435643564356,0.20533033608556284
-509.5445544554455,0.20363794285200137
-509.5247524752475,0.20174747529803658
-509.50495049504957,0.19966085597247527
-509.48514851485146,0.1973802127048931
-509.46534653465346,0.19490787769669551
-509.4455445544554,0.19224638662606577
-509.4257425742574,0.1893984778060681
-509.4059405940595,0.18636709144421695
-509.38613861386136,0.1831553690631142
-509.3663366336634,0.1797666531561863
-509.3465346534653,0.1762044871706786
-509.3267326732673,0.17247261593366905
-509.30693069306926,0.16857498666714094
-509.28712871287127,0.16451575077792874
-509.2673267326733,0.16029926666054686
-509.2475247524752,0.15593010382064193
-509.2277227722773,0.1514130487196556
-509.20792079207916,0.14675311286813442
-509.18811881188117,0.1419555438678491
-509.1683168316832,0.13702584034242993
-509.1485148514851,0.1319697720318789
-509.1287128712872,0.12679340680218737
-509.10891089108907,0.12150314700537831
-509.0891089108911,0.11610577862294437
-509.069306930693,0.11060853810296789
-509.049504950495,0.1050192040248392
-509.0297029702971,0.09934622413267855
-509.00990099009897,0.09359889359789136
-508.99009900990103,0.08778760884626471
-508.9702970297029,0.08192423507901943
-508.950495049505,0.07602264857963363
-508.930693069307,0.070099554018346
-508.9108910891089,0.06417574515275315
-508.89108910891093,0.05827809865193564
-508.8712871287128,0.052442809782335224
-508.8514851485149,0.04672077360818327
-508.8316831683168,0.041186699729104485
-508.81188118811883,0.03595456395897877
-508.79207920792084,0.031202651234734587
-508.7722772277227,0.02720755969961227
-508.7524752475248,0.024364178012769695
-508.7326732673267,0.023114807810647803
-508.71287128712873,0.023718221903931885
-508.69306930693074,0.02604431575531891
-508.6732673267327,0.029683674614855573
-508.6534653465347,0.0342085145001291
-508.6336633663366,0.03930009973287098
-508.61386138613864,0.04474926142693079
-508.5940594059405,0.050422590022048096
-508.5742574257426,0.056233597615081295
-508.5544554455446,0.062124207354179
-508.53465346534654,0.06805374240650114
-508.51485148514854,0.07399244587266277
-508.49504950495043,0.07991761379501167
-508.4752475247525,0.08581123372154086
-508.4554455445545,0.09165850517510786
-508.43564356435644,0.09744688881642156
-508.41584158415844,0.1031654805973562
-508.3960396039604,0.10880459071230489
-508.3762376237624,0.11435545469853489
-508.3564356435643,0.11981003171499476
-508.33663366336634,0.12516086152077038
-508.31683168316835,0.13040096172666127
-508.2970297029703,0.13552375315654025
-508.2772277227723,0.14052300513797977
-508.25742574257424,0.14539279512451303
-508.23762376237624,0.1501274787571432
-508.21782178217825,0.15472166761776196
-508.1980198019802,0.15917021270805737
-508.1782178217822,0.16346819222831685
-508.15841584158414,0.16761090260964123
-508.13861386138615,0.17159385202317887
-508.1188118811881,0.17541275578341034
-508.0990099009901,0.17906353320417182
-508.0792079207921,0.18254230556958984
-508.05940594059405,0.18584539495921343
-508.03960396039605,0.188969323724564
-508.019801980198,0.19191081445785702
-508.0,0.19466679032722356
-507.98019801980206,0.19723437567834504
-507.96039603960395,0.19961089682233404
-507.94059405940595,0.20179388294545678
-507.9207920792079,0.20378106708829602
-507.9009900990099,0.2055703871522291
-507.88118811881185,0.20715998689826234
-507.86138613861385,0.2085482169103075
-507.8415841584159,0.20973363549969545
-507.8217821782178,0.2107150095321856
-507.8019801980198,0.21149131516237457
-507.78217821782175,0.2120617384631951
-507.76237623762376,0.21242567594122674
-507.7425742574258,0.21258273493035507
-507.7227722772277,0.21253273385883303
-507.70297029702976,0.2122757023863706
-507.68316831683165,0.21181188140988957
-507.66336633663366,0.21114172293826286
-507.6435643564356,0.21026588983812525
-507.6237623762376,0.2091852554547304
-507.60396039603967,0.2079009031138045
-507.58415841584156,0.20641412551247126
-507.5643564356436,0.2047264240097772
-507.5445544554455,0.2028395078302522
-507.5247524752475,0.2007552931970534
-507.50495049504957,0.1984759024152372
-507.48514851485146,0.19600366293045474
-507.4653465346535,0.1933411063939396
-507.4455445544554,0.19049096777181207
-507.42574257425747,0.18745618454540205
-507.40594059405936,0.18423989606020533
-507.38613861386136,0.1808454430950712
-507.3663366336634,0.1772763677406246
-507.3465346534653,0.17353641369864992
-507.3267326732674,0.1696295271435868
-507.30693069306926,0.16555985832521705
-507.2871287128713,0.16133176414236033
-507.2673267326733,0.15694981198401786
-507.2475247524752,0.15241878522429594
-507.2277227722773,0.14774369087907557
-507.20792079207916,0.14292977009861002
-507.1881188118812,0.13798251240087844
-507.1683168316831,0.13290767487248117
-507.1485148514852,0.1277113080217926
-507.1287128712872,0.12239979062555681
-507.10891089108907,0.11697987686853628
-507.0891089108911,0.11145876049362526
-507.069306930693,0.10584416281420779
-507.0495049504951,0.10014445471013907
-507.0297029702971,0.09436882783308317
-507.009900990099,0.08852753838082576
-506.99009900990103,0.08263226004354268
-506.9702970297029,0.07669660478768169
-506.950495049505,0.07073690777767927
-506.93069306930687,0.06477343847276944
-506.91089108910893,0.05883231731758042
-506.89108910891093,0.05294863057493855
-506.8712871287129,0.047171624133703634
-506.8514851485149,0.04157354353124577
-506.8316831683168,0.036264756382578846
-506.81188118811883,0.03141870584133194
-506.79207920792084,0.027307239421289955
-506.7722772277228,0.024326131290169754
-506.7524752475248,0.022934551691158992
-506.73267326732673,0.02342369588609658
-506.71287128712873,0.02568511099910903
-506.69306930693074,0.029304404886952642
-506.6732673267327,0.03383756283962324
-506.6534653465347,0.03895279251299659
-506.63366336633663,0.04443336879067423
-506.61386138613864,0.05014197112897085
-506.5940594059406,0.055990141573649094
-506.5742574257426,0.06191880458980733
-506.5544554455446,0.06788676733272307
-506.53465346534654,0.07386399957593542
-506.51485148514854,0.07982764797539162
-506.4950495049505,0.08575961475132547
-506.4752475247525,0.09164504731550464
-506.4554455445545,0.09747137125053557
-506.43564356435644,0.10322765585626817
-506.41584158415844,0.10890418849781128
-506.3960396039604,0.11449218325750234
-506.3762376237624,0.11998357794220266
-506.35643564356434,0.12537089043831226
-506.33663366336634,0.13064711569780993
-506.31683168316835,0.13580565102979375
-506.2970297029703,0.14084024142618484
-506.2772277227723,0.1457449392723772
-506.25742574257424,0.15051407452156687
-506.23762376237624,0.15514223256901674
-506.21782178217825,0.15962423785131055
-506.1980198019802,0.16395514174018433
-506.1782178217822,0.16813021368252046
-506.15841584158414,0.1721449348091577
-506.13861386138615,0.175994993429801
-506.1188118811881,0.1796762819728282
-506.0990099009901,0.18318489503293708
-506.0792079207921,0.18651712826646263
-506.05940594059405,0.18966947793218789
-506.03960396039605,0.19263864091906382
-506.019801980198,0.195421515135635
-506.0,0.19801520016150528
-505.98019801980206,0.20041699808123145
-505.96039603960395,0.20262441443638304
-505.94059405940595,0.20463515924392645
-505.9207920792079,0.20644714803865882
-505.9009900990099,0.20805850290542663
-505.88118811881185,0.20946755347291635
-505.86138613861385,0.21067283784627316
-505.8415841584159,0.21167310345971027
-505.8217821782178,0.2124673078341236
-505.8019801980198,0.21305461922753297
-505.78217821782175,0.21343441716891703
-505.76237623762376,0.21360629286812918
-505.7425742574258,0.21357004949679395
-505.7227722772277,0.21332570233679585
-505.70297029702976,0.21287347879490687
-505.68316831683165,0.21221381828367294
-505.66336633663366,0.21134737197064793
-505.6435643564356,0.21027500239949357
-505.6237623762376,0.20899778298891697
-505.60396039603967,0.2075169974169555
-505.58415841584156,0.2058341389010199
-505.5643564356436,0.20395090938637436
-505.5445544554455,0.20186921865931948
-505.5247524752475,0.19959118340475523
-505.50495049504957,0.19711912623264474
-505.48514851485146,0.1944555747032187
-505.4653465346535,0.1916032603876234
-505.4455445544554,0.1885651180091805
-505.42574257425747,0.18534428472096107
-505.40594059405936,0.1819440995886005
-505.38613861386136,0.17836810336449302
-505.3663366336634,0.1746200386610349
-505.3465346534653,0.17070385065900115
-505.3267326732674,0.16662368852378232
-505.30693069306926,0.16238390775080022
-505.2871287128713,0.15798907372566096
-505.2673267326733,0.15344396687103415
-505.2475247524752,0.14875358986886378
-505.2277227722773,0.14392317760668327
-505.20792079207916,0.13895821071767608
-505.1881188118812,0.1338644338938598
-505.1683168316831,0.12864788059050067
-505.1485148514852,0.12331490637028399
-505.1287128712872,0.11787223405426367
-505.10891089108907,0.11232701520624895
-505.0891089108911,0.1066869145228806
-505.069306930693,0.1009602268345574
-505.0495049504951,0.09515604131397919
-505.0297029702971,0.08928447528317415
-505.009900990099,0.08335701270517558
-504.99009900990103,0.07738700360890194
-504.9702970297029,0.07139041683704007
-504.950495049505,0.06538700175913344
-504.93069306930687,0.059402127904392116
-504.91089108910893,0.053469778338888864
-504.89108910891093,0.04763755310427615
-504.8712871287129,0.04197522401396147
-504.8514851485149,0.03658949485580747
-504.8316831683168,0.03164877235049681
-504.81188118811883,0.02741961077588472
-504.79207920792084,0.02429758432507003
-504.7722772277228,0.022757857798582345
-504.7524752475248,0.02312551543955643
-504.73267326732673,0.025316805925653187
-504.71287128712873,0.028913348233889948
-504.6930693069306,0.03345400083447968
-504.6732673267327,0.03859295333342495
-504.6534653465347,0.04410539601118007
-504.63366336633663,0.049849862062792065
-504.61386138613864,0.055735826859734355
-504.5940594059406,0.06170317844955804
-504.5742574257426,0.06771019440357708
-504.5544554455446,0.0737265673143929
-504.53465346534654,0.07972929435082102
-504.51485148514854,0.08570019359679762
-504.4950495049505,0.0916243618355693
-504.4752475247525,0.09748919095789829
-504.45544554455444,0.10328372477263503
-504.43564356435644,0.10899822872850226
-504.41584158415844,0.11462389613594567
-504.3960396039604,0.12015264393399677
-504.3762376237624,0.12557696845454694
-504.35643564356434,0.13088984217231286
-504.33663366336634,0.1360846389519498
-504.3168316831684,0.1411550794298488
-504.2970297029703,0.14609519083046657
-504.2772277227723,0.15089927726749652
-504.25742574257424,0.15556189775052245
-504.23762376237624,0.16007784991387558
-504.2178217821782,0.16444215803320725
-504.1980198019802,0.16865006427953638
-504.17821782178225,0.17269702243290472
-504.15841584158414,0.1765786934731799
-504.13861386138615,0.18029094260736644
-504.1188118811881,0.18382983739700118
-504.0990099009901,0.1871916467262884
-504.07920792079216,0.1903728404094706
-504.05940594059405,0.193370089279417
-504.0396039603961,0.1961802656329596
-504.019801980198,0.1988004439337372
-504.0,0.2012279016933096
-503.98019801980195,0.20346012046682416
-503.96039603960395,0.20549478691149856
-503.940594059406,0.20732979386614186
-503.9207920792079,0.2089632414174006
-503.90099009900996,0.2103934379249828
-503.88118811881185,0.21161890098295508
-503.86138613861385,0.2126383582986409
-503.8415841584159,0.21345074847401566
-503.8217821782178,0.21405522167760682
-503.80198019801986,0.21445114019736283
-503.78217821782175,0.2146380788672669
-503.7623762376238,0.21461582536247167
-503.7425742574257,0.2143843803596176
-503.7227722772277,0.2139439575606314
-503.70297029702976,0.21329498358019067
-503.68316831683165,0.21243809769856026
-503.6633663366337,0.2113741514833667
-503.6435643564356,0.21010420828576853
-503.62376237623766,0.20862954261849728
-503.60396039603967,0.20695163942552175
-503.58415841584156,0.20507219325580808
-503.5643564356436,0.20299310735674403
-503.5445544554455,0.20071649270622194
-503.52475247524757,0.19824466700716767
-503.50495049504946,0.19558015367319148
-503.4851485148515,0.19272568084094205
-503.4653465346535,0.18968418045267668
-503.4455445544554,0.1864587874627933
-503.42574257425747,0.18305283923491128
-503.40594059405936,0.17946987521245822
-503.3861386138614,0.17571363696659664
-503.3663366336634,0.17178806875258457
-503.34653465346537,0.1676973187409618
-503.3267326732674,0.16344574113651936
-503.30693069306926,0.15903789945997385
-503.2871287128713,0.15447857134995355
-503.2673267326732,0.1497727553552201
-503.2475247524753,0.14492568034048664
-503.2277227722773,0.13994281834130803
-503.2079207920792,0.13482990200036704
-503.1881188118812,0.12959294813839925
-503.1683168316831,0.12423828961684295
-503.1485148514852,0.11877261852969412
-503.1287128712872,0.11320304506404906
-503.1089108910891,0.10753717832780287
-503.0891089108911,0.10178323844259454
-503.0693069306931,0.09595021388284977
-503.0495049504951,0.09004808550421518
-503.02970297029697,0.08408815086266583
-503.009900990099,0.07808350270520457
-502.99009900990103,0.07204975018405688
-502.970297029703,0.06600613213921148
-502.950495049505,0.05997728103620982
-502.9306930693069,0.053996096614049416
-502.91089108910893,0.04810856031507274
-502.89108910891093,0.042382002545154916
-502.8712871287129,0.036919482845752756
-502.8514851485149,0.03188430964898601
-502.83168316831683,0.027537409863000777
-502.81188118811883,0.024273280570880653
-502.7920792079208,0.022582121919374882
-502.7722772277228,0.02282385758958976
-502.7524752475248,0.02494202582500862
-502.73267326732673,0.028515066158562172
-502.71287128712873,0.033063811205287626
-502.6930693069307,0.03822757176318843
-502.6732673267327,0.043773045011077705
-502.6534653465347,0.04955447748765771
-502.63366336633663,0.05547924622603784
-502.61386138613864,0.06148620758496896
-502.5940594059406,0.06753312361374002
-502.5742574257426,0.0735894240929517
-502.55445544554453,0.07963196886504205
-502.53465346534654,0.08564250150495586
-502.51485148514854,0.09160607558324861
-502.4950495049505,0.09751005494678035
-502.4752475247525,0.10334346219549237
-502.45544554455444,0.1090965441017769
-502.43564356435644,0.1147604756510727
-502.41584158415844,0.12032715475603671
-502.3960396039604,0.12578905757086487
-502.3762376237624,0.13113913511095224
-502.35643564356434,0.13637073853534082
-502.33663366336634,0.14147756464515684
-502.3168316831683,0.14645361585201144
-502.2970297029703,0.15129317064167688
-502.2772277227723,0.15599076174102003
-502.25742574257424,0.16054115999828683
-502.23762376237624,0.16493936253968536
-502.2178217821782,0.16918058415130297
-502.1980198019802,0.17326025110873125
-502.17821782178225,0.17717399687277502
-502.15841584158414,0.1809176592116603
-502.13861386138615,0.18448727841430404
-502.1188118811881,0.1878790963363408
-502.0990099009901,0.19108955607824987
-502.07920792079204,0.1941153021385352
-502.05940594059405,0.19695318091795863
-502.0396039603961,0.19960024147639913
-502.019801980198,0.20205373646353567
-502.0,0.20431112316003994
-501.98019801980195,0.2063700645779833
-501.96039603960395,0.20822843057889856
-501.940594059406,0.20988429897555844
-501.9207920792079,0.21133595658976628
-501.90099009900996,0.21258190024353282
-501.88118811881185,0.21362083766525736
-501.86138613861385,0.21445168829588726
-501.8415841584158,0.21507358398309998
-501.8217821782178,0.2154858695540767
-501.80198019801986,0.2156881032595443
-501.78217821782175,0.21568005708394677
-501.7623762376238,0.21546171691822152
-501.7425742574257,0.2150332825935313
-501.7227722772277,0.21439516777591539
-501.70297029702976,0.21354799972347357
-501.68316831683165,0.21249261890940224
-501.6633663366337,0.211230078516201
-501.6435643564356,0.20976164380802495
-501.62376237623766,0.2080887913908902
-501.60396039603955,0.20621320837241802
-501.58415841584156,0.20413679143634886
-501.5643564356436,0.20186164585016889
-501.5445544554455,0.19939008442869205
-501.52475247524757,0.1967246264813724
-501.50495049504946,0.19386799677773592
-501.4851485148515,0.19082312457279255
-501.4653465346535,0.1875931427443979
-501.4455445544554,0.1841813871067193
-501.42574257425747,0.18059139597978507
-501.40594059405936,0.17682691011518617
-501.3861386138614,0.17289187310414655
-501.3663366336633,0.1687904324281801
-501.34653465346537,0.16452694135724744
-501.3267326732674,0.16010596195982102
-501.30693069306926,0.1555322695686628
-501.2871287128713,0.1508108591540021
-501.2673267326732,0.14594695420267062
-501.2475247524753,0.14094601890552952
-501.2277227722773,0.13581377473991296
-501.2079207920792,0.13055622293689467
-501.1881188118812,0.12517967490199952
-501.1683168316831,0.11969079350043486
-501.1485148514852,0.1140966493646676
-501.12871287128706,0.10840479825608301
-501.1089108910891,0.10262338838270112
-501.0891089108911,0.09676131105353597
-501.0693069306931,0.0908284151885136
-501.0495049504951,0.08483581783425263
-501.02970297029697,0.07879636224657922
-501.009900990099,0.07272530831787875
-500.99009900990103,0.06664139846529422
-500.970297029703,0.06056854721733153
-500.950495049505,0.05453859654270871
-500.9306930693069,0.04859594153483698
-500.91089108910893,0.04280550476667672
-500.8910891089108,0.037266710685746225
-500.8712871287129,0.032137665372630894
-500.8514851485149,0.02767321067720673
-500.83168316831683,0.02426558218521238
-500.81188118811883,0.022418522318855806
-500.7920792079208,0.02252751509329497
-500.7722772277228,0.02456670731556147
-500.7524752475248,0.028113016519341866
-500.73267326732673,0.03266857576438366
-500.71287128712873,0.03785685538838476
-500.6930693069307,0.043435510459776845
-500.6732673267327,0.04925425256154468
-500.65346534653463,0.0552182546029584
-500.63366336633663,0.06126529597057276
-500.61386138613864,0.06735260319232785
-500.5940594059406,0.07344933398491836
-500.5742574257426,0.07953220630537279
-500.55445544554453,0.08558288676707304
-500.53465346534654,0.09158638424432956
-500.5148514851486,0.09753003351157598
-500.4950495049505,0.10340283514866512
-500.4752475247525,0.10919501654607691
-500.45544554455444,0.11489773371119796
-500.43564356435644,0.12050286490453149
-500.4158415841584,0.1260028654922936
-500.3960396039604,0.13139066443042752
-500.37623762376245,0.13665958958012428
-500.35643564356434,0.14180331332218
-500.33663366336634,0.14681581267733892
-500.3168316831683,0.1516913399327747
-500.2970297029703,0.15642440096955768
-500.27722772277235,0.1610097392947545
-500.25742574257424,0.16544232433839637
-500.2376237623763,0.1697173429635323
-500.2178217821782,0.17383019341217007
-500.1980198019802,0.17777648110617558
-500.17821782178214,0.18155201586467856
-500.15841584158414,0.18515281020347488
-500.1386138613862,0.1885750784591856
-500.1188118811881,0.19181523653849394
-500.09900990099015,0.19486990213607847
-500.07920792079204,0.19773589529806243
-500.05940594059405,0.20041023923314683
-500.0396039603961,0.20289016129309217
-500.019801980198,0.2051730940597198
-500.00000000000006,0.2072566764874712
-499.98019801980195,0.20913875506029356
-499.960396039604,0.21081738492913124
-499.9405940594059,0.21229083100255539
-499.9207920792079,0.21355756896804629
-499.90099009900996,0.2146162862256378
-499.88118811881185,0.21546588271905084
-499.8613861386139,0.21610547165236857
-499.8415841584158,0.21653438008285802
-499.82178217821786,0.21675214938260504
-499.80198019801986,0.21675853556386235
-499.78217821782175,0.21655350946439628
-499.7623762376238,0.21613725679126233
-499.7425742574257,0.215510178022713
-499.72277227722776,0.2146728881697663
-499.70297029702965,0.21362621640055868
-499.6831683168317,0.21237120553251715
-499.6633663366337,0.21090911139913968
-499.6435643564356,0.20924140210048428
-499.62376237623766,0.20736975714891814
-499.60396039603955,0.2052960665245732
-499.5841584158416,0.20302242965831677
-499.5643564356436,0.2005511543641271
-499.54455445544556,0.19788475574793182
-499.52475247524757,0.19502595512564347
-499.50495049504946,0.1919776789911523
-499.4851485148515,0.18874305808405706
-499.4653465346534,0.18532542661908621
-499.44554455445547,0.18172832175403628
-499.42574257425747,0.17795548339270686
-499.4059405940594,0.17401085444405293
-499.3861386138614,0.16989858169165523
-499.3663366336633,0.16562301747042335
-499.34653465346537,0.16118872240438334
-499.3267326732674,0.15660046953578255
-499.3069306930693,0.15186325027870085
-499.2871287128713,0.14698228277155415
-499.26732673267327,0.14196302339742942
-499.2475247524753,0.13681118251394916
-499.22772277227716,0.1315327458195035
-499.2079207920792,0.12613400333659108
-499.1881188118812,0.12062158879845497
-499.16831683168317,0.11500253341647244
-499.1485148514852,0.10928433979673638
-499.1287128712871,0.1034750845155542
-499.1089108910891,0.09758356214161054
-499.0891089108911,0.09161949031012079
-499.0693069306931,0.08559380656547438
-499.0495049504951,0.07951910623968411
-499.029702970297,0.07341030240830171
-499.009900990099,0.06728564485711011
-498.990099009901,0.0611683359724728
-498.970297029703,0.05508916846626423
-498.950495049505,0.04909096235800389
-498.9306930693069,0.04323624285145898
-498.91089108910893,0.037620791442992824
-498.8910891089109,0.03239742243630997
-498.8712871287129,0.027814541148530842
-498.8514851485149,0.02426121232614665
-498.83168316831683,0.022253615722251874
-498.81188118811883,0.022223766755632895
-498.7920792079208,0.02417968155900064
-498.7722772277228,0.027697967716723497
-498.7524752475247,0.032260901216955046
-498.73267326732673,0.037474946323650005
-498.71287128712873,0.04308816039398023
-498.6930693069307,0.048945527605370034
-498.6732673267327,0.05494997038226835
-498.65346534653463,0.06103819374317843
-498.63366336633663,0.06716690435984217
-498.61386138613864,0.07330500464341262
-498.5940594059406,0.0794290850926637
-498.5742574257426,0.08552074690121754
-498.55445544554453,0.09156496321525417
-498.53465346534654,0.09754904662509335
-498.5148514851485,0.10346198096070243
-498.4950495049505,0.10929397825934195
-498.4752475247525,0.1150361786291571
-498.45544554455444,0.12068044302887743
-498.43564356435644,0.12621920782540164
-498.4158415841584,0.1316453812679231
-498.3960396039604,0.1369522689317783
-498.37623762376245,0.14213351952129966
-498.35643564356434,0.14718308519779574
-498.33663366336634,0.15209519241201921
-498.3168316831683,0.1568643204258326
-498.2970297029703,0.16148518552261817
-498.27722772277224,0.16595272946568
-498.25742574257424,0.17026211115331372
-498.2376237623763,0.1744087006946537
-498.2178217821782,0.1783880753268701
-498.1980198019802,0.18219601673676405
-498.17821782178214,0.18582850945388027
-498.15841584158414,0.18928174005908968
-498.1386138613862,0.1925520970100733
-498.1188118811881,0.1956361709285428
-498.09900990099015,0.1985307552266798
-498.07920792079204,0.2012328469757557
-498.05940594059405,0.20373964793926558
-498.039603960396,0.2060485657081573
-498.019801980198,0.20815721488770436
-498.00000000000006,0.21006341829511607
-497.98019801980195,0.21176520813444066
-497.960396039604,0.21326082712152228
-497.9405940594059,0.21454872953679313
-497.9207920792079,0.21562758218762193
-497.90099009900996,0.21649626526555166
-497.88118811881185,0.2171538730865305
-497.8613861386139,0.21759971470476833
-497.8415841584158,0.21783331439293435
-497.82178217821786,0.2178544119834664
-497.80198019801975,0.2176629630674489
-497.78217821782175,0.21725913904918256
-497.7623762376238,0.21664332705614214
-497.7425742574257,0.21581612970577194
-497.72277227722776,0.21477836473195902
-497.70297029702965,0.2135310644759546
-497.6831683168317,0.21207547524841894
-497.6633663366337,0.21041305657113996
-497.6435643564356,0.2085454803097042
-497.62376237623766,0.2064746297108919
-497.60396039603955,0.20420259836211865
-497.5841584158416,0.20173168909391925
-497.5643564356435,0.19906441285156934
-497.54455445544556,0.19620348756746717
-497.52475247524757,0.19315183707344746
-497.50495049504946,0.18991259010106773
-497.4851485148515,0.18648907942943616
-497.4653465346534,0.18288484125460072
-497.44554455445547,0.17910361487322787
-497.42574257425747,0.1751493427971442
-497.4059405940594,0.17102617144689877
-497.3861386138614,0.16673845261338746
-497.3663366336633,0.16229074593135753
-497.34653465346537,0.15768782268167417
-497.32673267326726,0.1529346713378673
-497.3069306930693,0.14803650540766095
-497.2871287128713,0.14299877430647334
-497.26732673267327,0.13782717826049712
-497.2475247524753,0.13252768860577294
-497.22772277227716,0.12710657537859374
-497.2079207920792,0.12157044486256743
-497.1881188118812,0.11592629089523844
-497.16831683168317,0.11018156544749867
-497.1485148514852,0.10434427660552303
-497.1287128712871,0.09842312616774504
-497.1089108910891,0.09242770557524846
-497.089108910891,0.08636877949735342
-497.0693069306931,0.08025870410412572
-497.0495049504951,0.07411205741255035
-497.029702970297,0.06794661256093348
-497.009900990099,0.061784881691335725
-496.990099009901,0.05565663813644579
-496.970297029703,0.04960316629471249
-496.950495049505,0.04368464049285358
-496.9306930693069,0.03799323303243859
-496.91089108910893,0.032676408990971864
-496.8910891089109,0.02797574922318618
-496.8712871287129,0.024275960357752868
-496.8514851485148,0.022103784173032253
-496.83168316831683,0.021927912567230905
-496.81188118811883,0.02379390133005601
-496.7920792079208,0.027280376331255383
-496.7722772277228,0.03184914076398744
-496.7524752475247,0.03708854295140673
-496.73267326732673,0.04273640603198177
-496.7128712871288,0.048632704996479266
-496.6930693069307,0.054677994375200226
-496.6732673267327,0.060807855257310854
-496.65346534653463,0.06697845256957466
-496.63366336633663,0.0731584230938586
-496.6138613861387,0.07932422456339128
-496.5940594059406,0.08545738971349782
-496.57425742574264,0.09154285399649077
-496.55445544554453,0.09756790638571204
-496.53465346534654,0.10352151280820292
-496.5148514851485,0.10939386895205583
-496.4950495049505,0.11517609812541842
-496.47524752475255,0.1208600431472074
-496.45544554455444,0.12643812059179163
-496.4356435643565,0.13190321724293905
-496.4158415841584,0.13724861565964902
-496.3960396039604,0.1424679401633251
-496.37623762376245,0.14755511737063104
-496.35643564356434,0.15250434722983724
-496.3366336633664,0.15731008173515612
-496.3168316831683,0.16196700931432956
-496.29702970297035,0.16647004344752753
-496.27722772277224,0.17081431446674142
-496.25742574257424,0.1749951637609559
-496.2376237623763,0.17900813980924044
-496.2178217821782,0.18284899560630302
-496.19801980198025,0.18651368714902042
-496.17821782178214,0.18999837272927542
-496.1584158415842,0.19329941283575086
-496.1386138613862,0.19641337051031046
-496.1188118811881,0.19933701203749776
-496.09900990099015,0.20206730787073943
-496.07920792079204,0.2046014337181707
-496.0594059405941,0.20693677172629932
-496.039603960396,0.2090709117113008
-496.01980198019805,0.21100165239752658
-496.00000000000006,0.21272700263000868
-495.98019801980195,0.21424518253397845
-495.960396039604,0.21555462459927716
-495.9405940594059,0.2166539746717018
-495.92079207920796,0.21754209283652587
-495.90099009900996,0.21821805418250742
-495.8811881188119,0.218681149436979
-495.8613861386139,0.21893088546478737
-495.8415841584158,0.2189669856258618
-495.82178217821786,0.21878938998771424
-495.80198019801975,0.21839825539104876
-495.7821782178218,0.21779395536799015
-495.7623762376238,0.21697707991424145
-495.74257425742576,0.21594843511784564
-495.72277227722776,0.214709042649113
-495.70297029702965,0.21326013911800165
-495.6831683168317,0.21160317530730507
-495.6633663366337,0.20973981529235206
-495.64356435643566,0.20767193546058338
-495.62376237623766,0.20540162344757307
-495.6039603960396,0.20293117700984803
-495.5841584158416,0.2002631028594705
-495.5643564356435,0.19740011549101127
-495.54455445544556,0.19434513603843978
-495.52475247524757,0.19110129120827665
-495.5049504950495,0.18767191234624106
-495.4851485148515,0.18406053470853645
-495.46534653465346,0.180270897026888
-495.44554455445547,0.176306941479271
-495.42574257425747,0.1721728142085637
-495.4059405940594,0.1678728665703839
-495.3861386138614,0.1634116573441083
-495.36633663366337,0.15879395621053638
-495.34653465346537,0.1540247488944657
-495.3267326732673,0.14910924449937396
-495.3069306930693,0.14405288573958488
-495.2871287128713,0.13886136302419294
-495.26732673267327,0.1335406336992802
-495.2475247524753,0.12809694825971635
-495.2277227722772,0.12253688607650536
-495.2079207920792,0.11686740427072925
-495.1881188118812,0.1110959049955398
-495.16831683168317,0.10523032888149758
-495.1485148514852,0.09927928629094146
-495.1287128712871,0.09325224422504003
-495.1089108910891,0.08715979682958831
-495.08910891089107,0.08101406432254035
-495.0693069306931,0.07482929411227211
-495.0495049504951,0.06862278892300522
-495.029702970297,0.062416379383499525
-495.009900990099,0.05623883140209516
-494.990099009901,0.05012990885770536
-494.970297029703,0.044147449434255095
-494.950495049505,0.03838001074906774
-494.9306930693069,0.03296961506856534
-494.91089108910893,0.028150630957782252
-494.8910891089109,0.024302310819960735
-494.8712871287129,0.021960257333978182
-494.8514851485148,0.021630209012591776
-494.83168316831683,0.023399301820056354
-494.81188118811883,0.02685055458986461
-494.7920792079208,0.03142429659256943
-494.7722772277228,0.03668934742650599
-494.7524752475247,0.0423725499586164
-494.73267326732673,0.048308573416599214
-494.7128712871288,0.05439550134249168
-494.6930693069307,0.06056776037516709
-494.6732673267327,0.06678096863443676
-494.65346534653463,0.07300350033665261
-494.63366336633663,0.07921168544684568
-494.6138613861386,0.0853869930784194
-494.5940594059406,0.09151432506367602
-494.57425742574264,0.09758094999597866
-494.55445544554453,0.1035758183938868
-494.53465346534654,0.10948911147962863
-494.5148514851485,0.1153119371575936
-494.4950495049505,0.12103612111994509
-494.47524752475255,0.12665406086169287
-494.45544554455444,0.13215862217941104
-494.4356435643565,0.13754306490960036
-494.4158415841584,0.14280098913944117
-494.3960396039604,0.1479262959749158
-494.37623762376234,0.15291315880486298
-494.35643564356434,0.15775600222673075
-494.3366336633664,0.16244948662617395
-494.3168316831683,0.16698849696825505
-494.29702970297035,0.17136813475071125
-494.27722772277224,0.1755837123461886
-494.25742574257424,0.17963074915755556
-494.2376237623763,0.18350496915258394
-494.2178217821782,0.1872022994482881
-494.19801980198025,0.19071886969169802
-494.17821782178214,0.1940510120409366
-494.1584158415842,0.19719526159350087
-494.1386138613861,0.20014835714101575
-494.1188118811881,0.20290724215502548
-494.09900990099015,0.20546906592725603
-494.07920792079204,0.20783118480313104
-494.0594059405941,0.20999116345893762
-494.039603960396,0.21194677618238494
-494.01980198019805,0.2136960081237902
-494.00000000000006,0.215237056491154
-493.98019801980195,0.21656833166710115
-493.960396039604,0.2176884582299959
-493.9405940594059,0.21859627586454342
-493.92079207920796,0.2192908401502685
-493.90099009900985,0.2197714232184639
-493.8811881188119,0.2200375142705726
-493.8613861386139,0.22008881995248858
-493.8415841584158,0.21992526458134115
-493.82178217821786,0.21954699022258709
-493.80198019801975,0.21895435661709803
-493.7821782178218,0.21814794095913434
-493.7623762376238,0.2171285375279406
-493.74257425742576,0.2158971571771163
-493.72277227722776,0.21445502668791253
-493.70297029702965,0.2128035879943514
-493.6831683168317,0.2109444972905563
-493.6633663366336,0.20887962403301563
-493.64356435643566,0.2066110498538991
-493.62376237623766,0.20414106740485655
-493.6039603960396,0.20147217915537668
-493.5841584158416,0.19860709617520433
-493.5643564356435,0.19554873693692312
-493.54455445544556,0.19230022618312598
-493.52475247524757,0.18886489391337713
-493.5049504950495,0.18524627455915826
-493.4851485148515,0.1814481064324106
-493.46534653465346,0.17747433155513592
-493.44554455445547,0.1733290960063563
-493.42574257425736,0.1690167509604278
-493.4059405940594,0.1645418546407002
-493.3861386138614,0.1599091754793573
-493.36633663366337,0.15512369686459748
-493.34653465346537,0.15019062397967453
-493.3267326732673,0.14511539340839522
-493.3069306930693,0.13990368641931392
-493.2871287128713,0.13456144717700952
-493.26732673267327,0.12909490761030273
-493.2475247524753,0.12351062136784556
-493.2277227722772,0.11781551032548852
-493.2079207920792,0.11201692866362357
-493.18811881188117,0.10612275190756765
-493.16831683168317,0.10014150202904089
-493.1485148514852,0.09408252560723883
-493.1287128712871,0.08795625166671205
-493.1089108910891,0.0817745718806673
-493.08910891089107,0.07555141340936758
-493.0693069306931,0.06930362333748162
-493.04950495049513,0.06305237221915655
-493.029702970297,0.05682545002776018
-493.009900990099,0.05066114635772439
-492.990099009901,0.04461502803666175
-492.970297029703,0.038772120944838985
-492.9504950495049,0.033269065274202377
-492.9306930693069,0.028332885939700035
-492.910891089109,0.0243366077953811
-492.8910891089109,0.021823019429377744
-492.8712871287129,0.021334496197574448
-492.8514851485148,0.02300289625384403
-492.83168316831683,0.026417800357038928
-492.8118811881189,0.03099719895090758
-492.7920792079208,0.036289189555527616
-492.77227722772284,0.04200908422520054
-492.7524752475247,0.04798608260014918
-492.73267326732673,0.05411577454262891
-492.7128712871287,0.060331448922583
-492.6930693069307,0.06658819987424294
-492.67326732673274,0.07285415893661397
-492.65346534653463,0.07910554372405718
-492.6336633663367,0.08532377119123159
-492.6138613861386,0.09149371794505223
-492.5940594059406,0.09760263831757608
-492.57425742574264,0.10363947187390339
-492.55445544554453,0.10959438861099845
-492.5346534653466,0.11545848337922486
-492.5148514851485,0.12122356643515671
-492.49504950495054,0.12688201739413799
-492.47524752475243,0.13242668189527482
-492.45544554455444,0.13785079760110674
-492.4356435643565,0.14314794069761852
-492.4158415841584,0.14831198694677028
-492.39603960396045,0.15333708321535142
-492.37623762376234,0.1582176266404249
-492.3564356435644,0.16294824942269498
-492.3366336633664,0.16752380780709591
-492.3168316831683,0.17193937420322447
-492.29702970297035,0.1761902316752767
-492.27722772277224,0.18027187022806102
-492.2574257425743,0.18417998445770026
-492.2376237623762,0.1879104722394209
-492.21782178217825,0.19145943420083764
-492.19801980198025,0.19482317378623484
-492.17821782178214,0.19799819775989394
-492.1584158415842,0.20098121702891236
-492.1386138613861,0.20376914769082394
-492.11881188118815,0.20635911223033013
-492.09900990099015,0.20874844080442173
-492.0792079207921,0.21093467256686488
-492.0594059405941,0.21291555699214476
-492.039603960396,0.21468905516654327
-492.01980198019805,0.21625334101967827
-491.99999999999994,0.21760680247501654
-491.980198019802,0.21874804250150368
-491.960396039604,0.21967588005200686
-491.94059405940595,0.22038935087686945
-491.92079207920796,0.22088770820340153
-491.90099009900985,0.22117042327410125
-491.8811881188119,0.22123718573826967
-491.8613861386139,0.22108790389340052
-491.84158415841586,0.220722704774243
-491.82178217821786,0.22014193408894384
-491.8019801980198,0.21934615600321147
-491.7821782178218,0.2183361527748953
-491.7623762376237,0.21711292424308323
-491.74257425742576,0.215677687177399
-491.72277227722776,0.2140318744951749
-491.7029702970297,0.21217713435645588
-491.6831683168317,0.21011532914904552
-491.66336633663366,0.20784853437899678
-491.64356435643566,0.2053790374853419
-491.62376237623766,0.20270933660214344
-491.6039603960396,0.19984213929615555
-491.5841584158416,0.19678036131479548
-491.56435643564356,0.19352712538718042
-491.54455445544556,0.19008576013092765
-491.5247524752475,0.18645979913040417
-491.5049504950495,0.18265298026830204
-491.4851485148515,0.178669245413492
-491.46534653465346,0.17451274059579203
-491.44554455445547,0.17018781683396386
-491.4257425742574,0.16569903183135937
-491.4059405940594,0.161051152817137
-491.3861386138614,0.15624916089730706
-491.36633663366337,0.15129825739739877
-491.34653465346537,0.146203872840716
-491.3267326732673,0.14097167943248679
-491.3069306930693,0.13560760824037552
-491.28712871287127,0.13011787272014957
-491.26732673267327,0.12450900090171732
-491.2475247524753,0.11878787953448455
-491.2277227722772,0.11296181496772222
-491.2079207920792,0.10703861779914253
-491.18811881188117,0.10102672184452693
-491.16831683168317,0.09493535358638817
-491.1485148514852,0.08877477739574971
-491.1287128712871,0.08255665708882426
-491.1089108910891,0.07629460059474312
-491.08910891089107,0.07000500083844374
-491.0693069306931,0.06370837033727071
-491.049504950495,0.05743152552764988
-491.029702970297,0.05121128308888203
-491.009900990099,0.0451009337276571
-490.990099009901,0.039181939858143604
-490.970297029703,0.03358543554082727
-490.9504950495049,0.028530687496117518
-490.9306930693069,0.02438335150288988
-490.910891089109,0.021691467462475446
-490.8910891089109,0.0210341434053995
-490.8712871287129,0.022592816346453656
-490.8514851485148,0.025966956110471284
-490.83168316831683,0.030550978922894722
-490.8118811881188,0.03587036568482606
-490.7920792079208,0.04162791007662745
-490.77227722772284,0.047646960727142904
-490.7524752475247,0.05382048570490674
-490.73267326732673,0.06008060011897151
-490.7128712871287,0.06638186945061218
-490.6930693069307,0.07269218749199187
-490.67326732673274,0.07898766648803514
-490.65346534653463,0.08524967779956079
-490.6336633663367,0.09146307829488945
-490.6138613861386,0.09761511241068731
-490.5940594059406,0.10369471214881627
-490.57425742574253,0.10969203887521005
-490.55445544554453,0.11559817634844032
-490.5346534653466,0.12140492085506366
-490.5148514851485,0.12710463520722742
-490.49504950495054,0.13269014565761914
-490.47524752475243,0.13815466822539565
-490.45544554455444,0.14349175553573257
-490.4356435643565,0.14869525819592777
-490.4158415841584,0.15375929661961274
-490.39603960396045,0.1586782404559417
-490.37623762376234,0.16344669361594716
-490.3564356435644,0.16805948345763613
-490.3366336633663,0.17251165308593874
-490.3168316831683,0.17679845600034103
-490.29702970297035,0.18091535251970245
-490.27722772277224,0.18485800755581727
-490.2574257425743,0.18862228941014064
-490.2376237623762,0.19220426934436005
-490.21782178217825,0.19560022173183678
-490.19801980198025,0.19880662463937446
-490.17821782178214,0.20182016072098258
-490.1584158415842,0.20463771832985853
-490.1386138613861,0.20725639277377228
-490.11881188118815,0.2096734876537355
-490.09900990099004,0.21188651623748192
-490.0792079207921,0.21389320282835741
-490.0594059405941,0.2156914840975647
-490.039603960396,0.21727951035352117
-490.01980198019805,0.21865564672693782
-489.99999999999994,0.2198184742540649
-489.980198019802,0.22076679084386233
-489.960396039604,0.2214996121175456
-489.94059405940595,0.2220161721114095
-489.92079207920796,0.2223159238356474
-489.90099009900985,0.2223985396840047
-489.8811881188119,0.22226391169048396
-489.8613861386138,0.22191215163097924
-489.84158415841586,0.2213435909691634
-489.82178217821786,0.2205587806474402
-489.8019801980198,0.21955849072516964
-489.7821782178218,0.21834370986803103
-489.7623762376237,0.21691564469400568
-489.74257425742576,0.2152757189832451
-489.72277227722776,0.2134255727614152
-489.7029702970297,0.2113670612682119
-489.6831683168317,0.2091022538258228
-489.66336633663366,0.20663343262545675
-489.64356435643566,0.2039630914539593
-489.62376237623755,0.20109393438779508
-489.6039603960396,0.19802887448769116
-489.5841584158416,0.19477103253481376
-489.56435643564356,0.19132373585918522
-489.54455445544556,0.18769051732312075
-489.5247524752475,0.18387511453820332
-489.5049504950495,0.17988146941427027
-489.4851485148515,0.17571372816545622
-489.46534653465346,0.17137624193220896
-489.44554455445547,0.16687356822430074
-489.4257425742574,0.16221047345013345
-489.4059405940594,0.15739193688026207
-489.38613861386136,0.1524231565045721
-489.36633663366337,0.14730955739740612
-489.34653465346537,0.14205680342005367
-489.3267326732673,0.1366708133945728
-489.3069306930693,0.1311577833190005
-489.28712871287127,0.12552421682690643
-489.26732673267327,0.11977696702919018
-489.24752475247533,0.11392329427799092
-489.2277227722772,0.10797094653557905
-489.2079207920792,0.10192827237042937
-489.18811881188117,0.09580438192014128
-489.16831683168317,0.08960937982568142
-489.1485148514851,0.08335470862365801
-489.1287128712871,0.07705366595706022
-489.1089108910892,0.07072220296039303
-489.08910891089107,0.06438019144797806
-489.0693069306931,0.05805349873414676
-489.049504950495,0.05177750247179194
-489.029702970297,0.045603261225095795
-489.0099009900991,0.03960871806918509
-488.990099009901,0.03391949231558911
-488.97029702970303,0.028746833618936807
-488.9504950495049,0.024447985437108015
-488.9306930693069,0.02157393291543082
-488.9108910891089,0.020739441090183355
-488.8910891089109,0.02217980327519806
-488.87128712871294,0.025508424955415873
-488.8514851485148,0.030095481262059447
-488.8316831683169,0.03544212207066334
-488.8118811881188,0.04123769399176961
-488.7920792079208,0.04729933381974381
-488.77227722772284,0.0535172635253278
-488.7524752475247,0.05982238530572014
-488.7326732673268,0.06616872596831701
-488.7128712871287,0.07252394098147805
-488.69306930693074,0.07886403927730042
-488.6732673267326,0.08517034902588705
-488.65346534653463,0.09142770941134422
-488.6336633663367,0.0976233565367301
-488.6138613861386,0.10374621594447081
-488.59405940594064,0.10978644109571074
-488.57425742574253,0.1157351050867818
-488.5544554455446,0.12158399043575306
-488.5346534653466,0.127325443179405
-488.5148514851485,0.13295227007995758
-488.49504950495054,0.13845766530917028
-488.47524752475243,0.14383515765169533
-488.4554455445545,0.14907857222311985
-488.4356435643564,0.15418200260370682
-488.41584158415844,0.15913979054227742
-488.39603960396045,0.16394651122389586
-488.37623762376234,0.16859696266623259
-488.3564356435644,0.17308615820433906
-488.3366336633663,0.17740932130014198
-488.31683168316835,0.1815618821096225
-488.29702970297035,0.18553947538199247
-488.2772277227723,0.1893379393678209
-488.2574257425743,0.19295331548887246
-488.2376237623762,0.1963818485783831
-488.21782178217825,0.19961998754281737
-488.19801980198014,0.2026643863278684
-488.1782178217822,0.20551190509600628
-488.1584158415842,0.2081596115415387
-488.13861386138615,0.21060478228378088
-488.11881188118815,0.21284490429045272
-488.09900990099004,0.21487767629231622
-488.0792079207921,0.21670101015739013
-488.0594059405941,0.21831303219886308
-488.03960396039605,0.21971208439544238
-488.01980198019805,0.22089672550690473
-488.0,0.221865732070673
-487.980198019802,0.22261809926803094
-487.9603960396039,0.22315304165085723
-487.94059405940595,0.22346999372182597
-487.92079207920796,0.2235686103626575
-487.9009900990099,0.2234487671068674
-487.8811881188119,0.22311056025463238
-487.86138613861385,0.22255430682919278
-487.84158415841586,0.22178054437531297
-487.82178217821786,0.2207900306019659
-487.8019801980198,0.21958374287284527
-487.7821782178218,0.21816287754993632
-487.76237623762376,0.21652884919713491
-487.74257425742576,0.21468328965304836
-487.7227722772277,0.2126280469842467
-487.7029702970297,0.21036518433316595
-487.6831683168317,0.20789697867797832
-487.66336633663366,0.20522591952574543
-487.64356435643566,0.20235470756486487
-487.6237623762376,0.19928625330888566
-487.6039603960396,0.1960236757708768
-487.5841584158416,0.19257030121696636
-487.56435643564356,0.18892966205927414
-487.54455445544556,0.18510549596335796
-487.5247524752475,0.18110174526460665
-487.5049504950495,0.17692255681306687
-487.48514851485146,0.1725722823989367
-487.46534653465346,0.1680554799544261
-487.44554455445547,0.1633769157857618
-487.4257425742574,0.1585415681673215
-487.4059405940594,0.15355463273662984
-487.38613861386136,0.14842153027604227
-487.36633663366337,0.1431479176720247
-487.34653465346537,0.13773970313272557
-487.3267326732673,0.13220306715907434
-487.3069306930693,0.126544491366849
-487.28712871287127,0.12077079814522938
-487.26732673267327,0.11488920546937136
-487.2475247524752,0.10890740321937006
-487.2277227722772,0.10283366052761655
-487.2079207920792,0.09667697872253055
-487.18811881188117,0.09044731265744022
-487.16831683168317,0.08415589695365305
-487.1485148514851,0.0778157372925206
-487.1287128712871,0.07144236867366634
-487.1089108910892,0.06505505889630499
-487.08910891089107,0.05867877967153919
-487.0693069306931,0.05234754887799566
-487.049504950495,0.04611031046660393
-487.029702970297,0.04004165644000293
-487.00990099009897,0.03426189878998965
-486.990099009901,0.028974382596905185
-486.97029702970303,0.0245274335037153
-486.9504950495049,0.02147295201395106
-486.9306930693069,0.020459195222546734
-486.9108910891089,0.02177768784134164
-486.8910891089109,0.025059278370011494
-486.87128712871294,0.02964969279472147
-486.8514851485148,0.035024569450219666
-486.8316831683169,0.0408592430517658
-486.8118811881188,0.04696448239333209
-486.7920792079208,0.0532277460123603
-486.7722772277227,0.05957873926680967
-486.7524752475247,0.06597096915417588
-486.7326732673268,0.07237186765687122
-486.7128712871287,0.0787573508272874
-486.69306930693074,0.08510871065010354
-486.6732673267326,0.09141077320653915
-486.65346534653463,0.09765076918905499
-486.6336633663367,0.10381761947986172
-486.6138613861386,0.10990147067263419
-486.59405940594064,0.11589338571964151
-486.57425742574253,0.12178513353268403
-486.5544554455446,0.1275690432896871
-486.5346534653466,0.13323790200855445
-486.5148514851485,0.13878488164121106
-486.49504950495054,0.14420348667683794
-486.47524752475243,0.14948751622728096
-486.4554455445545,0.15463103648828438
-486.4356435643564,0.15962836073099493
-486.41584158415844,0.16447403482045023
-486.39603960396045,0.1691628268300909
-486.37623762376234,0.17368971971638136
-486.3564356435644,0.17804990629411552
-486.3366336633663,0.1822387859488307
-486.31683168316835,0.18625196266387328
-486.29702970297035,0.19008524404167643
-486.2772277227723,0.19373464107425364
-486.2574257425743,0.19719636847350933
-486.2376237623762,0.20046684541383838
-486.21782178217825,0.2035426965712354
-486.19801980198014,0.20642075336697707
-486.1782178217822,0.2090980553429893
-486.1584158415842,0.21157185161002787
-486.13861386138615,0.21383960232142457
-486.11881188118815,0.21589898013383593
-486.09900990099004,0.21774787162384707
-486.0792079207921,0.219384378634668
-486.0594059405941,0.22080681953212197
-486.03960396039605,0.2220137303527021
-486.01980198019805,0.22300386582976253
-486.0,0.22377620028662132
-485.980198019802,0.22432992838735147
-485.9603960396039,0.22466446573842724
-485.94059405940595,0.22477944933572977
-485.92079207920796,0.224674737853298
-485.9009900990099,0.22435041177151105
-485.8811881188119,0.2238067733438659
-485.86138613861385,0.22304434640287343
-485.84158415841586,0.22206387600704905
-485.82178217821786,0.22086632793231045
-485.8019801980198,0.2194528880128639
-485.7821782178218,0.2178249613381498
-485.76237623762376,0.21598417131461692
-485.74257425742576,0.21393235860310425
-485.7227722772277,0.2116715799454732
-485.7029702970297,0.20920410689694377
-485.6831683168317,0.20653242448470258
-485.66336633663366,0.2036592298176185
-485.64356435643566,0.20058743067770207
-485.6237623762376,0.1973201441309326
-485.6039603960396,0.1938606952038278
-485.58415841584167,0.19021261568334483
-485.56435643564356,0.18637964311186345
-485.54455445544556,0.18236572006738014
-485.5247524752475,0.1781749938429026
-485.5049504950495,0.1738118166701627
-485.48514851485146,0.16928074667417156
-485.46534653465346,0.16458654980020085
-485.4455445544555,0.15973420302918614
-485.4257425742574,0.1547288992989477
-485.4059405940594,0.14957605468795931
-485.38613861386136,0.1442813186133362
-485.36633663366337,0.13885058806904643
-485.3465346534654,0.1332900273234674
-485.3267326732673,0.1276060950657197
-485.3069306930694,0.12180558183070882
-485.28712871287127,0.11589566179362691
-485.26732673267327,0.10988396494839565
-485.2475247524752,0.10377867868166572
-485.2277227722772,0.09758869252160282
-485.2079207920793,0.091323807607546
-485.18811881188117,0.08499504540574417
-485.1683168316832,0.07861511249821981
-485.1485148514851,0.07219911776857563
-485.1287128712871,0.06576571055839396
-485.1089108910892,0.05933894510625802
-485.08910891089107,0.05295144431982668
-485.06930693069313,0.04664997612083117
-485.049504950495,0.04050566275482229
-485.0297029702971,0.03463325162926895
-485.00990099009897,0.029227568660691008
-484.990099009901,0.024626547731611607
-484.97029702970303,0.02138033857445837
-484.9504950495049,0.020169968216093303
-484.930693069307,0.021350025351104886
-484.9108910891089,0.0245753132011257
-484.89108910891093,0.029165792645792662
-484.87128712871294,0.03456842221458389
-484.8514851485148,0.040442774131296405
-484.8316831683169,0.04659254216055924
-484.8118811881188,0.052902160882278566
-484.79207920792084,0.05930004697652242
-484.7722772277227,0.06573915814066177
-484.7524752475248,0.07218669626901596
-484.7326732673268,0.07861848601342326
-484.7128712871287,0.08501578710942605
-484.69306930693074,0.09136341681412692
-484.6732673267326,0.09764860428589221
-484.6534653465347,0.10386026901344404
-484.6336633663367,0.1099885533769209
-484.61386138613864,0.11602451229317248
-484.59405940594064,0.12195990271497058
-484.57425742574253,0.12778703822736792
-484.5544554455446,0.13349868705815088
-484.5346534653465,0.1390879996399198
-484.51485148514854,0.14454845666051064
-484.49504950495054,0.14987383155415168
-484.4752475247525,0.15505816332130515
-484.4554455445545,0.16009573683288156
-484.4356435643564,0.16498106861987627
-484.41584158415844,0.16970889672265208
-484.39603960396045,0.17427417356910566
-484.3762376237624,0.17867206112693174
-484.3564356435644,0.18289792777064584
-484.33663366336634,0.1869473464442827
-484.31683168316835,0.1908160938024078
-484.29702970297024,0.19450015008678925
-484.2772277227723,0.19799569955147872
-484.2574257425743,0.2012991312903349
-484.23762376237624,0.2044070403526229
-484.21782178217825,0.20731622905605362
-484.1980198019802,0.21002370842502932
-484.1782178217822,0.21252669969619062
-484.1584158415842,0.214822635844612
-484.13861386138615,0.21690916309260386
-484.11881188118815,0.21878414237026153
-484.0990099009901,0.2204456507026
-484.0792079207921,0.22189198250248093
-484.05940594059405,0.2231216507525075
-484.03960396039605,0.22413338806204053
-484.01980198019805,0.22492614758820761
-484.0,0.22549910381190494
-483.980198019802,0.22585165316178
-483.96039603960395,0.22598341448099846
-483.94059405940595,0.22589422933289674
-483.92079207920796,0.22558416214332316
-483.9009900990099,0.22505350017874612
-483.8811881188119,0.2243027533603984
-483.86138613861385,0.22333265391650167
-483.84158415841586,0.2221441558754149
-483.8217821782178,0.22073843440481938
-483.8019801980198,0.2191168850029359
-483.7821782178218,0.21728112255037352
-483.76237623762376,0.21523298023280793
-483.74257425742576,0.21297450834753004
-483.7227722772277,0.21050797300974267
-483.7029702970297,0.20783585477819477
-483.6831683168317,0.2049608472239539
-483.66336633663366,0.20188585547170843
-483.64356435643566,0.1986139947494399
-483.6237623762376,0.19514858899101695
-483.6039603960396,0.19149316954648665
-483.58415841584156,0.18765147406884522
-483.56435643564356,0.18362744566311762
-483.54455445544556,0.17942523240653852
-483.5247524752475,0.17504918737820416
-483.5049504950495,0.17050386937586923
-483.48514851485146,0.16579404454995036
-483.46534653465346,0.16092468925539538
-483.4455445544555,0.15590099451849893
-483.4257425742574,0.15072837264781552
-483.4059405940594,0.14541246670328423
-483.38613861386136,0.13995916379788495
-483.36633663366337,0.13437461357847152
-483.3465346534653,0.12866525377267196
-483.3267326732673,0.12283784548463496
-483.3069306930694,0.11689952211491779
-483.28712871287127,0.11085785759990728
-483.26732673267327,0.1047209624989318
-483.2475247524752,0.098497620963084
-483.2277227722772,0.09219748895747328
-483.2079207920793,0.08583138636885117
-483.18811881188117,0.07941173670017554
-483.1683168316832,0.07295324538481648
-483.1485148514851,0.06647397611550594
-483.1287128712871,0.05999711422693682
-483.10891089108907,0.0535539609527308
-483.08910891089107,0.04718921984050048
-483.06930693069313,0.040970710416413335
-483.049504950495,0.035007841504413176
-483.0297029702971,0.029487111254281127
-483.00990099009897,0.024735748284677273
-482.990099009901,0.021300228813557868
-482.97029702970303,0.01989154762226454
-482.9504950495049,0.02092942742840953
-482.930693069307,0.024097050919396033
-482.9108910891089,0.028688422794132203
-482.89108910891093,0.034120259615235876
-482.8712871287128,0.04003568080406013
-482.8514851485148,0.04623116101832221
-482.8316831683169,0.05258813063093632
-482.8118811881188,0.05903376500999916
-482.79207920792084,0.0655205135313585
-482.7722772277227,0.07201537787776334
-482.7524752475248,0.07849411198796848
-482.7326732673268,0.08493795746459029
-482.7128712871287,0.09133173235930725
-482.69306930693074,0.09766267086718305
-482.6732673267326,0.10391969558071039
-482.6534653465347,0.1100929477391266
-482.6336633663366,0.11617347630569526
-482.61386138613864,0.1221530276579777
-482.59405940594064,0.12802390067389469
-482.57425742574253,0.1337788453173347
-482.5544554455446,0.13941099076527716
-482.5346534653465,0.14491379397458903
-482.51485148514854,0.15028100262866584
-482.49504950495054,0.15550662835216877
-482.4752475247525,0.16058492735480404
-482.4554455445545,0.16551038651219355
-482.4356435643564,0.17027771346504786
-482.41584158415844,0.17488182971255556
-482.39603960396033,0.17931786595053859
-482.3762376237624,0.18358115910015443
-482.3564356435644,0.1876672506117825
-482.33663366336634,0.19157188573023448
-482.31683168316835,0.19529101348125094
-482.29702970297024,0.1988207871942118
-482.2772277227723,0.20215756541712016
-482.2574257425743,0.2052979131107782
-482.23762376237624,0.20823860303276143
-482.21782178217825,0.21097661724016673
-482.1980198019802,0.21350914865376855
-482.1782178217822,0.21583360263776766
-482.1584158415841,0.21794759855758755
-482.13861386138615,0.21984897128534786
-482.11881188118815,0.22153577262807891
-482.0990099009901,0.22300627265838416
-482.0792079207921,0.22425896093074524
-482.05940594059405,0.2252925475699264
-482.03960396039605,0.22610596422044643
-482.01980198019805,0.22669836484815012
-482.0,0.22706912638707707
-481.980198019802,0.227217849226257
-481.96039603960395,0.22714435753264295
-481.94059405940595,0.22684869940794045
-481.9207920792079,0.22633114687821937
-481.9009900990099,0.225592195716649
-481.8811881188119,0.22463256510101082
-481.86138613861385,0.22345319710892642
-481.84158415841586,0.2220552560552545
-481.8217821782178,0.22044012767787
-481.8019801980198,0.21860941817951718
-481.78217821782187,0.2165649531357641
-481.76237623762376,0.21430877628154252
-481.74257425742576,0.21184314819128203
-481.7227722772277,0.2091705448714248
-481.7029702970297,0.2062936562881663
-481.68316831683165,0.20321538485830926
-481.66336633663366,0.1999388439376462
-481.6435643564357,0.19646735634913878
-481.6237623762376,0.19280445300341073
-481.6039603960396,0.1889538716767722
-481.58415841584156,0.18491955602883658
-481.56435643564356,0.18070565496297436
-481.5445544554456,0.17631652246144064
-481.5247524752475,0.17175671806389936
-481.50495049504957,0.1670310082079359
-481.48514851485146,0.1621443687170968
-481.46534653465346,0.15710198881295692
-481.4455445544554,0.15190927715326674
-481.4257425742574,0.14657187057274576
-481.4059405940595,0.1410956464493595
-481.38613861386136,0.1354867399708699
-481.3663366336634,0.12975156808658966
-481.3465346534653,0.12389686268089162
-481.3267326732673,0.1179297166301949
-481.3069306930694,0.11185764812196047
-481.28712871287127,0.10568869128454933
-481.2673267326733,0.09943152542301072
-481.2475247524752,0.09309566206778647
-481.2277227722773,0.08669172059041144
-481.20792079207916,0.0802318429841614
-481.18811881188117,0.07373033358027133
-481.1683168316832,0.06720467393894977
-481.1485148514851,0.06067718563734209
-481.1287128712872,0.054177855195597244
-481.10891089108907,0.047749328909963806
-481.0891089108911,0.04145612124379371
-481.06930693069313,0.03540224989451955
-481.049504950495,0.029765629089619574
-481.0297029702971,0.024861833830277843
-481.00990099009897,0.021231172316867938
-480.99009900990103,0.01961227796279051
-480.9702970297029,0.020494910839149578
-480.950495049505,0.023597810926132633
-480.930693069307,0.028188328910043567
-480.9108910891089,0.03364986890539843
-480.89108910891093,0.03960750421618695
-480.8712871287128,0.04584994043956236
-480.8514851485149,0.05225544823752359
-480.8316831683169,0.05874993142771405
-480.81188118811883,0.0652853365436648
-480.79207920792084,0.07182847837054751
-480.7722772277227,0.07835505313268872
-480.7524752475248,0.08484629501976074
-480.7326732673267,0.09128703121645258
-480.71287128712873,0.09766450728999619
-480.69306930693074,0.10396765370216224
-480.6732673267327,0.11018661411774773
-480.6534653465347,0.11631243420407975
-480.6336633663366,0.12233685173184364
-480.61386138613864,0.12825215231502385
-480.59405940594064,0.1340510686939875
-480.5742574257426,0.13972670951943889
-480.5544554455446,0.14527250850469312
-480.53465346534654,0.1506821878803743
-480.51485148514854,0.15594973204440632
-480.49504950495043,0.16106936857652399
-480.4752475247525,0.1660355546347545
-480.4554455445545,0.17084296732382187
-480.43564356435644,0.17548649701892277
-480.41584158415844,0.17996124290227922
-480.3960396039604,0.18426251016338877
-480.3762376237624,0.1883858084523462
-480.3564356435644,0.19232685127601745
-480.33663366336634,0.1960815560999555
-480.31683168316835,0.19964604497360558
-480.2970297029703,0.2030166455366728
-480.2772277227723,0.206189892295347
-480.25742574257424,0.2091625280803383
-480.23762376237624,0.21193150561656535
-480.21782178217825,0.21449398914834833
-480.1980198019802,0.21684735607468508
-480.1782178217822,0.2189891985579733
-480.15841584158414,0.2209173250759562
-480.13861386138615,0.22262976189270353
-480.11881188118815,0.22412475442826066
-480.0990099009901,0.22540076851077984
-480.0792079207921,0.22645649149753425
-480.05940594059405,0.2272908332540021
-480.03960396039605,0.22790292698223194
-480.019801980198,0.2282921298916517
-480.0,0.2284580237069639
-479.98019801980195,0.22840041500951513
-479.96039603960395,0.22811933540965434
-479.94059405940595,0.22761504154902737
-479.92079207920796,0.22688801493304503
-479.9009900990099,0.22593896159492824
-479.8811881188119,0.2247688115942109
-479.86138613861385,0.22337871835393944
-479.8415841584158,0.22177005784229356
-479.82178217821786,0.21994442760622893
-479.8019801980198,0.2179036456665947
-479.7821782178218,0.21564974928661626
-479.76237623762376,0.21318499362825258
-479.74257425742576,0.21051185031430675
-479.7227722772277,0.20763300591815914
-479.7029702970297,0.2045513604078343
-479.6831683168317,0.2012700255772194
-479.66336633663366,0.1977923235048705
-479.64356435643566,0.19412178509052513
-479.6237623762376,0.1902621487315642
-479.6039603960396,0.18621735921755536
-479.5841584158416,0.18199156694144672
-479.56435643564356,0.17758912755276451
-479.54455445544556,0.17301460221348125
-479.5247524752475,0.16827275866445485
-479.5049504950495,0.16336857337377095
-479.48514851485146,0.15830723512476086
-479.46534653465346,0.1530941505202591
-479.44554455445547,0.14773495204508852
-479.4257425742574,0.14223550956192946
-479.4059405940594,0.1366019464487308
-479.38613861386136,0.13084066206841222
-479.36633663366337,0.12495836297199114
-479.34653465346537,0.11896210629960646
-479.3267326732673,0.11285936046487739
-479.3069306930693,0.10665809072883893
-479.28712871287127,0.10036688127556143
-479.26732673267327,0.09399511192043154
-479.2475247524752,0.08755321846914521
-479.2277227722773,0.08105308445432595
-479.2079207920792,0.07450864514439287
-479.18811881188117,0.06793684555722498
-479.16831683168317,0.06135920997001285
-479.1485148514851,0.05480450932990137
-479.1287128712871,0.04831348319637312
-479.1089108910891,0.04194756955815986
-479.0891089108911,0.035805724922671055
-479.0693069306931,0.030057655352042727
-479.049504950495,0.025007260618617164
-479.029702970297,0.02118683393796975
-479.00990099009897,0.019358451290547002
-478.99009900990103,0.020082167099803518
-478.970297029703,0.02311787147097795
-478.950495049505,0.027707319433805753
-478.9306930693069,0.03319921456839967
-478.9108910891089,0.039199864835770495
-478.8910891089109,0.04549002674816022
-478.8712871287129,0.05194479634817944
-478.8514851485149,0.05848882282531995
-478.83168316831683,0.06507356619669805
-478.81188118811883,0.07166566510168444
-478.7920792079208,0.0782407641471651
-478.7722772277227,0.08478009311836371
-478.7524752475248,0.09126848944866832
-478.73267326732673,0.0976932100777577
-478.71287128712873,0.10404319269950173
-478.6930693069307,0.11030858241651217
-478.6732673267327,0.11648042043203534
-478.65346534653463,0.12255043466132581
-478.63366336633663,0.12851089618329936
-478.61386138613864,0.1343545192538767
-478.5940594059406,0.14007439076459494
-478.5742574257426,0.14566391998924605
-478.55445544554453,0.15111680255044097
-478.53465346534654,0.15642699450547418
-478.51485148514854,0.1615886937307535
-478.4950495049505,0.16659632663214805
-478.4752475247525,0.17144453878043905
-478.45544554455444,0.1761281884633763
-478.43564356435644,0.18064234241841143
-478.4158415841584,0.18498227320257837
-478.39603960396045,0.18914345779350328
-478.3762376237624,0.19312157711490174
-478.35643564356434,0.19691251625259862
-478.33663366336634,0.20051236518102722
-478.3168316831683,0.20391741985999576
-478.2970297029703,0.20712418359215784
-478.2772277227723,0.21012936855425857
-478.2574257425743,0.21292989743334445
-478.23762376237624,0.2155229051123669
-478.2178217821782,0.21790574036072563
-478.1980198019802,0.2200759674934239
-478.17821782178214,0.22203136796939124
-478.1584158415842,0.22376994190483065
-478.13861386138615,0.22528990948188554
-478.11881188118815,0.22658971223626426
-478.0990099009901,0.22766801421084984
-478.07920792079204,0.22852370296425123
-478.05940594059405,0.22915589042583695
-478.03960396039605,0.22956391359033165
-478.01980198019805,0.22974733504679304
-478.0,0.2297059433381815
-477.980198019802,0.22943975314911613
-477.96039603960395,0.22894900532066337
-477.9405940594059,0.22823416669223223
-477.92079207920796,0.22729592977193921
-477.9009900990099,0.22613521223802732
-477.8811881188119,0.2247531562753587
-477.86138613861385,0.2231511277525089
-477.84158415841586,0.22133071524653805
-477.8217821782178,0.2192937289245251
-477.8019801980198,0.21704219929324167
-477.7821782178218,0.21457837583069647
-477.76237623762376,0.21190472551669798
-477.74257425742576,0.20902393128323168
-477.7227722772277,0.20593889041006466
-477.7029702970297,0.20265271289693693
-477.6831683168317,0.19916871985076884
-477.66336633663366,0.19549044193546714
-477.64356435643566,0.19162161794366245
-477.6237623762376,0.18756619356443413
-477.6039603960396,0.18332832044068553
-477.58415841584156,0.17891235563498328
-477.5643564356436,0.1743228616561756
-477.54455445544556,0.16956460724376413
-477.5247524752475,0.16464256916683545
-477.5049504950495,0.1595619353759304
-477.48514851485146,0.15432810995853122
-477.46534653465346,0.14894672050459723
-477.44554455445547,0.1434236287085167
-477.42574257425747,0.13776494534743655
-477.4059405940594,0.13197705123034967
-477.38613861386136,0.12606662638073177
-477.36633663366337,0.12004069071538725
-477.3465346534653,0.11390666100559209
-477.3267326732674,0.10767243127459086
-477.3069306930693,0.1013464875458877
-477.2871287128713,0.09493807397395633
-477.26732673267327,0.08845743760127779
-477.2475247524752,0.08191619653117345
-477.2277227722772,0.07532790741508787
-477.2079207920792,0.06870896524560714
-477.1881188118812,0.06208007722269029
-477.16831683168317,0.05546876812339936
-477.1485148514852,0.048913819776837446
-477.1287128712871,0.04247349955885957
-477.10891089108907,0.03624150475698983
-477.0891089108911,0.030378854166044814
-477.0693069306931,0.025176505868931325
-477.0495049504951,0.021155749866886408
-477.029702970297,0.019099010420016913
-477.009900990099,0.019642748975617828
-476.990099009901,0.02259899316966139
-476.970297029703,0.027183567766336257
-476.950495049505,0.0327057975756184
-476.9306930693069,0.03875067620545778
-476.91089108910893,0.045090089560856826
-476.8910891089109,0.05159566801849605
-476.8712871287129,0.05819072519163107
-476.8514851485149,0.06482622065235856
-476.83168316831683,0.07146862297424889
-476.81188118811883,0.07809353584814072
-476.7920792079208,0.08468219510829163
-476.7722772277228,0.09121945731624667
-476.7524752475247,0.09769259793805918
-476.73267326732673,0.10409056753035341
-476.71287128712873,0.11040351701487802
-476.6930693069307,0.11662248651688088
-476.6732673267327,0.12273919669802667
-476.65346534653463,0.12874590608732586
-476.63366336633663,0.13463531195560752
-476.61386138613864,0.14040048055008203
-476.5940594059406,0.14603479751407145
-476.5742574257426,0.151531932426531
-476.55445544554453,0.15688581337183408
-476.53465346534654,0.1620906087317721
-476.51485148514854,0.16714071423975013
-476.49504950495054,0.1720307439072545
-476.4752475247525,0.17675552382348145
-476.45544554455444,0.18131008809995294
-476.43564356435644,0.18568967642282821
-476.4158415841584,0.18988973281215082
-476.39603960396045,0.19390590528549265
-476.3762376237624,0.19773404619545587
-476.3564356435644,0.20137021306356243
-476.33663366336634,0.2048106697727777
-476.3168316831683,0.20805188801058516
-476.2970297029703,0.21109054887748585
-476.2772277227723,0.21392354459291324
-476.2574257425743,0.21654798024424998
-476.23762376237624,0.21896117553514752
-476.21782178217825,0.22116066649739818
-476.1980198019802,0.22314420713760477
-476.17821782178214,0.22490977099472992
-476.1584158415842,0.226455552589243
-476.13861386138615,0.22777996874786577
-476.11881188118815,0.22888165979089614
-476.0990099009901,0.22975949057149894
-476.0792079207921,0.230412551358443
-476.05940594059405,0.23084015855550438
-476.03960396039605,0.2310418552523741
-476.01980198019805,0.2310174116032828
-476.0,0.23076682503091844
-475.980198019802,0.23029032025438906
-475.96039603960395,0.22958834914125978
-475.94059405940595,0.22866159038477257
-475.92079207920796,0.22751094900881066
-475.9009900990099,0.2261375557042394
-475.8811881188119,0.2245427660019166
-475.86138613861385,0.2227281592891211
-475.84158415841586,0.22069553767802422
-475.8217821782178,0.21844692473692792
-475.8019801980198,0.21598456409755984
-475.7821782178218,0.2133109179544946
-475.76237623762376,0.21042866547664768
-475.74257425742576,0.2073407011550221
-475.7227722772277,0.20405013311641443
-475.7029702970297,0.20056028143960974
-475.6831683168317,0.19687467651934235
-475.66336633663366,0.19299705753412114
-475.64356435643566,0.1889313710882543
-475.6237623762376,0.1846817701166929
-475.6039603960396,0.18025261316519936
-475.58415841584156,0.1756484641898461
-475.5643564356436,0.17087409306202078
-475.54455445544556,0.16593447702142072
-475.5247524752475,0.16083480339650869
-475.5049504950495,0.15558047401725889
-475.48514851485146,0.15017711189200664
-475.46534653465346,0.14463057092649845
-475.44554455445547,0.1389469497583006
-475.42574257425747,0.13313261120608255
-475.4059405940594,0.12719420946078983
-475.38613861386136,0.12113872808323435
-475.36633663366337,0.11497353330074075
-475.3465346534653,0.10870644931295756
-475.3267326732674,0.10234586583761232
-475.3069306930693,0.09590089384984005
-475.2871287128713,0.0893815950188962
-475.26732673267327,0.08279932674950807
-475.2475247524752,0.07616727381723004
-475.2277227722772,0.06950129098030144
-475.2079207920792,0.06282128278636018
-475.1881188118812,0.056153549148071864
-475.16831683168317,0.04953494477488376
-475.1485148514852,0.043020605402607666
-475.1287128712871,0.036698995078563876
-475.10891089108907,0.03072234400458714
-475.0891089108911,0.025367969176357027
-475.0693069306931,0.02114354055963193
-475.0495049504951,0.018847242260650814
-475.029702970297,0.019194766988527335
-475.009900990099,0.022061154161376162
-474.990099009901,0.02663746455028317
-474.970297029703,0.03218969338254154
-474.950495049505,0.03827934457243032
-474.9306930693069,0.04466871371063667
-474.91089108910893,0.05122577166292418
-474.8910891089109,0.05787245887126235
-474.8712871287129,0.06455923866279296
-474.8514851485149,0.07125242234722293
-474.83168316831683,0.07792758506986872
-474.81188118811883,0.08456597868034639
-474.7920792079208,0.09115248642589975
-474.7722772277228,0.09767440789486213
-474.7524752475247,0.10412071060698606
-474.7326732673268,0.11048155428875082
-474.71287128712873,0.1167479801464162
-474.6930693069307,0.1229117031325743
-474.6732673267327,0.12896497031125126
-474.65346534653463,0.1349004627065148
-474.63366336633663,0.14071122639628464
-474.61386138613864,0.1463906236666996
-474.59405940594064,0.15193229817081072
-474.5742574257426,0.15733015001708467
-474.55445544554453,0.16257831799573264
-474.53465346534654,0.16767116699723528
-474.5148514851485,0.17260327924595947
-474.49504950495054,0.177369448360014
-474.4752475247525,0.18196467551780554
-474.4554455445545,0.18638416720095982
-474.43564356435644,0.1906233341184302
-474.4158415841584,0.19467779101371355
-474.3960396039604,0.19854335712833168
-474.3762376237624,0.20221605714696966
-474.3564356435644,0.20569212248889207
-474.33663366336634,0.20896799283951348
-474.31683168316835,0.21204031783838914
-474.2970297029703,0.21490595885701017
-474.27722772277224,0.21756199081310681
-474.2574257425743,0.22000570397827465
-474.23762376237624,0.22223460574419696
-474.21782178217825,0.2242464223188596
-474.1980198019802,0.2260391003296525
-474.1782178217822,0.22761080831410804
-474.15841584158414,0.22895993808280837
-474.13861386138615,0.23008510594146242
-474.11881188118815,0.2309851537619304
-474.0990099009901,0.23165914989355468
-474.0792079207921,0.2321063899082764
-474.05940594059405,0.23232639717438563
-474.03960396039605,0.2323189232550717
-474.01980198019805,0.2320839481293935
-474.0,0.2316216802343334
-473.980198019802,0.23093255632786494
-473.96039603960395,0.23001724117406377
-473.94059405940595,0.22887662705257006
-473.9207920792079,0.22751183309590964
-473.90099009900996,0.22592420445961384
-473.8811881188119,0.22411531133157492
-473.86138613861385,0.22208694778887586
-473.84158415841586,0.21984113051227958
-473.8217821782178,0.21738009737098268
-473.8019801980198,0.21470630589304937
-473.7821782178218,0.21182243164047537
-473.7623762376238,0.2087313665117962
-473.74257425742576,0.2054362170006354
-473.7227722772277,0.20194030244486172
-473.7029702970297,0.19824715330930134
-473.68316831683165,0.19436050955534148
-473.6633663366337,0.1902843191640571
-473.64356435643566,0.18602273689687515
-473.62376237623766,0.1815801234003437
-473.6039603960396,0.17696104479124897
-473.58415841584156,0.17217027289815
-473.56435643564356,0.1672127863885549
-473.54455445544556,0.1620937730833635
-473.52475247524757,0.15681863385967965
-473.5049504950495,0.15139298868125187
-473.4851485148515,0.14582268549005054
-473.46534653465346,0.1401138129700064
-473.4455445544554,0.1342727185946433
-473.42574257425747,0.1283060339597369
-473.4059405940594,0.12222071028267521
-473.3861386138614,0.11602406828983332
-473.36633663366337,0.10972386879321408
-473.34653465346537,0.10332841355738495
-473.3267326732673,0.09684669141912482
-473.3069306930693,0.09028859356577898
-473.2871287128713,0.08366523723499285
-473.26732673267327,0.07698946432475914
-473.2475247524753,0.07027663140497528
-473.2277227722772,0.06354590308292996
-473.2079207920792,0.05682245074803578
-473.1881188118812,0.05014135429726784
-473.16831683168317,0.04355486392372219
-473.1485148514852,0.03714660744804439
-473.1287128712871,0.031060619079167257
-473.1089108910891,0.025561164732593126
-473.08910891089107,0.02114160482821066
-473.0693069306931,0.018611697792042022
-473.0495049504951,0.01876406298728524
-473.029702970297,0.02154220132611612
-473.009900990099,0.026113602804498426
-472.990099009901,0.031699052837146885
-472.970297029703,0.037835958485966534
-472.950495049505,0.04427713204378716
-472.9306930693069,0.05088708717082801
-472.91089108910893,0.05758654360307638
-472.8910891089109,0.06432556683213626
-472.8712871287129,0.07107037223769737
-472.8514851485148,0.07779654467915507
-472.8316831683169,0.08448537618513915
-472.81188118811883,0.09112179217683143
-472.7920792079208,0.09769312642311748
-472.7722772277228,0.10418836999819991
-472.7524752475247,0.11059769576600662
-472.73267326732673,0.11691214884653633
-472.71287128712873,0.12312344030198977
-472.69306930693074,0.1292238068534312
-472.6732673267327,0.13520591391481343
-472.65346534653463,0.14106278768897687
-472.63366336633663,0.14678776715515743
-472.6138613861386,0.1523744699156866
-472.59405940594064,0.15781676785195925
-472.5742574257426,0.163108769820127
-472.5544554455446,0.16824480945960954
-472.53465346534654,0.17321943675260892
-472.5148514851485,0.17802741235833863
-472.4950495049505,0.18266370401209442
-472.4752475247525,0.18712348446702454
-472.4554455445545,0.1914021305893462
-472.43564356435644,0.19549522331413063
-472.41584158415844,0.199398548238671
-472.3960396039604,0.2031080966821227
-472.37623762376234,0.20662006707839983
-472.3564356435644,0.20993086659834106
-472.33663366336634,0.21303711291910213
-472.31683168316835,0.2159356360753677
-472.2970297029703,0.2186234803402425
-472.2772277227723,0.22109790609348481
-472.25742574257424,0.22335639164302107
-472.23762376237624,0.2253966349718167
-472.21782178217825,0.2272165553872916
-472.1980198019802,0.22881429505456508
-472.1782178217822,0.23018822039824452
-472.15841584158414,0.23133692336007503
-472.13861386138615,0.23225922250231454
-472.11881188118815,0.23295416394843016
-472.0990099009901,0.23342102215458155
-472.0792079207921,0.23365930050689157
-472.05940594059405,0.23366873174059746
-472.03960396039605,0.23344927817877528
-472.019801980198,0.23300113178915258
-472.0,0.23232471405896823
-471.980198019802,0.23142067568870914
-471.96039603960395,0.23028989610688907
-471.94059405940595,0.22893348280915798
-471.9207920792079,0.22735277052648786
-471.9009900990099,0.22554932022850185
-471.8811881188119,0.22352491796968896
-471.86138613861385,0.22128157358839332
-471.84158415841586,0.21882151927048915
-471.8217821782178,0.21614720799236467
-471.8019801980198,0.21326131186134548
-471.78217821782175,0.21016672037532733
-471.7623762376238,0.2068665386286177
-471.74257425742576,0.20336408549694432
-471.7227722772277,0.19966289184236086
-471.7029702970297,0.19576669878873335
-471.68316831683165,0.19167945613092657
-471.66336633663366,0.18740532095732723
-471.64356435643566,0.182948656586494
-471.62376237623766,0.1783140319469143
-471.6039603960396,0.17350622156629933
-471.58415841584156,0.16853020638686755
-471.56435643564356,0.16339117569139397
-471.5445544554455,0.1580945305184321
-471.52475247524757,0.1526458890749641
-471.5049504950495,0.14705109483766882
-471.4851485148515,0.14131622829443516
-471.46534653465346,0.1354476236544527
-471.4455445544554,0.12945189240836022
-471.4257425742574,0.12333595644574805
-471.4059405940594,0.11710709469346944
-471.3861386138614,0.1107730091868116
-471.36633663366337,0.10434191957516549
-471.34653465346537,0.09782270008081609
-471.3267326732673,0.09122508129432831
-471.30693069306926,0.08455995354672188
-471.2871287128713,0.07783983404718223
-471.26732673267327,0.07107960671713962
-471.2475247524753,0.064297732947707
-471.2277227722772,0.057518309586499644
-471.2079207920792,0.05077472226759589
-471.18811881188117,0.044116455097917354
-471.16831683168317,0.03762246433349295
-471.1485148514852,0.03142874395938335
-471.1287128712871,0.025786294013265265
-471.1089108910891,0.021172175919057
-471.08910891089107,0.018402235747143014
-471.0693069306931,0.018345220974710537
-471.0495049504951,0.021024328449392296
-471.029702970297,0.025586928690385695
-471.009900990099,0.03120501679156113
-470.990099009901,0.03738970047757347
-470.970297029703,0.043883560479702474
-470.9504950495049,0.050547425661241055
-470.930693069307,0.057300723600340615
-470.91089108910893,0.06409309724688837
-470.8910891089109,0.07089065598637626
-470.8712871287129,0.07766898920779536
-470.8514851485148,0.0844094257052039
-470.83168316831683,0.09109693039483209
-470.81188118811883,0.09771886891862046
-470.79207920792084,0.10426425383175063
-470.7722772277228,0.11072326923664269
-470.7524752475247,0.11708696241096853
-470.73267326732673,0.12334703889215862
-470.7128712871287,0.12949572352929217
-470.69306930693074,0.135525664688887
-470.6732673267327,0.14142986734142296
-470.6534653465347,0.14720164587198037
-470.63366336633663,0.15283459060630936
-470.6138613861386,0.15832254402713755
-470.5940594059406,0.16365958393312918
-470.5742574257426,0.1688400116322063
-470.5544554455446,0.17385834382276558
-470.53465346534654,0.17870930719866676
-470.51485148514854,0.18338783507808293
-470.4950495049505,0.18788906554152904
-470.47524752475243,0.19220834069630996
-470.4554455445545,0.19634120677930736
-470.43564356435644,0.20028341487896364
-470.41584158415844,0.2040309221083541
-470.3960396039604,0.20757989309877803
-470.3762376237624,0.2109267017119532
-470.35643564356434,0.2140679328902863
-470.33663366336634,0.21700038458119902
-470.31683168316835,0.2197210696843583
-470.2970297029703,0.22222721798038642
-470.2772277227723,0.22451627800762383
-470.25742574257424,0.22658591885957263
-470.23762376237624,0.22843403188072336
-470.21782178217825,0.23005873224239373
-470.1980198019802,0.23145836038345102
-470.1782178217822,0.23263148330372616
-470.15841584158414,0.23357689569983522
-470.13861386138615,0.23429362093541722
-470.1188118811881,0.23478091183918467
-470.09900990099015,0.23503825132580017
-470.0792079207921,0.2350653528358652
-470.05940594059405,0.2348621605924794
-470.03960396039605,0.2344288496730755
-470.019801980198,0.2337658258960751
-470.0,0.23287372552342334
-469.980198019802,0.2317534147807737
-469.960396039604,0.230405989198497
-469.94059405940595,0.22883277277794034
-469.9207920792079,0.2270353169886655
-469.9009900990099,0.22501539960419734
-469.88118811881185,0.2227750233853758
-469.8613861386139,0.22031641462280888
-469.84158415841586,0.21764202155233794
-469.82178217821786,0.2147545126605833
-469.8019801980198,0.21165677490137266
-469.78217821782175,0.20835191184851126
-469.76237623762376,0.2048432418162467
-469.74257425742576,0.20113429598589752
-469.72277227722776,0.19722881658658728
-469.7029702970297,0.19313075518980669
-469.6831683168317,0.1888442711928199
-469.66336633663366,0.18437373058623088
-469.6435643564356,0.17972370512711258
-469.62376237623766,0.17489897207448574
-469.6039603960396,0.16990451469084872
-469.5841584158416,0.16474552377760898
-469.56435643564356,0.15942740059992241
-469.54455445544556,0.15395576167811306
-469.5247524752475,0.14833644609432128
-469.5049504950495,0.14257552620639052
-469.4851485148515,0.13667932301345792
-469.46534653465346,0.13065442793447204
-469.44554455445547,0.12450773353173024
-469.4257425742574,0.11824647688376229
-469.4059405940594,0.11187830112797602
-469.3861386138614,0.10541134357172158
-469.36633663366337,0.09885436344007928
-469.34653465346537,0.09221693010878572
-469.3267326732673,0.08550970601602742
-469.3069306930693,0.07874488209023507
-469.28712871287127,0.07193686695008161
-469.26732673267327,0.06510341410269053
-469.2475247524753,0.05826753701230472
-469.2277227722772,0.05146090865666753
-469.2079207920792,0.04473020436462412
-469.18811881188117,0.03814959720180907
-469.16831683168317,0.03184671246482139
-469.1485148514852,0.0260582269401004
-469.1287128712871,0.02124158149948818
-469.1089108910891,0.01821180532368965
-469.08910891089107,0.017914682108184102
-469.0693069306931,0.020471529457713866
-469.049504950495,0.025015287724619237
-469.0297029702971,0.030662730721145164
-469.009900990099,0.03689441548783678
-468.990099009901,0.04344108644896732
-468.970297029703,0.05015932891139075
-468.9504950495049,0.05696707533086375
-468.9306930693069,0.06381346735629001
-468.91089108910893,0.0706644758939373
-468.89108910891093,0.07749568078681963
-468.8712871287129,0.08428844125306825
-468.8514851485148,0.09102775874166515
-468.83168316831683,0.09770102931181883
-468.8118811881188,0.10429728621178219
-468.79207920792084,0.11080672427631212
-468.7722772277228,0.11722039253615908
-468.7524752475248,0.12352999061780247
-468.73267326732673,0.12972773109370056
-468.7128712871287,0.13580624484548107
-468.6930693069307,0.14175851513747476
-468.6732673267327,0.14757783125198481
-468.6534653465347,0.1532577556984495
-468.63366336633663,0.1587921009945024
-468.61386138613864,0.16417491329259543
-468.5940594059406,0.16940046096241893
-468.57425742574253,0.1744632267976343
-468.5544554455446,0.17935790289511075
-468.53465346534654,0.18407938751644276
-468.51485148514854,0.18862278342505193
-468.4950495049505,0.19298339732228753
-468.4752475247525,0.19715674009919537
-468.45544554455444,0.20113852768910506
-468.43564356435644,0.20492468235576483
-468.41584158415844,0.20851133428916838
-468.3960396039604,0.21189482340913604
-468.3762376237624,0.21507170129768335
-468.35643564356434,0.2180387331976456
-468.33663366336634,0.22079290002721613
-468.31683168316835,0.2233314003700971
-468.2970297029703,0.22565165240839505
-468.2772277227723,0.22775129577143371
-468.25742574257424,0.2296281932787296
-468.23762376237624,0.23128043255902986
-468.2178217821782,0.2327063275307132
-468.1980198019802,0.2339044197313883
-468.1782178217822,0.2348734794867879
-468.15841584158414,0.23561250691094782
-468.13861386138615,0.2361207327312233
-468.1188118811881,0.236397618933175
-468.0990099009901,0.23644285922167815
-468.0792079207921,0.2362563792955912
-468.05940594059405,0.23583833693470874
-468.03960396039605,0.23518912189852437
-468.019801980198,0.23430935563753522
-468.0,0.23319989081887502
-467.98019801980195,0.23186181066918063
-467.960396039604,0.23029642813879198
-467.94059405940595,0.22850528489277339
-467.9207920792079,0.22649015013582227
-467.9009900990099,0.22425301927966557
-467.88118811881185,0.2217961124638403
-467.86138613861385,0.21912187294302765
-467.84158415841586,0.21623296535706513
-467.82178217821786,0.2131322739032792
-467.8019801980198,0.2098229004353093
-467.78217821782175,0.20630816251781744
-467.76237623762376,0.20259159147357095
-467.7425742574257,0.19867693046792725
-467.72277227722776,0.1945681326870094
-467.7029702970297,0.19026935968015438
-467.6831683168317,0.18578497995613594
-467.66336633663366,0.18111956794725093
-467.6435643564356,0.17627790348833172
-467.6237623762376,0.17126497200161797
-467.6039603960396,0.1660859656385538
-467.5841584158416,0.16074628571107638
-467.56435643564356,0.15525154685903794
-467.54455445544556,0.14960758355977857
-467.5247524752475,0.14382045981333194
-467.50495049504946,0.13789648316470368
-467.4851485148515,0.13184222470598772
-467.46534653465346,0.12566454741847913
-467.44554455445547,0.11937064630472574
-467.4257425742574,0.11296810544839435
-467.4059405940594,0.10646497981227568
-467.38613861386136,0.09986991391872253
-467.36633663366337,0.09319231677240014
-467.34653465346537,0.08644262475696303
-467.3267326732673,0.07963270614795469
-467.3069306930693,0.07277650112042898
-467.28712871287127,0.06589106805106797
-467.26732673267327,0.05899836067934871
-467.2475247524753,0.052128383435357986
-467.2277227722772,0.04532508544710664
-467.2079207920792,0.038658009051454494
-467.18811881188117,0.03224666962886999
-467.16831683168317,0.026313711286339917
-467.1485148514851,0.02129649779844971
-467.1287128712872,0.018006012817233154
-467.1089108910891,0.017463891454426384
-467.08910891089107,0.01989897379279979
-467.0693069306931,0.024430359554878774
-467.049504950495,0.03011403807956407
-467.029702970297,0.03639814803615356
-467.009900990099,0.043001673894152
-466.99009900990103,0.049777343550339026
-466.970297029703,0.056641908443251336
-466.9504950495049,0.06354422183426618
-466.9306930693069,0.07045025566378937
-466.9108910891089,0.07733567222195452
-466.89108910891093,0.08418192295737185
-466.8712871287129,0.09097408829417472
-466.8514851485149,0.09769962448530128
-466.83168316831683,0.10434760677702733
-466.8118811881188,0.11090825624723018
-466.7920792079208,0.11737263514245845
-466.7722772277228,0.12373244575636931
-466.7524752475248,0.12997989486982695
-466.73267326732673,0.13610760082057805
-466.71287128712873,0.14210852895157947
-466.6930693069307,0.14797594634955122
-466.6732673267326,0.15370338994053062
-466.6534653465347,0.1592846439861611
-466.63366336633663,0.16471372429103665
-466.61386138613864,0.16998486725997503
-466.5940594059406,0.17509252249634868
-466.5742574257426,0.18003134800678872
-466.55445544554453,0.1847962073358238
-466.53465346534654,0.18938216813402273
-466.51485148514854,0.19378450179125337
-466.4950495049505,0.1979986838583623
-466.4752475247525,0.20202039504706554
-466.45544554455444,0.205845522647158
-466.43564356435644,0.20947016223606701
-466.41584158415844,0.21289061958341748
-466.3960396039604,0.21610341267366093
-466.3762376237624,0.21910527378579495
-466.35643564356434,0.2218931515812083
-466.33663366336634,0.22446421316029413
-466.31683168316835,0.22681584605586794
-466.29702970297035,0.22894566013725176
-466.2772277227723,0.23085148940377814
-466.25742574257424,0.23253139365011885
-466.23762376237624,0.2339836599890123
-466.2178217821782,0.23520680421957388
-466.19801980198025,0.23619957203150213
-466.1782178217822,0.236960940037243
-466.1584158415842,0.2374901166259417
-466.13861386138615,0.23778654263419025
-466.1188118811881,0.23784989182990354
-466.0990099009901,0.23768007120686535
-466.0792079207921,0.23727722108840654
-466.0594059405941,0.23664171503986983
-466.03960396039605,0.23577415959031175
-466.01980198019805,0.23467539376530067
-466.0,0.23334648843323022
-465.98019801980195,0.23178874546936235
-465.960396039604,0.23000369674249185
-465.94059405940595,0.2279931029310173
-465.92079207920796,0.22575895217668993
-465.9009900990099,0.22330345858616246
-465.8811881188119,0.22062906059295487
-465.86138613861385,0.2177384191950787
-465.84158415841586,0.21463441608689862
-465.82178217821786,0.21132015170810095
-465.8019801980198,0.20779894323752943
-465.7821782178218,0.20407432256641805
-465.76237623762376,0.20015003429334205
-465.74257425742576,0.1960300337941357
-465.72277227722776,0.19171848543308867
-465.7029702970297,0.18721976099965365
-465.6831683168317,0.18253843847797618
-465.66336633663366,0.1776793012872306
-465.64356435643566,0.1726473381721504
-465.6237623762376,0.16744774397889903
-465.6039603960396,0.16208592162813118
-465.5841584158416,0.1565674857032987
-465.56435643564356,0.15089826822123595
-465.54455445544556,0.1450843273642531
-465.5247524752475,0.1391319602587372
-465.5049504950495,0.13304772133398257
-465.4851485148515,0.12683844846277204
-465.46534653465346,0.12051130009964285
-465.44554455445547,0.11407380820227077
-465.4257425742574,0.10753395420501162
-465.4059405940594,0.10090027933815024
-465.38613861386136,0.09418204728270464
-465.3663366336634,0.08738948862469346
-465.34653465346537,0.08053417688494999
-465.3267326732673,0.07362962319183626
-465.3069306930693,0.06669224796873008
-465.28712871287127,0.05974303066790805
-465.26732673267327,0.05281043864135092
-465.2475247524753,0.04593590219513987
-465.2277227722773,0.03918466209468324
-465.2079207920792,0.032668616216800374
-465.18811881188117,0.02659688857464376
-465.16831683168317,0.021386078021259542
-465.1485148514851,0.0178374393278354
-465.1287128712872,0.017041533406115555
-465.1089108910891,0.019345125024492916
-465.0891089108911,0.023860956272799126
-465.0693069306931,0.02958074224580407
-465.049504950495,0.035917899928861
-465.029702970297,0.04257905504038875
-465.009900990099,0.04941296667326286
-464.99009900990103,0.056335193086957516
-464.970297029703,0.06329430120963207
-464.950495049505,0.07025626511775598
-464.9306930693069,0.07719682840942513
-464.9108910891089,0.08409753222216211
-464.89108910891093,0.09094353279010167
-464.8712871287129,0.0977223432414623
-464.8514851485149,0.10442307759130755
-464.83168316831683,0.11103598012896765
-464.81188118811883,0.11755212351909188
-464.7920792079208,0.12396321015914691
-464.7722772277228,0.1302614386932257
-464.7524752475248,0.1364394127658337
-464.73267326732673,0.14249007782155326
-464.71287128712873,0.1484066769245771
-464.6930693069307,0.1541827197208715
-464.6732673267327,0.15981196063229866
-464.6534653465347,0.1652883836298791
-464.63366336633663,0.17060619175343095
-464.61386138613864,0.17575980009086983
-464.5940594059406,0.18074383129969313
-464.5742574257426,0.18555311300725247
-464.55445544554453,0.1901826766038541
-464.53465346534654,0.19462775706815297
-464.51485148514854,0.19888379355434674
-464.4950495049505,0.20294643053607442
-464.4752475247525,0.2068115193496451
-464.45544554455444,0.21047512001499216
-464.43564356435644,0.21393350323923271
-464.41584158415844,0.21718315252797576
-464.3960396039604,0.22022076634480098
-464.3762376237624,0.2230432602713802
-464.35643564356434,0.22564776912966772
-464.33663366336634,0.22803164903523304
-464.3168316831683,0.23019247935605203
-464.29702970297035,0.2321280645561827
-464.2772277227723,0.23383643590707948
-464.25742574257424,0.2353158530524622
-464.23762376237624,0.23656480541519778
-464.2178217821782,0.23758201343678903
-464.1980198019802,0.2383664296414842
-464.1782178217822,0.23891723951927432
-464.1584158415842,0.23923386222242074
-464.13861386138615,0.23931595107236428
-464.1188118811881,0.2391633938741414
-464.0990099009901,0.23877631303700447
-464.07920792079204,0.2381550655006514
-464.0594059405941,0.23730024246759868
-464.03960396039605,0.2362126689431541
-464.01980198019805,0.23489340308552895
-464.0,0.23334373536975184
-463.98019801980195,0.23156518757018807
-463.96039603960395,0.2295595115680262
-463.94059405940595,0.22732868799145126
-463.92079207920796,0.22487492469819356
-463.9009900990099,0.22220065511235312
-463.8811881188119,0.2193085364297548
-463.86138613861385,0.21620144770960797
-463.8415841584158,0.2128824878737854
-463.82178217821786,0.20935497364011096
-463.8019801980198,0.20562243742191835
-463.7821782178218,0.2016886252339082
-463.76237623762376,0.1975574946541099
-463.74257425742576,0.1932332129043098
-463.7227722772277,0.188720155127864
-463.7029702970297,0.18402290296532778
-463.6831683168317,0.17914624355712144
-463.66336633663366,0.17409516914079914
-463.64356435643566,0.16887487746256905
-463.6237623762376,0.16349077329414227
-463.6039603960396,0.1579484714445062
-463.5841584158416,0.1522538017950219
-463.56435643564356,0.14641281708300388
-463.54455445544556,0.1404318044429836
-463.5247524752475,0.13431730213061693
-463.5049504950495,0.12807612347344455
-463.48514851485146,0.12171539103126222
-463.4653465346535,0.1152425854012778
-463.44554455445547,0.10866561539799642
-463.4257425742574,0.10199292005450786
-463.4059405940594,0.09523361906907284
-463.38613861386136,0.0883977388981696
-463.36633663366337,0.08149656040649504
-463.34653465346537,0.07454316831456821
-463.3267326732674,0.06755334831137066
-463.3069306930693,0.060547109046262156
-463.28712871287127,0.053551382874395086
-463.26732673267327,0.04660507536349796
-463.2475247524752,0.039769086847239406
-463.2277227722773,0.0331475288076359
-463.2079207920792,0.026935313011282807
-463.1881188118812,0.021525544347852976
-463.16831683168317,0.017701602485013835
-463.1485148514851,0.01661735614045772
-463.1287128712871,0.018759172263069127
-463.1089108910891,0.02324649893030823
-463.0891089108911,0.028998528979694002
-463.0693069306931,0.03538797095510175
-463.0495049504951,0.04210701766369001
-463.029702970297,0.048999803359844496
-463.00990099009897,0.05598047231798246
-462.99009900990103,0.06299722380645234
-462.970297029703,0.07001600136978864
-462.950495049505,0.07701261569942626
-462.9306930693069,0.08396869092353854
-462.91089108910893,0.09086945562959271
-462.8910891089109,0.09770247782379682
-462.8712871287129,0.1044569089682561
-462.8514851485149,0.11112301555805963
-462.83168316831683,0.11769187981639526
-462.81188118811883,0.12415520344901752
-462.7920792079208,0.13050517619219415
-462.7722772277228,0.13673438623163436
-462.7524752475248,0.1428357583450116
-462.73267326732673,0.1488025107994225
-462.71287128712873,0.1546281251793654
-462.6930693069307,0.1603063252795636
-462.6732673267327,0.16583106244535106
-462.65346534653463,0.17119650555617483
-462.6336633663367,0.1763970343875038
-462.61386138613864,0.1814272354504834
-462.5940594059406,0.18628189965941627
-462.5742574257426,0.1909560213510587
-462.55445544554453,0.1954447983034485
-462.53465346534654,0.1997436324898186
-462.51485148514854,0.20384813136747523
-462.49504950495054,0.20775410954815615
-462.4752475247525,0.21145759073128212
-462.45544554455444,0.2149548098074425
-462.43564356435644,0.2182422150591478
-462.4158415841584,0.22131647040094174
-462.39603960396045,0.22417445761243687
-462.3762376237624,0.2268132785268909
-462.3564356435644,0.22923025714500408
-462.33663366336634,0.23142294164911667
-462.3168316831683,0.23338910629760942
-462.2970297029703,0.2351267531827101
-462.2772277227723,0.23663411383805533
-462.2574257425743,0.23790965068464356
-462.23762376237624,0.23895205830589594
-462.21782178217825,0.2397602645442962
-462.1980198019802,0.24033343141353453
-462.17821782178214,0.2406709558213707
-462.1584158415842,0.24077247009962904
-462.13861386138615,0.2406378423388026
-462.11881188118815,0.24026717652567947
-462.0990099009901,0.23966081248352444
-462.0792079207921,0.23881932561505304
-462.05940594059405,0.23774352644964783
-462.03960396039605,0.23643445999704993
-462.01980198019805,0.2348934049110209
-462.0,0.23312187246743826
-461.980198019802,0.23112160536277235
-461.96039603960395,0.22889457634023802
-461.94059405940595,0.2264429866527358
-461.92079207920796,0.22376926437372868
-461.9009900990099,0.2208760625695159
-461.8811881188119,0.21776625734952298
-461.86138613861385,0.21444294581468606
-461.84158415841586,0.21090944392860836
-461.8217821782178,0.2071692843417367
-461.8019801980198,0.20322621420601225
-461.7821782178218,0.19908419302646593
-461.76237623762376,0.1947473906080333
-461.74257425742576,0.1902201851711718
-461.7227722772277,0.18550716172977588
-461.7029702970297,0.18061311085165752
-461.6831683168317,0.17554302795736418
-461.66336633663366,0.17030211336137238
-461.64356435643566,0.16489577332563712
-461.6237623762376,0.15932962248688118
-461.6039603960396,0.15360948814699452
-461.58415841584156,0.14774141709779048
-461.5643564356436,0.1417316859135037
-461.54455445544556,0.1355868160277219
-461.5247524752475,0.12931359548224747
-461.5049504950495,0.12291911009952337
-461.48514851485146,0.11641078816637769
-461.46534653465346,0.10979646482694501
-461.44554455445547,0.10308447579583115
-461.42574257425747,0.09628379567286927
-461.4059405940594,0.08940424584049804
-461.38613861386136,0.08245681407250256
-461.36633663366337,0.07545415943092178
-461.3465346534653,0.06841143613786511
-461.3267326732674,0.06134769046654151
-461.3069306930693,0.05428833858562634
-461.2871287128713,0.04726980063652957
-461.26732673267327,0.04034871407927714
-461.2475247524752,0.03362153804317705
-461.2277227722772,0.027269089797492676
-461.2079207920792,0.021660351239197025
-461.1881188118812,0.017556589439593512
-461.16831683168317,0.01616999313797575
-461.1485148514852,0.01814116788717676
-461.1287128712871,0.02260330909620449
-461.10891089108907,0.028393967507145516
-461.0891089108911,0.034841122863964666
-461.0693069306931,0.041622160557630815
-461.0495049504951,0.048576916824225394
-461.029702970297,0.05561843738610254
-461.009900990099,0.06269477291727162
-460.990099009901,0.06977197997040419
-460.970297029703,0.07682603046986816
-460.950495049505,0.08383869439874042
-460.9306930693069,0.09079531562893806
-460.91089108910893,0.09768354702382022
-460.8910891089109,0.1044925988606269
-460.8712871287129,0.11121277534898064
-460.8514851485149,0.11783517970323942
-460.83168316831683,0.1243515214759085
-460.81188118811883,0.130753987939851
-460.7920792079208,0.13703515672527755
-460.7722772277228,0.14318793569437954
-460.7524752475247,0.14920552119539912
-460.73267326732673,0.15508136895953056
-460.71287128712873,0.16080917384231683
-460.6930693069307,0.16638285584352233
-460.6732673267327,0.17179655063981275
-460.65346534653463,0.1770446033946369
-460.63366336633663,0.1821215649670677
-460.61386138613864,0.1870221898862997
-460.5940594059406,0.1917414356289316
-460.5742574257426,0.1962744628565165
-460.55445544554453,0.20061663635670318
-460.53465346534654,0.20476352649386512
-460.5148514851485,0.2087109110202858
-460.49504950495054,0.21245477713314037
-460.4752475247525,0.21599132368739357
-460.45544554455444,0.2193169634941343
-460.43564356435644,0.22242832564803894
-460.4158415841584,0.22532225783924587
-460.3960396039604,0.2279958286133294
-460.3762376237624,0.2304463295499818
-460.3564356435644,0.23267127733646223
-460.33663366336634,0.2346684157161149
-460.3168316831683,0.23643571729575383
-460.2970297029703,0.23797138519862363
-460.27722772277224,0.2392738545518715
-460.2574257425743,0.24034179379955434
-460.23762376237624,0.2411741058338087
-460.21782178217825,0.24176992893822433
-460.1980198019802,0.2421286375387914
-460.17821782178214,0.24224984275884537
-460.15841584158414,0.24213339277552826
-460.13861386138615,0.24177937297619295
-460.11881188118815,0.2411881059141189
-460.0990099009901,0.24036015106384115
-460.0792079207921,0.23929630437731447
-460.05940594059405,0.23799759764300962
-460.039603960396,0.23646529765114876
-460.01980198019805,0.234700905169427
-460.0,0.2327061537346036
-459.980198019802,0.2304830082670501
-459.96039603960395,0.22803366351667068
-459.94059405940595,0.2253605423507436
-459.9207920792079,0.22246629389645792
-459.9009900990099,0.21935379155362816
-459.8811881188119,0.21602613089654232
-459.86138613861385,0.21248662748811134
-459.84158415841586,0.2087388146346184
-459.8217821782178,0.2047864411162324
-459.8019801980198,0.20063346893670447
-459.7821782178218,0.19628407114675134
-459.76237623762376,0.1917426298096653
-459.74257425742576,0.18701373419659117
-459.7227722772277,0.1821021793232034
-459.7029702970297,0.1770129649729262
-459.68316831683165,0.17175129539625367
-459.6633663366337,0.16632257993705277
-459.64356435643566,0.1607324349209806
-459.6237623762376,0.15498668725992942
-459.6039603960396,0.14909138039409509
-459.58415841584156,0.1430527834356154
-459.56435643564356,0.13687740473133483
-459.54455445544556,0.13057201158831408
-459.52475247524757,0.12414365870213528
-459.5049504950495,0.11759972905748291
-459.48514851485146,0.11094799301096085
-459.46534653465346,0.10419669440187813
-459.4455445544554,0.0973546777410876
-459.42574257425747,0.09043157942302353
-459.4059405940594,0.08343812161664182
-459.3861386138614,0.07638657628406084
-459.36633663366337,0.06929152178256796
-459.3465346534653,0.0621711246438562
-459.3267326732673,0.055049411644570605
-459.3069306930693,0.04796051811659975
-459.2871287128713,0.04095714250087154
-459.26732673267327,0.03412860301306719
-459.2475247524753,0.027642280438011084
-459.2277227722772,0.021842873375046926
-459.20792079207916,0.017463720484227296
-459.1881188118812,0.015761606415752263
-459.16831683168317,0.01754187199533665
-459.1485148514852,0.021969484450098015
-459.1287128712871,0.02779577231535193
-459.1089108910891,0.034299531112235944
-459.08910891089107,0.041142048399150366
-459.0693069306931,0.048158529888587195
-459.0495049504951,0.05526081864315435
-459.029702970297,0.0623967714027851
-459.009900990099,0.06953253112921033
-458.990099009901,0.07664421242172005
-458.970297029703,0.08371371708658604
-458.950495049505,0.09072649326378723
-458.9306930693069,0.09767026983846407
-458.91089108910893,0.10453430870627498
-458.8910891089109,0.11130894585037465
-458.8712871287129,0.11798530050972504
-458.8514851485148,0.12455508588078028
-458.8316831683169,0.13101048317426248
-458.81188118811883,0.13734405634817218
-458.7920792079208,0.14354869362039366
-458.7722772277228,0.14961756700644555
-458.7524752475247,0.15554410422821707
-458.73267326732673,0.1613219692590868
-458.71287128712873,0.16694504898778434
-458.69306930693074,0.1724074442719655
-458.6732673267327,0.17770346417350022
-458.65346534653463,0.18282762251820966
-458.63366336633663,0.18777463616277357
-458.6138613861386,0.19253942451795666
-458.59405940594064,0.19711710999521162
-458.5742574257426,0.20150301912713495
-458.5544554455446,0.20569268417324466
-458.53465346534654,0.2096818450667404
-458.5148514851485,0.21346645159078254
-458.4950495049505,0.21704266569724148
-458.4752475247525,0.22040686389955408
-458.4554455445545,0.22355563968524952
-458.43564356435644,0.22648580590458697
-458.41584158415844,0.22919439710031428
-458.3960396039604,0.23167867174997778
-458.37623762376234,0.2339361143975221
-458.3564356435644,0.23596443765511493
-458.33663366336634,0.23776158405948833
-458.31683168316835,0.23932572776975972
-458.2970297029703,0.24065527609612694
-458.2772277227723,0.2417488708505612
-458.25742574257424,0.24260538951234553
-458.23762376237624,0.2432239462026601
-458.21782178217825,0.24360389246363115
-458.1980198019802,0.24374481783833335
-458.1782178217822,0.24364655024926526
-458.15841584158414,0.24330915617372223
-458.13861386138615,0.24273294061539138
-458.11881188118815,0.24191844687235753
-458.0990099009901,0.24086645610259005
-458.0792079207921,0.23957798668892347
-458.05940594059405,0.23805429340646322
-458.03960396039605,0.23629686639648845
-458.019801980198,0.23430742995195006
-458.0,0.23208794112115178
-457.980198019802,0.2296405881376866
-457.96039603960395,0.22696778868635903
-457.94059405940595,0.22407218801727236
-457.9207920792079,0.22095665692251484
-457.9009900990099,0.21762428959332464
-457.8811881188119,0.21407840137936898
-457.86138613861385,0.21032252647676244
-457.84158415841586,0.20636041557757273
-457.8217821782178,0.20219603352148544
-457.8019801980198,0.19783355700046992
-457.78217821782175,0.1932773723803062
-457.7623762376238,0.18853207372041692
-457.74257425742576,0.18360246109586625
-457.7227722772277,0.17849353935648332
-457.7029702970297,0.17321051749898603
-457.68316831683165,0.16775880888472414
-457.66336633663366,0.16214403261367488
-457.64356435643566,0.15637201647472343
-457.62376237623766,0.15044880204728373
-457.6039603960396,0.14438065275253026
-457.58415841584156,0.13817406597844653
-457.56435643564356,0.1318357908873394
-457.5445544554455,0.1253728542467696
-457.52475247524757,0.118792597755332
-457.5049504950495,0.11210273211632767
-457.4851485148515,0.10531141598983379
-457.46534653465346,0.09842737272440591
-457.4455445544554,0.09146006591618346
-457.4257425742574,0.08441996922052561
-457.4059405940594,0.07731899217044898
-457.3861386138614,0.07017117403057999
-457.36633663366337,0.06299385836786903
-457.34653465346537,0.0558097736487761
-457.3267326732673,0.04865092242096654
-457.30693069306926,0.04156632701231824
-457.2871287128713,0.03463862508736441
-457.26732673267327,0.028022502823919406
-457.2475247524753,0.02203897334299514
-457.2277227722772,0.017390410673759356
-457.2079207920792,0.01536743178326718
-457.18811881188117,0.01694748678495649
-457.16831683168317,0.021341236805590063
-457.1485148514852,0.027207230281415952
-457.1287128712871,0.03377121552736287
-457.1089108910891,0.040678011551697583
-457.08910891089107,0.04775843612837607
-457.0693069306931,0.0549233469139512
-457.0495049504951,0.06212054435368268
-457.029702970297,0.06931634026965361
-457.009900990099,0.07648704150722435
-456.990099009901,0.08361471207362454
-456.970297029703,0.09068492339171562
-456.9504950495049,0.09768549248955392
-456.9306930693069,0.10460574070667326
-456.91089108910893,0.11143604087753689
-456.8910891089109,0.11816753154269048
-456.8712871287129,0.12479193161271927
-456.8514851485148,0.13130141748142798
-456.83168316831683,0.13768854010568105
-456.81188118811883,0.14394616832439347
-456.7920792079208,0.1500674497950233
-456.7722772277228,0.15604578399436198
-456.7524752475247,0.1618748036240662
-456.73267326732673,0.16754836195941042
-456.7128712871287,0.17306052445351303
-456.69306930693074,0.17840556342010136
-456.6732673267327,0.18357795496079435
-456.65346534653463,0.18857237753694084
-456.63366336633663,0.1933837117486466
-456.6138613861386,0.198007040997977
-456.5940594059406,0.20243765279477524
-456.5742574257426,0.20667104052249033
-456.5544554455446,0.21070290552441617
-456.53465346534654,0.21452915940253256
-456.5148514851485,0.21814592644483966
-456.4950495049505,0.22154954611507507
-456.47524752475243,0.22473657555217652
-456.4554455445545,0.22770379203750205
-456.43564356435644,0.23044819539580808
-456.41584158415844,0.2329670103025317
-456.3960396039604,0.235257688474719
-456.37623762376234,0.2373179107272524
-456.35643564356434,0.2391455888790357
-456.33663366336634,0.24073886749665643
-456.31683168316835,0.24209612546500425
-456.2970297029703,0.24321597737644307
-456.2772277227723,0.24409727473136641
-456.25742574257424,0.24473910694463424
-456.2376237623762,0.24514080215325135
-456.21782178217825,0.24530192782196483
-456.1980198019802,0.2452222911442201
-456.1782178217822,0.24490193923694548
-456.15841584158414,0.24434115912835735
-456.13861386138615,0.2435404775390003
-456.11881188118815,0.24250066045684324
-456.0990099009901,0.24122271250838395
-456.0792079207921,0.23970787612840666
-456.05940594059405,0.23795763053221686
-456.03960396039605,0.23597369049510153
-456.019801980198,0.2337580049452556
-456.00000000000006,0.23131275537761098
-455.980198019802,0.22864035409782188
-455.96039603960395,0.22574344230771368
-455.94059405940595,0.22262488804574057
-455.9207920792079,0.21928778399911958
-455.9009900990099,0.2157354452079285
-455.8811881188119,0.21197140668579817
-455.8613861386139,0.20799942098791777
-455.84158415841586,0.20382345576391142
-455.8217821782178,0.1994476913429642
-455.8019801980198,0.19487651841031417
-455.78217821782175,0.19011453585045235
-455.7623762376238,0.18516654885325434
-455.74257425742576,0.18003756740742877
-455.72277227722776,0.1747328053437906
-455.7029702970297,0.16925768014259854
-455.68316831683165,0.16361781379103127
-455.66336633663366,0.157819035077106
-455.64356435643566,0.15186738384849305
-455.62376237623766,0.14576911796909522
-455.6039603960396,0.13953072400450725
-455.5841584158416,0.13315893311031568
-455.56435643564356,0.12666074426628107
-455.5445544554455,0.1200434580308669
-455.52475247524757,0.11331472561521652
-455.5049504950495,0.10648262069583753
-455.4851485148515,0.09955574572636453
-455.46534653465346,0.09254339191238603
-455.44554455445547,0.08545578506703698
-455.4257425742574,0.078304473447434
-455.4059405940594,0.07110295923882008
-455.3861386138614,0.06386776654140301
-455.36633663366337,0.05662033139192243
-455.34653465346537,0.04939053245131338
-455.3267326732673,0.042223724480235106
-455.3069306930693,0.035195844565326054
-455.2871287128713,0.02844866834633939
-455.26732673267327,0.02227818902454066
-455.2475247524753,0.017349327359043765
-455.2277227722772,0.01497285615227512
-455.2079207920792,0.016316496525385457
-455.18811881188117,0.020664084390229397
-455.1683168316832,0.026569301844856938
-455.1485148514852,0.03319555695100114
-455.1287128712871,0.040168905819149496
-455.1089108910891,0.047315377587413124
-455.08910891089107,0.05454482446305997
-455.0693069306931,0.06180503193922743
-455.0495049504951,0.06906252127788856
-455.0297029702971,0.0762938221735378
-455.009900990099,0.08348118253433227
-454.990099009901,0.09061031224704644
-454.970297029703,0.0976691271172748
-454.9504950495049,0.10464701541579005
-454.930693069307,0.11153439212091726
-454.91089108910893,0.11832241881667269
-454.89108910891093,0.12500282275780125
-454.8712871287129,0.13156777734181227
-454.8514851485148,0.13800982174744836
-454.83168316831683,0.14432180621042304
-454.81188118811883,0.1504968544672551
-454.79207920792084,0.15652833792752036
-454.7722772277228,0.1624098579988956
-454.7524752475248,0.16813523416518505
-454.73267326732673,0.1736984961751342
-454.7128712871287,0.1790938791988996
-454.69306930693074,0.18431582114331943
-454.6732673267327,0.18935896154496637
-454.6534653465347,0.1942181416179264
-454.63366336633663,0.19888840514417983
-454.61386138613864,0.20336499997336527
-454.5940594059406,0.2076433799558128
-454.5742574257426,0.211719207174288
-454.5544554455446,0.21558835437042406
-454.53465346534654,0.219246907485046
-454.51485148514854,0.22269116824845406
-454.4950495049505,0.22591765677020334
-454.4752475247525,0.22892311408776694
-454.4554455445545,0.23170450464140913
-454.43564356435644,0.23425901864876242
-454.41584158415844,0.2365840743573206
-454.3960396039604,0.23867732015700202
-454.3762376237624,0.24053663653816332
-454.35643564356434,0.24216013788276747
-454.33663366336634,0.24354617407875198
-454.31683168316835,0.24469333194922016
-454.2970297029703,0.24560043648968388
-454.2772277227723,0.24626655190791805
-454.25742574257424,0.24669098246186802
-454.23762376237624,0.24687327309242027
-454.21782178217825,0.24681320984847593
-454.1980198019802,0.2465108201028121
-454.1782178217822,0.24596637255788786
-454.15841584158414,0.24518037704171725
-454.13861386138615,0.24415358409455443
-454.1188118811881,0.2428869843482417
-454.09900990099015,0.24138180770056533
-454.0792079207921,0.23963952228834792
-454.05940594059405,0.2376618332636614
-454.03960396039605,0.23545068137904634
-454.019801980198,0.23300824138872578
-454.0,0.23033692027462696
-453.980198019802,0.2274393553076007
-453.960396039604,0.2243184119569107
-453.94059405940595,0.22097718166331962
-453.9207920792079,0.21741897949493344
-453.9009900990099,0.21364734170892133
-453.88118811881185,0.2096660232476028
-453.8613861386139,0.20547899520422913
-453.84158415841586,0.2010904423023708
-453.82178217821786,0.19650476044410123
-453.8019801980198,0.19172655439695213
-453.78217821782175,0.18676063570890777
-453.76237623762376,0.18161202096693424
-453.74257425742576,0.17628593054934993
-453.72277227722776,0.17078778807042672
-453.7029702970297,0.16512322078147962
-453.6831683168317,0.159298061285118
-453.66336633663366,0.15331835105008174
-453.6435643564356,0.14719034640167813
-453.62376237623766,0.1409205279370759
-453.6039603960396,0.13451561472029588
-453.5841584158416,0.12798258522525968
-453.56435643564356,0.12132870793889508
-453.54455445544556,0.11456158602147556
-453.5247524752475,0.10768922281404433
-453.5049504950495,0.10072011894096623
-453.4851485148515,0.0936634184985318
-453.46534653465346,0.08652913369256945
-453.44554455445547,0.07932849897874003
-453.4257425742574,0.0720745470923997
-453.4059405940594,0.06478308197822967
-453.3861386138614,0.0574743980924601
-453.36633663366337,0.050176487781016056
-453.34653465346537,0.04293142536728873
-453.3267326732673,0.035809088597325324
-453.3069306930693,0.02893933859537651
-453.28712871287127,0.02259400307431617
-453.26732673267327,0.017396443708515272
-453.2475247524753,0.014655800096909293
-453.2277227722772,0.015727374125449632
-453.2079207920792,0.020005699932493112
-453.18811881188117,0.025939734953256115
-453.16831683168317,0.03262281189521399
-453.1485148514852,0.03965937471135678
-453.1287128712871,0.04686966895913386
-453.1089108910891,0.05416211088261798
-453.08910891089107,0.06148424658436407
-453.0693069306931,0.0688026744571002
-453.049504950495,0.07609406256190575
-453.0297029702971,0.08334078569133908
-453.009900990099,0.09052865208745665
-452.990099009901,0.09764564717121874
-452.970297029703,0.10468120434893835
-452.9504950495049,0.11162576406082289
-452.9306930693069,0.11847049789532094
-452.91089108910893,0.1252071310652415
-452.89108910891093,0.13182782555523365
-452.8712871287129,0.13832510183641242
-452.8514851485148,0.14469178575182018
-452.83168316831683,0.15092097221352746
-452.8118811881188,0.15700600035764403
-452.79207920792084,0.1629404366467444
-452.7722772277228,0.1687180635687613
-452.7524752475248,0.17433287232680791
-452.73267326732673,0.17977905840433459
-452.7128712871287,0.185051019217177
-452.6930693069307,0.19014335328732399
-452.6732673267327,0.195050860527044
-452.6534653465347,0.19976854333036956
-452.63366336633663,0.20429160824579468
-452.61386138613864,0.208615468059321
-452.5940594059406,0.21273574415759722
-452.57425742574253,0.2166482690704895
-452.5544554455446,0.22034908911473142
-452.53465346534654,0.22383446707692548
-452.51485148514854,0.22710088488697255
-452.4950495049505,0.2301450462426827
-452.4752475247525,0.2329638791538861
-452.45544554455444,0.2355545383804017
-452.43564356435644,0.23791440774273465
-452.41584158415844,0.24004110228823733
-452.3960396039604,0.24193247029844092
-452.3762376237624,0.24358659512575223
-452.35643564356434,0.24500179684966208
-452.33663366336634,0.24617663374447485
-452.31683168316835,0.24710990355183493
-452.2970297029703,0.24780064455264564
-452.2772277227723,0.2482481364341714
-452.25742574257424,0.24845190094887853
-452.23762376237624,0.24841170236261542
-452.2178217821782,0.24812754769058473
-452.19801980198025,0.24759968672012983
-452.1782178217822,0.2468286118204721
-452.15841584158414,0.2458150575399999
-452.13861386138615,0.24455999999265637
-452.1188118811881,0.24306465603581096
-452.0990099009901,0.2413304822428562
-452.0792079207921,0.23935917367474632
-452.0594059405941,0.23715266245590258
-452.03960396039605,0.23471311616101206
-452.019801980198,0.2320429360209334
-452.0,0.22914475495747225
-451.98019801980195,0.22602143545904083
-451.960396039604,0.2226760673116178
-451.94059405940595,0.21911196520273996
-451.92079207920796,0.2153326662198871
-451.9009900990099,0.21134192726983472
-451.88118811881185,0.20714372245139265
-451.86138613861385,0.2027422404222868
-451.84158415841586,0.19814188181085118
-451.82178217821786,0.19334725673703762
-451.8019801980198,0.18836318252477974
-451.7821782178218,0.183194681711605
-451.76237623762376,0.17784698049337933
-451.7425742574257,0.17232550778571543
-451.72277227722776,0.1666358951437062
-451.7029702970297,0.16078397786586934
-451.6831683168317,0.15477579772687483
-451.66336633663366,0.14861760795466608
-451.64356435643566,0.1423158813159555
-451.6237623762376,0.1358773225429688
-451.6039603960396,0.12930888688976003
-451.5841584158416,0.12261780746163427
-451.56435643564356,0.11581163530453559
-451.54455445544556,0.10889829840378666
-451.5247524752475,0.10188618931447889
-451.5049504950495,0.0947842972255192
-451.4851485148515,0.08760241095017582
-451.46534653465346,0.08035143884687485
-451.44554455445547,0.07304392881182378
-451.4257425742574,0.06569494565994603
-451.4059405940594,0.058323619770944767
-451.38613861386136,0.050956033044793576
-451.3663366336634,0.04363096042997535
-451.34653465346537,0.036412224000913915
-451.3267326732673,0.029417816997349557
-451.3069306930693,0.022895308063528574
-451.28712871287127,0.017424206272414557
-451.26732673267327,0.014302024155145688
-451.2475247524753,0.015082031744792513
-451.2277227722773,0.019295583686555106
-451.2079207920792,0.025270145132245837
-451.18811881188117,0.03201949277180966
-451.16831683168317,0.03912602770006774
-451.1485148514851,0.04640505382123377
-451.1287128712872,0.05376420515878143
-451.1089108910891,0.061151198090303456
-451.0891089108911,0.06853296013207207
-451.0693069306931,0.07588645622395865
-451.049504950495,0.08319429092393259
-451.029702970297,0.09044243972240662
-451.009900990099,0.09761900512230136
-450.99009900990103,0.10471349919976038
-450.970297029703,0.11171641206772132
-450.950495049505,0.11861894312572394
-450.9306930693069,0.1254128288480671
-450.9108910891089,0.13209022987614727
-450.89108910891093,0.13864365567683187
-450.8712871287129,0.14506591364299967
-450.8514851485149,0.15135007447463136
-450.83168316831683,0.15748944862816636
-450.81188118811883,0.16347757042552938
-450.7920792079208,0.16930818754485502
-450.7722772277228,0.1749752543407481
-450.7524752475248,0.18047292791700675
-450.73267326732673,0.18579556619229606
-450.71287128712873,0.19093772741460857
-450.6930693069307,0.1958941707293394
-450.6732673267327,0.20065985750982643
-450.6534653465347,0.20522995323351353
-450.63366336633663,0.2095998297399435
-450.61386138613864,0.21376506774569767
-450.5940594059406,0.21772145951986724
-450.5742574257426,0.2214650116451391
-450.55445544554453,0.22499194780524504
-450.53465346534654,0.22829871155198553
-450.51485148514854,0.2313819690142114
-450.4950495049505,0.2342386115184656
-450.4752475247525,0.23686575809652782
-450.45544554455444,0.23926075785978798
-450.43564356435644,0.24142119222367744
-450.41584158415844,0.24334487696855703
-450.3960396039604,0.24502986412554062
-450.3762376237624,0.24647444367791257
-450.35643564356434,0.2476771450702677
-450.33663366336634,0.24863673851897378
-450.3168316831683,0.24935223611866597
-450.29702970297035,0.2498228927406621
-450.2772277227723,0.25004820671994277
-450.25742574257424,0.2500279203283767
-450.23762376237624,0.24976202003252584
-450.2178217821782,0.24925073653519614
-450.1980198019802,0.24849454460061965
-450.1782178217822,0.24749416266390692
-450.1584158415842,0.246250552226111
-450.13861386138615,0.24476491703710176
-450.1188118811881,0.24303870206927072
-450.0990099009901,0.24107359228602723
-450.07920792079204,0.23887151121006284
-450.0594059405941,0.23643461929757148
-450.03960396039605,0.2337653121259788
-450.01980198019805,0.23086621840438695
-450.0,0.22774019781783897
-449.98019801980195,0.22439033871886627
-449.96039603960395,0.22081995568265156
-449.94059405940595,0.21703258694582336
-449.92079207920796,0.21303199175318324
-449.9009900990099,0.20882214764254606
-449.8811881188119,0.20440724770506874
-449.86138613861385,0.19979169786787396
-449.8415841584158,0.1949801142580742
-449.82178217821786,0.18997732072355386
-449.8019801980198,0.18478834660752713
-449.7821782178218,0.17941842490300705
-449.76237623762376,0.17387299095307607
-449.74257425742576,0.1681576819175911
-449.7227722772277,0.1622783373033716
-449.7029702970297,0.15624100096291013
-449.6831683168317,0.15005192512156573
-449.66336633663366,0.14371757721872166
-449.64356435643566,0.13724465068220437
-449.6237623762376,0.13064008125814094
-449.6039603960396,0.12391107129163255
-449.5841584158416,0.11706512556671024
-449.56435643564356,0.11011010426533877
-449.54455445544556,0.10305430182487105
-449.5247524752475,0.09590656594612734
-449.5049504950495,0.0886764806161559
-449.48514851485146,0.08137465453090738
-449.46534653465346,0.0740131896169535
-449.44554455445547,0.06660647082715603
-449.4257425742574,0.05917255861996597
-449.4059405940594,0.05173578105172919
-449.38613861386136,0.04433188732808297
-449.36633663366337,0.03701914434643503
-449.34653465346537,0.02990460581105443
-449.3267326732673,0.02321305759156336
-449.3069306930693,0.017479941909912332
-449.28712871287127,0.013977162060569226
-449.26732673267327,0.01444880238857383
-449.2475247524752,0.018594777482952383
-449.2277227722773,0.024614315233637437
-449.2079207920792,0.03143388066208734
-449.18811881188117,0.03861323528608928
-449.16831683168317,0.04596314892393511
-449.1485148514851,0.053390777316651976
-449.1287128712871,0.060844177185556826
-449.1089108910891,0.06829069743550198
-449.0891089108911,0.07570765080939544
-449.0693069306931,0.08307790046680003
-449.049504950495,0.09038760584074396
-449.029702970297,0.09762499631115315
-449.00990099009897,0.1047796683711658
-448.99009900990103,0.1118421651082227
-448.970297029703,0.11880371551886233
-448.950495049505,0.12565606816370772
-448.9306930693069,0.13239138254488586
-448.9108910891089,0.13900215692154766
-448.8910891089109,0.14548117976246003
-448.8712871287129,0.1518214969004904
-448.8514851485149,0.15801638933600523
-448.83168316831683,0.16405935839272676
-448.81188118811883,0.1699441160281312
-448.7920792079208,0.1756645788033849
-448.7722772277227,0.18121486447745178
-448.7524752475248,0.18658929049618206
-448.73267326732673,0.19178237385477206
-448.71287128712873,0.19678883195505015
-448.6930693069307,0.20160358417921248
-448.6732673267327,0.206221753972592
-448.65346534653463,0.210638671279053
-448.63366336633663,0.2148498752097584
-448.61386138613864,0.2188511168532634
-448.5940594059406,0.2226383621553905
-448.5742574257426,0.22620779481239287
-448.55445544554453,0.22955581913269008
-448.53465346534654,0.23267906283124418
-448.51485148514854,0.23557437972761058
-448.4950495049505,0.2382388523240241
-448.4752475247525,0.24066979424419835
-448.45544554455444,0.24286475251693632
-448.43564356435644,0.24482150969124872
-448.4158415841584,0.24653808577219188
-448.39603960396045,0.24801273996816872
-448.3762376237624,0.24924397224231218
-448.35643564356434,0.2502305246615867
-448.33663366336634,0.250971382538616
-448.3168316831683,0.2514657753622056
-448.2970297029703,0.2517131775132067
-448.2772277227723,0.25171330876354936
-448.2574257425743,0.2514661345567611
-448.23762376237624,0.25097186606902405
-448.2178217821782,0.25023096005070383
-448.1980198019802,0.24924411844886166
-448.17821782178214,0.248012287811904
-448.1584158415842,0.2465366584785078
-448.13861386138615,0.2448186635535044
-448.11881188118815,0.24285997767449
-448.0990099009901,0.24066251557373328
-448.07920792079204,0.23822843044123776
-448.05940594059405,0.23556011209590744
-448.03960396039605,0.2326601849734075
-448.01980198019805,0.22953150594111216
-448.0,0.22617716195252605
-447.980198019802,0.22260046755641988
-447.96039603960395,0.2188049622791187
-447.9405940594059,0.21479440790242532
-447.92079207920796,0.2105727856649881
-447.9009900990099,0.20614429342147214
-447.8811881188119,0.20151334280249286
-447.86138613861385,0.1966845564295744
-447.84158415841586,0.1916627652539845
-447.8217821782178,0.18645300610816398
-447.8019801980198,0.1810605195847798
-447.7821782178218,0.17549074839455817
-447.76237623762376,0.16974933640366296
-447.74257425742576,0.1638421286205556
-447.7227722772277,0.1577751724999262
-447.7029702970297,0.15155472107148713
-447.6831683168317,0.14518723860480073
-447.66336633663366,0.1386794098227302
-447.64356435643566,0.13203815412903785
-447.6237623762376,0.1252706470118499
-447.6039603960396,0.11838435187518734
-447.58415841584156,0.11138706730312742
-447.5643564356436,0.10428699764844351
-447.54455445544556,0.09709285973826938
-447.5247524752475,0.0898140470848977
-447.5049504950495,0.08246088863333784
-447.48514851485146,0.07504506877770485
-447.46534653465346,0.06758033455845694
-447.44554455445547,0.0600837406489058
-447.42574257425747,0.05257796312317121
-447.4059405940594,0.045095893134993265
-447.38613861386136,0.03769052334090216
-447.36633663366337,0.030458406777010803
-447.3465346534653,0.023601864749515356
-447.3267326732674,0.01760927324596219
-447.3069306930693,0.013705966052306073
-447.2871287128713,0.013815981649101864
-447.26732673267327,0.01786641954276071
-447.2475247524752,0.02392449607868694
-447.2277227722772,0.030813182483918296
-447.2079207920792,0.03806554582029125
-447.1881188118812,0.04548696523946913
-447.16831683168317,0.052983895730266524
-447.1485148514852,0.06050465679779895
-447.1287128712871,0.06801698269183577
-447.10891089108907,0.0754985131057968
-447.0891089108911,0.08293235592804887
-447.0693069306931,0.09030484449665363
-447.0495049504951,0.09760432741228135
-447.029702970297,0.10482047952712202
-447.009900990099,0.11194389197268508
-446.990099009901,0.11896581923453554
-446.970297029703,0.1258780184665144
-446.950495049505,0.1326726450066994
-446.9306930693069,0.1393421832443308
-446.91089108910893,0.14587940034636673
-446.8910891089109,0.15227731512703369
-446.8712871287129,0.15852917716096576
-446.8514851485149,0.16462845295206902
-446.83168316831683,0.17056881703723872
-446.81188118811883,0.17634414658558892
-446.7920792079208,0.1819485184978632
-446.7722772277228,0.1873762083062356
-446.7524752475247,0.1926216903746379
-446.73267326732673,0.19767963903724584
-446.71287128712873,0.2025449304089622
-446.6930693069307,0.20721264466958533
-446.6732673267327,0.21167806867247985
-446.65346534653463,0.2159366987637778
-446.63366336633663,0.2199842437244023
-446.61386138613864,0.22381662776658956
-446.5940594059406,0.22742999353096932
-446.5742574257426,0.23082070504163296
-446.55445544554453,0.23398535058477715
-446.53465346534654,0.23692074548323072
-446.5148514851485,0.2396239347443947
-446.49504950495054,0.24209219556287978
-446.4752475247525,0.24432303966279958
-446.45544554455444,0.24631421546681012
-446.43564356435644,0.24806371008153982
-446.4158415841584,0.249569751090638
-446.3960396039604,0.2508308081479938
-446.3762376237624,0.2518455943653677
-446.3564356435644,0.25261306748926676
-446.33663366336634,0.2531324308632703
-446.3168316831683,0.2534031341725544
-446.2970297029703,0.2534248739683679
-446.27722772277224,0.25319759397079417
-446.2574257425743,0.25272148514892695
-446.23762376237624,0.2519969855781265
-446.21782178217825,0.25102478007490364
-446.1980198019802,0.24980579961040397
-446.17821782178214,0.2483412205043542
-446.15841584158414,0.24663246340204165
-446.13861386138615,0.24468119203768207
-446.11881188118815,0.24248931178842045
-446.0990099009901,0.2400589680243575
-446.0792079207921,0.2373925442609973
-446.05940594059405,0.23449266012200284
-446.03960396039605,0.23136216912177543
-446.01980198019805,0.22800415627927118
-446.0,0.22442193557693926
-445.980198019802,0.22061904728161078
-445.96039603960395,0.21659925514782505
-445.94059405940595,0.21236654352882658
-445.92079207920796,0.20792511442634765
-445.9009900990099,0.20327938451811126
-445.8811881188119,0.1984339822118428
-445.86138613861385,0.19339374478794036
-445.84158415841586,0.18816371571044477
-445.8217821782178,0.18274914220951058
-445.8019801980198,0.17715547327078665
-445.7821782178218,0.1713883582111768
-445.76237623762376,0.16545364608205657
-445.74257425742576,0.15935738622778375
-445.7227722772277,0.15310583045155626
-445.7029702970297,0.14670543742132097
-445.6831683168317,0.14016288021499781
-445.66336633663366,0.1334850583053333
-445.64356435643566,0.12667911589941705
-445.6237623762376,0.11975246951067262
-445.6039603960396,0.1127128491849827
-445.58415841584156,0.10556836034385357
-445.5643564356436,0.09832757751398172
-445.54455445544556,0.09099968875373923
-445.5247524752475,0.08359472329087679
-445.5049504950495,0.076123920859936
-445.48514851485146,0.06860035290492858
-445.46534653465346,0.06104001455707195
-445.44554455445547,0.05346385062475292
-445.42574257425747,0.04590177175247731
-445.4059405940594,0.03840129228052062
-445.38613861386136,0.031048068188581242
-445.36633663366337,0.024020893613160923
-445.3465346534653,0.017756564419169268
-445.3267326732674,0.013414173678100617
-445.3069306930693,0.013096562279343835
-445.2871287128713,0.01703286291623445
-445.26732673267327,0.02313694410642392
-445.2475247524752,0.030103205297071098
-445.2277227722772,0.037434756910107815
-445.2079207920792,0.0449320657888839
-445.1881188118812,0.05250149512748608
-445.16831683168317,0.06009203311800813
-445.1485148514852,0.06767205223659928
-445.1287128712871,0.07521967851697513
-445.10891089108907,0.0827183679709725
-445.0891089108911,0.09015469701738399
-445.0693069306931,0.09751718110874352
-445.0495049504951,0.10479560709809904
-445.029702970297,0.11198063845182656
-445.009900990099,0.11906357301706344
-444.990099009901,0.12603618990196952
-444.970297029703,0.1328906504023242
-444.950495049505,0.1396194327883738
-444.9306930693069,0.14621528891132224
-444.91089108910893,0.1526712152188465
-444.8910891089109,0.15898043348985624
-444.8712871287129,0.16513637824569447
-444.8514851485149,0.17113268881848231
-444.83168316831683,0.17696320470917581
-444.81188118811883,0.18262196329152605
-444.7920792079208,0.18810319919960966
-444.7722772277228,0.1934013449263571
-444.7524752475247,0.19851103229104647
-444.7326732673268,0.2034270945246563
-444.71287128712873,0.20814456878638624
-444.6930693069307,0.2126586989706369
-444.6732673267327,0.2169649386973175
-444.65346534653463,0.22105895440286205
-444.63366336633663,0.2249366284676062
-444.61386138613864,0.2285940623288656
-444.59405940594064,0.2320275795394085
-444.5742574257426,0.23523372873906134
-444.55445544554453,0.23820928651325102
-444.53465346534654,0.24095126011716422
-444.5148514851485,0.24345689004796725
-444.49504950495054,0.24572365245071556
-444.4752475247525,0.24774926134575842
-444.4554455445545,0.2495316706677428
-444.43564356435644,0.251069076107909
-444.4158415841584,0.25235991675250685
-444.3960396039604,0.2534028765118718
-444.3762376237624,0.2541968853351727
-444.3564356435644,0.2547411202071717
-444.33663366336634,0.25503500592383704
-444.31683168316835,0.25507821564470706
-444.2970297029703,0.254870671220234
-444.27722772277224,0.2544125432933355
-444.2574257425743,0.2537042511747405
-444.23762376237624,0.2527464624925439
-444.21782178217825,0.25154009261693744
-444.1980198019802,0.2500863038617704
-444.1782178217822,0.2483865044652458
-444.15841584158414,0.2464423473529358
-444.13861386138615,0.24425572868705728
-444.11881188118815,0.24182878620692558
-444.0990099009901,0.23916389736654114
-444.0792079207921,0.23626367727664138
-444.05940594059405,0.23313097645994407
-444.03960396039605,0.22976887843007515
-444.01980198019805,0.2261806971070666
-444.0,0.22236997408466685
-443.980198019802,0.21834047576841067
-443.96039603960395,0.2140961904072825
-443.94059405940595,0.20964132504746208
-443.9207920792079,0.20498030244341625
-443.90099009900996,0.20011775797066023
-443.8811881188119,0.1950585365962987
-443.86138613861385,0.18980768997937958
-443.84158415841586,0.18437047379402474
-443.8217821782178,0.1787523453972096
-443.8019801980198,0.17295896200253066
-443.7821782178218,0.16699617957623994
-443.7623762376238,0.16087005274941174
-443.74257425742576,0.1545868361509758
-443.7227722772277,0.148152987727256
-443.7029702970297,0.14157517485131102
-443.68316831683165,0.13486028438212738
-443.6633663366337,0.12801543838026028
-443.64356435643566,0.12104801804164192
-443.62376237623766,0.11396569978080859
-443.6039603960396,0.106776509646774
-443.58415841584156,0.09948890606580339
-443.56435643564356,0.09211190757123129
-443.54455445544556,0.08465529427683849
-443.52475247524757,0.07712993474847486
-443.5049504950495,0.06954833542806821
-443.4851485148515,0.06192560540826067
-443.46534653465346,0.05428124411985588
-443.4455445544554,0.04664268085720954
-443.42574257425747,0.03905288368999898
-443.4059405940594,0.031588480747358386
-443.3861386138614,0.02440866578469504
-443.36633663366337,0.01790579403840487
-443.34653465346537,0.013170925291114277
-443.3267326732673,0.012449254626381785
-443.3069306930693,0.016287302645833723
-443.2871287128713,0.02244926467394431
-443.26732673267327,0.02949876283203753
-443.2475247524753,0.03691218493076524
-443.2277227722772,0.04448685061847706
-443.2079207920792,0.05212975747146877
-443.1881188118812,0.05979085987735663
-443.16831683168317,0.06743929430863811
-443.1485148514852,0.07505372717498637
-443.1287128712871,0.08261798524546246
-443.1089108910891,0.09011889640279565
-443.08910891089107,0.0975451447452757
-443.0693069306931,0.10488662789278859
-443.0495049504951,0.11213407908730935
-443.029702970297,0.11927883647950195
-443.009900990099,0.1263126979749991
-442.990099009901,0.13322782775947123
-442.970297029703,0.1400166950867647
-442.950495049505,0.14667203379287713
-442.9306930693069,0.1531868154587231
-442.91089108910893,0.15955423175556668
-442.8910891089109,0.16576768308261364
-442.8712871287129,0.17182077158284742
-442.8514851485148,0.17770729724333634
-442.8316831683169,0.18342125618870436
-442.81188118811883,0.18895684054291814
-442.7920792079208,0.19430843941440787
-442.7722772277228,0.19947064068254225
-442.7524752475247,0.20443823334942351
-442.73267326732673,0.20920621028144235
-442.71287128712873,0.2137697712085812
-442.69306930693074,0.21812432588070854
-442.6732673267327,0.22226549730335143
-442.65346534653463,0.22618912499245303
-442.63366336633663,0.22989126820045802
-442.6138613861386,0.23336820907588407
-442.59405940594064,0.23661645572595805
-442.5742574257426,0.23963274515759467
-442.5544554455446,0.2424140460766152
-442.53465346534654,0.24495756152864206
-442.5148514851485,0.24726073136792723
-442.4950495049505,0.24932123454272945
-442.4752475247525,0.25113699118764776
-442.4554455445545,0.2527061645150382
-442.43564356435644,0.2540271624988565
-442.41584158415844,0.255098639345312
-442.3960396039604,0.2559194967459362
-442.37623762376234,0.2564888849092734
-442.3564356435644,0.25680620336830806
-442.33663366336634,0.2568711015614109
-442.31683168316835,0.2566834791852932
-442.2970297029703,0.2562434863189594
-442.2772277227723,0.25555152331838016
-442.25742574257424,0.25460824048219965
-442.23762376237624,0.2534145374892853
-442.21782178217825,0.25197156260966586
-442.1980198019802,0.2502807116911241
-442.1782178217822,0.24834362692421472
-442.15841584158414,0.24616219538949033
-442.13861386138615,0.24373854739149473
-442.11881188118815,0.2410750545851046
-442.0990099009901,0.23817432790096754
-442.0792079207921,0.23503921527817592
-442.05940594059405,0.2316727992139902
-442.03960396039605,0.22807839414232708
-442.019801980198,0.22425954365527836
-442.0,0.2202200175849369
-441.980198019802,0.21596380896662776
-441.96039603960395,0.21149513090953329
-441.94059405940595,0.20681841340697385
-441.9207920792079,0.20193830012666722
-441.9009900990099,0.1968596452321736
-441.8811881188119,0.1915875103006712
-441.86138613861385,0.18612716142144667
-441.84158415841586,0.1804840665852374
-441.8217821782178,0.17466389351004247
-441.8019801980198,0.16867250809835943
-441.78217821782175,0.16251597379030888
-441.7623762376238,0.15620055217627224
-441.74257425742576,0.1497327053767632
-441.7227722772277,0.14311910090918728
-441.7029702970297,0.13636662007972533
-441.68316831683165,0.12948237142519728
-441.66336633663366,0.12247371149061395
-441.64356435643566,0.11534827644459154
-441.62376237623766,0.10811403003162887
-441.6039603960396,0.10077933673393911
-441.58415841584156,0.09335307490480872
-441.56435643564356,0.08584481530011148
-441.5445544554455,0.07826511057864537
-441.52475247524757,0.0706259812736828
-441.5049504950495,0.06294176747522764
-441.4851485148515,0.055230703043900146
-441.46534653465346,0.047518023644250694
-441.4455445544554,0.039842629285215495
-441.4257425742574,0.032272922899241066
-441.4059405940594,0.024949648141795434
-441.3861386138614,0.0182200207833403
-441.36633663366337,0.013084038515010334
-441.34653465346537,0.011867630558609461
-441.3267326732673,0.015527015213703105
-441.30693069306926,0.021716201899608076
-441.2871287128713,0.028835771195408436
-441.26732673267327,0.03632421066054708
-441.2475247524753,0.04397230411125002
-441.2277227722772,0.05168636329239317
-441.2079207920792,0.05941668432729883
-441.18811881188117,0.06713283163322725
-441.16831683168317,0.07481381417321317
-441.1485148514852,0.08244370503468446
-441.1287128712871,0.09000950114267207
-441.1089108910891,0.09749999832412838
-441.08910891089107,0.10490516427014915
-441.0693069306931,0.11221577202369054
-441.0495049504951,0.11942317738185822
-441.029702970297,0.12651917952422678
-441.009900990099,0.1334959316911843
-440.990099009901,0.14034588299056622
-440.970297029703,0.14706174013539974
-440.9504950495049,0.15363644226817136
-440.930693069307,0.16006314456541657
-440.91089108910893,0.1663352078432965
-440.8910891089109,0.17244619232803518
-440.8712871287129,0.17838985435267185
-440.8514851485148,0.18416014512838777
-440.83168316831683,0.18975121099430717
-440.81188118811883,0.19515739472175117
-440.79207920792084,0.2003732375665749
-440.7722772277228,0.20539348184514472
-440.7524752475247,0.21021307386722124
-440.73267326732673,0.2148271671002897
-440.7128712871287,0.21923112546983908
-440.69306930693074,0.2234205267218514
-440.6732673267327,0.22739116579018953
-440.6534653465347,0.23113905812363558
-440.63366336633663,0.23466044293649024
-440.6138613861386,0.23795178635392666
-440.5940594059406,0.24100978442849033
-440.5742574257426,0.2438313660086416
-440.5544554455446,0.24641369544343472
-440.53465346534654,0.2487541751102789
-440.51485148514854,0.25085044775477744
-440.4950495049505,0.2527003986335761
-440.47524752475243,0.2543021574525113
-440.4554455445545,0.25565410009364586
-440.43564356435644,0.25675485012588806
-440.41584158415844,0.25760328009479166
-440.3960396039604,0.2581985125878787
-440.3762376237624,0.2585399210726936
-440.35643564356434,0.2586271305054365
-440.33663366336634,0.25846001770849475
-440.31683168316835,0.2580387115160654
-440.2970297029703,0.25736359268739883
-440.2772277227723,0.2564352935878643
-440.25742574257424,0.2552546976386671
-440.23762376237624,0.2538229385365268
-440.21782178217825,0.2521413992453667
-440.1980198019802,0.25021171076262
-440.1782178217822,0.24803575066363412
-440.15841584158414,0.24561564142838063
-440.13861386138615,0.24295374855557975
-440.1188118811881,0.24005267847051007
-440.09900990099015,0.23691527623402042
-440.0792079207921,0.23354462306167223
-440.05940594059405,0.22994403366383348
-440.03960396039605,0.22611705341970767
-440.019801980198,0.22206745540110714
-440.0,0.2177992372650615
-439.980198019802,0.21331661803888913
-439.960396039604,0.20862403482685687
-439.94059405940595,0.2037261394748413
-439.9207920792079,0.19862779523889537
-439.9009900990099,0.1933340735163676
-439.88118811881185,0.18785025071497263
-439.8613861386139,0.18218180535829626
-439.84158415841586,0.17633441555758825
-439.82178217821786,0.17031395702345328
-439.8019801980198,0.16412650185252492
-439.78217821782175,0.15777831841200654
-439.76237623762376,0.1512758727720787
-439.74257425742576,0.14462583232339957
-439.72277227722776,0.1378350724976321
-439.7029702970297,0.13091068793756286
-439.6831683168317,0.12386001013233267
-439.66336633663366,0.1166906346019462
-439.6435643564356,0.10941046246661153
-439.62376237623766,0.10202776419102959
-439.6039603960396,0.09455127844334058
-439.5841584158416,0.08699036831774767
-439.56435643564356,0.0793552747215419
-439.54455445544556,0.07165754145623462
-439.5247524752475,0.06391075921237438
-439.5049504950495,0.05613193825408865
-439.4851485148515,0.048344212917946695
-439.46534653465346,0.040582627774913546
-439.44554455445547,0.03290788105910986
-439.4257425742574,0.025443609188243507
-439.4059405940594,0.018495064730288696
-439.3861386138614,0.012971444821996091
-439.36633663366337,0.011255735669397837
-439.34653465346537,0.014750852085881333
-439.3267326732673,0.020991552422342692
-439.3069306930693,0.028196496254458712
-439.28712871287127,0.03576924923235789
-439.26732673267327,0.04349693327582527
-439.2475247524753,0.05128661180137961
-439.2277227722772,0.059089635527916004
-439.2079207920792,0.06687637272969855
-439.18811881188117,0.07462638653733393
-439.16831683168317,0.08232412252127573
-439.1485148514852,0.08995682558012515
-439.1287128712871,0.09751345465679012
-439.1089108910891,0.10498408208033566
-439.08910891089107,0.1123595445735964
-439.0693069306931,0.11963123243091317
-439.049504950495,0.1267909581956772
-439.0297029702971,0.13383087294252297
-439.009900990099,0.140743412058133
-438.990099009901,0.14752125984841868
-438.970297029703,0.15415732647055697
-438.9504950495049,0.1606447331117401
-438.9306930693069,0.16697680278913984
-438.91089108910893,0.17314705504046565
-438.89108910891093,0.17914920334002782
-438.8712871287129,0.18497715444050708
-438.8514851485148,0.19062500908139599
-438.83168316831683,0.1960870636669561
-438.8118811881188,0.20135781262708027
-438.79207920792084,0.20643195125114963
-438.7722772277228,0.21130437883911235
-438.7524752475248,0.2159702020525832
-438.73267326732673,0.22042473837666196
-438.7128712871287,0.22466351962368553
-438.6930693069307,0.2286822954252474
-438.6732673267327,0.23247703667009456
-438.6534653465347,0.23604393885427918
-438.63366336633663,0.23937942531627976
-438.61386138613864,0.2424801503351842
-438.5940594059406,0.24534300207368454
-438.57425742574253,0.24796510535114386
-438.5544554455446,0.2503438242341508
-438.53465346534654,0.25247676443432476
-438.51485148514854,0.2543617755046222
-438.4950495049505,0.2559969528268782
-438.4752475247525,0.2573806393843993
-438.45544554455444,0.2585114273146143
-438.43564356435644,0.25938815923739433
-438.41584158415844,0.26000992935569067
-438.3960396039604,0.2603760843256374
-438.3762376237624,0.2604862238940471
-438.35643564356434,0.26034020130173124
-438.33663366336634,0.2599381234516476
-438.31683168316835,0.25928035084151146
-438.2970297029703,0.25836749726092306
-438.2772277227723,0.25720042925371195
-438.25742574257424,0.255780265346711
-438.23762376237624,0.2541083750467759
-438.2178217821782,0.2521863776084408
-438.1980198019802,0.25001614057542487
-438.1782178217822,0.2475997780996819
-438.15841584158414,0.24493964904293083
-438.13861386138615,0.24203835486611122
-438.1188118811881,0.23889873731379258
-438.0990099009901,0.23552387590153973
-438.0792079207921,0.2319170852160834
-438.05940594059405,0.22808191204001965
-438.03960396039605,0.2240221323151576
-438.019801980198,0.21974174796173912
-438.0,0.21524498357454633
-437.98019801980195,0.2105362830218148
-437.960396039604,0.20562030597923941
-437.94059405940595,0.20050192443970913
-437.9207920792079,0.19518621925032403
-437.9009900990099,0.18967847674308053
-437.88118811881185,0.18398418554553317
-437.86138613861385,0.17810903368498313
-437.84158415841586,0.17205890613779523
-437.82178217821786,0.16583988302865013
-437.8019801980198,0.15945823876051138
-437.78217821782175,0.15292044246607114
-437.76237623762376,0.14623316033310022
-437.7425742574257,0.1394032605982054
-437.72277227722776,0.13243782237268162
-437.7029702970297,0.12534415003976887
-437.6831683168317,0.11812979588028844
-437.66336633663366,0.11080259508552431
-437.6435643564356,0.10337071984572332
-437.6237623762376,0.09584276360231822
-437.6039603960396,0.08822787449087163
-437.5841584158416,0.08053597193691121
-437.56435643564356,0.07277810985167948
-437.54455445544556,0.06496711144561591
-437.5247524752475,0.05711873805302294
-437.50495049504946,0.04925398613092211
-437.4851485148515,0.041403988588562965
-437.46534653465346,0.03362163463196693
-437.44554455445547,0.02601313795143373
-437.4257425742574,0.018839887176862552
-437.4059405940594,0.01290398463586111
-437.38613861386136,0.010592327277676429
-437.36633663366337,0.013866021906175693
-437.34653465346537,0.02016091321975085
-437.3267326732673,0.02745903424725653
-437.3069306930693,0.03512211562847701
-437.28712871287127,0.04293394030343947
-437.26732673267327,0.05080288604787718
-437.2475247524753,0.05868170605295217
-437.2277227722772,0.0665417743586876
-437.2079207920792,0.07436332844851945
-437.18811881188117,0.08213126079015792
-437.16831683168317,0.08983311212430496
-437.1485148514851,0.0974580363476515
-437.1287128712872,0.1049962322035947
-437.1089108910891,0.11243861533220534
-437.08910891089107,0.11977662137913689
-437.0693069306931,0.127002084085923
-437.049504950495,0.13410715806469545
-437.029702970297,0.14108426914782038
-437.009900990099,0.14792608227215231
-436.99009900990103,0.15462548080441377
-436.970297029703,0.16117555349801788
-436.9504950495049,0.16756958663569993
-436.9306930693069,0.17380105974974103
-436.9108910891089,0.1798636438396556
-436.89108910891093,0.18575120134689202
-436.8712871287129,0.19145778737015096
-436.8514851485149,0.19697765175468254
-436.83168316831683,0.2023052417914151
-436.8118811881188,0.20743520533239773
-436.7920792079208,0.21236239417927363
-436.7722772277228,0.21708186763672924
-436.7524752475248,0.2215888961488029
-436.73267326732673,0.22587896495460574
-436.71287128712873,0.22994777771394576
-436.6930693069307,0.2337912600638736
-436.6732673267326,0.23740556307481264
-436.6534653465347,0.2407870665813163
-436.63366336633663,0.24393238236677878
-436.61386138613864,0.24683835718542352
-436.5940594059406,0.24950207560762827
-436.5742574257426,0.25192086267689096
-436.55445544554453,0.2540922863688273
-436.53465346534654,0.25601415984396336
-436.51485148514854,0.25768454348745684
-436.4950495049505,0.25910174672995895
-436.4752475247525,0.2602643296447336
-436.45544554455444,0.261171104317029
-436.43564356435644,0.2618211359823858
-436.41584158415844,0.262213743931135
-436.3960396039604,0.26234850217718486
-436.3762376237624,0.26222523988945223
-436.35643564356434,0.26184404158505636
-436.33663366336634,0.26120524708384635
-436.3168316831683,0.26030945122422267
-436.29702970297035,0.2591575033410121
-436.2772277227723,0.2577505065063831
-436.25742574257424,0.25608981653546475
-436.23762376237624,0.2541770407590538
-436.2178217821782,0.2520140365661072
-436.1980198019802,0.24960290971980012
-436.1782178217822,0.24694601245129827
-436.1584158415842,0.24404594133671625
-436.13861386138615,0.24090553496336503
-436.1188118811881,0.2375278713929143
-436.0990099009901,0.23391626543037009
-436.07920792079204,0.23007426570954592
-436.0594059405941,0.22600565160806063
-436.03960396039605,0.22171443000728133
-436.01980198019805,0.21720483191636544
-436.0,0.21248130898364018
-435.98019801980195,0.20754852992446518
-435.960396039604,0.2024113769017539
-435.94059405940595,0.19707494190536082
-435.92079207920796,0.19154452318925302
-435.9009900990099,0.18582562184318757
-435.8811881188119,0.17992393859938927
-435.86138613861385,0.1738453710081928
-435.84158415841586,0.16759601116319392
-435.82178217821786,0.16118214422311036
-435.8019801980198,0.15461024807352639
-435.7821782178218,0.1478869946129865
-435.76237623762376,0.1410192533589726
-435.74257425742576,0.1340140983907335
-435.72277227722776,0.12687882014625132
-435.7029702970297,0.11962094438699086
-435.6831683168317,0.11224826194484973
-435.66336633663366,0.10476887505184375
-435.64356435643566,0.09719126984736094
-435.6237623762376,0.08952443148625737
-435.6039603960396,0.08177803108302457
-435.5841584158416,0.07396273894316266
-435.56435643564356,0.0660907710155327
-435.54455445544556,0.05817689217997432
-435.5247524752475,0.050240380724218874
-435.5049504950495,0.04230920204012777
-435.4851485148515,0.034429858426101675
-435.46534653465346,0.02669406080544292
-435.44554455445547,0.019325124356527966
-435.4257425742574,0.013018068546613791
-435.4059405940594,0.010072846577724906
-435.38613861386136,0.013029260033859994
-435.3663366336634,0.019343114632484157
-435.34653465346537,0.026718854789410967
-435.3267326732673,0.03446306797156237
-435.3069306930693,0.04235284106835037
-435.28712871287127,0.05029657430726302
-435.26732673267327,0.05824779075142408
-435.2475247524753,0.06617851785719799
-435.2277227722773,0.0740694544849954
-435.2079207920792,0.08190580343249605
-435.18811881188117,0.08967530958774823
-435.16831683168317,0.09736725788507491
-435.1485148514851,0.10497192750746566
-435.1287128712872,0.11248027904025285
-435.1089108910891,0.11988376778128032
-435.0891089108911,0.12717422882131887
-435.0693069306931,0.1343438046916639
-435.049504950495,0.1413848991723335
-435.029702970297,0.14829014767516976
-435.009900990099,0.15505239840629897
-434.99009900990103,0.16166470069651417
-434.970297029703,0.1681202981875729
-434.950495049505,0.17441262535815727
-434.9306930693069,0.180535306373047
-434.9108910891089,0.18648215556028716
-434.89108910891093,0.1922471790320114
-434.8712871287129,0.1978245771057514
-434.8514851485149,0.20320874727900284
-434.83168316831683,0.2083942875763653
-434.81188118811883,0.21337600013522737
-434.7920792079208,0.21814889492921083
-434.7722772277228,0.22270819355257404
-434.7524752475248,0.22704933300637964
-434.73267326732673,0.23116796944012236
-434.71287128712873,0.23505998181220544
-434.6930693069307,0.23872147544010985
-434.6732673267327,0.24214878541660687
-434.6534653465347,0.2453384798727269
-434.63366336633663,0.24828736307172306
-434.61386138613864,0.25099247832075133
-434.5940594059406,0.2534511106893632
-434.5742574257426,0.2556607895255563
-434.55445544554453,0.2576192907615809
-434.53465346534654,0.2593246390029424
-434.51485148514854,0.26077510939500465
-434.4950495049505,0.26196922926261673
-434.4752475247525,0.26290577951874416
-434.45544554455444,0.2635837958390036
-434.43564356435644,0.2640025695994255
-434.41584158415844,0.2641616485754896
-434.3960396039604,0.2640608374009056
-434.3762376237624,0.26370019778521187
-434.35643564356434,0.2630800484896745
-434.33663366336634,0.26220096506153123
-434.3168316831683,0.2610637793270553
-434.29702970297035,0.25966957864445933
-434.2772277227723,0.2580197049181906
-434.25742574257424,0.2561157533765944
-434.23762376237624,0.2539595711157161
-434.2178217821782,0.2515532554124596
-434.1980198019802,0.2488991518112135
-434.1782178217822,0.2459998519886592
-434.1584158415842,0.2428581914026697
-434.13861386138615,0.23947724673211412
-434.1188118811881,0.23586033311568944
-434.0990099009901,0.23201100119968893
-434.07920792079204,0.22793303400624354
-434.0594059405941,0.22363044363619175
-434.03960396039605,0.21910746782373014
-434.01980198019805,0.21436856636367166
-434.0,0.20941841743733844
-433.98019801980195,0.20426191386932374
-433.96039603960395,0.19890415935603614
-433.94059405940595,0.19335046471821551
-433.92079207920796,0.18760634424494457
-433.9009900990099,0.18167751221762796
-433.8811881188119,0.17556987973142368
-433.86138613861385,0.16928955197221082
-433.8415841584158,0.16284282616502677
-433.82178217821786,0.15623619049330634
-433.8019801980198,0.14947632441076303
-433.7821782178218,0.14257010095042083
-433.76237623762376,0.13552459191341765
-433.74257425742576,0.1283470772523268
-433.7227722772277,0.12104506065031907
-433.7029702970297,0.11362629441766202
-433.6831683168317,0.10609881870575555
-433.66336633663366,0.09847102329373346
-433.64356435643566,0.09075174604799835
-433.6237623762376,0.08295043309684959
-433.6039603960396,0.07507740724394969
-433.5841584158416,0.0671443357327154
-433.56435643564356,0.05916508731480566
-433.54455445544556,0.05115740568339002
-433.5247524752475,0.04314645268797859
-433.5049504950495,0.03517314032714125
-433.48514851485146,0.027316637898504286
-433.4653465346535,0.019767549779653774
-433.44554455445547,0.013125597827532134
-433.4257425742574,0.00957574437777323
-433.4059405940594,0.012221863540939128
-433.38613861386136,0.018578241615281592
-433.36633663366337,0.026044472755512648
-433.34653465346537,0.03387641120976653
-433.3267326732674,0.0418479522166926
-433.3069306930693,0.049868971390722903
-433.28712871287127,0.057894387442382844
-433.26732673267327,0.06589717655889239
-433.2475247524752,0.07385865054833937
-433.2277227722773,0.08176440591515195
-433.2079207920792,0.0896024401885854
-433.1881188118812,0.09736219882242882
-433.16831683168317,0.10503405999167524
-433.1485148514851,0.11260904120650202
-433.1287128712871,0.12007862528882819
-433.1089108910891,0.1274346538972161
-433.0891089108911,0.13466926093738524
-433.0693069306931,0.1417748303910309
-433.0495049504951,0.14874396956315653
-433.029702970297,0.15556949232497475
-433.00990099009897,0.16224440898378414
-432.99009900990103,0.16876192062841075
-432.970297029703,0.17511541654277285
-432.950495049505,0.18129847374563654
-432.9306930693069,0.18730485801352065
-432.91089108910893,0.19312852593940183
-432.8910891089109,0.1987636277103255
-432.8712871287129,0.20420451037619997
-432.8514851485149,0.2094457214430771
-432.83168316831683,0.21448201266751468
-432.81188118811883,0.21930834395909246
-432.7920792079208,0.22391988732032184
-432.7722772277228,0.22831203076921913
-432.7524752475248,0.2324803822018743
-432.73267326732673,0.23642077316108448
-432.71287128712873,0.24012926248399583
-432.6930693069307,0.243602139806816
-432.6732673267327,0.24683592890861042
-432.65346534653463,0.24982739087944408
-432.6336633663367,0.25257352710044073
-432.61386138613864,0.2550715820255126
-432.5940594059406,0.2573190457560042
-432.5742574257426,0.2593136564008978
-432.55445544554453,0.26105340221627304
-432.53465346534654,0.26253652351885376
-432.51485148514854,0.2637615143690026
-432.49504950495054,0.2647271240196125
-432.4752475247525,0.2654323581275599
-432.45544554455444,0.2658764797254529
-432.43564356435644,0.266059009951535
-432.4158415841584,0.26597972853632074
-432.39603960396045,0.26563867404499764
-432.3762376237624,0.2650361438751124
-432.3564356435644,0.26417269400940535
-432.33663366336634,0.26304913852432626
-432.3168316831683,0.261666548854978
-432.2970297029703,0.26002625281798647
-432.2772277227723,0.25812983339410067
-432.2574257425743,0.25597912727297706
-432.23762376237624,0.2535762231631683
-432.21782178217825,0.25092345987094505
-432.1980198019802,0.24802342415245274
-432.17821782178214,0.2448789483443609
-432.1584158415842,0.24149310777927174
-432.13861386138615,0.23786921799328015
-432.11881188118815,0.23401083173440232
-432.0990099009901,0.22992173578240113
-432.0792079207921,0.22560594759250793
-432.05940594059405,0.2210677117781134
-432.03960396039605,0.21631149645107808
-432.01980198019805,0.21134198944215116
-432.0,0.20616409442990122
-431.980198019802,0.20078292701362846
-431.96039603960395,0.19520381077549132
-431.94059405940595,0.1894322733901019
-431.92079207920796,0.18347404285778446
-431.9009900990099,0.1773350439622571
-431.8811881188119,0.17102139508798833
-431.86138613861385,0.16453940558166869
-431.84158415841586,0.15789557391289463
-431.8217821782178,0.15109658699267325
-431.8019801980198,0.14414932116325216
-431.7821782178218,0.13706084560717066
-431.76237623762376,0.12983842928833778
-431.74257425742576,0.12248955311606834
-431.7227722772277,0.11502192996517584
-431.7029702970297,0.10744353676292226
-431.6831683168317,0.0997626655820293
-431.66336633663366,0.09198800556966334
-431.64356435643566,0.08412877667815256
-431.6237623762376,0.076194954059576
-431.6039603960396,0.06819765904292704
-431.58415841584156,0.06014987455101319
-431.5643564356436,0.052067838874983605
-431.54455445544556,0.04397398848726402
-431.5247524752475,0.03590385794289672
-431.5049504950495,0.027924685963205426
-431.48514851485146,0.02019615524871701
-431.46534653465346,0.013225200825134273
-431.44554455445547,0.009046218954377568
-431.42574257425747,0.011362237283617746
-431.4059405940594,0.017792795221921703
-431.38613861386136,0.02536946069767917
-431.36633663366337,0.033300967879552286
-431.3465346534653,0.041362411906132754
-431.3267326732674,0.049467016992593704
-431.3069306930693,0.05757192972162966
-431.2871287128713,0.06565148277886934
-431.26732673267327,0.07368781901619702
-431.2475247524752,0.08166705390439293
-431.2277227722772,0.08957751376433037
-431.2079207920792,0.09740885300941896
-431.1881188118812,0.10515158074786557
-431.16831683168317,0.11279679307915601
-431.1485148514852,0.12033601536309843
-431.1287128712871,0.12776110639289098
-431.10891089108907,0.13506419895676172
-431.0891089108911,0.1422376625902485
-431.0693069306931,0.1492740802910077
-431.0495049504951,0.15616623425571952
-431.029702970297,0.16290709757882788
-431.009900990099,0.16948982996390824
-430.990099009901,0.17590777617513098
-430.970297029703,0.18215446637872063
-430.950495049505,0.18822361779500824
-430.9306930693069,0.19410913725830128
-430.91089108910893,0.1998051243997708
-430.8910891089109,0.2053058752485056
-430.8712871287129,0.21060588610105668
-430.8514851485149,0.21569985754841522
-430.83168316831683,0.2205826985769164
-430.81188118811883,0.22524953067932832
-430.7920792079208,0.22969569192679323
-430.7722772277228,0.23391674096295026
-430.7524752475247,0.23790846088965684
-430.73267326732673,0.24166686301960164
-430.71287128712873,0.2451881904758797
-430.6930693069307,0.2484689216220413
-430.6732673267327,0.2515057733090463
-430.65346534653463,0.2542957039277577
-430.63366336633663,0.25683591625739305
-430.61386138613864,0.25912386010178284
-430.5940594059406,0.2611572347066022
-430.5742574257426,0.2629339909517083
-430.55445544554453,0.26445233331351253
-430.53465346534654,0.26571072159326303
-430.5148514851485,0.26670787240756116
-430.49504950495054,0.26744276043822723
-430.4752475247525,0.2679146194390382
-430.45544554455444,0.26812294299743816
-430.43564356435644,0.2680674850498237
-430.4158415841584,0.2677482601493166
-430.3960396039604,0.26716554348558447
-430.3762376237624,0.26631987065652646
-430.3564356435644,0.26521203719220054
-430.33663366336634,0.26384309783164933
-430.3168316831683,0.26221436555397987
-430.2970297029703,0.26032741036520324
-430.27722772277224,0.2581840578431392
-430.2574257425743,0.2557863874430027
-430.23762376237624,0.25313673056700225
-430.21782178217825,0.2502376684018528
-430.1980198019802,0.24709202952888396
-430.17821782178214,0.24370288731224676
-430.15841584158414,0.24007355707173503
-430.13861386138615,0.23620759304784275
-430.11881188118815,0.23210878516813482
-430.0990099009901,0.2277811556258771
-430.0792079207921,0.22322895528372363
-430.05940594059405,0.2184566599182567
-430.039603960396,0.21346896632463283
-430.01980198019805,0.20827078830492338
-430.0,0.20286725256990554
-429.980198019802,0.19726369459173412
-429.96039603960395,0.1914656544556297
-429.94059405940595,0.1854788727731232
-429.9207920792079,0.17930928673918464
-429.9009900990099,0.17296302644357042
-429.8811881188119,0.16644641158587697
-429.86138613861385,0.15976594880094577
-429.84158415841586,0.1529283298839159
-429.8217821782178,0.14594043132833795
-429.8019801980198,0.1388093157779658
-429.7821782178218,0.13154223628382067
-429.76237623762376,0.12414664471834165
-429.74257425742576,0.11663020644661785
-429.7227722772277,0.10900082460516271
-429.7029702970297,0.1012666794952468
-429.68316831683165,0.09343629245344937
-429.6633663366337,0.08551863074246187
-429.64356435643566,0.077523284024099
-429.6237623762376,0.06946077189771299
-429.6039603960396,0.06134310567920711
-429.58415841584156,0.05318487933183576
-429.56435643564356,0.045005562597934874
-429.54455445544556,0.03683484903352982
-429.52475247524757,0.02872700265640868
-429.5049504950495,0.02080764101362687
-429.48514851485146,0.01347454129353067
-429.46534653465346,0.008491616365610289
-429.4455445544554,0.010250987747458857
-429.42574257425747,0.016745741291063963
-429.4059405940594,0.024443587307882653
-429.3861386138614,0.032482327874101075
-429.36633663366337,0.04063884038086825
-429.3465346534653,0.04883073106512973
-429.3267326732673,0.05701796346508138
-429.3069306930693,0.06517655348895168
-429.2871287128713,0.07328966477517486
-429.26732673267327,0.08134404776566237
-429.2475247524753,0.08932843180797294
-429.2277227722772,0.09723272964213925
-429.20792079207916,0.10504761520104595
-429.1881188118812,0.11276428705666758
-429.16831683168317,0.12037433029839914
-429.1485148514852,0.1278696334407414
-429.1287128712871,0.1352423374914323
-429.1089108910891,0.14248480453250867
-429.08910891089107,0.1495895985228452
-429.0693069306931,0.15654947396334679
-429.0495049504951,0.1633573697349294
-429.029702970297,0.17000640640167955
-429.009900990099,0.17648988586720732
-428.990099009901,0.18280129264327988
-428.970297029703,0.18893429622642222
-428.950495049505,0.19488275423277376
-428.9306930693069,0.20064071604365236
-428.91089108910893,0.20620242678437994
-428.8910891089109,0.21156233150630474
-428.8712871287129,0.2167150794757316
-428.8514851485148,0.22165552849704168
-428.8316831683169,0.2263787492146862
-428.81188118811883,0.2308800293507162
-428.7920792079208,0.23515487784429748
-428.7722772277228,0.23919902886611366
-428.7524752475247,0.24300844568593702
-428.73267326732673,0.24657932437566948
-428.71287128712873,0.24990809733321298
-428.69306930693074,0.2529914366149287
-428.6732673267327,0.2558262570665
-428.65346534653463,0.25840971924347794
-428.63366336633663,0.26073923211414324
-428.6138613861386,0.26281245553832655
-428.59405940594064,0.26462730251682975
-428.5742574257426,0.26618194120685984
-428.5544554455446,0.26747479669935686
-428.53465346534654,0.26850455255512906
-428.5148514851485,0.26927015209682176
-428.4950495049505,0.26977079945448834
-428.4752475247525,0.27000596036307417
-428.4554455445545,0.26997536271019057
-428.43564356435644,0.269678996833524
-428.41584158415844,0.26911711556717577
-428.3960396039604,0.26829023403687124
-428.37623762376234,0.26719912920435335
-428.3564356435644,0.2658448391616198
-428.33663366336634,0.2642286621762258
-428.31683168316835,0.2623521554891172
-428.2970297029703,0.2602171338671449
-428.2772277227723,0.2578256679127048
-428.25742574257424,0.2551800821336398
-428.23762376237624,0.2522829527771499
-428.21782178217825,0.24913710543184406
-428.1980198019802,0.24574561240337
-428.1782178217822,0.24211178986932766
-428.15841584158414,0.23823919482078187
-428.13861386138615,0.23413162179855562
-428.11881188118815,0.22979309943428478
-428.0990099009901,0.2252278868079489
-428.0792079207921,0.2204404696361464
-428.05940594059405,0.21543555630838648
-428.03960396039605,0.21021807379262333
-428.019801980198,0.20479316343632342
-428.0,0.19916617669668457
-427.980198019802,0.1933426708420725
-427.96039603960395,0.1873284046800741
-427.94059405940595,0.1811293343843186
-427.9207920792079,0.1747516095164622
-427.9009900990099,0.16820156937393013
-427.8811881188119,0.16148573984313516
-427.86138613861385,0.154610831009376
-427.84158415841586,0.14758373588159382
-427.8217821782178,0.14041153075143317
-427.8019801980198,0.13310147795591934
-427.78217821782175,0.12566103220823654
-427.7623762376238,0.11809785230175716
-427.74257425742576,0.1104198210613877
-427.7227722772277,0.10263507825531488
-427.7029702970297,0.0947520744605801
-427.68316831683165,0.08677965996680796
-427.66336633663366,0.07872723465723469
-427.64356435643566,0.07060500917459693
-427.62376237623766,0.06242448112378854
-427.6039603960396,0.054199356784797204
-427.58415841584156,0.04594747951433556
-427.56435643564356,0.037695299923083764
-427.5445544554455,0.029489779171727935
-427.52475247524757,0.021436909572940546
-427.5049504950495,0.013867155450535976
-427.4851485148515,0.00830877496630823
-427.46534653465346,0.009502910543898941
-427.4455445544554,0.01600276245141961
-427.4257425742574,0.023786495070463744
-427.4059405940594,0.03191045601031504
-427.3861386138614,0.040147355753651484
-427.36633663366337,0.048416135701052444
-427.34653465346537,0.056677965102281715
-427.3267326732673,0.06490963490802043
-427.30693069306926,0.07309478505177533
-427.2871287128713,0.08122045665441999
-427.26732673267327,0.08927555440817031
-427.2475247524753,0.0972500930174926
-427.2277227722772,0.10513480035516186
-427.2079207920792,0.11292089663389795
-427.18811881188117,0.12059996632117065
-427.16831683168317,0.12816388163556716
-427.1485148514852,0.13560475605671554
-427.1287128712871,0.14291491597622283
-427.1089108910891,0.15008688367152642
-427.08910891089107,0.1571133675407073
-427.0693069306931,0.16398725709872605
-427.0495049504951,0.17070162115213341
-427.029702970297,0.17724970812382773
-427.009900990099,0.18362494784360028
-426.990099009901,0.18982095433964324
-426.970297029703,0.19583152930875103
-426.9504950495049,0.20165066603765597
-426.9306930693069,0.2072725536120632
-426.91089108910893,0.21269158129390056
-426.8910891089109,0.21790234297808894
-426.8712871287129,0.22289964166201057
-426.8514851485148,0.22767849387646474
-426.83168316831683,0.23223413403839416
-426.81188118811883,0.2365620186940197
-426.7920792079208,0.2406578306274305
-426.7722772277228,0.24451748281443814
-426.7524752475247,0.24813712220502393
-426.73267326732673,0.2515131333207709
-426.7128712871287,0.25464214165573773
-426.69306930693074,0.2575210168712191
-426.6732673267327,0.2601468757759431
-426.65346534653463,0.2625170850848887
-426.63366336633663,0.2646292639505922
-426.6138613861386,0.26648128626163414
-426.5940594059406,0.2680712827041846
-426.5742574257426,0.2693976425823079
-426.5544554455446,0.2704590153942532
-426.53465346534654,0.27125431216166723
-426.5148514851485,0.27178270650968317
-426.4950495049505,0.27204363549595206
-426.47524752475243,0.2720368001874211
-426.4554455445545,0.2717621659836274
-426.43564356435644,0.2712199626862564
-426.41584158415844,0.270410684314533
-426.3960396039604,0.2693350886667468
-426.37623762376234,0.26799419662856955
-426.35643564356434,0.26638929122907073
-426.33663366336634,0.26452191644593953
-426.31683168316835,0.2623938757615949
-426.2970297029703,0.260007230472736
-426.2772277227723,0.2573642977558969
-426.25742574257424,0.25446764849238535
-426.2376237623762,0.2513201048566736
-426.21782178217825,0.24792473767260467
-426.1980198019802,0.24428486354298323
-426.1782178217822,0.2404040417586686
-426.15841584158414,0.23628607099463886
-426.13861386138615,0.23193498580153268
-426.1188118811881,0.22735505290301458
-426.0990099009901,0.22255076731112303
-426.0792079207921,0.21752684827429747
-426.05940594059405,0.2122882350761324
-426.03960396039605,0.20684008270702056
-426.019801980198,0.20118775743638
-426.0,0.1953368323207131
-425.980198019802,0.1892930826928137
-425.96039603960395,0.18306248169133763
-425.94059405940595,0.17665119590913753
-425.9207920792079,0.17006558126653779
-425.9009900990099,0.16331217925448802
-425.88118811881185,0.15639771375033817
-425.8613861386139,0.14932908869363729
-425.84158415841586,0.14211338703836998
-425.8217821782178,0.13475787159639735
-425.8019801980198,0.12726998870069647
-425.78217821782175,0.1196573761245762
-425.7623762376238,0.11192787753812466
-425.74257425742576,0.10408956723403863
-425.72277227722776,0.09615079143569812
-425.7029702970297,0.08812023728002813
-425.68316831683165,0.08000704983973145
-425.66336633663366,0.07182103654273499
-425.64356435643566,0.06357303983567844
-425.62376237623766,0.05527565687312478
-425.6039603960396,0.0469447393220953
-425.5841584158416,0.0386028513099129
-425.56435643564356,0.030288418025954084
-425.5445544554455,0.022085158507237697
-425.52475247524757,0.014249067923933332
-425.5049504950495,0.00802626260097979
-425.4851485148515,0.00851594365954735
-425.46534653465346,0.01507884222951312
-425.44554455445547,0.02298755304968015
-425.4257425742574,0.031218096619134036
-425.4059405940594,0.03954877124036043
-425.3861386138614,0.047903833807111926
-425.36633663366337,0.05624741056178357
-425.34653465346537,0.06455793396141864
-425.3267326732673,0.07281999222428971
-425.3069306930693,0.08102119431324356
-425.2871287128713,0.08915079290782482
-425.26732673267327,0.09719901738496224
-425.2475247524753,0.10515672598053667
-425.2277227722772,0.11301521399558785
-425.2079207920792,0.1207661036170813
-425.18811881188117,0.1284012788546186
-425.1683168316832,0.13591284659219896
-425.1485148514852,0.14329311335201528
-425.1287128712871,0.15053457182293586
-425.1089108910891,0.15762989362414104
-425.08910891089107,0.16457192613888885
-425.0693069306931,0.17135369205117093
-425.0495049504951,0.17796839069872758
-425.0297029702971,0.1844094006540343
-425.009900990099,0.19067028313357975
-424.990099009901,0.19674478595900124
-424.970297029703,0.20262684787468263
-424.9504950495049,0.20831060308157112
-424.930693069307,0.21379038588448385
-424.91089108910893,0.21906073537666138
-424.89108910891093,0.22411640010389108
-424.8712871287129,0.22895234266388823
-424.8514851485148,0.2335637442064508
-424.83168316831683,0.23794600880709388
-424.81188118811883,0.24209476769214627
-424.79207920792084,0.2460058832976174
-424.7722772277228,0.24967545314697578
-424.7524752475248,0.2530998135357574
-424.73267326732673,0.2562755430124806
-424.7128712871287,0.2591994656473288
-424.69306930693074,0.2618686540808681
-424.6732673267327,0.2642804323465089
-424.6534653465347,0.26643237846102097
-424.63366336633663,0.2683223267783533
-424.61386138613864,0.26994837010249406
-424.5940594059406,0.27130886155590545
-424.5742574257426,0.2724024162003133
-424.5544554455446,0.27322791240738487
-424.53465346534654,0.2737844929771152
-424.51485148514854,0.27407156600217314
-424.4950495049505,0.27408880547686165
-424.4752475247525,0.2738361516498507
-424.4554455445545,0.273313811120011
-424.43564356435644,0.27252225667513436
-424.41584158415844,0.2714622268738337
-424.3960396039604,0.2701347253710771
-424.3762376237624,0.2685410199881976
-424.35643564356434,0.26668264152891047
-424.33663366336634,0.2645613823427234
-424.31683168316835,0.2621792946381924
-424.2970297029703,0.25953868854833995
-424.2772277227723,0.25664212995145874
-424.25742574257424,0.2534924380508002
-424.23762376237624,0.2500926827174419
-424.21782178217825,0.24644618160108822
-424.1980198019802,0.24255649701457602
-424.1782178217822,0.23842743259860566
-424.15841584158414,0.23406302977436924
-424.13861386138615,0.22946756399316354
-424.1188118811881,0.2246455407936494
-424.09900990099015,0.21960169167952467
-424.0792079207921,0.21434096983319847
-424.05940594059405,0.20886854568428587
-424.03960396039605,0.2031898023565552
-424.019801980198,0.19731033102291684
-424.0,0.19123592620644647
-423.980198019802,0.18497258107649944
-423.960396039604,0.17852648280510636
-423.94059405940595,0.17190400807070416
-423.9207920792079,0.165111718828439
-423.9009900990099,0.15815635851252421
-423.88118811881185,0.1510448489049803
-423.8613861386139,0.1437842880091576
-423.84158415841586,0.1363819494265129
-423.82178217821786,0.12884528398768516
-423.8019801980198,0.12118192479718154
-423.78217821782175,0.11339969752874857
-423.76237623762376,0.10550663897038964
-423.74257425742576,0.09751102887927356
-423.72277227722776,0.08942144401486046
-423.7029702970297,0.08124685058385689
-423.6831683168317,0.07299676636821771
-423.66336633663366,0.06468155653052486
-423.6435643564356,0.05631300399927736
-423.62376237623766,0.04790549404988755
-423.6039603960396,0.03947873150501971
-423.5841584158416,0.031064881821839696
-423.56435643564356,0.022731374391059194
-423.54455445544556,0.014679013733479877
-423.5247524752475,0.007909485605101286
-423.5049504950495,0.007658320490827641
-423.4851485148515,0.014276950300076236
-423.46534653465346,0.022307063333281658
-423.44554455445547,0.03064125345230468
-423.4257425742574,0.039064166511018954
-423.4059405940594,0.047505071763381035
-423.3861386138614,0.05593073287371723
-423.36633663366337,0.06432099897302788
-423.34653465346537,0.07266125611100759
-423.3267326732673,0.0809395793846042
-423.3069306930693,0.08914549898037913
-423.28712871287127,0.09726940873514404
-423.26732673267327,0.10530226049088878
-423.2475247524753,0.11323539703369104
-423.2277227722772,0.12106045704231404
-423.2079207920792,0.12876931962831564
-423.18811881188117,0.13635407168725525
-423.16831683168317,0.14380698891694652
-423.1485148514852,0.1511205252960073
-423.1287128712871,0.1582873079427256
-423.1089108910891,0.16530013547039193
-423.08910891089107,0.17215197865221124
-423.0693069306931,0.17883598262762285
-423.049504950495,0.18534547014075503
-423.0297029702971,0.19167394546570365
-423.009900990099,0.19781509877971565
-422.990099009901,0.20376281081538405
-422.970297029703,0.209511157670635
-422.9504950495049,0.21505441568757527
-422.9306930693069,0.22038706633402086
-422.91089108910893,0.22550380103752243
-422.89108910891093,0.23039952593319554
-422.8712871287129,0.23506936649511267
-422.8514851485148,0.23950867202718829
-422.83168316831683,0.24371301999410505
-422.8118811881188,0.24767822017630609
-422.79207920792084,0.2514003186359821
-422.7722772277228,0.2548756014828337
-422.7524752475248,0.2581005984302732
-422.73267326732673,0.2610720861340349
-422.7128712871287,0.2637870913061973
-422.6930693069307,0.26624289359865244
-422.6732673267327,0.26843702825076216
-422.6534653465347,0.27036728849671643
-422.63366336633663,0.2720317277285492
-422.61386138613864,0.2734286614114553
-422.5940594059406,0.27455666874846407
-422.57425742574253,0.2754145940919694
-422.5544554455446,0.27600154810000765
-422.53465346534654,0.2763169086356634
-422.51485148514854,0.27636032140824435
-422.4950495049505,0.276131700355329
-422.4752475247525,0.2756312277650421
-422.45544554455444,0.2748593541383917
-422.43564356435644,0.2738167977917797
-422.41584158415844,0.2725045442000626
-422.3960396039604,0.27092384508115996
-422.3762376237624,0.2690762172232185
-422.35643564356434,0.2669634410560364
-422.33663366336634,0.26458755896861563
-422.31683168316835,0.2619508733752474
-422.2970297029703,0.2590559445329852
-422.2772277227723,0.25590558811367475
-422.25742574257424,0.25250287253446785
-422.23762376237624,0.24885111605120908
-422.2178217821782,0.24495388361974038
-422.19801980198025,0.2408149835309888
-422.1782178217822,0.23643846382669723
-422.15841584158414,0.23182860850358847
-422.13861386138615,0.22698993351535487
-422.1188118811881,0.22192718258336877
-422.0990099009901,0.21664532282926977
-422.0792079207921,0.21114954024536997
-422.0594059405941,0.20544523502246656
-422.03960396039605,0.19953801675942712
-422.019801980198,0.1934336995855504
-422.0,0.18713829723552977
-421.98019801980195,0.1806580181293274
-421.960396039604,0.1739992605265885
-421.94059405940595,0.16716860785022492
-421.92079207920796,0.16017282431009966
-421.9009900990099,0.1530188510110869
-421.88118811881185,0.14571380281099047
-421.86138613861385,0.1382649663175069
-421.84158415841586,0.13067979960934542
-421.82178217821786,0.1229659345811202
-421.8019801980198,0.11513118333364399
-421.7821782178218,0.1071835509223913
-421.76237623762376,0.09913125835324818
-421.7425742574257,0.09098278261483632
-421.72277227722776,0.08274692612265373
-421.7029702970297,0.07443293929645782
-421.6831683168317,0.06605074454009557
-421.66336633663366,0.05761136719050843
-421.64356435643566,0.04912782584103428
-421.6237623762376,0.040617157953187995
-421.6039603960396,0.03210568304677385
-421.5841584158416,0.023645556846351962
-421.56435643564356,0.01538477759317393
-421.54455445544556,0.008052953970192591
-421.5247524752475,0.00665835982598161
-421.5049504950495,0.013239784312742668
-421.4851485148515,0.021384041746201125
-421.46534653465346,0.029820253129569305
-421.44554455445547,0.03833496012367065
-421.4257425742574,0.04686175252427923
-421.4059405940594,0.055369818297617376
-421.38613861386136,0.06384032942520747
-421.3663366336634,0.0722594197308052
-421.34653465346537,0.08061560043553918
-421.3267326732673,0.08889865973692071
-421.3069306930693,0.09709914246702366
-421.28712871287127,0.10520808429842679
-421.26732673267327,0.11321686809564163
-421.2475247524753,0.1211171432036895
-421.2277227722773,0.12890077909963926
-421.2079207920792,0.13655983872477115
-421.18811881188117,0.14408656354462498
-421.16831683168317,0.1514733658318538
-421.1485148514851,0.15871282551832555
-421.1287128712872,0.1657976899992834
-421.1089108910891,0.17272087587371443
-421.0891089108911,0.17947547196507546
-421.0693069306931,0.186054743188438
-421.049504950495,0.19245213497004815
-421.029702970297,0.19866127801607447
-421.009900990099,0.20467599328689248
-420.99009900990103,0.21049029707367645
-420.970297029703,0.21609840610140602
-420.950495049505,0.22149474260176166
-420.9306930693069,0.2266739393126587
-420.9108910891089,0.23163084437130824
-420.89108910891093,0.23636052607437144
-420.8712871287129,0.24085827748427535
-420.8514851485149,0.2451196208645524
-420.83168316831683,0.24914031193017952
-420.81188118811883,0.252916343901075
-420.7920792079208,0.2564439513487446
-420.7722772277228,0.25971961382761377
-420.7524752475248,0.26274005928360833
-420.73267326732673,0.26550226723364356
-420.71287128712873,0.26800347171036343
-420.6930693069307,0.27024116396732956
-420.6732673267327,0.27221309494024853
-420.6534653465347,0.2739172774606244
-420.63366336633663,0.2753519882184745
-420.61386138613864,0.2765157694713184
-420.5940594059406,0.277407430497033
-420.5742574257426,0.27802604878860104
-420.55445544554453,0.2783709709889674
-420.53465346534654,0.2784418135649149
-420.51485148514854,0.27823846321881357
-420.4950495049505,0.2777610770378036
-420.4752475247525,0.27701008238001246
-420.45544554455444,0.27598617649795226
-420.43564356435644,0.2746903258994677
-420.41584158415844,0.2731237654469053
-420.3960396039604,0.27128799719573243
-420.3762376237624,0.2691847889737792
-420.35643564356434,0.2668161727031399
-420.33663366336634,0.26418444246670075
-420.3168316831683,0.2612921523219213
-420.29702970297035,0.2581421138647896
-420.2772277227723,0.2547373935474383
-420.25742574257424,0.25108130975327714
-420.23762376237624,0.24717742963417993
-420.2178217821782,0.24302956571477036
-420.1980198019802,0.23864177226977495
-420.1782178217822,0.2340183414810809
-420.1584158415842,0.22916379938241282
-420.13861386138615,0.2240829016005756
-420.1188118811881,0.21878062890414013
-420.0990099009901,0.21326218257234952
-420.07920792079204,0.20753297959973196
-420.0594059405941,0.2015986477555614
-420.03960396039605,0.19546502052199125
-420.01980198019805,0.18913813194134743
-420.0,0.18262421141179302
-419.98019801980195,0.1759296784835344
-419.96039603960395,0.1690611377254784
-419.94059405940595,0.16202537375852494
-419.92079207920796,0.1548293465902288
-419.9009900990099,0.14748018744344535
-419.8811881188119,0.1399851953608304
-419.86138613861385,0.1323518350066633
-419.8415841584158,0.12458773631235516
-419.82178217821786,0.11670069698372759
-419.8019801980198,0.10869868952147248
-419.7821782178218,0.10058987552354294
-419.76237623762376,0.09238263208793208
-419.74257425742576,0.08408559906904226
-419.7227722772277,0.07570776390304514
-419.7029702970297,0.06725861786982289
-419.6831683168317,0.05874845749321919
-419.66336633663366,0.05018900626760145
-419.64356435643566,0.04159482259074071
-419.6237623762376,0.03298693100855703
-419.6039603960396,0.02440413111068889
-419.5841584158416,0.015950349408435358
-419.56435643564356,0.008130815202878712
-419.54455445544556,0.005609445561189243
-419.5247524752475,0.012275603511487654
-419.5049504950495,0.020576378141469287
-419.48514851485146,0.029129972586656522
-419.46534653465346,0.03774376858263498
-419.44554455445547,0.04636054866308559
-419.4257425742574,0.054953588999367704
-419.4059405940594,0.06350608055236667
-419.38613861386136,0.0720052403634563
-419.36633663366337,0.080440194825515
-419.34653465346537,0.08880109332941159
-419.3267326732673,0.09707869477289804
-419.3069306930693,0.10526415902555897
-419.28712871287127,0.1133489358165347
-419.26732673267327,0.1213247034411634
-419.2475247524752,0.12918333449569805
-419.2277227722773,0.13691687700428337
-419.2079207920792,0.1445175446690799
-419.18811881188117,0.1519777127074989
-419.16831683168317,0.15928991720117883
-419.1485148514851,0.16644685669546913
-419.1287128712871,0.17344139525901398
-419.1089108910891,0.18026656649369552
-419.0891089108911,0.18691557815811136
-419.0693069306931,0.19338181717609046
-419.049504950495,0.19965885487248738
-419.029702970297,0.20574045232406707
-419.00990099009897,0.21162056574504537
-418.99009900990103,0.21729335184736656
-418.970297029703,0.2227531731312482
-418.950495049505,0.22799460307151587
-418.9306930693069,0.23301243117294515
-418.9108910891089,0.2378016678733324
-418.8910891089109,0.24235754927693814
-418.8712871287129,0.24667554170411632
-418.8514851485149,0.25075134604530286
-418.83168316831683,0.2545809019091296
-418.81188118811883,0.2581603915562049
-418.7920792079208,0.2614862436109121
-418.7722772277227,0.26455513654477075
-418.7524752475248,0.26736400192564946
-418.73267326732673,0.2699100274276287
-418.71287128712873,0.27219065959712774
-418.6930693069307,0.27420360637134267
-418.6732673267327,0.2759468393454296
-418.65346534653463,0.27741859578542916
-418.63366336633663,0.2786173803842205
-418.61386138613864,0.27954196675827037
-418.5940594059406,0.28019139868320525
-418.5742574257426,0.28056499106660865
-418.55445544554453,0.2806623306568676
-418.53465346534654,0.28048327648705723
-418.51485148514854,0.28002796005332387
-418.4950495049505,0.27929678522742973
-418.4752475247525,0.2782904279035515
-418.45544554455444,0.27700983537961504
-418.43564356435644,0.2754562254739247
-418.4158415841584,0.27363108537797703
-418.39603960396045,0.27153617024683196
-418.3762376237624,0.26917350152870195
-418.35643564356434,0.26654536503570986
-418.33663366336634,0.26365430875822854
-418.3168316831683,0.26050314042547434
-418.2970297029703,0.25709492481559293
-418.2772277227723,0.2534329808186602
-418.2574257425743,0.24952087825683902
-418.23762376237624,0.24536243446612432
-418.2178217821782,0.24096171064494035
-418.1980198019802,0.23632300797551567
-418.17821782178214,0.23145086352477853
-418.1584158415842,0.2263500459324191
-418.13861386138615,0.22102555089531672
-418.11881188118815,0.2154825964588048
-418.0990099009901,0.20972661812741447
-418.07920792079204,0.20376326381036652
-418.05940594059405,0.19759838862069154
-418.03960396039605,0.19123804955146617
-418.01980198019805,0.18468850005940465
-418.0,0.1779561845951045
-417.980198019802,0.17104773313245103
-417.96039603960395,0.1639699557684962
-417.9405940594059,0.15672983749302902
-417.92079207920796,0.14933453326884602
-417.9009900990099,0.1417913636278071
-417.8811881188119,0.13410781108813405
-417.86138613861385,0.12629151785920167
-417.84158415841586,0.11835028556598451
-417.8217821782178,0.11029207817625081
-417.8019801980198,0.10212503010792438
-417.7821782178218,0.09385746294523271
-417.76237623762376,0.08549791696927872
-417.74257425742576,0.07705520930293519
-417.7227722772277,0.06853854246290761
-417.7029702970297,0.05995771480141503
-417.6831683168317,0.051323554373957934
-417.66336633663366,0.04264889671892147
-417.64356435643566,0.03395108468865046
-417.6237623762376,0.025259652305228874
-417.6039603960396,0.016647917062147688
-417.58415841584156,0.008454802194708082
-417.5643564356436,0.004682825691610843
-417.54455445544556,0.011347298828683607
-417.5247524752475,0.019789826653435573
-417.5049504950495,0.028453448764865896
-417.48514851485146,0.037162833894191706
-417.46534653465346,0.04586823438376926
-417.44554455445547,0.05454615686612914
-417.42574257425747,0.06318135286421855
-417.4059405940594,0.0717618588300003
-417.38613861386136,0.08027725455386404
-417.36633663366337,0.08871794601706502
-417.3465346534653,0.09707483547549822
-417.3267326732674,0.10533915736067058
-417.3069306930693,0.11350239226685974
-417.2871287128713,0.12155622056956436
-417.26732673267327,0.12949249740781443
-417.2475247524752,0.1373032397628781
-417.2277227722772,0.144980620665986
-417.2079207920792,0.15251696774499607
-417.1881188118812,0.15990476447815696
-417.16831683168317,0.16713665316598628
-417.1485148514852,0.17420543900244678
-417.1287128712871,0.18110409484711787
-417.10891089108907,0.1878257664348649
-417.0891089108911,0.19436377784453737
-417.0693069306931,0.2007116371028181
-417.0495049504951,0.20686304183526924
-417.029702970297,0.21281188490076278
-417.009900990099,0.2185522599619408
-416.990099009901,0.22407846695589395
-416.970297029703,0.2293850174372406
-416.950495049505,0.2344666397717129
-416.9306930693069,0.2393182841625723
-416.91089108910893,0.24393512749539392
-416.8910891089109,0.24831257798905593
-416.8712871287129,0.2524462796427655
-416.8514851485149,0.25633211647023124
-416.83168316831683,0.25996621651334056
-416.81188118811883,0.26334495562867993
-416.7920792079208,0.2664649610408441
-416.7722772277228,0.2693231146573594
-416.7524752475247,0.271916556140466
-416.73267326732673,0.27424268573157184
-416.71287128712873,0.27629916682464517
-416.6930693069307,0.2780839282852243
-416.6732673267327,0.2795951665121173
-416.65346534653463,0.28083134723919023
-416.63366336633663,0.2817912070751125
-416.61386138613864,0.2824737547790854
-416.5940594059406,0.28287827227102685
-416.5742574257426,0.2830043153750368
-416.55445544554453,0.28285171429511513
-416.53465346534654,0.2824205738225978
-416.5148514851485,0.28171127327495304
-416.49504950495054,0.280724466165929
-416.4752475247525,0.2794610796074033
-416.45544554455444,0.2779223134434104
-416.43564356435644,0.2761096391174267
-416.4158415841584,0.27402479827392207
-416.3960396039604,0.27166980109586486
-416.3762376237624,0.26904692437994443
-416.3564356435644,0.26615870935166586
-416.33663366336634,0.26300795922289383
-416.3168316831683,0.2595977364946377
-416.2970297029703,0.2559313600083413
-416.27722772277224,0.25201240174930206
-416.2574257425743,0.24784468340632457
-416.23762376237624,0.24343227269210282
-416.21782178217825,0.23877947942944736
-416.1980198019802,0.2338908514091046
-416.17821782178214,0.22877117002558847
-416.15841584158414,0.22342544569837058
-416.13861386138615,0.21785891308688732
-416.11881188118815,0.21207702610916987
-416.0990099009901,0.20608545277569174
-416.0792079207921,0.1998900698523444
-416.05940594059405,0.19349695736965303
-416.039603960396,0.18691239299941995
-416.01980198019805,0.18014284632614339
-416.0,0.17319497304876436
-415.980198019802,0.16607560916033276
-415.96039603960395,0.15879176517109703
-415.94059405940595,0.15135062046661601
-415.9207920792079,0.14375951793335384
-415.9009900990099,0.1360259590469539
-415.8811881188119,0.12815759971975807
-415.86138613861385,0.12016224737014064
-415.84158415841586,0.11204785995787132
-415.8217821782178,0.10382254822312509
-415.8019801980198,0.09549458326583721
-415.7821782178218,0.087072413313548
-415.76237623762376,0.07856469695734586
-415.74257425742576,0.06998036744683937
-415.7227722772277,0.06132875939690107
-415.7029702970297,0.052619871301986525
-415.68316831683165,0.04386495539136544
-415.66336633663366,0.03507801163087221
-415.64356435643566,0.026280307219571558
-415.6237623762376,0.017518506208491446
-415.6039603960396,0.008988006363065648
-415.58415841584156,0.0036441094715594278
-415.5643564356436,0.01023356436959117
-415.54455445544556,0.018837174558945523
-415.5247524752475,0.027617211192257338
-415.5049504950495,0.036425385148920894
-415.48514851485146,0.04522153795682841
-415.46534653465346,0.05398604036980338
-415.44554455445547,0.06270544381464906
-415.42574257425747,0.0713687100231044
-415.4059405940594,0.07996592449620693
-415.38613861386136,0.08848777778889998
-415.36633663366337,0.09692533135064643
-415.3465346534653,0.10526990347650693
-415.3267326732674,0.11351301119552316
-415.3069306930693,0.12164634029272818
-415.2871287128713,0.12966173037732842
-415.26732673267327,0.13755116840605153
-415.2475247524752,0.14530678714989448
-415.2277227722772,0.15292086664100632
-415.2079207920792,0.16038583745568993
-415.1881188118812,0.16769428514203213
-415.16831683168317,0.17483895536005628
-415.1485148514852,0.181812759456324
-415.1287128712871,0.1886087802888749
-415.10891089108907,0.19522027817725504
-415.0891089108911,0.20164069689040298
-415.0693069306931,0.207863669609881
-415.0495049504951,0.2138830248227447
-415.029702970297,0.21969279210962903
-415.009900990099,0.22528720780160263
-414.990099009901,0.23066072048497496
-414.970297029703,0.23580799633729158
-414.950495049505,0.24072392428069248
-414.9306930693069,0.24540362094106394
-414.91089108910893,0.24984243540314863
-414.8910891089109,0.2540359537530465
-414.8712871287129,0.25798000340058214
-414.8514851485149,0.26167065717501287
-414.83168316831683,0.2651042371880267
-414.81188118811883,0.26827731845880415
-414.7920792079208,0.27118673229632095
-414.7722772277228,0.2738295694345977
-414.7524752475247,0.2762031829169933
-414.7326732673268,0.2783051907260322
-414.71287128712873,0.2801334781556234
-414.6930693069307,0.2816861999229524
-414.6732673267327,0.2829617820174426
-414.65346534653463,0.2839589232848475
-414.63366336633663,0.2846765967444501
-414.61386138613864,0.2851140506380308
-414.59405940594064,0.2852708092092116
-414.5742574257426,0.2851466732124534
-414.55445544554453,0.28474172015089516
-414.53465346534654,0.28405630424285055
-414.5148514851485,0.28309105611682617
-414.49504950495054,0.2818468822353904
-414.4752475247525,0.280324964048365
-414.4554455445545,0.27852675687624484
-414.43564356435644,0.276453988524922
-414.4158415841584,0.27410865763320774
-414.3960396039604,0.27149303175477024
-414.3762376237624,0.2686096451766346
-414.3564356435644,0.265461296476498
-414.33663366336634,0.26205104582153815
-414.31683168316835,0.25838221201173145
-414.2970297029703,0.2544583692708889
-414.27722772277224,0.25028334378927025
-414.2574257425743,0.24586121002164005
-414.23762376237624,0.24119628674541493
-414.21782178217825,0.2362931328837842
-414.1980198019802,0.2311565430992591
-414.1782178217822,0.2257915431638778
-414.15841584158414,0.22020338511270196
-414.13861386138615,0.21439754218856819
-414.11881188118815,0.20837970358675645
-414.0990099009901,0.20215576901001506
-414.0792079207921,0.19573184304606542
-414.05940594059405,0.18911422938238379
-414.03960396039605,0.18230942487650056
-414.01980198019805,0.1753241135050642
-414.0,0.1681651602217356
-413.980198019802,0.16083960476455963
-413.96039603960395,0.1533546554683948
-413.94059405940595,0.14571768316154726
-413.9207920792079,0.13793621526157474
-413.90099009900996,0.13001793024335564
-413.8811881188119,0.1219706527467253
-413.86138613861385,0.11380234975099751
-413.84158415841586,0.10552112852246992
-413.8217821782178,0.09713523754719933
-413.8019801980198,0.08865307262040713
-413.7821782178218,0.0800831921767134
-413.7623762376238,0.07143434999576187
-413.74257425742576,0.06271556263547357
-413.7227722772277,0.05393625185790518
-413.7029702970297,0.04510656597640114
-413.68316831683165,0.03623818867603308
-413.6633663366337,0.027346748179117742
-413.64356435643566,0.018461222682104986
-413.62376237623766,0.009684992519998452
-413.6039603960396,0.002799684043872491
-413.58415841584156,0.009129435780553231
-413.56435643564356,0.017891354829251988
-413.54455445544556,0.0267813599438678
-413.52475247524757,0.0356830143259828
-413.5049504950495,0.04456559036854303
-413.4851485148515,0.05341299811991889
-413.46534653465346,0.062213370454140875
-413.4455445544554,0.07095645669724154
-413.42574257425747,0.07963275957862022
-413.4059405940594,0.08823319540745751
-413.3861386138614,0.09674894435571171
-413.36633663366337,0.10517137983434217
-413.34653465346537,0.11349203429160167
-413.3267326732673,0.12170258315685986
-413.3069306930693,0.1297948384041735
-413.2871287128713,0.13776074747237121
-413.26732673267327,0.14559239528262258
-413.2475247524753,0.15328200809618756
-413.2277227722772,0.16082195848155117
-413.2079207920792,0.16820477095000916
-413.1881188118812,0.1754231279838923
-413.16831683168317,0.18246987627971006
-413.1485148514852,0.18933803308777025
-413.1287128712871,0.1960207925673061
-413.1089108910891,0.20251153209978254
-413.08910891089107,0.20880381851900934
-413.0693069306931,0.2148914142269705
-413.0495049504951,0.22076828317164274
-413.029702970297,0.22642859666795062
-413.009900990099,0.2318667390467291
-412.990099009901,0.23707731311899247
-412.970297029703,0.24205514544492707
-412.950495049505,0.24679529139831857
-412.9306930693069,0.2512930400184021
-412.91089108910893,0.25554391864185527
-412.8910891089109,0.2595436973086573
-412.8712871287129,0.26328839293583145
-412.8514851485148,0.2667742732539126
-412.8316831683169,0.26999786050121594
-412.81188118811883,0.27295593487162667
-412.7920792079208,0.2756455377117468
-412.7722772277228,0.27806397446387643
-412.7524752475247,0.280208817351402
-412.73267326732673,0.2820779078036723
-412.71287128712873,0.2836693586176308
-412.69306930693074,0.2849815558538403
-412.6732673267327,0.28601316046483005
-412.65346534653463,0.2867631096539588
-412.63366336633663,0.2872306179633411
-412.6138613861386,0.2874151780895714
-412.59405940594064,0.2873165614264137
-412.5742574257426,0.28693481833371054
-412.5544554455446,0.2862702781323211
-412.53465346534654,0.28532354882485894
-412.5148514851485,0.28409551654259324
-412.4950495049505,0.2825873447189447
-412.4752475247525,0.28080047299036137
-412.4554455445545,0.278736615825734
-412.43564356435644,0.27639776088553586
-412.41584158415844,0.27378616711261117
-412.3960396039604,0.2709043625562069
-412.37623762376234,0.267755141931749
-412.3564356435644,0.2643415639187429
-412.33663366336634,0.2606669481996139
-412.31683168316835,0.256734872242633
-412.2970297029703,0.2525491678323855
-412.2772277227723,0.24811391735140279
-412.25742574257424,0.24343344981726525
-412.23762376237624,0.23851233667941496
-412.21782178217825,0.233355387380697
-412.1980198019802,0.22796764468884406
-412.1782178217822,0.22235437980375838
-412.15841584158414,0.21652108724690614
-412.13861386138615,0.21047347954006201
-412.11881188118815,0.2042174816811608
-412.0990099009901,0.1977592254266628
-412.0792079207921,0.19110504339057885
-412.05940594059405,0.1842614629731104
-412.03960396039605,0.17723520013376576
-412.019801980198,0.17003315302836783
-412.0,0.1626623955342188
-411.980198019802,0.15513017069657775
-411.96039603960395,0.1474438841415228
-411.94059405940595,0.13961109751972
-411.9207920792079,0.13163952207635157
-411.9009900990099,0.12353701249223362
-411.8811881188119,0.11531156122574983
-411.86138613861385,0.10697129373181001
-411.84158415841586,0.09852446519971542
-411.8217821782178,0.08997945995356962
-411.8019801980198,0.08134479565583165
-411.78217821782175,0.0726291365573873
-411.7623762376238,0.06384132479835136
-411.74257425742576,0.054990450528531215
-411.7227722772277,0.0460860140597343
-411.7029702970297,0.03713833653355713
-411.68316831683165,0.02815977621666658
-411.66336633663366,0.019169400283243047
-411.64356435643566,0.010222353922014888
-411.62376237623766,0.0022774602776882914
-411.6039603960396,0.008367462041778647
-411.58415841584156,0.01728613341020604
-411.56435643564356,0.026282310363234918
-411.5445544554455,0.035276120833364503
-411.52475247524757,0.044245332552073996
-411.5049504950495,0.05317677172275988
-411.4851485148515,0.062059805650046845
-411.46534653465346,0.07088477058000635
-411.4455445544554,0.07964246372857212
-411.4257425742574,0.08832394805707712
-411.4059405940594,0.09692046909941598
-411.3861386138614,0.10542341792874095
-411.36633663366337,0.11382431519240362
-411.34653465346537,0.1221148055607659
-411.3267326732673,0.13028665764927203
-411.30693069306926,0.1383317669541167
-411.2871287128713,0.14624216050223013
-411.26732673267327,0.15401000249331537
-411.2475247524753,0.16162760051427263
-411.2277227722772,0.16908741207189223
-411.2079207920792,0.1763820512842757
-411.18811881188117,0.18350429562712164
-411.16831683168317,0.19044709266480497
-411.1485148514852,0.19720356671741754
-411.1287128712871,0.20376702542853362
-411.1089108910891,0.21013096620740612
-411.08910891089107,0.21628908252520082
-411.0693069306931,0.22223527004912616
-411.0495049504951,0.22796363260116614
-411.029702970297,0.23346848793024802
-411.009900990099,0.23874437328817008
-410.990099009901,0.24378605080082047
-410.970297029703,0.24858851262718773
-410.9504950495049,0.2531469858992621
-410.930693069307,0.2574569374366759
-410.91089108910893,0.2615140782303222
-410.8910891089109,0.26531436768972017
-410.8712871287129,0.2688540176493114
-410.8514851485148,0.2721294961291033
-410.83168316831683,0.27513753084560505
-410.81188118811883,0.2778751124691469
-410.79207920792084,0.28033949762414123
-410.7722772277228,0.28252821162909825
-410.7524752475247,0.28443905097331146
-410.73267326732673,0.2860700855278287
-410.7128712871287,0.2874196604881712
-410.69306930693074,0.28848639804688775
-410.6732673267327,0.28926919879401175
-410.6534653465347,0.28976724284417693
-410.63366336633663,0.289979990688914
-410.6138613861386,0.2899071837734068
-410.5940594059406,0.28954884479694254
-410.5742574257426,0.28890527773673574
-410.5544554455446,0.28797706759507247
-410.53465346534654,0.2867650798698888
-410.51485148514854,0.2852704597493247
-410.4950495049505,0.2834946310309332
-410.47524752475243,0.2814392947666918
-410.4554455445545,0.27910642763496674
-410.43564356435644,0.2764982800411556
-410.41584158415844,0.2736173739487668
-410.3960396039604,0.2704665004431361
-410.3762376237624,0.26704871703015814
-410.35643564356434,0.2633673446727438
-410.33663366336634,0.25942596456797107
-410.31683168316835,0.2552284146681548
-410.2970297029703,0.25077878594940256
-410.2772277227723,0.24608141843144504
-410.25742574257424,0.24114089695287552
-410.23762376237624,0.2359620467062306
-410.21782178217825,0.23054992853758022
-410.1980198019802,0.22490983401582237
-410.1782178217822,0.21904728027702264
-410.15841584158414,0.21296800464975602
-410.13861386138615,0.20667795906772887
-410.1188118811881,0.20018330427667258
-410.09900990099015,0.1934904038430576
-410.0792079207921,0.1866058179731946
-410.05940594059405,0.17953629715239572
-410.03960396039605,0.17228877561558342
-410.019801980198,0.16487036466281058
-410.0,0.1572883458367631
-409.980198019802,0.14955016398392848
-409.960396039604,0.14166342022893008
-409.94059405940595,0.13363586490338644
-409.9207920792079,0.12547539048990958
-409.9009900990099,0.1171900246746424
-409.88118811881185,0.10878792365771564
-409.8613861386139,0.10027736597265777
-409.84158415841586,0.09166674725614966
-409.82178217821786,0.08296457678631876
-409.8019801980198,0.07417947739650717
-409.78217821782175,0.06532019214431796
-409.76237623762376,0.05639560545495849
-409.74257425742576,0.04741479828132244
-409.72277227722776,0.03838719387351595
-409.7029702970297,0.029322991369261767
-409.6831683168317,0.020234794719370768
-409.66336633663366,0.011147271570896471
-409.6435643564356,0.002343003396715667
-409.62376237623766,0.007326897338396568
-409.6039603960396,0.016393228655138533
-409.5841584158416,0.025492958279321003
-409.56435643564356,0.034579264249828795
-409.54455445544556,0.04363686193790204
-409.5247524752475,0.05265485989007878
-409.5049504950495,0.06162355958273518
-409.4851485148515,0.07053372421527519
-409.46534653465346,0.07937635222276031
-409.44554455445547,0.08814259481928187
-409.4257425742574,0.09682372413144442
-409.4059405940594,0.10541112184989482
-409.3861386138614,0.1138962771246996
-409.36633663366337,0.12227078896437829
-409.34653465346537,0.1305263709573541
-409.3267326732673,0.13865485723554705
-409.3069306930693,0.14664820911051243
-409.28712871287127,0.15449852206539982
-409.26732673267327,0.16219803291725138
-409.2475247524753,0.16973912703640187
-409.2277227722772,0.17711434555023864
-409.2079207920792,0.18431639248283854
-409.18811881188117,0.19133814179639153
-409.16831683168317,0.1981726443096359
-409.1485148514852,0.204813134474239
-409.1287128712871,0.2112530369941309
-409.1089108910891,0.2174859732753286
-409.08910891089107,0.22350576769563288
-409.0693069306931,0.22930645368501235
-409.049504950495,0.23488227960842467
-409.0297029702971,0.24022771444355778
-409.009900990099,0.24533745324670145
-408.990099009901,0.2502064224003216
-408.970297029703,0.25482978463648964
-408.9504950495049,0.2592029438305612
-408.9306930693069,0.26332154955998616
-408.91089108910893,0.26718150142332636
-408.89108910891093,0.2707789531149766
-408.8712871287129,0.2741103162512457
-408.8514851485148,0.2771722639439243
-408.83168316831683,0.2799617341175563
-408.8118811881188,0.2824759325670323
-408.79207920792084,0.28471233575236177
-408.7722772277228,0.2866686933277179
-408.7524752475248,0.2883430304022364
-408.73267326732673,0.2897336495301628
-408.7128712871287,0.2908391324283702
-408.6930693069307,0.29165834141939184
-408.6732673267327,0.2921904205986259
-408.6534653465347,0.2924347967242902
-408.63366336633663,0.2923911798293608
-408.61386138613864,0.29205956355478213
-408.5940594059406,0.2914402252034276
-408.57425742574253,0.29053372551497497
-408.5544554455446,0.2893409081615743
-408.53465346534654,0.2878628989649761
-408.51485148514854,0.28610110483569423
-408.4950495049505,0.28405721243529486
-408.4752475247525,0.2817331865630491
-408.45544554455444,0.27913126826848544
-408.43564356435644,0.27625397269168855
-408.41584158415844,0.2731040866334575
-408.3960396039604,0.2696846658575889
-408.3762376237624,0.26599903212807663
-408.35643564356434,0.26205076998398463
-408.33663366336634,0.25784372325520216
-408.31683168316835,0.25338199132260825
-408.2970297029703,0.248669925126163
-408.2772277227723,0.24371212292504943
-408.25742574257424,0.23851342581399915
-408.23762376237624,0.23307891300030445
-408.2178217821782,0.22741389684631944
-408.1980198019802,0.22152391768240465
-408.1782178217822,0.21541473839571135
-408.15841584158414,0.20909233880039765
-408.13861386138615,0.20256290979518138
-408.1188118811881,0.19583284731459147
-408.0990099009901,0.18890874608060418
-408.0792079207921,0.1817973931618779
-408.05940594059405,0.174505761348403
-408.03960396039605,0.16704100235024189
-408.019801980198,0.1594104398300769
-408.0,0.151621562280907
-407.98019801980195,0.14368201576258324
-407.960396039604,0.13559959651453682
-407.94059405940595,0.12738224346776622
-407.9207920792079,0.1190380306889185
-407.9009900990099,0.1105751598057135
-407.88118811881185,0.10200195249264957
-407.86138613861385,0.09332684315107827
-407.84158415841586,0.08455837202658963
-407.82178217821786,0.07570517923222946
-407.8019801980198,0.06677600065040977
-407.78217821782175,0.05777966790828013
-407.76237623762376,0.048725117913016744
-407.7425742574257,0.03962142759193288
-407.72277227722776,0.030477927220845
-407.7029702970297,0.02130463015952845
-407.6831683168317,0.012114662189993478
-407.66336633663366,0.0029723006667042836
-407.6435643564356,0.006381776227559715
-407.6237623762376,0.015569361813690515
-407.6039603960396,0.024762111271794826
-407.5841584158416,0.033935614242995814
-407.56435643564356,0.04307856434320954
-407.54455445544556,0.052181276807609936
-407.5247524752475,0.06123450776147704
-407.50495049504946,0.07022920153949228
-407.4851485148515,0.07915641853001075
-407.46534653465346,0.08800731309442861
-407.44554455445547,0.0967731287268305
-407.4257425742574,0.10544520008367926
-407.4059405940594,0.11401495804603173
-407.38613861386136,0.12247393621439369
-407.36633663366337,0.13081377810319328
-407.34653465346537,0.1390262446714826
-407.3267326732673,0.14710322199684722
-407.3069306930693,0.15503672898313248
-407.28712871287127,0.16281892503625817
-407.26732673267327,0.17044211766584988
-407.2475247524753,0.1778987699840233
-407.2277227722772,0.1851815080804835
-407.2079207920792,0.19228312825787208
-407.18811881188117,0.19919660411462184
-407.16831683168317,0.20591509346424072
-407.1485148514851,0.21243194508161492
-407.1287128712872,0.21874070526771527
-407.1089108910891,0.224835124224888
-407.08910891089107,0.23070916223543955
-407.0693069306931,0.23635699563673104
-407.049504950495,0.2417730225862581
-407.029702970297,0.2469518686106917
-407.009900990099,0.25188839193302426
-406.99009900990103,0.2565776885723777
-406.970297029703,0.2610150972111061
-406.9504950495049,0.26519620382442294
-406.9306930693069,0.26911684606764724
-406.9108910891089,0.27277311741675087
-406.89108910891093,0.27616137105799293
-406.8712871287129,0.2792782235226592
-406.8514851485149,0.28212055806333675
-406.83168316831683,0.2846855277682385
-406.8118811881188,0.28697055841046604
-406.7920792079208,0.28897335102936667
-406.7722772277228,0.2906918842413325
-406.7524752475248,0.2921244162777126
-406.73267326732673,0.2932694867478099
-406.71287128712873,0.2941259181251241
-406.6930693069307,0.2946928169553544
-406.6732673267326,0.29496957478490066
-406.6534653465347,0.29495586880886543
-406.63366336633663,0.29465166223799266
-406.61386138613864,0.29405720438393634
-406.5940594059406,0.2931730304628896
-406.5742574257426,0.29199996111764825
-406.55445544554453,0.29053910165855645
-406.53465346534654,0.28879184102396427
-406.51485148514854,0.2867598504613298
-406.4950495049505,0.2844450819300207
-406.4752475247525,0.2818497662275407
-406.45544554455444,0.27897641084083696
-406.43564356435644,0.2758277975248474
-406.41584158415844,0.2724069796106064
-406.3960396039604,0.2687172790455534
-406.3762376237624,0.2647622831688976
-406.35643564356434,0.2605458412252143
-406.33663366336634,0.2560720606196772
-406.3168316831683,0.251345302918644
-406.29702970297035,0.2463701795994372
-406.2772277227723,0.2411515475536549
-406.25742574257424,0.23569450434833467
-406.23762376237624,0.23000438324980021
-406.2178217821782,0.22408674801508674
-406.1980198019802,0.21794738745623346
-406.1782178217822,0.21159230978290078
-406.1584158415842,0.2050277367292319
-406.13861386138615,0.19826009747090956
-406.1188118811881,0.19129602233896398
-406.0990099009901,0.18414233633708538
-406.07920792079204,0.1768060524697681
-406.0594059405941,0.1692943648890641
-406.03960396039605,0.16161464186858113
-406.01980198019805,0.15377441861433372
-406.0,0.14578138992349224
-405.98019801980195,0.1376434027044617
-405.96039603960395,0.12936844837504366
-405.94059405940595,0.12096465516146124
-405.92079207920796,0.11244028033077415
-405.9009900990099,0.1038037024067174
-405.8811881188119,0.09506341345172706
-405.86138613861385,0.08622801156132234
-405.8415841584158,0.07730619384864593
-405.82178217821786,0.06830675048746525
-405.8019801980198,0.05923856108030632
-405.7821782178218,0.05011059647618757
-405.76237623762376,0.040931934803825995
-405.74257425742576,0.03171182097775622
-405.7227722772277,0.022459895655988413
-405.7029702970297,0.0131874293924563
-405.6831683168317,0.003926235819720039
-405.66336633663366,0.005448160376193498
-405.64356435643566,0.014722224574081545
-405.6237623762376,0.023999027404212052
-405.6039603960396,0.03325636927637042
-405.5841584158416,0.042483459604687294
-405.56435643564356,0.05167073150085221
-405.54455445544556,0.060808943572367456
-405.5247524752475,0.0698889993306239
-405.5049504950495,0.078901899022163
-405.4851485148515,0.08783872712279624
-405.46534653465346,0.09669065186342404
-405.44554455445547,0.10544892947052566
-405.4257425742574,0.11410491045077968
-405.4059405940594,0.12265004681677426
-405.38613861386136,0.13107589975171743
-405.3663366336634,0.13937414746421858
-405.34653465346537,0.14753659310057637
-405.3267326732673,0.15555517263868687
-405.3069306930693,0.16342196271691437
-405.28712871287127,0.17112918836722374
-405.26732673267327,0.17866923063089643
-405.2475247524753,0.18603463404047416
-405.2277227722773,0.19321811395475597
-405.2079207920792,0.20021256373581287
-405.18811881188117,0.20701106175851108
-405.16831683168317,0.2136068782435816
-405.1485148514851,0.21999348190656887
-405.1287128712872,0.22616454641492684
-405.1089108910891,0.2321139566463938
-405.0891089108911,0.2378358147419578
-405.0693069306931,0.24332444594706376
-405.049504950495,0.2485744042350068
-405.029702970297,0.253580477706776
-405.009900990099,0.2583376937618383
-404.99009900990103,0.2628413240345872
-404.970297029703,0.267086889091504
-404.950495049505,0.27107016288432506
-404.9306930693069,0.27478717695459426
-404.9108910891089,0.27823422438559586
-404.89108910891093,0.28140786349748753
-404.8712871287129,0.28430492128207
-404.8514851485149,0.28692249657365515
-404.83168316831683,0.2892579629529304
-404.81188118811883,0.2913089713807872
-404.7920792079208,0.2930734525596132
-404.7722772277228,0.2945496190195157
-404.7524752475248,0.29573596692748905
-404.73267326732673,0.2966312776176276
-404.71287128712873,0.29723461884084695
-404.6930693069307,0.2975453457328287
-404.6732673267327,0.29756310149921644
-404.6534653465347,0.29728781781730096
-404.63366336633663,0.29671971495378596
-404.61386138613864,0.2958593015984503
-404.5940594059406,0.2947073744138975
-404.5742574257426,0.2932650173016706
-404.55445544554453,0.29153360038559156
-404.53465346534654,0.28951477871311065
-404.51485148514854,0.28721049067612414
-404.4950495049505,0.28462295615253774
-404.4752475247525,0.2817546743706887
-404.45544554455444,0.27860842149843035
-404.43564356435644,0.27518724795950816
-404.41584158415844,0.2714944754796723
-404.3960396039604,0.2675336938656063
-404.3762376237624,0.26330875751979554
-404.35643564356434,0.25882378169493747
-404.33663366336634,0.2540831384915153
-404.3168316831683,0.249091452602784
-404.29702970297035,0.24385359681137325
-404.2772277227723,0.23837468724230854
-404.25742574257424,0.23266007837731706
-404.23762376237624,0.22671535783586974
-404.2178217821782,0.22054634092848477
-404.1980198019802,0.21415906498859477
-404.1782178217822,0.20755978348932572
-404.1584158415842,0.20075495995253054
-404.13861386138615,0.19375126165773737
-404.1188118811881,0.18655555315981628
-404.0990099009901,0.17917488962521483
-404.07920792079204,0.171616509998271
-404.0594059405941,0.16388783001145493
-404.03960396039605,0.1559964350567702
-404.01980198019805,0.14795007294060297
-404.0,0.13975664655254652
-403.98019801980195,0.13142420649129524
-403.96039603960395,0.12296094371234034
-403.94059405940595,0.11437518229850764
-403.92079207920796,0.10567537251929736
-403.9009900990099,0.09687008446549719
-403.8811881188119,0.0879680027789211
-403.86138613861385,0.07897792347764898
-403.8415841584158,0.06990875493097808
-403.82178217821786,0.06076952754452435
-403.8019801980198,0.051569423300356625
-403.7821782178218,0.042317855956223026
-403.76237623762376,0.03302470245228897
-403.74257425742576,0.023701103527416237
-403.7227722772277,0.014363428781889386
-403.7029702970297,0.005081243020826953
-403.6831683168317,0.004591006127548847
-403.66336633663366,0.013863378902871088
-403.64356435643566,0.023207423561163388
-403.6237623762376,0.032541944536716695
-403.6039603960396,0.04184991698100484
-403.5841584158416,0.05112005221002386
-403.56435643564356,0.060342403017603206
-403.54455445544556,0.0695075007881137
-403.5247524752475,0.07860610954543672
-403.5049504950495,0.08762914132440348
-403.48514851485146,0.09656762504827618
-403.4653465346535,0.10541269623275497
-403.44554455445547,0.11415559578386522
-403.4257425742574,0.122787673116353
-403.4059405940594,0.1313003914526453
-403.38613861386136,0.13968533426389815
-403.36633663366337,0.14793421231543893
-403.34653465346537,0.15603887102087594
-403.3267326732674,0.1639912979340887
-403.3069306930693,0.1717836302751447
-403.28712871287127,0.17940816242385862
-403.26732673267327,0.18685735333665907
-403.2475247524752,0.19412383385555596
-403.2277227722773,0.20120041388632262
-403.2079207920792,0.2080800894281752
-403.1881188118812,0.2147560494407486
-403.16831683168317,0.22122168253645472
-403.1485148514851,0.2274705834880554
-403.1287128712871,0.2334965595423412
-403.1089108910891,0.239293636531876
-403.0891089108911,0.24485606477721547
-403.0693069306931,0.2501783247728311
-403.0495049504951,0.2552551326502984
-403.029702970297,0.26008144541264544
-403.00990099009897,0.2646524659343159
-402.99009900990103,0.2689636477213359
-402.970297029703,0.2730106994267891
-402.950495049505,0.2767895891167476
-402.9306930693069,0.2802965482823909
-402.91089108910893,0.2835280755940622
-402.8910891089109,0.2864809403935145
-402.8712871287129,0.28915218592068676
-402.8514851485149,0.29153913227177963
-402.83168316831683,0.293639379085621
-402.81188118811883,0.2954508079555173
-402.7920792079208,0.29697158456424444
-402.7722772277228,0.2982001605399188
-402.7524752475248,0.29913527503088333
-402.73267326732673,0.29977595599802187
-402.71287128712873,0.30012152122317415
-402.6930693069307,0.3001715790325714
-402.6732673267327,0.29992602873459084
-402.65346534653463,0.2993850607713505
-402.6336633663367,0.2985491565839867
-402.61386138613864,0.2974190881916441
-402.5940594059406,0.29599591748473164
-402.5742574257426,0.2942809952329896
-402.55445544554453,0.2922759598094594
-402.53465346534654,0.2899827356315952
-402.51485148514854,0.2874035313210848
-402.49504950495054,0.2845408375842845
-402.4752475247525,0.28139742481542296
-402.45544554455444,0.27797634042503033
-402.43564356435644,0.2742809058964218
-402.4158415841584,0.27031471357327475
-402.39603960396045,0.26608162318178585
-402.3762376237624,0.2615857580910725
-402.3564356435644,0.25683150131600496
-402.33663366336634,0.2518234912668732
-402.3168316831683,0.2465666172508269
-402.2970297029703,0.2410660147303669
-402.2772277227723,0.23532706034462852
-402.2574257425743,0.22935536670007495
-402.23762376237624,0.22315677693737038
-402.21782178217825,0.21673735908262848
-402.1980198019802,0.21010340019178605
-402.17821782178214,0.20326140029860076
-402.1584158415842,0.19621806617830923
-402.13861386138615,0.18898030494163956
-402.11881188118815,0.1815552174772198
-402.0990099009901,0.17395009176545678
-402.0792079207921,0.1661723960940397
-402.05940594059405,0.15822977221630818
-402.03960396039605,0.15013002850992052
-402.01980198019805,0.1418811332195674
-402.0,0.1334912079091254
-401.980198019802,0.12496852131797742
-401.96039603960395,0.1163214839349443
-401.94059405940595,0.10755864381302958
-401.92079207920796,0.09868868453630093
-401.9009900990099,0.08972042699889002
-401.8811881188119,0.08066283818580207
-401.86138613861385,0.07152505347385409
-401.84158415841586,0.062316426808083705
-401.8217821782178,0.05304664343194767
-401.8019801980198,0.04372598950586853
-401.7821782178218,0.03436607957681564
-401.76237623762376,0.024982249346034265
-401.74257425742576,0.015604629321157174
-401.7227722772277,0.006387100663094352
-401.7029702970297,0.004108168689150841
-401.6831683168317,0.013112551842082489
-401.66336633663366,0.022482540759392187
-401.64356435643566,0.031878433215656664
-401.6237623762376,0.04125930986164928
-401.6039603960396,0.05060774523744131
-401.58415841584156,0.05991146622297907
-401.5643564356436,0.06915989795634218
-401.54455445544556,0.07834318711790544
-401.5247524752475,0.0874518555056821
-401.5049504950495,0.09647665898683164
-401.48514851485146,0.1054085254665314
-401.46534653465346,0.11423852714551148
-401.44554455445547,0.1229578690750242
-401.42574257425747,0.13155788602290794
-401.4059405940594,0.14003004381484097
-401.38613861386136,0.14836594318469845
-401.36633663366337,0.15655732506926548
-401.3465346534653,0.16459607674279825
-401.3267326732674,0.17247423843312681
-401.3069306930693,0.18018401019877123
-401.2871287128713,0.18771775892630188
-401.26732673267327,0.19506802535469075
-401.2475247524752,0.2022275310631599
-401.2277227722772,0.20918918537732026
-401.2079207920792,0.21594609216077856
-401.1881188118812,0.22249155646703844
-401.16831683168317,0.22881909103247675
-401.1485148514852,0.23492242259445098
-401.1287128712871,0.24079549802164527
-401.10891089108907,0.24643249024553793
-401.0891089108911,0.2518278039834288
-401.0693069306931,0.2569760812445683
-401.0495049504951,0.26187220661168137
-401.029702970297,0.2665113122912166
-401.009900990099,0.2708887829257868
-400.990099009901,0.2750002601632865
-400.970297029703,0.2788416469771452
-400.950495049505,0.2824091117329975
-400.9306930693069,0.28569909199705906
-400.91089108910893,0.2887082980822289
-400.8910891089109,0.2914337163278325
-400.8712871287129,0.29387261210971
-400.8514851485149,0.2960225325773033
-400.83168316831683,0.2978813091148758
-400.81188118811883,0.29944705952427386
-400.7920792079208,0.30071818992698907
-400.7722772277228,0.3016933963834117
-400.7524752475247,0.30237166622769646
-400.73267326732673,0.3027522791167768
-400.71287128712873,0.3028348077924894
-400.6930693069307,0.3026191185559298
-400.6732673267327,0.30210537145363614
-400.65346534653463,0.3012940201752853
-400.63366336633663,0.3001858116631919
-400.61386138613864,0.298781785433779
-400.5940594059406,0.2970832726119507
-400.5742574257426,0.2950918946792317
-400.55445544554453,0.2928095619371251
-400.53465346534654,0.2902384716872562
-400.5148514851485,0.28738110613030005
-400.49504950495054,0.2842402299859834
-400.4752475247525,0.2808188878368181
-400.45544554455444,0.2771204011985415
-400.43564356435644,0.27314836532057163
-400.4158415841584,0.2689066457202832
-400.3960396039604,0.2643993744551922
-400.3762376237624,0.2596309461376951
-400.3564356435644,0.2546060136974159
-400.33663366336634,0.24932948389687312
-400.3168316831683,0.24380651260677347
-400.2970297029703,0.23804249984799222
-400.27722772277224,0.2320430846083751
-400.2574257425743,0.2258141394434776
-400.23762376237624,0.21936176487207065
-400.21782178217825,0.21269228357899087
-400.1980198019802,0.20581223444074737
-400.17821782178214,0.19872836639255645
-400.15841584158414,0.1914476321606731
-400.13861386138615,0.18397718189066387
-400.11881188118815,0.1763243567123111
-400.0990099009901,0.1684966822965248
-400.0792079207921,0.16050186248185722
-400.05940594059405,0.1523477730817862
-400.039603960396,0.14404245603722338
-400.01980198019805,0.1355941141637267
-400.0,0.1270111068841321
-399.980198019802,0.11830194757731533
-399.96039603960395,0.10947530359802286
-399.94059405940595,0.10054000080150559
-399.9207920792079,0.09150503590302975
-399.9009900990099,0.08237960303656278
-399.8811881188119,0.07317314742682673
-399.86138613861385,0.06389547435166026
-399.84158415841586,0.054556980639812944
-399.8217821782178,0.045169188667446146
-399.8019801980198,0.035746143917844884
-399.7821782178218,0.02630884835871468
-399.76237623762376,0.01690455626351541
-399.74257425742576,0.0077659219298735266
-399.7227722772277,0.00409599249153166
-399.7029702970297,0.01246738636908137
-399.68316831683165,0.021813678681915635
-399.6633663366337,0.03125404005502631
-399.64356435643566,0.040700057162345996
-399.6237623762376,0.05012279441128082
-399.6039603960396,0.05950578974665184
-399.58415841584156,0.06883654939655665
-399.56435643564356,0.07810419210691678
-399.54455445544556,0.08729861945558884
-399.52475247524757,0.09641017511079887
-399.5049504950495,0.10542948994386923
-399.48514851485146,0.11434740708797501
-399.46534653465346,0.12315494477254539
-399.4455445544554,0.1318432783691774
-399.42574257425747,0.14040373279643784
-399.4059405940594,0.14882778077601244
-399.3861386138614,0.15710704451551735
-399.36633663366337,0.16523329945087667
-399.3465346534653,0.17319847924520768
-399.3267326732673,0.18099468155483386
-399.3069306930693,0.18861417425429364
-399.2871287128713,0.19604940192014222
-399.26732673267327,0.2032929924396473
-399.2475247524753,0.21033776365242868
-399.2277227722772,0.21717672995984108
-399.20792079207916,0.22380310885490726
-399.1881188118812,0.23021032733748958
-399.16831683168317,0.2363920281876863
-399.1485148514852,0.24234207607616234
-399.1287128712871,0.24805456349433147
-399.1089108910891,0.25352381649016636
-399.08910891089107,0.2587444001978776
-399.0693069306931,0.2637111241510944
-399.0495049504951,0.2684190473707818
-399.029702970297,0.2728634832199222
-399.009900990099,0.27704000401808854
-398.990099009901,0.28094444540946445
-398.970297029703,0.2845729104787456
-398.950495049505,0.2879217736096151
-398.9306930693069,0.29098768408121106
-398.91089108910893,0.2937675693982331
-398.8910891089109,0.2962586383508502
-398.8712871287129,0.29845838380086365
-398.8514851485148,0.3003645851910322
-398.8316831683169,0.3019753107747292
-398.81188118811883,0.3032889195634436
-398.7920792079208,0.3043040629900017
-398.7722772277228,0.30501968628572407
-398.7524752475247,0.30543502956995777
-398.73267326732673,0.30554962865083524
-398.71287128712873,0.30536331553640256
-398.69306930693074,0.304876218655511
-398.6732673267327,0.3040887627883328
-398.65346534653463,0.30300166870647677
-398.63366336633663,0.30161595252314877
-398.6138613861386,0.2999329247541084
-398.59405940594064,0.29795418909043264
-398.5742574257426,0.2956816408844349
-398.5544554455446,0.29311746535050465
-398.53465346534654,0.29026413548295205
-398.5148514851485,0.28712440969315495
-398.4950495049505,0.28370132916895036
-398.4752475247525,0.2799982149593196
-398.4554455445545,0.2760186647880861
-398.43564356435644,0.27176654960055385
-398.41584158415844,0.26724600984772534
-398.3960396039604,0.2624614515131662
-398.37623762376234,0.25741754188820243
-398.3564356435644,0.25211920510192454
-398.33663366336634,0.2465716174133948
-398.31683168316835,0.24078020227422484
-398.2970297029703,0.23475062517150325
-398.2772277227723,0.2284887882621214
-398.25742574257424,0.222000824812224
-398.23762376237624,0.21529309345795003
-398.21782178217825,0.20837217230775942
-398.1980198019802,0.20124485291157038
-398.1782178217822,0.19391813412949674
-398.15841584158414,0.1863992159431048
-398.13861386138615,0.1786954932670481
-398.11881188118815,0.17081454984096917
-398.0990099009901,0.16276415231427835
-398.0792079207921,0.15455224468673
-398.05940594059405,0.1461869433467382
-398.03960396039605,0.13767653307520913
-398.019801980198,0.1290294645914259
-398.0,0.12025435457115177
-397.980198019802,0.11135998968953018
-397.96039603960395,0.10235533737896693
-397.94059405940595,0.09324956816781736
-397.9207920792079,0.08405209884822594
-397.9009900990099,0.07477267511529645
-397.8811881188119,0.06542153400793986
-397.86138613861385,0.05600974136103576
-397.84158415841586,0.04654995541829013
-397.8217821782178,0.03705838393358152
-397.8019801980198,0.027560815505995612
-397.78217821782175,0.018117575602850395
-397.7623762376238,0.009004142891952473
-397.74257425742576,0.004377769983780696
-397.7227722772277,0.011952842591406533
-397.7029702970297,0.021255906994388507
-397.68316831683165,0.030739013733186032
-397.66336633663366,0.040252425919043835
-397.64356435643566,0.049753137762022365
-397.62376237623766,0.05921974019835891
-397.6039603960396,0.06863752783342608
-397.58415841584156,0.07799445710210903
-397.56435643564356,0.08727973949980077
-397.5445544554455,0.09648326650224906
-397.52475247524757,0.10559534716838953
-397.5049504950495,0.11460657913274583
-397.4851485148515,0.12350778223137328
-397.46534653465346,0.13228996383768743
-397.4455445544554,0.14094430125067367
-397.4257425742574,0.1494621337113991
-397.4059405940594,0.15783496007349962
-397.3861386138614,0.16605443989683083
-397.36633663366337,0.1741123966601683
-397.34653465346537,0.1820008223021574
-397.3267326732673,0.18971188259570473
-397.30693069306926,0.197237923036231
-397.2871287128713,0.20457147503244158
-397.26732673267327,0.2117052622554189
-397.2475247524753,0.21863220704568026
-397.2277227722772,0.22534543680633876
-397.2079207920792,0.23183829032989894
-397.18811881188117,0.23810432401911968
-397.16831683168317,0.24413731797183408
-397.1485148514852,0.2499312819058983
-397.1287128712871,0.2554804609052288
-397.1089108910891,0.2607793409713156
-397.08910891089107,0.26582265436715524
-397.0693069306931,0.2706053847425704
-397.0495049504951,0.27512277203132424
-397.029702970297,0.2793703171116577
-397.009900990099,0.2833437862230317
-396.990099009901,0.28703921513233766
-396.970297029703,0.29045291304390747
-396.9504950495049,0.2935814662479112
-396.9306930693069,0.296421741502554
-396.91089108910893,0.2989708891456958
-396.8910891089109,0.301226345932224
-396.8712871287129,0.3031858375936444
-396.8514851485148,0.30484738111695225
-396.83168316831683,0.30620928674016085
-396.81188118811883,0.30727015966214943
-396.7920792079208,0.30802890146494377
-396.7722772277228,0.30848471124680577
-396.7524752475247,0.3086370864649364
-396.73267326732673,0.30848582348685244
-396.7128712871287,0.3080310178498085
-396.69306930693074,0.30727306422817285
-396.6732673267327,0.3062126561087349
-396.65346534653463,0.3048507851744353
-396.63366336633663,0.3031887403973103
-396.6138613861386,0.3012281068418476
-396.5940594059406,0.29897076418021656
-396.5742574257426,0.2964188849213076
-396.5544554455446,0.29357493235586174
-396.53465346534654,0.290441658220426
-396.5148514851485,0.28702210008326545
-396.4950495049505,0.2833195784558954
-396.47524752475243,0.27933769363440764
-396.4554455445545,0.27508032227526696
-396.43564356435644,0.27055161371114356
-396.41584158415844,0.26575598601278494
-396.3960396039604,0.2606981218041871
-396.37623762376234,0.2553829638390674
-396.35643564356434,0.24981571034831493
-396.33663366336634,0.24400181016938954
-396.31683168316835,0.23794695767106638
-396.2970297029703,0.23165708748933234
-396.2772277227723,0.2251383690941008
-396.25742574257424,0.21839720121080172
-396.2376237623762,0.21144020612772316
-396.21782178217825,0.20427422392840486
-396.1980198019802,0.19690630670108847
-396.1782178217822,0.1893437127946227
-396.15841584158414,0.1815939012155154
-396.13861386138615,0.17366452629817689
-396.1188118811881,0.165563432836025
-396.0990099009901,0.15729865194617434
-396.0792079207921,0.14887839807328593
-396.05940594059405,0.14031106774997548
-396.03960396039605,0.13160524107951851
-396.019801980198,0.12276968749457697
-396.0,0.11381337837380259
-395.980198019802,0.10474551096404895
-395.96039603960395,0.09557555159376589
-395.94059405940595,0.08631331321998226
-395.9207920792079,0.07696909729339482
-395.9009900990099,0.06755396391420289
-395.88118811881185,0.05808027863738302
-395.8613861386139,0.04856291815950011
-395.84158415841586,0.03902226493495605
-395.8217821782178,0.029493027655937334
-395.8019801980198,0.020057982239155257
-395.78217821782175,0.011050837000608396
-395.76237623762376,0.005516215773551454
-395.74257425742576,0.011300376604676542
-395.72277227722776,0.020338130659180928
-395.7029702970297,0.029786198015218476
-395.68316831683165,0.03932758725959741
-395.66336633663366,0.04888208333612074
-395.6435643564356,0.05841562646726156
-395.62376237623766,0.06790803800618062
-395.6039603960396,0.0773445017395477
-395.5841584158416,0.0867126543217879
-395.56435643564356,0.09600140906300465
-395.5445544554455,0.10520042097643616
-395.5247524752475,0.11429982197139306
-395.5049504950495,0.12329008164606414
-395.4851485148515,0.13216193118205713
-395.46534653465346,0.14090632098296466
-395.44554455445547,0.14951439730238372
-395.4257425742574,0.15797749001658307
-395.4059405940594,0.16628710716670558
-395.3861386138614,0.1744349337279143
-395.36633663366337,0.18241283307367237
-395.34653465346537,0.19021285018231204
-395.3267326732673,0.19782721597588912
-395.3069306930693,0.20524835239044703
-395.2871287128713,0.21246887790771532
-395.26732673267327,0.21948161336241231
-395.2475247524753,0.22627958789400734
-395.2277227722772,0.23285604494904538
-395.2079207920792,0.2392044482647584
-395.18811881188117,0.2453184877823247
-395.1683168316832,0.25119208545029975
-395.1485148514852,0.2568194008874055
-395.1287128712871,0.2621948368803502
-395.1089108910891,0.2673130446969061
-395.08910891089107,0.27216892919817554
-395.0693069306931,0.27675765373641903
-395.0495049504951,0.28107464482716465
-395.0297029702971,0.28511559658568925
-395.009900990099,0.28887647491945345
-394.990099009901,0.2923535214691726
-394.970297029703,0.2955432572918627
-394.9504950495049,0.298442486280278
-394.930693069307,0.30104829831357693
-394.91089108910893,0.30335807213480365
-394.89108910891093,0.305369477951147
-394.8712871287129,0.30708047975351455
-394.8514851485148,0.30848933735250633
-394.83168316831683,0.30959460812796197
-394.81188118811883,0.3103951484901203
-394.79207920792084,0.31089011505038416
-394.7722772277228,0.31107896550032316
-394.7524752475248,0.3109614591979114
-394.73267326732673,0.3105376574601654
-394.7128712871287,0.3098079235619261
-394.69306930693074,0.3087729224407883
-394.6732673267327,0.307433620108594
-394.6534653465347,0.3057912827701438
-394.63366336633663,0.3038474756504197
-394.61386138613864,0.3016040615317008
-394.5940594059406,0.2990631990025853
-394.5742574257426,0.29622734042122606
-394.5544554455446,0.2930992295955961
-394.53465346534654,0.28968189918402515
-394.51485148514854,0.28597866781987097
-394.4950495049505,0.2819931369645653
-394.4752475247525,0.2777291874941582
-394.4554455445545,0.2731909760250415
-394.43564356435644,0.26838293098545124
-394.41584158415844,0.2633097484403692
-394.3960396039604,0.2579763876785659
-394.3762376237624,0.2523880665722722
-394.35643564356434,0.24655025672148945
-394.33663366336634,0.24046867839765204
-394.31683168316835,0.2341492953043389
-394.2970297029703,0.22759830917670965
-394.2772277227723,0.22082215424697102
-394.25742574257424,0.21382749161049477
-394.23762376237624,0.2066212035372071
-394.21782178217825,0.19921038778742822
-394.1980198019802,0.1916023520111769
-394.1782178217822,0.1838046083392471
-394.15841584158414,0.17582486831694857
-394.13861386138615,0.1676710383953851
-394.1188118811881,0.15935121629220247
-394.09900990099015,0.15087368868545603
-394.0792079207921,0.14224693094565807
-394.05940594059405,0.13347961000680975
-394.03960396039605,0.12458059214369398
-394.019801980198,0.11555895858433252
-394.0,0.10642403398722179
-393.980198019802,0.09718543677914657
-393.960396039604,0.0878531682222234
-393.94059405940595,0.07843777364922962
-393.9207920792079,0.06895064672659483
-393.9009900990099,0.05940463966716498
-393.88118811881185,0.049815394455571024
-393.8613861386139,0.04020460345847663
-393.84158415841586,0.030609419683221867
-393.82178217821786,0.021117249340340552
-393.8019801980198,0.012060642690223519
-393.78217821782175,0.006065768346818303
-393.76237623762376,0.010976374480517683
-393.74257425742576,0.01990735078371306
-393.72277227722776,0.02938169241308075
-393.7029702970297,0.03898327834506422
-393.6831683168317,0.04861135362352797
-393.66336633663366,0.05822520313637424
-393.6435643564356,0.06780184394328216
-393.62376237623766,0.07732505125852389
-393.6039603960396,0.08678165511927922
-393.5841584158416,0.09616005560984153
-393.56435643564356,0.10544955112605489
-393.54455445544556,0.11464000666066014
-393.5247524752475,0.12372167926559469
-393.5049504950495,0.13268512211578054
-393.4851485148515,0.1415211304508285
-393.46534653465346,0.15022071101663914
-393.44554455445547,0.15877506527130175
-393.4257425742574,0.16717558094349783
-393.4059405940594,0.17541382880725737
-393.3861386138614,0.1834815627890455
-393.36633663366337,0.1913707222381638
-393.34653465346537,0.1990734356141733
-393.3267326732673,0.2065820251020985
-393.3069306930693,0.21388901182722306
-393.28712871287127,0.22098712144380686
-393.26732673267327,0.22786928993974337
-393.2475247524753,0.23452866954386678
-393.2277227722772,0.24095863465332198
-393.2079207920792,0.2471527877194069
-393.18811881188117,0.25310496504533914
-393.16831683168317,0.2588092424596874
-393.1485148514852,0.2642599408373084
-393.1287128712871,0.2694516314449246
-393.1089108910891,0.2743791410928357
-393.08910891089107,0.2790375570775543
-393.0693069306931,0.28342223190251176
-393.049504950495,0.28752878776585705
-393.0297029702971,0.29135312080607406
-393.009900990099,0.29489140509736894
-392.990099009901,0.29814009638754435
-392.970297029703,0.3010959355724299
-392.9504950495049,0.3037559519011423
-392.9306930693069,0.30611746590764616
-392.91089108910893,0.3081780920640799
-392.89108910891093,0.3099357411525384
-392.8712871287129,0.3113886223517049
-392.8514851485148,0.312535245035855
-392.83168316831683,0.31337442028385715
-392.8118811881188,0.3139052620962079
-392.79207920792084,0.3141271883186142
-392.7722772277228,0.3140399212710843
-392.7524752475248,0.31364348808170806
-392.73267326732673,0.3129382207248637
-392.7128712871287,0.31192475576387
-392.6930693069307,0.3106040337985391
-392.6732673267327,0.308977298618438
-392.6534653465347,0.3070460960632486
-392.63366336633663,0.3048122725916792
-392.61386138613864,0.30227797356128666
-392.5940594059406,0.2994456412216593
-392.57425742574253,0.29631801242420164
-392.5544554455446,0.2928981160520139
-392.53465346534654,0.2891892701743654
-392.51485148514854,0.28519507893055257
-392.4950495049505,0.280919429149024
-392.4752475247525,0.2763664867083635
-392.45544554455444,0.27154069264794134
-392.43564356435644,0.2664467590372584
-392.41584158415844,0.26108966461471395
-392.3960396039604,0.2554746502082695
-392.3762376237624,0.24960721395335006
-392.35643564356434,0.24349310632624094
-392.33663366336634,0.23713832501553095
-392.31683168316835,0.23054910965977035
-392.2970297029703,0.22373193648682219
-392.2772277227723,0.2166935129006248
-392.25742574257424,0.2094407720747798
-392.23762376237624,0.2019808676321264
-392.2178217821782,0.19432116851672168
-392.19801980198025,0.18646925420478627
-392.1782178217822,0.17843291045912557
-392.15841584158414,0.17022012591870467
-392.13861386138615,0.16183908994737112
-392.1188118811881,0.15329819237087328
-392.0990099009901,0.14460602605858078
-392.0792079207921,0.13577139383882986
-392.0594059405941,0.12680332213225662
-392.03960396039605,0.11771108523981963
-392.019801980198,0.1085042470155161
-392.0,0.09919273189618287
-391.98019801980195,0.08978694759119661
-391.960396039604,0.08029800329096859
-391.94059405940595,0.07073811541021469
-391.92079207920796,0.06112140975658543
-391.9009900990099,0.05146564342469531
-391.88118811881185,0.0417963347767885
-391.86138613861385,0.03215832194566991
-391.84158415841586,0.022656334020773668
-391.82178217821786,0.01365867202526316
-391.8019801980198,0.007437352350173057
-391.7821782178218,0.010964121530500455
-391.76237623762376,0.019522254595910133
-391.7425742574257,0.02893315927910885
-391.72277227722776,0.03855600385152007
-391.7029702970297,0.04823893708826841
-391.6831683168317,0.05792432237151965
-391.66336633663366,0.06758203598564166
-391.64356435643566,0.07719231152968854
-391.6237623762376,0.08674000439985027
-391.6039603960396,0.09621230890049964
-391.5841584158416,0.10559773015410191
-391.56435643564356,0.11488557709219566
-391.54455445544556,0.12406569490545312
-391.5247524752475,0.13312831666176303
-391.5049504950495,0.14206397816613814
-391.4851485148515,0.15086346820241042
-391.46534653465346,0.15951779945811664
-391.44554455445547,0.16801819199145884
-391.4257425742574,0.1763560645389561
-391.4059405940594,0.1845230308483089
-391.38613861386136,0.1925108992953987
-391.3663366336634,0.2003116746775368
-391.34653465346537,0.20791756145948434
-391.3267326732673,0.21532096798860878
-391.3069306930693,0.22251451134860661
-391.28712871287127,0.2294910226213182
-391.26732673267327,0.23624355239267583
-391.2475247524753,0.24276537638405
-391.2277227722773,0.24905000112141196
-391.2079207920792,0.2550911695766373
-391.18811881188117,0.26088286673067934
-391.16831683168317,0.2664193250197747
-391.1485148514851,0.27169502963388137
-391.1287128712872,0.2767047236428122
-391.1089108910891,0.28144341293000086
-391.0891089108911,0.2859063709173902
-391.0693069306931,0.2900891430677444
-391.049504950495,0.29398755115267333
-391.029702970297,0.29759769727642793
-391.009900990099,0.3009159676470647
-390.99009900990103,0.3039390360874247
-390.970297029703,0.3066638672796557
-390.950495049505,0.30908771973760873
-390.9306930693069,0.3112081485022651
-390.9108910891089,0.3130230075559935
-390.89108910891093,0.3145304519520017
-390.8712871287129,0.31572893965585713
-390.8514851485149,0.3166172330964096
-390.83168316831683,0.3171944004241788
-390.81188118811883,0.31745981647521376
-390.7920792079208,0.3174131634394922
-390.7722772277228,0.31705443123275817
-390.7524752475248,0.31638391757157963
-390.73267326732673,0.31540222775159865
-390.71287128712873,0.3141102741293484
-390.6930693069307,0.312509275308655
-390.6732673267327,0.310600755032864
-390.6534653465347,0.30838654078473937
-390.63366336633663,0.3058687620963549
-390.61386138613864,0.3030498485717678
-390.5940594059406,0.29993252762598976
-390.5742574257426,0.29651982194416787
-390.55445544554453,0.29281504666589225
-390.53465346534654,0.2888218063000689
-390.51485148514854,0.2845439913769485
-390.4950495049505,0.2799857748448974
-390.4752475247525,0.2751516082207641
-390.45544554455444,0.27004621750442326
-390.43564356435644,0.26467459886988637
-390.41584158415844,0.2590420141479715
-390.3960396039604,0.25315398611847917
-390.3762376237624,0.2470162936339918
-390.35643564356434,0.24063496660258346
-390.33663366336634,0.23401628086369067
-390.3168316831683,0.22716675300067157
-390.29702970297035,0.22009313514629994
-390.2772277227723,0.21280240985476506
-390.25742574257424,0.2053017851382446
-390.23762376237624,0.19759868980011816
-390.2178217821782,0.18970076924706686
-390.1980198019802,0.18161588203391923
-390.1782178217822,0.17335209750319883
-390.1584158415842,0.1649176950441766
-390.13861386138615,0.15632116574839452
-390.1188118811881,0.14757121763796732
-390.0990099009901,0.13867678629086827
-390.07920792079204,0.1296470537689953
-390.0594059405941,0.12049148061804217
-390.03960396039605,0.11121985903505603
-390.01980198019805,0.10184240148672281
-390.0,0.09236989112428802
-389.98019801980195,0.08281394519390159
-389.96039603960395,0.07318749730387374
-389.94059405940595,0.0635057345171359
-389.92079207920796,0.053788066558484546
-389.9009900990099,0.044062717279034574
-389.8811881188119,0.034379060866740745
-389.86138613861385,0.024848187762958926
-389.8415841584158,0.01582339539070029
-389.82178217821786,0.009072185992808762
-389.8019801980198,0.010675500519742484
-389.7821782178218,0.01858329296009014
-389.76237623762376,0.027849765167344904
-389.74257425742576,0.03745907657360407
-389.7227722772277,0.047177162678397694
-389.7029702970297,0.056920777531788015
-389.6831683168317,0.06664949924661817
-389.66336633663366,0.07633864552940393
-389.64356435643566,0.08597041753027136
-389.6237623762376,0.09553043443147285
-389.6039603960396,0.10500619229991014
-389.5841584158416,0.11438631054208909
-389.56435643564356,0.12366013605807226
-389.54455445544556,0.13281752369089506
-389.5247524752475,0.14184870948936085
-389.5049504950495,0.15074423555691607
-389.48514851485146,0.15949490489800563
-389.46534653465346,0.1680917543827557
-389.44554455445547,0.17652603901017225
-389.4257425742574,0.18478922340719933
-389.4059405940594,0.1928729780636234
-389.38613861386136,0.20076917871957928
-389.36633663366337,0.2084699078764401
-389.34653465346537,0.21596745774619847
-389.3267326732673,0.2232543341736367
-389.3069306930693,0.230323261208131
-389.28712871287127,0.23716718609667278
-389.26732673267327,0.2437792845335797
-389.2475247524752,0.25015296604665227
-389.2277227722773,0.25628187942997543
-389.2079207920792,0.26215991815579603
-389.18811881188117,0.2677812257132112
-389.16831683168317,0.27314020083315804
-389.1485148514851,0.27823150256752194
-389.1287128712871,0.28305005519657533
-389.1089108910891,0.2875910529437109
-389.0891089108911,0.2918499644802031
-389.0693069306931,0.29582253720558643
-389.049504950495,0.2995048012914948
-389.029702970297,0.30289307347867905
-389.00990099009897,0.3059839606184122
-388.99009900990103,0.30877436295063604
-388.970297029703,0.31126147711243934
-388.950495049505,0.3134427988711223
-388.9306930693069,0.3153161255770316
-388.9108910891089,0.3168795583319995
-388.8910891089109,0.31813150386990546
-388.8712871287129,0.3190706761461959
-388.8514851485149,0.31969609763420903
-388.83168316831683,0.32000710032608026
-388.81188118811883,0.32000332643701274
-388.7920792079208,0.3196847288117522
-388.7722772277227,0.3190515710328764
-388.7524752475248,0.3181044272307046
-388.73267326732673,0.3168441815953745
-388.71287128712873,0.3152720275917773
-388.6930693069307,0.3133894668788624
-388.6732673267327,0.3111983079350205
-388.65346534653463,0.3087006643920629
-388.63366336633663,0.3058989530806467
-388.61386138613864,0.3027958917908182
-388.5940594059406,0.2993944967518697
-388.5742574257426,0.2956980798366289
-388.55445544554453,0.2917102454960444
-388.53465346534654,0.28743488743112405
-388.51485148514854,0.2828761850102277
-388.4950495049505,0.2780385994415934
-388.4752475247525,0.27292686971217434
-388.45544554455444,0.2675460083066782
-388.43564356435644,0.2619012967228682
-388.4158415841584,0.25599828080315185
-388.39603960396045,0.2498427659066525
-388.3762376237624,0.24344081195200704
-388.35643564356434,0.23679872836892202
-388.33663366336634,0.2299230690068875
-388.3168316831683,0.22282062706363986
-388.2970297029703,0.21549843011552766
-388.2772277227723,0.2079637353589543
-388.2574257425743,0.20022402521064056
-388.23762376237624,0.1922870034694733
-388.2178217821782,0.18416059232310136
-388.1980198019802,0.17585293060176832
-388.17821782178214,0.1673723738621696
-388.1584158415842,0.1587274971620412
-388.13861386138615,0.14992710182516542
-388.11881188118815,0.14098022820565687
-388.0990099009901,0.1318961776397304
-388.07920792079204,0.12268454879499402
-388.05940594059405,0.11335529721767336
-388.03960396039605,0.10391883351303247
-388.01980198019805,0.0943861884350116
-388.0,0.08476929938178503
-387.980198019802,0.07508152985048827
-387.96039603960395,0.06533866740698882
-387.9405940594059,0.0555609913335453
-387.92079207920796,0.04577800377245705
-387.9009900990099,0.03604080629496248
-387.8811881188119,0.02646115510860218
-387.86138613861385,0.017373326084518602
-387.84158415841586,0.010272190167429487
-387.8217821782178,0.01058831417519566
-387.8019801980198,0.017935441806525183
-387.7821782178218,0.027082932198099482
-387.76237623762376,0.03668780400241478
-387.74257425742576,0.046442276600595585
-387.7227722772277,0.05624098813236083
-387.7029702970297,0.06603490568322286
-387.6831683168317,0.07579533208037868
-387.66336633663366,0.08550233498157002
-387.64356435643566,0.09514027912099347
-387.6237623762376,0.10469585944074718
-387.6039603960396,0.11415714654826012
-387.58415841584156,0.12351308780842282
-387.5643564356436,0.13275323134065772
-387.54455445544556,0.14186756664723196
-387.5247524752475,0.15084642973424983
-387.5049504950495,0.15968044557668706
-387.48514851485146,0.16836049306249817
-387.46534653465346,0.17687768391856054
-387.44554455445547,0.18522335057625364
-387.42574257425747,0.1933890398848821
-387.4059405940594,0.20136651072132453
-387.38613861386136,0.2091477342311002
-387.36633663366337,0.21672489586191526
-387.3465346534653,0.22409039862076555
-387.3267326732674,0.23123686716123265
-387.3069306930693,0.23815715242363475
-387.2871287128713,0.24484433662926847
-387.26732673267327,0.25129173848362396
-387.2475247524752,0.25749291848116057
-387.2277227722772,0.26344168423062936
-387.2079207920792,0.2691320957391834
-387.1881188118812,0.2745584706071625
-387.16831683168317,0.279715389095985
-387.1485148514852,0.284597699038897
-387.1287128712871,0.2892005205703208
-387.10891089108907,0.29351925065391726
-387.0891089108911,0.2975495673928345
-387.0693069306931,0.30128743410845155
-387.0495049504951,0.30472910317598817
-387.029702970297,0.30787111960710356
-387.009900990099,0.31071032437109924
-386.990099009901,0.31324385744744104
-386.970297029703,0.3154691606035016
-386.950495049505,0.31738397989207007
-386.9306930693069,0.31898636786421186
-386.91089108910893,0.3202746854935208
-386.8910891089109,0.3212476038086155
-386.8712871287129,0.32190410523117474
-386.8514851485149,0.3222434846174756
-386.83168316831683,0.3222653500018181
-386.81188118811883,0.32196962304081816
-386.7920792079208,0.3213565391579284
-386.7722772277228,0.3204266473881812
-386.7524752475247,0.31918080992353365
-386.73267326732673,0.3176202013597283
-386.71287128712873,0.31574630764609424
-386.6930693069307,0.31356092474044706
-386.6732673267327,0.31106615697135837
-386.65346534653463,0.3082644151113601
-386.63366336633663,0.30515841416472145
-386.61386138613864,0.30175117087459186
-386.5940594059406,0.29804600095508543
-386.5742574257426,0.29404651605482973
-386.55445544554453,0.2897566204596704
-386.53465346534654,0.285180507543818
-386.5148514851485,0.28032265598011424
-386.49504950495054,0.27518782572246475
-386.4752475247525,0.26978105377579825
-386.45544554455444,0.2641076497724271
-386.43564356435644,0.25817319137756856
-386.4158415841584,0.25198351955235315
-386.3960396039604,0.24554473370958108
-386.3762376237624,0.23886318680667304
-386.3564356435644,0.2319454804331209
-386.33663366336634,0.2247984599661305
-386.3168316831683,0.21742920989204972
-386.2970297029703,0.20984504942326038
-386.27722772277224,0.20205352858649198
-386.2574257425743,0.19406242502433135
-386.23762376237624,0.18587974184797615
-386.21782178217825,0.17751370702198768
-386.1980198019802,0.16897277497716076
-386.17821782178214,0.16026563148001535
-386.15841584158414,0.1514012033110347
-386.13861386138615,0.14238867514952852
-386.11881188118815,0.13323751746800971
-386.0990099009901,0.12395753164370789
-386.0792079207921,0.11455892275922927
-386.05940594059405,0.10505241842943468
-386.039603960396,0.09544946717755405
-386.01980198019805,0.08576258080362341
-386.0,0.07600595222102038
-385.980198019802,0.06619663690465186
-385.96039603960395,0.05635698747460285
-385.94059405940595,0.04652018431944133
-385.9207920792079,0.03674454548194292
-385.9009900990099,0.027157826701571557
-385.8811881188119,0.018133618143165105
-385.86138613861385,0.011213527344444526
-385.84158415841586,0.011367614942597162
-385.8217821782178,0.018422332460695037
-385.8019801980198,0.02748678145057442
-385.7821782178218,0.0370962759168868
-385.76237623762376,0.04689238420737592
-385.74257425742576,0.056751149512644455
-385.7227722772277,0.06661548825782276
-385.7029702970297,0.07645268743655857
-385.68316831683165,0.08624057828225824
-385.66336633663366,0.09596216561769844
-385.64356435643566,0.1056032549393352
-385.6237623762376,0.11515129769523329
-385.6039603960396,0.12459478616576318
-385.58415841584156,0.13392291763766076
-385.56435643564356,0.14312539963319507
-385.54455445544556,0.1521923332016976
-385.5247524752475,0.16111414144533914
-385.5049504950495,0.16988152529405123
-385.48514851485146,0.17848543624509014
-385.46534653465346,0.18691705996316063
-385.4455445544554,0.19516780699813024
-385.42574257425747,0.20322930825764027
-385.4059405940594,0.21109341370392623
-385.38613861386136,0.2187521932599952
-385.36633663366337,0.2261979392372983
-385.3465346534653,0.23342316980968367
-385.3267326732673,0.24042063319917403
-385.3069306930693,0.2471833123340323
-385.2871287128713,0.25370442980466396
-385.26732673267327,0.2599774529886046
-385.2475247524752,0.265996099247633
-385.2277227722772,0.27175434112346813
-385.2079207920792,0.2772464114749992
-385.1881188118812,0.2824668085125527
-385.16831683168317,0.2874103006937982
-385.1485148514852,0.292071931452833
-385.1287128712871,0.2964470237394108
-385.10891089108907,0.3005311843492412
-385.0891089108911,0.30432030802963045
-385.0693069306931,0.307810581347245
-385.0495049504951,0.31099848630675636
-385.029702970297,0.3138808037110572
-385.009900990099,0.31645461625475435
-384.990099009901,0.318717311344214
-384.970297029703,0.32066658363821887
-384.950495049505,0.32230043730412306
-384.9306930693069,0.3236171879854807
-384.91089108910893,0.32461546447743145
-384.8910891089109,0.32529421010704096
-384.8712871287129,0.325652683816391
-384.8514851485149,0.3256904609465899
-384.83168316831683,0.32540743372167286
-384.81188118811883,0.32480381143173725
-384.7920792079208,0.3238801203152659
-384.7722772277228,0.32263720314110356
-384.7524752475247,0.3210762184911744
-384.7326732673268,0.3191986397455076
-384.71287128712873,0.31700625377185787
-384.6930693069307,0.31450115932276834
-384.6732673267327,0.3116857651437471
-384.65346534653463,0.3085627877969162
-384.63366336633663,0.3051352492054813
-384.61386138613864,0.30140647392532977
-384.59405940594064,0.29738008615130357
-384.5742574257426,0.293060006467062
-384.55445544554453,0.28845044834920874
-384.53465346534654,0.2835559144382894
-384.5148514851485,0.27838119259194266
-384.49504950495054,0.2729313517385315
-384.4752475247525,0.267211737553691
-384.4554455445545,0.26122796798725334
-384.43564356435644,0.25498592867472847
-384.4158415841584,0.24849176827624705
-384.3960396039604,0.2417518937974279
-384.3762376237624,0.23477296596212507
-384.3564356435644,0.2275618947282952
-384.33663366336634,0.22012583506707603
-384.31683168316835,0.2124721831659223
-384.2970297029703,0.20460857327376317
-384.27722772277224,0.19654287548841737
-384.2574257425743,0.1882831949061284
-384.23762376237624,0.17983787273038318
-384.21782178217825,0.17121549020490157
-384.1980198019802,0.1624248766473789
-384.1782178217822,0.15347512350921336
-384.15841584158414,0.14437560743192002
-384.13861386138615,0.135136027003707
-384.11881188118815,0.12576646087985288
-384.0990099009901,0.11627746016395844
-384.0792079207921,0.10668019756906248
-384.05940594059405,0.09698671438080009
-384.03960396039605,0.08721034373479794
-384.01980198019805,0.07736646948945383
-384.0,0.06747396722225671
-383.980198019802,0.057558148368493905
-383.96039603960395,0.047657370963293894
-383.94059405940595,0.03783984615829986
-383.9207920792079,0.02825413821220203
-383.90099009900996,0.019318698831272945
-383.8811881188119,0.012587354105748
-383.86138613861385,0.012449779875820294
-383.84158415841586,0.019054119094048326
-383.8217821782178,0.027963843012910376
-383.8019801980198,0.037553496633895386
-383.7821782178218,0.047387939072745584
-383.7623762376238,0.05731410266061204
-383.74257425742576,0.06726220346813416
-383.7227722772277,0.07719320049071701
-383.7029702970297,0.08708142150286183
-383.68316831683165,0.09690776130471801
-383.6633663366337,0.10665666331108556
-383.64356435643566,0.11631464629725366
-383.62376237623766,0.12586953026203726
-383.6039603960396,0.13531000543248553
-383.58415841584156,0.1446253812001253
-383.56435643564356,0.15380543470842323
-383.54455445544556,0.16284031721887687
-383.52475247524757,0.17172049530459385
-383.5049504950495,0.18043671374341635
-383.4851485148515,0.18897997231888755
-383.46534653465346,0.1973415117512736
-383.4455445544554,0.205512805743778
-383.42574257425747,0.21348555719160525
-383.4059405940594,0.22125169725994065
-383.3861386138614,0.22880338645486709
-383.36633663366337,0.23613301708247803
-383.34653465346537,0.24323321667139164
-383.3267326732673,0.2500968520545681
-383.3069306930693,0.25671703389005696
-383.2871287128713,0.2630871214578063
-383.26732673267327,0.2692007276108566
-383.2475247524753,0.27505172378863463
-383.2277227722772,0.2806342450212359
-383.2079207920792,0.2859426948694518
-383.1881188118812,0.2909717502570081
-383.16831683168317,0.295716366159957
-383.1485148514852,0.3001717801253878
-383.1287128712871,0.30433351659620755
-383.1089108910891,0.30819739102342947
-383.08910891089107,0.31175951374992117
-383.0693069306931,0.3150162936526452
-383.0495049504951,0.31796444153230835
-383.029702970297,0.32060097324086534
-383.009900990099,0.3229232125391411
-382.990099009901,0.32492879367770255
-382.970297029703,0.32661566369529627
-382.950495049505,0.32798208443010207
-382.9306930693069,0.3290266342398399
-382.91089108910893,0.32974820942758454
-382.8910891089109,0.3301460253706715
-382.8712871287129,0.33021961735096267
-382.8514851485148,0.32996884108519414
-382.8316831683169,0.3293938729548314
-382.81188118811883,0.3284952099354793
-382.7920792079208,0.32727366922642986
-382.7722772277228,0.32573038758173395
-382.7524752475247,0.32386682034468506
-382.73267326732673,0.3216847401884631
-382.71287128712873,0.3191862355663957
-382.69306930693074,0.316373708876222
-382.6732673267327,0.3132498743436055
-382.65346534653463,0.30981775563138225
-382.63366336633663,0.30608068318227044
-382.6138613861386,0.30204229130422905
-382.59405940594064,0.2977065150094521
-382.5742574257426,0.29307758662033934
-382.5544554455446,0.28816003215815256
-382.53465346534654,0.2829586675336381
-382.5148514851485,0.27747859456295454
-382.4950495049505,0.27172519683743135
-382.4752475247525,0.2657041354826839
-382.4554455445545,0.25942134485118584
-382.43564356435644,0.2528830282040064
-382.41584158415844,0.24609565345289972
-382.3960396039604,0.2390659490542675
-382.37623762376234,0.23180090017457516
-382.3564356435644,0.22430774528510558
-382.33663366336634,0.21659397339733238
-382.31683168316835,0.2086673222253247
-382.2970297029703,0.20053577766920067
-382.2772277227723,0.19220757516984824
-382.25742574257424,0.1836912037154449
-382.23762376237624,0.17499541362693305
-382.21782178217825,0.1661292297798842
-382.1980198019802,0.15710197275138035
-382.1782178217822,0.1479232917119206
-382.15841584158414,0.13860321507418127
-382.13861386138615,0.12915222862528136
-382.11881188118815,0.11958139737670505
-382.0990099009901,0.10990255920405659
-382.0792079207921,0.10012864082575987
-382.05940594059405,0.0902741915205637
-382.03960396039605,0.08035632481352384
-382.019801980198,0.07039647306910732
-382.0,0.060423887599491514
-381.980198019802,0.05048324940922054
-381.96039603960395,0.04065314903088146
-381.94059405940595,0.031097808914487685
-381.9207920792079,0.02223928330565045
-381.9009900990099,0.01540191480270439
-381.8811881188119,0.014004730083450411
-381.86138613861385,0.01927783062674169
-381.84158415841586,0.027625756965943302
-381.8217821782178,0.03700516109094637
-381.8019801980198,0.04677600421104509
-381.78217821782175,0.05670930258190946
-381.7623762376238,0.06670332096739469
-381.74257425742576,0.07670364106163369
-381.7227722772277,0.08667635062885415
-381.7029702970297,0.09659753845452133
-381.68316831683165,0.10644864642337737
-381.66336633663366,0.11621420920119123
-381.64356435643566,0.12588067007980341
-381.62376237623766,0.13543572272505564
-381.6039603960396,0.144867927497597
-381.58415841584156,0.15416647922662258
-381.56435643564356,0.16332106248038206
-381.5445544554455,0.17232175941460193
-381.52475247524757,0.18115899029968904
-381.5049504950495,0.18982347495724658
-381.4851485148515,0.19830620791340284
-381.46534653465346,0.20659844274468875
-381.4455445544554,0.2146916826960082
-381.4257425742574,0.2225776756410071
-381.4059405940594,0.23024841208282917
-381.3861386138614,0.23769612529926432
-381.36633663366337,0.24491329300488118
-381.34653465346537,0.25189264008342727
-381.3267326732673,0.25862714206727977
-381.30693069306926,0.26511002912685744
-381.2871287128713,0.2713347903935948
-381.26732673267327,0.2772951784833894
-381.2475247524753,0.28298521411892175
-381.2277227722772,0.28839919077233833
-381.2079207920792,0.29353167926681095
-381.18811881188117,0.2983775322884185
-381.16831683168317,0.30293188876945687
-381.1485148514852,0.307190178111802
-381.1287128712871,0.3111481242247596
-381.1089108910891,0.3148017493562958
-381.08910891089107,0.31814737770026413
-381.0693069306931,0.32118163876505706
-381.0495049504951,0.323901470491486
-381.029702970297,0.32630412210966964
-381.009900990099,0.32838715672626734
-380.990099009901,0.3301484536348309
-380.970297029703,0.33158621034323765
-380.9504950495049,0.33269894431308933
-380.930693069307,0.33348549440711095
-380.91089108910893,0.33394502204119086
-380.8910891089109,0.3340770120386341
-380.8712871287129,0.3338812731848989
-380.8514851485148,0.33335793848175804
-380.83168316831683,0.3325074651005587
-380.81188118811883,0.33133063403491947
-380.79207920792084,0.3298285494539213
-380.7722772277228,0.3280026377575559
-380.7524752475247,0.32585464633699834
-380.73267326732673,0.3233866420430847
-380.7128712871287,0.3206010093671886
-380.69306930693074,0.31750044833996033
-380.6732673267327,0.31408797215416756
-380.6534653465347,0.3103669045195598
-380.63366336633663,0.30634087675905153
-380.6138613861386,0.30201382465727794
-380.5940594059406,0.2973899850751035
-380.5742574257426,0.2924738923460328
-380.5544554455446,0.2872703744741581
-380.53465346534654,0.28178454915726736
-380.51485148514854,0.27602181966421835
-380.4950495049505,0.2699878706025671
-380.47524752475243,0.26368866362119897
-380.4554455445545,0.25713043310449735
-380.43564356435644,0.250319681929921
-380.41584158415844,0.24326317738151576
-380.3960396039604,0.2359679473398421
-380.3762376237624,0.22844127690705576
-380.35643564356434,0.22069070567895802
-380.33663366336634,0.21272402595046194
-380.31683168316835,0.20454928224722543
-380.2970297029703,0.19617477272984535
-380.2772277227723,0.18760905324316512
-380.25742574257424,0.17886094512117434
-380.23762376237624,0.1699395483733353
-380.21782178217825,0.16085426268068806
-380.1980198019802,0.15161481990829392
-380.1782178217822,0.14223133393018828
-380.15841584158414,0.13271437707695152
-380.13861386138615,0.12307509861901691
-380.1188118811881,0.11332541168842238
-380.09900990099015,0.10347829566884409
-380.0792079207921,0.09354830168722748
-380.05940594059405,0.08355243332271511
-380.03960396039605,0.0735117622665319
-380.019801980198,0.06345458896882294
-380.0,0.0534231451498781
-379.980198019802,0.04348934029577085
-379.960396039604,0.03379692591712016
-379.94059405940595,0.024694078805599932
-379.9207920792079,0.017210556210896278
-379.9009900990099,0.014239835106594743
-379.88118811881185,0.018164898890420195
-379.8613861386139,0.026026210489274382
-379.84158415841586,0.03526605033831675
-379.82178217821786,0.045020153114731024
-379.8019801980198,0.05498843034161585
-379.78217821782175,0.06504302766824817
-379.76237623762376,0.07511824889470514
-379.74257425742576,0.08517463403336521
-379.72277227722776,0.09518524488410197
-379.7029702970297,0.10512972554682379
-379.6831683168317,0.11499146334831362
-379.66336633663366,0.12475612190536496
-379.6435643564356,0.13441083461508405
-379.62376237623766,0.14394373858815812
-379.6039603960396,0.1533436943547595
-379.5841584158416,0.16260011191182547
-379.56435643564356,0.17170284016985274
-379.54455445544556,0.1806420955384951
-379.5247524752475,0.18940841540999656
-379.5049504950495,0.1979926278963902
-379.4851485148515,0.20638583241571734
-379.46534653465346,0.21457938765741236
-379.44554455445547,0.22256490464594667
-379.4257425742574,0.23033424337028183
-379.4059405940594,0.237879511929516
-379.3861386138614,0.24519306746253308
-379.36633663366337,0.25226751834229694
-379.34653465346537,0.2590957272605747
-379.3267326732673,0.26567081492946887
-379.3069306930693,0.27198616419697524
-379.28712871287127,0.2780354244240963
-379.26732673267327,0.28381251600758667
-379.2475247524753,0.2893116349590896
-379.2277227722772,0.294527257470931
-379.2079207920792,0.2994541444139257
-379.18811881188117,0.30408734572339663
-379.16831683168317,0.3084222046383611
-379.1485148514852,0.3124543617653448
-379.1287128712871,0.31617975894344214
-379.1089108910891,0.31959464289140926
-379.08910891089107,0.3226955686207211
-379.0693069306931,0.325479402601323
-379.049504950495,0.3279433256687215
-379.0297029702971,0.3300848356632817
-379.009900990099,0.33190174979368114
-378.990099009901,0.33339220671804803
-378.970297029703,0.334554668337442
-378.9504950495049,0.33538792129726214
-378.9306930693069,0.3358910781931095
-378.91089108910893,0.33606357847861434
-378.89108910891093,0.3359051890732976
-378.8712871287129,0.33541600466959365
-378.8514851485148,0.33459644773867775
-378.83168316831683,0.3334472682356582
-378.8118811881188,0.3319695430054031
-378.79207920792084,0.33016467489112283
-378.7722772277228,0.3280343915486649
-378.7524752475248,0.32558074397041864
-378.73267326732673,0.3228061047238644
-378.7128712871287,0.31971316591077736
-378.6930693069307,0.3163049368546905
-378.6732673267327,0.31258474152556026
-378.6534653465347,0.308556215712588
-378.63366336633663,0.30422330395824615
-378.61386138613864,0.299590256269346
-378.5940594059406,0.29466162462419004
-378.57425742574253,0.2894422592990063
-378.5544554455446,0.2839373050419736
-378.53465346534654,0.2781521971297818
-378.51485148514854,0.2720926573499404
-378.4950495049505,0.26576468996311103
-378.4752475247525,0.25917457771395724
-378.45544554455444,0.25232887797799214
-378.43564356435644,0.24523441915731342
-378.41584158415844,0.23789829747257596
-378.3960396039604,0.23032787434556898
-378.3762376237624,0.2225307746322887
-378.35643564356434,0.21451488605820374
-378.33663366336634,0.20628836033825373
-378.31683168316835,0.19785961665349142
-378.2970297029703,0.18923734843416518
-378.2772277227723,0.18043053481471114
-378.25742574257424,0.1714484587592924
-378.23762376237624,0.16230073484155894
-378.2178217821782,0.15299735122956984
-378.1980198019802,0.14354873298574053
-378.1782178217822,0.13396583808817678
-378.15841584158414,0.12426030502675026
-378.13861386138615,0.11444468420560767
-378.1188118811881,0.10453281041662361
-378.0990099009901,0.09454042273114031
-378.0792079207921,0.0844862397516104
-378.05940594059405,0.07439392219828221
-378.03960396039605,0.06429588720257985
-378.019801980198,0.05424132155630917
-378.0,0.04431473302616264
-377.98019801980195,0.03468437936324131
-377.960396039604,0.02574720856733441
-377.94059405940595,0.018596534275189164
-377.9207920792079,0.0159111081935235
-377.9009900990099,0.019632935310375417
-377.88118811881185,0.027246061841501894
-377.86138613861385,0.03636778611216394
-377.84158415841586,0.04608840083441208
-377.82178217821786,0.05607079632065696
-377.8019801980198,0.0661675664122208
-377.78217821782175,0.07630257179423612
-377.76237623762376,0.08643041354205604
-377.7425742574257,0.09652055131200038
-377.72277227722776,0.10655031416976753
-377.7029702970297,0.11650152377569893
-377.6831683168317,0.12635873597887806
-377.66336633663366,0.13610826808938944
-377.6435643564356,0.14573763371561835
-377.6237623762376,0.1552352010688413
-377.6039603960396,0.1645899796700992
-377.5841584158416,0.17379148384558724
-377.56435643564356,0.1828296437512774
-377.54455445544556,0.19169474670467251
-377.5247524752475,0.20037739834680976
-377.50495049504946,0.20886849707198754
-377.4851485148515,0.21715921750586384
-377.46534653465346,0.22524100025486307
-377.44554455445547,0.2331055460596818
-377.4257425742574,0.2407448130730032
-377.4059405940594,0.24815101636826079
-377.38613861386136,0.25531662904583574
-377.36633663366337,0.2622343844802757
-377.34653465346537,0.2688972793749192
-377.3267326732673,0.27529857737684904
-377.3069306930693,0.28143181306668713
-377.28712871287127,0.28729079618240777
-377.26732673267327,0.29286961596880917
-377.2475247524753,0.2981626455685256
-377.2277227722772,0.30316454638834267
-377.2079207920792,0.3078702723884064
-377.18811881188117,0.3122750742521265
-377.16831683168317,0.31637450340271983
-377.1485148514851,0.3201644158386612
-377.1287128712872,0.32364097576512224
-377.1089108910891,0.32680065900251964
-377.08910891089107,0.32964025615644715
-377.0693069306931,0.3321568755358234
-377.049504950495,0.3343479458083474
-377.029702970297,0.33621121838392914
-377.009900990099,0.33774476951857396
-376.99009900990103,0.3389470021323168
-376.970297029703,0.33981664733598327
-376.9504950495049,0.3403527656627316
-376.9306930693069,0.34055474800106394
-376.9108910891089,0.34042231622709895
-376.89108910891093,0.3399555235345689
-376.8712871287129,0.33915475446183063
-376.8514851485149,0.3380207246161046
-376.83168316831683,0.33655448009576694
-376.8118811881188,0.3347573966125722
-376.7920792079208,0.3326311783163313
-376.7722772277228,0.3301778563256838
-376.7524752475248,0.3273997869695771
-376.73267326732673,0.32429964974523645
-376.71287128712873,0.32088044499958646
-376.6930693069307,0.31714549134288444
-376.6732673267326,0.3130984228047785
-376.6534653465347,0.3087431857453966
-376.63366336633663,0.3040840355363931
-376.61386138613864,0.2991255330302763
-376.5940594059406,0.2938725408399505
-376.5742574257426,0.28833021945556536
-376.55445544554453,0.2825040232316499
-376.53465346534654,0.2763996962857456
-376.51485148514854,0.27002326835972634
-376.4950495049505,0.2633810507086173
-376.4752475247525,0.25647963209946295
-376.45544554455444,0.24932587502640624
-376.43564356435644,0.24192691228055085
-376.41584158415844,0.2342901440568215
-376.3960396039604,0.22642323584111299
-376.3762376237624,0.2183341174061348
-376.35643564356434,0.2100309833659254
-376.33663366336634,0.20152229591374496
-376.3168316831683,0.19281679062488166
-376.29702970297035,0.18392348658822885
-376.2772277227723,0.1748517027121205
-376.25742574257424,0.16561108295126478
-376.23762376237624,0.1562116346320479
-376.2178217821782,0.1466637863800474
-376.1980198019802,0.13697847604494534
-376.1782178217822,0.12716728573342692
-376.1584158415842,0.11724265306481976
-376.13861386138615,0.10721821010206586
-376.1188118811881,0.09710934493133896
-376.0990099009901,0.08693417029552783
-376.07920792079204,0.07671527926155416
-376.0594059405941,0.0664831282300101
-376.03960396039605,0.05628307029323633
-376.01980198019805,0.04619143572725413
-376.0,0.03635692891827626
-375.98019801980195,0.027123226876479882
-375.96039603960395,0.019433076695821994
-375.94059405940595,0.015789902455210007
-375.92079207920796,0.018744746410968627
-375.9009900990099,0.026144562898498192
-375.8811881188119,0.03528021386082886
-375.86138613861385,0.04508641057092495
-375.8415841584158,0.05518034041874773
-375.82178217821786,0.06539974322690464
-375.8019801980198,0.07566281743736072
-375.7821782178218,0.08592167793720552
-375.76237623762376,0.09614454962816367
-375.74257425742576,0.10630807471545566
-375.7227722772277,0.11639364885377751
-375.7029702970297,0.1263855347485163
-375.6831683168317,0.1362698280843951
-375.66336633663366,0.14603386117419695
-375.64356435643566,0.1556658446181713
-375.6237623762376,0.1651546447672161
-375.6039603960396,0.17448964191769323
-375.5841584158416,0.183660638220111
-375.56435643564356,0.19265779714724351
-375.54455445544556,0.20147160353153903
-375.5247524752475,0.2100928373180083
-375.5049504950495,0.21851255664257976
-375.48514851485146,0.22672208735683225
-375.46534653465346,0.23471301706898456
-375.44554455445547,0.2424771923822868
-375.4257425742574,0.25000671841226774
-375.4059405940594,0.25729395993327336
-375.38613861386136,0.26433154368701406
-375.36633663366337,0.27111236151239326
-375.34653465346537,0.27762957404479693
-375.3267326732673,0.2838766147958725
-375.3069306930693,0.28984719447082996
-375.28712871287127,0.2955353054131633
-375.26732673267327,0.3009352260916514
-375.2475247524752,0.3060415255624657
-375.2277227722773,0.31084906785344346
-375.2079207920792,0.31535301622791606
-375.18811881188117,0.31954883729361566
-375.16831683168317,0.32343230492884817
-375.1485148514851,0.3269995040026487
-375.1287128712871,0.3302468338701215
-375.1089108910891,0.3331710116269773
-375.0891089108911,0.3357690751101606
-375.0693069306931,0.3380383856334989
-375.049504950495,0.3399766304492067
-375.029702970297,0.3415818249276314
-375.009900990099,0.3428523144487832
-374.99009900990103,0.3437867760007456
-374.970297029703,0.34438421948066783
-374.950495049505,0.3446439886955247
-374.9306930693069,0.344565762060218
-374.9108910891089,0.34414955299186145
-374.89108910891093,0.34339570999978314
-374.8712871287129,0.342304916471577
-374.8514851485149,0.34087819015655396
-374.83168316831683,0.33911688234863674
-374.81188118811883,0.33702267677190245
-374.7920792079208,0.3345975881729112
-374.7722772277228,0.33184396062506977
-374.7524752475248,0.3287644655516564
-374.73267326732673,0.32536209947561284
-374.71287128712873,0.32164018150577905
-374.6930693069307,0.31760235057161346
-374.6732673267327,0.3132525624203653
-374.6534653465347,0.3085950863941787
-374.63366336633663,0.30363450200789666
-374.61386138613864,0.29837569535275643
-374.5940594059406,0.2928238553572018
-374.5742574257426,0.28698446994286125
-374.55445544554453,0.28086332212296006
-374.53465346534654,0.2744664861026339
-374.51485148514854,0.2678003234556358
-374.4950495049505,0.26087147947306877
-374.4752475247525,0.25368687980655374
-374.45544554455444,0.24625372756581093
-374.43564356435644,0.23857950108062403
-374.41584158415844,0.2306719526071002
-374.3960396039604,0.22253910835537025
-374.3762376237624,0.214189270353934
-374.35643564356434,0.20563102086407398
-374.33663366336634,0.19687323034742238
-374.3168316831683,0.18792507041920203
-374.29702970297035,0.17879603386936122
-374.2772277227723,0.16949596483526325
-374.25742574257424,0.16003510378826047
-374.23762376237624,0.15042415454576136
-374.2178217821782,0.14067438474886215
-374.1980198019802,0.13079777847440177
-374.1782178217822,0.12080727243142166
-374.1584158415842,0.11071713067269567
-374.13861386138615,0.10054355781232022
-374.1188118811881,0.09030574166185255
-374.0990099009901,0.08002771063748014
-374.07920792079204,0.06974183631194598
-374.0594059405941,0.05949591435243848
-374.03960396039605,0.049368755560033534
-374.01980198019805,0.039508259393476367
-374.0,0.030235885178573306
-373.98019801980195,0.022357295642254575
-373.96039603960395,0.017876361831680895
-373.94059405940595,0.01934364023385745
-373.92079207920796,0.025760063316098186
-373.9009900990099,0.03444921952252134
-373.8811881188119,0.04406506539812156
-373.86138613861385,0.054089378427887906
-373.8415841584158,0.06430221381863745
-373.82178217821786,0.07459501679892991
-373.8019801980198,0.08490618941339353
-373.7821782178218,0.09519629107943102
-373.76237623762376,0.10543735871169647
-373.74257425742576,0.115607849206554
-373.7227722772277,0.12569005105807382
-373.7029702970297,0.135668673055716
-373.6831683168317,0.14553003384982954
-373.66336633663366,0.15526157636440394
-373.64356435643566,0.16485156657886674
-373.6237623762376,0.1742889013876383
-373.6039603960396,0.1835629833434496
-373.5841584158416,0.19266363770357178
-373.56435643564356,0.20158105696301729
-373.54455445544556,0.21030576367174084
-373.5247524752475,0.21882858566398522
-373.5049504950495,0.22714063986194305
-373.48514851485146,0.2352333220901607
-373.4653465346535,0.24309830115414938
-373.44554455445547,0.25072751597126613
-373.4257425742574,0.2581131748990826
-373.4059405940594,0.2652477566485898
-373.38613861386136,0.27212401233693523
-373.36633663366337,0.2787349683515947
-373.34653465346537,0.2850739297809232
-373.3267326732674,0.291134484226079
-373.3069306930693,0.29691050585283885
-373.28712871287127,0.30239615957393606
-373.26732673267327,0.30758590527652196
-373.2475247524752,0.3124745020273611
-373.2277227722773,0.31705701220214916
-373.2079207920792,0.32132880549566184
-373.1881188118812,0.3252855627779994
-373.16831683168317,0.3289232797682307
-373.1485148514851,0.33223827050203647
-373.1287128712871,0.33522717057406315
-373.1089108910891,0.3378869401388296
-373.0891089108911,0.3402148666569636
-373.0693069306931,0.3422085673756331
-373.0495049504951,0.3438659915340882
-373.029702970297,0.34518542228673155
-373.00990099009897,0.3461654783377236
-372.99009900990103,0.3468051152823047
-372.970297029703,0.3471036266511784
-372.950495049505,0.34706064465544895
-372.9306930693069,0.34667614063060104
-372.91089108910893,0.34595042517892133
-372.8910891089109,0.34488414801091805
-372.8712871287129,0.3434782974871749
-372.8514851485149,0.3417341998632039
-372.83168316831683,0.33965351824094075
-372.81188118811883,0.3372382512318172
-372.7920792079208,0.33449073133765617
-372.7722772277228,0.3314136230572988
-372.7524752475248,0.32800992072846225
-372.73267326732673,0.3242829461166619
-372.71287128712873,0.320236345765379
-372.6930693069307,0.31587408812470147
-372.6732673267327,0.3112004604792729
-372.65346534653463,0.30622006570100024
-372.6336633663367,0.30093781885750226
-372.61386138613864,0.2953589437143206
-372.5940594059406,0.2894889691780594
-372.5742574257426,0.2833337257389333
-372.55445544554453,0.27689934198636323
-372.53465346534654,0.2701922412906706
-372.51485148514854,0.26321913876990927
-372.49504950495054,0.2559870386953722
-372.4752475247525,0.2485032325357697
-372.45544554455444,0.24077529790409288
-372.43564356435644,0.2328110987583866
-372.4158415841584,0.2246187873309087
-372.39603960396045,0.21620680843366366
-372.3762376237624,0.20758390703806598
-372.3564356435644,0.19875914039077203
-372.33663366336634,0.18974189646772788
-372.3168316831683,0.18054192138459413
-372.2970297029703,0.17116935963779223
-372.2772277227723,0.16163481302821495
-372.2574257425743,0.15194942730751235
-372.23762376237624,0.1421250208637472
-372.21782178217825,0.1321742787597918
-372.1980198019802,0.12211105129323278
-372.17821782178214,0.11195082525252925
-372.1584158415842,0.10171149140728945
-372.13861386138615,0.09141464268348928
-372.11881188118815,0.08108787237488119
-372.0990099009901,0.07076907209399691
-372.0792079207921,0.06051501758262209
-372.05940594059405,0.05041992703317655
-372.03960396039605,0.040659400634830464
-372.01980198019805,0.03160433487543491
-372.0,0.024122633561102634
-371.980198019802,0.0201058872492176
-371.96039603960395,0.021605226039561276
-371.94059405940595,0.02773967011187191
-371.92079207920796,0.036213008097387624
-371.9009900990099,0.04572248919411228
-371.8811881188119,0.055714704764491405
-371.86138613861385,0.0659420280909875
-371.84158415841586,0.07627926441086755
-371.8217821782178,0.08665490948146846
-371.8019801980198,0.09702340688024888
-371.7821782178218,0.10735284705063382
-371.76237623762376,0.11761902850326379
-371.74257425742576,0.12780237666196062
-371.7227722772277,0.13788624660841994
-371.7029702970297,0.14785594043576797
-371.6831683168317,0.15769811431767972
-371.66336633663366,0.16740040827005373
-371.64356435643566,0.17695120838388406
-371.6237623762376,0.1863394906525001
-371.6039603960396,0.19555471660427054
-371.58415841584156,0.20458676271141432
-371.5643564356436,0.21342587233719704
-371.54455445544556,0.2220626230310388
-371.5247524752475,0.23048790446046927
-371.5049504950495,0.2386929038267455
-371.48514851485146,0.2466690966124892
-371.46534653465346,0.25440824116623045
-371.44554455445547,0.26190237606824784
-371.42574257425747,0.2691438195207017
-371.4059405940594,0.2761251702115451
-371.38613861386136,0.28283930924646733
-371.36633663366337,0.28927940284608794
-371.3465346534653,0.2954389055797466
-371.3267326732674,0.30131156396131914
-371.3069306930693,0.30689142027223704
-371.2871287128713,0.3121728165065946
-371.26732673267327,0.31715039835560493
-371.2475247524752,0.32181911916563544
-371.2277227722772,0.32617424381708787
-371.2079207920792,0.33021135248151257
-371.1881188118812,0.3339263442223429
-371.16831683168317,0.3373154404107347
-371.1485148514852,0.3403751879332729
-371.1287128712871,0.3431024621720035
-371.10891089108907,0.34549446974094117
-371.0891089108911,0.34754875096560706
-371.0693069306931,0.34926318209465645
-371.0495049504951,0.3506359772345176
-371.029702970297,0.3516656899996684
-371.009900990099,0.3523512148726673
-370.990099009901,0.35269178826937647
-370.970297029703,0.3526869893060733
-370.950495049505,0.3523367402662196
-370.9306930693069,0.35164130676580635
-370.91089108910893,0.35060129761729114
-370.8910891089109,0.349217664393157
-370.8712871287129,0.34749170069126833
-370.8514851485149,0.3454250411054375
-370.83168316831683,0.3430196599057696
-370.81188118811883,0.34027786943494137
-370.7920792079208,0.3372023182278562
-370.7722772277228,0.3337959888643536
-370.7524752475247,0.3300621955663015
-370.73267326732673,0.32600458155329726
-370.71287128712873,0.32162711617388573
-370.6930693069307,0.3169340918331196
-370.6732673267327,0.31193012074149196
-370.65346534653463,0.30662013151609724
-370.63366336633663,0.30100936567156683
-370.61386138613864,0.2951033740475478
-370.5940594059406,0.2889080132303751
-370.5742574257426,0.28242944204172843
-370.55445544554453,0.2756741181858428
-370.53465346534654,0.26864879517223866
-370.5148514851485,0.2613605196646298
-370.49504950495054,0.253816629451829
-370.4752475247525,0.24602475229801704
-370.45544554455444,0.23799280601475464
-370.43564356435644,0.229729000214928
-370.4158415841584,0.22124184037582303
-370.3960396039604,0.2125401350770277
-370.3762376237624,0.20363300762571332
-370.3564356435644,0.19452991379383597
-370.33663366336634,0.18524066816170245
-370.3168316831683,0.17577548274150373
-370.2970297029703,0.16614502340030937
-370.27722772277224,0.15636049255865062
-370.2574257425743,0.14643375150024765
-370.23762376237624,0.13637750384836364
-370.21782178217825,0.12620557612110814
-370.1980198019802,0.11593335727644118
-370.17821782178214,0.10557850820244837
-370.15841584158414,0.09516214904271561
-370.13861386138615,0.08471093432516662
-370.11881188118815,0.0742608737343287
-370.0990099009901,0.06386482097595707
-370.0792079207921,0.05360828998631118
-370.05940594059405,0.0436458856212704
-370.039603960396,0.034293127913077634
-370.01980198019805,0.026268458963793193
-370.0,0.02119117914838803
-369.980198019802,0.021312456146351817
-369.96039603960395,0.026563659996880363
-369.94059405940595,0.03467637560880028
-369.9207920792079,0.04407819310432258
-369.9009900990099,0.05407563605742695
-369.8811881188119,0.0643630509397741
-369.86138613861385,0.07478987661624534
-369.84158415841586,0.08527240154443105
-369.8217821782178,0.09575863230470041
-369.8019801980198,0.10621298364203278
-369.7821782178218,0.11660900509296604
-369.76237623762376,0.12692565975716044
-369.74257425742576,0.13714529855241153
-369.7227722772277,0.14725249894932896
-369.7029702970297,0.15723336999675971
-369.68316831683165,0.1670751212631826
-369.6633663366337,0.176765787469559
-369.64356435643566,0.18629404832342672
-369.6237623762376,0.19564910841339223
-369.6039603960396,0.20482061604335794
-369.58415841584156,0.21379860792452468
-369.56435643564356,0.22257347140138678
-369.54455445544556,0.2311359187861949
-369.52475247524757,0.23947697018742345
-369.5049504950495,0.2475879423762051
-369.48514851485146,0.2554604419911563
-369.46534653465346,0.2630863618858334
-369.4455445544554,0.2704578797643923
-369.42574257425747,0.27756745848607733
-369.4059405940594,0.2844078475834919
-369.3861386138614,0.29097208565613975
-369.36633663366337,0.2972535033843177
-369.3465346534653,0.30324572696920626
-369.3267326732673,0.3089426818498478
-369.3069306930693,0.3143385965806812
-369.2871287128713,0.3194280067785142
-369.26732673267327,0.32420575906659044
-369.2475247524753,0.3286670149579462
-369.2277227722772,0.3328072546314702
-369.20792079207916,0.33662228056292615
-369.1881188118812,0.34010822097998145
-369.16831683168317,0.3432615331159183
-369.1485148514852,0.34607900624113025
-369.1287128712871,0.348557764455017
-369.1089108910891,0.35069526922408656
-369.08910891089107,0.3524893216544295
-369.0693069306931,0.3539380644888144
-369.0495049504951,0.3550399838206803
-369.029702970297,0.35579391051871195
-369.009900990099,0.35619902135724574
-368.990099009901,0.35625483984903794
-368.970297029703,0.35596123677818714
-368.950495049505,0.3553184304321675
-368.9306930693069,0.3543269865331065
-368.91089108910893,0.35298781786970107
-368.8910891089109,0.351302183632256
-368.8712871287129,0.34927168845474493
-368.8514851485148,0.3468982811692033
-368.8316831683169,0.34418425327928287
-368.81188118811883,0.3411322371615773
-368.7920792079208,0.3377452040054415
-368.7722772277228,0.33402646150433746
-368.7524752475247,0.3299796513146149
-368.73267326732673,0.32560874630108005
-368.71287128712873,0.32091804759279874
-368.69306930693074,0.31591218147767436
-368.6732673267327,0.3105960961708874
-368.65346534653463,0.3049750585000088
-368.63366336633663,0.29905465055992553
-368.6138613861386,0.2928407664037033
-368.59405940594064,0.28633960885208126
-368.5742574257426,0.2795576865265831
-368.5544554455446,0.27250181123968187
-368.53465346534654,0.2651790959140475
-368.5148514851485,0.2575969532545165
-368.4950495049505,0.2497630954663574
-368.4752475247525,0.24168553540985582
-368.4554455445545,0.23337258971499597
-368.43564356435644,0.2248328845686364
-368.41584158415844,0.21607536515575682
-368.3960396039604,0.2071093101263391
-368.37623762376234,0.19794435303367908
-368.3564356435644,0.18859051354983838
-368.33663366336634,0.1790582425765412
-368.31683168316835,0.16935848741493695
-368.2970297029703,0.15950278641697893
-368.2772277227723,0.14950340786803118
-368.25742574257424,0.13937355680091457
-368.23762376237624,0.12912768895447124
-368.21782178217825,0.11878199892829658
-368.1980198019802,0.10835520153383839
-368.1782178217822,0.09786982667171068
-368.15841584158414,0.0873544558899356
-368.13861386138615,0.07684777996661703
-368.11881188118815,0.06640640084360667
-368.0990099009901,0.056120888965749176
-368.0792079207921,0.046151456055954464
-368.05940594059405,0.036813276245091446
-368.03960396039605,0.028784949778023497
-368.019801980198,0.023500820348432788
-368.0,0.022970478386364058
-367.980198019802,0.027475935435172443
-367.96039603960395,0.035120378474980646
-367.94059405940595,0.0442887826255079
-367.9207920792079,0.054188763916372645
-367.9009900990099,0.06445599777830971
-367.8811881188119,0.074908981847215
-367.86138613861385,0.08544717652833565
-367.84158415841586,0.09600889402566916
-367.8217821782178,0.10655263203659093
-367.8019801980198,0.11704813448865921
-367.78217821782175,0.12747180057700128
-367.7623762376238,0.13780418112491663
-367.74257425742576,0.1480285421356612
-367.7227722772277,0.1581300046306313
-367.7029702970297,0.1680950107377712
-367.68316831683165,0.1779109821939811
-367.66336633663366,0.1875660964425033
-367.64356435643566,0.19704913687241576
-367.62376237623766,0.20634939109850162
-367.6039603960396,0.21545658112640317
-367.58415841584156,0.22436081513262246
-367.56435643564356,0.23305255417150342
-367.5445544554455,0.2415225893580242
-367.52475247524757,0.24976202650504697
-367.5049504950495,0.2577622761266636
-367.4851485148515,0.2655150473399229
-367.46534653465346,0.27301234461748913
-367.4455445544554,0.28024646663303904
-367.4257425742574,0.28721000664306
-367.4059405940594,0.2938958539918929
-367.3861386138614,0.30029719642935876
-367.36633663366337,0.3064075230049013
-367.34653465346537,0.3122206273569715
-367.3267326732673,0.3177306112568353
-367.30693069306926,0.3229318882967481
-367.2871287128713,0.32781918763530943
-367.26732673267327,0.3323875577306254
-367.2475247524753,0.3366323700054951
-367.2277227722772,0.34054932239956975
-367.2079207920792,0.34413444277173016
-367.18811881188117,0.34738409212261884
-367.16831683168317,0.3502949676127581
-367.1485148514852,0.3528641053557298
-367.1287128712871,0.3550888829698791
-367.1089108910891,0.3569670218746073
-367.08910891089107,0.3584965893201693
-367.0693069306931,0.3596760001418097
-367.0495049504951,0.36050401823107775
-367.029702970297,0.36097975771892565
-367.009900990099,0.36110268386655003
-366.990099009901,0.3608726136616248
-366.970297029703,0.36028971611879135
-366.9504950495049,0.3593545122846119
-366.9306930693069,0.35806787494882936
-366.91089108910893,0.356431028064882
-366.8910891089109,0.3544455458844048
-366.8712871287129,0.3521133518120031
-366.8514851485148,0.3494367169884621
-366.83168316831683,0.34641825861272874
-366.81188118811883,0.3430609380152398
-366.7920792079208,0.33936805849841956
-366.7722772277228,0.3353432629630884
-366.7524752475247,0.3309905313440421
-366.73267326732673,0.32631417788282696
-366.7128712871287,0.32131884827195584
-366.69306930693074,0.31600951671257754
-366.6732673267327,0.3103914829369901
-366.65346534653463,0.3044703692599141
-366.63366336633663,0.29825211773773846
-366.6138613861386,0.29174298753529176
-366.5940594059406,0.28494955262577604
-366.5742574257426,0.27787869998400255
-366.5544554455446,0.27053762847862467
-366.53465346534654,0.2629338487303436
-366.5148514851485,0.2550751842858148
-366.4950495049505,0.24696977457011163
-366.47524752475243,0.23862608023762005
-366.4554455445545,0.2300528917606668
-366.43564356435644,0.22125934240722636
-366.41584158415844,0.21225492720827893
-366.3960396039604,0.20304953017194124
-366.37623762376234,0.19365346297842914
-366.35643564356434,0.18407751986740345
-366.33663366336634,0.17433305571114863
-366.31683168316835,0.16443209786509183
-366.2970297029703,0.1543875081977662
-366.2772277227723,0.14421322133315503
-366.25742574257424,0.13392460156848643
-366.2376237623762,0.12353898987439424
-366.21782178217825,0.11307656522781737
-366.1980198019802,0.10256174493379282
-366.1782178217822,0.09202554803345957
-366.15841584158414,0.08150976196488521
-366.13861386138615,0.07107466764795121
-366.1188118811881,0.06081419969700642
-366.0990099009901,0.05088754524956981
-366.0792079207921,0.04158845507503479
-366.05940594059405,0.03349665179615374
-366.03960396039605,0.027736527381640046
-366.019801980198,0.025941459094597327
-366.0,0.028869393082687263
-365.980198019802,0.03535865839277451
-365.96039603960395,0.04383834725252975
-365.94059405940595,0.05334415552343873
-365.9207920792079,0.06338844246118173
-365.9009900990099,0.07372091021965219
-365.88118811881185,0.08420305592828371
-365.8613861386139,0.09475136279188619
-365.84158415841586,0.10531113044344291
-365.8217821782178,0.11584373061851368
-365.8019801980198,0.12632001705348458
-365.78217821782175,0.13671672386257974
-365.76237623762376,0.14701439910000624
-365.74257425742576,0.15719616830344582
-365.72277227722776,0.1672469675674933
-365.7029702970297,0.17715305305200474
-365.68316831683165,0.18690167905857463
-365.66336633663366,0.1964808821308474
-365.6435643564356,0.20587933369010258
-365.62376237623766,0.21508623805945173
-365.6039603960396,0.22409126119969044
-365.5841584158416,0.2328844806246146
-365.56435643564356,0.24145635016874514
-365.5445544554455,0.24979767532448705
-365.5247524752475,0.25789959619583225
-365.5049504950495,0.2657535759994617
-365.4851485148515,0.27335139364029415
-365.46534653465346,0.28068513929832406
-365.44554455445547,0.28774721224896727
-365.4257425742574,0.29453032034091187
-365.40594059405936,0.30102748069976154
-365.3861386138614,0.3072320213306001
-365.36633663366337,0.31313758336902225
-365.34653465346537,0.3187381237872646
-365.3267326732673,0.32402791840438244
-365.3069306930693,0.3290015650816313
-365.28712871287127,0.33365398700881316
-365.26732673267327,0.337980436005991
-365.2475247524753,0.34197649577994105
-365.2277227722772,0.34563808508590815
-365.2079207920792,0.3489614607547321
-365.18811881188117,0.35194322055202903
-365.16831683168317,0.35458030584276057
-365.1485148514852,0.3568700040387023
-365.1287128712871,0.35880995081053835
-365.1089108910891,0.36039813204942955
-365.08910891089107,0.36163288556595674
-365.0693069306931,0.3625129025164252
-365.049504950495,0.36303722854876386
-365.0297029702971,0.36320526466217057
-365.009900990099,0.36301676777622083
-364.990099009901,0.36247185100686463
-364.970297029703,0.3615709836482211
-364.9504950495049,0.36031499086055446
-364.930693069307,0.3587050530664186
-364.91089108910893,0.35674270505845057
-364.89108910891093,0.35442983482406554
-364.8712871287129,0.3517686820941012
-364.8514851485148,0.3487618366245258
-364.83168316831683,0.3454122362227941
-364.81188118811883,0.34172316453301516
-364.79207920792084,0.3376982485974561
-364.7722772277228,0.3333414562157986
-364.7524752475248,0.32865709312821717
-364.73267326732673,0.3236498000541735
-364.7128712871287,0.31832454962610734
-364.69306930693074,0.3126866432659497
-364.6732673267327,0.3067417080641961
-364.6534653465347,0.3004956937354915
-364.63366336633663,0.29395486974369434
-364.61386138613864,0.287125822713805
-364.5940594059406,0.28001545428028296
-364.5742574257426,0.2726309795639917
-364.5544554455446,0.26497992652699026
-364.53465346534654,0.25707013653198324
-364.51485148514854,0.24890976653895838
-364.4950495049505,0.24050729351821612
-364.4752475247525,0.23187152186458462
-364.4554455445545,0.22301159488975186
-364.43564356435644,0.21393701189061018
-364.41584158415844,0.20465765290756938
-364.3960396039604,0.19518381420384126
-364.3762376237624,0.18552625888602484
-364.35643564356434,0.1756962892342881
-364.33663366336634,0.16570585070291272
-364.31683168316835,0.15556768304104815
-364.2970297029703,0.14529554310119883
-364.2772277227723,0.1349045394998292
-364.25742574257424,0.124411646859404
-364.23762376237624,0.11383651789166582
-364.21782178217825,0.103202808083556
-364.1980198019802,0.09254042070318097
-364.1782178217822,0.08188948593221872
-364.15841584158414,0.07130779187029802
-364.13861386138615,0.06088551810959264
-364.1188118811881,0.050776419299263506
-364.09900990099015,0.04126790257907352
-364.0792079207921,0.03294051838703501
-364.05940594059405,0.026962812656709963
-364.03960396039605,0.02510773440559347
-364.019801980198,0.02821126545291256
-364.0,0.03497106137904023
-363.980198019802,0.04370602547070126
-363.960396039604,0.05343307905734683
-363.94059405940595,0.06367169409727726
-363.9207920792079,0.0741799408351208
-363.9009900990099,0.08482523428503824
-363.88118811881185,0.09552790244774316
-363.8613861386139,0.10623572413348202
-363.84158415841586,0.11691168866427239
-363.82178217821786,0.12752772050828465
-363.8019801980198,0.13806127018760578
-363.78217821782175,0.1484933669133122
-363.76237623762376,0.15880745735071589
-363.74257425742576,0.16898868737218217
-363.72277227722776,0.17902344383879853
-363.7029702970297,0.18889905457377337
-363.6831683168317,0.19860358764558533
-363.66336633663366,0.2081257147464631
-363.6435643564356,0.2174546169627255
-363.62376237623766,0.2265799191956504
-363.6039603960396,0.23549164431888098
-363.5841584158416,0.24418018116188397
-363.56435643564356,0.2526362623213957
-363.54455445544556,0.2608509490466492
-363.5247524752475,0.2688156212692063
-363.5049504950495,0.2765219714048848
-363.4851485148515,0.28396200093738727
-363.46534653465346,0.2911280190591217
-363.44554455445547,0.2980126428329532
-363.4257425742574,0.3046087984728116
-363.4059405940594,0.3109097234387147
-363.3861386138614,0.31690896911302024
-363.36633663366337,0.32260040387768624
-363.34653465346537,0.3279782164517843
-363.3267326732673,0.3330369193786095
-363.3069306930693,0.3377713525742525
-363.28712871287127,0.34217668686738983
-363.26732673267327,0.346248427473573
-363.2475247524753,0.3499824173579766
-363.2277227722772,0.3533748404491971
-363.2079207920792,0.3564222246733687
-363.18811881188117,0.3591214447834902
-363.16831683168317,0.36146972496327634
-363.1485148514852,0.36346464118856975
-363.1287128712871,0.3651041233325612
-363.1089108910891,0.3663864570036532
-363.08910891089107,0.3673102851072281
-363.0693069306931,0.36787460912450376
-363.049504950495,0.3680787901037114
-363.0297029702971,0.3679225493603565
-363.009900990099,0.3674059688851851
-362.990099009901,0.36652949145996533
-362.970297029703,0.3652939204828467
-362.9504950495049,0.36370041950684145
-362.9306930693069,0.3617505114966649
-362.91089108910893,0.35944607781119836
-362.89108910891093,0.35678935692108704
-362.8712871287129,0.35378294287324136
-362.8514851485148,0.3504297835172937
-362.83168316831683,0.3467331785120102
-362.8118811881188,0.34269677713397556
-362.79207920792084,0.3383245759157237
-362.7722772277228,0.3336209161462183
-362.7524752475248,0.32859048127420526
-362.73267326732673,0.32323829426376843
-362.7128712871287,0.3175697149631097
-362.6930693069307,0.31159043756189936
-362.6732673267327,0.3053064882311336
-362.6534653465347,0.2987242230633273
-362.63366336633663,0.2918503264617947
-362.61386138613864,0.28469181016872736
-362.5940594059406,0.2772560131754809
-362.57425742574253,0.2695506028307848
-362.5544554455446,0.2615835775599461
-362.53465346534654,0.25336327174121603
-362.51485148514854,0.24489836346902577
-362.4950495049505,0.23619788619062362
-362.4752475247525,0.2272712455657816
-362.45544554455444,0.21812824342089757
-362.43564356435644,0.20877911142819547
-362.41584158415844,0.1992345582655176
-362.3960396039604,0.18950583570603835
-362.3762376237624,0.17960483168831182
-362.35643564356434,0.16954420249388233
-362.33663366336634,0.1593375626968097
-362.31683168316835,0.1489997622960223
-362.2970297029703,0.13854729860008544
-362.2772277227723,0.127998942059535
-362.25742574257424,0.1173767121970188
-362.23762376237624,0.10670744620429636
-362.2178217821782,0.09602540979122542
-362.19801980198025,0.08537682037102631
-362.1782178217822,0.07482804547684586
-362.15841584158414,0.06448121193705207
-362.13861386138615,0.05450540491118854
-362.1188118811881,0.04520111999672382
-362.0990099009901,0.03712925225748453
-362.0792079207921,0.03130452504473171
-362.0594059405941,0.029139054154270306
-362.03960396039605,0.03141064590722404
-362.019801980198,0.03731303452476809
-362.0,0.045437721062314765
-361.98019801980195,0.054782749819156436
-361.960396039604,0.06479551772116993
-361.94059405940595,0.07517973761952733
-361.92079207920796,0.08576839580795372
-361.9009900990099,0.09646040470720156
-361.88118811881185,0.10718992474367506
-361.86138613861385,0.11791099886032226
-361.84158415841586,0.12858947244523583
-361.82178217821786,0.13919853047989697
-361.8019801980198,0.1497161189974401
-361.7821782178218,0.1601233946109021
-361.76237623762376,0.17040375920641085
-361.7425742574257,0.18054224060153792
-361.72277227722776,0.19052508479033106
-361.7029702970297,0.20033948154792536
-361.6831683168317,0.20997337637290908
-361.66336633663366,0.219415339676271
-361.64356435643566,0.228654474744503
-361.6237623762376,0.2376803524680921
-361.6039603960396,0.24648296485947957
-361.5841584158416,0.25505269195912644
-361.56435643564356,0.26338027840573813
-361.54455445544556,0.2714568170607606
-361.5247524752475,0.27927373783001985
-361.5049504950495,0.2868228003424377
-361.4851485148515,0.29409608950594524
-361.46534653465346,0.3010860132153672
-361.44554455445547,0.3077853016694302
-361.4257425742574,0.314187007885816
-361.4059405940594,0.32028450910012507
-361.38613861386136,0.3260715088062649
-361.3663366336634,0.3315420392491601
-361.34653465346537,0.3366904642213309
-361.3267326732673,0.34151148204574705
-361.3069306930693,0.34600012865086893
-361.28712871287127,0.35015178066255837
-361.26732673267327,0.3539621584516392
-361.2475247524753,0.3574273290873695
-361.2277227722773,0.36054370915630835
-361.2079207920792,0.3633080674131023
-361.18811881188117,0.3657175272358595
-361.16831683168317,0.36776956886346795
-361.1485148514851,0.369462031396474
-361.1287128712872,0.37079311454625896
-361.1089108910891,0.3717613801204789
-361.0891089108911,0.3723657532349287
-361.0693069306931,0.3726055232445366
-361.049504950495,0.3724803443879822
-361.029702970297,0.37199023614248994
-361.009900990099,0.37113558328691887
-360.99009900990103,0.3699171356732999
-360.970297029703,0.36833600770839486
-360.950495049505,0.3663936775490328
-360.9306930693069,0.3640919860164375
-360.9108910891089,0.3614331352374091
-360.89108910891093,0.35841968702206217
-360.8712871287129,0.35505456099079774
-360.8514851485149,0.3513410324661672
-360.83168316831683,0.3472827301489319
-360.81188118811883,0.34288363360203455
-360.7920792079208,0.3381480705714596
-360.7722772277228,0.33308071417944407
-360.7524752475248,0.3276865800336117
-360.73267326732673,0.32197102330564
-360.71287128712873,0.3159397358458666
-360.6930693069307,0.3095987434164427
-360.6732673267327,0.302954403146756
-360.6534653465347,0.2960134013418977
-360.63366336633663,0.28878275181077906
-360.61386138613864,0.2812697949277404
-360.5940594059406,0.2734821977047347
-360.5742574257426,0.2654279552364099
-360.55445544554453,0.2571153939970886
-360.53465346534654,0.2485531776293624
-360.51485148514854,0.23975031608901493
-360.4950495049505,0.23071617932927882
-360.4752475247525,0.22146051716450887
-360.45544554455444,0.21199348761957795
-360.43564356435644,0.20232569705807615
-360.41584158415844,0.19246825687004182
-360.3960396039604,0.18243286378635687
-360.3762376237624,0.17223191447509775
-360.35643564356434,0.1618786708383005
-360.33663366336634,0.1513875019207278
-360.3168316831683,0.14077424442676323
-360.29702970297035,0.13005675195284921
-360.2772277227723,0.11925575390567879
-360.25742574257424,0.10839624071288856
-360.23762376237624,0.09750977960289985
-360.2178217821782,0.08663855118925227
-360.1980198019802,0.07584273173888599
-360.1782178217822,0.06521474366230662
-360.1584158415842,0.054908383792834345
-360.13861386138615,0.04520137484538204
-360.1188118811881,0.03663005902850208
-360.0990099009901,0.030228441319131702
-360.07920792079204,0.027588424497925562
-360.0594059405941,0.029744449629767158
-360.03960396039605,0.035838394169665284
-360.01980198019805,0.04425843877819675
-360.0,0.05390382341467001
-359.98019801980195,0.06419805515673525
-359.96039603960395,0.0748439469887438
-359.94059405940595,0.0856782440887281
-359.92079207920796,0.09660365475087491
-359.9009900990099,0.10755731233102081
-359.8811881188119,0.11849543703781468
-359.86138613861385,0.12938543797201751
-359.8415841584158,0.14020161827696945
-359.82178217821786,0.15092272312081056
-359.8019801980198,0.16153047918522034
-359.7821782178218,0.1720086923871853
-359.76237623762376,0.18234267277804567
-359.74257425742576,0.19251885812127026
-359.7227722772277,0.2025245619569485
-359.7029702970297,0.21234780185906296
-359.6831683168317,0.22197718063760946
-359.66336633663366,0.23140180326741416
-359.64356435643566,0.24061121839587746
-359.6237623762376,0.24959537705279125
-359.6039603960396,0.2583446035813493
-359.5841584158416,0.2668495753660095
-359.56435643564356,0.2751013089627772
-359.54455445544556,0.2830911509316349
-359.5247524752475,0.2908107721465057
-359.5049504950495,0.29825216468858495
-359.48514851485146,0.30540764066221576
-359.46534653465346,0.3122698324391804
-359.44554455445547,0.3188316939576058
-359.4257425742574,0.3250865027900646
-359.4059405940594,0.33102786276052015
-359.38613861386136,0.33664970693864105
-359.36633663366337,0.3419463008766692
-359.34653465346537,0.34691224598212456
-359.3267326732673,0.35154248294112095
-359.3069306930693,0.35583229512382886
-359.28712871287127,0.35977731191672585
-359.26732673267327,0.3633735119365274
-359.2475247524752,0.3666172260890789
-359.2277227722773,0.3695051404430458
-359.2079207920792,0.37203429889374107
-359.18811881188117,0.3742021055968272
-359.16831683168317,0.3760063271554226
-359.1485148514851,0.3774450945473406
-359.1287128712871,0.37851690478183764
-359.1089108910891,0.3792206222777583
-359.0891089108911,0.3795554799570912
-359.0693069306931,0.3795210800498806
-359.049504950495,0.37911739460853666
-359.029702970297,0.3783447657311168
-359.00990099009897,0.37720390549527205
-358.99009900990103,0.37569589560627964
-358.970297029703,0.37382218676461154
-358.950495049505,0.3715845977607644
-358.9306930693069,0.3689853143071677
-358.9108910891089,0.36602688762017394
-358.8910891089109,0.3627122327678472
-358.8712871287129,0.3590446268030972
-358.8514851485149,0.3550277067061389
-358.83168316831683,0.35066546716532004
-358.81188118811883,0.3459622582319683
-358.7920792079208,0.34092278289237915
-358.7722772277227,0.33555209461015306
-358.7524752475248,0.3298555949039847
-358.73267326732673,0.3238390310413929
-358.71287128712873,0.31750849394839215
-358.6930693069307,0.31087041646008523
-358.6732673267327,0.30393157206967475
-358.65346534653463,0.2966990743754539
-358.63366336633663,0.28918037748135683
-358.61386138613864,0.2813832776804058
-358.5940594059406,0.2733159168500848
-358.5742574257426,0.2649867881234917
-358.55445544554453,0.25640474458490586
-358.53465346534654,0.24757901199512863
-358.51485148514854,0.23851920691173903
-358.4950495049505,0.22923536208173342
-358.4752475247525,0.21973796172263227
-358.45544554455444,0.21003799039019241
-358.43564356435644,0.20014700074161437
-358.4158415841584,0.19007720794428745
-358.39603960396045,0.17984162225110084
-358.3762376237624,0.16945423721389377
-358.35643564356434,0.1589303006123336
-358.33663366336634,0.14828671107771485
-358.3168316831683,0.1375426104504532
-358.2970297029703,0.12672028935919308
-358.2772277227723,0.11584660948318115
-358.2574257425743,0.10495530733545795
-358.23762376237624,0.0940908587889369
-358.2178217821782,0.08331521919914112
-358.1980198019802,0.0727200808356943
-358.17821782178214,0.06245009580473533
-358.1584158415842,0.05274817636293633
-358.13861386138615,0.04404255145337563
-358.11881188118815,0.03708816953221013
-358.0990099009901,0.033045778423489935
-358.07920792079204,0.03302138857728035
-358.05940594059405,0.0370240784028035
-358.03960396039605,0.04395576933607477
-358.01980198019805,0.052652294911012705
-358.0,0.062353981623733956
-357.980198019802,0.0726296265874553
-357.96039603960395,0.08323470046102666
-357.9405940594059,0.09402366808917485
-357.92079207920796,0.10490432678669286
-357.9009900990099,0.11581440159919543
-357.8811881188119,0.12670919728913302
-357.86138613861385,0.13755481181458207
-357.84158415841586,0.14832424712175718
-357.8217821782178,0.15899509172242712
-357.8019801980198,0.16954809062946175
-357.7821782178218,0.1799662351834299
-357.76237623762376,0.1902341679297187
-357.74257425742576,0.2003377843087578
-357.7227722772277,0.21026396069893774
-357.7029702970297,0.2200003655882247
-357.6831683168317,0.2295353266508779
-357.66336633663366,0.23885773616835745
-357.64356435643566,0.2479569832169243
-357.6237623762376,0.2568229048356738
-357.6039603960396,0.2654457508424325
-357.58415841584156,0.27381615858331165
-357.5643564356436,0.2819251349890351
-357.54455445544556,0.28976404405286554
-357.5247524752475,0.29732459835963176
-357.5049504950495,0.3045988536566229
-357.48514851485146,0.3115792057147282
-357.46534653465346,0.31825838891384656
-357.44554455445547,0.3246294761218597
-357.42574257425747,0.33068587953644163
-357.4059405940594,0.3364213522332371
-357.38613861386136,0.34182999021972343
-357.36633663366337,0.346906234836795
-357.3465346534653,0.3516448753823761
-357.3267326732674,0.35604105185662044
-357.3069306930693,0.360090257747724
-357.2871287128713,0.36378834279286404
-357.26732673267327,0.3671315156610281
-357.2475247524752,0.3701163465140452
-357.2277227722772,0.3727397694103206
-357.2079207920792,0.3749990845218872
-357.1881188118812,0.3768919601410595
-357.16831683168317,0.37841643445709355
-357.1485148514852,0.3795709170872246
-357.1287128712871,0.3803541903496668
-357.10891089108907,0.38076541026886035
-357.0891089108911,0.3808041073061412
-357.0693069306931,0.38047018681094935
-357.0495049504951,0.3797639291901929
-357.029702970297,0.37868598979546125
-357.009900990099,0.37723739852988214
-356.990099009901,0.3754195591787177
-356.970297029703,0.37323424846994246
-356.950495049505,0.3706836148739326
-356.9306930693069,0.36777017715381355
-356.91089108910893,0.3644968226815662
-356.8910891089109,0.3608668055385298
-356.8712871287129,0.35688374442341114
-356.8514851485149,0.35255162039617005
-356.83168316831683,0.34787477449242665
-356.81188118811883,0.3428579052509401
-356.7920792079208,0.3375060662062503
-356.7722772277228,0.3318246634106262
-356.7524752475247,0.3258194530646163
-356.73267326732673,0.3194965393547881
-356.71287128712873,0.3128623726218292
-356.6930693069307,0.3059237480143685
-356.6732673267327,0.298687804825243
-356.65346534653463,0.2911620267621026
-356.63366336633663,0.28335424347699223
-356.61386138613864,0.2752726337774632
-356.5940594059406,0.2669257310743984
-356.5742574257426,0.2583224318034667
-356.55445544554453,0.24947200780905832
-356.53465346534654,0.24038412403294865
-356.5148514851485,0.23106886335241383
-356.49504950495054,0.22153676113660886
-356.4752475247525,0.21179885315034186
-356.45544554455444,0.20186674201080226
-356.43564356435644,0.19175268979087468
-356.4158415841584,0.18146974804797963
-356.3960396039604,0.17103194236714028
-356.3762376237624,0.16045453787652794
-356.3564356435644,0.14975442768819314
-356.33663366336634,0.1389507125520559
-356.3168316831683,0.12806558613708433
-356.2970297029703,0.1171257238288446
-356.27722772277224,0.10616452943760805
-356.2574257425743,0.09522589880605697
-356.23762376237624,0.0843707748199967
-356.21782178217825,0.07368905390259485
-356.1980198019802,0.06332213201807889
-356.17821782178214,0.05350694340527097
-356.15841584158414,0.044661148809420896
-356.13861386138615,0.03752480223774159
-356.11881188118815,0.033255104444313635
-356.0990099009901,0.03300456921697641
-356.0792079207921,0.036857731864050274
-356.05940594059405,0.043732470401998375
-356.039603960396,0.05243415849869919
-356.01980198019805,0.06217508314410719
-356.0,0.0725081821095986
-355.980198019802,0.0831808065551954
-355.96039603960395,0.09404319596848319
-355.94059405940595,0.10500082702462195
-355.9207920792079,0.11599006361403938
-355.9009900990099,0.12696535496434078
-355.8811881188119,0.13789222273706195
-355.86138613861385,0.1487432537701643
-355.84158415841586,0.15949571835792478
-355.8217821782178,0.1701301037337146
-355.8019801980198,0.18062918247477572
-355.7821782178218,0.1909774043862607
-355.76237623762376,0.2011604900909254
-355.74257425742576,0.21116515390210727
-355.7227722772277,0.22097891163072172
-355.7029702970297,0.23058994543838082
-355.68316831683165,0.2399870077726322
-355.66336633663366,0.2491593525560115
-355.64356435643566,0.2580966856834041
-355.6237623762376,0.2667891293915796
-355.6039603960396,0.27522719671821083
-355.58415841584156,0.2834017733774546
-355.56435643564356,0.29130410513538413
-355.54455445544556,0.29892578929288477
-355.5247524752475,0.30625876925132206
-355.5049504950495,0.3132953313984802
-355.48514851485146,0.3200281037406886
-355.46534653465346,0.3264500558448912
-355.4455445544554,0.3325544997554445
-355.42574257425747,0.3383350916261036
-355.4059405940594,0.34378583386426087
-355.38613861386136,0.34890107762751904
-355.36633663366337,0.3536755255456933
-355.3465346534653,0.3581042345667589
-355.3267326732673,0.36218261884507563
-355.3069306930693,0.3659064526059226
-355.2871287128713,0.36927187293254227
-355.26732673267327,0.3722753824321084
-355.2475247524752,0.3749138517447073
-355.2277227722772,0.3771845218662325
-355.20792079207916,0.37908500626136704
-355.1881188118812,0.38061329274749395
-355.16831683168317,0.3817677451340635
-355.1485148514852,0.3825471046055702
-355.1287128712871,0.38295049083893334
-355.10891089108907,0.3829774028491863
-355.08910891089107,0.3826277195593922
-355.0693069306931,0.38190170009361046
-355.0495049504951,0.38079998379367935
-355.029702970297,0.37932358996328486
-355.009900990099,0.37747391734504043
-354.990099009901,0.3752527433392883
-354.9702970297029,0.37266222297602986
-354.950495049505,0.3697048876549871
-354.9306930693069,0.3663836436724368
-354.91089108910893,0.362701770558271
-354.8910891089109,0.35866291925178156
-354.8712871287129,0.3542711101514471
-354.8514851485149,0.34953073108167143
-354.83168316831683,0.34444653522922075
-354.81188118811883,0.33902363911407524
-354.7920792079208,0.3332675206747177
-354.7722772277228,0.3271840175664535
-354.7524752475247,0.32077932579646345
-354.7326732673268,0.3140599988496983
-354.71287128712873,0.3070329475009268
-354.6930693069307,0.299705440560824
-354.6732673267327,0.2920851068740688
-354.65346534653463,0.28417993898038557
-354.63366336633663,0.27599829897464884
-354.61386138613864,0.2675489272720275
-354.59405940594064,0.25884095521728523
-354.5742574257426,0.24988392280151475
-354.55445544554453,0.24068780320468552
-354.53465346534654,0.23126303653090094
-354.5148514851485,0.22162057604020793
-354.49504950495054,0.21177195155413625
-354.4752475247525,0.20172935675964665
-354.4554455445545,0.19150577024213644
-354.43564356435644,0.18111512488073708
-354.4158415841584,0.1705725478212151
-354.3960396039604,0.15989470548494333
-354.3762376237624,0.14910030833176244
-354.3564356435644,0.13821086452399323
-354.33663366336634,0.12725183185158664
-354.31683168316835,0.11625442586541403
-354.2970297029703,0.10525854436070634
-354.27722772277224,0.09431765702693595
-354.2574257425743,0.08350727732099761
-354.23762376237624,0.0729401745040124
-354.21782178217825,0.06279450201402745
-354.1980198019802,0.05336610839555483
-354.1782178217822,0.04515941990792033
-354.15841584158414,0.039000593411333474
-354.13861386138615,0.035991961336656345
-354.11881188118815,0.03692975721498071
-354.0990099009901,0.041549421506305764
-354.0792079207921,0.04880630735255469
-354.05940594059405,0.0576952912824408
-354.03960396039605,0.06755083450133478
-354.01980198019805,0.07797892855758314
-354.0,0.08874668111457858
-353.980198019802,0.09971073201356755
-353.96039603960395,0.11077790939542297
-353.94059405940595,0.1218841163884309
-353.9207920792079,0.13298277307835113
-353.90099009900996,0.14403827396356408
-353.8811881188119,0.15502214835796013
-353.86138613861385,0.16591072767101256
-353.84158415841586,0.17668368253960212
-353.8217821782178,0.18732307906165954
-353.8019801980198,0.1978127544946019
-353.7821782178218,0.20813789515550304
-353.7623762376238,0.21828474560148933
-353.74257425742576,0.228240405027023
-353.7227722772277,0.23799268281952002
-353.7029702970297,0.2475299949988697
-353.68316831683165,0.25684128939083134
-353.6633663366337,0.2659159913016324
-353.64356435643566,0.27474396401770507
-353.62376237623766,0.28331548015361463
-353.6039603960396,0.2916212010199686
-353.58415841584156,0.29965216197233796
-353.56435643564356,0.3073997622519054
-353.54455445544556,0.31485575821709116
-353.52475247524757,0.3220122591433839
-353.5049504950495,0.3288617249696203
-353.4851485148515,0.33539696551658504
-353.46534653465346,0.34161114081242105
-353.4455445544554,0.3474977622410853
-353.42574257425747,0.35305069429125907
-353.4059405940594,0.35826415673014117
-353.3861386138614,0.36313272706213645
-353.36633663366337,0.3676513431606313
-353.34653465346537,0.3718153059824038
-353.3267326732673,0.3756202822916107
-353.3069306930693,0.37906230733367335
-353.2871287128713,0.38213778741042526
-353.26732673267327,0.3848435023166134
-353.2475247524753,0.38717660760500044
-353.2277227722772,0.3891346366534113
-353.2079207920792,0.39071550251185927
-353.1881188118812,0.3919174995122748
-353.16831683168317,0.3927393046268626
-353.1485148514852,0.39317997856437803
-353.1287128712871,0.3932389665965022
-353.1089108910891,0.39291609910913866
-353.08910891089107,0.392211591875806
-353.0693069306931,0.39112604605297896
-353.0495049504951,0.3896604478994663
-353.029702970297,0.3878161682244272
-353.009900990099,0.38559496157141304
-352.990099009901,0.38299896514855286
-352.970297029703,0.3800306975183571
-352.950495049505,0.37669305706421374
-352.9306930693069,0.3729893202548888
-352.91089108910893,0.3689231397335208
-352.8910891089109,0.36449854226339445
-352.8712871287129,0.3597199265702896
-352.8514851485148,0.35459206112990643
-352.8316831683169,0.34912008196006455
-352.81188118811883,0.3433094904910238
-352.7920792079208,0.33716615160460306
-352.7722772277228,0.330696291954815
-352.7524752475247,0.3239064987108007
-352.73267326732673,0.316803718899276
-352.71287128712873,0.3093952595709735
-352.69306930693074,0.3016887890777453
-352.6732673267327,0.2936923398294235
-352.65346534653463,0.2854143130099069
-352.63366336633663,0.27686348588085063
-352.6138613861386,0.2680490225051845
-352.59405940594064,0.258980489003813
-352.5742574257426,0.24966787485206215
-352.5544554455446,0.24012162227887618
-352.53465346534654,0.2303526666303704
-352.5148514851485,0.22037249172191048
-352.4950495049505,0.2101932059226366
-352.4752475247525,0.19982764730365382
-352.4554455445545,0.18928953014586358
-352.43564356435644,0.17859365130208502
-352.41584158415844,0.1677561848114841
-352.3960396039604,0.15679510936467167
-352.37623762376234,0.145730840407503
-352.3564356435644,0.1345871855897804
-352.33663366336634,0.1233928256788918
-352.31683168316835,0.11218367611403358
-352.2970297029703,0.10100677443387632
-352.2772277227723,0.08992690553294937
-352.25742574257424,0.07903830944193327
-352.23762376237624,0.06848607932693303
-352.21782178217825,0.05850607196473031
-352.1980198019802,0.04949764623641038
-352.1782178217822,0.04213628951142617
-352.15841584158414,0.03744452146334376
-352.13861386138615,0.03648960320626213
-352.11881188118815,0.03954834386152845
-352.0990099009901,0.04581537241561735
-352.0792079207921,0.05417053319139511
-352.05940594059405,0.06377388636874119
-352.03960396039605,0.07411278759561445
-352.019801980198,0.08488671002835693
-352.0,0.09591473694929165
-351.980198019802,0.10708235418301218
-351.96039603960395,0.11831285947369519
-351.94059405940595,0.12955190934977107
-351.9207920792079,0.14075891697505047
-351.9009900990099,0.15190208919936138
-351.8811881188119,0.16295545919758214
-351.86138613861385,0.1738970523628787
-351.84158415841586,0.1847077181670471
-351.8217821782178,0.19537036611902972
-351.8019801980198,0.20586945423039538
-351.78217821782175,0.21619063952879639
-351.7623762376238,0.22632053510658823
-351.74257425742576,0.23624653875106452
-351.7227722772277,0.245956710624734
-351.7029702970297,0.25543968515576604
-351.68316831683165,0.26468460717001807
-351.66336633663366,0.2736810854462075
-351.64356435643566,0.2824191589518721
-351.62376237623766,0.29088927241066637
-351.6039603960396,0.2990822588011375
-351.58415841584156,0.30698932704478094
-351.56435643564356,0.3146020536026578
-351.5445544554455,0.3219123770280844
-351.52475247524757,0.32891259475957857
-351.5049504950495,0.335595361610298
-351.4851485148515,0.34195368953691097
-351.46534653465346,0.34798094836544696
-351.4455445544554,0.3536708672221565
-351.4257425742574,0.3590175364714939
-351.4059405940594,0.3640154100040343
-351.3861386138614,0.3686593077491863
-351.36633663366337,0.37294441831198116
-351.34653465346537,0.3768663016527378
-351.3267326732673,0.38042089174363736
-351.30693069306926,0.383604499148566
-351.2871287128713,0.3864138134824184
-351.26732673267327,0.3888459057141736
-351.2475247524753,0.390898230284595
-351.2277227722772,0.3925686270150559
-351.2079207920792,0.39385532278862573
-351.18811881188117,0.3947569329886694
-351.16831683168317,0.39527246268368355
-351.1485148514852,0.39540130755039876
-351.1287128712871,0.3951432545301348
-351.1089108910891,0.3944984822160868
-351.08910891089107,0.3934675609721585
-351.0693069306931,0.39205145278655384
-351.0495049504951,0.39025151086638205
-351.029702970297,0.38806947898252586
-351.009900990099,0.3855074905773219
-350.990099009901,0.3825680676516894
-350.970297029703,0.3792541194523706
-350.9504950495049,0.3755689409852562
-350.930693069307,0.37151621138672436
-350.91089108910893,0.36709999219217676
-350.8910891089109,0.3623247255497132
-350.8712871287129,0.35719523243775475
-350.8514851485148,0.3517167109586801
-350.83168316831683,0.34589473479734817
-350.81188118811883,0.33973525195438314
-350.79207920792084,0.333244583890803
-350.7722772277228,0.3264294252549298
-350.7524752475247,0.3192968444066773
-350.73267326732673,0.3118542850119752
-350.7128712871287,0.30410956905580167
-350.69306930693074,0.2960709017225809
-350.6732673267327,0.28774687872687377
-350.6534653465347,0.2791464968585879
-350.63366336633663,0.27027916875438557
-350.6138613861386,0.261154743248255
-350.5940594059406,0.2517835331310716
-350.5742574257426,0.24217635282263844
-350.5544554455446,0.23234456942516032
-350.53465346534654,0.2223001720298762
-350.51485148514854,0.21205586621889752
-350.4950495049505,0.20162520380994747
-350.47524752475243,0.19102276263543377
-350.4554455445545,0.18026439853229353
-350.43564356435644,0.16936760345816015
-350.41584158415844,0.15835202273029106
-350.3960396039604,0.14724021615047886
-350.3762376237624,0.1360588020305365
-350.35643564356434,0.124840218286424
-350.33663366336634,0.11362550622435952
-350.31683168316835,0.10246883952732928
-350.2970297029703,0.09144511815829955
-350.2772277227723,0.0806630765166234
-350.25742574257424,0.0702884105727414
-350.23762376237624,0.060584569648667576
-350.21782178217825,0.05198029955265201
-350.1980198019802,0.0451551976883741
-350.1782178217822,0.04104334685583826
-350.15841584158414,0.040501557589253105
-350.13861386138615,0.043668767087265976
-350.1188118811881,0.049835700376584656
-350.09900990099015,0.05803746189802346
-350.0792079207921,0.06751339982710282
-350.05940594059405,0.07777131870766707
-350.03960396039605,0.08850853531307325
-350.019801980198,0.09953641929835837
-350.0,0.11073275330174473
-349.980198019802,0.12201447924197731
-349.960396039604,0.13332229882006735
-349.94059405940595,0.14461181750840457
-349.9207920792079,0.15584830800754731
-349.9009900990099,0.16700351907934416
-349.88118811881185,0.17805367300291025
-349.8613861386139,0.18897817431252328
-349.84158415841586,0.19975875645564045
-349.82178217821786,0.21037890536596907
-349.8019801980198,0.2208234625127665
-349.78217821782175,0.23107834692992674
-349.76237623762376,0.2411303577597858
-349.74257425742576,0.2509670323105035
-349.72277227722776,0.26057654304346234
-349.7029702970297,0.26994762228254027
-349.6831683168317,0.27906950693792243
-349.66336633663366,0.2879318978590478
-349.6435643564356,0.2965249299972673
-349.62376237623766,0.3048391506320405
-349.6039603960396,0.31286550366051014
-349.5841584158416,0.32059531847597045
-349.56435643564356,0.3280203023362654
-349.54455445544556,0.33513253539401516
-349.5247524752475,0.34192446775867896
-349.5049504950495,0.3483889181065668
-349.4851485148515,0.35451907346389283
-349.46534653465346,0.3603084898699241
-349.44554455445547,0.3657510936895661
-349.4257425742574,0.37084118339251826
-349.4059405940594,0.375573431652846
-349.3861386138614,0.37994288765168976
-349.36633663366337,0.38394497948826534
-349.34653465346537,0.38757551662230627
-349.3267326732673,0.39083069228526973
-349.3069306930693,0.39370708580926683
-349.28712871287127,0.3962016648319543
-349.26732673267327,0.39831178734342093
-349.2475247524753,0.40003520354753397
-349.2277227722772,0.4013700575156987
-349.2079207920792,0.40231488861555503
-349.18811881188117,0.40286863270142337
-349.16831683168317,0.4030306230568051
-349.1485148514852,0.40280059108283145
-349.1287128712871,0.40217866672954317
-349.1089108910891,0.4011653786701691
-349.08910891089107,0.3997616542216141
-349.0693069306931,0.39796881901759135
-349.049504950495,0.3957885964443623
-349.0297029702971,0.39322310685268586
-349.009900990099,0.39027486656395327
-348.990099009901,0.3869467866932018
-348.970297029703,0.3832421718173839
-348.9504950495049,0.3791647185239069
-348.9306930693069,0.3747185138824417
-348.91089108910893,0.36990803389270704
-348.89108910891093,0.36473814197274873
-348.8712871287129,0.3592140875668885
-348.8514851485148,0.35334150497089073
-348.83168316831683,0.34712641249484866
-348.8118811881188,0.34057521211349673
-348.79207920792084,0.3336946897909815
-348.7722772277228,0.3264920167152106
-348.7524752475248,0.31897475173942735
-348.73267326732673,0.31115084541043864
-348.7128712871287,0.3030286460711575
-348.6930693069307,0.29461690866943985
-348.6732673267327,0.2859248070993998
-348.6534653465347,0.27696195116564076
-348.63366336633663,0.26773840962395273
-348.61386138613864,0.2582647412570301
-348.5940594059406,0.24855203665399486
-348.57425742574253,0.23861197437505396
-348.5544554455446,0.22845689664548363
-348.53465346534654,0.21809991186829186
-348.51485148514854,0.2075550344402734
-348.4950495049505,0.1968373771977887
-348.4752475247525,0.1859634192884528
-348.45544554455444,0.1749513840164893
-348.43564356435644,0.16382178008642484
-348.41584158415844,0.15259819066650454
-348.3960396039604,0.14130844678311544
-348.3762376237624,0.12998641118416093
-348.35643564356434,0.1186747566145366
-348.33663366336634,0.10742940592415275
-348.31683168316835,0.09632681683174515
-348.2970297029703,0.08547622409005198
-348.2772277227723,0.07504053370464113
-348.25742574257424,0.06527170429702928
-348.23762376237624,0.05656659927250927
-348.2178217821782,0.04953455533278098
-348.1980198019802,0.04500301477620357
-348.1782178217822,0.04377816755848908
-348.15841584158414,0.04613170591082675
-348.13861386138615,0.05157054492950615
-348.1188118811881,0.059235623803857454
-348.0990099009901,0.06835982377601106
-348.0792079207921,0.07840800463653831
-348.05940594059405,0.08903683066411801
-348.03960396039605,0.10002767525545884
-348.019801980198,0.11123765693295672
-348.0,0.12256963597517269
-347.98019801980195,0.133954609773564
-347.960396039604,0.1453413622386584
-347.94059405940595,0.1566902603016934
-347.9207920792079,0.16796944130117086
-347.9009900990099,0.17915240739433555
-347.88118811881185,0.19021646880368848
-347.86138613861385,0.20114171243663514
-347.84158415841586,0.21191030386008664
-347.82178217821786,0.22250600580610594
-347.8019801980198,0.23291384041840688
-347.78217821782175,0.24311984884929216
-347.76237623762376,0.25311091800918295
-347.7425742574257,0.2628746544203355
-347.72277227722776,0.27239929161867976
-347.7029702970297,0.28167362178107075
-347.6831683168317,0.29068694506430315
-347.66336633663366,0.29942903203809856
-347.6435643564356,0.3078900958933485
-347.6237623762376,0.316060772009732
-347.6039603960396,0.3239321031033617
-347.5841584158416,0.3314955286289197
-347.56435643564356,0.3387428774385888
-347.54455445544556,0.34566636293936803
-347.5247524752475,0.352258580166928
-347.50495049504946,0.3585125043255079
-347.4851485148515,0.36442149044244526
-347.46534653465346,0.3699792738608193
-347.44554455445547,0.37517997135130926
-347.4257425742574,0.38001808266847187
-347.4059405940594,0.3844884924113658
-347.38613861386136,0.3885864720753747
-347.36633663366337,0.3923076822035195
-347.34653465346537,0.39564817456268336
-347.3267326732673,0.3986043942837823
-347.3069306930693,0.401173181916182
-347.28712871287127,0.4033517753557678
-347.26732673267327,0.4051378116136887
-347.2475247524753,0.4065293283991094
-347.2277227722772,0.40752476549484073
-347.2079207920792,0.40812296590954167
-347.18811881188117,0.40832317679410196
-347.16831683168317,0.40812505011399797
-347.1485148514851,0.4075286430727156
-347.1287128712872,0.40653441828499703
-347.1089108910891,0.40514324370177845
-347.08910891089107,0.4033563922925545
-347.0693069306931,0.4011755414942068
-347.049504950495,0.39860277243960945
-347.029702970297,0.3956405689835449
-347.009900990099,0.3922918165486804
-346.99009900990103,0.3885598008200878
-346.970297029703,0.3844482063237432
-346.9504950495049,0.3799611149326595
-346.9306930693069,0.3751030043543729
-346.9108910891089,0.36987874666555887
-346.89108910891093,0.36429360697502994
-346.8712871287129,0.3583532423146498
-346.8514851485149,0.3520637008821002
-346.83168316831683,0.34543142178900366
-346.8118811881188,0.33846323550664015
-346.7920792079208,0.33116636525101845
-346.7722772277228,0.32354842961369507
-346.7524752475248,0.3156174468289414
-346.73267326732673,0.3073818411800977
-346.71287128712873,0.2988504521965551
-346.6930693069307,0.29003254749437074
-346.6732673267326,0.2809378403864827
-346.6534653465347,0.27157651376513037
-346.63366336633663,0.2619592522824263
-346.61386138613864,0.25209728559220695
-346.5940594059406,0.24200244646828958
-346.5742574257426,0.2316872491352379
-346.55445544554453,0.2211649953812527
-346.53465346534654,0.21044991935358556
-346.51485148514854,0.19955738699039458
-346.4950495049505,0.1885041738512257
-346.4752475247525,0.1773088574120603
-346.45544554455444,0.16599237968863736
-346.43564356435644,0.15457886862283657
-346.41584158415844,0.1430968615143086
-346.3960396039604,0.13158116835901587
-346.3762376237624,0.12007577986617368
-346.35643564356434,0.1086385254440867
-346.33663366336634,0.09734873391063807
-346.3168316831683,0.08632013829776508
-346.29702970297035,0.075722943249624
-346.2772277227723,0.06582120137129448
-346.25742574257424,0.05703151710361907
-346.23762376237624,0.04999225473902332
-346.2178217821782,0.04556116350174596
-346.1980198019802,0.04454861225149957
-346.1782178217822,0.047184791871981754
-346.1584158415842,0.05292345695984438
-346.13861386138615,0.06087965324665437
-346.1188118811881,0.07028310475139574
-346.0990099009901,0.08060236949509485
-346.07920792079204,0.09149777299923441
-346.0594059405941,0.10275306827955806
-346.03960396039605,0.11422672261170229
-346.01980198019805,0.1258222978003107
-346.0,0.13747111308362908
-345.98019801980195,0.1491220546729242
-345.96039603960395,0.1607354642053629
-345.94059405940595,0.17227937870687968
-345.92079207920796,0.18372715538227055
-345.9009900990099,0.19505593270595203
-345.8811881188119,0.2062456097229322
-345.86138613861385,0.21727815454478108
-345.8415841584158,0.22813712691938112
-345.82178217821786,0.23880734306519188
-345.8019801980198,0.24927463695520172
-345.7821782178218,0.2595256881957495
-345.76237623762376,0.2695478966601527
-345.74257425742576,0.2793292904488847
-345.7227722772277,0.28885845793352694
-345.7029702970297,0.298124497421118
-345.6831683168317,0.30711697985330666
-345.66336633663366,0.3158259212420358
-345.64356435643566,0.3242417624393375
-345.6237623762376,0.3323553544704202
-345.6039603960396,0.34015794811014965
-345.5841584158416,0.34764118670885014
-345.56435643564356,0.35479710151137894
-345.54455445544556,0.36161810888893625
-345.5247524752475,0.3680970090342424
-345.5049504950495,0.37422698576901225
-345.48514851485146,0.3800016071876167
-345.46534653465346,0.3854148269180668
-345.44554455445547,0.3904609858256609
-345.4257425742574,0.39513481401906136
-345.4059405940594,0.3994314330457393
-345.38613861386136,0.40334635818487335
-345.36633663366337,0.40687550076312656
-345.34653465346537,0.4100151704321714
-345.3267326732673,0.41276207735836473
-345.3069306930693,0.41511333428372454
-345.28712871287127,0.4170664584253641
-345.26732673267327,0.41861937318659437
-345.2475247524752,0.4197704096587791
-345.2277227722773,0.42051830789734157
-345.2079207920792,0.42086221795996753
-345.18811881188117,0.42080170069864337
-345.16831683168317,0.4203367283008607
-345.1485148514851,0.41946768457876693
-345.1287128712871,0.4181953650085038
-345.1089108910891,0.41652097652534453
-345.0891089108911,0.4144461370842092
-345.0693069306931,0.4119728749987101
-345.049504950495,0.4091036280767737
-345.029702970297,0.40584124257547116
-345.00990099009897,0.4021889720037855
-344.99009900990103,0.39815047580868296
-344.970297029703,0.3937298179879783
-344.950495049505,0.3889314656832751
-344.9306930693069,0.38376028781803145
-344.9108910891089,0.37822155386055845
-344.8910891089109,0.3723209328096469
-344.8712871287129,0.3660644925232756
-344.8514851485149,0.3594586995394121
-344.83168316831683,0.35251041957393814
-344.81188118811883,0.3452269189273477
-344.7920792079208,0.33761586709147656
-344.7722772277227,0.32968534092541374
-344.7524752475248,0.3214438308717511
-344.73267326732673,0.31290024981919506
-344.71287128712873,0.3040639453976578
-344.6930693069307,0.2949447167344824
-344.6732673267327,0.28555283703054796
-344.6534653465347,0.2758990837689132
-344.63366336633663,0.2659947789995838
-344.61386138613864,0.2558518430325502
-344.5940594059406,0.24548286613651177
-344.5742574257426,0.23490120466931852
-344.55445544554453,0.2241211107452854
-344.53465346534654,0.21315790853187327
-344.51485148514854,0.20202823629960576
-344.4950495049505,0.19075038263452307
-344.4752475247525,0.17934475978270067
-344.45544554455444,0.16783458037844387
-344.43564356435644,0.1562468417941427
-344.41584158415844,0.14461378560756583
-344.3960396039604,0.1329751071161564
-344.3762376237624,0.12138137540972005
-344.35643564356434,0.10989944838508052
-344.33663366336634,0.09862122935556733
-344.3168316831683,0.08767804758553023
-344.29702970297035,0.07726428654748224
-344.2772277227723,0.06767481918096806
-344.25742574257424,0.059356834519137286
-344.23762376237624,0.05295264107881482
-344.2178217821782,0.04924386173270114
-344.1980198019802,0.04886367135480867
-344.1782178217822,0.05188680508017148
-344.1584158415842,0.05777127241900558
-344.13861386138615,0.06573412215741632
-344.1188118811881,0.07509164973887408
-344.0990099009901,0.08535631617460457
-344.07920792079204,0.09620475015235527
-344.0594059405941,0.10742435508876921
-344.03960396039605,0.11887242488110757
-344.01980198019805,0.1304498868698297
-344.0,0.14208526362743634
-343.98019801980195,0.1537249251424024
-343.96039603960395,0.16532708534637722
-343.94059405940595,0.1768580287185605
-343.92079207920796,0.18828968459409992
-343.9009900990099,0.19959803255601094
-343.8811881188119,0.21076203173777322
-343.86138613861385,0.2217628877499604
-343.8415841584158,0.23258354183668323
-343.82178217821786,0.24320830925193695
-343.8019801980198,0.253622619707436
-343.7821782178218,0.26381282884698487
-343.76237623762376,0.27376607992904206
-343.74257425742576,0.28347020151572044
-343.7227722772277,0.2929136313245714
-343.7029702970297,0.30208535931747266
-343.6831683168317,0.3109748850857263
-343.66336633663366,0.31957218596052905
-343.64356435643566,0.32786769323612935
-343.6237623762376,0.33585227457261885
-343.6039603960396,0.34351722113227473
-343.5841584158416,0.3508542383570433
-343.56435643564356,0.3578554395539116
-343.54455445544556,0.3645133416469513
-343.5247524752475,0.3708208625984187
-343.5049504950495,0.3767713201095014
-343.48514851485146,0.3823584312941561
-343.4653465346535,0.3875763130823718
-343.44554455445547,0.39241948315860525
-343.4257425742574,0.39688286127911065
-343.4059405940594,0.4009617708421195
-343.38613861386136,0.40465194060863463
-343.36633663366337,0.4079495064906531
-343.34653465346537,0.4108510133389537
-343.3267326732674,0.4133534166752962
-343.3069306930693,0.4154540843238913
-343.28712871287127,0.4171507979058516
-343.26732673267327,0.4184417541673182
-343.2475247524752,0.4193255661184062
-343.2277227722773,0.41980126396528267
-343.2079207920792,0.41986829582275165
-343.1881188118812,0.4195265281989723
-343.16831683168317,0.4187762462482347
-343.1485148514851,0.41761815379167294
-343.1287128712871,0.41605337310993373
-343.1089108910891,0.4140834445159243
-343.0891089108911,0.4117103257202502
-343.0693069306931,0.40893639100684814
-343.0495049504951,0.4057644302418053
-343.029702970297,0.40219764774452543
-343.00990099009897,0.39823966105786035
-342.99009900990103,0.393894499662367
-342.970297029703,0.3891666036903216
-342.950495049505,0.38406082270779524
-342.9306930693069,0.378582414648546
-342.91089108910893,0.372737045002784
-342.8910891089109,0.36653078638793785
-342.8712871287129,0.35997011865871426
-342.8514851485149,0.3530619297524056
-342.83168316831683,0.34581351751448225
-342.81188118811883,0.3382325928131779
-342.7920792079208,0.3303272843343402
-342.7722772277228,0.3221061455562494
-342.7524752475248,0.31357816454739923
-342.73267326732673,0.3047527774218395
-342.71287128712873,0.2956398865441254
-342.6930693069307,0.28624988492724807
-342.6732673267327,0.2765936887491822
-342.65346534653463,0.26668278058486494
-342.6336633663367,0.25652926689484634
-342.61386138613864,0.2461459546575461
-342.5940594059406,0.23554645397588014
-342.5742574257426,0.22474531633679062
-342.55445544554453,0.21375822243891685
-342.53465346534654,0.20260223990921922
-342.51485148514854,0.1912961810829938
-342.49504950495054,0.1798611064571644
-342.4752475247525,0.16832104407070558
-342.45544554455444,0.15670403518972995
-342.43564356435644,0.1450436832902936
-342.4158415841584,0.13338149597613744
-342.39603960396045,0.12177050279860707
-342.3762376237624,0.11028096599736714
-342.3564356435644,0.09900957169881991
-342.33663366336634,0.08809441013355046
-342.3168316831683,0.07773928020308575
-342.2970297029703,0.06825133719084314
-342.2772277227723,0.060090813916178244
-342.2574257425743,0.053905312808874846
-342.23762376237624,0.05045724447593842
-342.21782178217825,0.05032948557785186
-342.1980198019802,0.05354891188017456
-342.17821782178214,0.05956663514546312
-342.1584158415842,0.06762211337087976
-342.13861386138615,0.07705470267709807
-342.11881188118815,0.08739059166499495
-342.0990099009901,0.09831273036482271
-342.0792079207921,0.10961085379719442
-342.05940594059405,0.12114275012553566
-342.03960396039605,0.13280907641865342
-342.01980198019805,0.1445378079323433
-342.0,0.15627470003833296
-341.980198019802,0.1679773692694218
-341.96039603960395,0.17961154953421804
-341.94059405940595,0.19114867273471509
-341.92079207920796,0.20256427120911435
-341.9009900990099,0.21383690097681543
-341.8811881188119,0.2249474021065108
-341.86138613861385,0.2358783818369432
-341.84158415841586,0.2466138477663556
-341.8217821782178,0.25713894399240517
-341.8019801980198,0.2674397590738948
-341.7821782178218,0.2775031848781486
-341.76237623762376,0.28731681199528836
-341.74257425742576,0.2968688517713685
-341.7227722772277,0.30614807794697096
-341.7029702970297,0.31514378288859873
-341.6831683168317,0.3238457447838291
-341.66336633663366,0.332244203141346
-341.64356435643566,0.3403298406254193
-341.6237623762376,0.34809376974941664
-341.6039603960396,0.35552752331230436
-341.58415841584156,0.36262304772595577
-341.5643564356436,0.3693726985769618
-341.54455445544556,0.3757692379131791
-341.5247524752475,0.38180583285590736
-341.5049504950495,0.38747605522306516
-341.48514851485146,0.3927738819135093
-341.46534653465346,0.3976936958528909
-341.44554455445547,0.4022302873407914
-341.42574257425747,0.40637885566956095
-341.4059405940594,0.41013501091004895
-341.38613861386136,0.4134947757788299
-341.36633663366337,0.41645458751754394
-341.3465346534653,0.419011299727782
-341.3267326732674,0.4211621841157134
-341.3069306930693,0.422904932109478
-341.2871287128713,0.4242376563199311
-341.26732673267327,0.42515889182181166
-341.2475247524752,0.42566759723824815
-341.2277227722772,0.4257631556164115
-341.2079207920792,0.4254453750871033
-341.1881188118812,0.42471448930548256
-341.16831683168317,0.4235711576745256
-341.1485148514852,0.4220164653574295
-341.1287128712871,0.4200519230896558
-341.10891089108907,0.41767946680658996
-341.0891089108911,0.4149014571081235
-341.0693069306931,0.4117206785878365
-341.0495049504951,0.40814033906177155
-341.029702970297,0.4041640687401142
-341.009900990099,0.3997959193952738
-340.990099009901,0.3950403635920294
-340.970297029703,0.38990229405999927
-340.950495049505,0.3843870233071273
-340.9306930693069,0.3785002835950646
-340.91089108910893,0.37224822742562347
-340.8910891089109,0.36563742872285077
-340.8712871287129,0.35867488494002714
-340.8514851485149,0.35136802037856996
-340.83168316831683,0.34372469107945985
-340.81188118811883,0.33575319174413876
-340.7920792079208,0.32746226526740246
-340.7722772277228,0.3188611156307244
-340.7524752475247,0.30995942512536334
-340.73267326732673,0.3007673771715692
-340.71287128712873,0.29129568640276626
-340.6930693069307,0.2815556382356008
-340.6732673267327,0.271559140911109
-340.65346534653463,0.2613187940637376
-340.63366336633663,0.25084797939325354
-340.61386138613864,0.24016098119639667
-340.5940594059406,0.22927314768974175
-340.5742574257426,0.21820110874339704
-340.55445544554453,0.2069630726716506
-340.53465346534654,0.1955792354242291
-340.5148514851485,0.18407235207663666
-340.49504950495054,0.1724685465634175
-340.4752475247525,0.16079847725029478
-340.45544554455444,0.14909904356773557
-340.43564356435644,0.137415930076459
-340.4158415841584,0.12580746808240242
-340.3960396039604,0.11435059639227979
-340.3762376237624,0.10315017929239242
-340.3564356435644,0.09235361141707515
-340.33663366336634,0.08217325916338211
-340.3168316831683,0.0729185273679766
-340.2970297029703,0.06503260693973537
-340.27722772277224,0.05910597155218953
-340.2574257425743,0.05579644893883426
-340.23762376237624,0.055590754675221885
-340.21782178217825,0.058525934961681805
-340.1980198019802,0.06416541250630062
-340.17821782178214,0.07185937813339037
-340.15841584158414,0.08100180270732658
-340.13861386138615,0.09113001686405434
-340.11881188118815,0.10191901252970048
-340.0990099009901,0.1131455691488593
-340.0792079207921,0.12465507409901228
-340.05940594059405,0.1363378803076407
-340.039603960396,0.1481138265843784
-340.01980198019805,0.15992234973430458
-340.0,0.17171616532875134
-339.980198019802,0.18345718174214462
-339.96039603960395,0.19511381452174587
-339.94059405940595,0.20665918916049195
-339.9207920792079,0.21806991659682814
-339.9009900990099,0.229325244507168
-339.8811881188119,0.24040645962510387
-339.86138613861385,0.25129646069290856
-339.84158415841586,0.26197944934118755
-339.8217821782178,0.27244070375406737
-339.8019801980198,0.2826664113023725
-339.7821782178218,0.29264354374902
-339.76237623762376,0.3023597635733876
-339.74257425742576,0.31180335330215947
-339.7227722772277,0.32096316202469355
-339.7029702970297,0.32982856486374434
-339.68316831683165,0.3383894322932906
-339.6633663366337,0.34663610699419994
-339.64356435643566,0.35455938651455554
-339.6237623762376,0.36215051042101865
-339.6039603960396,0.36940115093645376
-339.58415841584156,0.3763034062889118
-339.56435643564356,0.3828497961690206
-339.54455445544556,0.3890332588233993
-339.52475247524757,0.39484714941105203
-339.5049504950495,0.4002852393263102
-339.48514851485146,0.40534171625119436
-339.46534653465346,0.41001118474633735
-339.4455445544554,0.41428866722625635
-339.42574257425747,0.4181696051935256
-339.4059405940594,0.4216498606296858
-339.3861386138614,0.4247257174593042
-339.36633663366337,0.42739388301855435
-339.3465346534653,0.4296514894725234
-339.3267326732673,0.43149609513530657
-339.3069306930693,0.43292568565578987
-339.2871287128713,0.43393867503933164
-339.26732673267327,0.4345339064818032
-339.2475247524753,0.43471065299814715
-339.2277227722772,0.43446861783240437
-339.20792079207916,0.4338079346409788
-339.1881188118812,0.43272916744518675
-339.16831683168317,0.4312333103532977
-339.1485148514852,0.4293217870568215
-339.1287128712871,0.42699645010995196
-339.1089108910891,0.4242595800061129
-339.08910891089107,0.4211138840706199
-339.0693069306931,0.4175624951945097
-339.0495049504951,0.4136089704411947
-339.029702970297,0.40925728956586666
-339.009900990099,0.40451185349667645
-338.990099009901,0.3993774828383989
-338.970297029703,0.3938594164729791
-338.950495049505,0.3879633103486863
-338.9306930693069,0.3816952365705512
-338.91089108910893,0.3750616829317313
-338.8910891089109,0.3680695530589433
-338.8712871287129,0.36072616738794655
-338.8514851485148,0.35303926524046914
-338.8316831683169,0.345017008344921
-338.81188118811883,0.3366679862367016
-338.7920792079208,0.3280012240963376
-338.7722772277228,0.3190261937465578
-338.7524752475247,0.3097528287477251
-338.73267326732673,0.30019154482636684
-338.71287128712873,0.2903532672756687
-338.69306930693074,0.28024946752485225
-338.6732673267327,0.2698922118555445
-338.65346534653463,0.25929422634785454
-338.63366336633663,0.24846898372408846
-338.6138613861386,0.23743082006193142
-338.59405940594064,0.226195092749762
-338.5742574257426,0.21477839615513086
-338.5544554455446,0.2031988592508676
-338.53465346534654,0.19147656150923537
-338.5148514851485,0.1796341224591854
-338.4950495049505,0.16769755108678586
-338.4752475247525,0.15569749192796747
-338.4554455445545,0.14367108976871512
-338.43564356435644,0.1316648402959647
-338.41584158415844,0.11973904604787268
-338.3960396039604,0.10797493495350301
-338.37623762376234,0.09648624341315241
-338.3564356435644,0.08543822852725998
-338.33663366336634,0.07507840073482797
-338.31683168316835,0.06578258719238445
-338.2970297029703,0.05810830281027939
-338.2772277227723,0.05280311634929427
-338.25742574257424,0.05064019347001167
-338.23762376237624,0.05202130748496714
-338.21782178217825,0.056682905989640056
-338.1980198019802,0.0638953674502516
-338.1782178217822,0.07288186700342272
-338.15841584158414,0.08303933621928433
-338.13861386138615,0.09395555994174244
-338.11881188118815,0.10535878786453669
-338.0990099009901,0.11706847157168333
-338.0792079207921,0.1289612754152745
-338.05940594059405,0.1409498476232894
-338.03960396039605,0.15296987960245073
-338.019801980198,0.16497217794806135
-338.0,0.1769177244859133
-337.980198019802,0.18877453178471554
-337.96039603960395,0.20051559645453532
-337.94059405940595,0.2121175378717402
-337.9207920792079,0.2235596743148029
-337.9009900990099,0.23482338428304808
-337.8811881188119,0.24589165758080253
-337.86138613861385,0.2567487751110524
-337.84158415841586,0.2673800775290046
-337.8217821782178,0.2777717962548473
-337.8019801980198,0.2879109289100376
-337.78217821782175,0.2977851468365039
-337.7623762376238,0.3073827260768493
-337.74257425742576,0.31669249570427294
-337.7227722772277,0.3257037991123841
-337.7029702970297,0.33440646507169225
-337.68316831683165,0.34279078620250536
-337.66336633663366,0.3508475031154953
-337.64356435643566,0.3585677929047391
-337.62376237623766,0.36594326099505775
-337.6039603960396,0.3729659355784658
-337.58415841584156,0.37962826404852545
-337.56435643564356,0.3859231109718258
-337.5445544554455,0.39184375723490233
-337.52475247524757,0.3973839000803956
-337.5049504950495,0.4025376538048787
-337.4851485148515,0.4072995509359087
-337.46534653465346,0.4116645437415186
-337.4455445544554,0.4156280059533596
-337.4257425742574,0.419185734607288
-337.4059405940594,0.4223339519227896
-337.3861386138614,0.4250693071575389
-337.36633663366337,0.42738887838524053
-337.34653465346537,0.42929017415466286
-337.3267326732673,0.4307711349963022
-337.30693069306926,0.43183013475008364
-337.2871287128713,0.4324659816936667
-337.26732673267327,0.43267791945658746
-337.2475247524753,0.4324656277101668
-337.2277227722772,0.43182922262815376
-337.2079207920792,0.4307692571171902
-337.18811881188117,0.4292867208211226
-337.16831683168317,0.4273830399074069
-337.1485148514852,0.42506007664911993
-337.1287128712871,0.4223201288211914
-337.1089108910891,0.41916592893568033
-337.08910891089107,0.4156006433476517
-337.0693069306931,0.41162787127131806
-337.0495049504951,0.4072516437555267
-337.029702970297,0.40247642267911715
-337.009900990099,0.3973070998404095
-336.990099009901,0.391748996232195
-336.970297029703,0.3858078616143653
-336.9504950495049,0.3794898745228101
-336.9306930693069,0.37280164288600653
-336.91089108910893,0.3657502054627269
-336.8910891089109,0.3583430343679125
-336.8712871287129,0.35058803902278374
-336.8514851485148,0.34249357195506813
-336.83168316831683,0.3340684369927997
-336.81188118811883,0.3253219005506498
-336.7920792079208,0.31626370691477534
-336.7722772277228,0.30690409871108515
-336.7524752475247,0.2972538441204868
-336.73267326732673,0.28732427292487567
-336.7128712871287,0.277127324189562
-336.69306930693074,0.26667560940165846
-336.6732673267327,0.2559824963257465
-336.65346534653463,0.24506222091486254
-336.63366336633663,0.2339300376492539
-336.6138613861386,0.22260242317440537
-336.5940594059406,0.21109735488717726
-336.5742574257426,0.19943469649897597
-336.5544554455446,0.18763673878354775
-336.53465346534654,0.17572896939358362
-336.5148514851485,0.1637411871385898
-336.4950495049505,0.15170914443543437
-336.47524752475243,0.13967701593164403
-336.4554455445545,0.1277011847792844
-336.43564356435644,0.1158561663135664
-336.41584158415844,0.10424403529128107
-336.3960396039604,0.09300956930645352
-336.37623762376234,0.08236435066558005
-336.35643564356434,0.07262312730603461
-336.33663366336634,0.06424993757309894
-336.31683168316835,0.05788644616168197
-336.2970297029703,0.054278649897423425
-336.2772277227723,0.05400254466918235
-336.25742574257424,0.05711303278151333
-336.2376237623762,0.06310554371162881
-336.21782178217825,0.07124110144932481
-336.1980198019802,0.08085274587861438
-336.1782178217822,0.09144823271620563
-336.15841584158414,0.10269150833851545
-336.13861386138615,0.11435673857592261
-336.1188118811881,0.12628992216562765
-336.0990099009901,0.13838298493359344
-336.0792079207921,0.15055741703108919
-336.05940594059405,0.16275408545176498
-336.03960396039605,0.17492684610691214
-336.019801980198,0.1870384731509762
-336.0,0.1990580137712776
-335.980198019802,0.21095903414562603
-335.96039603960395,0.2227184333111419
-335.94059405940595,0.23431562622637253
-335.9207920792079,0.2457319715917353
-335.9009900990099,0.2569503650012788
-335.88118811881185,0.267954945758661
-335.8613861386139,0.2787308831288605
-335.84158415841586,0.28926421895389953
-335.8217821782178,0.299541750823968
-335.8019801980198,0.3095509448048635
-335.78217821782175,0.31927986995766955
-335.76237623762376,0.3287171490957353
-335.74257425742576,0.3378519217540426
-335.72277227722776,0.3466738164198192
-335.7029702970297,0.3551729298363543
-335.68316831683165,0.36333981174060476
-335.66336633663366,0.3711654537941298
-335.6435643564356,0.3786412817600477
-335.62376237623766,0.38575915019599927
-335.6039603960396,0.3925113390963096
-335.5841584158416,0.39889055203918905
-335.56435643564356,0.4048899154892435
-335.5445544554455,0.4105029789771413
-335.5247524752475,0.41572371593464374
-335.5049504950495,0.42054652500655354
-335.4851485148515,0.4249662316957063
-335.46534653465346,0.4289780902244027
-335.44554455445547,0.43257778551738973
-335.4257425742574,0.43576143522941624
-335.40594059405936,0.4385255917544907
-335.3861386138614,0.4408672441660786
-335.36633663366337,0.4427838200472922
-335.34653465346537,0.4442731871785245
-335.3267326732673,0.4453336550573019
-335.3069306930693,0.44596397623145534
-335.28712871287127,0.446163347432421
-335.26732673267327,0.44593141050098484
-335.2475247524753,0.44526825310259605
-335.2277227722772,0.4441744092344855
-335.2079207920792,0.44265085953199934
-335.18811881188117,0.44069903138658245
-335.16831683168317,0.4383207988937561
-335.1485148514852,0.4355184826555847
-335.1287128712871,0.432294849469395
-335.1089108910891,0.42865311194255845
-335.08910891089107,0.42459692808281396
-335.0693069306931,0.4201304009251252
-335.049504950495,0.415258078269658
-335.0297029702971,0.40998495262231055
-335.009900990099,0.404316461449637
-334.990099009901,0.3982584878854413
-334.970297029703,0.39181736205793477
-334.9504950495049,0.38499986324610375
-334.9306930693069,0.3778132231242886
-334.91089108910893,0.3702651304181898
-334.89108910891093,0.3623637373779679
-334.8712871287129,0.35411766858091875
-334.8514851485148,0.3455360327155022
-334.83168316831683,0.33662843818172505
-334.8118811881188,0.3274050135858993
-334.79207920792084,0.3178764345329899
-334.7722772277228,0.30805395855883894
-334.7524752475248,0.29794947064330957
-334.73267326732673,0.28757554257038515
-334.7128712871287,0.27694551054971056
-334.6930693069307,0.2660735771320654
-334.6732673267327,0.25497494575712654
-334.6534653465347,0.24366599960055618
-334.63366336633663,0.23216454125570452
-334.61386138613864,0.22049011700468013
-334.5940594059406,0.20866446029103067
-334.57425742574253,0.1967121055746224
-334.5544554455446,0.1846612493929809
-334.53465346534654,0.1725449756824548
-334.51485148514854,0.1604030262453352
-334.4950495049505,0.14828439926413828
-334.4752475247525,0.1362512215903333
-334.4554455445545,0.1243845956358736
-334.43564356435644,0.11279349911833028
-334.41584158415844,0.10162828962737017
-334.3960396039604,0.09110065035124341
-334.3762376237624,0.08151074291238
-334.35643564356434,0.07327645738123709
-334.33663366336634,0.06694226551090039
-334.31683168316835,0.06311575120051818
-334.2970297029703,0.06228176476627123
-334.2772277227723,0.06456449086548288
-334.25742574257424,0.06965461166500189
-334.23762376237624,0.07698408519845255
-334.21782178217825,0.08596130568763502
-334.1980198019802,0.09609916483927274
-334.1782178217822,0.1070376008849646
-334.15841584158414,0.11852108960296577
-334.13861386138615,0.1303691209895976
-334.1188118811881,0.14245233115965852
-334.09900990099015,0.15467577142984051
-334.0792079207921,0.16696776248190373
-334.05940594059405,0.17927257179355532
-334.03960396039605,0.1915455886115463
-334.019801980198,0.20375010996642104
-334.0,0.21585516896402912
-333.980198019802,0.2278340444336796
-333.960396039604,0.23966322221147307
-333.94059405940595,0.25132166039530734
-333.9207920792079,0.26279026239723446
-333.9009900990099,0.2740514942334988
-333.88118811881185,0.2850891034100523
-333.8613861386139,0.29588791036645173
-333.84158415841586,0.30643365241637294
-333.82178217821786,0.31671286613085037
-333.8019801980198,0.32671279818791366
-333.78217821782175,0.33642133751730396
-333.76237623762376,0.3458269635240169
-333.74257425742576,0.3549187065535564
-333.72277227722776,0.36368611774631715
-333.7029702970297,0.3721192461389947
-333.6831683168317,0.38020862138927436
-333.66336633663366,0.3879452408818649
-333.6435643564356,0.3953205602578143
-333.62376237623766,0.40232648662230874
-333.6039603960396,0.4089553738472289
-333.5841584158416,0.4152000195081721
-333.56435643564356,0.4210536630900534
-333.54455445544556,0.42650998516905214
-333.5247524752475,0.4315631073359591
-333.5049504950495,0.4362075926711106
-333.4851485148515,0.44043844661695625
-333.46534653465346,0.4442511181228925
-333.44554455445547,0.44764150095996763
-333.4257425742574,0.45060593512202407
-333.4059405940594,0.4531412082447837
-333.3861386138614,0.455244556987607
-333.36633663366337,0.4569136683328833
-333.34653465346537,0.4581466807674116
-333.3267326732673,0.4589421853178166
-333.3069306930693,0.4592992264189985
-333.28712871287127,0.4592173026009299
-333.26732673267327,0.4586963669848857
-333.2475247524753,0.457736827585637
-333.2277227722772,0.4563395474216135
-333.2079207920792,0.45450584444066466
-333.18811881188117,0.45223749127448254
-333.16831683168317,0.4495367148414101
-333.1485148514852,0.446406195823657
-333.1287128712871,0.44284906805314667
-333.1089108910891,0.43886891784888216
-333.08910891089107,0.4344697833592559
-333.0693069306931,0.4296561539751276
-333.049504950495,0.4244329698945312
-333.0297029702971,0.4188056219380675
-333.009900990099,0.41277995173640214
-332.990099009901,0.40636225243903484
-332.970297029703,0.39955927012825704
-332.9504950495049,0.3923782061655712
-332.9306930693069,0.38482672075338936
-332.91089108910893,0.37691293806525317
-332.89108910891093,0.36864545338871185
-332.8712871287129,0.36003334284284033
-332.8514851485148,0.35108617638637996
-332.83168316831683,0.3418140350353118
-332.8118811881188,0.33222753347832984
-332.79207920792084,0.3223378496402304
-332.7722772277228,0.3121567632323082
-332.7524752475248,0.3016967059974342
-332.73267326732673,0.2909708272804561
-332.7128712871287,0.2799930798429771
-332.6930693069307,0.2687783326605004
-332.6732673267327,0.2573425200392839
-332.6534653465347,0.24570284015167657
-332.63366336633663,0.23387802160480184
-332.61386138613864,0.22188868485736363
-332.5940594059406,0.20975783766288203
-332.57425742574253,0.19751156262353156
-332.5544554455446,0.18517998425145246
-332.53465346534654,0.17279864895750383
-332.51485148514854,0.16041052436816094
-332.4950495049505,0.14806894062832737
-332.4752475247525,0.13584198040789897
-332.45544554455444,0.12381910758148278
-332.43564356435644,0.11212122668725343
-332.41584158415844,0.10091581220535385
-332.3960396039604,0.09043878866418323
-332.3762376237624,0.08102286387248507
-332.35643564356434,0.07312373730212401
-332.33663366336634,0.06731450587290899
-332.31683168316835,0.06419156751810799
-332.2970297029703,0.06416235333896501
-332.2772277227723,0.06723231072810042
-332.25742574257424,0.07300192910399546
-332.23762376237624,0.08087712248093909
-332.2178217821782,0.09028341349681117
-332.19801980198025,0.10076263068266131
-332.1782178217822,0.11197981675970656
-332.15841584158414,0.12369734567984787
-332.13861386138615,0.13574653224161348
-332.1188118811881,0.14800561689830624
-332.0990099009901,0.16038451932110023
-332.0792079207921,0.17281469552699832
-332.0594059405941,0.18524245372242665
-332.03960396039605,0.19762452823179957
-332.019801980198,0.20992511482602197
-332.0,0.22211385618047222
-331.98019801980195,0.23416445187835316
-331.960396039604,0.24605368470972694
-331.94059405940595,0.2577607286795851
-331.92079207920796,0.26926665058667304
-331.9009900990099,0.2805540466123194
-331.88118811881185,0.2916067744311179
-331.86138613861385,0.3024097538236232
-331.84158415841586,0.312948817039341
-331.82178217821786,0.3232105957179364
-331.8019801980198,0.33318243496731553
-331.7821782178218,0.34285232781561187
-331.76237623762376,0.35220886508640775
-331.7425742574257,0.3612411970437688
-331.72277227722776,0.36993900408283487
-331.7029702970297,0.37829247441462366
-331.6831683168317,0.38629228718602615
-331.66336633663366,0.39392959983951176
-331.64356435643566,0.4011960387884665
-331.6237623762376,0.4080836926880329
-331.6039603960396,0.4145851077362379
-331.5841584158416,0.42069328455854293
-331.56435643564356,0.42640167632057935
-331.54455445544556,0.43170418778438846
-331.5247524752475,0.4365951750794873
-331.5049504950495,0.4410694460035846
-331.4851485148515,0.44512226070279415
-331.46534653465346,0.44874933260900113
-331.44554455445547,0.4519468295346727
-331.4257425742574,0.45471137484357266
-331.4059405940594,0.45704004863119724
-331.38613861386136,0.45893038886107934
-331.3663366336634,0.460380392413879
-331.34653465346537,0.46138851601505604
-331.3267326732673,0.461953677015092
-331.3069306930693,0.46207525400284233
-331.28712871287127,0.46175308723940295
-331.26732673267327,0.46098747890560704
-331.2475247524753,0.45977919316208565
-331.2277227722773,0.458129456026655
-331.2079207920792,0.45603995507959
-331.18811881188117,0.45351283901373357
-331.16831683168317,0.4505507170530163
-331.1485148514851,0.4471566582707568
-331.1287128712872,0.44333419084765924
-331.1089108910891,0.43908730131954854
-331.0891089108911,0.4344204338768706
-331.0693069306931,0.4293384897920777
-331.049504950495,0.42384682706841426
-331.029702970297,0.41795126042471
-331.009900990099,0.4116580617566664
-330.99009900990103,0.4049739612477053
-330.970297029703,0.39790614934288615
-330.950495049505,0.39046227985076704
-330.9306930693069,0.382650474503264
-330.9108910891089,0.374479329387348
-330.89108910891093,0.3659579237703579
-330.8712871287129,0.35709583198150163
-330.8514851485149,0.3479031391967529
-330.83168316831683,0.3383904622184241
-330.81188118811883,0.32856897666695795
-330.7920792079208,0.31845045244124204
-330.7722772277228,0.3080472999004717
-330.7524752475248,0.29737263004034253
-330.73267326732673,0.2864403330730333
-330.71287128712873,0.275265181416111
-330.6930693069307,0.26386296535972686
-330.6732673267327,0.25225067293505193
-330.6534653465347,0.24044673024151939
-330.63366336633663,0.22847132547145765
-330.61386138613864,0.2163468503054974
-330.5940594059406,0.20409850816306987
-330.5742574257426,0.1917551630744904
-330.55445544554453,0.17935054069781284
-330.53465346534654,0.16692495231732998
-330.51485148514854,0.15452780637488805
-330.4950495049505,0.14222131971164453
-330.4752475247525,0.1300860684885414
-330.45544554455444,0.1182293497563418
-330.43564356435644,0.10679773072048208
-330.41584158415844,0.09599539417174875
-330.3960396039604,0.08610897212211398
-330.3762376237624,0.0775346824074551
-330.35643564356434,0.07078923729053557
-330.33663366336634,0.06646064162596019
-330.3168316831683,0.06505011982226874
-330.29702970297035,0.0667472400056026
-330.2772277227723,0.07132322251087464
-330.25742574257424,0.0782578193807287
-330.23762376237624,0.08696429110490597
-330.2178217821782,0.0969363801403215
-330.1980198019802,0.10778914219553425
-330.1782178217822,0.1192449446186407
-330.1584158415842,0.13110603352212505
-330.13861386138615,0.14323024711928262
-330.1188118811881,0.15551327622402925
-330.0990099009901,0.167876580430564
-330.07920792079204,0.18025934605361757
-330.0594059405941,0.19261314590659412
-330.03960396039605,0.20489836554946575
-330.01980198019805,0.21708178177928425
-330.0,0.229134898180937
-329.98019801980195,0.2410327840422336
-329.96039603960395,0.2527532526694363
-329.94059405940595,0.26427627194316544
-329.92079207920796,0.2755835361424565
-329.9009900990099,0.2866581513626919
-329.8811881188119,0.2974844020424073
-329.86138613861385,0.3080475761507401
-329.8415841584158,0.31833383331131304
-329.82178217821786,0.3283301047038787
-329.8019801980198,0.3380240167268203
-329.7821782178218,0.34740383259220997
-329.76237623762376,0.3564584075693536
-329.74257425742576,0.3651771546943234
-329.7227722772277,0.37355001855761066
-329.7029702970297,0.3815674553615103
-329.6831683168317,0.3892204178653554
-329.66336633663366,0.39650034415382046
-329.64356435643566,0.40339914940131927
-329.6237623762376,0.4099092199854012
-329.6039603960396,0.4160234094393146
-329.5841584158416,0.42173503583959776
-329.56435643564356,0.42703788030612105
-329.54455445544556,0.4319261863561801
-329.5247524752475,0.4363946599043425
-329.5049504950495,0.4404384697398994
-329.48514851485146,0.44405324834550863
-329.46534653465346,0.44723509294656905
-329.44554455445547,0.44998056670182984
-329.4257425742574,0.45228669996309556
-329.4059405940594,0.4541509915463619
-329.38613861386136,0.45557140996900525
-329.36633663366337,0.45654639461817054
-329.34653465346537,0.45707485682497584
-329.3267326732673,0.45715618082742626
-329.3069306930693,0.4567902246129077
-329.28712871287127,0.45597732063848084
-329.26732673267327,0.454718276434847
-329.2475247524752,0.4530143751072099
-329.2277227722773,0.4508673757544422
-329.2079207920792,0.4482795138366454
-329.18811881188117,0.44525350153089294
-329.16831683168317,0.441792528125963
-329.1485148514851,0.4379002605198306
-329.1287128712871,0.43358084389875595
-329.1089108910891,0.42883890269496255
-329.0891089108911,0.4236795419417768
-329.0693069306931,0.41810834917185236
-329.049504950495,0.41213139703694857
-329.029702970297,0.4057552468687169
-329.00990099009897,0.3989869534507985
-328.99009900990103,0.3918340713369524
-328.970297029703,0.384304663131594
-328.950495049505,0.3764073102529379
-328.9306930693069,0.3681511268333018
-328.9108910891089,0.35954577758423845
-328.8910891089109,0.3506015006809712
-328.8712871287129,0.341329137018339
-328.8514851485149,0.3317401675854299
-328.83168316831683,0.32184676123404393
-328.81188118811883,0.31166183582800916
-328.7920792079208,0.3011991367291244
-328.7722772277227,0.2904733379055781
-328.7524752475248,0.2795001727933457
-328.73267326732673,0.268296604624683
-328.71287128712873,0.25688104959338703
-328.6930693069307,0.24527367145250323
-328.6732673267327,0.2334967736888463
-328.65346534653463,0.22157532642934286
-328.63366336633663,0.20953768143978455
-328.61386138613864,0.1974165526005886
-328.5940594059406,0.18525037500430278
-328.5742574257426,0.17308520896492902
-328.55445544554453,0.16097743328326664
-328.53465346534654,0.14899758315374098
-328.51485148514854,0.13723583454140326
-328.4950495049505,0.1258097948233988
-328.4752475247525,0.11487532018928485
-328.45544554455444,0.10464070454885979
-328.43564356435644,0.09538291334641756
-328.4158415841584,0.08745989801925057
-328.39603960396045,0.08130382535461131
-328.3762376237624,0.07737021420572018
-328.35643564356434,0.07602711592493565
-328.33663366336634,0.07742058988949595
-328.3168316831683,0.08141056877754538
-328.2970297029703,0.08763395182448204
-328.2772277227723,0.0956386989320058
-328.2574257425743,0.10499481164745562
-328.23762376237624,0.11534557672582241
-328.2178217821782,0.12641467596402634
-328.1980198019802,0.13799410113829505
-328.17821782178214,0.1499280583372725
-328.1584158415842,0.16209885869132054
-328.13861386138615,0.17441614658560792
-328.11881188118815,0.18680913550134293
-328.0990099009901,0.19922113940190048
-328.07920792079204,0.2116057445154019
-328.05940594059405,0.22392412225649402
-328.03960396039605,0.23614312934417583
-328.01980198019805,0.2482339515966025
-328.0,0.26017112559452804
-327.980198019802,0.27193182535639193
-327.96039603960395,0.2834953368159511
-327.9405940594059,0.29484266685079635
-327.92079207920796,0.30595624977582464
-327.9009900990099,0.31681972520182616
-327.8811881188119,0.32741776869226763
-327.86138613861385,0.3377359618676415
-327.84158415841586,0.34776069225587786
-327.8217821782178,0.3574790757665395
-327.8019801980198,0.36687889650829575
-327.7821782178218,0.37594855999731047
-327.76237623762376,0.3846770567715578
-327.74257425742576,0.3930539341368937
-327.7227722772277,0.4010692742980051
-327.7029702970297,0.40871367752179455
-327.6831683168317,0.41597824927816673
-327.66336633663366,0.42285459052939084
-327.64356435643566,0.4293347905125471
-327.6237623762376,0.43541142149316453
-327.6039603960396,0.44107753507215486
-327.58415841584156,0.4463266597096008
-327.5643564356436,0.45115279919294216
-327.54455445544556,0.45555043182809585
-327.5247524752475,0.4595145101726502
-327.5049504950495,0.4630404611630473
-327.48514851485146,0.46612418651410625
-327.46534653465346,0.468762063291001
-327.44554455445547,0.47095094457160547
-327.42574257425747,0.47268816013194265
-327.4059405940594,0.4739715171001257
-327.38613861386136,0.4747993005346343
-327.36633663366337,0.4751702738921865
-327.3465346534653,0.4750836793585098
-327.3267326732674,0.4745392380227207
-327.3069306930693,0.4735371498827486
-327.2871287128713,0.47207809367583736
-327.26732673267327,0.4701632265342996
-327.2475247524752,0.4677941834733131
-327.2277227722772,0.46497307672415883
-327.2079207920792,0.46170249493351656
-327.1881188118812,0.45798550225750734
-327.16831683168317,0.4538256373881583
-327.1485148514852,0.44922691256057784
-327.1287128712871,0.4441938126014012
-327.10891089108907,0.4387312940939947
-327.0891089108911,0.4328447847538923
-327.0693069306931,0.4265401831299535
-327.0495049504951,0.4198238587740938
-327.029702970297,0.41270265305668824
-327.009900990099,0.4051838808477219
-326.990099009901,0.3972753333387116
-326.970297029703,0.388985282350534
-326.950495049505,0.3803224865630754
-326.9306930693069,0.3712962002208567
-326.91089108910893,0.3619161850238765
-326.8910891089109,0.3521927261185993
-326.8712871287129,0.34213665337890753
-326.8514851485149,0.33175936953749596
-326.83168316831683,0.32107288723378574
-326.81188118811883,0.31008987774018115
-326.7920792079208,0.2988237350975974
-326.7722772277228,0.2872886607560967
-326.7524752475247,0.27549977576371154
-326.73267326732673,0.26347327035999435
-326.71287128712873,0.25122660495446547
-326.6930693069307,0.23877878260235375
-326.6732673267327,0.22615072235175493
-326.65346534653463,0.21336577705393694
-326.63366336633663,0.20045046142069844
-326.61386138613864,0.1874354913453449
-326.5940594059406,0.1743572923709506
-326.5742574257426,0.16126022835991216
-326.55445544554453,0.14819995578688244
-326.53465346534654,0.13524856564914794
-326.5148514851485,0.12250259546040758
-326.49504950495054,0.11009564663615672
-326.4752475247525,0.09821819943032147
-326.45544554455444,0.08714771050473608
-326.43564356435644,0.07728962616761964
-326.4158415841584,0.06921658973070541
-326.3960396039604,0.0636553265159089
-326.3762376237624,0.06132436035588956
-326.3564356435644,0.06260206107480364
-326.33663366336634,0.0672853582962176
-326.3168316831683,0.0747269614313624
-326.2970297029703,0.08417956139594042
-326.27722772277224,0.09501893105051723
-326.2574257425743,0.10679244756076893
-326.23762376237624,0.11918849488271636
-326.21782178217825,0.1319937410826047
-326.1980198019802,0.14505958717039452
-326.17821782178214,0.15827957082878222
-326.15841584158414,0.17157488732631962
-326.13861386138615,0.1848852023874821
-326.11881188118815,0.19816277904275822
-326.0990099009901,0.2113686662463666
-326.0792079207921,0.2244701807735561
-326.05940594059405,0.23743921245032742
-326.039603960396,0.2502510628054921
-326.01980198019805,0.26288363570392825
-326.0,0.27531686447801157
-325.980198019802,0.28753230074928987
-325.96039603960395,0.2995128156253122
-325.94059405940595,0.311242380205409
-325.9207920792079,0.32270590286178613
-325.9009900990099,0.3338891077025746
-325.8811881188119,0.3447784432684949
-325.86138613861385,0.35536101367089173
-325.84158415841586,0.36562452655366207
-325.8217821782178,0.3755572537804135
-325.8019801980198,0.385148001822297
-325.7821782178218,0.3943860895908565
-325.76237623762376,0.40326133201651004
-325.74257425742576,0.41176402808040513
-325.7227722772277,0.41988495230823364
-325.7029702970297,0.4276153489587307
-325.68316831683165,0.4349469283087468
-325.66336633663366,0.4418718645649383
-325.64356435643566,0.44838279503030537
-325.6237623762376,0.4544728202298119
-325.6039603960396,0.460135504758221
-325.58415841584156,0.4653648786596651
-325.56435643564356,0.47015543918516073
-325.54455445544556,0.47450215280334423
-325.5247524752475,0.4784004573635083
-325.5049504950495,0.48184626432878713
-325.48514851485146,0.4848359610133418
-325.46534653465346,0.4873664127703981
-325.4455445544554,0.48943496508880535
-325.42574257425747,0.4910394455655607
-325.4059405940594,0.49217816572980017
-325.38613861386136,0.4928499227012824
-325.36633663366337,0.4930540006731604
-325.3465346534653,0.49279017221531596
-325.3267326732673,0.4920586994008382
-325.3069306930693,0.4908603347645055
-325.2871287128713,0.48919632210882963
-325.26732673267327,0.4870683971801584
-325.2475247524752,0.484478788245009
-325.2277227722772,0.48143021660561186
-325.20792079207916,0.47792589710334665
-325.1881188118812,0.47396953867027497
-325.16831683168317,0.46956534500256275
-325.1485148514852,0.4647180154456227
-325.1287128712871,0.4594327462001696
-325.10891089108907,0.4537152319819477
-325.08910891089107,0.44757166829671435
-325.0693069306931,0.44100875452756505
-325.0495049504951,0.4340336980756972
-325.029702970297,0.4266542198509512
-325.009900990099,0.4188785614777126
-324.990099009901,0.41071549466948537
-324.9702970297029,0.4021743333374935
-324.950495049505,0.39326494914214494
-324.9306930693069,0.38399779138178824
-324.91089108910893,0.3743839123547747
-324.8910891089109,0.3644349996473403
-324.8712871287129,0.3541634172183771
-324.8514851485148,0.34358225770903594
-324.83168316831683,0.33270540915345326
-324.81188118811883,0.32154764027966815
-324.7920792079208,0.31012470997426916
-324.7722772277228,0.29845350839246404
-324.7524752475247,0.28655223985153117
-324.73267326732673,0.27444066137677314
-324.71287128712873,0.26214039606096295
-324.6930693069307,0.24967534797172153
-324.6732673267327,0.2370722562734692
-324.65346534653463,0.22436144212523135
-324.63366336633663,0.21157782514452123
-324.6138613861386,0.19876232021510898
-324.59405940594064,0.1859637748739682
-324.5742574257426,0.17324167821011224
-324.55445544554453,0.16066996910867024
-324.53465346534654,0.14834239214492487
-324.5148514851485,0.1363799632150662
-324.4950495049505,0.12494110384127044
-324.4752475247525,0.11423457295988672
-324.4554455445545,0.10453374294750128
-324.43564356435644,0.09618673578517171
-324.4158415841584,0.089609413683657
-324.3960396039604,0.08524055670016636
-324.3762376237624,0.08344564010004266
-324.3564356435644,0.084395910542795
-324.33663366336634,0.08799870967233711
-324.31683168316835,0.09393616051961923
-324.2970297029703,0.10177950030073393
-324.27722772277224,0.11109852542321541
-324.2574257425743,0.1215219975874448
-324.23762376237624,0.13275396277685733
-324.21782178217825,0.1445670903489615
-324.1980198019802,0.15678880514238042
-324.1782178217822,0.16928765608035792
-324.15841584158414,0.18196228696002148
-324.13861386138615,0.19473319685309873
-324.11881188118815,0.20753679503511324
-324.0990099009901,0.22032116769394647
-324.0792079207921,0.2330430692588339
-324.05940594059405,0.24566577513156923
-324.03960396039605,0.2581575378063751
-324.01980198019805,0.2704904668008438
-324.0,0.282639708215556
-323.980198019802,0.2945828379530495
-323.96039603960395,0.3062994087638634
-323.94059405940595,0.317770609155966
-323.9207920792079,0.3289790044704193
-323.90099009900996,0.3399083389036527
-323.8811881188119,0.35054338316376854
-323.86138613861385,0.36086981660197776
-323.84158415841586,0.3708741356075689
-323.8217821782178,0.3805435821672815
-323.8019801980198,0.3898660880168285
-323.7821782178218,0.39883023092752656
-323.7623762376238,0.40742520049171205
-323.74257425742576,0.4156407713805659
-323.7227722772277,0.423467282504859
-323.7029702970297,0.4308956208539018
-323.68316831683165,0.4379172090508159
-323.6633663366337,0.44452399586325697
-323.64356435643566,0.45070844906440266
-323.62376237623766,0.4564635501600058
-323.6039603960396,0.4617827905919527
-323.58415841584156,0.4666601691036591
-323.56435643564356,0.47109019001206737
-323.54455445544556,0.47506786217839764
-323.52475247524757,0.4785886985083607
-323.5049504950495,0.4816487158434718
-323.4851485148515,0.4842444351309074
-323.46534653465346,0.48637288178035437
-323.4455445544554,0.4880315861341489
-323.42574257425747,0.48921858399216395
-323.4059405940594,0.48993241714583463
-323.3861386138614,0.4901721338873727
-323.36633663366337,0.489937289470674
-323.34653465346537,0.48922794650969065
-323.3267326732673,0.4880446753100746
-323.3069306930693,0.48638855413795984
-323.2871287128713,0.4842611694399322
-323.26732673267327,0.4816646160374823
-323.2475247524753,0.47860149732996926
-323.2277227722772,0.4750749255518844
-323.2079207920792,0.4710885221435876
-323.1881188118812,0.4666464183102064
-323.16831683168317,0.4617532558616468
-323.1485148514852,0.45641418844889403
-323.1287128712871,0.45063488333778456
-323.1089108910891,0.44442152389449313
-323.08910891089107,0.4377808129964997
-323.0693069306931,0.4307199776328093
-323.0495049504951,0.42324677501964963
-323.029702970297,0.41536950063645955
-323.009900990099,0.40709699868727595
-322.990099009901,0.39843867562081264
-322.970297029703,0.38940451750817046
-322.950495049505,0.38000511229191863
-322.9306930693069,0.3702516782020301
-322.91089108910893,0.3601561000056666
-322.8910891089109,0.34973097525195856
-322.8712871287129,0.33898967333620367
-322.8514851485148,0.32794641110500955
-322.8316831683169,0.3166163499494604
-322.81188118811883,0.3050157210224387
-322.7920792079208,0.2931619875674469
-322.7722772277228,0.281074056651399
-322.7524752475247,0.2687725572874154
-322.73267326732673,0.2562802086657009
-322.71287128712873,0.24362231196208298
-322.69306930693074,0.23082741344691451
-322.6732673267327,0.21792820761088627
-322.65346534653463,0.204962780105554
-322.63366336633663,0.191976336340368
-322.6138613861386,0.17902362927901572
-322.59405940594064,0.16617239728550517
-322.5742574257426,0.1535082553561058
-322.5544554455446,0.1411416410239179
-322.53465346534654,0.12921753658375326
-322.5148514851485,0.1179285568541518
-322.4950495049505,0.10753102188239687
-322.4752475247525,0.09836054442363854
-322.4554455445545,0.09083657606357938
-322.43564356435644,0.08543460103907843
-322.41584158415844,0.08260145003987797
-322.3960396039604,0.08261984468013746
-322.37623762376234,0.08549429151178084
-322.3564356435644,0.09094998309862648
-322.33663366336634,0.09854552257437635
-322.31683168316835,0.10780843661572424
-322.2970297029703,0.118320641946248
-322.2772277227723,0.12974699107426693
-322.25742574257424,0.14183118578483783
-322.23762376237624,0.15438042347410363
-322.21782178217825,0.16724943115955535
-322.1980198019802,0.18032742329911097
-322.1782178217822,0.1935283980066937
-322.15841584158414,0.2067841981144055
-322.13861386138615,0.22003962227318713
-322.11881188118815,0.23324898769942307
-322.0990099009901,0.2463737024227278
-322.0792079207921,0.2593805366539701
-322.05940594059405,0.27224037989973937
-322.03960396039605,0.2849273380287622
-322.019801980198,0.29741807049306324
-322.0,0.3096912989726777
-321.980198019802,0.32172743970321804
-321.96039603960395,0.3335083260002315
-321.94059405940595,0.3450169972481695
-321.9207920792079,0.3562375373565669
-321.9009900990099,0.3671549503818868
-321.8811881188119,0.37775506432010286
-321.86138613861385,0.38802445642788175
-321.84158415841586,0.3979503951202418
-321.8217821782178,0.4075207947186357
-321.8019801980198,0.4167241802213826
-321.78217821782175,0.4255496599315463
-321.7623762376238,0.4339869042721533
-321.74257425742576,0.4420261294901405
-321.7227722772277,0.44965808523198214
-321.7029702970297,0.4568740451892604
-321.68316831683165,0.46366580017753456
-321.66336633663366,0.470025653140343
-321.64356435643566,0.4759464156699348
-321.62376237623766,0.481421405715263
-321.6039603960396,0.48644444620951877
-321.58415841584156,0.491009864399422
-321.56435643564356,0.49511249169787314
-321.5445544554455,0.49874766391388287
-321.52475247524757,0.501911221739699
-321.5049504950495,0.5045995113963966
-321.4851485148515,0.5068093853572417
-321.46534653465346,0.5085382030825752
-321.4455445544554,0.5097838317129546
-321.4257425742574,0.5105446466777103
-321.4059405940594,0.510819532185937
-321.3861386138614,0.5106078815749349
-321.36633663366337,0.5099095974992448
-321.34653465346537,0.5087250919501697
-321.3267326732673,0.5070552861030893
-321.30693069306926,0.504901609996417
-321.2871287128713,0.5022660020534193
-321.26732673267327,0.49915090846555393
-321.2475247524753,0.49555928246419406
-321.2277227722772,0.4914945835168445
-321.2079207920792,0.4869607764943861
-321.18811881188117,0.48196233086820134
-321.16831683168317,0.4765042200104969
-321.1485148514852,0.47059192068843775
-321.1287128712871,0.4642314128640829
-321.1089108910891,0.45742917993775184
-321.08910891089107,0.45019220960491924
-321.0693069306931,0.4425279955366416
-321.0495049504951,0.4344445401443648
-321.029702970297,0.4259503587540759
-321.009900990099,0.4170544855971473
-320.990099009901,0.407766482131163
-320.970297029703,0.3980964483418874
-320.9504950495049,0.38805503785812523
-320.930693069307,0.37765347794970683
-320.91089108910893,0.36690359579667914
-320.8910891089109,0.3558178528451189
-320.8712871287129,0.34440938964545265
-320.8514851485148,0.3326920843643548
-320.83168316831683,0.32068062926424834
-320.81188118811883,0.30839063098915764
-320.79207920792084,0.29583874268617794
-320.7722772277228,0.28304283913641676
-320.7524752475247,0.27002225064171076
-320.73267326732673,0.25679807815438904
-320.7128712871287,0.24339362221545247
-320.69306930693074,0.2298349735542483
-320.6732673267327,0.21615183673435975
-320.6534653465347,0.2023786949688748
-320.63366336633663,0.18855648233185388
-320.6138613861386,0.17473502241293581
-320.5940594059406,0.16097664136320883
-320.5742574257426,0.14736160033246545
-320.5544554455446,0.13399635757931058
-320.53465346534654,0.1210261832933588
-320.51485148514854,0.10865418350073312
-320.4950495049505,0.0971686430661009
-320.47524752475243,0.08697733030334458
-320.4554455445545,0.07863487307243536
-320.43564356435644,0.0728200221368996
-320.41584158415844,0.07019178481256258
-320.3960396039604,0.07111791797057394
-320.3762376237624,0.0754672888429524
-320.35643564356434,0.08268921548076871
-320.33663366336634,0.09208868775154488
-320.31683168316835,0.10304268548764102
-320.2970297029703,0.11507387390929226
-320.2772277227723,0.1278401564765027
-320.25742574257424,0.1411007627062038
-320.23762376237624,0.15468493922242038
-320.21782178217825,0.1684690484407714
-320.1980198019802,0.18236111612876513
-320.1782178217822,0.19629067650972543
-320.15841584158414,0.21020211612522566
-320.13861386138615,0.2240502740289643
-320.1188118811881,0.23779749405105677
-320.09900990099015,0.2514116191962872
-320.0792079207921,0.2648646053111422
-320.05940594059405,0.2781315479901757
-320.03960396039605,0.2911899896175368
-320.019801980198,0.30401941930584725
-320.0,0.31660090768307464
-319.980198019802,0.32891683730944626
-319.960396039604,0.3409507018328112
-319.94059405940595,0.3526869551775061
-319.9207920792079,0.36411089757807164
-319.9009900990099,0.37520858903726223
-319.88118811881185,0.38596678339668716
-319.8613861386139,0.39637287803753485
-319.84158415841586,0.4064148755267342
-319.82178217821786,0.41608135445550926
-319.8019801980198,0.4253614473933228
-319.78217821782175,0.4342448243757046
-319.76237623762376,0.44272168071128276
-319.74257425742576,0.4507827281674879
-319.72277227722776,0.4584191888009675
-319.7029702970297,0.4656227908558684
-319.6831683168317,0.47238576627363865
-319.66336633663366,0.478700849450883
-319.6435643564356,0.4845612769545419
-319.62376237623766,0.4899607879602538
-319.6039603960396,0.4948936252249953
-319.5841584158416,0.49935453644089683
-319.56435643564356,0.503338775845948
-319.54455445544556,0.5068421059908864
-319.5247524752475,0.509860799580711
-319.5049504950495,0.512391641325287
-319.4851485148515,0.5144319297469784
-319.46534653465346,0.5159794789047116
-319.44554455445547,0.5170326200039879
-319.4257425742574,0.5175902028712909
-319.4059405940594,0.5176515972796939
-319.3861386138614,0.5172166941199138
-319.36633663366337,0.5162859064189803
-319.34653465346537,0.5148601702160148
-319.3267326732673,0.5129409453125298
-319.3069306930693,0.5105302159230006
-319.28712871287127,0.5076304912607125
-319.26732673267327,0.5042448061041191
-319.2475247524753,0.500376721400772
-319.2277227722772,0.49603032497950317
-319.2079207920792,0.4912102324579935
-319.18811881188117,0.4859215884518305
-319.16831683168317,0.4801700682149507
-319.1485148514852,0.47396187986955796
-319.1287128712871,0.46730376741867535
-319.1089108910891,0.4602030147778653
-319.08910891089107,0.45266745111638823
-319.0693069306931,0.44470545786609816
-319.049504950495,0.4363259778415101
-319.0297029702971,0.4275385270235604
-319.009900990099,0.41835320969868345
-318.990099009901,0.40878073782432134
-318.970297029703,0.3988324557253518
-318.9504950495049,0.3885203715305685
-318.9306930693069,0.3778571971607119
-318.91089108910893,0.3668563992130877
-318.89108910891093,0.355532263803541
-318.8712871287129,0.34389997939241124
-318.8514851485148,0.33197574293788856
-318.83168316831683,0.3197768965309789
-318.8118811881188,0.3073221041796392
-318.79207920792084,0.2946315819317021
-318.7722772277228,0.2817273995094257
-318.7524752475248,0.2686338787446454
-318.73267326732673,0.25537812435787266
-318.7128712871287,0.24199073751911443
-318.6930693069307,0.22850678439763997
-318.6732673267327,0.21496712382647362
-318.6534653465347,0.20142024490166072
-318.63366336633663,0.18792483283709138
-318.61386138613864,0.17455337606156265
-318.5940594059406,0.16139725137775754
-318.57425742574253,0.14857385982705534
-318.5544554455446,0.13623645661566497
-318.53465346534654,0.12458708782131007
-318.51485148514854,0.11389191830936324
-318.4950495049505,0.10449500048411339
-318.4752475247525,0.09681966720951776
-318.45544554455444,0.09133730731918482
-318.43564356435644,0.08848254040038167
-318.41584158415844,0.08852438190240385
-318.3960396039604,0.09146158921164978
-318.3762376237624,0.09702358015113847
-318.35643564356434,0.10477606104025904
-318.33663366336634,0.11424941340327761
-318.31683168316835,0.1250225542434421
-318.2970297029703,0.13675348548274943
-318.2772277227723,0.14917764452570845
-318.25742574257424,0.16209412612387386
-318.23762376237624,0.1753504350761134
-318.2178217821782,0.1888296416549397
-318.1980198019802,0.20244062847105837
-318.1782178217822,0.2161110117733708
-318.15841584158414,0.22978209686562812
-318.13861386138615,0.24340529929394006
-318.1188118811881,0.2569395986602158
-318.0990099009901,0.27034971479241887
-318.0792079207921,0.2836047898440743
-318.05940594059405,0.2966774267886917
-318.03960396039605,0.30954298104835903
-318.019801980198,0.3221790336308824
-318.0,0.3345649957308245
-317.98019801980195,0.3466818095182482
-317.960396039604,0.3585117200095701
-317.94059405940595,0.37003809997481685
-317.9207920792079,0.38124531478022866
-317.9009900990099,0.3921186175612811
-317.88118811881185,0.4026440676164701
-317.86138613861385,0.4128084667102598
-317.84158415841586,0.4225993092815561
-317.82178217821786,0.43200474351381907
-317.8019801980198,0.4410135409336792
-317.78217821782175,0.4496150727357182
-317.76237623762376,0.45779929143063014
-317.7425742574257,0.4655567167171157
-317.72277227722776,0.47287842470986463
-317.7029702970297,0.4797560398345264
-317.6831683168317,0.48618172883900346
-317.66336633663366,0.4921481964788633
-317.6435643564356,0.49764868251963007
-317.6237623762376,0.5026769597663091
-317.6039603960396,0.5072273328841099
-317.5841584158416,0.51129463781773
-317.56435643564356,0.5148742416512975
-317.54455445544556,0.5179620427797672
-317.5247524752475,0.5205544712858814
-317.50495049504946,0.5226484894363588
-317.4851485148515,0.5242415922273196
-317.46534653465346,0.525331807922952
-317.44554455445547,0.5259176985434743
-317.4257425742574,0.525998360269059
-317.4059405940594,0.5255734237361729
-317.38613861386136,0.5246430542114328
-317.36633663366337,0.5232079516368511
-317.34653465346537,0.521269350548467
-317.3267326732673,0.5188290198789567
-317.3069306930693,0.5158892626636595
-317.28712871287127,0.5124529156791057
-317.26732673267327,0.5085233490535966
-317.2475247524753,0.5041044659017008
-317.2277227722772,0.49920070204828326
-317.2079207920792,0.49381702592435045
-317.18811881188117,0.4879589387365018
-317.16831683168317,0.4816324750358369
-317.1485148514851,0.4748442038411242
-317.1287128712872,0.4676012305072379
-317.1089108910891,0.4599111995745884
-317.08910891089107,0.4517822988916922
-317.0693069306931,0.44322326537429513
-317.049504950495,0.434243392855358
-317.029702970297,0.4248525425968594
-317.009900990099,0.4150611571855598
-316.99009900990103,0.40488027873187854
-316.970297029703,0.3943215725501871
-316.9504950495049,0.38339735784214996
-316.9306930693069,0.3721206473643831
-316.9108910891089,0.36050519868119374
-316.89108910891093,0.34856558044762914
-316.8712871287129,0.33631725832955894
-316.8514851485149,0.32377670678197773
-316.83168316831683,0.31096155517568697
-316.8118811881188,0.2978907799873192
-316.7920792079208,0.2845849594052036
-316.7722772277228,0.27106661345539196
-316.7524752475248,0.257360662703421
-316.73267326732673,0.2434950534399178
-316.71287128712873,0.22950161969279154
-316.6930693069307,0.21541728667418464
-316.6732673267326,0.2012857730681769
-316.6534653465347,0.18716003129565142
-316.63366336633663,0.17310579097879533
-316.61386138613864,0.159206761647101
-316.5940594059406,0.145572324627001
-316.5742574257426,0.132348885586681
-316.55445544554453,0.11973631083491422
-316.53465346534654,0.1080104203011322
-316.51485148514854,0.09754957016734281
-316.4950495049505,0.08885405639876987
-316.4752475247525,0.08252761766222957
-316.45544554455444,0.07917253798141394
-316.43564356435644,0.07918614848737732
-316.41584158415844,0.08257171345017082
-316.3960396039604,0.08893753725030329
-316.3762376237624,0.09768504031747871
-316.35643564356434,0.1082124325385636
-316.33663366336634,0.12002026416081794
-316.3168316831683,0.13273045222383253
-316.29702970297035,0.14606717181385798
-316.2772277227723,0.1598304128748822
-316.25742574257424,0.17387354890791742
-316.23762376237624,0.18808692749721515
-316.2178217821782,0.20238652957562167
-316.1980198019802,0.21670628292647642
-316.1782178217822,0.23099286211457115
-316.1584158415842,0.2452021464746181
-316.13861386138615,0.25929678079760465
-316.1188118811881,0.27324447379407735
-316.0990099009901,0.2870167953324183
-316.07920792079204,0.3005883151064244
-316.0594059405941,0.3139359781506965
-316.03960396039605,0.3270386468721205
-316.01980198019805,0.3398767616935295
-316.0,0.35243208725460906
-315.98019801980195,0.36468752106513885
-315.96039603960395,0.37662694825660165
-315.94059405940595,0.3882351307156317
-315.92079207920796,0.3994976221074109
-315.9009900990099,0.4104007025662067
-315.8811881188119,0.4209313284444126
-315.86138613861385,0.4310770936734612
-315.8415841584158,0.4408262001337543
-315.82178217821786,0.4501674350511356
-315.8019801980198,0.45909015389613367
-315.7821782178218,0.4675842676062412
-315.76237623762376,0.4756402332101674
-315.74257425742576,0.48324904713029976
-315.7227722772277,0.4904022405905027
-315.7029702970297,0.49709187667312327
-315.6831683168317,0.50331054865996
-315.66336633663366,0.5090513793630528
-315.64356435643566,0.5143080212076032
-315.6237623762376,0.5190746568739963
-315.6039603960396,0.5233460003419532
-315.5841584158416,0.5271172982088113
-315.56435643564356,0.5303843311779155
-315.54455445544556,0.533143415632412
-315.5247524752475,0.5353914052263856
-315.5049504950495,0.5371256924389624
-315.48514851485146,0.5383442100490755
-315.46534653465346,0.5390454324989045
-315.44554455445547,0.539228377123599
-315.4257425742574,0.5388926052334102
-315.4059405940594,0.5380382230427175
-315.38613861386136,0.5366658824483462
-315.36633663366337,0.5347767816679111
-315.34653465346537,0.5323726657572964
-315.3267326732673,0.5294558270355519
-315.3069306930693,0.5260291054555711
-315.28712871287127,0.5220958889703956
-315.26732673267327,0.5176601139580227
-315.2475247524752,0.5127262657829705
-315.2277227722773,0.5072993795913406
-315.2079207920792,0.5013850414577415
-315.18811881188117,0.494989390029714
-315.16831683168317,0.48811911884749243
-315.1485148514851,0.4807814795579923
-315.1287128712871,0.4729842862920546
-315.1089108910891,0.464735921537897
-315.0891089108911,0.45604534392333584
-315.0693069306931,0.4469220984221247
-315.049504950495,0.4373763296302631
-315.029702970297,0.42741879892770795
-315.00990099009897,0.41706090656090966
-314.99009900990103,0.4063147199705934
-314.970297029703,0.39519301007080243
-314.950495049505,0.3837092976942618
-314.9306930693069,0.37187791310291907
-314.9108910891089,0.3597140723908064
-314.8910891089109,0.3472339758767314
-314.8712871287129,0.334454935341802
-314.8514851485149,0.32139553942106125
-314.83168316831683,0.30807586992386804
-314.81188118811883,0.2945177868024765
-314.7920792079208,0.2807453066223237
-314.7722772277227,0.26678510979333037
-314.7524752475248,0.2526672271596572
-314.73267326732673,0.2384259793728361
-314.71287128712873,0.22410127671321983
-314.6930693069307,0.20974043860854252
-314.6732673267327,0.19540076967978628
-314.65346534653463,0.1811532442910444
-314.63366336633663,0.1670878164291727
-314.61386138613864,0.1533210877911357
-314.5940594059406,0.14000728736855914
-314.5742574257426,0.12735353685818748
-314.55445544554453,0.11563956893094604
-314.53465346534654,0.10523887306768666
-314.51485148514854,0.09662990543144345
-314.4950495049505,0.09037128371107933
-314.4752475247525,0.08700575722983159
-314.45544554455444,0.08689124270037424
-314.43564356435644,0.09004788608010277
-314.4158415841584,0.09614952960317172
-314.3960396039604,0.10466749015711464
-314.3762376237624,0.11504297418326719
-314.35643564356434,0.12679082168298628
-314.33663366336634,0.13952966302847272
-314.3168316831683,0.15297293597249428
-314.29702970297035,0.16690820824860933
-314.2772277227723,0.1811772708780477
-314.25742574257424,0.19566054297159566
-314.23762376237624,0.21026579706900567
-314.2178217821782,0.22492026806394114
-314.1980198019802,0.2395651854748476
-314.1782178217822,0.25415198006068995
-314.1584158415842,0.26863963336766966
-314.13861386138615,0.2829928073270481
-314.1188118811881,0.2971805094876547
-314.0990099009901,0.3111751295076858
-314.07920792079204,0.32495173581225345
-314.0594059405941,0.3384875566986533
-314.03960396039605,0.3517615937510337
-314.01980198019805,0.3647543312611687
-314.0,0.37744751608760035
-313.98019801980195,0.3898239897400681
-313.96039603960395,0.40186755956950576
-313.94059405940595,0.41356289951041997
-313.92079207920796,0.42489547334650735
-313.9009900990099,0.43585147527598567
-313.8811881188119,0.4464177838576433
-313.86138613861385,0.4565819263707521
-313.8415841584158,0.4663320513231766
-313.82178217821786,0.4756569073632992
-313.8019801980198,0.4845458272422824
-313.7821782178218,0.49298871576859227
-313.76237623762376,0.5009760409218905
-313.74257425742576,0.5084988274664171
-313.7227722772277,0.5155486525376711
-313.7029702970297,0.5221176427806595
-313.6831683168317,0.528198472699553
-313.66336633663366,0.5337843639437759
-313.64356435643566,0.5388690853066247
-313.6237623762376,0.5434469532541798
-313.6039603960396,0.5475128328357297
-313.5841584158416,0.5510621388540277
-313.56435643564356,0.5540908371963912
-313.54455445544556,0.5565954462462623
-313.5247524752475,0.5585730383106484
-313.5049504950495,0.5600212410123808
-313.48514851485146,0.5609382386079317
-313.4653465346535,0.5613227732019296
-313.44554455445547,0.5611741458390912
-313.4257425742574,0.5604922174633353
-313.4059405940594,0.559277409742152
-313.38613861386136,0.5575307057633638
-313.36633663366337,0.5552536506197314
-313.34653465346537,0.5524483519066792
-313.3267326732674,0.5491174801681552
-313.3069306930693,0.5452642693374232
-313.28712871287127,0.5408925172321767
-313.26732673267327,0.5360065861787107
-313.2475247524752,0.5306114038574152
-313.2277227722773,0.5247124644832025
-313.2079207920792,0.5183158304599413
-313.1881188118812,0.5114281346793771
-313.16831683168317,0.5040565836731598
-313.1485148514851,0.4962089618744545
-313.1287128712871,0.48789363730487517
-313.1089108910891,0.479119569077293
-313.0891089108911,0.46989631719990976
-313.0693069306931,0.4602340552875167
-313.0495049504951,0.4501435869412412
-313.029702970297,0.439636366758752
-313.00990099009897,0.4287245271984078
-312.99009900990103,0.4174209128644521
-312.970297029703,0.4057391242350432
-312.950495049505,0.3936935734618509
-312.9306930693069,0.38129955568667573
-312.91089108910893,0.3685733404300036
-312.8910891089109,0.3555322891268577
-312.8712871287129,0.3421950069896699
-312.8514851485149,0.3285815403186737
-312.83168316831683,0.3147136345327276
-312.81188118811883,0.3006150741166323
-312.7920792079208,0.28631213421697144
-312.7722772277228,0.27183418604317305
-312.7524752475248,0.2572145164791476
-312.73267326732673,0.24249144931872796
-312.71287128712873,0.22770989569480415
-312.6930693069307,0.21292352095620834
-312.6732673267327,0.19819780310055293
-312.65346534653463,0.18361438369919028
-312.6336633663367,0.16927728108961632
-312.61386138613864,0.15532172742164466
-312.5940594059406,0.14192650190535588
-312.5742574257426,0.12933032455171245
-312.55445544554453,0.11785126273204134
-312.53465346534654,0.10790336244091078
-312.51485148514854,0.09999467225792501
-312.49504950495054,0.0946781062918365
-312.4752475247525,0.09243067913232689
-312.45544554455444,0.09348945280317042
-312.43564356435644,0.09774953679944648
-312.4158415841584,0.10481219962392639
-312.39603960396045,0.11413956693386279
-312.3762376237624,0.1251998677787581
-312.3564356435644,0.13754286765826862
-312.33663366336634,0.15081630986480857
-312.3168316831683,0.16475404789167758
-312.2970297029703,0.17915677392429633
-312.2772277227723,0.1938742957074602
-312.2574257425743,0.2087917406947278
-312.23762376237624,0.2238195255430103
-312.21782178217825,0.23888626554589368
-312.1980198019802,0.25393380596323323
-312.17821782178214,0.26891373580173406
-312.1584158415842,0.2837849257022227
-312.13861386138615,0.29851177303826854
-312.11881188118815,0.31306293805921714
-312.0990099009901,0.327410423917379
-312.0792079207921,0.34152889997702124
-312.05940594059405,0.3553951991085818
-312.03960396039605,0.36898794078422475
-312.01980198019805,0.3822872461234883
-312.0,0.39527452085174397
-311.980198019802,0.4079322889190286
-311.96039603960395,0.42024406426500516
-311.94059405940595,0.43219425155947494
-311.92079207920796,0.4437680691307795
-311.9009900990099,0.45495148901081855
-311.8811881188119,0.46573119027238824
-311.86138613861385,0.47609452275023867
-311.84158415841586,0.48602947891523435
-311.8217821782178,0.49552467217698337
-311.8019801980198,0.5045693202720956
-311.7821782178218,0.5131532326845633
-311.76237623762376,0.5212668012663358
-311.74257425742576,0.5289009933971277
-311.7227722772277,0.536047347154947
-311.7029702970297,0.5426979680727564
-311.6831683168317,0.5488455271383317
-311.66336633663366,0.5544832597590782
-311.64356435643566,0.5596049654656164
-311.6237623762376,0.5642050081693556
-311.6039603960396,0.5682783168234464
-311.58415841584156,0.5718203863637262
-311.5643564356436,0.5748272788297231
-311.54455445544556,0.57729562458453
-311.5247524752475,0.5792226235686628
-311.5049504950495,0.5806060465371221
-311.48514851485146,0.5814442362409201
-311.46534653465346,0.5817361085254047
-311.44554455445547,0.5814811533277118
-311.42574257425747,0.580679435565182
-311.4059405940594,0.579331595915844
-311.38613861386136,0.5774388515012424
-311.36633663366337,0.5750029964917167
-311.3465346534653,0.5720264026640394
-311.3267326732674,0.5685120199530894
-311.3069306930693,0.5644633770512669
-311.2871287128713,0.5598845821240747
-311.26732673267327,0.5547803237268711
-311.2475247524752,0.54915587202751
-311.2277227722772,0.5430170804632416
-311.2079207920792,0.5363703879886885
-311.1881188118812,0.5292228221063967
-311.16831683168317,0.5215820029141984
-311.1485148514852,0.513456148456156
-311.1287128712871,0.5048540817301588
-311.10891089108907,0.49578523978719274
-311.0891089108911,0.48625968546241155
-311.0693069306931,0.4762881224104681
-311.0495049504951,0.46588191428787507
-311.029702970297,0.45505310914482344
-311.009900990099,0.4438144703734675
-310.990099009901,0.4321795159331325
-310.970297029703,0.42016256806406593
-310.950495049505,0.4077788163546279
-310.9306930693069,0.395044397901528
-310.91089108910893,0.3819764994836723
-310.8910891089109,0.3685934882791677
-310.8712871287129,0.35491507986592546
-310.8514851485149,0.34096255531132513
-310.83168316831683,0.32675904344593554
-310.81188118811883,0.3123298904703544
-310.7920792079208,0.2977031476666211
-310.7722772277228,0.2829102203587647
-310.7524752475247,0.2679867391419724
-310.73267326732673,0.2529737403266132
-310.71287128712873,0.23791928015195274
-310.6930693069307,0.22288066148840727
-310.6732673267327,0.20792752820059301
-310.65346534653463,0.19314618541775772
-310.63366336633663,0.17864562897740735
-310.61386138613864,0.1645658790535789
-310.5940594059406,0.15108919126767403
-310.5742574257426,0.13845423756586253
-310.55445544554453,0.1269716682399149
-310.53465346534654,0.11703529060078828
-310.5148514851485,0.10911539431295861
-310.49504950495054,0.10371269066600053
-310.4752475247525,0.10125725697493708
-310.45544554455444,0.10197606174823864
-310.43564356435644,0.10580589408760299
-310.4158415841584,0.11241948514373487
-310.3960396039604,0.12134319596780317
-310.3762376237624,0.13208249170472292
-310.3564356435644,0.14419890635235433
-310.33663366336634,0.15733629146508152
-310.3168316831683,0.17121761880840758
-310.2970297029703,0.18563088982322487
-310.27722772277224,0.2004138656576443
-310.2574257425743,0.2154411725087504
-310.23762376237624,0.2306144304516683
-310.21782178217825,0.2458550196175671
-310.1980198019802,0.2610988749197153
-310.17821782178214,0.2762927593055787
-310.15841584158414,0.2913915899002616
-310.13861386138615,0.3063565080003518
-310.11881188118815,0.3211534747410947
-310.0990099009901,0.3357522400724885
-310.0792079207921,0.35012557882026807
-310.05940594059405,0.36424871951966786
-310.039603960396,0.37809891370082344
-310.01980198019805,0.3916551084905133
-310.0,0.40489769593626806
-309.980198019802,0.4178083198295375
-309.96039603960395,0.4303697260002054
-309.94059405940595,0.44256564574990914
-309.9207920792079,0.4543807047432635
-309.9009900990099,0.4658003515960697
-309.8811881188119,0.476810801802358
-309.86138613861385,0.48739899367588074
-309.84158415841586,0.4975525537500138
-309.8217821782178,0.5072597696557882
-309.8019801980198,0.5165095689325122
-309.7821782178218,0.5252915025565853
-309.76237623762376,0.5335957322277008
-309.74257425742576,0.5414130206476295
-309.7227722772277,0.548734724179143
-309.7029702970297,0.5555527873918055
-309.68316831683165,0.5618597390954521
-309.6633663366337,0.5676486895365391
-309.64356435643566,0.5729133284920761
-309.6237623762376,0.5776479240437239
-309.6039603960396,0.5818473218530374
-309.58415841584156,0.5855069447905306
-309.56435643564356,0.588622792796944
-309.54455445544556,0.5911914428764006
-309.52475247524757,0.5932100491390037
-309.5049504950495,0.5946763428254896
-309.48514851485146,0.5955886322592614
-309.46534653465346,0.5959458026823087
-309.4455445544554,0.5957473159413587
-309.42574257425747,0.5949932099991899
-309.4059405940594,0.5936840982543587
-309.3861386138614,0.5918211686600768
-309.36633663366337,0.5894061826403975
-309.3465346534653,0.5864414738093631
-309.3267326732673,0.5829299465062951
-309.3069306930693,0.5788750741688178
-309.2871287128713,0.574280897573712
-309.26732673267327,0.5691520229861737
-309.2475247524753,0.5634936202690694
-309.2277227722772,0.5573114210173811
-309.20792079207916,0.55061171679883
-309.1881188118812,0.5434013576005794
-309.16831683168317,0.5356877506051917
-309.1485148514852,0.5274788594473631
-309.1287128712871,0.5187832041381618
-309.1089108910891,0.5096098618876268
-309.08910891089107,0.49996846911214227
-309.0693069306931,0.4898692249835026
-309.0495049504951,0.4793228969670979
-309.029702970297,0.4683408289132342
-309.009900990099,0.4569349524173872
-308.990099009901,0.4451178023642195
-308.970297029703,0.4329025378333117
-308.950495049505,0.4203029698957268
-308.9306930693069,0.4073335983033425
-308.91089108910893,0.39400965971561247
-308.8910891089109,0.38034719099104913
-308.8712871287129,0.3663631122965286
-308.8514851485148,0.35207533650767353
-308.8316831683169,0.3375029138190707
-308.81188118811883,0.32266622400092493
-308.7920792079208,0.3075872338700504
-308.7722772277228,0.2922898451310645
-308.7524752475247,0.2768003691303117
-308.73267326732673,0.2611481824128059
-308.71287128712873,0.2453666438085531
-308.69306930693074,0.22949439592595564
-308.6732673267327,0.2135772410783017
-308.65346534653463,0.19767088990487555
-308.63366336633663,0.1818450565679045
-308.6138613861386,0.16618965825579424
-308.59405940594064,0.15082432367245324
-308.5742574257426,0.13591306546099693
-308.5544554455446,0.12168671006014303
-308.53465346534654,0.108475722810709
-308.5148514851485,0.09675247474369433
-308.4950495049505,0.08716688526441935
-308.4752475247525,0.08052200730988039
-308.4554455445545,0.07759797193348562
-308.43564356435644,0.07881442002184527
-308.41584158415844,0.08398070398890874
-308.3960396039604,0.09241333048912058
-308.37623762376234,0.10328235821360132
-308.3564356435644,0.11586408718659352
-308.33663366336634,0.12961547761357695
-308.31683168316835,0.14415316801541306
-308.2970297029703,0.15921017030975324
-308.2772277227723,0.1745984851921269
-308.25742574257424,0.19018262582024284
-308.23762376237624,0.20586210053364948
-308.21782178217825,0.22156005077693988
-308.1980198019802,0.23721587183431195
-308.1782178217822,0.25278036748056315
-308.15841584158414,0.26821251986745115
-308.13861386138615,0.2834773001187102
-308.11881188118815,0.2985441593982591
-308.0990099009901,0.3133859722215523
-308.0792079207921,0.32797828536646123
-308.05940594059405,0.342298776679746
-308.03960396039605,0.3563268603099832
-308.019801980198,0.37004339560341337
-308.0,0.38343047040400224
-307.980198019802,0.39647123844351967
-307.96039603960395,0.4091497965196406
-307.94059405940595,0.4214510912592273
-307.9207920792079,0.4333608480976377
-307.9009900990099,0.4448655170884001
-307.8811881188119,0.45595223156412873
-307.86138613861385,0.46660877667753564
-307.84158415841586,0.47682356558272687
-307.8217821782178,0.4865856215522587
-307.8019801980198,0.49588456472190084
-307.78217821782175,0.5047106024507907
-307.7623762376238,0.51305452250791
-307.74257425742576,0.520907688465136
-307.7227722772277,0.5282620368073343
-307.7029702970297,0.5351100753701722
-307.68316831683165,0.5414448827949306
-307.66336633663366,0.5472601087507142
-307.64356435643566,0.5525499747235952
-307.62376237623766,0.5573092752107837
-307.6039603960396,0.5615333791896798
-307.58415841584156,0.5652182317571653
-307.56435643564356,0.5683603558555216
-307.5445544554455,0.5709568540194119
-307.52475247524757,0.5730054100931662
-307.5049504950495,0.5745042908808561
-307.4851485148515,0.5754523477032198
-307.46534653465346,0.5758490178461844
-307.4455445544554,0.5756943258955328
-307.4257425742574,0.5749888849621914
-307.4059405940594,0.5737338978118846
-307.3861386138614,0.5719311579232006
-307.36633663366337,0.5695830505084924
-307.34653465346537,0.5666925535436681
-307.3267326732673,0.5632632388657862
-307.30693069306926,0.5592992734121413
-307.2871287128713,0.5548054206914426
-307.26732673267327,0.5497870425977811
-307.2475247524753,0.544250101701831
-307.2277227722772,0.5382011641820622
-307.2079207920792,0.53164740359348
-307.18811881188117,0.5245966057131368
-307.16831683168317,0.5170571747535102
-307.1485148514852,0.5090381412984116
-307.1287128712871,0.5005491723954364
-307.1089108910891,0.49160058433804593
-307.08910891089107,0.482203358795244
-307.0693069306931,0.4723691631045752
-307.0495049504951,0.4621103757455493
-307.029702970297,0.4514401182681334
-307.009900990099,0.4403722952837152
-306.990099009901,0.4289216445569849
-306.970297029703,0.4171037998012811
-306.9504950495049,0.4049353695208244
-306.9306930693069,0.3924340362249477
-306.91089108910893,0.37961868164764373
-306.8910891089109,0.3665095453620729
-306.8712871287129,0.3531284265523114
-306.8514851485148,0.33949894193161356
-306.83168316831683,0.3256468572105318
-306.81188118811883,0.3116005155865401
-306.7920792079208,0.29739139509925056
-306.7722772277228,0.2830548382624207
-306.7524752475247,0.2686310133262368
-306.73267326732673,0.2541661883159584
-306.7128712871287,0.2397144282343822
-306.69306930693074,0.22533986361460692
-306.6732673267327,0.21111972385610434
-306.65346534653463,0.1971483738718753
-306.63366336633663,0.18354261369379168
-306.6138613861386,0.17044843739149157
-306.5940594059406,0.15804916537653713
-306.5742574257426,0.14657410167752927
-306.5544554455446,0.13630522064164854
-306.53465346534654,0.12757652724048604
-306.5148514851485,0.12075730582879145
-306.4950495049505,0.11620986606390567
-306.47524752475243,0.11422117711647056
-306.4554455445545,0.11492856245469228
-306.43564356435644,0.11827747669962496
-306.41584158415844,0.12403831839584525
-306.3960396039604,0.1318712050613738
-306.37623762376234,0.14140111510001943
-306.35643564356434,0.1522730330428829
-306.33663366336634,0.16417935715887738
-306.31683168316835,0.17686655875649954
-306.2970297029703,0.19013088250457974
-306.2772277227723,0.2038100696899757
-306.25742574257424,0.2177747574059265
-306.2376237623762,0.23192101519014116
-306.21782178217825,0.24616436868623884
-306.1980198019802,0.26043520043829155
-306.1782178217822,0.2746752783913342
-306.15841584158414,0.28883515678448407
-306.13861386138615,0.302872233322606
-306.1188118811881,0.3167492936740636
-306.0990099009901,0.3304334161887224
-306.0792079207921,0.34389514299157775
-306.05940594059405,0.3571078487271466
-306.03960396039605,0.37004725672367095
-306.019801980198,0.38269106579847684
-306.0,0.3950186606645783
-305.980198019802,0.4070108859496583
-305.96039603960395,0.4186498689563286
-305.94059405940595,0.42991888002467266
-305.9207920792079,0.44080222209428377
-305.9009900990099,0.4512851430818852
-305.88118811881185,0.4613537661900795
-305.8613861386139,0.47099503438391893
-305.84158415841586,0.48019666611614764
-305.8217821782178,0.4889471200220876
-305.8019801980198,0.4972355667933572
-305.78217821782175,0.5050518668151234
-305.76237623762376,0.5123865524419814
-305.74257425742576,0.5192308140133264
-305.72277227722776,0.5255764888866171
-305.7029702970297,0.5314160529062489
-305.68316831683165,0.5367426138371967
-305.66336633663366,0.5415499063808545
-305.6435643564356,0.5458322884623341
-305.62376237623766,0.549584738536253
-305.6039603960396,0.5528028537057765
-305.5841584158416,0.5554828484886816
-305.56435643564356,0.5576215540974949
-305.5445544554455,0.5592164181283358
-305.5247524752475,0.5602655045773559
-305.5049504950495,0.5607674941249942
-305.4851485148515,0.5607216846471753
-305.46534653465346,0.5601279919304456
-305.44554455445547,0.5589869505851284
-305.4257425742574,0.5572997151669498
-305.40594059405936,0.5550680615351353
-305.3861386138614,0.5522943884923148
-305.36633663366337,0.5489817197717456
-305.34653465346537,0.5451337064584656
-305.3267326732673,0.5407546299558524
-305.3069306930693,0.535849405637935
-305.28712871287127,0.5304235873609309
-305.26732673267327,0.5244833730484665
-305.2475247524753,0.5180356116128467
-305.2277227722772,0.511087811534426
-305.2079207920792,0.5036481514936529
-305.18811881188117,0.49572549354035667
-305.16831683168317,0.4873293993971924
-305.1485148514852,0.4784701506347248
-305.1287128712871,0.46915877363331143
-305.1089108910891,0.45940707047264195
-305.08910891089107,0.4492276571778851
-305.0693069306931,0.43863401112227424
-305.049504950495,0.4276405298652041
-305.0297029702971,0.4162626043293752
-305.009900990099,0.4045167100379192
-304.990099009901,0.3924205212101102
-304.970297029703,0.37999305394341454
-304.9504950495049,0.3672548466163329
-304.9306930693069,0.3542281882044496
-304.91089108910893,0.34093740865226574
-304.89108910891093,0.32740925011571953
-304.8712871287129,0.31367334423693377
-304.8514851485148,0.2997628292402913
-304.83168316831683,0.2857151523377873
-304.8118811881188,0.27157311867220285
-304.79207920792084,0.25738626885657856
-304.7722772277228,0.24321269385639538
-304.7524752475248,0.22912142804569793
-304.73267326732673,0.21519559478665964
-304.7128712871287,0.2015365013433805
-304.6930693069307,0.1882688599838409
-304.6732673267327,0.17554718027399832
-304.6534653465347,0.1635629965524078
-304.63366336633663,0.15255173314028805
-304.61386138613864,0.1427963878795391
-304.5940594059406,0.13462280560379114
-304.57425742574253,0.12837917091435364
-304.5544554455446,0.12439369318092815
-304.53465346534654,0.12291373395262815
-304.51485148514854,0.12404601966905364
-304.4950495049505,0.127727622610213
-304.4752475247525,0.13374484774525977
-304.45544554455444,0.14178849088616344
-304.43564356435644,0.15151638270359497
-304.41584158415844,0.16260030609600207
-304.3960396039604,0.17475088221119991
-304.3762376237624,0.18772518303830732
-304.35643564356434,0.2013245225748275
-304.33663366336634,0.2153881554154504
-304.31683168316835,0.2297861417671926
-304.2970297029703,0.2444128484069485
-304.2772277227723,0.25918156118623914
-304.25742574257424,0.2740202255427485
-304.23762376237624,0.2888681601569497
-304.2178217821782,0.3036735512386238
-304.1980198019802,0.31839155051095175
-304.1782178217822,0.33298283149376695
-304.15841584158414,0.3474124907788488
-304.13861386138615,0.36164920836031966
-304.1188118811881,0.3756646027167026
-304.09900990099015,0.3894327328043524
-304.0792079207921,0.4029297114057064
-304.05940594059405,0.41613340335547244
-304.03960396039605,0.4290231888534488
-304.019801980198,0.44157977699683765
-304.0,0.45378505830068566
-303.980198019802,0.46562198766918744
-303.960396039604,0.47707449128803625
-303.94059405940595,0.48812739241098796
-303.9207920792079,0.4987663521464125
-303.9009900990099,0.508977822208093
-303.88118811881185,0.5187490072492241
-303.8613861386139,0.5280678349011279
-303.84158415841586,0.5369229320262082
-303.82178217821786,0.5453036059962738
-303.8019801980198,0.5531998300429611
-303.78217821782175,0.5606022319126832
-303.76237623762376,0.5675020852049997
-303.74257425742576,0.5738913028905066
-303.72277227722776,0.5797624325978896
-303.7029702970297,0.5851086533356658
-303.6831683168317,0.5899237733753169
-303.66336633663366,0.5942022290734453
-303.6435643564356,0.5979390844518497
-303.62376237623766,0.6011300313897622
-303.6039603960396,0.6037713903117218
-303.5841584158416,0.6058601112801812
-303.56435643564356,0.6073937754239997
-303.54455445544556,0.6083705966540833
-303.5247524752475,0.6087894236352345
-303.5049504950495,0.6086497420006655
-303.4851485148515,0.6079516768118868
-303.46534653465346,0.6066959952832449
-303.44554455445547,0.6048841098071616
-303.4257425742574,0.6025180813340552
-303.4059405940594,0.5996006231800322
-303.3861386138614,0.5961351053571431
-303.36633663366337,0.5921255595447354
-303.34653465346537,0.5875766848486249
-303.3267326732673,0.582493854526848
-303.3069306930693,0.5768831238987787
-303.28712871287127,0.5707512396998268
-303.26732673267327,0.5641056511977003
-303.2475247524753,0.5569545234518752
-303.2277227722772,0.5493067531768843
-303.2079207920792,0.541171987766863
-303.18811881188117,0.5325606481574348
-303.16831683168317,0.5234839563471781
-303.1485148514852,0.5139539685821538
-303.1287128712871,0.5039836154320511
-303.1089108910891,0.49358675026801535
-303.08910891089107,0.4827782080051555
-303.0693069306931,0.47157387641693965
-303.049504950495,0.45999078289033796
-303.0297029702971,0.4480472002024393
-303.009900990099,0.43576277580427475
-302.990099009901,0.4231586902509842
-302.970297029703,0.4102578518887395
-302.9504950495049,0.39708513678598634
-302.9306930693069,0.383667685287673
-302.91089108910893,0.37003526960275307
-302.89108910891093,0.3562207506485746
-302.8712871287129,0.34226064710386106
-302.8514851485148,0.32819584534660223
-302.83168316831683,0.3140724856045262
-302.8118811881188,0.299943066811347
-302.79207920792084,0.28586781921655113
-302.7722772277228,0.2719163972334173
-302.7524752475248,0.2581699402790007
-302.73267326732673,0.24472352698882405
-302.7128712871287,0.2316889915751043
-302.6930693069307,0.21919795349205518
-302.6732673267327,0.20740469516372306
-302.6534653465347,0.19648816647117284
-302.63366336633663,0.1866518863754937
-302.61386138613864,0.17811994144953114
-302.5940594059406,0.171126959505559
-302.57425742574253,0.16590047416094958
-302.5544554455446,0.1626361902134395
-302.53465346534654,0.16147032368409178
-302.51485148514854,0.1624567775873554
-302.4950495049505,0.1655574163716168
-302.4752475247525,0.17064938132796956
-302.45544554455444,0.1775464223454063
-302.43564356435644,0.18602631184536003
-302.41584158415844,0.1958562705809651
-302.3960396039604,0.2068116727245712
-302.3762376237624,0.2186870821565206
-302.35643564356434,0.23130100545290463
-302.33663366336634,0.24449646383413864
-302.31683168316835,0.25813924501838115
-302.2970297029703,0.27211513904537815
-302.2772277227723,0.286326939413112
-302.25742574257424,0.3006916150456356
-302.23762376237624,0.3151378259978147
-302.2178217821782,0.32960382724028614
-302.19801980198025,0.3440357416131065
-302.1782178217822,0.3583861569426801
-302.15841584158414,0.3726129956418906
-302.13861386138615,0.3866786076174864
-302.1188118811881,0.40054904347579295
-302.0990099009901,0.41419347207077845
-302.0792079207921,0.42758371310823823
-302.0594059405941,0.4406938613145258
-302.03960396039605,0.45349998349195914
-302.019801980198,0.4659798736786427
-302.0,0.4781128547344763
-301.98019801980195,0.48987961712672357
-301.960396039604,0.5012620876149823
-301.94059405940595,0.5122433220460123
-301.92079207920796,0.5228074176533314
-301.9009900990099,0.5329394411860907
-301.88118811881185,0.542625369922574
-301.86138613861385,0.5518520432003975
-301.84158415841586,0.5606071225513399
-301.82178217821786,0.5688790588907991
-301.8019801980198,0.5766570655002763
-301.7821782178218,0.5839310957723268
-301.76237623762376,0.590691824872263
-301.7425742574257,0.5969306346211386
-301.72277227722776,0.6026396010249994
-301.7029702970297,0.6078114839745052
-301.6831683168317,0.6124397187192719
-301.66336633663366,0.6165184087877795
-301.64356435643566,0.6200423200781636
-301.6237623762376,0.6230068758907659
-301.6039603960396,0.6254081527112363
-301.5841584158416,0.627242876585025
-301.56435643564356,0.6285084199510603
-301.54455445544556,0.6292027988258009
-301.5247524752475,0.6293246702490896
-301.5049504950495,0.6288733299206823
-301.4851485148515,0.6278487099726168
-301.46534653465346,0.6262513768366198
-301.44554455445547,0.6240825291796672
-301.4257425742574,0.6213439958935347
-301.4059405940594,0.6180382341370558
-301.38613861386136,0.6141683274428861
-301.3663366336634,0.6097379839140449
-301.34653465346537,0.6047515345503587
-301.3267326732673,0.5992139317610682
-301.3069306930693,0.5931307481384008
-301.28712871287127,0.5865081755880267
-301.26732673267327,0.5793530249375246
-301.2475247524753,0.5716727261738134
-301.2277227722773,0.5634753294966375
-301.2079207920792,0.5547695074193582
-301.18811881188117,0.5455645582028655
-301.16831683168317,0.5358704109762041
-301.1485148514851,0.5256976329826812
-301.1287128712872,0.5150574394978832
-301.1089108910891,0.5039617071031207
-301.0891089108911,0.49242299117383864
-301.0693069306931,0.480454548670003
-301.049504950495,0.46807036761191323
-301.029702970297,0.4552852050136456
-301.009900990099,0.4421146355612469
-300.99009900990103,0.42857511400891185
-300.970297029703,0.4146840551899856
-300.950495049505,0.400459936792579
-300.9306930693069,0.38592243176592694
-300.9108910891089,0.3710925795957057
-300.89108910891093,0.35599300899823155
-300.8712871287129,0.3406482292505334
-300.8514851485149,0.3250850140175888
-300.83168316831683,0.30933291108712335
-300.81188118811883,0.2934249252736379
-300.7920792079208,0.2773984420066522
-300.7722772277228,0.2612964889131066
-300.7524752475248,0.2451694766474112
-300.73267326732673,0.22907762479468566
-300.71287128712873,0.21309437214030819
-300.6930693069307,0.19731120094049934
-300.6732673267327,0.1818444714065521
-300.6534653465347,0.16684503035378104
-300.63366336633663,0.15251138731074929
-300.61386138613864,0.1391067319385932
-300.5940594059406,0.1269780037428142
-300.5742574257426,0.11656977063245898
-300.55445544554453,0.10841521675083786
-300.53465346534654,0.10307567938048166
-300.51485148514854,0.10101038307712716
-300.4950495049505,0.10241567966082021
-300.4752475247525,0.10714036391761997
-300.45544554455444,0.11474948054337529
-300.43564356435644,0.12468154705605916
-300.41584158415844,0.13638863514245203
-300.3960396039604,0.14940742917876615
-300.3762376237624,0.16337405286932277
-300.35643564356434,0.17801200554342092
-300.33663366336634,0.19311298273642902
-300.3168316831683,0.2085191542903411
-300.29702970297035,0.22410925612308696
-300.2772277227723,0.2397883915035026
-300.25742574257424,0.2554807638030493
-300.23762376237624,0.27112454724854435
-300.2178217821782,0.2866682649891544
-300.1980198019802,0.3020682166908041
-300.1782178217822,0.3172866358929467
-300.1584158415842,0.33229035711930816
-300.13861386138615,0.34704984186019416
-300.1188118811881,0.3615384596206461
-300.0990099009901,0.37573195213179755
-300.07920792079204,0.389608030484638
-300.0594059405941,0.40314606973662787
-300.03960396039605,0.4163268757223511
-300.01980198019805,0.4291325058694408
-300.0,0.44154613077942967
-299.98019801980195,0.4535519268441297
-299.96039603960395,0.4651349926796779
-299.94059405940595,0.47628128397383995
-299.92079207920796,0.486977562664585
-299.9009900990099,0.4972113573407103
-299.8811881188119,0.5069709324776412
-299.86138613861385,0.5162452646624309
-299.8415841584158,0.5250240243704262
-299.82178217821786,0.5332975621669119
-299.8019801980198,0.5410568984459356
-299.7821782178218,0.5482937160028761
-299.76237623762376,0.5550003548816479
-299.74257425742576,0.5611698090503525
-299.7227722772277,0.5667957245493657
-299.7029702970297,0.5718723988275598
-299.6831683168317,0.5763947810407369
-299.66336633663366,0.5803584731340712
-299.64356435643566,0.5837597315700188
-299.6237623762376,0.586595469596519
-299.6039603960396,0.5888632599794664
-299.5841584158416,0.5905613381486073
-299.56435643564356,0.5916886057292939
-299.54455445544556,0.5922446344539328
-299.5247524752475,0.5922296704677948
-299.5049504950495,0.5916446390644625
-299.48514851485146,0.5904911499072939
-299.46534653465346,0.5887715028159106
-299.44554455445547,0.5864886942207966
-299.4257425742574,0.583646424416217
-299.4059405940594,0.5802491057722247
-299.38613861386136,0.5763018721013858
-299.36633663366337,0.5718105894166947
-299.34653465346537,0.566781868364822
-299.3267326732673,0.5612230786754813
-299.3069306930693,0.5551423660349941
-299.28712871287127,0.5485486718730038
-299.26732673267327,0.5414517566485366
-299.2475247524752,0.5338622273396618
-299.2277227722773,0.5257915699837024
-299.2079207920792,0.5172521882900529
-299.18811881188117,0.5082574495606803
-299.16831683168317,0.49882173941557534
-299.1485148514851,0.48896052714214794
-299.1287128712871,0.47869044388443804
-299.1089108910891,0.46802937637693914
-299.0891089108911,0.4569965795316397
-299.0693069306931,0.4456128119315337
-299.049504950495,0.4339004992004937
-299.029702970297,0.4218839313440353
-299.00990099009897,0.40958950152603657
-298.99009900990103,0.3970459954000573
-298.970297029703,0.38428494207726155
-298.950495049505,0.37134104008535285
-298.9306930693069,0.35825267419632784
-298.9108910891089,0.34506254160351446
-298.8910891089109,0.33181840823167535
-298.8712871287129,0.3185740172251261
-298.8514851485149,0.3053901705205458
-298.83168316831683,0.29233599851727876
-298.81188118811883,0.27949041831840515
-298.7920792079208,0.2669437517498386
-298.7722772277227,0.25479942156227847
-298.7524752475248,0.24317555656458506
-298.73267326732673,0.23220620257542446
-298.71287128712873,0.22204165200349066
-298.6930693069307,0.21284718965992602
-298.6732673267327,0.20479937351985567
-298.65346534653463,0.1980789676439306
-298.63366336633663,0.19286002729664786
-298.61386138613864,0.1892955794785335
-298.5940594059406,0.18750177713505758
-298.5742574257426,0.18754380496223202
-298.55445544554453,0.18942728083540727
-298.53465346534654,0.19309775661397904
-298.51485148514854,0.19844845560923963
-298.4950495049505,0.20533384841320806
-298.4752475247525,0.21358537321048388
-298.45544554455444,0.22302593489900543
-298.43564356435644,0.23348116024131169
-298.4158415841584,0.24478683895357203
-298.39603960396045,0.25679297378318244
-298.3762376237624,0.26936529235520995
-298.35643564356434,0.282385101727673
-298.33663366336634,0.2957482010017929
-298.3168316831683,0.3093633550793224
-298.2970297029703,0.32315064669869376
-298.2772277227723,0.337039886683378
-298.2574257425743,0.3509691714852356
-298.23762376237624,0.36488362178681644
-298.2178217821782,0.37873430486525894
-298.1980198019802,0.392477327673356
-298.17821782178214,0.4060730809188163
-298.1584158415842,0.419485612793406
-298.13861386138615,0.4326821119631275
-298.11881188118815,0.44563248155194707
-298.0990099009901,0.4583089883469064
-298.07920792079204,0.47068597391395495
-298.05940594059405,0.482739616552303
-298.03960396039605,0.4944477349602789
-298.01980198019805,0.5057896261310794
-298.0,0.5167459313641916
-297.980198019802,0.527298525402982
-297.96039603960395,0.5374304246272977
-297.9405940594059,0.5471257109764659
-297.92079207920796,0.5563694688846652
-297.9009900990099,0.5651477330020779
-297.8811881188119,0.5734474448743008
-297.86138613861385,0.581256417076809
-297.84158415841586,0.5885633035651776
-297.8217821782178,0.595357575217378
-297.8019801980198,0.6016294997208005
-297.7821782178218,0.6073701251018768
-297.76237623762376,0.6125712663156408
-297.74257425742576,0.6172254944120483
-297.7227722772277,0.621326127878485
-297.7029702970297,0.6248672258276488
-297.6831683168317,0.6278435827585259
-297.66336633663366,0.6302507246688455
-297.64356435643566,0.6320849063406907
-297.6237623762376,0.6333431096591701
-297.6039603960396,0.6340230428583129
-297.58415841584156,0.6341231406191539
-297.5643564356436,0.6336425649742857
-297.54455445544556,0.6325812070006459
-297.5247524752475,0.6309396893098943
-297.5049504950495,0.6287193693732965
-297.48514851485146,0.6259223437471646
-297.46534653465346,0.6225514532957754
-297.44554455445547,0.6186102895428426
-297.42574257425747,0.6141032023207272
-297.4059405940594,0.6090353089301946
-297.38613861386136,0.6034125050739582
-297.36633663366337,0.597241477886388
-297.3465346534653,0.5905297214520125
-297.3267326732674,0.5832855552891315
-297.3069306930693,0.5755181463759319
-297.2871287128713,0.5672375354186148
-297.26732673267327,0.5584546682101883
-297.2475247524752,0.549181433110708
-297.2277227722772,0.5394307059041702
-297.2079207920792,0.5292164035637335
-297.1881188118812,0.5185535487999401
-297.16831683168317,0.5074583476921946
-297.1485148514852,0.4959482832346107
-297.1287128712871,0.48404222828943394
-297.10891089108907,0.4717605822694447
-297.0891089108911,0.4591254369062076
-297.0693069306931,0.4461607777551393
-297.0495049504951,0.43289272970127846
-297.029702970297,0.4193498567295159
-297.009900990099,0.4055635286814212
-296.990099009901,0.3915683706999756
-296.970297029703,0.3774028145912934
-296.950495049505,0.36310977535373273
-296.9306930693069,0.3487374804085538
-296.91089108910893,0.3343404830416386
-296.8910891089109,0.31998089403590435
-296.8712871287129,0.30572986414068104
-296.8514851485149,0.2916693407377717
-296.83168316831683,0.2778940977399178
-296.81188118811883,0.2645139870448283
-296.7920792079208,0.2516562661137214
-296.7722772277228,0.23946769839306148
-296.7524752475247,0.22811588246733847
-296.73267326732673,0.21778894413836325
-296.71287128712873,0.20869238453800043
-296.6930693069307,0.2010416922997751
-296.6732673267327,0.19504961917465252
-296.65346534653463,0.19090815838333414
-296.63366336633663,0.1887673477595022
-296.61386138613864,0.1887153920847407
-296.5940594059406,0.19076578294051894
-296.5742574257426,0.19485570728918702
-296.55445544554453,0.2008562649956312
-296.53465346534654,0.2085909456861895
-296.5148514851485,0.21785678322578403
-296.49504950495054,0.22844327334739947
-296.4752475247525,0.24014636724345098
-296.45544554455444,0.2527770762482805
-296.43564356435644,0.2661655826590442
-296.4158415841584,0.28016221050920487
-296.3960396039604,0.29463650927273616
-296.3762376237624,0.3094753859598153
-296.3564356435644,0.3245808927883383
-296.33663366336634,0.3398680207208798
-296.3168316831683,0.3552626756794752
-296.2970297029703,0.3706999085401912
-296.27722772277224,0.3861224111794217
-296.2574257425743,0.4014792614016844
-296.23762376237624,0.4167248872351194
-296.21782178217825,0.4318182180036416
-296.1980198019802,0.44672199110705796
-296.17821782178214,0.4614021869327074
-296.15841584158414,0.4758275683839571
-296.13861386138615,0.4899693054517515
-296.11881188118815,0.5038006687752701
-296.0990099009901,0.5172967791429008
-296.0792079207921,0.5304344023826949
-296.05940594059405,0.5431917811331604
-296.039603960396,0.5555484966376456
-296.01980198019805,0.5674853550342035
-296.0,0.578984293677884
-295.980198019802,0.5900283038847736
-295.96039603960395,0.6006013671692784
-295.94059405940595,0.6106884025927869
-295.9207920792079,0.6202752232803677
-295.9009900990099,0.6293485005150241
-295.8811881188119,0.6378957341035509
-295.86138613861385,0.6459052279381964
-295.84158415841586,0.6533660698651381
-295.8217821782178,0.660268115123028
-295.8019801980198,0.6666019727391622
-295.7821782178218,0.6723589943729245
-295.76237623762376,0.6775312651804938
-295.74257425742576,0.6821115963442506
-295.7227722772277,0.6860935189685831
-295.7029702970297,0.6894712790921519
-295.68316831683165,0.6922398336077346
-295.66336633663366,0.6943948469153984
-295.64356435643566,0.6959326881645556
-295.6237623762376,0.6968504289661499
-295.6039603960396,0.6971458414787438
-295.58415841584156,0.6968173967924703
-295.56435643564356,0.6958642635528998
-295.54455445544556,0.6942863067837198
-295.5247524752475,0.6920840868832602
-295.5049504950495,0.6892588587853057
-295.48514851485146,0.6858125712903677
-295.46534653465346,0.6817478665898339
-295.4455445544554,0.6770680800223964
-295.42574257425747,0.6717772401211186
-295.4059405940594,0.6658800690303963
-295.38613861386136,0.6593819833959791
-295.36633663366337,0.6522890958592711
-295.3465346534653,0.6446082173198403
-295.3267326732673,0.6363468601696746
-295.3069306930693,0.6275132427503912
-295.2871287128713,0.6181162953428878
-295.26732673267327,0.6081656680709032
-295.2475247524752,0.5976717411894077
-295.2277227722772,0.5866456383406989
-295.20792079207916,0.5750992435022468
-295.1881188118812,0.5630452225297966
-295.16831683168317,0.5504970504285205
-295.1485148514852,0.5374690457801816
-295.1287128712871,0.5239764141373398
-295.10891089108907,0.5100353026952542
-295.08910891089107,0.4956628692098303
-295.0693069306931,0.4808773690011088
-295.0495049504951,0.46569826504543355
-295.029702970297,0.4501463677250053
-295.009900990099,0.4342440129280457
-294.990099009901,0.4180152900973542
-294.9702970297029,0.4014863358299892
-294.950495049505,0.38468571419449893
-294.9306930693069,0.3676449127206992
-294.91089108910893,0.3503989939900185
-294.8910891089109,0.3329874582973396
-294.8712871287129,0.31545539493118113
-294.8514851485148,0.2978550309442412
-294.83168316831683,0.28024783039447165
-294.81188118811883,0.26270735795502737
-294.7920792079208,0.24532320147890682
-294.7722772277228,0.22820634562121986
-294.7524752475247,0.21149648119681358
-294.73267326732673,0.19537175067871038
-294.71287128712873,0.18006117904521934
-294.6930693069307,0.16585908970695146
-294.6732673267327,0.1531383502172395
-294.65346534653463,0.14235433257251354
-294.63366336633663,0.13402435506206356
-294.6138613861386,0.1286639377447816
-294.59405940594064,0.1266757786653118
-294.5742574257426,0.12822831366138399
-294.55445544554453,0.13319596513394355
-294.53465346534654,0.1412049324310802
-294.5148514851485,0.1517503687523842
-294.4950495049505,0.16431211224293654
-294.4752475247525,0.17842547402836167
-294.4554455445545,0.19370684733993468
-294.43564356435644,0.20985219351145915
-294.4158415841584,0.22662454940041965
-294.3960396039604,0.24383957450172197
-294.37623762376234,0.26135281684944484
-294.3564356435644,0.27904963143528044
-294.33663366336634,0.29683758319002035
-294.31683168316835,0.3146408502332926
-294.2970297029703,0.3323961358372802
-294.27722772277224,0.3500496846222509
-294.25742574257424,0.3675550967341384
-294.23762376237624,0.38487171680871496
-294.21782178217825,0.40196343782813126
-294.1980198019802,0.41879780602046934
-294.1782178217822,0.4353453457231286
-294.15841584158414,0.45157904624637113
-294.1386138613861,0.46747396904760913
-294.11881188118815,0.4830069450136604
-294.0990099009901,0.49815633979428864
-294.0792079207921,0.5129018709457226
-294.05940594059405,0.5272244648239924
-294.03960396039605,0.5411061441982515
-294.019801980198,0.5545299397673561
-294.0,0.5674798203933803
-293.980198019802,0.5799406380751605
-293.96039603960395,0.5918980845906083
-293.94059405940595,0.6033386574184709
-293.9207920792079,0.6142496330691047
-293.90099009900996,0.6246190463499264
-293.8811881188119,0.63443567439735
-293.86138613861385,0.6436890245439456
-293.84158415841586,0.6523693252752706
-293.8217821782178,0.6604675196764703
-293.8019801980198,0.667975260884718
-293.7821782178218,0.6748849091557236
-293.7623762376238,0.6811895302270516
-293.74257425742576,0.6868828947211791
-293.7227722772277,0.6919594783806885
-293.7029702970297,0.6964144629688664
-293.68316831683165,0.7002437377032927
-293.6633663366337,0.7034439011189688
-293.64356435643566,0.7060122632829088
-293.62376237623766,0.7079468483040522
-293.6039603960396,0.7092463971026135
-293.58415841584156,0.7099103704211147
-293.56435643564356,0.7099389520773127
-293.54455445544556,0.7093330524760365
-293.52475247524757,0.7080943124145955
-293.5049504950495,0.7062251072340786
-293.4851485148515,0.7037285513882231
-293.46534653465346,0.7006085035219379
-293.4455445544554,0.6968695721749434
-293.42574257425747,0.6925171222516728
-293.4059405940594,0.6875572824283624
-293.3861386138614,0.6819969537026551
-293.36633663366337,0.675843819331039
-293.34653465346537,0.669106356446637
-293.3267326732673,0.6617938497059138
-293.3069306930693,0.6539164073791932
-293.2871287128713,0.6454849803799658
-293.26732673267327,0.636511384823512
-293.2475247524753,0.6270083288215254
-293.2277227722772,0.6169894443594485
-293.2079207920792,0.6064693252740586
-293.1881188118812,0.5954635725565703
-293.16831683168317,0.5839888484612062
-293.1485148514852,0.5720629412102998
-293.1287128712871,0.5597048424698646
-293.1089108910891,0.5469348402394175
-293.08910891089107,0.5337746303781162
-293.0693069306931,0.5202474507000107
-293.0495049504951,0.5063782424436111
-293.029702970297,0.4921938449885796
-293.009900990099,0.47772323099047437
-292.990099009901,0.46299779067017155
-292.970297029703,0.44805167585471933
-292.950495049505,0.4329222165288376
-292.9306930693069,0.4176504250813849
-292.91089108910893,0.40228160598831336
-292.8910891089109,0.38686609106600195
-292.8712871287129,0.37146012206395634
-292.8514851485148,0.356126902153043
-292.8316831683169,0.3409378338989402
-292.81188118811883,0.3259739504133595
-292.7920792079208,0.31132752351145754
-292.7722772277228,0.2971037903804591
-292.7524752475247,0.28342266834569196
-292.73267326732673,0.27042021425852364
-292.71287128712873,0.25824942250506816
-292.69306930693074,0.24707974963878837
-292.6732673267327,0.23709454469953004
-292.65346534653463,0.2284854539022803
-292.63366336633663,0.22144303280484082
-292.6138613861386,0.21614344635199903
-292.59405940594064,0.2127323573160284
-292.5742574257426,0.21130863548311118
-292.5544554455446,0.2119116358779494
-292.53465346534654,0.2145156045573752
-292.5148514851485,0.21903294338383938
-292.4950495049505,0.2253253400270451
-292.4752475247525,0.2332195608699841
-292.4554455445545,0.24252403507937403
-292.43564356435644,0.2530431859119965
-292.41584158415844,0.26458797804639894
-292.3960396039604,0.27698251419009406
-292.37623762376234,0.29006733101691534
-292.3564356435644,0.3037003270640424
-292.33663366336634,0.31775620005318034
-292.31683168316835,0.33212507361755556
-292.2970297029703,0.3467107776120176
-292.2772277227723,0.3614290676977702
-292.25742574257424,0.37620594207567976
-292.23762376237624,0.39097613016936794
-292.21782178217825,0.4056817782110051
-292.1980198019802,0.42027132913566445
-292.1782178217822,0.4346985805752781
-292.15841584158414,0.44892189931595183
-292.13861386138615,0.4629035696665497
-292.11881188118815,0.47660925455035696
-292.0990099009901,0.4900075504849313
-292.0792079207921,0.5030696202469801
-292.05940594059405,0.515768889566314
-292.03960396039605,0.5280807964886357
-292.019801980198,0.5399825840347597
-292.0,0.5514531284625795
-291.980198019802,0.562472796833958
-291.96039603960395,0.5730233287373634
-291.94059405940595,0.5830877379569416
-291.9207920792079,0.5926502306442052
-291.9009900990099,0.6016961371716161
-291.8811881188119,0.6102118553536846
-291.86138613861385,0.6181848031334023
-291.84158415841586,0.6256033791674968
-291.8217821782178,0.6324569300184788
-291.8019801980198,0.6387357228857079
-291.78217821782175,0.644430922992652
-291.7623762376238,0.649534574899585
-291.74257425742576,0.6540395871374008
-291.7227722772277,0.6579397196636638
-291.7029702970297,0.6612295737305109
-291.68316831683165,0.6639045838290601
-291.66336633663366,0.6659610114393154
-291.64356435643566,0.6673959403701503
-291.62376237623766,0.6682072735233366
-291.6039603960396,0.6683937309592681
-291.58415841584156,0.667954849182844
-291.56435643564356,0.6668909816058632
-291.5445544554455,0.6652033001790594
-291.52475247524757,0.6628937982236813
-291.5049504950495,0.6599652945300806
-291.4851485148515,0.6564214388303783
-291.46534653465346,0.6522667187954228
-291.4455445544554,0.6475064687535996
-291.4257425742574,0.6421468803830727
-291.4059405940594,0.636195015690748
-291.3861386138614,0.6296588226632124
-291.36633663366337,0.6225471540596896
-291.34653465346537,0.6148697899179523
-291.3267326732673,0.6066374644646101
-291.30693069306926,0.5978618982670411
-291.2871287128713,0.5885558366401045
-291.26732673267327,0.5787330955358263
-291.2475247524753,0.568408616406287
-291.2277227722772,0.55759853185144
-291.2079207920792,0.5463202442589914
-291.18811881188117,0.5345925201299152
-291.16831683168317,0.5224356033836762
-291.1485148514852,0.5098713516775711
-291.1287128712871,0.4969234006870569
-291.1089108910891,0.4836173624164656
-291.08910891089107,0.4699810649827034
-291.0693069306931,0.45604484298357945
-291.0495049504951,0.44184188956464954
-291.029702970297,0.4274086836572989
-291.009900990099,0.41278550855471013
-290.990099009901,0.3980170809176572
-290.970297029703,0.3831533121908317
-290.9504950495049,0.36825022670483043
-290.930693069307,0.35337106137567065
-290.91089108910893,0.33858756898926123
-290.8910891089109,0.3239815373304349
-290.8712871287129,0.30964651463310067
-290.8514851485148,0.29568968998956047
-290.83168316831683,0.28223380430391687
-290.81188118811883,0.26941884974867064
-290.79207920792084,0.2574031424033579
-290.7722772277228,0.24636312651600667
-290.7524752475247,0.23649102823001286
-290.73267326732673,0.22798932709384728
-290.7128712871287,0.2210611479587826
-290.69306930693074,0.21589633474792003
-290.6732673267327,0.21265427822087557
-290.6534653465347,0.21144627588150297
-290.63366336633663,0.21232150582944434
-290.6138613861386,0.21526057538674234
-290.5940594059406,0.22017863757340708
-290.5742574257426,0.22693705523703694
-290.5544554455446,0.23536013265942113
-290.53465346534654,0.24525269314813927
-290.51485148514854,0.2564152075526256
-290.4950495049505,0.2686548496642814
-290.47524752475243,0.2817923392039344
-290.4554455445545,0.2956653016290618
-290.43564356435644,0.31012915743268454
-290.41584158415844,0.3250564772118134
-290.3960396039604,0.3403355176653619
-290.3762376237624,0.3558684199978479
-290.35643564356434,0.3715693627022807
-290.33663366336634,0.38736282711031944
-290.31683168316835,0.40318204853258816
-290.2970297029703,0.4189676752395129
-290.2772277227723,0.4346666300883412
-290.25742574257424,0.4502311564013049
-290.23762376237624,0.46561802474462016
-290.21782178217825,0.480787876767983
-290.1980198019802,0.49570468397337486
-290.1782178217822,0.5103353019005973
-290.15841584158414,0.5246491030449109
-290.13861386138615,0.538617674512043
-290.1188118811881,0.5522145688132901
-290.09900990099015,0.5654150982631885
-290.0792079207921,0.5781961651714387
-290.05940594059405,0.5905361214516252
-290.03960396039605,0.6024146524424018
-290.019801980198,0.613812680693029
-290.0,0.6247122862423679
-289.980198019802,0.6350966405506978
-289.960396039604,0.6449499517551325
-289.94059405940595,0.6542574193347802
-289.9207920792079,0.6630051966089766
-289.9009900990099,0.6711803597672755
-289.88118811881185,0.6787708823543998
-289.8613861386139,0.6857656143173975
-289.84158415841586,0.6921542648739899
-289.82178217821786,0.6979273885859565
-289.8019801980198,0.7030763741253053
-289.78217821782175,0.7075934353077394
-289.76237623762376,0.7114716040405846
-289.74257425742576,0.7147047248942789
-289.72277227722776,0.717287451058847
-289.7029702970297,0.7192152414929633
-289.6831683168317,0.7204843591125933
-289.66336633663366,0.7210918699025118
-289.6435643564356,0.7210356428661191
-289.62376237623766,0.7203143507595489
-289.6039603960396,0.7189274715849724
-289.5841584158416,0.7168752908468176
-289.56435643564356,0.7141589046034513
-289.54455445544556,0.7107802233774724
-289.5247524752475,0.706741977020314
-289.5049504950495,0.702047720662685
-289.4851485148515,0.6967018419231832
-289.46534653465346,0.6907095695935698
-289.44554455445547,0.6840769840735182
-289.4257425742574,0.6768110298916893
-289.4059405940594,0.6689195307262322
-289.3861386138614,0.6604112074302385
-289.36633663366337,0.6512956996793495
-289.34653465346537,0.6415835919959844
-289.3267326732673,0.6312864450734247
-289.3069306930693,0.6204168335320411
-289.28712871287127,0.6089883915005355
-289.26732673267327,0.5970158677409707
-289.2475247524753,0.5845151924467866
-289.2277227722772,0.571503558361242
-289.2079207920792,0.5579995195220443
-289.18811881188117,0.5440231117768701
-289.16831683168317,0.5295960002884504
-289.1485148514852,0.5147416606266021
-289.1287128712871,0.4994856018204364
-289.1089108910891,0.4838556420351105
-289.08910891089107,0.4678822504953389
-289.0693069306931,0.45159897309335434
-289.049504950495,0.4350429640210589
-289.0297029702971,0.41825565201804676
-289.009900990099,0.40128357769072737
-288.990099009901,0.3841794480178728
-288.970297029703,0.3670034655409518
-288.9504950495049,0.3498250021476463
-288.9306930693069,0.3327246987487767
-288.91089108910893,0.31579707777744337
-288.89108910891093,0.29915374544881446
-288.8712871287129,0.2829272161940615
-288.8514851485148,0.2672752789895961
-288.83168316831683,0.25238559029016466
-288.8118811881188,0.23847974704188
-288.79207920792084,0.22581539788807015
-288.7722772277228,0.2146840158507112
-288.7524752475248,0.2054010838413628
-288.73267326732673,0.19828545003192585
-288.7128712871287,0.19362678086864588
-288.6930693069307,0.19164519147628858
-288.6732673267327,0.19245367909874103
-288.6534653465347,0.19603711460175632
-288.63366336633663,0.20225673156361967
-288.61386138613864,0.2108779660045141
-288.5940594059406,0.22161003222521528
-288.57425742574253,0.23414395757068523
-288.5544554455446,0.24818080006073356
-288.53465346534654,0.2634481388697369
-288.51485148514854,0.279706953059114
-288.4950495049505,0.2967522267902744
-288.4752475247525,0.31441019644140455
-288.45544554455444,0.33253422553347667
-288.43564356435644,0.3510004518312285
-288.41584158415844,0.36970376891929496
-288.3960396039604,0.3885543594312111
-288.3762376237624,0.40747481581068745
-288.35643564356434,0.4263978012782534
-288.33663366336634,0.4452641735798722
-288.31683168316835,0.46402149015864963
-288.2970297029703,0.48262282081964175
-288.2772277227723,0.5010258051930645
-288.25742574257424,0.5191919037901361
-288.23762376237624,0.5370858017179815
-288.2178217821782,0.5546749327309896
-288.1980198019802,0.5719290982620154
-288.1782178217822,0.5888201615996373
-288.15841584158414,0.6053218017038169
-288.13861386138615,0.6214093145206216
-288.1188118811881,0.6370594522704122
-288.0990099009901,0.6522502932119302
-288.0792079207921,0.6669611359590065
-288.05940594059405,0.6811724136519391
-288.03960396039605,0.694865624241586
-288.019801980198,0.708023273892988
-288.0,0.7206288311039352
-287.98019801980195,0.7326666895983175
-287.960396039604,0.7441221384226199
-287.94059405940595,0.7549813379670223
-287.9207920792079,0.7652313008673387
-287.9009900990099,0.7748598769325137
-287.88118811881185,0.7838557413949121
-287.86138613861385,0.7922083859041882
-287.84158415841586,0.7999081117866885
-287.82178217821786,0.806946025175243
-287.8019801980198,0.8133140336826526
-287.78217821782175,0.8190048443495217
-287.76237623762376,0.8240119626447501
-287.7425742574257,0.8283296923377059
-287.72277227722776,0.8319531360959004
-287.7029702970297,0.834878196692124
-287.6831683168317,0.8371015787316991
-287.66336633663366,0.8386207908343138
-287.6435643564356,0.8394341482268471
-287.6237623762376,0.8395407757240914
-287.6039603960396,0.8389406110941457
-287.5841584158416,0.8376344088245149
-287.56435643564356,0.8356237443249346
-287.54455445544556,0.8329110186234385
-287.5247524752475,0.8294994636338725
-287.50495049504946,0.825393148097213
-287.4851485148515,0.8205969843250158
-287.46534653465346,0.8151167359034429
-287.44554455445547,0.8089590265496501
-287.4257425742574,0.802131350352021
-287.4059405940594,0.7946420836707008
-287.38613861386136,0.7865004990285416
-287.36633663366337,0.7777167813857564
-287.34653465346537,0.7683020472661481
-287.3267326732673,0.7582683672928979
-287.3069306930693,0.7476287927985273
-287.28712871287127,0.7363973873034851
-287.26732673267327,0.7245892638134452
-287.2475247524753,0.7122206290748828
-287.2277227722772,0.6993088361583445
-287.2079207920792,0.6858724470186695
-287.18811881188117,0.6719313070238389
-287.16831683168317,0.6575066338618227
-287.1485148514851,0.6426211237467536
-287.1287128712872,0.6272990784723066
-287.1089108910891,0.6115665576267254
-287.08910891089107,0.5954515612197648
-287.0693069306931,0.5789842491104551
-287.049504950495,0.562197205000105
-287.029702970297,0.5451257544018397
-287.009900990099,0.5278083479381673
-286.99009900990103,0.510287023550728
-286.970297029703,0.49260796367845977
-286.9504950495049,0.4748221660206899
-286.9306930693069,0.45698624882365135
-286.9108910891089,0.43916341308203355
-286.89108910891093,0.42142458349392686
-286.8712871287129,0.40384974549663033
-286.8514851485149,0.386529484041507
-286.83168316831683,0.3695667059332029
-286.8118811881188,0.35307848421681165
-286.7920792079208,0.33719789041555615
-286.7722772277228,0.32207556728475645
-286.7524752475248,0.3078806330612546
-286.73267326732673,0.2948003030294809
-286.71287128712873,0.2830374022645386
-286.6930693069307,0.27280481742564444
-286.6732673267326,0.2643160593047266
-286.6534653465347,0.2577716842165139
-286.63366336633663,0.2533424664890035
-286.61386138613864,0.2511517404864495
-286.5940594059406,0.251260606706628
-286.5742574257426,0.2536598436518877
-286.55445544554453,0.2582708858690747
-286.53465346534654,0.2649555904525017
-286.51485148514854,0.27353201392535104
-286.4950495049505,0.2837922525488981
-286.4752475247525,0.2955188296439155
-286.45544554455444,0.30849751212447885
-286.43564356435644,0.3225259325759268
-286.41584158415844,0.33741843323713033
-286.3960396039604,0.35300802312226703
-286.3762376237624,0.36914639749000655
-286.35643564356434,0.3857028130167425
-286.33663366336634,0.4025623938076701
-286.3168316831683,0.4196242432868036
-286.29702970297035,0.43679958380579925
-286.2772277227723,0.45401004072562323
-286.25742574257424,0.47118612133410526
-286.23762376237624,0.48826590004670645
-286.2178217821782,0.5051939004157281
-286.1980198019802,0.5219201546213981
-286.1782178217822,0.5383994176928492
-286.1584158415842,0.5545905137722859
-286.13861386138615,0.57045579352022
-286.1188118811881,0.5859606842429945
-286.0990099009901,0.6010733169490375
-286.07920792079204,0.6157642170232583
-286.0594059405941,0.6300060474267455
-286.03960396039605,0.6437733952418484
-286.01980198019805,0.6570425939982014
-286.0,0.6697915755610763
-285.98019801980195,0.6819997464738081
-285.96039603960395,0.6936478845580174
-285.94059405940595,0.7047180523209213
-285.92079207920796,0.7151935243284778
-285.9009900990099,0.7250587261998568
-285.8811881188119,0.7342991832855079
-285.86138613861385,0.7429014774226085
-285.8415841584158,0.7508532104338839
-285.82178217821786,0.758142973259138
-285.8019801980198,0.7647603197922559
-285.7821782178218,0.7706957446483551
-285.76237623762376,0.7759406642109542
-285.74257425742576,0.7804874004136189
-285.7227722772277,0.7843291667970752
-285.7029702970297,0.7874600564561847
-285.6831683168317,0.7898750315519317
-285.66336633663366,0.7915699141160407
-285.64356435643566,0.7925413779197474
-285.6237623762376,0.7927869412166606
-285.6039603960396,0.7923049602025417
-285.5841584158416,0.7910946230641193
-285.56435643564356,0.7891559445148979
-285.54455445544556,0.7864897607397188
-285.5247524752475,0.7830977246917723
-285.5049504950495,0.7789823017066206
-285.48514851485146,0.774146765418538
-285.46534653465346,0.7685951939849748
-285.44554455445547,0.762332466646895
-285.4257425742574,0.7553642606755181
-285.4059405940594,0.7476970487821759
-285.38613861386136,0.7393380970965838
-285.36633663366337,0.7302954638527405
-285.34653465346537,0.7205779989614245
-285.3267326732673,0.7101953446959067
-285.3069306930693,0.699157937775603
-285.28712871287127,0.6874770132041432
-285.26732673267327,0.6751646103071035
-285.2475247524752,0.662233581527082
-285.2277227722773,0.6486976046753995
-285.2079207920792,0.6345711995215344
-285.18811881188117,0.6198697498353943
-285.16831683168317,0.6046095323015569
-285.1485148514851,0.5888077541231772
-285.1287128712871,0.5724826016595082
-285.1089108910891,0.5556533031419834
-285.0891089108911,0.5383402094565081
-285.0693069306931,0.5205648982575053
-285.049504950495,0.5023503084299056
-285.029702970297,0.483720914336054
-285.00990099009897,0.46470295266746053
-284.99009900990103,0.4453247194992515
-284.970297029703,0.4256169619682001
-284.950495049505,0.4056133988483703
-284.9306930693069,0.3853514186887254
-284.9108910891089,0.36487302542600497
-284.8910891089109,0.34422613308650224
-284.8712871287129,0.32346635889533143
-284.8514851485149,0.30265953631699677
-284.83168316831683,0.2818852788738053
-284.81188118811883,0.2612420895067974
-284.7920792079208,0.24085474885377323
-284.7722772277227,0.2208850385403867
-284.7524752475248,0.2015472132147271
-284.73267326732673,0.18312977558100357
-284.71287128712873,0.1660242035621102
-284.6930693069307,0.15075716435885675
-284.6732673267327,0.13801125919203067
-284.65346534653463,0.12859743809790855
-284.63366336633663,0.12332447943688613
-284.61386138613864,0.12275211139876503
-284.5940594059406,0.1269499915341561
-284.5742574257426,0.13546423340352948
-284.55445544554453,0.14752379812561925
-284.53465346534654,0.16230317984561551
-284.51485148514854,0.17908408270506487
-284.4950495049505,0.19730332010502213
-284.4752475247525,0.21653964319510816
-284.45544554455444,0.2364824003860033
-284.43564356435644,0.2569014381325563
-284.4158415841584,0.2776236547130314
-284.3960396039604,0.29851615293494504
-284.3762376237624,0.31947451663745624
-284.35643564356434,0.34041472960998137
-284.33663366336634,0.36126759482558835
-284.3168316831683,0.38197485078536475
-284.2970297029703,0.402486440435969
-284.2772277227723,0.4227585681097482
-284.25742574257424,0.4427523005923075
-284.23762376237624,0.4624325482230336
-284.2178217821782,0.48176731462805716
-284.1980198019802,0.5007271386432578
-284.17821782178214,0.5192846753659084
-284.1584158415842,0.5374143790677612
-284.13861386138615,0.5550922614879037
-284.1188118811881,0.5722957064723545
-284.0990099009901,0.5890033271292144
-284.07920792079204,0.6051948553415565
-284.05940594059405,0.6208510561021489
-284.03960396039605,0.6359536610252012
-284.01980198019805,0.650485316767548
-284.0,0.6644295451051614
-283.98019801980195,0.6777707121622677
-283.96039603960395,0.690494004853775
-283.9405940594059,0.7025854130265178
-283.92079207920796,0.7140317161084277
-283.9009900990099,0.7248204733229751
-283.8811881188119,0.7349400167180665
-283.86138613861385,0.7443794464077484
-283.8415841584158,0.7531286275424454
-283.82178217821786,0.761178188615722
-283.8019801980198,0.7685195207892208
-283.7821782178218,0.7751447779763957
-283.76237623762376,0.7810468774731868
-283.74257425742576,0.7862195009627347
-283.7227722772277,0.7906570957527852
-283.7029702970297,0.7943548761312034
-283.6831683168317,0.7973088247470542
-283.66336633663366,0.7995156939436209
-283.64356435643566,0.8009730069863326
-283.6237623762376,0.8016790591427498
-283.6039603960396,0.8016329185852528
-283.5841584158416,0.8008344270986713
-283.56435643564356,0.7992842005873738
-283.54455445544556,0.7969836293869831
-283.5247524752475,0.7939348783981371
-283.5049504950495,0.7901408870713382
-283.48514851485146,0.7856053692852721
-283.4653465346535,0.7803328131752675
-283.44554455445547,0.7743284809849457
-283.4257425742574,0.7675984090328589
-283.4059405940594,0.7601494079079252
-283.38613861386136,0.751989063033688
-283.36633663366337,0.743125735772662
-283.34653465346537,0.7335685652803213
-283.3267326732674,0.7233274713648006
-283.3069306930693,0.7124131586661634
-283.28712871287127,0.7008371225406175
-283.26732673267327,0.6886116571248624
-283.2475247524752,0.6757498661693143
-283.2277227722773,0.6622656773725112
-283.2079207920792,0.6481738611335531
-283.1881188118812,0.6334900548764785
-283.16831683168317,0.618230794408662
-283.1485148514851,0.6024135541779484
-283.1287128712871,0.5860567988240545
-283.1089108910891,0.569180049124748
-283.0891089108911,0.5518039663820777
-283.0693069306931,0.5339504605703007
-283.0495049504951,0.5156428293084737
-283.029702970297,0.4969059371175402
-283.00990099009897,0.4777664477553651
-282.99009900990103,0.45825312710499355
-282.970297029703,0.4383972407371937
-282.950495049505,0.41823307980090146
-282.9306930693069,0.3977986627129172
-282.91089108910893,0.37713668034937514
-282.8910891089109,0.3562957823370626
-282.8712871287129,0.3353323465437167
-282.8514851485149,0.31431294038333996
-282.83168316831683,0.29331778180061413
-282.81188118811883,0.2724456540349008
-282.7920792079208,0.251820936575969
-282.7722772277228,0.23160368832632675
-282.7524752475248,0.2120040070514109
-282.73267326732673,0.19330196677693273
-282.71287128712873,0.17587360592833812
-282.6930693069307,0.16021996047478637
-282.6732673267327,0.14698673601514398
-282.65346534653463,0.13694436678040295
-282.6336633663367,0.1308820274621043
-282.61386138613864,0.12939563606216523
-282.5940594059406,0.13265593539256187
-282.5742574257426,0.14033181170573142
-282.55445544554453,0.15173877885337803
-282.53465346534654,0.1660814698038137
-282.51485148514854,0.18263120891850845
-282.49504950495054,0.2007968654282238
-282.4752475247525,0.22012648949096844
-282.45544554455444,0.2402823394371016
-282.43564356435644,0.2610124111455343
-282.4158415841584,0.2821266655128269
-282.39603960396045,0.3034792864455055
-282.3762376237624,0.32495604462956285
-282.3564356435644,0.3464654549857608
-282.33663366336634,0.3679326078542623
-282.3168316831683,0.38929484607204856
-282.2970297029703,0.4104987100715223
-282.2772277227723,0.43149775681059044
-282.2574257425743,0.4522509854435394
-282.23762376237624,0.4727216884330263
-282.21782178217825,0.4928766042425612
-282.1980198019802,0.5126852862291642
-282.17821782178214,0.5321196282746907
-282.1584158415842,0.5511535052938612
-282.13861386138615,0.5697624988219735
-282.11881188118815,0.5879236862408872
-282.0990099009901,0.6056154780501561
-282.0792079207921,0.6228174917261373
-282.05940594059405,0.6395104536679005
-282.03960396039605,0.6556761228620398
-282.01980198019805,0.6712972314539495
-282.0,0.6863574385570346
-281.980198019802,0.700841294481044
-281.96039603960395,0.7147342131967634
-281.94059405940595,0.7280224513348866
-281.92079207920796,0.7406930923825934
-281.9009900990099,0.7527340350220065
-281.8811881188119,0.7641339847717862
-281.86138613861385,0.7748824482622035
-281.84158415841586,0.7849697296065968
-281.8217821782178,0.7943869284372872
-281.8019801980198,0.8031259392574742
-281.7821782178218,0.8111794518280502
-281.76237623762376,0.8185409523626652
-281.74257425742576,0.8252047253490177
-281.7227722772277,0.8311658558514057
-281.7029702970297,0.8364202321802822
-281.6831683168317,0.8409645488410639
-281.66336633663366,0.8447963096971368
-281.64356435643566,0.8479138313018356
-281.6237623762376,0.8503162463723571
-281.6039603960396,0.8520035073950757
-281.58415841584156,0.8529763903672536
-281.5643564356436,0.8532364986953891
-281.54455445544556,0.8527862672855464
-281.5247524752475,0.8516289668761973
-281.5049504950495,0.8497687086803145
-281.48514851485146,0.8472104494203881
-281.46534653465346,0.843959996858529
-281.44554455445547,0.8400240159442599
-281.42574257425747,0.8354100357250619
-281.4059405940594,0.8301264571903615
-281.38613861386136,0.8241825622484765
-281.36633663366337,0.8175885240690851
-281.3465346534653,0.8103554190616481
-281.3267326732674,0.8024952408039752
-281.3069306930693,0.7940209162857065
-281.2871287128713,0.7849463248902404
-281.26732673267327,0.775286320606944
-281.2475247524752,0.7650567580450317
-281.2277227722772,0.7542745229133224
-281.2079207920792,0.7429575677382189
-281.1881188118812,0.731124953718401
-281.16831683168317,0.7187968997614723
-281.1485148514852,0.705994839918327
-281.1287128712871,0.6927414906284523
-281.10891089108907,0.679060929416433
-281.0891089108911,0.6649786869398485
-281.0693069306931,0.6505218545824726
-281.0495049504951,0.6357192101143359
-281.029702970297,0.6206013642975188
-281.009900990099,0.6052009316943677
-280.990099009901,0.5895527293140995
-280.970297029703,0.5736940070817331
-280.950495049505,0.5576647143750559
-280.9306930693069,0.5415078069634885
-280.91089108910893,0.5252695984629479
-280.8910891089109,0.5090001596887543
-280.8712871287129,0.492753767747832
-280.8514851485149,0.47658940393442123
-280.83168316831683,0.46057129489275817
-280.81188118811883,0.44476948430431756
-280.7920792079208,0.4292604115706396
-280.7722772277228,0.41412745848634064
-280.7524752475247,0.39946140367636207
-280.73267326732673,0.38536069702293646
-280.71287128712873,0.3719314330760163
-280.6930693069307,0.3592868665987253
-280.6732673267327,0.34754628203281646
-280.65346534653463,0.3368330144181084
-280.63366336633663,0.32727144075666265
-280.61386138613864,0.3189828398662491
-280.5940594059406,0.31208017273392324
-280.5742574257426,0.306662063345678
-280.55445544554453,0.302806527421569
-280.53465346534654,0.30056522887306164
-280.5148514851485,0.2999591424216272
-280.49504950495054,0.3009763854482783
-280.4752475247525,0.3035726429270292
-280.45544554455444,0.30767413192652276
-280.43564356435644,0.31318258882276195
-280.4158415841584,0.3199814592785632
-280.3960396039604,0.32794239965841815
-280.3762376237624,0.3369313343818628
-280.3564356435644,0.3468135680624834
-280.33663366336634,0.35745772468613535
-280.3168316831683,0.3687385084344218
-280.2970297029703,0.38053842345325045
-280.27722772277224,0.3927486567506876
-280.2574257425743,0.4052693395336507
-280.23762376237624,0.4180093805189813
-280.21782178217825,0.4308860285630455
-280.1980198019802,0.4438242834071933
-280.17821782178214,0.4567562388622112
-280.15841584158414,0.4696204148696549
-280.13861386138615,0.48236111382300934
-280.11881188118815,0.4949278214587251
-280.0990099009901,0.5072746623244705
-280.0792079207921,0.5193599131041241
-280.05940594059405,0.5311455729091451
-280.039603960396,0.542596987238607
-280.01980198019805,0.5536825210753875
-280.0,0.5643732761034522
-279.980198019802,0.5746428470113328
-279.96039603960395,0.5844671120945618
-279.94059405940595,0.5938240537584751
-279.9207920792079,0.6026936049715945
-279.9009900990099,0.611057518179515
-279.8811881188119,0.6188992536319242
-279.86138613861385,0.6262038844851301
-279.84158415841586,0.6329580164138656
-279.8217821782178,0.6391497197961553
-279.8019801980198,0.6447684728265323
-279.7821782178218,0.649805114167894
-279.76237623762376,0.6542518039752585
-279.74257425742576,0.6581019923192194
-279.7227722772277,0.6613503942070129
-279.7029702970297,0.6639929705491058
-279.68316831683165,0.6660269145512813
-279.6633663366337,0.6674506431307776
-279.64356435643566,0.6682637930618887
-279.6237623762376,0.6684672216543818
-279.6039603960396,0.6680630118595047
-279.58415841584156,0.6670544817845158
-279.56435643564356,0.6654461986802144
-279.54455445544556,0.6632439975475987
-279.52475247524757,0.6604550045910353
-279.5049504950495,0.657087665827916
-279.48514851485146,0.6531517812482774
-279.46534653465346,0.6486585450045002
-279.4455445544554,0.6436205921993543
-279.42574257425747,0.6380520529316177
-279.4059405940594,0.6319686143498373
-279.3861386138614,0.6253875915551801
-279.36633663366337,0.6183280082798855
-279.3465346534653,0.6108106883427386
-279.3267326732673,0.6028583589397902
-279.3069306930693,0.594495766854034
-279.2871287128713,0.5857498086465143
-279.26732673267327,0.5766496757986921
-279.2475247524753,0.567227015580884
-279.2277227722772,0.5575161080810629
-279.20792079207916,0.5475540592865017
-279.1881188118812,0.5373810092950542
-279.16831683168317,0.5270403535532596
-279.1485148514852,0.5165789733645749
-279.1287128712871,0.5060474696567174
-279.1089108910891,0.49550039100415405
-279.08910891089107,0.4849964430404652
-279.0693069306931,0.4745986615694069
-279.0495049504951,0.46437452588248107
-279.029702970297,0.4543959821609256
-279.009900990099,0.4447393397856333
-278.990099009901,0.4354849966826716
-278.970297029703,0.42671694477861694
-278.950495049505,0.4185220050880699
-278.9306930693069,0.41098874629569027
-278.91089108910893,0.40420605357165135
-278.8910891089109,0.39826133807745834
-278.8712871287129,0.39323841318245173
-278.8514851485148,0.38921510933817527
-278.8316831683169,0.3862607508420303
-278.81188118811883,0.38443366555706027
-278.7920792079208,0.38377893156430437
-278.7722772277228,0.3843265713633551
-278.7524752475247,0.3860903773146215
-278.73267326732673,0.3890674918774444
-278.71287128712873,0.393238782218433
-278.69306930693074,0.3985699573949149
-278.6732673267327,0.4050132962048302
-278.65346534653463,0.4125097999612368
-278.63366336633663,0.4209915640978376
-278.6138613861386,0.43038417400332124
-278.59405940594064,0.44060896545081657
-278.5742574257426,0.4515850370969956
-278.5544554455446,0.46323095110159185
-278.53465346534654,0.4754661002615163
-278.5148514851485,0.4882117521371389
-278.4950495049505,0.5013918016143204
-278.4752475247525,0.5149332744455741
-278.4554455445545,0.528766627808164
-278.43564356435644,0.5428258922544209
-278.41584158415844,0.5570486947522025
-278.3960396039604,0.5713761964563202
-278.37623762376234,0.5857529725272335
-278.3564356435644,0.6001268553918326
-278.33663366336634,0.6144487576639512
-278.31683168316835,0.6286724866299124
-278.2970297029703,0.642754558742876
-278.2772277227723,0.6566540198740165
-278.25742574257424,0.6703322750238679
-278.23762376237624,0.6837529296841914
-278.21782178217825,0.6968816439479185
-278.1980198019802,0.7096859996975572
-278.1782178217822,0.7221353806801213
-278.15841584158414,0.7342008649371092
-278.13861386138615,0.7458551288507347
-278.11881188118815,0.7570723619550138
-278.0990099009901,0.7678281916141488
-278.0792079207921,0.7780996166688087
-278.05940594059405,0.7878649491795151
-278.03960396039605,0.7971037634427071
-278.019801980198,0.8057968515122143
-278.0,0.8139261845216377
-277.980198019802,0.8214748791667061
-277.96039603960395,0.8284271687698985
-277.94059405940595,0.8347683784101422
-277.9207920792079,0.8404849036578461
-277.9009900990099,0.8455641925090926
-277.8811881188119,0.8499947301629848
-277.86138613861385,0.8537660263324436
-277.84158415841586,0.8568686048217112
-277.8217821782178,0.8592939951441767
-277.8019801980198,0.8610347259915336
-277.78217821782175,0.8620843204007584
-277.7623762376238,0.8624372924995304
-277.74257425742576,0.8620891457435065
-277.7227722772277,0.8610363725914346
-277.7029702970297,0.8592764555965927
-277.68316831683165,0.8568078699266484
-277.66336633663366,0.8536300873587939
-277.64356435643566,0.849743581834526
-277.62376237623766,0.845149836698686
-277.6039603960396,0.8398513537926054
-277.58415841584156,0.8338516646212839
-277.56435643564356,0.8271553438723723
-277.5445544554455,0.8197680256307774
-277.52475247524757,0.8116964227102459
-277.5049504950495,0.8029483496141633
-277.4851485148515,0.7935327497454475
-277.46534653465346,0.7834597276140155
-277.4455445544554,0.7727405869441224
-277.4257425742574,0.7613878757694433
-277.4059405940594,0.7494154398281673
-277.3861386138614,0.7368384858423683
-277.36633663366337,0.7236736565977181
-277.34653465346537,0.7099391201439147
-277.3267326732673,0.6956546759309197
-277.30693069306926,0.6808418813014295
-277.2871287128713,0.665524202501736
-277.26732673267327,0.6497271952802675
-277.2475247524753,0.6334787212516169
-277.2277227722772,0.6168092075518242
-277.2079207920792,0.5997519589400467
-277.18811881188117,0.5823435334507125
-277.16831683168317,0.5646241949945949
-277.1485148514852,0.5466384589418187
-277.1287128712871,0.5284357496251263
-277.1089108910891,0.5100711916878868
-277.08910891089107,0.49160655986014096
-277.0693069306931,0.473111413297368
-277.0495049504951,0.45466443965794745
-277.029702970297,0.4363550282336678
-277.009900990099,0.4182850767764749
-276.990099009901,0.400571007126694
-276.970297029703,0.3833459115508756
-276.9504950495049,0.36676166331088267
-276.9306930693069,0.3509906889073641
-276.91089108910893,0.3362269079283636
-276.8910891089109,0.3226851093757923
-276.8712871287129,0.3105978005402111
-276.8514851485148,0.3002084530870221
-276.83168316831683,0.2917602765995566
-276.81188118811883,0.28548039527064245
-276.7920792079208,0.28156067700257414
-276.7722772277228,0.2801381778353687
-276.7524752475247,0.2812794392939041
-276.73267326732673,0.28497275447842013
-276.7128712871287,0.291130603473552
-276.69306930693074,0.29960146794367043
-276.6732673267327,0.31018765605686055
-276.65346534653463,0.3226647808993762
-276.63366336633663,0.33679923568161224
-276.6138613861386,0.3523616083270029
-276.5940594059406,0.3691355541352325
-276.5742574257426,0.3869226814829005
-276.5544554455446,0.4055444422861633
-276.53465346534654,0.42484203777357205
-276.5148514851485,0.4446751661311757
-276.4950495049505,0.46492020345378327
-276.47524752475243,0.4854682002370238
-276.4554455445545,0.5062229178679571
-276.43564356435644,0.527099022290223
-276.41584158415844,0.5480204846153456
-276.3960396039604,0.568919199099972
-276.37623762376234,0.5897338078329304
-276.35643564356434,0.6104087116132438
-276.33663366336634,0.6308932431350345
-276.31683168316835,0.6511409787555359
-276.2970297029703,0.6711091670162826
-276.2772277227723,0.6907582546820685
-276.25742574257424,0.7100514937938546
-276.2376237623762,0.728954615813142
-276.21782178217825,0.7474355612406788
-276.1980198019802,0.7654642550827685
-276.1782178217822,0.7830124202211762
-276.15841584158414,0.80005342214578
-276.13861386138615,0.8165621396689224
-276.1188118811881,0.832514857193655
-276.0990099009901,0.8478891748890104
-276.0792079207921,0.8626639337639853
-276.05940594059405,0.8768191531539713
-276.03960396039605,0.8903359785600837
-276.019801980198,0.9031966381312418
-276.0,0.9153844063651997
-275.980198019802,0.9268835738399828
-275.96039603960395,0.9376794219807133
-275.94059405940595,0.9477582020267933
-275.9207920792079,0.9571071174964784
-275.9009900990099,0.9657143095556823
-275.88118811881185,0.9735688447890364
-275.8613861386139,0.9806607049477931
-275.84158415841586,0.9869807783127176
-275.8217821782178,0.9925208523639212
-275.8019801980198,0.9972736074950381
-275.78217821782175,1.0012326115473835
-275.76237623762376,1.0043923149724068
-275.74257425742576,1.0067480464588212
-275.72277227722776,1.008296008884729
-275.7029702970297,1.009033275475738
-275.68316831683165,1.0089577860684371
-275.66336633663366,1.0080683433942295
-275.6435643564356,1.0063646093128518
-275.62376237623766,1.0038471009374919
-275.6039603960396,1.000517186605006
-275.5841584158416,0.9963770816554641
-275.56435643564356,0.9914298439952507
-275.5445544554455,0.9856793694279086
-275.5247524752475,0.979130386746182
-275.5049504950495,0.9717884525887956
-275.4851485148515,0.963659946075318
-275.46534653465346,0.9547520632433552
-275.44554455445547,0.9450728113239584
-275.4257425742574,0.9346310029042886
-275.40594059405936,0.9234362500412028
-275.3861386138614,0.9114989584070776
-275.36633663366337,0.8988303215689596
-275.34653465346537,0.8854423155267411
-275.3267326732673,0.8713476936650184
-275.3069306930693,0.8565599823090538
-275.28712871287127,0.8410934771191922
-275.26732673267327,0.8249632406127734
-275.2475247524753,0.8081851011710398
-275.2277227722772,0.7907756539751598
-275.2079207920792,0.7727522644258968
-275.18811881188117,0.7541330747428703
-275.16831683168317,0.7349370146227591
-275.1485148514852,0.7151838170746526
-275.1287128712871,0.694894040864925
-275.1089108910891,0.6740891014209472
-275.08910891089107,0.6527913126003904
-275.0693069306931,0.6310239424866602
-275.049504950495,0.6088112873985035
-275.0297029702971,0.5861787697191407
-275.009900990099,0.5631530671249704
-274.990099009901,0.5397622835789485
-274.970297029703,0.5160361764291371
-274.9504950495049,0.49200645970247797
-274.9306930693069,0.46770721211325694
-274.91089108910893,0.4431754308448065
-274.89108910891093,0.41845179109676306
-274.8712871287129,0.3935817004302723
-274.8514851485148,0.3686167821945619
-274.83168316831683,0.34361699393991135
-274.8118811881188,0.31865370174240776
-274.79207920792084,0.29381421828494114
-274.7722772277228,0.2692086181735631
-274.7524752475248,0.2449801408883417
-274.73267326732673,0.2213212748151549
-274.7128712871287,0.19849873831652273
-274.6930693069307,0.17689174543706124
-274.6732673267327,0.1570474442246925
-274.6534653465347,0.13974903877529712
-274.63366336633663,0.12606035919618408
-274.61386138613864,0.11724093669434034
-274.5940594059406,0.11438619387555216
-274.57425742574253,0.11787177349799736
-274.5544554455446,0.1271020302380528
-274.53465346534654,0.14086593548812243
-274.51485148514854,0.15788884768586642
-274.4950495049505,0.1771359369672422
-274.4752475247525,0.1978590650737606
-274.45544554455444,0.21953943424649397
-274.43564356435644,0.24181827288578397
-274.41584158415844,0.2644432635752589
-274.3960396039604,0.2872322576176462
-274.3762376237624,0.31004975641717397
-274.35643564356434,0.3327917998472549
-274.33663366336634,0.35537618805820004
-274.31683168316835,0.3777360649403462
-274.2970297029703,0.399815635991449
-274.2772277227723,0.4215672600087271
-274.25742574257424,0.4429494396487714
-274.23762376237624,0.46392541032323226
-274.2178217821782,0.48446213426095036
-274.1980198019802,0.5045295735011601
-274.1782178217822,0.5241001579432786
-274.15841584158414,0.5431483918161789
-274.13861386138615,0.5616505597247
-274.1188118811881,0.57958450523973
-274.0990099009901,0.5969294629525398
-274.0792079207921,0.6136659303503946
-274.05940594059405,0.6297755696360939
-274.03960396039605,0.6452411322570594
-274.019801980198,0.6600464007869773
-274.0,0.6741761441521362
-273.98019801980195,0.6876160831751464
-273.960396039604,0.7003528641279605
-273.94059405940595,0.7123740385200521
-273.9207920792079,0.7236680477464278
-273.9009900990099,0.7342242115218645
-273.88118811881185,0.7440327192571504
-273.86138613861385,0.7530846237094246
-273.84158415841586,0.7613718363750889
-273.82178217821786,0.768887124200457
-273.8019801980198,0.7756241072687243
-273.78217821782175,0.7815772571886958
-273.76237623762376,0.7867418959635435
-273.74257425742576,0.7911141951610442
-273.72277227722776,0.7946911752416873
-273.7029702970297,0.7974707049299995
-273.6831683168317,0.7994515005387995
-273.66336633663366,0.8006331251765755
-273.6435643564356,0.8010159877861819
-273.62376237623766,0.8006013419790455
-273.6039603960396,0.7993912846433859
-273.5841584158416,0.7973887543187981
-273.56435643564356,0.7945975293426059
-273.54455445544556,0.7910222257868162
-273.5247524752475,0.7866682952181663
-273.5049504950495,0.7815420223284765
-273.4851485148515,0.7756505224988612
-273.46534653465346,0.7690017393794237
-273.44554455445547,0.7616044425872794
-273.4257425742574,0.75346822565031
-273.4059405940594,0.7446035043533985
-273.3861386138614,0.7350215156792562
-273.36633663366337,0.7247343175788286
-273.34653465346537,0.7137547898592669
-273.3267326732673,0.7020966365426049
-273.3069306930693,0.689774390130247
-273.28712871287127,0.6768034183108608
-273.26732673267327,0.6631999337796906
-273.2475247524753,0.6489810080032172
-273.2277227722772,0.6341645899766299
-273.2079207920792,0.6187695312980697
-273.18811881188117,0.6028156192438605
-273.16831683168317,0.5863236200028502
-273.1485148514852,0.5693153348556579
-273.1287128712871,0.551813672923223
-273.1089108910891,0.5338427452390485
-273.08910891089107,0.515427986435845
-273.0693069306931,0.4965963124462277
-273.049504950495,0.4773763255390228
-273.0297029702971,0.45779858210329133
-273.009900990099,0.43789594437656376
-272.990099009901,0.4177040455798067
-272.970297029703,0.39726190985668963
-272.9504950495049,0.37661278582199376
-272.9306930693069,0.3558052781482784
-272.91089108910893,0.3348948996312155
-272.89108910891093,0.31394622283114
-272.8712871287129,0.2930358948074901
-272.8514851485148,0.2722569030192724
-272.83168316831683,0.2517246591780767
-272.8118811881188,0.23158570763933994
-272.79207920792084,0.21203013555659944
-272.7722772277228,0.19330890839338624
-272.7524752475248,0.1757568727932716
-272.73267326732673,0.15981973979472142
-272.7128712871287,0.14607628607001213
-272.6930693069307,0.13523222848411512
-272.6732673267327,0.12804440277243076
-272.6534653465347,0.1251432176989454
-272.63366336633663,0.12680277125855619
-272.61386138613864,0.13281449143822327
-272.5940594059406,0.14257709409443986
-272.57425742574253,0.15532221402131488
-272.5544554455446,0.1703107906948184
-272.53465346534654,0.18692728329501992
-272.51485148514854,0.20469482588704055
-272.4950495049505,0.22325510859893793
-272.4752475247525,0.24234050254022174
-272.45544554455444,0.26174945639749014
-272.43564356435644,0.28132770983701816
-272.41584158415844,0.3009547812968905
-272.3960396039604,0.3205344790654331
-272.3762376237624,0.3399882799817205
-272.35643564356434,0.3592506965485071
-272.33663366336634,0.3782660110984756
-272.31683168316835,0.3969859510078601
-272.2970297029703,0.415368015915536
-272.2772277227723,0.43337426087409475
-272.25742574257424,0.4509704017154097
-272.23762376237624,0.4681251506755049
-272.2178217821782,0.4848097184118238
-272.19801980198025,0.500997437577613
-272.1782178217822,0.5166634761322784
-272.15841584158414,0.531784617555038
-272.13861386138615,0.5463390914028002
-272.1188118811881,0.5603064420777737
-272.0990099009901,0.5736674268234078
-272.0792079207921,0.586403936237215
-272.0594059405941,0.5984989322389487
-272.03960396039605,0.6099363996437173
-272.019801980198,0.6207013083862511
-272.0,0.6307795841125481
-271.98019801980195,0.6401580853597124
-271.960396039604,0.6488245859281898
-271.94059405940595,0.6567677613438695
-271.92079207920796,0.6639771785337383
-271.9009900990099,0.6704432880146394
-271.88118811881185,0.6761574180320344
-271.86138613861385,0.6811117701941422
-271.84158415841586,0.6852994162329799
-271.82178217821786,0.688714295592456
-271.8019801980198,0.6913512135994092
-271.7821782178218,0.6932058400185475
-271.76237623762376,0.6942747078293892
-271.7425742574257,0.6945552120942544
-271.72277227722776,0.6940456088123208
-271.7029702970297,0.6927450136772285
-271.6831683168317,0.6906534006751568
-271.66336633663366,0.6877716004782316
-271.64356435643566,0.6841012986041336
-271.6237623762376,0.6796450333289333
-271.6039603960396,0.6744061933555466
-271.5841584158416,0.668389015257027
-271.56435643564356,0.6615985807313253
-271.54455445544556,0.6540408137244655
-271.5247524752475,0.6457224775020959
-271.5049504950495,0.6366511717772817
-271.4851485148515,0.6268353300361753
-271.46534653465346,0.6162842172456217
-271.44554455445547,0.6050079281801433
-271.4257425742574,0.593017386674878
-271.4059405940594,0.580324346200438
-271.38613861386136,0.5669413922742083
-271.3663366336634,0.5528819473799679
-271.34653465346537,0.5381602792806686
-271.3267326732673,0.5227915138990673
-271.3069306930693,0.5067916543417343
-271.28712871287127,0.4901776082020578
-271.26732673267327,0.47296722607158753
-271.2475247524753,0.45517935532943965
-271.2277227722773,0.43683391494348656
-271.2079207920792,0.4179519994840426
-271.18811881188117,0.39855602427499504
-271.16831683168317,0.3786699293369865
-271.1485148514851,0.35831946878128834
-271.1287128712872,0.3375326267904313
-271.1089108910891,0.3163402251984704
-271.0891089108911,0.294776828176035
-271.0693069306931,0.2728821203497608
-271.049504950495,0.25070306286833655
-271.029702970297,0.22829737284878485
-271.009900990099,0.2057393436231669
-270.99009900990103,0.18312999022757862
-270.970297029703,0.1606155799074029
-270.950495049505,0.1384232556956916
-270.9306930693069,0.11693311977761817
-270.9108910891089,0.09682944996039858
-270.89108910891093,0.0794085821268227
-270.8712871287129,0.06704429617794705
-270.8514851485149,0.06301549545682975
-270.83168316831683,0.06896464653724821
-270.81188118811883,0.08287142928258222
-270.7920792079208,0.10157563609371477
-270.7722772277228,0.12293345982581161
-270.7524752475248,0.14578787309950306
-270.73267326732673,0.16952281354787682
-270.71287128712873,0.19379074272444785
-270.6930693069307,0.21838017301996557
-270.6732673267327,0.24315215972853116
-270.6534653465347,0.2680086225141266
-270.63366336633663,0.2928757112830699
-270.61386138613864,0.31769462139474
-270.5940594059406,0.34241628611460356
-270.5742574257426,0.3669981846517231
-270.55445544554453,0.39140235506499715
-270.53465346534654,0.4155941201338921
-270.51485148514854,0.4395412497160777
-270.4950495049505,0.4632133985333171
-270.4752475247525,0.48658172249888126
-270.45544554455444,0.5096186135963524
-270.43564356435644,0.532297515186397
-270.41584158415844,0.5545927929380632
-270.3960396039604,0.5764796448995488
-270.3762376237624,0.5979340395371457
-270.35643564356434,0.6189326740366815
-270.33663366336634,0.6394529474652899
-270.3168316831683,0.6594729449492259
-270.29702970297035,0.6789714300945922
-270.2772277227723,0.6979278436251672
-270.25742574257424,0.71632230674053
-270.23762376237624,0.7341356280768623
-270.2178217821782,0.7513493134286267
-270.1980198019802,0.7679455775916523
-270.1782178217822,0.7839073578392257
-270.1584158415842,0.7992183286561623
-270.13861386138615,0.8138629174427345
-270.1188118811881,0.8278263209671732
-270.0990099009901,0.8410945223981547
-270.07920792079204,0.8536543087905583
-270.0594059405941,0.865493288931878
-270.03960396039605,0.8765999114847682
-270.01980198019805,0.8869634833854393
-270.0,0.8965741884782938
-269.98019801980195,0.905423106386128
-269.96039603960395,0.9135022316325973
-269.94059405940595,0.9208044930500834
-269.92079207920796,0.9273237735226315
-269.9009900990099,0.9330549301297396
-269.8811881188119,0.9379938147737878
-269.86138613861385,0.9421372953919379
-269.8415841584158,0.9454832778718575
-269.82178217821786,0.9480307288116552
-269.8019801980198,0.9497796992867711
-269.7821782178218,0.950731349811329
-269.76237623762376,0.9508879767091081
-269.74257425742576,0.9502530401398361
-269.7227722772277,0.9488311940606626
-269.7029702970297,0.9466283184410033
-269.6831683168317,0.9436515540915288
-269.66336633663366,0.93990934051595
-269.64356435643566,0.9354114572474933
-269.6237623762376,0.9301690691915052
-269.6039603960396,0.9241947765613515
-269.5841584158416,0.9175026700676139
-269.56435643564356,0.9101083921004632
-269.54455445544556,0.9020292047314179
-269.5247524752475,0.8932840654538794
-269.5049504950495,0.8838937116795452
-269.48514851485146,0.8738807551083104
-269.46534653465346,0.8632697871892702
-269.44554455445547,0.8520874969830937
-269.4257425742574,0.8403628028147856
-269.4059405940594,0.8281269991566721
-269.38613861386136,0.8154139201888395
-269.36633663366337,0.8022601214232573
-269.34653465346537,0.7887050806161018
-269.3267326732673,0.7747914188859066
-269.3069306930693,0.760565142444601
-269.28712871287127,0.746075904557128
-269.26732673267327,0.731377286175972
-269.2475247524752,0.7165270920279759
-269.2277227722773,0.7015876566176159
-269.2079207920792,0.6866261514882813
-269.18811881188117,0.6717148809790338
-269.16831683168317,0.6569315484707706
-269.1485148514851,0.6423594686357104
-269.1287128712871,0.6280876935145616
-269.1089108910891,0.6142110116027353
-269.0891089108911,0.6008297701444149
-269.0693069306931,0.5880494626387928
-269.049504950495,0.5759800179434558
-269.029702970297,0.5647347268279688
-269.00990099009897,0.554428749514872
-268.99009900990103,0.5451771669688781
-268.970297029703,0.53709257212807
-268.950495049505,0.5302822456543888
-268.9306930693069,0.5248450214290616
-268.9108910891089,0.520868012646755
-268.8910891089109,0.5184234280223143
-268.8712871287129,0.5175657445109391
-268.8514851485149,0.518329504243668
-268.83168316831683,0.5207279612701943
-268.81188118811883,0.5247527205236321
-268.7920792079208,0.5303744007971389
-268.7722772277227,0.5375442372151441
-268.7524752475248,0.546196440091757
-268.73267326732673,0.556251064045017
-268.71287128712873,0.5676171212962737
-268.6930693069307,0.5801956927499153
-268.6732673267327,0.5938828382987946
-268.65346534653463,0.6085721693032182
-268.63366336633663,0.6241570081210699
-268.61386138613864,0.6405321126682486
-268.5940594059406,0.6575949836437185
-268.5742574257426,0.6752467975365481
-268.55445544554453,0.69339302163012
-268.53465346534654,0.7119437708833383
-268.51485148514854,0.7308139639044572
-268.4950495049505,0.7499233289233467
-268.4752475247525,0.7691963027413806
-268.45544554455444,0.7885618574635388
-268.43564356435644,0.8079532822135569
-268.4158415841584,0.8273079404103948
-268.39603960396045,0.8465670176808927
-268.3762376237624,0.8656752710725227
-268.35643564356434,0.8845807867990564
-268.33663366336634,0.9032347511512445
-268.3168316831683,0.9215912372816479
-268.2970297029703,0.9396070091856464
-268.2772277227723,0.9572413432272437
-268.2574257425743,0.9744558668979352
-268.23762376237624,0.9912144140680709
-268.2178217821782,1.0074828957308175
-268.1980198019802,1.023229185099048
-268.17821782178214,1.038423015861196
-268.1584158415842,1.053035892403423
-268.13861386138615,1.0670410108456378
-268.11881188118815,1.0804131898015312
-268.0990099009901,1.0931288098489882
-268.07920792079204,1.1051657607798855
-268.05940594059405,1.116503395782003
-268.03960396039605,1.127122491788911
-268.01980198019805,1.1370052153121735
-268.0,1.146135093145549
-267.980198019802,1.154496987399706
-267.96039603960395,1.1620770743910407
-267.9405940594059,1.1688628269670382
-267.92079207920796,1.1748429999052008
-267.9009900990099,1.1800076180729604
-267.8811881188119,1.18434796708202
-267.86138613861385,1.1878565862134045
-267.84158415841586,1.1905272634295414
-267.8217821782178,1.1923550323270502
-267.8019801980198,1.193336170919541
-267.7821782178218,1.1934682021739549
-267.76237623762376,1.1927498962572727
-267.74257425742576,1.1911812744831374
-267.7227722772277,1.1887636149809973
-267.7029702970297,1.185499460144002
-267.6831683168317,1.1813926259463146
-267.66336633663366,1.1764482132569312
-267.64356435643566,1.1706726213157834
-267.6237623762376,1.1640735635790638
-267.6039603960396,1.156660086185849
-267.58415841584156,1.1484425893469967
-267.5643564356436,1.139432852011622
-267.54455445544556,1.1296440602259905
-267.5247524752475,1.1190908396662405
-267.5049504950495,1.1077892929000912
-267.48514851485146,1.0957570420147678
-267.46534653465346,1.0830132773396421
-267.44554455445547,1.0695788130928965
-267.42574257425747,1.0554761508928665
-267.4059405940594,1.0407295521959619
-267.38613861386136,1.0253651208544179
-267.36633663366337,1.0094108971261888
-267.3465346534653,0.9928969646142132
-267.3267326732674,0.9758555717566335
-267.3069306930693,0.9583212696267732
-267.2871287128713,0.9403310679180634
-267.26732673267327,0.9219246110675543
-267.2475247524752,0.9031443764846476
-267.2277227722772,0.8840358967624
-267.2079207920792,0.8646480075037094
-267.1881188118812,0.8450331219221309
-267.16831683168317,0.8252475325788009
-267.1485148514852,0.8053517393640653
-267.1287128712871,0.7854108009577259
-267.10891089108907,0.7654947042971414
-267.0891089108911,0.7456787427964138
-267.0693069306931,0.7260438889101931
-267.0495049504951,0.7066771398327202
-267.029702970297,0.6876718064242725
-267.009900990099,0.6691277047646793
-266.990099009901,0.6511511972397818
-266.970297029703,0.6338550164784434
-266.950495049505,0.6173577922707821
-266.9306930693069,0.6017831913981365
-266.91089108910893,0.5872585769797758
-266.8910891089109,0.5739131026218942
-266.8712871287129,0.561875183117359
-266.8514851485149,0.5512693326964732
-266.83168316831683,0.5422124357766183
-266.81188118811883,0.5348096097089575
-266.7920792079208,0.5291499216662294
-266.7722772277228,0.5253023113886149
-266.7524752475247,0.5233121217801439
-266.73267326732673,0.5231986268473383
-266.71287128712873,0.5249538603609344
-266.6930693069307,0.5285428981760539
-266.6732673267327,0.5339055620564719
-266.65346534653463,0.5409593346630377
-266.63366336633663,0.5496031433204296
-266.61386138613864,0.5597216081140345
-266.5940594059406,0.5711893602737815
-266.5742574257426,0.5838751037051392
-266.55445544554453,0.5976451903250883
-266.53465346534654,0.6123665830342961
-266.5148514851485,0.6279091699257778
-266.49504950495054,0.6441474599546764
-266.4752475247525,0.6609617319298969
-266.45544554455444,0.6782387286238176
-266.43564356435644,0.6958719916128634
-266.4158415841584,0.7137619259461973
-266.3960396039604,0.7318156717433173
-266.3762376237624,0.7499468458532857
-266.3564356435644,0.7680752030000745
-266.33663366336634,0.7861262536054975
-266.3168316831683,0.8040308652300506
-266.2970297029703,0.8217248663713181
-266.27722772277224,0.8391486650354844
-266.2574257425743,0.8562468897740569
-266.23762376237624,0.8729680574498476
-266.21782178217825,0.8892642695837728
-266.1980198019802,0.9050909374899766
-266.17821782178214,0.9204065353334739
-266.15841584158414,0.9351723795834955
-266.13861386138615,0.9493524329667669
-266.11881188118815,0.9629131308578787
-266.0990099009901,0.9758232280120822
-266.0792079207921,0.988053663601755
-266.05940594059405,0.9995774426275806
-266.039603960396,1.010369531915058
-266.01980198019805,1.020406769061424
-266.0,1.0296677828552523
-265.980198019802,1.0381329238455987
-265.96039603960395,1.0457842038849607
-265.94059405940595,1.0526052436074456
-265.9207920792079,1.0585812269314998
-265.9009900990099,1.0636988617928957
-265.8811881188119,1.0679463464206755
-265.86138613861385,1.0713133405661477
-265.84158415841586,1.0737909411842
-265.8217821782178,1.0753716621483758
-265.8019801980198,1.0760494176568027
-265.7821782178218,1.0758195090577176
-265.76237623762376,1.0746786148904501
-265.74257425742576,1.0726247840032421
-265.7227722772277,1.069657431673339
-265.7029702970297,1.065777338719259
-265.68316831683165,1.0609866536612447
-265.66336633663366,1.0552888980554123
-265.64356435643566,1.0486889752014397
-265.6237623762376,1.0411931825050789
-265.6039603960396,1.0328092278673595
-265.58415841584156,1.0235462505747683
-265.56435643564356,1.0134148472819624
-265.54455445544556,1.0024271038149022
-265.5247524752475,0.9905966336808414
-265.5049504950495,0.9779386243596642
-265.48514851485146,0.9644698926729587
-265.46534653465346,0.9502089507924482
-265.4455445544554,0.9351760847664222
-265.42574257425747,0.9193934478232363
-265.4059405940594,0.9028851711686275
-265.38613861386136,0.8856774955444058
-265.36633663366337,0.8677989274790523
-265.3465346534653,0.8492804249581969
-265.3267326732673,0.8301556181986272
-265.3069306930693,0.8104610723502412
-265.2871287128713,0.7902366003007222
-265.26732673267327,0.7695256353384554
-265.2475247524752,0.7483756752475974
-265.2277227722772,0.7268388114441766
-265.20792079207916,0.7049723589449032
-265.1881188118812,0.6828396051291145
-265.16831683168317,0.6605106970995148
-265.1485148514852,0.638063688408391
-265.1287128712871,0.6155857650381078
-265.10891089108907,0.5931746662446894
-265.08910891089107,0.5709403057275181
-265.0693069306931,0.5490065788589558
-265.0495049504951,0.527513307080717
-265.029702970297,0.5066182140233949
-265.009900990099,0.4864987413013634
-264.990099009901,0.4673533882750081
-264.9702970297029,0.4494020987683405
-264.950495049505,0.4328850344998758
-264.9306930693069,0.41805891649907395
-264.91089108910893,0.4051900742824312
-264.8910891089109,0.3945435557186479
-264.8712871287129,0.38636826065517
-264.8514851485148,0.3808791125337532
-264.83168316831683,0.3782385789708995
-264.81188118811883,0.3785408921891843
-264.7920792079208,0.38180245737079804
-264.7722772277228,0.38796079822555946
-264.7524752475247,0.39688226219716477
-264.73267326732673,0.4083764913196586
-264.71287128712873,0.4222143126390715
-264.6930693069307,0.4381456213713024
-264.6732673267327,0.4559147403601778
-264.65346534653463,0.47527201425373417
-264.63366336633663,0.49598149710981715
-264.6138613861386,0.5178252737581746
-264.59405940594064,0.540605229852631
-264.5742574257426,0.5641430840410118
-264.55445544554453,0.5882793574670131
-264.53465346534654,0.6128717795189995
-264.5148514851485,0.6377934671235792
-264.4950495049505,0.6629310878536747
-264.4752475247525,0.688183126435343
-264.4554455445545,0.7134583139690495
-264.43564356435644,0.7386742415596402
-264.4158415841584,0.763756158067475
-264.3960396039604,0.7886359399214358
-264.37623762376234,0.8132512155123128
-264.3564356435644,0.8375446250182781
-264.33663366336634,0.8614631969370403
-264.31683168316835,0.8849578240790429
-264.2970297029703,0.9079828236988761
-264.27722772277224,0.9304955684581441
-264.25742574257424,0.9524561768365695
-264.23762376237624,0.9738272533504265
-264.21782178217825,0.9945736704664755
-264.1980198019802,1.0146623854149595
-264.1782178217822,1.0340622862209556
-264.15841584158414,1.05274406221171
-264.1386138613861,1.0706800950417221
-264.11881188118815,1.087844366930399
-264.0990099009901,1.1042123833493684
-264.0792079207921,1.119761107846808
-264.05940594059405,1.1344689070694147
-264.03960396039605,1.1483155043527733
-264.019801980198,1.1612819405081907
-264.0,1.173350540648557
-263.980198019802,1.1845048860742542
-263.96039603960395,1.194729790389172
-263.94059405940595,1.2040112791419706
-263.9207920792079,1.212336572392061
-263.9009900990099,1.2196940696883118
-263.8811881188119,1.2260733370222956
-263.86138613861385,1.2314650953811328
-263.84158415841586,1.2358612105780427
-263.8217821782178,1.2392546840842713
-263.8019801980198,1.2416396446247777
-263.78217821782175,1.243011340333334
-263.7623762376238,1.2433661312914976
-263.74257425742576,1.2427014823005667
-263.7227722772277,1.241015955757417
-263.7029702970297,1.2383092045239996
-263.68316831683165,1.234581964697115
-263.66336633663366,1.2298360481999513
-263.64356435643566,1.2240743351304508
-263.62376237623766,1.217300765813814
-263.6039603960396,1.2095203325180233
-263.58415841584156,1.2007390708019736
-263.56435643564356,1.1909640504763706
-263.54455445544556,1.180203366167887
-263.52475247524757,1.1684661274875734
-263.5049504950495,1.155762448815555
-263.4851485148515,1.1421034387257318
-263.46534653465346,1.127501189087175
-263.4455445544554,1.1119687638935278
-263.42574257425747,1.0955201878883707
-263.4059405940594,1.0781704350744792
-263.3861386138614,1.0599354172182964
-263.36633663366337,1.0408319724898354
-263.34653465346537,1.020877854413462
-263.3267326732673,1.0000917213492475
-263.3069306930693,0.9784931267799568
-263.2871287128713,0.9561025107498724
-263.26732673267327,0.9329411928924903
-263.2475247524753,0.9090313676026891
-263.2277227722772,0.8843961020641187
-263.2079207920792,0.8590593380481016
-263.1881188118812,0.8330458986751506
-263.16831683168317,0.8063815017015628
-263.1485148514852,0.7790927814003548
-263.1287128712871,0.7512073218061595
-263.1089108910891,0.722753705072288
-263.08910891089107,0.6937615800735414
-263.0693069306931,0.6642617583771481
-263.0495049504951,0.6342863476007038
-263.029702970297,0.6038689364627248
-263.009900990099,0.5730448522859393
-262.990099009901,0.541851521613669
-262.970297029703,0.5103289800980092
-262.950495049505,0.478520602620866
-262.9306930693069,0.44647416527063
-262.91089108910893,0.4142434192377628
-262.8910891089109,0.38189047524742553
-262.8712871287129,0.3494895090201702
-262.8514851485148,0.3171326898163579
-262.8316831683169,0.2849399837617734
-262.81188118811883,0.25307597034568025
-262.7920792079208,0.22177985124920763
-262.7722772277228,0.19142114389460868
-262.7524752475247,0.16260622164820313
-262.73267326732673,0.1363814066501617
-262.71287128712873,0.11457769663548963
-262.69306930693074,0.10012603459472609
-262.6732673267327,0.09634665071580276
-262.65346534653463,0.10432185545718738
-262.63366336633663,0.12165708485680163
-262.6138613861386,0.14491573683154235
-262.59405940594064,0.17158346213183137
-262.5742574257426,0.20017692009509525
-262.5544554455446,0.22985191033064037
-262.53465346534654,0.26011189850855676
-262.5148514851485,0.2906482666158346
-262.4950495049505,0.32125734279325824
-262.4752475247525,0.35179664721691384
-262.4554455445545,0.38216097749504246
-262.43564356435644,0.41226880233914054
-262.41584158415844,0.4420542143443421
-262.3960396039604,0.471461999050842
-262.37623762376234,0.5004445165718077
-262.3564356435644,0.5289596739362716
-262.33663366336634,0.5569695743315702
-262.31683168316835,0.5844395982836746
-262.2970297029703,0.6113377674539969
-262.2772277227723,0.6376342975689754
-262.25742574257424,0.6633012805182172
-262.23762376237624,0.6883124562982413
-262.21782178217825,0.7126430484900981
-262.1980198019802,0.7362696453381503
-262.1782178217822,0.7591701140006017
-262.15841584158414,0.7813235392228653
-262.13861386138615,0.8027101801884449
-262.11881188118815,0.8233114410310731
-262.0990099009901,0.8431098517042519
-262.0792079207921,0.8620890567656752
-262.05940594059405,0.8802338102540789
-262.03960396039605,0.8975299752882601
-262.019801980198,0.9139645273512185
-262.0,0.9295255604717189
-261.980198019802,0.9442022957033352
-261.96039603960395,0.9579850914454415
-261.94059405940595,0.9708654552618087
-261.9207920792079,0.9828360569407075
-261.9009900990099,0.9938907426101441
-261.8811881188119,1.0040245497791909
-261.86138613861385,1.0132337232235873
-261.84158415841586,1.0215157316738372
-261.8217821782178,1.028869285298902
-261.8019801980198,1.0352943540095156
-261.78217821782175,1.040792186633384
-261.7623762376238,1.0453653310411388
-261.74257425742576,1.0490176553268733
-261.7227722772277,1.0517543701722833
-261.7029702970297,1.0535820525474306
-261.68316831683165,1.054508670926298
-261.66336633663366,1.0545436122198222
-261.64356435643566,1.0536977106548915
-261.62376237623766,1.051983278853319
-261.6039603960396,1.049414141391
-261.58415841584156,1.0460056711435435
-261.56435643564356,1.0417748287500403
-261.5445544554455,1.0367402055508328
-261.52475247524757,1.0309220703769273
-261.5049504950495,1.0243424205861624
-261.4851485148515,1.0170250377531713
-261.46534653465346,1.0089955484226065
-261.4455445544554,1.0002814903256485
-261.4257425742574,0.9909123844322438
-261.4059405940594,0.9809198131613402
-261.3861386138614,0.9703375049889902
-261.36633663366337,0.9592014255711545
-261.34653465346537,0.9475498753211665
-261.3267326732673,0.9354235931360286
-261.30693069306926,0.9228658656331749
-261.2871287128713,0.9099226408175625
-261.26732673267327,0.8966426445234525
-261.2475247524753,0.8830774972374019
-261.2277227722772,0.8692818279788037
-261.2079207920792,0.8553133807624586
-261.18811881188117,0.8412331077666394
-261.16831683168317,0.8271052416651681
-261.1485148514852,0.8129973376517616
-261.1287128712871,0.7989802735207895
-261.1089108910891,0.7851281938429565
-261.08910891089107,0.7715183819224888
-261.0693069306931,0.7582310410604044
-261.0495049504951,0.7453489649908532
-261.029702970297,0.7329570766293412
-261.009900990099,0.7211418150029112
-260.990099009901,0.7099903530259809
-260.970297029703,0.6995896342512251
-260.9504950495049,0.6900252253580192
-260.930693069307,0.6813799931664425
-260.91089108910893,0.6737326301384103
-260.8910891089109,0.6671560697610752
-260.8712871287129,0.6617158512583919
-260.8514851485148,0.6574685093926205
-260.83168316831683,0.6544600768965954
-260.81188118811883,0.6527247915492044
-260.79207920792084,0.6522840949784106
-260.7722772277228,0.6531459951754193
-260.7524752475247,0.6553048404112278
-260.73267326732673,0.6587415215265339
-260.7128712871287,0.6634240865177831
-260.69306930693074,0.6693087205620301
-260.6732673267327,0.6763410202169539
-260.6534653465347,0.6844574752739655
-260.63366336633663,0.6935870666283463
-260.6138613861386,0.7036528928058506
-260.5940594059406,0.7145737493756336
-260.5742574257426,0.7262656016310912
-260.5544554455446,0.7386429088420495
-260.53465346534654,0.7516197757278477
-260.51485148514854,0.765110921928934
-260.4950495049505,0.7790324722711405
-260.47524752475243,0.7933025792714526
-260.4554455445545,0.8078418948417141
-260.43564356435644,0.8225739109953202
-260.41584158415844,0.837425190152968
-260.3960396039604,0.8523255049752113
-260.3762376237624,0.8672079060471723
-260.35643564356434,0.8820087336277739
-260.33663366336634,0.8966675873652425
-260.31683168316835,0.9111272655892348
-260.2970297029703,0.9253336836523237
-260.2772277227723,0.9392357788848295
-260.25742574257424,0.95278540807736
-260.23762376237624,0.9659372420166875
-260.21782178217825,0.9786486604573124
-260.1980198019802,0.9908796499875676
-260.1782178217822,1.0025927065164777
-260.15841584158414,1.013752743536225
-260.13861386138615,1.0243270068774688
-260.1188118811881,1.0342849963458194
-260.09900990099015,1.0435983943865568
-260.0792079207921,1.0522410017526653
-260.05940594059405,1.0601886800338158
-260.03960396039605,1.0674193008286892
-260.019801980198,1.073912701300505
-260.0,1.0796506458380035
-259.980198019802,1.084616793545267
-259.960396039604,1.0887966712995634
-259.94059405940595,1.0921776521427542
-259.9207920792079,1.0947489388065466
-259.9009900990099,1.0965015522132504
-259.88118811881185,1.0974283248398544
-259.8613861386139,1.097523898883994
-259.84158415841586,1.0967847292249973
-259.82178217821786,1.0952090912312742
-259.8019801980198,1.0927970935272717
-259.78217821782175,1.089550695898882
-259.76237623762376,1.0854737325862163
-259.74257425742576,1.0805719412868402
-259.72277227722776,1.074852998272141
-259.7029702970297,1.068326560103645
-259.6831683168317,1.0610043125262174
-259.66336633663366,1.0529000272100604
-259.6435643564356,1.0440296271135536
-259.62376237623766,1.0344112613428995
-259.6039603960396,1.0240653904906383
-259.5841584158416,1.0130148835401536
-259.56435643564356,1.0012851275230925
-259.54455445544556,0.9889041512038828
-259.5247524752475,0.9759027641303853
-259.5049504950495,0.9623147124186979
-259.4851485148515,0.9481768526123454
-259.46534653465346,0.9335293448460812
-259.44554455445547,0.9184158663151087
-259.4257425742574,0.9028838456537527
-259.4059405940594,0.8869847182006554
-259.3861386138614,0.8707742011895679
-259.36633663366337,0.8543125865548631
-259.34653465346537,0.8376650471554625
-259.3267326732673,0.8209019496574596
-259.3069306930693,0.8040991639145184
-259.28712871287127,0.7873383542880186
-259.26732673267327,0.7707072328222934
-259.2475247524753,0.7542997474713001
-259.2277227722772,0.7382161707402637
-259.2079207920792,0.7225630454734838
-259.18811881188117,0.7074529357667856
-259.16831683168317,0.6930039232907771
-259.1485148514852,0.679338784484069
-259.1287128712871,0.6665837845821903
-259.1089108910891,0.6548670332833791
-259.08910891089107,0.6443163671153646
-259.0693069306931,0.6350567576509748
-259.049504950495,0.6272072931382654
-259.0297029702971,0.6208778411515873
-259.009900990099,0.6161655645690628
-258.990099009901,0.6131515212910159
-258.970297029703,0.6118976157207593
-258.9504950495049,0.6124441739775932
-258.9306930693069,0.6148083771926565
-258.91089108910893,0.6189837092739189
-258.89108910891093,0.6249404689060308
-258.8712871287129,0.6326272800450421
-258.8514851485148,0.6419734330643633
-258.83168316831683,0.6528918182299724
-258.8118811881188,0.6652821836108935
-258.79207920792084,0.6790344598113004
-258.7722772277228,0.6940319347659741
-258.7524752475248,0.710154119922765
-258.73267326732673,0.7272792112714165
-258.7128712871287,0.7452861047989207
-258.6930693069307,0.7640559702333368
-258.6732673267327,0.783473417485013
-258.6534653465347,0.8034273079232589
-258.63366336633663,0.8238112699965606
-258.61386138613864,0.8445239786581643
-258.5940594059406,0.8654692533463848
-258.57425742574253,0.8865560221041318
-258.5544554455446,0.9076981913989373
-258.53465346534654,0.9288144533525875
-258.51485148514854,0.9498280549899032
-258.4950495049505,0.9706665480347734
-258.4752475247525,0.9912615327765198
-258.45544554455444,1.011548405539615
-258.43564356435644,1.0314661161932934
-258.41584158415844,1.0509569397918634
-258.3960396039604,1.0699662647002655
-258.3762376237624,1.0884423983050633
-258.35643564356434,1.1063363905283694
-258.33663366336634,1.1236018747628524
-258.31683168316835,1.1401949254556982
-258.2970297029703,1.1560739313337924
-258.2772277227723,1.1711994831368504
-258.25742574257424,1.1855342746775677
-258.23762376237624,1.199043016053528
-258.2178217821782,1.2116923578769108
-258.1980198019802,1.2234508254513201
-258.1782178217822,1.234288761902277
-258.15841584158414,1.2441782793512408
-258.13861386138615,1.2530932173094993
-258.1188118811881,1.2610091075537697
-258.0990099009901,1.267903144829377
-258.0792079207921,1.2737541628072857
-258.05940594059405,1.2785426147991852
-258.03960396039605,1.282250558808587
-258.019801980198,1.2848616465677027
-258.0,1.2863611162793294
-257.98019801980195,1.2867357888508102
-257.960396039604,1.2859740674754048
-257.94059405940595,1.2840659404855335
-257.9207920792079,1.2810029874736257
-257.9009900990099,1.276778388752698
-257.88118811881185,1.271386938310188
-257.86138613861385,1.2648250604999376
-257.84158415841586,1.2570908308187665
-257.82178217821786,1.2481840012314158
-257.8019801980198,1.23810603064381
-257.78217821782175,1.226860121285234
-257.76237623762376,1.2144512619517511
-257.7425742574257,1.2008862792943262
-257.72277227722776,1.186173898616133
-257.7029702970297,1.1703248159876796
-257.6831683168317,1.153351783913199
-257.66336633663366,1.135269713308854
-257.6435643564356,1.1160957952112984
-257.6237623762376,1.0958496464612584
-257.6039603960396,1.0745534846485547
-257.5841584158416,1.0522323389251826
-257.56435643564356,1.028914304973542
-257.54455445544556,1.0046308545643472
-257.5247524752475,0.9794172128924264
-257.50495049504946,0.9533128204203514
-257.4851485148515,0.9263619005238366
-257.46534653465346,0.8986141601196436
-257.44554455445547,0.8701256580421554
-257.4257425742574,0.8409598856765071
-257.4059405940594,0.8111891167781293
-257.38613861386136,0.7808960990452923
-257.36633663366337,0.7501761792633137
-257.34653465346537,0.7191399766433968
-257.3267326732673,0.6879167441353405
-257.3069306930693,0.6566585813317729
-257.28712871287127,0.6255456764714384
-257.26732673267327,0.5947927409772007
-257.2475247524753,0.5646567232473669
-257.2277227722772,0.5354456871853024
-257.2079207920792,0.5075283148981732
-257.18811881188117,0.4813427028271076
-257.16831683168317,0.45740182979809185
-257.1485148514851,0.43629129788351095
-257.1287128712872,0.41865317235070365
-257.1089108910891,0.40514938428675673
-257.08910891089107,0.39640157601446524
-257.0693069306931,0.39291330727041063
-257.049504950495,0.39499307912866494
-257.029702970297,0.4027044069632718
-257.009900990099,0.41586289817368816
-256.99009900990103,0.4340806741539422
-256.970297029703,0.45683889526144983
-256.9504950495049,0.48356278661806107
-256.9306930693069,0.5136809355288282
-256.9108910891089,0.5466626505118779
-256.89108910891093,0.5820359000751519
-256.8712871287129,0.6193917603752616
-256.8514851485149,0.6583811122827342
-256.83168316831683,0.6987077556195126
-256.8118811881188,0.7401204814887422
-256.7920792079208,0.7824054395254878
-256.7722772277228,0.825379385279529
-256.7524752475248,0.8688839771829595
-256.73267326732673,0.9127810879997001
-256.71287128712873,0.9569490105797405
-256.6930693069307,1.0012794145490587
-256.6732673267326,1.0456749163534673
-256.6534653465347,1.0900471423442954
-256.63366336633663,1.1343151846795383
-256.61386138613864,1.1784043688113555
-256.5940594059406,1.2222452677680231
-256.5742574257426,1.2657729120123509
-256.55445544554453,1.3089261545731838
-256.53465346534654,1.3516471597877326
-256.51485148514854,1.3938809907726875
-256.4950495049505,1.435575276037248
-256.4752475247525,1.4766799397792163
-256.45544554455444,1.51714698362287
-256.43564356435644,1.5569303100694345
-256.41584158415844,1.595985579896291
-256.3960396039604,1.634270097283168
-256.3762376237624,1.6717427176579853
-256.35643564356434,1.7083637742145954
-256.33663366336634,1.7440950198161238
-256.3168316831683,1.7788995816040456
-256.29702970297035,1.812741926118375
-256.2772277227723,1.8455878331240287
-256.25742574257424,1.8774043766527235
-256.23762376237624,1.908159912024657
-256.2178217821782,1.9378240678210714
-256.1980198019802,1.9663677419483203
-256.1782178217822,1.9937631010728827
-256.1584158415842,2.019983582821203
-256.13861386138615,2.045003900232939
-256.1188118811881,2.06880004803518
-256.0990099009901,2.0913493103708607
-256.07920792079204,2.112630269669976
-256.0594059405941,2.1326228163988907
-256.03960396039605,2.1513081594626886
-256.01980198019805,2.168668837069385
-256.0,2.184688727893976
-255.98019801980197,2.199353062405641
-255.96039603960395,2.2126484342434907
-255.94059405940595,2.224562811545809
-255.92079207920793,2.2350855481553014
-255.9009900990099,2.2442073946384644
-255.88118811881188,2.251920509071887
-255.86138613861385,2.2582184675616026
-255.84158415841583,2.2630962744743783
-255.82178217821786,2.266550372372086
-255.8019801980198,2.2685786516522057
-255.78217821782178,2.2691804599093452
-255.76237623762376,2.26835661104476
-255.74257425742573,2.2661093941629953
-255.7227722772277,2.262442582307747
-255.70297029702974,2.2573614411023963
-255.6831683168317,2.2508727373752717
-255.66336633663366,2.2429847478652065
-255.64356435643563,2.233707268119868
-255.6237623762376,2.223051621718189
-255.60396039603958,2.2110306699687023
-255.5841584158416,2.197658822258625
-255.5643564356436,2.1829520472542456
-255.54455445544556,2.1669278851818294
-255.5247524752475,2.1496054614511446
-255.50495049504948,2.131005501919971
-255.48514851485146,2.1111503501400626
-255.4653465346535,2.0900639869720496
-255.44554455445547,2.0677720530109123
-255.42574257425744,2.0443018743246464
-255.40594059405942,2.019682492079198
-255.38613861386136,1.993944696702233
-255.36633663366334,1.9671210673296686
-255.34653465346537,1.9392460173827621
-255.32673267326734,1.9103558472421214
-255.30693069306932,1.8804888051196509
-255.2871287128713,1.8496851573824955
-255.26732673267327,1.8179872697557276
-255.24752475247521,1.7854397010252279
-255.22772277227725,1.7520893110791924
-255.20792079207922,1.7179853853674811
-255.1881188118812,1.6831797781206757
-255.16831683168317,1.6477270769534937
-255.14851485148515,1.6116847917729227
-255.12871287128712,1.5751135712100524
-255.10891089108912,1.5380774500781291
-255.0891089108911,1.500644131599314
-255.06930693069307,1.4628853082972384
-255.04950495049505,1.4248770254580894
-255.02970297029702,1.386700090828514
-255.009900990099,1.3484405336145269
-254.990099009901,1.310190114689417
-254.97029702970298,1.272046887963064
-254.95049504950495,1.2341158097760085
-254.93069306930693,1.196509388526748
-254.9108910891089,1.159348359975718
-254.89108910891088,1.122762364145436
-254.87128712871288,1.0868905867394016
-254.85148514851485,1.0518823108501636
-254.83168316831683,1.0178973029662477
-254.8118811881188,0.9851059310315856
-254.79207920792078,0.953688882767377
-254.77227722772275,0.9238363226596568
-254.75247524752479,0.8957463016359846
-254.73267326732673,0.8696222235670137
-254.7128712871287,0.8456691898448092
-254.69306930693068,0.8240891019784397
-254.67326732673266,0.8050745152983398
-254.65346534653463,0.7888014091661574
-254.63366336633666,0.7754212587506113
-254.61386138613864,0.7650530254701636
-254.59405940594058,0.7577758698395618
-254.57425742574256,0.7536234636868948
-254.55445544554453,0.7525806850813302
-254.5346534653465,0.7545832080633978
-254.51485148514854,0.7595200980667081
-254.49504950495052,0.767239089113809
-254.4752475247525,0.7775538609127589
-254.45544554455444,0.7902524349445598
-254.4356435643564,0.8051057943935085
-254.4158415841584,0.8218759725468178
-254.39603960396042,0.8403230830182117
-254.3762376237624,0.8602110130995431
-254.35643564356437,0.8813117163525545
-254.33663366336634,0.9034081955493068
-254.3168316831683,0.9262963582098678
-254.29702970297026,0.9497859644128077
-254.2772277227723,0.973700886055228
-254.25742574257427,0.9978788738046239
-254.23762376237624,1.0221709948426265
-254.21782178217822,1.0464408693934217
-254.1980198019802,1.0705638017074248
-254.17821782178214,1.0944258738247232
-254.15841584158417,1.1179230486312728
-254.13861386138615,1.1409603120970353
-254.11881188118812,1.1634508723900905
-254.0990099009901,1.185315424924773
-254.07920792079207,1.2064814865028768
-254.05940594059405,1.2268827978424695
-254.03960396039605,1.2464587913912337
-254.01980198019803,1.26515411995534
-254.0,1.2829182410124773
-253.98019801980197,1.2997050513820734
-253.96039603960395,1.3154725670274177
-253.94059405940592,1.3301826430451757
-253.92079207920796,1.3438007292773801
-253.9009900990099,1.3562956574061178
-253.88118811881188,1.3676394558268568
-253.86138613861385,1.377807189022017
-253.84158415841583,1.3867768185591942
-253.8217821782178,1.3945290832127315
-253.80198019801983,1.4010473960504986
-253.7821782178218,1.406317756640287
-253.76237623762376,1.4103286768142809
-253.74257425742573,1.4130711186879805
-253.7227722772277,1.414538443865631
-253.70297029702968,1.414726372981054
-253.6831683168317,1.4136329549241713
-253.6633663366337,1.4112585452939663
-253.64356435643566,1.407605793801158
-253.6237623762376,1.4026796405226958
-253.60396039603958,1.3964873210890025
-253.58415841584156,1.389038381067813
-253.5643564356436,1.3803446999993896
-253.54455445544556,1.3704205257416562
-253.52475247524754,1.3592825200045657
-253.5049504950495,1.346949816196965
-253.48514851485146,1.3334440909807292
-253.46534653465343,1.3187896512336055
-253.44554455445547,1.3030135384697588
-253.42574257425744,1.2861456531632414
-253.40594059405942,1.2682189018720003
-253.3861386138614,1.249269370575742
-253.36633663366337,1.229336528226706
-253.34653465346537,1.208463465173281
-253.32673267326734,1.1866971718519175
-253.30693069306932,1.1640888639485574
-253.2871287128713,1.1406943610875344
-253.26732673267327,1.1165745269790563
-253.24752475247524,1.0917957797804174
-253.22772277227725,1.0664306820927985
-253.20792079207922,1.0405586203512005
-253.1881188118812,1.0142665830992985
-253.16831683168317,0.9876500463673455
-253.14851485148515,0.9608139714917949
-253.12871287128712,0.9338739153761765
-253.10891089108912,0.9069572442143685
-253.0891089108911,0.8802044275143895
-253.06930693069307,0.8537703679175176
-253.04950495049505,0.8278256915709732
-253.02970297029702,0.8025578815369305
-253.009900990099,0.7781720816387635
-252.99009900990103,0.7548913313115191
-252.97029702970298,0.7329559190920147
-252.95049504950495,0.7126214766109771
-252.93069306930693,0.6941554001457818
-252.9108910891089,0.677831218212474
-252.89108910891088,0.6639206633913736
-252.8712871287129,0.6526834893807395
-252.85148514851488,0.6443555028674463
-252.83168316831683,0.6391357961732614
-252.8118811881188,0.6371746379972283
-252.79207920792078,0.6385637231184127
-252.77227722772275,0.6433303382170353
-252.75247524752479,0.6514364288968862
-252.73267326732676,0.6627826844446915
-252.71287128712873,0.6772168582984487
-252.69306930693068,0.694544892561433
-252.67326732673266,0.7145431761542375
-252.65346534653463,0.7369704284216276
-252.63366336633666,0.7615781223650245
-252.61386138613864,0.7881188636048057
-252.5940594059406,0.816352580865127
-252.5742574257426,0.8460506906326924
-252.55445544554453,0.8769985649498283
-252.5346534653465,0.9089966856675603
-252.51485148514854,0.9418608506256858
-252.49504950495052,0.9754217424762942
-252.4752475247525,1.0095241042194076
-252.45544554455446,1.044025701652718
-252.43564356435644,1.0787961987363142
-252.4158415841584,1.1137160293040074
-252.39603960396042,1.1486753169509345
-252.3762376237624,1.183572872514077
-252.35643564356437,1.2183152833077673
-252.33663366336634,1.2528160983237862
-252.31683168316832,1.2869951074279364
-252.2970297029703,1.3207777090076862
-252.2772277227723,1.3540943586831804
-252.25742574257427,1.386880090971439
-252.23762376237624,1.4190741057651675
-252.21782178217822,1.450619411865611
-252.1980198019802,1.4814625204041043
-252.17821782178217,1.5115531816780743
-252.1584158415842,1.5408441596392168
-252.13861386138615,1.5692910389600896
-252.11881188118812,1.5968520602461491
-252.0990099009901,1.6234879795418773
-252.07920792079207,1.649161948799056
-252.05940594059405,1.6738394144329982
-252.03960396039608,1.6974880314933634
-252.01980198019805,1.7200775913243753
-252.0,1.7415799608913958
-251.98019801980197,1.7619690322116024
-251.96039603960395,1.7812206805519513
-251.94059405940592,1.7993127302522465
-251.92079207920796,1.8162249271992756
-251.90099009900993,1.8319389171236569
-251.8811881188119,1.8464382290175756
-251.86138613861385,1.85970826308169
-251.84158415841583,1.871736282706104
-251.8217821782178,1.882511410075127
-251.80198019801983,1.8920246250608945
-251.7821782178218,1.9002687671381477
-251.76237623762378,1.9072385401127696
-251.74257425742576,1.9129305195122415
-251.7227722772277,1.9173431625361461
-251.70297029702968,1.9204768205125078
-251.6831683168317,1.9223337538496288
-251.6633663366337,1.922918149515343
-251.64356435643566,1.922236141116251
-251.62376237623764,1.9202958316886167
-251.6039603960396,1.9171073193515646
-251.58415841584156,1.9126827260111536
-251.5643564356436,1.907036229341738
-251.54455445544556,1.9001840983086906
-251.52475247524754,1.8921447325334166
-251.5049504950495,1.8829387058384628
-251.4851485148515,1.8725888143454805
-251.46534653465346,1.8611201295325075
-251.44554455445547,1.8485600566874663
-251.42574257425744,1.8349383992205863
-251.40594059405942,1.8202874293181015
-251.3861386138614,1.8046419654294101
-251.36633663366337,1.7880394570773004
-251.34653465346534,1.7705200774605088
-251.32673267326734,1.752126824274083
-251.30693069306932,1.7329056290985416
-251.2871287128713,1.7129054755937454
-251.26732673267327,1.692178526566735
-251.24752475247524,1.6707802597495698
-251.22772277227722,1.6487696118069513
-251.20792079207922,1.6262091296729366
-251.1881188118812,1.6031651277680965
-251.16831683168317,1.579707848945262
-251.14851485148515,1.555911626123978
-251.12871287128712,1.531855040469404
-251.1089108910891,1.5076210706194126
-251.08910891089113,1.4832972258385217
-251.06930693069307,1.4589756540607899
-251.04950495049505,1.4347532135783971
-251.02970297029702,1.4107314946658756
-251.009900990099,1.3870167747737405
-250.99009900990097,1.3637198882084949
-250.970297029703,1.3409559886446907
-250.95049504950498,1.3188441806885853
-250.93069306930693,1.2975069954378602
-250.9108910891089,1.2770696850714798
-250.89108910891088,1.2576593135578622
-250.87128712871285,1.2394036252279137
-250.85148514851488,1.222429680809744
-250.83168316831686,1.2068622619708234
-250.81188118811883,1.1928220605184314
-250.79207920792078,1.18042368669623
-250.77227722772275,1.1697735513296794
-250.75247524752473,1.1609676970130576
-250.73267326732676,1.1540896715402376
-250.71287128712873,1.1492085494318336
-250.6930693069307,1.1463772118908493
-250.67326732673268,1.1456309897392865
-250.65346534653463,1.1469867570798338
-250.6336633663366,1.150442536539618
-250.61386138613864,1.1559776426957042
-250.5940594059406,1.1635533527428104
-250.5742574257426,1.1731140573594359
-250.55445544554456,1.184588814491768
-250.53465346534654,1.1978932077114282
-250.51485148514848,1.212931400561873
-250.49504950495052,1.2295982787609847
-250.4752475247525,1.247781581647835
-250.45544554455446,1.2673639402660564
-250.43564356435644,1.288224759039162
-250.41584158415841,1.3102418983935047
-250.3960396039604,1.3332931347609556
-250.3762376237624,1.3572573907117325
-250.35643564356437,1.3820157408036726
-250.33663366336634,1.407452207953255
-250.31683168316832,1.4334543710164984
-250.2970297029703,1.4599138073372715
-250.27722772277227,1.486726394894985
-250.2574257425743,1.5137924979765771
-250.23762376237624,1.5410170585498704
-250.21782178217822,1.5683096131708099
-250.1980198019802,1.5955842526507988
-250.17821782178217,1.6227595390821852
-250.15841584158414,1.6497583923259327
-250.13861386138618,1.6765079557983216
-250.11881188118815,1.7029394493972483
-250.0990099009901,1.7289880156966841
-250.07920792079207,1.754592564098763
-250.05940594059405,1.7796956164466302
-250.03960396039602,1.8042431566379764
-250.01980198019805,1.828184486009796
-250.00000000000003,1.8514720856583484
-249.980198019802,1.8740614863884766
-249.96039603960395,1.8959111466273537
-249.94059405940592,1.9169823383686735
-249.9207920792079,1.9372390410167506
-249.90099009900993,1.956647842859319
-249.8811881188119,1.9751778498019
-249.86138613861388,1.9928006009352206
-249.84158415841586,2.009489990470879
-249.8217821782178,2.025222195564917
-249.80198019801978,2.0399756095468544
-249.7821782178218,2.053730780080621
-249.76237623762378,2.0664703517999894
-249.74257425742576,2.078179012982022
-249.72277227722773,2.0888434458461846
-249.7029702970297,2.098452280092731
-249.68316831683165,2.1069960493204056
-249.6633663366337,2.1144671499902716
-249.64356435643566,2.1208598026283294
-249.62376237623764,2.1261700149847687
-249.6039603960396,2.1303955468917244
-249.58415841584159,2.1335358765837587
-249.56435643564356,2.1355921682668466
-249.54455445544556,2.136567240741196
-249.52475247524754,2.136465536901565
-249.5049504950495,2.135293093955776
-249.4851485148515,2.1330575142176147
-249.46534653465346,2.129767936344458
-249.44554455445544,2.1254350069028782
-249.42574257425744,2.120070852157366
-249.40594059405942,2.113689049987507
-249.3861386138614,2.1063046018486316
-249.36633663366337,2.0979339046989565
-249.34653465346534,2.088594722823656
-249.32673267326732,2.0783061594922816
-249.30693069306932,2.067088628391057
-249.2871287128713,2.054963824775716
-249.26732673267327,2.041954696293378
-249.24752475247524,2.0280854134239488
-249.22772277227722,2.013381339492204
-249.2079207920792,1.9978690002013921
-249.18811881188122,1.981576052637465
-249.16831683168317,1.9645312536900905
-249.14851485148515,1.9467644278322151
-249.12871287128712,1.9283064341942284
-249.1089108910891,1.9091891328610262
-249.08910891089107,1.8894453503114177
-249.0693069306931,1.8691088439080583
-249.04950495049508,1.84821426533318
-249.02970297029702,1.826797122850362
-249.009900990099,1.8048937422552207
-248.99009900990097,1.782541226358472
-248.97029702970295,1.7597774128228179
-248.95049504950498,1.7366408301509118
-248.93069306930695,1.7131706515952256
-248.91089108910893,1.6894066467317606
-248.89108910891088,1.6653891304090576
-248.87128712871285,1.6411589087519098
-248.85148514851483,1.6167572218660409
-248.83168316831686,1.5922256828568593
-248.81188118811883,1.5676062127433832
-248.7920792079208,1.5429409708182935
-248.77227722772278,1.5182722799796287
-248.75247524752473,1.493642546539974
-248.7326732673267,1.4690941740086791
-248.71287128712873,1.444669470343982
-248.6930693069307,1.4204105481894143
-248.67326732673268,1.3963592176456117
-248.65346534653466,1.3725568711900902
-248.63366336633663,1.3490443604476332
-248.61386138613858,1.3258618646382272
-248.5940594059406,1.3030487506916903
-248.5742574257426,1.2806434252236083
-248.55445544554456,1.2586831788173203
-248.53465346534654,1.2372040233544461
-248.5148514851485,1.2162405234799494
-248.4950495049505,1.1958256236735068
-248.4752475247525,1.17599047281991
-248.45544554455446,1.1567642486158976
-248.43564356435644,1.1381739846030128
-248.41584158415841,1.1202444030558139
-248.3960396039604,1.1029977573575442
-248.37623762376236,1.086453687832555
-248.3564356435644,1.0706290952479016
-248.33663366336634,1.0555380363141327
-248.31683168316832,1.0411916454817614
-248.2970297029703,1.027598087121566
-248.27722772277227,1.0147625417808017
-248.25742574257424,1.002687229618673
-248.23762376237627,0.9913714733525276
-248.21782178217825,0.9808118021121421
-248.1980198019802,0.9710020965376522
-248.17821782178217,0.9619337743129507
-248.15841584158414,0.9535960141535021
-248.13861386138612,0.9459760151233673
-248.11881188118815,0.9390592870976423
-248.09900990099013,0.9328299672643435
-248.0792079207921,0.9272711568166213
-248.05940594059405,0.9223652714510456
-248.03960396039602,0.918094398974961
-248.019801980198,0.9144406572362779
-248.00000000000003,0.9113865457080345
-247.980198019802,0.908915284363566
-247.96039603960398,0.9070111339329037
-247.94059405940595,0.9056596922006845
-247.9207920792079,0.904848161652415
-247.90099009900987,0.9045655844650855
-247.8811881188119,0.9048030415401631
-247.86138613861388,0.9055538129685315
-247.84158415841586,0.9068134979839318
-247.82178217821783,0.9085800930949903
-247.8019801980198,0.9108540276857611
-247.78217821782175,0.91363815694472
-247.76237623762378,0.9169377125304891
-247.74257425742576,0.9207602119183631
-247.72277227722773,0.9251153279042065
-247.7029702970297,0.9300147202788082
-247.68316831683168,0.9354718322282137
-247.66336633663366,0.9415016545638019
-247.64356435643566,0.9481204614301671
-247.62376237623764,0.9553455216676051
-247.6039603960396,0.9631947904991713
-247.58415841584159,0.9716865866470227
-247.56435643564356,0.9808392603343569
-247.54455445544554,0.9906708578706463
-247.52475247524754,1.0011987886274258
-247.5049504950495,1.0124395001689444
-247.4851485148515,1.0244081670972092
-247.46534653465346,1.037118398799639
-247.44554455445544,1.0505819707589643
-247.4257425742574,1.0648085834143872
-247.40594059405942,1.0798056517789585
-247.3861386138614,1.0955781281520318
-247.36633663366337,1.1121283593582143
-247.34653465346534,1.1294559790339176
-247.32673267326732,1.1475578346105293
-247.3069306930693,1.166427947842801
-247.28712871287132,1.186057507033122
-247.26732673267327,1.2064348885265357
-247.24752475247524,1.2275457046113463
-247.22772277227722,1.2493728746590198
-247.2079207920792,1.271896716171763
-247.18811881188117,1.2950950523652642
-247.1683168316832,1.3189433329829747
-247.14851485148517,1.3434147651976842
-247.12871287128712,1.3684804516863438
-247.1089108910891,1.3941095332442872
-247.08910891089107,1.4202693336165513
-247.06930693069305,1.4469255045497325
-247.04950495049508,1.474042169393106
-247.02970297029705,1.5015820638914132
-247.00990099009903,1.5295066731046199
-246.99009900990097,1.5577763636566022
-246.97029702970295,1.5863505107510363
-246.95049504950492,1.6151876195974921
-246.93069306930695,1.6442454410639484
-246.91089108910893,1.6734810815145922
-246.8910891089109,1.7028511069062637
-246.87128712871288,1.7323116413060944
-246.85148514851483,1.7618184600591695
-246.8316831683168,1.791327077882108
-246.81188118811883,1.8207928321891387
-246.7920792079208,1.8501709619739408
-246.77227722772278,1.8794166825768759
-246.75247524752476,1.908485256664148
-246.73267326732673,1.9373320617363092
-246.71287128712868,1.965912654469268
-246.6930693069307,1.9941828321732686
-246.67326732673268,2.0220986916352737
-246.65346534653466,2.0496166855892564
-246.63366336633663,2.0766936770370457
-246.6138613861386,2.1032869916209407
-246.59405940594058,2.1293544682283287
-246.5742574257426,2.1548545079884756
-246.55445544554456,2.1797461218027023
-246.53465346534654,2.2039889765316967
-246.5148514851485,2.2275434399471914
-246.4950495049505,2.2503706245405874
-246.47524752475246,2.2724324302677523
-246.4554455445545,2.293691586296887
-246.43564356435644,2.3141116918161493
-246.41584158415841,2.3336572559478426
-246.3960396039604,2.3522937368083054
-246.37623762376236,2.369987579745322
-246.35643564356434,2.3867062547792064
-246.33663366336637,2.4024182932687164
-246.31683168316835,2.4170933238192593
-246.2970297029703,2.4307021074477344
-246.27722772277227,2.4432165720163597
-246.25742574257424,2.454609845946599
-246.23762376237622,2.4648562912238305
-246.21782178217825,2.473931535703625
-246.19801980198022,2.4818125047318556
-246.1782178217822,2.488477452092294
-246.15841584158414,2.493905990298327
-246.13861386138612,2.49807912024862
-246.1188118811881,2.5009792602706153
-246.09900990099013,2.5025902745811788
-246.0792079207921,2.5028975011990715
-246.05940594059408,2.5018877793514362
-246.03960396039605,2.499549476423979
-246.019801980198,2.495872514513912
-245.99999999999997,2.4908483966551986
-245.980198019802,2.4844702327974244
-245.96039603960398,2.476732765633247
-245.94059405940595,2.4676323963848303
-245.92079207920793,2.4571672106772384
-245.9009900990099,2.445337004646643
-245.88118811881185,2.4321433114541717
-245.86138613861388,2.417589428401947
-245.84158415841586,2.401680444877865
-245.82178217821783,2.3844232713893367
-245.8019801980198,2.3658266699853403
-245.78217821782178,2.3459012864106477
-245.76237623762376,2.324659684387522
-245.74257425742576,2.3021163824791278
-245.72277227722773,2.278287894057181
-245.7029702970297,2.253192770974734
-245.68316831683168,2.2268516516359766
-245.66336633663366,2.1992873142599585
-245.64356435643563,2.1705247362566182
-245.62376237623764,2.140591160774604
-245.6039603960396,2.109516171643303
-245.58415841584159,2.0773317781208047
-245.56435643564356,2.0440725110780953
-245.54455445544554,2.00977553250313
-245.5247524752475,1.974480760500046
-245.5049504950495,1.93823101229522
-245.4851485148515,1.901072168146424
-245.46534653465346,1.8630533594900738
-245.44554455445544,1.8242271851572018
-245.4257425742574,1.7846499600426828
-245.4059405940594,1.7443820012215916
-245.38613861386142,1.7034879571629882
-245.36633663366337,1.6620371863735932
-245.34653465346534,1.620104192478115
-245.32673267326732,1.577769123347403
-245.3069306930693,1.5351183423249681
-245.28712871287127,1.4922450797266156
-245.2673267326733,1.4492501723724394
-245.24752475247527,1.4062428976228964
-245.22772277227722,1.3633419057539133
-245.2079207920792,1.3206762498490763
-245.18811881188117,1.2783865047925598
-245.16831683168314,1.2366259552080126
-245.14851485148517,1.1955618147909504
-245.12871287128715,1.1553764146624084
-245.10891089108912,1.1162682643260997
-245.08910891089107,1.0784528441660266
-245.06930693069305,1.0421629331256501
-245.04950495049502,1.0076482119944945
-245.02970297029705,0.9751738192020711
-245.00990099009903,0.9450174871170443
-244.990099009901,0.9174648767439424
-244.97029702970298,0.8928027902602336
-244.95049504950492,0.8713101097393107
-244.9306930693069,0.8532466113195731
-244.91089108910893,0.8388402289763589
-244.8910891089109,0.8282738278143209
-244.87128712871288,0.8216729676700781
-244.85148514851485,0.8190963309402777
-244.83168316831683,0.8205303179149767
-244.81188118811878,0.8258887481286363
-244.7920792079208,0.8350177671687394
-244.77227722772278,0.8477051836730755
-244.75247524752476,0.8636928070246674
-244.73267326732673,0.8826900834089823
-244.7128712871287,0.9043874460568756
-244.69306930693068,0.928468188132572
-244.67326732673268,0.9546181667240591
-244.65346534653466,0.9825331098281562
-244.63366336633663,1.0119236425186418
-244.6138613861386,1.0425183526502662
-244.59405940594058,1.074065300194951
-244.57425742574256,1.1063323741203048
-244.5544554455446,1.1391068529003316
-244.53465346534654,1.1721944572376037
-244.5148514851485,1.2054181142859974
-244.4950495049505,1.2386165910974312
-244.47524752475246,1.2716431048915575
-244.45544554455444,1.3043639793715462
-244.43564356435647,1.3366573883123187
-244.41584158415844,1.3684122080636174
-244.3960396039604,1.3995269874610619
-244.37623762376236,1.429909035204777
-244.35643564356434,1.4594736196669296
-244.3366336633663,1.488143273278225
-244.31683168316835,1.515847192349585
-244.29702970297032,1.5425207228650195
-244.2772277227723,1.5681049230569268
-244.25742574257424,1.5925461941914318
-244.23762376237622,1.6157959717815646
-244.2178217821782,1.6378104703027743
-244.19801980198022,1.6585504753428337
-244.1782178217822,1.6779811779388039
-244.15841584158417,1.6960720466162198
-244.13861386138615,1.7127967333426086
-244.1188118811881,1.7281330102360368
-244.09900990099007,1.7420627344322488
-244.0792079207921,1.754571839016069
-244.05940594059408,1.7656503483682278
-244.03960396039605,1.775292416673612
-244.01980198019803,1.78349638868544
-244.0,1.7902648821447171
-243.98019801980195,1.79560489151884
-243.96039603960398,1.7995279129463895
-243.94059405940595,1.8020500904565129
-243.92079207920793,1.8031923836659531
-243.9009900990099,1.802980757239302
-243.88118811881188,1.8014463924172401
-243.86138613861385,1.7986259208614594
-243.84158415841586,1.794561680914831
-243.82178217821783,1.7893019961086902
-243.8019801980198,1.7829014753384498
-243.78217821782178,1.7754213335381646
-243.76237623762376,1.7669297308749907
-243.74257425742573,1.757502127407219
-243.72277227722773,1.7472216487533196
-243.7029702970297,1.73617945654734
-243.68316831683168,1.7244751152541244
-243.66336633663366,1.7122169442363453
-243.64356435643563,1.6995223407741635
-243.6237623762376,1.6865180560342792
-243.6039603960396,1.67334040181691
-243.58415841584159,1.6601353613955405
-243.56435643564356,1.6470585731261076
-243.54455445544554,1.634275151088834
-243.5247524752475,1.6219593033463846
-243.50495049504948,1.610293706135211
-243.48514851485152,1.5994685923032332
-243.46534653465346,1.5896805155367404
-243.44554455445544,1.5811307593844008
-243.4257425742574,1.5740233726573667
-243.4059405940594,1.568562830980011
-243.38613861386136,1.564951347985967
-243.3663366336634,1.5633858879174662
-243.34653465346537,1.5640549621454083
-243.32673267326732,1.56713532225577
-243.3069306930693,1.5727886878842163
-243.28712871287127,1.5811586641630553
-243.2673267326733,1.5923680076998654
-243.24752475247527,1.606516389025269
-243.22772277227725,1.6236787731300328
-243.20792079207922,1.6439045002276678
-243.18811881188117,1.667217100671184
-243.16831683168314,1.693614826984223
-243.14851485148517,1.7230718385786306
-243.12871287128715,1.7555399364256428
-243.10891089108912,1.7909507194263463
-243.0891089108911,1.8292180229062946
-243.06930693069307,1.8702405017433752
-243.04950495049502,1.9139042336300742
-243.02970297029705,1.9600852384233187
-243.00990099009903,2.008651833809358
-242.990099009901,2.0594667723781575
-242.97029702970298,2.1123891282061282
-242.95049504950495,2.1672759206211225
-242.93069306930693,2.2239834782342998
-242.91089108910893,2.282368557490062
-242.8910891089109,2.3422892372768214
-242.87128712871288,2.4036056151770904
-242.85148514851485,2.4661803324254628
-242.83168316831683,2.52987895428147
-242.8118811881188,2.594570230920524
-242.79207920792084,2.66012626159817
-242.77227722772278,2.726422582132205
-242.75247524752476,2.7933381929464876
-242.73267326732673,2.8607555422137665
-242.7128712871287,2.92856047613433
-242.69306930693068,2.9966421661530163
-242.6732673267327,3.0648930209704757
-242.6534653465347,3.1332085895441923
-242.63366336633663,3.201487459882121
-242.6138613861386,3.2696311572813306
-242.59405940594058,3.3375440447263367
-242.57425742574256,3.405133227406637
-242.5544554455446,3.4723084627121974
-242.53465346534657,3.538982076593377
-242.51485148514854,3.6050688868049248
-242.4950495049505,3.670486133272926
-242.47524752475246,3.73515341561192
-242.45544554455444,3.798992637662927
-242.43564356435647,3.8619279588103765
-242.41584158415844,3.923885751757412
-242.39603960396042,3.9847945663871434
-242.3762376237624,4.044585099305728
-242.35643564356434,4.103190168647479
-242.3366336633663,4.1605446937175214
-242.31683168316835,4.216585679051968
-242.29702970297032,4.2712522024858215
-242.2772277227723,4.324485406833515
-242.25742574257427,4.376228494804647
-242.23762376237624,4.4264267267966275
-242.2178217821782,4.475027421226413
-242.19801980198022,4.5219799570841115
-242.1782178217822,4.567235778411781
-242.15841584158417,4.610748400430889
-242.13861386138615,4.65247341706145
-242.11881188118812,4.692368509594578
-242.0990099009901,4.730393456298139
-242.0792079207921,4.766510142751975
-242.05940594059408,4.800682572725596
-242.03960396039605,4.832876879425941
-242.01980198019803,4.863061336957538
-242.0,4.8912063718505685
-241.98019801980197,4.917284574525106
-241.96039603960398,4.9412707105717875
-241.94059405940595,4.963141731740366
-241.92079207920793,4.982876786538263
-241.9009900990099,5.000457230351422
-241.88118811881188,5.015866635009093
-241.86138613861385,5.029090797723589
-241.84158415841586,5.040117749344584
-241.82178217821783,5.048937761875847
-241.8019801980198,5.055543355210544
-241.78217821782178,5.059929303048764
-241.76237623762376,5.062092637968738
-241.74257425742573,5.062032655630346
-241.72277227722776,5.059750918096938
-241.7029702970297,5.055251256268542
-241.68316831683168,5.048539771426473
-241.66336633663366,5.0396248358966
-241.64356435643563,5.0285170928452665
-241.6237623762376,5.015229455229071
-241.60396039603964,4.999777103926675
-241.5841584158416,4.982177485087951
-241.56435643564356,4.962450306743035
-241.54455445544554,4.940617534721155
-241.5247524752475,4.916703387936567
-241.50495049504948,4.890734333106629
-241.48514851485152,4.862739078974522
-241.4653465346535,4.832748570117516
-241.44554455445547,4.8007959804290765
-241.4257425742574,4.766916706371847
-241.4059405940594,4.731148360106446
-241.38613861386136,4.693530762609328
-241.3663366336634,4.654105936901368
-241.34653465346537,4.612918101516906
-241.32673267326734,4.5700136643506895
-241.30693069306932,4.525441217028102
-241.28712871287127,4.47925152995049
-241.26732673267324,4.431497548173789
-241.24752475247527,4.382234388283404
-241.22772277227725,4.33151933643141
-241.20792079207922,4.279411847703516
-241.1881188118812,4.225973546981372
-241.16831683168317,4.171268231460693
-241.14851485148512,4.115361874975889
-241.12871287128715,4.058322634266503
-241.10891089108912,4.000220857298088
-241.0891089108911,3.9411290937185903
-241.06930693069307,3.881122107488881
-241.04950495049505,3.8202768916698817
-241.02970297029702,3.758672685276313
-241.00990099009903,3.6963909920142948
-240.990099009901,3.633515600603425
-240.97029702970298,3.5701326062380905
-240.95049504950495,3.5063304325625557
-240.93069306930693,3.4421998533135625
-240.9108910891089,3.377834012515612
-240.89108910891093,3.3133284417905586
-240.87128712871288,3.248781072956475
-240.85148514851485,3.1842922436333225
-240.83168316831683,3.1199646930363834
-240.8118811881188,3.055903544517326
-240.79207920792078,2.99221627070235
-240.7722772277228,2.929012636276368
-240.75247524752479,2.8664046125780023
-240.73267326732673,2.8045062572141544
-240.7128712871287,2.7434335509008605
-240.69306930693068,2.6833041827273334
-240.67326732673266,2.624237274081322
-240.6534653465347,2.566353030645633
-240.63366336633666,2.509772311285969
-240.61386138613864,2.454616102433065
-240.59405940594058,2.4010048868812937
-240.57425742574256,2.349057896968272
-240.55445544554453,2.298892244065837
-240.53465346534657,2.2506219193989456
-240.51485148514854,2.2043566655812077
-240.49504950495052,2.1602007240154033
-240.4752475247525,2.1182514704447115
-240.45544554455444,2.0785979592949926
-240.4356435643564,2.0413194066614055
-240.41584158415844,2.0064836512865085
-240.39603960396042,1.9741456418547831
-240.3762376237624,1.9443460064185756
-240.35643564356437,1.9171097647142084
-240.33663366336634,1.8924452455169998
-240.3168316831683,1.8703432682281498
-240.29702970297032,1.8507766401803059
-240.2772277227723,1.8337000088130675
-240.25742574257427,1.8190500916149266
-240.23762376237624,1.8067462878229157
-240.21782178217822,1.7966916560001382
-240.1980198019802,1.7887742226469856
-240.1782178217822,1.7828685707298633
-240.15841584158417,1.778837644870498
-240.13861386138615,1.7765347028227807
-240.11881188118812,1.77580534103175
-240.0990099009901,1.7764895251666228
-240.07920792079207,1.7784235636993093
-240.05940594059408,1.781441972705228
-240.03960396039605,1.7853791918234996
-240.01980198019803,1.7900711235275384
-240.0,1.7953564795158063
-239.98019801980197,1.8010779283994292
-239.96039603960398,1.8070830474845148
-239.94059405940595,1.8132250881321212
-239.9207920792079,1.8193635689467358
-239.9009900990099,1.825364714064146
-239.88118811881188,1.8311017553399302
-239.86138613861385,1.8364551175777313
-239.84158415841586,1.8413125053796757
-239.82178217821783,1.8455689090214493
-239.8019801980198,1.8491265451850591
-239.78217821782178,1.8518947466095976
-239.76237623762376,1.8537898128878298
-239.74257425742573,1.8547348328470794
-239.72277227722773,1.8546594872743003
-239.7029702970297,1.8534998392199216
-239.68316831683168,1.8511981177633798
-239.66336633663366,1.8477024999509317
-239.64356435643563,1.8429668946192
-239.6237623762376,1.8369507309852613
-239.6039603960396,1.8296187542009346
-239.58415841584159,1.8209408295204583
-239.56435643564356,1.8108917562997051
-239.54455445544556,1.7994510927176242
-239.5247524752475,1.7866029918725213
-239.50495049504948,1.772336049745574
-239.4851485148515,1.7566431654325079
-239.46534653465346,1.7395214140135535
-239.44554455445544,1.7209719324571664
-239.42574257425744,1.7009998190313254
-239.40594059405942,1.6796140468268648
-239.38613861386136,1.6568273921824828
-239.36633663366337,1.6326563790452178
-239.34653465346534,1.6071212406111868
-239.32673267326732,1.58024589998052
-239.30693069306932,1.5520579720431988
-239.2871287128713,1.5225887894102725
-239.26732673267327,1.4918734559446303
-239.24752475247524,1.4599509323636537
-239.22772277227722,1.426864159527977
-239.2079207920792,1.3926602264572234
-239.1881188118812,1.3573905918991658
-239.16831683168317,1.3211113705227384
-239.14851485148515,1.2838836976284786
-239.12871287128715,1.245774189827327
-239.1089108910891,1.20685552361855
-239.08910891089107,1.1672071594257838
-239.06930693069307,1.1269162456847999
-239.04950495049505,1.0860787462863173
-239.02970297029702,1.04480084529311
-239.00990099009903,1.0032006954554962
-238.990099009901,0.9614105913620037
-238.97029702970295,0.9195796630243936
-238.95049504950495,0.8778771987180911
-238.93069306930693,0.8364967115299824
-238.9108910891089,0.7956608517599587
-238.8910891089109,0.7556272179209467
-238.87128712871288,0.7166949998473505
-238.85148514851485,0.6792121465032906
-238.83168316831683,0.6435823153062123
-238.8118811881188,0.6102701465545395
-238.79207920792078,0.5798023726210981
-238.77227722772278,0.5527610327482056
-238.75247524752476,0.5297641029109172
-238.73267326732673,0.5114292169816201
-238.71287128712873,0.4983193177388934
-238.69306930693068,0.49087586547396056
-238.67326732673266,0.4893539098122663
-238.65346534653466,0.49377863795411986
-238.63366336633663,0.503939156211042
-238.6138613861386,0.5194220547710955
-238.5940594059406,0.5396724249862989
-238.5742574257426,0.5640626756685654
-238.55445544554453,0.5919523334673604
-238.53465346534654,0.6227303808789274
-238.5148514851485,0.65583953452134
-238.4950495049505,0.6907862352162625
-238.4752475247525,0.7271412283459181
-238.45544554455446,0.7645349107616586
-238.43564356435644,0.8026503644381924
-238.41584158415841,0.8412158486085767
-238.3960396039604,0.8799976915270973
-238.37623762376236,0.9187939991810509
-238.35643564356437,0.9574293007458796
-238.33663366336634,0.9957500985867702
-238.31683168316832,1.0336212239588762
-238.2970297029703,1.070922879164385
-238.27722772277227,1.1075482494887652
-238.25742574257427,1.1434015807403246
-238.23762376237624,1.1783966338223006
-238.21782178217822,1.2124554431523826
-238.19801980198022,1.2455073194918334
-238.1782178217822,1.2774880494121463
-238.15841584158414,1.3083392532371043
-238.13861386138615,1.3380078710745733
-238.11881188118812,1.3664457527787794
-238.0990099009901,1.3936093326391905
-238.0792079207921,1.4194593735248122
-238.05940594059408,1.4439607683316438
-238.03960396039605,1.467082389057386
-238.01980198019803,1.4887969757976494
-238.0,1.5090810595309023
-237.98019801980197,1.5279149138195245
-237.96039603960398,1.5452825315694951
-237.94059405940595,1.561171623811556
-237.92079207920793,1.5755736381341248
-237.9009900990099,1.5884837949426465
-237.88118811881188,1.599901140165601
-237.86138613861385,1.6098286133921518
-237.84158415841586,1.6182731307234424
-237.82178217821783,1.6252456818576784
-237.8019801980198,1.630761441115192
-237.7821782178218,1.6348398922444514
-237.76237623762376,1.6375049669354758
-237.74257425742573,1.6387851969979437
-237.72277227722773,1.638713880132746
-237.7029702970297,1.637329259127863
-237.68316831683168,1.6346747141293727
-237.6633663366337,1.6307989673604113
-237.64356435643566,1.6257562992637318
-237.6237623762376,1.619606774503836
-237.6039603960396,1.6124164755537793
-237.58415841584159,1.604257740678295
-237.56435643564356,1.5952094019749794
-237.54455445544556,1.5853570177152814
-237.52475247524754,1.5747930915055897
-237.5049504950495,1.5636172687433791
-237.4851485148515,1.551936498467276
-237.46534653465346,1.539865146010166
-237.44554455445544,1.527525038918414
-237.42574257425744,1.5150454255072674
-237.40594059405942,1.5025628223633705
-237.3861386138614,1.4902207243511871
-237.3663366336634,1.4781691486026227
-237.34653465346534,1.4665639830514656
-237.32673267326732,1.4555661108949027
-237.30693069306932,1.445340285568079
-237.2871287128713,1.4360537370418933
-237.26732673267327,1.4278745000273303
-237.24752475247527,1.4209694682638145
-237.22772277227725,1.4155021963374874
-237.2079207920792,1.4116304906890125
-237.1881188118812,1.4095038532127568
-237.16831683168317,1.4092608620136444
-237.14851485148515,1.4110265918318314
-237.12871287128715,1.4149101885255095
-237.10891089108912,1.4210027152592382
-237.0891089108911,1.4293753809613257
-237.06930693069307,1.4400782437988482
-237.04950495049505,1.4531394550846852
-237.02970297029702,1.4685650749334247
-237.00990099009903,1.4863394540099526
-236.990099009901,1.506426140200873
-236.97029702970298,1.5287692389761942
-236.95049504950498,1.5532951345594344
-236.93069306930693,1.5799144672977439
-236.9108910891089,1.6085242607987713
-236.8910891089109,1.6390100991587946
-236.87128712871288,1.671248267774461
-236.85148514851485,1.705107788285437
-236.83168316831686,1.740452296718823
-236.81188118811883,1.7771417318982656
-236.79207920792078,1.8150338172182816
-236.77227722772278,1.8539853321417064
-236.75247524752476,1.8938531799489982
-236.73267326732673,1.9344952654367813
-236.71287128712873,1.975771200768221
-236.6930693069307,2.0175428599879077
-236.67326732673268,2.059674803333455
-236.65346534653466,2.1020345918810195
-236.63366336633663,2.144493011665267
-236.6138613861386,2.186924224548165
-236.5940594059406,2.229205861029758
-236.5742574257426,2.27121906807836
-236.55445544554456,2.3128485230293894
-236.53465346534654,2.353982422735075
-236.5148514851485,2.3945124554807946
-236.4950495049505,2.434333761731533
-236.4752475247525,2.473344888531284
-236.45544554455446,2.5114477413366805
-236.43564356435644,2.5485475362040777
-236.41584158415844,2.5845527545468636
-236.3960396039604,2.619375102114607
-236.37623762376236,2.6529294733979882
-236.35643564356437,2.685133922314244
-236.33663366336634,2.715909639761375
-236.31683168316832,2.7451809384305426
-236.29702970297032,2.7728752451237977
-236.2772277227723,2.7989231007276727
-236.25742574257424,2.823258167935195
-236.23762376237624,2.845817246781687
-236.21782178217822,2.866540298059314
-236.1980198019802,2.8853704746972295
-236.1782178217822,2.902254161235463
-236.15841584158417,2.9171410215799938
-236.13861386138615,2.9299840553018988
-236.11881188118812,2.9407396628352505
-236.0990099009901,2.949367720036548
-236.07920792079207,2.955831662693937
-236.05940594059408,2.9600985817185856
-236.03960396039605,2.9621393299156216
-236.01980198019803,2.9619286414207107
-236.0,2.9594452651039433
-235.98019801980197,2.9546721134890905
-235.96039603960395,2.947596429018915
-235.94059405940595,2.9382099698206257
-235.92079207920793,2.9265092174974
-235.9009900990099,2.9124956098984214
-235.8811881188119,2.896175802309892
-235.86138613861385,2.877561961071916
-235.84158415841583,2.8566720942704142
-235.82178217821783,2.8335304248893483
-235.8019801980198,2.8081678126464475
-235.78217821782178,2.7806222316830493
-235.76237623762378,2.7509393123417176
-235.74257425742576,2.7191729564437117
-235.7227722772277,2.6853860367635085
-235.7029702970297,2.6496511927662576
-235.68316831683168,2.6120517360804922
-235.66336633663366,2.5726826805430383
-235.64356435643566,2.5316519128459176
-235.62376237623764,2.489081520633288
-235.6039603960396,2.445109295032399
-235.58415841584159,2.3998904236033582
-235.56435643564356,2.3535993869058554
-235.54455445544554,2.3064320663903786
-235.52475247524754,2.258608061873346
-235.5049504950495,2.2103732017891793
-235.4851485148515,2.1620022066164952
-235.4653465346535,2.1138014328211527
-235.44554455445544,2.066111578578519
-235.4257425742574,2.0193101708872754
-235.40594059405942,1.973813575045417
-235.3861386138614,1.9300781730646166
-235.36633663366337,1.8886002536583208
-235.34653465346537,1.8499140571028203
-235.32673267326734,1.8145873486589776
-235.3069306930693,1.7832138919630702
-235.2871287128713,1.7564023063029748
-235.26732673267327,1.7347610661151136
-235.24752475247524,1.7188798642090473
-235.22772277227725,1.709308191193426
-235.20792079207922,1.7065326888890122
-235.1881188118812,1.7109554457811231
-235.16831683168317,1.7228757085013626
-235.14851485148515,1.7424773128516833
-235.12871287128712,1.7698234456752278
-235.10891089108912,1.804859266629071
-235.0891089108911,1.847421724387735
-235.06930693069307,1.8972549117487154
-235.04950495049508,1.9540287476557097
-235.02970297029702,2.0173587163415263
-235.009900990099,2.0868247423508444
-234.990099009901,2.161987855236551
-234.97029702970298,2.2424039151249375
-234.95049504950495,2.3276341983499313
-234.93069306930695,2.417253018592167
-234.91089108910893,2.510852778216383
-234.89108910891088,2.6080469349871764
-234.87128712871288,2.7084713708795944
-234.85148514851485,2.8117845996533086
-234.83168316831683,2.917667176809861
-234.81188118811883,3.0258205982658857
-234.7920792079208,3.1359659030949327
-234.77227722772278,3.247842135741503
-234.75247524752476,3.3612047753023817
-234.73267326732673,3.4758242029601485
-234.7128712871287,3.5914842517461354
-234.6930693069307,3.7079808635983063
-234.67326732673268,3.8251208653847204
-234.65346534653466,3.9427208666715137
-234.63366336633663,4.060606276312808
-234.6138613861386,4.1786104314942385
-234.59405940594058,4.296573830973307
-234.5742574257426,4.414343463418995
-234.55445544554456,4.531772221595797
-234.53465346534654,4.64871839340691
-234.51485148514854,4.765045221332877
-234.4950495049505,4.880620522455042
-234.47524752475246,4.995316361960567
-234.45544554455446,5.109008773736365
-234.43564356435644,5.221577522343183
-234.41584158415841,5.332905901300194
-234.39603960396042,5.442880563196788
-234.3762376237624,5.551391377677789
-234.35643564356434,5.658331313822932
-234.33663366336634,5.763596343862361
-234.31683168316832,5.867085365542601
-234.2970297029703,5.968700140784408
-234.2772277227723,6.068345248561849
-234.25742574257427,6.165928050183141
-234.23762376237624,6.261358665374181
-234.21782178217822,6.354549957757785
-234.1980198019802,6.44541752848983
-234.17821782178217,6.533879716960284
-234.15841584158417,6.619857607595419
-234.13861386138615,6.703275041910187
-234.11881188118812,6.784058635057731
-234.0990099009901,6.862137796209827
-234.07920792079207,6.937444752177854
-234.05940594059405,7.009914573750639
-234.03960396039605,7.079485204285029
-234.01980198019803,7.146097490136698
-234.0,7.209695212565793
-233.980198019802,7.270225120792878
-233.96039603960395,7.327636965917806
-233.94059405940592,7.381883535447281
-233.92079207920793,7.432920688206762
-233.9009900990099,7.480707389439457
-233.88118811881188,7.525205745919751
-233.86138613861388,7.566381040931
-233.84158415841586,7.6042017689784105
-233.8217821782178,7.638639670126985
-233.8019801980198,7.669669763872428
-233.78217821782178,7.697270382469772
-233.76237623762376,7.721423203660661
-233.74257425742576,7.742113282755097
-233.72277227722773,7.759329084038304
-233.7029702970297,7.773062511487587
-233.68316831683168,7.783308938797456
-233.66336633663366,7.790067238725169
-233.64356435643563,7.79333981178181
-233.62376237623764,7.793132614307477
-233.6039603960396,7.789455185981916
-233.58415841584159,7.782320676835477
-233.5643564356436,7.77174587383789
-233.54455445544554,7.757751227156109
-233.5247524752475,7.740360876185258
-233.5049504950495,7.719602675470302
-233.4851485148515,7.695508220649458
-233.46534653465346,7.6681128745635245
-233.44554455445547,7.637455793688759
-233.42574257425744,7.603579955064056
-233.4059405940594,7.566532183895689
-233.3861386138614,7.526363182035436
-233.36633663366337,7.483127557539094
-233.34653465346534,7.436883855522835
-233.32673267326734,7.387694590543708
-233.30693069306932,7.33562628073732
-233.2871287128713,7.280749483949977
-233.26732673267327,7.223138836103374
-233.24752475247524,7.1628730920261106
-233.22772277227722,7.100035168977599
-233.20792079207922,7.03471219307353
-233.1881188118812,6.966995548797927
-233.16831683168317,6.896980931751353
-233.14851485148517,6.824768404737182
-233.12871287128712,6.750462457223561
-233.1089108910891,6.674172068136201
-233.0891089108911,6.596010771830701
-233.06930693069307,6.516096726959834
-233.04950495049505,6.434552787784444
-233.02970297029705,6.35150657727164
-233.00990099009903,6.2670905610726075
-232.99009900990097,6.181442121168421
-232.97029702970298,6.094703627606563
-232.95049504950495,6.007022506314842
-232.93069306930693,5.918551300463933
-232.91089108910893,5.829447722245794
-232.8910891089109,5.739874691233675
-232.87128712871288,5.65000035468417
-232.85148514851485,5.559998084227116
-232.83168316831683,5.470046442365593
-232.8118811881188,5.380329111080718
-232.7920792079208,5.291034773618475
-232.77227722772278,5.202356939253708
-232.75247524752476,5.114493699519378
-232.73267326732673,5.02764740311563
-232.7128712871287,4.942024235553614
-232.69306930693068,4.857833688649226
-232.67326732673268,4.775287904396353
-232.65346534653466,4.694600877680351
-232.63366336633663,4.615987502929785
-232.61386138613864,4.539662451355257
-232.59405940594058,4.46583886810469
-232.57425742574256,4.394726882675301
-232.55445544554456,4.326531931426661
-232.53465346534654,4.261452898121432
-232.5148514851485,4.199680087054293
-232.49504950495052,4.141393053328271
-232.4752475247525,4.086758325827237
-232.45544554455444,4.035927069823636
-232.43564356435644,3.9890327471538733
-232.41584158415841,3.946188841518266
-232.3960396039604,3.9074867236469135
-232.3762376237624,3.872993734761768
-232.35643564356437,3.8427515660580496
-232.33663366336634,3.8167750062321764
-232.31683168316832,3.795051118247402
-232.2970297029703,3.777538890930487
-232.27722772277227,3.7641693915575205
-232.25742574257427,3.7548464237143944
-232.23762376237624,3.7494476721363865
-232.21782178217822,3.74782629478176
-232.1980198019802,3.7498129038004313
-232.17821782178217,3.755217862706788
-232.15841584158414,3.763833817849581
-232.13861386138615,3.775438378514771
-232.11881188118812,3.789796861468306
-232.0990099009901,3.806665021746006
-232.0792079207921,3.8257917010085323
-232.05940594059405,3.846921336621315
-232.03960396039602,3.869796287610049
-232.01980198019803,3.894158946720829
-232.0,3.919753620122831
-231.98019801980197,3.946328167216363
-231.96039603960398,3.973635402178833
-231.94059405940595,4.0014342661441
-231.9207920792079,4.029490784286856
-231.9009900990099,4.057578825721773
-231.88118811881188,4.085480686251952
-231.86138613861385,4.112987514877073
-231.84158415841586,4.139899604868055
-231.82178217821783,4.166026569386914
-231.8019801980198,4.191187420302412
-231.78217821782178,4.215210567213232
-231.76237623762376,4.23793375189244
-231.74257425742573,4.259203931525769
-231.72277227722773,4.278877122316488
-231.7029702970297,4.296818213328237
-231.68316831683168,4.312900758871819
-231.6633663366337,4.32700675633038
-231.64356435643563,4.339026415068147
-231.6237623762376,4.348857920978256
-231.6039603960396,4.356407200287832
-231.58415841584159,4.361587685442018
-231.56435643564356,4.364320085219468
-231.54455445544556,4.364532160676229
-231.52475247524754,4.362158508058348
-231.50495049504948,4.357140349453373
-231.4851485148515,4.349425331654306
-231.46534653465346,4.338967333475491
-231.44554455445544,4.325726281578997
-231.42574257425744,4.309667974733192
-231.40594059405942,4.290763916325217
-231.3861386138614,4.268991154880157
-231.36633663366337,4.244332132295753
-231.34653465346534,4.216774539479457
-231.32673267326732,4.186311179069711
-231.30693069306932,4.152939834934362
-231.2871287128713,4.116663148162496
-231.26732673267327,4.07748849930203
-231.24752475247527,4.035427896641795
-231.22772277227722,3.9904978703947616
-231.2079207920792,3.9427193727080474
-231.1881188118812,3.892117683507
-231.16831683168317,3.8387223222764515
-231.14851485148515,3.7825669659953944
-231.12871287128715,3.723689373574692
-231.10891089108912,3.6621313173069554
-231.08910891089107,3.597938522029219
-231.06930693069307,3.531160612931672
-231.04950495049505,3.4618510732307697
-231.02970297029702,3.3900672132778227
-231.00990099009903,3.31587015311468
-230.990099009901,3.2393248210433234
-230.97029702970298,3.1604999714820745
-230.95049504950495,3.0794682262864237
-230.93069306930693,2.996306144883288
-230.9108910891089,2.911094330095502
-230.8910891089109,2.8239175785436537
-230.87128712871288,2.7348650871819493
-230.85148514851485,2.6440307311013385
-230.83168316831683,2.5515134325700832
-230.8118811881188,2.4574176478877567
-230.79207920792078,2.361854007741351
-230.77227722772278,2.264940159456258
-230.75247524752476,2.1668018774411726
-230.73267326732673,2.0675745336523845
-230.71287128712873,1.96740505672155
-230.69306930693068,1.8664545621367257
-230.67326732673266,1.764901915271734
-230.65346534653466,1.6629486077641489
-230.63366336633663,1.560825507160251
-230.6138613861386,1.4588023134522339
-230.5940594059406,1.3572009761731507
-230.5742574257426,1.2564149701357796
-230.55445544554453,1.156937304581711
-230.53465346534654,1.05940156774702
-230.5148514851485,0.9646422084208486
-230.4950495049505,0.8737821678556009
-230.4752475247525,0.7883557931075226
-230.45544554455446,0.7104659707991396
-230.43564356435644,0.6429399068615023
-230.41584158415841,0.5893607542952984
-230.3960396039604,0.5537176404399511
-230.37623762376236,0.5394146176317883
-230.35643564356437,0.5478808128329782
-230.33663366336634,0.5778063588070529
-230.31683168316832,0.6257633597449875
-230.2970297029703,0.6876010617437888
-230.27722772277227,0.7595284468377627
-230.25742574257424,0.8385331233381421
-230.23762376237624,0.92237226702435
-230.21782178217822,1.0094138661797831
-230.1980198019802,1.0984694010828366
-230.1782178217822,1.188661297987054
-230.15841584158414,1.27932810280092
-230.13861386138612,1.369959270693056
-230.11881188118812,1.4601508528345106
-230.0990099009901,1.5495753364485976
-230.07920792079207,1.6379609470547443
-230.05940594059408,1.7250772801009944
-230.03960396039605,1.8107251978653842
-230.019801980198,1.8947296320335227
-230.0,1.9769343905890557
-229.98019801980197,2.0571983654325288
-229.96039603960395,2.135392731766848
-229.94059405940595,2.2113988586675473
-229.92079207920793,2.2851067358810715
-229.9009900990099,2.3564137796849107
-229.88118811881188,2.4252239201260526
-229.86138613861385,2.491446899256075
-229.84158415841583,2.5549977290861063
-229.82178217821783,2.6157962715074046
-229.8019801980198,2.6737669121017222
-229.78217821782178,2.7288383067660478
-229.76237623762378,2.7809431851927293
-229.74257425742573,2.830018199021312
-229.7227722772277,2.8760038052920156
-229.7029702970297,2.9188441779459784
-229.68316831683168,2.9584871417237535
-229.66336633663366,2.994884124043356
-229.64356435643566,3.0279901213909244
-229.62376237623764,3.057763677500479
-229.60396039603958,3.0841668711869796
-229.58415841584159,3.1071653121673526
-229.56435643564356,3.126728143586333
-229.54455445544554,3.142828050280738
-229.52475247524754,3.155441272083979
-229.5049504950495,3.164547621705714
-229.4851485148515,3.1701305069315526
-229.46534653465346,3.17217695708335
-229.44554455445544,3.1706776538707535
-229.4257425742574,3.165626966957089
-229.40594059405942,3.15702299476549
-229.3861386138614,3.144867611272209
-229.36633663366337,3.129166519783641
-229.34653465346537,3.109929314981296
-229.32673267326732,3.087169554859082
-229.3069306930693,3.0609048445851545
-229.2871287128713,3.0311569348167535
-229.26732673267327,2.997951837607276
-229.24752475247524,2.9613199638030507
-229.22772277227725,2.921296286777659
-229.20792079207922,2.877920538550832
-229.18811881188117,2.831237445863571
-229.16831683168317,2.781297015733433
-229.14851485148515,2.7281548825289748
-229.12871287128712,2.671872731867215
-229.10891089108912,2.6125188209016104
-229.0891089108911,2.5501686201767995
-229.06930693069307,2.48490560965331
-229.04950495049505,2.4168222714092473
-229.02970297029702,2.3460213348211867
-229.009900990099,2.2726173479964427
-228.990099009901,2.196738673669228
-228.97029702970298,2.1185300412108736
-228.95049504950495,2.0381558323742235
-228.93069306930693,1.9558043418113533
-228.9108910891089,1.8716933409943557
-228.89108910891088,1.786077394830002
-228.87128712871288,1.699257545045119
-228.85148514851485,1.6115941952144437
-228.83168316831683,1.523524317047809
-228.81188118811883,1.4355844370415805
-228.79207920792078,1.3484411981130158
-228.77227722772275,1.2629314411200312
-228.75247524752476,1.1801132615817
-228.73267326732673,1.1013273676040405
-228.7128712871287,1.028262388665311
-228.6930693069307,0.9630056967976268
-228.67326732673268,0.9080407198719738
-228.65346534653463,0.8661279223111237
-228.63366336633663,0.8400043433557516
-228.6138613861386,0.8319008398793719
-228.59405940594058,0.8430204324211044
-228.5742574257426,0.8732387059427638
-228.55445544554456,0.921206693100368
-228.53465346534654,0.9847809081454129
-228.5148514851485,1.0615300800742522
-228.4950495049505,1.1491148680244483
-228.47524752475246,1.2454847605434192
-228.45544554455446,1.348934699826981
-228.43564356435644,1.4580849588638753
-228.41584158415841,1.5718310266923206
-228.3960396039604,1.68928882554056
-228.37623762376236,1.8097459677096106
-228.35643564356434,1.9326220822643376
-228.33663366336634,2.057437913931015
-228.31683168316832,2.1837917764380883
-228.2970297029703,2.311341785470111
-228.2772277227723,2.43979249061239
-228.25742574257424,2.5688848041471646
-228.23762376237622,2.6983883854325272
-228.21782178217822,2.828095852909829
-228.1980198019802,2.957818359859805
-228.17821782178217,3.087382192431196
-228.15841584158417,3.2166261384063546
-228.13861386138615,3.3453994408205574
-228.1188118811881,3.4735601984031828
-228.0990099009901,3.6009741097449846
-228.07920792079207,3.7275134836951103
-228.05940594059408,3.853056457343124
-228.03960396039605,3.977486376901739
-228.01980198019803,4.100691307209459
-228.00000000000003,4.222563643373865
-227.98019801980197,4.3429998039655695
-227.96039603960395,4.461899989647036
-227.94059405940595,4.579167994542152
-227.92079207920793,4.694711060285026
-227.9009900990099,4.80843976472543
-227.8811881188119,4.9202679388561
-227.86138613861388,5.030112606771766
-227.84158415841583,5.1378939444499
-227.82178217821783,5.243535253920587
-227.8019801980198,5.346962950011184
-227.78217821782178,5.448106557347593
-227.76237623762378,5.546898715691976
-227.74257425742576,5.643275192019484
-227.72277227722773,5.737174897998148
-227.7029702970297,5.828539911749562
-227.68316831683168,5.917315502942825
-227.66336633663366,6.003450160418142
-227.64356435643566,6.0868956216548185
-227.62376237623764,6.1676069034970125
-227.6039603960396,6.2455423336317235
-227.5841584158416,6.320663582381757
-227.56435643564356,6.392935694432711
-227.54455445544554,6.462327120160424
-227.52475247524754,6.528809746264625
-227.5049504950495,6.592358925447376
-227.4851485148515,6.652953504902256
-227.4653465346535,6.7105758534024815
-227.44554455445547,6.765211886794915
-227.4257425742574,6.816851091721407
-227.40594059405942,6.865486547400812
-227.3861386138614,6.911114945313753
-227.36633663366337,6.953736606638529
-227.34653465346537,6.9933554972906204
-227.32673267326734,7.029979240419924
-227.30693069306932,7.063619126219467
-227.2871287128713,7.094290118897365
-227.26732673267327,7.122010860659346
-227.24752475247524,7.146803672543064
-227.22772277227725,7.168694551937678
-227.20792079207922,7.187713166612196
-227.1881188118812,7.2038928450643605
-227.16831683168317,7.217270562988392
-227.14851485148515,7.227886925644469
-227.12871287128712,7.23578614589529
-227.10891089108912,7.241016017656158
-227.0891089108911,7.243627884483621
-227.06930693069307,7.243676603005154
-227.04950495049508,7.241220500867526
-227.02970297029702,7.236321328855368
-227.009900990099,7.229044206803793
-226.990099009901,7.219457562900034
-226.97029702970298,7.20763306593915
-226.95049504950495,7.1936455500684495
-226.93069306930695,7.177572931524668
-226.91089108910893,7.159496116837926
-226.89108910891088,7.139498901947188
-226.87128712871288,7.117667861645105
-226.85148514851485,7.094092228745607
-226.83168316831683,7.068863762347397
-226.81188118811883,7.042076604551306
-226.7920792079208,7.013827124980919
-226.77227722772278,6.984213752455758
-226.75247524752476,6.95333679317565
-226.73267326732673,6.921298234796726
-226.7128712871287,6.888201535814567
-226.6930693069307,6.854151399721443
-226.67326732673268,6.819253533473961
-226.65346534653466,6.783614389896804
-226.63366336633663,6.747340893760363
-226.6138613861386,6.71054015140542
-226.59405940594058,6.673319143949852
-226.5742574257426,6.635784404299887
-226.55445544554456,6.5980416784040035
-226.53465346534654,6.560195571429465
-226.51485148514854,6.522349179809767
-226.4950495049505,6.48460371040328
-226.47524752475246,6.447058088316136
-226.45544554455446,6.409808555271676
-226.43564356435644,6.372948260748253
-226.41584158415841,6.336566848450987
-226.39603960396042,6.300750041020971
-226.3762376237624,6.2655792262104795
-226.35643564356434,6.231131048051901
-226.33663366336634,6.197477006812035
-226.31683168316832,6.164683071740247
-226.2970297029703,6.132809310776723
-226.2772277227723,6.101909541476165
-226.25742574257427,6.072031007412663
-226.23762376237624,6.043214084255557
-226.21782178217822,6.015492019538924
-226.1980198019802,5.988890709885921
-226.17821782178217,5.963428519094683
-226.15841584158417,5.939116140048671
-226.13861386138615,5.91595650288896
-226.11881188118812,5.893944731289751
-226.09900990099013,5.873068148025954
-226.07920792079207,5.853306330328846
-226.05940594059405,5.834631214811974
-226.03960396039605,5.8170072510332105
-226.01980198019803,5.800391602061754
-226.0,5.78473438975809
-225.980198019802,5.769978981870234
-225.96039603960398,5.756062317515285
-225.94059405940592,5.742915267164824
-225.92079207920793,5.73046302289448
-225.9009900990099,5.718625514399064
-225.88118811881188,5.707317846115563
-225.86138613861388,5.696450750736812
-225.84158415841586,5.685931054433148
-225.82178217821783,5.675662149221042
-225.8019801980198,5.665544468116076
-225.78217821782178,5.655475958972036
-225.76237623762376,5.645352553225337
-225.74257425742576,5.635068626121939
-225.72277227722773,5.624517445389668
-225.7029702970297,5.6135916057199795
-225.6831683168317,5.602183446829173
-225.66336633663366,5.59018545326921
-225.64356435643563,5.577490634545031
-225.62376237623764,5.563992884460929
-225.6039603960396,5.549587318958531
-225.58415841584159,5.534170592018614
-225.5643564356436,5.51764118947667
-225.54455445544556,5.499899700846209
-225.5247524752475,5.480849069453788
-225.5049504950495,5.460394821367451
-225.4851485148515,5.43844527374574
-225.46534653465346,5.414911723351289
-225.44554455445547,5.389708616061786
-225.42574257425744,5.362753698276411
-225.40594059405942,5.3339681511587544
-225.3861386138614,5.303276708681737
-225.36633663366337,5.270607760447901
-225.34653465346534,5.235893440253225
-225.32673267326734,5.199069701345857
-225.30693069306932,5.160076379305628
-225.2871287128713,5.118857243438047
-225.26732673267327,5.075360037538828
-225.24752475247524,5.02953651084425
-225.22772277227722,4.9813424399399775
-225.20792079207922,4.930737642356962
-225.1881188118812,4.877685982540045
-225.16831683168317,4.822155370832437
-225.14851485148517,4.76411775607907
-225.12871287128712,4.70354911241436
-225.1089108910891,4.640429420765685
-225.0891089108911,4.574742645573534
-225.06930693069307,4.506476707203761
-225.04950495049505,4.4356234505069985
-225.02970297029705,4.362178609965988
-225.00990099009903,4.286141771864321
-224.99009900990097,4.207516333911381
-224.97029702970298,4.1263094627693
-224.95049504950495,4.042532049950792
-224.93069306930693,3.9561986665952538
-224.91089108910893,3.8673275176873547
-224.8910891089109,3.7759403963639806
-224.87128712871288,3.682062639068538
-224.85148514851485,3.5857230824667177
-224.83168316831683,3.486954023249432
-224.8118811881188,3.3857911822370865
-224.7920792079208,3.282273674593568
-224.77227722772278,3.1764439885010525
-224.75247524752476,3.0683479753992033
-224.73267326732673,2.9580348559465426
-224.7128712871287,2.8455572473557313
-224.69306930693068,2.730971219899322
-224.67326732673268,2.614336393506684
-224.65346534653466,2.495716089996538
-224.63366336633663,2.375177563454829
-224.61386138613864,2.252792341964529
-224.59405940594058,2.1286367306783327
-224.57425742574256,2.0027925531906834
-224.55445544554456,1.875348252645677
-224.53465346534654,1.7464005495785182
-224.5148514851485,1.616056986169881
-224.49504950495052,1.4844399284736762
-224.4752475247525,1.3516930583994653
-224.45544554455444,1.2179923070466274
-224.43564356435644,1.0835651274529874
-224.41584158415841,0.9487264089973155
-224.3960396039604,0.8139501207951435
-224.3762376237624,0.6800247761318958
-224.35643564356437,0.5484278226843212
-224.33663366336634,0.4223474027634073
-224.31683168316832,0.3098345371830941
-224.2970297029703,0.23299803663970933
-224.27722772277227,0.2319590436721143
-224.25742574257427,0.3082250113741239
-224.23762376237624,0.422175647439803
-224.21782178217822,0.5511262222784086
-224.19801980198022,0.686779509125311
-224.17821782178217,0.8258588151339599
-224.15841584158414,0.9668477953603752
-224.13861386138615,1.1089354114891778
-224.11881188118812,1.25163076115739
-224.0990099009901,1.394603673588641
-224.0792079207921,1.5376114541682515
-224.05940594059408,1.6804622444387103
-224.03960396039602,1.8229953956165812
-224.01980198019803,1.9650703507284626
-224.0,2.1065600505054967
-223.98019801980197,2.2473468715249934
-223.96039603960398,2.387320045315149
-223.94059405940595,2.5263739768231233
-223.92079207920793,2.664407127160257
-223.9009900990099,2.80132126059812
-223.88118811881188,2.937020932623481
-223.86138613861385,3.0714131410477394
-223.84158415841586,3.204407089539067
-223.82178217821783,3.335914029971356
-223.8019801980198,3.4658471608292487
-223.7821782178218,3.5941215659675367
-223.76237623762376,3.7206541827085315
-223.74257425742573,3.8453637914273435
-223.72277227722773,3.968171020950188
-223.7029702970297,4.088998365607916
-223.68316831683168,4.207770210860133
-223.6633663366337,4.324412865174445
-223.64356435643566,4.438854596403227
-223.6237623762376,4.551025671309947
-223.6039603960396,4.66085839720075
-223.58415841584159,4.76828716484475
-223.56435643564356,4.873248492039001
-223.54455445544556,4.975681067305925
-223.52475247524754,5.07552579331242
-223.5049504950495,5.172725829679482
-223.4851485148515,5.267226634913122
-223.46534653465346,5.3589760072368975
-223.44554455445544,5.447924124145933
-223.42574257425744,5.534023580534295
-223.40594059405942,5.617229425273734
-223.3861386138614,5.697499196143511
-223.36633663366337,5.774792953028901
-223.34653465346534,5.849073309321326
-223.32673267326732,5.920305461466206
-223.30693069306932,5.988457216615684
-223.2871287128713,6.053499018353472
-223.26732673267327,6.1154039704678835
-223.24752475247527,6.174147858757009
-223.22772277227722,6.229709170857258
-223.2079207920792,6.282069114093262
-223.1881188118812,6.331211631353325
-223.16831683168317,6.377123415000712
-223.14851485148515,6.419793918836564
-223.12871287128715,6.459215368135879
-223.10891089108912,6.495382767783305
-223.08910891089107,6.528293908540776
-223.06930693069307,6.557949371484142
-223.04950495049505,6.584352530651294
-223.02970297029702,6.607509553949231
-223.00990099009903,6.627429402372908
-222.990099009901,6.6441238275938
-222.97029702970298,6.657607367981391
-222.95049504950495,6.667897343126332
-222.93069306930693,6.675013846938995
-222.9108910891089,6.678979739403267
-222.8910891089109,6.6798206370702315
-222.87128712871288,6.677564902382807
-222.85148514851485,6.672243631927432
-222.83168316831683,6.663890643715229
-222.8118811881188,6.652542463600528
-222.79207920792078,6.638238310950597
-222.77227722772278,6.621020083686378
-222.75247524752476,6.600932342819672
-222.73267326732673,6.578022296617887
-222.71287128712873,6.552339784533244
-222.69306930693068,6.5239372610383475
-222.67326732673266,6.492869779515012
-222.65346534653466,6.459194976347974
-222.63366336633663,6.422973055378532
-222.6138613861386,6.384266772876578
-222.5940594059406,6.343141423191286
-222.5742574257426,6.299664825241465
-222.55445544554453,6.253907310005765
-222.53465346534654,6.205941709169815
-222.5148514851485,6.155843345082305
-222.4950495049505,6.103690022163225
-222.4752475247525,6.0495620198958715
-222.45544554455446,5.9935420875176115
-222.43564356435644,5.935715440502614
-222.41584158415841,5.876169758902143
-222.3960396039604,5.814995187572266
-222.37623762376236,5.75228433827477
-222.35643564356437,5.688132293582348
-222.33663366336634,5.622636612452596
-222.31683168316832,5.555897337254115
-222.29702970297032,5.488017001931184
-222.27722772277227,5.419100640877163
-222.25742574257424,5.349255797949584
-222.23762376237624,5.278592534898034
-222.21782178217822,5.207223438287232
-222.1980198019802,5.135263623778666
-222.1782178217822,5.062830736382091
-222.15841584158417,4.990044945000958
-222.13861386138612,4.917028929270676
-222.11881188118812,4.843907856325334
-222.0990099009901,4.770809344726626
-222.07920792079207,4.697863412351093
-222.05940594059408,4.625202404562451
-222.03960396039605,4.5529608985033745
-222.01980198019803,4.481275578837549
-222.0,4.410285079775591
-221.98019801980197,4.340129787751762
-221.96039603960395,4.270951598712065
-221.94059405940595,4.20289362366878
-221.92079207920793,4.136099836017129
-221.9009900990099,4.07071465415353
-221.8811881188119,4.006882453243403
-221.86138613861385,3.944747000627625
-221.84158415841583,3.8844508103992634
-221.82178217821783,3.826134414190773
-221.8019801980198,3.769935547239382
-221.78217821782178,3.7159882513778797
-221.76237623762378,3.664421899730338
-221.74257425742576,3.615360151537518
-221.7227722772277,3.5689198496007974
-221.7029702970297,3.525209877164101
-221.68316831683168,3.4843299954330345
-221.66336633663366,3.446369687084299
-221.64356435643566,3.4114070347228878
-221.62376237623764,3.3795076659526906
-221.6039603960396,3.3507237981972993
-221.58415841584159,3.3250934163461587
-221.56435643564356,3.3026396144976227
-221.54455445544554,3.28337012943796
-221.52475247524754,3.2672770881001063
-221.5049504950495,3.254336984314328
-221.4851485148515,3.244510892078664
-221.46534653465346,3.2377449138454355
-221.44554455445544,3.2339708535245064
-221.4257425742574,3.233107095643189
-221.40594059405942,3.2350596649264327
-221.3861386138614,3.2397234349151565
-221.36633663366337,3.246983450423472
-221.34653465346537,3.256716326775296
-221.32673267326732,3.268791688818129
-221.3069306930693,3.2830736144989054
-221.2871287128713,3.299422051002821
-221.26732673267327,3.3176941757317393
-221.24752475247524,3.3377456793401397
-221.22772277227725,3.359431953273981
-221.20792079207922,3.382609169437022
-221.18811881188117,3.40713524447162
-221.16831683168317,3.432870685490177
-221.14851485148515,3.4596793178076433
-221.12871287128712,3.4874288982478583
-221.10891089108912,3.5159916199262233
-221.0891089108911,3.545244516086414
-221.06930693069307,3.5750697716586552
-221.04950495049505,3.605354951793622
-221.02970297029702,3.6359931568003265
-221.009900990099,3.6668831127660417
-220.990099009901,3.6979292067440728
-220.97029702970298,3.729041474833392
-220.95049504950495,3.7601355508044563
-220.93069306930693,3.7911325821976223
-220.9108910891089,3.821959120074501
-220.89108910891088,3.8525469878670964
-220.87128712871288,3.8828331340663733
-220.85148514851485,3.912759472834825
-220.83168316831683,3.942272716025417
-220.81188118811883,3.9713241995458257
-220.79207920792078,3.9998697065233983
-220.77227722772275,4.027869289301258
-220.75247524752476,4.055287091926047
-220.73267326732673,4.082091174469387
-220.7128712871287,4.108253340253458
-220.6930693069307,4.1337489668210425
-220.67326732673268,4.158556841297705
-220.65346534653463,4.1826590006331585
-220.63366336633663,4.206040577076748
-220.6138613861386,4.228689649133619
-220.59405940594058,4.25059709816044
-220.5742574257426,4.271756470689106
-220.55445544554456,4.292163846510656
-220.53465346534654,4.3118177125076675
-220.5148514851485,4.330718842188885
-220.4950495049505,4.348870180853216
-220.47524752475246,4.36627673629008
-220.45544554455446,4.38294547490761
-220.43564356435644,4.398885223168551
-220.41584158415841,4.414106574204676
-220.39603960396042,4.428621799473717
-220.37623762376236,4.442444765316678
-220.35643564356434,4.455590854268653
-220.33663366336634,4.468076890971041
-220.31683168316832,4.479921072527958
-220.2970297029703,4.4911429031443735
-220.2772277227723,4.501763132876712
-220.25742574257427,4.511803700319853
-220.23762376237622,4.521287679046182
-220.21782178217822,4.530239227603036
-220.1980198019802,4.538683542864512
-220.17821782178217,4.546646816522289
-220.15841584158417,4.554156194487435
-220.13861386138615,4.561239738961709
-220.11881188118812,4.567926392922647
-220.0990099009901,4.574245946751403
-220.07920792079207,4.580229006716902
-220.05940594059405,4.585906965013875
-220.03960396039605,4.591311971036174
-220.01980198019803,4.596476903551072
-220.0,4.601435343424864
-219.980198019802,4.606221546535365
-219.96039603960395,4.610870416493761
-219.94059405940592,4.615417476786368
-219.92079207920793,4.619898841936945
-219.9009900990099,4.6243511872831435
-219.88118811881188,4.628811716955605
-219.86138613861388,4.633318129647751
-219.84158415841586,4.637908581766238
-219.8217821782178,4.642621647559361
-219.8019801980198,4.6474962758321166
-219.78217821782178,4.652571742873294
-219.76237623762376,4.657887601242097
-219.74257425742576,4.663483624089903
-219.72277227722773,4.669399744726715
-219.7029702970297,4.675675991181994
-219.68316831683168,4.6823524155563225
-219.66336633663366,4.689469018012949
-219.64356435643563,4.697065665316965
-219.62376237623764,4.705182003894541
-219.6039603960396,4.7138573674540805
-219.58415841584159,4.723130679285427
-219.56435643564356,4.733040349431093
-219.54455445544554,4.743624167003993
-219.5247524752475,4.754919188008174
-219.5049504950495,4.766961619101413
-219.4851485148515,4.77978669781941
-219.46534653465346,4.793428569859677
-219.44554455445547,4.8079201640970854
-219.4257425742574,4.823293066071008
-219.4059405940594,4.839577390744133
-219.3861386138614,4.856801655384624
-219.36633663366337,4.874992653463484
-219.34653465346534,4.89417533048851
-219.32673267326734,4.9143726627118856
-219.30693069306932,4.935605539651495
-219.28712871287127,4.957892651354429
-219.26732673267327,4.981250381305882
-219.24752475247524,5.005692705847252
-219.22772277227722,5.031231100914442
-219.20792079207922,5.057874456842391
-219.1881188118812,5.085629001905442
-219.16831683168317,5.114498235176882
-219.14851485148515,5.1444828691971916
-219.12871287128712,5.175580782840129
-219.1089108910891,5.207786984661581
-219.0891089108911,5.241093586910169
-219.06930693069307,5.2754897902724
-219.04950495049505,5.310961879321695
-219.02970297029702,5.347493228540785
-219.009900990099,5.385064318693408
-218.99009900990097,5.423652763234783
-218.97029702970298,5.463233344372548
-218.95049504950495,5.503778058321652
-218.93069306930693,5.545256169238945
-218.91089108910893,5.587634271275492
-218.89108910891088,5.630876358148641
-218.87128712871285,5.674943899609582
-218.85148514851485,5.719795924166731
-218.83168316831683,5.765389107419039
-218.8118811881188,5.81167786535651
-218.7920792079208,5.858614451996012
-218.77227722772278,5.906149060738542
-218.75247524752473,5.954229928858221
-218.73267326732673,6.002803444562437
-218.7128712871287,6.05181425609569
-218.69306930693068,6.101205382395628
-218.67326732673268,6.150918324848132
-218.65346534653466,6.200893179727448
-218.63366336633663,6.251068750947123
-218.6138613861386,6.301382662786895
-218.59405940594058,6.351771472299182
-218.57425742574256,6.4021707811359585
-218.55445544554456,6.452515346571904
-218.53465346534654,6.50273919153331
-218.5148514851485,6.552775713472548
-218.49504950495052,6.602557791956719
-218.47524752475246,6.652017894864596
-218.45544554455444,6.701088183109316
-218.43564356435644,6.749700613824766
-218.41584158415841,6.7977870419719295
-218.3960396039604,6.845279320336911
-218.3762376237624,6.89210939790613
-218.35643564356437,6.938209416615209
-218.3366336633663,6.983511806477828
-218.31683168316832,7.027949379108132
-218.2970297029703,7.071455419656471
-218.27722772277227,7.113963777182809
-218.25742574257427,7.1554089534954715
-218.23762376237624,7.195726190485095
-218.21782178217822,7.234851555985037
-218.1980198019802,7.272722028189817
-218.17821782178217,7.309275578663359
-218.15841584158414,7.344451253967743
-218.13861386138615,7.378189255942353
-218.11881188118812,7.410431020661956
-218.0990099009901,7.441119296100351
-218.0792079207921,7.470198218525031
-218.05940594059405,7.497613387646005
-218.03960396039602,7.5233119405406095
-218.01980198019803,7.547242624374264
-218.0,7.569355867935705
-217.980198019802,7.589603852003817
-217.96039603960398,7.607940578562074
-217.94059405940595,7.624321938875807
-217.92079207920793,7.638705780446582
-217.9009900990099,7.651051972858089
-217.88118811881188,7.661322472527507
-217.86138613861388,7.669481386376789
-217.84158415841586,7.675495034439004
-217.82178217821783,7.679332011415661
-217.8019801980198,7.680963247202359
-217.78217821782178,7.680362066401796
-217.76237623762376,7.677504246845094
-217.74257425742576,7.672368077144774
-217.72277227722773,7.664934413305287
-217.7029702970297,7.655186734420353
-217.6831683168317,7.643111197489077
-217.66336633663366,7.628696691387012
-217.64356435643563,7.611934890031713
-217.62376237623764,7.592820304786742
-217.6039603960396,7.5713503361521255
-217.58415841584159,7.547525324793845
-217.5643564356436,7.521348601969365
-217.54455445544556,7.492826539410708
-217.5247524752475,7.461968598731188
-217.5049504950495,7.4287873804258995
-217.4851485148515,7.39329867254034
-217.46534653465346,7.355521499084793
-217.44554455445547,7.315478168275199
-217.42574257425744,7.273194320682891
-217.40594059405942,7.2286989773768795
-217.3861386138614,7.182024588141341
-217.36633663366337,7.133207079848862
-217.34653465346534,7.082285905065107
-217.32673267326734,7.029304090953244
-217.30693069306932,6.97430828853525
-217.2871287128713,6.917348822352604
-217.26732673267327,6.858479740548212
-217.24752475247524,6.797758865365672
-217.22772277227722,6.735247844028549
-217.20792079207922,6.671012199920408
-217.1881188118812,6.605121383934458
-217.16831683168317,6.537648825797859
-217.14851485148517,6.468671985098001
-217.12871287128712,6.3982724016443235
-217.1089108910891,6.326535744686493
-217.0891089108911,6.253551860375958
-217.06930693069307,6.179414816699083
-217.04950495049505,6.104222944923677
-217.02970297029705,6.028078876382797
-217.00990099009903,5.95108957316722
-216.99009900990097,5.873366351006918
-216.97029702970298,5.795024892289275
-216.95049504950495,5.716185246785257
-216.93069306930693,5.636971817231964
-216.91089108910893,5.5575133264507866
-216.8910891089109,5.477942762166608
-216.87128712871288,5.398397295138396
-216.85148514851485,5.31901816562407
-216.83168316831683,5.239950532593721
-216.8118811881188,5.1613432794942415
-216.7920792079208,5.083348769779351
-216.77227722772278,5.006122544884897
-216.75247524752476,4.9298229568933465
-216.73267326732676,4.854610727844454
-216.7128712871287,4.7806484275750485
-216.69306930693068,4.708099862181133
-216.67326732673268,4.637129365770461
-216.65346534653466,4.567900989197805
-216.63366336633663,4.500577581032273
-216.61386138613864,4.43531975817088
-216.5940594059406,4.37228476634296
-216.57425742574256,4.311625234271611
-216.55445544554456,4.253487829455091
-216.53465346534654,4.198011828328981
-216.5148514851485,4.145327618825773
-216.49504950495052,4.095555158844177
-216.4752475247525,4.048802419578586
-216.45544554455446,4.005163847674803
-216.43564356435644,3.9647188843561314
-216.41584158415841,3.9275305825722087
-216.3960396039604,3.893644364452652
-216.3762376237624,3.8630869605646643
-216.35643564356437,3.835865569466175
-216.33663366336634,3.8119672707680987
-216.31683168316835,3.7913587175200694
-216.2970297029703,3.773986124562028
-216.27722772277227,3.7597755590688022
-216.25742574257427,3.7486335285219847
-216.23762376237624,3.7404478505080117
-216.21782178217822,3.7350887787919036
-216.19801980198022,3.7324103516974363
-216.1782178217822,3.732251922432492
-216.15841584158414,3.7344398269354238
-216.13861386138615,3.7387891431771676
-216.11881188118812,3.7451054965245354
-216.0990099009901,3.753186868474307
-216.0792079207921,3.762825370404211
-216.05940594059408,3.773808949487915
-216.03960396039605,3.7859230001043347
-216.01980198019803,3.798951860485721
-216.0,3.8126801806070527
-215.98019801980197,3.8268941531175247
-215.96039603960398,3.841382604241651
-215.94059405940595,3.85593794590664
-215.92079207920793,3.8703569938367304
-215.9009900990099,3.884441659007268
-215.88118811881188,3.897999521729982
-215.86138613861385,3.910844298836034
-215.84158415841586,3.9227962150375584
-215.82178217821783,3.933682289692917
-215.8019801980198,3.943336549979588
-215.7821782178218,3.951600180990432
-215.76237623762376,3.9583216225965083
-215.74257425742573,3.9633566221365406
-215.72277227722773,3.9665682511549085
-215.7029702970297,3.967826893563965
-215.68316831683168,3.967010211785306
-215.6633663366337,3.9640030966537547
-215.64356435643566,3.9586976061644283
-215.6237623762376,3.9509928975171507
-215.6039603960396,3.940795156372368
-215.58415841584159,3.928017526779554
-215.56435643564356,3.912580044876891
-215.54455445544556,3.894409579188471
-215.52475247524754,3.8734397801646185
-215.5049504950495,3.849611041522527
-215.4851485148515,3.82287047595217
-215.46534653465346,3.793171907860778
-215.44554455445544,3.7604758860469207
-215.42574257425744,3.724749719534504
-215.40594059405942,3.685967540274048
-215.3861386138614,3.644110397058378
-215.36633663366337,3.5991663858319507
-215.34653465346534,3.5511308226404372
-215.32673267326732,3.500006466823995
-215.30693069306932,3.445803803775538
-215.2871287128713,3.3885413987586506
-215.26732673267327,3.3282463360302126
-215.24752475247527,3.2649547610017593
-215.22772277227722,3.1987125476091025
-215.2079207920792,3.1295761187164475
-215.1881188118812,3.0576134546165843
-215.16831683168317,2.9829053339672686
-215.14851485148515,2.905546863431907
-215.12871287128715,2.825649367644528
-215.10891089108912,2.743342730883781
-215.08910891089107,2.6587783072389986
-215.06930693069307,2.5721325485437307
-215.04950495049505,2.4836115405570136
-215.02970297029702,2.393456689333989
-215.00990099009903,2.30195186233547
-214.990099009901,2.209432361583566
-214.97029702970298,2.11629618368693
-214.95049504950495,2.0230180892501557
-214.93069306930693,1.930167029465811
-214.9108910891089,1.8384273947841063
-214.8910891089109,1.7486242364105113
-214.87128712871288,1.661751853263961
-214.85148514851485,1.5790036043206344
-214.83168316831686,1.5017980720619124
-214.8118811881188,1.4317924286859962
-214.79207920792078,1.370868341396526
-214.77227722772278,1.3210710038209128
-214.75247524752476,1.2844827917459867
-214.73267326732673,1.2630267343962924
-214.71287128712873,1.258225100159955
-214.6930693069307,1.2709748196658386
-214.67326732673266,1.3014175654524616
-214.65346534653466,1.3489548337383335
-214.63366336633663,1.4123975567190092
-214.6138613861386,1.490187523189868
-214.5940594059406,1.580616892953256
-214.5742574257426,1.6819973735588523
-214.55445544554456,1.79276498017792
-214.53465346534654,1.911529481794678
-214.5148514851485,2.0370859428151005
-214.4950495049505,2.1684046093880838
-214.4752475247525,2.304610798497079
-214.45544554455446,2.4449618835832623
-214.43564356435644,2.5888251239526068
-214.41584158415844,2.7356579948763486
-214.3960396039604,2.8849915118135425
-214.37623762376236,3.0364164633461184
-214.35643564356437,3.189572221886471
-214.33663366336634,3.344137730314483
-214.31683168316832,3.499824274958801
-214.29702970297032,3.6563697015438135
-214.2772277227723,3.813533786125364
-214.25742574257424,3.9710945262304076
-214.23762376237624,4.128845163917969
-214.21782178217822,4.286591791192333
-214.1980198019802,4.444151419541988
-214.1782178217822,4.601350420340142
-214.15841584158417,4.758023262532905
-214.13861386138615,4.914011489493734
-214.11881188118812,5.0691628890203635
-214.0990099009901,5.223330819919655
-214.07920792079207,5.376373666044486
-214.05940594059408,5.528154394471229
-214.03960396039605,5.678540199091111
-214.01980198019803,5.827402214509315
-214.0,5.97461528801425
-213.98019801980197,6.120057799661438
-213.96039603960395,6.263611522337883
-213.94059405940595,6.405161515133024
-213.92079207920793,6.544596044517419
-213.9009900990099,6.6818065287792585
-213.8811881188119,6.816687501939059
-213.86138613861385,6.949136593989575
-213.84158415841583,7.079054524820658
-213.82178217821783,7.206345109609182
-213.8019801980198,7.33091527380073
-213.78217821782178,7.4526750760961695
-213.76237623762378,7.57153773809387
-213.74257425742576,7.687419679436575
-213.7227722772277,7.800240557477297
-213.7029702970297,7.909923310617609
-213.68316831683168,8.016394204588813
-213.66336633663366,8.119582881044925
-213.64356435643566,8.21942240792088
-213.62376237623764,8.315849331079933
-213.6039603960396,8.408803726835803
-213.58415841584159,8.498229254986821
-213.56435643564356,8.584073212044284
-213.54455445544554,8.66628658437594
-213.52475247524754,8.7448241010187
-213.5049504950495,8.819644285943602
-213.4851485148515,8.890709509581155
-213.46534653465346,8.957986039436781
-213.44554455445544,9.021444089644994
-213.4257425742574,9.081057869327205
-213.40594059405942,9.1368056296321
-213.3861386138614,9.188669709349641
-213.36633663366337,9.236636578999873
-213.34653465346537,9.280696883306232
-213.32673267326732,9.320845481970013
-213.3069306930693,9.357081488667893
-213.2871287128713,9.389408308198414
-213.26732673267327,9.417833671705498
-213.24752475247524,9.442369669907944
-213.22772277227725,9.463032784263142
-213.20792079207922,9.479843915990658
-213.18811881188117,9.492828412877222
-213.16831683168317,9.50201609377865
-213.14851485148515,9.507441270725801
-213.12871287128712,9.509142768531772
-213.10891089108912,9.507163941784388
-213.0891089108911,9.501552689092891
-213.06930693069307,9.492361464439414
-213.04950495049505,9.4796472854643
-213.02970297029702,9.463471738489703
-213.009900990099,9.443900980056968
-212.990099009901,9.421005734720767
-212.97029702970298,9.394861288805778
-212.95049504950495,9.3655474797896
-212.93069306930695,9.333148680928533
-212.9108910891089,9.297753780690334
-212.89108910891088,9.259456156499411
-212.87128712871288,9.218353642235417
-212.85148514851485,9.17454848885546
-212.83168316831683,9.128147317432386
-212.81188118811883,9.079261063818084
-212.7920792079208,9.028004914049927
-212.77227722772275,8.974498229522395
-212.75247524752476,8.918864460843434
-212.73267326732673,8.861231049188365
-212.7128712871287,8.8017293138535
-212.6930693069307,8.740494324598885
-212.67326732673268,8.677664757257027
-212.65346534653466,8.61338273097414
-212.63366336633663,8.547793625346323
-212.6138613861386,8.481045875618632
-212.59405940594058,8.413290744035006
-212.5742574257426,8.34468206536731
-212.55445544554456,8.27537596461869
-212.53465346534654,8.205530544896789
-212.51485148514854,8.135305543495182
-212.4950495049505,8.06486195431436
-212.47524752475246,7.994361614906676
-212.45544554455446,7.923966756652053
-212.43564356435644,7.853839516872419
-212.41584158415841,7.784141412081106
-212.39603960396042,7.715032772047201
-212.3762376237624,7.646672134938578
-212.35643564356434,7.579215604495329
-212.33663366336634,7.5128161709754835
-212.31683168316832,7.447622998504127
-212.2970297029703,7.383780682433134
-212.2772277227723,7.321428481367233
-212.25742574257427,7.2606995296095596
-212.23762376237624,7.201720036896479
-212.21782178217822,7.14460848339286
-212.1980198019802,7.089474818961475
-212.17821782178217,7.0364196766590545
-212.15841584158417,6.985533611196687
-212.13861386138615,6.936896373684002
-212.11881188118812,6.8905762343083845
-212.0990099009901,6.846629364639868
-212.07920792079207,6.805099290967406
-212.05940594059405,6.766016429441517
-212.03960396039605,6.729397712816575
-212.01980198019803,6.695246317263636
-212.0,6.663551496089761
-211.980198019802,6.634288525298358
-211.96039603960395,6.607418763817357
-211.94059405940592,6.582889828982304
-211.92079207920793,6.560635885571903
-211.9009900990099,6.540578044440304
-211.88118811881188,6.522624864658635
-211.86138613861388,6.506672951146741
-211.84158415841586,6.4926076381121876
-211.8217821782178,6.480303747270814
-211.8019801980198,6.469626408837138
-211.78217821782178,6.460431932661374
-211.76237623762376,6.452568716651638
-211.74257425742576,6.445878179738107
-211.72277227722773,6.440195707077864
-211.7029702970297,6.4353515959218
-211.68316831683168,6.431171991517319
-211.66336633663366,6.427479803547242
-211.64356435643563,6.42409559485065
-211.62376237623764,6.420838435481403
-211.6039603960396,6.417526716486053
-211.58415841584159,6.413978919082259
-211.56435643564356,6.410014336155637
-211.54455445544554,6.405453744141712
-211.5247524752475,6.400120024398529
-211.5049504950495,6.393838734094618
-211.4851485148515,6.386438627429564
-211.46534653465346,6.377752128670694
-211.44554455445547,6.36761575903458
-211.4257425742574,6.355870519873116
-211.4059405940594,6.34236223495303
-211.3861386138614,6.326941854855032
-211.36633663366337,6.3094657266797585
-211.34653465346534,6.289795832343585
-211.32673267326734,6.267799998792967
-211.30693069306932,6.2433520834729395
-211.28712871287127,6.21633213836705
-211.26732673267327,6.186626555892061
-211.24752475247524,6.154128199893709
-211.22772277227722,6.1187365249581225
-211.20792079207922,6.080357687237853
-211.1881188118812,6.038904650000601
-211.16831683168317,5.994297287151955
-211.14851485148515,5.9464624880715204
-211.12871287128712,5.895334267243822
-211.1089108910891,5.840853882374961
-211.0891089108911,5.782969964975241
-211.06930693069307,5.7216386677751165
-211.04950495049505,5.656823833845076
-211.02970297029705,5.588497192934834
-211.009900990099,5.516638591363453
-210.99009900990097,5.441236262817195
-210.97029702970298,5.3622871486935155
-210.95049504950495,5.2797972782271065
-210.93069306930693,5.193782220622064
-210.91089108910893,5.104267623887654
-210.8910891089109,5.011289858153943
-210.87128712871285,4.914896785078238
-210.85148514851485,4.815148679734623
-210.83168316831683,4.712119337347203
-210.8118811881188,4.605897404682274
-210.7920792079208,4.496587985228437
-210.77227722772278,4.384314578922755
-210.75247524752476,4.26922143167279
-210.73267326732673,4.15147638791509
-210.7128712871287,4.031274361638981
-210.69306930693068,3.9088415683802435
-210.67326732673268,3.7844406931729493
-210.65346534653466,3.6583772073731664
-210.63366336633663,3.531007089575719
-210.61386138613864,3.4027462492916585
-210.59405940594058,3.2740819892930153
-210.57425742574256,3.1455868588913405
-210.55445544554456,3.0179352186955315
-210.53465346534654,2.8919227100225484
-210.5148514851485,2.7684885205658274
-210.49504950495052,2.648739741289086
-210.4752475247525,2.533976050136809
-210.45544554455444,2.4257112436305266
-210.43564356435644,2.3256856389969256
-210.41584158415841,2.2358602367105855
-210.3960396039604,2.158380577346672
-210.3762376237624,2.095497368553068
-210.35643564356437,2.0494352664123126
-210.33663366336634,2.0222135855544003
-210.31683168316832,2.0154426869943025
-210.2970297029703,2.0301398953288388
-210.27722772277227,2.066615715152464
-210.25742574257427,2.124464968989519
-210.23762376237624,2.2026630142306365
-210.21782178217822,2.2997333155665967
-210.1980198019802,2.4139374696244524
-210.17821782178217,2.543445753108504
-210.15841584158414,2.6864652704272
-210.13861386138615,2.8413213242497974
-210.11881188118812,3.0064991058061077
-210.0990099009901,3.180656931450268
-210.0792079207921,3.362621713008091
-210.05940594059405,3.551374878117497
-210.03960396039602,3.7460342585050506
-210.01980198019803,3.9458352710356897
-210.0,4.150113181268456
-209.98019801980197,4.358287266856998
-209.96039603960398,4.569847131061403
-209.94059405940595,4.784341113610661
-209.9207920792079,5.001366603159867
-209.9009900990099,5.220562003647606
-209.88118811881188,5.441600103247525
-209.86138613861385,5.664182614214073
-209.84158415841586,5.88803568069881
-209.82178217821783,6.112906182136618
-209.8019801980198,6.338558688461946
-209.78217821782178,6.564772948712404
-209.76237623762376,6.79134181612402
-209.74257425742573,7.018069530777377
-209.72277227722773,7.244770295611383
-209.7029702970297,7.471267093645878
-209.68316831683168,7.697390704001359
-209.66336633663366,7.922978882182054
-209.64356435643563,8.1478756764479
-209.6237623762376,8.37193085723523
-209.6039603960396,8.594999440733332
-209.58415841584159,8.816941291081008
-209.56435643564356,9.037620788367944
-209.54455445544556,9.256906551837432
-209.5247524752475,9.474671209488768
-209.50495049504948,9.690791206749497
-209.4851485148515,9.905146648094128
-209.46534653465346,10.117621166476937
-209.44554455445544,10.328101816263707
-209.42574257425744,10.536478986022942
-209.40594059405942,10.742646328097372
-209.38613861386136,10.946500702342712
-209.36633663366337,11.147942131810069
-209.34653465346534,11.346873768473738
-209.32673267326732,11.543201867379889
-209.30693069306932,11.736835767822038
-209.2871287128713,11.927687880343722
-209.26732673267327,12.115673678533824
-209.24752475247524,12.300711694720295
-209.22772277227722,12.482723518787378
-209.2079207920792,12.661633799443754
-209.1881188118812,12.83737024735682
-209.16831683168317,13.0098636396435
-209.14851485148515,13.17904782527329
-209.12871287128715,13.34485973099542
-209.1089108910891,13.507239367451186
-209.08910891089107,13.666129835174633
-209.06930693069307,13.82147733022254
-209.04950495049505,13.973231149206779
-209.02970297029702,14.12134369353115
-209.00990099009903,14.265770472659637
-208.990099009901,14.406470106265948
-208.97029702970295,14.54340432513334
-208.95049504950495,14.676537970691946
-208.93069306930693,14.805838993096291
-208.9108910891089,14.931278447759643
-208.8910891089109,15.052830490274873
-208.87128712871288,15.170472369662486
-208.85148514851485,15.284184419897016
-208.83168316831683,15.393950049672092
-208.8118811881188,15.499755730373073
-208.79207920792078,15.60159098223363
-208.77227722772278,15.699448358659787
-208.75247524752476,15.793323428711062
-208.73267326732673,15.883214757734418
-208.71287128712873,15.969123886151657
-208.69306930693068,16.051055306406155
-208.67326732673266,16.12901643807874
-208.65346534653466,16.203017601186932
-208.63366336633663,16.27307198768522
-208.6138613861386,16.339195631187316
-208.5940594059406,16.40140737493448
-208.5742574257426,16.459728838036575
-208.55445544554453,16.51418438001488
-208.53465346534654,16.564801063677987
-208.5148514851485,16.61160861636382
-208.4950495049505,16.654639389582396
-208.4752475247525,16.693928317095466
-208.45544554455446,16.729512871470167
-208.43564356435644,16.761433019144576
-208.41584158415841,16.78973117404405
-208.3960396039604,16.81445214978719
-208.37623762376236,16.83564311052067
-208.35643564356437,16.853353520422246
-208.33663366336634,16.867635091910557
-208.31683168316832,16.878541732600233
-208.2970297029703,16.886129491039867
-208.27722772277227,16.890456501269348
-208.25742574257424,16.891582926232285
-208.23762376237624,16.8895709000772
-208.21782178217822,16.88448446938034
-208.1980198019802,16.876389533320378
-208.1782178217822,16.865353782833825
-208.15841584158414,16.85144663877755
-208.13861386138612,16.834739189122317
-208.11881188118812,16.815304125198978
-208.0990099009901,16.79321567701591
-208.07920792079207,16.76854954766371
-208.05940594059408,16.741382846820066
-208.03960396039605,16.71179402336456
-208.019801980198,16.67986279711011
-208.0,16.645670089654555
-207.98019801980197,16.60929795435254
-207.96039603960395,16.570829505404603
-207.94059405940595,16.53034884605731
-207.92079207920793,16.487940995905124
-207.9009900990099,16.44369181728151
-207.88118811881188,16.397687940724293
-207.86138613861385,16.350016689497433
-207.84158415841583,16.300766003149175
-207.82178217821783,16.250024360084623
-207.8019801980198,16.197880699129023
-207.7821782178218,16.14442434005721
-207.76237623762376,16.089744903063842
-207.74257425742573,16.033932227149283
-207.72277227722773,15.977076287396642
-207.7029702970297,15.919267111116854
-207.68316831683168,15.860594692841222
-207.6633663366337,15.801148908143787
-207.64356435643566,15.741019426280243
-207.6237623762376,15.680295621635103
-207.6039603960396,15.619066483975592
-207.58415841584159,15.557420527517477
-207.56435643564356,15.495445698817496
-207.54455445544556,15.433229283516358
-207.52475247524754,15.370857811967888
-207.5049504950495,15.308416963801964
-207.4851485148515,15.245991471483123
-207.46534653465346,15.183665022941149
-207.44554455445544,15.121520163366643
-207.42574257425744,15.059638196281725
-207.40594059405942,14.998099084014244
-207.3861386138614,14.93698134772363
-207.3663366336634,14.876361967146343
-207.34653465346534,14.816316280249765
-207.32673267326732,14.756917883004592
-207.30693069306932,14.698238529507247
-207.2871287128713,14.640348032705159
-207.26732673267327,14.5833141659989
-207.24752475247527,14.527202566015609
-207.22772277227725,14.472076636867685
-207.2079207920792,14.417997456229061
-207.1881188118812,14.365023683578118
-207.16831683168317,14.313211470970911
-207.14851485148515,14.262614376721125
-207.12871287128715,14.213283282372814
-207.10891089108912,14.16526631335912
-207.0891089108911,14.118608763743753
-207.06930693069307,14.073353025442236
-207.04950495049505,14.02953852231655
-207.02970297029702,13.987201649529114
-207.00990099009903,13.946375718530913
-206.990099009901,13.907090908042695
-206.97029702970298,13.869374221368659
-206.95049504950498,13.833249450358178
-206.93069306930693,13.798737146303447
-206.9108910891089,13.76585459802947
-206.8910891089109,13.7346158173979
-206.87128712871288,13.705031532408025
-206.85148514851485,13.677109188037564
-206.83168316831686,13.650852954922644
-206.81188118811883,13.626263745931416
-206.79207920792078,13.60333924063957
-206.77227722772278,13.582073917668993
-206.75247524752476,13.562459094803984
-206.73267326732673,13.54448297675257
-206.71287128712873,13.528130710375185
-206.6930693069307,13.513384447158945
-206.67326732673268,13.500223412674185
-206.65346534653466,13.48862398271054
-206.63366336633663,13.478559765754376
-206.6138613861386,13.470001691436451
-206.5940594059406,13.462918104550464
-206.5742574257426,13.45727486421843
-206.55445544554456,13.453035447758653
-206.53465346534654,13.45016105879645
-206.5148514851485,13.44861073914612
-206.4950495049505,13.448341483986034
-206.4752475247525,13.449308359845851
-206.45544554455446,13.45146462492675
-206.43564356435644,13.45476185128073
-206.41584158415844,13.459150048384588
-206.3960396039604,13.46457778765657
-206.37623762376236,13.470992327479397
-206.35643564356437,13.478339738311867
-206.33663366336634,13.486565027491542
-206.31683168316832,13.495612263354047
-206.29702970297032,13.505424698318256
-206.2772277227723,13.515944890612005
-206.25742574257424,13.52711482433931
-206.23762376237624,13.538876027615936
-206.21782178217822,13.551169688527436
-206.1980198019802,13.563936768689638
-206.1782178217822,13.577118114217864
-206.15841584158417,13.59065456393602
-206.13861386138615,13.604487054681334
-206.11881188118812,13.61855672358336
-206.0990099009901,13.632805007218137
-206.07920792079207,13.647173737558571
-206.05940594059408,13.66160523466162
-206.03960396039605,13.676042396050171
-206.01980198019803,13.69042878276367
-206.0,13.704708702066126
-205.98019801980197,13.718827286812928
-205.96039603960395,13.732730571489592
-205.94059405940595,13.746365564945284
-205.92079207920793,13.759680319852846
-205.9009900990099,13.772623998934048
-205.8811881188119,13.785146937994995
-205.86138613861385,13.797200705821275
-205.84158415841583,13.808738160986383
-205.82178217821783,13.819713505629508
-205.8019801980198,13.830082336260837
-205.78217821782178,13.839801691653458
-205.76237623762378,13.848830097881438
-205.74257425742576,13.857127610563277
-205.7227722772277,13.864655854369342
-205.7029702970297,13.871378059850407
-205.68316831683168,13.877259097643247
-205.66336633663366,13.882265510106834
-205.64356435643566,13.88636554044117
-205.62376237623764,13.889529159338124
-205.6039603960396,13.89172808921139
-205.58415841584159,13.892935826050566
-205.56435643564356,13.893127658941587
-205.54455445544554,13.892280687293765
-205.52475247524754,13.89037383581122
-205.5049504950495,13.88738786724459
-205.4851485148515,13.883305392956808
-205.4653465346535,13.87811088133514
-205.44554455445544,13.871790664079889
-205.4257425742574,13.864332940399205
-205.40594059405942,13.855727779138036
-205.3861386138614,13.845967118868607
-205.36633663366337,13.835044765969213
-205.34653465346537,13.822956390717884
-205.32673267326734,13.80969952142736
-205.3069306930693,13.795273536648194
-205.2871287128713,13.779679655467309
-205.26732673267327,13.762920925930157
-205.24752475247524,13.745002211615814
-205.22772277227725,13.725930176395421
-205.20792079207922,13.705713267406532
-205.1881188118812,13.684361696277257
-205.16831683168317,13.661887418636583
-205.14851485148515,13.638304111949378
-205.12871287128712,13.61362715171725
-205.10891089108912,13.58787358608927
-205.0891089108911,13.561062108929155
-205.06930693069307,13.533213031389073
-205.04950495049508,13.504348252042986
-205.02970297029702,13.474491225636248
-205.009900990099,13.44366693051113
-204.990099009901,13.411901834771825
-204.97029702970298,13.379223861255815
-204.95049504950495,13.345662351382037
-204.93069306930695,13.31124802794971
-204.91089108910893,13.276012956965346
-204.89108910891088,13.23999050857842
-204.87128712871288,13.203215317209612
-204.85148514851485,13.16572324095833
-204.83168316831683,13.127551320379272
-204.81188118811883,13.088737736719569
-204.7920792079208,13.049321769710941
-204.77227722772278,13.009343755012509
-204.75247524752476,12.968845041401327
-204.73267326732673,12.927867947808458
-204.7128712871287,12.886455720298738
-204.6930693069307,12.8446524890918
-204.67326732673268,12.802503225721216
-204.65346534653466,12.76005370042632
-204.63366336633663,12.71735043986931
-204.6138613861386,12.67444068526647
-204.59405940594058,12.63137235101813
-204.5742574257426,12.588193983916973
-204.55445544554456,12.544954723007926
-204.53465346534654,12.501704260165885
-204.51485148514854,12.458492801449017
-204.4950495049505,12.415371029276555
-204.47524752475246,12.372390065469178
-204.45544554455446,12.329601435179057
-204.43564356435644,12.287057031723739
-204.41584158415841,12.244809082325006
-204.39603960396042,12.20291011473882
-204.3762376237624,12.161412924747419
-204.35643564356434,12.12037054446795
-204.33663366336634,12.079836211415179
-204.31683168316832,12.039863338237883
-204.2970297029703,12.000505483030262
-204.2772277227723,11.961816320101084
-204.25742574257427,11.923849611064387
-204.23762376237624,11.886659176096716
-204.21782178217822,11.850298865187272
-204.1980198019802,11.814822529189232
-204.17821782178217,11.780283990463179
-204.15841584158417,11.74673701288706
-204.13861386138615,11.714235270992422
-204.11881188118812,11.682832317972986
-204.0990099009901,11.652581552300436
-204.07920792079207,11.623536182673279
-204.05940594059405,11.59574919101801
-204.03960396039605,11.569273293258627
-204.01980198019803,11.544160897570068
-204.0,11.520464059834838
-203.980198019802,11.498234436029056
-203.96039603960395,11.477523231275637
-203.94059405940592,11.458381145317968
-203.92079207920793,11.44085831418716
-203.9009900990099,11.425004247860903
-203.88118811881188,11.41086776374063
-203.86138613861388,11.398496915807364
-203.84158415841586,11.387938919354532
-203.8217821782178,11.379240071237868
-203.8019801980198,11.372445665628407
-203.78217821782178,11.36759990530373
-203.76237623762376,11.364745808564784
-203.74257425742576,11.363925111919983
-203.72277227722773,11.36517816873457
-203.7029702970297,11.368543844100273
-203.68316831683168,11.374059406237516
-203.66336633663366,11.381760414799055
-203.64356435643563,11.391680606498893
-203.62376237623764,11.40385177854254
-203.6039603960396,11.418303670384097
-203.58415841584159,11.435063844379892
-203.5643564356436,11.454157565948101
-203.54455445544554,11.475607683877374
-203.5247524752475,11.49943451145413
-203.5049504950495,11.525655709097764
-203.4851485148515,11.554286169205016
-203.46534653465346,11.585337903907954
-203.44554455445547,11.618819936445814
-203.42574257425744,11.654738196837657
-203.4059405940594,11.693095422521592
-203.3861386138614,11.733891064597243
-203.36633663366337,11.777121200271388
-203.34653465346534,11.822778452063135
-203.32673267326734,11.870851914275132
-203.30693069306932,11.921327087182444
-203.2871287128713,11.97418581933086
-203.26732673267327,12.029406258273601
-203.24752475247524,12.086962810010075
-203.22772277227722,12.146826107323516
-203.20792079207922,12.20896298714743
-203.1881188118812,12.27333647702469
-203.16831683168317,12.339905790658523
-203.14851485148517,12.408626332492833
-203.12871287128712,12.479449711200859
-203.1089108910891,12.552323761906933
-203.0891089108911,12.62719257691635
-203.06930693069307,12.703996544683902
-203.04950495049505,12.782672396712785
-203.02970297029705,12.863153262042012
-203.00990099009903,12.945368728952994
-202.99009900990097,13.029244913504305
-202.97029702970298,13.114704534486982
-202.95049504950495,13.201666994382428
-202.93069306930693,13.290048465898652
-202.91089108910893,13.37976198365997
-202.8910891089109,13.47071754062831
-202.87128712871288,13.562822188841436
-202.85148514851485,13.655980144063872
-202.83168316831683,13.750092893959598
-202.8118811881188,13.845059309411612
-202.7920792079208,13.940775758630675
-202.77227722772278,14.03713622371526
-202.75247524752476,14.134032419344479
-202.73267326732673,14.231353913306851
-202.7128712871287,14.328988248588912
-202.69306930693068,14.426821066768554
-202.67326732673268,14.52473623247894
-202.65346534653466,14.622615958728952
-202.63366336633663,14.720340932885446
-202.61386138613864,14.817790443141194
-202.59405940594058,14.914842505309709
-202.57425742574256,15.011373989804214
-202.55445544554456,15.107260748673355
-202.53465346534654,15.202377742579445
-202.5148514851485,15.296599167617932
-202.49504950495052,15.389798581887447
-202.4752475247525,15.481849031730043
-202.45544554455444,15.572623177569442
-202.43564356435644,15.661993419283043
-202.41584158415841,15.749832021049304
-202.3960396039604,15.836011235617876
-202.3762376237624,15.920403427953843
-202.35643564356437,16.00288119821125
-202.33663366336634,16.083317503993403
-202.31683168316832,16.161585781859717
-202.2970297029703,16.23756006803982
-202.27722772277227,16.311115118316796
-202.25742574257427,16.38212652704112
-202.23762376237624,16.45047084523723
-202.21782178217822,16.516025697763546
-202.1980198019802,16.578669899486428
-202.17821782178217,16.63828357042707
-202.15841584158414,16.69474824983927
-202.13861386138615,16.747947009174517
-202.11881188118812,16.797764563889416
-202.0990099009901,16.844087384048866
-202.0792079207921,16.88680380367687
-202.05940594059405,16.925804128805417
-202.03960396039602,16.9609807441703
-202.01980198019803,16.99222821850137
-202.0,17.01944340835372
-201.98019801980197,17.04252556042458
-201.96039603960398,17.061376412300444
-201.94059405940595,17.075900291577558
-201.9207920792079,17.086004213298608
-201.9009900990099,17.091597975647765
-201.88118811881188,17.092594253846414
-201.86138613861385,17.088908692191403
-201.84158415841586,17.080459994178383
-201.82178217821783,17.067170010653033
-201.8019801980198,17.048963825933747
-201.78217821782178,17.025769841850693
-201.76237623762376,16.997519859647017
-201.74257425742573,16.96414915969014
-201.72277227722773,16.92559657894263
-201.7029702970297,16.88180458614478
-201.68316831683168,16.832719354663528
-201.6633663366337,16.77829083296539
-201.64356435643563,16.71847281267486
-201.6237623762376,16.65322299418331
-201.6039603960396,16.582503049778076
-201.58415841584159,16.506278684266476
-201.56435643564356,16.424519693074814
-201.54455445544556,16.337200017808996
-201.52475247524754,16.244297799270086
-201.50495049504948,16.145795427925997
-201.4851485148515,16.041679591849388
-201.46534653465346,15.93194132214134
-201.44554455445544,15.816576035871469
-201.42574257425744,15.695583576577533
-201.40594059405942,15.568968252381273
-201.3861386138614,15.436738871792972
-201.36633663366337,15.298908777295056
-201.34653465346534,15.15549587681503
-201.32673267326732,15.006522673221262
-201.30693069306932,14.85201629200121
-201.2871287128713,14.692008507311966
-201.26732673267327,14.526535766627687
-201.24752475247527,14.355639214248692
-201.22772277227722,14.179364713983404
-201.2079207920792,13.997762871368705
-201.1881188118812,13.81088905585759
-201.16831683168317,13.618803423477052
-201.14851485148515,13.421570940547035
-201.12871287128715,13.219261409154273
-201.10891089108912,13.01194949519775
-201.08910891089107,12.799714759968737
-201.06930693069307,12.582641696402977
-201.04950495049505,12.360819771352876
-201.02970297029702,12.134343475480703
-201.00990099009903,11.903312382680742
-200.990099009901,11.667831221311685
-200.97029702970298,11.42800995997688
-200.95049504950495,11.183963911150201
-200.93069306930693,10.935813856636853
-200.9108910891089,10.683686199714895
-200.8910891089109,10.42771314987188
-200.87128712871288,10.168032947388035
-200.85148514851485,9.904790136703209
-200.83168316831683,9.638135899638709
-200.8118811881188,9.368228462265044
-200.79207920792078,9.09523359269303
-200.77227722772278,8.819325211563305
-200.75247524752476,8.540686142850099
-200.73267326732673,8.259509040231139
-200.71287128712873,7.975997534330087
-200.69306930693068,7.690367659472675
-200.67326732673266,7.402849636416633
-200.65346534653466,7.113690111509243
-200.63366336633663,6.823154985288039
-200.6138613861386,6.531533008077847
-200.5940594059406,6.239140381530933
-200.5742574257426,5.9463266903262015
-200.55445544554453,5.653482607501241
-200.53465346534654,5.361049984691539
-200.5148514851485,5.069535175680687
-200.4950495049505,4.779526777304417
-200.4752475247525,4.491719445406205
-200.45544554455446,4.206946104780755
-200.43564356435644,3.9262217724385353
-200.41584158415841,3.6508033764325405
-200.3960396039604,3.3822712856305097
-200.37623762376236,3.122639337296539
-200.35643564356437,2.8744996648067938
-200.33663366336634,2.6412033454372197
-200.31683168316832,2.4270608163189107
-200.2970297029703,2.23750502236634
-200.27722772277227,2.079083299393366
-200.25742574257424,1.9590470776556677
-200.23762376237624,1.8842975282836332
-200.21782178217822,1.8597282103684047
-200.1980198019802,1.8866171748829341
-200.1782178217822,1.9620828995097552
-200.15841584158414,2.080019129580827
-200.13861386138612,2.232843189049505
-200.11881188118812,2.413051436464405
-200.0990099009901,2.61409317292914
-200.07920792079207,2.830638298934362
-200.05940594059408,3.058505462214321
-200.03960396039605,3.2944641131875585
-200.019801980198,3.5360232418598536
-200.0,3.7812502292536188
-199.98019801980197,4.0286290579671995
-199.96039603960395,4.276953962945101
-199.94059405940595,4.525251182369982
-199.92079207920793,4.772721766071122
-199.9009900990099,5.0186997579572825
-199.88118811881188,5.262621484159044
-199.86138613861385,5.504002846458619
-199.84158415841583,5.74242240200923
-199.82178217821783,5.977508648837589
-199.8019801980198,6.20893039040943
-199.78217821782178,6.436389372628641
-199.76237623762378,6.6596146121940825
-199.74257425742573,6.878357994628331
-199.7227722772277,7.092390833508117
-199.7029702970297,7.301501163372801
-199.68316831683168,7.5054915970879135
-199.66336633663366,7.704177620758646
-199.64356435643566,7.897386230250204
-199.62376237623764,8.084954836205767
-199.60396039603958,8.266730381425914
-199.58415841584159,8.442568627187574
-199.56435643564356,8.612333574675928
-199.54455445544554,8.775896994997726
-199.52475247524754,8.93313804682958
-199.5049504950495,9.083942965059695
-199.4851485148515,9.2282048071222
-199.46534653465346,9.365823246331075
-199.44554455445544,9.496704403569867
-199.4257425742574,9.620760710312364
-199.40594059405942,9.737910797236227
-199.3861386138614,9.848079403719536
-199.36633663366337,9.951197304336565
-199.34653465346537,10.04720124913564
-199.32673267326732,10.136033915023605
-199.3069306930693,10.217643866022797
-199.2871287128713,10.291985520528232
-199.26732673267327,10.359019123990832
-199.24752475247524,10.418710725699157
-199.22772277227725,10.471032158537197
-199.20792079207922,10.515961020767142
-199.18811881188117,10.553480659030294
-199.16831683168317,10.583580151880804
-199.14851485148515,10.606254293270343
-199.12871287128712,10.621503575490332
-199.10891089108912,10.629334171154268
-199.0891089108911,10.629757913869069
-199.06930693069307,10.622792277301865
-199.04950495049505,10.608460352400085
-199.02970297029702,10.586790822568188
-199.009900990099,10.55781793664611
-198.990099009901,10.52158147957249
-198.97029702970298,10.478126740651403
-198.95049504950495,10.42750447937542
-198.93069306930693,10.369770888791036
-198.9108910891089,10.30498755642503
-198.89108910891088,10.233221422824046
-198.87128712871288,10.154544737794277
-198.85148514851485,10.069035014464644
-198.83168316831683,9.976774981337009
-198.81188118811883,9.877852532530364
-198.79207920792078,9.77236067647541
-198.77227722772275,9.660397483371396
-198.75247524752476,9.54206603178168
-198.73267326732673,9.41747435481951
-198.7128712871287,9.286735386463654
-198.6930693069307,9.149966908648933
-198.67326732673268,9.00729149990258
-198.65346534653463,8.858836486449563
-198.63366336633663,8.704733896895585
-198.6138613861386,8.545120421823237
-198.59405940594058,8.380137379917176
-198.5742574257426,8.209930692581569
-198.55445544554456,8.034650869447605
-198.53465346534654,7.854453007714805
-198.5148514851485,7.669496808961162
-198.4950495049505,7.479946617937585
-198.47524752475246,7.285971488992057
-198.45544554455446,7.087745287228722
-198.43564356435644,6.885446833407738
-198.41584158415841,6.679260104085749
-198.3960396039604,6.469374501795701
-198.37623762376236,6.255985214467563
-198.35643564356434,6.0392936892196785
-198.33663366336634,5.819508253710812
-198.31683168316832,5.596844929314181
-198.2970297029703,5.371528495745171
-198.2772277227723,5.143793888360271
-198.25742574257424,4.913888040025534
-198.23762376237622,4.682072323625223
-198.21782178217822,4.448625815743256
-198.1980198019802,4.213849697477326
-198.17821782178217,3.978073251749219
-198.15841584158417,3.7416621353779047
-198.13861386138615,3.5050299437632697
-198.1188118811881,3.2686546214493144
-198.0990099009901,3.033102129432464
-198.07920792079207,2.7990611731997705
-198.05940594059405,2.5673950818629274
-198.03960396039605,2.339220689416722
-198.01980198019803,2.116030163573605
-198.0,1.8998810859562851
-197.98019801980197,1.6936922831104295
-197.96039603960395,1.5016902378747508
-197.94059405940592,1.3300189936907503
-197.92079207920793,1.1873492233735805
-197.9009900990099,1.0848067937410426
-197.88118811881188,1.0338197468347583
-197.86138613861388,1.0412337261449336
-197.84158415841583,1.1050025510531343
-197.8217821782178,1.215354715588445
-197.8019801980198,1.360038580121032
-197.78217821782178,1.5283703468146463
-197.76237623762376,1.7124331552702674
-197.74257425742576,1.9067340533235948
-197.72277227722773,2.107518889843377
-197.7029702970297,2.312194816183748
-197.68316831683168,2.51892990339331
-197.66336633663366,2.726393041346877
-197.64356435643566,2.9335878060956597
-197.62376237623764,3.1397459340734986
-197.6039603960396,3.3442581114171763
-197.5841584158416,3.5466282340702855
-197.56435643564356,3.7464426220777156
-197.54455445544554,3.9433489196398925
-197.52475247524754,4.137041380515592
-197.5049504950495,4.327250438382326
-197.4851485148515,4.5137352025986335
-197.4653465346535,4.6962779841497015
-197.44554455445547,4.87468025236054
-197.4257425742574,5.04875961452099
-197.40594059405942,5.218347536637614
-197.3861386138614,5.383287607799114
-197.36633663366337,5.543434207816492
-197.34653465346537,5.698651477140887
-197.32673267326734,5.848812515496714
-197.30693069306932,5.993798755042498
-197.2871287128713,6.133499467717048
-197.26732673267327,6.267811376435562
-197.24752475247524,6.3966383471087465
-197.22772277227725,6.519891143850003
-197.20792079207922,6.63748723375168
-197.1881188118812,6.749350630628599
-197.16831683168317,6.855411769414362
-197.14851485148515,6.955607404642663
-197.12871287128712,7.049880527791373
-197.10891089108912,7.1381802993099095
-197.0891089108911,7.220461991965192
-197.06930693069307,7.296686942782208
-197.04950495049508,7.36682251136166
-197.02970297029702,7.430842042761088
-197.009900990099,7.488724833448805
-196.990099009901,7.540456099100728
-196.97029702970298,7.5860269432212295
-196.95049504950495,7.625434325740704
-196.93069306930695,7.658681030884192
-196.91089108910893,7.6857756337208345
-196.89108910891088,7.706732464900423
-196.87128712871288,7.721571573163183
-196.85148514851485,7.730318685276182
-196.83168316831683,7.733005163105737
-196.81188118811883,7.72966795758343
-196.7920792079208,7.720349559363409
-196.77227722772278,7.70509794600377
-196.75247524752476,7.683966525534516
-196.73267326732673,7.657014076300354
-196.7128712871287,7.624304682989316
-196.6930693069307,7.585907668777612
-196.67326732673268,7.541897523538639
-196.65346534653466,7.492353828079401
-196.63366336633663,7.437361174381242
-196.6138613861386,7.377009081834349
-196.59405940594058,7.311391909466314
-196.5742574257426,7.240608764175699
-196.55445544554456,7.16476340499062
-196.53465346534654,7.083964143381404
-196.51485148514854,6.998323739664514
-196.4950495049505,6.90795929554317
-196.47524752475246,6.812992142837505
-196.45544554455446,6.71354772846513
-196.43564356435644,6.609755495740592
-196.41584158415841,6.501748762070309
-196.39603960396042,6.3896645931282565
-196.3762376237624,6.273643673606832
-196.35643564356434,6.153830174647762
-196.33663366336634,6.030371618069911
-196.31683168316832,5.903418737524257
-196.2970297029703,5.773125336722985
-196.2772277227723,5.6396481449093105
-196.25742574257427,5.50314666975867
-196.23762376237624,5.363783047932314
-196.21782178217822,5.221721893542053
-196.1980198019802,5.077130144832772
-196.17821782178217,4.93017690945142
-196.15841584158417,4.781033308750521
-196.13861386138615,4.629872321678397
-196.11881188118812,4.4768686289453115
-196.09900990099013,4.322198458336085
-196.07920792079207,4.166039432282612
-196.05940594059405,4.008570419137765
-196.03960396039605,3.8499713900388404
-196.01980198019803,3.6904232838640154
-196.0,3.530107883641383
-195.980198019802,3.369207708975742
-195.96039603960398,3.207905930777524
-195.94059405940592,3.0463863170643064
-195.92079207920793,2.884833222254346
-195.9009900990099,2.723431637817198
-195.88118811881188,2.5623673304212473
-195.86138613861388,2.4018271065454093
-195.84158415841586,2.241999262849739
-195.82178217821783,2.08307431461164
-195.8019801980198,1.9252461496278384
-195.78217821782178,1.7687138497858284
-195.76237623762376,1.6136845913715494
-195.74257425742576,1.4603783479727226
-195.72277227722773,1.3090357257788725
-195.7029702970297,1.159931497079078
-195.6831683168317,1.0133990746930956
-195.66336633663366,0.8698773887843445
-195.64356435643563,0.7300073120278824
-195.62376237623764,0.5948483010751786
-195.6039603960396,0.46642003869316206
-195.58415841584159,0.3492241345715567
-195.5643564356436,0.25476068138626023
-195.54455445544556,0.21004528821589427
-195.5247524752475,0.23929271245072106
-195.5049504950495,0.3192493413040715
-195.4851485148515,0.4190929257514004
-195.46534653465346,0.5252872256814322
-195.44554455445547,0.6326736685619805
-195.42574257425744,0.7390388419170737
-195.40594059405942,0.8432917758552425
-195.3861386138614,0.9448293542238474
-195.36633663366337,1.0432878277366437
-195.34653465346534,1.1384342772281293
-195.32673267326734,1.230114809743855
-195.30693069306932,1.318228084112571
-195.2871287128713,1.4027111022284526
-195.26732673267327,1.4835313641702228
-195.24752475247524,1.56068252901821
-195.22772277227722,1.6341821130479501
-195.20792079207922,1.7040704312685113
-195.1881188118812,1.7704103324094655
-195.16831683168317,1.833287460367729
-195.14851485148517,1.8928108751357258
-195.12871287128712,1.949113921471268
-195.1089108910891,2.0023552633857182
-195.0891089108911,2.0527200171068607
-195.06930693069307,2.100420920076132
-195.04950495049505,2.145699471947939
-195.02970297029705,2.188826977453534
-195.00990099009903,2.230105411814526
-194.99009900990097,2.2698680184479287
-194.97029702970298,2.308479537426566
-194.95049504950495,2.346335953278366
-194.93069306930693,2.3838636443476218
-194.91089108910893,2.4215178156003105
-194.8910891089109,2.4597801051696377
-194.87128712871288,2.499155274767336
-194.85148514851485,2.5401669274308056
-194.83168316831683,2.583352243843143
-194.8118811881188,2.6292557896744047
-194.7920792079208,2.678422517617188
-194.77227722772278,2.73139016289713
-194.75247524752476,2.788681301524983
-194.73267326732673,2.850795396555177
-194.7128712871287,2.9182011895548396
-194.69306930693068,2.991329795101134
-194.67326732673268,3.070568822310967
-194.65346534653466,3.1562577813631907
-194.63366336633663,3.2486849421747315
-194.61386138613864,3.348085708313642
-194.59405940594058,3.454642465105301
-194.57425742574256,3.5684857691259544
-194.55445544554456,3.689696676259986
-194.53465346534654,3.8183099622583314
-194.5148514851485,3.95431797376555
-194.49504950495052,4.097674855788417
-194.4752475247525,4.248300927824001
-194.45544554455444,4.406087018654527
-194.43564356435644,4.570898612750511
-194.41584158415841,4.742579704041421
-194.3960396039604,4.92095629177513
-194.3762376237624,5.1058394860947685
-194.35643564356437,5.297028216922852
-194.33663366336634,5.494311558839369
-194.31683168316832,5.697470697572459
-194.2970297029703,5.906280571507216
-194.27722772277227,6.120511225371999
-194.25742574257427,6.339928914040008
-194.23762376237624,6.564296993107038
-194.21782178217822,6.793376630323573
-194.19801980198022,7.026927368647456
-194.17821782178217,7.2647075680641
-194.15841584158414,7.506474749684694
-194.13861386138615,7.751985862169242
-194.11881188118812,8.0009974873389
-194.0990099009901,8.253265998998183
-194.0792079207921,8.50854768649722
-194.05940594059408,8.766598852420136
-194.03960396039602,9.027175891963797
-194.01980198019803,9.290035360041815
-194.0,9.554934030875826
-193.98019801980197,9.821628953787005
-193.96039603960398,10.089877508042045
-193.94059405940595,10.35943745891009
-193.92079207920793,10.630067016523917
-193.9009900990099,10.901524898687367
-193.88118811881188,11.173570398411353
-193.86138613861385,11.445963456676502
-193.84158415841586,11.718464740697812
-193.82178217821783,11.99083572779301
-193.8019801980198,12.262838794823235
-193.7821782178218,12.534237313073199
-193.76237623762376,12.804795748362338
-193.74257425742573,13.074279766123256
-193.72277227722773,13.342456341144125
-193.7029702970297,13.60909387164545
-193.68316831683168,13.873962297344297
-193.6633663366337,14.13683322115021
-193.64356435643566,14.397480034133498
-193.6237623762376,14.65567804340745
-193.6039603960396,14.911204602570837
-193.58415841584159,15.163839244363247
-193.56435643564356,15.4133638151949
-193.54455445544556,15.659562611221908
-193.52475247524754,15.90222251564876
-193.5049504950495,16.141133136950657
-193.4851485148515,16.37608694771964
-193.46534653465346,16.606879423849737
-193.44554455445544,16.833309183787613
-193.42574257425744,17.055178127586217
-193.40594059405942,17.27229157550973
-193.3861386138614,17.48445840594872
-193.36633663366337,17.691491192414674
-193.34653465346534,17.89320633939289
-193.32673267326732,18.089424216842485
-193.30693069306932,18.279969293141523
-193.2871287128713,18.46467026628436
-193.26732673267327,18.643360193147096
-193.24752475247527,18.81587661664544
-193.22772277227722,18.982061690617755
-193.2079207920792,19.141762302274103
-193.1881188118812,19.29483019205995
-193.16831683168317,19.44112207079116
-193.14851485148515,19.580499733924377
-193.12871287128715,19.7128301728345
-193.10891089108912,19.837985682978605
-193.08910891089107,19.955843968832763
-193.06930693069307,20.06628824549598
-193.04950495049505,20.16920733686257
-193.02970297029702,20.26449577027193
-193.00990099009903,20.3520538675521
-192.990099009901,20.43178783238094
-192.97029702970298,20.503609833896615
-192.95049504950495,20.567438086496814
-192.93069306930693,20.62319692577396
-192.9108910891089,20.670816880542183
-192.8910891089109,20.710234740919702
-192.87128712871288,20.74139362243961
-192.85148514851485,20.764243026170366
-192.83168316831683,20.778738894837165
-192.8118811881188,20.784843664944816
-192.79207920792078,20.782526314913117
-192.77227722772278,20.771762409246257
-192.75247524752476,20.75253413876946
-192.73267326732673,20.72483035697754
-192.71287128712873,20.688646612553455
-192.69306930693068,20.643985178127775
-192.67326732673266,20.590855075365194
-192.65346534653466,20.52927209647945
-192.63366336633663,20.459258822294906
-192.6138613861386,20.380844636991537
-192.5940594059406,20.294065739689334
-192.5742574257426,20.19896515305038
-192.55445544554453,20.095592729099735
-192.53465346534654,19.98400515249261
-192.5148514851485,19.864265941483495
-192.4950495049505,19.73644544688435
-192.4752475247525,19.600620849333612
-192.45544554455446,19.45687615523663
-192.43564356435644,19.30530219178053
-192.41584158415841,19.14599660147506
-192.3960396039604,18.97906383672406
-192.37623762376236,18.804615154992902
-192.35643564356437,18.622768615204475
-192.33663366336634,18.433649076073124
-192.31683168316832,18.23738819717199
-192.29702970297032,18.034124443627082
-192.27722772277227,17.82400309544251
-192.25742574257424,17.607176262587373
-192.23762376237624,17.38380290711894
-192.21782178217822,17.15404887378095
-192.1980198019802,16.918086930703854
-192.1782178217822,16.67609682204922
-192.15841584158417,16.42826533468759
-192.13861386138612,16.174786381283344
-192.11881188118812,15.915861102486595
-192.0990099009901,15.65169799130933
-192.07920792079207,15.382513043196873
-192.05940594059408,15.108529935807642
-192.03960396039605,14.829980243093175
-192.01980198019803,14.547103688939977
-192.0,14.26014844640815
-191.98019801980197,13.969371489495433
-191.96039603960395,13.67503900538683
-191.94059405940595,13.37742687633906
-191.92079207920793,13.076821241716512
-191.9009900990099,12.773519152263809
-191.8811881188119,12.46782933049027
-191.86138613861385,12.160073053073495
-191.84158415841583,11.85058517347653
-191.82178217821783,11.539715305518557
-191.8019801980198,11.227829191428214
-191.78217821782178,10.915310280896305
-191.76237623762378,10.602561550738665
-191.74257425742576,10.290007597817022
-191.7227722772277,9.978097040572148
-191.7029702970297,9.667305266468208
-191.68316831683168,9.358137563163275
-191.66336633663366,9.051132669313393
-191.64356435643566,8.746866775121545
-191.62376237623764,8.445957990960892
-191.6039603960396,8.149071281683664
-191.58415841584159,7.856923830538661
-191.56435643564356,7.570290744615064
-191.54455445544554,7.290010936622021
-191.52475247524754,7.016992907517944
-191.5049504950495,6.752220002337408
-191.4851485148515,6.496754509975133
-191.46534653465346,6.251739723671067
-191.44554455445544,6.018398779901531
-191.4257425742574,5.798028775974542
-191.40594059405942,5.591988388135559
-191.3861386138614,5.401677071473997
-191.36633663366337,5.228504065322373
-191.34653465346537,5.0738460292267495
-191.32673267326732,4.938993353953942
-191.3069306930693,4.82508708165147
-191.2871287128713,4.733050758770244
-191.26732673267327,4.663523954704941
-191.24752475247524,4.616805850376675
-191.22772277227725,4.592817420588626
-191.20792079207922,4.591088813514132
-191.18811881188117,4.610774761270709
-191.16831683168317,4.6506961795266095
-191.14851485148515,4.709401887965052
-191.12871287128712,4.785241786801496
-191.10891089108912,4.876442368123296
-191.0891089108911,4.981176853420613
-191.06930693069307,5.0976247460168835
-191.04950495049505,5.22401829323853
-191.02970297029702,5.358675624043347
-191.009900990099,5.500021866443956
-190.990099009901,5.646600349864223
-190.97029702970298,5.79707621966309
-190.95049504950495,5.95023464144926
-190.93069306930693,6.1049754343363505
-190.9108910891089,6.260305575369442
-190.89108910891088,6.415330639754144
-190.87128712871288,6.569245920475423
-190.85148514851485,6.72132771741813
-190.83168316831683,6.8709250967453785
-190.81188118811883,7.017452286190453
-190.79207920792078,7.160381779547965
-190.77227722772275,7.2992381632674
-190.75247524752476,7.43359264067609
-190.73267326732673,7.563058207972698
-190.7128712871287,7.68728542549787
-190.6930693069307,7.805958724134262
-190.67326732673268,7.918793187371078
-190.65346534653463,8.025531752788158
-190.63366336633663,8.125942781275171
-190.6138613861386,8.219817947429881
-190.59405940594058,8.306970409795946
-190.5742574257426,8.38723322462062
-190.55445544554456,8.460457971482318
-190.53465346534654,8.526513563385546
-190.5148514851485,8.585285217728062
-190.4950495049505,8.636673567924525
-190.47524752475246,8.680593898452292
-190.45544554455446,8.716975488708512
-190.43564356435644,8.745761053374562
-190.41584158415841,8.766906269018008
-190.39603960396042,8.780379378464396
-190.37623762376236,8.786160866080367
-190.35643564356434,8.784243198561864
-190.33663366336634,8.774630627150097
-190.31683168316832,8.757339048435194
-190.2970297029703,8.7323959220825
-190.2772277227723,8.699840244957977
-190.25742574257427,8.659722582265436
-190.23762376237622,8.612105157467697
-190.21782178217822,8.557062003975775
-190.1980198019802,8.494679182885518
-190.17821782178217,8.425055072454294
-190.15841584158417,8.348300736577656
-190.13861386138615,8.264540381289008
-190.11881188118812,8.173911910310183
-190.0990099009901,8.076567592980036
-190.07920792079207,7.972674860538052
-190.05940594059405,7.86241724980615
-190.03960396039605,7.745995516861262
-190.01980198019803,7.62362894739584
-190.0,7.495556895191035
-189.980198019802,7.362040585535662
-189.96039603960395,7.223365226543819
-189.94059405940592,7.07984247813637
-189.92079207920793,6.931813335851042
-189.9009900990099,6.779651494377302
-189.88118811881188,6.623767263287705
-189.86138613861388,6.464612113996017
-189.84158415841586,6.30268394108875
-189.8217821782178,6.138533120578609
-189.8019801980198,5.97276943881126
-189.78217821782178,5.806069943471683
-189.76237623762376,5.639187724760272
-189.74257425742576,5.4729615596566505
-189.72277227722773,5.308326230958055
-189.7029702970297,5.1463231475231215
-189.68316831683168,4.988110622587082
-189.66336633663366,4.834972794483795
-189.64356435643563,4.68832569017648
-189.62376237623764,4.549718353950539
-189.6039603960396,4.420826358233277
-189.58415841584159,4.303434526505028
-189.56435643564356,4.199405578057145
-189.54455445544554,4.110631994415204
-189.5247524752475,4.038970068564032
-189.5049504950495,3.986158029219439
-189.4851485148515,3.953724106960473
-189.46534653465346,3.942894557477526
-189.44554455445547,3.9545145199066924
-189.4257425742574,3.9889946235586593
-189.4059405940594,4.046292691731345
-189.3861386138614,4.125933407077958
-189.36633663366337,4.227061450308281
-189.34653465346534,4.348517865318797
-189.32673267326734,4.488926881994058
-189.30693069306932,4.646781301392547
-189.28712871287127,4.820517734032243
-189.26732673267327,5.008576951996604
-189.24752475247524,5.209448132545291
-189.22772277227722,5.421698213052072
-189.20792079207922,5.643988874223201
-189.1881188118812,5.875084064899567
-189.16831683168317,6.11385081147163
-189.14851485148515,6.359255608365792
-189.12871287128712,6.610358162257814
-189.1089108910891,6.8663037735805625
-189.0891089108911,7.126315233234762
-189.06930693069307,7.3896848007367435
-189.04950495049505,7.655766603703499
-189.02970297029702,7.9239696416872505
-189.009900990099,8.193751473227355
-188.99009900990097,8.464612598979995
-188.97029702970298,8.736091514302144
-188.95049504950495,9.007760383011997
-188.93069306930693,9.279221273982385
-188.91089108910893,9.55010289941095
-188.89108910891088,9.820057795121786
-188.87128712871285,10.088759887156757
-188.85148514851485,10.355902393975267
-188.83168316831683,10.621196019030336
-188.8118811881188,10.884367393869994
-188.7920792079208,11.145157736972807
-188.77227722772278,11.403321698137821
-188.75247524752473,11.658626362367361
-188.73267326732673,11.910850390805523
-188.7128712871287,12.159783279453858
-188.69306930693068,12.405224719118204
-188.67326732673268,12.646984042392859
-188.65346534653466,12.884879745506145
-188.63366336633663,13.11873907457791
-188.6138613861386,13.348397667314897
-188.59405940594058,13.573699242430132
-188.57425742574256,13.794495330147273
-188.55445544554456,14.010645038070068
-188.53465346534654,14.222014847480729
-188.5148514851485,14.428478435802507
-188.49504950495052,14.629916521535725
-188.47524752475246,14.82621672846852
-188.45544554455444,15.017273466386312
-188.43564356435644,15.202987825866547
-188.41584158415841,15.383267485058191
-188.3960396039604,15.558026626614822
-188.3762376237624,15.727185863182862
-188.35643564356437,15.890672170048354
-188.3366336633663,16.048418823719853
-188.31683168316832,16.20036534537714
-188.2970297029703,16.346457448247296
-188.27722772277227,16.48664698808463
-188.25742574257427,16.6208919160317
-188.23762376237624,16.749156233226138
-188.21782178217822,16.871409946595485
-188.1980198019802,16.98762902534919
-188.17821782178217,17.097795357736807
-188.15841584158414,17.201896707693308
-188.13861386138615,17.29992667103837
-188.11881188118812,17.391884630937152
-188.0990099009901,17.477775712365652
-188.0792079207921,17.557610735355087
-188.05940594059405,17.63140616681752
-188.03960396039602,17.699184070779257
-188.01980198019803,17.760972056869715
-188.0,17.81680322693233
-187.98019801980197,17.86671611964001
-187.96039603960398,17.91075465301174
-187.94059405940595,17.948968064738843
-187.9207920792079,17.981410850239453
-187.9009900990099,18.00814269836788
-187.88118811881188,18.029228424712496
-187.86138613861385,18.044737902420508
-187.84158415841586,18.054745990491725
-187.82178217821783,18.059332459485635
-187.8019801980198,18.058581914586703
-187.78217821782178,18.052583715972432
-187.76237623762376,18.041431896426484
-187.74257425742573,18.025225076136493
-187.72277227722773,18.004066374611057
-187.7029702970297,17.9780633196452
-187.68316831683168,17.947327753256303
-187.66336633663366,17.91197573450428
-187.64356435643563,17.872127439100357
-187.6237623762376,17.827907055698205
-187.6039603960396,17.77944267874928
-187.58415841584159,17.72686619779123
-187.56435643564356,17.670313183024568
-187.54455445544556,17.609922767017366
-187.5247524752475,17.545837522362444
-187.5049504950495,17.478203335094367
-187.4851485148515,17.40716927365703
-187.46534653465346,17.33288745319427
-187.44554455445547,17.255512894918954
-187.42574257425744,17.175203380297482
-187.40594059405942,17.092119299770072
-187.3861386138614,17.006423495709985
-187.36633663366337,16.918281099309933
-187.34653465346534,16.827859361069887
-187.32673267326734,16.7353274745491
-187.30693069306932,16.64085639303647
-187.2871287128713,16.544618638787917
-187.26732673267327,16.446788104478912
-187.24752475247524,16.347539846523695
-187.22772277227722,16.24704986992331
-187.20792079207922,16.145494904320866
-187.1881188118812,16.043052170967155
-187.16831683168317,15.939899140333072
-187.14851485148517,15.83621328014811
-187.12871287128712,15.732171793697999
-187.1089108910891,15.627951348279732
-187.0891089108911,15.523727793789813
-187.06930693069307,15.419675871512544
-187.04950495049505,15.31596891327906
-187.02970297029705,15.212778531286467
-187.00990099009903,15.110274298998545
-186.99009900990097,15.008623423694983
-186.97029702970298,14.907990411395364
-186.95049504950495,14.808536725054305
-186.93069306930693,14.710420437105284
-186.91089108910893,14.613795877619518
-186.8910891089109,14.518813279540899
-186.87128712871288,14.425618422654674
-186.85148514851485,14.334352278143161
-186.83168316831683,14.24515065577121
-186.8118811881188,14.158143855923887
-186.7920792079208,14.073456328882495
-186.77227722772278,13.991206343868571
-186.75247524752476,13.911505670502562
-186.73267326732676,13.83445927540962
-186.7128712871287,13.760165036754149
-186.69306930693068,13.688713479492703
-186.67326732673268,13.620187534097553
-186.65346534653466,13.554662321417858
-186.63366336633663,13.492204966209533
-186.61386138613864,13.43287444167797
-186.5940594059406,13.376721447140552
-186.57425742574256,13.323788320629795
-186.55445544554456,13.274108987927672
-186.53465346534654,13.227708949150905
-186.5148514851485,13.18460530360344
-186.49504950495052,13.144806813182832
-186.4752475247525,13.108314004180837
-186.45544554455446,13.075119306864506
-186.43564356435644,13.04520723177288
-186.41584158415841,13.018554581224596
-186.3960396039604,12.995130694114998
-186.3762376237624,12.974897721695168
-186.35643564356437,12.957810931678605
-186.33663366336634,12.943819037721653
-186.31683168316835,12.932864551075127
-186.2970297029703,12.924884151013899
-186.27722772277227,12.919809070517378
-186.25742574257427,12.917565493601298
-186.23762376237624,12.91807496068604
-186.21782178217822,12.921254778429216
-186.19801980198022,12.92701843054447
-186.1782178217822,12.935275986271938
-186.15841584158414,12.945934503350507
-186.13861386138615,12.958898422563953
-186.11881188118812,12.974069951183631
-186.0990099009901,12.991349432903966
-186.0792079207921,13.010635702155966
-186.05940594059408,13.031826420982581
-186.03960396039605,13.054818396961084
-186.01980198019803,13.079507880956415
-186.0,13.105790843781248
-185.98019801980197,13.133563231118153
-185.96039603960398,13.162721196323998
-185.94059405940595,13.193161310983541
-185.92079207920793,13.22478075330603
-185.9009900990099,13.257477474663933
-185.88118811881188,13.29115034475653
-185.86138613861385,13.325699276041906
-185.84158415841586,13.361025328219554
-185.82178217821783,13.397030793663419
-185.8019801980198,13.43361926480136
-185.7821782178218,13.470695684514478
-185.76237623762376,13.508166380688367
-185.74257425742573,13.545939086090904
-185.72277227722773,13.583922944777992
-185.7029702970297,13.62202850624227
-185.68316831683168,13.660167708520765
-185.6633663366337,13.698253851468543
-185.64356435643566,13.736201561386176
-185.6237623762376,13.773926748162888
-185.6039603960396,13.811346556063507
-185.58415841584159,13.848379309248887
-185.56435643564356,13.884944453075924
-185.54455445544556,13.920962492176603
-185.52475247524754,13.95635492626548
-185.5049504950495,13.99104418457378
-185.4851485148515,14.024953559754614
-185.46534653465346,14.058007142050439
-185.44554455445544,14.09012975445911
-185.42574257425744,14.121246889581034
-185.40594059405942,14.151284648776029
-185.3861386138614,14.180169684205358
-185.36633663366337,14.207829144282748
-185.34653465346534,14.234190623006926
-185.32673267326732,14.259182113599389
-185.30693069306932,14.282731966822867
-185.2871287128713,14.3047688543101
-185.26732673267327,14.325221737188242
-185.24752475247527,14.344019840241776
-185.22772277227722,14.36109263181644
-185.2079207920792,14.376369809628448
-185.1881188118812,14.389781292606749
-185.16831683168317,14.401257218862401
-185.14851485148515,14.4107279498467
-185.12871287128715,14.41812408073043
-185.10891089108912,14.423376457008812
-185.08910891089107,14.426416197311596
-185.06930693069307,14.427174722374717
-185.04950495049505,14.425583790109165
-185.02970297029702,14.421575536684484
-185.00990099009903,14.415082523527696
-184.990099009901,14.406037790125131
-184.97029702970298,14.394374912502647
-184.95049504950495,14.380028067250516
-184.93069306930693,14.362932100952458
-184.9108910891089,14.343022604873358
-184.8910891089109,14.32023599475806
-184.87128712871288,14.294509595593626
-184.85148514851485,14.265781731189668
-184.83168316831686,14.233991818436497
-184.8118811881188,14.199080466107752
-184.79207920792078,14.160989578084294
-184.77227722772278,14.119662460888339
-184.75247524752476,14.075043935432252
-184.73267326732673,14.027080452904043
-184.71287128712873,13.97572021473299
-184.6930693069307,13.920913296602626
-184.67326732673266,13.862611776506233
-184.65346534653466,13.800769866870906
-184.63366336633663,13.735344050811754
-184.6138613861386,13.666293222617103
-184.5940594059406,13.593578832610033
-184.5742574257426,13.517165036581162
-184.55445544554456,13.437018850043016
-184.53465346534654,13.353110307618323
-184.5148514851485,13.265412627943938
-184.4950495049505,13.17390238454976
-184.4752475247525,13.078559683258876
-184.45544554455446,12.979368346752633
-184.43564356435644,12.876316107054103
-184.41584158415844,12.769394806806007
-184.3960396039604,12.658600610358375
-184.37623762376236,12.543934225837196
-184.35643564356437,12.425401139541748
-184.33663366336634,12.303011864218206
-184.31683168316832,12.176782202982526
-184.29702970297032,12.046733530921848
-184.2772277227723,11.912893096693477
-184.25742574257424,11.775294346770146
-184.23762376237624,11.633977275353368
-184.21782178217822,11.488988803401531
-184.1980198019802,11.340383190700182
-184.1782178217822,11.188222485448657
-184.15841584158417,11.032577016454894
-184.13861386138615,10.873525933730516
-184.11881188118812,10.71115780406657
-184.0990099009901,10.545571269057467
-184.07920792079207,10.37687577403262
-184.05940594059408,10.20519237745877
-184.03960396039605,10.03065465159241
-184.01980198019803,9.853409686489028
-184.0,9.673619210901393
-183.98019801980197,9.4914608450991
-183.96039603960395,9.307129502171906
-183.94059405940595,9.120838955868908
-183.92079207920793,8.932823594364216
-183.9009900990099,8.74334038036112
-183.8811881188119,8.552671038409619
-183.86138613861385,8.361124489869873
-183.84158415841583,8.16903955412243
-183.82178217821783,7.976787930733982
-183.8019801980198,7.784777470431898
-183.78217821782178,7.5934557317203
-183.76237623762378,7.403313803235363
-183.74257425742576,7.214890347542306
-183.7227722772277,7.028775787681312
-183.7029702970297,6.845616510722895
-183.68316831683168,6.666118900165651
-183.66336633663366,6.491052928876878
-183.64356435643566,6.321254945377942
-183.62376237623764,6.157629170173366
-183.6039603960396,6.001147291658928
-183.58415841584159,5.852845426152488
-183.56435643564356,5.71381760675785
-183.54455445544554,5.585204925771288
-183.52475247524754,5.468179521055627
-183.5049504950495,5.363922820132754
-183.4851485148515,5.273597882270486
-183.46534653465346,5.198316327544321
-183.44554455445544,5.139101179803761
-183.4257425742574,5.096847871462762
-183.40594059405942,5.072286479631056
-183.3861386138614,5.065948756379821
-183.36633663366337,5.078143471437246
-183.34653465346537,5.108942898241821
-183.32673267326732,5.1581820095398685
-183.3069306930693,5.225470349843575
-183.2871287128713,5.310214972071441
-183.26732673267327,5.4116516090356965
-183.24752475247524,5.528880619402589
-183.22772277227725,5.660904245312223
-183.20792079207922,5.806662226014214
-183.18811881188117,5.965063618043211
-183.16831683168317,6.135013557689814
-183.14851485148515,6.315434496423049
-183.12871287128712,6.50528204971203
-183.10891089108912,6.703555998243735
-183.0891089108911,6.90930718876187
-183.06930693069307,7.1216411437172935
-183.04950495049505,7.339719153319851
-183.02970297029702,7.5627575328670895
-183.009900990099,7.790025614222026
-182.990099009901,8.020842924037085
-182.97029702970298,8.254575894864198
-182.95049504950495,8.490634364300615
-182.93069306930695,8.72846804328144
-182.9108910891089,8.967563076647272
-182.89108910891088,9.207438775134577
-182.87128712871288,9.44764456552329
-182.85148514851485,9.687757182449472
-182.83168316831683,9.927378109241163
-182.81188118811883,10.166131264300446
-182.7920792079208,10.403660922620874
-182.77227722772275,10.639629857899644
-182.75247524752476,10.87371768854404
-182.73267326732673,11.105619410061419
-182.7128712871287,11.335044096408412
-182.6930693069307,11.561713753531908
-182.67326732673268,11.7853623093318
-182.65346534653466,12.00573472545323
-182.63366336633663,12.222586217566473
-182.6138613861386,12.43568157204396
-182.59405940594058,12.644794548151095
-182.5742574257426,12.849707356003305
-182.55445544554456,13.050210201592769
-182.53465346534654,13.246100891147206
-182.51485148514854,13.437184487951097
-182.4950495049505,13.623273015538848
-182.47524752475246,13.804185201865682
-182.45544554455446,13.979746259681432
-182.43564356435644,14.149787698881664
-182.41584158415841,14.314147167097026
-182.39603960396042,14.472668315211427
-182.3762376237624,14.625200684879042
-182.35643564356434,14.771599615445076
-182.33663366336634,14.911726167970775
-182.31683168316832,15.045447064323845
-182.2970297029703,15.172634639526247
-182.2772277227723,15.293166805754518
-182.25742574257427,15.40692702656875
-182.23762376237624,15.513804300105862
-182.21782178217822,15.61369315011526
-182.1980198019802,15.706493623841359
-182.17821782178217,15.7921112958708
-182.15841584158417,15.870457277163466
-182.13861386138615,15.94144822857755
-182.11881188118812,16.00500637828177
-182.0990099009901,16.061059542522305
-182.07920792079207,16.109541149281117
-182.05940594059405,16.150390264425127
-182.03960396039605,16.18355162000453
-182.01980198019803,16.208975644413513
-182.0,16.226618494178613
-181.980198019802,16.236442087189893
-181.96039603960395,16.238414137238383
-181.94059405940592,16.232508189770723
-181.92079207920793,16.218703658819088
-181.9009900990099,16.196985865112293
-181.88118811881188,16.167346075422614
-181.86138613861388,16.129781543253554
-181.84158415841586,16.084295551026784
-181.8217821782178,16.030897453983137
-181.8019801980198,15.969602726073298
-181.78217821782178,15.900433008179599
-181.76237623762376,15.823416159083024
-181.74257425742576,15.738586309669437
-181.72277227722773,15.645983920957956
-181.7029702970297,15.54565584663466
-181.68316831683168,15.43765540088702
-181.66336633663366,15.32204243246255
-181.64356435643563,15.198883406019949
-181.62376237623764,15.068251492007576
-181.6039603960396,14.930226666494455
-181.58415841584159,14.784895822598603
-181.56435643564356,14.632352895410882
-181.54455445544554,14.47269900260637
-181.5247524752475,14.30604260327654
-181.5049504950495,14.132499677912575
-181.4851485148515,13.952193932934623
-181.46534653465346,13.765257033704344
-181.44554455445547,13.571828870595356
-181.4257425742574,13.372057863444464
-181.4059405940594,13.166101310588534
-181.3861386138614,12.954125789731364
-181.36633663366337,12.736307619114816
-181.34653465346534,12.512833388922566
-181.32673267326734,12.283900574569087
-181.30693069306932,12.049718245571018
-181.28712871287127,11.810507886124691
-181.26732673267327,11.566504346394247
-181.24752475247524,11.317956946932261
-181.22772277227722,11.065130762705186
-181.20792079207922,10.808308117986295
-181.1881188118812,10.547790329024364
-181.16831683168317,10.283899738018201
-181.14851485148515,10.016982089634931
-181.12871287128712,9.747409310189557
-181.1089108910891,9.475582759674994
-181.0891089108911,9.201937038000334
-181.06930693069307,8.926944438755319
-181.04950495049505,8.651120155914624
-181.02970297029705,8.375028359899753
-181.009900990099,8.099289267198111
-180.99009900990097,7.82458732877189
-180.97029702970298,7.551680651149318
-180.95049504950495,7.281411731686065
-180.93069306930693,7.014719523015967
-180.91089108910893,6.752652722430687
-180.8910891089109,6.496383984050799
-180.87128712871285,6.24722444200007
-180.85148514851485,6.00663747308045
-180.83168316831683,5.776249982161138
-180.8118811881188,5.5578586480334575
-180.7920792079208,5.353427562006595
-180.77227722772278,5.165072673733833
-180.75247524752476,4.995027748314616
-180.73267326732673,4.845586671569357
-180.7128712871287,4.719018623841093
-180.69306930693068,4.617456523663396
-180.67326732673268,4.542765332935833
-180.65346534653466,4.496404301328145
-180.63366336633663,4.479303593802098
-180.61386138613864,4.491777788790128
-180.59405940594058,4.533494128365628
-180.57425742574256,4.603502543556218
-180.55445544554456,4.700320966614404
-180.53465346534654,4.822058361082997
-180.5148514851485,4.966552978133453
-180.49504950495052,5.131505141508674
-180.4752475247525,5.314590132990743
-180.45544554455444,5.5135442803478565
-180.43564356435644,5.726223655883753
-180.41584158415841,5.95063879465008
-180.3960396039604,6.184970611211924
-180.3762376237624,6.427572871782606
-180.35643564356437,6.676965880854529
-180.33663366336634,6.931825017408454
-180.31683168316832,7.1909667360181935
-180.2970297029703,7.453333787236817
-180.27722772277227,7.717980753032299
-180.25742574257427,7.984060523178771
-180.23762376237624,8.25081202177772
-180.21782178217822,8.517549290610786
-180.1980198019802,8.783651913977243
-180.17821782178217,9.048556701681067
-180.15841584158414,9.311750513718868
-180.13861386138615,9.572764098664791
-180.11881188118812,9.831166818850388
-180.0990099009901,10.086562143435192
-180.0792079207921,10.338583801747783
-180.05940594059405,10.586892501666295
-180.03960396039602,10.831173130049725
-180.01980198019803,11.071132363655625
-180.0,11.306496629276834
-179.98019801980197,11.537010360903878
-179.96039603960398,11.76243450959248
-179.94059405940595,11.982545268476597
-179.9207920792079,12.197132981129366
-179.9009900990099,12.406001206361973
-179.88118811881188,12.608965916681589
-179.86138613861385,12.805854811114973
-179.84158415841586,12.996506726040995
-179.82178217821783,13.180771130149505
-179.8019801980198,13.358507691728384
-179.78217821782178,13.52958590823828
-179.76237623762376,13.693884789618211
-179.74257425742573,13.851292588019065
-179.72277227722773,14.001706567723781
-179.7029702970297,14.14503280991381
-179.68316831683168,14.281186047706464
-179.66336633663366,14.410089527540563
-179.64356435643563,14.531674893544112
-179.6237623762376,14.645882091994983
-179.6039603960396,14.752659293394913
-179.58415841584159,14.85196283002946
-179.56435643564356,14.943757147191349
-179.54455445544556,15.028014766508283
-179.5247524752475,15.104716260045757
-179.50495049504948,15.173850234055575
-179.4851485148515,15.235413321415926
-179.46534653465346,15.289410181962992
-179.44554455445544,15.33585351004981
-179.42574257425744,15.374764048788109
-179.40594059405942,15.406170610535625
-179.38613861386136,15.430110103286065
-179.36633663366337,15.446627562703393
-179.34653465346534,15.455776189616998
-179.32673267326732,15.457617392861337
-179.30693069306932,15.452220837402244
-179.2871287128713,15.439664497743884
-179.26732673267327,15.42003471665422
-179.24752475247524,15.393426269284111
-179.22772277227722,15.359942432784257
-179.2079207920792,15.319695061545406
-179.1881188118812,15.272804668199527
-179.16831683168317,15.219400510521677
-179.14851485148515,15.15962068436338
-179.12871287128715,15.093612222725762
-179.1089108910891,15.021531201043393
-179.08910891089107,14.943542848694499
-179.06930693069307,14.859821666677291
-179.04950495049505,14.77055155129221
-179.02970297029702,14.67592592354138
-179.00990099009903,14.576147863795464
-178.990099009901,14.471430251078726
-178.97029702970295,14.361995906079306
-178.95049504950495,14.248077736697367
-178.93069306930693,14.129918884590888
-178.9108910891089,14.007772870759851
-178.8910891089109,13.881903737716035
-178.87128712871288,13.752586185208123
-178.85148514851485,13.62010569580253
-178.83168316831683,13.484758645849878
-178.8118811881188,13.346852396488565
-178.79207920792078,13.206705358343914
-178.77227722772278,13.064647022472315
-178.75247524752476,12.921017948873569
-178.73267326732673,12.776169702560036
-178.71287128712873,12.630464725741199
-178.69306930693068,12.484276133180801
-178.67326732673266,12.337987416248666
-178.65346534653466,12.191992039669868
-178.63366336633663,12.046692913542213
-178.6138613861386,11.902501721937204
-178.5940594059406,11.759838088433371
-178.5742574257426,11.619128558390507
-178.55445544554453,11.480805377818216
-178.53465346534654,11.345305049501238
-178.5148514851485,11.213066648810354
-178.4950495049505,11.084529884546543
-178.4752475247525,10.960132894420909
-178.45544554455446,10.840309770514773
-178.43564356435644,10.72548781738649
-178.41584158415841,10.616084554402338
-178.3960396039604,10.512504484259654
-178.37623762376236,10.415135661292124
-178.35643564356437,10.324346105584851
-178.33663366336634,10.240480121596896
-178.31683168316832,10.16385459214543
-178.2970297029703,10.094755329375076
-178.27722772277227,10.033433572774966
-178.25742574257424,9.980102729481477
-178.23762376237624,9.934935453195003
-178.21782178217822,9.898061154437363
-178.1980198019802,9.869564026293085
-178.1782178217822,9.849481656308955
-178.15841584158414,9.837804277395854
-178.13861386138612,9.834474689314797
-178.11881188118812,9.83938885890725
-178.0990099009901,9.852397183143408
-178.07920792079207,9.873306375881336
-178.05940594059408,9.90188191844016
-178.03960396039605,9.93785099694186
-178.019801980198,9.980905836770592
-178.0,10.03070733691823
-177.98019801980197,10.086888904483635
-177.96039603960395,10.149060391830432
-177.94059405940595,10.216812045226877
-177.92079207920793,10.289718383322887
-177.9009900990099,10.367341935587424
-177.88118811881188,10.449236783858058
-177.86138613861385,10.534951863545514
-177.84158415841583,10.624033994031889
-177.82178217821783,10.716030619814653
-177.8019801980198,10.810492254572626
-177.78217821782178,10.906974629329575
-177.76237623762376,11.005040553176213
-177.74257425742573,11.104261500613852
-177.7227722772277,11.204218943618688
-177.7029702970297,11.304505449168863
-177.68316831683168,11.404725564430878
-177.66336633663366,11.504496512281655
-177.64356435643566,11.603448719554613
-177.6237623762376,11.701226199534752
-177.60396039603958,11.797486808954977
-177.58415841584159,11.891902398208638
-177.56435643564356,11.984158871805844
-177.54455445544554,12.073956174356189
-177.52475247524754,12.161008215628355
-177.5049504950495,12.245042746566977
-177.48514851485146,12.3258011965751
-177.46534653465346,12.403038480917953
-177.44554455445544,12.476522785781825
-177.42574257425744,12.546035337336026
-177.40594059405942,12.611370160093113
-177.3861386138614,12.672333828938799
-177.3663366336634,12.728745218399082
-177.34653465346534,12.780435252019982
-177.32673267326732,12.827246654143003
-177.30693069306932,12.869033705858051
-177.2871287128713,12.905662006494268
-177.26732673267327,12.937008241658207
-177.24752475247527,12.962959958539761
-177.22772277227725,12.983415348970281
-177.2079207920792,12.998283040527657
-177.1881188118812,13.007481895832873
-177.16831683168317,13.010940820065999
-177.14851485148515,13.00859857664194
-177.12871287128715,13.000403610922797
-177.10891089108912,12.986313881800985
-177.0891089108911,12.96629670096205
-177.06930693069307,12.940328579625701
-177.04950495049505,12.908395082565745
-177.02970297029702,12.870490689222615
-177.00990099009903,12.82661866174416
-176.990099009901,12.776790919821202
-176.97029702970298,12.721027922220957
-176.95049504950498,12.659358554966397
-176.93069306930693,12.591820026158553
-176.9108910891089,12.518457767495246
-176.8910891089109,12.439325342600366
-176.87128712871288,12.354484362345024
-176.85148514851485,12.264004407414319
-176.83168316831686,12.167962958452222
-176.81188118811883,12.066445334202188
-176.79207920792078,11.9595446381528
-176.77227722772278,11.84736171429778
-176.75247524752476,11.730005112726866
-176.73267326732673,11.607591065880724
-176.71287128712873,11.480243476429163
-176.6930693069307,11.348093917868288
-176.67326732673268,11.211281649079396
-176.65346534653466,11.069953644251864
-176.63366336633663,10.924264639742749
-176.6138613861386,10.774377199629509
-176.5940594059406,10.62046180190687
-176.5742574257426,10.46269694748503
-176.55445544554456,10.301269294361322
-176.53465346534654,10.136373819558571
-176.5148514851485,9.968214011645768
-176.4950495049505,9.797002096873044
-176.4752475247525,9.62295930215405
-176.45544554455446,9.44631615829897
-176.43564356435644,9.26731284702276
-176.41584158415844,9.086199595297423
-176.3960396039604,8.903237120549699
-176.37623762376236,8.71869712997842
-176.35643564356437,8.53286287681636
-176.33663366336634,8.346029775608816
-176.31683168316832,8.158506077420967
-176.29702970297032,7.970613604185306
-176.2772277227723,7.782688538993101
-176.25742574257424,7.595082265814858
-176.23762376237624,7.408162247656229
-176.21782178217822,7.222312926226463
-176.1980198019802,7.037936618484505
-176.1782178217822,6.855454375574254
-176.15841584158417,6.6753067573078955
-176.13861386138615,6.4979544601932915
-176.11881188118812,6.323878718846085
-176.0990099009901,6.153581379543154
-176.07920792079207,5.987584521137278
-176.05940594059408,5.82642947367772
-176.03960396039605,5.670675060883533
-176.01980198019803,5.520894872302344
-176.0,5.377673359193927
-175.98019801980197,5.241600551056553
-175.96039603960395,5.113265214699488
-175.94059405940595,4.9932463328183685
-175.92079207920793,4.882102871178353
-175.9009900990099,4.780361936585948
-175.8811881188119,4.688505599614843
-175.86138613861385,4.606956855375594
-175.84158415841583,4.536065400517867
-175.82178217821783,4.476094082900061
-175.8019801980198,4.427206993594383
-175.78217821782178,4.389460182587709
-175.76237623762378,4.362795865449177
-175.74257425742576,4.347040746225749
-175.7227722772277,4.341908737062903
-175.7029702970297,4.347007957443678
-175.68316831683168,4.3618515094780435
-175.66336633663366,4.385871212632624
-175.64356435643566,4.4184332868352
-175.62376237623764,4.458854915368361
-175.6039603960396,4.506420688732786
-175.58415841584159,4.560398096651526
-175.56435643564356,4.620051456043505
-175.54455445544554,4.6846538970627165
-175.52475247524754,4.753497244576236
-175.5049504950495,4.825899808234878
-175.4851485148515,4.90121222199987
-175.4653465346535,4.9788215544132015
-175.44554455445544,5.058153950726526
-175.4257425742574,5.138676076610937
-175.40594059405942,5.219895620225039
-175.3861386138614,5.3013610834271745
-175.36633663366337,5.382661060568903
-175.34653465346537,5.463423169381978
-175.32673267326734,5.5433127660595645
-175.3069306930693,5.6220315474887945
-175.2871287128713,5.699316118502015
-175.26732673267327,5.774936581122859
-175.24752475247524,5.848695185845176
-175.22772277227725,5.920425071547587
-175.20792079207922,5.9899891101835046
-175.1881188118812,6.057278864359404
-175.16831683168317,6.122213659827968
-175.14851485148515,6.18473977033963
-175.12871287128712,6.244829708847994
-175.10891089108912,6.302481616446149
-175.0891089108911,6.357718738378037
-175.06930693069307,6.41058897482878
-175.04950495049508,6.461164492803377
-175.02970297029702,6.50954138414524
-175.009900990099,6.555839353549238
-174.990099009901,6.6002014192423415
-174.97029702970298,6.642793607819015
-174.95049504950495,6.683804623533906
-174.93069306930695,6.7234454712012655
-174.91089108910893,6.761949010783828
-174.89108910891088,6.799569420850584
-174.87128712871288,6.83658154744561
-174.85148514851485,6.873280114661995
-174.83168316831683,6.909978773496511
-174.81188118811883,6.94700896652754
-174.7920792079208,6.984718587768989
-174.77227722772278,7.023470419857699
-174.75247524752476,7.063640334661742
-174.73267326732673,7.1056152485394195
-174.7128712871287,7.149790829864648
-174.6930693069307,7.196568964011552
-174.67326732673268,7.246354989611082
-174.65346534653466,7.299554729294235
-174.63366336633663,7.356571347945208
-174.6138613861386,7.417802081219087
-174.59405940594058,7.4836348861631015
-174.5742574257426,7.554445073596741
-174.55445544554456,7.6305919878345065
-174.53465346534654,7.712415802812612
-174.51485148514854,7.800234504266503
-174.4950495049505,7.894341125037362
-174.47524752475246,7.995001294820237
-174.45544554455446,8.102451156907359
-174.43564356435644,8.216895693168038
-174.41584158415841,8.338507485288712
-174.39603960396042,8.46742592596975
-174.3762376237624,8.603756879209065
-174.35643564356434,8.747572774858455
-174.33663366336634,8.898913110092082
-174.31683168316832,9.057785319899121
-174.2970297029703,9.224165970633637
-174.2772277227723,9.39800222523656
-174.25742574257427,9.579213525993353
-174.23762376237624,9.767693440429676
-174.21782178217822,9.9633116178594
-174.1980198019802,10.165915807772846
-174.17821782178217,10.375333896233329
-174.15841584158417,10.591375922279234
-174.13861386138615,10.813836042583244
-174.11881188118812,11.042494418932304
-174.0990099009901,11.27711900916657
-174.07920792079207,11.517467247831895
-174.05940594059405,11.76328760781157
-174.03960396039605,12.014321038526576
-174.01980198019803,12.270302279901506
-174.0,12.530961054199901
-173.980198019802,12.796023140082914
-173.96039603960395,13.065211334903344
-173.94059405940592,13.33824631238925
-173.92079207920793,13.614847383576967
-173.9009900990099,13.894733169199899
-173.88118811881188,14.177622191801497
-173.86138613861388,14.463233395681975
-173.84158415841586,14.75128660246785
-173.8217821782178,15.041502909658604
-173.8019801980198,15.333605038996486
-173.78217821782178,15.627317640955244
-173.76237623762376,15.92236756107713
-173.74257425742576,16.218484073323925
-173.72277227722773,16.51539908506082
-173.7029702970297,16.812847317771446
-173.68316831683168,17.110566467115547
-173.66336633663366,17.408297345489935
-173.64356435643563,17.705784009841693
-173.62376237623764,18.002773877109536
-173.6039603960396,18.29901782933345
-173.58415841584159,18.594270310174085
-173.5643564356436,18.888289414317494
-173.54455445544554,19.180836971007146
-173.5247524752475,19.471678622740058
-173.5049504950495,19.760583899984734
-173.4851485148515,20.047326292623257
-173.46534653465346,20.331683318685613
-173.44554455445547,20.613436590828528
-173.42574257425744,20.892371880912183
-173.4059405940594,21.168279182943774
-173.3861386138614,21.440952774585217
-173.36633663366337,21.71019127736191
-173.34653465346534,21.97579771565896
-173.32673267326734,22.237579574549077
-173.30693069306932,22.49534885646133
-173.2871287128713,22.748922136671933
-173.26732673267327,22.998120617574866
-173.24752475247524,23.242770181672054
-173.22772277227722,23.48270144320842
-173.20792079207922,23.71774979836642
-173.1881188118812,23.94775547392676
-173.16831683168317,24.172563574296507
-173.14851485148517,24.392024126802703
-173.12871287128712,24.60599212514801
-173.1089108910891,24.814327570924984
-173.0891089108911,25.016895513086997
-173.06930693069307,25.21356608527605
-173.04950495049505,25.40421454091127
-173.02970297029705,25.588721285945606
-173.00990099009903,25.766971909203342
-172.99009900990097,25.938857210215694
-172.97029702970298,26.104273224477947
-172.95049504950495,26.263121246056937
-172.93069306930693,26.415307847484513
-172.91089108910893,26.560744896878525
-172.8910891089109,26.699349572239868
-172.87128712871288,26.83104437288083
-172.85148514851485,26.955757127946676
-172.83168316831683,27.073421001999744
-172.8118811881188,27.18397449764197
-172.7920792079208,27.287361455159147
-172.77227722772278,27.38353104917717
-172.75247524752476,27.472437782327916
-172.73267326732673,27.55404147592922
-172.7128712871287,27.628307257690896
-172.69306930693068,27.695205546465854
-172.67326732673268,27.75471203407269
-172.65346534653466,27.806807664223015
-172.63366336633663,27.851478608594515
-172.61386138613864,27.88871624009769
-172.59405940594058,27.918517103391338
-172.57425742574256,27.940882882709648
-172.55445544554456,27.9558203670707
-172.53465346534654,27.963341412943475
-172.5148514851485,27.963462904458243
-172.49504950495052,27.956206711252296
-172.4752475247525,27.941599644050598
-172.45544554455444,27.91967340808872
-172.43564356435644,27.8904645544924
-172.41584158415841,27.85401442973681
-172.3960396039604,27.810369123315233
-172.3762376237624,27.759579413755706
-172.35643564356437,27.70170071313179
-172.33663366336634,27.636793010221503
-172.31683168316832,27.564920812477258
-172.2970297029703,27.48615308697761
-172.27722772277227,27.4005632005403
-172.25742574257427,27.30822885918471
-172.23762376237624,27.209232047140635
-172.21782178217822,27.1036589656098
-172.1980198019802,26.991599971494672
-172.17821782178217,26.873149516319792
-172.15841584158414,26.748406085579546
-172.13861386138615,26.61747213875612
-172.11881188118812,26.480454050262004
-172.0990099009901,26.337462051570558
-172.0792079207921,26.188610174809277
-172.05940594059405,26.03401619810033
-172.03960396039602,25.87380159294369
-172.01980198019803,25.70809147394895
-172.0,25.537014551232183
-171.98019801980197,25.3607030858054
-171.96039603960398,25.1792928482964
-171.94059405940595,24.99292308134729
-171.9207920792079,24.801736466050045
-171.9009900990099,24.605879092787106
-171.88118811881188,24.405500436854044
-171.86138613861385,24.20075333924937
-171.84158415841586,23.991793993023887
-171.82178217821783,23.77878193558727
-171.8019801980198,23.561880047373933
-171.78217821782178,23.341254557271157
-171.76237623762376,23.11707505521227
-171.74257425742573,22.88951451233228
-171.72277227722773,22.658749309075574
-171.7029702970297,22.42495927163095
-171.68316831683168,22.188327717050676
-171.6633663366337,21.949041507382635
-171.64356435643563,21.70729111311014
-171.6237623762376,21.463270686148654
-171.6039603960396,21.21717814259132
-171.58415841584159,20.96921525532455
-171.56435643564356,20.719587756547135
-171.54455445544556,20.46850545012067
-171.52475247524754,20.21618233355012
-171.50495049504948,19.962836729240394
-171.4851485148515,19.708691424491747
-171.46534653465346,19.453973819481053
-171.44554455445544,19.198916082222947
-171.42574257425744,18.943755309208957
-171.40594059405942,18.688733690079978
-171.3861386138614,18.434098674292237
-171.36633663366337,18.180103137284874
-171.34653465346534,17.927005543142155
-171.32673267326732,17.675070100163374
-171.30693069306932,17.42456690510302
-171.2871287128713,17.175772071122918
-171.26732673267327,16.928967833706153
-171.24752475247527,16.68444262792388
-171.22772277227722,16.44249112952649
-171.2079207920792,16.203414251363963
-171.1881188118812,15.967519085642573
-171.16831683168317,15.735118781524655
-171.14851485148515,15.50653234660644
-171.12871287128715,15.282084359913613
-171.10891089108912,15.06210458328881
-171.08910891089107,14.846927457478607
-171.06930693069307,14.636891468940076
-171.04950495049505,14.4323383734694
-171.02970297029702,14.233612263308917
-171.00990099009903,14.041058465521084
-170.990099009901,13.855022261235726
-170.97029702970298,13.675847417980592
-170.95049504950495,13.503874530778466
-170.93069306930693,13.339439172090898
-170.9108910891089,13.182869856021004
-170.8910891089109,13.034485828411638
-170.87128712871288,12.894594701474459
-170.85148514851485,12.763489959165291
-170.83168316831683,12.641448367398146
-170.8118811881188,12.528727330994961
-170.79207920792078,12.425562246557272
-170.77227722772278,12.332163906721034
-170.75247524752476,12.248716015996902
-170.73267326732673,12.17537288110779
-170.71287128712873,12.112257338984852
-170.69306930693068,12.059458983064754
-170.67326732673266,12.01703274310498
-170.65346534653466,11.984997865460722
-170.63366336633663,11.963337329923563
-170.6138613861386,11.951997726300082
-170.5940594059406,11.950889599574586
-170.5742574257426,11.959888257555802
-170.55445544554453,11.978835020208136
-170.53465346534654,12.007538876256536
-170.5148514851485,12.045778500878567
-170.4950495049505,12.093304578950365
-170.4752475247525,12.149842371789239
-170.45544554455446,12.215094461803979
-170.43564356435644,12.288743608879619
-170.41584158415841,12.370455654444605
-170.3960396039604,12.459882413604165
-170.37623762376236,12.556664501979371
-170.35643564356437,12.660434051425648
-170.33663366336634,12.770817277075112
-170.31683168316832,12.887436866653632
-170.2970297029703,13.009914171334094
-170.27722772277227,13.137871185161064
-170.25742574257424,13.270932307067195
-170.23762376237624,13.408725885541942
-170.21782178217822,13.550885551032323
-170.1980198019802,13.697051345145331
-170.1782178217822,13.846870658728937
-170.15841584158414,13.999998993015398
-170.13861386138612,14.156100559325528
-170.11881188118812,14.314848733473253
-170.0990099009901,14.47592638109836
-170.07920792079207,14.63902606980743
-170.05940594059408,14.803850183325897
-170.03960396039605,14.97011095195169
-170.019801980198,15.137530412533856
-170.0,15.305840310044793
-169.98019801980197,15.474781951624138
-169.96039603960395,15.644106022789918
-169.94059405940595,15.813572374366235
-169.92079207920793,15.982949787589833
-169.9009900990099,16.15201572384565
-169.88118811881188,16.32055606454938
-169.86138613861385,16.4883648458506
-169.84158415841583,16.655243992070695
-169.82178217821783,16.821003051114406
-169.8019801980198,16.98545893449873
-169.78217821782178,17.148435664121504
-169.76237623762378,17.309764127439934
-169.74257425742573,17.46928184233908
-169.7227722772277,17.626832732636565
-169.7029702970297,17.78226691488577
-169.68316831683168,17.935440496899933
-169.66336633663366,18.08621538821928
-169.64356435643566,18.234459122575565
-169.62376237623764,18.380044692271586
-169.60396039603958,18.522850394280358
-169.58415841584159,18.662759687778536
-169.56435643564356,18.79966106275627
-169.54455445544554,18.93344791928963
-169.52475247524754,19.064018457018364
-169.5049504950495,19.19127557434023
-169.4851485148515,19.315126776809983
-169.46534653465346,19.43548409421658
-169.44554455445544,19.552264005803302
-169.4257425742574,19.66538737309213
-169.40594059405942,19.77477937977465
-169.3861386138614,19.880369478135623
-169.36633663366337,19.98209134148243
-169.34653465346537,20.079882822062462
-169.32673267326732,20.173685913960824
-169.3069306930693,20.26344672048256
-169.2871287128713,20.34911542553608
-169.26732673267327,20.430646268547278
-169.24752475247524,20.50799752244747
-169.22772277227725,20.581131474291542
-169.20792079207922,20.650014408076142
-169.18811881188117,20.714616589341425
-169.16831683168317,20.774912251152223
-169.14851485148515,20.83087958106825
-169.12871287128712,20.882500708724358
-169.10891089108912,20.929761693654815
-169.0891089108911,20.97265251300647
-169.06930693069307,21.01116704879714
-169.04950495049505,21.045303074386418
-169.02970297029702,21.075062239835948
-169.009900990099,21.100450055846373
-168.990099009901,21.121475875967636
-168.97029702970298,21.138152876787842
-168.95049504950495,21.150498035815303
-168.93069306930693,21.158532106775862
-168.9108910891089,21.162279592056187
-168.89108910891088,21.161768712031076
-168.87128712871288,21.157031371020615
-168.85148514851485,21.14810311962971
-168.83168316831683,21.135023113230694
-168.81188118811883,21.117834066355552
-168.79207920792078,21.096582202772442
-168.77227722772275,21.07131720102761
-168.75247524752476,21.042092135241443
-168.73267326732673,21.00896341095445
-168.7128712871287,20.971990695827095
-168.6930693069307,20.931236845005074
-168.67326732673268,20.886767820970455
-168.65346534653463,20.83865260770805
-168.63366336633663,20.786963119026016
-168.6138613861386,20.731774100880703
-168.59405940594058,20.67316302756649
-168.5742574257426,20.61120999164441
-168.55445544554456,20.545997587496725
-168.53465346534654,20.477610788409212
-168.5148514851485,20.40613681709987
-168.4950495049505,20.331665009629813
-168.47524752475246,20.254286672652196
-168.45544554455446,20.17409493397607
-168.43564356435644,20.09118458644526
-168.41584158415841,20.005651925158034
-168.3960396039604,19.917594578080386
-168.37623762376236,19.827111330135786
-168.35643564356434,19.734301940886514
-168.33663366336634,19.639266955955954
-168.31683168316832,19.542107512378553
-168.2970297029703,19.442925138103657
-168.2772277227723,19.34182154592132
-168.25742574257424,19.23889842212276
-168.23762376237622,19.134257210254948
-168.21782178217822,19.02799889037759
-168.1980198019802,18.92022375428189
-168.17821782178217,18.811031177183022
-168.15841584158417,18.70051938645252
-168.13861386138615,18.588785228011787
-168.1188118811881,18.47592393106398
-168.0990099009901,18.362028871897426
-168.07920792079207,18.24719133754918
-168.05940594059405,18.131500290172195
-168.03960396039605,18.015042133002176
-168.01980198019803,17.89790047887071
-168.0,17.780155922258587
-167.98019801980197,17.661885815926333
-167.96039603960395,17.543164053197355
-167.94059405940592,17.424060857001905
-167.92079207920793,17.30464257681602
-167.9009900990099,17.18497149464851
-167.88118811881188,17.065105641239604
-167.86138613861388,16.945098623636564
-167.84158415841583,16.824999465303932
-167.8217821782178,16.70485245990791
-167.8019801980198,16.584697039886404
-167.78217821782178,16.464567660876416
-167.76237623762376,16.34449370302103
-167.74257425742576,16.22449939011661
-167.72277227722773,16.104603727489142
-167.70297029702968,15.984820459406723
-167.68316831683168,15.865158046743206
-167.66336633663366,15.745619665507105
-167.64356435643563,15.626203226741525
-167.62376237623764,15.506901418185029
-167.6039603960396,15.387701767962538
-167.58415841584159,15.268586730450242
-167.56435643564356,15.149533794331518
-167.54455445544554,15.030515612732076
-167.5247524752475,14.911500155196126
-167.5049504950495,14.792450881140708
-167.4851485148515,14.673326934305827
-167.46534653465346,14.554083357604618
-167.44554455445547,14.434671327672643
-167.4257425742574,14.315038408319577
-167.4059405940594,14.195128822002076
-167.3861386138614,14.074883738364646
-167.36633663366337,13.954241578836424
-167.34653465346534,13.8331383362282
-167.32673267326734,13.711507908245231
-167.30693069306932,13.58928244381876
-167.28712871287127,13.466392701163324
-167.26732673267327,13.34276841648726
-167.24752475247524,13.218338682321534
-167.22772277227725,13.093032334486365
-167.20792079207922,12.966778346786265
-167.1881188118812,12.839506232611935
-167.16831683168317,12.711146452731736
-167.14851485148515,12.581630828675703
-167.12871287128712,12.450892961251634
-167.10891089108912,12.318868653884845
-167.0891089108911,12.185496340641665
-167.06930693069307,12.050717518980385
-167.04950495049508,11.914477187474132
-167.02970297029702,11.776724288966934
-167.009900990099,11.637412159858686
-166.990099009901,11.496498986467707
-166.97029702970298,11.353948269691308
-166.95049504950495,11.209729299478065
-166.93069306930695,11.063817640940618
-166.91089108910893,10.916195634277228
-166.89108910891088,10.766852911035262
-166.87128712871288,10.615786929642757
-166.85148514851485,10.463003533555652
-166.83168316831683,10.308517535820107
-166.81188118811883,10.152353334331034
-166.7920792079208,9.994545562578923
-166.77227722772278,9.835139781212982
-166.75247524752476,9.674193216304747
-166.73267326732673,9.511775550760545
-166.7128712871287,9.347969775888254
-166.6930693069307,9.182873110648767
-166.67326732673268,9.016597996579506
-166.65346534653466,8.849273176716007
-166.63366336633663,8.681044866988202
-166.6138613861386,8.5120780284327
-166.59405940594058,8.342557748013634
-166.5742574257426,8.172690734706512
-166.55445544554456,8.002706935547394
-166.53465346534654,7.832861273287396
-166.51485148514854,7.663435502746599
-166.4950495049505,7.494740176465494
-166.47524752475246,7.327116701237159
-166.45544554455446,7.160939454902399
-166.43564356435644,6.996617916648194
-166.41584158415841,6.834598743176449
-166.39603960396042,6.675367696759911
-166.3762376237624,6.51945129883562
-166.35643564356434,6.367418044307385
-166.33663366336634,6.219878967843469
-166.31683168316832,6.077487306148198
-166.2970297029703,5.9409369533096275
-166.2772277227723,5.810959366221823
-166.25742574257427,5.688318553088105
-166.23762376237624,5.573803782563358
-166.21782178217822,5.468219699025461
-166.1980198019802,5.37237363604574
-166.17821782178217,5.2870600974605875
-166.15841584158417,5.213042627244038
-166.13861386138615,5.151033604916706
-166.11881188118812,5.101672852277454
-166.09900990099013,5.0655062687968195
-166.07920792079207,5.042965960569499
-166.05940594059405,5.034353422583842
-166.03960396039605,5.03982722471103
-166.01980198019803,5.059396323665642
-166.0,5.092919610561866
-165.980198019802,5.140111687111432
-165.96039603960398,5.200554250969065
-165.94059405940592,5.273711968743534
-165.92079207920793,5.358951400510455
-165.9009900990099,5.455561442122717
-165.88118811881188,5.562773853149926
-165.86138613861388,5.679782685925432
-165.84158415841586,5.805761756903406
-165.82178217821783,5.939879640921938
-165.8019801980198,6.081311973557654
-165.78217821782178,6.229251088496306
-165.76237623762376,6.38291318639121
-165.74257425742576,6.541543333289077
-165.72277227722773,6.704418632350751
-165.7029702970297,6.870849917036395
-165.6831683168317,7.040182291336574
-165.66336633663366,7.211794804814209
-165.64356435643563,7.3850995060029225
-165.62376237623764,7.559540073062222
-165.6039603960396,7.734590179146886
-165.58415841584159,7.90975171357392
-165.5643564356436,8.084552949233624
-165.54455445544556,8.25854672170758
-165.5247524752475,8.431308665722986
-165.5049504950495,8.602435539196861
-165.4851485148515,8.771543653463919
-165.46534653465346,8.938267419633696
-165.44554455445547,9.102258014759265
-165.42574257425744,9.263182167086844
-165.40594059405942,9.420721056654987
-165.3861386138614,9.574569325569481
-165.36633663366337,9.724434191118002
-165.34653465346534,9.870034654291109
-165.32673267326734,10.011100796078765
-165.30693069306932,10.147373153989923
-165.2871287128713,10.278602171505058
-165.26732673267327,10.404547713549247
-165.24752475247524,10.5249786415185
-165.22772277227722,10.639672441869333
-165.20792079207922,10.748414902766415
-165.1881188118812,10.850999833760428
-165.16831683168317,10.947228823925888
-165.14851485148517,11.036911034321843
-165.12871287128712,11.119863021041818
-165.1089108910891,11.195908585493818
-165.0891089108911,11.264878648894635
-165.06930693069307,11.326611148277921
-165.04950495049505,11.380950951602934
-165.02970297029705,11.427749789813399
-165.00990099009903,11.466866203935332
-164.99009900990097,11.498165505521659
-164.97029702970298,11.521519748952317
-164.95049504950495,11.536807714283656
-164.93069306930693,11.543914899512986
-164.91089108910893,11.542733521285532
-164.8910891089109,11.533162523223462
-164.87128712871288,11.515107591204446
-164.85148514851485,11.488481175060565
-164.83168316831683,11.453202516312517
-164.8118811881188,11.40919768170006
-164.7920792079208,11.35639960242257
-164.77227722772278,11.294748119166133
-164.75247524752476,11.224190033171412
-164.73267326732673,11.14467916379491
-164.7128712871287,11.056176413241461
-164.69306930693068,10.95864983940782
-164.67326732673268,10.852074738084816
-164.65346534653466,10.73643373613413
-164.63366336633663,10.611716897700754
-164.61386138613864,10.477921846067925
-164.59405940594058,10.335053904434805
-164.57425742574256,10.183126259738442
-164.55445544554456,10.022160154699494
-164.53465346534654,9.852185114614672
-164.5148514851485,9.673239217136834
-164.49504950495052,9.485369415499976
-164.4752475247525,9.288631928528476
-164.45544554455444,9.083092714548233
-164.43564356435644,8.86882805131556
-164.41584158415841,8.645925250748498
-164.3960396039604,8.414483546229636
-164.3762376237624,8.174615202471518
-164.35643564356437,7.9264469147381575
-164.33663366336634,7.670121587570358
-164.31683168316832,7.405800616007583
-164.2970297029703,7.13366683906885
-164.27722772277227,6.8539284027412375
-164.25742574257427,6.5668238684833735
-164.23762376237624,6.272629049952371
-164.21782178217822,5.971666282063944
-164.19801980198022,5.664317166282224
-164.17821782178217,5.351040366756265
-164.15841584158414,5.032396876105649
-164.13861386138615,4.709086537493
-164.11881188118812,4.382001866194448
-164.0990099009901,4.0523089971901705
-164.0792079207921,3.7215720019331413
-164.05940594059408,3.391947715419698
-164.03960396039602,3.0664963345157417
-164.01980198019803,2.7496809365373727
-164.0,2.4481620609140466
-163.98019801980197,2.1719905147838037
-163.96039603960398,1.9360942697850043
-163.94059405940595,1.7611032234464334
-163.92079207920793,1.670765698293705
-163.9009900990099,1.6830918833337296
-163.88118811881188,1.7998487000763672
-163.86138613861385,2.0062087978353063
-163.84158415841586,2.280779467988322
-163.82178217821783,2.604423319503045
-163.8019801980198,2.963068959405434
-163.7821782178218,3.3471304100185537
-163.76237623762376,3.750187618581372
-163.74257425742573,4.1678905403479485
-163.72277227722773,4.597217405964882
-163.7029702970297,5.036003803609717
-163.68316831683168,5.482647810605647
-163.6633663366337,5.935924053938753
-163.64356435643566,6.394864576014495
-163.6237623762376,6.8586810119605675
-163.6039603960396,7.3267127185733125
-163.58415841584159,7.7983915142017635
-163.56435643564356,8.273217260868204
-163.54455445544556,8.750740661282833
-163.52475247524754,9.230550946770057
-163.5049504950495,9.712266939294189
-163.4851485148515,10.195530479716775
-163.46534653465346,10.680001541090617
-163.44554455445544,11.165354559127595
-163.42574257425744,11.651275653608137
-163.40594059405942,12.137460510012883
-163.3861386138614,12.62361275602541
-163.36633663366337,13.109442712920533
-163.34653465346534,13.594666433749222
-163.32673267326732,14.079004962936892
-163.30693069306932,14.562183768261042
-163.2871287128713,15.043932308076721
-163.26732673267327,15.523983705411972
-163.24752475247527,16.002074507055607
-163.22772277227722,16.477944510631165
-163.2079207920792,16.951336646333353
-163.1881188118812,17.42199690280895
-163.16831683168317,17.889674288819418
-163.14851485148515,18.354120823989472
-163.12871287128715,18.81509155324469
-163.10891089108912,19.272344580559693
-163.08910891089107,19.725641118442592
-163.06930693069307,20.174745550219047
-163.04950495049505,20.619425502689918
-163.02970297029702,21.059451927145126
-163.00990099009903,21.4945991870475
-162.990099009901,21.924645150968633
-162.97029702970298,22.34937128957757
-162.95049504950495,22.76856277566292
-162.93069306930693,23.182008586317092
-162.9108910891089,23.58950160653316
-162.8910891089109,23.990838733567738
-162.87128712871288,24.385820981507585
-162.85148514851485,24.774253585549594
-162.83168316831683,25.15594610556413
-162.8118811881188,25.530712528562756
-162.79207920792078,25.89837136973499
-162.77227722772278,26.258745771756168
-162.75247524752476,26.611663602100517
-162.73267326732673,26.956957548121277
-162.71287128712873,27.29446520968406
-162.69306930693068,27.624029189160552
-162.67326732673266,27.945497178608463
-162.65346534653466,28.25872204397983
-162.63366336633663,28.56356190621455
-162.6138613861386,28.859880219089266
-162.5940594059406,29.14754584370295
-162.5742574257426,29.426433119491875
-162.55445544554453,29.69642193167598
-162.53465346534654,29.957397775047582
-162.5148514851485,30.209251814021737
-162.4950495049505,30.45188093887499
-162.4752475247525,30.685187818106563
-162.45544554455446,30.909080946862442
-162.43564356435644,31.123474691369285
-162.41584158415841,31.328289329330953
-162.3960396039604,31.52345108624586
-162.37623762376236,31.708892167609257
-162.35643564356437,31.88455078696908
-162.33663366336634,32.050371189809276
-162.31683168316832,32.20630367323937
-162.29702970297032,32.35230460147346
-162.27722772277227,32.48833641708617
-162.25742574257424,32.614367648037764
-162.23762376237624,32.73037291046475
-162.21782178217822,32.83633290723605
-162.1980198019802,32.932234422279336
-162.1782178217822,33.01807031068571
-162.15841584158417,33.09383948460492
-162.13861386138612,33.15954689494688
-162.11881188118812,33.215203508909035
-162.0990099009901,33.26082628335294
-162.07920792079207,33.29643813405629
-162.05940594059408,33.32206790087108
-162.03960396039605,33.33775030882091
-162.01980198019803,33.34352592517474
-162.0,33.33944111253704
-161.98019801980197,33.32554797799767
-161.96039603960395,33.30190431838824
-161.94059405940595,33.268573561694296
-161.92079207920793,33.22562470467637
-161.9009900990099,33.1731322467551
-161.8811881188119,33.111176120219504
-161.86138613861385,33.03984161681955
-161.84158415841583,32.9592193108074
-161.82178217821783,32.86940497849463
-161.8019801980198,32.77049951439476
-161.78217821782178,32.6626088440242
-161.76237623762378,32.54584383343614
-161.74257425742576,32.420320195565495
-161.7227722772277,32.28615839346487
-161.7029702970297,32.14348354051455
-161.68316831683168,31.99242529769136
-161.66336633663366,31.833117767984465
-161.64356435643566,31.66569938804777
-161.62376237623764,31.490312817181447
-161.6039603960396,31.307104823737422
-161.58415841584159,31.116226169045788
-161.56435643564356,30.91783148896156
-161.54455445544554,30.71207917313354
-161.52475247524754,30.4991312420992
-161.5049504950495,30.279153222312107
-161.4851485148515,30.05231401921048
-161.46534653465346,29.818785788437943
-161.44554455445544,29.578743805329985
-161.4257425742574,29.332366332782154
-161.40594059405942,29.07983448761835
-161.3861386138614,28.82133210558034
-161.36633663366337,28.557045605062367
-161.34653465346537,28.287163849717377
-161.32673267326732,28.01187801006445
-161.3069306930693,27.73138142423011
-161.2871287128713,27.445869457959432
-161.26732673267327,27.155539364036397
-161.24752475247524,26.86059014125661
-161.22772277227725,26.561222393099428
-161.20792079207922,26.25763818625093
-161.18811881188117,25.95004090913366
-161.16831683168317,25.63863513060398
-161.14851485148515,25.32362645898347
-161.12871287128712,25.005221401596167
-161.10891089108912,24.683627224990428
-161.0891089108911,24.35905181603047
-161.06930693069307,24.031703544050437
-161.04950495049505,23.701791124272052
-161.02970297029702,23.36952348269568
-161.009900990099,23.035109622684462
-160.990099009901,22.69875849347178
-160.97029702970298,22.36067886083375
-160.95049504950495,22.021079180181538
-160.93069306930693,21.680167472341157
-160.9108910891089,21.338151202304466
-160.89108910891088,20.99523716125034
-160.87128712871288,20.651631352153366
-160.85148514851485,20.307538879316127
-160.83168316831683,19.963163842181874
-160.81188118811883,19.618709233806758
-160.79207920792078,19.274376844394673
-160.77227722772275,18.93036717032343
-160.75247524752476,18.586879329118148
-160.73267326732673,18.24411098085716
-160.7128712871287,17.902258256526245
-160.6930693069307,17.56151569386892
-160.67326732673268,17.22207618131451
-160.65346534653463,16.884130910599726
-160.63366336633663,16.54786933873486
-160.6138613861386,16.213479160000517
-160.59405940594058,15.881146288695437
-160.5742574257426,15.551054853388482
-160.55445544554456,15.223387203457602
-160.53465346534654,14.898323928723768
-160.5148514851485,14.576043893006705
-160.4950495049505,14.25672428243891
-160.47524752475246,13.940540669371739
-160.45544554455446,13.62766709268979
-160.43564356435644,13.318276155310569
-160.41584158415841,13.012539139582287
-160.39603960396042,12.710626141195243
-160.37623762376236,12.412706222084724
-160.35643564356434,12.118947582615828
-160.33663366336634,11.829517753092407
-160.31683168316832,11.544583804310907
-160.2970297029703,11.264312576470733
-160.2772277227723,10.988870925240263
-160.25742574257427,10.718425983143561
-160.23762376237622,10.453145433658854
-160.21782178217822,10.193197794486546
-160.1980198019802,9.938752705332027
-160.17821782178217,9.689981214240861
-160.15841584158417,9.447056055006783
-160.13861386138615,9.210151906439963
-160.11881188118812,8.979445622339078
-160.0990099009901,8.755116418874374
-160.07920792079207,8.53734600380145
-160.05940594059405,8.326318629556207
-160.03960396039605,8.12222104993408
-160.01980198019803,7.9252423578804505
-160.0,7.735573680111858
-159.980198019802,7.553407703102335
-159.96039603960395,7.378938004715063
-159.94059405940592,7.212358166790171
-159.92079207920793,7.053860646704405
-159.9009900990099,6.903635390682
-159.88118811881188,6.761868178803249
-159.86138613861388,6.628738701464301
-159.84158415841586,6.504418379546707
-159.8217821782178,6.389067955556562
-159.8019801980198,6.282834899954822
-159.78217821782178,6.1858506949015375
-159.76237623762376,6.098228075361629
-159.74257425742576,6.020058323315085
-159.72277227722773,5.9514087228177575
-159.7029702970297,5.892320290009379
-159.68316831683168,5.842805891272496
-159.66336633663366,5.802848853576822
-159.64356435643563,5.772402153382006
-159.62376237623764,5.751388245076197
-159.6039603960396,5.739699558548847
-159.58415841584159,5.73719966071804
-159.56435643564356,5.743725040758659
-159.54455445544554,5.759087446608942
-159.5247524752475,5.783076673920849
-159.5049504950495,5.815463690079224
-159.4851485148515,5.85600396637825
-159.46534653465346,5.904440890982432
-159.44554455445547,5.960509143026303
-159.4257425742574,6.023937922507684
-159.4059405940594,6.094453949467396
-159.3861386138614,6.17178416718236
-159.36633663366337,6.2556581057490925
-159.34653465346534,6.345809882869795
-159.32673267326734,6.441979836694017
-159.30693069306932,6.543915800500045
-159.28712871287127,6.651374040530659
-159.26732673267327,6.7641198864745045
-159.24752475247524,6.881928089198263
-159.22772277227722,7.004582942823658
-159.20792079207922,7.1318782086132835
-159.1881188118812,7.2636168768888565
-159.16831683168317,7.399610800828067
-159.14851485148515,7.539680232879388
-159.12871287128712,7.683653291034109
-159.1089108910891,7.831365378562504
-159.0891089108911,7.98265857724731
-159.06930693069307,8.137381030767035
-159.04950495049505,8.295386331776115
-159.02970297029702,8.45653292344619
-159.009900990099,8.620683523788022
-158.99009900990097,8.787704578966245
-158.97029702970298,8.957465750029906
-158.95049504950495,9.129839435988025
-158.93069306930693,9.304700334930228
-158.91089108910893,9.481925043897192
-158.89108910891088,9.66139169741423
-158.87128712871285,9.842979643982803
-158.85148514851485,10.02656915935472
-158.83168316831683,10.212041195065751
-158.8118811881188,10.399277160459487
-158.7920792079208,10.588158736269422
-158.77227722772278,10.778567717731315
-158.75247524752473,10.970385885155558
-158.73267326732673,11.163494899889029
-158.7128712871287,11.357776223627644
-158.69306930693068,11.553111059098043
-158.67326732673268,11.749380310200664
-158.65346534653466,11.946464559794123
-158.63366336633663,12.144244063396402
-158.6138613861386,12.342598757178456
-158.59405940594058,12.541408278729063
-158.57425742574256,12.74055199917198
-158.55445544554456,12.939909065318291
-158.53465346534654,13.13935845063477
-158.5148514851485,13.338779013904
-158.49504950495052,13.53804956454293
-158.47524752475246,13.737048933631534
-158.45544554455444,13.935656049784745
-158.43564356435644,14.133750019076182
-158.41584158415841,14.331210208292946
-158.3960396039604,14.527916330866583
-158.3762376237624,14.723748534885809
-158.35643564356437,14.918587492653081
-158.3366336633663,15.112314491298564
-158.31683168316832,15.304811524012448
-158.2970297029703,15.495961381500305
-158.27722772277227,15.68564774330569
-158.25742574257427,15.87375526868053
-158.23762376237624,16.06016968671703
-158.21782178217822,16.244777885484737
-158.1980198019802,16.427467999943953
-158.17821782178217,16.60812949843131
-158.15841584158414,16.786653267535943
-158.13861386138615,16.962931695205338
-158.11881188118812,17.136858751937922
-158.0990099009901,17.308330069936762
-158.0792079207921,17.47724302011359
-158.05940594059405,17.643496786846356
-158.03960396039602,17.80699244040567
-158.01980198019803,17.967633006977174
-158.0,18.125323536216907
-157.98019801980197,18.279971166286064
-157.96039603960398,18.43148518632018
-157.94059405940595,18.579777096295384
-157.9207920792079,18.72476066426149
-157.9009900990099,18.866351980918182
-157.88118811881188,19.00446951151655
-157.86138613861385,19.139034145073612
-157.84158415841586,19.269969240892717
-157.82178217821783,19.397200672387246
-157.8019801980198,19.520656868209677
-157.78217821782178,19.640268850692102
-157.76237623762376,19.755970271607985
-157.74257425742573,19.86769744526922
-157.72277227722773,19.97538937897534
-157.7029702970297,20.078987800835744
-157.68316831683168,20.178437184988653
-157.66336633663366,20.273684774243808
-157.64356435643563,20.36468060017908
-157.6237623762376,20.45137750072386
-157.6039603960396,20.53373113526544
-157.58415841584159,20.611699997317235
-157.56435643564356,20.68524542479049
-157.54455445544556,20.754331607914526
-157.5247524752475,20.81892559485268
-157.50495049504948,20.87899729506459
-157.4851485148515,20.934519480468232
-157.46534653465346,20.985467784457697
-157.44554455445544,21.03182069883623
-157.42574257425744,21.073559568726527
-157.40594059405942,21.11066858552363
-157.38613861386136,21.14313477795878
-157.36633663366337,21.170948001345792
-157.34653465346534,21.194100925084463
-157.32673267326732,21.212589018499454
-157.30693069306932,21.22641053509567
-157.2871287128713,21.235566495315272
-157.26732673267327,21.24006066788464
-157.24752475247524,21.239899549843464
-157.22772277227722,21.235092345351774
-157.2079207920792,21.225650943374635
-157.1881188118812,21.21158989434832
-157.16831683168317,21.192926385935632
-157.14851485148517,21.169680217982744
-157.12871287128712,21.14187377679382
-157.1089108910891,21.109532008844678
-157.0891089108911,21.072682394061104
-157.06930693069307,21.03135491879274
-157.04950495049505,20.98558204861807
-157.02970297029705,20.935398701121645
-157.00990099009903,20.88084221879014
-156.99009900990097,20.82195234217919
-156.97029702970298,20.758771183509428
-156.95049504950495,20.691343200855773
-156.93069306930693,20.61971517310077
-156.91089108910893,20.543936175829355
-156.8910891089109,20.464057558349335
-156.87128712871288,20.380132922029112
-156.85148514851485,20.292218100151928
-156.83168316831683,20.200371139493424
-156.8118811881188,20.104652283837677
-156.7920792079208,20.005123959655442
-156.77227722772278,19.901850764176817
-156.75247524752476,19.794899456100065
-156.73267326732676,19.684338949187424
-156.7128712871287,19.570240309008767
-156.69306930693068,19.452676753103695
-156.67326732673268,19.331723654843234
-156.65346534653466,19.207458551282414
-156.63366336633663,19.079961155306034
-156.61386138613864,18.949313372380104
-156.5940594059406,18.81559932223273
-156.57425742574256,18.678905365798087
-156.55445544554456,18.539320137767827
-156.53465346534654,18.396934585103697
-156.5148514851485,18.25184201187444
-156.49504950495052,18.10413813078769
-156.4752475247525,17.95392112179461
-156.45544554455446,17.80129169814975
-156.43564356435644,17.64635318031128
-156.41584158415841,17.48921157806673
-156.3960396039604,17.329975681265406
-156.3762376237624,17.16875715953094
-156.35643564356437,17.00567067131368
-156.33663366336634,16.840833982623053
-156.31683168316835,16.674368095751863
-156.2970297029703,16.506397388267967
-156.27722772277227,16.337049762499895
-156.25742574257427,16.166456805681715
-156.23762376237624,15.994753960845019
-156.21782178217822,15.822080708450551
-156.19801980198022,15.648580758634669
-156.1782178217822,15.474402253804048
-156.15841584158414,15.299697981141627
-156.13861386138615,15.124625594382895
-156.11881188118812,14.94934784398108
-156.0990099009901,14.77403281449619
-156.0792079207921,14.59885416771198
-156.05940594059408,14.423991389601353
-156.03960396039605,14.249630038818763
-156.01980198019803,14.075961993893618
-156.0,13.903185695725991
-155.98019801980197,13.731506381343403
-155.96039603960398,13.561136304161515
-155.94059405940595,13.392294935203825
-155.92079207920793,13.225209138878933
-155.9009900990099,13.060113315996583
-155.88118811881188,12.897249505736786
-155.86138613861385,12.736867437291327
-155.84158415841586,12.579224520897826
-155.82178217821783,12.424585767021158
-155.8019801980198,12.273223621550805
-155.7821782178218,12.125417704132817
-155.76237623762376,11.981454436211628
-155.74257425742573,11.841626545100521
-155.72277227722773,11.706232430522146
-155.7029702970297,11.575575380661357
-155.68316831683168,11.449962625956411
-155.6633663366337,11.32970422072063
-155.64356435643566,11.215111745327611
-155.6237623762376,11.106496825176412
-155.6039603960396,11.004169467016517
-155.58415841584159,10.908436218444395
-155.56435643564356,10.819598162414406
-155.54455445544556,10.737948765295299
-155.52475247524754,10.663771604129328
-155.5049504950495,10.597338006011915
-155.4851485148515,10.538904639531355
-155.46534653465346,10.488711104552442
-155.44554455445544,10.446977571828741
-155.42574257425744,10.413902527517816
-155.40594059405942,10.38966067923218
-155.3861386138614,10.374401079455914
-155.36633663366337,10.368245518799295
-155.34653465346534,10.371287235626447
-155.32673267326732,10.383589980241403
-155.30693069306932,10.405187461414346
-155.2871287128713,10.436083191102464
-155.26732673267327,10.4762507304322
-155.24752475247527,10.525634327096792
-155.22772277227722,10.584149922032044
-155.2079207920792,10.651686492249748
-155.1881188118812,10.728107687602474
-155.16831683168317,10.813253712431626
-155.14851485148515,10.906943398733745
-155.12871287128715,11.008976415697992
-155.10891089108912,11.119135561076073
-155.08910891089107,11.237189082559206
-155.06930693069307,11.36289298176627
-155.04950495049505,11.495993259150502
-155.02970297029702,11.636228064651476
-155.00990099009903,11.783329725820378
-154.990099009901,11.937026632048353
-154.97029702970298,12.097044960114562
-154.95049504950495,12.263110232305458
-154.93069306930693,12.434948703680075
-154.9108910891089,12.612288579576306
-154.8910891089109,12.794861068142705
-154.87128712871288,12.982401275556718
-154.85148514851485,13.174648953709095
-154.83168316831686,13.371349111573373
-154.8118811881188,13.57225250233027
-154.79207920792078,13.777115998676395
-154.77227722772278,13.985702868709401
-154.75247524752476,14.19778296443638
-154.73267326732673,14.413132834378864
-154.71287128712873,14.63153577101472
-154.6930693069307,14.852781802963932
-154.67326732673266,15.076667640937455
-154.65346534653466,15.302996585565424
-154.63366336633663,15.531578404330014
-154.6138613861386,15.762229183971236
-154.5940594059406,15.994771163925115
-154.5742574257426,16.229032555602547
-154.55445544554456,16.464847351628674
-154.53465346534654,16.702055128539186
-154.5148514851485,16.940500845870986
-154.4950495049505,17.180034644087964
-154.4752475247525,17.420511643345037
-154.45544554455446,17.661791744711195
-154.43564356435644,17.90373943513984
-154.41584158415844,18.146223597189046
-154.3960396039604,18.389117324248666
-154.37623762376236,18.63229774182392
-154.35643564356437,18.87564583524834
-154.33663366336634,19.119046284053024
-154.31683168316832,19.362387303095826
-154.29702970297032,19.605560490454945
-154.2772277227723,19.848460682008586
-154.25742574257424,20.090985812557737
-154.23762376237624,20.333036783296773
-154.21782178217822,20.57451733539723
-154.1980198019802,20.815333929439415
-154.1782178217822,21.05539563040597
-154.15841584158417,21.29461399793595
-154.13861386138615,21.532902981530448
-154.11881188118812,21.77017882039667
-154.0990099009901,22.00635994761787
-154.07920792079207,22.241366898340672
-154.05940594059408,22.475122221677633
-154.03960396039605,22.70755039603167
-154.01980198019803,22.938577747559673
-154.0,23.16813237150436
-153.98019801980197,23.396144056136492
-153.96039603960395,23.62254420906347
-153.94059405940595,23.847265785674537
-153.92079207920793,24.070243219507677
-153.9009900990099,24.29141235433868
-153.8811881188119,24.510710377807435
-153.86138613861385,24.72807575641243
-153.84158415841583,24.94344817171908
-153.82178217821783,25.15676845764293
-153.8019801980198,25.36797853868345
-153.78217821782178,25.577021368998896
-153.76237623762378,25.783840872226993
-153.74257425742576,25.988381881970348
-153.7227722772277,26.190590082879222
-153.7029702970297,26.390411952277624
-153.68316831683168,26.587794702291582
-153.66336633663366,26.78268622245148
-153.64356435643566,26.975035022751737
-153.62376237623764,27.164790177163855
-153.6039603960396,27.351901267609197
-153.58415841584159,27.536318328409422
-153.56435643564356,27.71799179124252
-153.54455445544554,27.89687243064244
-153.52475247524754,28.07291131008957
-153.5049504950495,28.24605972874848
-153.4851485148515,28.416269168917413
-153.46534653465346,28.583491244262298
-153.44554455445544,28.74767764891479
-153.4257425742574,28.908780107521448
-153.40594059405942,29.066750326336667
-153.3861386138614,29.221539945458073
-153.36633663366337,29.373100492308186
-153.34653465346537,29.521383336470706
-153.32673267326732,29.666339645993492
-153.3069306930693,29.807920345274383
-153.2871287128713,29.946076074648055
-153.26732673267327,30.080757151795023
-153.24752475247524,30.211913535095178
-153.22772277227725,30.339494789049542
-153.20792079207922,30.463450051894558
-153.18811881188117,30.583728005532993
-153.16831683168317,30.7002768479051
-153.14851485148515,30.81304426792268
-153.12871287128712,30.921977423086897
-153.10891089108912,31.02702291990868
-153.0891089108911,31.128126797247685
-153.06930693069307,31.225234512683215
-153.04950495049505,31.318290932026123
-153.02970297029702,31.407240322077584
-153.009900990099,31.492026346735443
-152.990099009901,31.572592066544733
-152.97029702970298,31.648879941783306
-152.95049504950495,31.720831839168348
-152.93069306930695,31.788389042263603
-152.9108910891089,31.851492265661424
-152.89108910891088,31.91008167300723
-152.87128712871288,31.96409689892761
-152.85148514851485,32.01347707491697
-152.83168316831683,32.05816085923077
-152.81188118811883,32.098086470826516
-152.7920792079208,32.13319172738749
-152.77227722772275,32.16341408745664
-152.75247524752476,32.18869069670228
-152.73267326732673,32.20895843832984
-152.7128712871287,32.22415398764814
-152.6930693069307,32.234213870792004
-152.67326732673268,32.23907452759741
-152.65346534653466,32.23867237861908
-152.63366336633663,32.23294389627606
-152.6138613861386,32.22182568010444
-152.59405940594058,32.2052545360934
-152.5742574257426,32.18316756007533
-152.55445544554456,32.155502225138115
-152.53465346534654,32.1221964730243
-152.51485148514854,32.083188809479815
-152.4950495049505,32.03841840351312
-152.47524752475246,31.987825190524912
-152.45544554455446,31.931349979268607
-152.43564356435644,31.86893456260254
-152.41584158415841,31.800521831996882
-152.39603960396042,31.72605589576083
-152.3762376237624,31.64548220096026
-152.35643564356434,31.558747659000705
-152.33663366336634,31.465800774857282
-152.31683168316832,31.366591779941547
-152.2970297029703,31.261072768604045
-152.2772277227723,31.149197838283484
-152.25742574257427,31.03092323332572
-152.23762376237624,30.90620749251123
-152.21782178217822,30.775011600346676
-152.1980198019802,30.637299142196188
-152.17821782178217,30.493036463349313
-152.15841584158417,30.342192832148726
-152.13861386138615,30.184740607327903
-152.11881188118812,30.02065540974111
-152.0990099009901,29.849916298703448
-152.07920792079207,29.672505953198204
-152.05940594059405,29.48841085825311
-152.03960396039605,29.29762149683661
-152.01980198019803,29.100132547680804
-152.0,28.89594308949914
-151.980198019802,28.68505681213615
-151.96039603960395,28.46748223526346
-151.94059405940592,28.24323293532237
-151.92079207920793,28.0123277815094
-151.9009900990099,27.774791181708416
-151.88118811881188,27.53065333939363
-151.86138613861388,27.279950522660965
-151.84158415841586,27.02272534669696
-151.8217821782178,26.759027071161302
-151.8019801980198,26.488911914148254
-151.78217821782178,26.212443384602874
-151.76237623762376,25.929692635304157
-151.74257425742576,25.640738838791886
-151.72277227722773,25.345669588910877
-151.7029702970297,25.044581330977316
-151.68316831683168,24.737579823944724
-151.66336633663366,24.424780638361156
-151.64356435643563,24.10630969437437
-151.62376237623764,23.782303844558765
-151.6039603960396,23.452911506914038
-151.58415841584159,23.118293354025077
-151.56435643564356,22.778623065080104
-151.54455445544554,22.43408814822345
-151.5247524752475,22.084890841572715
-151.5049504950495,21.731249102158976
-151.4851485148515,21.373397693048357
-151.46534653465346,21.011589379968193
-151.44554455445547,20.646096249874837
-151.4257425742574,20.277211165040264
-151.4059405940594,19.905249367361893
-151.3861386138614,19.530550248659548
-151.36633663366337,19.153479303632956
-151.34653465346534,18.774430282798367
-151.32673267326734,18.393827562943198
-151.30693069306932,18.012128752215624
-151.28712871287127,17.629827545604982
-151.26732673267327,17.24745684387905
-151.24752475247524,16.865592144508994
-151.22772277227722,16.48485520606867
-151.20792079207922,16.1059179771977
-151.1881188118812,15.729506766420071
-151.16831683168317,15.356406608640818
-151.14851485148515,14.987465756521031
-151.12871287128712,14.623600188503387
-151.1089108910891,14.265797978324837
-151.0891089108911,13.915123311875751
-151.06930693069307,13.572719865257008
-151.04950495049505,13.23981317299194
-151.02970297029705,12.91771151967882
-151.009900990099,12.607804787120001
-150.99009900990097,12.311560591739266
-150.97029702970298,12.030516969251275
-150.95049504950495,11.766270827109341
-150.93069306930693,11.520461418790315
-150.91089108910893,11.29474823036407
-150.8910891089109,11.090782940988
-150.87128712871285,10.910175546977792
-150.85148514851485,10.754455323753447
-150.83168316831683,10.625028005716068
-150.8118811881188,10.523131310849749
-150.7920792079208,10.4497916009699
-150.77227722772278,10.405784900219569
-150.75247524752476,10.391605552057161
-150.73267326732673,10.407445389961095
-150.7128712871287,10.45318543350918
-150.69306930693068,10.528400912656293
-150.67326732673268,10.632379072503495
-150.65346534653466,10.76414796075166
-150.63366336633663,10.922513464605274
-150.61386138613864,11.10610137383772
-150.59405940594058,11.31340122437856
-150.57425742574256,11.542809047245079
-150.55445544554456,11.792666775818088
-150.53465346534654,12.06129679998403
-150.5148514851485,12.347030869582143
-150.49504950495052,12.648233154451098
-150.4752475247525,12.963317721662952
-150.45544554455444,13.29076098680276
-150.43564356435644,13.629109854206401
-150.41584158415841,13.976986311459559
-150.3960396039604,14.333089218962247
-150.3762376237624,14.696193965158274
-150.35643564356437,15.06515056507486
-150.33663366336634,15.43888068041293
-150.31683168316832,15.816373943999553
-150.2970297029703,16.196683885797903
-150.27722772277227,16.578923684441108
-150.25742574257427,16.962261907866463
-150.23762376237624,17.345918358275867
-150.21782178217822,17.72916009891392
-150.1980198019802,18.111297711381546
-150.17821782178217,18.49168181075653
-150.15841584158414,18.869699830182977
-150.13861386138615,19.244773075534916
-150.11881188118812,19.616354043186192
-150.0990099009901,19.983923988964417
-150.0792079207921,20.34699073334764
-150.05940594059405,20.705086686345634
-150.03960396039602,21.05776707488747
-150.01980198019803,21.404608355604957
-150.0,21.745206796430374
-149.98019801980197,22.079177211247636
-149.96039603960398,22.406151832827945
-149.94059405940595,22.72577931035831
-149.9207920792079,23.037723818972314
-149.9009900990099,23.341664269778672
-149.88118811881188,23.6372936099262
-149.86138613861385,23.924318203228456
-149.84158415841586,24.202457282788288
-149.82178217821783,24.471442467907863
-149.8019801980198,24.73101733834325
-149.78217821782178,24.980937059666026
-149.76237623762376,25.22096805413137
-149.74257425742573,25.450887712026216
-149.72277227722773,25.67048413898809
-149.7029702970297,25.8795559352493
-149.68316831683168,26.077912003176262
-149.66336633663366,26.265371379846968
-149.64356435643563,26.441763091742086
-149.6237623762376,26.6069260289234
-149.6039603960396,26.760708836339976
-149.58415841584159,26.902969820140463
-149.56435643564356,27.033576867084193
-149.54455445544556,27.152407375334057
-149.5247524752475,27.259348195086538
-149.50495049504948,27.35429557764749
-149.4851485148515,27.4371551317012
-149.46534653465346,27.507841785644985
-149.44554455445544,27.56627975497365
-149.42574257425744,27.61240251380074
-149.40594059405942,27.64615276969527
-149.38613861386136,27.667482441097178
-149.36633663366337,27.676352636651274
-149.34653465346534,27.67273363587007
-149.32673267326732,27.656604870600873
-149.30693069306932,27.627954906832368
-149.2871287128713,27.586781426432523
-149.26732673267327,27.533091208461705
-149.24752475247524,27.466900109755112
-149.22772277227722,27.388233044515882
-149.2079207920792,27.29712396270618
-149.1881188118812,27.19361582706784
-149.16831683168317,27.077760588648136
-149.14851485148515,26.949619160749776
-149.12871287128715,26.809261391268084
-149.1089108910891,26.65676603342323
-149.08910891089107,26.492220714941716
-149.06930693069307,26.31572190578944
-149.04950495049505,26.12737488461034
-149.02970297029702,25.92729370407915
-149.00990099009903,25.71560115543627
-148.990099009901,25.492428732537718
-148.97029702970295,25.257916595824685
-148.95049504950495,25.012213536697118
-148.93069306930693,24.755476942864643
-148.9108910891089,24.487872765349977
-148.8910891089109,24.209575487934192
-148.87128712871288,23.920768099964516
-148.85148514851485,23.62164207359707
-148.83168316831683,23.312397346720825
-148.8118811881188,22.99324231301221
-148.79207920792078,22.664393820806293
-148.77227722772278,22.32607718274757
-148.75247524752476,21.97852619850886
-148.73267326732673,21.62198319325218
-148.71287128712873,21.25669907496074
-148.69306930693068,20.882933414313975
-148.67326732673266,20.50095455142507
-148.65346534653466,20.111039734536202
-148.63366336633663,19.71347529670041
-148.6138613861386,19.308556877605433
-148.5940594059406,18.896589699059955
-148.5742574257426,18.47788890432311
-148.55445544554453,18.052779973484068
-148.53465346534654,17.62159922958178
-148.5148514851485,17.18469445320881
-148.4950495049505,16.74242562711308
-148.4752475247525,16.29516583698428
-148.45544554455446,15.84330236042381
-148.43564356435644,15.387237983354764
-148.41584158415841,14.927392592222812
-148.3960396039604,14.464205101774724
-148.37623762376236,13.99813579262642
-148.35643564356437,13.529669151081727
-148.33663366336634,13.059317326801642
-148.31683168316832,12.587624353310483
-148.2970297029703,12.11517131366747
-148.27722772277227,11.642582681041828
-148.25742574257424,11.170534123943536
-148.23762376237624,10.699762141375498
-148.21782178217822,10.231075987185923
-148.1980198019802,9.765372457875335
-148.1782178217822,9.303654254567949
-148.15841584158414,8.847052783524525
-148.13861386138612,8.396856415917092
-148.11881188118812,7.954545351656776
-148.0990099009901,7.521834250476311
-148.07920792079207,7.100723563962544
-148.05940594059408,6.69355976613321
-148.03960396039605,6.303102997672927
-148.019801980198,5.9325973266692165
-148.0,5.585832972145029
-147.98019801980197,5.267180566700783
-147.96039603960395,4.981564932110287
-147.94059405940595,4.734332903075627
-147.92079207920793,4.530965183837007
-147.9009900990099,4.3766015767046085
-147.88118811881188,4.2754074560497
-147.86138613861385,4.2299018423437005
-147.84158415841583,4.2404470029526
-147.82178217821783,4.30509310178678
-147.8019801980198,4.419848602557719
-147.78217821782178,4.579274773107434
-147.76237623762376,4.777195983389179
-147.74257425742573,5.007330510087786
-147.7227722772277,5.263736906929295
-147.7029702970297,5.541063791630602
-147.68316831683168,5.834644300112544
-147.66336633663366,6.140490261508161
-147.64356435643566,6.455232838739014
-147.6237623762376,6.776041565475486
-147.60396039603958,7.100540466030942
-147.58415841584159,7.426730648742825
-147.56435643564356,7.75292311272468
-147.54455445544554,8.077682445121363
-147.52475247524754,8.39978062305944
-147.5049504950495,8.71815956915861
-147.48514851485146,9.031901004983592
-147.46534653465346,9.340202253854303
-147.44554455445544,9.64235683029049
-147.4257425742574,9.937738852462177
-147.40594059405942,10.225790497209111
-147.3861386138614,10.506011874075993
-147.36633663366337,10.777952823978087
-147.34653465346534,11.041206252043537
-147.32673267326732,11.295402686669748
-147.3069306930693,11.540205821791165
-147.2871287128713,11.77530885029813
-147.26732673267327,12.000431436432542
-147.24752475247524,12.21531720621931
-147.22772277227725,12.419731659483226
-147.2079207920792,12.613460426247903
-147.18811881188117,12.79630780548148
-147.16831683168317,12.968095536147755
-147.14851485148515,13.128661760039035
-147.12871287128712,13.27786014344842
-147.10891089108912,13.41555913080321
-147.0891089108911,13.541641308250641
-147.06930693069305,13.656002859114945
-147.04950495049505,13.758553096326343
-147.02970297029702,13.849214059512061
-147.009900990099,13.927920166556497
-146.990099009901,13.99461791117826
-146.97029702970298,14.049265599509633
-146.95049504950498,14.091833119860544
-146.93069306930693,14.122301740850133
-146.9108910891089,14.140663933935306
-146.8910891089109,14.146923217085803
-146.87128712871288,14.14109401697777
-146.85148514851485,14.12320154762105
-146.83168316831686,14.093281703819521
-146.81188118811883,14.051380968302771
-146.79207920792078,13.997556331775877
-146.77227722772278,13.931875225523523
-146.75247524752476,13.854415466588005
-146.73267326732673,13.765265215928798
-146.71287128712873,13.664522950376872
-146.6930693069307,13.552297449632908
-146.67326732673268,13.428707800039557
-146.65346534653466,13.293883417401533
-146.63366336633663,13.147964091753146
-146.6138613861386,12.991100057706698
-146.5940594059406,12.823452094886736
-146.5742574257426,12.645191664002903
-146.55445544554456,12.456501085387245
-146.53465346534654,12.257573768380896
-146.5148514851485,12.048614501880788
-146.4950495049505,11.829839818751825
-146.4752475247525,11.601478449808175
-146.45544554455446,11.363771886845596
-146.43564356435644,11.116975078997472
-146.41584158415844,10.861357292800056
-146.3960396039604,10.597203174200155
-146.37623762376236,10.324814060876959
-146.35643564356437,10.044509606430651
-146.33663366336634,9.756629795235083
-146.31683168316832,9.461537449458426
-146.29702970297032,9.159621359845605
-146.2772277227723,8.851300211980982
-146.25742574257424,8.537027533584025
-146.23762376237624,8.217297961032067
-146.21782178217822,7.892655221824584
-146.1980198019802,7.563702363869058
-146.1782178217822,7.23111494563512
-146.15841584158417,6.895658151291954
-146.13861386138615,6.558209135018105
-146.11881188118812,6.219786356397303
-146.0990099009901,5.881588271918422
-146.07920792079207,5.545044509886976
-146.05940594059408,5.21188354115292
-146.03960396039605,4.8842216943382875
-146.01980198019803,4.564678659466285
-146.0,4.256523193359122
-145.98019801980197,3.9638470513709074
-145.96039603960395,3.6917504717726137
-145.94059405940595,3.446491646692563
-145.92079207920793,3.2354995410439638
-145.9009900990099,3.06708375129591
-145.8811881188119,2.949651079375828
-145.86138613861385,2.8903688964821455
-145.84158415841583,2.893575120284493
-145.82178217821783,2.9596296108469877
-145.8019801980198,3.0848625761875055
-145.78217821782178,3.262645366189502
-145.76237623762378,3.4849565154857807
-145.74257425742576,3.743737867550462
-145.7227722772277,4.031714331185912
-145.7029702970297,4.342717966592582
-145.68316831683168,4.671699879070926
-145.66336633663366,5.014596591789489
-145.64356435643566,5.368154056483956
-145.62376237623764,5.729759226281251
-145.6039603960396,6.097297501290075
-145.58415841584159,6.469039027816513
-145.56435643564356,6.84355072108371
-145.54455445544554,7.2196291975481826
-145.52475247524754,7.596249953486144
-145.5049504950495,7.972528881867963
-145.4851485148515,8.347693059567087
-145.4653465346535,8.721058474037038
-145.44554455445544,9.092012947470765
-145.4257425742574,9.460002966052118
-145.40594059405942,9.824523457272733
-145.3861386138614,10.18510980558464
-145.36633663366337,10.541331578170205
-145.34653465346537,10.892787565772192
-145.32673267326734,11.239101841427727
-145.3069306930693,11.57992061220317
-145.2871287128713,11.914909692613302
-145.26732673267327,12.243752468371667
-145.24752475247524,12.566148249100474
-145.22772277227725,12.881810931261024
-145.20792079207922,13.190467909756741
-145.1881188118812,13.491859189801138
-145.16831683168317,13.785736660748949
-145.14851485148515,14.071863501408115
-145.12871287128712,14.350013692437116
-145.10891089108912,14.619971616196851
-145.0891089108911,14.881531728178523
-145.06930693069307,15.13449828709825
-145.04950495049508,15.378685133113684
-145.02970297029702,15.613915505507935
-145.009900990099,15.840021892707357
-144.990099009901,16.056845908727304
-144.97029702970298,16.264238191137824
-144.95049504950495,16.462058316453987
-144.93069306930695,16.650174729522377
-144.91089108910893,16.82846468402326
-144.89108910891088,16.996814191661336
-144.87128712871288,17.155117977994475
-144.85148514851485,17.30327944316339
-144.83168316831683,17.441210626047965
-144.81188118811883,17.56883217059739
-144.7920792079208,17.686073293267402
-144.77227722772278,17.792871750657078
-144.75247524752476,17.889173806572323
-144.73267326732673,17.97493419785968
-144.7128712871287,18.050116098453127
-144.6930693069307,18.114691081164132
-144.67326732673268,18.168639076819836
-144.65346534653466,18.21194833042096
-144.63366336633663,18.244615354049632
-144.6138613861386,18.266644876309357
-144.59405940594058,18.278049788126758
-144.5742574257426,18.278851084787174
-144.55445544554456,18.269077804115657
-144.53465346534654,18.248766960751635
-144.51485148514854,18.217963476499758
-144.4950495049505,18.17672010677282
-144.47524752475246,18.125097363174614
-144.45544554455446,18.06316343230229
-144.43564356435644,17.99099409087996
-144.41584158415841,17.9086726173673
-144.39603960396042,17.816289700221375
-144.3762376237624,17.71394334302461
-144.35643564356434,17.6017387667305
-144.33663366336634,17.47978830931939
-144.31683168316832,17.348211323201774
-144.2970297029703,17.20713407075641
-144.2772277227723,17.05668961844679
-144.25742574257427,16.89701773002195
-144.23762376237624,16.728264759380473
-144.21782178217822,16.550583543757906
-144.1980198019802,16.36413329799383
-144.17821782178217,16.16907951074477
-144.15841584158417,15.965593843638521
-144.13861386138615,15.75385403451662
-144.11881188118812,15.534043806090317
-144.0990099009901,15.306352781546968
-144.07920792079207,15.070976408895147
-144.05940594059405,14.82811589613785
-144.03960396039605,14.577978159723543
-144.01980198019803,14.320775789159859
-144.0,14.05672703120082
-143.980198019802,13.786055797658008
-143.96039603960395,13.508991701666321
-143.94059405940592,13.22577012819196
-143.92079207920793,12.936632345748134
-143.9009900990099,12.641825667741385
-143.88118811881188,12.341603673682512
-143.86138613861388,12.036226502757703
-143.84158415841586,11.725961235093893
-143.8217821782178,11.411082379632713
-143.8019801980198,11.091872492066702
-143.78217821782178,10.768622952078294
-143.76237623762376,10.441634936538517
-143.74257425742576,10.111220634881088
-143.72277227722773,9.77770476525598
-143.7029702970297,9.441426466213404
-143.68316831683168,9.102741659832867
-143.66336633663366,8.762026010102776
-143.64356435643563,8.41967863730632
-143.62376237623764,8.076126798353428
-143.6039603960396,7.731831808738395
-143.58415841584159,7.38729656993477
-143.5643564356436,7.043075184350068
-143.54455445544554,6.699785298603027
-143.5247524752475,6.358124027510317
-143.5049504950495,6.01888859025006
-143.4851485148515,5.683003150105274
-143.46534653465346,5.351553794319076
-143.44554455445547,5.0258340969079045
-143.42574257425744,4.707404179570362
-143.4059405940594,4.398166368211256
-143.3861386138614,4.100459844739412
-143.36633663366337,3.817173888297251
-143.34653465346534,3.5518720995964634
-143.32673267326734,3.3089047961085134
-143.30693069306932,3.093459619760007
-143.2871287128713,2.9114620146510912
-143.26732673267327,2.7692052265897016
-143.24752475247524,2.6726131922236953
-143.22772277227722,2.6261855610979556
-143.20792079207922,2.631933748349779
-143.1881188118812,2.6887970352273713
-143.16831683168317,2.792868907222806
-143.14851485148517,2.9383116313582063
-143.12871287128712,3.118494016684514
-143.1089108910891,3.3269197506773747
-143.0891089108911,3.557773546497267
-143.06930693069307,3.806130826267862
-143.04950495049505,4.067955751472264
-143.02970297029705,4.33999857100063
-143.00990099009903,4.619662270679635
-142.99009900990097,4.904873685698097
-142.97029702970298,5.193972813408366
-142.95049504950495,5.485623172341145
-142.93069306930693,5.778741414194109
-142.91089108910893,6.072442923151239
-142.8910891089109,6.366000066809434
-142.87128712871288,6.658810210020808
-142.85148514851485,6.950371167281846
-142.83168316831683,7.240262292022682
-142.8118811881188,7.528129833376602
-142.7920792079208,7.813675529519589
-142.77227722772278,8.09664766436064
-142.75247524752476,8.376834007629084
-142.73267326732673,8.654056202323662
-142.7128712871287,8.928165270402603
-142.69306930693068,9.199037987070966
-142.67326732673268,9.466573933253587
-142.65346534653466,9.730693080157865
-142.63366336633663,9.99133379314185
-142.61386138613864,10.24845116727467
-142.59405940594058,10.502015626102022
-142.57425742574256,10.75201172974749
-142.55445544554456,10.998437149717706
-142.53465346534654,11.241301776471152
-142.5148514851485,11.480626932573333
-142.49504950495052,11.716444669556688
-142.4752475247525,11.94879713077584
-142.45544554455444,12.177735965858004
-142.43564356435644,12.403321784990819
-142.41584158415841,12.625623643415476
-142.3960396039604,12.844718548215532
-142.3762376237624,13.060690980900361
-142.35643564356437,13.273632430443529
-142.33663366336634,13.483640932404098
-142.31683168316832,13.69082061057356
-142.2970297029703,13.895281218285
-142.27722772277227,14.097137677118942
-142.25742574257427,14.29650961126214
-142.23762376237624,14.493520876236051
-142.21782178217822,14.688299081123255
-142.1980198019802,14.880975103791322
-142.17821782178217,15.071682598951762
-142.15841584158414,15.260557499201692
-142.13861386138615,15.447737509481405
-142.11881188118812,15.633361595644963
-142.0990099009901,15.817569468083773
-142.0792079207921,16.00050106156729
-142.05940594059405,16.18229601266858
-142.03960396039602,16.363093136327098
-142.01980198019803,16.543029903264333
-142.0,16.722241920110438
-141.98019801980197,16.900862414218913
-141.96039603960398,17.07902172524279
-141.94059405940595,17.25684680561594
-141.9207920792079,17.43446073212908
-141.9009900990099,17.61198223080825
-141.88118811881188,17.78952521729564
-141.86138613861385,17.967198354897683
-141.84158415841586,18.145104632403218
-141.82178217821783,18.323340963686952
-141.8019801980198,18.50199781100051
-141.78217821782178,18.68115883371689
-141.76237623762376,18.860900564136564
-141.74257425742573,19.041292111785946
-141.72277227722773,19.2223948974451
-141.7029702970297,19.404262417933754
-141.68316831683168,19.586940042466534
-141.6633663366337,19.770464841161584
-141.64356435643563,19.954865446057813
-141.6237623762376,20.14016194476413
-141.6039603960396,20.32636580663685
-141.58415841584159,20.513479841158087
-141.56435643564356,20.701498187974906
-141.54455445544556,20.89040633785607
-141.52475247524754,21.08018118363516
-141.50495049504948,21.270791100035396
-141.4851485148515,21.46219605111724
-141.46534653465346,21.65434772395235
-141.44554455445544,21.84718968701164
-141.42574257425744,22.040657571658087
-141.40594059405942,22.234679275058966
-141.3861386138614,22.429175182775783
-141.36633663366337,22.62405840925396
-141.34653465346534,22.819235054415763
-141.32673267326732,23.014604474560233
-141.30693069306932,23.210059565789354
-141.2871287128713,23.405487058210902
-141.26732673267327,23.600767819212354
-141.24752475247527,23.795777164156405
-141.22772277227722,23.990385172914195
-141.2079207920792,24.18445701072723
-141.1881188118812,24.377853251969512
-141.16831683168317,24.570430205468302
-141.14851485148515,24.762040240131515
-141.12871287128715,24.952532109722622
-141.10891089108912,25.1417512757171
-141.08910891089107,25.329540227268353
-141.06930693069307,25.515738797403237
-141.04950495049505,25.70018447465793
-141.02970297029702,25.882712709453003
-141.00990099009903,26.063157214590763
-140.990099009901,26.241350259339267
-140.97029702970298,26.417122956643507
-140.95049504950495,26.59030554307684
-140.93069306930693,26.760727651213045
-140.9108910891089,26.928218574162297
-140.8910891089109,27.092607522071823
-140.87128712871288,27.253723870445942
-140.85148514851485,27.411397400187635
-140.83168316831683,27.56545852930866
-140.8118811881188,27.715738536293888
-140.79207920792078,27.862069775141222
-140.77227722772278,28.004285882129633
-140.75247524752476,28.142221974395348
-140.73267326732673,28.27571484041997
-140.71287128712873,28.404603122555486
-140.69306930693068,28.528727491728244
-140.67326732673266,28.64793081447923
-140.65346534653466,28.762058312510028
-140.63366336633663,28.870957714914187
-140.6138613861386,28.974479403281258
-140.5940594059406,29.072476549867126
-140.5742574257426,29.164805249028255
-140.55445544554453,29.251324642120828
-140.53465346534654,29.331897036066472
-140.5148514851485,29.406388015787627
-140.4950495049505,29.474666550713984
-140.4752475247525,29.53660509556048
-140.45544554455446,29.59207968557462
-140.43564356435644,29.64097002644842
-140.41584158415841,29.68315957908597
-140.3960396039604,29.718535639414377
-140.37623762376236,29.74698941342096
-140.35643564356437,29.768416087595146
-140.33663366336634,29.782714894948292
-140.31683168316832,29.789789176779905
-140.2970297029703,29.789546440352893
-140.27722772277227,29.78189841263567
-140.25742574257424,29.76676109026288
-140.23762376237624,29.744054785861426
-140.21782178217822,29.713704170882764
-140.1980198019802,29.67563831507668
-140.1782178217822,29.629790722736814
-140.15841584158414,29.57609936584207
-140.13861386138612,29.514506714213038
-140.11881188118812,29.444959762797204
-140.0990099009901,29.36741005619114
-140.07920792079207,29.281813710502995
-140.05940594059408,29.188131432653307
-140.03960396039605,29.086328537207045
-140.019801980198,28.976374960825158
-140.0,28.85824527441863
-139.98019801980197,28.73191869308361
-139.96039603960395,28.597379083891536
-139.94059405940595,28.45461497160308
-139.92079207920793,28.303619542371198
-139.9009900990099,28.144390645493278
-139.88118811881188,27.976930793268636
-139.86138613861385,27.801247159013368
-139.84158415841583,27.617351573280327
-139.82178217821783,27.42526051832816
-139.8019801980198,27.224995120879385
-139.78217821782178,27.016581143203894
-139.76237623762378,26.800048972560294
-139.74257425742573,26.575433609024266
-139.7227722772277,26.34277465172949
-139.7029702970297,26.102116283543246
-139.68316831683168,25.85350725419605
-139.66336633663366,25.597000861880904
-139.64356435643566,25.332654933335288
-139.62376237623764,25.060531802416005
-139.60396039603958,24.780698287174214
-139.58415841584159,24.493225665435467
-139.56435643564356,24.198189648887066
-139.54455445544554,23.895670355673072
-139.52475247524754,23.58575228149464
-139.5049504950495,23.268524269212023
-139.4851485148515,22.944079476942452
-139.46534653465346,22.612515344646724
-139.44554455445544,22.273933559195996
-139.4257425742574,21.928440017909224
-139.40594059405942,21.576144790551048
-139.3861386138614,21.217162079779023
-139.36633663366337,20.851610180029688
-139.34653465346537,20.479611434832485
-139.32673267326732,20.101292192541912
-139.3069306930693,19.716782760479138
-139.2871287128713,19.326217357476516
-139.26732673267327,18.929734064821062
-139.24752475247524,18.527474775596378
-139.22772277227725,18.119585142427667
-139.20792079207922,17.706214523639996
-139.18811881188117,17.287515927848506
-139.16831683168317,16.863645957008753
-139.14851485148515,16.43476474796832
-139.12871287128712,16.00103591257738
-139.10891089108912,15.562626476436392
-139.0891089108911,15.119706816386413
-139.06930693069307,14.6724505968821
-139.04950495049505,14.221034705433063
-139.02970297029702,13.765639187358733
-139.009900990099,13.306447180181017
-138.990099009901,12.84364484808452
-138.97029702970298,12.377421317016992
-138.95049504950495,11.907968611197338
-138.93069306930693,11.435481592067616
-138.9108910891089,10.960157901102267
-138.89108910891088,10.482197908421362
-138.87128712871288,10.00180466992329
-138.85148514851485,9.519183896774877
-138.83168316831683,9.03454394276725
-138.81188118811883,8.548095817575554
-138.79207920792078,8.060053237874506
-138.77227722772275,7.570632734452987
-138.75247524752476,7.080053843517141
-138.73267326732673,6.588539427135575
-138.7128712871287,6.096316196655561
-138.6930693069307,5.603615564471712
-138.67326732673268,5.110675045429784
-138.65346534653463,4.617740616240603
-138.63366336633663,4.125070827205161
-138.6138613861386,3.6329443112633144
-138.59405940594058,3.1416743678952805
-138.5742574257426,2.651639666569591
-138.55445544554456,2.1633562279570846
-138.53465346534654,1.677673294897219
-138.5148514851485,1.1964376942437804
-138.4950495049505,0.7257393925794979
-138.47524752475246,0.30883864707615905
-138.45544554455446,0.36296093397455426
-138.43564356435644,0.7931884540490661
-138.41584158415841,1.257033106818711
-138.3960396039604,1.7252224014686717
-138.37623762376236,2.1929002287517663
-138.35643564356434,2.658472035335865
-138.33663366336634,3.121166780751739
-138.31683168316832,3.580499890999614
-138.2970297029703,4.036108184615788
-138.2772277227723,4.4876875444084385
-138.25742574257424,4.9349658282957245
-138.23762376237622,5.3776898325191285
-138.21782178217822,5.815618522028919
-138.1980198019802,6.248519309310815
-138.17821782178217,6.676165922678079
-138.15841584158417,7.098337151902445
-138.13861386138615,7.5148161017328245
-138.1188118811881,7.9253897515535545
-138.0990099009901,8.329848706087946
-138.07920792079207,8.727987068955496
-138.05940594059405,9.119602397318245
-138.03960396039605,9.504495711274648
-138.01980198019803,9.882471540943643
-138.0,10.253337999926364
-137.98019801980197,10.616906877477016
-137.96039603960395,10.972993744077684
-137.94059405940592,11.321418066675994
-137.92079207920793,11.66200333089866
-137.9009900990099,11.994577168277461
-137.88118811881188,12.318971487027328
-137.86138613861388,12.635022605272724
-137.84158415841583,12.942571385873771
-137.8217821782178,13.241463372189102
-137.8019801980198,13.531548924249465
-137.78217821782178,13.812683354917977
-137.76237623762376,14.084727065690766
-137.74257425742576,14.347545681851086
-137.72277227722773,14.601010186736671
-137.70297029702968,14.844997054917677
-137.68316831683168,15.07938838411248
-137.66336633663366,15.304072025694365
-137.64356435643563,15.518941713663704
-137.62376237623764,15.723897191979512
-137.6039603960396,15.918844340161693
-137.58415841584159,16.103695297091786
-137.56435643564356,16.27836858295538
-137.54455445544554,16.442789219285434
-137.5247524752475,16.596888847080763
-137.5049504950495,16.740605842990508
-137.4851485148515,16.873885433571804
-137.46534653465346,16.996679807645794
-137.44554455445547,17.108948226795782
-137.4257425742574,17.210657134071727
-137.4059405940594,17.30178026098711
-137.3861386138614,17.38229873291804
-137.36633663366337,17.452201173040407
-137.34653465346534,17.511483804969405
-137.32673267326734,17.56015055429697
-137.30693069306932,17.598213149256857
-137.28712871287127,17.625691220785335
-137.26732673267327,17.64261240228697
-137.24752475247524,17.64901242946157
-137.22772277227722,17.644935240599636
-137.20792079207922,17.63043307781059
-137.1881188118812,17.605566589711657
-137.16831683168317,17.570404936175517
-137.14851485148515,17.525025895813634
-137.12871287128712,17.469515976959855
-137.1089108910891,17.40397053301647
-137.0891089108911,17.328493883134794
-137.06930693069307,17.243199439324332
-137.04950495049505,17.14820984122174
-137.02970297029702,17.043657099904404
-137.009900990099,16.92968275230521
-136.99009900990097,16.80643802797813
-136.97029702970298,16.674084030180275
-136.95049504950495,16.53279193347842
-136.93069306930693,16.38274320035981
-136.91089108910893,16.224129819630573
-136.89108910891088,16.05715456972609
-136.87128712871288,15.882031310436751
-136.85148514851485,15.698985306976631
-136.83168316831683,15.50825359079304
-136.81188118811883,15.31008536203619
-136.7920792079208,15.104742439182933
-136.77227722772278,14.892499761937888
-136.75247524752476,14.673645954219706
-136.73267326732673,14.448483954775813
-136.7128712871287,14.217331723749526
-136.6930693069307,13.980523034335507
-136.67326732673268,13.738408359481085
-136.65346534653466,13.491355864389748
-136.63366336633663,13.239752516308467
-136.6138613861386,12.984005323661389
-136.59405940594058,12.724542716925592
-136.5742574257426,12.461816083589136
-136.55445544554456,12.196301468890566
-136.53465346534654,11.928501452547568
-136.51485148514854,11.658947208986051
-136.4950495049505,11.388200754211608
-136.47524752475246,11.116857375816076
-136.45544554455446,10.845548232910062
-136.43564356435644,10.57494309905496
-136.41584158415841,10.305753202369761
-136.39603960396042,10.038734091555531
-136.3762376237624,9.774688423125701
-136.35643564356434,9.51446852216687
-136.33663366336634,9.258978515245918
-136.31683168316832,9.00917576905977
-136.2970297029703,8.76607129284779
-136.2772277227723,8.530728679447893
-136.25742574257427,8.304261075601431
-136.23762376237624,8.087825597907617
-136.21782178217822,7.882614563916962
-136.1980198019802,7.689842911998884
-136.17821782178217,7.510731268094595
-136.15841584158417,7.3464843133238755
-136.13861386138615,7.19826443908002
-136.11881188118812,7.067161154237356
-136.09900990099013,6.954157310482705
-136.07920792079207,6.86009387261952
-136.05940594059405,6.7856355721219455
-136.03960396039605,6.731240203281063
-136.01980198019803,6.697134410717762
-136.0,6.683298478729174
-135.980198019802,6.68946185978187
-135.96039603960398,6.715110074880301
-135.94059405940592,6.759502380292069
-135.92079207920793,6.8216984622404215
-135.9009900990099,6.900591603435235
-135.88118811881188,6.994945384255529
-135.86138613861388,7.103431045979178
-135.84158415841586,7.224663065429314
-135.82178217821783,7.3572311266614285
-135.8019801980198,7.499727376101951
-135.78217821782178,7.650768492888792
-135.76237623762376,7.809012622691829
-135.74257425742576,7.9731715834699095
-135.72277227722773,8.142018962342291
-135.7029702970297,8.314394810764872
-135.6831683168317,8.489207644434051
-135.66336633663366,8.665434397299503
-135.64356435643563,8.8421188923541
-135.62376237623764,9.018369294811192
-135.6039603960396,9.193354918421155
-135.58415841584159,9.366302670137557
-135.5643564356436,9.536493345336906
-135.54455445544556,9.703257926007117
-135.5247524752475,9.865973986955428
-135.5049504950495,10.024062278615293
-135.4851485148515,10.176983527672025
-135.46534653465346,10.324235476722137
-135.44554455445547,10.465350169951646
-135.42574257425744,10.59989148201784
-135.40594059405942,10.727452880845423
-135.3861386138614,10.847655411024334
-135.36633663366337,10.960145882241607
-135.34653465346534,11.064595246172852
-135.32673267326734,11.16069714511148
-135.30693069306932,11.248166616036226
-135.2871287128713,11.326738934602009
-135.26732673267327,11.39616858453474
-135.24752475247524,11.456228339013075
-135.22772277227722,11.506708441756942
-135.20792079207922,11.547415876665157
-135.1881188118812,11.578173715923436
-135.16831683168317,11.598820537519337
-135.14851485148517,11.609209904044324
-135.12871287128712,11.609209895530004
-135.1089108910891,11.59870268985725
-135.0891089108911,11.577584184995477
-135.06930693069307,11.545763657979899
-135.04950495049505,11.503163456122799
-135.02970297029705,11.449718716486833
-135.00990099009903,11.385377110130161
-134.99009900990097,11.310098608072694
-134.97029702970298,11.22385526633466
-134.95049504950495,11.126631027771877
-134.93069306930693,11.018421538782132
-134.91089108910893,10.899233979291747
-134.8910891089109,10.769086904759734
-134.87128712871288,10.628010099266525
-134.85148514851485,10.47604443909781
-134.83168316831683,10.313241766603467
-134.8118811881188,10.139664774524432
-134.7920792079208,9.95538690145849
-134.77227722772278,9.76049223970736
-134.75247524752476,9.555075457453112
-134.73267326732673,9.339241738103725
-134.7128712871287,9.113106740803266
-134.69306930693068,8.876796587627942
-134.67326732673268,8.630447885041518
-134.65346534653466,8.374207789988876
-134.63366336633663,8.1082341349029
-134.61386138613864,7.832695631396089
-134.59405940594058,7.547772180284772
-134.57425742574256,7.253655327068711
-134.55445544554456,6.950548918997308
-134.53465346534654,6.638670045539479
-134.5148514851485,6.318250383652824
-134.49504950495052,5.989538131593258
-134.4752475247525,5.652800815627964
-134.45544554455444,5.308329420839098
-134.43564356435644,4.9564445822271
-134.41584158415841,4.597506075997638
-134.3960396039604,4.231927775650621
-134.3762376237624,3.8602020108785413
-134.35643564356437,3.482940842846888
-134.33663366336634,3.1009494095067223
-134.31683168316832,2.7153639645822096
-134.2970297029703,2.327930487254954
-134.27722772277227,1.9416172366198114
-134.25742574257427,1.562108790527834
-134.23762376237624,1.2019044941451873
-134.21782178217822,0.8925561771537609
-134.19801980198022,0.7135831752401065
-134.17821782178217,0.7707755352231098
-134.15841584158414,1.0306784407466083
-134.13861386138615,1.387011448562108
-134.11881188118812,1.7853811254229903
-134.0990099009901,2.20490191529051
-134.0792079207921,2.6367943586050404
-134.05940594059408,3.0767873847022633
-134.03960396039602,3.5225032115136905
-134.01980198019803,3.972453188759086
-134.0,4.425606207239064
-133.98019801980197,4.881184612496641
-133.96039603960398,5.338559852282009
-133.94059405940595,5.797195601135876
-133.92079207920793,6.256615093784552
-133.9009900990099,6.716381535947413
-133.88118811881188,7.17608593369218
-133.86138613861385,7.635339311329507
-133.84158415841586,8.093767621267288
-133.82178217821783,8.551008358218672
-133.8019801980198,9.006708282934902
-133.7821782178218,9.460521886248602
-133.76237623762376,9.912110358028585
-133.74257425742573,10.361140907313665
-133.72277227722773,10.80728633102882
-133.7029702970297,11.250224761453731
-133.68316831683168,11.689639544055536
-133.6633663366337,12.125219211598612
-133.64356435643566,12.55665753015108
-133.6237623762376,12.983653599302675
-133.6039603960396,13.405911993595755
-133.58415841584159,13.823142935497675
-133.56435643564356,14.235062492633528
-133.54455445544556,14.641392793738769
-133.52475247524754,15.04186225907098
-133.5049504950495,15.43620584197158
-133.4851485148515,15.824165278984117
-133.46534653465346,16.205489346477467
-133.44554455445544,16.579934122137754
-133.42574257425744,16.947263250013236
-133.40594059405942,17.307248208046254
-133.3861386138614,17.659668577222444
-133.36633663366337,18.00431231162263
-133.34653465346534,18.340976008786544
-133.32673267326732,18.669465179897017
-133.30693069306932,18.989594519373462
-133.2871287128713,19.301188173528207
-133.26732673267327,19.604080007992867
-133.24752475247527,19.89811387366387
-133.22772277227722,20.183143870952204
-133.2079207920792,20.45903461214896
-133.1881188118812,20.725661481741167
-133.16831683168317,20.982910894527976
-133.14851485148515,21.230680551398954
-133.12871287128715,21.46887969264275
-133.10891089108912,21.69742934865656
-133.08910891089107,21.916262587923555
-133.06930693069307,22.125324762118797
-133.04950495049505,22.32457374819018
-133.02970297029702,22.513980187243558
-133.00990099009903,22.6935277200366
-132.990099009901,22.863213218854874
-132.97029702970298,23.0230470155056
-132.95049504950495,23.173053125118386
-132.93069306930693,23.313269465387133
-132.9108910891089,23.443748070822412
-132.8910891089109,23.5645553015079
-132.87128712871288,23.67577204576701
-132.85148514851485,23.777493916044875
-132.83168316831683,23.86983143719552
-132.8118811881188,23.95291022623406
-132.79207920792078,24.026871162464765
-132.77227722772278,24.09187054673087
-132.75247524752476,24.148080248345497
-132.73267326732673,24.195687838057047
-132.71287128712873,24.234896705173693
-132.69306930693068,24.265926156720734
-132.67326732673266,24.2890114962299
-132.65346534653466,24.30440407946202
-132.63366336633663,24.312371344042937
-132.6138613861386,24.31319680965002
-132.5940594059406,24.30718004502201
-132.5742574257426,24.294636597684736
-132.55445544554453,24.275897881889446
-132.53465346534654,24.25131101985851
-132.5148514851485,24.221238631028083
-132.4950495049505,24.186058563581692
-132.4752475247525,24.146163562190235
-132.45544554455446,24.10196086552845
-132.43564356435644,24.053871726839617
-132.41584158415841,24.002330850587786
-132.3960396039604,23.947785738090943
-132.37623762376236,23.890695934993353
-132.35643564356437,23.831532173533933
-132.33663366336634,23.77077540283
-132.31683168316832,23.70891570084789
-132.29702970297032,23.646451062402804
-132.27722772277227,23.583886058447508
-132.25742574257424,23.521730363095713
-132.23762376237624,23.46049714630305
-132.21782178217822,23.40070133190812
-132.1980198019802,23.3428577228234
-132.1782178217822,23.28747899755331
-132.15841584158417,23.23507358488622
-132.13861386138612,23.18614342651966
-132.11881188118812,23.1411816404855
-132.0990099009901,23.100670101469827
-132.07920792079207,23.065076957386253
-132.05940594059408,23.034854104755375
-132.03960396039605,23.010434648449905
-132.01980198019803,22.992230374057705
-132.0,22.98062926336073
-131.98019801980197,22.975993085099248
-131.96039603960395,22.978655094167305
-131.94059405940595,22.98891787256699
-131.92079207920793,23.007051344760715
-131.9009900990099,23.033290998459638
-131.8811881188119,23.06783633936997
-131.86138613861385,23.110849605024324
-131.84158415841583,23.16245475863418
-131.82178217821783,23.222736779031663
-131.8019801980198,23.2917412573827
-131.78217821782178,23.369474305629684
-131.76237623762378,23.455902775765175
-131.74257425742576,23.550954783253164
-131.7227722772277,23.654520522405562
-131.7029702970297,23.766453356473594
-131.68316831683168,23.88657116078621
-131.66336633663366,24.014657893585834
-131.64356435643566,24.150465366361914
-131.62376237623764,24.293715183509857
-131.6039603960396,24.44410082005129
-131.58415841584159,24.6012898059078
-131.56435643564356,24.764925985759817
-131.54455445544554,24.934631824753385
-131.52475247524754,25.110010732131624
-131.5049504950495,25.29064937714559
-131.4851485148515,25.476119974217326
-131.46534653465346,25.665982517167173
-131.44554455445544,25.859786945265316
-131.4257425742574,26.0570752268249
-131.40594059405942,26.257383348935786
-131.3861386138614,26.460243204673915
-131.36633663366337,26.66518437166015
-131.34653465346537,26.871735778144828
-131.32673267326732,27.079427254838315
-131.3069306930693,27.287790972482433
-131.2871287128713,27.496362766662347
-131.26732673267327,27.70468335260218
-131.24752475247524,27.912299433684648
-131.22772277227725,28.11876470820471
-131.20792079207922,28.32364077943273
-131.18811881188117,28.526497974446507
-131.16831683168317,28.726916077418995
-131.14851485148515,28.92448498314331
-131.12871287128712,29.11880527656024
-131.10891089108912,29.30948874394843
-131.0891089108911,29.49615882126047
-131.06930693069307,29.67845098485909
-131.04950495049505,29.856013089637045
-131.02970297029702,30.028505659209728
-131.009900990099,30.195602132556687
-130.990099009901,30.35698907116944
-130.97029702970298,30.512366330443836
-130.95049504950495,30.661447198741055
-130.93069306930693,30.803958507237617
-130.9108910891089,30.939640713393835
-130.89108910891088,31.068247960594512
-130.87128712871288,31.189548116257175
-130.85148514851485,31.30332279046231
-130.83168316831683,31.40936733693727
-130.81188118811883,31.507490838021084
-130.79207920792078,31.597516075050613
-130.77227722772275,31.679279485438695
-130.75247524752476,31.752631107561903
-130.73267326732673,31.817434514437977
-130.7128712871287,31.873566737049426
-130.6930693069307,31.920918178060877
-130.67326732673268,31.959392516580532
-130.65346534653463,31.988906604530822
-130.63366336633663,32.00939035511885
-130.6138613861386,32.020786623832194
-130.59405940594058,32.023051082329516
-130.5742574257426,32.01615208554767
-130.55445544554456,32.000070532305706
-130.53465346534654,31.974799719652342
-130.5148514851485,31.94034519117497
-130.4950495049505,31.89672457946497
-130.47524752475246,31.843967442915915
-130.45544554455446,31.78211509701691
-130.43564356435644,31.711220440292998
-130.41584158415841,31.63134777503737
-130.39603960396042,31.542572622976017
-130.37623762376236,31.444981536003926
-130.35643564356434,31.338671902132837
-130.33663366336634,31.223751746793305
-130.31683168316832,31.100339529638546
-130.2970297029703,30.968563937003772
-130.2772277227723,30.828563670182216
-130.25742574257427,30.680487229687955
-130.23762376237622,30.524492695685144
-130.21782178217822,30.360747504774025
-130.1980198019802,30.189428223335288
-130.17821782178217,30.010720317645763
-130.15841584158417,29.824817920991038
-130.13861386138615,29.63192359801218
-130.11881188118812,29.43224810653647
-130.0990099009901,29.226010157154025
-130.07920792079207,29.013436170813744
-130.05940594059405,28.79476003472333
-130.03960396039605,28.57022285684865
-130.01980198019803,28.340072719316844
-130.0,28.10456443103564
-129.980198019802,27.863959279847897
-129.96039603960395,27.61852478454477
-129.94059405940592,27.36853444706253
-129.92079207920793,27.11426750518787
-129.9009900990099,26.856008686091826
-129.88118811881188,26.594047961004396
-129.86138613861388,26.328680301329683
-129.84158415841586,26.060205436482992
-129.8217821782178,25.78892761370787
-129.8019801980198,25.515155360100337
-129.78217821782178,25.239201247029104
-129.76237623762376,24.961381657093877
-129.74257425742576,24.682016553707026
-129.72277227722773,24.401429253316774
-129.7029702970297,24.119946200211185
-129.68316831683168,23.83789674375028
-129.66336633663366,23.55561291776838
-129.64356435643563,23.273429221768346
-129.62376237623764,22.991682403393895
-129.6039603960396,22.710711241514357
-129.58415841584159,22.430856329088034
-129.56435643564356,22.152459854786503
-129.54455445544554,21.875865382161525
-129.5247524752475,21.601417624922547
-129.5049504950495,21.329462216665565
-129.4851485148515,21.060345473158158
-129.46534653465346,20.794414145043522
-129.44554455445547,20.532015158584777
-129.4257425742574,20.273495341835154
-129.4059405940594,20.019201133399182
-129.3861386138614,19.769478270754313
-129.36633663366337,19.52467145494233
-129.34653465346534,19.285123988330565
-129.32673267326734,19.05117738209678
-129.30693069306932,18.823170930127347
-129.28712871287127,18.601441246150745
-129.26732673267327,18.386321761176053
-129.24752475247524,18.17814217868587
-129.22772277227722,17.977227885558726
-129.20792079207922,17.783899317381653
-129.1881188118812,17.598471277665965
-129.16831683168317,17.42125221150173
-129.14851485148515,17.252543435373052
-129.12871287128712,17.092638326194667
-129.1089108910891,16.94182147409522
-129.0891089108911,16.800367805030074
-129.06930693069307,16.66854168091004
-129.04950495049505,16.546595986524785
-129.02970297029702,16.434771214054535
-129.009900990099,16.333294557327097
-128.99009900990097,16.242379029110708
-128.97029702970298,16.16222261556107
-128.95049504950495,16.093007482389424
-128.93069306930693,16.03489924732795
-128.91089108910893,15.98804633299446
-128.89108910891088,15.95257941327692
-128.87128712871285,15.928610964870982
-128.85148514851485,15.916234933641672
-128.83168316831683,15.915526523098023
-128.8118811881188,15.92654210955266
-128.7920792079208,15.9493192855892
-128.77227722772278,15.983877030402743
-128.75247524752473,16.030216002538825
-128.73267326732673,16.088318947667176
-128.7128712871287,16.158151211406988
-128.69306930693068,16.23966134497821
-128.67326732673268,16.33278178967096
-128.65346534653466,16.437429624859732
-128.63366336633663,16.553507363569036
-128.6138613861386,16.68090377942039
-128.59405940594058,16.81949474913065
-128.57425742574256,16.969144095535814
-128.55445544554456,17.12970441731533
-128.53465346534654,17.301017893107456
-128.5148514851485,17.482917049448865
-128.49504950495052,17.67522548385531
-128.47524752475246,17.87775853629841
-128.45544554455444,18.090323904254102
-128.43564356435644,18.31272219833452
-128.41584158415841,18.544747437215907
-128.3960396039604,18.786187482102864
-128.3762376237624,19.036824412296635
-128.35643564356437,19.2964348445495
-128.3366336633663,19.564790199785794
-128.31683168316832,19.841656921456366
-128.2970297029703,20.12679665028178
-128.27722772277227,20.41996636044597
-128.25742574257427,20.720918462447482
-128.23762376237624,21.029400877822432
-128.21782178217822,21.345157090844133
-128.1980198019802,21.66792618210177
-128.17821782178217,21.997442848585436
-128.15841584158414,22.333437414576746
-128.13861386138615,22.675635837279405
-128.11881188118812,23.023759710739775
-128.0990099009901,23.37752627121234
-128.0792079207921,23.736648406734194
-128.05940594059405,24.10083467328962
-128.03960396039602,24.469789319581444
-128.01980198019803,24.843212322080547
-128.0,25.22079943170593
-127.98019801980197,25.60224223319326
-127.96039603960396,25.987228217944036
-127.94059405940594,26.375440870908356
-127.92079207920791,26.766559771841887
-127.9009900990099,27.160260711091734
-127.88118811881188,27.556215819903738
-127.86138613861385,27.954093715104637
-127.84158415841586,28.35355965789474
-127.82178217821782,28.754275726387615
-127.80198019801979,29.15590100145202
-127.7821782178218,29.558091765344987
-127.76237623762376,29.96050171257321
-127.74257425742573,30.362782172378775
-127.72277227722773,30.764582342216826
-127.70297029702971,31.165549531570747
-127.68316831683167,31.565329415439017
-127.66336633663367,31.963566296820428
-127.64356435643565,32.35990337752469
-127.62376237623761,32.75398303663854
-127.60396039603961,33.145447115985846
-127.58415841584159,33.533937211930386
-127.56435643564356,33.9190949728834
-127.54455445544555,34.30056240189296
-127.52475247524752,34.67798216370886
-127.5049504950495,35.05099789573367
-127.48514851485149,35.41925452228937
-127.46534653465346,35.7823985716472
-127.44554455445544,36.140078495287646
-127.42574257425743,36.491944988875424
-127.4059405940594,36.83765131445444
-127.38613861386138,37.17685362338533
-127.36633663366337,37.509211279566664
-127.34653465346534,37.83438718249915
-127.32673267326732,38.152048089769885
-127.30693069306932,38.461864938550384
-127.28712871287128,38.76351316571967
-127.26732673267325,39.05667302623991
-127.24752475247526,39.34102990942825
-127.22772277227722,39.61627465278451
-127.2079207920792,39.88210385304976
-127.1881188118812,40.138220174186394
-127.16831683168317,40.38433265198531
-127.14851485148513,40.62015699502069
-127.12871287128714,40.84541588168803
-127.10891089108911,41.05983925307544
-127.08910891089107,41.26316460143391
-127.06930693069307,41.45513725402604
-127.04950495049505,41.6355106521487
-127.02970297029702,41.80404662513982
-127.00990099009901,41.96051565919517
-126.99009900990099,42.10469716083668
-126.97029702970296,42.236379714890134
-126.95049504950495,42.3553613368466
-126.93069306930693,42.46144971949919
-126.9108910891089,42.55446247376459
-126.8910891089109,42.63422736361705
-126.87128712871286,42.700582535082205
-126.85148514851484,42.753376739257845
-126.83168316831684,42.79246954934989
-126.8118811881188,42.817731571734754
-126.79207920792078,42.82904465108155
-126.77227722772278,42.826302069593574
-126.75247524752476,42.809408740453925
-126.73267326732672,42.77828139558851
-126.71287128712872,42.73284876788925
-126.6930693069307,42.6730517680721
-126.67326732673268,42.59884365637808
-126.65346534653466,42.510190209362555
-126.63366336633663,42.407069882056014
-126.61386138613862,42.28947396582248
-126.5940594059406,42.15740674228585
-126.57425742574257,42.01088563374393
-126.55445544554456,41.84994135054165
-126.53465346534654,41.67461803593258
-126.51485148514851,41.4849734090186
-126.49504950495052,41.28107890642427
-126.47524752475248,41.063019823435354
-126.45544554455445,40.83089545540856
-126.43564356435645,40.584819240345276
-126.41584158415841,40.32491890361465
-126.39603960396039,40.05133660591192
-126.37623762376239,39.764229095647885
-126.35643564356437,39.46376786708409
-126.33663366336633,39.15013932565844
-126.31683168316833,38.82354496208638
-126.2970297029703,38.48420153697613
-126.27722772277227,38.132341277861975
-126.25742574257427,37.76821209073976
-126.23762376237624,37.39207778838264
-126.21782178217822,37.00421833792425
-126.19801980198021,36.604930130421664
-126.17821782178218,36.19452627535055
-126.15841584158416,35.773336923240834
-126.13861386138615,35.34170961993128
-126.11881188118812,34.900009696204286
-126.0990099009901,34.448620696855585
-126.0792079207921,33.98794485355205
-126.05940594059406,33.518403606130605
-126.03960396039604,33.040438177281615
-126.01980198019804,32.55451020583162
-126.0,32.061102444077
-125.98019801980197,31.560719524800618
-125.96039603960398,31.053888803703042
-125.94059405940595,30.541161282961884
-125.92079207920791,30.02311262145296
-125.90099009900992,29.50034423676854
-125.88118811881189,28.97348450347656
-125.86138613861385,28.44319005099126
-125.84158415841586,27.91014716285348
-125.82178217821783,27.375073277009793
-125.8019801980198,26.838718583659926
-125.7821782178218,26.301867713206505
-125.76237623762377,25.765341501543013
-125.74257425742574,25.229998813069816
-125.72277227722773,24.696738393109026
-125.70297029702971,24.16650071043874
-125.68316831683168,23.640269737109378
-125.66336633663367,23.119074596171114
-125.64356435643565,22.603990988110965
-125.62376237623762,22.096142283467806
-125.60396039603961,21.59670014226407
-125.58415841584159,21.106884490900775
-125.56435643564356,20.62796265484503
-125.54455445544556,20.161247412331385
-125.52475247524752,19.708093702865167
-125.5049504950495,19.269893698173625
-125.4851485148515,18.84806992733884
-125.46534653465346,18.444066148480367
-125.44554455445544,18.059335684032362
-125.42574257425744,17.695326993517924
-125.40594059405942,17.353466354505745
-125.38613861386138,17.035137664904866
-125.36633663366338,16.74165956958862
-125.34653465346535,16.47426034675063
-125.32673267326732,16.23405125096321
-125.30693069306932,16.02199927738133
-125.2871287128713,15.838900552458352
-125.26732673267327,15.685355732435637
-125.24752475247526,15.561748863180203
-125.22772277227723,15.468231093034296
-125.20792079207921,15.404710419886067
-125.1881188118812,15.37084830299799
-125.16831683168317,15.366063512127448
-125.14851485148515,15.389543074646177
-125.12871287128715,15.440259680429198
-125.10891089108911,15.516994477545396
-125.08910891089108,15.618363888790029
-125.06930693069309,15.742848926951435
-125.04950495049505,15.888825487116387
-125.02970297029702,16.054594226598027
-125.00990099009903,16.238408871348767
-124.990099009901,16.4385020699155
-124.97029702970296,16.653108211992016
-124.95049504950497,16.880482906055292
-124.93069306930694,17.118919047593987
-124.9108910891089,17.36675959484792
-124.8910891089109,17.622407300531826
-124.87128712871288,17.8843317298627
-124.85148514851485,18.151073935250746
-124.83168316831684,18.421249165666314
-124.81188118811882,18.693547973279447
-124.79207920792079,18.966736049715358
-124.77227722772278,19.239653085858567
-124.75247524752476,19.511210907603616
-124.73267326732673,19.780391098812785
-124.71287128712872,20.046242284262128
-124.6930693069307,20.30787721081143
-124.67326732673267,20.564469734987373
-124.65346534653466,20.815251799694618
-124.63366336633663,21.059510461634662
-124.61386138613861,21.296585013810528
-124.59405940594061,21.525864233737927
-124.57425742574257,21.746783777167796
-124.55445544554455,21.958823728767726
-124.53465346534655,22.161506314871616
-124.51485148514851,22.354393778702136
-124.49504950495049,22.537086415068533
-124.47524752475249,22.709220759166072
-124.45544554455446,22.870467922524952
-124.43564356435643,23.02053206818898
-124.41584158415843,23.159149016699867
-124.3960396039604,23.28608497430296
-124.37623762376236,23.401135374879967
-124.35643564356437,23.50412382738469
-124.33663366336634,23.59490116094891
-124.31683168316832,23.67334456029911
-124.2970297029703,23.739356784645327
-124.27722772277228,23.79286546374967
-124.25742574257426,23.833822465434977
-124.23762376237624,23.862203329342254
-124.21782178217822,23.878006762279593
-124.1980198019802,23.881254191019092
-124.1782178217822,23.871989368888812
-124.15841584158416,23.850278032969843
-124.13861386138613,23.81620760914422
-124.11881188118814,23.769886962645447
-124.0990099009901,23.71144619213938
-124.07920792079207,23.64103646570859
-124.05940594059408,23.55882989742632
-124.03960396039605,23.46501946348615
-124.01980198019801,23.359818957097193
-124.00000000000001,23.243462981559826
-123.98019801980199,23.11620698109867
-123.96039603960395,22.978327309142863
-123.94059405940595,22.830121333800545
-123.92079207920793,22.67190758026652
-123.9009900990099,22.504025909817873
-123.88118811881189,22.32683773487729
-123.86138613861387,22.14072626934258
-123.84158415841584,21.946096812971575
-123.82178217821783,21.743377068052624
-123.8019801980198,21.533017485852284
-123.78217821782178,21.31549163938376
-123.76237623762377,21.091296617843955
-123.74257425742574,20.860953436584847
-123.72277227722772,20.625007454669795
-123.70297029702971,20.38402878987211
-123.68316831683168,20.138612718350448
-123.66336633663366,19.889380043138143
-123.64356435643566,19.636977411966054
-123.62376237623762,19.382077560769975
-123.6039603960396,19.12537945449622
-123.5841584158416,18.867608291525475
-123.56435643564356,18.609515332231794
-123.54455445544554,18.351877505984575
-123.52475247524754,18.095496744457343
-123.50495049504951,17.841198982689587
-123.48514851485147,17.589832763326644
-123.46534653465348,17.342267374337077
-123.44554455445545,17.099390446914693
-123.42574257425741,16.862104939000048
-123.40594059405942,16.63132543182358
-123.38613861386139,16.407973673099196
-123.36633663366337,16.192973312041886
-123.34653465346535,15.987243789237956
-123.32673267326733,15.791693369351616
-123.3069306930693,15.607211337116693
-123.2871287128713,15.434659416859734
-123.26732673267327,15.27486252197631
-123.24752475247524,15.12859899142116
-123.22772277227725,14.99659052243015
-123.20792079207921,14.879492058429609
-123.18811881188118,14.777881933704103
-123.16831683168319,14.692252606834138
-123.14851485148515,14.62300232837632
-123.12871287128712,14.570428080892434
-123.10891089108912,14.53472009906476
-123.0891089108911,14.515958224333737
-123.06930693069306,14.514110274878515
-123.04950495049506,14.529032522905636
-123.02970297029704,14.56047227415272
-123.009900990099,14.608072447393614
-122.990099009901,14.671377962730714
-122.97029702970298,14.74984367372759
-122.95049504950495,14.84284352519909
-122.93069306930694,14.949680588504028
-122.91089108910892,15.069597619656331
-122.89108910891089,15.201787800350608
-122.87128712871288,15.345405354199448
-122.85148514851485,15.499575775190443
-122.83168316831683,15.663405457385217
-122.81188118811882,15.835990569321275
-122.79207920792079,16.0164250693438
-122.77227722772277,16.20380780610437
-122.75247524752476,16.397248689720595
-122.73267326732673,16.595873952591013
-122.7128712871287,16.798830544430295
-122.69306930693071,17.00528972417164
-122.67326732673267,17.21444992282383
-122.65346534653465,17.425538957228664
-122.63366336633665,17.63781567607111
-122.61386138613861,17.850571117535093
-122.59405940594058,18.063129253651944
-122.57425742574259,18.274847390487626
-122.55445544554456,18.4851162865366
-122.53465346534652,18.693360044556222
-122.51485148514853,18.899035824974344
-122.4950495049505,19.101633422202905
-122.47524752475246,19.300674738867148
-122.45544554455446,19.495713187213486
-122.43564356435644,19.68633304183303
-122.41584158415841,19.87214876333698
-122.3960396039604,20.052804308720305
-122.37623762376238,20.227972440811584
-122.35643564356435,20.397354046376574
-122.33663366336634,20.56067747006921
-122.31683168316832,20.717697869446596
-122.29702970297029,20.86819659463369
-122.2772277227723,21.011980594885934
-122.25742574257426,21.148881853210224
-122.23762376237623,21.278756849324253
-122.21782178217823,21.401486050525133
-122.1980198019802,21.516973429470223
-122.17821782178217,21.62514600741673
-122.15841584158417,21.72595342110167
-122.13861386138615,21.819367511147348
-122.11881188118811,21.905381929635702
-122.09900990099011,21.984011764291484
-122.07920792079209,22.05529317653978
-122.05940594059405,22.119283050546336
-122.03960396039605,22.17605865020351
-122.01980198019803,22.22571728088259
-122.0,22.268375952631548
-121.98019801980199,22.304171041351164
-121.96039603960396,22.333257944329755
-121.94059405940594,22.355810726357223
-121.92079207920793,22.3720217524708
-121.9009900990099,22.382101303210323
-121.88118811881188,22.386277168080905
-121.86138613861387,22.384794212739642
-121.84158415841584,22.377913915243905
-121.82178217821782,22.365913866528444
-121.8019801980198,22.349087230123263
-121.78217821782178,22.327742155993562
-121.76237623762376,22.302201143284968
-121.74257425742576,22.27280034670635
-121.72277227722772,22.239888821287547
-121.7029702970297,22.203827700328787
-121.6831683168317,22.164989301523686
-121.66336633663366,22.12375615650757
-121.64356435643563,22.08051995947234
-121.62376237623764,22.035680431014583
-121.60396039603961,21.989644094061394
-121.58415841584157,21.942822959561063
-121.56435643564357,21.895633120645595
-121.54455445544555,21.848493255175285
-121.52475247524751,21.80182303796545
-121.50495049504951,21.7560414655679
-121.48514851485149,21.711565098223286
-121.46534653465346,21.668806225496212
-121.44554455445545,21.62817096412347
-121.42574257425743,21.59005729870851
-121.4059405940594,21.55485307803365
-121.38613861386139,21.522933981877056
-121.36633663366337,21.49466147524863
-121.34653465346534,21.470380768823865
-121.32673267326734,21.450418805980895
-121.3069306930693,21.43508229815626
-121.28712871287128,21.42465583115413
-121.26732673267328,21.419400065505336
-121.24752475247524,21.419550053920112
-121.22772277227722,21.425313698272873
-121.20792079207922,21.43687036737696
-121.1881188118812,21.454369695053906
-121.16831683168316,21.477930575700736
-121.14851485148516,21.50764037175866
-121.12871287128714,21.543554344259675
-121.1089108910891,21.585695314066342
-121.0891089108911,21.6340535576326
-121.06930693069307,21.68858693721857
-121.04950495049505,21.749221261615194
-121.02970297029704,21.815850869697396
-121.00990099009901,21.888339425641597
-120.99009900990099,21.96652091151965
-120.97029702970298,22.0502008002969
-120.95049504950495,22.139157390084257
-120.93069306930693,22.233143278859277
-120.91089108910892,22.331886957798073
-120.89108910891089,22.43509450084053
-120.87128712871286,22.5424513281196
-120.85148514851485,22.653624021376853
-120.83168316831683,22.768262170403304
-120.8118811881188,22.886000230819796
-120.7920792079208,23.006459375071056
-120.77227722772277,23.12924932027998
-120.75247524752474,23.253970118518417
-120.73267326732675,23.380213897033713
-120.7128712871287,23.507566537961814
-120.69306930693068,23.635609289009114
-120.67326732673268,23.76392029845
-120.65346534653466,23.892076069533584
-120.63366336633662,24.019652830993675
-120.61386138613862,24.146227821797527
-120.5940594059406,24.271380489538515
-120.57425742574256,24.394693602976336
-120.55445544554456,24.515754280156308
-120.53465346534654,24.63415493430515
-120.51485148514851,24.749494140314134
-120.4950495049505,24.861377425094624
-120.47524752475248,24.96941798543907
-120.45544554455445,25.07323733725791
-120.43564356435644,25.172465900203658
-120.41584158415841,25.26674352175199
-120.39603960396039,25.355719944799837
-120.37623762376239,25.439055222774176
-120.35643564356435,25.516420086134566
-120.33663366336633,25.587496264007076
-120.31683168316833,25.651976764516217
-120.29702970297029,25.709566117192946
-120.27722772277227,25.759980580636594
-120.25742574257427,25.802948318403086
-120.23762376237624,25.838209545884972
-120.2178217821782,25.86551665074461
-120.19801980198021,25.884634289263165
-120.17821782178218,25.89533946077694
-120.15841584158414,25.89742156219142
-120.13861386138615,25.89068242439214
-120.11881188118812,25.874936332212396
-120.0990099009901,25.850010029470152
-120.07920792079209,25.815742710451307
-120.05940594059406,25.771985999093246
-120.03960396039604,25.7186039170118
-120.01980198019803,25.655472841415058
-120.0,25.58248145386022
-119.98019801980199,25.499530680732992
-119.96039603960395,25.406533626263112
-119.94059405940594,25.303415498834834
-119.92079207920793,25.190113531305883
-119.9009900990099,25.066576896013643
-119.88118811881188,24.93276661512178
-119.86138613861387,24.788655466945745
-119.84158415841584,24.634227888889026
-119.82178217821782,24.469479877627155
-119.8019801980198,24.294418887190474
-119.78217821782178,24.109063725622185
-119.76237623762376,23.91344445092519
-119.74257425742574,23.70760226706011
-119.72277227722772,23.491589420820215
-119.70297029702971,23.26546910048671
-119.68316831683168,23.029315337263498
-119.66336633663366,22.78321291060532
-119.64356435643565,22.52725725869067
-119.62376237623762,22.261554395455093
-119.6039603960396,21.986220835794885
-119.58415841584159,21.701383530783033
-119.56435643564357,21.407179815012995
-119.54455445544554,21.103757368513225
-119.52475247524752,20.79127419606256
-119.50495049504951,20.469898627200493
-119.48514851485147,20.139809340779344
-119.46534653465346,19.801195418569083
-119.44554455445545,19.454256433222884
-119.42574257425743,19.099202576873996
-119.4059405940594,18.736254837797414
-119.38613861386139,18.365645233984225
-119.36633663366337,17.98761711419761
-119.34653465346534,17.60242553918603
-119.32673267326733,17.210337758314754
-119.3069306930693,16.811633800063035
-119.2871287128713,16.40660719877657
-119.26732673267327,15.995565884961358
-119.24752475247524,15.578833272510561
-119.22772277227723,15.15674958389981
-119.20792079207921,14.729673463992416
-119.18811881188118,14.297983945214256
-119.16831683168317,13.862082842199417
-119.14851485148515,13.422397673495324
-119.12871287128714,12.979385232740702
-119.10891089108911,12.533535963427346
-119.0891089108911,12.085379331889337
-119.06930693069307,11.635490445007985
-119.04950495049505,11.18449822533886
-119.02970297029704,10.73309554061125
-119.00990099009901,10.282051790909742
-118.99009900990099,9.832228589341435
-118.97029702970298,9.384599333337665
-118.95049504950495,8.94027365269696
-118.93069306930693,8.500527926500489
-118.91089108910892,8.06684325398935
-118.8910891089109,7.640952375729811
-118.87128712871286,7.224896930504023
-118.85148514851485,6.821095833686959
-118.83168316831684,6.432424001552858
-118.8118811881188,6.0622973518389065
-118.79207920792079,5.714753878482838
-118.77227722772278,5.39451040777636
-118.75247524752476,5.106959965645557
-118.73267326732673,4.858058090580435
-118.71287128712872,4.65403707190617
-118.6930693069307,4.500903138002103
-118.67326732673267,4.403733808023584
-118.65346534653466,4.365900691321032
-118.63366336633663,4.388446148673181
-118.61386138613862,4.469849970624042
-118.5940594059406,4.606286965586839
-118.57425742574257,4.792270624877552
-118.55445544554456,5.021443774439518
-118.53465346534654,5.28728675516699
-118.51485148514851,5.583618861520558
-118.4950495049505,5.904878116269216
-118.47524752475249,6.246226808148951
-118.45544554455445,6.603545676142758
-118.43564356435644,6.973369485998119
-118.41584158415843,7.352799514740055
-118.39603960396039,7.739413388881679
-118.37623762376238,8.13118233978249
-118.35643564356437,8.526399742263598
-118.33663366336634,8.923621509075772
-118.31683168316832,9.321617380241634
-118.2970297029703,9.719331581190263
-118.27722772277228,10.115851245005304
-118.25742574257426,10.510381132193917
-118.23762376237624,10.90222339537215
-118.21782178217822,11.290761358214295
-118.1980198019802,11.67544647880373
-118.17821782178218,12.055787837564617
-118.15841584158416,12.431343628806127
-118.13861386138615,12.801714245912136
-118.11881188118812,13.166536637845535
-118.0990099009901,13.525479683339444
-118.07920792079209,13.87824038282039
-118.05940594059406,14.22454070999189
-118.03960396039604,14.564124997707733
-118.01980198019803,14.896757758338872
-118.0,15.222221858888307
-117.98019801980197,15.540316986876027
-117.96039603960396,15.850858355458318
-117.94059405940595,16.153675606099807
-117.92079207920791,16.448611874951848
-117.9009900990099,16.73552299534446
-117.88118811881189,17.014276813811726
-117.86138613861385,17.28475260110326
-117.84158415841584,17.546840542893367
-117.82178217821783,17.800441297541997
-117.8019801980198,18.04546561041461
-117.78217821782178,18.281833976026714
-117.76237623762377,18.509476340723594
-117.74257425742574,18.728331839794215
-117.72277227722772,18.938348563901894
-117.70297029702971,19.139483350529755
-117.68316831683168,19.331701596818167
-117.66336633663367,19.51497709073813
-117.64356435643565,19.689291858020702
-117.62376237623762,19.854636022661296
-117.60396039603961,20.011007679155384
-117.58415841584159,20.15841277490666
-117.56435643564356,20.296865001490637
-117.54455445544555,20.426385693661715
-117.52475247524754,20.54700373516701
-117.5049504950495,20.65875547057928
-117.48514851485149,20.761684622488712
-117.46534653465348,20.855842213502655
-117.44554455445544,20.94128649259506
-117.42574257425743,21.018082865427385
-117.40594059405942,21.08630382832972
-117.38613861386139,21.146028905688947
-117.36633663366337,21.19734459053809
-117.34653465346535,21.2403442881814
-117.32673267326733,21.275128262722102
-117.3069306930693,21.301803586385265
-117.2871287128713,21.3204840915481
-117.26732673267327,21.331290325402435
-117.24752475247524,21.334349507182775
-117.22772277227723,21.329795487894135
-117.20792079207921,21.317768712470674
-117.1881188118812,21.298416184286193
-117.16831683168317,21.27189143192189
-117.14851485148515,21.238354478075458
-117.12871287128714,21.197971810466765
-117.10891089108911,21.150916354560536
-117.08910891089108,21.09736744788415
-117.06930693069307,21.0375108156678
-117.04950495049505,20.971538547476026
-117.02970297029702,20.89964907443154
-117.00990099009901,20.822047146554944
-116.990099009901,20.738943809655858
-116.97029702970296,20.650556381112267
-116.95049504950495,20.557108423763967
-116.93069306930694,20.458829717023093
-116.9108910891089,20.355956224168455
-116.89108910891089,20.24873005464096
-116.87128712871288,20.137399419994118
-116.85148514851485,20.022218581976258
-116.83168316831683,19.90344779103062
-116.81188118811882,19.7813532132949
-116.79207920792079,19.656206843966157
-116.77227722772277,19.528286404669696
-116.75247524752476,19.397875222235633
-116.73267326732673,19.265262086045738
-116.71287128712872,19.130741080871246
-116.6930693069307,18.994611391883232
-116.67326732673267,18.857177078288274
-116.65346534653466,18.718746811829853
-116.63366336633663,18.57963357621002
-116.61386138613861,18.44015432333681
-116.5940594059406,18.300629582201278
-116.57425742574259,18.161383016149912
-116.55445544554455,18.022740924355386
-116.53465346534654,17.885031683420014
-116.51485148514853,17.748585125286443
-116.49504950495049,17.613731847997794
-116.47524752475248,17.48080245636018
-116.45544554455446,17.350126730230496
-116.43564356435644,17.222032718994864
-116.41584158415841,17.096845761826444
-116.3960396039604,16.974887434522536
-116.37623762376238,16.85647442511651
-116.35643564356435,16.74191734203124
-116.33663366336634,16.63151946027058
-116.31683168316832,16.525575413002873
-116.29702970297029,16.424369837838185
-116.27722772277228,16.32817598908702
-116.25742574257426,16.237254329251453
-116.23762376237624,16.151851114869146
-116.21782178217822,16.07219699352756
-116.1980198019802,15.998505630308891
-116.17821782178218,15.930972383030063
-116.15841584158416,15.869773046332185
-116.13861386138613,15.815062684875839
-116.11881188118812,15.766974575564005
-116.0990099009901,15.725619277802087
-116.07920792079207,15.691083849309347
-116.05940594059406,15.66343122292844
-116.03960396039605,15.642699757286307
-116.01980198019801,15.62890297110955
-116.0,15.622029467586218
-115.98019801980199,15.622043051509884
-115.96039603960395,15.628883038170724
-115.94059405940594,15.64246474920896
-115.92079207920793,15.662680187055358
-115.9009900990099,15.68939887627826
-115.88118811881188,15.722468857249396
-115.86138613861387,15.76171781512164
-115.84158415841584,15.80695432524502
-115.82178217821782,15.857969194869366
-115.8019801980198,15.914536880301918
-115.78217821782178,15.97641695858608
-115.76237623762377,16.04335563320372
-115.74257425742574,16.11508725421549
-115.72277227722772,16.19133583456849
-115.70297029702971,16.271816545934637
-115.68316831683168,16.35623717930986
-115.66336633663366,16.444299557620347
-115.64356435643565,16.535700889666014
-115.62376237623764,16.630135056813597
-115.6039603960396,16.727293825870476
-115.58415841584159,16.826867983476934
-115.56435643564357,16.928548389110066
-115.54455445544554,17.032026945372223
-115.52475247524752,17.136997485623667
-115.50495049504951,17.24315658020692
-115.48514851485149,17.350204263500054
-115.46534653465346,17.45784468483535
-115.44554455445545,17.56578668693983
-115.42574257425743,17.67374431601148
-115.4059405940594,17.781437267855175
-115.38613861386139,17.888591274685957
-115.36633663366337,17.994938437280293
-115.34653465346534,18.10021750713863
-115.32673267326733,18.204174123229798
-115.3069306930693,18.306561007736498
-115.2871287128713,18.407138125024424
-115.26732673267327,18.50567280782806
-115.24752475247524,18.601939854394228
-115.22772277227723,18.695721600059294
-115.20792079207921,18.786807966464718
-115.18811881188118,18.874996491344817
-115.16831683168317,18.960092341553914
-115.14851485148515,19.041908311743196
-115.12871287128712,19.120264810850674
-115.10891089108911,19.194989838335314
-115.0891089108911,19.265918951867523
-115.06930693069306,19.332895227985357
-115.04950495049505,19.39576921703801
-115.02970297029704,19.454398893566037
-115.009900990099,19.508649603110804
-114.99009900990099,19.55839400630292
-114.97029702970298,19.603512020950895
-114.95049504950495,19.64389076273579
-114.93069306930693,19.67942448501391
-114.91089108910892,19.71001451813775
-114.89108910891089,19.735569208623982
-114.87128712871286,19.75600385842481
-114.85148514851485,19.771240664496304
-114.83168316831683,19.781208658801564
-114.81188118811882,19.78584364883872
-114.79207920792079,19.785088158741846
-114.77227722772277,19.778891370967628
-114.75247524752476,19.767209068548834
-114.73267326732673,19.750003577870984
-114.7128712871287,19.727243711905537
-114.6930693069307,19.698904713815327
-114.67326732673268,19.66496820083254
-114.65346534653465,19.625422108297602
-114.63366336633663,19.58026063373702
-114.61386138613862,19.529484180851426
-114.59405940594058,19.47309930327823
-114.57425742574257,19.411118647990186
-114.55445544554456,19.343560898187512
-114.53465346534654,19.270450715540157
-114.51485148514851,19.19181868163564
-114.4950495049505,19.10770123848843
-114.47524752475248,19.018140627967114
-114.45544554455445,18.92318482999725
-114.43564356435644,18.822887499398867
-114.41584158415841,18.71730790121969
-114.39603960396039,18.60651084442676
-114.37623762376238,18.490566613821052
-114.35643564356435,18.369550900041293
-114.33663366336634,18.24354472752438
-114.31683168316832,18.112634380291233
-114.29702970297029,17.976911325427004
-114.27722772277228,17.83647213412475
-114.25742574257426,17.69141840016076
-114.23762376237623,17.541856655668123
-114.21782178217822,17.38789828407252
-114.1980198019802,17.229659430050482
-114.17821782178217,17.06726090636514
-114.15841584158416,16.900828097428473
-114.13861386138615,16.730490859430525
-114.11881188118811,16.55638341686671
-114.0990099009901,16.37864425528224
-114.07920792079209,16.197416010038776
-114.05940594059405,16.01284535089234
-114.03960396039604,15.82508286215203
-114.01980198019803,15.634282918167855
-114.00000000000001,15.440603553870572
-113.98019801980197,15.24420633005811
-113.96039603960396,15.045256193091639
-113.94059405940595,14.843921328627728
-113.92079207920791,14.640373008973688
-113.9009900990099,14.434785433608413
-113.88118811881189,14.227335562362018
-113.86138613861387,14.018202940694088
-113.84158415841584,13.807569516451426
-113.82178217821783,13.595619447423063
-113.8019801980198,13.382538898941714
-113.78217821782178,13.16851583070853
-113.76237623762377,12.953739771940759
-113.74257425742574,12.73840158386192
-113.72277227722773,12.522693208471068
-113.70297029702971,12.306807402443726
-113.68316831683168,12.090937454933329
-113.66336633663367,11.875276887960744
-113.64356435643565,11.660019138003717
-113.62376237623762,11.445357217330526
-113.60396039603961,11.231483353567558
-113.58415841584159,11.018588605953424
-113.56435643564356,10.806862456718173
-113.54455445544555,10.596492376042525
-113.52475247524754,10.387663359105552
-113.5049504950495,10.180557433829406
-113.48514851485149,9.975353138085149
-113.46534653465348,9.772224965345313
-113.44554455445544,9.571342778066926
-113.42574257425743,9.37287118847412
-113.40594059405942,9.176968906892972
-113.38613861386139,8.983788058381712
-113.36633663366337,8.793473469105871
-113.34653465346535,8.606161924734021
-113.32673267326733,8.421981404077723
-113.3069306930693,8.24105029226531
-113.2871287128713,8.06347657891292
-113.26732673267327,7.889357048020542
-113.24752475247524,7.718776467649698
-113.22772277227723,7.551806788797524
-113.20792079207921,7.388506364223857
-113.1881188118812,7.228919199259167
-113.16831683168317,7.0730742477587825
-113.14851485148515,6.920984767302632
-113.12871287128714,6.772647748397766
-113.10891089108911,6.628043432749016
-113.08910891089108,6.487134935555678
-113.06930693069307,6.349867986211371
-113.04950495049506,6.216170800691156
-113.02970297029702,6.08595409728634
-113.00990099009901,5.959111265201992
-112.990099009901,5.835518692904033
-112.97029702970296,5.71503626006087
-112.95049504950495,5.597507993568146
-112.93069306930694,5.48276288459978
-112.91089108910892,5.370615860037747
-112.89108910891089,5.260868898152298
-112.87128712871288,5.153312275190766
-112.85148514851485,5.047725926733279
-112.83168316831683,4.943880905416349
-112.81188118811882,4.841540915012907
-112.79207920792079,4.740463899957507
-112.77227722772278,4.640403669253973
-112.75247524752476,4.541111534296721
-112.73267326732673,4.44233794144733
-112.71287128712872,4.343834082177185
-112.6930693069307,4.245353466146701
-112.67326732673267,4.146653445667691
-112.65346534653466,4.04749668352271
-112.63366336633663,3.9476525600526315
-112.61386138613861,3.8468985197649506
-112.5940594059406,3.7450213625118587
-112.57425742574259,3.6418184896647117
-112.55445544554455,3.5370991219010968
-112.53465346534654,3.430685512600287
-112.51485148514853,3.322414189996006
-112.49504950495049,3.212137273048432
-112.47524752475248,3.0997239218067834
-112.45544554455446,2.985062004865957
-112.43564356435644,2.8680600974784674
-112.41584158415841,2.7486499687847075
-112.3960396039604,2.626789783069338
-112.37623762376238,2.5024683401253602
-112.35643564356435,2.375710833594025
-112.33663366336634,2.246586846557076
-112.31683168316832,2.115221686412536
-112.29702970297029,1.981812781687152
-112.27722772277228,1.8466538875897602
-112.25742574257426,1.710171563440889
-112.23762376237624,1.572981291375381
-112.21782178217822,1.4359755231563052
-112.1980198019802,1.3004640519123747
-112.17821782178218,1.1683993523521754
-112.15841584158416,1.042733131434414
-112.13861386138613,0.9279448145863304
-112.11881188118812,0.8306786294309018
-112.09900990099011,0.7600293310504226
-112.07920792079207,0.7262532251352142
-112.05940594059406,0.736822059601483
-112.03960396039605,0.7921288416027914
-112.01980198019801,0.88571656106311
-112.0,1.008593426262071
-111.98019801980199,1.1527946939486493
-111.96039603960396,1.3124614525510143
-111.94059405940594,1.4835784466471311
-111.92079207920793,1.6634304673328832
-111.9009900990099,1.850153616881368
-111.88118811881188,2.0424309735924435
-111.86138613861387,2.2392986108143127
-111.84158415841584,2.440023642496538
-111.82178217821783,2.6440270527892187
-111.8019801980198,2.8508341235188963
-111.78217821782178,3.0600420033922924
-111.76237623762377,3.271298088201376
-111.74257425742574,3.4842853451062443
-111.72277227722772,3.698712183378795
-111.70297029702971,3.914305358683924
-111.68316831683168,4.130804938558088
-111.66336633663366,4.347960692694958
-111.64356435643565,4.565529484133009
-111.62376237623764,4.783273374206334
-111.6039603960396,5.000958243657348
-111.58415841584159,5.218352791887102
-111.56435643564357,5.435227816576882
-111.54455445544554,5.651355703516562
-111.52475247524752,5.866510075661589
-111.50495049504951,6.080465563949549
-111.48514851485149,6.292997672035299
-111.46534653465346,6.50388271404438
-111.44554455445545,6.712897809501277
-111.42574257425743,6.9198209233114545
-111.4059405940594,7.124430941441566
-111.38613861386139,7.326507775016068
-111.36633663366337,7.525832487116283
-111.34653465346534,7.722187437763468
-111.32673267326733,7.915356443485456
-111.3069306930693,8.10512494857737
-111.2871287128713,8.291280205720826
-111.26732673267327,8.473611464061035
-111.24752475247524,8.651910163185159
-111.22772277227723,8.82597013171912
-111.20792079207921,8.995587789479806
-111.18811881188118,9.160562352297255
-111.16831683168317,9.32069603876631
-111.14851485148516,9.475794278306438
-111.12871287128712,9.625665920007874
-111.10891089108911,9.77012344182553
-111.0891089108911,9.908983159754069
-111.06930693069306,10.042065436679188
-111.04950495049505,10.169194890655488
-111.02970297029704,10.290200602410863
-111.00990099009901,10.404916321923379
-110.99009900990099,10.513180673960282
-110.97029702970298,10.614837362511023
-110.95049504950495,10.709735374088575
-110.93069306930693,10.79772917991603
-110.91089108910892,10.878678937060334
-110.89108910891089,10.95245068862242
-110.87128712871288,11.018916563143723
-110.85148514851485,11.077954973445115
-110.83168316831683,11.129450815175387
-110.81188118811882,11.173295665415196
-110.79207920792079,11.209387981759273
-110.77227722772277,11.237633302386758
-110.75247524752476,11.257944447728793
-110.73267326732673,11.27024172445562
-110.7128712871287,11.274453132635923
-110.6930693069307,11.27051457707091
-110.67326732673268,11.258370083979864
-110.65346534653465,11.237972024415186
-110.63366336633663,11.209281346020527
-110.61386138613862,11.17226781502018
-110.59405940594058,11.126910270650036
-110.57425742574257,11.073196894619414
-110.55445544554456,11.011125498639442
-110.53465346534654,10.940703833582178
-110.51485148514851,10.861949924460976
-110.4950495049505,10.774892436168036
-110.47524752475248,10.67957107579359
-110.45544554455445,10.57603703841504
-110.43564356435644,10.464353504519371
-110.41584158415841,10.344596198756792
-110.39603960396039,10.216854021573948
-110.37623762376238,10.081229767513333
-110.35643564356435,9.93784094667848
-110.33663366336634,9.786820729162455
-110.31683168316832,9.628319036253156
-110.29702970297029,9.462503807130169
-110.27722772277228,9.289562475758471
-110.25742574257426,9.109703700014597
-110.23762376237623,8.923159394055343
-110.21782178217822,8.730187125924084
-110.19801980198021,8.531072955815997
-110.17821782178217,8.32613480678882
-110.15841584158416,8.115726479554615
-110.13861386138615,7.90024244687641
-110.11881188118811,7.680123591499036
-110.0990099009901,7.455864084700994
-110.07920792079209,7.228019640150588
-110.05940594059406,6.997217418388677
-110.03960396039604,6.764167897553666
-110.01980198019803,6.529679059021362
-110.0,6.294673249644585
-109.98019801980197,6.060207052784858
-109.96039603960396,5.827494390771413
-109.94059405940594,5.597932831847082
-109.92079207920793,5.37313259449109
-109.9009900990099,5.154946904378374
-109.88118811881188,4.94550100694456
-109.86138613861387,4.747215120509359
-109.84158415841584,4.56281388523823
-109.82178217821782,4.395311681552192
-109.8019801980198,4.247960435320591
-109.78217821782178,4.124146006532608
-109.76237623762376,4.027223674576587
-109.74257425742574,3.960295156337959
-109.72277227722773,3.925949041533648
-109.7029702970297,3.9260081088042793
-109.68316831683168,3.961339688003944
-109.66336633663367,4.031778033969621
-109.64356435643563,4.1361789062224
-109.62376237623762,4.272588329137835
-109.60396039603961,4.4384785519620005
-109.58415841584159,4.630996464969879
-109.56435643564356,4.847181465157368
-109.54455445544555,5.084130289900976
-109.52475247524752,5.339105042506731
-109.5049504950495,5.609592310112695
-109.48514851485149,5.8933258584244
-109.46534653465346,6.1882852433854865
-109.44554455445544,6.492680325933204
-109.42574257425743,6.80492882173629
-109.4059405940594,7.123631511811464
-109.38613861386139,7.447547853313048
-109.36633663366337,7.775573441951285
-109.34653465346534,8.106719961962359
-109.32673267326733,8.440097777799195
-109.3069306930693,8.774901059167098
-109.28712871287128,9.110395204415198
-109.26732673267327,9.445906280568321
-109.24752475247526,9.78081219571727
-109.22772277227722,10.114535339281977
-109.20792079207921,10.446536455064312
-109.1881188118812,10.776309543904786
-109.16831683168316,11.103377623435938
-109.14851485148515,11.42728920015946
-109.12871287128714,11.747615333250332
-109.10891089108911,12.063947190092575
-109.08910891089108,12.375894010846249
-109.06930693069307,12.683081413727004
-109.04950495049505,12.985149984563419
-109.02970297029702,13.281754103979049
-109.00990099009901,13.572560973581126
-108.990099009901,13.857249809131504
-108.97029702970298,14.135511174086725
-108.95049504950495,14.407046431337694
-108.93069306930694,14.671567294634526
-108.91089108910892,14.928795464190824
-108.89108910891089,15.178462333446168
-108.87128712871288,15.420308756019237
-108.85148514851485,15.654084863587295
-108.83168316831683,15.879549926842358
-108.81188118811882,16.096472252854035
-108.79207920792079,16.304629113153975
-108.77227722772278,16.50380669768215
-108.75247524752476,16.693800090428812
-108.73267326732673,16.874413263189968
-108.71287128712872,17.045459084348504
-108.6930693069307,17.206759340011075
-108.67326732673267,17.358144765187397
-108.65346534653466,17.49945508300186
-108.63366336633663,17.630539050187487
-108.61386138613861,17.751254507335638
-108.5940594059406,17.861468432567502
-108.57425742574259,17.96105699745981
-108.55445544554455,18.049905624203
-108.53465346534654,18.127909043095762
-108.51485148514853,18.194971349592496
-108.49504950495049,18.251006060217613
-108.47524752475248,18.29593616674862
-108.45544554455446,18.329694188148867
-108.43564356435644,18.352222219801043
-108.41584158415841,18.363471979658158
-108.3960396039604,18.363404850988033
-108.37623762376238,18.35199192144386
-108.35643564356435,18.329214018245903
-108.33663366336634,18.29506173931074
-108.31683168316832,18.24953548021413
-108.2970297029703,18.192645456923096
-108.27722772277228,18.124411724282695
-108.25742574257426,18.044864190294625
-108.23762376237624,17.954042626277985
-108.21782178217822,17.851996673060473
-108.1980198019802,17.738785843408795
-108.17821782178218,17.614479520975905
-108.15841584158417,17.4791569561161
-108.13861386138613,17.332907259004326
-108.11881188118812,17.175829390590643
-108.09900990099011,17.008032152030143
-108.07920792079207,16.829634173355256
-108.05940594059406,16.640763902304077
-108.03960396039605,16.44155959439099
-108.01980198019803,16.232169305509792
-108.0,16.012750888601307
-107.98019801980199,15.783471996207119
-107.96039603960396,15.544510091078575
-107.94059405940594,15.29605246743036
-107.92079207920793,15.038296285937976
-107.9009900990099,14.771448626201742
-107.88118811881188,14.495726561163966
-107.86138613861387,14.211357258909102
-107.84158415841584,13.918578118446439
-107.82178217821783,13.617636947532755
-107.8019801980198,13.308792192421237
-107.78217821782178,12.992313231728154
-107.76237623762377,12.668480749533087
-107.74257425742574,12.337587206560151
-107.72277227722772,11.99993743307901
-107.70297029702971,11.65584937335749
-107.68316831683168,11.30565501955531
-107.66336633663366,10.949701583507782
-107.64356435643565,10.588352968782713
-107.62376237623764,10.221991623925085
-107.6039603960396,9.851020882634984
-107.58415841584159,9.475867930163366
-107.56435643564357,9.09698758087909
-107.54455445544554,8.714867114653638
-107.52475247524752,8.33003250647782
-107.50495049504951,7.94305650476726
-107.48514851485149,7.5545691839274305
-107.46534653465346,7.165271837398332
-107.44554455445545,6.775955419518713
-107.42574257425743,6.3875252320580085
-107.4059405940594,6.001034244482308
-107.38613861386139,5.617728413220149
-107.36633663366337,5.239108708038324
-107.34653465346535,4.867016309614078
-107.32673267326733,4.503749489753756
-107.3069306930693,4.152222389124752
-107.2871287128713,3.81617529263815
-107.26732673267327,3.5004380069101777
-107.24752475247524,3.2112214539833603
-107.22772277227723,2.9563481631615627
-107.20792079207922,2.7452111577841114
-107.18811881188118,2.588102813474144
-107.16831683168317,2.4945622651867234
-107.14851485148516,2.470884238633601
-107.12871287128712,2.5178932682220854
-107.10891089108911,2.6304896447390043
-107.0891089108911,2.799338945026573
-107.06930693069307,3.0134903284872445
-107.04950495049505,3.2624775720130184
-107.02970297029704,3.5373701820746652
-107.00990099009901,3.831005232051395
-106.99009900990099,4.137807028304146
-106.97029702970298,4.453478604196623
-106.95049504950495,4.774700861714115
-106.93069306930693,5.098885015440055
-106.91089108910892,5.423983377946726
-106.89108910891089,5.748349580676254
-106.87128712871288,6.070636781682386
-106.85148514851485,6.389723805170239
-106.83168316831683,6.704661422211423
-106.81188118811882,7.014633057247474
-106.79207920792079,7.318925830531402
-106.77227722772277,7.616909039007997
-106.75247524752476,7.908018026637311
-106.73267326732673,8.19174199104777
-106.7128712871287,8.467614690205746
-106.6930693069307,8.735207304704204
-106.67326732673268,8.994122916629333
-106.65346534653465,9.243992211339897
-106.63366336633663,9.484470112171332
-106.61386138613862,9.715233132609137
-106.59405940594058,9.935977284502025
-106.57425742574257,10.146416420377252
-106.55445544554456,10.346280917029333
-106.53465346534654,10.53531662918862
-106.51485148514851,10.713284058286655
-106.4950495049505,10.879957693580714
-106.47524752475248,11.035125492222722
-106.45544554455445,11.178588472014201
-106.43564356435644,11.310160396125298
-106.41584158415841,11.429667533377565
-106.3960396039604,11.536948481092525
-106.37623762376238,11.631854040215469
-106.35643564356435,11.714247134601711
-106.33663366336634,11.78400276813048
-106.31683168316832,11.8410080147856
-106.29702970297029,11.885162038090673
-106.27722772277228,11.916376137370946
-106.25742574257427,11.934573819284003
-106.23762376237623,11.93969089396155
-106.21782178217822,11.93167559597177
-106.19801980198021,11.910488731183213
-106.17821782178217,11.876103851522522
-106.15841584158416,11.82850746060756
-106.13861386138615,11.767699254347487
-106.11881188118812,11.693692401881215
-106.0990099009901,11.606513873735414
-106.07920792079209,11.50620482589677
-106.05940594059406,11.39282105070381
-106.03960396039604,11.266433508191708
-106.01980198019803,11.127128954924185
-106.0,10.975010691624218
-105.98019801980197,10.810199456339797
-105.96039603960396,10.632834496812052
-105.94059405940594,10.443074864632553
-105.92079207920793,10.241100985339026
-105.9009900990099,10.02711657369036
-105.88118811881188,9.80135098320297
-105.86138613861387,9.564062105299211
-105.84158415841584,9.315539968450528
-105.82178217821782,9.056111234751326
-105.8019801980198,8.786144855013168
-105.78217821782178,8.506059230181634
-105.76237623762376,8.216331345786392
-105.74257425742574,7.91750851017249
-105.72277227722773,7.610223554674716
-105.7029702970297,7.295214670193994
-105.68316831683168,6.973351494769225
-105.66336633663367,6.645669676780715
-105.64356435643563,6.31341697439113
-105.62376237623762,5.9781150697212935
-105.60396039603961,5.641642698686161
-105.58415841584159,5.3063473234912735
-105.56435643564356,4.975193961324479
-105.54455445544555,4.651959656882264
-105.52475247524752,4.341477369364714
-105.5049504950495,4.04991723582915
-105.48514851485149,3.785054809203959
-105.46534653465346,3.556401139681665
-105.44554455445545,3.374960727604378
-105.42574257425743,3.2523075788836096
-105.4059405940594,3.1988068209437865
-105.38613861386139,3.221334442325987
-105.36633663366337,3.3215187792594
-105.34653465346534,3.4955534086793443
-105.32673267326733,3.7356609270730154
-105.30693069306932,4.032253179541263
-105.28712871287128,4.375743922572723
-105.26732673267327,4.757583425144407
-105.24752475247526,5.170621913414031
-105.22772277227722,5.609080351520083
-105.20792079207921,6.068355871205882
-105.1881188118812,6.544790922206105
-105.16831683168317,7.035462834509104
-105.14851485148515,7.538011294672818
-105.12871287128714,8.050503931743927
-105.10891089108911,8.571334188961345
-105.08910891089108,9.099144594771248
-105.06930693069307,9.632769310423745
-105.04950495049505,10.171191057812347
-105.02970297029702,10.713508700725344
-105.00990099009901,11.25891271092164
-104.99009900990099,11.806666485225458
-104.97029702970298,12.356092025229145
-104.95049504950495,12.90655888960333
-104.93069306930693,13.457475618071575
-104.91089108910892,14.008283035524286
-104.89108910891089,14.558448996746973
-104.87128712871286,15.107464242997219
-104.85148514851485,15.654839122791358
-104.83168316831683,16.200100989041715
-104.8118811881188,16.742792129018767
-104.79207920792079,17.28246811671137
-104.77227722772278,17.818696502036893
-104.75247524752474,18.351055770179425
-104.73267326732673,18.879134518676015
-104.71287128712872,19.402530810867987
-104.69306930693068,19.9208516728203
-104.67326732673267,20.433712707401405
-104.65346534653466,20.94073780436336
-104.63366336633663,21.441558929306222
-104.61386138613861,21.935815977606552
-104.5940594059406,22.423156681928837
-104.57425742574257,22.90323656396639
-104.55445544554455,23.375718922686385
-104.53465346534654,23.84027485266706
-104.51485148514851,24.296583287179658
-104.4950495049505,24.744331061535267
-104.47524752475248,25.183212992925963
-104.45544554455445,25.612931973573076
-104.43564356435644,26.033199074476652
-104.41584158415841,26.443733657459518
-104.39603960396039,26.844263493531333
-104.37623762376238,27.23452488587655
-104.35643564356437,27.614262796002514
-104.33663366336633,27.983230971782028
-104.31683168316832,28.341192076290042
-104.2970297029703,28.687917816476823
-104.27722772277227,29.023189070840747
-104.25742574257426,29.346796015367676
-104.23762376237624,29.658538247093826
-104.21782178217822,29.958224904726418
-104.1980198019802,30.245674785824452
-104.17821782178218,30.52071646010058
-104.15841584158416,30.783188378457872
-104.13861386138613,31.032938977420837
-104.11881188118812,31.26982677866157
-104.0990099009901,31.49372048335849
-104.07920792079207,31.704499061158455
-104.05940594059406,31.902051833543027
-104.03960396039604,32.08627855142751
-104.01980198019803,32.2570894668464
-104.0,32.4144053986024
-103.98019801980197,32.558157791778356
-103.96039603960396,32.688288771031736
-103.94059405940594,32.804751187610734
-103.92079207920791,32.907508660050155
-103.9009900990099,32.99653560852201
-103.88118811881188,33.071817282834274
-103.86138613861387,33.13334978408662
-103.84158415841584,33.18114008000917
-103.82178217821783,33.21520601402605
-103.8019801980198,33.23557630810103
-103.78217821782178,33.24229055943886
-103.76237623762377,33.235399231131055
-103.74257425742574,33.21496363685087
-103.72277227722772,33.181055919717814
-103.70297029702971,33.13375902546826
-103.6831683168317,33.0731666700843
-103.66336633663366,32.99938330204988
-103.64356435643565,32.91252405941978
-103.62376237623764,32.81271472190334
-103.6039603960396,32.70009165818343
-103.58415841584159,32.57480176870726
-103.56435643564357,32.437002424205104
-103.54455445544555,32.28686140021067
-103.52475247524752,32.124556807876054
-103.50495049504951,31.950277021393845
-103.48514851485149,31.764220602357938
-103.46534653465346,31.56659622141558
-103.44554455445545,31.35762257758295
-103.42574257425743,31.137528315617324
-103.40594059405942,30.906551941859785
-103.38613861386139,30.66494173898258
-103.36633663366337,30.41295568009602
-103.34653465346535,30.150861342689144
-103.32673267326733,29.878935822897706
-103.3069306930693,29.59746565061016
-103.2871287128713,29.306746705938306
-103.26732673267327,29.007084137592315
-103.24752475247524,28.69879228370993
-103.22772277227723,28.38219459569487
-103.20792079207922,28.05762356561994
-103.18811881188118,27.725420657742948
-103.16831683168317,27.385936244668233
-103.14851485148516,27.039529548659743
-103.12871287128712,26.686568588571443
-103.10891089108911,26.32743013280431
-103.0891089108911,25.962499658622196
-103.06930693069307,25.592171318057083
-103.04950495049505,25.216847910503628
-103.02970297029704,24.83694086193481
-103.00990099009901,24.45287021046177
-102.99009900990099,24.06506459769868
-102.97029702970298,23.67396126507249
-102.95049504950495,23.28000605382355
-102.93069306930693,22.883653406965482
-102.91089108910892,22.48536637089699
-102.89108910891089,22.08561659366838
-102.87128712871288,21.6848843160851
-102.85148514851485,21.283658350860357
-102.83168316831683,20.882436043890266
-102.81188118811882,20.481723210398343
-102.79207920792079,20.082034037163005
-102.77227722772277,19.68389094028579
-102.75247524752476,19.28782436596819
-102.73267326732675,18.894372519535594
-102.7128712871287,18.5040810054855
-102.6930693069307,18.117502358664616
-102.67326732673268,17.735195443839178
-102.65346534653465,17.35772469798492
-102.63366336633663,16.98565918669477
-102.61386138613862,16.619571443332937
-102.5940594059406,16.260036057157244
-102.57425742574257,15.907627974850255
-102.55445544554456,15.562920479071867
-102.53465346534654,15.226482808167258
-102.51485148514851,14.898877383488196
-102.4950495049505,14.580656615411453
-102.47524752475248,14.272359266578698
-102.45544554455446,13.974506361617586
-102.43564356435644,13.687596647019156
-102.41584158415841,13.41210162314922
-102.3960396039604,13.148460192494268
-102.37623762376238,12.897072993746175
-102.35643564356435,12.658296519310259
-102.33663366336634,12.432437142850121
-102.31683168316832,12.219745211598868
-102.29702970297029,12.020409382948884
-102.27722772277228,11.834551403559177
-102.25742574257427,11.662221539135023
-102.23762376237623,11.503394861689348
-102.21782178217822,11.357968586736252
-102.19801980198021,11.225760624802222
-102.17821782178217,11.106509470520976
-102.15841584158416,10.999875500503633
-102.13861386138615,10.90544369160169
-102.11881188118812,10.822727708585276
-102.0990099009901,10.75117524964205
-102.07920792079209,10.690174484353122
-102.05940594059406,10.639061376098352
-102.03960396039604,10.59712765213418
-102.01980198019803,10.56362917129713
-102.0,10.537794441249039
-101.98019801980197,10.518833052806398
-101.96039603960396,10.50594382552199
-101.94059405940594,10.498322493017337
-101.92079207920793,10.495168795132626
-101.9009900990099,10.495692883523068
-101.88118811881188,10.499120985158667
-101.86138613861387,10.504700302228603
-101.84158415841584,10.511703155889943
-101.82178217821782,10.519430404486815
-101.8019801980198,10.527214184228274
-101.7821782178218,10.53442003220372
-101.76237623762376,10.540448458673472
-101.74257425742574,10.544736038592351
-101.72277227722773,10.54675609214746
-101.7029702970297,10.546019021529023
-101.68316831683168,10.542072366939003
-101.66336633663367,10.534500639598278
-101.64356435643565,10.522924983748336
-101.62376237623762,10.507002713749966
-101.60396039603961,10.486426766647648
-101.58415841584159,10.46092510519491
-101.56435643564356,10.43026010145005
-101.54455445544555,10.394227926722987
-101.52475247524752,10.352657969909373
-101.50495049504951,10.305412303083775
-101.48514851485149,10.252385210612008
-101.46534653465346,10.193502795943512
-101.44554455445545,10.12872267860686
-101.42574257425743,10.058033792698492
-101.4059405940594,9.98145629726378
-101.38613861386139,9.89904160835558
-101.36633663366337,9.810872562144176
-101.34653465346534,9.717063718164136
-101.32673267326733,9.617761811523268
-101.30693069306932,9.513146362554922
-101.28712871287128,9.40343045183016
-101.26732673267327,9.288861667490675
-101.24752475247526,9.169723230301098
-101.22772277227722,9.04633529938094
-101.20792079207921,8.919056457921048
-101.1881188118812,8.78828537289447
-101.16831683168317,8.654462615317678
-101.14851485148515,8.51807261738425
-101.12871287128714,8.37964572905385
-101.10891089108911,8.239760318629783
-101.08910891089108,8.09904483865533
-101.06930693069307,7.958179749320359
-101.04950495049505,7.81789915592572
-101.02970297029702,7.678991974697754
-101.00990099009901,7.54230239308612
-100.99009900990099,7.408729338615578
-100.97029702970298,7.279224618266263
-100.95049504950495,7.154789344589236
-100.93069306930693,7.036468234691557
-100.91089108910892,6.92534136637511
-100.89108910891089,6.82251301720807
-100.87128712871286,6.729097313132648
-100.85148514851485,6.646200586962726
-100.83168316831684,6.574900600148846
-100.8118811881188,6.516223106731641
-100.79207920792079,6.471116611220773
-100.77227722772278,6.440426545994536
-100.75247524752474,6.424870404604629
-100.73267326732673,6.425015543630346
-100.71287128712872,6.4412613458929755
-100.6930693069307,6.473827190056099
-100.67326732673267,6.522747209087298
-100.65346534653466,6.5878722046511236
-100.63366336633663,6.668878415260687
-100.61386138613861,6.7652822247486935
-100.5940594059406,6.876459440230642
-100.57425742574257,7.001667522472145
-100.55445544554456,7.140069125677723
-100.53465346534654,7.290755464856527
-100.51485148514851,7.4527683170184496
-100.4950495049505,7.625119809731143
-100.47524752475248,7.806809497342635
-100.45544554455445,7.996838528998504
-100.43564356435644,8.194220950518835
-100.41584158415841,8.397992348147971
-100.39603960396039,8.607216141816851
-100.37623762376238,8.8209878809747
-100.35643564356437,9.038437901484498
-100.33663366336633,9.258732681012741
-100.31683168316832,9.481075193992229
-100.2970297029703,9.70470452404696
-100.27722772277227,9.928894947557122
-100.25742574257426,10.15295466043243
-100.23762376237624,10.376224283116388
-100.21782178217822,10.59807524716519
-100.1980198019802,10.81790814048889
-100.17821782178218,11.035151067131762
-100.15841584158416,11.249258060705762
-100.13861386138613,11.459707577606276
-100.11881188118812,11.666001086270933
-100.0990099009901,11.867661761389206
-100.07920792079207,12.064233286607346
-100.05940594059406,12.255278765460316
-100.03960396039604,12.440379737638525
-100.01980198019803,12.61913529597282
-100.0,12.79116129846721
-99.98019801980197,12.956089669147307
-99.96039603960396,13.113567781286706
-99.94059405940594,13.26325791661916
-99.92079207920791,13.404836794363659
-99.9009900990099,13.53799516422505
-99.88118811881189,13.662437457942174
-99.86138613861385,13.777881494409057
-99.84158415841584,13.884058233871643
-99.82178217821783,13.980711577188755
-99.80198019801979,14.067598206633773
-99.78217821782178,14.144487465197033
-99.76237623762377,14.21116127182824
-99.74257425742574,14.267414070533293
-99.72277227722772,14.313052811714037
-99.70297029702971,14.347896964617512
-99.68316831683168,14.371778560248998
-99.66336633663366,14.38454226460878
-99.64356435643565,14.386045482644606
-99.62376237623762,14.376158493882373
-99.60396039603961,14.35476462131898
-99.58415841584159,14.321760435849418
-99.56435643564356,14.277055999274841
-99.54455445544555,14.220575149820794
-99.52475247524752,14.152255835114117
-99.5049504950495,14.072050498756635
-99.48514851485149,13.979926528034305
-99.46534653465346,13.875866771965727
-99.44554455445544,13.759870140884452
-99.42574257425743,13.631952301148608
-99.40594059405942,13.492146481475421
-99.38613861386138,13.340504410935296
-99.36633663366337,13.177097412967198
-99.34653465346535,13.002017685094245
-99.32673267326732,12.815379800580352
-99.3069306930693,12.617322476397622
-99.2871287128713,12.408010661979963
-99.26732673267327,12.187638015844458
-99.24752475247524,11.956429852931379
-99.22772277227723,11.714646665289735
-99.20792079207921,11.462588343581725
-99.18811881188118,11.200599258128081
-99.16831683168317,10.929074397516825
-99.14851485148515,10.648466812145756
-99.12871287128712,10.359296671805698
-99.10891089108911,10.06216232312434
-99.08910891089108,9.75775382693596
-99.06930693069307,9.446869569302365
-99.04950495049505,9.130436672884334
-99.02970297029702,8.80953608303293
-99.00990099009901,8.485433351547046
-98.99009900990099,8.159616259289352
-98.97029702970296,7.833840444010434
-98.95049504950495,7.510184014792997
-98.93069306930694,7.191111534375742
-98.9108910891089,6.879546398356004
-98.89108910891089,6.578948028086739
-98.87128712871288,6.293385755535277
-98.85148514851485,6.027594164166162
-98.83168316831683,5.786984872526944
-98.81188118811882,5.577578937053339
-98.7920792079208,5.405817269959414
-98.77227722772277,5.278213321322842
-98.75247524752476,5.200844316053166
-98.73267326732675,5.178738203364096
-98.7128712871287,5.215284449730048
-98.6930693069307,5.3118340539833815
-98.67326732673268,5.467616242183609
-98.65346534653466,5.679991312028854
-98.63366336633663,5.944942015131907
-98.61386138613862,6.257647309319555
-98.5940594059406,6.6130006402947314
-98.57425742574257,7.005997024964584
-98.55445544554456,7.4319748609976015
-98.53465346534654,7.886735937123922
-98.51485148514851,8.366579833579395
-98.4950495049505,8.868286338293982
-98.47524752475248,9.389071056092108
-98.45544554455446,9.926530629762341
-98.43564356435644,10.478587128841369
-98.41584158415841,11.043436515973116
-98.3960396039604,11.619503256159414
-98.37623762376238,12.205401537490616
-98.35643564356435,12.799902759796385
-98.33663366336634,13.401908594384109
-98.31683168316832,14.010428815676626
-98.29702970297029,14.624563129750554
-98.27722772277228,15.24348630499687
-98.25742574257427,15.866436008494114
-98.23762376237623,16.49270284920037
-98.21782178217822,17.121622217223926
-98.19801980198021,17.752567584285032
-98.17821782178217,18.384944993879817
-98.15841584158416,19.01818852170818
-98.13861386138615,19.651756529190045
-98.11881188118812,20.285128566979356
-98.0990099009901,20.917802812769175
-98.07920792079209,21.549293949644827
-98.05940594059406,22.179131408850854
-98.03960396039604,22.80685791496591
-98.01980198019803,23.432028282831947
-98.0,24.054208424723857
-97.98019801980199,24.67297453362283
-97.96039603960396,25.28791241442539
-97.94059405940594,25.898616939765606
-97.92079207920793,26.504691611071355
-97.9009900990099,27.1057482086963
-97.88118811881188,27.7014065176079
-97.86138613861387,28.291294117279445
-97.84158415841586,28.875046226222725
-97.82178217821782,29.452305593075618
-97.8019801980198,30.022722427387144
-97.7821782178218,30.585954364262864
-97.76237623762376,31.141666457887
-97.74257425742574,31.68953119965212
-97.72277227722773,32.22922855722723
-97.70297029702971,32.76044603140121
-97.68316831683168,33.28287872796657
-97.66336633663367,33.796229442270175
-97.64356435643565,34.300208754367155
-97.62376237623762,34.794535132976364
-97.60396039603961,35.27893504666124
-97.58415841584159,35.75314308085269
-97.56435643564356,36.21690205949706
-97.54455445544555,36.6699631702554
-97.52475247524752,37.112086092304686
-97.50495049504951,37.54303912589894
-97.48514851485149,37.96259932294287
-97.46534653465346,38.370552617911834
-97.44554455445545,38.76669395852463
-97.42574257425743,39.1508274356382
-97.4059405940594,39.52276641188942
-97.38613861386139,39.882333648658616
-97.36633663366337,40.22936143097272
-97.34653465346534,40.56369169000556
-97.32673267326733,40.88517612286722
-97.30693069306932,41.19367630940584
-97.28712871287128,41.48906382577295
-97.26732673267327,41.77122035452915
-97.24752475247526,42.040037791089226
-97.22772277227722,42.29541834632676
-97.20792079207921,42.53727464517697
-97.1881188118812,42.765529821093075
-97.16831683168317,42.98011760622733
-97.14851485148515,43.18098241722156
-97.12871287128714,43.36807943650435
-97.10891089108911,43.54137468900385
-97.08910891089108,43.70084511419476
-97.06930693069307,43.84647863340753
-97.04950495049505,43.9782742123351
-97.02970297029704,44.09624191867951
-97.00990099009901,44.200402974886785
-96.99009900990099,44.290789805921534
-96.97029702970298,44.36744608203774
-96.95049504950495,44.43042675650268
-96.93069306930693,44.479798098232756
-96.91089108910892,44.515637719298276
-96.8910891089109,44.53803459725278
-96.87128712871286,44.54708909223829
-96.85148514851485,44.54291295881231
-96.83168316831684,44.525629352434635
-96.8118811881188,44.495372830542905
-96.79207920792079,44.4522893481332
-96.77227722772278,44.396536247748244
-96.75247524752476,44.32828224375834
-96.73267326732673,44.24770740079978
-96.71287128712872,44.155003106212824
-96.6930693069307,44.05037203629371
-96.67326732673267,43.93402811614493
-96.65346534653466,43.80619647287295
-96.63366336633663,43.667113381843144
-96.61386138613861,43.51702620565735
-96.5940594059406,43.3561933254703
-96.57425742574257,43.18488406420525
-96.55445544554456,43.00337860116903
-96.53465346534654,42.811967877498255
-96.51485148514851,42.61095349179473
-96.4950495049505,42.40064758522642
-96.47524752475248,42.18137271528206
-96.45544554455445,41.95346171727061
-96.43564356435644,41.7172575525532
-96.41584158415841,41.473113142382964
-96.39603960396039,41.22139118610893
-96.37623762376238,40.96246396237235
-96.35643564356437,40.69671311179013
-96.33663366336633,40.42452939947908
-96.31683168316832,40.14631245562819
-96.2970297029703,39.86247049217591
-96.27722772277227,39.57341999349608
-96.25742574257426,39.27958537884289
-96.23762376237624,38.98139863415275
-96.21782178217822,38.679298910656144
-96.1980198019802,38.373732087614165
-96.17821782178218,38.06515029637139
-96.15841584158416,37.75401140281238
-96.13861386138613,37.44077844522877
-96.11881188118812,37.125919024556495
-96.0990099009901,36.809904643933336
-96.07920792079209,36.49320999456695
-96.05940594059406,36.17631218499877
-96.03960396039604,35.859689911012275
-96.01980198019803,35.543822563673
-96.0,35.22918927331364
-95.98019801980197,34.91626788770088
-95.96039603960396,34.6055338831492
-95.94059405940595,34.29745920799147
-95.92079207920791,33.99251105858196
-95.9009900990099,33.691150588898665
-95.88118811881189,33.393831555832584
-95.86138613861385,33.100998903396764
-95.84158415841584,32.813087290353565
-95.82178217821783,32.53051956713153
-95.8019801980198,32.253705209367915
-95.78217821782178,31.983038716943717
-95.76237623762377,31.718897988947358
-95.74257425742574,31.461642686573242
-95.72277227722772,31.21161259749035
-95.70297029702971,30.969126016655657
-95.68316831683168,30.734478159846592
-95.66336633663366,30.50793962729
-95.64356435643565,30.28975493561859
-95.62376237623762,30.080141136935058
-95.60396039603961,29.8792865439621
-95.58415841584159,29.68734958006032
-95.56435643564356,29.5044577722766
-95.54455445544555,29.33070690452296
-95.52475247524752,29.166160346478698
-95.5049504950495,29.010848571868713
-95.48514851485149,28.86476887743043
-95.46534653465346,28.727885311187194
-95.44554455445544,28.60012881566196
-95.42574257425743,28.48139758846931
-95.40594059405942,28.37155765940349
-95.38613861386138,28.2704436797919
-95.36633663366337,28.177859916604117
-95.34653465346535,28.093581440692773
-95.32673267326732,28.01735549568308
-95.3069306930693,27.94890303150323
-95.2871287128713,27.887920384421413
-95.26732673267327,27.83408108377751
-95.24752475247524,27.787037764397702
-95.22772277227723,27.746424162971667
-95.20792079207921,27.711857176447015
-95.18811881188118,27.682938960733335
-95.16831683168317,27.659259048669465
-95.14851485148515,27.640396467245147
-95.12871287128714,27.625921835423515
-95.10891089108911,27.615399425521545
-95.08910891089108,27.60838917290685
-95.06930693069307,27.604448620696164
-95.04950495049505,27.603134788133502
-95.02970297029702,27.604005953326457
-95.00990099009901,27.606623342981102
-94.990099009901,27.610552723654248
-94.97029702970296,27.615365890805784
-94.95049504950495,27.620642053555883
-94.93069306930694,27.62596911451572
-94.9108910891089,27.630944845353454
-94.89108910891089,27.635177959877527
-94.87128712871288,27.63828908736537
-94.85148514851485,27.639911649645637
-94.83168316831683,27.639692646061825
-94.81188118811882,27.637293350919553
-94.79207920792079,27.63238992835918
-94.77227722772277,27.624673969816065
-94.75247524752476,27.613852959346094
-94.73267326732673,27.59965067211935
-94.7128712871287,27.581807511333043
-94.6930693069307,27.560080788680335
-94.67326732673267,27.534244953345368
-94.65346534653466,27.50409177428816
-94.63366336633663,27.46943048034566
-94.61386138613861,27.43008786241537
-94.5940594059406,27.385908341712526
-94.57425742574257,27.336754007807432
-94.55445544554455,27.282504629860156
-94.53465346534654,27.223057644179857
-94.51485148514851,27.158328120948582
-94.49504950495049,27.088248712665376
-94.47524752475248,27.012769586589112
-94.45544554455446,26.931858343186352
-94.43564356435643,26.845499922325864
-94.41584158415841,26.753696498701675
-94.3960396039604,26.65646736771343
-94.37623762376236,26.55384882278292
-94.35643564356435,26.445894024839433
-94.33663366336634,26.332672864461422
-94.31683168316832,26.21427181691662
-94.29702970297029,26.09079379009536
-94.27722772277228,25.962357965079736
-94.25742574257426,25.829099628834427
-94.23762376237623,25.69116999823889
-94.21782178217822,25.548736034405596
-94.1980198019802,25.40198024594333
-94.17821782178218,25.251100479524574
-94.15841584158416,25.096309695804777
-94.13861386138613,24.937835728414036
-94.11881188118812,24.775921023402002
-94.0990099009901,24.6108223561632
-94.07920792079207,24.442810522505354
-94.05940594059406,24.27217000015064
-94.03960396039605,24.09919857658225
-94.01980198019801,23.924206938773214
-94.0,23.747518219967994
-93.98019801980199,23.569467498339062
-93.96039603960395,23.39040124202295
-93.94059405940594,23.210676694766978
-93.92079207920793,23.030661196204456
-93.9009900990099,22.850731430644423
-93.88118811881188,22.671272598230075
-93.86138613861387,22.492677502415226
-93.84158415841584,22.315345547953704
-93.82178217821782,22.13968164402144
-93.8019801980198,21.966095007721247
-93.78217821782178,21.794997864083474
-93.76237623762376,21.62680403979587
-93.74257425742574,21.461927449292926
-93.72277227722773,21.300780473523034
-93.70297029702971,21.143772233696133
-93.68316831683168,20.991306764588362
-93.66336633663367,20.843781094525976
-93.64356435643565,20.701583241950733
-93.62376237623762,20.565090141432506
-93.60396039603961,20.43466551506878
-93.58415841584159,20.310657708306266
-93.56435643564356,20.193397512227957
-93.54455445544555,20.083195997149303
-93.52475247524752,19.98034238482519
-93.50495049504951,19.885101988549835
-93.48514851485149,19.797714251799576
-93.46534653465346,19.71839091670263
-93.44554455445545,19.647314353416544
-93.42574257425743,19.584636080383536
-93.4059405940594,19.530475503377644
-93.38613861386139,19.484918898266585
-93.36633663366338,19.448018658538135
-93.34653465346534,19.419792823987876
-93.32673267326733,19.4002249016791
-93.30693069306932,19.389263984547256
-93.28712871287128,19.38682516704332
-93.26732673267327,19.392790251216816
-93.24752475247526,19.407008730859037
-93.22772277227723,19.42929903597563
-93.20792079207921,19.45945001512685
-93.1881188118812,19.49722262921976
-93.16831683168317,19.542351827273084
-93.14851485148515,19.594548572567266
-93.12871287128714,19.65350198645884
-93.10891089108911,19.718881576949585
-93.0891089108911,19.790339519791235
-93.06930693069307,19.867512961372544
-93.04950495049505,19.950026314755974
-93.02970297029704,20.037493522864224
-93.00990099009901,20.12952026582172
-92.99009900990099,20.225706092689176
-92.97029702970298,20.325646461161533
-92.95049504950495,20.428934672112533
-92.93069306930693,20.535163689065268
-92.91089108910892,20.643927835667714
-92.8910891089109,20.75482436699737
-92.87128712871286,20.867454912968626
-92.85148514851485,20.98142679425008
-92.83168316831684,21.096354212906665
-92.8118811881188,21.211859321471277
-92.79207920792079,21.327573175334944
-92.77227722772278,21.443136574247752
-92.75247524752476,21.55820079936955
-92.73267326732673,21.67242825273185
-92.71287128712872,21.78549300619879
-92.6930693069307,21.897081267077613
-92.67326732673267,22.006891767455794
-92.65346534653466,22.114636084160512
-92.63366336633663,22.220038895969818
-92.61386138613861,22.322838184376764
-92.5940594059406,22.422785383834892
-92.57425742574257,22.51964548701346
-92.55445544554456,22.613197110175225
-92.53465346534654,22.70323252337068
-92.51485148514851,22.78955764972774
-92.4950495049505,22.871992037712506
-92.47524752475248,22.950368809849092
-92.45544554455445,23.02453459101843
-92.43564356435644,23.094349419109935
-92.41584158415843,23.159686640476277
-92.39603960396039,23.220432792341885
-92.37623762376238,23.27648747403976
-92.35643564356437,23.32776320869682
-92.33663366336633,23.374185296756874
-92.31683168316832,23.415691662518512
-92.2970297029703,23.45223269467322
-92.27722772277228,23.483771081654563
-92.25742574257426,23.51028164245056
-92.23762376237624,23.53175115338798
-92.21782178217822,23.54817817126578
-92.1980198019802,23.55957285309602
-92.17821782178218,23.565956772601396
-92.15841584158416,23.56736273351766
-92.13861386138615,23.563834579657055
-92.11881188118812,23.555427001602215
-92.0990099009901,23.54220533981918
-92.07920792079209,23.52424538390235
-92.05940594059406,23.501633167591567
-92.03960396039604,23.474464759132474
-92.01980198019803,23.442846046484984
-92.0,23.406892516820452
-91.98019801980197,23.366729029686283
-91.96039603960396,23.322489583156326
-91.94059405940595,23.274317072227667
-91.92079207920791,23.222363038668192
-91.9009900990099,23.16678741146647
-91.88118811881189,23.10775823698473
-91.86138613861385,23.045451397870018
-91.84158415841584,22.980050319736403
-91.82178217821783,22.911745664596033
-91.8019801980198,22.84073500998767
-91.78217821782178,22.767222512731713
-91.76237623762377,22.691418556231355
-91.74257425742574,22.613539380241676
-91.72277227722772,22.53380669204583
-91.70297029702971,22.452447258010793
-91.68316831683168,22.36969247454711
-91.66336633663366,22.28577791757075
-91.64356435643565,22.200942869661667
-91.62376237623762,22.115429824236625
-91.60396039603961,22.029483966204566
-91.58415841584159,21.943352628753566
-91.56435643564356,21.857284726131006
-91.54455445544555,21.77153016252363
-91.52475247524752,21.68633921742326
-91.5049504950495,21.601961908175507
-91.48514851485149,21.51864733075321
-91.46534653465348,21.436642980170717
-91.44554455445544,21.35619405235674
-91.42574257425743,21.277542729727987
-91.40594059405942,21.20092745314699
-91.38613861386138,21.126582183400103
-91.36633663366337,21.054735655784754
-91.34653465346535,20.985610631842164
-91.32673267326733,20.919423152699924
-91.3069306930693,20.856381798887714
-91.2871287128713,20.796686961847588
-91.26732673267327,20.740530132662826
-91.24752475247524,20.688093213767935
-91.22772277227723,20.63954785956104
-91.20792079207921,20.59505485191165
-91.1881188118812,20.55476351653018
-91.16831683168317,20.518811186035027
-91.14851485148515,20.487322715312676
-91.12871287128714,20.460410054416382
-91.10891089108911,20.43817188378889
-91.08910891089108,20.42069331603093
-91.06930693069307,20.4080456677773
-91.04950495049505,20.400286304497754
-91.02970297029702,20.397458560225477
-91.00990099009901,20.399591733347822
-90.990099009901,20.40670115869238
-90.97029702970296,20.418788355225427
-90.95049504950495,20.435841247771307
-90.93069306930694,20.45783446028062
-90.9108910891089,20.484729677342134
-90.89108910891089,20.516476069866595
-90.87128712871288,20.55301078018629
-90.85148514851485,20.594259461224627
-90.83168316831683,20.640136863906857
-90.81188118811882,20.69054746661128
-90.79207920792079,20.745386140204634
-90.77227722772277,20.80453884206485
-90.75247524752476,20.867883332465986
-90.73267326732673,20.93528990677782
-90.7128712871287,21.006622137107534
-90.6930693069307,21.08173761727278
-90.67326732673267,21.16048870533273
-90.65346534653466,21.242723258302416
-90.63366336633663,21.328285354123736
-90.61386138613861,21.417015996450807
-90.5940594059406,21.508753798313663
-90.57425742574257,21.60333564124267
-90.55445544554455,21.700597306954567
-90.53465346534654,21.80037407920991
-90.51485148514853,21.90250131394376
-90.49504950495049,22.006814976238562
-90.47524752475248,22.11315214314655
-90.45544554455446,22.22135147177294
-90.43564356435643,22.331253632399363
-90.41584158415841,22.442701706757248
-90.3960396039604,22.55554155185243
-90.37623762376238,22.669622129996455
-90.35643564356435,22.784795805916342
-90.33663366336634,22.900918611996538
-90.31683168316832,23.017850482854822
-90.29702970297029,23.135455460571748
-90.27722772277228,23.253601871982138
-90.25742574257426,23.3721624795016
-90.23762376237624,23.491014607002004
-90.21782178217822,23.610040242271214
-90.1980198019802,23.729126117596486
-90.17821782178218,23.84816377000002
-90.15841584158416,23.967049582631624
-90.13861386138613,24.085684808789924
-90.11881188118812,24.203975580001032
-90.0990099009901,24.321832899534556
-90.07920792079207,24.43917262268309
-90.05940594059406,24.5559154250723
-90.03960396039605,24.671986760209062
-90.01980198019801,24.787316807411788
-90.0,24.901840411204066
-89.98019801980199,25.015497013189357
-89.96039603960395,25.128230577360917
-89.94059405940594,25.239989509739278
-89.92079207920793,25.350726573168096
-89.9009900990099,25.46039879804012
-89.88118811881188,25.568967389665936
-89.86138613861387,25.67639763294342
-89.84158415841584,25.78265879492994
-89.82178217821782,25.88772402586805
-89.8019801980198,25.991570259164188
-89.78217821782178,26.094178110771374
-89.76237623762376,26.19553177838037
-89.74257425742574,26.29561894077811
-89.72277227722772,26.39443065768955
-89.70297029702971,26.491961270377107
-89.68316831683168,26.588208303231852
-89.66336633663366,26.683172366552235
-89.64356435643565,26.776857060669162
-89.62376237623762,26.869268881540545
-89.6039603960396,26.960417127904375
-89.58415841584159,27.050313810046646
-89.56435643564357,27.138973560208882
-89.54455445544554,27.226413544629867
-89.52475247524752,27.312653377187484
-89.50495049504951,27.39771503457904
-89.48514851485147,27.481622772952143
-89.46534653465346,27.56440304587378
-89.44554455445545,27.646084423501556
-89.42574257425743,27.72669751279937
-89.4059405940594,27.806274878619426
-89.38613861386139,27.884850965453666
-89.36633663366337,27.96246201964047
-89.34653465346534,28.03914601179747
-89.32673267326733,28.11494255923721
-89.3069306930693,28.189892848111157
-89.2871287128713,28.26403955501769
-89.26732673267327,28.33742676780195
-89.24752475247524,28.410099905270283
-89.22772277227723,28.482105635538407
-89.20792079207921,28.55349179273191
-89.18811881188118,28.624307291758708
-89.16831683168317,28.69460204087761
-89.14851485148515,28.764426851793075
-89.12871287128712,28.83383334701565
-89.10891089108911,28.902873864238956
-89.0891089108911,28.971601357498802
-89.06930693069306,29.040069294896316
-89.04950495049505,29.108331552686916
-89.02970297029704,29.17644230555912
-89.009900990099,29.24445591295161
-88.99009900990099,29.312426801284232
-88.97029702970298,29.380409342008
-88.95049504950495,29.448457725411387
-88.93069306930693,29.51662583015308
-88.91089108910892,29.58496708852838
-88.89108910891089,29.65353434751274
-88.87128712871286,29.722379725665885
-88.85148514851485,29.791554466019516
-88.83168316831683,29.861108785113426
-88.8118811881188,29.931091718385986
-88.79207920792079,30.001550962168146
-88.77227722772277,30.072532712571384
-88.75247524752476,30.144081501602802
-88.73267326732673,30.216240030880968
-88.71287128712872,30.289049003366703
-88.6930693069307,30.362546953561516
-88.67326732673267,30.43677007666278
-88.65346534653466,30.511752057199484
-88.63366336633663,30.587523897704155
-88.61386138613862,30.664113748005047
-88.5940594059406,30.741546735748535
-88.57425742574257,30.819844798782974
-88.55445544554456,30.899026520053404
-88.53465346534654,30.979106965669864
-88.51485148514851,31.060097526821167
-88.4950495049505,31.14200576621071
-88.47524752475249,31.224835269690274
-88.45544554455445,31.308585503763094
-88.43564356435644,31.39325167961731
-88.41584158415843,31.47882462433607
-88.39603960396039,31.565290659911483
-88.37623762376238,31.65263149066496
-88.35643564356437,31.740824099648204
-88.33663366336634,31.82984065456667
-88.31683168316832,31.919648423729825
-88.2970297029703,32.01020970249342
-88.27722772277228,32.101481750614525
-88.25742574257426,32.19341674089456
-88.23762376237624,32.28596171943645
-88.21782178217822,32.37905857779175
-88.1980198019802,32.472644037221386
-88.17821782178218,32.566649645240496
-88.15841584158416,32.66100178456482
-88.13861386138615,32.75562169452147
-88.11881188118812,32.850425504934954
-88.0990099009901,32.94532428244583
-88.07920792079209,33.04022408916896
-88.05940594059406,33.13502605354865
-88.03960396039604,33.22962645322047
-88.01980198019803,33.32391680964485
-88.0,33.417783994234284
-87.98019801980197,33.51111034565757
-87.96039603960396,33.60377379796655
-87.94059405940595,33.69564801915906
-87.92079207920791,33.7866025597605
-87.9009900990099,33.87650301098065
-87.88118811881189,33.96521117197906
-87.86138613861385,34.052585225752786
-87.84158415841584,34.13847992314365
-87.82178217821783,34.22274677444989
-87.8019801980198,34.30523424811665
-87.78217821782178,34.38578797597378
-87.76237623762377,34.46425096448559
-87.74257425742574,34.54046381147604
-87.72277227722772,34.61426492779502
-87.70297029702971,34.68549076339534
-87.68316831683168,34.75397603729633
-87.66336633663367,34.819553970918314
-87.64356435643565,34.882056524282504
-87.62376237623762,34.94131463458233
-87.60396039603961,34.99715845664544
-87.58415841584159,35.04941760481986
-87.56435643564356,35.09792139583304
-87.54455445544555,35.142499092188544
-87.52475247524754,35.18298014568188
-87.5049504950495,35.21919444063438
-87.48514851485149,35.25097253646109
-87.46534653465348,35.27814590920707
-87.44554455445544,35.30054719170387
-87.42574257425743,35.31801041201612
-87.40594059405942,35.33037122986607
-87.38613861386139,35.33746717074104
-87.36633663366337,35.33913785740732
-87.34653465346535,35.33522523856991
-87.32673267326733,35.3255738144353
-87.3069306930693,35.31003085895121
-87.2871287128713,35.28844663851252
-87.26732673267327,35.2606746269398
-87.24752475247524,35.226571716551554
-87.22772277227723,35.18599842516692
-87.20792079207921,35.13881909889118
-87.1881188118812,35.08490211055014
-87.16831683168317,35.02412005365518
-87.14851485148515,34.956349931794854
-87.12871287128714,34.88147334336294
-87.10891089108911,34.7993766615484
-87.08910891089108,34.7099512095257
-87.06930693069307,34.6130934308
-87.04950495049505,34.50870505467574
-87.02970297029702,34.39669325683252
-87.00990099009901,34.276970815008255
-86.990099009901,34.14945625980522
-86.97029702970296,34.014074020652
-86.95049504950495,33.870754566972096
-86.93069306930694,33.71943454462823
-86.9108910891089,33.56005690773231
-86.89108910891089,33.39257104593107
-86.87128712871288,33.216932907301576
-86.85148514851485,33.033105117014465
-86.83168316831683,32.84105709195018
-86.81188118811882,32.64076515148228
-86.79207920792079,32.432212624674044
-86.77227722772277,32.2153899541692
-86.75247524752476,31.990294797096304
-86.73267326732673,31.75693212334867
-86.71287128712872,31.51531431164856
-86.6930693069307,31.265461243856784
-86.67326732673267,31.007400398046272
-86.65346534653466,30.741166940923843
-86.63366336633663,30.46680382025534
-86.61386138613861,30.18436185803154
-86.5940594059406,29.89389984520238
-86.57425742574259,29.59548463890939
-86.55445544554455,29.289191263261536
-86.53465346534654,28.97510301482959
-86.51485148514853,28.653311574181156
-86.49504950495049,28.323917124944998
-86.47524752475248,27.987028482082454
-86.45544554455446,27.642763231258215
-86.43564356435644,27.291247881447678
-86.41584158415841,26.932618033196306
-86.3960396039604,26.56701856526517
-86.37623762376238,26.19460384276017
-86.35643564356435,25.81553795025928
-86.33663366336634,25.42999495392912
-86.31683168316832,25.038159197169936
-86.29702970297029,24.640225634956415
-86.27722772277228,24.23640021276497
-86.25742574257426,23.826900296808283
-86.23762376237624,23.41195516325421
-86.21782178217822,22.991806555205486
-86.1980198019802,22.566709317481454
-86.17821782178218,22.136932120696574
-86.15841584158416,21.702758287799902
-86.13861386138613,21.26448673815242
-86.11881188118812,20.822433066406433
-86.0990099009901,20.376930775943
-86.07920792079207,19.928332689448542
-86.05940594059406,19.47701256239435
-86.03960396039605,19.02336692873651
-86.01980198019801,18.567817212074427
-86.0,18.110812139760448
-85.98019801980199,17.652830501960093
-85.96039603960395,17.194384302270553
-85.94059405940594,16.73602235095506
-85.92079207920793,16.278334355724876
-85.9009900990099,15.82195556765502
-85.88118811881188,15.36757204028468
-85.86138613861387,14.91592655680727
-85.84158415841584,14.467825271455553
-85.82178217821782,14.024145093860692
-85.8019801980198,13.585841815358505
-85.78217821782178,13.153958928635705
-85.76237623762377,12.729637019888626
-85.74257425742574,12.3141235072921
-85.72277227722772,11.90878235114942
-85.70297029702971,11.515103159284582
-85.68316831683168,11.134708847402846
-85.66336633663366,10.769360685312714
-85.64356435643565,10.420959175318218
-85.62376237623764,10.091538799788022
-85.6039603960396,9.783254305712944
-85.58415841584159,9.498355975241097
-85.56435643564357,9.239151423190131
-85.54455445544554,9.007952062870643
-85.52475247524752,8.80700367992851
-85.50495049504951,8.638402646912773
-85.48514851485149,8.50400208624826
-85.46534653465346,8.405315321177094
-85.44554455445545,8.343426493443678
-85.42574257425743,8.318919356495892
-85.4059405940594,8.331834227312752
-85.38613861386139,8.381659718690846
-85.36633663366337,8.467360792745522
-85.34653465346534,8.587439156191218
-85.32673267326733,8.740017522289724
-85.3069306930693,8.922936854135044
-85.2871287128713,9.13385567099882
-85.26732673267327,9.370342387374068
-85.24752475247524,9.62995458484005
-85.22772277227723,9.910302192044242
-85.20792079207921,10.2090941288737
-85.18811881188118,10.524169762929265
-85.16831683168317,10.853517519725553
-85.14851485148515,11.195283337418564
-85.12871287128712,11.547771571603027
-85.10891089108911,11.909440628586323
-85.0891089108911,12.278895181482305
-85.06930693069306,12.654876395434147
-85.04950495049505,13.036251206471702
-85.02970297029704,13.422001383380499
-85.009900990099,13.811212855938011
-84.99009900990099,14.20306560905851
-84.97029702970298,14.596824310176572
-84.95049504950495,14.991829745502022
-84.93069306930693,15.387491079612527
-84.91089108910892,15.78327891394362
-84.89108910891089,16.178719096592307
-84.87128712871286,16.573387223562175
-84.85148514851485,16.966903766543183
-84.83168316831683,17.358929761960592
-84.81188118811882,17.749162998543817
-84.79207920792079,18.137334644820044
-84.77227722772277,18.52320626290591
-84.75247524752476,18.906567160215833
-84.73267326732673,19.287232035892
-84.7128712871287,19.66503888368875
-84.6930693069307,20.039847117605657
-84.67326732673268,20.411535890710553
-84.65346534653465,20.780002581315728
-84.63366336633663,21.145161423981286
-84.61386138613862,21.506942265744307
-84.59405940594058,21.865289430544802
-84.57425742574257,22.22016067707399
-84.55445544554456,22.571526237242747
-84.53465346534654,22.91936792419129
-84.51485148514851,23.263678300265898
-84.4950495049505,23.60445989670334
-84.47524752475248,23.94172447791225
-84.45544554455445,24.275492344246537
-84.43564356435644,24.605791668046702
-84.41584158415841,24.93265785849801
-84.39603960396039,25.256132951534624
-84.37623762376238,25.57626502161726
-84.35643564356435,25.893107612740412
-84.33663366336634,26.206719186492247
-84.31683168316832,26.517162585403398
-84.29702970297029,26.824504510187133
-84.27722772277228,27.128815009798004
-84.25742574257426,27.430166983523364
-84.23762376237623,27.72863569457714
-84.21782178217822,28.024298294889654
-84.1980198019802,28.317233360985856
-84.17821782178217,28.607520441017076
-84.15841584158416,28.895239613162737
-84.13861386138615,29.18047105574782
-84.11881188118811,29.46329462953293
-84.0990099009901,29.743789472724792
-84.07920792079209,30.022033609331
-84.05940594059405,30.29810357154023
-84.03960396039604,30.572074036853067
-84.01980198019803,30.844017480716424
-84.0,31.114003845429586
-83.98019801980197,31.38210022609115
-83.96039603960396,31.648370574345392
-83.94059405940594,31.912875420664218
-83.92079207920791,32.17567161586759
-83.9009900990099,32.436812092542596
-83.88118811881188,32.69634564696829
-83.86138613861387,32.954316742094285
-83.84158415841584,33.21076533205198
-83.82178217821782,33.46572670860434
-83.8019801980198,33.71923136986017
-83.78217821782178,33.97130491149486
-83.76237623762376,34.22196794063267
-83.74257425742574,34.471236012455456
-83.72277227722773,34.719119589511585
-83.7029702970297,34.96562402360689
-83.68316831683168,35.21074956006812
-83.66336633663367,35.45449136407878
-83.64356435643563,35.69683956869935
-83.62376237623762,35.93777934409784
-83.60396039603961,36.177290987435136
-83.58415841584159,36.41535003277135
-83.56435643564356,36.65192738028615
-83.54455445544555,36.886989444037795
-83.52475247524754,37.12049831742297
-83.5049504950495,37.35241195544264
-83.48514851485149,37.58268437282799
-83.46534653465348,37.811265857035835
-83.44554455445544,38.0381031950847
-83.42574257425743,38.26313991316977
-83.40594059405942,38.48631652796925
-83.38613861386139,38.70757080853417
-83.36633663366337,38.92683804763954
-83.34653465346535,39.14405134146565
-83.32673267326733,39.359141876474894
-83.3069306930693,39.57203922235123
-83.2871287128713,39.782671629874805
-83.26732673267327,39.99096633261536
-83.24752475247524,40.19684985134173
-83.22772277227723,40.40024830006281
-83.20792079207921,40.60108769263573
-83.1881188118812,40.79929424890132
-83.16831683168317,40.99479469933191
-83.14851485148515,41.1875165872055
-83.12871287128714,41.3773885673485
-83.10891089108911,41.564340700521704
-83.08910891089108,41.74830474255464
-83.06930693069307,41.929214427366844
-83.04950495049506,42.107005743047516
-83.02970297029702,42.28161720019819
-83.00990099009901,42.45299009177697
-82.990099009901,42.62106874371534
-82.97029702970296,42.78580075561289
-82.95049504950495,42.947137230847034
-82.93069306930694,43.105032995467546
-82.91089108910892,43.25944680527805
-82.89108910891089,43.41034154053732
-82.87128712871288,43.55768438774485
-82.85148514851485,43.701447008005445
-82.83168316831683,43.84160569149759
-82.81188118811882,43.978141497600525
-82.79207920792079,44.11104038026404
-82.77227722772278,44.24029329823518
-82.75247524752476,44.3658963097847
-82.73267326732673,44.487850651606365
-82.71287128712872,44.60616280159179
-82.6930693069307,44.720844525213735
-82.67326732673267,44.83191290528222
-82.65346534653466,44.939390354868976
-82.63366336633663,45.04330461322881
-82.61386138613861,45.143688724580215
-82.5940594059406,45.24058099964285
-82.57425742574259,45.334024959865744
-82.55445544554455,45.424069264318796
-82.53465346534654,45.510767619260065
-82.51485148514853,45.5941786704331
-82.49504950495049,45.674365878192816
-82.47524752475248,45.75139737560445
-82.45544554455446,45.82534580970872
-82.43564356435644,45.89628816619643
-82.41584158415841,45.9643055777891
-82.3960396039604,46.02948311667728
-82.37623762376238,46.0919095714252
-82.35643564356435,46.151677208810185
-82.33663366336634,46.208881521126564
-82.31683168316832,46.263620959546756
-82.29702970297029,46.315996654197065
-82.27722772277228,46.36611212167197
-82.25742574257426,46.414072960776465
-82.23762376237624,46.45998653735515
-82.21782178217822,46.50396165913223
-82.1980198019802,46.54610824155554
-82.17821782178218,46.58653696570251
-82.15841584158416,46.62535892937138
-82.13861386138613,46.66268529254331
-82.11881188118812,46.69862691846092
-82.09900990099011,46.733294011624864
-82.07920792079207,46.76679575406264
-82.05940594059406,46.799239941270805
-82.03960396039605,46.83073261927366
-82.01980198019801,46.86137772427719
-82.0,46.891276726424984
-81.98019801980199,46.920528279184424
-81.96039603960396,46.949227875903546
-81.94059405940594,46.97746751508334
-81.92079207920793,47.00533537590426
-81.9009900990099,47.03291550553127
-81.88118811881188,47.0602875196962
-81.86138613861387,47.08752631802085
-81.84158415841584,47.114701815498876
-81.82178217821783,47.14187869149821
-81.8019801980198,47.16911615757942
-81.78217821782178,47.196467745349324
-81.76237623762377,47.223981115483355
-81.74257425742574,47.251697888954766
-81.72277227722772,47.27965350140575
-81.70297029702971,47.30787708148375
-81.68316831683168,47.33639135384856
-81.66336633663366,47.36521256743071
-81.64356435643565,47.394350449393286
-81.62376237623764,47.42380818511551
-81.6039603960396,47.45358242438005
-81.58415841584159,47.48366331380956
-81.56435643564357,47.514034555458444
-81.54455445544554,47.544673491329675
-81.52475247524752,47.57555121345011
-81.50495049504951,47.606632699006
-81.48514851485149,47.637876969912185
-81.46534653465346,47.669237276064756
-81.44554455445545,47.700661301411074
-81.42574257425743,47.7320913918597
-81.4059405940594,47.7634648039521
-81.38613861386139,47.79471397312243
-81.36633663366337,47.82576680028787
-81.34653465346534,47.85654695543529
-81.32673267326733,47.88697419680382
-81.3069306930693,47.916964704206805
-81.2871287128713,47.94643142498843
-81.26732673267327,47.97528443107456
-81.24752475247524,48.0034312855475
-81.22772277227723,48.03077741715733
-81.20792079207921,48.05722650117198
-81.18811881188118,48.08268084496594
-81.16831683168317,48.107041776755075
-81.14851485148516,48.13021003589765
-81.12871287128712,48.15208616320302
-81.10891089108911,48.172570889714834
-81.0891089108911,48.19156552246863
-81.06930693069306,48.208972325760016
-81.04950495049505,48.22469489650083
-81.02970297029704,48.238638532284924
-81.00990099009901,48.250710590833584
-80.99009900990099,48.26082083953992
-80.97029702970298,48.268881793883274
-80.95049504950495,48.27480904353914
-80.93069306930693,48.2785215650627
-80.91089108910892,48.27994202008009
-80.89108910891089,48.278997037975934
-80.87128712871288,48.27561748212082
-80.85148514851485,48.26973869873679
-80.83168316831683,48.26130074755354
-80.81188118811882,48.2502486134613
-80.79207920792079,48.23653239841946
-80.77227722772277,48.22010749293278
-80.75247524752476,48.20093472645798
-80.73267326732673,48.178980496155816
-80.7128712871287,48.15421687345428
-80.6930693069307,48.12662168793876
-80.67326732673268,48.09617858813697
-80.65346534653465,48.062877078816456
-80.63366336633663,48.02671253446472
-80.61386138613862,47.98768618867374
-80.59405940594058,47.94580509920521
-80.57425742574257,47.901082088566326
-80.55445544554456,47.85353565998403
-80.53465346534654,47.803189888723324
-80.51485148514851,47.75007428875677
-80.4950495049505,47.694223654856195
-80.47524752475248,47.635677880243946
-80.45544554455445,47.57448175001113
-80.43564356435644,47.51068471058336
-80.41584158415841,47.44434061559155
-80.39603960396039,47.37550744858557
-80.37623762376238,47.30424702311241
-80.35643564356435,47.2306246607692
-80.33663366336634,47.154708847931786
-80.31683168316832,47.076570871955404
-80.29702970297029,46.99628443774138
-80.27722772277228,46.91392526566525
-80.25742574257426,46.829570671964554
-80.23762376237623,46.74329913279018
-80.21782178217822,46.655189833231404
-80.19801980198021,46.56532220273173
-80.17821782178217,46.473775438419196
-80.15841584158416,46.38062801798039
-80.13861386138615,46.28595720381022
-80.11881188118811,46.18983854026942
-80.0990099009901,46.09234534597632
-80.07920792079209,45.99354820314963
-80.05940594059406,45.89351444610007
-80.03960396039604,45.79230765104353
-80.01980198019803,45.68998712947188
-80.0,45.586607427371106
-79.98019801980197,45.48221783261728
-79.96039603960396,45.37686189290859
-79.94059405940594,45.2705769466045
-79.92079207920793,45.16339366884141
-79.9009900990099,45.05533563527451
-79.88118811881188,44.946418905761576
-79.86138613861387,44.8366516302499
-79.84158415841584,44.726033679058446
-79.82178217821782,44.61455629965822
-79.8019801980198,44.502201801948516
-79.78217821782178,44.38894327390399
-79.76237623762376,44.2747443293285
-79.74257425742574,44.15955888929712
-79.72277227722773,44.043330998699126
-79.7029702970297,43.92599467911376
-79.68316831683168,43.807473819057385
-79.66336633663367,43.68768210243928
-79.64356435643563,43.56652297585383
-79.62376237623762,43.44388965512223
-79.60396039603961,43.31966517127922
-79.58415841584159,43.19372245598189
-79.56435643564356,43.06592446610007
-79.54455445544555,42.93612434703467
-79.52475247524752,42.80416563410241
-79.5049504950495,42.66988249112529
-79.48514851485149,42.53309998517338
-79.46534653465346,42.39363439623091
-79.44554455445544,42.2512935603904
-79.42574257425743,42.10587724502867
-79.4059405940594,41.957177554284165
-79.38613861386139,41.804979363036196
-79.36633663366337,41.6490607774861
-79.34653465346534,41.48919362035736
-79.32673267326733,41.325143938666
-79.3069306930693,41.156672531966
-79.28712871287128,40.98353549894475
-79.26732673267327,40.80548480023091
-79.24752475247526,40.62226883528212
-79.22772277227722,40.433633031239296
-79.20792079207921,40.239320441670166
-79.1881188118812,40.03907235317311
-79.16831683168316,39.832628897874706
-79.14851485148515,39.61972966992751
-79.12871287128714,39.40011434419944
-79.10891089108911,39.173523295439345
-79.08910891089108,38.93969821630586
-79.06930693069307,38.69838273275603
-79.04950495049505,38.4493230154065
-79.02970297029702,38.19226838560158
-79.00990099009901,37.9269719150497
-78.99009900990099,37.653191018020856
-78.97029702970298,37.37068803523339
-78.95049504950495,37.07923080869805
-78.93069306930693,36.77859324693086
-78.91089108910892,36.468555880095714
-78.89108910891089,36.1489064047895
-78.87128712871286,35.819440218344305
-78.85148514851485,35.47996094268705
-78.83168316831683,35.13028093797457
-78.8118811881188,34.77022180641002
-78.79207920792079,34.39961488684949
-78.77227722772278,34.01830174102907
-78.75247524752474,33.62613463248531
-78.73267326732673,33.22297699951494
-78.71287128712872,32.808703923825014
-78.69306930693068,32.38320259687498
-78.67326732673267,31.946372786314967
-78.65346534653466,31.49812730539314
-78.63366336633663,31.038392488756326
-78.61386138613861,30.567108678719432
-78.5940594059406,30.08423072685701
-78.57425742574259,29.58972851670419
-78.55445544554455,29.08358751448356
-78.53465346534654,28.565809356147067
-78.51485148514853,28.03641248070253
-78.49504950495049,27.495432821860845
-78.47524752475248,26.94292457259635
-78.45544554455446,26.37896104039383
-78.43564356435644,25.80363561493316
-78.41584158415841,25.217062874966835
-78.3960396039604,24.619379867476194
-78.37623762376238,24.010747600247917
-78.35643564356435,23.39135279932593
-78.33663366336634,22.761409996080776
-78.31683168316832,22.121164025866317
-78.2970297029703,21.470893042720476
-78.27722772277228,20.810912184121115
-78.25742574257426,20.14157805892633
-78.23762376237624,19.463294283784744
-78.21782178217822,18.77651836335622
-78.1980198019802,18.08177030449198
-78.17821782178218,17.379643483796738
-78.15841584158417,16.67081846557154
-78.13861386138613,15.956080712788193
-78.11881188118812,15.2363434757605
-78.09900990099011,14.512677621893491
-78.07920792079207,13.786350842292764
-78.05940594059406,13.058879615944045
-78.03960396039605,12.332098634212096
-78.01980198019803,11.608254214452636
-78.0,10.890130683977052
-77.98019801980199,10.181221822189018
-77.96039603960396,9.48596289516438
-77.94059405940594,8.810041337225876
-77.92079207920793,8.160802138105412
-77.9009900990099,7.547748836295748
-77.88118811881188,6.98309473073963
-77.86138613861387,6.482211661206875
-77.84158415841584,6.063628190255816
-77.82178217821783,5.7479891163896335
-77.8019801980198,5.555361308096091
-77.78217821782178,5.500948418116735
-77.76237623762377,5.590759250234701
-77.74257425742574,5.819758802073943
-77.72277227722772,6.173774701861376
-77.70297029702971,6.633793602834079
-77.68316831683168,7.180144744990534
-77.66336633663366,7.795108045689456
-77.64356435643565,8.463922988816467
-77.62376237623764,9.174802456977684
-77.6039603960396,9.918515283473603
-77.58415841584159,10.687868756665946
-77.56435643564357,11.477236333275371
-77.54455445544554,12.282174280222437
-77.52475247524752,13.099127062426701
-77.50495049504951,13.925206760515174
-77.48514851485149,14.758029729757217
-77.46534653465346,15.595595960644317
-77.44554455445545,16.436199776474826
-77.42574257425743,17.278363393455287
-77.4059405940594,18.120787163680504
-77.38613861386139,18.96231203739595
-77.36633663366337,19.80189102771156
-77.34653465346535,20.63856735475759
-77.32673267326733,21.471457584011514
-77.3069306930693,22.299738528655517
-77.2871287128713,23.122637011700466
-77.26732673267327,23.939421818141618
-77.24752475247524,24.749397337260444
-77.22772277227723,25.551898519046045
-77.20792079207922,26.346286859690743
-77.18811881188118,27.131947198440944
-77.16831683168317,27.908285158277128
-77.14851485148516,28.674725100592035
-77.12871287128712,29.430708492548284
-77.10891089108911,30.17569260751589
-77.0891089108911,30.909149495646947
-77.06930693069307,31.63056517450297
-77.04950495049505,32.33943899964131
-77.02970297029704,33.0352831828752
-77.00990099009901,33.71762243206343
-76.99009900990099,34.3859936911415
-76.97029702970298,35.03994596296741
-76.95049504950495,35.679040200642994
-76.93069306930693,36.30284925545196
-76.91089108910892,36.910957871559106
-76.89108910891089,37.5029627192409
-76.87128712871288,38.07847245974304
-76.85148514851485,38.63710783594559
-76.83168316831683,39.178501783909745
-76.81188118811882,39.70229956111763
-76.79207920792079,40.20815888782921
-76.77227722772277,40.695750098490265
-76.75247524752476,41.16475630055274
-76.73267326732673,41.61487353842752
-76.7128712871287,42.045810960592824
-76.6930693069307,42.45729098813817
-76.67326732673268,42.8490494832428
-76.65346534653465,43.22083591627429
-76.63366336633663,43.57241353035451
-76.61386138613862,43.90355950237832
-76.59405940594058,44.21406509959183
-76.57425742574257,44.50373583094187
-76.55445544554456,44.77239159250119
-76.53465346534654,45.01986680635564
-76.51485148514851,45.246010552412216
-76.4950495049505,45.450686692652475
-76.47524752475248,45.6337739874141
-76.45544554455445,45.795166203337594
-76.43564356435644,45.934772212663916
-76.41584158415841,46.052516083614755
-76.3960396039604,46.14833716162927
-76.37623762376238,46.22219014127215
-76.35643564356435,46.27404512866559
-76.33663366336634,46.303887694335344
-76.31683168316832,46.311718916396806
-76.29702970297029,46.297555414043146
-76.27722772277228,46.26142937133226
-76.25742574257427,46.203388551306
-76.23762376237623,46.12349630051027
-76.21782178217822,46.02183154402297
-76.19801980198021,45.89848877113447
-76.17821782178217,45.753578011866345
-76.15841584158416,45.5872248045563
-76.13861386138615,45.39957015478285
-76.11881188118812,45.19077048595162
-76.0990099009901,44.960997581917994
-76.07920792079209,44.710438522077276
-76.05940594059406,44.43929560941629
-76.03960396039604,44.14778629208869
-76.01980198019803,43.83614307915203
-76.0,43.504613451188696
-75.98019801980197,43.15345976662729
-75.96039603960396,42.78295916468595
-75.94059405940594,42.393403465978054
-75.92079207920793,41.98509907195576
-75.9009900990099,41.55836686451825
-75.88118811881188,41.11354210728631
-75.86138613861387,40.65097435024317
-75.84158415841584,40.171027339669436
-75.82178217821782,39.674078935562925
-75.8019801980198,39.1605210390358
-75.78217821782178,38.63075953253412
-75.76237623762376,38.0852142361302
-75.74257425742574,37.52431888361446
-75.72277227722773,36.94852112266658
-75.7029702970297,36.35828254403612
-75.68316831683168,35.75407874542488
-75.66336633663367,35.136399436662664
-75.64356435643563,34.50574859382957
-75.62376237623762,33.86264467123553
-75.60396039603961,33.20762088166102
-75.58415841584159,32.54122555704285
-75.56435643564356,31.864022603911
-75.54455445544555,31.176592070426647
-75.52475247524752,30.479530844921662
-75.5049504950495,29.773453509511697
-75.48514851485149,29.058993376780894
-75.46534653465346,28.336803742886758
-75.44554455445545,27.607559396910876
-75.42574257425743,26.87195843413939
-75.4059405940594,26.1307244305004
-75.38613861386139,25.384609046989596
-75.36633663366337,24.634395147026492
-75.34653465346534,23.880900526838076
-75.32673267326733,23.12498237978772
-75.30693069306932,22.367542640764338
-75.28712871287128,21.609534387089948
-75.26732673267327,20.85196950866185
-75.24752475247526,20.09592790286359
-75.22772277227722,19.342568499440404
-75.20792079207921,18.5931424765418
-75.1881188118812,17.849009089472737
-75.16831683168317,17.11165459360514
-75.14851485148515,16.38271479284755
-75.12871287128714,15.664001767496542
-75.10891089108911,14.957535299603892
-75.08910891089108,14.265579369095754
-75.06930693069307,13.590683757881417
-75.04950495049505,12.935730146680575
-75.02970297029702,12.303980939427015
-75.00990099009901,11.699127164549402
-74.99009900990099,11.125328914262697
-74.97029702970298,10.587237696114
-74.95049504950495,10.089984890290786
-74.93069306930693,9.639115055660476
-74.91089108910892,9.240439224469526
-74.89108910891089,8.89978540524762
-74.87128712871286,8.622636318481703
-74.85148514851485,8.413671607263003
-74.83168316831683,8.276270829449892
-74.8118811881188,8.212071113245111
-74.79207920792079,8.22068743503393
-74.77227722772278,8.299676374041011
-74.75247524752474,8.444759513932192
-74.73267326732673,8.650248964822225
-74.71287128712872,8.909570193792607
-74.69306930693068,9.215773883619713
-74.67326732673267,9.561959898092914
-74.65346534653466,9.941579654925691
-74.63366336633663,10.348618816279004
-74.61386138613861,10.777682319048571
-74.5940594059406,11.22400996829787
-74.57425742574257,11.68344847400305
-74.55445544554455,12.152399935259865
-74.53465346534654,12.627760525756473
-74.51485148514851,13.106857947600995
-74.4950495049505,13.58739245676322
-74.47524752475248,14.067383773018689
-74.45544554455445,14.545124661426264
-74.43564356435644,15.019141108598463
-74.41584158415841,15.48815857694849
-74.39603960396039,15.951073635520542
-74.37623762376238,16.406930226364597
-74.35643564356437,16.85489986175471
-74.33663366336633,17.2942651188122
-74.31683168316832,17.724405880981042
-74.2970297029703,18.144787857879805
-74.27722772277227,18.554952990299846
-74.25742574257426,18.95451141315543
-74.23762376237624,19.343134705603624
-74.21782178217822,19.72055020491554
-74.1980198019802,20.08653619999485
-74.17821782178218,20.440917852831724
-74.15841584158416,20.783563722738112
-74.13861386138613,21.114382789923194
-74.11881188118812,21.433321892689765
-74.0990099009901,21.740363506985883
-74.07920792079207,22.035523808836054
-74.05940594059406,22.318850969795665
-74.03960396039604,22.59042364342753
-74.01980198019803,22.85034960722077
-74.0,23.098764529626433
-73.98019801980197,23.335830836190876
-73.96039603960396,23.56173665230204
-73.94059405940594,23.776694802971395
-73.92079207920791,23.980941852472455
-73.9009900990099,24.174737168643286
-73.88118811881188,24.35836199831505
-73.86138613861385,24.532118541718482
-73.84158415841584,24.696329014903203
-73.82178217821783,24.851334690225844
-73.80198019801979,24.997494905868056
-73.78217821782178,25.135186036165553
-73.76237623762377,25.264800415300723
-73.74257425742573,25.386745207657803
-73.72277227722772,25.50144121889064
-73.70297029702971,25.609321642525746
-73.68316831683168,25.71083073774106
-73.66336633663366,25.806422434839252
-73.64356435643565,25.89655886588519
-73.62376237623762,25.981708819014873
-73.6039603960396,26.062346116051337
-73.58415841584159,26.138947914287794
-73.56435643564356,26.211992934616873
-73.54455445544555,26.281959619591895
-73.52475247524752,26.34932422649181
-73.5049504950495,26.414558862007347
-73.48514851485149,26.478129466752126
-73.46534653465346,26.54049375940062
-73.44554455445545,26.602099151832046
-73.42574257425743,26.663380648179324
-73.40594059405942,26.724758742103813
-73.38613861386139,26.786637327895537
-73.36633663366337,26.8494016420922
-73.34653465346535,26.913416253173082
-73.32673267326733,26.979023117475958
-73.3069306930693,27.046539719769473
-73.2871287128713,27.116257316860217
-73.26732673267327,27.18843930220221
-73.24752475247524,27.263319708694976
-73.22772277227723,27.34110186570673
-73.20792079207922,27.421957224852065
-73.18811881188118,27.506024367217435
-73.16831683168317,27.593408202596027
-73.14851485148516,27.684179368919143
-73.12871287128712,27.7783738375074
-73.10891089108911,27.875992727080362
-73.0891089108911,27.977002326723436
-73.06930693069307,28.081334325290374
-73.04950495049505,28.188886242085243
-73.02970297029704,28.299522051186134
-73.00990099009901,28.413072989502396
-72.99009900990099,28.529338536648496
-72.97029702970298,28.64808755300801
-72.95049504950495,28.769059560981443
-72.93069306930693,28.891966153373723
-72.91089108910892,29.016492512189448
-72.89108910891089,29.142299020754816
-72.87128712871288,29.269022952061334
-72.85148514851485,29.39628021649991
-72.83168316831683,29.523667152694646
-72.81188118811882,29.65076234591539
-72.79207920792079,29.777128459508265
-72.77227722772277,29.90231406589296
-72.75247524752476,30.025855464894182
-72.73267326732675,30.147278478464543
-72.7128712871287,30.2661002121804
-72.6930693069307,30.381830775220653
-72.67326732673268,30.493974951842674
-72.65346534653465,30.602033818626527
-72.63366336633663,30.70550630294969
-72.61386138613862,30.803890679266356
-72.5940594059406,30.89668600078706
-72.57425742574257,30.983393465081328
-72.55445544554456,31.063517712953146
-72.53465346534654,31.136568060669628
-72.51485148514851,31.202059666257107
-72.4950495049505,31.25951463112139
-72.47524752475248,31.308463038706936
-72.45544554455446,31.348443932288937
-72.43564356435644,31.379006234300572
-72.41584158415841,31.39970960984436
-72.3960396039604,31.410125277227984
-72.37623762376238,31.409836768511504
-72.35643564356435,31.39844064316096
-72.33663366336634,31.375547157981746
-72.31683168316832,31.340780896561487
-72.29702970297029,31.29378136149341
-72.27722772277228,31.23420353268384
-72.25742574257427,31.161718395080193
-72.23762376237623,31.076013439191975
-72.21782178217822,30.976793137826814
-72.19801980198021,30.863779402530092
-72.17821782178217,30.7367120233086
-72.15841584158416,30.595349095342286
-72.13861386138615,30.439467436551073
-72.11881188118812,30.26886300009447
-72.0990099009901,30.083351286149455
-72.07920792079209,29.882767757647997
-72.05940594059406,29.666968265071816
-72.03960396039604,29.43582948591397
-72.01980198019803,29.189249385041492
-72.0,28.92714770295342
-71.98019801980197,28.649466479847987
-71.96039603960396,28.356170624524825
-71.94059405940594,28.04724853848937
-71.92079207920793,27.722712807246037
-71.9009900990099,27.382600972719153
-71.88118811881188,27.02697640310012
-71.86138613861387,26.655929279271028
-71.84158415841584,26.26957772040917
-71.82178217821782,25.868069075566694
-71.8019801980198,25.451581413114273
-71.7821782178218,25.020325246143486
-71.76237623762376,24.574545539499834
-71.74257425742574,24.11452405338975
-71.72277227722773,23.640582089873295
-71.7029702970297,23.153083722518932
-71.68316831683168,22.652439606679355
-71.66336633663367,22.13911148901249
-71.64356435643565,21.6136175609585
-71.62376237623762,21.076538833026245
-71.60396039603961,20.528526746292492
-71.58415841584159,19.97031228603652
-71.56435643564356,19.402716921646583
-71.54455445544555,18.826665768600353
-71.52475247524752,18.243203453929496
-71.50495049504951,17.653513266779036
-71.48514851485149,17.05894028919881
-71.46534653465346,16.461019324058732
-71.44554455445545,15.861508554737469
-71.42574257425743,15.26242996011898
-71.4059405940594,14.666117522003796
-71.38613861386139,14.0752741185127
-71.36633663366337,13.493037559341827
-71.34653465346534,12.9230552685852
-71.32673267326733,12.369565332546504
-71.30693069306932,11.837478561384241
-71.28712871287128,11.332451358044288
-71.26732673267327,10.860932172991232
-71.24752475247526,10.430155383805303
-71.22772277227722,10.048047279121356
-71.20792079207921,9.72300374104626
-71.1881188118812,9.463505665941154
-71.16831683168317,9.277564936689137
-71.14851485148515,9.172044711888551
-71.12871287128714,9.151962164323091
-71.10891089108911,9.21992949840492
-71.08910891089108,9.375883272350334
-71.06930693069307,9.61717863785473
-71.04950495049505,9.939013640220999
-71.02970297029702,10.335056605451362
-71.00990099009901,10.798119152761085
-70.99009900990099,11.320748136614464
-70.97029702970298,11.895669896729542
-70.95049504950495,12.516075856470806
-70.93069306930693,13.175772899123624
-70.91089108910892,13.869234834189372
-70.89108910891089,14.591590133563397
-70.87128712871286,15.338573766870153
-70.85148514851485,16.106462501233295
-70.83168316831684,16.892005845759066
-70.8118811881188,17.69235957336037
-70.79207920792079,18.505025278113116
-70.77227722772278,19.327797298270564
-70.75247524752474,20.15871712735225
-70.73267326732673,20.996034813243796
-70.71287128712872,21.83817657345271
-70.6930693069307,22.68371778093481
-70.67326732673267,23.53136050504435
-70.65346534653466,24.379914870623157
-70.63366336633663,25.22828359377732
-70.61386138613861,26.075449148912295
-70.5940594059406,26.92046311009338
-70.57425742574257,27.762437287554636
-70.55445544554456,28.600536346557462
-70.53465346534654,29.43397165144027
-70.51485148514851,30.261996123793203
-70.4950495049505,31.083899941588555
-70.47524752475248,31.899006937110574
-70.45544554455445,32.706671576841664
-70.43564356435644,33.50627642709808
-70.41584158415841,34.29723002603029
-70.39603960396039,35.07896509632485
-70.37623762376238,35.85093704415148
-70.35643564356437,36.61262269906841
-70.33663366336633,37.363519257114966
-70.31683168316832,38.10314339549687
-70.2970297029703,38.83103053235695
-70.27722772277227,39.54673420932435
-70.25742574257426,40.249825578014416
-70.23762376237624,40.93989297453906
-70.21782178217822,41.616541568492494
-70.1980198019802,42.279393074884354
-70.17821782178218,42.92808551917388
-70.15841584158416,43.56227304696936
-70.13861386138613,44.18162577114606
-70.11881188118812,44.78582965013866
-70.0990099009901,45.3745863920138
-70.07920792079207,45.94761337964941
-70.05940594059406,46.504643612960926
-70.03960396039604,47.04542566463929
-70.01980198019803,47.56972364631228
-70.0,48.077317182427315
-69.98019801980197,48.56800138948295
-69.96039603960396,49.04158685852252
-69.94059405940594,49.49789963905011
-69.92079207920791,49.936781222741814
-69.9009900990099,50.358088525511974
-69.88118811881189,50.76169386665498
-69.86138613861385,51.147484943924496
-69.84158415841584,51.51536480353543
-69.82178217821783,51.865251804181696
-69.80198019801979,52.19707957425804
-69.78217821782178,52.51079696155754
-69.76237623762377,52.806367974789765
-69.74257425742574,53.08377171633003
-69.72277227722772,53.34300230566677
-69.70297029702971,53.58406879306585
-69.68316831683168,53.80699506301441
-69.66336633663366,54.01181972704811
-69.64356435643565,54.198596005599704
-69.62376237623762,54.36739159853957
-69.60396039603961,54.51828854410586
-69.58415841584159,54.65138306594711
-69.56435643564356,54.76678540802248
-69.54455445544555,54.86461965712397
-69.52475247524752,54.94502355280283
-69.5049504950495,55.00814828449779
-69.48514851485149,55.054158275676635
-69.46534653465346,55.08323095481515
-69.44554455445544,55.09555651304884
-69.42574257425743,55.091337648342495
-69.40594059405942,55.07078929603244
-69.38613861386138,55.03413834560453
-69.36633663366337,54.981623343579216
-69.34653465346535,54.913494182382756
-69.32673267326732,54.830011775090995
-69.3069306930693,54.73144771594028
-69.2871287128713,54.61808392650753
-69.26732673267327,54.49021228747061
-69.24752475247524,54.34813425586862
-69.22772277227723,54.19216046779252
-69.20792079207921,54.022610326447406
-69.18811881188118,53.839811575541276
-69.16831683168317,53.64409985796936
-69.14851485148515,53.435818259779715
-69.12871287128712,53.21531683942618
-69.10891089108911,52.9829521423355
-69.08910891089108,52.73908670084128
-69.06930693069307,52.48408851956644
-69.04950495049505,52.218330546367504
-69.02970297029702,51.9421901289922
-69.00990099009901,51.656048457641845
-68.99009900990099,51.36028999367834
-68.97029702970296,51.055301884766095
-68.95049504950495,50.74147336679833
-68.93069306930694,50.4191951530205
-68.9108910891089,50.08885881083476
-68.89108910891089,49.75085612684637
-68.87128712871288,49.405578460797614
-68.85148514851484,49.053416089126586
-68.83168316831683,48.694757538986416
-68.81188118811882,48.32998891366795
-68.79207920792079,47.959493210480545
-68.77227722772277,47.5836496322676
-68.75247524752476,47.20283289385901
-68.73267326732673,46.81741252489618
-68.7128712871287,46.42775217060317
-68.6930693069307,46.03420889222013
-68.67326732673267,45.637132468960935
-68.65346534653466,45.23686470350525
-68.63366336633663,44.83373873318312
-68.61386138613861,44.42807834915817
-68.5940594059406,44.02019732605945
-68.57425742574257,43.6103987646508
-68.55445544554455,43.19897445025868
-68.53465346534654,42.78620422980032
-68.51485148514851,42.37235541036388
-68.49504950495049,41.957682182385085
-68.47524752475248,41.542425070541114
-68.45544554455446,41.12681041553682
-68.43564356435644,40.71104988999044
-68.41584158415841,40.29534005163021
-68.3960396039604,39.879861936990615
-68.37623762376238,39.46478069874311
-68.35643564356435,39.05024528970973
-68.33663366336634,38.63638819648766
-68.31683168316832,38.22332522545899
-68.29702970297029,37.81115534376922
-68.27722772277228,37.39996057763466
-68.25742574257427,36.98980597008028
-68.23762376237623,36.58073959991984
-68.21782178217822,36.17279266347006
-68.19801980198021,35.765979620144684
-68.17821782178217,35.360298402704146
-68.15841584158416,34.955730692549935
-68.13861386138615,34.55224226005075
-68.11881188118812,34.149783369478996
-68.0990099009901,33.748289247725246
-68.07920792079209,33.347680615551965
-68.05940594059406,32.94786427975245
-68.03960396039604,32.54873378420344
-68.01980198019803,32.150170117446194
-68.0,31.752042474108848
-67.98019801980199,31.354209067196845
-67.96039603960396,30.95651798803652
-67.94059405940594,30.55880811046203
-67.92079207920793,30.160910035696347
-67.9009900990099,29.762647074293945
-67.88118811881188,29.363836261493002
-67.86138613861387,28.96428940236993
-67.84158415841586,28.563814143304256
-67.82178217821782,28.162215066447484
-67.8019801980198,27.75929480415192
-67.7821782178218,27.354855170654204
-67.76237623762376,26.948698308730116
-67.74257425742574,26.540627849543736
-67.72277227722773,26.130450084512198
-67.70297029702971,25.717975148703346
-67.68316831683168,25.30301821608703
-67.66336633663367,24.88540070788181
-67.64356435643565,24.464951516295503
-67.62376237623762,24.04150824716618
-67.60396039603961,23.61491848639906
-67.58415841584159,23.185041096692228
-67.56435643564356,22.751747552894674
-67.54455445544555,22.3149233264915
-67.52475247524752,21.87446933223051
-67.50495049504951,21.430303452870024
-67.48514851485149,20.982362161543303
-67.46534653465346,20.53060226542412
-67.44554455445545,20.07500279940107
-67.42574257425743,19.615567104520768
-67.4059405940594,19.152325133288144
-67.38613861386139,18.68533603282191
-67.36633663366337,18.21469106773248
-67.34653465346534,17.740516957888993
-67.32673267326733,17.26297972254391
-67.30693069306932,16.782289142290086
-67.28712871287128,16.29870397487228
-67.26732673267327,15.812538090946315
-67.24752475247526,15.32416773258597
-67.22772277227722,14.834040141865582
-67.20792079207921,14.342683860317536
-67.1881188118812,13.850721063266882
-67.16831683168317,13.358882365910622
-67.14851485148515,12.868024618667125
-67.12871287128714,12.379152292459658
-67.10891089108911,11.893443128668396
-67.08910891089108,11.412278771128742
-67.06930693069307,10.937281068345037
-67.04950495049505,10.470354563626085
-67.02970297029704,10.013735265565288
-67.00990099009901,9.570044935130957
-66.99009900990099,9.142348584706658
-66.97029702970298,8.734210331886883
-66.95049504950495,8.349738850468901
-66.93069306930693,7.993608258758346
-66.91089108910892,7.671033820144219
-66.8910891089109,7.387676009628163
-66.87128712871286,7.149445029733168
-66.85148514851485,6.96218646473137
-66.83168316831684,6.831253052653788
-66.8118811881188,6.761007686560899
-66.79207920792079,6.754346982723612
-66.77227722772278,6.812359078742646
-66.75247524752476,6.93421053278051
-66.73267326732673,7.117293928275824
-66.71287128712872,7.357588830184452
-66.6930693069307,7.650134401468448
-66.67326732673267,7.9895041796271515
-66.65346534653466,8.370203948532417
-66.63366336633663,8.78695746864489
-66.61386138613861,9.234880872921087
-66.5940594059406,9.709566517451186
-66.57425742574257,10.20710294604146
-66.55445544554456,10.724055123342994
-66.53465346534654,11.257423327831091
-66.51485148514851,11.804593150238365
-66.4950495049505,12.363284226240708
-66.47524752475248,12.931501910725256
-66.45544554455445,13.50749388173028
-66.43564356435644,14.08971232842243
-66.41584158415841,14.67678163750812
-66.39603960396039,15.267471124500311
-66.37623762376238,15.860672208081024
-66.35643564356437,16.45537939966435
-66.33663366336633,17.050674516493885
-66.31683168316832,17.645713590382112
-66.2970297029703,18.239716016174945
-66.27722772277227,18.831955554148884
-66.25742574257426,19.42175286413197
-66.23762376237624,20.008469304481935
-66.21782178217822,20.59150177602678
-66.1980198019802,21.170278430303025
-66.17821782178218,21.744255093854246
-66.15841584158416,22.31291228697845
-66.13861386138613,22.875752737088987
-66.11881188118812,23.43229930462524
-66.0990099009901,23.98209325393892
-66.07920792079209,24.52469281340042
-66.05940594059406,25.05967197861545
-66.03960396039604,25.58661952052874
-66.01980198019803,26.105138166649915
-66.0,26.614843928939013
-65.98019801980197,27.115365556251195
-65.96039603960396,27.606344092841088
-65.94059405940595,28.08743252740494
-65.92079207920791,28.558295519612145
-65.9009900990099,29.01860919313564
-65.88118811881189,29.468060985910522
-65.86138613861385,29.906349549791937
-65.84158415841584,30.33318469299554
-65.82178217821783,30.748287359728295
-65.8019801980198,31.15138964228542
-65.78217821782178,31.542234821628803
-65.76237623762377,31.920577433094408
-65.74257425742574,32.28618335441984
-65.72277227722772,32.63882991375321
-65.70297029702971,32.97830601571253
-65.68316831683168,33.304412283921856
-65.66336633663366,33.61696121876555
-65.64356435643565,33.91577736938013
-65.62376237623762,34.200697519153444
-65.60396039603961,34.471570884225706
-65.58415841584159,34.728259324691294
-65.56435643564356,34.97063756838912
-65.54455445544555,35.19859344734304
-65.52475247524752,35.41202814707737
-65.5049504950495,35.610856469186984
-65.48514851485149,35.79500710768814
-65.46534653465346,35.96442293981796
-65.44554455445544,36.119061332087014
-65.42574257425743,36.25889446252281
-65.40594059405942,36.3839096601724
-65.38613861386138,36.49410976306015
-65.36633663366337,36.58951349592229
-65.34653465346535,36.67015586916353
-65.32673267326732,36.7360886006011
-65.3069306930693,36.78738056167896
-65.2871287128713,36.82411824994721
-65.26732673267327,36.84640628970823
-65.24752475247524,36.85436796282851
-65.22772277227723,36.84814577180275
-65.20792079207921,36.82790203722889
-65.18811881188118,36.79381953190635
-65.16831683168317,36.74610215380001
-65.14851485148515,36.68497564011121
-65.12871287128714,36.61068832465856
-65.10891089108911,36.523511940684216
-65.08910891089108,36.42374247105664
-65.06930693069307,36.311701047622925
-65.04950495049505,36.187734901159175
-65.02970297029702,36.05221836295683
-65.00990099009901,35.90555391854501
-64.990099009901,35.74817331336039
-64.97029702970296,35.580538709308506
-64.95049504950495,35.40314389008259
-64.93069306930694,35.21651551178273
-64.9108910891089,35.02121439377305
-64.89108910891089,34.817836842782775
-64.87128712871288,34.607016000959256
-64.85148514851485,34.389423205869875
-64.83168316831683,34.16576934728285
-64.81188118811882,33.936806201895
-64.79207920792079,33.703327722985065
-64.77227722772277,33.466171257233235
-64.75247524752476,33.2262186556619
-64.73267326732673,32.98439723984177
-64.7128712871287,32.74168057823386
-64.6930693069307,32.499089020908926
-64.67326732673267,32.257689934065624
-64.65346534653466,32.01859756899848
-64.63366336633663,31.782972493764888
-64.61386138613861,31.55202051018618
-64.5940594059406,31.326990974508064
-64.57425742574257,31.109174437660666
-64.55445544554455,30.899899521309084
-64.53465346534654,30.700528949552517
-64.51485148514851,30.5124546640198
-64.49504950495049,30.337091962997324
-64.47524752475248,30.17587262377251
-64.45544554455446,30.030236992024864
-64.43564356435643,29.901625052960746
-64.41584158415841,29.791466535626714
-64.3960396039604,29.70117014354825
-64.37623762376236,29.632112049986265
-64.35643564356435,29.58562384248371
-64.33663366336634,29.562980146178322
-64.31683168316832,29.565386195317092
-64.29702970297029,29.593965654034076
-64.27722772277228,29.649749007372712
-64.25742574257426,29.733662848866853
-64.23762376237623,29.84652037975971
-64.21782178217822,29.98901340638016
-64.1980198019802,30.16170607701496
-64.17821782178218,30.365030540027384
-64.15841584158416,30.59928463456606
-64.13861386138613,30.864631648621362
-64.11881188118812,31.161102101633748
-64.0990099009901,31.48859743557031
-64.07920792079207,31.84689543407206
-64.05940594059406,32.235657137647124
-64.03960396039605,32.65443498636057
-64.01980198019801,33.10268190103022
-64.0,33.579761009186846
-63.98019801980198,34.08495573143543
-63.96039603960396,34.61747996494237
-63.94059405940594,35.17648813065557
-63.92079207920793,35.76108488646797
-63.900990099009896,36.37033434693455
-63.88118811881188,37.00326868878237
-63.86138613861387,37.658896058246285
-63.841584158415834,38.33620772970647
-63.82178217821782,39.0341844942221
-63.801980198019805,39.751802280861995
-63.78217821782178,40.488037033137246
-63.76237623762376,41.241868877552506
-63.742574257425744,42.01228563173816
-63.72277227722772,42.7982857063409
-63.7029702970297,43.59888045844507
-63.68316831683168,44.413096055362345
-63.66336633663366,45.23997490673972
-63.64356435643564,46.078576720595336
-63.62376237623763,46.92797923554547
-63.6039603960396,47.78727867749242
-63.584158415841586,48.65558998470191
-63.56435643564357,49.5320468407345
-63.544554455445535,50.415801550281635
-63.524752475247524,51.30602478871635
-63.504950495049506,52.20190525218211
-63.48514851485148,53.10264923136242
-63.46534653465346,54.007480128726655
-63.44554455445545,54.915637936038316
-63.42574257425742,55.82637868623775
-63.4059405940594,56.73897389145699
-63.38613861386139,57.65270997686764
-63.36633663366336,58.566887718281926
-63.34653465346535,59.48082168989318
-63.32673267326733,60.39383972723355
-63.30693069306931,61.30528240931291
-63.28712871287129,62.21450256296628
-63.26732673267327,63.12086479164847
-63.24752475247526,64.02374503026108
-63.227722772277225,64.92253012705343
-63.20792079207921,65.81661745319468
-63.188118811881196,66.70541454025165
-63.168316831683164,67.58833874551378
-63.14851485148515,68.46481694487382
-63.128712871287135,69.3342852527882
-63.10891089108911,70.19618876869839
-63.08910891089109,71.04998134918614
-63.069306930693074,71.89512540505541
-63.04950495049505,72.73109172247682
-63.02970297029703,73.55735930729246
-63.00990099009902,74.37341525155612
-62.99009900990099,75.17875462137407
-62.97029702970298,75.97288036511006
-62.95049504950496,76.7553032410262
-62.930693069306926,77.52554176344296
-62.910891089108915,78.28312216651993
-62.8910891089109,79.02757838477883
-62.87128712871287,79.7584520495123
-62.851485148514854,80.4752925002483
-62.831683168316836,81.17765681046214
-62.81188118811881,81.86510982675645
-62.79207920792079,82.53722422075205
-62.77227722772278,83.19358055296044
-62.75247524752475,83.8337673479308
-62.73267326732673,84.45738117998957
-62.71287128712872,85.06402676891302
-62.69306930693069,85.65331708489565
-62.67326732673268,86.2248734621977
-62.65346534653466,86.77832572087556
-62.633663366336634,87.31331229601778
-62.613861386138616,87.82948037392744
-62.5940594059406,88.326486034709
-62.57425742574257,88.80399440073366
-62.554455445544555,89.26167979047251
-62.534653465346544,89.69922587720271
-62.51485148514851,90.11632585210351
-62.4950495049505,90.51268259127424
-62.47524752475248,90.88800882621787
-62.45544554455445,91.2420273173456
-62.43564356435644,91.5744710300704
-62.41584158415842,91.88508331306743
-62.396039603960396,92.17361807829019
-62.37623762376238,92.43983998234243
-62.35643564356436,92.68352460881448
-62.336633663366335,92.90445865120341
-62.31683168316832,93.10244009604641
-62.297029702970306,93.27727840590518
-62.277227722772274,93.42879470184948
-62.257425742574256,93.55682194509713
-62.237623762376245,93.66120511747773
-62.21782178217821,93.74180140039547
-62.1980198019802,93.79848035197809
-62.178217821782184,93.83112408210692
-62.15841584158416,93.8396274250344
-62.13861386138614,93.82389810930425
-62.11881188118812,93.78385692470177
-62.0990099009901,93.71943788597049
-62.07920792079208,93.63058839304412
-62.05940594059407,93.51726938755345
-62.039603960396036,93.37945550538049
-62.019801980198025,93.2171352250434
-62.00000000000001,93.03031101171058
-61.980198019801975,92.81899945665363
-61.960396039603964,92.58323141196536
-61.940594059405946,92.32305212038159
-61.92079207920792,92.03852134006307
-61.9009900990099,91.72971346420861
-61.881188118811885,91.39671763538854
-61.86138613861386,91.03963785450543
-61.84158415841584,90.65859308430817
-61.82178217821783,90.25371734740501
-61.8019801980198,89.82515981874343
-61.78217821782178,89.37308491254589
-61.76237623762377,88.8976723637153
-61.74257425742574,88.39911730374841
-61.722772277227726,87.8776303312222
-61.70297029702971,87.3334375769471
-61.68316831683168,86.76678076390971
-61.663366336633665,86.17791726216112
-61.64356435643565,85.5671201388394
-61.62376237623762,84.93467820355272
-61.603960396039604,84.28089604938612
-61.58415841584159,83.60609408983797
-61.56435643564356,82.91060859203527
-61.54455445544555,82.1947917066233
-61.52475247524753,81.45901149477692
-61.5049504950495,80.70365195283266
-61.48514851485149,79.92911303509938
-61.46534653465347,79.13581067546632
-61.445544554455445,78.32417680849225
-61.42574257425743,77.49465939073131
-61.40594059405941,76.64772242312416
-61.386138613861384,75.78384597536503
-61.366336633663366,74.90352621323945
-61.346534653465355,74.00727543001985
-61.32673267326732,73.09562208310207
-61.306930693069305,72.16911083716984
-61.287128712871294,71.22830261528271
-61.26732673267326,70.27377465939844
-61.24752475247525,69.30612060196118
-61.22772277227723,68.32595055031344
-61.20792079207921,67.33389118582076
-61.18811881188119,66.33058587973159
-61.16831683168317,65.31669482793319
-61.148514851485146,64.2928952069
-61.12871287128713,63.25988135326486
-61.10891089108912,62.21836496957225
-61.089108910891085,61.16907535888829
-61.069306930693074,60.112759691040864
-61.049504950495056,59.05018330333659
-61.02970297029702,57.9821300386373
-61.00990099009901,56.90940262366628
-60.990099009900995,55.832823090334394
-60.97029702970297,54.75323324270987
-60.95049504950495,53.67149517197574
-60.93069306930693,52.58849182129217
-60.91089108910891,51.505127601869845
-60.89108910891089,50.42232906071347
-60.87128712871288,49.341045599353706
-60.85148514851485,48.26225024137802
-60.83168316831683,47.186940444609725
-60.81188118811882,46.11613895126794
-60.792079207920786,45.050894666246
-60.772277227722775,43.99228354963428
-60.75247524752476,42.94140950462241
-60.73267326732673,41.899405235767865
-60.71287128712871,40.8674330451161
-60.693069306930695,39.846685524599366
-60.67326732673267,38.83838609232252
-60.65346534653465,37.84378930758583
-60.63366336633664,36.86418088466193
-60.61386138613861,35.90087730839188
-60.5940594059406,34.95522493568975
-60.57425742574258,34.02859844635256
-60.55445544554455,33.12239848477426
-60.53465346534654,32.23804831227496
-60.51485148514852,31.376989269326064
-60.495049504950494,30.540674830172737
-60.475247524752476,29.73056302217023
-60.45544554455446,28.94810698230351
-60.43564356435643,28.194743438343078
-60.415841584158414,27.471878936947466
-60.3960396039604,26.780873700923237
-60.37623762376237,26.123023087395985
-60.35643564356435,25.499536740865484
-60.33663366336634,24.911515690219797
-60.31683168316831,24.35992782275675
-60.2970297029703,23.845582371614192
-60.27722772277228,23.369104260019103
-60.257425742574256,22.930909334683868
-60.23762376237624,22.531181665330973
-60.21782178217822,22.169854160292196
-60.198019801980195,21.84659372531171
-60.17821782178218,21.56079205861681
-60.158415841584166,21.311562927974457
-60.13861386138613,21.09774642919722
-60.11881188118812,20.917920311043808
-60.099009900990104,20.77041801190543
-60.07920792079207,20.65335263808245
-60.05940594059406,20.56464576818638
-60.03960396039604,20.50205972893609
-60.01980198019802,20.463231873739623
-60.0,20.445709408039736
-59.980198019801975,20.446983428979106
-59.960396039603964,20.4645210541674
-59.94059405940594,20.495794772090925
-59.92079207920792,20.538308422071967
-59.9009900990099,20.58961947654312
-59.88118811881188,20.647357532158875
-59.86138613861386,20.70923910663089
-59.84158415841584,20.773078980458717
-59.82178217821782,20.836798418227026
-59.8019801980198,20.898430658179077
-59.78217821782179,20.95612407885989
-59.76237623762376,21.008143445924762
-59.74257425742574,21.05286961851799
-59.722772277227726,21.088798059710456
-59.7029702970297,21.114536454806498
-59.68316831683168,21.12880169901537
-59.663366336633665,21.130416474940446
-59.64356435643565,21.118305602453425
-59.62376237623762,21.091492309883524
-59.603960396039604,21.04909454656009
-59.584158415841586,20.990321432699268
-59.56435643564357,20.91446992326263
-59.54455445544555,20.82092174743998
-59.524752475247524,20.7091406744664
-59.504950495049506,20.57867014922891
-59.48514851485149,20.4291313372511
-59.46534653465346,20.260221617945685
-59.44554455445545,20.07171356737089
-59.42574257425743,19.86345447711579
-59.4059405940594,19.63536646449609
-59.38613861386139,19.387447241247457
-59.366336633663366,19.119771623806507
-59.34653465346535,18.832493888720144
-59.32673267326733,18.52585110259787
-59.30693069306931,18.200167588462843
-59.28712871287129,17.855860730804707
-59.26732673267327,17.49344837186077
-59.24752475247525,17.113558113747754
-59.227722772277225,16.716938917401027
-59.207920792079214,16.304475482316143
-59.18811881188119,15.877206002979955
-59.16831683168317,15.436344029652425
-59.14851485148515,14.983305311154444
-59.12871287128713,14.519740658359776
-59.10891089108911,14.047576021535143
-59.08910891089109,13.5690610859925
-59.069306930693074,13.086827689579879
-59.04950495049505,12.603959129331523
-59.02970297029703,12.12407074571026
-59.00990099009901,11.651400721418321
-58.99009900990099,11.190907321724486
-58.97029702970298,10.748364199727796
-58.95049504950495,10.330438240681369
-58.930693069306926,9.944724463396913
-58.910891089108915,9.59970074679236
-58.89108910891089,9.304555307592134
-58.87128712871287,9.068839680451877
-58.851485148514854,8.901920662356824
-58.831683168316836,8.812255267882868
-58.81188118811881,8.806588093696819
-58.79207920792079,8.88924075487692
-58.772277227722775,9.06168101889041
-58.75247524752475,9.322494182729907
-58.73267326732674,9.667752372519798
-58.71287128712871,10.091655974814522
-58.693069306930695,10.587266936561855
-58.67326732673268,11.147177405385817
-58.65346534653465,11.764024506752294
-58.633663366336634,12.43082967747836
-58.613861386138616,13.141184756529888
-58.5940594059406,13.889324620050992
-58.57425742574257,14.670126129248485
-58.554455445544555,15.479065139243787
-58.53465346534654,16.312153687491158
-58.51485148514851,17.165871249367758
-58.4950495049505,18.037097952278604
-58.475247524752476,18.923053694146912
-58.45544554455445,19.821244714033575
-58.43564356435644,20.72941781243887
-58.415841584158414,21.645521728035508
-58.396039603960396,22.567674877565157
-58.37623762376238,23.49413858380293
-58.35643564356436,24.423294947691446
-58.336633663366335,25.353628603747087
-58.31683168316832,26.283711698657722
-58.2970297029703,27.21219153386679
-58.277227722772274,28.137780405450908
-58.25742574257426,29.059247255492576
-58.23762376237624,29.9754108178899
-58.21782178217822,30.885133998917063
-58.1980198019802,31.787319280187997
-58.17821782178218,32.6809049704539
-58.15841584158416,33.56486216429521
-58.13861386138614,34.43819229150951
-58.11881188118812,35.29992516192886
-58.0990099009901,36.149117427426646
-58.07920792079208,36.98485139674238
-58.05940594059406,37.80623415006745
-58.039603960396036,38.612396909591006
-58.019801980198025,39.402494629797594
-58.0,40.17570577755902
-57.980198019801975,40.93123227722734
-57.960396039603964,41.66829960022333
-57.94059405940594,42.38615698218978
-57.92079207920792,43.08407775377784
-57.9009900990099,43.76135977366524
-57.881188118811885,44.41732595455597
-57.86138613861386,45.051324874753654
-57.84158415841584,45.662731469493394
-57.82178217821782,46.25094779760856
-57.8019801980198,46.81540388033639
-57.78217821782179,47.35555861016533
-57.76237623762376,47.87090072862145
-57.742574257425744,48.36094987280491
-57.722772277227726,48.82525769133885
-57.7029702970297,49.26340903119664
-57.68316831683168,49.67502319764345
-57.663366336633665,50.059755290272655
-57.64356435643565,50.41729761884836
-57.62376237623762,50.74738120338513
-57.603960396039604,51.04977736361258
-57.584158415841586,51.32429940368597
-57.56435643564356,51.570804398716525
-57.54455445544555,51.78919509040351
-57.524752475247524,51.97942189975121
-57.5049504950495,52.14148506553704
-57.48514851485149,52.27543691785352
-57.46534653465346,52.38138429665637
-57.445544554455445,52.45949112579336
-57.42574257425743,52.509981153432406
-57.40594059405941,52.533140870113485
-57.386138613861384,52.529322615770106
-57.366336633663366,52.49894788693576
-57.34653465346535,52.44251085489702
-57.32673267326732,52.36058210467575
-57.30693069306931,52.25381260330592
-57.28712871287129,52.12293790377098
-57.26732673267327,51.968782588015216
-57.24752475247525,51.79226494843562
-57.227722772277225,51.59440190196156
-57.20792079207921,51.376314123964164
-57.18811881188119,51.139231380494586
-57.16831683168317,50.884498026386375
-57.148514851485146,50.61357862319809
-57.12871287128713,50.3280636144332
-57.10891089108911,50.02967497557532
-57.089108910891085,49.720271732881606
-57.069306930693074,49.40185521733357
-57.04950495049505,49.076573888556965
-57.02970297029702,48.746727528033354
-57.00990099009901,48.41477056202282
-56.99009900990099,48.083314233264616
-56.97029702970298,47.75512729831018
-56.95049504950495,47.43313488662699
-56.93069306930693,47.120415121669275
-56.910891089108915,46.82019307721862
-56.89108910891089,46.53583162974705
-56.87128712871287,46.27081877552434
-56.851485148514854,46.0287510164089
-56.831683168316836,45.8133124874333
-56.81188118811881,45.628249608230846
-56.79207920792079,45.477341192821704
-56.772277227722775,45.364364148676025
-56.75247524752475,45.29305513193734
-56.73267326732674,45.26706879097522
-56.71287128712871,45.28993350835567
-56.693069306930695,45.36500581912906
-56.67326732673268,45.49542491384633
-56.65346534653465,45.684068799179414
-56.633663366336634,45.93351376112384
-56.613861386138616,46.245998736081944
-56.5940594059406,46.62339603526858
-56.57425742574257,47.067189593240144
-56.554455445544555,47.578461541730064
-56.53465346534654,48.157887477635796
-56.51485148514851,48.8057403393576
-56.4950495049505,49.521902371421824
-56.475247524752476,50.305884282193645
-56.45544554455446,51.15685041304507
-56.43564356435644,52.07364855659989
-56.415841584158414,53.05484299015602
-56.396039603960396,54.098749319485634
-56.37623762376238,55.20346984023416
-56.35643564356436,56.36692829613816
-56.336633663366335,57.58690312089935
-56.31683168316832,58.86105847119078
-56.2970297029703,60.186972573236766
-56.277227722772274,61.56216310097952
-56.25742574257426,62.98410947140986
-56.23762376237624,64.45027207814607
-56.21782178217822,65.95810858739648
-56.1980198019802,67.50508749323434
-56.17821782178218,69.08869917544924
-56.15841584158416,70.706464727686
-56.13861386138614,72.35594283083857
-56.11881188118812,74.03473494114931
-56.0990099009901,75.74048904804012
-56.07920792079208,77.47090223659303
-56.05940594059406,79.22372226635525
-56.039603960396036,80.99674835369943
-56.019801980198025,82.78783132071702
-56.0,84.59487325050596
-55.98019801980198,86.41582676732452
-55.960396039603964,88.24869404074776
-55.94059405940594,90.0915255957999
-55.92079207920792,91.94241899604405
-55.9009900990099,93.79951745367929
-55.881188118811885,95.66100840967522
-55.86138613861386,97.52512211767649
-55.84158415841584,99.39013025764133
-55.82178217821782,101.25434459874498
-55.8019801980198,103.11611572579869
-55.78217821782179,104.97383183913763
-55.76237623762376,106.82591763446713
-55.742574257425744,108.6708332663908
-55.722772277227726,110.5070733971597
-55.7029702970297,112.33316633047883
-55.68316831683168,114.14767322889858
-55.663366336633665,115.9491874123349
-55.64356435643565,117.73633373453494
-55.62376237623762,119.5077680337956
-55.603960396039604,121.26217665389265
-55.584158415841586,122.99827603096901
-55.56435643564356,124.71481234202273
-55.54455445544555,126.41056121060765
-55.524752475247524,128.08432746539748
-55.504950495049506,129.7349449473457
-55.48514851485149,131.36127636129146
-55.46534653465346,132.96221316800265
-55.445544554455445,134.53667551280705
-55.42574257425743,136.08361218713065
-55.40594059405941,137.60200061943698
-55.386138613861384,139.0908468922391
-55.366336633663366,140.54918578203046
-55.34653465346535,141.97608081915467
-55.32673267326732,143.37062436480363
-55.30693069306931,144.73193770249347
-55.28712871287129,146.0591711415284
-55.26732673267327,147.35150413010814
-55.24752475247525,148.60814537588018
-55.227722772277225,149.8283329718728
-55.20792079207921,151.01133452587234
-55.18811881188119,152.15644729143096
-55.16831683168317,153.26299829880446
-55.148514851485146,154.33034448423012
-55.12871287128713,155.35787281605377
-55.10891089108911,156.34500041631412
-55.089108910891085,157.2911746764813
-55.069306930693074,158.1958733661322
-55.04950495049505,159.05860473342776
-55.02970297029703,159.87890759632933
-55.00990099009901,160.65635142356695
-54.99009900990099,161.39053640443743
-54.97029702970297,162.08109350657517
-54.95049504950495,162.72768452089846
-54.93069306930693,163.33000209299217
-54.91089108910891,163.88776974024066
-54.89108910891089,164.40074185407775
-54.87128712871287,164.8687036867681
-54.85148514851485,165.29147132218137
-54.831683168316836,165.66889163006613
-54.81188118811881,166.0008422033693
-54.79207920792079,166.2872312781918
-54.772277227722775,166.52799763600535
-54.75247524752475,166.7231104877953
-54.73267326732673,166.87256933982786
-54.71287128712871,166.9764038407745
-54.693069306930695,167.0346736099601
-54.67326732673267,167.04746804652987
-54.65346534653465,167.0149061193631
-54.633663366336634,166.93713613758942
-54.61386138613861,166.81433550159053
-54.5940594059406,166.646710434399
-54.57425742574257,166.43449569343076
-54.554455445544555,166.17795426251243
-54.53465346534654,165.8773770241911
-54.51485148514851,165.53308241233535
-54.4950495049505,165.14541604506047
-54.475247524752476,164.71475033803267
-54.45544554455446,164.2414840982285
-54.43564356435644,163.7260420982462
-54.415841584158414,163.16887463128666
-54.396039603960396,162.57045704693877
-54.37623762376238,161.93128926792815
-54.35643564356436,161.25189528799922
-54.336633663366335,160.53282265112603
-54.31683168316832,159.77464191225957
-54.2970297029703,158.977946079838
-54.277227722772274,158.14335004030306
-54.25742574257426,157.2714899648817
-54.23762376237624,156.36302269890749
-54.21782178217822,155.41862513397126
-54.1980198019802,154.43899356320748
-54.17821782178218,153.42484302003368
-54.15841584158416,152.37690660067932
-54.13861386138614,151.29593477085064
-54.11881188118812,150.1826946568942
-54.0990099009901,149.03796932183445
-54.079207920792086,147.86255702667546
-54.05940594059406,146.65727047736863
-54.039603960396036,145.42293605786355
-54.019801980198025,144.16039304967163
-54.0,142.87049283838513
-53.98019801980198,141.55409810760997
-53.960396039603964,140.21208202078216
-53.94059405940594,138.845327391353
-53.92079207920792,137.45472584184367
-53.9009900990099,136.04117695228203
-53.881188118811885,134.60558739855367
-53.86138613861386,133.148870081212
-53.84158415841584,131.67194324531096
-53.82178217821782,130.17572959184116
-53.8019801980198,128.66115538136904
-53.78217821782179,127.12914953049815
-53.76237623762376,125.58064270179307
-53.742574257425744,124.01656638782872
-53.722772277227726,122.43785199005168
-53.7029702970297,120.84542989316598
-53.68316831683168,119.24022853578289
-53.663366336633665,117.62317347810423
-53.64356435643565,115.99518646743957
-53.62376237623762,114.35718450239236
-53.60396039603961,112.7100788965863
-53.584158415841586,111.05477434284157
-53.56435643564356,109.39216797875405
-53.54455445544555,107.72314845467395
-53.524752475247524,106.04859500512957
-53.504950495049506,104.3693765247928
-53.48514851485149,102.68635065013773
-53.46534653465346,101.00036284800274
-53.445544554455445,99.31224551232734
-53.42574257425743,97.62281707040228
-53.40594059405941,95.93288110003911
-53.386138613861384,94.24322545914043
-53.366336633663366,92.55462142922735
-53.34653465346535,90.86782287456245
-53.32673267326732,89.18356541858957
-53.30693069306931,87.50256563950012
-53.28712871287129,85.82552028682476
-53.26732673267327,84.15310552104388
-53.24752475247525,82.48597617830487
-53.227722772277225,80.82476506243202
-53.20792079207921,79.1700822665151
-53.18811881188119,77.52251452646094
-53.16831683168317,75.88262460899489
-53.148514851485146,74.25095073669884
-53.128712871287135,72.62800605277181
-53.10891089108911,71.01427812829867
-53.089108910891085,69.4102285149092
-53.069306930693074,67.81629234580227
-53.04950495049505,66.23287798820557
-53.02970297029703,64.66036675042707
-53.00990099009901,63.09911264674384
-52.99009900990099,61.54944222345846
-52.97029702970297,60.01165444953978
-52.95049504950495,58.486020675350154
-52.93069306930693,56.972784663056395
-52.91089108910891,55.472162692420255
-52.89108910891089,53.98434374578389
-52.87128712871287,52.50948977620434
-52.85148514851485,51.04773606286742
-52.831683168316836,49.59919165813424
-52.81188118811881,48.16393993086504
-52.79207920792079,46.74203921104882
-52.772277227722775,45.33352354127422
-52.75247524752475,43.9384035412517
-52.73267326732673,42.556667392491086
-52.71287128712871,41.18828195142616
-52.693069306930695,39.83319400085316
-52.67326732673267,38.49133165163519
-52.65346534653466,37.16260590939358
-52.633663366336634,35.84691242457283
-52.61386138613861,34.54413344914382
-52.5940594059406,33.25414002970119
-52.57425742574257,31.97679447539143
-52.554455445544555,30.7119531507662
-52.53465346534654,29.45946965939581
-52.51485148514851,28.219198505480197
-52.495049504950494,26.990999350011393
-52.475247524752476,25.774742018553184
-52.45544554455446,24.570312474229492
-52.43564356435643,23.37762004922975
-52.415841584158414,22.196606341886362
-52.396039603960396,21.02725635076066
-52.37623762376237,19.869612658011416
-52.35643564356436,18.723793832424924
-52.336633663366335,17.590018763418506
-52.31683168316832,16.468639468225273
-52.2970297029703,15.360186213473044
-52.277227722772274,14.265430860730303
-52.257425742574256,13.185477700887928
-52.23762376237624,12.12189658503338
-52.21782178217822,11.076922466643659
-52.198019801980195,10.053761282293024
-52.178217821782184,9.057069001711639
-52.15841584158416,8.09371547574961
-52.13861386138613,7.174013632543144
-52.11881188118812,6.313675223443848
-52.0990099009901,5.5367398992262045
-52.07920792079208,4.879175804973428
-52.05940594059406,4.390615541972972
-52.039603960396036,4.1270600791788805
-52.01980198019802,4.127525672567126
-52.0,4.388008317518859
-51.98019801980198,4.863460877798674
-51.96039603960396,5.495354014411165
-51.94059405940594,6.233640966606034
-51.92079207920792,7.04257807202243
-51.9009900990099,7.8983551830610335
-51.881188118811885,8.78534308679379
-51.86138613861386,9.693166118734625
-51.84158415841585,10.61477698655708
-51.82178217821782,11.545254790348139
-51.8019801980198,12.481060540423744
-51.78217821782179,13.419571241294996
-51.76237623762376,14.358783034331331
-51.742574257425744,15.297118126793446
-51.722772277227726,16.233296580816337
-51.70297029702971,17.166249462043368
-51.68316831683168,18.095058912459614
-51.663366336633665,19.01891610751248
-51.64356435643565,19.937091323962655
-51.62376237623762,20.84891235927249
-51.60396039603961,21.753748809212958
-51.584158415841586,22.65100052070183
-51.56435643564356,23.540089064905942
-51.54455445544555,24.420451425568817
-51.524752475247524,25.291535333167836
-51.504950495049506,26.152795836598344
-51.48514851485149,27.003692815787044
-51.46534653465346,27.8436892171375
-51.445544554455445,28.672249849577927
-51.42574257425743,29.48884061921791
-51.40594059405941,30.29292810992751
-51.386138613861384,31.083979438729735
-51.36633663366337,31.861462330945905
-51.34653465346535,32.624845372087904
-51.32673267326732,33.3735984026312
-51.30693069306931,34.10719302879536
-51.28712871287129,34.82510322785788
-51.26732673267327,35.526806030730526
-51.24752475247525,36.21178226783002
-51.22772277227723,36.87951736689044
-51.20792079207921,37.52950219345674
-51.18811881188119,38.161233926484364
-51.16831683168317,38.774216962842445
-51.148514851485146,39.36796384564836
-51.128712871287135,39.941996212295514
-51.10891089108911,40.49584575882709
-51.089108910891085,41.02905521797586
-51.069306930693074,41.541179348767145
-51.04950495049505,42.03178593608739
-51.02970297029703,42.50045679906621
-51.00990099009901,42.94678880752492
-50.99009900990099,43.370394906113866
-50.97029702970297,43.770905146106045
-50.95049504950495,44.14796772514417
-50.93069306930693,44.50125003555386
-50.91089108910891,44.83043972214917
-50.8910891089109,45.13524575076603
-50.87128712871287,45.41539948907419
-50.85148514851485,45.670655801540114
-50.831683168316836,45.900794160744624
-50.81188118811881,46.10561977760666
-50.79207920792079,46.28496475342755
-50.772277227722775,46.43868925705401
-50.75247524752476,46.56668273086512
-50.73267326732673,46.66886512971922
-50.71287128712871,46.745188197456265
-50.693069306930695,46.79563678603817
-50.67326732673267,46.82023022292734
-50.65346534653466,46.81902373285127
-50.633663366336634,46.79210992067747
-50.61386138613861,46.73962032272802
-50.5940594059406,46.66172703448982
-50.57425742574257,46.55864442332119
-50.554455445544555,46.430630935408
-50.53465346534654,46.27799100686778
-50.51485148514851,46.101077089522576
-50.495049504950494,45.90029180243224
-50.475247524752476,45.67609022076937
-50.45544554455446,45.428982313978686
-50.43564356435643,45.15953554534017
-50.41584158415842,44.86837764497733
-50.396039603960396,44.556199567920864
-50.37623762376237,44.22375864794089
-50.35643564356436,43.8718819563496
-50.336633663366335,43.50146987266814
-50.31683168316832,43.113499870725846
-50.2970297029703,42.709030519145905
-50.27722772277228,42.289205688945906
-50.257425742574256,41.85525895276442
-50.23762376237624,41.40851814957381
-50.21782178217822,40.95041007515583
-50.198019801980195,40.48246524155135
-50.178217821782184,40.00632262757082
-50.15841584158416,39.52373431669194
-50.13861386138613,39.03656988776505
-50.11881188118812,38.546820387522295
-50.0990099009901,38.05660167183865
-50.07920792079208,37.56815685533632
-50.05940594059406,37.083857557204
-50.039603960396036,36.60620357684448
-50.01980198019802,36.13782057915387
-50.0,35.681455320310356
-49.98019801980198,35.23996790703349
-49.96039603960396,34.81632056329393
-49.940594059405946,34.41356238801498
-49.92079207920792,34.03480963621278
-49.900990099009896,33.68322115526436
-49.881188118811885,33.361968767165415
-49.86138613861386,33.074202612709186
-49.84158415841584,32.823011764163205
-49.82178217821782,32.61138075988933
-49.801980198019805,32.44214309691536
-49.78217821782178,32.31793310328461
-49.76237623762376,32.24113795829407
-49.742574257425744,32.213851886745495
-49.72277227722772,32.23783467559219
-49.70297029702971,32.314476610676216
-49.68316831683168,32.44477168971187
-49.66336633663366,32.62930054326239
-49.64356435643565,32.86822392393408
-49.62376237623762,33.16128696496737
-49.603960396039604,33.50783373678849
-49.584158415841586,33.906831019371715
-49.56435643564356,34.3568997233325
-49.54455445544554,34.85635207570611
-49.524752475247524,35.40323255288961
-49.504950495049506,35.99536058296382
-49.48514851485148,36.630373222072116
-49.46534653465347,37.30576629230034
-49.445544554455445,38.01893280589699
-49.42574257425743,38.767197850943504
-49.40594059405941,39.5478494435905
-49.386138613861384,40.35816513921196
-49.36633663366337,41.195434427215474
-49.34653465346535,42.056977108470754
-49.32673267326733,42.9401579734795
-49.30693069306931,43.84239817061161
-49.28712871287129,44.76118368598819
-49.26732673267327,45.69407135926625
-49.24752475247525,46.638692841339164
-49.22772277227723,47.59275686822754
-49.20792079207921,48.554050186127
-49.18811881188119,49.52043742018479
-49.16831683168317,50.48986013727307
-49.148514851485146,51.46033531291885
-49.128712871287135,52.42995337589469
-49.10891089108911,53.39687597140244
-49.089108910891085,54.35933355548198
-49.069306930693074,55.31562290914356
-49.04950495049505,56.264104640466
-49.02970297029703,57.20320072614372
-49.00990099009901,58.13139213027526
-48.990099009900995,59.04721652714142
-48.97029702970297,59.94926614591843
-48.95049504950495,60.83618574834238
-48.93069306930693,61.70667074496073
-48.91089108910891,62.55946545149227
-48.8910891089109,63.39336148372557
-48.87128712871287,64.20719628711717
-48.851485148514854,64.99985179563429
-48.831683168316836,65.77025321328374
-48.81188118811881,66.51736791106616
-48.79207920792079,67.24020443170033
-48.772277227722775,67.93781159430156
-48.75247524752476,68.60927769121552
-48.73267326732673,69.25372976935112
-48.71287128712871,69.87033298859401
-48.693069306930695,70.45829005018234
-48.67326732673267,71.01684068826657
-48.65346534653466,71.54526121824271
-48.633663366336634,72.04286413582408
-48.61386138613861,72.50899776119692
-48.5940594059406,72.94304592297958
-48.57425742574257,73.34442767706844
-48.554455445544555,73.71259705580631
-48.53465346534654,74.04704284324244
-48.51485148514852,74.34728837257342
-48.495049504950494,74.6128913421541
-48.475247524752476,74.8434436467512
-48.45544554455446,75.03857122097808
-48.43564356435643,75.19793389209853
-48.41584158415842,75.3212252396199
-48.396039603960396,75.40817245931416
-48.37623762376238,75.45853622950924
-48.35643564356436,75.47211057768246
-48.336633663366335,75.44872274556802
-48.31683168316832,75.3882330511548
-48.2970297029703,75.29053474611032
-48.27722772277228,75.15555386731266
-48.257425742574256,74.98324908131242
-48.23762376237624,74.77361152067917
-48.21782178217822,74.52666461131278
-48.198019801980195,74.24246388992127
-48.178217821782184,73.92109681098287
-48.15841584158416,73.562682542624
-48.13861386138613,73.16737175095491
-48.11881188118812,72.73534637251547
-48.0990099009901,72.26681937459173
-48.07920792079208,71.7620345032761
-48.05940594059406,71.22126601925464
-48.03960396039604,70.6448184214244
-48.01980198019802,70.03302615856315
-48.0,69.3862533294055
-47.98019801980198,68.70489337161744
-47.96039603960396,67.98936874031274
-47.940594059405946,67.24013057692179
-47.92079207920792,66.4576583694078
-47.9009900990099,65.64245960503462
-47.881188118811885,64.79506941712754
-47.86138613861386,63.916050227539436
-47.84158415841584,63.005991386850845
-47.82178217821782,62.06550881469866
-47.801980198019805,61.095244643060404
-47.78217821782178,60.0958668658316
-47.76237623762376,59.068068998642914
-47.742574257425744,58.01256975359342
-47.72277227722772,56.93011273445666
-47.70297029702971,55.821466158984194
-47.68316831683168,54.68742261623494
-47.66336633663366,53.5287988684569
-47.64356435643565,52.34643570902213
-47.62376237623762,51.14119789036404
-47.603960396039604,49.91397413892388
-47.584158415841586,48.665677277951374
-47.56435643564357,47.397244483854884
-47.54455445544554,46.10963770796129
-47.524752475247524,44.80384430343585
-47.504950495049506,43.48087790727669
-47.48514851485148,42.14177964048649
-47.46534653465347,40.787619706763266
-47.445544554455445,39.41949949276077
-47.42574257425743,38.038554303128045
-47.40594059405941,36.64595690393494
-47.386138613861384,35.242922102690116
-47.366336633663366,33.8307126676527
-47.34653465346535,32.4106469917944
-47.32673267326733,30.984109049710366
-47.306930693069305,29.552561397005373
-47.28712871287129,28.117562248215034
-47.26732673267327,26.68078808220037
-47.24752475247524,25.2440638262232
-47.22772277227723,23.809403559489745
-47.20792079207921,22.37906600740452
-47.18811881188118,20.955631111725577
-47.16831683168317,19.542107043810194
-47.148514851485146,18.142081784947017
-47.12871287128713,16.759940768347633
-47.10891089108911,15.401183442609367
-47.08910891089109,14.072888755505097
-47.06930693069307,12.784403888662485
-47.04950495049505,11.548359884132239
-47.02970297029703,10.382135296601076
-47.009900990099005,9.309832237432547
-46.990099009900995,8.364520759447528
-46.97029702970297,7.589582336905365
-46.95049504950495,7.03617225100354
-46.93069306930693,6.752572960662817
-46.91089108910891,6.765640695987786
-46.89108910891089,7.066189750105422
-46.87128712871287,7.612636162329804
-46.851485148514854,8.349350642360186
-46.831683168316836,9.223588985648474
-46.81188118811881,10.193031473971281
-46.79207920792079,11.226329520927406
-46.772277227722775,12.300970723559788
-46.75247524752476,13.400850715988144
-46.73267326732673,14.514325459191758
-46.71287128712871,15.632822065350528
-46.693069306930695,16.749891315053443
-46.67326732673267,17.86057005571999
-46.65346534653466,18.96095147535936
-46.633663366336634,20.04789289251134
-46.613861386138616,21.118814580621112
-46.5940594059406,22.171559340338526
-46.57425742574257,23.204293083123346
-46.554455445544555,24.215433471808087
-46.53465346534654,25.203598023250493
-46.51485148514852,26.167565898795836
-46.495049504950494,27.106249451637506
-46.475247524752476,28.018672819208412
-46.45544554455446,28.903955665132628
-46.43564356435643,29.761300729060533
-46.41584158415842,30.58998422316775
-46.396039603960396,31.389348378726552
-46.37623762376238,32.15879563243438
-46.35643564356436,32.897784074821296
-46.336633663366335,33.605823878545245
-46.31683168316832,34.28247449385586
-46.2970297029703,34.92734244956175
-46.27722772277228,35.54007963572346
-46.257425742574256,36.12038197267175
-46.23762376237624,36.667988392402144
-46.21782178217822,37.18268007475379
-46.198019801980195,37.66427989336668
-46.178217821782184,38.1126520361789
-46.15841584158416,38.52770177287553
-46.13861386138614,38.909375347747385
-46.11881188118812,39.257659981244196
-46.0990099009901,39.57258396739828
-46.07920792079208,39.85421685746826
-46.05940594059406,40.10266972277103
-46.03960396039604,40.318095491857385
-46.01980198019802,40.50068935904016
-46.0,40.65068926287408
-45.98019801980198,40.76837643457052
-45.96039603960396,40.85407601754957
-45.940594059405946,40.90815776041874
-45.92079207920792,40.93103678663946
-45.9009900990099,40.923174445019754
-45.881188118811885,40.88507924595207
-45.86138613861386,40.81730788900478
-45.84158415841584,40.72046638805868
-45.82178217821782,40.59521130064461
-45.801980198019805,40.44225106845077
-45.78217821782178,40.262347476096984
-45.76237623762376,40.056317235161245
-45.742574257425744,39.82503370002853
-45.72277227722772,39.56942872132553
-45.70297029702971,39.29049464140336
-45.68316831683168,38.98928643439876
-45.663366336633665,38.66692399068584
-45.64356435643565,38.32459454182567
-45.62376237623762,37.96355521720132
-45.603960396039604,37.58513571711873
-45.584158415841586,37.19074107894485
-45.56435643564357,36.78185450249087
-45.54455445544554,36.36004018794538
-45.524752475247524,35.92694612381544
-45.504950495049506,35.48430674314083
-45.48514851485148,35.03394534335751
-45.46534653465347,34.57777613834238
-45.445544554455445,34.11780578030481
-45.42574257425743,33.6561341545224
-45.40594059405941,33.19495421210304
-45.386138613861384,32.73655056626067
-45.366336633663366,32.2832965380812
-45.34653465346535,31.837649301510044
-45.32673267326733,31.402142748579944
-45.306930693069305,30.97937768028702
-45.28712871287129,30.572008932839108
-45.26732673267327,30.182729081060685
-45.24752475247524,29.81424842873475
-45.22772277227723,29.469271107142927
-45.20792079207921,29.150467263461646
-45.18811881188119,28.860441531421607
-45.16831683168317,28.60169823316878
-45.148514851485146,28.376604051158196
-45.12871287128713,28.18734921088158
-45.10891089108911,28.03590849950245
-45.08910891089109,27.92400367612505
-45.06930693069307,27.853068968885758
-45.04950495049505,27.82422136938095
-45.02970297029703,27.838237304813102
-45.009900990099005,27.89553698904042
-44.990099009900995,27.996177342979767
-44.97029702970297,28.139853870518326
-44.95049504950495,28.325911331569827
-44.93069306930693,28.55336252916202
-44.91089108910891,28.820914078846272
-44.89108910891089,29.12699769970315
-44.87128712871287,29.469805380977398
-44.851485148514854,29.847326739948016
-44.83168316831683,30.25738697919038
-44.81188118811881,30.69768404561954
-44.79207920792079,31.165823853656352
-44.77227722772277,31.65935272438041
-44.75247524752476,32.17578648029428
-44.73267326732673,32.71263589769896
-44.71287128712871,33.2674284407045
-44.693069306930695,33.83772637559938
-44.67326732673267,34.421141491150884
-44.65346534653465,35.01534673336591
-44.633663366336634,35.61808510890465
-44.613861386138616,36.227176227373995
-44.59405940594059,36.8405208467619
-44.57425742574257,37.45610376517678
-44.554455445544555,38.07199537158123
-44.53465346534653,38.68635213288254
-44.51485148514852,39.29741625792429
-44.495049504950494,39.90351474295033
-44.475247524752476,40.50305796949405
-44.45544554455446,41.09453799524316
-44.43564356435643,41.6765266516356
-44.415841584158414,42.24767353881778
-44.396039603960396,42.80670398899115
-44.37623762376238,43.352417052807326
-44.35643564356436,43.88368355000197
-44.336633663366335,44.399444214515725
-44.31683168316832,44.89870795557665
-44.2970297029703,45.38055024927556
-44.27722772277228,45.84411166974672
-44.257425742574256,46.28859656490455
-44.237623762376245,46.71327187854727
-44.21782178217822,47.1174661183245
-44.198019801980195,47.50056846740927
-44.178217821782184,47.86202803657766
-44.15841584158416,48.20135325266638
-44.13861386138614,48.518111378954
-44.11881188118812,48.81192816281969
-44.0990099009901,49.082487606007845
-44.07920792079208,49.32953185291867
-44.05940594059406,49.55286119250592
-44.03960396039604,49.752334169560605
-44.01980198019802,49.927867801360236
-44.0,50.079437895838055
-43.98019801980198,50.20707946755334
-43.96039603960396,50.310887247793
-43.940594059405946,50.391016285088256
-43.92079207920792,50.44768263225598
-43.9009900990099,50.4811641157535
-43.881188118811885,50.49180118263361
-43.86138613861386,50.47999781967677
-43.84158415841584,50.446222538322836
-43.82178217821782,50.39100941779021
-43.801980198019805,50.31495919721356
-43.78217821782178,50.218740405709
-43.76237623762377,50.103090516940874
-43.742574257425744,49.96881711196894
-43.72277227722772,49.81679903084828
-43.70297029702971,49.64798748959175
-43.68316831683168,49.4634071346423
-43.663366336633665,49.26415700190656
-43.64356435643565,49.05141134165653
-43.62376237623762,48.82642026420936
-43.603960396039604,48.59051015428746
-43.584158415841586,48.345083794407756
-43.56435643564357,48.09162012968117
-43.54455445544554,47.831673598210145
-43.524752475247524,47.566872943125304
-43.504950495049506,47.298919414566846
-43.48514851485148,47.02958426306702
-43.46534653465347,46.76070542041064
-43.445544554455445,46.49418326085257
-43.42574257425743,46.23197533536989
-43.40594059405941,45.976089975332464
-43.386138613861384,45.728578670552
-43.366336633663366,45.491527141075785
-43.34653465346535,45.26704504319475
-43.32673267326733,45.057254278616746
-43.306930693069305,44.864275911972086
-43.287128712871294,44.69021574567068
-43.26732673267327,44.53714865193066
-43.24752475247524,44.40710181814346
-43.22772277227723,44.30203712145433
-43.20792079207921,44.223832908554094
-43.18811881188119,44.174265513548285
-43.16831683168317,44.15499089624351
-43.148514851485146,44.167526820946875
-43.12871287128713,44.21323601780318
-43.10891089108911,44.2933107713782
-43.08910891089109,44.40875936235483
-43.06930693069307,44.560394747095735
-43.04950495049505,44.74882579748343
-43.02970297029703,44.974451342753824
-43.009900990099005,45.237457160545716
-42.990099009900995,45.537815961930164
-42.97029702970297,45.87529031131647
-42.95049504950495,46.24943832347571
-42.93069306930693,46.659621892498436
-42.91089108910891,47.10501713617035
-42.89108910891089,47.584626687295795
-42.87128712871287,48.097293432461825
-42.851485148514854,48.64171528842351
-42.83168316831683,49.21646061500233
-42.81188118811882,49.819983888268524
-42.79207920792079,50.450641295230305
-42.77227722772277,51.10670595738409
-42.75247524752476,51.78638254146134
-42.73267326732673,52.487821068091336
-42.71287128712871,53.20912977999993
-42.693069306930695,53.948386978574305
-42.67326732673267,54.70365177961674
-42.65346534653465,55.47297377500528
-42.633663366336634,56.25440161643651
-42.613861386138616,57.04599056054496
-42.59405940594059,57.845809031889196
-42.57425742574257,58.651944272190256
-42.554455445544555,59.462507151540564
-42.53465346534653,60.275636220844184
-42.51485148514852,61.08950108526085
-42.495049504950494,61.902305176606156
-42.475247524752476,62.71228799913102
-42.45544554455446,63.517726918397294
-42.43564356435643,64.31693855752494
-42.415841584158414,65.10827985926024
-42.396039603960396,65.8901488663828
-42.37623762376238,66.66098526713164
-42.35643564356435,67.41927074673872
-42.33663366336634,68.16352918090703
-42.31683168316832,68.89232670222248
-42.29702970297029,69.60427166607528
-42.27722772277228,70.29801453869368
-42.257425742574256,70.97224772635604
-42.23762376237624,71.62570536172625
-42.21782178217822,72.25716306052577
-42.198019801980195,72.86543765938421
-42.17821782178218,73.44938694366557
-42.15841584158416,74.00790937231814
-42.13861386138614,74.53994380530789
-42.118811881188115,75.04446923794157
-42.0990099009901,75.5205045453352
-42.07920792079208,75.96710823941166
-42.059405940594054,76.38337824009524
-42.03960396039604,76.76845166178923
-42.01980198019802,77.12150461575665
-42.0,77.44175202865945
-41.98019801980198,77.72844747723123
-41.96039603960396,77.98088303885389
-41.94059405940594,78.1983891576663
-41.92079207920792,78.3803345257473
-41.9009900990099,78.52612597887607
-41.88118811881188,78.6352084063765
-41.86138613861387,78.7070646745933
-41.84158415841584,78.74121556362128
-41.821782178217816,78.73721971701565
-41.801980198019805,78.69467360434547
-41.78217821782178,78.61321149661613
-41.76237623762377,78.49250545477976
-41.742574257425744,78.33226533177351
-41.72277227722772,78.13223878878016
-41.70297029702971,77.89221132669311
-41.68316831683168,77.61200633409403
-41.663366336633665,77.2914851534207
-41.64356435643565,76.9305471674208
-41.62376237623762,76.52912990846364
-41.603960396039604,76.08720919382273
-41.584158415841586,75.60479929066257
-41.56435643564357,75.08195311517393
-41.54455445544554,74.51876247112166
-41.52475247524753,73.91535833401767
-41.504950495049506,73.27191118823295
-41.48514851485148,72.58863142564708
-41.46534653465347,71.86576981593798
-41.445544554455445,71.10361806038
-41.42574257425743,70.30250944310302
-41.40594059405941,69.4628195962309
-41.38613861386139,68.58496739824638
-41.366336633663366,67.6694160284214
-41.34653465346535,66.71667420432823
-41.32673267326733,65.72729763445872
-41.306930693069305,64.70189072401739
-41.287128712871294,63.6411085792489
-41.26732673267327,62.54565936450802
-41.24752475247524,61.4163070770419
-41.22772277227723,60.253874817593584
-41.20792079207921,59.059248651022315
-41.18811881188119,57.8333821709013
-41.16831683168317,56.57730190640573
-41.148514851485146,55.2921137398997
-41.12871287128713,53.97901054091854
-41.10891089108911,52.63928126855535
-41.08910891089109,51.27432185188559
-41.06930693069307,49.88564822986758
-41.049504950495056,48.47491202167001
-41.02970297029703,47.04391940991498
-41.009900990099005,45.59465395801522
-40.990099009900995,44.12930425452588
-40.97029702970297,42.650297488569
-40.95049504950495,41.16034031693189
-40.93069306930693,39.662468689350966
-40.910891089108915,38.16010865233868
-40.89108910891089,36.65715054057733
-40.87128712871287,35.15803935230382
-40.851485148514854,33.66788441251424
-40.83168316831683,32.19259150090195
-40.81188118811882,30.739020177507786
-40.79207920792079,29.315167588144398
-40.77227722772277,27.9303767716544
-40.75247524752476,26.595561200297112
-40.73267326732673,25.32342629562584
-40.71287128712871,24.12865112814849
-40.693069306930695,23.0279683802521
-40.67326732673267,22.040049972944228
-40.65346534653465,21.185078641735508
-40.633663366336634,20.483882730628896
-40.613861386138616,19.956563926742007
-40.59405940594059,19.620682570433345
-40.57425742574258,19.48927030914289
-40.554455445544555,19.569130120071716
-40.53465346534653,19.859921750979204
-40.51485148514852,20.354330605998154
-40.495049504950494,21.039253491891166
-40.475247524752476,21.89761045114106
-40.45544554455446,22.9102785762388
-40.43564356435644,24.05774945410428
-40.415841584158414,25.321317901310135
-40.396039603960396,26.68379170035687
-40.37623762376238,28.12981440135876
-40.35643564356435,29.645922410174194
-40.33663366336634,31.220444198980868
-40.31683168316832,32.84332092417967
-40.29702970297029,34.50589965675304
-40.27722772277228,36.2007287698117
-40.257425742574256,37.921370431053205
-40.23762376237624,39.6622362171636
-40.21782178217822,41.4184468580524
-40.198019801980195,43.18571458366141
-40.17821782178218,44.96024546452513
-40.15841584158416,46.73865885369198
-40.13861386138614,48.51792115702476
-40.118811881188115,50.29529145561824
-40.099009900990104,52.06827685603046
-40.07920792079208,53.8345957896591
-40.059405940594054,55.592147794280116
-40.03960396039604,57.33898857905345
-40.01980198019802,59.073309398912876
-40.0,60.793419949091266
-39.98019801980198,62.49773414099637
-39.960396039603964,64.18475824233258
-39.94059405940594,65.85308096239265
-39.92079207920792,67.50136514227712
-39.9009900990099,69.12834077317056
-39.88118811881188,70.73279911677703
-39.86138613861387,72.31358774307607
-39.84158415841584,73.86960633369316
-39.821782178217816,75.3998031259814
-39.801980198019805,76.9031718946445
-39.78217821782178,78.37874938540911
-39.76237623762376,79.82561312967073
-39.742574257425744,81.24287958083372
-39.72277227722772,82.62970252274631
-39.7029702970297,83.98527170860102
-39.68316831683168,85.30881169525233
-39.663366336633665,86.59958084335717
-39.64356435643564,87.85687045827432
-39.62376237623763,89.0800040504376
-39.603960396039604,90.26833669707666
-39.58415841584158,91.42125448980876
-39.56435643564357,92.53817405485538
-39.54455445544554,93.61854213451818
-39.524752475247524,94.6618352201412
-39.504950495049506,95.6675592281388
-39.48514851485149,96.63524921181805
-39.46534653465346,97.56446910270893
-39.445544554455445,98.45481147595433
-39.42574257425743,99.30589733503666
-39.4059405940594,100.11737591173845
-39.38613861386139,100.88892447777205
-39.366336633663366,101.62024816497907
-39.34653465346534,102.31107979140361
-39.32673267326733,102.96117969089663
-39.306930693069305,103.57033554421491
-39.287128712871294,104.13836220984922
-39.26732673267327,104.66510155305183
-39.24752475247524,105.15042227174368
-39.22772277227723,105.59421971816533
-39.20792079207921,105.9964157153013
-39.18811881188119,106.35695836725151
-39.16831683168317,106.67582186285678
-39.14851485148515,106.95300627200005
-39.12871287128713,107.18853733411298
-39.10891089108911,107.38246623851124
-39.08910891089109,107.53486939627027
-39.06930693069307,107.64584820343137
-39.049504950495056,107.71552879540214
-39.02970297029703,107.74406179248099
-39.00990099009901,107.73162203649993
-38.990099009900995,107.67840831863576
-38.97029702970297,107.58464309849703
-38.95049504950495,107.45057221464363
-38.93069306930693,107.2764645867485
-38.910891089108915,107.06261190965517
-38.89108910891089,106.80932833963384
-38.87128712871287,106.51695017318248
-38.851485148514854,106.18583551876455
-38.83168316831683,105.8163639619193
-38.81188118811882,105.40893622422459
-38.79207920792079,104.96397381663905
-38.77227722772277,104.48191868779419
-38.75247524752476,103.96323286785757
-38.73267326732673,103.40839810863444
-38.71287128712871,102.8179155206317
-38.693069306930695,102.1923052078575
-38.67326732673268,101.5321059011939
-38.65346534653465,100.8378745912376
-38.633663366336634,100.11018616157548
-38.613861386138616,99.34963302353118
-38.59405940594059,98.55682475350083
-38.57425742574258,97.73238773408228
-38.554455445544555,96.87696480029733
-38.53465346534654,95.99121489231247
-38.51485148514852,95.07581271617985
-38.495049504950494,94.13144841424999
-38.475247524752476,93.15882724705033
-38.45544554455446,92.15866928858748
-38.43564356435644,91.13170913720661
-38.415841584158414,90.07869564434704
-38.396039603960396,89.00039166375646
-38.37623762376238,87.89757382398302
-38.35643564356435,86.77103232725064
-38.33663366336634,85.6215707781482
-38.31683168316832,84.4500060459292
-38.29702970297029,83.25716816463589
-38.27722772277228,82.04390027573073
-38.257425742574256,80.81105861845582
-38.23762376237624,79.55951257374741
-38.21782178217822,78.29014476822583
-38.1980198019802,77.00385124556932
-38.17821782178218,75.70154171347899
-38.15841584158416,74.38413987546666
-38.13861386138614,73.05258385786765
-38.118811881188115,71.70782674381499
-38.099009900990104,70.35083722743573
-38.07920792079208,68.98260040326998
-38.05940594059406,67.60411870789788
-38.03960396039604,66.21641303302236
-38.01980198019802,64.8205240318319
-38.0,63.41751364339566
-37.98019801980198,62.00846686316229
-37.960396039603964,60.5944937913835
-37.94059405940594,59.17673199550212
-37.92079207920792,57.756349227258895
-37.9009900990099,56.33454654050209
-37.88118811881188,54.91256186142209
-37.86138613861387,53.49167406913814
-37.84158415841584,52.07320765113841
-37.821782178217816,50.658538004836345
-37.801980198019805,49.2490974631528
-37.78217821782178,47.846382128079675
-37.76237623762376,46.45195960089321
-37.742574257425744,45.06747769996885
-37.722772277227726,43.69467425541616
-37.7029702970297,42.33538806173812
-37.68316831683168,40.99157105224936
-37.663366336633665,39.6653017276995
-37.64356435643564,38.358799820545414
-37.62376237623763,37.07444209782982
-37.603960396039604,35.81477908968706
-37.584158415841586,34.58255236481045
-37.56435643564357,33.38071174438689
-37.54455445544554,32.21243153656836
-37.524752475247524,31.081124470308513
-37.504950495049506,29.990451501880827
-37.48514851485149,28.944325064389286
-37.46534653465346,27.946902659494963
-37.445544554455445,27.002567020833265
-37.42574257425743,26.115888537237332
-37.4059405940594,25.291565410214204
-37.38613861386139,24.534337406781855
-37.366336633663366,23.8488703731794
-37.34653465346534,23.23961118282084
-37.32673267326733,22.71061662337399
-37.306930693069305,22.265364664157353
-37.28712871287129,21.90656187841937
-37.26732673267327,21.635965311140342
-37.24752475247525,21.45423928539617
-37.227722772277225,21.360866241071154
-37.20792079207921,21.354125228464607
-37.18811881188119,21.431142905122577
-37.168316831683164,21.588011745820175
-37.14851485148515,21.819961151365685
-37.12871287128713,22.121561332964163
-37.10891089108911,22.486938244702426
-37.08910891089109,22.909980114925276
-37.06930693069307,23.384521006187427
-37.04950495049505,23.90449270241122
-37.02970297029703,24.464041707513765
-37.00990099009901,25.057612404572684
-36.99009900990099,25.680000186011327
-36.97029702970297,26.32637974373041
-36.95049504950495,26.992314029846142
-36.930693069306926,27.67374903550993
-36.910891089108915,28.366998809356065
-36.89108910891089,29.06872428370537
-36.871287128712865,29.775908643988032
-36.851485148514854,30.48583124353854
-36.83168316831683,31.196041462493916
-36.81188118811881,31.90433343738966
-36.79207920792079,32.60872223344266
-36.772277227722775,33.3074217746663
-36.75247524752475,33.99882466739705
-36.73267326732673,34.68148393202237
-36.71287128712871,35.35409658021988
-36.693069306930695,36.01548892856695
-36.67326732673268,36.66460351455742
-36.65346534653465,37.30048747088572
-36.633663366336634,37.922282213256416
-36.613861386138616,38.529214302352095
-36.59405940594059,39.120587349445664
-36.57425742574258,39.69577484577381
-36.554455445544555,40.25421380707444
-36.53465346534654,40.7953991359149
-36.51485148514852,41.31887861516187
-36.495049504950494,41.82424845592208
-36.475247524752476,42.311149332399225
-36.45544554455446,42.779262844328116
-36.43564356435644,43.22830835498245
-36.415841584158414,43.65804015925109
-36.396039603960396,44.06824494200652
-36.37623762376238,44.45873949201638
-36.35643564356435,44.82936864104902
-36.33663366336634,45.18000340166592
-36.31683168316832,45.51053928054309
-36.2970297029703,45.8208947470812
-36.27722772277228,46.11100983960286
-36.257425742574256,46.38084489364585
-36.23762376237624,46.63037937878301
-36.21782178217822,46.85961083207391
-36.1980198019802,47.06855387771016
-36.17821782178218,47.257239323685724
-36.15841584158416,47.425713327430884
-36.13861386138614,47.574036623313575
-36.118811881188115,47.70228380575517
-36.099009900990104,47.81054266244517
-36.07920792079208,47.89891355278265
-36.05940594059406,47.967508827238504
-36.03960396039604,48.01645228382598
-36.01980198019802,48.045878658301646
-36.0,48.055933145100866
-35.98019801980198,48.04677094634634
-35.960396039603964,48.01855684656471
-35.94059405940594,47.97146481100567
-35.92079207920792,47.905677605688815
-35.9009900990099,47.82138643750572
-35.88118811881188,47.71879061288558
-35.86138613861387,47.59809721369138
-35.84158415841584,47.45952078915616
-35.82178217821782,47.30328306279435
-35.801980198019805,47.12961265333633
-35.78217821782178,46.938744808835054
-35.76237623762376,46.73092115318374
-35.742574257425744,46.506389444365944
-35.722772277227726,46.265403343832546
-35.7029702970297,46.00822219646794
-35.68316831683168,45.73511082066935
-35.663366336633665,45.446339308119946
-35.64356435643564,45.14218283289005
-35.62376237623763,44.82292146955
-35.603960396039604,44.48884002002646
-35.584158415841586,44.14022784897924
-35.56435643564357,43.77737872752081
-35.54455445544554,43.4005906851446
-35.524752475247524,43.01016586977302
-35.504950495049506,42.60641041588106
-35.48514851485149,42.189634320698566
-35.46534653465346,41.76015132854288
-35.445544554455445,41.31827882338601
-35.42574257425743,40.86433772981575
-35.4059405940594,40.398652422611356
-35.38613861386139,39.9215506452196
-35.366336633663366,39.43336343749076
-35.34653465346535,38.93442507311468
-35.32673267326733,38.425073007287125
-35.306930693069305,37.905647835238995
-35.28712871287129,37.37649326237465
-35.26732673267327,36.837956086895815
-35.24752475247525,36.29038619593493
-35.227722772277225,35.73413657639017
-35.20792079207921,35.16956334184682
-35.18811881188119,34.59702577719063
-35.168316831683164,34.01688640277342
-35.14851485148515,33.42951106028373
-35.12871287128713,32.83526902281509
-35.10891089108911,32.23453313201701
-35.08910891089109,31.62767996567022
-35.06930693069307,31.015090039558984
-35.04950495049505,30.397148048133108
-35.02970297029703,29.774243149176428
-35.00990099009901,29.14676929854718
-34.99009900990099,28.515125642051537
-34.97029702970297,27.879716972682214
-34.95049504950495,27.240954262833252
-34.930693069306926,26.599255282729338
-34.910891089108915,25.955045318230315
-34.89108910891089,25.308758003446975
-34.87128712871287,24.660836286297997
-34.851485148514854,24.01173354833273
-34.83168316831683,23.361914903931687
-34.81188118811881,22.71185870848848
-34.79207920792079,22.06205831049918
-34.772277227722775,21.413024088781977
-34.75247524752475,20.765285823481832
-34.73267326732673,20.119395458249564
-34.71287128712871,19.475930321193346
-34.69306930693069,18.835496884026732
-34.67326732673268,18.198735152373544
-34.65346534653465,17.566323795403846
-34.633663366336634,16.938986139620578
-34.613861386138616,16.31749716906967
-34.59405940594059,15.702691691256895
-34.57425742574257,15.095473842369572
-34.554455445544555,14.496828113181305
-34.53465346534654,13.907832071999453
-34.51485148514851,13.32967093330014
-34.495049504950494,12.763654055107892
-34.475247524752476,12.211233322175092
-34.45544554455445,11.674023153341867
-34.43564356435644,11.15382151617505
-34.415841584158414,10.652630784436868
-34.396039603960396,10.172676471738804
-34.37623762376238,9.71642076434562
-34.35643564356435,9.28656634720713
-34.336633663366335,8.88604436564138
-34.31683168316832,8.517978787584175
-34.2970297029703,8.185618536164686
-34.277227722772274,7.892229529201822
-34.257425742574256,7.640942418139466
-34.23762376237624,7.434559355657466
-34.21782178217822,7.2753343870914975
-34.1980198019802,7.164754745986334
-34.17821782178218,7.103359722648646
-34.15841584158416,7.0906342772172675
-34.13861386138614,7.125003008751249
-34.118811881188115,7.203928749065932
-34.099009900990104,7.324096583723223
-34.07920792079208,7.481647541188428
-34.05940594059406,7.672421784922491
-34.03960396039604,7.892178045716507
-34.01980198019802,8.13676907185254
-34.0,8.402266243933825
-33.98019801980198,8.685036458033172
-33.960396039603964,8.981779841964368
-33.94059405940594,9.28953856001444
-33.92079207920793,9.605686268385595
-33.9009900990099,9.927905982813881
-33.88118811881188,10.254162076521233
-33.86138613861387,10.582670298963956
-33.84158415841584,10.911868265006229
-33.82178217821782,11.240387820049909
-33.801980198019805,11.567029978004818
-33.78217821782178,11.890742675629978
-33.76237623762376,12.210601314603615
-33.742574257425744,12.525791912420573
-33.722772277227726,12.835596611272576
-33.7029702970297,13.139381270122222
-33.68316831683168,13.436584869036652
-33.663366336633665,13.726710473529968
-33.64356435643564,14.00931753213934
-33.62376237623763,14.28401530795173
-33.603960396039604,14.550457271619193
-33.584158415841586,14.808336308163613
-33.56435643564357,15.057380611978164
-33.54455445544554,15.297350163737894
-33.524752475247524,15.528033699544737
-33.504950495049506,15.749246096782613
-33.48514851485149,15.960826113128606
-33.46534653465346,16.162634425244388
-33.44554455445545,16.35455192213216
-33.42574257425743,16.536478215227472
-33.4059405940594,16.708330333235203
-33.38613861386139,16.870041574681952
-33.366336633663366,17.021560495316496
-33.34653465346535,17.16285001097549
-33.32673267326733,17.293886599455018
-33.306930693069305,17.41465958738556
-33.28712871287129,17.525170510174608
-33.26732673267327,17.625432534824526
-33.24752475247525,17.71546993690446
-33.227722772277225,17.79531762420154
-33.20792079207921,17.865020700632673
-33.18811881188119,17.924634064896505
-33.168316831683164,17.97422203911015
-33.14851485148515,18.01385802332826
-33.12871287128713,18.04362417240096
-33.10891089108911,18.0636110921066
-33.08910891089109,18.073917551907524
-33.06930693069307,18.07465021203184
-33.04950495049505,18.065923362891823
-33.02970297029703,18.04785867511449
-33.00990099009901,18.02058495869123
-32.99009900990099,17.984237929954077
-32.97029702970298,17.9389599852612
-32.95049504950495,17.884899980428187
-32.930693069306926,17.822213015075466
-32.910891089108915,17.751060221181532
-32.89108910891089,17.67160855523528
-32.87128712871287,17.584030593473944
-32.851485148514854,17.4885043297748
-32.83168316831683,17.385212975842112
-32.81188118811881,17.274344763396517
-32.79207920792079,17.156092748131883
-32.772277227722775,17.030654615258186
-32.75247524752475,16.89823248649657
-32.73267326732673,16.759032728435347
-32.71287128712871,16.613265762195798
-32.69306930693069,16.46114587439218
-32.67326732673268,16.302891029403163
-32.65346534653465,16.138722683002573
-32.633663366336634,15.968865597424765
-32.613861386138616,15.793547657966066
-32.59405940594059,15.612999691247422
-32.57425742574257,15.427455285285108
-32.554455445544555,15.237150611537237
-32.53465346534654,15.04232424911158
-32.51485148514851,14.843217011337746
-32.4950495049505,14.640071774921323
-32.475247524752476,14.433133311910993
-32.45544554455445,14.222648124720381
-32.43564356435644,14.008864284455067
-32.415841584158414,13.792031272800797
-32.396039603960396,13.57239982773121
-32.37623762376238,13.350221793291714
-32.35643564356435,13.125749973710011
-32.336633663366335,12.899237992070983
-32.31683168316832,12.670940153775627
-32.2970297029703,12.441111314975057
-32.277227722772274,12.210006756134623
-32.257425742574256,11.977882060832865
-32.23762376237624,11.74499299983714
-32.21782178217821,11.511595420416217
-32.1980198019802,11.277945140750015
-32.17821782178218,11.044297849170706
-32.15841584158416,10.810909007816305
-32.13861386138614,10.578033760091301
-32.118811881188115,10.345926841103301
-32.0990099009901,10.114842489975073
-32.07920792079208,9.885034362610302
-32.05940594059406,9.65675544311245
-32.039603960396036,9.430257951612415
-32.019801980198025,9.205793245745065
-32.0,8.983611712421666
-31.98019801980198,8.763962645869103
-31.960396039603964,8.547094107147057
-31.94059405940594,8.333252759510318
-31.920792079207917,8.122683673063223
-31.900990099009903,7.915630091171483
-31.88118811881188,7.712333150075205
-31.86138613861386,7.513031542125689
-31.84158415841584,7.317961112097574
-31.82178217821782,7.1273543751818025
-31.8019801980198,6.941439944637037
-31.782178217821784,6.760441856788131
-31.762376237623762,6.58457878125632
-31.74257425742574,6.414063105155215
-31.722772277227726,6.249099881681325
-31.7029702970297,6.089885636262231
-31.68316831683168,5.936607027391187
-31.663366336633665,5.789439364629156
-31.643564356435643,5.648544993086791
-31.62376237623763,5.514071561998037
-31.603960396039604,5.386150204610584
-31.584158415841582,5.2648936672051425
-31.564356435643568,5.150394436067242
-31.544554455445546,5.0427229218973615
-31.524752475247524,4.941925770489513
-31.50495049504951,4.848024375425357
-31.48514851485149,4.761013671882962
-31.465346534653463,4.680861289417844
-31.44554455445545,4.60750713498777
-31.425742574257427,4.540863465253718
-31.405940594059405,4.480815489554572
-31.38613861386139,4.427222522812397
-31.366336633663366,4.379919682458825
-31.346534653465344,4.338720097223503
-31.32673267326733,4.3034175704658635
-31.306930693069308,4.273789618796381
-31.287128712871286,4.2496007898307235
-31.267326732673272,4.230606152307486
-31.24752475247525,4.216554848038403
-31.227722772277225,4.207193598090236
-31.20792079207921,4.202270064421643
-31.18811881188119,4.201535981640452
-31.168316831683168,4.204749990072689
-31.148514851485153,4.211680119355745
-31.128712871287128,4.222105889833127
-31.108910891089106,4.23582001594862
-31.089108910891092,4.252629710756236
-31.06930693069307,4.272357603069106
-31.04950495049505,4.2948422884646655
-31.029702970297034,4.319938542399817
-31.009900990099013,4.347517228305735
-30.990099009900987,4.377464936071765
-30.970297029702973,4.409683387191178
-30.95049504950495,4.444088642423335
-30.93069306930693,4.480610146494301
-30.910891089108915,4.519189642422829
-30.89108910891089,4.559779985773078
-30.87128712871287,4.602343886689539
-30.851485148514854,4.646852605095992
-30.831683168316832,4.69328462202368
-30.81188118811881,4.741624307720891
-30.792079207920796,4.791860605002447
-30.772277227722775,4.843985744222953
-30.75247524752475,4.897994004286257
-30.732673267326735,4.953880532218388
-30.712871287128714,5.011640232012927
-30.693069306930692,5.071266731691645
-30.673267326732677,5.132751435801231
-30.653465346534652,5.196082668885813
-30.63366336633663,5.261244913840489
-30.613861386138616,5.328218147473837
-30.594059405940595,5.396977274102129
-30.574257425742573,5.467491656583517
-30.55445544554456,5.539724742895981
-30.534653465346537,5.613633785185854
-30.51485148514851,5.689169647181622
-30.495049504950497,5.766276694991723
-30.475247524752476,5.844892765593758
-30.455445544554454,5.924949206778448
-30.43564356435644,6.006370981933625
-30.415841584158414,6.089076832833515
-30.396039603960393,6.172979493526599
-30.37623762376238,6.257985948477311
-30.356435643564357,6.3439977282944175
-30.336633663366335,6.430911236656399
-30.31683168316832,6.5186181023995395
-30.2970297029703,6.607005551151128
-30.277227722772274,6.695956791349164
-30.25742574257426,6.785351409974746
-30.237623762376238,6.875065773818648
-30.217821782178216,6.964973432597869
-30.1980198019802,7.054945520718551
-30.178217821782177,7.144851154942117
-30.158415841584155,7.234557825643437
-30.13861386138614,7.323931779750396
-30.11881188118812,7.412838393818819
-30.099009900990097,7.501142536025312
-30.079207920792083,7.588708916152247
-30.05940594059406,7.67540242289456
-30.039603960396036,7.761088448038917
-30.01980198019802,7.845633197254883
-30.0,7.928903987395501
-29.980198019801982,8.010769530336791
-29.96039603960396,8.09110020349161
-29.94059405940594,8.169768307218849
-29.92079207920792,8.24664830941454
-29.9009900990099,8.321617077621031
-29.88118811881188,8.394554099025585
-29.861386138613863,8.465341688743752
-29.84158415841584,8.533865186796147
-29.821782178217823,8.60001314419312
-29.801980198019802,8.663677498541196
-29.782178217821784,8.724753739579329
-29.762376237623762,8.783141065042674
-29.742574257425744,8.838742527240374
-29.722772277227726,8.891465170717614
-29.7029702970297,8.94122016135806
-29.683168316831683,8.987922907264958
-29.663366336633665,9.031493171743337
-29.643564356435643,9.071855178689143
-29.623762376237625,9.10893771067498
-29.603960396039607,9.142674200007324
-29.584158415841586,9.17300281301548
-29.564356435643564,9.199866527819735
-29.544554455445546,9.223213205814062
-29.524752475247524,9.242995657087713
-29.504950495049506,9.25917170000068
-29.48514851485149,9.271704215119737
-29.465346534653463,9.28056119371434
-29.445544554455445,9.285715781005752
-29.425742574257427,9.287146314358251
-29.405940594059405,9.284836356596765
-29.386138613861387,9.278774724633125
-29.36633663366337,9.268955513580876
-29.346534653465348,9.25537811653726
-29.326732673267326,9.23804724021106
-29.306930693069308,9.216972916574766
-29.287128712871286,9.192170510720397
-29.26732673267327,9.16366072509914
-29.24752475247525,9.131469600326453
-29.227722772277225,9.095628512735171
-29.207920792079207,9.056174168860426
-29.18811881188119,9.013148597040757
-29.168316831683168,8.966599136319738
-29.14851485148515,8.916578422831616
-29.12871287128713,8.863144373852078
-29.10891089108911,8.806360169691427
-29.08910891089109,8.746294233601287
-29.06930693069307,8.683020209857332
-29.04950495049505,8.616616940168283
-29.02970297029703,8.547168438545452
-29.009900990099013,8.474763864746025
-28.990099009900987,8.399497496376336
-28.97029702970297,8.321468699708106
-28.95049504950495,8.240781899217268
-28.93069306930693,8.157546545804752
-28.91089108910891,8.07187708359365
-28.891089108910894,7.9838929151216735
-28.871287128712872,7.893718364654361
-28.85148514851485,7.801482639235355
-28.831683168316832,7.7073197869582515
-28.81188118811881,7.611368651790109
-28.792079207920793,7.513772824096309
-28.772277227722775,7.414680585803942
-28.75247524752475,7.314244848897915
-28.73267326732673,7.212623085661226
-28.712871287128714,7.109977248751038
-28.693069306930692,7.006473678837442
-28.673267326732674,6.902282997124682
-28.653465346534656,6.79757997962046
-28.633663366336634,6.692543409521996
-28.613861386138613,6.587355903549102
-28.594059405940595,6.482203707481796
-28.574257425742573,6.377276455564488
-28.554455445544555,6.272766887835242
-28.534653465346537,6.168870518850206
-28.51485148514851,6.065785250730633
-28.495049504950494,5.963710923000553
-28.475247524752476,5.862848791357768
-28.455445544554458,5.763400927387198
-28.435643564356436,5.665569531353809
-28.415841584158418,5.569556150681863
-28.396039603960396,5.4755607976217675
-28.376237623762375,5.383780961015144
-28.356435643564357,5.294410509073925
-28.33663366336634,5.207638482763552
-28.316831683168317,5.123647782767626
-28.2970297029703,5.042613757121561
-28.277227722772277,4.964702701393594
-28.257425742574256,4.890070288653452
-28.237623762376238,4.818859952218244
-28.21782178217822,4.751201250032742
-28.198019801980198,4.687208245179845
-28.17821782178218,4.62697794200797
-28.15841584158416,4.57058882124719
-28.138613861386137,4.5180995197984695
-28.11881188118812,4.469547701200218
-28.0990099009901,4.424949160777503
-28.07920792079208,4.3842972049892515
-28.05940594059406,4.34756233752773
-28.03960396039604,4.314692275531382
-28.019801980198018,4.285612308305566
-28.0,4.260225998851321
-27.980198019801982,4.238416216060217
-27.96039603960396,4.2200464734766365
-27.940594059405942,4.2049625398582595
-27.92079207920792,4.192994278066067
-27.9009900990099,4.183957662584369
-27.88118811881188,4.1776569224809625
-27.861386138613863,4.173886755897204
-27.84158415841584,4.172434564015652
-27.821782178217823,4.173082656515496
-27.801980198019802,4.175610386296358
-27.78217821782178,4.1797961781743105
-27.762376237623762,4.1854194237701465
-27.742574257425744,4.192262222414966
-27.722772277227723,4.20011095516308
-27.702970297029704,4.208757685606995
-27.683168316831683,4.218001386917301
-27.66336633663366,4.227648999264322
-27.643564356435643,4.2375163254917165
-27.623762376237625,4.247428775637728
-27.603960396039604,4.257221972727502
-27.584158415841586,4.266742233301202
-27.564356435643564,4.275846936527604
-27.544554455445542,4.284404795613375
-27.524752475247524,4.292296044676073
-27.504950495049506,4.299412553415909
-27.485148514851485,4.305657880893264
-27.465346534653467,4.310947278572209
-27.445544554455445,4.315207651588024
-27.425742574257423,4.318377485985167
-27.405940594059405,4.320406748483571
-27.386138613861387,4.3212567641894655
-27.366336633663366,4.320900076582682
-27.346534653465348,4.3193202930953225
-27.326732673267326,4.316511918642835
-27.306930693069305,4.312480178580915
-27.287128712871286,4.307240831729395
-27.26732673267327,4.30081997332649
-27.24752475247525,4.293253827043687
-27.22772277227723,4.284588524499198
-27.207920792079207,4.274879870052688
-27.18811881188119,4.264193088042838
-27.168316831683168,4.252602549044324
-27.14851485148515,4.240191471176226
-27.12871287128713,4.2270515919971805
-27.10891089108911,4.213282806087881
-27.08910891089109,4.198992763064653
-27.06930693069307,4.1842964205125055
-27.04950495049505,4.169315546198302
-27.02970297029703,4.154178163956587
-27.009900990099013,4.139017937866949
-26.99009900990099,4.123973489799689
-26.97029702970297,4.109187646132689
-26.95049504950495,4.0948066104707985
-26.93069306930693,4.080979060557497
-26.91089108910891,4.067855169272839
-26.891089108910894,4.055585551663629
-26.871287128712872,4.044320142331526
-26.85148514851485,4.034207010168386
-26.831683168316832,4.025391120303408
-26.81188118811881,4.018013056111575
-26.792079207920793,4.012207717095457
-26.772277227722775,4.008103011237804
-26.752475247524753,4.005818562855038
-26.73267326732673,4.0054644588829404
-26.712871287128714,4.007140057720949
-26.693069306930692,4.010932885102933
-26.673267326732674,4.0169176408388285
-26.653465346534656,4.02515533862949
-26.633663366336634,4.035692598506411
-26.613861386138613,4.048561107870729
-26.594059405940595,4.063777262752351
-26.574257425742573,4.081341995991765
-26.554455445544555,4.101240793819781
-26.534653465346537,4.123443897052638
-26.514851485148515,4.147906678111998
-26.495049504950494,4.1745701805756035
-26.475247524752476,4.203361804179295
-26.455445544554454,4.234196115274978
-26.435643564356436,4.266975760790912
-26.415841584158418,4.301592462756707
-26.396039603960396,4.337928070400226
-26.376237623762375,4.375855647601157
-26.356435643564357,4.415240574960013
-26.336633663366335,4.455941647753292
-26.316831683168317,4.49781215343013
-26.2970297029703,4.540700914901577
-26.277227722772277,4.58445328853517
-26.257425742574256,4.628912108371243
-26.237623762376238,4.673918570526779
-26.217821782178216,4.719313053975629
-26.198019801980198,4.764935875846906
-26.17821782178218,4.810627981043339
-26.15841584158416,4.856231567343305
-26.138613861386137,4.9015906482279625
-26.11881188118812,4.946551556485308
-26.099009900990097,4.990963392219424
-26.07920792079208,5.034678419261081
-26.05940594059406,5.07755241417501
-26.03960396039604,5.119444972113751
-26.019801980198018,5.16021977371517
-26.0,5.199744817101196
-25.98019801980198,5.237892618836422
-25.96039603960396,5.2745403874642305
-25.940594059405942,5.3095701729736
-25.920792079207924,5.342868995272204
-25.9009900990099,5.374328954463932
-25.88118811881188,5.4038473254573915
-25.861386138613863,5.431326639172779
-25.84158415841584,5.456674752371586
-25.821782178217823,5.479804907909392
-25.801980198019805,5.500635787008244
-25.78217821782178,5.519091554961699
-25.762376237623762,5.535101901523216
-25.742574257425744,5.54860207708638
-25.722772277227723,5.5595329256423724
-25.702970297029704,5.56784091539526
-25.683168316831686,5.573478167828683
-25.66336633663366,5.576402485944926
-25.643564356435643,5.576577382341708
-25.623762376237625,5.573972107747533
-25.603960396039604,5.568561680606271
-25.584158415841586,5.560326918282066
-25.564356435643568,5.549254470446488
-25.544554455445542,5.535336855210444
-25.524752475247524,5.518572498572506
-25.504950495049506,5.4989657777724075
-25.485148514851485,5.476527069161891
-25.465346534653467,5.451272801235576
-25.44554455445545,5.423225513499069
-25.425742574257423,5.392413921890568
-25.405940594059405,5.358872991513821
-25.386138613861387,5.32264401748259
-25.366336633663366,5.283774714718195
-25.346534653465348,5.242319317579587
-25.32673267326733,5.198338690235816
-25.306930693069305,5.151900448710718
-25.287128712871286,5.1030790955329985
-25.26732673267327,5.051956167904702
-25.247524752475247,4.99862040025031
-25.22772277227723,4.94316790191467
-25.20792079207921,4.885702350629796
-25.188118811881186,4.826335202149445
-25.168316831683168,4.765185916138918
-25.14851485148515,4.702382197978168
-25.128712871287128,4.6380602555633
-25.10891089108911,4.5723650694361995
-25.089108910891092,4.505450673597294
-25.069306930693067,4.437480443112568
-25.04950495049505,4.368627383063541
-25.02970297029703,4.299074411450369
-25.00990099009901,4.229014626287366
-24.99009900990099,4.158651544273863
-24.970297029702973,4.088199295037002
-24.950495049504948,4.017882751007853
-24.93069306930693,3.9479375685189697
-24.91089108910891,3.878610110773702
-24.89108910891089,3.810157218082263
-24.871287128712872,3.742845785447324
-24.851485148514854,3.676952102614239
-24.83168316831683,3.612760907646842
-24.81188118811881,3.55056410271595
-24.792079207920793,3.4906590810508633
-24.77227722772277,3.4333466180246606
-24.752475247524753,3.378928288324667
-24.732673267326735,3.3277033862320047
-24.712871287128714,3.279965348047569
-24.693069306930692,3.23599770492542
-24.673267326732674,3.1960696301831693
-24.653465346534656,3.160431185730415
-24.633663366336634,3.1293084143994276
-24.613861386138616,3.1028984641709703
-24.594059405940595,3.0813649611126817
-24.574257425742573,3.0648338646380258
-24.554455445544555,3.053390036621618
-24.534653465346537,3.047074732103558
-24.514851485148515,3.045884173822693
-24.495049504950497,3.0497693090519293
-24.475247524752476,3.0586367717079996
-24.455445544554454,3.07235099414483
-24.435643564356436,3.090737340683346
-24.415841584158418,3.1135860769485357
-24.396039603960396,3.140656951128933
-24.37623762376238,3.171684147683809
-24.356435643564357,3.206381379800462
-24.336633663366335,3.244446910351018
-24.316831683168317,3.2855683268777196
-24.2970297029703,3.32942693842123
-24.277227722772277,3.375701705458765
-24.25742574257426,3.4240726546312907
-24.237623762376238,3.474223764515515
-24.217821782178216,3.5258453360186643
-24.198019801980198,3.5786358807708467
-24.17821782178218,3.63230357370895
-24.15841584158416,3.686567322922912
-24.13861386138614,3.7411575120174754
-24.11881188118812,3.7958164689792655
-24.099009900990097,3.850298711955804
-24.07920792079208,3.9043710173845
-24.05940594059406,3.957812350280256
-24.03960396039604,4.010413690728119
-24.01980198019802,4.061977785088227
-24.0,4.112318845324383
-23.98019801980198,4.1612622153314485
-23.96039603960396,4.208644019202187
-23.940594059405942,4.254310803034981
-23.92079207920792,4.29811917910142
-23.900990099009903,4.339935478912532
-23.88118811881188,4.379635419883008
-23.86138613861386,4.417103788830514
-23.84158415841584,4.452234144403251
-23.821782178217823,4.484928539649107
-23.801980198019802,4.515097265276036
-23.782178217821784,4.542658613664931
-23.762376237623762,4.567538663348533
-23.74257425742574,4.58967108343352
-23.722772277227723,4.608996957294934
-23.702970297029704,4.625464624792337
-23.683168316831683,4.639029542230726
-23.663366336633665,4.649654159303998
-23.643564356435643,4.657307812304228
-23.62376237623762,4.661966632949899
-23.603960396039604,4.663613472273278
-23.584158415841586,4.662237839108203
-23.564356435643564,4.657835852830199
-23.544554455445546,4.650410210119559
-23.524752475247524,4.63997016564184
-23.504950495049503,4.626531526668485
-23.485148514851485,4.610116661791464
-23.465346534653467,4.590754524018445
-23.445544554455445,4.568480688668791
-23.425742574257427,4.543337406622932
-23.405940594059405,4.515373673607963
-23.386138613861387,4.4846453163271205
-23.366336633663366,4.451215096357524
-23.346534653465348,4.4151528328444165
-23.32673267326733,4.376535545104987
-23.306930693069308,4.3354476163136155
-23.287128712871286,4.29198097946088
-23.26732673267327,4.246235326749065
-23.247524752475247,4.198318343487509
-23.22772277227723,4.148345967361619
-23.20792079207921,4.096442673637251
-23.18811881188119,4.042741786396529
-23.168316831683168,3.987385815231389
-23.14851485148515,3.93052681589828
-23.128712871287128,3.8723267721915255
-23.10891089108911,3.812957994649788
-23.089108910891092,3.7526035295795
-23.06930693069307,3.691457569163526
-23.04950495049505,3.629725850018917
-23.02970297029703,3.567626023371719
-23.00990099009901,3.505387974943899
-22.99009900990099,3.443254066643087
-22.970297029702973,3.381479265221509
-22.95049504950495,3.3203311153374417
-22.93069306930693,3.2600895061744866
-22.91089108910891,3.2010461724273402
-22.89108910891089,3.143503862801759
-22.871287128712872,3.0877751032909466
-22.851485148514854,3.034180479849496
-22.831683168316832,2.9830463675121437
-22.81188118811881,2.9347020425829027
-22.792079207920793,2.8894761333705454
-22.77227722772277,2.8476923948346116
-22.752475247524753,2.8096648343246358
-22.732673267326735,2.775692268701356
-22.712871287128714,2.746052454736731
-22.693069306930692,2.7209959994504804
-22.673267326732674,2.7007403171101427
-22.653465346534652,2.6854639454001745
-22.633663366336634,2.675301554921826
-22.613861386138616,2.6703399757527393
-22.594059405940595,2.670615518435535
-22.574257425742573,2.67611278642804
-22.554455445544555,2.6867650709725566
-22.534653465346533,2.702456300902985
-22.514851485148515,2.7230244050717354
-22.495049504950497,2.748265849065309
-22.475247524752476,2.7779410420597137
-22.455445544554454,2.8117802795680196
-22.435643564356436,2.8494898927093493
-22.415841584158414,2.8907583085412702
-22.396039603960396,2.9352617798331146
-22.37623762376238,2.9826696064036065
-22.356435643564357,3.0326487347836517
-22.336633663366335,3.0848676816680323
-22.316831683168317,3.1389997751752814
-22.297029702970296,3.1947257445715045
-22.277227722772277,3.2517357139601857
-22.25742574257426,3.3097306698705737
-22.237623762376238,3.3684234786989355
-22.217821782178216,3.4275395297327726
-22.198019801980198,3.486817075030137
-22.17821782178218,3.546007330422641
-22.15841584158416,3.604874393669811
-22.13861386138614,3.6631950272589133
-22.118811881188122,3.720758345141553
-22.099009900990097,3.7773654352011885
-22.07920792079208,3.8328289426441184
-22.05940594059406,3.8869726338567876
-22.03960396039604,3.939630955552396
-22.01980198019802,3.9906486001638273
-22.0,4.0398800853316175
-21.98019801980198,4.087189352877326
-21.96039603960396,4.1324493907412485
-21.940594059405942,4.17554187990177
-21.92079207920792,4.21635686719868
-21.900990099009903,4.254792464179327
-21.881188118811885,4.29075457151517
-21.86138613861386,4.324156628145223
-21.84158415841584,4.354919384051792
-21.821782178217823,4.38297069542914
-21.801980198019802,4.408245340941827
-21.782178217821784,4.430684857765584
-21.762376237623762,4.450237396143586
-21.74257425742574,4.466857591263724
-21.722772277227723,4.4805064513575
-21.702970297029704,4.491151261032485
-21.683168316831683,4.498765498973026
-21.663366336633665,4.50332876927371
-21.643564356435647,4.504826745805414
-21.62376237623762,4.503251129153182
-21.603960396039604,4.498599615806306
-21.584158415841586,4.49087587942644
-21.564356435643564,4.480089564165563
-21.544554455445546,4.466256290155993
-21.524752475247524,4.449397671447635
-21.504950495049503,4.4295413468243705
-21.485148514851485,4.4067210240927315
-21.465346534653467,4.380976538601744
-21.445544554455445,4.352353926923494
-21.425742574257427,4.320905516798617
-21.40594059405941,4.286690034630204
-21.386138613861384,4.249772731989484
-21.366336633663366,4.210225532777225
-21.346534653465348,4.168127202859114
-21.326732673267326,4.123563544156448
-21.306930693069308,4.0766276153162
-21.287128712871286,4.027419981193262
-21.267326732673265,3.976048993435741
-21.247524752475247,3.9226311044473428
-21.22772277227723,3.8672912168777147
-21.207920792079207,3.810163070520703
-21.18811881188119,3.751389668027762
-21.16831683168317,3.6911237400989183
-21.148514851485146,3.6295282497098023
-21.128712871287128,3.5667769333598973
-21.10891089108911,3.5030548751488513
-21.08910891089109,3.43855910654504
-21.06930693069307,3.373499220814617
-21.04950495049505,3.3080979860230078
-21.029702970297027,3.2425919340860556
-21.00990099009901,3.1772318953276693
-20.99009900990099,3.112283438240161
-20.97029702970297,3.0480271625910476
-20.95049504950495,2.984758780819275
-20.930693069306933,2.9227889082587306
-20.910891089108908,2.8624424680129636
-20.89108910891089,2.8040576027809214
-20.871287128712872,2.747983975857145
-20.851485148514854,2.6945803400034625
-20.831683168316832,2.644211259805458
-20.81188118811881,2.597242894877046
-20.792079207920793,2.5540377920876876
-20.77227722772277,2.514948697861357
-20.752475247524753,2.480311486852758
-20.732673267326735,2.45043740699454
-20.712871287128714,2.4256049535603252
-20.693069306930695,2.406051791289421
-20.673267326732674,2.391967224285642
-20.653465346534652,2.3834857480684044
-20.633663366336634,2.380682190878831
-20.613861386138616,2.383568855889072
-20.594059405940595,2.3920949195133114
-20.574257425742573,2.40614814439609
-20.554455445544555,2.4255587593421972
-20.534653465346533,2.450105175365796
-20.514851485148515,2.479521074438473
-20.495049504950497,2.5135033408772736
-20.475247524752476,2.5517203060084537
-20.455445544554458,2.593819833869642
-20.435643564356436,2.6394368707469846
-20.415841584158414,2.688200193656013
-20.396039603960396,2.73973820430995
-20.37623762376238,2.7936837126858847
-20.356435643564357,2.8496777308828274
-20.336633663366335,2.9073723515852703
-20.316831683168317,2.9664328177756594
-20.297029702970296,3.026538905113739
-20.277227722772277,3.0873857400926443
-20.25742574257426,3.148684169988227
-20.237623762376238,3.2101607883723995
-20.21782178217822,3.2715577053390033
-20.198019801980198,3.3326321365365574
-20.178217821782177,3.393155870851193
-20.15841584158416,3.4529146638219665
-20.13861386138614,3.5117075928999557
-20.11881188118812,3.5693464015227123
-20.099009900990097,3.625654851557869
-20.07920792079208,3.6804680977828705
-20.059405940594058,3.7336320934903906
-20.03960396039604,3.785003032820188
-20.01980198019802,3.8344468328118126
-20.0,3.881838656269518
-19.980198019801982,3.9270624751775163
-19.96039603960396,3.9700106734743756
-19.94059405940594,4.010583687388197
-19.92079207920792,4.048689681167675
-19.900990099009903,4.0842442558557694
-19.88118811881188,4.117170188692157
-19.86138613861386,4.147397200761841
-19.84158415841584,4.17486175060152
-19.82178217821782,4.199506851611232
-19.801980198019802,4.22128191128211
-19.782178217821784,4.240142590429562
-19.762376237623762,4.256050680808242
-19.742574257425744,4.268973999674387
-19.722772277227723,4.27888630005043
-19.7029702970297,4.285767195632711
-19.683168316831683,4.289602099465933
-19.663366336633665,4.290382175687002
-19.643564356435647,4.288104303815949
-19.62376237623762,4.282771055244566
-19.603960396039604,4.2743906817442
-19.584158415841586,4.26297711598413
-19.564356435643564,4.248549984223596
-19.544554455445546,4.231134631513032
-19.524752475247528,4.210762159917193
-19.504950495049506,4.1874694804533865
-19.485148514851485,4.161299379625539
-19.465346534653467,4.132300601627711
-19.445544554455445,4.10052794749103
-19.425742574257427,4.066042392654863
-19.40594059405941,4.028911224655368
-19.386138613861384,3.9892082028399685
-19.366336633663366,3.947013742231159
-19.346534653465348,3.9024151238709703
-19.326732673267326,3.8555067341685665
-19.306930693069308,3.8063903359360696
-19.28712871287129,3.7551753739105114
-19.26732673267327,3.7019793175997293
-19.247524752475247,3.646928044219171
-19.22772277227723,3.590156264259392
-19.207920792079207,3.5318079917773213
-19.18811881188119,3.4720370607559485
-19.16831683168317,3.411007687722681
-19.148514851485146,3.348895079121127
-19.128712871287128,3.2858860795301013
-19.10891089108911,3.2221798535127997
-19.08910891089109,3.1579885894213606
-19.06930693069307,3.093538207604387
-19.049504950495052,3.0290690478784428
-19.02970297029703,2.9648365015465132
-19.00990099009901,2.9011115414510096
-18.99009900990099,2.8381810894440433
-18.97029702970297,2.7763481443997753
-18.95049504950495,2.715931576044848
-18.930693069306933,2.657265471615551
-18.910891089108908,2.6006979056725816
-18.89108910891089,2.5465889913734436
-18.871287128712872,2.495308068343785
-18.85148514851485,2.4472298932916936
-18.831683168316832,2.402729730543425
-18.811881188118814,2.362177296170334
-18.792079207920793,2.325929594653462
-18.77227722772277,2.2943228001707747
-18.752475247524753,2.267663468214762
-18.73267326732673,2.2462195020917837
-18.712871287128714,2.23021142021134
-18.693069306930695,2.2198045469855434
-18.67326732673267,2.2151027574857602
-18.653465346534652,2.2161443281475215
-18.633663366336634,2.222900283535494
-18.613861386138613,2.235275402485426
-18.594059405940595,2.2531117920033905
-18.574257425742577,2.2761946977574095
-18.554455445544555,2.3042600354580176
-18.534653465346533,2.3370030235060693
-18.514851485148515,2.374087280584584
-18.495049504950494,2.4151538111291884
-18.475247524752476,2.459829413636934
-18.455445544554458,2.507734184243768
-18.435643564356432,2.5584879262782416
-18.415841584158414,2.6117153977823153
-18.396039603960396,2.6670504235454766
-18.376237623762375,2.7241389633691226
-18.356435643564357,2.782641266404527
-18.33663366336634,2.842233257556078
-18.316831683168317,2.902607302067714
-18.297029702970296,2.9634724841189635
-18.277227722772277,3.024554519172456
-18.25742574257426,3.0855954013766613
-18.237623762376238,3.146352868856801
-18.21782178217822,3.2065997526323686
-18.198019801980198,3.266123259899499
-18.178217821782177,3.3247242297679445
-18.15841584158416,3.38221638920215
-18.13861386138614,3.4384256286818293
-18.11881188118812,3.493189310689326
-18.0990099009901,3.5463556192498027
-18.07920792079208,3.5977829551107714
-18.059405940594058,3.6473393784965396
-18.03960396039604,3.6949020994919537
-18.01980198019802,3.740357014820277
-18.0,3.783598288936065
-17.980198019801982,3.824527976841156
-17.96039603960396,3.863055685761488
-17.94059405940594,3.899098272724708
-17.92079207920792,3.932579575102771
-17.900990099009903,3.963430171290234
-17.88118811881188,3.991587168849733
-17.861386138613863,4.016994017649954
-17.84158415841584,4.039600345733912
-17.82178217821782,4.059361815876216
-17.801980198019802,4.076240001009515
-17.782178217821784,4.090202276919579
-17.762376237623762,4.101221730821166
-17.742574257425744,4.109277084632997
-17.722772277227723,4.114352631968533
-17.7029702970297,4.116438188051033
-17.683168316831683,4.115529051946857
-17.663366336633665,4.111625980691145
-17.643564356435643,4.1047351750575265
-17.623762376237625,4.0948682768981275
-17.603960396039604,4.082042378155161
-17.584158415841582,4.066280041821901
-17.564356435643564,4.047609335309783
-17.544554455445546,4.026063876863539
-17.524752475247524,4.001682895856369
-17.504950495049506,3.974511307996448
-17.485148514851485,3.944599806683247
-17.465346534653463,3.912004971969446
-17.445544554455445,3.87678939881103
-17.425742574257427,3.839021846523427
-17.405940594059405,3.798777411603401
-17.386138613861387,3.756137726320565
-17.366336633663366,3.7111911857222335
-17.346534653465344,3.6640332059211307
-17.326732673267326,3.6147665167319123
-17.306930693069308,3.56350149186895
-17.287128712871286,3.510356519984713
-17.26732673267327,3.4554584197750335
-17.247524752475247,3.3989429021489928
-17.227722772277225,3.3409550819846325
-17.207920792079207,3.2816500411699026
-17.18811881188119,3.2211934433344656
-17.168316831683168,3.159762198753717
-17.14851485148515,3.097545175146237
-17.128712871287128,3.0347439462468504
-17.10891089108911,2.9715735648219743
-17.08910891089109,2.9082633398710285
-17.06930693069307,2.845057588768481
-17.049504950495052,2.7822163237025412
-17.02970297029703,2.7200158176930875
-17.00990099009901,2.658748978641576
-16.99009900990099,2.5987254405350004
-16.97029702970297,2.5402712599069215
-16.95049504950495,2.4837280845833094
-16.930693069306933,2.4294516433640587
-16.91089108910891,2.3778093937391613
-16.89108910891089,2.329177165606141
-16.871287128712872,2.2839346590420675
-16.85148514851485,2.2424597006612905
-16.831683168316832,2.2051212418934116
-16.811881188118814,2.1722711959271974
-16.792079207920793,2.144235353823898
-16.77227722772277,2.1213037810420845
-16.752475247524753,2.103721249991227
-16.73267326732673,2.091678381113978
-16.712871287128714,2.0853042115844636
-16.693069306930695,2.084660861781259
-16.673267326732674,2.089740817325863
-16.653465346534652,2.100467104215929
-16.633663366336634,2.1166963445035907
-16.613861386138613,2.138224391792287
-16.594059405940595,2.1647940107927672
-16.574257425742577,2.1961039201229644
-16.554455445544555,2.2318184764043463
-16.534653465346533,2.2715773311299685
-16.514851485148515,2.315004513584964
-16.495049504950494,2.361716550156962
-16.475247524752476,2.411329391753714
-16.455445544554458,2.463464063914626
-16.435643564356436,2.5177510658125697
-16.415841584158414,2.573833620974289
-16.396039603960396,2.6313699268859496
-16.376237623762375,2.6900345688689824
-16.356435643564357,2.7495192629868286
-16.33663366336634,2.80953308008702
-16.316831683168317,2.8698022839467003
-16.297029702970296,2.930069894935035
-16.277227722772277,2.990095069317343
-16.257425742574256,3.0496523648743397
-16.237623762376238,3.108530946657803
-16.21782178217822,3.166533772668536
-16.198019801980198,3.223476787915562
-16.178217821782177,3.279188146413262
-16.15841584158416,3.333507473840166
-16.138613861386137,3.3862851784551893
-16.11881188118812,3.4373818141069217
-16.0990099009901,3.486667496482633
-16.07920792079208,3.5340213718804807
-16.059405940594058,3.579331136546945
-16.03960396039604,3.622492603844235
-16.019801980198018,3.6634093160722117
-16.0,3.70199219757205
-15.980198019801982,3.7381592457105066
-15.960396039603959,3.771835256431602
-15.94059405940594,3.8029515812255017
-15.92079207920792,3.8314459125749214
-15.9009900990099,3.857262095175835
-15.881188118811881,3.8803499604781275
-15.861386138613863,3.9006651823431104
-15.84158415841584,3.918169151862039
-15.821782178217822,3.9328288696195193
-15.801980198019802,3.9446168539159996
-15.782178217821784,3.953511063682884
-15.762376237623762,3.9594948350339307
-15.742574257425744,3.9625568305961796
-15.722772277227724,3.9626910009563323
-15.702970297029703,3.95989655774368
-15.683168316831683,3.954177958051631
-15.663366336633665,3.945544900077382
-15.643564356435643,3.934012330036422
-15.623762376237625,3.919600460585928
-15.603960396039605,3.902334801172039
-15.584158415841584,3.882246200901689
-15.564356435643564,3.8593709047320863
-15.544554455445546,3.8337506239722905
-15.524752475247524,3.805432622302646
-15.504950495049506,3.774469818740783
-15.485148514851486,3.7409209092180626
-15.465346534653465,3.7048505086777763
-15.445544554455445,3.6663293158650623
-15.425742574257427,3.6254343032459815
-15.405940594059405,3.5822489347645288
-15.386138613861387,3.5368634144143076
-15.366336633663368,3.4893749688535363
-15.346534653465346,3.439888167511821
-15.326732673267326,3.388515283797998
-15.306930693069308,3.33537670108658
-15.287128712871286,3.2806013670856076
-15.267326732673268,3.2243272999052692
-15.247524752475249,3.1667021485649025
-15.227722772277227,3.10788380967635
-15.207920792079207,3.0480411004706296
-15.18811881188119,2.987354485993497
-15.168316831683168,2.9260168549342174
-15.14851485148515,2.864234333868256
-15.12871287128713,2.8022271233262264
-15.108910891089108,2.7402303306467073
-15.089108910891088,2.6784947636045264
-15.06930693069307,2.617287634943431
-15.049504950495049,2.556893110926835
-15.02970297029703,2.4976126168747745
-15.00990099009901,2.4397647899004204
-14.990099009900991,2.3836849450050193
-14.97029702970297,2.329723897785284
-14.95049504950495,2.2782459691968366
-14.930693069306932,2.2296259907869236
-14.910891089108912,2.1842451399175236
-14.891089108910892,2.1424854721496214
-14.871287128712872,2.1047230900818654
-14.85148514851485,2.071319999484502
-14.831683168316832,2.0426148531174215
-14.811881188118813,2.018912958927301
-14.792079207920793,2.0004761092261734
-14.772277227722773,1.9875129370334537
-14.752475247524753,1.9801705861241488
-14.732673267326732,1.9785284589191012
-14.712871287128714,1.9825946651487967
-14.693069306930694,1.9923055449605882
-14.673267326732674,2.0075283217157556
-14.653465346534654,2.0280666105247813
-14.633663366336634,2.053668230151841
-14.613861386138613,2.084034585396967
-14.594059405940595,2.118830825240935
-14.574257425742575,2.157696031319593
-14.554455445544555,2.2002528227043006
-14.534653465346535,2.246115937943712
-14.514851485148515,2.29489953715619
-14.495049504950494,2.3462231283304074
-14.475247524752476,2.3997161476152282
-14.455445544554456,2.4550213088387194
-14.435643564356436,2.5117968860241895
-14.415841584158416,2.5697181115972323
-14.396039603960396,2.6284778708500247
-14.376237623762375,2.6877868579415254
-14.356435643564357,2.747373336605522
-14.336633663366337,2.806982624364312
-14.316831683168317,2.866376395344738
-14.297029702970297,2.9253318754233555
-14.277227722772277,2.9836409851392953
-14.257425742574256,3.0411094707627964
-14.237623762376238,3.0975560519047165
-14.217821782178218,3.1528116047317067
-14.198019801980198,3.206718392788501
-14.178217821782178,3.2591293522001448
-14.158415841584159,3.3099074342504133
-14.138613861386139,3.358925005681418
-14.118811881188119,3.4060633052617257
-14.099009900990099,3.4512119540093176
-14.07920792079208,3.4942685157620956
-14.05940594059406,3.535138104429535
-14.03960396039604,3.5737330341365556
-14.01980198019802,3.609972508509515
-14.0,3.643782345500425
-13.98019801980198,3.6750947343588525
-13.96039603960396,3.70384802161383
-13.94059405940594,3.7299865231997713
-13.92079207920792,3.753460360138702
-13.900990099009901,3.7742253154657552
-13.881188118811881,3.7922427103518825
-13.861386138613861,3.807479297632181
-13.841584158415841,3.819907171190886
-13.821782178217822,3.8295036898826793
-13.801980198019802,3.8362514148867786
-13.782178217821782,3.8401380595951777
-13.762376237623762,3.8411564513324215
-13.742574257425742,3.8393045043915044
-13.722772277227723,3.834585204052578
-13.702970297029703,3.8270066014290536
-13.683168316831683,3.81658181916182
-13.663366336633663,3.8033290681593455
-13.643564356435643,3.787271675760534
-13.623762376237625,3.768438125881789
-13.603960396039604,3.746862111900771
-13.584158415841584,3.7225826032297102
-13.564356435643566,3.6956439267422647
-13.544554455445544,3.6660958644418202
-13.524752475247524,3.6339937689967416
-13.504950495049506,3.599398699020569
-13.485148514851485,3.562377576241934
-13.465346534653465,3.523003366989168
-13.445544554455447,3.4813552907044323
-13.425742574257425,3.4375190584965285
-13.405940594059405,3.3915871450304564
-13.386138613861387,3.343659097321361
-13.366336633663366,3.293841884228924
-13.346534653465346,3.2422502906057304
-13.326732673267328,3.1890073600954087
-13.306930693069306,3.134244890444863
-13.287128712871286,3.0781039848068654
-13.267326732673268,3.020735661755739
-13.247524752475247,2.962301525474038
-13.227722772277227,2.9029744956016854
-13.207920792079209,2.8429395933296835
-13.188118811881187,2.7823947761640166
-13.168316831683168,2.721551808014203
-13.14851485148515,2.660637143446825
-13.128712871287128,2.5998927946159003
-13.108910891089108,2.539577136068116
-13.08910891089109,2.479965585931721
-13.069306930693068,2.42135108176053
-13.049504950495049,2.364044245770484
-13.02970297029703,2.3083731083497905
-13.009900990099009,2.2546822326171245
-12.99009900990099,2.203331060042243
-12.970297029702971,2.1546912832171423
-12.95049504950495,2.1091430542801572
-12.930693069306932,2.0670698653686235
-12.910891089108912,2.0288520002582464
-12.89108910891089,1.9948585613697887
-12.871287128712872,1.9654382251960048
-12.851485148514852,1.9409090636666566
-12.83168316831683,1.9215479676661176
-12.811881188118813,1.907580387178506
-12.792079207920793,1.8991712172571238
-12.772277227722771,1.8964176691969774
-12.752475247524753,1.8993448470218017
-12.732673267326733,1.9079045041832883
-12.712871287128712,1.9219771205773248
-12.693069306930694,1.9413770776384793
-12.673267326732674,1.9658603896510254
-12.653465346534652,1.995134230184119
-12.633663366336634,2.0288674031351737
-12.613861386138614,2.0667009447822116
-12.594059405940593,2.1082581767711597
-12.574257425742575,2.153153717348125
-12.554455445544555,2.201001157256656
-12.534653465346533,2.2514192854631982
-12.514851485148515,2.304036889862261
-12.495049504950495,2.3584962535990543
-12.475247524752474,2.414455521903598
-12.455445544554456,2.4715901355053074
-12.435643564356436,2.5295935244123235
-12.415841584158414,2.588177239000369
-12.396039603960396,2.647070671082227
-12.376237623762377,2.7060204909971675
-12.356435643564357,2.7647899010084798
-12.336633663366337,2.8231577822227836
-12.316831683168317,2.880917792627679
-12.297029702970297,2.9378774578117897
-12.277227722772277,2.9938572832393953
-12.257425742574258,3.048689907173316
-12.237623762376238,3.1022193059916026
-12.217821782178218,3.1543000582544813
-12.198019801980198,3.204796670027138
-12.178217821782178,3.2535829612940677
-12.158415841584159,3.3005415115198127
-12.138613861386139,3.3455631612868455
-12.118811881188119,3.3885465662936745
-12.099009900990099,3.4293977996872327
-12.07920792079208,3.468029998629277
-12.05940594059406,3.5043630510811425
-12.03960396039604,3.5383233189777177
-12.01980198019802,3.5698433942112304
-12.0,3.5988618841283873
-11.98019801980198,3.6253232235430564
-11.96039603960396,3.6491775105661195
-11.94059405940594,3.6703803638473476
-11.92079207920792,3.6888927991051954
-11.900990099009901,3.704681123087462
-11.881188118811881,3.7177168433569316
-11.861386138613861,3.7279765925325825
-11.841584158415841,3.7354420658384933
-11.821782178217822,3.7400999710222527
-11.801980198019802,3.7419419899021995
-11.782178217821782,3.740964750992536
-11.762376237623762,3.737169812837391
-11.742574257425742,3.7305636578627226
-11.722772277227723,3.7211576967304434
-11.702970297029703,3.7089682833544004
-11.683168316831683,3.694016740915637
-11.663366336633665,3.676329399396271
-11.643564356435643,3.655937645340807
-11.623762376237623,3.6328779847512886
-11.603960396039605,3.607192120232451
-11.584158415841584,3.5789270437254603
-11.564356435643564,3.5481351464060533
-11.544554455445546,3.5148743475768818
-11.524752475247524,3.4792082446537886
-11.504950495049505,3.4412062866325286
-11.485148514851486,3.400943973723104
-11.465346534653465,3.3585030861497405
-11.445544554455445,3.3139719454278533
-11.425742574257427,3.267445711733732
-11.405940594059405,3.219026721259693
-11.386138613861386,3.1688248676710904
-11.366336633663368,3.1169580319137493
-11.346534653465346,3.0635525646073907
-11.326732673267326,3.0087438250295953
-11.306930693069308,2.9526767801432396
-11.287128712871286,2.895506666115235
-11.267326732673267,2.8373997131346567
-11.247524752475249,2.778533931833724
-11.227722772277227,2.7190999559490896
-11.207920792079207,2.6593019306697436
-11.18811881188119,2.5993584289624097
-11.168316831683168,2.539503368550209
-11.148514851485148,2.479986889616551
-11.12871287128713,2.421076137226975
-11.108910891089108,2.3630558725755995
-11.08910891089109,2.3062288134914724
-11.06930693069307,2.2509155778420835
-11.049504950495049,2.1974540752296186
-11.02970297029703,2.1461981658608855
-11.00990099009901,2.0975153858058406
-10.99009900990099,2.051783532401067
-10.970297029702971,2.009385921731703
-10.950495049504951,1.9707051824225352
-10.93069306930693,1.936115545684815
-10.910891089108912,1.9059737351993524
-10.891089108910892,1.8806087470761916
-10.87128712871287,1.8603110213166998
-10.851485148514852,1.8453217081845317
-10.831683168316832,1.8358228802293235
-10.81188118811881,1.8319295862839597
-10.792079207920793,1.8336845538503928
-10.772277227722773,1.841056115621171
-10.752475247524751,1.8539395955288205
-10.732673267326733,1.872162002374091
-10.712871287128714,1.8954895217502763
-10.693069306930692,1.923637037546398
-10.673267326732674,1.956278792036635
-10.653465346534654,1.9930593111674721
-10.633663366336632,2.033603850651516
-10.613861386138614,2.0775278132491897
-10.594059405940595,2.1244448010842127
-10.574257425742573,2.1739731619425338
-10.554455445544555,2.2257410432092337
-10.534653465346535,2.279390073732833
-10.514851485148514,2.334577855294198
-10.495049504950495,2.3909794701401657
-10.475247524752476,2.4482882097507046
-10.455445544554454,2.5062157125004183
-10.435643564356436,2.5644916720598685
-10.415841584158416,2.622863249902346
-10.396039603960396,2.6810942977240035
-10.376237623762377,2.738964470930826
-10.356435643564357,2.7962682934437253
-10.336633663366337,2.8528142170533934
-10.316831683168317,2.9084237051403963
-10.297029702970297,2.962930360290379
-10.277227722772277,3.016179107646739
-10.257425742574258,3.068025440240197
-10.237623762376238,3.118334728559314
-10.217821782178218,3.1669815938935666
-10.198019801980198,3.213849343177787
-10.178217821782178,3.25882946194691
-10.158415841584159,3.3018211613814548
-10.138613861386139,3.3427309751421763
-10.118811881188119,3.3814724016485944
-10.099009900990099,3.417965587571055
-10.07920792079208,3.4521370485216782
-10.05940594059406,3.483919423205412
-10.03960396039604,3.5132512575991455
-10.01980198019802,3.5400768160453766
-10.0,3.5643459164640814
-9.98019801980198,3.586013787193992
-9.96039603960396,3.605040943267503
-9.94059405940594,3.6213930802007517
-9.92079207920792,3.6350409836386053
-9.900990099009901,3.645960453437889
-9.881188118811881,3.6541322409976
-9.861386138613861,3.6595419988583227
-9.841584158415841,3.6621802417926457
-9.821782178217823,3.662042318799716
-9.801980198019802,3.6591283955988425
-9.782178217821782,3.653443447395538
-9.762376237623764,3.644997261867082
-9.742574257425742,3.6338044524889415
-9.722772277227723,3.6198844824989966
-9.702970297029704,3.6032616999760974
-9.683168316831683,3.583965384696254
-9.663366336633663,3.5620298076247865
-9.643564356435645,3.537494304109232
-9.623762376237623,3.510403362058128
-9.603960396039604,3.480806726625442
-9.584158415841586,3.4487595231737758
-9.564356435643564,3.414322400558928
-9.544554455445544,3.3775616970678883
-9.524752475247526,3.3385496316483447
-9.504950495049505,3.297364523388103
-9.485148514851485,3.25409104253181
-9.465346534653467,3.2088204966504152
-9.445544554455445,3.1616511558905978
-9.425742574257425,3.112688621504113
-9.405940594059407,3.0620462420578165
-9.386138613861386,3.0098455818058683
-9.366336633663366,2.956216945600492
-9.346534653465348,2.9012999643343864
-9.326732673267326,2.8452442441214663
-9.306930693069306,2.7882100810672408
-9.287128712871288,2.7303692413358314
-9.267326732673267,2.6719058030044986
-9.247524752475247,2.613017051554333
-9.227722772277229,2.553914414341825
-9.207920792079207,2.4948244105230244
-9.188118811881187,2.435989581100165
-9.16831683168317,2.377669348472561
-9.148514851485148,2.3201407356476413
-9.12871287128713,2.2636988519318235
-9.10891089108911,2.208657024850332
-9.089108910891088,2.155346428543279
-9.06930693069307,2.104115029662547
-9.04950495049505,2.0553256474954655
-9.029702970297029,2.009352912660479
-9.00990099009901,1.9665789176523725
-8.990099009900991,1.927387393832734
-8.97029702970297,1.892156333975242
-8.950495049504951,1.8612491142766348
-8.930693069306932,1.8350043534241252
-8.91089108910891,1.8137249639814264
-8.891089108910892,1.797667071672506
-8.871287128712872,1.7870296551967078
-8.85148514851485,1.7819458414109368
-8.831683168316832,1.782476736129621
-8.811881188118813,1.7886084643551783
-8.792079207920791,1.8002527587352188
-8.772277227722773,1.8172510317009016
-8.752475247524753,1.8393814763122809
-8.732673267326732,1.866368440575447
-8.712871287128714,1.8978931599311273
-8.693069306930694,1.9336049237313475
-8.673267326732672,1.9731318688238284
-8.653465346534654,2.0160907899822043
-8.633663366336634,2.062095581498139
-8.613861386138613,2.1107641346437522
-8.594059405940595,2.1617236856395348
-8.574257425742575,2.2146147279310555
-8.554455445544555,2.2690936727749795
-8.534653465346535,2.3248344721101852
-8.514851485148515,2.3815294186912914
-8.495049504950495,2.4388893212390665
-8.475247524752476,2.496643225644518
-8.455445544554456,2.554537823316198
-8.435643564356436,2.6123366585908596
-8.415841584158416,2.669819220961381
-8.396039603960396,2.726779985678344
-8.376237623762377,2.7830274482214503
-8.356435643564357,2.838383183922764
-8.336633663366337,2.892680953151653
-8.316831683168317,2.945765864368356
-8.297029702970297,2.9974936014670956
-8.277227722772277,3.0477297176703924
-8.257425742574258,3.0963489953903447
-8.237623762376238,3.1432348696070385
-8.217821782178218,3.188278911164328
-8.198019801980198,3.231380365747105
-8.178217821782178,3.2724457440280323
-8.158415841584159,3.311388458441606
-8.138613861386139,3.3481285021756864
-8.118811881188119,3.3825921662057183
-8.099009900990099,3.4147117904909843
-8.07920792079208,3.4444255457770026
-8.05940594059406,3.471677242782565
-8.03960396039604,3.496416165881157
-8.01980198019802,3.518596928706412
-8.0,3.538179349414967
-7.980198019801979,3.555128343625189
-7.96039603960396,3.5694138333170686
-7.9405940594059405,3.581010670226338
-7.92079207920792,3.589898572497044
-7.900990099009901,3.596062073572656
-7.881188118811881,3.5994904825085294
-7.861386138613862,3.6001778550805863
-7.841584158415841,3.5981229752481303
-7.821782178217822,3.593329346706614
-7.801980198019803,3.585805194439581
-7.782178217821782,3.5755634763513755
-7.762376237623762,3.5626219052365635
-7.742574257425743,3.547002981518851
-7.7227722772277225,3.5287340373763496
-7.702970297029703,3.5078472930620763
-7.683168316831684,3.4843799264317767
-7.663366336633663,3.4583741569078916
-7.643564356435643,3.4298773453404547
-7.623762376237624,3.3989421114753675
-7.603960396039604,3.3656264710090165
-7.584158415841584,3.329993994496347
-7.564356435643565,3.292113990687328
-7.544554455445544,3.2520617171914883
-7.524752475247524,3.2099186217084554
-7.504950495049505,3.1657726174057563
-7.485148514851485,3.1197183963609225
-7.465346534653466,3.071857785293579
-7.445544554455446,3.022300148066137
-7.425742574257425,2.9711628395853844
-7.405940594059406,2.9185717157339908
-7.3861386138613865,2.8646617037150905
-7.366336633663366,2.8095774365925594
-7.346534653465347,2.7534739546981295
-7.326732673267327,2.6965174747504514
-7.306930693069306,2.6388862247222913
-7.287128712871287,2.580771338359577
-7.267326732673268,2.5223777973766666
-7.247524752475247,2.4639254012201097
-7.227722772277228,2.4056497333334845
-7.207920792079208,2.347803078468089
-7.188118811881187,2.290655227227028
-7.1683168316831685,2.2344940813750473
-7.148514851485149,2.1796259466246983
-7.128712871287128,2.1263753695699177
-7.108910891089109,2.0750843444303904
-7.089108910891089,2.026110687397266
-7.069306930693069,1.9798253581130842
-7.0495049504950495,1.9366085082613211
-7.02970297029703,1.896844067644933
-7.00990099009901,1.860912750345531
-6.99009900990099,1.8291834868461316
-6.97029702970297,1.8020034643232803
-6.9504950495049505,1.7796871758252162
-6.930693069306931,1.7625051119469277
-6.910891089108911,1.75067293127884
-6.891089108910891,1.7443420641541594
-6.871287128712871,1.7435926890559044
-6.851485148514851,1.7484298472863198
-6.8316831683168315,1.7587831425895646
-6.811881188118813,1.774510063050876
-6.792079207920792,1.7954025453209677
-6.772277227722772,1.8211960611101554
-6.752475247524753,1.8515803041324195
-6.732673267326732,1.8862105133802507
-6.712871287128713,1.9247185666670505
-6.693069306930694,1.9667231706107864
-6.673267326732673,2.01183870502293
-6.653465346534653,2.059682503823486
-6.633663366336634,2.1098805400666443
-6.6138613861386135,2.1620716157579056
-6.594059405940594,2.2159102379532225
-6.574257425742575,2.27106839954548
-6.554455445544554,2.3272364878790373
-6.534653465346534,2.3841235284560898
-6.514851485148515,2.441456944075852
-6.495049504950495,2.498981978739946
-6.475247524752475,2.556460905071006
-6.455445544554456,2.613672106365903
-6.435643564356436,2.670409100882741
-6.415841584158415,2.7264795567831346
-6.396039603960396,2.7817043310461185
-6.376237623762377,2.835916554115091
-6.356435643564356,2.88896077343169
-6.336633663366337,2.9406921627630895
-6.316831683168317,2.9909757998192545
-6.297029702970296,3.039686011643471
-6.2772277227722775,3.0867057852862114
-6.257425742574258,3.1319262400580334
-6.237623762376237,3.1752461569862476
-6.217821782178218,3.2165715608080174
-6.198019801980198,3.255815349800603
-6.178217821782178,3.2928969688864904
-6.158415841584159,3.3277421216963394
-6.138613861386139,3.360282517578604
-6.118811881188119,3.390455649882207
-6.099009900990099,3.4182046021855856
-6.079207920792079,3.4434778794881464
-6.0594059405940595,3.466229261710842
-6.03960396039604,3.4864176771654622
-6.01980198019802,3.504007093945753
-6.0,3.518966427466751
-5.98019801980198,3.5312694626324217
-5.96039603960396,3.540894789347319
-5.9405940594059405,3.5478257503075645
-5.920792079207921,3.5520504002116384
-5.900990099009901,3.553561475725356
-5.881188118811881,3.552356375719692
-5.861386138613861,3.5484371514780406
-5.841584158415841,3.5418105067425896
-5.821782178217822,3.5324878076411204
-5.801980198019803,3.520485102707859
-5.782178217821782,3.505823153387118
-5.762376237623762,3.4885274755897866
-5.742574257425743,3.468628393061402
-5.7227722772277225,3.4461611035208803
-5.702970297029703,3.421165758741275
-5.683168316831684,3.3936875599726113
-5.663366336633663,3.36377687035242
-5.643564356435643,3.331489346214688
-5.623762376237624,3.296886089493686
-5.603960396039604,3.2600338237252693
-5.584158415841584,3.2210050964742525
-5.564356435643565,3.1798785113586714
-5.544554455445545,3.136738993193943
-5.524752475247524,3.0916780901314085
-5.504950495049505,3.0447943169999148
-5.485148514851486,2.996193544349725
-5.465346534653465,2.9459894379088025
-5.445544554455446,2.8943039532377144
-5.425742574257426,2.841267890236428
-5.405940594059405,2.787021511709378
-5.3861386138613865,2.7317152292921545
-5.366336633663367,2.6755103584938205
-5.346534653465346,2.618579942161836
-5.326732673267327,2.5611096380088636
-5.306930693069307,2.503298660545401
-5.2871287128712865,2.4453607603441365
-5.267326732673268,2.387525213446922
-5.247524752475248,2.3300377802889787
-5.227722772277227,2.2731615761547923
-5.207920792079208,2.217177773449467
-5.188118811881188,2.16238602989348
-5.1683168316831685,2.1091045067638183
-5.148514851485149,2.0576693093179474
-5.128712871287129,2.00843315109496
-5.108910891089109,1.9617630207592547
-5.089108910891089,1.9180366231082235
-5.069306930693069,1.8776373859136497
-5.0495049504950495,1.8409478838242954
-5.02970297029703,1.8083416405832
-5.00990099009901,1.7801734362878283
-4.99009900990099,1.756768460651697
-4.97029702970297,1.7384108927494455
-4.9504950495049505,1.7253327107779208
-4.930693069306931,1.717703687130681
-4.910891089108912,1.7156235501647263
-4.891089108910891,1.7191171595793433
-4.871287128712871,1.7281332496106738
-4.851485148514852,1.7425468895830256
-4.8316831683168315,1.7621653753561553
-4.811881188118812,1.78673688848249
-4.792079207920793,1.8159610143260108
-4.772277227722772,1.8495001286567916
-4.752475247524752,1.8869907334575593
-4.732673267326733,1.9280540036379787
-4.712871287128713,1.9723050405494995
-4.693069306930693,2.0193605637909506
-4.673267326732674,2.068844973564629
-4.653465346534653,2.1203948640003016
-4.633663366336633,2.173662161041431
-4.613861386138614,2.22831610416563
-4.594059405940594,2.28404430125072
-4.574257425742574,2.3405530725531634
-4.554455445544555,2.39756727344066
-4.534653465346535,2.454829753932376
-4.514851485148514,2.5121005813355426
-4.4950495049504955,2.5691561232604783
-4.475247524752476,2.6257880634259085
-4.455445544554455,2.6818024022968574
-4.435643564356436,2.737018478502941
-4.415841584158416,2.7912680346452894
-4.3960396039603955,2.8443943418926727
-4.376237623762377,2.89625139107489
-4.356435643564357,2.9467031532499686
-4.336633663366336,2.9956229094829436
-4.316831683168317,3.042892647446874
-4.297029702970297,3.088402521141265
-4.2772277227722775,3.1320503692882458
-4.257425742574258,3.1737412876382876
-4.237623762376238,3.2133872503655416
-4.217821782178218,3.2509067758636285
-4.198019801980198,3.2862246324978015
-4.178217821782178,3.3192715801812707
-4.158415841584159,3.349984143988685
-4.138613861386139,3.378304416375745
-4.118811881188119,3.4041798849261244
-4.099009900990099,3.4275632828867915
-4.079207920792079,3.4484124600739965
-4.0594059405940595,3.4666902720333304
-4.03960396039604,3.4823644856173552
-4.01980198019802,3.495407699403678
-4.0,3.5057972776168294
-3.98019801980198,3.5135152964406884
-3.96039603960396,3.518548501816556
-3.9405940594059405,3.5208882780180573
-3.9207920792079207,3.5205306264798466
-3.9009900990099013,3.5174761545356716
-3.881188118811881,3.511730073894686
-3.8613861386138613,3.5033022088558323
-3.841584158415842,3.492207014431354
-3.8217821782178216,3.4784636047236623
-3.801980198019802,3.462095792078833
-3.7821782178217824,3.4431321377259243
-3.762376237623762,3.421606014807821
-3.7425742574257423,3.397555684918321
-3.722772277227723,3.3710243894842495
-3.702970297029703,3.342060457572679
-3.683168316831683,3.3107174319643735
-3.6633663366336635,3.2770542156156686
-3.6435643564356437,3.2411352409344873
-3.6237623762376234,3.203030664619775
-3.603960396039604,3.1628165911565045
-3.5841584158415842,3.120575328414299
-3.564356435643564,3.0763956791582343
-3.5445544554455446,3.0303732726308907
-3.5247524752475248,2.9826109406826955
-3.504950495049505,2.9332191431796746
-3.485148514851485,2.8823164475562093
-3.4653465346534653,2.8300300673366148
-3.4455445544554455,2.7764964641280874
-3.4257425742574257,2.721862016859053
-3.4059405940594063,2.6662837607234864
-3.386138613861386,2.6099301961609966
-3.366336633663366,2.552982164949097
-3.346534653465347,2.4956337857213535
-3.3267326732673266,2.4380934344766394
-3.3069306930693068,2.3805847463453125
-3.2871287128712874,2.3233476023983286
-3.267326732673267,2.266639048986076
-3.2475247524752473,2.210734076442327
-3.227722772277228,2.155926158747822
-3.2079207920792077,2.102527426287188
-3.1881188118811883,2.0508683115576742
-3.1683168316831685,2.0012964756024063
-3.148514851485148,1.9541747962621592
-3.128712871287129,1.9098781859871736
-3.108910891089109,1.8687890176055182
-3.089108910891089,1.8312909836708189
-3.0693069306930694,1.7977613109246184
-3.0495049504950495,1.7685614035275914
-3.0297029702970297,1.744026194301175
-3.00990099009901,1.7244527235634786
-2.99009900990099,1.7100887025383307
-2.9702970297029703,1.7011219992301867
-2.9504950495049505,1.6976720513078245
-2.9306930693069306,1.6997841195988623
-2.910891089108911,1.7074270379525018
-2.891089108910891,1.7204947261553736
-2.8712871287128716,1.738811287656505
-2.8514851485148514,1.7621391062782843
-2.8316831683168315,1.7901890671074723
-2.811881188118812,1.8226319012093533
-2.792079207920792,1.8591096911354377
-2.7722772277227725,1.8992467365511025
-2.7524752475247527,1.9426592101542364
-2.7326732673267324,1.9889632777191661
-2.712871287128713,2.0377815710964504
-2.6930693069306932,2.0887480668106955
-2.673267326732673,2.141511529953814
-2.6534653465346536,2.1957377393004283
-2.633663366336634,2.2511107265704853
-2.6138613861386135,2.3073332532715156
-2.594059405940594,2.3641267237609846
-2.5742574257425743,2.4212307015911683
-2.5544554455445545,2.4784021635792044
-2.5346534653465347,2.535414595790129
-2.514851485148515,2.5920570094161537
-2.495049504950495,2.6481329329185526
-2.4752475247524752,2.7034594196257586
-2.455445544554456,2.757866096758342
-2.4356435643564356,2.811194271948247
-2.4158415841584158,2.8632961060952633
-2.3960396039603964,2.914033856277588
-2.376237623762376,2.9632791889076833
-2.3564356435643563,3.010912560994635
-2.336633663366337,3.0568226659187046
-2.3168316831683167,3.1009059392951204
-2.297029702970297,3.1430661201154355
-2.2772277227722775,3.1832138622662205
-2.257425742574257,3.2212663916356656
-2.237623762376238,3.2571472042545366
-2.217821782178218,3.290785801228117
-2.1980198019801978,3.3221174565637317
-2.1782178217821784,3.3510830143600647
-2.1584158415841586,3.37762871218364
-2.1386138613861387,3.4017060278053326
-2.118811881188119,3.4232715467981727
-2.099009900990099,3.442286848806513
-2.0792079207920793,3.4587184105826583
-2.0594059405940595,3.4725375241526124
-2.0396039603960396,3.48372022871802
-2.01980198019802,3.492247255128932
-2.0,3.498103981973987
-1.98019801980198,3.5012804025331983
-1.9603960396039604,3.501771102026494
-1.9405940594059405,3.4995752447708317
-1.920792079207921,3.494696571032706
-1.900990099009901,3.487143403533635
-1.881188118811881,3.476928663736865
-1.8613861386138615,3.464069898215041
-1.8415841584158414,3.448589315576025
-1.8217821782178218,3.4305138346069586
-1.801980198019802,3.409875144490328
-1.782178217821782,3.3867097781508937
-1.7623762376237624,3.361059200012191
-1.7425742574257426,3.3329699096779817
-1.7227722772277227,3.3024935633102026
-1.7029702970297032,3.2696871147509756
-1.683168316831683,3.234612978735173
-1.6633663366336633,3.1973392188595073
-1.6435643564356437,3.1579397633146415
-1.6237623762376237,3.116494651742286
-1.6039603960396038,3.07309031694375
-1.5841584158415842,3.0278199055259
-1.5643564356435644,2.9807836419061196
-1.5445544554455446,2.932089240379333
-1.5247524752475248,2.8818523701345686
-1.504950495049505,2.8301971781334943
-1.4851485148514851,2.7772568745426542
-1.4653465346534653,2.7231743848240964
-1.4455445544554455,2.6681030714739666
-1.4257425742574257,2.6122075265370506
-1.405940594059406,2.5556644331334115
-1.3861386138613863,2.4986634899455056
-1.3663366336633662,2.441408386475691
-1.3465346534653466,2.384117808348802
-1.3267326732673268,2.3270264403790404
-1.3069306930693068,2.270385919891163
-1.2871287128712872,2.214465673293193
-1.2673267326732673,2.15955354478292
-1.2475247524752475,2.1059560974844187
-1.227722772277228,2.0539984353109526
-1.2079207920792079,2.004023360939991
-1.188118811881188,1.9563896560320588
-1.1683168316831685,1.9114692514265488
-1.1485148514851484,1.869643057557552
-1.1287128712871286,1.8312952611084772
-1.108910891089109,1.7968059757201118
-1.0891089108910892,1.7665422718585406
-1.0693069306930694,1.740847804518228
-1.0495049504950495,1.7200314933385088
-1.0297029702970297,1.7043559551015726
-1.00990099009901,1.6940265928502445
-0.99009900990099,1.6891823499950558
-0.9702970297029703,1.6898890917997087
-0.9504950495049505,1.696136360140446
-0.9306930693069307,1.7078378840778696
-0.9108910891089109,1.7248357857266163
-0.891089108910891,1.7469079906181855
-0.8712871287128713,1.773778022562023
-0.8514851485148516,1.8051261916053483
-0.8316831683168316,1.8406011813042065
-0.8118811881188118,1.879831178024928
-0.7920792079207921,1.9224339059805566
-0.7722772277227723,1.968025178961258
-0.7524752475247525,2.0162258068074377
-0.7326732673267327,2.0666668739507332
-0.7128712871287128,2.118993529331673
-0.6930693069306931,2.1728674953906317
-0.6732673267326733,2.227968529442444
-0.6534653465346534,2.283995066523895
-0.6336633663366337,2.3406642506142092
-0.613861386138614,2.3977115302837255
-0.594059405940594,2.4548899617812285
-0.5742574257425742,2.5119693312838485
-0.5544554455445545,2.5687351805644507
-0.5346534653465347,2.6249877974479947
-0.5148514851485149,2.6805412141110914
-0.495049504950495,2.735222242086149
-0.4752475247524752,2.7888695621411306
-0.45544554455445546,2.841332879365791
-0.43564356435643564,2.892472148199638
-0.4158415841584158,2.942156868261578
-0.39603960396039606,2.9902654492569436
-0.37623762376237624,3.036684641600869
-0.3564356435643564,3.0813090284421856
-0.33663366336633666,3.124040574298055
-0.31683168316831684,3.1647882253651614
-0.297029702970297,3.2034675566494
-0.27722772277227725,3.2400004612722304
-0.25742574257425743,3.274314877612236
-0.2376237623762376,3.306344550285468
-0.21782178217821782,3.336028821331331
-0.19801980198019803,3.363312448334223
-0.1782178217821782,3.3881454465637106
-0.15841584158415842,3.41048295255153
-0.13861386138613863,3.4302851068382667
-0.1188118811881188,3.447516953915041
-0.09900990099009901,3.462148357657062
-0.07920792079207921,3.4741539307960148
-0.0594059405940594,3.483512977210813
-0.039603960396039604,3.490209446031691
-0.019801980198019802,3.49423189675453
