Frequency (Hz),Amplitude
0.0,4.17842053721486
0.01993355481727575,4.1764456948443485
0.0398671096345515,4.170523357837061
0.059800664451827246,4.160660096878875
0.079734219269103,4.146866864407116
0.09966777408637874,4.129158996730148
0.11960132890365449,4.107556217357559
0.13953488372093023,4.082082641917308
0.159468438538206,4.052766785164856
0.17940199335548174,4.019641570733993
0.19933554817275748,3.9827443444467723
0.21926910299003324,3.9421168921958336
0.23920265780730898,3.8978054636452915
0.25913621262458475,3.8498608032762767
0.27906976744186046,3.798338190642234
0.29900332225913623,3.7432974921142157
0.318936877076412,3.684803226907758
0.3388704318936877,3.6229246508176822
0.3588039867109635,3.5577358618802126
0.37873754152823924,3.489315933178795
0.39867109634551495,3.41774907927155
0.4186046511627907,3.343124864323943
0.4385382059800665,3.265538462087381
0.4584717607973422,3.185090980515699
0.47840531561461797,3.101889867250679
0.49833887043189373,3.0160494166975225
0.5182724252491695,2.927691405310867
0.5382059800664452,2.8369458895142516
0.5581395348837209,2.7439522110629033
0.5780730897009968,2.6488602685743223
0.5980066445182725,2.5518321327086553
0.6179401993355482,2.4530441079087835
0.637873754152824,2.3526893782529834
0.6578073089700996,2.25098142234776
0.6777408637873754,2.148158447094691
0.6976744186046512,2.0444891789927873
0.717607973421927,1.9402804724890879
0.7375415282392027,1.8358873570526695
0.7574750830564785,1.7317263562670704
0.7774086378737541,1.6282931735814798
0.7973421926910299,1.526186125918067
0.8172757475083057,1.4261369299254958
0.8372093023255814,1.32905037145121
0.8571428571428572,1.236053474420978
0.877076411960133,1.1485519185574238
0.8970099667774087,1.0682846868132738
0.9169435215946844,0.9973547526720603
0.9368770764119602,0.9381934903748126
0.9568106312292359,0.8933980952643671
0.9767441860465116,0.8653926241384889
0.9966777408637875,0.8559433439809405
1.0166112956810631,0.8656981254810084
1.036544850498339,0.8939944271442919
1.0564784053156147,0.939056030617475
1.0764119601328903,0.998455468331968
1.0963455149501662,1.0695974553512262
1.1162790697674418,1.1500554182185518
1.1362126245847177,1.2377320088174197
1.1561461794019936,1.3308934971088748
1.176079734219269,1.4281385977211418
1.196013289036545,1.5283437430565001
1.2159468438538206,1.6306067643354325
1.2358803986710964,1.7341978738214279
1.255813953488372,1.8385201425522826
1.275747508305648,1.943078837936575
1.2956810631229239,2.047458087647924
1.3156146179401993,2.151303268160668
1.3355481727574752,2.2543077413898787
1.3554817275747508,2.3562028491989992
1.3754152823920267,2.456750336089964
1.3953488372093024,2.555736581178476
1.4152823920265782,2.6529681820108824
1.435215946843854,2.748268553079227
1.4551495016611296,2.841475290305335
1.4750830564784054,2.932438117369644
1.495016611295681,3.0210172769163792
1.514950166112957,3.1070822641515123
1.5348837209302328,3.190510825665074
1.5548172757475083,3.2711881649835397
1.5747508305647842,3.3490063102139405
1.5946843853820598,3.4238636094841137
1.6146179401993357,3.4956643276543464
1.6345514950166113,3.564318323651317
1.6544850498338872,3.629740792247905
1.6744186046511629,3.6918520575382154
1.6943521594684385,3.750577407998649
1.7142857142857144,3.8058469650755065
1.73421926910299,3.857595578839373
1.754152823920266,3.905762745503979
1.7740863787375416,3.950292542600364
1.7940199335548175,3.9911335783879736
1.8139534883720931,4.028238952716603
1.8338870431893688,4.0615662270629675
1.8538205980066447,4.091077401879238
1.8737541528239203,4.116738899728934
1.893687707641196,4.138521552964498
1.9136212624584719,4.156400594932594
1.9335548172757475,4.170355653889058
1.9534883720930232,4.180370748971396
1.9734219269102993,4.186434287721918
1.993355481727575,4.188539064781582
2.0132890365448506,4.186682261490414
2.0332225913621262,4.180865446236785
2.0531561461794023,4.171094575500162
2.073089700996678,4.157379995631844
2.0930232558139537,4.13973644552018
2.1129568106312293,4.118183060393229
2.132890365448505,4.092743377126683
2.1528239202657806,4.06344534155171
2.1727574750830567,4.030321318401198
2.1926910299003324,3.993408104698217
2.212624584717608,3.952746947584931
2.2325581395348837,3.9083835678203642
2.25249169435216,3.8603681904526033
2.2724252491694354,3.808755584506919
2.292358803986711,3.7536051139425086
2.312292358803987,3.694980802637336
2.332225913621263,3.6329514167903865
2.352159468438538,3.5675905689171303
2.3720930232558137,3.498976848604795
2.39202657807309,3.427193986446914
2.4119601328903655,3.3523310591742668
2.431893687707641,3.2744827460468473
2.4518272425249172,3.193749649213298
2.471760797342193,3.110238694175291
2.4916943521594686,3.024063630978505
2.511627906976744,2.935345662652034
2.5315614617940203,2.8442142352334225
2.551495016611296,2.7508080341374903
2.5714285714285716,2.6552762456152528
2.5913621262458477,2.557780160945401
2.611295681063123,2.458495226682011
2.6312292358803986,2.3576136793703117
2.6511627906976742,2.2553479512893375
2.6710963455149503,2.151935100010387
2.691029900332226,2.0476426056447563
2.7109634551495017,1.9427760043345053
2.7308970099667778,1.837688995169004
2.7508305647840534,1.732796880176136
2.770764119601329,1.6285944763469453
2.7906976744186047,1.525679954286914
2.810631229235881,1.42478632672791
2.8305647840531565,1.3268222998877348
2.850498338870432,1.2329233604585343
2.870431893687708,1.1445111417359197
2.8903654485049834,1.0633522026741864
2.910299003322259,0.9915935485060047
2.9302325581395348,0.9317305210226312
2.950166112956811,0.8864418134023817
2.9700996677740865,0.858236440656364
2.990033222591362,0.8489425132724483
3.0099667774086383,0.8592194348738019
3.029900332225914,0.8883581084354898
3.0498338870431896,0.9344969213661708
3.0697674418604657,0.9951156137842759
3.089700996677741,1.0675421108376462
3.1096345514950166,1.1492971813306172
3.129568106312292,1.2382524724621546
3.1495016611295683,1.3326586914710643
3.169435215946844,1.4311085517141218
3.1893687707641196,1.5324777930614433
3.2093023255813957,1.6358661796579441
3.2292358803986714,1.740546929754122
3.249169435215947,1.8459263559482857
3.2691029900332227,1.9515127847619012
3.289036544850499,2.056893036322497
3.3089700996677744,2.161714753218862
3.32890365448505,2.2656731402489596
3.3488372093023258,2.368500991010675
3.3687707641196014,2.469961153701378
3.388704318936877,2.569840808085124
3.4086378737541527,2.667947091832127
3.428571428571429,2.7641037372836776
3.4485049833887045,2.8581484694236448
3.46843853820598,2.949930981082413
3.4883720930232562,3.039311348836217
3.508305647840532,3.1261587876435555
3.5282392026578075,3.2103506675752285
3.548172757475083,3.291771734627163
3.5681063122923593,3.370313491401899
3.588039867109635,3.445873703726951
3.60797342192691,3.518356006991585
3.6279069767441863,3.5876695918086225
3.647840531561462,3.653728953036694
3.6677740863787376,3.716453689587455
3.6877076411960132,3.7757683450528745
3.7076411960132893,3.831602281211761
3.727574750830565,3.8838895780537066
3.7475083056478407,3.9325689551981746
3.7674418604651168,3.9775837105658622
3.787375415282392,4.018881672937969
3.807308970099668,4.056415165661795
3.8272425249169437,4.09014097926271
3.8471760797342194,4.120020351129356
3.867109634551495,4.146018950771328
3.887043189368771,4.168106869422452
3.9069767441860463,4.1862586129909545
3.9269102990033224,4.200453097549235
3.9468438538205985,4.210673646719796
3.9667774086378738,4.216907990455386
3.98671096345515,4.21914826483641
4.0066445182724255,4.2173910126217065
4.026578073089701,4.211637184393148
4.046511627906977,4.201892140234286
4.0664451827242525,4.1881656519809844
4.086378737541528,4.170471906181578
4.106312292358805,4.148829508007653
4.1262458471760795,4.123261486468846
4.146179401993356,4.093795301408379
4.166112956810632,4.060462852896471
4.186046511627907,4.02330049379975
4.205980066445183,3.982349046494344
4.225913621262459,3.93765382491494
4.245847176079734,3.889264663402606
4.26578073089701,3.83723595414208
4.2857142857142865,3.7816266953814783
4.305647840531561,3.7225005531229507
4.325581395348838,3.6599259395898214
4.345514950166113,3.5939761125470615
4.365448504983389,3.524729300524414
4.385382059800665,3.4522688602237417
4.40531561461794,3.3766834739652123
4.425249169435216,3.2980673970466516
4.445182724252492,3.2165207675014056
4.465116279069767,3.1321499941378876
4.485049833887043,3.045068243195123
4.50498338870432,2.9553960498206826
4.524916943521594,2.8632620883774806
4.544850498338871,2.768804146020659
4.5647840531561465,2.672170358043935
4.584717607973422,2.573520782564857
4.604651162790698,2.4730294181607757
4.624584717607974,2.3708868038484994
4.644518272425249,2.26730339021988
4.664451827242526,2.1625139390588752
4.6843853820598005,2.0567833038856036
4.704318936877076,1.9504140756203543
4.724252491694353,1.8437567584764376
4.7441860465116275,1.7372233848530043
4.764119601328904,1.6313057934580482
4.78405315614618,1.526600170965487
4.803986710963455,1.4238398235850351
4.823920265780731,1.323938281017296
4.8438538205980075,1.2280441834440716
4.863787375415282,1.1376067231895937
4.883720930232559,1.0544433324033926
4.9036544850498345,0.9807863170876292
4.92358803986711,0.9192601056782467
4.943521594684386,0.8727140750967727
4.963455149501661,0.8438419421586384
4.983388704318937,0.8346132260671301
5.003322259136213,0.8457231600349203
5.023255813953488,0.876371848798407
5.043189368770764,0.9245202403732777
5.063122923588041,0.9874525373412527
5.083056478405315,1.0623342607037818
5.102990033222592,1.1465745897917126
5.122923588039868,1.2379790882325281
5.142857142857143,1.3347647191359095
5.162790697674419,1.4355104565542731
5.182724252491695,1.5390894592230728
5.20265780730897,1.6446045157609315
5.222591362126246,1.7513342673416161
5.242524916943522,1.8586911122930145
5.262458471760797,1.9661892499324756
5.282392026578074,2.073420763496837
5.3023255813953485,2.180037808217747
5.322259136212625,2.2857393405595476
5.342192691029901,2.3902611956933892
5.362126245847176,2.4933686288672754
5.382059800664452,2.5948506737636228
5.4019933554817285,2.694515846903514
5.421926910299003,2.792188855199518
5.44186046511628,2.8877080561868134
5.4617940199335555,2.980923487045079
5.48172757475083,3.0716953265687104
5.501661129568107,3.1598926890449146
5.5215946843853825,3.2453926743438126
5.541528239202658,3.32807961709462
5.561461794019934,3.407844491519896
5.5813953488372094,3.484584438673822
5.601328903654485,3.55820239044006
5.621262458471762,3.6286067703771008
5.641196013289036,3.695711255846721
5.661129568106313,3.7594345891818874
5.681063122923589,3.8197004282036597
5.700996677740864,3.8764372283727058
5.72093023255814,3.929578150400685
5.740863787375416,3.9790609883534773
5.760797342192691,4.024828114230887
5.780730897009967,4.066826435763403
5.800664451827243,4.1050073647712715
5.820598006644518,4.139326793917104
5.840531561461795,4.169745080077557
5.8604651162790695,4.1962270328811675
5.880398671096346,4.218741907224391
5.900332225913622,4.237263398798054
5.920265780730897,4.251769641841766
5.940199335548173,4.262243208501275
5.960132890365449,4.268671109300638
5.980066445182724,4.271044794361117
6.0,4.269360155107719
6.0199335548172765,4.263617526304205
6.039867109634551,4.253821688353683
6.059800664451828,4.239981869895234
6.0797342192691035,4.222111750822552
6.099667774086379,4.200229465950052
6.119601328903655,4.1743576096588315
6.139534883720931,4.14452324197386
6.159468438538206,4.110757896656932
6.179401993355482,4.073097592055551
6.1993355481727574,4.031582845628218
6.219269102990033,3.986258693282999
6.23920265780731,3.9371747149251712
6.259136212624584,3.8843850679253333
6.279069767441861,3.8279485306058563
6.299003322259137,3.7679285583214326
6.318936877076412,3.704393355304264
6.338870431893688,3.637415966190305
6.3588039867109645,3.567074392084262
6.378737541528239,3.493451737216659
6.398671096345516,3.4166363937759794
6.418604651162791,3.3367222744675766
6.438538205980066,3.253809104903485
6.458471760797343,3.1680027912583437
6.4784053156146175,3.079415883005617
6.498338870431894,2.9881681563460267
6.51827242524917,2.8943873516746583
6.538205980066445,2.798210108827892
6.558139534883721,2.699783157930632
6.578073089700998,2.5992648428787986
6.598006644518272,2.496827080913941
6.617940199335549,2.3926578983420073
6.6378737541528245,2.2869647334687535
6.6578073089701,2.179978769349931
6.677740863787376,2.071960659600107
6.6976744186046515,1.9632081522364113
6.717607973421927,1.8540663153105492
6.737541528239203,1.7449413434268306
6.7574750830564785,1.6363192953236216
6.777408637873754,1.5287915848224125
6.797342192691031,1.4230895745408911
6.8172757475083055,1.320131012799934
6.837209302325582,1.2210807603625662
6.857142857142858,1.127425939606962
6.877076411960133,1.041058500238723
6.897009966777409,0.9643415208522277
6.9169435215946855,0.9001049639196805
6.93687707641196,0.8514789408853324
6.956810631229236,0.8214689834745835
6.9767441860465125,0.8122871554589753
6.996677740863787,0.824688955313315
7.016611295681064,0.8577147324052383
7.036544850498339,0.9090205150647901
7.056478405315615,0.9755636170518053
7.076411960132891,1.0542469895121431
7.096345514950166,1.1423062577336824
7.116279069767442,1.2374489070633021
7.136212624584719,1.3378450841553426
7.156146179401993,1.4420573161078345
7.17607973421927,1.5489584751863157
7.196013289036546,1.657658685382974
7.21594684385382,1.7674468109009231
7.235880398671097,1.877745910366271
7.2558139534883725,1.9880801149794236
7.275747508305648,2.098050235266029
7.295681063122924,2.207315826450599
7.3156146179402,2.3155819652639567
7.335548172757475,2.4225894482246013
7.355481727574752,2.5281074773241823
7.3754152823920265,2.6319281619422386
7.395348837209303,2.73386235522805
7.415282392026579,2.83373647815267
7.435215946843854,2.9313900802838115
7.45514950166113,3.0266739544899037
7.475083056478406,3.1194486714346126
7.495016611295681,3.2095834346548373
7.514950166112956,3.2969551822631242
7.5348837209302335,3.3814478796962275
7.554817275747508,3.462951961414541
7.574750830564784,3.5413638894233817
7.5946843853820605,3.616585803909991
7.614617940199336,3.6885252468606855
7.634551495016611,3.7570949437340606
7.6544850498338874,3.8222126314730325
7.674418604651163,3.883800923597822
7.694352159468439,3.941787205021072
7.714285714285715,3.9961035507023577
7.73421926910299,4.046686663414581
7.754152823920266,4.093477826804745
7.774086378737542,4.136422870652637
7.794019933554818,4.175472145806963
7.813953488372093,4.210580506740818
7.83388704318937,4.241707300042766
7.853820598006645,4.268816357465178
7.8737541528239205,4.291875992402402
7.893687707641197,4.31085899888001
7.913621262458472,4.325742652311479
7.9335548172757475,4.336508711427629
7.953488372093024,4.343143420913146
7.9734219269103,4.345637514397912
7.9933554817275745,4.3439862175531925
8.013289036544851,4.3381892511372655
8.033222591362128,4.328250833924908
8.053156146179402,4.314179685543221
8.073089700996679,4.295989029325764
8.093023255813954,4.273696595389986
8.11295681063123,4.247324624243551
8.132890365448505,4.216899871335876
8.152823920265782,4.182453613097016
8.172757475083056,4.144021655150559
8.192691029900331,4.101644343557623
8.21262458471761,4.0553665801511025
8.232558139534884,4.005237843263352
8.252491694352159,3.9513122154470643
8.272425249169435,3.893648420153713
8.292358803986712,3.8323098697847415
8.312292358803987,3.7673647280939586
8.332225913621263,3.6988859906261253
8.352159468438538,3.6269515877717122
8.372093023255815,3.551644516157197
8.392026578073091,3.473053005551564
8.411960132890366,3.391270730357839
8.43189368770764,3.306397077213431
8.451827242524917,3.218537483440707
8.471760797342194,3.127803865336616
8.491694352159469,3.0343151609409693
8.511627906976745,2.938198019501631
8.53156146179402,2.8395876801019333
8.551495016611296,2.738629095888715
8.571428571428573,2.63547837955696
8.591362126245848,2.530304672406118
8.611295681063122,2.4232925765850655
8.6312292358804,2.3146453427666556
8.651162790697676,2.20458908030463
8.67109634551495,2.0933783639682666
8.691029900332227,1.981303765194797
8.710963455149502,1.8687020571350306
8.730897009966778,1.755970159669477
8.750830564784053,1.6435843374531076
8.77076411960133,1.5321267726336683
8.790697674418604,1.4223224011482933
8.81063122923588,1.3150896974218886
8.830564784053157,1.211609423386591
8.850498338870432,1.1134138241884568
8.870431893687707,1.022492001695674
8.890365448504983,0.9413886297078731
8.91029900332226,0.8732341317575186
8.930232558139535,0.8215871935974856
8.950166112956811,0.7899450764443258
8.970099667774086,0.7809064366362943
8.990033222591363,0.7953108856100594
9.00996677740864,0.8319196618955865
9.029900332225914,0.887888278104303
9.049833887043189,0.9596657032727636
9.069767441860467,1.0437708496257747
9.089700996677742,1.137203039310304
9.109634551495017,1.2375480365506029
9.129568106312293,1.3429263432363312
9.14950166112957,1.4518903587147645
9.169435215946844,1.5633219711474529
9.189368770764121,1.676348077532124
9.209302325581396,1.7902762096682763
9.22923588039867,1.904547218185037
9.249169435215949,2.018701010791879
9.269102990033224,2.1323518352346116
9.289036544850498,2.2451704037712865
9.308970099667773,2.356870889298625
9.328903654485051,2.4672013928287746
9.348837209302326,2.575936896433531
9.368770764119601,2.6828740084848235
9.388704318936878,2.7878270121866175
9.408637873754152,2.8906248703193955
9.428571428571429,2.991108937962284
9.448504983388705,3.08913120413814
9.46843853820598,3.1845529320737023
9.488372093023255,3.27724360238404
9.508305647840533,3.367080088279072
9.528239202657808,3.453946009793714
9.548172757475083,3.537731227085989
9.56810631229236,3.6183314424303155
9.588039867109636,3.695647887633656
9.60797342192691,3.7695870789057175
9.627906976744187,3.840060625207468
9.647840531561462,3.9069850791321548
9.667774086378738,3.970281821688531
9.687707641196015,4.029876974138917
9.70764119601329,4.085701331427177
9.727574750830565,4.1376903128106015
9.747508305647841,4.185783926157976
9.767441860465118,4.229926743047044
9.787375415282392,4.270067882329319
9.807308970099669,4.306161000259039
9.827242524916944,4.338164285629462
9.84717607973422,4.3660404586421295
9.867109634551497,4.389756772466566
9.887043189368772,4.409285016639859
9.906976744186046,4.424601521617387
9.926910299003321,4.435687163922724
9.9468438538206,4.442527371463183
9.966777408637874,4.4451121286819735
9.986710963455149,4.443435981311284
10.006644518272426,4.437498040577383
10.026578073089702,4.427301986790918
10.046511627906977,4.412856072336079
10.066445182724253,4.394173124153777
10.086378737541528,4.371270545898839
10.106312292358805,4.344170320042916
10.126245847176081,4.31289901029553
10.146179401993356,4.277487764830267
10.16611295681063,4.237972320934856
10.186046511627907,4.19439301185914
10.205980066445184,4.1467947768194415
10.225913621262459,4.095227175340678
10.245847176079735,4.039744407389346
10.26578073089701,3.9804053410841704
10.285714285714286,3.9172735501861893
10.305647840531563,3.85041736408807
10.325581395348838,3.7799099336753295
10.345514950166113,3.705829317260468
10.36544850498339,3.6282585918495234
10.385382059800666,3.547285996362666
10.40531561461794,3.463005115196901
10.425249169435217,3.3755151128257292
10.445182724252492,3.284921033168063
10.465116279069768,3.191334181488538
10.485049833887045,3.094872611984084
10.50498338870432,2.995661751489965
10.524916943521594,2.893835199650468
10.544850498338871,2.7895357595246755
10.564784053156147,2.6829167715087165
10.584717607973422,2.5741438499646456
10.604651162790697,2.4633971594824384
10.624584717607974,2.3508744213972186
10.64451827242525,2.2367949187675458
10.664451827242525,2.1214048811894775
10.684385382059801,2.0049847972926416
10.704318936877076,1.8878594492085374
10.724252491694353,1.7704118291386635
10.74418604651163,1.653102639182233
10.764119601328904,1.5364978632221171
10.784053156146179,1.4213080019568627
10.803986710963457,1.3084439666430758
10.823920265780732,1.1990959989793413
10.843853820598007,1.0948420056615757
10.863787375415283,0.997786497500649
10.88372093023256,0.9107116249585178
10.903654485049834,0.837171122031452
10.923588039867111,0.7813660090582966
10.943521594684386,0.7475647484067393
10.96345514950166,0.7389786530828909
10.983388704318939,0.7565461497640779
11.003322259136214,0.798521783449262
11.023255813953488,0.8612354142458324
11.043189368770765,0.9403663792252148
11.063122923588042,1.0319064177152726
11.083056478405316,1.1325670090528916
11.102990033222593,1.2398096908435514
11.122923588039868,1.3517223602593782
11.142857142857142,1.4668689340560808
11.162790697674419,1.5841604830076257
11.182724252491695,1.7027575238687473
11.20265780730897,1.8219996693075284
11.222591362126245,1.9413560062815007
11.242524916943523,2.0603902702178716
11.262458471760798,2.178736326630909
11.282392026578073,2.2960807813842674
11.30232558139535,2.4121505292793906
11.322259136212626,2.526703745785465
11.3421926910299,2.6395233011498327
11.362126245847177,2.7504118963481816
11.382059800664452,2.8591884361940156
11.401993355481729,2.9656853010367614
11.421926910299005,3.069746278083999
11.44186046511628,3.1712249818879745
11.461794019933555,3.2699836411101586
11.481727574750831,3.3658921620498106
11.501661129568108,3.4588274030716812
11.521594684385382,3.5486726109958875
11.541528239202659,3.6353169827496843
11.561461794019934,3.718655324510742
11.58139534883721,3.7985877871486116
11.601328903654487,3.8750196616583623
11.621262458471762,3.9478612219428624
11.641196013289036,4.017027605067478
11.661129568106313,4.08243872121859
11.68106312292359,4.14401918721437
11.700996677740864,4.201698278666429
11.720930232558139,4.2554098968643
11.740863787375416,4.305092547217853
11.760797342192692,4.3506893266952344
11.780730897009967,4.392147918173147
11.800664451827243,4.429420589999716
11.820598006644518,4.462464199379952
11.840531561461795,4.491240198445341
11.860465116279071,4.515714642075679
11.880398671096346,4.535858196712322
11.90033222591362,4.551646149545399
11.920265780730897,4.563058417579129
11.940199335548174,4.570079556184586
11.960132890365449,4.5726987668411985
11.980066445182725,4.570909903851519
12.0,4.564711479889877
12.019933554817277,4.554106670318193
12.039867109634553,4.539103316272984
12.059800664451828,4.519713926599203
12.079734219269103,4.495955678781163
12.099667774086381,4.467850419101017
12.119601328903656,4.435424662343759
12.13953488372093,4.398709591467903
12.159468438538207,4.35774105777664
12.179401993355482,4.3125595822601746
12.199335548172758,4.263210358941993
12.219269102990035,4.209743261257691
12.23920265780731,4.152212852733819
12.259136212624584,4.090678403528968
12.279069767441863,4.025203914765569
12.299003322259138,3.9558581530401526
12.318936877076412,3.8827146980799996
12.338870431893687,3.805852007252468
12.358803986710964,3.7253535015803747
12.37873754152824,3.641307679140385
12.398671096345515,3.5538082633148877
12.418604651162791,3.4629543954590543
12.438538205980066,3.368850884312862
12.458471760797343,3.2716085281820404
12.47840531561462,3.1713445308878674
12.498338870431894,3.0681830392503855
12.518272425249169,2.962255839157319
12.538205980066447,2.853703260155217
12.558139534883722,2.742675356567003
12.578073089700997,2.629333458765531
12.598006644518273,2.513852225008408
12.61794019933555,2.3964223776669464
12.637873754152825,2.2772543862822467
12.657807308970101,2.1565834769901158
12.677740863787376,2.0346765245353318
12.69767441860465,1.9118416527927629
12.717607973421929,1.788441785553979
12.737541528239204,1.6649140347860847
12.757475083056478,1.5417978155608698
12.777408637873755,1.4197761131409765
12.797342192691032,1.299736594277902
12.817275747508306,1.1828622769065726
12.837209302325583,1.0707644056368308
12.857142857142858,0.9656691623429614
12.877076411960132,0.870652537159576
12.89700996677741,0.7898540979298188
12.916943521594686,0.7284477967176163
12.93687707641196,0.6919490476990974
12.956810631229235,0.684570038318041
12.976744186046513,0.7073151465495275
12.996677740863788,0.7574528528608672
13.016611295681063,0.8299138418378879
13.03654485049834,0.9192372823835918
13.056478405315616,1.0207487656491718
13.07641196013289,1.1308672233108483
13.096345514950167,1.2469751981503256
13.116279069767442,1.3671808824798282
13.136212624584719,1.4901053118029952
13.156146179401995,1.6147241205570988
13.17607973421927,1.7402577549588216
13.196013289036545,1.8660971645031739
13.215946843853821,1.9917537156308234
13.235880398671098,2.1168252330599833
13.255813953488373,2.2409727275502638
13.275747508305649,2.363904240976973
13.295681063122924,2.485363479741357
13.3156146179402,2.605121710131396
13.335548172757477,2.72297190593725
13.355481727574752,2.8387244725274337
13.375415282392026,2.952204089220589
13.395348837209303,3.063247355200532
13.41528239202658,3.171701019885672
13.435215946843854,3.2774206432861703
13.45514950166113,3.380269576090629
13.475083056478406,3.480118179844502
13.495016611295682,3.576843229047265
13.514950166112957,3.670327452217674
13.534883720930234,3.760459179890901
13.554817275747508,3.847132075420871
13.574750830564785,3.9302449302507267
13.594684385382061,4.009701509592736
13.614617940199336,4.085410437650302
13.634551495016611,4.157285113915504
13.654485049833887,4.225243653896903
13.674418604651164,4.289208849025548
13.694352159468439,4.349108141560458
13.714285714285715,4.404873611148715
13.73421926910299,4.4564419703470515
13.754152823920267,4.503754566925874
13.774086378737543,4.546757391184181
13.794019933554818,4.585401086829794
13.813953488372093,4.619640964242079
13.833887043189371,4.649437015147338
13.853820598006646,4.674753927912215
13.87375415282392,4.695561102804676
13.893687707641197,4.711832666693664
13.913621262458472,4.723547486760773
13.933554817275748,4.730689182886344
13.953488372093025,4.733246138449619
13.9734219269103,4.731211509352669
13.993355481727574,4.7245832311417315
14.013289036544853,4.713364024160435
14.033222591362128,4.69756139672878
14.053156146179402,4.677187646401302
14.073089700996679,4.652259859420079
14.093023255813954,4.62279990854505
14.11295681063123,4.58883444951727
14.132890365448505,4.550394916494127
14.152823920265782,4.507517516891214
14.172757475083056,4.460243226177957
14.192691029900333,4.408617783308741
14.21262458471761,4.352691687633288
14.232558139534884,4.292520198328993
14.252491694352159,4.228163337642566
14.272425249169437,4.159685899534179
14.292358803986712,4.087157465701254
14.312292358803987,4.010652431445422
14.332225913621263,3.9302500444680066
14.35215946843854,3.8460344604789856
14.372093023255815,3.7580948205431515
14.392026578073091,3.6665253564454305
14.411960132890366,3.571425532149819
14.43189368770764,3.472900231812702
14.451827242524919,3.371060008016818
14.471760797342194,3.2660214082410253
14.491694352159469,3.1579074035399577
14.511627906976745,3.0468479516637017
14.531561461794022,2.932980738413793
14.551495016611296,2.816452157437249
14.571428571428573,2.6974186122242285
14.591362126245848,2.5760482583895103
14.611295681063122,2.4525233550088985
14.6312292358804,2.3270434698114424
14.651162790697676,2.199829898898637
14.67109634551495,2.0711318412057977
14.691029900332227,1.9412351509089274
14.710963455149503,1.8104749446643682
14.730897009966778,1.6792540797445725
14.750830564784053,1.5480707400781137
14.77076411960133,1.4175604006079359
14.790697674418606,1.2885608153985062
14.81063122923588,1.1622141161903878
14.830564784053157,1.0401280975634428
14.850498338870432,0.9246272570412422
14.870431893687709,0.819119921829039
14.890365448504985,0.7285414317744342
14.91029900332226,0.6595832038123361
14.930232558139535,0.6199064318900411
14.950166112956811,0.6154609142848124
14.970099667774088,0.647080870571496
14.990033222591363,0.709935539285149
15.009966777408637,0.7965281567274487
15.029900332225912,0.8998117552560679
15.049833887043192,1.014418429702713
15.069767441860467,1.1365984800352713
15.089700996677742,1.2637921371918952
15.109634551495017,1.3942359039218761
15.129568106312291,1.5266845201244947
15.149501661129568,1.6602304434271986
15.169435215946846,1.794189382404821
15.189368770764121,1.928027598165162
15.209302325581396,2.0613151465758945
15.229235880398672,2.193695283505873
15.249169435215947,2.324864069930657
15.269102990033222,2.454556523109279
15.2890365448505,2.5825370465214004
15.308970099667775,2.708592708597304
15.328903654485051,2.8325284523845076
15.348837209302326,2.954163636436037
15.368770764119601,3.073329508206215
15.388704318936878,3.189867340413833
15.408637873754156,3.303627045247608
15.42857142857143,3.414466137350865
15.448504983388705,3.522248954330207
15.46843853820598,3.626846069405813
15.488372093023257,3.728133848772127
15.508305647840531,3.825994118854626
15.52823920265781,3.920313917626638
15.548172757475085,4.010985310613032
15.568106312292361,4.097905256909665
15.588039867109636,4.180975514006449
15.60797342192691,4.260102572768647
15.627906976744185,4.335197615855093
15.64784053156146,4.4061764943067265
15.66777408637874,4.472959718147584
15.687707641196015,4.535472457693012
15.70764119601329,4.593644552920252
15.727574750830565,4.647410528771581
15.747508305647841,4.696709614666268
15.767441860465116,4.7414857668185295
15.787375415282394,4.781687692215136
15.807308970099669,4.817268873313453
15.827242524916944,4.84818759268758
15.84717607973422,4.874406956988186
15.867109634551495,4.89589491969497
15.88704318936877,4.912624302235886
15.906976744186048,4.924572813127994
15.926910299003325,4.931723064864164
15.9468438538206,4.93406258833117
15.966777408637874,4.931583844599067
15.986710963455149,4.92428423397233
16.006644518272424,4.912166102240502
16.026578073089702,4.8952367441126
16.04651162790698,4.873508403865586
16.066445182724255,4.84699827328601
16.08637873754153,4.815728487034752
16.106312292358805,4.779726115621905
16.12624584717608,4.739023156242126
16.146179401993358,4.693656521794727
16.166112956810633,4.643668028498157
16.186046511627907,4.589104382611845
16.205980066445182,4.53001716690194
16.22591362126246,4.466462827639536
16.245847176079735,4.398502663107256
16.26578073089701,4.326202814824663
16.28571428571429,4.24963426299775
16.305647840531563,4.1688728280729395
16.325581395348838,4.083999180756531
16.345514950166113,3.995098863481671
16.365448504983387,3.902262327114525
16.385382059800662,3.805584987756156
16.405315614617944,3.7051673099086035
16.42524916943522,3.6011149241661227
16.445182724252494,3.493538790151163
16.46511627906977,3.3825554189126135
16.485049833887043,3.2682871738376917
16.504983388704318,3.150862675888252
16.524916943521596,3.0304173485432457
16.54485049833887,2.907094151563228
16.564784053156146,2.781044572687034
16.584717607973424,2.652429975928689
16.6046511627907,2.521423449569984
16.624584717607974,2.388212364921168
16.644518272425252,2.2530019629483653
16.664451827242527,2.116020454686696
16.6843853820598,1.977526396179841
16.704318936877076,1.8378195567466062
16.72425249169435,1.6972572820535952
16.74418604651163,1.5562797254602214
16.764119601328908,1.415449787262497
16.784053156146182,1.275518133334138
16.803986710963457,1.1375321042743711
16.823920265780732,1.003022901320691
16.843853820598007,0.8743322366747562
16.86378737541528,0.7551740770572296
16.883720930232556,0.6515102137933061
16.903654485049834,0.5724666702338871
16.923588039867113,0.5296990443873777
16.943521594684388,0.532348556453262
16.963455149501662,0.579916687988528
16.983388704318937,0.6627607947222977
17.003322259136212,0.7694075969554096
17.02325581395349,0.8911015164908289
17.043189368770765,1.0221679340104315
17.06312292358804,1.1590702929697978
17.083056478405318,1.2995693583729282
17.102990033222593,1.4421921338490193
17.122923588039868,1.5859239966928131
17.142857142857146,1.7300320782729663
17.16279069767442,1.8739622343187494
17.182724252491695,2.0172773507845947
17.20265780730897,2.1596193344799657
17.222591362126245,2.3006850359992597
17.24252491694352,2.440210598700219
17.2624584717608,2.577961043571194
17.282392026578076,2.713723191847126
17.30232558139535,2.847300766359549
17.322259136212626,2.9785109463567525
17.3421926910299,3.1071819114404184
17.362126245847175,3.2331510709285833
17.382059800664454,3.3562637760844747
17.40199335548173,3.4763723776249034
17.421926910299003,3.5933355334675396
17.44186046511628,3.707017700034115
17.461794019933556,3.8172887596394784
17.48172757475083,3.924023749714896
17.501661129568106,4.027102668837824
17.521594684385384,4.126410341063598
17.54152823920266,4.221836324724497
17.561461794019934,4.313274855244918
17.58139534883721,4.400624813998658
17.601328903654483,4.483789717067702
17.62126245847176,4.562677719131213
17.64119601328904,4.63720162874657
17.661129568106315,4.707278932069924
17.68106312292359,4.772831822666674
17.700996677740864,4.833787235528732
17.72093023255814,4.890076883779145
17.740863787375414,4.941637296830482
17.760797342192692,4.988409858989941
17.780730897009967,5.030340847684843
17.800664451827245,5.0673814706281
17.82059800664452,5.099487901361072
17.840531561461795,5.12662131270874
17.86046511627907,5.148747907761909
17.880398671096348,5.165838948068972
17.900332225913623,5.1778707787765725
17.920265780730897,5.184824850507888
17.940199335548172,5.186687737810575
17.96013289036545,5.183451154044998
17.980066445182725,5.175111962618896
18.000000000000004,5.161672184507939
18.01993355481728,5.143139002033958
18.039867109634553,5.119524758904594
18.059800664451828,5.0908469565513235
18.079734219269103,5.057128246837499
18.099667774086377,5.018396421246085
18.119601328903656,4.974684396699102
18.139534883720934,4.926030198209033
18.15946843853821,4.872476938618854
18.179401993355484,4.814072795753809
18.19933554817276,4.750870987388741
18.219269102990033,4.682929744532172
18.239202657807308,4.610312283649699
18.259136212624586,4.533086778599953
18.27906976744186,4.451326333246514
18.29900332225914,4.365108955951541
18.318936877076414,4.274517537467935
18.33887043189369,4.179639834150467
18.358803986710964,4.08056845893437
18.378737541528242,3.977400883228131
18.398671096345517,3.8702394537982303
18.41860465116279,3.759191429979167
18.438538205980066,3.6443690482524516
18.45847176079734,3.5258896235946855
18.47840531561462,3.4038757002813353
18.498338870431898,3.2784552694739566
18.518272425249172,3.1497620775650903
18.538205980066447,3.0179360589127087
18.558139534883722,2.8831239408570632
18.578073089700997,2.745480090335774
18.59800664451827,2.605167704208874
18.617940199335546,2.4623604966503745
18.637873754152825,2.3172451188600602
18.657807308970103,2.170024680508545
18.677740863787378,2.0209239681779567
18.697674418604652,1.870197347902636
18.717607973421927,1.718141041831512
18.737541528239202,1.5651127774708595
18.75747508305648,1.4115643448812274
18.777408637873755,1.258097739369316
18.79734219269103,1.1055664907519571
18.817275747508305,0.9552680698984126
18.837209302325583,0.8093291047716563
18.857142857142858,0.671511693351678
18.877076411960136,0.5489015140509659
18.89700996677741,0.4548715376963263
18.916943521594686,0.41031302548594745
18.93687707641196,0.43127998451446725
18.956810631229235,0.509889289940165
18.97674418604651,0.6246840339163016
18.996677740863788,0.7592285896356763
19.016611295681066,0.9044639279978579
19.03654485049834,1.0556345907197178
19.056478405315616,1.2101203459949472
19.07641196013289,1.366365792967422
19.096345514950166,1.5233732162018043
19.116279069767444,1.680453958667727
19.13621262458472,1.8371000783704554
19.156146179401993,1.9929145546683737
19.17607973421927,2.1475714849177803
19.196013289036546,2.3007924125342587
19.21594684385382,2.4523317269600526
19.235880398671096,2.601967372461618
19.255813953488374,2.7494947752949903
19.27574750830565,2.8947227840168828
19.295681063122924,3.0374709045677335
19.3156146179402,3.1775673889539853
19.335548172757477,3.314847899211743
19.35548172757475,3.449154566758451
19.37541528239203,3.580335328269348
19.395348837209305,3.708243457950754
19.41528239202658,3.8327372411948746
19.435215946843854,3.9536797512014217
19.45514950166113,4.0709387013219
19.475083056478404,4.184386353524238
19.495016611295682,4.2938994686824925
19.51495016611296,4.399359288134447
19.534883720930235,4.500651538617708
19.55481727574751,4.597666454621708
19.574750830564785,4.6902988136014
19.59468438538206,4.778447980538321
19.614617940199338,4.862017959110921
19.634551495016613,4.94091744732085
19.654485049833887,5.015059895866454
19.674418604651162,5.084363567896285
19.69435215946844,5.148751599039368
19.714285714285715,5.208152056815263
19.734219269102994,5.262497998689472
19.75415282392027,5.311727528168564
19.774086378737543,5.355783848432806
19.794019933554818,5.394615313087581
19.813953488372093,5.428175473683063
19.833887043189367,5.456423123707824
19.853820598006642,5.479322338808881
19.873754152823924,5.496842513030102
19.8936877076412,5.508958390894906
19.913621262458474,5.515650095188109
19.93355481727575,5.516903150317943
19.953488372093023,5.51270850116211
19.973421926910298,5.5030625273231815
19.993355481727576,5.487967052738309
20.01328903654485,5.467429350607409
20.033222591362126,5.441462143622338
20.053156146179404,5.410083599498718
20.07308970099668,5.3733173218313715
20.093023255813954,5.3311923363148015
20.112956810631232,5.283743072392878
20.132890365448507,5.231009340426588
20.15282392026578,5.17303630449733
20.172757475083056,5.109874450996113
20.19269102990033,5.041579553187918
20.21262458471761,4.968212631987403
20.232558139534888,4.889839913239226
20.252491694352162,4.806532781866594
20.272425249169437,4.718367733340301
20.292358803986712,4.625426323032037
20.312292358803987,4.5277951141594555
20.33222591362126,4.425565625215781
20.35215946843854,4.318834278020203
20.372093023255815,4.207702347846647
20.392026578073093,4.092275917519303
20.411960132890368,3.9726658379454687
20.431893687707642,3.848987698353858
20.451827242524917,3.721361810611233
20.471760797342192,3.589913213541865
20.49169435215947,3.454771705381986
20.511627906976745,3.316071915691289
20.53156146179402,3.1739534327255776
20.551495016611298,3.0285610092664355
20.571428571428573,2.880044880545478
20.591362126245848,2.728561244433563
20.611295681063126,2.5742729803438076
20.6312292358804,2.417350726132633
20.651162790697676,2.257974504095949
20.67109634551495,2.0963362114034125
20.691029900332225,1.9326435130549877
20.7109634551495,1.7671260912381441
20.73089700996678,1.600046017968412
20.750830564784057,1.4317156951929633
20.77076411960133,1.2625304908141282
20.790697674418606,1.093031912820491
20.81063122923588,0.9240396643064895
20.830564784053156,0.7569553959192351
20.850498338870434,0.5945490389184567
20.87043189368771,0.4432881534508771
20.890365448504983,0.3208085117430798
20.91029900332226,0.2708688299099275
20.930232558139537,0.3290104329426221
20.95016611295681,0.4557251799803623
20.97009966777409,0.609557518920656
20.990033222591364,0.7742701739269567
21.00996677740864,0.9438503850266353
21.029900332225914,1.115684016857679
21.04983388704319,1.288428503125266
21.069767441860463,1.4612870671019882
21.089700996677742,1.633725480168833
21.10963455149502,1.8053478943775285
21.129568106312295,1.9758370487811512
21.14950166112957,2.1449232200873705
21.169435215946844,2.312367087734198
21.18936877076412,2.477949799482061
21.209302325581394,2.641466976966483
21.229235880398672,2.802724981245509
21.249169435215947,2.9615385279994704
21.269102990033225,3.117729137191887
21.2890365448505,3.2711241144026144
21.308970099667775,3.4215558798759442
21.32890365448505,3.5688615301897126
21.348837209302328,3.7128825586228063
21.368770764119603,3.8534646856085484
21.388704318936878,3.9904577666142993
21.408637873754152,4.123715755072819
21.42857142857143,4.253096704758767
21.448504983388705,4.378462800541529
21.468438538205984,4.499680409540431
21.48837209302326,4.616620146853303
21.508305647840533,4.729156951537087
21.528239202657808,4.837170169594102
21.548172757475083,4.9405436414935595
21.568106312292358,5.0391657923248845
21.588039867109636,5.1329297230983295
21.607973421926914,5.221733302021457
21.62790697674419,5.305479254816337
21.647840531561464,5.384075253322701
21.66777408637874,5.45743400177107
21.687707641196013,5.525473320218052
21.707641196013288,5.588116224721048
21.727574750830566,5.645291003896954
21.74750830564784,5.6969312915638755
21.76744186046512,5.7429761352087
21.787375415282394,5.783370060059446
21.80730897009967,5.818063128571529
21.827242524916944,5.847010995162007
21.847176079734222,5.870174956047565
21.867109634551497,5.887521994060465
21.88704318936877,5.899024818332813
21.906976744186046,5.904661898754075
21.92691029900332,5.904417495119386
21.9468438538206,5.898281680898173
21.966777408637878,5.886250361563402
21.986710963455153,5.868325287431766
22.006644518272427,5.844514060974847
22.026578073089702,5.814830138570315
22.046511627906977,5.779292826671223
22.06644518272425,5.737927272379972
22.08637873754153,5.6907644484222795
22.106312292358805,5.637841132525083
22.126245847176083,5.579199881210917
22.146179401993358,5.514888998030709
22.166112956810633,5.444962496265939
22.186046511627907,5.369480056141676
22.205980066445186,5.288506976602324
22.22591362126246,5.202114121714541
22.245847176079735,5.110377861774893
22.26578073089701,5.013380009215633
22.285714285714285,4.9112077494204005
22.305647840531563,4.80395356658365
22.325581395348838,4.691715164775113
22.345514950166116,4.5745953844047165
22.36544850498339,4.45270211432752
22.385382059800666,4.326148199885951
22.40531561461794,4.195051347263458
22.425249169435215,4.059534024628175
22.44518272425249,3.919723360689677
22.46511627906977,3.775751041494839
22.485049833887047,3.6277532065795133
22.50498338870432,3.475870346016145
22.524916943521596,3.3202472005264974
22.54485049833887,3.1610326677813863
22.564784053156146,2.9983797194844684
22.584717607973424,2.8324453361748776
22.6046511627907,2.6633904704853646
22.624584717607974,2.4913800559558714
22.644518272425252,2.316583089501289
22.664451827242527,2.1391728353509527
22.6843853820598,1.9593272351388193
22.70431893687708,1.7772296811500397
22.724252491694354,1.5930704599469638
22.74418604651163,1.4070495074792566
22.764119601328904,1.2193819226965665
22.78405315614618,1.0303098426982507
22.803986710963457,0.8401308677833744
22.823920265780732,0.6492772787084632
22.84385382059801,0.4585941138645619
22.863787375415285,0.2707857284167507
22.88372093023256,0.10761817860880536
22.903654485049834,0.1604831347563249
22.92358803986711,0.34091188769081293
22.943521594684384,0.532028462989947
22.963455149501662,0.725276306904535
22.98338870431894,0.919022373940591
23.003322259136215,1.112630870752309
23.02325581395349,1.305727718748639
23.043189368770765,1.498032072179503
23.06312292358804,1.6893033690199668
23.083056478405318,1.8793210979775876
23.102990033222593,2.067875979164813
23.122923588039868,2.2547657531844463
23.142857142857142,2.4397930448512857
23.16279069767442,2.6227642431719445
23.182724252491695,2.803488913834158
23.202657807308974,2.981779506424921
23.22259136212625,3.1574512322521495
23.242524916943523,3.3303220445976893
23.262458471760798,3.5002126822883888
23.282392026578073,3.666946753269982
23.302325581395348,3.830350843805047
23.322259136212626,3.9902546441500597
23.342192691029904,4.146491084727506
23.36212624584718,4.298896478771136
23.382059800664454,4.447310668671191
23.40199335548173,4.591577174058527
23.421926910299003,4.731543340206695
23.441860465116278,4.867060485696054
23.461794019933556,4.997984048536247
23.48172757475083,5.124173730119731
23.501661129568106,5.245493636505268
23.521594684385384,5.36181241662144
23.54152823920266,5.47300339704748
23.561461794019934,5.578944713079284
23.581395348837212,5.679519435826819
23.601328903654487,5.774615695119081
23.62126245847176,5.864126798016391
23.641196013289036,5.947951342749134
23.66112956810631,6.025993327917638
23.68106312292359,6.098162256801631
23.700996677740868,6.1643732366388155
23.720930232558143,6.224547072742794
23.740863787375417,6.278610357339344
23.760797342192692,6.326495553008693
23.780730897009967,6.368141070629113
23.80066445182724,6.403491341724751
23.82059800664452,6.432496885127439
23.840531561461795,6.455114367869344
23.860465116279073,6.471306660229659
23.880398671096348,6.481042884865429
23.900332225913623,6.484298459962779
23.920265780730897,6.481055136351229
23.940199335548176,6.471301028530248
23.96013289036545,6.455030639563384
23.980066445182725,6.432244879801638
24.0,6.402951079404011
24.01993355481728,6.367162994629417
24.039867109634553,6.324900807880616
24.059800664451828,6.276191121486842
24.079734219269106,6.221066945218249
24.09966777408638,6.159567677531798
24.119601328903656,6.091739080554126
24.13953488372093,6.017633248813791
24.159468438538205,5.937308571741281
24.17940199335548,5.850829689961941
24.199335548172762,5.758267445413205
24.219269102990037,5.659698825324221
24.23920265780731,5.555206900102741
24.259136212624586,5.444880755180584
24.27906976744186,5.328815416876521
24.299003322259136,5.207111772342157
24.318936877076414,5.0798764836645
24.33887043189369,4.947221896206824
24.358803986710964,4.8092659412785475
24.378737541528242,4.666132033234927
24.398671096345517,4.517948961119059
24.41860465116279,4.364850774972777
24.43853820598007,4.2069766669605215
24.458471760797345,4.044470847473289
24.47840531561462,3.8774824164103703
24.498338870431894,3.7061652298799066
24.51827242524917,3.530677762622152
24.538205980066444,3.351182966553804
24.558139534883725,3.1678481259782822
24.578073089701,2.9808447102424487
24.598006644518275,2.7903482250104337
24.61794019933555,2.596538063996328
24.637873754152825,2.399597364195169
24.6578073089701,2.1997128698849693
24.677740863787374,1.997074815044801
24.697674418604652,1.791876842900495
24.717607973421927,1.5843160014331503
24.737541528239205,1.3745929022081125
24.75747508305648,1.1629122596207284
24.777408637873755,0.9494844241485918
24.79734219269103,0.7345299761484392
24.817275747508308,0.5182963970198623
24.837209302325583,0.3011480955765955
24.857142857142858,0.08505629015962181
24.877076411960132,0.1393702907962054
24.89700996677741,0.35783864502944496
24.916943521594686,0.5775142344238462
24.936877076411964,0.7974227395135348
24.95681063122924,1.0172439558172994
24.976744186046513,1.2367311642057317
24.996677740863788,1.4556556554896884
25.016611295681063,1.6737950336781933
25.036544850498338,1.8909297981886213
25.056478405315616,2.106842187783312
25.076411960132894,2.321315796819624
25.09634551495017,2.534135498758235
25.116279069767444,2.745087506320797
25.13621262458472,2.953959497709613
25.156146179401993,3.1605407767917284
25.17607973421927,3.3646224514754253
25.196013289036546,3.565997621997881
25.21594684385382,3.7644615745095122
25.2358803986711,3.9598119772365385
25.255813953488374,4.151849077530665
25.27574750830565,4.340375898694728
25.295681063122924,4.525198435812494
25.315614617940202,4.70612585001635
25.335548172757477,4.882970660754415
25.35548172757475,5.05554893570135
25.375415282392026,5.223680478011066
25.3953488372093,5.387189010647243
25.41528239202658,5.545902357553345
25.435215946843858,5.6996526214432786
25.455149501661133,5.848276358008323
25.475083056478407,5.991614746347512
25.495016611295682,6.129513755438383
25.514950166112957,6.261824306473226
25.53488372093023,6.388402430893506
25.55481727574751,6.50910942396228
25.574750830564785,6.623811993720894
25.594684385382063,6.7323824051833085
25.614617940199338,6.834698619627717
25.634551495016613,6.93064442885218
25.654485049833887,7.020109584267899
25.674418604651166,7.102989920711159
25.69435215946844,7.1791874748626014
25.714285714285715,7.248610598170453
25.73421926910299,7.311174064183258
25.754152823920265,7.366799170206471
25.774086378737543,7.415413833207324
25.79401993355482,7.456952679903038
25.813953488372096,7.491357130978847
25.83388704318937,7.518575479395231
25.853820598006646,7.538562962757196
25.87375415282392,7.5512818297344335
25.893687707641195,7.5567014005377935
25.91362126245847,7.554798121477192
25.93355481727575,7.545555613647723
25.953488372093027,7.528964715815794
25.9734219269103,7.5050235216055885
25.993355481727576,7.473737411119526
26.01328903654485,7.435119077165078
26.033222591362126,7.389188546305857
26.053156146179404,7.335973195009176
26.07308970099668,7.275507761226774
26.093023255813954,7.2078343518234185
26.112956810631232,7.133002446362544
26.132890365448507,7.051068897873582
26.15282392026578,6.96209793136799
26.17275747508306,6.866161141047245
26.192691029900335,6.76333748736674
26.21262458471761,6.653713295397016
26.232558139534884,6.537382256275899
26.25249169435216,6.4144454339951125
26.272425249169437,6.285011280344993
26.292358803986716,6.14919566159393
26.31229235880399,6.007121901466066
26.332225913621265,5.858920846284567
26.35215946843854,5.704730959887397
26.372093023255815,5.5446984582651595
26.39202657807309,5.378977497059378
26.411960132890368,5.207730429446675
26.431893687707642,5.031128158041576
26.45182724252492,4.849350613059693
26.471760797342196,4.662587401280676
26.49169435215947,4.471038688172881
26.511627906976745,4.274916401774971
26.53156146179402,4.074445886194508
26.551495016611298,3.869868192436344
26.571428571428573,3.661443287328979
26.591362126245848,3.4494546091526974
26.611295681063122,3.234215639038018
26.6312292358804,3.0160795585493267
26.651162790697676,2.795453752903425
26.671096345514954,2.5728221392161688
26.69102990033223,2.34878053253872
26.710963455149503,2.1240945000923626
26.730897009966778,1.8997974989236919
26.750830564784053,1.6773641226346154
26.770764119601328,1.4590289983424476
26.790697674418606,1.2483967201860675
26.810631229235884,1.0516311529027356
26.83056478405316,0.8796684802116473
26.850498338870434,0.7513023580709746
26.87043189368771,0.6925842541413859
26.890365448504983,0.7216806978619682
26.91029900332226,0.8299246940977655
26.930232558139537,0.9919216664194799
26.95016611295681,1.1857949144155648
26.970099667774086,1.3981299873991404
26.990033222591364,1.6213497799039776
27.00996677740864,1.8510889528196088
27.029900332225914,2.0846916494056713
27.049833887043192,2.320435742246232
27.069767441860467,2.557131168238855
27.089700996677742,2.793904838799635
27.109634551495017,3.0300806150135484
27.12956810631229,3.2651095497930807
27.14950166112957,3.4985277985676957
27.169435215946848,3.7299303613506445
27.189368770764123,3.9589542135419626
27.209302325581397,4.1852671887352875
27.229235880398672,4.408560490308094
27.249169435215947,4.628543553446117
27.269102990033222,4.844940466080151
27.2890365448505,5.057487446016277
27.308970099667775,5.26593104749109
27.328903654485053,5.470026880220204
27.348837209302328,5.669538694116983
27.368770764119603,5.864237728531368
27.388704318936878,6.053902255175887
27.408637873754156,6.238317264380093
27.42857142857143,6.417274258364392
27.448504983388705,6.590571125007948
27.46843853820598,6.7580120724930115
27.48837209302326,6.919407610147569
27.508305647840533,7.074574564382449
27.52823920265781,7.223336121234755
27.548172757475086,7.365521888964042
27.56810631229236,7.500967975592203
27.588039867109636,7.629517077367426
27.60797342192691,7.751018574961323
27.627906976744185,7.865328634844132
27.64784053156146,7.9723103137749805
27.667774086378742,8.0718336647281
27.687707641196017,8.16377584287753
27.70764119601329,8.248021210502245
27.727574750830566,8.324461439864809
27.74750830564784,8.392995613270498
27.767441860465116,8.453530319639135
27.787375415282394,8.505979747024536
27.80730897009967,8.550265770601353
27.827242524916944,8.58631803571031
27.847176079734222,8.614074035613164
27.867109634551497,8.633479183660334
27.88704318936877,8.644486879619393
27.90697674418605,8.647058569952561
27.926910299003325,8.64116380186743
27.9468438538206,8.626780270998626
27.966777408637874,8.6038938626097
27.98671096345515,8.572498686235084
28.006644518272424,8.532597103712392
28.026578073089706,8.48419975058702
28.04651162790698,8.427325550903237
28.066445182724255,8.362001725432032
28.08637873754153,8.288263793425104
28.106312292358805,8.206155568029024
28.12624584717608,8.115729145545192
28.146179401993358,8.01704488878211
28.166112956810633,7.910171404819515
28.186046511627907,7.795185517592633
28.205980066445186,7.672172235814635
28.22591362126246,7.541224716892464
28.245847176079735,7.40244422766445
28.26578073089701,7.255940103010223
28.28571428571429,7.101829703669928
28.305647840531563,6.940238374984781
28.325581395348838,6.771299408765614
28.345514950166113,6.59515401115722
28.36544850498339,6.411951280257722
28.385382059800666,6.2218481984703295
28.405315614617944,6.025009646247284
28.42524916943522,5.821608446241404
28.445182724252494,5.611825450221817
28.46511627906977,5.395849685920648
28.485049833887043,5.173878588010177
28.504983388704318,4.9461183478696045
28.524916943521596,4.712784432645495
28.544850498338874,4.47410234860471
28.56478405315615,4.230308762495252
28.584717607973424,3.9816531573530414
28.6046511627907,3.728400303623635
28.624584717607974,3.4708340057554015
28.644518272425252,3.2092629030342716
28.664451827242527,2.9440296922834377
28.6843853820598,2.6755262782963833
28.70431893687708,2.40421967509365
28.724252491694354,2.1306984921911605
28.74418604651163,1.855761475341721
28.764119601328908,1.5805989653025039
28.784053156146182,1.307200225778099
28.803986710963457,1.0393771188826533
28.823920265780732,0.785703753931487
28.843853820598007,0.5689398708460356
28.86378737541528,0.4501323115738035
28.88372093023256,0.5066611343951448
28.903654485049838,0.698499035881915
28.923588039867113,0.9473626862974418
28.943521594684388,1.2190627315501608
28.963455149501662,1.501233741850494
28.983388704318937,1.7887234080837515
29.003322259136212,2.078987209216893
29.02325581395349,2.37056517954882
29.043189368770765,2.6625055816802607
29.063122923588043,2.954118612750689
29.083056478405318,3.2448601936351746
29.102990033222593,3.5342726007274776
29.122923588039868,3.8219521301963173
29.142857142857146,4.10753054738595
29.16279069767442,4.390663987226875
29.182724252491695,4.671026084752586
29.20265780730897,4.948303609929688
29.222591362126245,5.222193639593674
29.242524916943523,5.492401702861878
29.2624584717608,5.758640560157022
29.282392026578076,6.020629404618566
29.30232558139535,6.278093351049603
29.322259136212626,6.530763124199453
29.3421926910299,6.778374887420355
29.362126245847175,7.0206701714898525
29.382059800664454,7.257395875672824
29.40199335548173,7.4883043212969795
29.421926910299007,7.713153343686381
29.44186046511628,7.931706412143743
29.461794019933556,8.143732770367638
29.48172757475083,8.349007591606135
29.501661129568106,8.547312144227378
29.521594684385384,8.738433964392735
29.54152823920266,8.92216703325956
29.561461794019934,9.098311956693777
29.581395348837212,9.266676145889837
29.601328903654487,9.427073997614368
29.62126245847176,9.57932707303581
29.64119601328904,9.723264274294923
29.661129568106315,9.858722018123558
29.68106312292359,9.985544405942061
29.700996677740864,10.103583389966118
29.72093023255814,10.212698934938011
29.740863787375417,10.312759175168695
29.760797342192696,10.403640566640325
29.78073089700997,10.485228033974773
29.800664451827245,10.557415112126728
29.82059800664452,10.620104082709583
29.840531561461795,10.673206104911943
29.86046511627907,10.716641341012728
29.880398671096348,10.750339076555127
29.900332225913623,10.774237835295436
29.9202657807309,10.788285489103853
29.940199335548176,10.79243936306176
29.96013289036545,10.786666336076236
29.980066445182725,10.770942937419386
30.0,10.745255439700388
30.019933554817275,10.70959994889466
30.03986710963455,10.663982492191748
30.059800664451824,10.608419104585344
30.079734219269106,10.542935915321697
30.099667774086384,10.467569235553738
30.11960132890366,10.382365648826458
30.139534883720934,10.2873821063565
30.15946843853821,10.182686029480024
30.179401993355484,10.068355422146546
30.19933554817276,9.944478996957509
30.219269102990033,9.811156319017515
30.239202657807308,9.668497972824902
30.259136212624583,9.5166257586303
30.27906976744186,9.355672926207301
30.299003322259136,9.185784455902267
30.318936877076418,9.007117399285832
30.338870431893692,8.819841294884657
30.358803986710967,8.624138678556735
30.378737541528242,8.420205713397895
30.398671096345517,8.208252971059595
30.41860465116279,7.988506405612254
30.438538205980066,7.761208573436782
30.458471760797345,7.526620169243283
30.47840531561462,7.285021970874341
30.498338870431894,7.036717316459051
30.51827242524917,6.7820352802387776
30.538205980066444,6.521334773114051
30.558139534883725,6.255009878248091
30.578073089701,5.983496852228206
30.598006644518275,5.707283395362477
30.61794019933555,5.4269210464453
30.637873754152828,5.143041926872311
30.657807308970103,4.856381605535891
30.677740863787378,4.5678106680886525
30.697674418604652,4.278378780627814
30.717607973421927,3.9893768132845318
30.737541528239202,3.702425132879869
30.757475083056477,3.419599593316961
30.777408637873755,3.1436106640782833
30.79734219269103,2.8780535075263196
30.81727574750831,2.6277410145352023
30.837209302325586,2.3991004231313875
30.85714285714286,2.2005211042906305
30.877076411960136,2.042342388291356
30.89700996677741,1.935912859910743
30.916943521594686,1.8912120784032873
30.93687707641196,1.9135434794712987
30.95681063122924,2.0013644477228834
30.976744186046513,2.1470902133163476
30.996677740863788,2.3401286464744797
31.016611295681063,2.5698392168217583
31.036544850498338,2.827128483752815
31.05647840531562,3.104840962785502
31.076411960132894,3.3975513840982385
31.09634551495017,3.70118849630895
31.116279069767444,4.012680622257751
31.136212624584722,4.329676681951804
31.156146179401997,4.65034207641168
31.17607973421927,4.973213826368336
31.196013289036546,5.297098794680829
31.21594684385382,5.621002146043616
31.235880398671096,5.9440767584186815
31.25581395348837,6.265587133677061
31.275747508305646,6.584883391302993
31.29568106312292,6.901382331869146
31.315614617940206,7.214553506954502
31.33554817275748,7.523908872542338
31.355481727574755,7.828995035592583
31.37541528239203,8.129387397594298
31.395348837209305,8.424685700491862
31.41528239202658,8.714510619853398
31.435215946843854,8.998501147616732
31.45514950166113,9.276312575552762
31.475083056478404,9.547614939649984
31.495016611295682,9.812091820960234
31.514950166112957,10.069439424141349
31.53488372093023,10.319365873793505
31.554817275747514,10.561590682655398
31.57475083056479,10.795844356163562
31.594684385382063,11.021868105741273
31.614617940199338,11.239413649156116
31.634551495016613,11.448243080857633
31.654485049833887,11.648128798733557
31.674418604651166,11.838853476465188
31.69435215946844,12.020210072809792
31.714285714285715,12.192001870832906
31.73421926910299,12.354042541461716
31.754152823920265,12.506156226812443
31.77408637873754,12.648177639620192
31.79401993355482,12.779952175815833
31.813953488372096,12.901336037886626
31.83388704318937,13.01219636715343
31.85382059800665,13.112411383519591
31.873754152823924,13.201870531612121
31.8936877076412,13.280474632558862
31.913621262458474,13.348136040937582
31.93355481727575,13.404778806703902
31.953488372093023,13.450338842163328
31.973421926910298,13.484764094305763
31.993355481727576,13.508014723075657
32.01328903654485,13.520063286414182
32.033222591362126,13.520894933187936
32.053156146179404,13.510507605419136
32.07308970099668,13.488912251561365
32.09302325581396,13.456133052932477
32.11295681063123,13.412207665829639
32.13289036544851,13.357187482322532
32.15282392026578,13.29113791326138
32.17275747508306,13.214138697660186
32.19269102990033,13.126284243340958
32.21262458471761,13.027684004569885
32.23255813953488,12.91846290340691
32.25249169435216,12.798761802653548
32.27242524916944,12.668738039654487
32.292358803986716,12.52856603182689
32.312292358803994,12.378437966706782
32.332225913621265,12.218564591570694
32.35215946843854,12.049176120383352
32.372093023255815,11.870523279017453
32.39202657807309,11.682878513485674
32.411960132890364,11.486537390425488
32.43189368770764,11.281820224409241
32.45182724252492,11.069073972950353
32.47176079734219,10.848674447487861
32.49169435215947,10.621028897297075
32.51162790697674,10.386579033316377
32.53156146179402,10.145804570368458
32.5514950166113,9.899227379147206
32.57142857142858,9.647416353402727
32.59136212624585,9.39099311240846
32.611295681063126,9.130638672896213
32.631229235880404,8.867101236156131
32.651162790697676,8.60120524146927
32.671096345514954,8.333861830874556
32.691029900332225,8.066080843693083
32.7109634551495,7.7989843989154926
32.730897009966775,7.533822009955365
32.75083056478405,7.271986981916486
32.770764119601324,7.015033529987312
32.79069767441861,6.764693584677643
32.81063122923589,6.522891569776633
32.83056478405316,6.29175452154502
32.85049833887044,6.07361377996039
32.87043189368771,5.870993244655085
32.89036544850499,5.686578146206061
32.91029900332226,5.523157979487061
32.93023255813954,5.38353846344101
32.95016611295681,5.27042097206753
32.970099667774086,5.186254259677509
32.990033222591364,5.133071819527266
33.009966777408636,5.112336582564052
33.029900332225914,5.124819271676993
33.04983388704319,5.170534224220113
33.06976744186047,5.248746073331405
33.08970099667774,5.3580453639069106
33.10963455149502,5.496476664691112
33.12956810631229,5.661694243476706
33.14950166112957,5.851119877963999
33.16943521594685,6.062083198479707
33.18936877076412,6.291933506267228
33.2093023255814,6.538119975785844
33.22923588039867,6.798242724655337
33.24916943521595,7.070080118323331
33.26910299003322,7.35159845050855
33.289036544850504,7.640949637510873
33.308970099667775,7.936461492556021
33.32890365448505,8.236623967359467
33.34883720930233,8.540073700883367
33.3687707641196,8.845578386881238
33.38870431893688,9.152021865296197
33.40863787375415,9.458390424053174
33.42857142857143,9.76376052362524
33.4485049833887,10.06728798646025
33.46843853820598,10.368198594229103
33.48837209302326,10.665779983526017
33.50830564784053,10.959374707887154
33.528239202657815,11.248374329095217
33.548172757475086,11.532214406015077
33.568106312292365,11.81037025975825
33.588039867109636,12.08235340678157
33.607973421926914,12.347708564798458
33.627906976744185,12.606011149119842
33.647840531561464,12.856865188738217
33.66777408637874,13.099901601913515
33.68770764119601,13.334776780178053
33.70764119601329,13.561171437610774
33.72757475083056,13.778789689045698
33.74750830564784,13.987358326703642
33.76744186046511,14.186626269697152
33.7873754152824,14.376364165079393
33.80730897009967,14.556364122697182
33.82724252491695,14.726439569164917
33.847176079734226,14.886425208882496
33.8671096345515,15.036177082249681
33.887043189368775,15.175572713139895
33.906976744186046,15.304511339340305
33.926910299003325,15.422914221081648
33.946843853820596,15.53072502400436
33.966777408637874,15.627910273963469
33.98671096345515,15.71445988198161
34.006644518272424,15.790387738431974
34.02657807308971,15.855732376178011
34.04651162790698,15.910557702916412
34.06644518272426,15.954953803360146
34.08637873754153,15.989037812149627
34.10631229235881,16.01295485847595
34.12624584717608,16.026879083316278
34.14617940199336,16.031014729888057
34.166112956810636,16.0255973073832
34.18604651162791,16.010894827198584
34.205980066445186,15.9872091096722
34.22591362126246,15.954877157694922
34.245847176079735,15.914272591411873
34.265780730897006,15.865807135459537
34.28571428571429,15.809932146699532
34.30564784053156,15.747140166093173
34.32558139534884,15.67796647309494
34.34551495016612,15.602990614613429
34.36544850498339,15.522837873095066
34.38538205980067,15.43818062955821
34.40531561461794,15.349739567422455
34.42524916943522,15.258284651798112
34.44518272425249,15.16463580669297
34.46511627906977,15.069663199681536
34.48504983388704,14.97428703048779
34.50498338870432,14.879476707427326
34.5249169435216,14.786249284798545
34.544850498338874,14.695667026485266
34.56478405315615,14.608833957934353
34.584717607973424,14.5268912722759
34.6046511627907,14.4510114688028
34.62458471760797,14.382391125441288
34.64451827242525,14.32224224304287
34.66445182724252,14.27178214945749
34.6843853820598,14.232222015453269
34.70431893687708,14.204754111132633
34.72425249169435,14.190538017162297
34.74418604651163,14.19068609441692
34.76411960132891,14.206248601130106
34.784053156146186,14.238198919540014
34.80398671096346,14.28741940504062
34.823920265780735,14.354688391566723
34.84385382059801,14.44066887119964
34.863787375415285,14.545899311240827
34.88372093023256,14.670786980218926
34.903654485049834,14.815604032103197
34.92358803986711,14.980486456042527
34.943521594684384,15.165435850477586
34.96345514950166,15.37032383939976
34.98338870431893,15.594898827416792
35.00332225913621,15.8387946986285
35.02325581395349,16.101541007481913
35.04318936877077,16.38257418871381
35.06312292358805,16.681249325204796
35.08305647840532,16.99685205112791
35.102990033222596,17.328610225577034
35.12292358803987,17.675705080894506
35.142857142857146,18.037281622795497
35.16279069767442,18.412458130032597
35.182724252491695,18.800334665334297
35.20265780730897,19.200000563941078
35.222591362126245,19.610540910005295
35.24252491694352,20.0310420443523
35.2624584717608,20.460596170397135
35.28239202657808,20.89830513966007
35.30232558139535,21.343283505849023
35.32225913621263,21.794660938434088
35.3421926910299,22.25158408448136
35.36212624584718,22.713217962507034
35.38205980066445,23.17874696530901
35.40199335548173,23.647375540959956
35.42192691029901,24.118328613027575
35.44186046511628,24.590851793071757
35.461794019933556,25.064211430855767
35.48172757475083,25.537694540686413
35.501661129568106,26.01060863596512
35.521594684385384,26.48228149842439
35.54152823920266,26.952060903634745
35.561461794019934,27.419314320158538
35.58139534883721,27.883428596147017
35.60132890365449,28.34380964416157
35.62126245847176,28.79988213248571
35.64119601328904,29.25108918911557
35.66112956810631,29.696892122914118
35.68106312292359,30.136770165031773
35.70099667774086,30.570220232584298
35.72093023255814,30.99675671569345
35.74086378737542,31.415911288299625
35.760797342192696,31.827232742614296
35.780730897009974,32.23028684666728
35.800664451827245,32.624656224094785
35.82059800664452,33.00994025508892
35.840531561461795,33.38575499727332
35.86046511627907,33.75173312516528
35.880398671096344,34.107523886825646
35.90033222591362,34.45279307627023
35.9202657807309,34.787223020215656
35.94019933554817,35.110512577751145
35.96013289036545,35.42237715156139
35.98006644518272,35.722548709369285
36.00000000000001,36.010775814318805
36.01993355481728,36.2868236630747
36.03986710963456,36.550474130474356
36.05980066445183,36.80152581962774
36.079734219269106,37.03979411642085
36.099667774086384,37.265111247437055
36.119601328903656,37.477326340367604
36.139534883720934,37.67630548603668
36.159468438538205,37.86193180121743
36.179401993355484,38.034105491462675
36.199335548172755,38.19274391321781
36.21926910299003,38.33778163452298
36.23920265780731,38.46917049364572
36.25913621262459,38.58687965501637
36.27906976744187,38.69089566186293
36.29900332225914,38.78122248496232
36.31893687707642,38.85788156693914
36.33887043189369,38.92091186155146
36.35880398671097,38.97036986740503
36.37873754152824,39.00632965553382
36.39867109634552,39.02888289027162
36.418604651162795,39.03813884282191
36.438538205980066,39.034224396905344
36.458471760797345,39.01728404582825
36.478405315614616,38.98747988027105
36.4983388704319,38.94499156604015
36.51827242524917,38.890016310961286
36.53820598006645,38.8227688200159
36.55813953488372,38.74348123773219
36.578073089701,38.65240307674179
36.59800664451828,38.54980113129627
36.61794019933555,38.43595937440897
36.63787375415283,38.311178837142194
36.6578073089701,38.17577746839975
36.67774086378738,38.030089973408295
36.69767441860465,37.87446762887913
36.71760797342193,37.70927807263254
36.7375415282392,37.534905065243485
36.757475083056484,37.351748221027385
36.77740863787376,37.16022270543228
36.79734219269103,36.96075889563862
36.81727574750831,36.75380200089428
36.83720930232558,36.53981163883342
36.85714285714286,36.319261363746655
36.87707641196013,36.092638142496
36.89700996677741,35.860441773502856
36.91694352159468,35.62318424399603
36.93687707641196,35.38138902049251
36.95681063122924,35.1355902673156
36.97674418604651,34.886331987839924
36.996677740863795,34.63416708311184
37.01661129568107,34.37965632253999
37.036544850498345,34.12336722150663
37.056478405315616,33.865872821031786
37.076411960132894,33.607750365055615
37.096345514950166,33.349579871505405
37.116279069767444,33.091942594108424
37.13621262458472,32.83541937291577
37.15614617940199,32.580588872734616
37.17607973421927,32.32802571013955
37.19601328903654,32.07829847145421
37.21594684385382,31.831967626062678
37.23588039867109,31.589583341617576
37.25581395348838,31.351683210138205
37.27574750830565,31.118789896605374
37.29568106312293,30.891408724414656
37.315614617940206,30.670025214887474
37.33554817275748,30.455102600885184
37.355481727574755,30.24707933733929
37.37541528239203,30.046366634101787
37.395348837209305,29.85334603882683
37.415282392026576,29.668367099506682
37.435215946843854,29.49174513768922
37.455149501661126,29.32375916419745
37.475083056478404,29.164649969258523
37.49501661129569,29.01461841825989
37.51495016611296,28.873823982833358
37.53488372093024,28.742383534607168
37.55481727574751,28.62037042578035
37.57475083056479,28.50781387671493
37.59468438538206,28.40469868610319
37.61461794019934,28.31096527407363
37.63455149501661,28.226510063005787
37.65448504983389,28.151186195008307
37.674418604651166,28.08480457916714
37.69435215946844,28.027135255986092
37.714285714285715,27.97790906110841
37.734219269102994,27.93681956559618
37.75415282392027,27.90352526590073
37.77408637873754,27.877651993295054
37.79401993355482,27.85879551003701
37.81395348837209,27.84652425792542
37.83388704318937,27.84038222420286
37.85382059800665,27.839891889909367
37.87375415282392,27.844557226737237
37.8936877076412,27.85386671008052
37.91362126245847,27.867296318209828
37.93355481727575,27.884312490204728
37.95348837209302,27.904375018323005
37.9734219269103,27.926939853748966
37.993355481727576,27.95146180803019
38.013289036544855,27.97739713587502
38.03322259136213,28.00420598825425
38.053156146179404,28.031354727852893
38.07308970099668,28.05831810179643
38.093023255813954,28.08458126918625
38.11295681063123,28.109641683297074
38.1328903654485,28.133010830300368
38.15282392026578,28.154215828081508
38.17275747508306,28.172800890122737
38.19269102990033,28.188328660543803
38.21262458471761,28.200381427249013
38.23255813953489,28.20856222074678
38.252491694352166,28.212495806612623
38.27242524916944,28.211829579784656
38.292358803986716,28.206234368940244
38.31229235880399,28.19540515912594
38.332225913621265,28.17906174062552
38.35215946843854,28.156949291773014
38.372093023255815,28.12883890306567
38.39202657807309,28.094528049524197
38.411960132890364,28.053841017794
38.43189368770764,28.006629293993466
38.451827242524914,27.952771917800575
38.47176079734219,27.89217580773144
38.49169435215947,27.824776062007626
38.51162790697675,27.75053623883287
38.53156146179403,27.66944861930346
38.5514950166113,27.581534455555897
38.57142857142858,27.486844206106937
38.59136212624585,27.385457759657257
38.611295681063126,27.27748464790386
38.6312292358804,27.163064247129075
38.651162790697676,27.042365967495677
38.671096345514954,26.915589428068905
38.691029900332225,26.782964614594903
38.7109634551495,26.64475201598243
38.73089700996678,26.501242734249733
38.75083056478406,26.352758561403178
38.77076411960133,26.1996520153013
38.79069767441861,26.042306325025542
38.81063122923588,25.881135354626423
38.83056478405316,25.716583452349195
38.85049833887044,25.54912521058084
38.87043189368771,25.37926511982425
38.89036544850499,25.20753709803214
38.91029900332226,25.034503874673156
38.93023255813954,24.860756207022504
38.95016611295681,24.686911904455762
38.97009966777409,24.51361463508265
38.990033222591364,24.341532488017652
39.00996677740864,24.171356264094193
39.02990033222592,24.003797468059517
39.04983388704319,23.83958597642307
39.06976744186047,23.679467357365542
39.08970099667774,23.524199822641155
39.10963455149502,23.374550796399475
39.12956810631229,23.23129309245709
39.14950166112957,23.095200699855784
39.16943521594684,22.967044186562383
39.18936877076412,22.847585742809603
39.2093023255814,22.737573898633396
39.229235880398676,22.637737964279427
39.249169435215954,22.548782256826566
39.269102990033225,22.47138019096335
39.289036544850504,22.40616832557891
39.308970099667775,22.353740469832108
39.32890365448505,22.314641961741764
39.348837209302324,22.28936423823404
39.3687707641196,22.278339817241157
39.38870431893688,22.28193780931648
39.40863787375415,22.300460068031423
39.42857142857143,22.334138075198098
39.4485049833887,22.383130639115414
39.46843853820599,22.44752246231685
39.48837209302326,22.527323610758064
39.50830564784054,22.622469890302618
39.52823920265781,22.732824110146122
39.548172757475086,22.858178187869147
39.568106312292365,22.998256028416993
39.588039867109636,23.152717090542044
39.607973421926914,23.3211605398855
39.627906976744185,23.503129878355516
39.647840531561464,23.69811793486609
39.667774086378735,23.90557210260202
39.68770764119601,24.124899712273045
39.707641196013284,24.355473438620177
39.72757475083057,24.59663664792994
39.74750830564785,24.847708606648
39.76744186046512,25.107989484540195
39.7873754152824,25.376765099482437
39.80730897009967,25.65331136424314
39.82724252491695,25.936898408059196
39.84717607973422,26.226794357041513
39.8671096345515,26.522268767255774
39.88704318936877,26.82259571259925
39.906976744186046,27.127056536324066
39.926910299003325,27.434942280302717
39.946843853820596,27.745555810010888
39.96677740863788,28.05821365586383
39.98671096345515,28.372247593155052
40.00664451827243,28.687005983580967
40.0265780730897,29.001854901360513
40.04651162790698,29.316179066428223
40.06644518272425,29.629382606233236
40.08637873754153,29.940889666434234
40.10631229235881,30.250144889343986
40.12624584717608,30.556613777429583
40.14617940199336,30.859782957583178
40.16611295681063,31.159160360293566
40.18604651162791,31.454275326310064
40.205980066445186,31.744678651925216
40.225913621262464,32.0299425826287
40.245847176079735,32.309660763613756
40.26578073089701,32.58344815445474
40.28571428571429,32.85094091422042
40.30564784053156,33.11179626234106
40.32558139534884,33.365692319702944
40.34551495016611,33.61232793369623
40.36544850498339,33.85142249028391
40.38538205980066,34.082715715583014
40.40531561461794,34.30596746894777
40.42524916943522,34.5209575291091
40.44518272425249,34.72748537455
40.465116279069775,34.925369958973704
40.48504983388705,35.11444948244556
40.504983388704325,35.294581158555005
40.524916943521596,35.46564097774361
40.544850498338874,35.627523466776765
40.564784053156146,35.780141444193
40.584717607973424,35.923425771446034
40.6046511627907,36.057325099352695
40.62458471760797,36.181805609375814
40.64451827242525,36.29685074920043
40.66445182724252,36.40246096200252
40.6843853820598,36.498653408759864
40.70431893687708,36.58546168291368
40.72425249169436,36.662935516655
40.74418604651163,36.73114047808109
40.76411960132891,36.79015765844387
40.784053156146186,36.84008334869184
40.80398671096346,36.88102870449229
40.823920265780735,36.91311939890743
40.84385382059801,36.9364952618895
40.863787375415285,36.95130990575375
40.883720930232556,36.95773033578686
40.903654485049834,36.95593654514866
40.92358803986711,36.946121093231696
40.943521594684384,36.928488666653216
40.96345514950167,36.90325562206987
40.98338870431894,36.87064951002756
41.00332225913622,36.830908579087556
41.02325581395349,36.78428125950721
41.04318936877077,36.73102562579919
41.06312292358804,36.6714088375496
41.08305647840532,36.60570655794239
41.102990033222596,36.534202349517706
41.12292358803987,36.45718704678525
41.142857142857146,36.37495810542238
41.16279069767442,36.28781892791129
41.182724252491695,36.1960781656114
41.202657807308974,36.10004899742273
41.22259136212625,36.000048385374726
41.24252491694352,35.89639630767251
41.2624584717608,35.78941496995005
41.28239202657808,35.679427995716104
41.30232558139535,35.56675959723416
41.32225913621263,35.45173372835101
41.3421926910299,35.33467322107756
41.36212624584718,35.215898908029764
41.38205980066445,35.095728733152384
41.40199335548173,34.974476853471785
41.421926910299,34.85245273495206
41.44186046511628,34.72996024585582
41.46179401993356,34.607296751333244
41.481727574750835,34.484752213273325
41.50166112956811,34.36260829974441
41.521594684385384,34.24113750861955
41.54152823920266,34.12060231022
41.561461794019934,34.00125431400843
41.58139534883721,33.88333346451774
41.60132890365448,33.767067271802354
41.62126245847176,33.65267008174194
41.64119601328904,33.54034239150615
41.66112956810631,33.43027021539978
41.68106312292359,33.32262450614492
41.70099667774087,33.21756063642058
41.720930232558146,33.115217945169334
41.74086378737542,33.0157193527937
41.760797342192696,32.91917104890946
41.78073089700997,32.825662255798605
41.800664451827245,32.735265070120725
41.82059800664452,32.648034384804554
41.840531561461795,32.564007892361424
41.86046511627907,32.483206170149245
41.880398671096344,32.40563284738236
41.90033222591362,32.33127485294013
41.920265780730894,32.26010274228965
41.94019933554818,32.19207110111676
41.96013289036545,32.127119022569254
41.98006644518273,32.06517065436563
42.00000000000001,32.006135811425736
42.01993355481728,31.949910649143163
42.03986710963456,31.89637839195277
42.05980066445183,31.845410111455347
42.079734219269106,31.79686554805018
42.09966777408638,31.75059396979697
42.119601328903656,31.70643506208232
42.13953488372093,31.664219841600854
42.159468438538205,31.62377158817487
42.179401993355484,31.584906788023964
42.19933554817276,31.54743608225241
42.21926910299004,31.511165214539687
42.23920265780731,31.47589597229201
42.25913621262459,31.44142711583065
42.27906976744186,31.407555290549226
42.29900332225914,31.374075917357917
42.31893687707641,31.34078405713935
42.33887043189369,31.30747524536218
42.35880398671097,31.27394629342496
42.37873754152824,31.239996053729815
42.39867109634552,31.205426145905736
42.41860465116279,31.170041642010176
42.43853820598007,31.133651708930785
42.458471760797345,31.096070206582827
42.47840531561462,31.057116240849304
42.498338870431894,31.01661467053856
42.51827242524917,30.974396567935674
42.53820598006645,30.93029963280061
42.55813953488372,30.88416855991528
42.578073089701,30.83585536050582
42.59800664451827,30.78521963806557
42.61794019933555,30.73212881927916
42.63787375415282,30.67645834090082
42.6578073089701,30.618091793572333
42.67774086378738,30.556921023678512
42.697674418604656,30.492846194434325
42.717607973421934,30.425775807477933
42.737541528239205,30.35562668631154
42.757475083056484,30.2823239229873
42.777408637873755,30.205800789481756
42.79734219269103,30.125998615240402
42.817275747508305,30.042866632405627
42.83720930232558,29.956361790268
42.85714285714286,29.86644854050459
42.87707641196013,29.773098594788355
42.89700996677741,29.676290656373105
42.91694352159468,29.576010127277126
42.93687707641197,29.472248792709035
42.95681063122924,29.36500448439969
42.97674418604652,29.25428072452665
42.99667774086379,29.140086351941488
43.01661129568107,29.022435132436723
43.036544850498345,28.90134535481709
43.056478405315616,28.776839414570205
43.076411960132894,28.648943386963673
43.096345514950166,28.517686591429225
43.116279069767444,28.383101149129185
43.136212624584715,28.24522153563568
43.15614617940199,28.104084130688115
43.17607973421927,27.959726767029334
43.19601328903655,27.81218828035349
43.21594684385383,27.66150806242995
43.2358803986711,27.507725619495048
43.25581395348838,27.35088013802781
43.27574750830565,27.191010060044686
43.29568106312293,27.028152670062116
43.3156146179402,26.862343695883194
43.33554817275748,26.693616925364612
43.355481727574755,26.522003841312934
43.37541528239203,26.347533276643027
43.395348837209305,26.170231091907315
43.415282392026576,25.990119877270832
43.43521594684386,25.807218680964493
43.45514950166113,25.621542766197464
43.47508305647841,25.433103398449266
43.49501661129568,25.241907664993764
43.51495016611296,25.047958328431772
43.53488372093024,24.85125371592646
43.55481727574751,24.65178764574955
43.57475083056479,24.449549392655435
43.59468438538206,24.24452369350925
43.61461794019934,24.036690794503944
43.63455149501661,23.82602654121463
43.65448504983389,23.6125025126571
43.674418604651166,23.39608620044692
43.694352159468444,23.17674123409675
43.71428571428572,22.954427653449184
43.734219269102994,22.72910222922253
43.75415282392027,22.500718832653607
43.77408637873754,22.269228855259534
43.79401993355482,22.03458167981483
43.81395348837209,21.796725203758307
43.83388704318937,21.555606416410676
43.85382059800664,21.31117203160925
43.87375415282392,21.06336917765491
43.8936877076412,20.81214614683157
43.91362126245847,20.557453207206933
43.933554817275756,20.299243479968702
43.95348837209303,20.037473886204655
43.973421926910305,19.7721061678133
43.993355481727576,19.50310798814978
44.013289036544855,19.230454119089043
44.033222591362126,18.95412772244486
44.053156146179404,18.674121735143075
44.07308970099668,18.390440369236142
44.093023255813954,18.103100739791472
44.11295681063123,17.812134635918788
44.1328903654485,17.517590452752323
44.15282392026578,17.219535305103182
44.17275747508306,16.918057346771857
44.19269102990034,16.61326832318168
44.21262458471761,16.30530638906627
44.23255813953489,15.994339227400763
44.252491694352166,15.680567510553308
44.27242524916944,15.36422874963768
44.292358803986716,15.045601583070967
44.31229235880399,14.725010560054283
44.332225913621265,14.40283147858793
44.352159468438536,14.079497339928178
44.372093023255815,13.755504980947077
44.392026578073086,13.4314224410185
44.41196013289037,13.107897108494111
44.43189368770765,12.785664670337066
44.45182724252492,12.465558852719901
44.4717607973422,12.148521884707842
44.49169435215947,11.835615534424372
44.51162790697675,11.528032448853388
44.53156146179402,11.22710736537234
44.5514950166113,10.934327546454634
44.57142857142857,10.651341513093868
44.59136212624585,10.37996481936779
44.611295681063126,10.12218123655385
44.6312292358804,9.88013734014064
44.651162790697676,9.656128190158725
44.671096345514954,9.452571678357478
44.69102990033223,9.271969337206324
44.7109634551495,9.116852134856478
44.73089700996678,8.989711153586182
44.75083056478405,8.892915091042866
44.77076411960133,8.82861905437068
44.79069767441861,8.798671695289455
44.81063122923588,8.80452969013294
44.83056478405316,8.847189177674771
44.85049833887043,8.927142531382243
44.87043189368771,9.044365767281148
44.89036544850498,9.198337587772238
44.910299003322265,9.388086587830523
44.93023255813954,9.612259605293964
44.950166112956815,9.869202324023238
44.97009966777409,10.157043199659146
44.990033222591364,10.473773204435027
45.00996677740864,10.817316125386974
45.029900332225914,11.185586537768522
45.04983388704319,11.576534633733795
45.06976744186046,11.988178579633905
45.08970099667774,12.418625972915521
45.10963455149502,12.866086366411254
45.12956810631229,13.328876867536064
45.14950166112957,13.805422643179755
45.16943521594685,14.29425387971048
45.189368770764126,14.794000438038546
45.2093023255814,15.303385151583718
45.229235880398676,15.821216462580088
45.24916943521595,16.34638088669044
45.269102990033225,16.8778356359586
45.289036544850504,17.414601610047118
45.308970099667775,17.95575687838031
45.32890365448505,18.50043071422019
45.348837209302324,19.047798199653652
45.3687707641196,19.59707539285167
45.388704318936874,20.147515031743776
45.40863787375416,20.69840273835221
45.42857142857143,21.24905368315864
45.44850498338871,21.798809667359787
45.46843853820599,22.34703658151338
45.48837209302326,22.893122201042345
45.50830564784054,23.436474281776434
45.52823920265781,23.976518921775238
45.548172757475086,24.5126991588408
45.56810631229236,25.044473776227782
45.588039867109636,25.57131629199882
45.607973421926914,26.092714110197583
45.627906976744185,26.60816781449895
45.647840531561464,27.117190587239662
45.66777408637874,27.619307738739103
45.68770764119602,28.11405633360436
45.70764119601329,28.60098490229205
45.72757475083057,29.07965322759074
45.74750830564784,29.549632196912512
45.76744186046512,30.010503712356567
45.7873754152824,30.461860651450948
45.80730897009967,30.90330687230474
45.82724252491695,31.334457257628106
45.84717607973422,31.75493779271248
45.8671096345515,32.16438567302104
45.88704318936877,32.56244943752922
45.90697674418605,32.94878912438557
45.926910299003325,33.32307644584241
45.9468438538206,33.68499497974061
45.96677740863788,34.034240375128185
45.98671096345515,34.37052056985486
46.00664451827243,34.6935560182173
46.0265780730897,35.00307992693734
46.04651162790698,35.298838497940636
46.06644518272425,35.580591176569584
46.08637873754153,35.848110904013886
46.1063122923588,36.101184372877036
46.12624584717608,36.33961228491992
46.146179401993365,36.563209610134194
46.166112956810636,36.77180584640047
46.186046511627914,36.965245279080364
46.205980066445186,37.14338723997841
46.225913621262464,37.30610636519043
46.245847176079735,37.45329285143041
46.26578073089701,37.584852710498126
46.285714285714285,37.700708021616386
46.30564784053156,37.80079718142893
46.32558139534884,37.88507515150936
46.34551495016611,37.953513703287335
46.36544850498339,38.00610166035103
46.38538205980066,38.042845138135455
46.40531561461795,38.063767781052356
46.42524916943522,38.06891099716261
46.4451827242525,38.0583341905314
46.46511627906977,38.03211499144488
46.48504983388705,37.990349484698285
46.504983388704325,37.93315243619481
46.524916943521596,37.86065751811565
46.544850498338874,37.773017532937935
46.564784053156146,37.67040463658435
46.584717607973424,37.55301056098643
46.604651162790695,37.42104683633027
46.62458471760797,37.27474501322655
46.64451827242525,37.11435688500428
46.66445182724253,36.94015471026565
46.68438538205981,36.752431435755696
46.70431893687708,36.55150091948964
46.72425249169436,36.337698153939556
46.74418604651163,36.111379488903566
46.76411960132891,35.87292285346098
46.78405315614618,35.62272797614672
46.80398671096346,35.36121660215144
46.82392026578073,35.08883270596142
46.84385382059801,34.806042697384335
46.863787375415285,34.51333561835243
46.883720930232556,34.211223327244305
46.90365448504984,33.90024066670461
46.92358803986711,33.580945610059146
46.94352159468439,33.25391938040365
46.96345514950166,32.91976653528029
46.98338870431894,32.579115008530074
47.00332225913621,32.232616099416624
47.02325581395349,31.880944397446722
47.04318936877077,31.52479762946645
47.06312292358804,31.16489641359051
47.08305647840532,30.801983902341206
47.10299003322259,30.436825295055595
47.12292358803987,30.070207197204898
47.142857142857146,29.702936801815635
47.162790697674424,29.33584086576765
47.182724252491695,28.969764451475285
47.202657807308974,28.60556940247021
47.22259136212625,28.244132519866092
47.24252491694352,27.88634340579983
47.2624584717608,27.533101939948295
47.28239202657807,27.18531535638229
47.30232558139535,26.84389489063211
47.32225913621262,26.50975197120471
47.3421926910299,26.18379393620454
47.36212624584718,25.86691926443055
47.38205980066446,25.560012321542896
47.401993355481736,25.2639376357046
47.42192691029901,24.979533733446033
47.441860465116285,24.70760658512427
47.461794019933556,24.44892272977737
47.481727574750835,24.204202170673902
47.501661129568106,23.974111154439118
47.521594684385384,23.75925496706907
47.54152823920266,23.560170898006692
47.561461794019934,23.37732153723401
47.58139534883721,23.211088578546015
47.60132890365448,23.061767303499536
47.62126245847176,22.92956191399275
47.64119601328904,22.81458186652868
47.66112956810632,22.716839338044068
47.68106312292359,22.63624792250089
47.70099667774087,22.572622620648012
47.720930232558146,22.52568114443517
47.74086378737542,22.495046514878783
47.760797342192696,22.48025089030269
47.78073089700997,22.480740523324524
47.800664451827245,22.49588171195328
47.820598006644516,22.524967584443353
47.840531561461795,22.567225540222307
47.86046511627907,22.621825160696694
47.88039867109635,22.68788640379367
47.90033222591363,22.764487903891034
47.9202657807309,22.85067521305466
47.94019933554818,22.945468838697515
47.96013289036545,23.047871955245196
47.98006644518273,23.156877691527995
48.0,23.271475919969976
48.01993355481728,23.390659497003004
48.03986710963456,23.51342992557451
48.05980066445183,23.63880242951096
48.079734219269106,23.765810445486224
48.09966777408638,23.893509551304422
48.119601328903656,24.02098085920643
48.139534883720934,24.14733391015678
48.15946843853821,24.271709109860307
48.179401993355484,24.393279749946128
48.19933554817276,24.511253658705627
48.21926910299004,24.624874525339813
48.23920265780731,24.73342294018979
48.25913621262459,24.83621719118885
48.27906976744186,24.93261385403603
48.29900332225914,25.02200821055982
48.31893687707641,25.1038345265834
48.33887043189369,25.17756621744893
48.35880398671096,25.242715926303863
48.378737541528245,25.2988355373652
48.398671096345524,25.345516143700994
48.418604651162795,25.38238798662866
48.43853820598007,25.409120381636956
48.458471760797345,25.425421643791868
48.47840531561462,25.43103902387785
48.498338870431894,25.42575866503901
48.51827242524917,25.409405588401693
48.538205980066444,25.38184371505691
48.55813953488372,25.342975930835223
48.578073089701,25.292744199491068
48.59800664451827,25.23112972920121
48.61794019933556,25.158153196644438
48.63787375415283,25.07387503233654
48.657807308970106,24.978395770312936
48.67774086378738,24.871856464647383
48.697674418604656,24.754439174628782
48.71760797342193,24.626367519647914
48.737541528239205,24.487907303922974
48.757475083056484,24.339367210062974
48.777408637873755,24.18109955907048
48.79734219269103,24.013501132649246
48.817275747508305,23.837014051531234
48.83720930232558,23.652126700882633
48.857142857142854,23.459374690595546
48.87707641196014,23.259341834318064
48.89700996677741,23.05266112631303
48.91694352159469,22.840015689559248
48.93687707641197,22.622139661820103
48.95681063122924,22.399818978622527
48.97674418604652,22.173892003169556
48.99667774086379,21.94524994315847
49.01661129568107,21.714836983382174
49.03654485049834,21.48365005105164
49.056478405315616,21.25273811834083
49.07641196013289,21.02320093426043
49.096345514950166,20.79618706638696
49.11627906976745,20.572891123253704
49.13621262458472,20.354550021692997
49.156146179402,20.142438161746245
49.17607973421927,19.937861376828025
49.19601328903655,19.742149540708
49.21594684385382,19.55664773761565
49.2358803986711,19.382705939181996
49.25581395348837,19.22166718322087
49.27574750830565,19.074854314739017
49.29568106312293,18.943555427856946
49.3156146179402,18.829008235537604
49.33554817275748,18.73238368715839
49.35548172757475,18.65476924503086
49.375415282392034,18.59715231136373
49.395348837209305,18.560404357431757
49.41528239202658,18.5452663377287
49.435215946843854,18.552335966237397
49.45514950166113,18.58205738537159
49.47508305647841,18.634713670626162
49.49501661129568,18.7104224903369
49.51495016611296,18.80913508961491
49.53488372093023,18.930638603450156
49.55481727574751,19.074561540952537
49.57475083056478,19.2403821352399
49.59468438538206,19.4274391338398
49.61461794019934,19.634944521076346
49.634551495016616,19.861997620558157
49.654485049833895,20.107600021729457
49.674418604651166,20.370670804735003
49.694352159468444,20.65006159510635
49.714285714285715,20.9445710551876
49.734219269102994,21.252958503923864
49.754152823920265,21.573956442746056
49.77408637873754,21.906281846524138
49.79401993355482,22.248646150529044
49.81395348837209,22.599763924490702
49.83388704318937,22.9583602722076
49.85382059800664,23.32317703003399
49.87375415282393,23.692977861074752
49.8936877076412,24.066552355683278
49.91362126245848,24.44271925471534
49.93355481727575,24.820328911765024
49.95348837209303,25.198265105968456
49.973421926910305,25.575446309349275
49.993355481727576,25.950826503279586
50.013289036544855,26.32339562836394
50.033222591362126,26.692179741611124
50.053156146179404,27.056240944625486
50.073089700996675,27.414677137045874
50.093023255813954,27.766621640778528
50.11295681063123,28.11124273280319
50.13289036544851,28.44774311750247
50.15282392026579,28.775359363549057
50.17275747508306,29.093361325327823
50.19269102990034,29.401051564595523
50.21262458471761,29.69776478451078
50.23255813953489,29.98286728521404
50.25249169435216,30.255756447723492
50.27242524916944,30.515860250960866
50.292358803986716,30.762636825162996
50.31229235880399,30.995574043708995
50.332225913621265,31.214189154445698
50.35215946843854,31.418028450879486
50.37209302325582,31.606666983079847
50.39202657807309,31.779708307777845
50.41196013289037,31.9367842769105
50.43189368770764,32.077554863739
50.45182724252492,32.20170802563415
50.4717607973422,32.30895960266209
50.49169435215947,32.399053251204144
50.51162790697675,32.471760411997636
50.53156146179402,32.52688031218163
50.5514950166113,32.56424000116795
50.57142857142857,32.58369442042908
50.59136212624585,32.58512650759864
50.611295681063126,32.56844733561499
50.631229235880404,32.53359628800546
50.65116279069768,32.480541271805855
50.671096345514954,32.40927897004102
50.69102990033223,32.31983513615744
50.7109634551495,32.21226493330164
50.73089700996678,32.08665332188061
50.75083056478405,31.94311549942568
50.77076411960133,31.78179739741295
50.7906976744186,31.602876240372808
50.81063122923588,31.40656117335265
50.83056478405316,31.19309396457994
50.85049833887044,30.962749791009003
50.870431893687716,30.71583811532126
50.89036544850499,30.45270366388044
50.910299003322265,30.173727516111764
50.93023255813954,29.879328316762606
50.950166112956815,29.569963623487485
50.970099667774086,29.246131403149274
50.990033222591364,28.908371691091997
51.00996677740864,28.557268428351996
51.029900332225914,28.19345149224144
51.04983388704319,27.81759893583674
51.06976744186046,27.430439451471052
51.08970099667774,27.032755072146838
51.10963455149502,26.625384122570708
51.1295681063123,26.20922442790672
51.14950166112957,25.785236782886837
51.16943521594685,25.354448676033932
51.189368770764126,24.91795825273751
51.2093023255814,24.476938485921995
51.229235880398676,24.032641503059068
51.24916943521595,23.586402992159705
51.269102990033225,23.1396465758992
51.2890365448505,22.69388800093314
51.308970099667775,22.25073893764507
51.328903654485046,21.81191012330858
51.34883720930233,21.379213508979213
51.36877076411961,20.954562988659273
51.38870431893688,20.539973201648657
51.40863787375416,20.1375558115159
51.42857142857143,19.74951258743131
51.44850498338871,19.37812455971272
51.46843853820598,19.02573651004546
51.48837209302326,18.694736110783595
51.50830564784053,18.38752717197553
51.52823920265781,18.10649671239858
51.548172757475086,17.853975957017326
51.56810631229236,17.632195876930407
51.58803986710964,17.443238503587306
51.607973421926914,17.28898591072178
51.62790697674419,17.171069377865106
51.647840531561464,17.090821718926993
51.66777408637874,17.04923596551013
51.68770764119601,17.046933448940944
51.70764119601329,17.08414379179886
51.72757475083057,17.160698435876125
51.74750830564784,17.276038210170412
51.76744186046512,17.429234245194472
51.78737541528239,17.619020451113062
51.80730897009967,17.843834953707706
51.82724252491694,18.101867420571523
51.847176079734226,18.391109131525383
51.8671096345515,18.70940290413015
51.887043189368775,19.05449048264165
51.90697674418605,19.424055624087885
51.926910299003325,19.815761763381254
51.9468438538206,20.227283730174044
51.966777408637874,20.656333474338034
51.98671096345515,21.100680114581433
52.006644518272424,21.558164858374923
52.0265780730897,22.026711467731467
52.04651162790698,22.504332987713898
52.06644518272425,22.989135436992772
52.08637873754154,23.4793191039594
52.10631229235881,23.973178015235685
52.12624584717609,24.469098058789637
52.14617940199336,24.965554160001897
52.166112956810636,25.46110683129652
52.18604651162791,25.954398347179673
52.205980066445186,26.444148737781564
52.225913621262464,26.929151745192016
52.245847176079735,27.408270847270867
52.26578073089701,27.88043542211959
52.285714285714285,28.344637101826113
52.30564784053156,28.799926345268304
52.325581395348834,29.245409245610013
52.34551495016612,29.680244577705363
52.36544850498339,30.103641083143998
52.38538205980067,30.51485498546201
52.40531561461795,30.91318772457276
52.42524916943522,31.29798389731055
52.4451827242525,31.668629389789167
52.46511627906977,32.02454968679401
52.48504983388705,32.365208343447186
52.50498338870432,32.6901056047551
52.524916943521596,32.998777159252136
52.544850498338874,33.29079301370342
52.564784053156146,33.56575647666279
52.58471760797343,33.82330323955131
52.6046511627907,34.063100544795354
52.62458471760798,34.284846431418394
52.64451827242525,34.48826904930243
52.66445182724253,34.673126034114745
52.6843853820598,34.83920393562646
52.70431893687708,34.98631769283131
52.72425249169436,35.1143101499036
52.74418604651163,35.223051607615965
52.76411960132891,35.312439405372366
52.78405315614618,35.38239752950187
52.80398671096346,35.43287624390757
52.823920265780735,35.46385173957625
52.843853820598014,35.47532579983017
52.863787375415285,35.467325478547075
52.88372093023256,35.43990278889071
52.90365448504984,35.39313440038415
52.92358803986711,35.32712134242687
52.94352159468439,35.2419887126034
52.96345514950166,35.137885388361894
52.98338870431894,35.01498374085541
53.00332225913621,34.87347934994018
53.02325581395349,34.713590719515395
53.04318936877076,34.53555899256946
53.06312292358804,34.33964766547131
53.083056478405325,34.126142301212084
53.102990033222596,33.8953502414655
53.122923588039875,33.64760031749486
53.142857142857146,33.383242560092775
53.162790697674424,33.10264790889772
53.182724252491695,32.806207921590705
53.202657807308974,32.4943344836357
53.222591362126245,32.16745951939308
53.24252491694352,31.826034705602652
53.2624584717608,31.470531188407577
53.28239202657807,31.101439305269277
53.30232558139535,30.71926831330928
53.32225913621263,30.3245461258055
53.34219269102991,29.917819058768444
53.36212624584718,29.49965158972496
53.38205980066446,29.070626131043692
53.40199335548173,28.631342820342578
53.42192691029901,28.182419330722436
53.441860465116285,27.724490703765397
53.461794019933556,27.25820920841509
53.481727574750835,26.784244229006635
53.501661129568106,26.30328218582525
53.521594684385384,25.816026491623536
53.541528239202655,25.323197547495635
53.561461794019934,24.825532781361105
53.58139534883721,24.323786732013005
53.60132890365449,23.818731181183114
53.62126245847177,23.311155335310918
53.64119601328904,22.80186605759394
53.66112956810632,22.291688149350318
53.68106312292359,21.781464677624296
53.70099667774087,21.272057343174698
53.72093023255814,20.76434687934146
53.74086378737542,20.259233467602048
53.76079734219269,19.757637149698187
53.78073089700997,19.260498208813427
53.800664451827245,18.768777483188963
53.82059800664452,18.283456564576294
53.8405315614618,17.805537820893402
53.86046511627907,17.336044167335253
53.88039867109635,16.876018493127624
53.90033222591362,16.42652263251634
53.9202657807309,15.988635749257789
53.94019933554817,15.56345198516015
53.96013289036545,15.152077207141241
53.98006644518273,14.755624676657337
54.0,14.37520946394585
54.01993355481728,14.011941441887354
54.03986710963455,13.666916725597078
54.05980066445183,13.341207479333274
54.079734219269106,13.035850096349037
54.099667774086384,12.751831872184255
54.119601328903656,12.490076436167554
54.139534883720934,12.251428372835742
54.15946843853821,12.03663764130948
54.179401993355484,11.84634456635464
54.19933554817276,11.681066304468153
54.21926910299003,11.541185754329959
54.23920265780731,11.426943858898325
54.25913621262458,11.338436121014151
54.27906976744186,11.27561392504621
54.29900332225914,11.238290941057985
54.31893687707642,11.226154519299449
54.338870431893696,11.238781607214547
54.35880398671097,11.275658387243908
54.378737541528245,11.336202583343372
54.39867109634552,11.419787244342126
54.418604651162795,11.525764791005711
54.438538205980066,11.65349020038875
54.458471760797345,11.802342371157035
54.47840531561462,11.971742935090015
54.498338870431894,12.161172020515743
54.51827242524917,12.370180705412004
54.538205980066444,12.598400101651634
54.55813953488373,12.845547176322249
54.578073089701,13.111427537772656
54.59800664451828,13.395935495258147
54.61794019933555,13.699051747461686
54.63787375415283,14.020839073960145
54.657807308970106,14.361436402145596
54.67774086378738,14.721051606619747
54.697674418604656,15.099953373804977
54.71760797342193,15.498462435262118
54.737541528239205,15.91694244157344
54.75747508305648,16.355790716284314
54.777408637873755,16.815429097265188
54.79734219269103,17.29629504149114
54.81727574750831,17.79883313894586
54.83720930232559,18.32348715235373
54.85714285714286,18.870692671934087
54.87707641196014,19.440870448588715
54.89700996677741,20.034420445138313
54.91694352159469,20.65171662368577
54.93687707641196,21.293102468149996
54.95681063122924,21.958887224678246
54.97674418604652,22.64934282912376
54.99667774086379,23.36470148009361
55.01661129568107,24.105153808158054
55.03654485049834,24.870847586505903
55.05647840531562,25.661886925394185
55.076411960132894,26.478331891882398
55.09634551495017,27.32019849723297
55.116279069767444,28.18745899666087
55.13621262458472,29.08004244948892
55.156146179402,29.997835491896947
55.17607973421927,30.940683279059265
55.19601328903655,31.908390558300884
55.21594684385382,32.900722839768115
55.2358803986711,33.91740763584237
55.25581395348837,34.958135745010026
55.27574750830565,36.022562560051185
55.29568106312292,37.110309384176475
55.315614617940206,38.22096474209588
55.335548172757484,39.354085675943374
55.355481727574755,40.509199018516235
55.375415282392034,41.685802638439064
55.395348837209305,42.88336665366025
55.41528239202658,44.10133461116581
55.435215946843854,45.339124631987964
55.45514950166113,46.59613052152838
55.475083056478404,47.87172284594535
55.49501661129568,49.16524997589852
55.51495016611296,50.47603909933824
55.53488372093023,51.803397205291475
55.55481727574752,53.14661204075953
55.57475083056479,54.50495304292109
55.59468438538207,55.87767224884909
55.61461794019934,57.26400518491212
55.634551495016616,58.66317173795664
55.65448504983389,60.07437701026242
55.674418604651166,61.496812160141765
55.694352159468444,62.929655229916506
55.714285714285715,64.37207196286444
55.734219269102994,65.82321661058134
55.754152823920265,67.28223273205762
55.77408637873754,68.7482539856271
55.79401993355482,70.22040491480637
55.8139534883721,71.69780172891026
55.83388704318937,73.17955307920461
55.85382059800665,74.6647608312375
55.87375415282393,76.15252083388094
55.8936877076412,77.64192368551076
55.91362126245848,79.13205549765874
55.93355481727575,80.62199865638138
55.95348837209303,82.11083258151059
55.9734219269103,83.59763448387713
55.993355481727576,85.08148012053093
56.01328903654485,86.56144454792074
56.033222591362126,88.03660287294144
56.05315614617941,89.50603100170618
56.07308970099668,90.96880638585698
56.09302325581396,92.4240087661868
56.11295681063123,93.87072091330941
56.13289036544851,95.30802936508383
56.15282392026578,96.73502516046925
56.17275747508306,98.15080456946393
56.19269102990033,99.5544698187585
56.21262458471761,100.9451298127163
56.23255813953489,102.32190084927721
56.25249169435216,103.68390733036713
56.27242524916944,105.03028246638561
56.292358803986716,106.36016897433318
56.312292358803994,107.67271976913402
56.332225913621265,108.9670986477036
56.35215946843854,110.24248096530707
56.372093023255815,111.49805430375244
56.39202657807309,112.73301913096097
56.41196013289037,113.94658945145889
56.43189368770764,115.13799344733471
56.45182724252492,116.3064741092111
56.47176079734219,117.45128985678258
56.49169435215947,118.57171514847624
56.51162790697674,119.66704107979841
56.53156146179402,120.73657596993682
56.5514950166113,121.77964593619518
56.57142857142858,122.79559545584586
56.591362126245855,123.78378791499503
56.611295681063126,124.74360614406453
56.631229235880404,125.67445293950486
56.651162790697676,126.57575157136496
56.671096345514954,127.44694627635528
56.691029900332225,128.28750273605309
56.7109634551495,129.09690853991162
56.73089700996678,129.87467363274615
56.75083056478405,130.62033074638578
56.77076411960133,131.33343581519
56.79069767441861,132.0135683751468
56.81063122923589,132.66033194627974
56.83056478405316,133.2733543981088
56.85049833887044,133.85228829792229
56.87043189368771,134.39681124163377
56.89036544850499,134.90662616701135
56.910299003322265,135.38146164908375
56.93023255813954,135.8210721775404
56.950166112956815,136.22523841596072
56.970099667774086,136.5937674427201
56.990033222591364,136.92649297343857
57.009966777408636,137.22327556484947
57.02990033222592,137.48400279998376
57.04983388704319,137.70858945457775
57.06976744186047,137.8969776446276
57.08970099667775,138.0491369550285
57.10963455149502,138.1650645492473
57.1295681063123,138.2447852599946
57.14950166112957,138.28835166087137
57.16943521594685,138.29584411897804
57.18936877076412,138.2673708284862
57.2093023255814,138.20306782518173
57.229235880398676,138.10309898199816
57.24916943521595,137.9676559855674
57.269102990033225,137.79695829382135
57.289036544850504,137.59125307468383
57.30897009966778,137.35081512589696
57.32890365448505,137.07594677602646
57.34883720930233,136.76697776669383
57.3687707641196,136.42426511607948
57.38870431893688,136.0481929637384
57.40863787375416,135.63917239676283
57.42857142857143,135.1976412573193
57.44850498338871,134.7240639315724
57.46843853820598,134.21893111999714
57.48837209302326,133.68275958905815
57.50830564784053,133.11609190421518
57.528239202657815,132.5194961441872
57.548172757475086,131.89356559637494
57.568106312292365,131.23891843330688
57.58803986710964,130.55619736993376
57.607973421926914,129.8460693015472
57.62790697674419,129.10922492204813
57.647840531561464,128.34637832223007
57.66777408637874,127.55826656767681
57.68770764119601,126.74564925580015
57.70764119601329,125.90930805146398
57.72757475083056,125.05004620055026
57.74750830564784,124.16868802072636
57.76744186046512,123.26607836856637
57.7873754152824,122.34308208206416
57.807308970099676,121.40058339745227
57.82724252491695,120.43948533910479
57.847176079734226,119.46070908116333
57.8671096345515,118.46519327936862
57.887043189368775,117.45389337142393
57.906976744186046,116.42778084404362
57.926910299003325,115.38784246466712
57.9468438538206,114.33507947563336
57.966777408637874,113.27050674842651
57.98671096345515,112.19515189541063
58.006644518272424,111.11005433628405
58.02657807308971,110.01626431629417
58.04651162790698,108.91484187307323
58.06644518272426,107.8068557487855
58.08637873754153,106.69338224411935
58.10631229235881,105.57550401052539
58.12624584717609,104.45430877699533
58.14617940199336,103.3308880076063
58.166112956810636,102.20633548602966
58.18604651162791,101.08174582323085
58.205980066445186,99.95821288467945
58.22591362126246,98.83682813355598
58.245847176079735,97.71867888669647
58.265780730897006,96.60484648037192
58.28571428571429,95.4964043434661
58.30564784053157,94.39441597621008
58.32558139534884,93.2999328333629
58.34551495016612,92.21399211160883
58.36544850498339,91.13761444198487
58.38538205980067,90.07180148935979
58.40531561461794,89.01753346236895
58.42524916943522,87.97576653876732
58.44518272425249,86.94743021288897
58.46511627906977,85.93342457379431
58.48504983388705,84.93461752472277
58.50498338870432,83.95184195663359
58.5249169435216,82.98589289087518
58.544850498338874,82.03752460834036
58.56478405315615,81.10744778479084
58.584717607973424,80.19632665431676
58.6046511627907,79.30477622507213
58.62458471760797,78.43335957342626
58.64451827242525,77.58258524441976
58.66445182724253,76.75290478783731
58.6843853820598,75.94471046022578
58.70431893687708,75.15833312372854
58.72425249169435,74.39404037260087
58.74418604651163,73.65203491766377
58.76411960132891,72.93245325769928
58.784053156146186,72.2353646648632
58.80398671096346,71.56077050858369
58.823920265780735,70.90860393914586
58.843853820598014,70.27872994826926
58.863787375415285,69.67094581953582
58.88372093023256,69.08498197660472
58.903654485049834,68.52050323186984
58.92358803986711,67.97711043269766
58.943521594684384,67.45434249677281
58.96345514950166,66.95167882251731
58.98338870431894,66.46854205519003
59.00332225913621,66.00430118425625
59.0232558139535,65.55827494307835
59.04318936877077,65.12973547803163
59.06312292358805,64.71791225089206
59.08305647840532,64.32199613584224
59.102990033222596,63.9411436707455
59.12292358803987,63.57448142145674
59.142857142857146,63.22111041786541
59.162790697674424,62.88011062105942
59.182724252491695,62.55054538240318
59.202657807308974,62.231465857357676
59.222591362126245,61.921915339445235
59.24252491694352,61.620933482775456
59.2624584717608,61.32756038489352
59.28239202657808,61.04084050528613
59.30232558139535,60.75982639857518
59.32225913621263,60.483582245157
59.34219269102991,60.21118716571185
59.36212624584718,59.941738309547645
59.38205980066446,59.67435371008621
59.40199335548173,59.40817490390365
59.42192691029901,59.14236931256228
59.44186046511628,58.87613238899594
59.461794019933556,58.60868953241981
59.481727574750835,58.339297777629625
59.501661129568106,58.067247266134835
59.52159468438539,57.79186250785213
59.54152823920266,57.51250344308501
59.56146179401994,57.22856631525313
59.58139534883721,56.939484365337805
59.60132890365449,56.644728359300984
59.62126245847176,56.34380695984233
59.64119601328904,56.036266953806084
59.66112956810632,55.72169334636366
59.68106312292359,55.39970933280166
59.70099667774087,55.06997615835875
59.72093023255814,54.73219287610068
59.74086378737542,54.386096012317005
59.760797342192696,54.03145914838
59.780730897009974,53.66809242744258
59.800664451827245,53.29584199377482
59.82059800664452,52.91458937196124
59.8405315614618,52.5242507926087
59.86046511627907,52.12477647065419
59.88039867109635,51.71614984181901
59.90033222591362,51.298386762231516
59.9202657807309,50.87153467574126
59.94019933554817,50.43567175296994
59.96013289036545,49.99090600569376
59.98006644518272,49.53737437972543
60.0,49.07524182906156
60.019933554817285,48.60470037368508
60.03986710963455,48.12596814305485
60.059800664451835,47.63928840698335
60.0797342192691,47.14492859528776
60.099667774086384,46.643179307304926
60.11960132890365,46.134353312082105
60.139534883720934,45.61878453979138
60.15946843853821,45.09682706466571
60.179401993355484,44.568854079517514
60.19933554817277,44.035256861673226
60.21926910299003,43.49644372994226
60.23920265780732,42.95283899203129
60.25913621262458,42.404881881618294
60.27906976744187,41.853025484112145
60.29900332225913,41.297735649946524
60.31893687707642,40.73948989408907
60.33887043189368,40.17877628029314
60.35880398671097,39.616092288479436
60.37873754152825,39.05194366351354
60.39867109634552,38.486843243545394
60.4186046511628,37.92130976600288
60.438538205980066,37.3558666492905
60.45847176079735,36.791040748240235
60.478405315614616,36.227361081405
60.4983388704319,35.665357528382124
60.518272425249165,35.10555949551593
60.53820598006645,34.54849454856417
60.55813953488372,33.994687011235094
60.578073089701,33.44465652892021
60.59800664451827,32.89891659747588
60.61794019933555,32.357973057555064
60.637873754152835,31.82232255577026
60.6578073089701,31.29245097488839
60.677740863787385,30.76883183632589
60.69767441860465,30.251924679430843
60.717607973421934,29.742173423407934
60.737541528239205,29.24000471925605
60.757475083056484,28.745826300734446
60.777408637873755,28.2600253451321
60.79734219269103,27.782966856457634
60.817275747508305,27.314992085555456
60.83720930232558,26.85641700354096
60.857142857142854,26.407530846775582
60.87707641196013,25.968594753304707
60.89700996677742,25.539840512184306
60.91694352159469,25.121469448344808
60.93687707641197,24.713651466501034
60.95681063122924,24.316524278032478
60.97674418604652,23.930192834652782
60.99667774086379,23.554728991993723
61.01661129568107,23.190171424896217
61.03654485049834,22.836525814197593
61.056478405315616,22.493765322123316
61.07641196013289,22.16183137005361
61.09634551495017,21.840634728491686
61.11627906976745,21.530056924590678
61.13621262458472,21.229951967709532
61.156146179402,20.940148388296578
61.17607973421927,20.660451580094072
61.19601328903655,20.390646430378037
61.21594684385382,20.130500217858955
61.2358803986711,19.87976575312452
61.25581395348837,19.63818473224375
61.275747508305656,19.405491270485655
61.29568106312292,19.181415580114834
61.315614617940206,18.96568775395618
61.33554817275747,18.75804161487512
61.355481727574755,18.558218590466783
61.375415282392034,18.365971572017703
61.395348837209305,18.18106871709987
61.41528239202658,18.00329715585872
61.435215946843854,17.832466562029026
61.45514950166114,17.66841255081827
61.475083056478404,17.510999866903354
61.49501661129569,17.360125326776416
61.51495016611295,17.21572048045953
61.53488372093024,17.077753958127914
61.55481727574751,16.946233467424047
61.57475083056479,16.821207407244735
61.59468438538206,16.702766063628772
61.61461794019934,16.591042353211417
61.63455149501662,16.48621207974917
61.65448504983389,16.38849366971604
61.67441860465117,16.298147354244477
61.69435215946844,16.215473767080198
61.71428571428572,16.14081193211356
61.734219269102994,16.074536619806793
61.75415282392027,16.017055059786593
61.77408637873754,15.968803007264118
61.79401993355482,15.930240173907723
61.81395348837209,15.901845049280919
61.83388704318937,15.88410915670764
61.85382059800664,15.877530806925721
61.87375415282392,15.882608433357236
61.893687707641206,15.899833613222363
61.91362126245848,15.92968389779753
61.933554817275756,15.97261559147623
61.95348837209303,16.029056631512756
61.973421926910305,16.099399727108153
61.993355481727576,16.183995916785385
62.013289036544855,16.28314869615281
62.033222591362126,16.39710885403902
62.053156146179404,16.526070134042754
62.073089700996675,16.670165811796096
62.09302325581396,16.82946624720692
62.11295681063124,17.003977437511058
62.13289036544851,17.19364056319537
62.15282392026579,17.39833248679778
62.17275747508306,17.617867136083277
62.19269102990034,17.851997679592778
62.21262458471761,18.100419385036055
62.23255813953489,18.3627730398933
62.25249169435216,18.638648808832265
62.272425249169444,18.927590403630873
62.29235880398671,19.22909944737273
62.312292358803994,19.542639924701938
62.33222591362126,19.86764262274062
62.35215946843854,20.203509481765266
62.37209302325582,20.549617789888593
62.39202657807309,20.90532417094419
62.41196013289037,21.269968328851892
62.43189368770764,21.64287652447866
62.45182724252493,22.023364772110227
62.47176079734219,22.410741751976087
62.49169435215948,22.804311442817596
62.51162790697674,23.20337548434178
62.53156146179403,23.607235283712438
62.55149501661129,24.015193883185898
62.57142857142858,24.4265576078045
62.59136212624584,24.840637512926047
62.611295681063126,25.256750651483497
62.63122923588041,25.67422118041501
62.651162790697676,26.092381324833642
62.67109634551496,26.510572217347367
62.691029900332225,26.92814462860356
62.71096345514951,27.34445960369969
62.730897009966775,27.758889017642765
62.75083056478406,28.170816061601304
62.770764119601324,28.579635670311777
62.79069767441861,28.984754899700516
62.81063122923588,29.385593262576382
62.83056478405316,29.781583029147672
62.850498338870445,30.172169498120482
62.87043189368771,30.55681124324506
62.890365448504994,30.934980339385554
62.91029900332226,31.306162571493356
62.930232558139544,31.66985762925622
62.95016611295681,32.02557928966788
62.97009966777409,32.37285558930825
62.990033222591364,32.71122898773468
63.00996677740864,33.040256523053095
63.029900332225914,33.35950996045762
63.04983388704319,33.668575934291205
63.06976744186046,33.96705608398418
63.08970099667774,34.25456718406478
63.10963455149503,34.53074126830285
63.12956810631229,34.79522574794081
63.14950166112958,35.04768352387965
63.16943521594685,35.28779309262053
63.189368770764126,35.51524864571123
63.2093023255814,35.72976016240833
63.229235880398676,35.931053495239084
63.24916943521595,36.118870448129485
63.269102990033225,36.29296884675601
63.2890365448505,36.45312260077468
63.308970099667775,36.59912175758469
63.328903654485046,36.73077254729014
63.34883720930233,36.84789741853483
63.36877076411961,36.950335064898155
63.38870431893688,37.0379404415572
63.40863787375416,37.110584771937376
63.42857142857143,37.16815554409409
63.44850498338871,37.210556496588715
63.46843853820598,37.237707593643506
63.48837209302326,37.24954498938271
63.50830564784053,37.246020980989655
63.528239202657815,37.227103950632795
63.54817275747508,37.1927782960369
63.568106312292365,37.14304434959862
63.58803986710964,37.077918285969254
63.607973421926914,36.99743201805039
63.62790697674419,36.90163308137129
63.647840531561464,36.79058450683971
63.66777408637874,36.664364681880635
63.68770764119601,36.52306719999979
63.7076411960133,36.366800698831206
63.72757475083056,36.19568868675033
63.74750830564785,36.00986935815606
63.76744186046511,35.80949539754719
63.7873754152824,35.594733772540295
63.80730897009967,35.36576551599801
63.82724252491695,35.12278549745842
63.847176079734226,34.86600218407807
63.8671096345515,34.595637391323
63.88704318936878,34.31192602366429
63.906976744186046,34.01511580555743
63.92691029900333,33.705467003007016
63.946843853820596,33.383252136042316
63.96677740863788,33.04875568245236
63.98671096345515,32.70227377315493
64.00664451827242,32.3441138795984
64.0265780730897,31.97459449362314
64.04651162790698,31.5940448002364
64.06644518272425,31.20280434378495
64.08637873754154,30.80122268804081
64.10631229235881,30.389659070749115
64.12624584717608,29.968482053223433
64.14617940199336,29.53806916561266
64.16611295681064,29.098806548506136
64.18604651162792,28.651088591589815
64.20598006644518,28.195317570117076
64.22591362126246,27.731903280013597
64.24584717607974,27.26126267249765
64.26578073089702,26.78381948916563
64.28571428571428,26.300003898569397
64.30564784053156,25.810252135397374
64.32558139534883,25.315006143467215
64.34551495016612,24.814713223845626
64.36544850498339,24.309825689532214
64.38538205980066,23.800800528281023
64.40531561461795,23.288099075287953
64.42524916943522,22.772186697647047
64.4451827242525,22.25353249267624
64.46511627906976,21.732609002437126
64.48504983388705,21.20989194702638
64.50498338870432,20.685859979502904
64.5249169435216,20.160994465638684
64.54485049833887,19.6357792920457
64.56478405315615,19.110700706642096
64.58471760797343,18.58624719588021
64.6046511627907,18.062909403672506
64.62458471760799,17.541180097518925
64.64451827242524,17.021554187964103
64.66445182724253,16.504528808190003
64.6843853820598,15.99060346127413
64.70431893687709,15.480280243400182
64.72425249169436,14.97406415207277
64.74418604651163,14.472463489122813
64.7641196013289,13.975990368933335
64.78405315614619,13.4851613427784
64.80398671096346,13.000498150318217
64.82392026578073,12.522528608941617
64.84385382059801,12.051787650525416
64.86378737541528,11.588818512913846
64.88372093023257,11.134174089495147
64.90365448504984,10.688418433967069
64.92358803986711,10.252128407805884
64.94352159468438,9.825895443866242
64.96345514950167,9.410327379387878
64.98338870431894,9.006050283561851
65.00332225913621,8.613710166475993
65.02325581395348,8.233974405297174
65.04318936877077,7.867532657685704
65.06312292358804,7.515096950201344
65.08305647840533,7.1774005312926255
65.1029900332226,6.855194968459228
65.12292358803987,6.549244857562129
65.14285714285715,6.2603194184252775
65.16279069767442,5.989180206437784
65.1827242524917,5.736564220242161
65.20265780730897,5.503161887626008
65.22259136212625,5.289589823912894
65.24252491694352,5.0963589192502265
65.26245847176081,4.923839213231958
65.28239202657807,4.772224062764913
65.30232558139535,4.641497101571123
65.32225913621264,4.531406137201334
65.34219269102991,4.4414481270975195
65.36212624584718,4.37086851738058
65.38205980066445,4.318676544131746
65.40199335548174,4.283675896761237
65.421926910299,4.264507946909895
65.44186046511629,4.2597031020830345
65.46179401993355,4.267735119556267
65.48172757475083,4.287073479713538
65.5016611295681,4.316229950048889
65.52159468438539,4.353796894325499
65.54152823920265,4.398476316586965
65.56146179401993,4.449099807056738
65.58139534883722,4.504640353267069
65.60132890365449,4.564217395669313
65.62126245847178,4.627096617173928
65.64119601328903,4.692685860977912
65.66112956810632,4.760528364177718
65.68106312292359,4.830294247301469
65.70099667774087,4.901770958285406
65.72093023255815,4.974853158760301
65.74086378737542,5.04953237103969
65.76079734219269,5.125886576927935
65.78073089700997,5.20406987052664
65.80066445182725,5.284302210712567
65.82059800664452,5.366859288568767
65.8405315614618,5.452062514804639
65.86046511627907,5.540269136744848
65.88039867109636,5.631862509053909
65.90033222591362,5.7272425627631875
65.9202657807309,5.8268165395841525
65.94019933554817,5.930990079543647
65.96013289036546,6.040158766753132
65.98006644518273,6.154700248304062
66.0,6.2749670432826985
66.01993355481727,6.4012801520043086
66.03986710963456,6.533923559998249
66.05980066445183,6.673139708156596
66.07973421926911,6.819125971683498
66.09966777408638,6.972032158474622
66.11960132890366,7.131959004970001
66.13953488372094,7.2989576169216495
66.15946843853821,7.47302977608667
66.17940199335548,7.654129013194274
66.19933554817275,7.842162333543559
66.21926910299004,8.036992474465643
66.23920265780731,8.238440573210529
66.25913621262458,8.446289128705653
66.27906976744185,8.660285149895111
66.29900332225914,8.880143395699728
66.31893687707642,9.105549625760826
66.3388704318937,9.336163795905748
66.35880398671097,9.571623146767896
66.37873754152824,9.811545147511605
66.39867109634552,10.055530268687093
66.4186046511628,10.30316456861626
66.43853820598008,10.554022086298973
66.45847176079734,10.807667040674541
66.47840531561462,11.063655841305263
66.4983388704319,11.321538919353015
66.51827242524918,11.580862390307173
66.53820598006644,11.841169561505794
66.55813953488372,12.102002298277641
66.57807308970101,12.36290226270312
66.59800664451828,12.623412038708656
66.61794019933555,12.883076156605856
66.63787375415282,13.141442029372461
66.6578073089701,13.398060812034615
66.67774086378738,13.652488194514456
66.69767441860466,13.904285137303791
66.71760797342192,14.153018558348966
66.7375415282392,14.398261978607632
66.75747508305648,14.63959613288143
66.77740863787376,14.876609551747533
66.79734219269103,15.108899119710868
66.8172757475083,15.336070614077999
66.83720930232559,15.557739228510952
66.85714285714286,15.773530084750805
66.87707641196015,15.983078735602833
66.8970099667774,16.186031661941126
66.91694352159469,16.382046766217535
66.93687707641196,16.570793864740317
66.95681063122925,16.751955180819703
66.97674418604652,16.92522584075455
66.99667774086379,17.090314374553138
67.01661129568106,17.24694322323947
67.03654485049834,17.394849254589225
67.05647840531563,17.5337842891665
67.07641196013289,17.6635156385899
67.09634551495017,17.78382665804344
67.11627906976744,17.894517315162343
67.13621262458473,17.99540477756507
67.156146179402,18.086324021469068
67.17607973421927,18.16712846401863
67.19601328903654,18.23769062216648
67.21594684385383,18.297902801185657
67.2358803986711,18.347677816142816
67.25581395348837,18.386949749935024
67.27574750830564,18.415674751777335
67.29568106312293,18.43383188032152
67.31561461794021,18.441423995882708
67.33554817275748,18.438478706540177
67.35548172757476,18.425049373151104
67.37541528239203,18.401216178556176
67.39534883720931,18.367087266444145
67.41528239202658,18.32279995545414
67.43521594684385,18.268522034097465
67.45514950166113,18.204453141933428
67.47508305647841,18.130826242086734
67.49501661129568,18.047909189581297
67.51495016611297,17.956006399009414
67.53488372093022,17.85546061365807
67.55481727574751,17.746654776259422
67.5747508305648,17.630013998878578
67.59468438538207,17.506007625934522
67.61461794019934,17.375151379776554
67.63455149501661,17.238009572393597
67.6544850498339,17.095197359477144
67.67441860465117,16.947383003940363
67.69435215946845,16.795290104864474
67.71428571428571,16.63969973447341
67.734219269103,16.48145240996217
67.75415282392026,16.321449808766054
67.77408637873755,16.160656115274584
67.79401993355482,16.000098864445498
67.81395348837209,15.840869124005291
67.83388704318938,15.68412083316114
67.85382059800665,15.531069093823021
67.87375415282393,15.382987192777408
67.89368770764119,15.241202123347367
67.91362126245848,15.107088376813206
67.93355481727575,14.9820597917643
67.95348837209303,14.867559288244678
67.9734219269103,14.765046377171071
67.99335548172758,14.675982426775121
68.01328903654485,14.601813787016685
68.03322259136213,14.543953016709064
68.05315614617942,14.503758618675448
68.07308970099668,14.482513852930678
68.09302325581396,14.481405349603463
68.11295681063123,14.501502362275993
68.13289036544852,14.543737568811506
68.15282392026577,14.608890324286406
68.17275747508306,14.69757319024687
68.19269102990033,14.810222407095587
68.21262458471762,14.947092754076664
68.23255813953489,15.108256976200988
68.25249169435216,15.293609678391379
68.27242524916943,15.50287532482089
68.29235880398672,15.735619763183863
68.312292358804,15.991264539072326
68.33222591362127,16.269103184127456
68.35215946843854,16.56831865213763
68.37209302325581,16.888001129968
68.3920265780731,17.22716554960083
68.41196013289037,17.584768255750998
68.43189368770764,17.959722423260537
68.45182724252491,18.350911955328932
68.4717607973422,18.757203717086185
68.49169435215947,19.177458062675523
68.51162790697674,19.610537695175935
68.53156146179401,20.05531495751582
68.5514950166113,20.51067769109966
68.57142857142858,20.97553382036321
68.59136212624585,21.44881482946561
68.61129568106313,21.929478295307383
68.6312292358804,22.41650963214677
68.65116279069768,22.908923189859355
68.67109634551495,23.40576283238284
68.69102990033224,23.906102106612682
68.7109634551495,24.409044096021713
68.73089700996678,24.913721038248124
68.75083056478405,25.419293772230393
68.77076411960134,25.924951068354023
68.79069767441861,26.429908884552955
68.81063122923588,26.933409582326604
68.83056478405317,27.434721129075857
68.85049833887044,27.933136306886563
68.87043189368771,28.4279719427405
68.89036544850498,28.918568170956075
68.91029900332227,29.40428773531066
68.93023255813954,29.884515335637264
68.95016611295682,30.358657021605918
68.97009966777408,30.826139634788326
68.99003322259136,31.28641029887954
69.00996677740864,31.738935957034396
69.02990033222592,32.18320295461051
69.0498338870432,32.61871666514074
69.06976744186046,33.04500115704478
69.08970099667775,33.461598898397
69.10963455149502,33.86807049696966
69.1295681063123,34.263994472742276
69.14950166112956,34.64896706009414
69.16943521594685,35.02260203696165
69.18936877076412,35.38453057833477
69.2093023255814,35.73440113157935
69.22923588039868,36.07187931119638
69.24916943521595,36.39664781076116
69.26910299003322,36.70840632992058
69.2890365448505,37.0068715144624
69.30897009966779,37.291776907603946
69.32890365448505,37.562872910778324
69.34883720930233,37.81992675232193
69.3687707641196,38.06272246258804
69.38870431893689,38.29106085412632
69.40863787375416,38.50475950567737
69.42857142857143,38.70365274883494
69.4485049833887,38.88759165632605
69.46843853820599,39.05644403095096
69.48837209302326,39.2100943943116
69.50830564784053,39.34844397453773
69.52823920265782,39.471410692296615
69.54817275747509,39.578929144442625
69.56810631229237,39.6709505847305
69.58803986710964,39.74744290107777
69.60797342192691,39.808390588920716
69.62790697674419,39.853794720261924
69.64784053156147,39.88367290805908
69.66777408637874,39.89805926565079
69.68770764119601,39.89700436095969
69.70764119601328,39.88057516525328
69.72757475083057,39.848854996279435
69.74750830564784,39.80194345562797
69.76744186046513,39.73995636019974
69.7873754152824,39.663025667691876
69.80730897009967,39.57129939603105
69.82724252491695,39.46494153670716
69.84717607973423,39.34413196197499
69.8671096345515,39.20906632590402
69.88704318936877,39.05995595926308
69.90697674418605,38.89702775822969
69.92691029900332,38.72052406691023
69.94684385382061,38.53070255364837
69.96677740863787,38.32783608108321
69.98671096345515,38.11221256989583
70.00664451827242,37.884134856150844
70.02657807308971,37.64392054209909
70.04651162790698,37.39190184025648
70.06644518272425,37.12842541051048
70.08637873754154,36.85385218993031
70.10631229235881,36.56855721486563
70.1262458471761,36.272929434812
70.14617940199335,35.96737151739547
70.16611295681064,35.65229964368409
70.18604651162791,35.32814329286541
70.20598006644519,34.99534501513779
70.22591362126246,34.65436019144333
70.24584717607974,34.30565677842249
70.265780730897,33.949715036690144
70.28571428571429,33.58702724021953
70.30564784053158,33.21809736427069
70.32558139534883,32.84344074891356
70.34551495016612,32.463583734770026
70.36544850498339,32.079063267135574
70.38538205980068,31.690426464138472
70.40531561461793,31.29823014405606
70.42524916943522,30.903040306337424
70.44518272425249,30.50543156028458
70.46511627906978,30.105986494730274
70.48504983388705,29.705294981430903
70.50498338870432,29.303953404283828
70.5249169435216,28.902563805900535
70.54485049833887,28.50173294254557
70.56478405315616,28.102071238018222
70.58471760797343,27.704191626746404
70.6046511627907,27.308708276225275
70.62458471760797,26.916235179016674
70.64451827242526,26.527384604887125
70.66445182724253,26.14276540436352
70.6843853820598,25.7629811560927
70.70431893687707,25.38862815196988
70.72425249169436,25.020293216116293
70.74418604651163,24.658551356494723
70.7641196013289,24.303963251298004
70.78405315614619,23.957072576254372
70.80398671096346,23.618403183664498
70.82392026578074,23.288456149280897
70.84385382059801,22.96770670898396
70.86378737541528,22.65660111347332
70.88372093023256,22.35555343569878
70.90365448504984,22.064942372266874
70.92358803986711,21.785108086292276
70.9435215946844,21.51634914478521
70.96345514950166,21.25891960831906
70.98338870431894,21.013026334033672
71.00332225913621,20.778826554643953
71.0232558139535,20.556425795728636
71.04318936877077,20.345876190931133
71.06312292358804,20.147175249681087
71.08305647840533,19.960265124634706
71.1029900332226,19.785032416374754
71.12292358803987,19.621308541296106
71.14285714285714,19.468870675461673
71.16279069767442,19.327443273096517
71.1827242524917,19.196700143931206
71.20265780730898,19.076267059485335
71.22259136212624,18.965724845265495
71.24252491694352,18.864612904347883
71.26245847176081,18.772433108429503
71.28239202657808,18.688653985530493
71.30232558139537,18.61271512932273
71.32225913621262,18.544031753588463
71.34219269102991,18.48199931646305
71.36212624584718,18.42599814263621
71.38205980066446,18.37539797721882
71.40199335548172,18.329562412097836
71.421926910299,18.287853133836684
71.44186046511628,18.24963395106987
71.46179401993356,18.21427456845324
71.48172757475083,18.18115408318427
71.5016611295681,18.14966418858288
71.52159468438539,18.119212076981675
71.54152823920266,18.089223041045575
71.56146179401995,18.059142778528447
71.5813953488372,18.028439410340358
71.60132890365449,17.996605225658524
71.62126245847176,17.963158170721535
71.64119601328905,17.927643099982216
71.66112956810632,17.889632809558595
71.68106312292359,17.848728873524934
71.70099667774086,17.80456230363432
71.72093023255815,17.756794052669473
71.74086378737542,17.705115380875405
71.76079734219269,17.649248103926706
71.78073089700997,17.588944739698462
71.80066445182725,17.52398856980727
71.82059800664453,17.45419363052021
71.8405315614618,17.379404646233798
71.86046511627907,17.299496917333816
71.88039867109634,17.214376172878758
71.90033222591363,17.12397839721855
71.9202657807309,17.02826963837032
71.94019933554817,16.927245804723274
71.96013289036544,16.820932455429162
71.98006644518273,16.709384588642557
72.00000000000001,16.592686430591268
72.01993355481729,16.47095122726431
72.03986710963456,16.344321039281887
72.05980066445183,16.212966539236373
72.07973421926911,16.077086809440136
72.09966777408638,15.936909136559779
72.11960132890366,15.792688798030488
72.13953488372093,15.644708833402717
72.15946843853821,15.493279791852371
72.17940199335548,15.338739444964846
72.19933554817277,15.181452451567642
72.21926910299003,15.021809958830822
72.23920265780731,14.860229121085919
72.2591362126246,14.697152514856766
72.27906976744187,14.533047425498486
72.29900332225914,14.368404977679202
72.31893687707641,14.203739078828697
72.3388704318937,14.039585141774666
72.35880398671097,13.876498550300237
72.37873754152825,13.715052829548297
72.39867109634551,13.55583748239026
72.4186046511628,13.39945545344497
72.43853820598007,13.246520184796294
72.45847176079735,13.09765223206024
72.47840531561462,12.953475416730194
72.4983388704319,12.814612501066174
72.51827242524918,12.68168038546428
72.53820598006645,12.55528484533769
72.55813953488374,12.43601484489729
72.578073089701,12.324436488345583
72.59800664451828,12.221086694013492
72.61794019933555,12.12646670258683
72.63787375415284,12.041035555107948
72.65780730897009,11.965203697912566
72.67774086378738,11.899326887927607
72.69767441860465,11.843700580724343
72.71760797342193,11.798554983616649
72.7375415282392,11.76405094571999
72.75747508305648,11.740276835866505
72.77740863787376,11.727246528202071
72.79734219269103,11.724898575785053
72.81727574750832,11.733096607086368
72.83720930232559,11.751630932150315
72.85714285714286,11.78022129782956
72.87707641196013,11.818520688389754
72.89700996677742,11.86612003185134
72.91694352159469,11.92255364587549
72.93687707641196,11.987305241005773
72.95681063122923,12.059814293821285
72.97674418604652,12.1394826072763
72.9966777408638,12.225680888693061
73.01661129568106,12.31775519555321
73.03654485049834,12.415033123207554
73.05647840531562,12.516829634743337
73.0764119601329,12.622452459595545
73.09634551495017,12.731207012510088
73.11627906976744,12.842400807023383
73.13621262458472,12.955347356997903
73.156146179402,13.069369575605725
73.17607973421927,13.183802693449408
73.19601328903656,13.29799672645212
73.21594684385381,13.411318530089698
73.2358803986711,13.523153479915397
73.25581395348838,13.632906819613973
73.27574750830566,13.740004717475518
73.29568106312293,13.84389507062322
73.3156146179402,13.944048093933501
73.33554817275748,14.03995672766095
73.35548172757476,14.1311368945729
73.37541528239203,14.21712763410371
73.3953488372093,14.297491137798902
73.41528239202658,14.371812707236042
73.43521594684385,14.439700652749062
73.45514950166114,14.500786148685515
73.4750830564784,14.554723058610945
73.49501661129568,14.601187741845166
73.51495016611297,14.639878850965788
73.53488372093024,14.67051712843145
73.55481727574752,14.692845209243922
73.57475083056478,14.706627435566283
73.59468438538207,14.711649688424057
73.61461794019934,14.70771924102019
73.63455149501662,14.694664637777052
73.65448504983388,14.672335602964367
73.67441860465117,14.640602982671458
73.69435215946844,14.599358723925553
73.71428571428572,14.548515894940934
73.734219269103,14.488008750804068
73.75415282392026,14.417792849358024
73.77408637873755,14.337845222650909
73.79401993355482,14.24816461006467
73.8139534883721,14.148771760154641
73.83388704318936,14.039709809320925
73.85382059800665,13.92104474671975
73.87375415282392,13.792865976328036
73.8936877076412,13.655286988824688
73.91362126245848,13.508446157975794
73.93355481727575,13.352507678542057
73.95348837209302,13.187662665396184
73.9734219269103,13.014130436580603
73.99335548172759,12.832160006477537
74.01328903654485,12.64203181912248
74.03322259136213,12.444059755966096
74.0531561461794,12.238593457043885
74.07308970099669,12.026020999460215
74.09302325581396,11.806771982165287
74.11295681063123,11.581321070907286
74.1328903654485,11.350192061503485
74.15282392026579,11.113962522451876
74.17275747508306,10.8732690782788
74.19269102990033,10.628813391234813
74.2126245847176,10.381368888626735
74.23255813953489,10.13178826284988
74.25249169435217,9.88101173644553
74.27242524916944,9.630076029098843
74.29235880398672,9.380123879513091
74.31229235880399,9.132413852936883
74.33222591362127,8.888329994009249
74.35215946843854,8.649390654099962
74.37209302325581,8.417255525497312
74.39202657807309,8.193729553628314
74.41196013289037,7.980761992491966
74.43189368770764,7.7804384662456485
74.45182724252493,7.594963591900268
74.47176079734218,7.42663164556393
74.49169435215947,7.277783104575584
74.51162790697676,7.150745870275788
74.53156146179403,7.047761711954391
74.5514950166113,6.970900943525808
74.57142857142857,6.921971239392473
74.59136212624585,6.902429173092756
74.61129568106313,6.9133046543304655
74.63122923588041,6.955148144893164
74.65116279069767,7.028008006241868
74.67109634551495,7.1314409638055505
74.69102990033223,7.264553555398225
74.71096345514951,7.426067947297115
74.73089700996678,7.614402763683552
74.75083056478405,7.827759016545325
74.77076411960134,8.064202548302939
74.79069767441861,8.321736852767305
74.8106312292359,8.598362884514795
74.83056478405315,8.892124869217795
74.85049833887044,9.201142865941506
74.87043189368771,9.523633857097286
74.890365448505,9.857923569717755
74.91029900332225,10.202451243332776
74.93023255813954,10.555769328821132
74.95016611295681,10.916539763739886
74.9700996677741,11.283528111456766
74.99003322259138,11.65559652365447
75.00996677740864,12.031696210454983
75.02990033222592,12.41085988437764
75.04983388704319,12.792194479257022
75.06976744186048,13.174874324826432
75.08970099667775,13.55813487276952
75.10963455149502,13.94126701220118
75.12956810631229,14.323611974640512
75.14950166112958,14.704556804926732
75.16943521594685,15.083530360889458
75.18936877076412,15.45999979772278
75.20930232558139,15.833467490623727
75.22923588039868,16.203468349708952
75.24916943521596,16.569567483390067
75.26910299003322,16.931358169502708
75.2890365448505,17.28846009703749
75.30897009966777,17.640517844987727
75.32890365448506,17.987199568404126
75.34883720930233,18.328195865114893
75.3687707641196,18.663218799666907
75.38870431893687,18.992001063846125
75.40863787375416,19.314295255639404
75.42857142857143,19.629873260718018
75.44850498338872,19.93852572247405
75.46843853820599,20.24006158834743
75.48837209302326,20.534307721668352
75.50830564784054,20.82110856953053
75.52823920265782,21.10032587832798
75.54817275747509,21.3718384495523
75.56810631229236,21.635541929277736
75.58803986710964,21.891348625474333
75.60797342192691,22.139187347899856
75.62790697674419,22.379003265842144
75.64784053156146,22.610757779426166
75.66777408637874,22.83442840057505
75.68770764119601,23.050008640028846
75.7076411960133,23.257507897088384
75.72757475083057,23.456951348968914
75.74750830564784,23.64837983682668
75.76744186046513,23.831849745665156
75.7873754152824,24.007432875441847
75.80730897009968,24.17521630078519
75.82724252491694,24.335302216797764
75.84717607973423,24.48780776847095
75.8671096345515,24.632864861270406
75.88704318936878,24.77061995047477
75.90697674418604,24.90123380686533
75.92691029900332,25.024881256374837
75.9468438538206,25.141750891313915
75.96677740863788,25.252044750805354
75.98671096345515,25.35597796807552
76.00664451827242,25.453778382281097
76.02657807308971,25.545686112591987
76.04651162790698,25.631953092313363
76.06644518272427,25.71284256091379
76.08637873754152,25.788628511938263
76.10631229235881,25.859595094928352
76.12624584717608,25.926035969651217
76.14617940199336,25.988253611159486
76.16611295681064,26.04655856446865
76.18604651162791,26.101268647951343
76.20598006644519,26.152708104912016
76.22591362126246,26.201206703222663
76.24584717607975,26.24709878337269
76.265780730897,26.290722255812298
76.28571428571429,26.332417549049563
76.30564784053156,26.372526510591744
76.32558139534885,26.41139126349807
76.34551495016612,26.44935302202699
76.36544850498339,26.48675087060682
76.38538205980066,26.523920511124746
76.40531561461795,26.561192984301556
76.42524916943522,26.598893371683996
76.44518272425249,26.637339485526912
76.46511627906978,26.676840554534724
76.48504983388705,26.717695914068017
76.50498338870433,26.76019370997636
76.5249169435216,26.804609625674015
76.54485049833887,26.85120564241191
76.56478405315615,26.900228842901075
76.58471760797343,26.95191026849486
76.6046511627907,27.00646384002783
76.62458471760797,27.06408535213146
76.64451827242524,27.124951550396045
76.66445182724253,27.189219300127277
76.6843853820598,27.257024854659125
76.70431893687709,27.328483230245112
76.72425249169436,27.403687693472246
76.74418604651163,27.482709365947148
76.76411960132891,27.56559694971618
76.78405315614619,27.652376575527974
76.80398671096346,27.74305177465727
76.82392026578073,27.837603573613663
76.84385382059801,27.93599070968856
76.86378737541528,28.038149963977478
76.88372093023257,28.14399660728032
76.90365448504983,28.253424953153708
76.92358803986711,28.366309011387365
76.94352159468438,28.482503234317573
76.96345514950167,28.601843347686074
76.98338870431894,28.7241472572092
77.00332225913621,28.8492160216428
77.0232558139535,28.9768348829092
77.04318936877077,29.1067743437889
77.06312292358805,29.238791283759827
77.08305647840531,29.37263010377984
77.1029900332226,29.50802389113673
77.12292358803987,29.644695595919536
77.14285714285715,29.78235921117622
77.16279069767441,29.920720949399644
77.1827242524917,30.059480408607307
77.20265780730898,30.198331721935727
77.22259136212625,30.336964685340405
77.24252491694354,30.4750658586648
77.2624584717608,30.61231963600334
77.28239202657808,30.748409281924904
77.30232558139535,30.883017930734194
77.32225913621264,31.015829546524714
77.34219269102991,31.146529842311068
77.36212624584718,31.274807157018504
77.38205980066445,31.40035328955092
77.40199335548174,31.522864289554317
77.421926910299,31.64204120484227
77.44186046511628,31.757590785752367
77.46179401993356,31.869226146962074
77.48172757475083,31.976667387510243
77.50166112956812,32.07964216994886
77.52159468438538,32.177886259693345
77.54152823920266,32.271144025750445
77.56146179401993,32.359168904084385
77.58139534883722,32.4417238249382
77.60132890365449,32.51858160546013
77.62126245847176,32.58952530899858
77.64119601328903,32.6543485724259
77.66112956810632,32.712855902833375
77.68106312292359,32.76486294491062
77.70099667774087,32.81019672028305
77.72093023255815,32.84869584003421
77.74086378737542,32.880210691586434
77.7607973421927,32.90460360105596
77.78073089700997,32.92174897213664
77.80066445182725,32.93153340250424
77.82059800664452,32.93385577866728
77.8405315614618,32.928627350126185
77.86046511627907,32.915771783636764
77.88039867109634,32.89522519830918
77.90033222591362,32.86693618221012
77.9202657807309,32.83086579107309
77.94019933554819,32.78698752966021
77.96013289036546,32.73528731625943
77.98006644518273,32.67576343074266
78.0,32.6084264465536
78.01993355481729,32.53329914693869
78.03986710963456,32.45041642568141
78.05980066445184,32.35982517254699
78.0797342192691,32.26158414359444
78.09966777408638,32.15576381646206
78.11960132890366,32.04244623068467
78.13953488372094,31.921724813052247
78.1594684385382,31.793704187973503
78.17940199335548,31.658499972761437
78.19933554817277,31.51623855771301
78.21926910299004,31.36705687081105
78.23920265780731,31.21110212683262
78.25913621262458,31.048531560606403
78.27906976744187,30.879512144120007
78.29900332225914,30.704220287138792
78.31893687707642,30.522841520959606
78.33887043189368,30.33557016488697
78.35880398671097,30.142608974986175
78.37873754152824,29.944168774637284
78.39867109634552,29.740468066388274
78.4186046511628,29.53173262458345
78.43853820598007,29.318195068227688
78.45847176079735,29.10009441353751
78.47840531561462,28.877675605628742
78.49833887043191,28.65118902879793
78.51827242524917,28.420889994873438
78.53820598006645,28.187038209142283
78.55813953488372,27.94989721340401
78.57807308970101,27.70973380576249
78.59800664451828,27.466817436845233
78.61794019933555,27.221419582236948
78.63787375415282,26.973813091033513
78.6578073089701,26.72427151056507
78.67774086378738,26.473068387504973
78.69767441860465,26.220476545776062
78.71760797342193,25.96676734188878
78.7375415282392,25.712209898598264
78.75747508305649,25.457070318049748
78.77740863787376,25.20161087589361
78.79734219269103,24.94608919819307
78.8172757475083,24.69075742331644
78.83720930232559,24.43586135140033
78.85714285714286,24.181639584386396
78.87707641196013,23.928322660067927
78.8970099667774,23.676132184027605
78.91694352159469,23.42527996379762
78.93687707641197,23.175967150019005
78.95681063122925,22.928383389810485
78.97674418604652,22.682705997965687
78.99667774086379,22.439099151972414
79.01661129568107,22.19771311717407
79.03654485049834,21.95868350866081
79.05647840531562,21.722130596672567
79.07641196013289,21.48815866240689
79.09634551495017,21.256855411138417
79.11627906976744,21.028291449466433
79.13621262458473,20.802519833301428
79.15614617940199,20.57957569287786
79.17607973421927,20.359475940633605
79.19601328903656,20.142219067228712
79.21594684385383,19.927785030290234
79.2358803986711,19.716135239674294
79.25581395348837,19.50721264214204
79.27574750830566,19.300941907368486
79.29568106312293,19.097229716159884
79.31561461794021,18.895965150667877
79.33554817275747,18.697020185280522
79.35548172757476,18.50025027576539
79.37541528239203,18.305495043164807
79.39534883720931,18.112579047922182
79.41528239202657,17.921312648775395
79.43521594684385,17.731492940111103
79.45514950166114,17.542904760751195
79.47508305647841,17.35532176655629
79.4950166112957,17.16850755879303
79.51495016611295,16.982216859931064
79.53488372093024,16.79619672841581
79.55481727574751,16.610187804005502
79.5747508305648,16.423925575461976
79.59468438538207,16.237141662738573
79.61461794019934,16.049565106306318
79.63455149501661,15.86092365689094
79.6544850498339,15.67094505964722
79.67441860465118,15.479358327661753
79.69435215946844,15.285895000640238
79.71428571428572,15.090290385692256
79.734219269103,14.892284778268454
79.75415282392028,14.691624662530158
79.77408637873754,14.48806389174158
79.79401993355482,14.281364850677631
79.81395348837209,14.071299603550033
79.83388704318938,13.85765103259417
79.85382059800665,13.640213974260204
79.87375415282392,13.418796361958629
79.89368770764119,13.193220386580538
79.91362126245848,12.963323688621214
79.93355481727576,12.728960598779516
79.95348837209303,12.490003447507512
79.9734219269103,12.246343968303497
79.99335548172758,11.99789482477679
80.01328903654486,11.744591297920362
80.03322259136213,11.486393177934172
80.0531561461794,11.22328691476381
80.07308970099668,10.955288093788438
80.09302325581396,10.682444318487887
80.11295681063123,10.404838601305693
80.1328903654485,10.122593388399247
80.15282392026577,9.835875374906458
80.17275747508306,9.544901306468356
80.19269102990035,9.24994501209608
80.21262458471762,8.951345975473254
80.23255813953489,8.649519829073213
80.25249169435216,8.344971250544138
80.27242524916944,8.03830985524161
80.29235880398672,7.730269811570175
80.312292358804,7.421734050210484
80.33222591362126,7.113764076067496
80.35215946843854,6.807636482629407
80.37209302325581,6.504887232519292
80.3920265780731,6.2073644577034655
80.41196013289037,5.917289691944397
80.43189368770764,5.637325663898208
80.45182724252493,5.370645453754471
80.4717607973422,5.1209922349005765
80.49169435215947,4.892710489586968
80.51162790697674,4.690719101791628
80.53156146179403,4.520387382634662
80.5514950166113,4.387274640337271
80.57142857142858,4.296714162204273
80.59136212624584,4.253272270915198
80.61129568106313,4.260183578697657
80.6312292358804,4.3189174075084145
80.65116279069768,4.429018682059742
80.67109634551497,4.588275347469107
80.69102990033223,4.793142516009748
80.71096345514951,5.039276591781013
80.73089700996678,5.322035588462013
80.75083056478407,5.636859515200251
80.77076411960132,5.979509375747682
80.79069767441861,6.34618519771738
80.81063122923588,6.733558806289495
80.83056478405317,7.1387552909259275
80.85049833887044,7.55930858807033
80.87043189368771,7.993107578023893
80.89036544850498,8.438342051754253
80.91029900332227,8.893453200852456
80.93023255813955,9.357090462011076
80.95016611295681,9.828075005959867
80.9700996677741,10.305369407439477
80.99003322259136,10.788052728731998
81.00996677740865,11.275300183122145
81.02990033222592,11.766366593166033
81.04983388704319,12.26057295388979
81.06976744186046,12.75729551782185
81.08970099667775,13.255956920289352
81.10963455149502,13.75601895280699
81.12956810631229,14.256976667853463
81.14950166112956,14.758353560462217
81.16943521594685,15.259697622429444
81.18936877076413,15.760578105409502
81.2093023255814,16.260582861499895
81.22923588039868,16.759316155679116
81.24916943521595,17.256396864967375
81.26910299003323,17.751456995510527
81.2890365448505,18.244140461808957
81.30897009966777,18.734102082716657
81.32890365448505,19.22100675716817
81.34883720930233,19.70452878928374
81.3687707641196,20.18435133789432
81.38870431893689,20.66016596988606
81.40863787375416,21.131672300297502
81.42857142857143,21.59857770497828
81.44850498338872,22.060597093965598
81.46843853820599,22.517452735658622
81.48837209302326,22.96887412345227
81.50830564784053,23.414597877796542
81.52823920265782,23.854367677727762
81.54817275747509,24.287934216815255
81.56810631229237,24.715055179214485
81.58803986710963,25.13549523214351
81.60797342192691,25.549026031623715
81.62790697674419,25.955426238767966
81.64784053156147,26.354481544272065
81.66777408637874,26.745984699081788
81.68770764119601,27.129735549476493
81.7076411960133,27.505541075039584
81.72757475083057,27.873215428182714
81.74750830564786,28.232579974058766
81.76744186046511,28.583463329844616
81.7873754152824,28.925701402499747
81.80730897009967,29.259137424216526
81.82724252491695,29.583621984872728
81.84717607973423,29.89901306088031
81.8671096345515,30.205176039897278
81.88704318936877,30.50198374093424
81.90697674418605,30.789316429444213
81.92691029900334,31.067061827034973
81.9468438538206,31.335115115488644
81.96677740863788,31.59337893481413
81.98671096345515,31.841763375094615
82.00664451827244,32.08018596192562
82.0265780730897,32.30857163526995
82.04651162790698,32.52685272158296
82.06644518272425,32.734968899088145
82.08637873754154,32.93286715610579
82.10631229235881,33.120501742360744
82.12624584717608,33.297834113214655
82.14617940199336,33.46483286678904
82.16611295681064,33.62147367396258
82.18604651162792,33.7677392012446
82.20598006644519,33.9036190265428
82.22591362126246,34.02910954785972
82.24584717607974,34.1442138849677
82.26578073089702,34.24894177412722
82.28571428571429,34.34330945592809
82.30564784053156,34.42733955634701
82.32558139534883,34.50106096112921
82.34551495016612,34.564508683615216
82.36544850498339,34.617723726147595
82.38538205980066,34.66075293520556
82.40531561461795,34.693648850428346
82.42524916943522,34.716469547701706
82.4451827242525,34.72927847649417
82.46511627906978,34.73214429164316
82.48504983388705,34.72514067980307
82.50498338870432,34.70834618078083
82.5249169435216,34.6818440039964
82.54485049833887,34.64572184031871
82.56478405315616,34.6000716695395
82.58471760797342,34.54498956376061
82.6046511627907,34.48057548698162
82.62458471760797,34.40693309118803
82.64451827242526,34.3241695092513
82.66445182724253,34.23239514496461
82.6843853820598,34.131723460550006
82.70431893687709,34.02227076198356
82.72425249169436,33.90415598249766
82.74418604651163,33.777500464629554
82.7641196013289,33.64242774119688
82.78405315614619,33.499063315591236
82.80398671096346,33.34753444179077
82.82392026578074,33.18796990450287
82.843853820598,33.02049979985697
82.86378737541528,32.845255317076486
82.88372093023256,32.66236852156681
82.90365448504984,32.47197213986425
82.92358803986713,32.27419934689715
82.94352159468438,32.06918355601698
82.96345514950167,31.857058212262462
82.98338870431894,31.63795658932424
83.00332225913623,31.41201159068125
83.02325581395348,31.17935555538282
83.04318936877077,30.940120068952137
83.06312292358804,30.694435779887495
83.08305647840533,30.442432222237443
83.1029900332226,30.184237644724835
83.12292358803987,29.919978846891997
83.14285714285715,29.6497810227363
83.16279069767442,29.373767612300462
83.18272425249171,29.092060161677086
83.20265780730897,28.80477819188
83.22259136212625,28.512039077028298
83.24252491694352,28.21395793228076
83.26245847176081,27.910647511950128
83.28239202657808,27.60221811821773
83.30232558139535,27.28877752086005
83.32225913621262,26.970430888389956
83.34219269102991,26.64728073100691
83.36212624584718,26.319426855742915
83.38205980066445,25.986966334184764
83.40199335548174,25.649993483148712
83.421926910299,25.30859985868215
83.44186046511629,24.962874263768146
83.46179401993356,24.612902770114783
83.48172757475083,24.25876875442236
83.5016611295681,23.900552949539613
83.52159468438539,23.538333510946174
83.54152823920266,23.172186099035073
83.56146179401993,22.80218397771769
83.5813953488372,22.42839812993781
83.60132890365449,22.050897390763225
83.62126245847176,21.669748598828335
83.64119601328905,21.28501676703277
83.66112956810632,20.896765273565947
83.68106312292359,20.505056074532437
83.70099667774087,20.10994993970778
83.72093023255815,19.71150671326925
83.74086378737542,19.309785601735694
83.76079734219269,18.90484549183214
83.78073089700997,18.496745301591048
83.80066445182725,18.08554436874041
83.82059800664453,17.671302881346012
83.84053156146179,17.25408235681705
83.86046511627907,16.83394617681044
83.88039867109636,16.410960187357762
83.90033222591363,15.985193375790445
83.9202657807309,15.556718638887238
83.94019933554817,15.125613660289854
83.96013289036546,14.69196191986179
83.98006644518273,14.25585386361768
84.00000000000001,13.81738827055044
84.01993355481727,13.37667386270909
84.03986710963456,12.933831218022993
84.05980066445183,12.488995062720022
84.07973421926911,12.042317043265355
84.09966777408638,11.593969108679454
84.11960132890366,11.144147675879868
84.13953488372094,10.69307880759541
84.15946843853821,10.241024710529262
84.1794019933555,9.788291969589684
84.19933554817275,9.335242084886561
84.21926910299004,8.88230509027325
84.23920265780731,8.429997332282634
84.2591362126246,7.978944914999806
84.27906976744185,7.529914924623478
84.29900332225914,7.083857412707519
84.31893687707641,6.64196233639244
84.3388704318937,6.205737333326664
84.35880398671097,5.777114410563464
84.37873754152824,5.358596209279278
84.39867109634552,4.953454705922926
84.4186046511628,4.565994634962642
84.43853820598008,4.201884436497897
84.45847176079735,3.8685257123777848
84.47840531561462,3.575354611078008
84.4983388704319,3.333822771721939
84.51827242524918,3.1566273530970985
84.53820598006645,3.0557645508957108
84.55813953488372,3.03956062762198
84.578073089701,3.1099680085296675
84.59800664451828,3.2619097188248753
84.61794019933556,3.485159881690348
84.63787375415282,3.7673843904883997
84.6578073089701,4.096642648843638
84.67774086378738,4.462684076200204
84.69767441860466,4.8572751083589045
84.71760797342193,5.274022750994164
84.7375415282392,5.7080306744351175
84.75747508305648,6.1555535127408945
84.77740863787376,6.613708021005751
84.79734219269103,7.080250106273996
84.81727574750832,7.553408917426329
84.83720930232558,8.031765333964156
84.85714285714286,8.51416337888922
84.87707641196015,8.99964552144495
84.89700996677742,9.487405174528982
84.91694352159469,9.976751561400876
84.93687707641196,10.467083514589655
84.95681063122925,10.95786976605591
84.97674418604652,11.448633991521762
84.99667774086379,11.93894336654696
85.01661129568106,12.428399739698602
85.03654485049834,12.916632773574918
85.05647840531562,13.403294578629778
85.0764119601329,13.888055489242074
85.09634551495016,14.370600721140205
85.11627906976744,14.850627714390052
85.13621262458473,15.327844013800368
85.156146179402,15.801965573754778
85.17607973421929,16.272715400625234
85.19601328903654,16.739822465519246
85.21594684385383,17.203020834913048
85.2358803986711,17.662048977981993
85.25581395348838,18.116649218065675
85.27574750830564,18.566567302359065
85.29568106312293,19.01155206908725
85.3156146179402,19.451355195458465
85.33554817275748,19.885731012863424
85.35548172757476,20.31443637829852
85.37541528239203,20.73723059298645
85.39534883720931,21.15387536076327
85.41528239202658,21.564134780084135
85.43521594684387,21.967775364536582
85.45514950166113,22.364566087592124
85.47508305647841,22.754278448014045
85.49501661129568,23.136686552902876
85.51495016611297,23.51156721582565
85.53488372093024,23.87870006785925
85.55481727574751,24.23786767969836
85.57475083056478,24.588855693246227
85.59468438538207,24.931452961330795
85.61461794019935,25.265451694379085
85.63455149501661,25.5906476130437
85.6544850498339,25.906840105913055
85.67441860465117,26.213832391555087
85.69435215946845,26.51143168424696
85.71428571428572,26.799449362831435
85.734219269103,27.077701142219706
85.75415282392026,27.346007247128668
85.77408637873755,27.604192587703032
85.79401993355482,27.852086936727595
85.81395348837209,28.089525108185963
85.83388704318936,28.316347136968556
85.85382059800665,28.53239845957582
85.87375415282393,28.737530095703914
85.8936877076412,28.93159883063887
85.91362126245848,29.114467398423233
85.93355481727575,29.28600466579607
85.95348837209303,29.446085816944155
85.9734219269103,29.594592539138688
85.99335548172758,29.731413209369705
86.01328903654485,29.85644308212831
86.03322259136213,29.969584478526663
86.0531561461794,30.070746976987163
86.07308970099669,30.159847605775802
86.09302325581395,30.236811037700484
86.11295681063123,30.301569787344704
86.13289036544852,30.35406441125917
86.15282392026579,30.394243711590562
86.17275747508306,30.42206494368778
86.19269102990033,30.437494028291898
86.21262458471762,30.44050576898792
86.23255813953489,30.431084075674484
86.25249169435217,30.409222194892926
86.27242524916943,30.374922947950015
86.29235880398672,30.328198977870727
86.31229235880399,30.26907300632887
86.33222591362127,30.197578101825616
86.35215946843854,30.11375796052012
86.37209302325581,30.017667201263787
86.3920265780731,29.90937167655079
86.41196013289037,29.7889488012751
86.43189368770766,29.656487901378316
86.45182724252491,29.512090584685406
86.4717607973422,29.355871136458873
86.49169435215947,29.1879569424562
86.51162790697676,29.008488942553413
86.53156146179401,28.817622118300026
86.5514950166113,28.61552601809838
86.57142857142857,28.402385324054972
86.59136212624585,28.178400464932082
86.61129568106314,27.943788280035594
86.6312292358804,27.69878273930629
86.65116279069768,27.443635725335884
86.67109634551495,27.17861788349869
86.69102990033224,26.904019546869687
86.71096345514951,26.620151743076757
86.73089700996678,26.327347290695158
86.75083056478405,26.0259619932132
86.77076411960134,25.716375938951607
86.79069767441861,25.39899491556565
86.81063122923588,25.074251947848147
86.83056478405315,24.742608967417134
86.85049833887044,24.404558622427196
86.87043189368772,24.060626234580607
86.89036544850498,23.711371909293835
86.91029900332227,23.357392802724537
86.93023255813954,22.999325546270207
86.95016611295682,22.637848824850856
86.9700996677741,22.273686099472343
86.99003322259136,21.90760845686476
87.00996677740864,21.540437558977438
87.02990033222592,21.173048652316155
87.04983388704319,20.806373581023607
87.06976744186048,20.441403727728012
87.08970099667773,20.07919278206769
87.10963455149502,19.72085920813161
87.1295681063123,19.367588248787445
87.14950166112958,19.020633267379576
87.16943521594685,18.681316186591697
87.18936877076412,18.351026742317252
87.2093023255814,18.031220230297006
87.22923588039868,17.723413389680555
87.24916943521595,17.429178046837976
87.26910299003322,17.150132142665093
87.2890365448505,16.88792779662519
87.30897009966777,16.644236130726977
87.32890365448506,16.4207286955069
87.34883720930233,16.21905551376576
87.3687707641196,16.040819986457226
87.38870431893689,15.88755118032101
87.40863787375416,15.760674319377516
87.42857142857144,15.66148060157901
87.4485049833887,15.591097717554742
87.46843853820599,15.550462615907183
87.48837209302326,15.540298098015219
87.50830564784054,15.561094707193796
87.5282392026578,15.613099096777983
87.54817275747509,15.696309640584063
87.56810631229236,15.81047953432966
87.58803986710964,15.955127093054276
87.60797342192691,16.129552447813648
87.62790697674419,16.332859446638636
87.64784053156147,16.5639813113719
87.66777408637874,16.821708508631843
87.68770764119603,17.104717349154015
87.70764119601328,17.41159800473533
87.72757475083057,17.74088088482882
87.74750830564784,18.09106060279827
87.76744186046513,18.460617047849606
87.7873754152824,18.848033335391175
87.80730897009967,19.251810619695405
87.82724252491694,19.67047991181029
87.84717607973423,20.10261115387303
87.86710963455151,20.546819864392056
87.88704318936877,21.00177169624036
87.90697674418605,21.466185249183297
87.92691029900332,21.93883346024219
87.94684385382061,22.418543865248246
87.96677740863788,22.904197989184684
87.98671096345515,23.394730085453066
88.00664451827242,23.889125407807068
88.02657807308971,24.386418165091364
88.04651162790698,24.885689279015974
88.06644518272425,25.386064039334038
88.08637873754154,25.886709728940822
88.10631229235881,26.38683327331247
88.1262458471761,26.885678953968597
88.14617940199336,27.38252621383715
88.16611295681064,27.87668757308413
88.18604651162791,28.36750666673119
88.20598006644519,28.854356409849267
88.22591362126246,29.33663729195979
88.24584717607974,29.813775799221556
88.265780730897,30.285222960797164
88.28571428571429,30.750453014288702
88.30564784053156,31.208962184151538
88.32558139534885,31.660267566413303
88.34551495016612,32.10390611274285
88.36544850498339,32.539433706851746
88.38538205980068,32.966424326309564
88.40531561461795,33.38446928306268
88.42524916943522,33.79317653623205
88.44518272425249,34.192170071097856
88.46511627906978,34.58108933853807
88.48504983388705,34.95958874955939
88.50498338870433,35.327337219930065
88.52491694352159,35.68401776028766
88.54485049833887,36.029327107445766
88.56478405315615,36.36297539295732
88.58471760797343,36.684685845307406
88.6046511627907,36.99419452240394
88.62458471760797,37.29125007130903
88.64451827242526,37.57561351240952
88.66445182724253,37.84705804545975
88.68438538205982,38.10536887514715
88.70431893687707,38.35034305402987
88.72425249169436,38.58178934087828
88.74418604651163,38.79952807261948
88.76411960132891,39.00339104823642
88.78405315614617,39.19322142311332
88.80398671096346,39.36887361244577
88.82392026578074,39.530213202451066
88.84385382059801,39.67711686822005
88.8637873754153,39.80947229714873
88.88372093023256,39.92717811697645
88.90365448504984,40.03014382753837
88.92358803986711,40.11828973541364
88.9435215946844,40.19154689071845
88.96345514950167,40.24985702535465
88.98338870431894,40.29317249208176
89.00332225913621,40.3214562038315
89.0232558139535,40.33468157273234
89.04318936877077,40.332832448354765
89.06312292358804,40.31590305472895
89.08305647840533,40.283897925723146
89.1029900332226,40.23683183840601
89.12292358803988,40.1747297440475
89.14285714285714,40.097626696442575
89.16279069767442,40.00556777726952
89.1827242524917,39.89860801821967
89.20265780730898,39.776812319659825
89.22259136212625,39.64025536560995
89.24252491694352,39.48902153484049
89.2624584717608,39.323204807912454
89.28239202657808,39.1429086700023
89.30232558139535,38.9482460093708
89.32225913621264,38.73933901135171
89.34219269102991,38.51631904775189
89.36212624584718,38.279326561568894
89.38205980066446,38.028510946947314
89.40199335548174,37.76403042430797
89.421926910299,37.4860519105981
89.44186046511628,37.194750884623154
89.46179401993356,36.89031124743339
89.48172757475083,36.57292517775109
89.5016611295681,36.24279298243582
89.52159468438538,35.90012294199772
89.54152823920266,35.54513115118001
89.56146179401993,35.17804135464484
89.58139534883722,34.79908477780806
89.60132890365449,34.408499952880824
89.62126245847176,34.00653254018931
89.64119601328905,33.5934351448564
89.66112956810632,33.169467128943
89.6810631229236,32.73489441916184
89.70099667774086,32.289989310291396
89.72093023255815,31.83503026443479
89.74086378737542,31.370301706286657
89.7607973421927,30.896093814590884
89.78073089700996,30.412702309994252
89.80066445182725,29.920428239526082
89.82059800664453,29.419577757961566
89.8405315614618,28.910461906358602
89.86046511627907,28.393396388094292
89.88039867109634,27.86870134276951
89.90033222591363,27.336701118398896
89.9202657807309,26.79772404236146
89.94019933554819,26.252102191654405
89.96013289036544,25.700171163073502
89.98006644518273,25.142269844039593
90.0,24.578740184905772
90.01993355481729,24.0099269737195
90.03986710963456,23.4361776145828
90.05980066445183,22.857841910960403
90.07973421926911,22.275271855539206
90.09966777408638,21.688821428555137
90.11960132890367,21.098846406892743
90.13953488372093,20.50570418674737
90.15946843853821,19.909753623250108
90.17940199335548,19.311354891225697
90.19933554817277,18.71086937223426
90.21926910299004,18.10865957430297
90.23920265780731,17.50508909237291
90.25913621262458,16.90052261958996
90.27906976744187,16.295326022322783
90.29900332225914,15.689866495426577
90.31893687707641,15.084512819112406
90.3388704318937,14.479635745287101
90.35880398671097,13.875608550055885
90.37873754152825,13.272807801182404
90.39867109634552,12.67161440607898
90.4186046511628,12.072415029434342
90.43853820598007,11.475604003019777
90.45847176079735,10.881585898355405
90.47840531561462,10.290779003251764
90.4983388704319,9.70362004761282
90.51827242524917,9.12057068139122
90.53820598006645,8.542126449603206
90.55813953488374,7.96882938848616
90.57807308970101,7.401285973467183
90.59800664451828,6.840193141889982
90.61794019933555,6.286376775517747
90.63787375415284,5.740849881443953
90.6578073089701,5.204902733592093
90.67774086378738,4.680246293311311
90.69767441860465,4.169246869329469
90.71760797342193,3.6753207671967894
90.7375415282392,3.203613260267594
90.75747508305649,2.762175604178696
90.77740863787375,2.3639373170217306
90.79734219269103,2.0295360551145287
90.81727574750832,1.7893002622042775
90.83720930232559,1.6777815003310728
90.85714285714286,1.713959579844915
90.87707641196013,1.8835940951762842
90.89700996677742,2.150274955928426
90.91694352159469,2.478434310331349
90.93687707641197,2.8429501022271784
90.95681063122923,3.2280617005120282
90.97674418604652,3.624115542270899
90.99667774086379,4.025104748171002
91.01661129568107,4.427178670815662
91.03654485049833,4.827787271619363
91.05647840531562,5.225189422908046
91.0764119601329,5.61816433151615
91.09634551495017,6.005837399998924
91.11627906976746,6.387572044777166
91.13621262458472,6.762900575665899
91.156146179402,7.131478859511986
91.17607973421927,7.493055857297466
91.19601328903656,7.847452696959804
91.21594684385383,8.194548001198449
91.2358803986711,8.53426740433977
91.25581395348837,8.86657592749752
91.27574750830566,9.19147233654594
91.29568106312293,9.50898489551439
91.3156146179402,9.8191681140046
91.33554817275748,10.122100209564952
91.35548172757476,10.417881087824682
91.37541528239204,10.706630698868523
91.3953488372093,10.988487666774763
91.41528239202658,11.26360811616321
91.43521594684385,11.532164638715088
91.45514950166114,11.794345356382072
91.47508305647841,12.050353048034868
91.49501661129568,12.300404313722847
91.51495016611295,12.54472875629258
91.53488372093024,12.783568164374772
91.55481727574752,13.017175684072637
91.5747508305648,13.245814969337271
91.59468438538207,13.469759303188566
91.61461794019934,13.689290683772922
91.63455149501662,13.904698870842118
91.6544850498339,14.116280389663787
91.67441860465117,14.324337490685426
91.69435215946844,14.529177064506289
91.71428571428572,14.731109512890004
91.734219269103,14.930447577687437
91.75415282392026,15.12750513064234
91.77408637873754,15.322595928119462
91.79401993355482,15.51603233582097
91.8139534883721,15.70812402953198
91.83388704318938,15.899176678845553
91.85382059800665,16.089490621646323
91.87375415282392,16.27935953786151
91.8936877076412,16.46906913160133
91.91362126245848,16.658895831289243
91.93355481727576,16.849105517711173
91.95348837209302,17.039952290076492
91.9734219269103,17.231677280174072
91.99335548172758,17.42450752451577
92.01328903654486,17.618654903987363
92.03322259136212,17.81431515997578
92.0531561461794,18.011666995220402
92.07308970099669,18.21087126675984
92.09302325581396,18.41207027733081
92.11295681063123,18.61538717044746
92.1328903654485,18.820925433172608
92.15282392026579,19.028768509315697
92.17275747508306,19.23897952448709
92.19269102990035,19.45160112313324
92.2126245847176,19.666655416404232
92.23255813953489,19.884144038489474
92.25249169435216,20.104048307926227
92.27242524916944,20.326329489358944
92.29235880398673,20.550929150323245
92.31229235880399,20.777769606858993
92.33222591362127,21.00675445113147
92.35215946843854,21.23776915376037
92.37209302325583,21.47068173322336
92.39202657807309,21.705343484510223
92.41196013289037,21.941589759145028
92.43189368770764,22.1792407887595
92.45182724252493,22.418102544574875
92.4717607973422,22.657967625420152
92.49169435215947,22.89861616726484
92.51162790697674,23.13981676765944
92.53156146179403,23.38132741894147
92.55149501661131,23.622896444564258
92.57142857142857,23.86426343342695
92.59136212624585,24.105160167613775
92.61129568106313,24.34531153947965
92.63122923588041,24.584436454536565
92.65116279069768,24.822248717094343
92.67109634551495,25.05845789608412
92.69102990033223,25.292770168937896
92.71096345514951,25.524889141810156
92.73089700996678,25.75451664480525
92.75083056478405,25.981353501216272
92.77076411960132,26.20510027008681
92.79069767441861,26.425457961677726
92.8106312292359,26.642128725657148
92.83056478405317,26.85481651203538
92.85049833887044,27.063227705039886
92.87043189368771,27.267071730270033
92.890365448505,27.466061635590023
92.91029900332227,27.65991464631421
92.93023255813954,27.84835269531295
92.95016611295681,28.031102928723058
92.9700996677741,28.20789818798654
92.99003322259136,28.378477468965976
93.00996677740865,28.5425863588988
93.02990033222592,28.699977451955004
93.04983388704319,28.85041074415759
93.06976744186048,28.99365400841202
93.08970099667775,29.129483150373225
93.10963455149502,29.25768254585539
93.12956810631229,29.378045360464256
93.14950166112958,29.490373852102973
93.16943521594685,29.59447965697235
93.18936877076413,29.690184059655746
93.20930232558139,29.77731824784686
93.22923588039868,29.85572355224779
93.24916943521595,29.925251672133562
93.26910299003323,29.98576488704917
93.2890365448505,30.03713625507619
93.30897009966777,30.079249798077495
93.32890365448506,30.112000674302397
93.34883720930233,30.13529533870832
93.36877076411962,30.14905169133155
93.38870431893687,30.15319921401611
93.40863787375416,30.14767909578858
93.42857142857143,30.132444347146052
93.44850498338872,30.107459903504814
93.46843853820599,30.07270271803909
93.48837209302326,30.02816184412124
93.50830564784053,29.973838507557836
93.52823920265782,29.90974616879892
93.5481727574751,29.835910575281474
93.56810631229236,29.75236980405105
93.58803986710964,29.659174294788606
93.60797342192691,29.55638687335148
93.6279069767442,29.44408276591882
93.64784053156146,29.322349603811052
93.66777408637874,29.19128741903142
93.68770764119601,29.05100863055249
93.7076411960133,28.901638021344013
93.72757475083057,28.743312706107368
93.74750830564784,28.576182089647883
93.76744186046511,28.400407815777058
93.7873754152824,28.21616370659238
93.80730897009968,28.023635691932206
93.82724252491695,27.823021728745744
93.84717607973423,27.614531710053004
93.8671096345515,27.39838736309566
93.88704318936878,27.174822136195655
93.90697674418605,26.944081073743455
93.92691029900332,26.706420678630465
93.9468438538206,26.46210876131937
93.96677740863788,26.211424274610103
93.98671096345515,25.954657133007792
94.00664451827242,25.692108015429167
94.02657807308971,25.42408814979615
94.04651162790698,25.15091907785761
94.06644518272427,24.87293239835135
94.08637873754154,24.590469486369173
94.10631229235881,24.303881186515518
94.12624584717608,24.013527477158316
94.14617940199336,23.719777102757064
94.16611295681064,23.423007170922055
94.18604651162792,23.123602710511843
94.20598006644518,22.821956186718534
94.22591362126246,22.518466968728312
94.24584717607974,22.21354074518549
94.26578073089702,21.90758888234424
94.28571428571429,21.60102771947427
94.30564784053156,21.294277795813823
94.32558139534885,20.987763003153606
94.34551495016612,20.68190965801336
94.36544850498339,20.377145487365542
94.38538205980066,20.073898522000235
94.40531561461795,19.77259589194556
94.42524916943522,19.47366251889828
94.4451827242525,19.177519701418387
94.46511627906976,18.884583589741005
94.48504983388705,18.59526354849802
94.50498338870432,18.309960407456035
94.5249169435216,18.029064602594367
94.54485049833889,17.75295421248514
94.56478405315615,17.48199289799773
94.58471760797343,17.21652775681522
94.6046511627907,16.95688710807748
94.62458471760799,16.703378226583514
94.64451827242524,16.456285050290703
94.66445182724253,16.215865889204437
94.6843853820598,15.982351167987948
94.70431893687709,15.75594123853958
94.72425249169436,15.536804302161245
94.74418604651163,15.325074483543347
94.76411960132891,15.120850100384036
94.78405315614619,14.924192172831642
94.80398671096347,14.73512321590885
94.82392026578073,14.553626355525752
94.84385382059801,14.379644804566398
94.86378737541528,14.213081729878049
94.88372093023257,14.053800533936638
94.90365448504984,13.901625566731346
94.92358803986711,13.756343274320239
94.94352159468438,13.617703780939456
94.96345514950167,13.485422891931005
94.98338870431894,13.359184495534906
95.00332225913621,13.2386433332031
95.0232558139535,13.12342810092248
95.04318936877077,13.013144838397144
95.06312292358805,12.907380559059298
95.08305647840533,12.805707071870236
95.1029900332226,12.707684945750358
95.12292358803987,12.61286756914838
95.14285714285715,12.520805260549222
95.16279069767442,12.431049390381627
95.1827242524917,12.343156480531425
95.20265780730897,12.256692254181825
95.22259136212625,12.171235615674501
95.24252491694352,12.0863825472171
95.26245847176081,12.001749916284435
95.28239202657808,11.916979194239524
95.30232558139535,11.831740092839956
95.32225913621264,11.745734130735231
95.34219269102991,11.658698146666554
95.36212624584718,11.570407779736096
95.38205980066445,11.480680939702978
95.40199335548174,11.389381291661286
95.421926910299,11.296421779505032
95.44186046511629,11.201768211081266
95.46179401993355,11.10544292460824
95.48172757475083,11.007528550438998
95.5016611295681,10.908171874139438
95.52159468438539,10.807587795576715
95.54152823920266,10.706063363634842
95.56146179401993,10.60396184656586
95.58139534883722,10.50172677308984
95.60132890365449,10.3998858484691
95.62126245847178,10.299054612380399
95.64119601328903,10.19993966136367
95.66112956810632,10.103341208482936
95.68106312292359,10.010154698189986
95.70099667774087,9.921371138324492
95.72093023255815,9.83807575877275
95.74086378737542,9.761444564968315
95.7607973421927,9.692738334114999
95.78073089700997,9.63329361495272
95.80066445182726,9.584510351488595
95.82059800664452,9.547835869992099
95.8405315614618,9.524745155416639
95.86046511627907,9.516717599119213
95.88039867109636,9.52521071322834
95.90033222591362,9.551631652285002
95.9202657807309,9.59730771876474
95.94019933554817,9.663457303563321
95.96013289036546,9.751162870849395
95.98006644518273,9.861347594071802
96.0,9.9947570642699
96.01993355481729,10.151947132940435
96.03986710963456,10.333278462812522
96.05980066445184,10.538917810165978
96.07973421926911,10.76884553190367
96.09966777408638,11.02286837253831
96.11960132890366,11.30063629143439
96.13953488372094,11.60166195958064
96.15946843853821,11.925341578497779
96.17940199335548,12.270975819773959
96.19933554817275,12.637789908743258
96.21926910299004,13.024952135652603
96.23920265780731,13.431590334943348
96.25913621262458,13.856806101696211
96.27906976744187,14.299686699215918
96.29900332225914,14.7593147484874
96.31893687707642,15.23477588127854
96.3388704318937,15.725164590670763
96.35880398671097,16.22958853421145
96.37873754152824,16.747171544193733
96.39867109634552,17.27705558429274
96.4186046511628,17.81840186800186
96.43853820598008,18.370391326574538
96.45847176079734,18.93222458567092
96.47840531561462,19.50312158268365
96.49833887043191,20.082320931957792
96.51827242524918,20.66907912338905
96.53820598006645,21.26266962132544
96.55813953488372,21.86238191519345
96.57807308970101,22.467520560552774
96.59800664451828,23.07740423902058
96.61794019933555,23.69136485734103
96.63787375415282,24.308746699469687
96.6578073089701,24.92890564058369
96.67774086378738,25.551208428144104
96.69767441860466,26.175032032294247
96.71760797342192,26.799763065779853
96.7375415282392,27.42479727206452
96.75747508305649,28.049539079253865
96.77740863787376,28.673401216731076
96.79734219269105,29.295804390958924
96.8172757475083,29.916177016655013
96.83720930232559,30.53395499944418
96.85714285714286,31.148581566095945
96.87707641196015,31.759507138533465
96.8970099667774,32.36618924793153
96.91694352159469,32.9680924853846
96.93687707641196,33.56468848581094
96.95681063122925,34.15545594195338
96.97674418604652,34.73988064553518
96.99667774086379,35.3174555528259
97.01661129568107,35.88768087206173
97.03654485049834,36.45006417034834
97.05647840531563,37.00412049784632
97.07641196013289,37.54937252720264
97.09634551495017,38.085350706343725
97.11627906976744,38.61159342288681
97.13621262458473,39.127647178558064
97.156146179402,39.633066772126426
97.17607973421927,40.12741548947462
97.19601328903654,40.6102652995306
97.21594684385383,41.08119705487831
97.23588039867111,41.53980069595243
97.25581395348837,41.98567545780234
97.27574750830566,42.41843007848316
97.29568106312293,42.83768300819941
97.31561461794021,43.24306261838837
97.33554817275748,43.634207409987575
97.35548172757476,44.01076622018279
97.37541528239203,44.37239842698172
97.39534883720931,44.71877415100308
97.41528239202658,45.04957445391219
97.43521594684385,45.36449153297269
97.45514950166113,45.66322891121979
97.47508305647841,45.94550162279335
97.4950166112957,46.211036393000875
97.51495016611297,46.45957181270908
97.53488372093024,46.690858506690226
97.55481727574751,46.90465929557566
97.5747508305648,47.10074935109278
97.59468438538207,47.27891634428521
97.61461794019934,47.43896058643817
97.63455149501661,47.58069516245152
97.6544850498339,47.7039460564238
97.67441860465117,47.80855226922949
97.69435215946845,47.894365927890995
97.71428571428571,47.96125238656436
97.734219269103,48.009090318976035
97.75415282392028,48.03777180216504
97.77408637873755,48.04720239140152
97.79401993355482,48.03730118617003
97.81395348837209,48.00800088712151
97.83388704318938,47.95924784391505
97.85382059800665,47.89100209388625
97.87375415282393,47.80323739149584
97.89368770764119,47.69594122852818
97.91362126245848,47.56911484502604
97.93355481727575,47.42277323096533
97.95348837209303,47.2569451186901
97.9734219269103,47.07167296614595
97.99335548172758,46.86701293096918
98.01328903654486,46.64303483550658
98.03322259136213,46.399822122861835
98.05315614617942,46.137471804084875
98.07308970099668,45.856094396642966
98.09302325581396,45.555813854335454
98.11295681063123,45.23676748884004
98.13289036544852,44.89910588310514
98.15282392026577,44.542992796833126
98.17275747508306,44.168605064331196
98.19269102990033,43.776132485042815
98.21262458471762,43.36577770711226
98.2325581395349,42.93775610437824
98.25249169435216,42.49229564724344
98.27242524916944,42.02963676792115
98.29235880398672,41.55003222062505
98.312292358804,41.05374693733929
98.33222591362127,40.541057879890026
98.35215946843854,40.01225388913439
98.37209302325581,39.46763553219417
98.3920265780731,38.9075149487907
98.41196013289037,38.332215697887776
98.43189368770764,37.74207260602723
98.45182724252491,37.13743161895109
98.4717607973422,36.518649658352295
98.49169435215948,35.88609448589151
98.51162790697674,35.24014457697104
98.53156146179403,34.581189007181756
98.5514950166113,33.909627354850734
98.57142857142858,33.22586962373906
98.59136212624585,32.530336190694925
98.61129568106313,31.823457783992545
98.6312292358804,31.105675499224297
98.65116279069768,30.377440861018243
98.67109634551495,29.639215940596856
98.69102990033224,28.891473541369283
98.7109634551495,28.134697467479935
98.73089700996678,27.369382893683593
98.75083056478407,26.596036859290987
98.77076411960134,25.815178914517155
98.79069767441861,25.02734195474722
98.81063122923588,24.233073287527947
98.83056478405317,23.432935989204616
98.85049833887044,22.627510624019404
98.87043189368771,21.817397419512808
98.89036544850498,21.003219020101604
98.91029900332227,20.18562397839041
98.93023255813954,19.365291194873915
98.95016611295682,18.542935586605907
98.9700996677741,17.719315361974488
98.99003322259136,16.895241413370297
99.00996677740865,16.071589529128925
99.02990033222592,15.24931639573888
99.0498338870432,14.42948074844007
99.06976744186046,13.61327158938886
99.08970099667775,12.802046212401597
99.10963455149502,11.997381978967946
99.1295681063123,11.20114756885569
99.14950166112956,10.41560204535299
99.16943521594685,9.643533874001402
99.18936877076412,8.88845736492918
99.2093023255814,8.15489092123168
99.22923588039868,7.448748739176276
99.24916943521595,6.777880014342944
99.26910299003323,6.152771525630048
99.2890365448505,5.587351514778363
99.30897009966779,5.099618794480242
99.32890365448505,4.711391665225769
99.34883720930233,4.445971461429517
99.3687707641196,4.3227906156724805
99.38870431893689,4.350416084680235
99.40863787375416,4.522410164028732
99.42857142857143,4.819643513577116
99.4485049833887,5.217112732919786
99.46843853820599,5.690313256394786
99.48837209302327,6.218567682193518
99.50830564784053,6.785751807850848
99.52823920265782,7.379750492290596
99.54817275747509,7.991572290006687
99.56810631229237,8.61452990347816
99.58803986710964,9.243598451846488
99.60797342192691,9.874946559838902
99.62790697674419,10.505603496348243
99.64784053156147,11.133225081719582
99.66777408637874,11.755928902393151
99.68770764119601,12.372177566780776
99.70764119601328,12.980695225269127
99.72757475083057,13.58040723626811
99.74750830564786,14.17039607010926
99.76744186046513,14.749868717377927
99.7873754152824,15.31813233528109
99.80730897009967,15.874575857541089
99.82724252491695,16.418655968040003
99.84717607973423,16.949886301208892
99.8671096345515,17.46782905252806
99.88704318936877,17.9720884065001
99.90697674418605,18.462305347656933
99.92691029900332,18.938153533017633
99.94684385382061,19.399335985720132
99.96677740863788,19.84558242868935
99.98671096345515,20.27664712062081
100.00664451827244,20.692307088717687
100.02657807308971,21.092360676643697
100.04651162790698,21.476626344250167
100.06644518272425,21.84494166937294
100.08637873754154,22.197162512502523
100.10631229235881,22.53316231322579
100.1262458471761,22.852831493617835
100.14617940199335,23.156076948666463
100.16611295681064,23.442821607666346
100.18604651162791,23.713004053567772
100.20598006644519,23.96657818968967
100.22591362126246,24.203512945146826
100.24584717607974,24.423792011902542
100.26578073089702,24.62741360762099
100.28571428571429,24.814390259522035
100.30564784053158,24.984748605281787
100.32558139534883,25.13852920771439
100.34551495016612,25.275786380542872
100.36544850498339,25.396588023043275
100.38538205980068,25.501015461745325
100.40531561461793,25.589163297708847
100.42524916943522,25.661139258180224
100.44518272425249,25.717064051677532
100.46511627906978,25.757071225762214
100.48504983388706,25.78130702693842
100.50498338870432,25.7899302622811
100.5249169435216,25.783112162535907
100.54485049833887,25.761036246561712
100.56478405315616,25.723898187101806
100.58471760797343,25.6719056779764
100.6046511627907,25.605278302887932
100.62458471760797,25.524247406123795
100.64451827242526,25.429055965530686
100.66445182724253,25.319958468220886
100.6843853820598,25.197220789555093
100.70431893687709,25.061120076030544
100.72425249169436,24.91194463278598
100.74418604651164,24.749993816519353
100.7641196013289,24.575577934698924
100.78405315614619,24.38901815203446
100.80398671096346,24.190646405262914
100.82392026578074,23.980805327392137
100.84385382059801,23.759848182636123
100.86378737541528,23.528138813366457
100.88372093023256,23.286051600494943
100.90365448504984,23.033971438791717
100.92358803986711,22.772293728728396
100.9435215946844,22.501424386515566
100.96345514950167,22.2217798740739
100.98338870431894,21.933787250734248
101.00332225913623,21.637884248498622
101.0232558139535,21.33451937270264
101.04318936877077,21.024152029892715
101.06312292358804,20.707252684654335
101.08305647840533,20.38430304698745
101.1029900332226,20.0557962916015
101.12292358803987,19.722237310173362
101.14285714285714,19.384142997147343
101.16279069767442,19.042042569022293
101.1827242524917,18.696477916225277
101.20265780730898,18.34800398556226
101.22259136212625,17.99718918980422
101.24252491694352,17.64461583914171
101.26245847176081,17.29088058693927
101.28239202657808,16.93659487935286
101.30232558139537,16.582385394835462
101.32225913621262,16.22889445524039
101.34219269102991,15.87678038502965
101.36212624584718,15.526717788902038
101.38205980066446,15.179397710892475
101.40199335548172,14.835527629617
101.421926910299,14.49583123487174
101.44186046511629,14.161047920365872
101.46179401993356,13.831931916250696
101.48172757475083,13.509250973776126
101.5016611295681,13.193784503599906
101.52159468438539,12.886321060059062
101.54152823920266,12.587655057531881
101.56146179401995,12.29858260372392
101.5813953488372,12.019896340541745
101.60132890365449,11.752379198697225
101.62126245847176,11.496796999912572
101.64119601328905,11.253889882892238
101.66112956810632,11.024362587633972
101.68106312292359,10.808873707291696
101.70099667774087,10.608024105693337
101.72093023255815,10.42234479704584
101.74086378737543,10.252284684540143
101.76079734219269,10.098198645794811
101.78073089700997,9.960336522571259
101.80066445182725,9.838833606743336
101.82059800664453,9.733703202753036
101.8405315614618,9.644831781802354
101.86046511627907,9.571977124566267
101.88039867109634,9.514769684934558
101.90033222591363,9.472717212491895
101.9202657807309,9.445212467017939
101.94019933554817,9.431543667306833
101.96013289036546,9.430907160292497
101.98006644518273,9.442421690546938
102.00000000000001,9.465143602531041
102.01993355481729,9.49808231785726
102.03986710963456,9.540215489213148
102.05980066445183,9.59050332839683
102.07973421926911,9.6479017228593
102.09966777408638,9.711373878459593
102.11960132890366,9.779900343512475
102.13953488372093,9.852487371875927
102.15946843853821,9.928173665768877
102.17940199335548,10.00603560054042
102.19933554817277,10.085191074592892
102.21926910299004,10.164802150621492
102.23920265780731,10.244076662658133
102.2591362126246,10.322268960692968
102.27906976744187,10.39867995427027
102.29900332225914,10.472656601311318
102.31893687707641,10.543590970824269
102.3388704318937,10.610918989852197
102.35880398671097,10.674118967194827
102.37873754152825,10.73270996989365
102.39867109634551,10.786250113625979
102.4186046511628,10.834334815201943
102.43853820598008,10.876595044309042
102.45847176079735,10.912695602408144
102.47840531561462,10.942333449089249
102.4983388704319,10.965236090053676
102.51827242524918,10.98116003600107
102.53820598006645,10.989889337870894
102.55813953488374,10.991234200940527
102.578073089701,10.985029678056843
102.59800664451828,10.971134440636492
102.61794019933555,10.949429624895432
102.63787375415284,10.919817749961336
102.65780730897009,10.8822217040028
102.67774086378738,10.836583794210242
102.69767441860466,10.782864856331436
102.71760797342193,10.72104341945772
102.73754152823922,10.651114921840557
102.75747508305648,10.57309097366653
102.77740863787376,10.486998662911132
102.79734219269103,10.392879900612746
102.81727574750832,10.290790802145615
102.83720930232559,10.180801101316016
102.85714285714286,10.06299359435335
102.87707641196013,9.937463611112193
102.89700996677742,9.804318511040645
102.91694352159469,9.663677201702622
102.93687707641196,9.51566967786639
102.95681063122925,9.360436579389322
102.97674418604652,9.19812876634039
102.9966777408638,9.02890691000922
103.01661129568106,8.852941098656363
103.03654485049834,8.670410457067195
103.05647840531562,8.481502779185996
103.0764119601329,8.286414173333982
103.09634551495017,8.08534871976217
103.11627906976744,7.878518140568804
103.13621262458472,7.666141482334294
103.156146179402,7.448444812214765
103.17607973421929,7.225660928713455
103.19601328903656,6.998029088955049
103.21594684385383,6.765794755072975
103.2358803986711,6.529209363358418
103.25581395348838,6.288530121220427
103.27574750830566,6.044019838928305
103.29568106312293,5.795946805788874
103.3156146179402,5.544584724213962
103.33554817275748,5.290212720617438
103.35548172757476,5.033115460125549
103.37541528239203,4.773583404102707
103.3953488372093,4.511913267800531
103.41528239202658,4.248408763917564
103.43521594684387,3.983381763196106
103.45514950166114,3.7171540772260085
103.47508305647841,3.4500601930135355
103.49501661129568,3.1824515045610906
103.51495016611297,2.914702974288836
103.53488372093024,2.647223882412583
103.55481727574752,2.3804757440261115
103.57475083056478,2.1150034133639597
103.59468438538207,1.8514918640008597
103.61461794019934,1.5908764463223475
103.63455149501662,1.334573899034031
103.65448504983388,1.0850136894964668
103.67441860465117,0.8470039964705083
103.69435215946845,0.6316657654338744
103.71428571428572,0.46782748187517353
103.734219269103,0.41627514143356686
103.75415282392026,0.5079477867426893
103.77408637873755,0.6842948433100264
103.79401993355482,0.8937281841233854
103.8139534883721,1.1152259055564393
103.83388704318936,1.3405206498375368
103.85382059800665,1.565865190610993
103.87375415282392,1.7892851514630896
103.8936877076412,2.0095929234101018
103.91362126245848,2.2259892323052988
103.93355481727575,2.4378841143508807
103.95348837209303,2.6448091107564613
103.9734219269103,2.8463710151477684
103.99335548172759,3.0422260451874177
104.01328903654485,3.2320647109993854
104.03322259136213,3.41560259320098
104.0531561461794,3.5925745373527307
104.07308970099669,3.7627309018206185
104.09302325581396,3.9258350819885472
104.11295681063123,4.081661851307198
104.1328903654485,4.2299962385705365
104.15282392026579,4.370632765120508
104.17275747508307,4.503374928379776
104.19269102990033,4.628034856843828
104.21262458471762,4.744433086188081
104.23255813953489,4.852398422026882
104.25249169435217,4.951767865361925
104.27242524916944,5.042386583837403
104.29235880398672,5.1241079167829735
104.31229235880399,5.196793405431532
104.33222591362127,5.260312842131039
104.35215946843854,5.314544334147113
104.37209302325581,5.359374378987664
104.39202657807309,5.394697949218107
104.41196013289037,5.420418585579192
104.43189368770766,5.436448497945115
104.45182724252493,5.4427086743273
104.4717607973422,5.439128998791269
104.49169435215947,5.42564837985823
104.51162790697676,5.402214891762241
104.53156146179403,5.368785931887732
104.5514950166113,5.325328398896892
104.57142857142857,5.2718188975712295
104.59136212624585,5.208243978373709
104.61129568106313,5.134600422377715
104.63122923588041,5.050895585781387
104.65116279069767,4.957147823127104
104.67109634551495,4.8533870151657
104.69102990033224,4.739655236923153
104.71096345514951,4.616007615289163
104.73089700996678,4.4825134454353375
104.75083056478405,4.3392576648719565
104.77076411960134,4.1863428282572555
104.79069767441861,4.023891793867177
104.8106312292359,3.8520514385150952
104.83056478405315,3.6709978868101034
104.85049833887044,3.480944017408125
104.87043189368771,3.282150474269279
104.890365448505,3.0749422170068845
104.91029900332227,2.8597340871915224
104.93023255813954,2.637071544837415
104.95016611295682,2.4076978978788826
104.9700996677741,2.172669758293103
104.99003322259138,1.933564368529411
105.00996677740864,1.6928704555479768
105.02990033222592,1.454761989179949
105.04983388704319,1.2266872595965697
105.06976744186048,1.0225831305939213
105.08970099667775,0.8681350749767278
105.10963455149502,0.8020246353333931
105.12956810631229,0.8537375856122286
105.14950166112958,1.0123327857766689
105.16943521594686,1.243051240981816
105.18936877076412,1.5178183525457434
105.2093023255814,1.8204745410990455
105.22923588039868,2.142289356429986
105.24916943521596,2.478377001569924
105.26910299003322,2.825820964606091
105.2890365448505,3.182752956637622
105.30897009966777,3.547890366699727
105.32890365448506,3.9202933896510928
105.34883720930233,4.2992312642987995
105.3687707641196,4.6841052265879535
105.38870431893687,5.074402310123319
105.40863787375416,5.469666646381778
105.42857142857144,5.869481078362788
105.44850498338872,6.2734550638859785
105.46843853820599,6.68121653379683
105.48837209302326,7.092406306118761
105.50830564784054,7.506674193243352
105.52823920265782,7.923676255782538
105.54817275747509,8.343072848832556
105.56810631229236,8.764527225970243
105.58803986710964,9.187704542433542
105.60797342192691,9.612271148431791
105.62790697674419,10.037894096326452
105.64784053156147,10.464240807538026
105.66777408637874,10.890978860190021
105.68770764119603,11.317775869042743
105.7076411960133,11.744299436704186
105.72757475083057,12.170217160416424
105.74750830564784,12.595196682554999
105.76744186046513,13.018905775785884
105.7873754152824,13.441012455897296
105.80730897009968,13.8611851168706
105.82724252491694,14.279092683918348
105.84717607973423,14.694404781101738
105.8671096345515,15.106791910816565
105.88704318936878,15.515925642958932
105.90697674418605,15.92147881198808
105.92691029900332,16.323125720421395
105.94684385382061,16.720542347547156
105.96677740863788,17.113406562339634
105.98671096345515,17.50139833971966
106.00664451827242,17.88419997943162
106.02657807308971,18.261496326911054
106.04651162790698,18.63297499560111
106.06644518272427,18.998326590245323
106.08637873754152,19.35724493074071
106.10631229235881,19.709427276183035
106.12624584717608,20.054574548775477
106.14617940199336,20.3923915573058
106.16611295681065,20.722587219925778
106.18604651162791,21.044874785991354
106.20598006644519,21.358972056743877
106.22591362126246,21.664601604631844
106.24584717607975,21.961490991089804
106.265780730897,22.249372982606772
106.28571428571429,22.52798576493118
106.30564784053156,22.79707315527288
106.32558139534885,23.05638481237592
106.34551495016612,23.30567644434869
106.36544850498339,23.544710014150304
106.38538205980066,23.773253942645137
106.40531561461795,23.99108330915005
106.42524916943523,24.197980049412195
106.44518272425249,24.393733150969073
106.46511627906978,24.578138845857307
106.48504983388705,24.751000800651607
106.50498338870433,24.912130303832562
106.5249169435216,25.061346450499183
106.54485049833887,25.198476324461854
106.56478405315615,25.323355177772193
106.58471760797343,25.43582660776951
106.6046511627907,25.535742731748826
106.62458471760797,25.622964359383385
106.64451827242526,25.697361163065597
106.66445182724253,25.758811846364512
106.68438538205982,25.80720431083632
106.70431893687709,25.842435821467102
106.72425249169436,25.864413171074496
106.74418604651163,25.873052844048967
106.76411960132891,25.86828117987539
106.78405315614619,25.85003453694361
106.80398671096346,25.818259457233726
106.82392026578073,25.772912832548403
106.84385382059801,25.713962073063684
106.86378737541528,25.641385279081845
106.88372093023257,25.555171416997993
106.90365448504984,25.455320500638585
106.92358803986711,25.341843779297342
106.9435215946844,25.21476393398687
106.96345514950167,25.074115283645046
106.98338870431894,24.919944003290734
107.00332225913621,24.75230835641779
107.0232558139535,24.57127894425757
107.04318936877077,24.376938974936117
107.06312292358805,24.16938455601251
107.08305647840531,23.94872501442165
107.1029900332226,23.715083248471306
107.12292358803987,23.468596117277503
107.14285714285715,23.209414873882764
107.16279069767442,22.93770564931453
107.1827242524917,22.653649996033373
107.20265780730898,22.357445500629417
107.22259136212625,22.049306477291598
107.24252491694354,21.72946475554987
107.2624584717608,21.398170578137016
107.28239202657808,21.05569362760833
107.30232558139535,20.702324203684086
107.32225913621264,20.338374577249386
107.34219269102991,19.964180551687733
107.36212624584718,19.58010326789287
107.38205980066446,19.186531296080574
107.40199335548174,18.783883065622902
107.42192691029902,18.372609693798168
107.44186046511628,17.953198285872094
107.46179401993356,17.52617579260315
107.48172757475083,17.09211352741647
107.50166112956812,16.651632464411403
107.52159468438538,16.20540946027776
107.54152823920266,15.754184568137822
107.56146179401993,15.298769639006279
107.58139534883722,14.840058436052713
107.60132890365449,14.379038516197971
107.62126245847176,13.916805159082223
107.64119601328905,13.45457763865018
107.66112956810632,12.99371812674051
107.6810631229236,12.53575347386659
107.70099667774087,12.082400003057757
107.72093023255815,11.635591238206954
107.74086378737542,11.19750811173662
107.7607973421927,10.770610580845283
107.78073089700997,10.357668633394777
107.80066445182725,9.96178928756182
107.82059800664452,9.586434323783697
107.8405315614618,9.23542118738753
107.86046511627907,8.912897063316445
107.88039867109634,8.623274261655117
107.90033222591363,8.371115024809631
107.9202657807309,8.160957407277754
107.94019933554819,7.997082631697601
107.96013289036546,7.8832386263278496
107.98006644518273,7.822351777430161
108.0,7.816273216433117
108.01993355481729,7.865609351544587
108.03986710963456,7.969673696340419
108.05980066445184,8.126570479194326
108.0797342192691,8.33338986208643
108.09966777408638,8.586472072468734
108.11960132890366,8.88169076723776
108.13953488372094,9.214713724732594
108.15946843853821,9.581214860046643
108.17940199335548,9.977028063430295
108.19933554817277,10.398245674015449
108.21926910299004,10.84127116837038
108.23920265780731,11.302837797392247
108.25913621262458,11.78000417412137
108.27906976744187,12.270135758244688
108.29900332225914,12.770878838224771
108.31893687707642,13.280131518318036
108.33887043189368,13.796014571561923
108.35880398671097,14.316843829049926
108.37873754152825,14.841104967604217
108.39867109634552,15.367431039384892
108.41860465116281,15.89458277321396
108.43853820598007,16.42143150120132
108.45847176079735,16.94694447648564
108.47840531561462,17.470172314518752
108.49833887043191,17.990238288717062
108.51827242524917,18.50632922696761
108.53820598006645,19.01768777940728
108.55813953488372,19.52360585471343
108.57807308970101,20.02341904879361
108.59800664451828,20.516501914630346
108.61794019933555,21.0022639443882
108.63787375415284,21.480146154501412
108.6578073089701,21.949618181393387
108.67774086378739,22.410175809939094
108.69767441860465,22.86133886903822
108.71760797342193,23.30264943900256
108.7375415282392,23.7336703241494
108.75747508305649,24.153983751278812
108.77740863787376,24.563190260820843
108.79734219269103,24.96090776255301
108.8172757475083,25.346770732076195
108.83720930232559,25.720429527831865
108.85714285714286,26.081549811461826
108.87707641196013,26.4298120568498
108.89700996677742,26.764911135320585
108.91694352159469,27.086555966275988
108.93687707641197,27.394469224070527
108.95681063122925,27.688387093221337
108.97674418604652,27.968059065142665
108.99667774086379,28.233247770528447
109.01661129568107,28.483728842302874
109.03654485049834,28.719290804739344
109.05647840531562,28.93973498493298
109.07641196013289,29.14487544331451
109.09634551495017,29.33453892032742
109.11627906976746,29.5085647967662
109.13621262458473,29.666805065601014
109.156146179402,29.809124313399515
109.17607973421927,29.93539970970731
109.19601328903656,30.04552100297003
109.21594684385383,30.139390521776903
109.2358803986711,30.216923180380572
109.25581395348837,30.278046487607497
109.27574750830566,30.322700558416937
109.29568106312293,30.350838127499316
109.31561461794021,30.362424564428675
109.33554817275747,30.357437889999627
109.35548172757476,30.33586879349156
109.37541528239204,30.29772065071076
109.39534883720931,30.243009542767535
109.41528239202658,30.17176427565366
109.43521594684385,30.084026400794198
109.45514950166114,29.97985023686182
109.47508305647841,29.859302893260764
109.4950166112957,29.7224642958156
109.51495016611295,29.569427215338067
109.53488372093024,29.400297299896227
109.55481727574751,29.21519311177747
109.5747508305648,29.014246170323794
109.59468438538207,28.79760100202778
109.61461794019934,28.565415199515762
109.63455149501662,28.31785949131689
109.6544850498339,28.055117824628294
109.67441860465118,27.777387463645773
109.69435215946844,27.484879106446506
109.71428571428572,27.177817023894075
109.734219269103,26.85643922460134
109.75415282392028,26.520997650649534
109.77408637873754,26.17175840954114
109.79401993355482,25.809002048781668
109.81395348837209,25.43302388057465
109.83388704318938,25.044134365402265
109.85382059800666,24.642659564801793
109.87375415282392,24.2289416754807
109.8936877076412,23.803339659108648
109.91362126245848,23.366229984759503
109.93355481727576,22.91800750414813
109.95348837209303,22.459086483632944
109.9734219269103,21.98990182158373
109.99335548172758,21.510910485324295
110.01328903654486,21.022593208673147
110.03322259136213,20.52545649939584
110.0531561461794,20.020035015980707
110.07308970099668,19.50689438546217
110.09302325581396,18.98663454902673
110.11295681063125,18.459893740426438
110.1328903654485,17.927353224461335
110.15282392026579,17.389742949730607
110.17275747508306,16.847848302292533
110.19269102990035,16.302518185575373
110.21262458471762,15.754674697407468
110.23255813953489,15.205324727426847
110.25249169435216,14.65557385637701
110.27242524916944,14.106642999868455
110.29235880398672,13.559888296475542
110.312292358804,13.016824780769522
110.33222591362126,12.479154383047343
110.35215946843854,11.948798719680072
110.37209302325583,11.427936916460956
110.3920265780731,10.919048240520679
110.41196013289037,10.424958453357537
110.43189368770764,9.948887330728589
110.45182724252493,9.4944924736122
110.4717607973422,9.065901128745121
110.49169435215947,8.667717207473526
110.51162790697674,8.304985519213576
110.53156146179403,7.983090929868346
110.5514950166113,7.707569750834829
110.57142857142858,7.4838186232415955
110.59136212624584,7.316706672642489
110.61129568106313,7.21012970586822
110.63122923588041,7.166581654299593
110.65116279069768,7.186839858970039
110.67109634551497,7.269848361310337
110.69102990033223,7.412833767577597
110.71096345514951,7.611621683227012
110.73089700996678,7.861070451391398
110.75083056478407,8.155524484384884
110.77076411960132,8.489209839939516
110.79069767441861,8.856531385559478
110.81063122923588,9.252264852576689
110.83056478405317,9.67165853729038
110.85049833887044,10.11046792434163
110.87043189368771,10.564946263530985
110.890365448505,11.031809738368008
110.91029900332227,11.508190510329255
110.93023255813955,11.99158621138907
110.95016611295681,12.47981091017727
110.9700996677741,12.970950160670204
110.99003322259136,13.463321219193308
111.00996677740865,13.955438623333897
111.02990033222592,14.445984847538544
111.04983388704319,14.933785526464371
111.06976744186046,15.417788662225913
111.08970099667775,15.897047237936002
111.10963455149503,16.370704706344686
111.12956810631229,16.8379828850959
111.14950166112958,17.298171856009148
111.16943521594685,17.750621528127308
111.18936877076413,18.194734580048284
111.2093023255814,18.629960545331812
111.22923588039868,19.05579084568685
111.24916943521595,19.4717546108484
111.26910299003323,19.877415152393745
111.2890365448505,20.272366982096514
111.30897009966777,20.656233284587707
111.32890365448505,21.02866376980185
111.34883720930233,21.389332843552484
111.36877076411962,21.737938045120707
111.38870431893689,22.074198709379935
111.40863787375416,22.397854818074943
111.42857142857143,22.708666010706445
111.44850498338872,23.006410730281534
111.46843853820599,23.290885483160878
111.48837209302326,23.561904195522597
111.50830564784053,23.81929765169194
111.52823920265782,24.06291300185817
111.54817275747509,24.292613328596282
111.56810631229237,24.508277263198018
111.58803986710964,24.709798644149178
111.60797342192691,24.897086211210897
111.6279069767442,25.070063329510045
111.64784053156147,25.2286677388449
111.66777408637874,25.372851324094054
111.68770764119601,25.502579903196203
111.7076411960133,25.617833029665277
111.72757475083057,25.71860380703089
111.74750830564786,25.804898712960718
111.76744186046511,25.876737431138537
111.7873754152824,25.934152689246616
111.80730897009967,25.977190101640865
111.82724252491695,26.005908015517534
111.84717607973423,26.020377359555297
111.8671096345515,26.0206814941803
111.88704318936878,26.006916062748086
111.90697674418605,25.979188843067853
111.92691029900334,25.93761959881275
111.9468438538206,25.88233993046963
111.96677740863788,25.81349312558036
111.98671096345515,25.731234008121493
112.00664451827244,25.635728786956307
112.0265780730897,25.527154903377316
112.04651162790698,25.405700877838616
112.06644518272425,25.2715661560565
112.08637873754154,25.12496095473552
112.10631229235882,24.966106107255957
112.12624584717608,24.79523290973873
112.14617940199336,24.612582967986114
112.16611295681064,24.41840804588189
112.18604651162792,24.212969915923914
112.20598006644519,23.996540212657095
112.22591362126246,23.769400289874884
112.24584717607974,23.531841082565506
112.26578073089702,23.284162974695445
112.28571428571429,23.02667567404821
112.30564784053156,22.759698095473002
112.32558139534883,22.483558254046287
112.34551495016612,22.198593169811424
112.3654485049834,21.905148785937858
112.38538205980066,21.603579902334147
112.40531561461795,21.294250126959632
112.42524916943522,20.977531847307276
112.4451827242525,20.65380622477918
112.46511627906978,20.323463214943533
112.48504983388705,19.986901616949993
112.50498338870432,19.644529155687472
112.5249169435216,19.29676260059223
112.54485049833887,18.94402792535165
112.56478405315616,18.586760513093964
112.58471760797343,18.22540541199749
112.6046511627907,17.860417646581404
112.62458471760799,17.492262590235438
112.64451827242526,17.121416404781446
112.66445182724253,16.748366553000746
112.6843853820598,16.3736123900584
112.70431893687709,15.997665839546395
112.72425249169436,15.621052159365027
112.74418604651163,15.244310801757104
112.7641196013289,14.867996370357012
112.78405315614619,14.492679674934267
112.80398671096346,14.118948881366164
112.82392026578074,13.747410749977249
112.84385382059801,13.378691949383324
112.86378737541528,13.013440424949575
112.88372093023257,12.652326790428848
112.90365448504984,12.296045697736579
112.92358803986713,11.945317122570497
112.94352159468438,11.600887482145675
112.96345514950167,11.263530475263526
112.98338870431894,10.934047504112463
113.00332225913623,10.613267501944168
113.02325581395348,10.302045952215819
113.04318936877077,10.001262845247542
113.06312292358804,9.711819281865338
113.08305647840533,9.434632405911515
113.1029900332226,9.170628337340746
113.12292358803987,8.920732795694015
113.14285714285715,8.685859162598073
113.16279069767442,8.466893844221921
113.18272425249171,8.264678970226434
113.20265780730897,8.079992707692861
113.22259136212625,7.9135277681149
113.24252491694352,7.765869018012347
113.26245847176081,7.637471426333606
113.28239202657808,7.528639836707146
113.30232558139535,7.4395121759877325
113.32225913621264,7.370047647771311
113.34219269102991,7.320021182785287
113.3621262458472,7.289024940567688
113.38205980066445,7.276477037402344
113.40199335548174,7.281637008930923
113.421926910299,7.303626911295474
113.44186046511629,7.341456518005377
113.46179401993356,7.394050840480977
113.48172757475083,7.460278200226862
113.5016611295681,7.538977277315568
113.52159468438539,7.6289818912175535
113.54152823920266,7.729142663698001
113.56146179401993,7.838345104232009
113.58139534883722,7.955523998690384
113.60132890365449,8.079674245712944
113.62126245847178,8.20985846503633
113.64119601328905,8.345211804600167
113.66112956810632,8.48494441276706
113.68106312292359,8.628342035382078
113.70099667774087,8.774765160799316
113.72093023255815,8.923647082872606
113.74086378737542,9.074491192358755
113.76079734219269,9.226867748114506
113.78073089700997,9.380410325088262
113.80066445182725,9.534812088585385
113.82059800664453,9.689822004376468
113.8405315614618,9.845241061780758
113.86046511627907,10.00091856124247
113.88039867109636,10.15674849823992
113.90033222591363,10.31266606067828
113.9202657807309,10.468644246309612
113.94019933554817,10.624690599385584
113.96013289036546,10.780844060983375
113.98006644518273,10.937171924672079
114.00000000000001,11.093766887933961
114.01993355481727,11.250744189641592
114.03986710963456,11.408238824616369
114.05980066445184,11.566402827614356
114.07973421926911,11.725402620811412
114.09966777408638,11.885416420835146
114.11960132890366,12.046631703491075
114.13953488372094,12.209242726449418
114.15946843853821,12.373448112209465
114.1794019933555,12.53944849556525
114.19933554817275,12.707444241496988
114.21926910299004,12.877633240853372
114.23920265780731,13.05020879232867
114.2591362126246,13.225357580043802
114.27906976744185,13.403257756490751
114.29900332225914,13.58407714068712
114.31893687707642,13.767971541114203
114.3388704318937,13.955083212394301
114.35880398671098,14.145539453726874
114.37873754152824,14.339451355886222
114.39867109634552,14.53691270213276
114.4186046511628,14.737999026757533
114.43853820598008,14.942766833224939
114.45847176079735,15.151252972060906
114.47840531561462,15.363474176812836
114.4983388704319,15.579426754640156
114.51827242524918,15.799086426431753
114.53820598006645,16.02240830983281
114.55813953488372,16.24932703723492
114.57807308970101,16.479756999665586
114.59800664451828,16.713592706624226
114.61794019933556,16.950709251257482
114.63787375415282,17.190962869847286
114.6578073089701,17.434191584390398
114.67774086378738,17.680215917062743
114.69767441860466,17.928839665565317
114.71760797342193,18.179850728716417
114.7375415282392,18.43302197215929
114.75747508305648,18.688112124671225
114.77740863787376,18.9448666962574
114.79734219269103,19.20301890996952
114.81727574750832,19.4622906401776
114.83720930232559,19.722393350824433
114.85714285714286,19.9830290279861
114.87707641196015,20.24389110183368
114.89700996677742,20.504665353828678
114.91694352159469,20.765030805677256
114.93687707641196,21.024660587210096
114.95681063122925,21.283222780941134
114.97674418604652,21.54038124158622
114.99667774086379,21.795796389292924
115.01661129568106,22.049125975744886
115.03654485049834,22.300025822661187
115.05647840531563,22.548150532515788
115.0764119601329,22.793154171557976
115.09634551495017,23.03469092542572
115.11627906976744,23.272415727814593
115.13621262458473,23.505984862798826
115.156146179402,23.735056541503816
115.17607973421929,23.959291453902985
115.19601328903654,24.17835329656264
115.21594684385383,24.39190927718782
115.2358803986711,24.59963059683436
115.25581395348838,24.80119291065082
115.27574750830564,24.99627676800014
115.29568106312293,25.18456803278838
115.31561461794021,25.365758284797742
115.33554817275748,25.539545202786204
115.35548172757476,25.705632930076593
115.37541528239203,25.86373242331659
115.39534883720931,26.013561785048058
115.41528239202658,26.154846580680488
115.43521594684387,26.287320140420128
115.45514950166113,26.410723846663927
115.47508305647841,26.524807407325966
115.49501661129568,26.62932911552514
115.51495016611297,26.724056096024686
115.53488372093024,26.808764538779258
115.55481727574751,26.883239919911944
115.5747508305648,26.947277210412842
115.59468438538207,27.00068107282282
115.61461794019935,27.04326604613976
115.63455149501661,27.074856719161325
115.6544850498339,27.09528789245712
115.67441860465117,27.10440472914419
115.69435215946845,27.10206289462287
115.71428571428572,27.08812868541598
115.734219269103,27.06247914724132
115.75415282392026,27.025002182437234
115.77408637873755,26.97559664685225
115.79401993355484,26.91417243630315
115.81395348837209,26.840650562700496
115.83388704318938,26.75496321993777
115.85382059800665,26.657053839638085
115.87375415282393,26.546877136852885
115.8936877076412,26.424399145808184
115.91362126245848,26.289597245797523
115.93355481727575,26.142460177325145
115.95348837209303,25.982988048609833
115.9734219269103,25.811192332567742
115.99335548172758,25.62709585440297
116.01328903654485,25.430732769946186
116.03322259136213,25.222148534896522
116.05315614617942,25.001399865138065
116.07308970099669,24.768554688321764
116.09302325581396,24.52369208692627
116.11295681063123,24.26690223303676
116.13289036544852,23.99828631511149
116.15282392026579,23.717956457040323
116.17275747508306,23.426035629840595
116.19269102990033,23.122657556383338
116.21262458471762,22.807966609598683
116.23255813953489,22.482117704675616
116.25249169435217,22.145276185849085
116.27242524916943,21.79761770846113
116.29235880398672,21.43932811709388
116.312292358804,21.070603320706812
116.33222591362127,20.691649165873212
116.35215946843854,20.30268130940862
116.37209302325581,19.903925091926485
116.3920265780731,19.49561541415441
116.41196013289037,19.07799661821396
116.43189368770766,18.651322376527652
116.45182724252491,18.215855591594078
116.4717607973422,17.771868310600933
116.49169435215947,17.31964165977201
116.51162790697676,16.85946580452841
116.53156146179401,16.39163994307108
116.5514950166113,15.916472342973528
116.57142857142858,15.4342804329667
116.59136212624585,14.945390965520529
116.61129568106314,14.450140270381295
116.6312292358804,13.948874625344988
116.65116279069768,13.441950778850558
116.67109634551495,12.929736670364996
116.69102990033224,12.412612410320603
116.71096345514951,11.89097160352189
116.73089700996678,11.365223131430604
116.75083056478405,10.83579355411547
116.77076411960134,10.303130359013194
116.79069767441862,9.767706382247066
116.81063122923588,9.230025877287124
116.83056478405317,8.690632935230337
116.85049833887044,8.150123321524836
116.87043189368772,7.6091613728196466
116.89036544850498,7.068504549019735
116.91029900332227,6.529039839255123
116.93023255813954,5.991838997184283
116.95016611295682,5.45824452665339
116.9700996677741,4.930007403225491
116.99003322259136,4.409514583762825
117.00996677740864,3.9001771471253432
117.02990033222592,3.407113023054812
117.0498338870432,2.938373854797099
117.06976744186048,2.507133913899141
117.08970099667775,2.1352542285370637
117.10963455149502,1.8571657001149513
117.1295681063123,1.7168753218398436
117.14950166112958,1.745346725575358
117.16943521594685,1.932463206556589
117.18936877076412,2.236147359686065
117.2093023255814,2.613578121690172
117.22923588039868,3.034975520533143
117.24916943521595,3.4821320288286297
117.26910299003322,3.9441164249080716
117.2890365448505,4.414188853566566
117.30897009966779,4.888013816677015
117.32890365448506,5.362670281376384
117.34883720930233,5.836098505791475
117.3687707641196,6.306782456466076
117.38870431893689,6.7735615209934394
117.40863787375416,7.2355152210545
117.42857142857144,7.691890452793178
117.4485049833887,8.142054279872406
117.46843853820599,8.585462534443119
117.48837209302326,9.02163846487366
117.50830564784054,9.45015792837114
117.52823920265782,9.870638944304346
117.54817275747509,10.282734213107078
117.56810631229237,10.686125689944602
117.58803986710964,11.080520606440796
117.60797342192691,11.46564852880619
117.62790697674419,11.841259168261674
117.64784053156147,12.20712074459076
117.66777408637874,12.563018761165582
117.68770764119603,12.90875508934221
117.70764119601328,13.244147287712916
117.72757475083057,13.56902810121218
117.74750830564784,13.883245099040646
117.76744186046513,14.186660420487838
117.78737541528241,14.47915060514256
117.80730897009967,14.76060648946007
117.82724252491695,15.030933155747393
117.84717607973423,15.290049922711153
117.86710963455151,15.53789036905413
117.88704318936877,15.774402383398039
117.90697674418605,15.999548235189273
117.92691029900332,16.21330466231217
117.94684385382061,16.415662971963396
117.96677740863788,16.60662915198692
117.98671096345515,16.78622399037032
118.00664451827242,16.95448320099158
118.02657807308971,17.11145755400147
118.046511627907,17.257213009448524
118.06644518272425,17.391830852911948
118.08637873754154,17.51540783201308
118.10631229235881,17.628056292733525
118.1262458471761,17.72990431448236
118.14617940199336,17.82109584282956
118.16611295681064,17.90179081875779
118.18604651162791,17.972165303182308
118.20598006644519,18.032411595346886
118.22591362126246,18.08273834352267
118.24584717607974,18.12337064621408
118.26578073089702,18.15455014181009
118.28571428571429,18.176535084307947
118.30564784053158,18.189600402377014
118.32558139534885,18.194037738621923
118.34551495016612,18.190155465443286
118.36544850498339,18.178278673381268
118.38538205980068,18.158749127261075
118.40531561461795,18.131925184841695
118.42524916943522,18.098181672002976
118.44518272425249,18.057909707796153
118.46511627906978,18.01151647193894
118.48504983388705,17.959424906568312
118.50498338870433,17.90207334329045
118.5249169435216,17.839915045808027
118.54485049833887,17.77341765768798
118.56478405315616,17.703062544191877
118.58471760797343,17.62934401656714
118.6046511627907,17.55276842683801
118.62458471760797,17.473853120997305
118.64451827242526,17.393125238644465
118.66445182724253,17.311120347610927
118.68438538205982,17.22838090303139
118.70431893687707,17.145454521730887
118.72425249169436,17.06289206477103
118.74418604651163,16.981245523594136
118.76411960132891,16.901065708465364
118.78405315614619,16.822899741863917
118.80398671096346,16.7472883641063
118.82392026578074,16.67476306375466
118.84385382059801,16.605843051180255
118.8637873754153,16.54103209987867
118.88372093023256,16.480815286577265
118.90365448504984,16.425655667593226
118.92358803986711,16.375990935003845
118.9435215946844,16.332230101656148
118.96345514950167,16.294750268527054
118.98338870431894,16.263893531111727
119.00332225913621,16.23996408305432
119.0232558139535,16.22322557489033
119.04318936877078,16.213898783371185
119.06312292358804,16.21215964232454
119.08305647840533,16.21813767942437
119.1029900332226,16.23191489478896
119.12292358803988,16.25352510730021
119.14285714285714,16.28295378336289
119.16279069767442,16.32013835099495
119.1827242524917,16.364968990206233
119.20265780730898,16.41728987913393
119.22259136212625,16.476900864877162
119.24252491694352,16.543559518858853
119.26245847176081,16.616983529186637
119.28239202657808,16.69685337711651
119.30232558139537,16.782815241442616
119.32225913621264,16.874484073422884
119.34219269102991,16.971446785569466
119.36212624584718,17.07326550006174
119.38205980066446,17.179480806392093
119.40199335548174,17.28961498280379
119.421926910299,17.40317514179224
119.44186046511628,17.519656266088003
119.46179401993356,17.63854410782724
119.48172757475083,17.759317929786633
119.5016611295681,17.881453073409247
119.52159468438539,18.004423343720592
119.54152823920266,18.127703206023128
119.56146179401995,18.250769793404775
119.58139534883722,18.37310472757873
119.60132890365449,18.49419575840094
119.62126245847176,18.613538229620335
119.64119601328905,18.730636380058506
119.66112956810632,18.84500449055147
119.6810631229236,18.95616788768408
119.70099667774086,19.06366381567673
119.72093023255815,19.167042187809656
119.74086378737542,19.265866228555712
119.7607973421927,19.359713017192046
119.78073089700997,19.448173943125806
119.80066445182725,19.530855082539862
119.82059800664453,19.607377505276474
119.8405315614618,19.677377520161087
119.86046511627907,19.74050686624457
119.88039867109634,19.796432856731826
119.90033222591363,19.844838481677908
119.9202657807309,19.88542247488225
119.94019933554819,19.9178993498009
119.96013289036544,19.941999408732272
119.98006644518273,19.957468729014494
120.0,19.964069129502505
120.01993355481729,19.961578120170117
120.03986710963457,19.949788837305242
120.05980066445184,19.928509966432074
120.0797342192691,19.897565654800818
120.09966777408638,19.856795415030643
120.11960132890367,19.80605402127184
120.13953488372094,19.7452113990666
120.1594684385382,19.674152509931336
120.17940199335548,19.59277723155576
120.19933554817277,19.501000234411375
120.21926910299004,19.39875085548493
120.2392026578073,19.28597296979734
120.25913621262458,19.162624860336344
120.27906976744187,19.02867908701963
120.29900332225915,18.8841223553154
120.31893687707642,18.728955385178384
120.33887043189368,18.563192781013786
120.35880398671097,18.38686290345849
120.37873754152825,18.200007743873297
120.39867109634554,18.002682802572426
120.41860465116278,17.794956971982984
120.43853820598007,17.576912426131894
120.45847176079735,17.348644518108618
120.47840531561464,17.110261687457356
120.49833887043191,16.861885379823896
120.51827242524917,16.60364998163464
120.53820598006645,16.335702773136422
120.55813953488374,16.058203903800425
120.57807308970101,15.771326394920555
120.59800664451826,15.475256175256536
120.61794019933555,15.170192156833727
120.63787375415284,14.856346359581382
120.65780730897012,14.533944095453089
120.67774086378736,14.203224225139241
120.69767441860465,13.864439503598094
120.71760797342193,13.51785703459442
120.73754152823922,13.163758859502394
120.7574750830565,12.802442712151386
120.77740863787375,12.434222979942605
120.79734219269103,12.059431922482716
120.81727574750832,11.678421213450363
120.8372093023256,11.291563890549876
120.85714285714286,10.899256823906414
120.87707641196013,10.501923847489758
120.89700996677742,10.10001974446252
120.9169435215947,9.694035340475104
120.93687707641196,9.284504045637968
120.95681063122923,8.87201030587656
120.97674418604652,8.457200591511809
120.9966777408638,8.040797785112195
121.01661129568109,7.623620160239282
121.03654485049833,7.206606607235552
121.05647840531562,6.79085041513175
121.0764119601329,6.377644827203356
121.09634551495019,5.968544822487055
121.11627906976744,5.56545117341894
121.13621262458472,5.17072468463836
121.156146179402,4.787340103745209
121.17607973421929,4.419088919198311
121.19601328903654,4.0708341177896745
121.21594684385383,3.7487992390970177
121.2358803986711,3.4608231301349535
121.25581395348838,3.216412860566396
121.27574750830567,3.0262911037525786
121.29568106312293,2.901077453693709
121.3156146179402,2.8490359280778152
121.33554817275748,2.8736125303729647
121.35548172757477,2.972175280974232
121.37541528239203,3.136861311665577
121.3953488372093,3.356928237404418
121.41528239202658,3.6211726309084136
121.43521594684387,3.919479666475987
121.45514950166113,4.243433469432768
121.47508305647841,4.586331935035685
121.49501661129568,4.9429430759117805
121.51495016611297,5.3092025053653265
121.53488372093025,5.681938857259211
121.55481727574751,6.0586525050608016
121.5747508305648,6.437346783006055
121.59468438538207,6.816402541708749
121.61461794019935,7.194485897060718
121.63455149501661,7.570480531911373
121.6544850498339,7.943437878029524
121.67441860465117,8.31254025215021
121.69435215946845,8.677073384621298
121.71428571428571,9.036405787501335
121.734219269103,9.389973134403935
121.75415282392026,9.737266340138955
121.77408637873755,10.077822393520611
121.79401993355484,10.411217255754972
121.81395348837209,10.7370603212318
121.83388704318938,11.05499006958028
121.85382059800665,11.364670633022614
121.87375415282393,11.665789072169481
121.89368770764119,11.95805320397005
121.91362126245848,12.24118986281876
121.93355481727576,12.514943503531677
121.95348837209303,12.779075075655047
121.97342192691029,13.033361114222677
121.99335548172758,13.277593003974486
122.01328903654486,13.511576383152812
122.03322259136213,13.735130660008604
122.05315614617942,13.948088620592394
122.07308970099668,14.150296110654468
122.09302325581396,14.341611777818484
122.11295681063123,14.521906862833376
122.13289036544852,14.691065030809726
122.15282392026577,14.848982235028547
122.17275747508306,14.995566607265857
122.19269102990035,15.13073836967468
122.21262458471762,15.254429764162634
122.2325581395349,15.366584995940293
122.25249169435216,15.467160188525195
122.27242524916944,15.556123347996083
122.29235880398673,15.633454334721042
122.312292358804,15.699144841148803
122.33222591362126,15.7531983745673
122.35215946843854,15.795630244008782
122.37209302325583,15.826467550724589
122.3920265780731,15.845749181872712
122.41196013289036,15.85352580726348
122.43189368770764,15.849859879198522
122.45182724252493,15.834825635619502
122.4717607973422,15.808509106961118
122.49169435215948,15.77100812728022
122.51162790697674,15.722432350413964
122.53156146179403,15.662903272107402
122.55149501661131,15.592554259249049
122.57142857142858,15.511530587564474
122.59136212624584,15.419989489346984
122.61129568106313,15.318100213054821
122.63122923588041,15.206044096879829
122.6511627906977,15.084014658698383
122.67109634551494,14.952217705155753
122.69102990033223,14.810871463016081
122.71096345514951,14.660206736337098
122.7308970099668,14.500467093508405
122.75083056478407,14.331909088731297
122.77076411960132,14.154802523123882
122.79069767441861,13.969430751315176
122.8106312292359,13.776091040153563
122.83056478405317,13.575094987004846
122.85049833887042,13.366769006059256
122.87043189368771,13.151454892108367
122.890365448505,12.929510472391273
122.91029900332228,12.701310358338796
122.93023255813952,12.467246810347993
122.95016611295681,12.227730730069283
122.9700996677741,11.9831927960337
122.99003322259138,11.734084759712518
123.00996677740866,11.480880920166372
123.0299003322259,11.224079796132113
123.04983388704319,10.964206014462858
123.06976744186048,10.701812432921113
123.08970099667776,10.437482512931973
123.10963455149502,10.171832953347806
123.12956810631229,9.905516588637985
123.14950166112958,9.63922554297434
123.16943521594686,9.373694613853468
123.18936877076412,9.109704833187799
123.20930232558139,8.848087117788094
123.22923588039868,8.58972587206913
123.24916943521596,8.335562340694873
123.26910299003325,8.086597425081047
123.28903654485049,7.843893573632592
123.30897009966777,7.608575232187403
123.32890365448506,7.381827203674671
123.34883720930235,7.164890126893241
123.3687707641196,6.959052166192949
123.38870431893687,6.7656359422545185
123.40863787375416,6.585979778372011
123.42857142857144,6.421412545932111
123.4485049833887,6.273221825326789
123.46843853820599,6.142615790626414
123.48837209302326,6.030680163302631
123.50830564784054,5.938332666734209
123.52823920265783,5.866278458162666
123.54817275747509,5.814970750833257
123.56810631229236,5.784580987986566
123.58803986710964,5.77498230472918
123.60797342192693,5.785748616510865
123.62790697674419,5.816169739951023
123.64784053156146,5.865280900496635
123.66777408637874,5.931903275023843
123.68770764119603,6.014691205854799
123.70764119601328,6.112181535615775
123.72757475083057,6.222841049585334
123.74750830564784,6.345109018520615
123.76744186046513,6.477433011377985
123.78737541528241,6.618297244363906
123.80730897009967,6.766243597634311
123.82724252491695,6.9198860094557775
123.84717607973423,7.077919268012611
123.86710963455151,7.239123320424167
123.88704318936877,7.402364174858377
123.90697674418605,7.566592346073199
123.92691029900332,7.730839633976414
123.94684385382061,7.89421486000239
123.9667774086379,8.055899035256527
123.98671096345515,8.21514030587792
124.00664451827242,8.371248917111181
124.02657807308971,8.523592356796422
124.046511627907,8.671590778319038
124.06644518272425,8.814712758897327
124.08637873754154,8.952471417926073
124.10631229235881,9.084420898856669
124.1262458471761,9.210153204228735
124.14617940199335,9.329295364948539
124.16611295681064,9.441506920176574
124.18604651162792,9.546477682069638
124.20598006644519,9.643925759261487
124.22591362126248,9.733595813739976
124.24584717607974,9.815257527248882
124.26578073089702,9.888704255205429
124.28571428571429,9.953751848173493
124.30564784053158,10.010237623033301
124.32558139534883,10.058019468055775
124.34551495016612,10.096975068074617
124.36544850498339,10.127001237825944
124.38538205980068,10.148013353286512
124.40531561461793,10.159944872489
124.42524916943522,10.16274693883802
124.4451827242525,10.156388061408066
124.46511627906978,10.140853868094112
124.48504983388706,10.116146928828263
124.50498338870432,10.082286647394831
124.5249169435216,10.039309221697703
124.54485049833889,9.987267673683991
124.56478405315616,9.926231951537813
124.58471760797342,9.856289108258911
124.6046511627907,9.777543562369747
124.62458471760799,9.690117448291057
124.64451827242526,9.594151065935492
124.66445182724252,9.489803441341762
124.6843853820598,9.377253012765664
124.70431893687709,9.256698459621926
124.72425249169436,9.128359695102679
124.74418604651164,8.992479047258534
124.7641196013289,8.849322657894206
124.78405315614619,8.699182133874976
124.80398671096347,8.542376491422315
124.82392026578074,8.379254440725678
124.843853820598,8.210197065683142
124.86378737541528,8.035620961675201
124.88372093023257,7.855981902674861
124.90365448504986,7.671779117133317
124.9235880398671,7.4835602589630446
124.94352159468438,7.291927163931137
124.96345514950167,7.097542480278277
124.98338870431895,6.901137251389966
125.00332225913623,6.703519501885822
125.02325581395348,6.505583827876841
125.04318936877077,6.308321905211041
125.06312292358805,6.112833690009526
125.08305647840533,5.9203388732757904
125.10299003322258,5.73218784277653
125.12292358803987,5.549870979563336
125.14285714285715,5.3750245639863845
125.16279069767444,5.209430906952755
125.18272425249168,5.055009633567407
125.20265780730897,4.9137964963186525
125.22259136212625,4.787905970622272
125.24252491694354,4.679474584347107
125.26245847176082,4.590583873433497
125.28239202657807,4.523165268019437
125.30232558139535,4.478893832235169
125.32225913621264,4.45908258772409
125.34219269102992,4.464592435563
125.36212624584718,4.495772648551877
125.38205980066445,4.552442641220944
125.40199335548174,4.633918061584324
125.42192691029902,4.739075624147918
125.44186046511629,4.866444423799423
125.46179401993355,5.014308647363059
125.48172757475083,5.180807776354747
125.50166112956812,5.364024232281392
125.5215946843854,5.562053132930625
125.54152823920265,5.773052952871533
125.56146179401993,5.995278703763027
125.58139534883722,6.227100712319748
125.6013289036545,6.467012481631496
125.62126245847176,6.71363087718443
125.64119601328903,6.965691325562038
125.66112956810632,7.2220400830491425
125.6810631229236,7.481625050971745
125.70099667774089,7.743486138174798
125.72093023255815,8.006745808154207
125.74086378737542,8.270600186982474
125.7607973421927,8.534310928512935
125.78073089700999,8.797197915223423
125.80066445182725,9.058632799079025
125.82059800664452,9.318033343275959
125.8405315614618,9.574858502522291
125.86046511627909,9.828604169381993
125.88039867109634,10.078799512168995
125.90033222591362,10.325003832580116
125.9202657807309,10.566803876514133
125.94019933554819,10.803811537950493
125.96013289036547,11.03566190250449
125.98006644518273,11.262011583837984
126.0,11.482537312217035
126.01993355481729,11.69693474004327
126.03986710963457,11.904917434106265
126.05980066445183,12.10621602862157
126.07973421926911,12.300577516873862
126.09966777408638,12.48776466252982
126.11960132890367,12.667555514478902
126.13953488372093,12.83974301145885
126.15946843853821,13.004134664779913
126.17940199335548,13.160552309225695
126.19933554817277,13.308831913722287
126.21926910299005,13.44882344466819
126.23920265780731,13.580390775938424
126.25913621262458,13.703411640544527
126.27906976744187,13.81777761977212
126.29900332225915,13.923394166349437
126.31893687707641,14.020180658840829
126.3388704318937,14.108070485023276
126.35880398671097,14.187011152503498
126.37873754152825,14.256964425278364
126.39867109634551,14.317906485340584
126.4186046511628,14.369828118791506
126.43853820598008,14.412734926249037
126.45847176079735,14.446647557635014
126.47840531561464,14.471601971695694
126.4983388704319,14.487649720853108
126.51827242524918,14.494858262203932
126.53820598006645,14.49331129567528
126.55813953488374,14.483109130511107
126.578073089701,14.46436908139417
126.59800664451828,14.437225895601278
126.61794019933555,14.401832212634439
126.63787375415284,14.358359057758207
126.65780730897009,14.30699637078886
126.67774086378738,14.247953571307152
126.69767441860466,14.181460161181933
126.71760797342193,14.107766364870526
126.73754152823922,14.027143807372056
126.75747508305648,13.939886228913721
126.77740863787376,13.846310234404331
126.79734219269105,13.74675607434125
126.81727574750832,13.64158845214896
126.83720930232558,13.531197350793313
126.85714285714286,13.415998868883381
126.87707641196015,13.296436053267332
126.89700996677742,13.172979711272497
126.91694352159467,13.046129181161762
126.93687707641196,12.916413034018468
126.95681063122925,12.784389674095781
126.97674418604652,12.650647797676157
126.9966777408638,12.515806662745328
127.01661129568106,12.380516113437068
127.03654485049834,12.245456294506576
127.05647840531563,12.111336982442134
127.0764119601329,11.978896451802152
127.09634551495016,11.84889978875017
127.11627906976744,11.722136559556523
127.13621262458473,11.599417741265189
127.15614617940201,11.481571826194138
127.17607973421929,11.369440022953606
127.19601328903654,11.263870495697773
127.21594684385383,11.165711611592775
127.23588039867111,11.075804204696649
127.25581395348838,10.994972912486148
127.27574750830564,10.924016697871696
127.29568106312293,10.863698732060092
127.31561461794021,10.81473587788894
127.33554817275748,10.777788073707868
127.35548172757474,10.753447967968325
127.37541528239203,10.74223118758438
127.39534883720931,10.744567632718347
127.4152823920266,10.76079417259165
127.43521594684387,10.79114906966163
127.45514950166113,10.835768384904004
127.47508305647841,10.894684520397071
127.4950166112957,10.967826945318194
127.51495016611298,11.05502503812437
127.53488372093022,11.156012871776019
127.55481727574751,11.270435679880542
127.5747508305648,11.39785767660058
127.59468438538208,11.53777086582443
127.61461794019934,11.689604465705289
127.63455149501661,11.852734590458631
127.6544850498339,12.026493867254935
127.67441860465118,12.210180715949145
127.69435215946845,12.403068076836409
127.71428571428571,12.604411430807485
127.734219269103,12.813456012518303
127.75415282392028,13.029443167178226
127.77408637873756,13.251615843355902
127.79401993355481,13.479223247043677
127.81395348837209,13.711524706280898
127.83388704318938,13.947792811712416
127.85382059800666,14.187315907720762
127.87375415282392,14.429400012532753
127.89368770764119,14.673370245268694
127.91362126245848,14.918571834464137
127.93355481727576,15.164370777166997
127.95348837209305,15.410154211124214
127.9734219269103,15.655330555459651
127.99335548172758,15.899329468076902
128.01328903654485,16.14160166112291
128.03322259136215,16.381618609428745
128.0531561461794,16.61887218102226
128.0730897009967,16.85287421363487
128.09302325581396,17.083156056609266
128.11295681063123,17.3092680937278
128.1328903654485,17.530779259180292
128.15282392026577,17.74727655611702
128.17275747508307,17.95836458492952
128.19269102990035,18.16366508650771
128.21262458471762,18.36281650417995
128.2325581395349,18.55547356680066
128.25249169435216,18.741306894460624
128.27242524916946,18.92000262751594
128.29235880398673,19.091262079027416
128.31229235880397,19.254801410240884
128.33222591362127,19.41035132839459
128.35215946843854,19.557656805889813
128.37209302325584,19.696476819687312
128.3920265780731,19.82658410967808
128.41196013289036,19.947764954711637
128.43189368770766,20.05981896493647
128.45182724252493,20.16255888910738
128.4717607973422,20.25581043553727
128.49169435215947,20.339412105409423
128.51162790697674,20.413215037217594
128.53156146179404,20.477082861160692
128.5514950166113,20.53089156238448
128.57142857142856,20.574529352032087
128.59136212624585,20.60789654513688
128.61129568106313,20.630905444463796
128.63122923588043,20.643480229478303
128.65116279069767,20.645556849694476
128.67109634551494,20.637082921725597
128.69102990033224,20.618017629431314
128.7109634551495,20.588331626625347
128.73089700996678,20.5480069418765
128.75083056478405,20.497036885003876
128.77076411960132,20.435425954935248
128.79069767441862,20.363189748664723
128.8106312292359,20.280354871114575
128.83056478405314,20.18695884577468
128.85049833887044,20.08305002606408
128.8704318936877,19.968687507432083
128.890365448505,19.843941040292687
128.91029900332228,19.708890943966402
128.93023255813952,19.56362802188965
128.95016611295682,19.408253478444095
128.9700996677741,19.242878837859077
128.9900332225914,19.06762586575073
129.00996677740864,18.882626493984336
129.0299003322259,18.688022749683267
129.0498338870432,18.483966689363022
129.06976744186048,18.270620339343985
129.08970099667775,18.04815564379759
129.10963455149502,17.81675442201109
129.1295681063123,17.576608336722906
129.1495016611296,17.32791887569029
129.16943521594686,17.070897349012554
129.18936877076413,16.805764905157176
129.2093023255814,16.53275256913445
129.22923588039868,16.25210130685591
129.24916943521598,15.964062120410002
129.26910299003322,15.668896179819553
129.2890365448505,15.366874997837353
129.3089700996678,15.058280655523523
129.32890365448506,14.743406087774899
129.34883720930233,14.422555439693612
129.3687707641196,14.09604450675789
129.38870431893687,13.764201274269674
129.40863787375417,13.427366574604942
129.42857142857144,13.085894884503528
129.44850498338872,12.740155289160436
129.468438538206,12.390532645405333
129.48837209302326,12.037428983010704
129.50830564784056,11.681265191428425
129.5282392026578,11.322483049351666
129.54817275747507,10.96154766682377
129.56810631229237,10.598950424614308
129.58803986710964,10.235212513738983
129.6079734219269,9.870889199798869
129.62790697674419,9.506574962652039
129.64784053156146,9.142909691954165
129.66777408637876,8.780586152912738
129.68770764119603,8.42035897272142
129.7076411960133,8.063055433142036
129.72757475083057,7.709588381705755
129.74750830564784,7.360971580298667
129.76744186046514,7.018337773210697
129.78737541528238,6.682959639721968
129.80730897009968,6.356273539055121
129.82724252491695,6.039905466725222
129.84717607973423,5.735697791445901
129.8671096345515,5.445733967136793
129.88704318936877,5.172356351834467
129.90697674418607,4.91816945077949
129.92691029900334,4.6860175812182385
129.9468438538206,4.478923032739538
129.96677740863788,4.299970204734055
129.98671096345515,4.152125942730902
130.00664451827242,4.037999381565489
130.02657807308972,3.95956631726013
130.04651162790697,3.9179074990777396
130.06644518272427,3.913024397264745
130.08637873754154,3.9437866689573595
130.1063122923588,4.008030631339321
130.12624584717608,4.102782578848695
130.14617940199335,4.224547887419711
130.16611295681065,4.369600643428492
130.18604651162792,4.534225657441844
130.2059800664452,4.714890942616036
130.22591362126246,4.9083509656351385
130.24584717607974,5.111693593900531
130.265780730897,5.3223474918850595
130.2857142857143,5.538065205070473
130.30564784053155,5.756893528150267
130.32558139534885,5.977138966626238
130.34551495016612,6.197333027797377
130.3654485049834,6.4161998997717316
130.38538205980066,6.632627673799419
130.40531561461793,6.845643431167073
130.42524916943523,7.054392061772567
130.4451827242525,7.258118463562786
130.46511627906978,7.4561526919917975
130.48504983388705,7.6478976238277205
130.50498338870432,7.832818732052663
130.52491694352162,8.010435616391543
130.5448504983389,8.180314985244749
130.56478405315613,8.342064833457894
130.58471760797343,8.495329603784674
130.6046511627907,8.639786157268702
130.624584717608,8.775140409214936
130.64451827242527,8.901124513501854
130.66445182724252,9.017494499418385
130.68438538205982,9.124028282721873
130.7043189368771,9.220523986875897
130.72425249169436,9.306798522023609
130.74418604651163,9.382686378681115
130.7641196013289,9.448038600806909
130.7840531561462,9.50272190915646
130.80398671096347,9.546617950940155
130.8239202657807,9.579622655991416
130.843853820598,9.601645683099493
130.86378737541528,9.61260994301442
130.88372093023258,9.612451187007926
130.90365448504986,9.601117651870197
130.9235880398671,9.578569753917565
130.9435215946844,9.544779826046627
130.96345514950167,9.4997318931528
130.98338870431894,9.443421482384027
131.0033222591362,9.375855465770211
131.02325581395348,9.297051933797269
131.04318936877078,9.207040099526361
131.06312292358805,9.10586023394125
131.0830564784053,8.993563634393501
131.1029900332226,8.870212629373377
131.12292358803987,8.735880624445251
131.14285714285717,8.590652196159777
131.16279069767444,8.434623243234562
131.18272425249168,8.267901207478959
131.20265780730898,8.090605381100888
131.22259136212625,7.902867322561481
131.24252491694355,7.704831410589723
131.2624584717608,7.49665557613476
131.28239202657807,7.278512266094186
131.30232558139537,7.050589712362542
131.32225913621264,6.813093607739198
131.3421926910299,6.566249330573605
131.36212624584718,6.310304919029733
131.38205980066445,6.045535083547791
131.40199335548175,5.772246678670535
131.42192691029902,5.490786259580474
131.4418604651163,5.201550669383244
131.46179401993356,4.90500211764167
131.48172757475083,4.601690054941966
131.50166112956813,4.292283567576206
131.52159468438538,3.977620463367402
131.54152823920265,3.6587835480457986
131.56146179401995,3.337222438804809
131.58139534883722,3.0149537793525383
131.6013289036545,2.694899806980279
131.62126245847176,2.381474668254633
131.64119601328903,2.081608853015914
131.66112956810633,1.8064825555941861
131.6810631229236,1.5740479051400431
131.70099667774087,1.410893968051935
131.72093023255815,1.3477863178465117
131.74086378737542,1.4031540481045899
131.76079734219272,1.5685482820660077
131.78073089700996,1.8174319616848202
131.80066445182723,2.123254621093233
131.82059800664453,2.467018496696963
131.8405315614618,2.8366307204942878
131.86046511627907,3.2245437236151275
131.88039867109634,3.625941336698786
131.90033222591362,4.037628984977237
131.92026578073092,4.457391524512725
131.9401993355482,4.883621776770675
131.96013289036546,5.315101317902766
131.98006644518273,5.7508675991583615
132.0,6.190131097773093
132.0199335548173,6.632222238730017
132.03986710963454,7.076556521059351
132.05980066445184,7.522611073264569
132.0797342192691,7.969908564142243
132.09966777408638,8.418005957246367
132.11960132890366,8.866486523111785
132.13953488372093,9.314954085504336
132.15946843853823,9.763028827132164
132.1794019933555,10.210344201797515
132.19933554817277,10.656544643354842
132.21926910299004,11.101283856372001
132.2392026578073,11.544223536790975
132.25913621262458,11.985032414088565
132.27906976744188,12.423385536319334
132.29900332225913,12.858963740377707
132.31893687707642,13.291453264702001
132.3388704318937,13.720545472345163
132.35880398671097,14.14593666011904
132.37873754152827,14.5673279352375
132.3986710963455,14.98442514512821
132.4186046511628,15.396938849262535
132.43853820598008,15.804584324256547
132.45847176079735,16.20708159532806
132.47840531561462,16.604155488601563
132.4983388704319,16.99553569984283
132.51827242524917,17.38095687605383
132.53820598006646,17.76015870702539
132.5581395348837,18.132886024472224
132.578073089701,18.498888906793468
132.59800664451828,18.857922787837516
132.61794019933555,19.209748568319526
132.63787375415285,19.55413272875876
132.6578073089701,19.89084744298046
132.6777408637874,20.21967069137309
132.69767441860466,20.540386373211366
132.71760797342193,20.852784417455123
132.7375415282392,21.156660891516687
132.75747508305648,21.45181810755862
132.77740863787378,21.73806472594232
132.79734219269105,22.01521585549708
132.8172757475083,22.283093150321537
132.8372093023256,22.54152490286549
132.85714285714286,22.790346133071246
132.87707641196016,23.029398673380626
132.89700996677743,23.258531249437432
132.91694352159467,23.477599556336074
132.93687707641197,23.686466330285178
132.95681063122925,23.88500141557177
132.97674418604652,24.073081826725947
132.9966777408638,24.25059180579965
133.01661129568106,24.417422874685002
133.03654485049836,24.57347388240878
133.05647840531563,24.718651047350036
133.07641196013287,24.8528679943371
133.09634551495017,24.976045786589186
133.11627906976744,25.088112952476273
133.13621262458474,25.189005507078555
133.15614617940201,25.278666968534438
133.17607973421926,25.357048369173135
133.19601328903656,25.424108261434824
133.21594684385383,25.479812718587734
133.2358803986711,25.52413533025847
133.25581395348837,25.557057192797465
133.27574750830564,25.57856689450811
133.29568106312294,25.588660495773887
133.3156146179402,25.58734150412373
133.33554817275746,25.574620844282
133.35548172757476,25.55051682325481
133.37541528239203,25.515055090510963
133.39534883720933,25.468268593321007
133.4152823920266,25.410197527324254
133.43521594684384,25.340889282399672
133.45514950166114,25.26039838392229
133.4750830564784,25.168786429493597
133.4950166112957,25.06612202124074
133.51495016611295,24.952480693785805
133.53488372093022,24.827944837994128
133.55481727574752,24.692603620617444
133.5747508305648,24.546552899956062
133.59468438538207,24.38989513767223
133.61461794019934,24.222739306896322
133.6345514950166,24.045200796776925
133.6544850498339,23.85740131363664
133.67441860465118,23.659468778907296
133.69435215946845,23.451537224030844
133.71428571428572,23.233746682526778
133.734219269103,23.006243079442957
133.7541528239203,22.76917811842461
133.77408637873754,22.522709166656874
133.7940199335548,22.266999137959537
133.8139534883721,22.002216374339024
133.83388704318938,21.728534526333767
133.85382059800668,21.446132432524045
133.87375415282392,21.155193998619005
133.8936877076412,20.855908076581187
133.9136212624585,20.548468344305657
133.93355481727576,20.23307318643683
133.95348837209303,19.909925576984673
133.9734219269103,19.57923296449491
133.99335548172758,19.241207160639206
134.01328903654488,18.896064233223782
134.03322259136212,18.544024404775218
134.0531561461794,18.18531195805478
134.0730897009967,17.820155150087164
134.09302325581396,17.448786136574117
134.11295681063126,17.071440908913143
134.1328903654485,16.688359246469847
134.15282392026577,16.299784687283193
134.17275747508307,15.905964521041106
134.19269102990035,15.507149808985693
134.21262458471762,15.10359543643911
134.2325581395349,14.695560204943249
134.25249169435216,14.283306972660016
134.27242524916946,13.867102853792385
134.2923588039867,13.447219490504109
134.312292358804,13.023933414336216
134.33222591362127,12.597526518709923
134.35215946843854,12.168286670141068
134.37209302325584,11.736508493787191
134.3920265780731,11.302494379632094
134.41196013289039,10.866555770014136
134.43189368770766,10.429014808798886
134.45182724252493,9.990206459420213
134.4717607973422,9.550481236392095
134.49169435215947,9.110208747353077
134.51162790697674,8.66978231717555
134.53156146179404,8.22962507265493
134.55149501661128,7.790198021896278
134.57142857142858,7.352010891736163
134.59136212624585,6.915636828594394
134.61129568106313,6.481732585161937
134.63122923588043,6.051066606318625
134.65116279069767,5.624558650650584
134.67109634551497,5.203336488756127
134.69102990033224,4.788818189755333
134.7109634551495,4.382833088772715
134.73089700996678,3.987801345751047
134.75083056478405,3.607001228013002
134.77076411960132,3.2449625325971936
134.79069767441862,2.908022581802418
134.81063122923587,2.605030764859354
134.83056478405317,2.3479956637954915
134.85049833887044,2.1519969170711044
134.8704318936877,2.033051905801753
134.890365448505,2.00302877656801
134.91029900332225,2.063812627787736
134.93023255813955,2.2059077304881627
134.95016611295682,2.413044066452974
134.9700996677741,2.668249212253535
134.99003322259136,2.9573272584994372
135.00996677740864,3.269619347000206
135.02990033222594,3.597485250005328
135.0498338870432,3.9355158112976363
135.06976744186045,4.279859122212841
135.08970099667775,4.6277305578708035
135.10963455149502,4.977077567306525
135.12956810631232,5.326354927839874
135.1495016611296,5.674374254959632
135.16943521594683,6.020202430333514
135.18936877076413,6.363092192977997
135.2093023255814,6.702434025388654
135.22923588039868,7.037722300341978
135.24916943521595,7.368531106803642
135.26910299003322,7.694496739141599
135.28903654485052,8.015304839193902
135.3089700996678,8.330680832679242
135.32890365448503,8.640382729286253
135.34883720930233,8.944195640204976
135.3687707641196,9.241927558453087
135.3887043189369,9.533406078098839
135.40863787375417,9.818475818855896
135.42857142857142,10.096996385761885
135.44850498338872,10.368840738424746
135.468438538206,10.633893876378217
135.48837209302326,10.892051770287424
135.50830564784053,11.143220485706074
135.5282392026578,11.387315458606649
135.5481727574751,11.624260891231225
135.56810631229237,11.853989243818779
135.58803986710964,12.076440803075025
135.6079734219269,12.291563312305186
135.62790697674419,12.499311651250034
135.64784053156149,12.69964755608256
135.66777408637876,12.89253937190825
135.687707641196,13.077961831592516
135.7076411960133,13.255895855908577
135.72757475083057,13.426328370928667
135.74750830564787,13.589252139324413
135.7674418604651,13.744665602839625
135.78737541528238,13.892572733680874
135.80730897009968,14.032982892963256
135.82724252491695,14.165910694668517
135.84717607973425,14.2913758738346
135.8671096345515,14.409403157912267
135.88704318936877,14.520022140402627
135.90697674418607,14.62326715603873
135.92691029900334,14.71917715689809
135.9468438538206,14.80779558893752
135.96677740863788,14.889170268529465
135.98671096345515,14.963353258653292
136.00664451827245,15.030400744458408
136.0265780730897,15.090372907970057
136.04651162790697,15.143333801755189
136.06644518272427,15.189351221405863
136.08637873754154,15.228496576732361
136.10631229235884,15.260844761588729
136.12624584717608,15.286474022279897
136.14617940199335,15.305465824523257
136.16611295681065,15.317904718958188
136.18604651162792,15.323878205216007
136.2059800664452,15.323476594579308
136.22591362126246,15.316792871275041
136.24584717607974,15.303922552459511
136.26578073089703,15.284963546966187
136.28571428571428,15.26001601289894
136.30564784053155,15.229182214164465
136.32558139534885,15.192566376047585
136.34551495016612,15.15027453994323
136.36544850498342,15.102414417367575
136.38538205980066,15.04909524338005
136.40531561461793,14.990427629555843
136.42524916943523,14.926523416656961
136.4451827242525,14.857495527157266
136.46511627906978,14.783457817784868
136.48504983388705,14.704524932251942
136.50498338870432,14.62081215434975
136.52491694352162,14.532435261592674
136.54485049833886,14.439510379602511
136.56478405315616,14.34215383742993
136.58471760797343,14.240482024016622
136.6046511627907,14.134611246007337
136.624584717608,14.024657587126724
136.64451827242524,13.910736769341229
136.66445182724254,13.792964016031185
136.68438538205982,13.671453917403126
136.7043189368771,13.54632029837636
136.72425249169436,13.417676089181684
136.74418604651163,13.285633198913619
136.7641196013289,13.150302392279977
136.7840531561462,13.011793169795116
136.80398671096344,12.870213651664363
136.82392026578074,12.725670465608301
136.843853820598,12.57826863887525
136.86378737541528,12.42811149468981
136.88372093023258,12.275300553383502
136.90365448504983,12.1199354384509
136.92358803986713,11.962113787771107
136.9435215946844,11.801931170229691
136.96345514950167,11.639481007970383
136.98338870431894,11.474854504498909
137.0033222591362,11.308140578853132
137.02325581395348,11.139425806044358
137.04318936877078,10.968794363963852
137.06312292358803,10.796327986936765
137.08305647840533,10.62210592609246
137.1029900332226,10.446204916705527
137.12292358803987,10.268699152646063
137.14285714285717,10.08966026806077
137.1627906976744,9.909157326387955
137.1827242524917,9.727256816790263
137.20265780730898,9.544022658068316
137.22259136212625,9.359516210097016
137.24252491694352,9.173796292803779
137.2624584717608,8.986919212685018
137.2823920265781,8.798938796833184
137.30232558139537,8.609906434422921
137.32225913621264,8.419871125580226
137.3421926910299,8.228879537534421
137.36212624584718,8.036976067928714
137.38205980066448,7.8442029151417385
137.40199335548175,7.650600155450086
137.421926910299,7.456205826840931
137.4418604651163,7.2610560192647675
137.46179401993356,7.0651849711017
137.48172757475083,6.86862517160161
137.5016611295681,6.671407469049249
137.52159468438538,6.473561184401812
137.54152823920268,6.2751142301496365
137.56146179401995,6.076093234162853
137.58139534883722,5.8765236683105755
137.6013289036545,5.676429981678438
137.62126245847176,5.475835738269931
137.64119601328906,5.274763759164662
137.66112956810633,5.073236269232605
137.68106312292358,4.871275048683086
137.70099667774087,4.668901589983298
137.72093023255815,4.466137261047334
137.74086378737542,4.263003476125543
137.7607973421927,4.059521876595597
137.78073089700996,3.8557145249996285
137.80066445182726,3.6516041173932727
137.82059800664453,3.447214221715158
137.8405315614618,3.242569554031331
137.86046511627907,3.0376963111717146
137.88039867109634,2.832622589276439
137.90033222591364,2.627378936492901
137.92026578073092,2.421999121043426
137.94019933554816,2.216521256290713
137.96013289036546,2.010989540171903
137.98006644518273,1.8054571000887214
138.00000000000003,1.5999909364523124
138.01993355481727,1.3946811202429947
138.03986710963454,1.1896593474625996
138.05980066445184,0.9851403432509351
138.0797342192691,0.7815273791180968
138.0996677740864,0.5797362787040009
138.11960132890366,0.382518166006822
138.13953488372093,0.20319367528115617
138.15946843853823,0.1440510938897082
138.1794019933555,0.2904971863439989
138.19933554817277,0.4814581399483109
138.21926910299004,0.6800797287817105
138.2392026578073,0.8808739641667623
138.2591362126246,1.08232774138832
138.27906976744185,1.283836676595878
138.29900332225913,1.4850908907142955
138.31893687707642,1.6858979903520077
138.3388704318937,1.8861191387787064
138.358803986711,2.0856421306110473
138.37873754152824,2.284368711976105
138.3986710963455,2.4822080837995566
138.4186046511628,2.6790733495059103
138.43853820598008,2.8748794728918123
138.45847176079735,3.0695420594577083
138.47840531561462,3.2629766106352007
138.4983388704319,3.4550980620813174
138.5182724252492,3.6458204995686305
138.53820598006644,3.8350569900153704
138.5581395348837,4.022719489726385
138.578073089701,4.2087188060896095
138.59800664451828,4.392964597430836
138.61794019933558,4.575365400923601
138.63787375415282,4.75582868172268
138.6578073089701,4.934260898599266
138.6777408637874,5.110567582745254
138.69767441860466,5.284653427346703
138.71760797342193,5.456422386165098
138.7375415282392,5.625777779808789
138.75747508305648,5.792622408692033
138.77740863787378,5.956858671905094
138.79734219269102,6.118388691385487
138.81727574750832,6.277114440903863
138.8372093023256,6.432937879473102
138.85714285714286,6.585761088862154
138.87707641196016,6.73548641495527
138.8970099667774,6.882016612745076
138.9169435215947,7.025254994788438
138.93687707641197,7.165105582989448
138.95681063122925,7.301473263605046
138.97674418604652,7.434263945398075
138.9966777408638,7.563384720890096
139.01661129568106,7.688744030692894
139.03654485049836,7.810251830924423
139.05647840531563,7.9278197637418515
139.0764119601329,8.041361331052013
139.09634551495017,8.150792071488258
139.11627906976744,8.256029740773377
139.13621262458474,8.35699449561972
139.156146179402,8.453609081352319
139.1760797342193,8.545799023477025
139.19601328903656,8.633492823455018
139.21594684385383,8.716622158987347
139.2358803986711,8.795122089158916
139.25581395348837,8.868931264840489
139.27574750830564,8.937992144801148
139.29568106312294,9.00225121804117
139.3156146179402,9.061659232918508
139.33554817275748,9.11617143370983
139.35548172757476,9.165747805321015
139.37541528239203,9.210353326941624
139.39534883720933,9.249958235524055
139.41528239202657,9.284538300061268
139.43521594684387,9.314075107736484
139.45514950166114,9.33855636312602
139.4750830564784,9.357976201750299
139.49501661129568,9.37233551939006
139.51495016611295,9.38164231871298
139.53488372093025,9.385912074890333
139.55481727574752,9.385168122022558
139.5747508305648,9.379442062335217
139.59468438538207,9.368774200249565
139.61461794019934,9.353214003572843
139.63455149501664,9.332820594185614
139.6544850498339,9.307663270723001
139.67441860465115,9.277822065843813
139.69435215946845,9.243388340745652
139.71428571428572,9.204465419602855
139.734219269103,9.161169266557813
139.75415282392026,9.113629207765117
139.77408637873754,9.06198870074283
139.79401993355484,9.006406152892621
139.8139534883721,8.947055790468989
139.83388704318938,8.884128578455694
139.85382059800665,8.817833190685267
139.87375415282392,8.748397028041783
139.89368770764122,8.67606728063632
139.9136212624585,8.601112027341708
139.93355481727573,8.523821362915259
139.95348837209303,8.444508539011249
139.9734219269103,8.363511100575913
139.99335548172758,8.28119199332045
140.01328903654485,8.197940611096925
140.03322259136212,8.114173744014522
140.05315614617942,8.03033637905468
140.0730897009967,7.946902294901686
140.09302325581396,7.86437438197587
140.11295681063123,7.783284607713075
140.1328903654485,7.70419353669871
140.1528239202658,7.627689306358369
140.17275747508307,7.554385952879663
140.19269102990032,7.484920980566847
140.21262458471762,7.419952072855686
140.2325581395349,7.360152856813834
140.2524916943522,7.3062076570861185
140.27242524916943,7.25880521142418
140.2923588039867,7.218631368771046
140.312292358804,7.186360851572938
140.33222591362127,7.162648233937438
140.35215946843857,7.148118361713995
140.37209302325581,7.143356512732815
140.3920265780731,7.148898656921464
140.41196013289039,7.165222217864185
140.43189368770766,7.192737751454974
140.45182724252493,7.2317819379509185
140.4717607973422,7.282612229186162
140.49169435215947,7.345403405967987
140.51162790697677,7.420246189523517
140.531561461794,7.507147926838042
140.55149501661128,7.606035246281039
140.57142857142858,7.716758470163056
140.59136212624585,7.8390974854264055
140.61129568106315,7.972768719143782
140.6312292358804,8.117432843841467
140.65116279069767,8.272702846516408
140.67109634551497,8.438152128941441
140.69102990033224,8.613322357961248
140.7109634551495,8.797730845058034
140.73089700996678,8.99087729733497
140.75083056478405,9.192249841531554
140.77076411960135,9.401330274849396
140.79069767441862,9.61759853908369
140.81063122923587,9.840536447162254
140.83056478405317,10.069630714124052
140.85049833887044,10.304375358960801
140.87043189368774,10.544273551088759
140.89036544850498,10.788838977097905
140.91029900332225,11.037596801335706
140.93023255813955,11.29008428912366
140.95016611295682,11.545851155039573
140.9700996677741,11.804459691550681
140.99003322259136,12.065484725950657
141.00996677740864,12.328513446451106
141.02990033222594,12.593145131668324
141.0498338870432,12.858990811773808
141.06976744186048,13.12567288430824
141.08970099667775,13.392824703096828
141.10963455149502,13.660090154818784
141.12956810631232,13.927123234520138
141.14950166112956,14.193587628651994
141.16943521594686,14.459156311996967
141.18936877076413,14.723511163046522
141.2093023255814,14.986342600948044
141.22923588039868,15.247349245995615
141.24916943521595,15.506237604740852
141.26910299003322,15.76272178010646
141.28903654485052,16.01652320635729
141.3089700996678,16.267370408389386
141.32890365448506,16.514998784511132
141.34883720930233,16.75915041168902
141.3687707641196,16.999573872095663
141.3887043189369,17.236024099716587
141.40863787375415,17.4682622457294
141.42857142857144,17.696055561358676
141.44850498338872,17.91917729692151
141.468438538206,18.137406615807148
141.48837209302326,18.350528522175118
141.50830564784053,18.558333801205205
141.5282392026578,18.760618970786634
141.5481727574751,18.957186243591078
141.56810631229237,19.147843498532836
141.58803986710964,19.332404260677738
141.6079734219269,19.510687688720203
141.62790697674419,19.682518569203594
141.64784053156149,19.847727316713087
141.66777408637873,20.006149979321766
141.68770764119603,20.157628248619325
141.7076411960133,20.30200947369956
141.72757475083057,20.439146678525677
141.74750830564784,20.56889858213429
141.7674418604651,20.6911296211766
141.7873754152824,20.80570997433171
141.80730897009968,20.912515588160467
141.82724252491695,21.011428203999593
141.84717607973423,21.102335385525357
141.8671096345515,21.18513054664338
141.8870431893688,21.25971297938667
141.90697674418607,21.32598788152837
141.9269102990033,21.383866383637564
141.9468438538206,21.433265575328296
141.96677740863788,21.474108530470843
141.98671096345515,21.50632433115407
142.00664451827242,21.529848090204148
142.0265780730897,21.544620972082544
142.046511627907,21.55059021200143
142.06644518272427,21.547709133110214
142.08637873754154,21.535937161620996
142.1063122923588,21.515239839755147
142.12624584717608,21.485588836406254
142.14617940199338,21.446961955428318
142.16611295681065,21.399343141470432
142.1860465116279,21.342722483292487
142.2059800664452,21.277096214508386
142.22591362126246,21.2024667117167
142.24584717607974,21.118842489990644
142.26578073089703,21.02623819571303
142.28571428571428,20.924674596754713
142.30564784053158,20.81417857000909
142.32558139534885,20.69478308631018
142.34551495016612,20.566527192776327
142.3654485049834,20.42945599263906
142.38538205980066,20.283620622633403
142.40531561461796,20.12907822804595
142.42524916943523,19.965891935537574
142.44518272425248,19.79413082388111
142.46511627906978,19.61386989278059
142.48504983388705,19.42519002996721
142.50498338870435,19.228177976800676
142.52491694352162,19.02292629264144
142.54485049833886,18.809533318302766
142.56478405315616,18.588103138940244
142.58471760797343,18.358745546793735
142.60465116279073,18.121576004263073
142.62458471760797,17.87671560787602
142.64451827242524,17.62429105379865
142.66445182724254,17.364434605645222
142.68438538205982,17.097284065472593
142.7043189368771,16.822982748995795
142.72425249169436,16.54167946624328
142.74418604651163,16.253528509088525
142.76411960132893,15.958689647358602
142.7840531561462,15.657328135539744
142.80398671096344,15.349614732489904
142.82392026578074,15.035725737044913
142.843853820598,14.715843042991468
142.8637873754153,14.390154217605653
142.88372093023256,14.058852608856323
142.90365448504983,13.722137487498397
142.92358803986713,13.380214231694644
142.9435215946844,13.033294563590108
142.96345514950167,12.681596849532113
142.98338870431894,12.325346478530042
143.0033222591362,11.96477633728171
143.0232558139535,11.60012740493007
143.04318936877078,11.23164949702361
143.06312292358803,10.859602196448101
143.08305647840533,10.48425602008216
143.1029900332226,10.105893884597464
143.1229235880399,9.724812954574185
143.14285714285714,9.341326982929903
143.1627906976744,8.955769290433837
143.1827242524917,8.568496581964054
143.20265780730898,8.179893868264813
143.22259136212625,7.790380862293856
143.24252491694352,7.400420362253816
143.2624584717608,7.01052933924108
143.2823920265781,6.6212937465134045
143.30232558139537,6.233388505536842
143.32225913621264,5.847604770051408
143.3421926910299,5.4648875249418
143.36212624584718,5.086387985684152
143.38205980066448,4.713537312724761
143.40199335548172,4.348151029413533
143.42192691029902,3.9925772406605464
143.4418604651163,3.649905562306707
143.46179401993356,3.3242545741372815
143.48172757475083,3.0211445759996294
143.5016611295681,2.7479172473658138
143.52159468438538,2.514042520815554
143.54152823920268,2.3309176604138635
143.56146179401995,2.210516598150178
143.58139534883722,2.1624808025836844
143.6013289036545,2.1905622759129573
143.62126245847176,2.2908419809427074
143.64119601328906,2.4532958020317226
143.6611295681063,2.6653605128012714
143.6810631229236,2.915000211362816
143.70099667774087,3.192188180424472
143.72093023255815,3.4891557648830793
143.74086378737542,3.800078671382189
143.7607973421927,4.120631423154885
143.78073089700996,4.44758830080362
143.80066445182726,4.77851508863991
143.82059800664453,5.111545234559901
143.8405315614618,5.445221382331516
143.86046511627907,5.778384017034211
143.88039867109634,6.110093063171813
143.90033222591364,6.439572297893994
143.9202657807309,6.766169561585167
143.9401993355482,7.089327967988127
143.96013289036546,7.408564839050326
143.98006644518273,7.723456119685322
144.00000000000003,8.033624722077743
144.01993355481727,8.338731718792724
144.03986710963457,8.638469623634508
144.05980066445184,8.932557218660977
144.0797342192691,9.220735537858273
144.09966777408638,9.502764724447145
144.11960132890366,9.778421554077278
144.13953488372096,10.047497469936996
144.15946843853823,10.309797014592126
144.17940199335547,10.56513657161193
144.19933554817277,10.813343350799578
144.21926910299004,11.054254566237454
144.2392026578073,11.287716767869876
144.2591362126246,11.513585296024837
144.27906976744185,11.731723834872431
144.29900332225915,11.942004045866655
144.31893687707642,12.14430526611075
144.3388704318937,12.338514259609424
144.35880398671097,12.524525011733433
144.37873754152824,12.702238559080374
144.39867109634554,12.871562848385786
144.4186046511628,13.0324126193095
144.43853820598005,13.184709306859215
144.45847176079735,13.328380959968223
144.47840531561462,13.463362173355476
144.4983388704319,13.589594030293982
144.5182724252492,13.707024054321327
144.53820598006644,13.81560616826212
144.55813953488374,13.9153006592106
144.578073089701,14.006074148354289
144.59800664451828,14.087899564714663
144.61794019933555,14.160756122046484
144.63787375415282,14.224629298278764
144.65780730897012,14.279510817002345
144.6777408637874,14.325398630615599
144.69767441860463,14.362296904834064
144.71760797342193,14.390216004354162
144.7375415282392,14.409172479538425
144.7574750830565,14.419189054061329
144.77740863787378,14.420294613522346
144.79734219269102,14.412524195098968
144.81727574750832,14.395918978376846
144.8372093023256,14.37052627755969
144.8571428571429,14.336399535328766
144.87707641196013,14.293598318692126
144.8970099667774,14.242188317238892
144.9169435215947,14.182241344294662
144.93687707641197,14.11383534156328
144.95681063122925,14.037054387938273
144.97674418604652,13.951988713277453
144.9966777408638,13.858734718057942
145.0166112956811,13.757394999969717
145.03654485049836,13.64807838866639
145.0564784053156,13.530899990076074
145.0764119601329,13.405981241887837
145.09634551495017,13.273449982074915
145.11627906976747,13.133440532601332
145.13621262458472,12.986093800791181
145.156146179402,12.831557401228357
145.1760797342193,12.669985801509917
145.19601328903656,12.50154049571119
145.21594684385383,12.326390210050704
145.2358803986711,12.144711145986793
145.25581395348837,11.956687266857557
145.27574750830567,11.76251063521889
145.29568106312294,11.56238180927441
145.31561461794018,11.35651030826518
145.33554817275748,11.145115158444124
145.35548172757476,10.928425533356098
145.37541528239205,10.70668150464868
145.3953488372093,10.480134922630468
145.41528239202657,10.249050449369555
145.43521594684387,10.013706771395483
145.45514950166114,9.774398024160305
145.4750830564784,9.53143546647159
145.49501661129568,9.285149450283672
145.51495016611295,9.03589173967628
145.53488372093025,8.78403824269471
145.55481727574752,8.529992231051091
145.5747508305648,8.274188135456116
145.59468438538207,8.017096018312925
145.61461794019934,7.75922684003386
145.63455149501664,7.501138649076447
145.65448504983388,7.243443836649772
145.67441860465118,6.986817600999883
145.69435215946845,6.73200775681362
145.71428571428572,6.479845992404177
145.73421926910302,6.231260605376212
145.75415282392026,5.987290613472418
145.77408637873754,5.749100909105956
145.79401993355484,5.517997761607216
145.8139534883721,5.295443421326964
145.83388704318938,5.083067799001476
145.85382059800665,4.882674165876272
145.87375415282392,4.696234606080484
145.89368770764122,4.525869766266293
145.91362126245846,4.373806743083012
145.93355481727576,4.242309469505504
145.95348837209303,4.133578631737774
145.9734219269103,4.049623676027724
145.9933554817276,3.992117606807938
146.01328903654485,3.9622540932289345
146.03322259136212,3.9606322354327226
146.05315614617942,3.987193277097939
146.0730897009967,4.04122401073896
146.09302325581396,4.1214262678895786
146.11295681063123,4.226036748358851
146.1328903654485,4.352972431538228
146.1528239202658,4.4999763208545565
146.17275747508305,4.664744493945291
146.19269102990035,4.8450243723084325
146.21262458471762,5.038682190575705
146.2325581395349,5.243743006450248
146.2524916943522,5.458409094111545
146.27242524916943,5.681062956966913
146.29235880398673,5.910260413302186
146.312292358804,6.1447179836714785
146.33222591362127,6.383297582215628
146.35215946843854,6.624990487368971
146.37209302325581,6.868901793860743
146.39202657807311,7.114236006796569
146.41196013289039,7.360284082346396
146.43189368770763,7.606411998234488
146.45182724252493,7.852050808617996
146.4717607973422,8.096688070041928
146.49169435215947,8.339860495279575
146.51162790697677,8.581147684674097
146.531561461794,8.820166790118922
146.5514950166113,9.056567978788534
146.57142857142858,9.290030578365794
146.59136212624585,9.520259800610672
146.61129568106313,9.746983954485177
146.6312292358804,9.969952073110429
146.6511627906977,10.188931890367357
146.67109634551497,10.403708112948506
146.6910299003322,10.614080942221204
146.7109634551495,10.81986480751591
146.73089700996678,11.020887278568864
146.75083056478405,11.216988129984063
146.77076411960135,11.408018534881666
146.7906976744186,11.593840368499752
146.8106312292359,11.774325605525386
146.83056478405317,11.94935579744841
146.85049833887044,12.118821618336957
146.8704318936877,12.282622469198095
146.89036544850498,12.440666132566044
146.91029900332228,12.592868470203621
146.93023255813955,12.73915315784747
146.9501661129568,12.879451451809452
146.9700996677741,13.013701982990417
146.99003322259136,13.141850574492702
147.00996677740866,13.263850079551185
147.02990033222594,13.379660236956903
147.04983388704318,13.489247541533066
147.06976744186048,13.592585127552905
147.08970099667775,13.689652663270396
147.10963455149505,13.78043625497588
147.1295681063123,13.864928359195575
147.14950166112956,13.943127701831449
147.16943521594686,14.015039203190973
147.18936877076413,14.080673907987748
147.2093023255814,14.140048919507606
147.22923588039868,14.193187337232448
147.24916943521595,14.240118197298447
147.26910299003325,14.280876415237978
147.28903654485052,14.315502730516602
147.30897009966776,14.344043652430264
147.32890365448506,14.366551406972953
147.34883720930233,14.38308388432353
147.36877076411963,14.39370458663271
147.38870431893687,14.398482575817026
147.40863787375415,14.397492421088034
147.42857142857144,14.390814145960757
147.44850498338872,14.37853317449721
147.468438538206,14.360740276547457
147.48837209302326,14.337531511754065
147.50830564784053,14.30900817208396
147.52823920265783,14.27527672264659
147.5481727574751,14.236448740547731
147.56810631229234,14.192640851514184
147.58803986710964,14.143974664007239
147.6079734219269,14.09057670051965
147.6279069767442,14.03257832572484
147.64784053156146,13.970115671114689
147.66777408637873,13.903329555726653
147.68770764119603,13.832365402519173
147.7076411960133,13.757373149908071
147.7275747508306,13.678507157925091
147.74750830564784,13.59592610840259
147.7674418604651,13.509792898526104
147.7873754152824,13.420274527029191
147.80730897009968,13.327541972231915
147.82724252491695,13.231770061047177
147.84717607973423,13.13313732799713
147.8671096345515,13.031825863196596
147.8870431893688,12.928021148172155
147.90697674418604,12.821911878295863
147.92691029900334,12.713689770523038
147.9468438538206,12.603549355035925
147.96677740863788,12.491687749311552
147.98671096345518,12.378304413056634
148.00664451827242,12.263600882386683
148.0265780730897,12.147780481576444
148.046511627907,12.03104801067761
148.06644518272427,11.913609407293402
148.08637873754154,11.795671380823991
148.1063122923588,11.67744101755776
148.12624584717608,11.559125355088645
148.14617940199338,11.440930924695843
148.16611295681062,11.323063260536772
148.18604651162792,11.205726374784518
148.2059800664452,11.089122198193355
148.22591362126246,10.973449986006791
148.24584717607976,10.858905689635774
148.265780730897,10.745681295133068
148.28571428571428,10.63396413017295
148.30564784053158,10.523936142010337
148.32558139534885,10.415773149733031
148.34551495016612,10.309644075023147
148.3654485049834,10.205710156593327
148.38538205980066,10.104124154438178
148.40531561461796,10.005029551014998
148.4252491694352,9.908559757409234
148.4451827242525,9.814837333413186
148.46511627906978,9.723973231213215
148.48504983388705,9.63606607299946
148.50498338870435,9.551201473244646
148.5249169435216,9.469451416604334
148.5448504983389,9.390873702339547
148.56478405315616,9.315511465826205
148.58471760797343,9.243392787079271
148.6046511627907,9.174530395277106
148.62458471760797,9.108921477033416
148.64451827242527,9.046547594651186
148.66445182724254,8.987374718842462
148.6843853820598,8.931353378458917
148.7043189368771,8.878418927710312
148.72425249169436,8.82849192921958
148.74418604651163,8.781478649147372
148.76411960132893,8.737271658587447
148.78405315614617,8.69575053355864
148.80398671096347,8.656782644260577
148.82392026578074,8.620224022871918
148.843853820598,8.585920298089688
148.86378737541528,8.55370768386197
148.88372093023256,8.52341400936137
148.90365448504986,8.49485977717877
148.92358803986713,8.467859236965888
148.94352159468437,8.442221462290474
148.96345514950167,8.417751419249946
148.98338870431894,8.394251016371877
149.0033222591362,8.371520126464137
149.0232558139535,8.349357572314233
149.04318936877075,8.32756206942861
149.06312292358805,8.305933120305355
149.08305647840533,8.284271856008973
149.1029900332226,8.262381822031763
149.12292358803987,8.24006970655804
149.14285714285714,8.217146010275473
149.16279069767444,8.193425657791085
149.1827242524917,8.168728551500385
149.20265780730898,8.14288006942668
149.22259136212625,8.11571150909551
149.24252491694352,8.08706047994343
149.26245847176082,8.05677124708908
149.2823920265781,8.024695029528411
149.30232558139534,7.990690255965651
149.32225913621264,7.954622781569831
149.3421926910299,7.916366068963664
149.3621262458472,7.875801336719756
149.38205980066445,7.832817678568074
149.40199335548172,7.7873121564183885
149.42192691029902,7.739189870180325
149.4418604651163,7.688364007230118
149.46179401993356,7.6347558742327415
149.48172757475083,7.578294913888064
149.5016611295681,7.518918709033725
149.5215946843854,7.456572976410906
149.54152823920268,7.3912115522854
149.56146179401992,7.322796372018495
149.58139534883722,7.251297445603767
149.6013289036545,7.17669283112899
149.6212624584718,7.098968608090144
149.64119601328903,7.018118852479826
149.6611295681063,6.934145615597628
149.6810631229236,6.847058908589585
149.70099667774087,6.756876694820342
149.72093023255815,6.663624892320967
149.74086378737542,6.567337388741855
149.7607973421927,6.468056071481315
149.78073089701,6.365830875963338
149.80066445182726,6.260719855412949
149.8205980066445,6.1527892759355165
149.8405315614618,6.042113741261064
149.86046511627907,5.928776352182724
149.88039867109637,5.81286890651899
149.90033222591362,5.694492146385258
149.9202657807309,5.5737560606979075
149.9401993355482,5.450780252183691
149.96013289036546,5.3256943797632355
149.98006644518276,5.198638689056521
150.0,5.069764645958765
150.01993355481727,4.9392356907949075
150.03986710963457,4.807228133508365
150.05980066445184,4.673932213688954
150.0797342192691,4.539553352975888
150.09966777408638,4.404313631409196
150.11960132890366,4.268453523473706
150.13953488372096,4.132233933556568
150.1594684385382,3.995938573745979
150.1794019933555,3.8598767283780813
150.19933554817277,3.7243864479541555
150.21926910299004,3.5898382076112365
150.23920265780734,3.4566390486216862
150.25913621262458,3.3252371901184086
150.27906976744185,3.1961270448901367
150.29900332225915,3.0698544875418814
150.31893687707642,2.9470220928263564
150.3388704318937,2.8282938722336697
150.35880398671097,2.7143987754247307
150.37873754152824,2.6061318861877725
150.39867109634554,2.5043518486785485
150.41860465116278,2.4099726691813523
150.43853820598008,2.3239477779502655
150.45847176079735,2.247244313632771
150.47840531561462,2.1808062835050124
150.49833887043192,2.1255068096254686
150.51827242524917,2.0820921487236443
150.53820598006644,2.051123200789726
150.55813953488374,2.0329228767699075
150.578073089701,2.027538709314541
150.59800664451828,2.034728456615901
150.61794019933555,2.053972174118817
150.63787375415282,2.0845086206198267
150.65780730897012,2.125388973345397
150.6777408637874,2.175538328198233
150.69767441860466,2.233815815814672
150.71760797342193,2.2990666067540566
150.7375415282392,2.370162292134464
150.7574750830565,2.446028980108086
150.77740863787375,2.5256643712445865
150.79734219269105,2.608146014259501
150.81727574750832,2.6926331347485575
150.8372093023256,2.778364181491858
150.85714285714286,2.86465180122463
150.87707641196013,2.9508764958284694
150.89700996677743,3.036479817604959
150.9169435215947,3.120957646711095
150.93687707641197,3.2038538685957323
150.95681063122925,3.2847546144092785
150.97674418604652,3.363283126879555
150.9966777408638,3.439095252576961
151.0166112956811,3.511875526440744
151.03654485049833,3.581333796713563
151.05647840531563,3.647202331561896
151.0764119601329,3.709233348265041
151.09634551495017,3.767196909068564
151.11627906976744,3.8208791328048033
151.13621262458472,3.8700806770719676
151.15614617940201,3.9146154514881784
151.1760797342193,3.9543095279434666
151.19601328903656,3.9890002186903053
151.21594684385383,4.018535297482816
151.2358803986711,4.042772342797979
151.25581395348837,4.0615781854883695
151.27574750830567,4.074828446078845
151.2956810631229,4.082407149390621
151.3156146179402,4.084206406318087
151.33554817275748,4.080126154456166
151.35548172757476,4.070073950938109
151.37541528239203,4.053964812351264
151.3953488372093,4.031721098008078
151.4152823920266,4.003272434221025
151.43521594684387,3.9685556786270206
151.45514950166114,3.92751492510671
151.4750830564784,3.880101551539517
151.49501661129568,3.8262743146502367
151.51495016611298,3.765999498700253
151.53488372093025,3.6992511279879245
151.5548172757475,3.626011257374229
151.5747508305648,3.546270360820683
151.59468438538207,3.4600278459255405
151.61461794019937,3.3672927337449097
151.6345514950166,3.268084559438293
151.65448504983388,3.162434573070149
151.67441860465118,3.050387355359
151.69435215946845,2.932003017023673
151.71428571428572,2.807360233832254
151.734219269103,2.676560501602898
151.75415282392026,2.5397342095932727
151.77408637873756,2.3970494868426715
151.79401993355484,2.24872538483777
151.81395348837208,2.095052032614517
151.83388704318938,1.9364223535929759
151.85382059800665,1.7733836163978116
151.87375415282395,1.6067242930093293
151.8936877076412,1.4376262772824955
151.91362126245846,1.2679428369788301
151.93355481727576,1.1007257672957493
151.95348837209303,0.9412460370463949
151.9734219269103,0.7988961282753971
151.99335548172758,0.6899707348804198
152.01328903654485,0.6380129141376061
152.03322259136215,0.6625038148592437
152.05315614617942,0.7611139967886174
152.07308970099666,0.9142639117948059
152.09302325581396,1.1028574215190374
152.11295681063123,1.3145771832601525
152.13289036544853,1.5423427115634991
152.15282392026577,1.782076501817263
152.17275747508305,2.0313263620360336
152.19269102990035,2.2885328354922825
152.21262458471762,2.552644816432355
152.23255813953492,2.822912392175805
152.25249169435216,3.0987708724566225
152.27242524916943,3.379773269481598
152.29235880398673,3.6655495094531347
152.312292358804,3.9557809550140925
152.33222591362127,4.2501840108106235
152.35215946843854,4.548499293880721
152.37209302325581,4.850484314497103
152.39202657807311,5.155908430885676
152.41196013289039,5.4645493125518705
152.43189368770766,5.776190426498981
152.45182724252493,6.09061923087223
152.4717607973422,6.407625866784116
152.4916943521595,6.72700220683681
152.51162790697674,7.048541162970784
152.531561461794,7.372036185529586
152.5514950166113,7.697280905177447
152.57142857142858,8.024068882845773
152.59136212624585,8.352193442305454
152.61129568106313,8.681447566607742
152.6312292358804,9.011623844383795
152.6511627906977,9.342514455425233
152.67109634551497,9.673911187476152
152.69102990033224,10.005605478019802
152.7109634551495,10.337388476224312
152.73089700996678,10.669051121251357
152.75083056478408,11.000384233920363
152.77076411960132,11.331178619324422
152.7906976744186,11.661225178459416
152.8106312292359,11.99031502728904
152.83056478405317,12.318239621950909
152.85049833887044,12.64479088903117
152.8704318936877,12.969761360011363
152.89036544850498,13.292944309130998
152.91029900332228,13.61413389402263
152.93023255813955,13.933125298565567
152.95016611295682,14.249714877478992
152.9700996677741,14.563700302234443
152.99003322259136,14.87488070791675
153.00996677740866,15.183056840703097
153.0299003322259,15.48803120566313
153.0498338870432,15.789608214611317
153.06976744186048,16.087594333765903
153.08970099667775,16.381798230988625
153.10963455149502,16.672030922396377
153.1295681063123,16.958105918150217
153.1495016611296,17.239839367239735
153.16943521594686,17.517050201091354
153.18936877076413,17.7895602758391
153.2093023255814,18.057194513104395
153.22923588039868,18.319781039139297
153.24916943521595,18.57715132219422
153.26910299003325,18.82914030797777
153.2890365448505,19.07558655308174
153.3089700996678,19.31633235624997
153.32890365448506,19.55122388737495
153.34883720930233,19.780111314110695
153.3687707641196,20.002848925995206
153.38870431893687,20.219295255980622
153.40863787375417,20.429313199273192
153.42857142857144,20.632770129389932
153.44850498338872,20.829538011343047
153.468438538206,21.019493511867573
153.48837209302326,21.202518106612
153.50830564784053,21.378498184216056
153.52823920265783,21.547325147204162
153.54817275747507,21.708895509627727
153.56810631229237,21.863110991393608
153.58803986710964,22.009878609221122
153.6079734219269,22.149110764174512
153.62790697674419,22.28072532572217
153.64784053156146,22.40464571227964
153.66777408637876,22.520800968197623
153.68770764119603,22.62912583716191
153.7076411960133,22.72956083197695
153.72757475083057,22.82205230071073
153.74750830564784,22.906552489183472
153.76744186046514,22.983019599788978
153.7873754152824,23.051417846642828
153.80730897009965,23.11171750705784
153.82724252491695,23.163894969353333
153.84717607973423,23.207932777010786
153.86710963455153,23.243819669195567
153.88704318936877,23.27155061767025
153.90697674418604,23.291126860132657
153.92691029900334,23.30255593001818
153.9468438538206,23.30585168281368
153.96677740863788,23.301034318937216
153.98671096345515,23.288130403245813
154.00664451827242,23.267172881240867
154.02657807308972,23.238201092049472
154.046511627907,23.20126077826713
154.06644518272424,23.156404092756684
154.08637873754154,23.103689602506055
154.1063122923588,23.04318228965651
154.1262458471761,22.974953549821745
154.14617940199338,22.899081187827143
154.16611295681062,22.815649411007534
154.18604651162792,22.7247488202108
154.2059800664452,22.626476398663723
154.22591362126246,22.520935498865484
154.24584717607974,22.408235827682965
154.265780730897,22.288493429830716
154.2857142857143,22.161830669926317
154.30564784053158,22.028376213320204
154.32558139534882,21.888265005905286
154.34551495016612,21.7416382531186
154.3654485049834,21.58864339835178
154.3853820598007,21.42943410099114
154.40531561461796,21.264170214309974
154.4252491694352,21.093017763435505
154.4451827242525,20.91614892361019
154.46511627906978,20.733741998961136
154.48504983388708,20.5459814019816
154.50498338870432,20.35305763391425
154.5249169435216,20.155167266206053
154.5448504983389,19.952512923178404
154.56478405315616,19.745303266022127
154.58471760797343,19.533752978183777
154.6046511627907,19.31808275215632
154.62458471760797,19.09851927762053
154.64451827242527,18.875295230803143
154.66445182724254,18.648649264820047
154.68438538205982,18.418826000655308
154.7043189368771,18.18607601828772
154.72425249169436,17.95065584731061
154.74418604651166,17.71282795619624
154.7641196013289,17.472860739128183
154.78405315614617,17.23102849905946
154.80398671096347,16.98761142534758
154.82392026578074,16.742895563964225
154.843853820598,16.497172777873637
154.86378737541528,16.250740694715393
154.88372093023256,16.00390263841063
154.90365448504986,15.756967540732933
154.92358803986713,15.510249828245557
154.9435215946844,15.264069279304948
154.96345514950167,15.018750845071384
154.98338870431894,14.774624427657228
155.00332225913624,14.532024607694238
155.02325581395348,14.291290312731162
155.04318936877075,14.052764417006838
155.06312292358805,13.816793262316354
155.08305647840533,13.583726088942228
155.1029900332226,13.353914365015001
155.12292358803987,13.12771100226632
155.14285714285714,12.905469446022849
155.16279069767444,12.687542627554778
155.1827242524917,12.474281767642072
155.20265780730898,12.266035021565115
155.22259136212625,12.063145957777037
155.24252491694352,11.865951865378461
155.26245847176082,11.674781889280236
155.28239202657807,11.489954996665695
155.30232558139537,11.31177778406358
155.32225913621264,11.14054214096833
155.3421926910299,10.976522793369275
155.36212624584718,10.8199747585565
155.38205980066445,10.671130750841723
155.40199335548175,10.530198585949098
155.42192691029902,10.397358639288173
155.4418604651163,10.272761419548347
155.46179401993356,10.15652532345427
155.48172757475083,10.048734639524254
155.5016611295681,9.949437867792195
155.5215946843854,9.85864641835126
155.54152823920265,9.776333744123022
155.56146179401995,9.702434952566819
155.58139534883722,9.636846927506685
155.6013289036545,9.579428976511418
155.62126245847176,9.530004002177632
155.64119601328903,9.48836017824179
155.66112956810633,9.454253094744981
155.6810631229236,9.427408321507054
155.70099667774087,9.407524326802855
155.72093023255815,9.39427567902255
155.74086378737542,9.38731645361306
155.7607973421927,9.386283765824752
155.78073089701,9.390801351534792
155.80066445182723,9.400483123263534
155.82059800664453,9.414936635851209
155.8405315614618,9.433766405429518
155.86046511627907,9.456577035591081
155.88039867109637,9.482976115349361
155.90033222591362,9.512576863996323
155.92026578073092,9.545000507821747
155.9401993355482,9.57987838250239
155.96013289036546,9.616853762573637
155.98006644518273,9.655583425649848
156.0,9.695738963949081
156.0199335548173,9.737007859266399
156.03986710963457,9.779094339943963
156.0598006644518,9.821720039755967
156.0797342192691,9.864624479127695
156.09966777408638,9.907565388908596
156.11960132890368,9.95031889617816
156.13953488372096,9.992679590425729
156.1594684385382,10.034460487036457
156.1794019933555,10.075492903441157
156.19933554817277,10.115626261633702
156.21926910299004,10.15472782909227
156.2392026578073,10.192682408511246
156.25913621262458,10.22939198519451
156.27906976744188,10.26477533950292
156.29900332225915,10.298767630403859
156.3189368770764,10.331319954946677
156.3388704318937,10.36239888738658
156.35880398671097,10.391986000699923
156.37873754152827,10.420077372371782
156.39867109634554,10.446683075586122
156.41860465116278,10.471826656304552
156.43853820598008,10.495544596174305
156.45847176079735,10.51788576075468
156.47840531561462,10.53891083218775
156.4983388704319,10.558691725160125
156.51827242524917,10.577310984803713
156.53820598006646,10.594861165062452
156.55813953488374,10.611444186007672
156.57807308970098,10.627170668614687
156.59800664451828,10.642159245618105
156.61794019933555,10.656535847241853
156.63787375415285,10.670432960851603
156.65780730897012,10.683988863901494
156.67774086378736,10.697346829941722
156.69767441860466,10.710654307915961
156.71760797342193,10.7240620755035
156.73754152823923,10.737723367844405
156.75747508305648,10.75179298361855
156.77740863787375,10.766426371121273
156.79734219269105,10.781778697676357
156.81727574750832,10.798003906436405
156.8372093023256,10.815253765324119
156.85714285714286,10.833676913546027
156.87707641196013,10.853417911742493
156.89700996677743,10.874616302402579
156.9169435215947,10.897405687647726
156.93687707641197,10.921912831853591
156.95681063122925,10.948256796815215
156.97674418604652,10.976548117250806
156.99667774086382,11.006888024370452
157.01661129568106,11.039367725000869
157.03654485049833,11.074067743351447
157.05647840531563,11.11105733193493
157.0764119601329,11.150393957425708
157.09634551495017,11.192122866365578
157.11627906976744,11.236276734631101
157.13621262458472,11.282875403483917
157.15614617940201,11.331925703864309
157.1760797342193,11.383421369391073
157.19601328903656,11.43734303733012
157.21594684385383,11.493658335623007
157.2358803986711,11.552322052955699
157.2558139534884,11.61327638782598
157.27574750830564,11.676451271658314
157.2956810631229,11.741764760238292
157.3156146179402,11.80912348710679
157.33554817275748,11.87842317207735
157.35548172757476,11.949549177719117
157.37541528239203,12.02237710648062
157.3953488372093,12.096773431108987
157.4152823920266,12.172596151132549
157.43521594684387,12.249695468408541
157.45514950166114,12.327914475074055
157.4750830564784,12.407089847659545
157.49501661129568,12.487052541611215
157.51495016611298,12.567628481003247
157.53488372093022,12.648639238784742
157.55481727574752,12.729902703484433
157.5747508305648,12.81123372887306
157.59468438538207,12.892444763647337
157.61461794019937,12.973346458739872
157.6345514950166,13.05374825036827
157.6544850498339,13.133458917408406
157.67441860465118,13.212287112106043
157.69435215946845,13.290041863526959
157.71428571428572,13.36653305348608
157.734219269103,13.441571864991833
157.75415282392026,13.514971203494477
157.77408637873756,13.586546091438258
157.7940199335548,13.656114036789868
157.8139534883721,13.723495376353242
157.83388704318938,13.788513594785732
157.85382059800665,13.850995620307923
157.87375415282395,13.910772098150675
157.8936877076412,13.967677642813587
157.9136212624585,14.021551070220182
157.93355481727576,14.072235610851571
157.95348837209303,14.119579104923325
157.9734219269103,14.16343418064364
157.99335548172758,14.203658416555514
158.01328903654485,14.240114488924716
158.03322259136215,14.272670305089472
158.0531561461794,14.301199123639515
158.0730897009967,14.325579662241573
158.09302325581396,14.34569619387758
158.11295681063123,14.361438632211032
158.13289036544853,14.372702606746753
158.15282392026577,14.379389528401232
158.17275747508307,14.381406646053282
158.19269102990035,14.378667094600845
158.21262458471762,14.37108993500697
158.2325581395349,14.358600186778576
158.25249169435216,14.341128853284356
158.27242524916946,14.318612940283568
158.29235880398673,14.290995468005756
158.31229235880397,14.258225477091777
158.33222591362127,14.220258028680188
158.35215946843854,14.177054198897922
158.37209302325584,14.128581067992899
158.39202657807311,14.074811704325617
158.41196013289036,14.015725143419484
158.43189368770766,13.951306362253684
158.45182724252493,13.881546248968355
158.4717607973422,13.806441568139999
158.49169435215947,13.725994921774205
158.51162790697674,13.64021470615421
158.53156146179404,13.549115064676121
158.5514950166113,13.452715836795711
158.57142857142856,13.351042503207054
158.59136212624585,13.244126127369642
158.61129568106313,13.132003293498816
158.63122923588043,13.014716041132932
158.6511627906977,12.892311796391294
158.67109634551494,12.764843300038054
158.69102990033224,12.632368532470228
158.7109634551495,12.494950635751499
158.73089700996678,12.35265783281937
158.75083056478405,12.205563343999348
158.77076411960132,12.053745300968847
158.79069767441862,11.897286658323164
158.8106312292359,11.73627510290836
158.83056478405314,11.570802961100302
158.85049833887044,11.400967104226297
158.8704318936877,11.226868852346254
158.890365448505,11.048613876634052
158.91029900332228,10.866312100628747
158.93023255813952,10.680077600658592
158.95016611295682,10.490028505781346
158.9700996677741,10.296286897632045
158.9900332225914,10.098978710627025
159.00996677740864,9.898233633041318
159.0299003322259,9.69418500956032
159.0498338870432,9.486969746006485
159.06976744186048,9.276728217064539
159.08970099667778,9.063604177978123
159.10963455149502,8.84774468137385
159.1295681063123,8.629300000595768
159.1495016611296,8.408423561213146
159.16943521594686,8.185271882714906
159.18936877076413,7.960004532842111
159.2093023255814,7.732784097562809
159.22923588039868,7.503776170394332
159.24916943521598,7.273149365672401
159.26910299003322,7.041075361515027
159.2890365448505,6.807728979714159
159.3089700996678,6.573288311722551
159.32890365448506,6.337934902441292
159.34883720930236,6.101854006870891
159.3687707641196,5.86523493916623
159.38870431893687,5.628271539660765
159.40863787375417,5.3911627936071955
159.42857142857144,5.15411364660241
159.44850498338872,4.917336077211956
159.468438538206,4.681050509085987
159.48837209302326,4.445487675712124
159.50830564784056,4.210891095188778
159.5282392026578,3.9775203766304674
159.54817275747507,3.7456556742815827
159.56810631229237,3.5156037462084977
159.58803986710964,3.287706287103872
159.60797342192694,3.062351530167234
159.62790697674419,2.8399906170050273
159.64784053156146,2.6211610225223554
159.66777408637876,2.4065205600807285
159.68770764119603,2.196897430063041
159.7076411960133,1.993364740201572
159.72757475083057,1.7973521835003874
159.74750830564784,1.610812665343012
159.76744186046514,1.4364642276198734
159.78737541528238,1.2781147411155904
159.80730897009968,1.1410116955766332
159.82724252491695,1.0319697551833769
159.84717607973423,0.9586908735261302
159.86710963455153,0.927609791954833
159.88704318936877,0.9407909775045891
159.90697674418607,0.9944026340864461
159.92691029900334,1.0804825278465382
159.9468438538206,1.1901799444588843
159.96677740863788,1.3159107566153585
159.98671096345515,1.451953655110113
160.00664451827242,1.59422723020817
160.02657807308972,1.7398672143315406
160.04651162790697,1.8868544115729151
160.06644518272427,2.0337440879135396
160.08637873754154,2.179482381506417
160.1063122923588,2.323284598247173
160.1262458471761,2.4645547021693583
160.14617940199335,2.602831637578748
160.16611295681065,2.737753094851653
160.18604651162792,2.869030704671253
160.2059800664452,2.9964328135989216
160.22591362126246,3.11977236323974
160.24584717607974,3.238898258962323
160.265780730897,3.3536891625748178
160.2857142857143,3.464048995407953
160.30564784053155,3.569903667158857
160.32558139534885,3.6711986967288293
160.34551495016612,3.7678974921191384
160.3654485049834,3.859980124744934
160.3853820598007,3.947442480380978
160.40531561461793,4.030295701475906
160.42524916943523,4.10856585838055
160.4451827242525,4.182293803163124
160.46511627906978,4.251535171143003
160.48504983388705,4.316360503417251
160.50498338870432,4.3768554693906045
160.52491694352162,4.433121172272604
160.5448504983389,4.4852745230943984
160.56478405315613,4.53344867031042
160.58471760797343,4.577793472678416
160.6046511627907,4.61847600298443
160.624584717608,4.6556810693828785
160.64451827242527,4.68961173971471
160.66445182724252,4.720489852193484
160.68438538205982,4.7485564933541635
160.7043189368771,4.774072421195469
160.72425249169436,4.7973184080896845
160.74418604651163,4.818595474394518
160.7641196013289,4.838224979938179
160.7840531561462,4.856548536880696
160.80398671096347,4.8739277041721
160.82392026578074,4.890743421300965
160.843853820598,4.907395137703172
160.86378737541528,4.924299594596683
160.88372093023258,4.941889218684081
160.90365448504986,4.960610092680107
160.9235880398671,4.980919476473869
160.9435215946844,5.003282865275865
160.96345514950167,5.028170587435976
160.98338870431894,5.056053964513754
161.0033222591362,5.087401078967242
161.02325581395348,5.12267221934713
161.04318936877078,5.162315097505604
161.06312292358805,5.206759955025373
161.08305647840533,5.2564146945945724
161.1029900332226,5.311660184181197
161.12292358803987,5.372845885719523
161.14285714285717,5.440285954386234
161.16279069767444,5.514255939097437
161.18272425249168,5.594990190327458
161.20265780730898,5.682680049492991
161.22259136212625,5.777472857559997
161.24252491694355,5.879471782325969
161.2624584717608,5.988736427218296
161.28239202657807,6.105284152323867
161.30232558139537,6.2290920129563165
161.32225913621264,6.360099203724364
161.34219269102994,6.498209887191671
161.36212624584718,6.643296285355717
161.38205980066445,6.795201918183457
161.40199335548175,6.953744884762124
161.42192691029902,7.118721097517047
161.4418604651163,7.289907396724414
161.46179401993356,7.4670644897273215
161.48172757475083,7.649939675674892
161.50166112956813,7.838269331417279
161.52159468438538,8.031781146900002
161.54152823920265,8.230196108792173
161.56146179401995,8.43323023915414
161.58139534883722,8.640596101861645
161.60132890365452,8.852004093509752
161.62126245847176,9.067163537922942
161.64119601328903,9.2857836045122
161.66112956810633,9.507574070839064
161.6810631229236,9.732245949139735
161.70099667774087,9.959511995450836
161.72093023255815,10.189087118550638
161.74086378737542,10.42068870432815
161.76079734219272,10.654036869528301
161.78073089700996,10.88885465717366
161.80066445182723,11.124868184387227
161.82059800664453,11.361806751870652
161.8405315614618,11.59940292294902
161.8604651162791,11.837392578885423
161.88039867109634,12.07551495609638
161.90033222591362,12.31351266995887
161.92026578073092,12.551131729082751
161.9401993355482,12.788121543218374
161.96013289036546,13.02423492736797
161.98006644518273,13.259228104158709
162.0,13.492860706104741
162.0199335548173,13.724895779025198
162.03986710963454,13.95509978758429
162.05980066445184,14.183242623671491
162.0797342192691,14.40909761813491
162.09966777408638,14.632441556214232
162.11960132890368,14.85305469688409
162.13953488372093,15.070720796209692
162.15946843853823,15.285227134729952
162.1794019933555,15.496364548815182
162.19933554817277,15.703927465893003
162.21926910299004,15.907713943396368
162.2392026578073,16.107525711257054
162.25913621262458,16.303168217746883
162.27906976744188,16.49445067845407
162.29900332225913,16.681186128173202
162.31893687707642,16.86319147548306
162.3388704318937,17.040287559785003
162.35880398671097,17.212299210577473
162.37873754152827,17.37905530874565
162.3986710963455,17.54038884965179
162.4186046511628,17.696137007819182
162.43853820598008,17.846141203010596
162.45847176079735,17.99024716751233
162.47840531561462,18.128305014443836
162.4983388704319,18.26016930692409
162.51827242524917,18.38569912793607
162.53820598006646,18.504758150742
162.55813953488374,18.61721470971306
162.578073089701,18.72294187144895
162.59800664451828,18.8218175060738
162.61794019933555,18.91372435860734
162.63787375415285,18.998550120321855
162.6578073089701,19.076187500007983
162.6777408637874,19.146534295084717
162.69767441860466,19.209493462502472
162.71760797342193,19.26497318940102
162.7375415282392,19.31288696349851
162.75747508305648,19.353153643202255
162.77740863787378,19.38569752744736
162.79734219269105,19.41044842528599
162.81727574750832,19.427341725267038
162.8372093023256,19.43631846466499
162.85714285714286,19.43732539863681
162.87707641196016,19.430315069407236
162.89700996677743,19.415245875607024
162.91694352159467,19.392082141913907
162.93687707641197,19.360794189175206
162.95681063122925,19.321358405221535
162.97674418604652,19.273757316616244
162.9966777408638,19.217979661623225
163.01661129568106,19.154020464718702
163.03654485049836,19.081881113019918
163.05647840531563,19.001569435057483
163.0764119601329,18.91309978237769
163.09634551495017,18.816493114528406
163.11627906976744,18.711777088058565
163.13621262458474,18.598986150246667
163.15614617940201,18.478161638371255
163.17607973421926,18.34935188544636
163.19601328903656,18.212612333470958
163.21594684385383,18.0680056553835
163.2358803986711,17.915601887076715
163.25581395348837,17.755478571013256
163.27574750830564,17.587720913197245
163.29568106312294,17.41242195550072
163.3156146179402,17.22968276562586
163.33554817275748,17.039612647307084
163.35548172757476,16.842329373729825
163.37541528239203,16.637959447572893
163.39534883720933,16.42663839157759
163.4152823920266,16.208511074120956
163.43521594684384,15.983732074934856
163.45514950166114,15.75246609688184
163.4750830564784,15.514888430590519
163.4950166112957,15.271185479786393
163.51495016611295,15.021555356352273
163.53488372093022,14.766208555540146
163.55481727574752,14.50536872336345
163.5747508305648,14.23927353005587
163.5946843853821,13.968175665625047
163.61461794019934,13.692343975992014
163.6345514950166,13.412064761025288
163.6544850498339,13.127643258983314
163.67441860465118,12.839405345492665
163.69435215946845,12.54769947921561
163.71428571428572,12.25289893077452
163.734219269103,11.955404336222491
163.7541528239203,11.655646621226454
163.77408637873754,11.354090346879566
163.7940199335548,11.051237532224043
163.8139534883721,10.747632011409555
163.83388704318938,10.443864383813311
163.85382059800668,10.140577611722174
163.87375415282392,9.838473309870299
163.8936877076412,9.538318750731369
163.9136212624585,9.240954574105144
163.93355481727576,8.947303132630479
163.95348837209303,8.658377317850873
163.9734219269103,8.375289583841688
163.99335548172758,8.099260705294167
164.01328903654488,7.8316275628084995
164.03322259136212,7.573848932464975
164.0531561461794,7.327507872621216
164.0730897009967,7.094308872454705
164.09302325581396,6.876067513362291
164.11295681063126,6.674690105919993
164.1328903654485,6.492140771940092
164.15282392026577,6.330393964067498
164.17275747508307,6.191371678385598
164.19269102990035,6.076866746535006
164.21262458471762,5.9884564821062956
164.2325581395349,5.92741412150647
164.25249169435216,5.8946280781606175
164.27242524916946,5.8905399791166
164.29235880398673,5.915110986918922
164.312292358804,5.967821970364291
164.33222591362127,6.0477075640114615
164.35215946843854,6.153418611597937
164.37209302325584,6.283303497855629
164.3920265780731,6.435497351938444
164.41196013289039,6.608009022139109
164.43189368770766,6.798798298123111
164.45182724252493,7.0058390460514675
164.4717607973422,7.227166845428794
164.49169435215947,7.4609118805121275
164.51162790697674,7.705319124855115
164.53156146179404,7.95875839109776
164.5514950166113,8.219726825698485
164.57142857142858,8.486846134453629
164.59136212624585,8.758856403033816
164.61129568106313,9.034607939795265
164.63122923588043,9.31305217649514
164.65116279069767,9.59323234093457
164.67109634551497,9.874274367114655
164.69102990033224,10.155378325494672
164.7109634551495,10.435810526551583
164.73089700996678,10.714896362870643
164.75083056478405,10.992013897680843
164.77076411960132,11.266588172339269
164.79069767441862,11.538086185038587
164.8106312292359,11.806012482985242
164.83056478405317,12.069905306901042
164.85049833887044,12.329333227442618
164.8704318936877,12.583892216303777
164.890365448505,12.833203099230449
164.91029900332225,13.076909343196139
164.93023255813955,13.31467513509703
164.95016611295682,13.546183714250732
164.9700996677741,13.77113592556966
164.99003322259136,13.989248964453507
165.00996677740864,14.200255288184138
165.02990033222594,14.403901671916268
165.0498338870432,14.59994839026471
165.06976744186048,14.78816850802686
165.08970099667775,14.968347265785406
165.10963455149502,15.140281548048343
165.12956810631232,15.303779423237179
165.1495016611296,15.458659746263107
165.16943521594683,15.604751815664526
165.18936877076413,15.741895078344973
165.2093023255814,15.869938875870497
165.22923588039868,15.988742227082069
165.24916943521595,16.098173642467547
165.26910299003322,16.198110966336415
165.28903654485052,16.288441243360566
165.3089700996678,16.369060606498344
165.32890365448506,16.43987418371646
165.34883720930233,16.500796021273818
165.3687707641196,16.551749021639818
165.3887043189369,16.592664894394275
165.40863787375417,16.623484118702002
165.42857142857142,16.64415591617718
165.44850498338872,16.6546382331556
165.468438538206,16.65489773158021
165.48837209302326,16.644909787881158
165.50830564784053,16.624658499398834
165.5282392026578,16.59413669806002
165.5481727574751,16.55334597117766
165.56810631229237,16.502296689404556
165.58803986710964,16.441008042037083
165.6079734219269,16.369508080036002
165.62790697674419,16.287833767315952
165.64784053156149,16.196031041052212
165.66777408637876,16.094154881971903
165.687707641196,15.982269395838962
165.7076411960133,15.860447907615425
165.72757475083057,15.728773070092242
165.74750830564787,15.587336989140082
165.7674418604651,15.436241368143405
165.78737541528238,15.275597674661988
165.80730897009968,15.105527332927874
165.82724252491695,14.926161946449168
165.84717607973425,14.737643555777696
165.8671096345515,14.540124937430155
165.88704318936877,14.33376995106632
165.90697674418607,14.118753943360412
165.92691029900334,13.895264218603876
165.9468438538206,13.663500588009084
165.96677740863788,13.42367601201935
165.98671096345515,13.176017352764477
166.00664451827245,12.920766257248502
166.02657807308972,12.658180196061657
166.04651162790697,12.388533687551224
166.06644518272427,12.11211974368727
166.08637873754154,11.829251581595388
166.10631229235884,11.540264654237449
166.12624584717608,11.245519065416982
166.14617940199335,10.945402448668458
166.16611295681065,10.64033340725201
166.18604651162792,10.330765634101684
166.2059800664452,10.017192856918996
166.22591362126246,9.700154785428458
166.24584717607974,9.380244275760965
166.26578073089703,9.058115971276608
166.2857142857143,8.73449672931099
166.30564784053155,8.41019819708689
166.32558139534885,8.086131952029014
166.34551495016612,7.76332766110502
166.36544850498342,7.442954720364332
166.38538205980066,7.126347773936716
166.40531561461793,6.815036321590156
166.42524916943523,6.510778209979877
166.4451827242525,6.215596021270228
166.46511627906978,5.931814026043501
166.48504983388705,5.662091221548692
166.50498338870432,5.409442840342001
166.52491694352162,5.17723863705349
166.5448504983389,4.969161905170979
166.56478405315616,4.789110340584772
166.58471760797343,4.641021853196582
166.6046511627907,4.528619444780993
166.624584717608,4.455091865311164
166.64451827242524,4.42275729330733
166.66445182724254,4.432782786529511
166.68438538205982,4.485034633999722
166.7043189368771,4.578104141249848
166.72425249169436,4.709500355283477
166.74418604651163,4.875952759437933
166.7641196013289,5.073746510546711
166.7840531561462,5.299023956049642
166.80398671096347,5.548014886722035
166.82392026578074,5.817186783786138
166.843853820598,6.103325221039233
166.86378737541528,6.403562377749967
166.88372093023258,6.715371744672836
166.90365448504983,7.036543609044377
166.92358803986713,7.3651515853399685
166.9435215946844,7.699516695861188
166.96345514950167,8.038172720981935
166.98338870431894,8.379834682327944
167.0033222591362,8.723371180801553
167.02325581395348,9.067780662582102
167.04318936877078,9.412171351769542
167.06312292358805,9.755744442420779
167.08305647840533,10.097780103218371
167.1029900332226,10.437625864175924
167.12292358803987,10.774686996734209
167.14285714285717,11.108418549559335
167.1627906976744,11.438318753454187
167.1827242524917,11.76392355577957
167.20265780730898,12.08480208596869
167.22259136212625,12.400552888799968
167.24252491694352,12.710800791433007
167.2624584717608,13.015194294466324
167.2823920265781,13.313403397175032
167.30232558139537,13.605117783339283
167.32225913621264,13.890045307315669
167.3421926910299,14.167910730778921
167.36212624584718,14.438454669331453
167.38205980066448,14.701432715321156
167.40199335548175,14.956614709034376
167.421926910299,15.203784135192866
167.4418604651163,15.442737625583927
167.46179401993356,15.67328455185594
167.48172757475083,15.895246695149535
167.5016611295681,16.108457981413277
167.52159468438538,16.312764273058356
167.54152823920268,16.508023209107836
167.56146179401995,16.694104087248515
167.58139534883722,16.87088778224219
167.6013289036545,17.03826669603504
167.62126245847176,17.196144735647866
167.64119601328906,17.344437315561006
167.66112956810633,17.48307138184492
167.68106312292358,17.611985455746726
167.70099667774087,17.731129694838156
167.72093023255815,17.84046597017129
167.74086378737542,17.939967958184553
167.76079734219272,18.02962124635943
167.78073089700996,18.10942345185454
167.80066445182726,18.179384352542062
167.82059800664453,18.23952603004666
167.8405315614618,18.289883024540934
167.86046511627907,18.33050250118722
167.88039867109634,18.361444428233636
167.90033222591364,18.382781766874576
167.92026578073092,18.39460067307193
167.94019933554816,18.3970007116029
167.96013289036546,18.390095082652884
167.98006644518273,18.374010861305422
168.00000000000003,18.348889250293237
168.0199335548173,18.314885846362742
168.03986710963454,18.272170920563855
168.05980066445184,18.22092971270394
168.0797342192691,18.161362740092105
168.0996677740864,18.09368612054226
168.11960132890366,18.01813190939015
168.13953488372093,17.93494845000318
168.15946843853823,17.844400736909257
168.1794019933555,17.746770790230425
168.19933554817277,17.642358039563135
168.21926910299004,17.531479714784197
168.2392026578073,17.414471240461015
168.2591362126246,17.29168662958772
168.27906976744188,17.163498871235408
168.29900332225913,17.030300305372837
168.31893687707642,16.8925029765654
168.3388704318937,16.750538956475108
168.358803986711,16.6048606230495
168.37873754152824,16.45594088199453
168.3986710963455,16.304273313576306
168.4186046511628,16.150372225005142
168.43853820598008,15.99477258565458
168.45847176079735,15.838029819215604
168.47840531561462,15.68071942366949
168.4983388704319,15.523436386805697
168.5182724252492,15.366794362082912
168.53820598006646,15.211424567149471
168.5581395348837,15.057974365576674
168.578073089701,14.907105491640738
168.59800664451828,14.759491878693428
168.61794019933558,14.615817054200983
168.63787375415282,14.476771069336683
168.6578073089701,14.34304693849782
168.6777408637874,14.21533657463509
168.69767441860466,14.094326220065591
168.71760797342193,13.98069138953918
168.7375415282392,13.875091362537441
168.75747508305648,13.778163284583304
168.77740863787378,13.690515961840655
168.79734219269105,13.612723458220055
168.81727574750832,13.545318627961969
168.8372093023256,13.488786737358739
168.85714285714286,13.44355934489727
168.87707641196016,13.410008617729932
168.8970099667774,13.388442262396877
168.9169435215947,13.379099238064631
168.93687707641197,13.382146400906933
168.95681063122925,13.39767619921381
168.97674418604652,13.425705501870093
168.9966777408638,13.466175600303833
169.01661129568106,13.51895337877731
169.03654485049836,13.583833603174721
169.05647840531563,13.660542237363021
169.0764119601329,13.748740661488922
169.09634551495017,13.848030640264007
169.11627906976744,13.95795987255967
169.13621262458474,14.078027946752528
169.156146179402,14.207692528656505
169.1760797342193,14.346375619297296
169.19601328903656,14.493469736514509
169.21594684385383,14.648343895482148
169.23588039867113,14.8103492867786
169.25581395348837,14.9788245748474
169.27574750830564,15.153100763097294
169.29568106312294,15.3325055933781
169.3156146179402,15.51636746639039
169.33554817275748,15.704018885333431
169.35548172757476,15.894799437649828
169.37541528239203,16.088058339190543
169.39534883720933,16.28315657176198
169.41528239202657,16.47946864918627
169.43521594684387,16.67638404910795
169.45514950166114,16.873308348224437
169.4750830564784,17.06966409778923
169.4950166112957,17.264891474482027
169.51495016611295,17.45844873935662
169.53488372093025,17.649812534810504
169.55481727574752,17.838478046565875
169.5747508305648,18.023959054658654
169.59468438538207,18.20578789451168
169.61461794019934,18.383515346395278
169.63455149501664,18.55671046900347
169.6544850498339,18.72496039052413
169.67441860465115,18.887870068469585
169.69435215946845,19.045062027659167
169.71428571428572,19.19617608410044
169.734219269103,19.340869061086185
169.7541528239203,19.478814502594037
169.77408637873754,19.60970238802597
169.79401993355484,19.733238851436486
169.8139534883721,19.84914590765321
169.83388704318938,19.957161187074156
169.85382059800665,20.057037680415117
169.87375415282392,20.14854349426437
169.89368770764122,20.23146161796675
169.9136212624585,20.30558970209223
169.93355481727573,20.3707398485372
169.95348837209303,20.426738412147998
169.9734219269103,20.473425813640702
169.99335548172758,20.5106563635101
170.01328903654488,20.53829809656992
170.03322259136212,20.55623261674039
170.05315614617942,20.56435495169408
170.0730897009967,20.562573416984367
170.09302325581396,20.55080948930904
170.11295681063123,20.52899768860341
170.1328903654485,20.497085468710925
170.1528239202658,20.455033116443737
170.17275747508307,20.402813658919744
170.19269102990032,20.340412779147144
170.21262458471762,20.267828739920617
170.2325581395349,20.18507231619759
170.2524916943522,20.09216673623646
170.27242524916946,19.989147631904917
170.2923588039867,19.876062998704345
170.312292358804,19.752973166208943
170.33222591362127,19.61995077978691
170.35215946843857,19.47708079465789
170.37209302325581,19.32446048354937
170.3920265780731,19.162199459446942
170.41196013289039,18.990419715194534
170.43189368770766,18.809255681993427
170.45182724252493,18.61885430918
170.4717607973422,18.41937516803631
170.49169435215947,18.21099058281187
170.51162790697677,17.99388579261772
170.53156146179404,17.768259148403054
170.55149501661128,17.53432234985118
170.57142857142858,17.292300727746966
170.59136212624585,17.04243357818461
170.61129568106315,16.78497455591803
170.6312292358804,16.52019213522175
170.65116279069767,16.24837014784557
170.67109634551497,15.969808409030062
170.69102990033224,15.684823444120797
170.7109634551495,15.393749330094938
170.73089700996678,15.096938668310575
170.75083056478405,14.794763707016513
170.77076411960135,14.487617634619665
170.79069767441862,14.175916067382888
170.81063122923587,13.860098758079426
170.83056478405317,13.540631555081843
170.85049833887044,13.218008644279566
170.87043189368774,12.892755108880028
170.89036544850498,12.565429844214608
170.91029900332225,12.236628865628894
170.93023255813955,11.906989046632905
170.95016611295682,11.577192320633204
170.97009966777412,11.24797037122669
170.99003322259136,10.920109821073432
171.00996677740864,10.594457904892431
171.02990033222594,10.271928574323436
171.0498338870432,9.95350892640149
171.06976744186048,9.640265767269526
171.08970099667775,9.333352011777992
171.10963455149502,9.034012471011126
171.12956810631232,8.743588388303246
171.14950166112956,8.463519849142347
171.16943521594686,8.195344919691115
171.18936877076413,7.940694086232386
171.2093023255814,7.701278320975532
171.2292358803987,7.478868966656249
171.24916943521595,7.275267724987653
171.26910299003322,7.0922654875999696
171.28903654485052,6.931589690477536
171.3089700996678,6.794841366707406
171.32890365448506,6.683425037469669
171.34883720930233,6.5984767259196335
171.3687707641196,6.540797190387006
171.3887043189369,6.510798320806754
171.40863787375415,6.508469997588932
171.42857142857144,6.533372418970343
171.44850498338872,6.584655344574733
171.468438538206,6.661101736938928
171.4883720930233,6.761189933210459
171.50830564784053,6.883166536740022
171.5282392026578,7.025121963441793
171.5481727574751,7.185061758452458
171.56810631229237,7.360968829150084
171.58803986710964,7.55085397803047
171.6079734219269,7.752794073595789
171.62790697674419,7.964958615691775
171.64784053156149,8.185626290566967
171.66777408637873,8.413193460192417
171.68770764119603,8.646176533439117
171.7076411960133,8.883209964861145
171.72757475083057,9.123041331676907
171.74750830564787,9.364524626170176
171.7674418604651,9.606612612278013
171.7873754152824,9.848348851391114
171.80730897009968,10.088859808327397
171.82724252491695,10.327347300837527
171.84717607973423,10.56308144796897
171.8671096345515,10.795394196298748
171.8870431893688,11.023673451053831
171.90697674418607,11.247357805171692
171.9269102990033,11.465931838354457
171.9468438538206,11.678921946249547
171.96677740863788,11.885892654150013
171.98671096345515,12.086443367943742
172.00664451827245,12.28020551596036
172.0265780730897,12.466840037828161
172.046511627907,12.646035179755959
172.06644518272427,12.817504559327718
172.08637873754154,12.980985466639913
172.1063122923588,13.136237372237769
172.12624584717608,13.283040615708943
172.14617940199338,13.421195251917819
172.16611295681065,13.550520034689281
172.1860465116279,13.670851520278141
172.2059800664452,13.782043275203149
172.22591362126246,13.883965175002873
172.24584717607974,13.976502782208817
172.26578073089703,14.059556793353812
172.28571428571428,14.133042546165179
172.30564784053158,14.196889579255458
172.32558139534885,14.251041237639676
172.34551495016612,14.29545431829639
172.3654485049834,14.330098750767386
172.38538205980066,14.354957308472592
172.40531561461796,14.370025347016707
172.42524916943523,14.375310566293301
172.44518272425248,14.370832793661819
172.46511627906978,14.356623785891498
172.48504983388705,14.332727047942281
172.50498338870435,14.29919766699339
172.52491694352162,14.256102160441449
172.54485049833886,14.203518336878236
172.56478405315616,14.141535169327813
172.58471760797343,14.070252680279498
172.60465116279073,13.98978183830108
172.62458471760797,13.900244466259995
172.64451827242524,13.801773161424038
172.66445182724254,13.694511227960477
172.68438538205982,13.578612622609151
172.7043189368771,13.454241914574235
172.72425249169436,13.321574260966864
172.74418604651163,13.180795399441335
172.76411960132893,13.032101660006592
172.7840531561462,12.875699998369152
172.80398671096344,12.71180805357917
172.82392026578074,12.540654233216653
172.843853820598,12.362477829877632
172.8637873754153,12.177529173309257
172.88372093023256,11.986069823209538
172.90365448504983,11.78837280846061
172.92358803986713,11.584722919417308
172.9435215946844,11.375417060835051
172.96345514950167,11.160764674104836
172.98338870431894,10.941088238676947
173.0033222591362,10.71672386390518
173.0232558139535,10.488021984030583
173.04318936877078,10.255348170637859
173.06312292358803,10.01908407863524
173.08305647840533,9.779628543582072
173.1029900332226,9.537398849935702
173.1229235880399,9.292832191378064
173.14285714285714,9.04638734560668
173.1627906976744,8.798546586523239
173.1827242524917,8.549817856167431
173.20265780730898,8.300737216360808
173.22259136212628,8.051871594903599
173.24252491694352,7.803821831994878
173.2624584717608,7.557226017531443
173.2823920265781,7.3127630866956075
173.30232558139537,7.071156606680639
173.32225913621264,6.833178637696936
173.3421926910299,6.599653482082492
173.36212624584718,6.371461041677492
173.38205980066448,6.149539381504193
173.40199335548172,5.934885945394729
173.42192691029902,5.7285566897977604
173.4418604651163,5.531662208124239
173.46179401993356,5.345359737004754
173.48172757475086,5.170839815692634
173.5016611295681,5.009306382801559
173.52159468438538,4.861949333940438
173.54152823920268,4.729909127486221
173.56146179401995,4.614233980538474
173.58139534883722,4.515831524736573
173.6013289036545,4.435418331241063
173.62126245847176,4.3734721350661605
173.64119601328906,4.330192436080035
173.6611295681063,4.305474989369908
173.6810631229236,4.298904303836811
173.70099667774087,4.30976581378105
173.72093023255815,4.337076440042697
173.74086378737545,4.3796295889257335
173.7607973421927,4.4360489235900795
173.78073089700996,4.504844803185944
173.80066445182726,4.584468010929453
173.82059800664453,4.673356868229335
173.8405315614618,4.769975551130461
173.86046511627907,4.872842975076514
173.88039867109634,4.980552763393143
173.90033222591364,5.091785508014772
173.9202657807309,5.2053148286123605
173.9401993355482,5.320008750150114
173.96013289036546,5.43482776330748
173.98006644518273,5.548820698869859
174.00000000000003,5.661119298223333
174.01993355481727,5.770932133160109
174.03986710963457,5.877538335575114
174.05980066445184,5.980281445251352
174.0797342192691,6.078563568992982
174.09966777408638,6.17183996110014
174.11960132890366,6.259614077096067
174.13953488372096,6.341433113672395
174.15946843853823,6.416884022908114
174.17940199335547,6.4855899738878975
174.19933554817277,6.547207226808258
174.21926910299004,6.601422381240948
174.2392026578073,6.647949959788946
174.2591362126246,6.686530289777482
174.27906976744185,6.716927648087341
174.29900332225915,6.738928637236503
174.31893687707642,6.752340764010346
174.3388704318937,6.7569911951177195
174.35880398671097,6.7527256673874065
174.37873754152824,6.739407532850445
174.39867109634554,6.716916921653588
174.4186046511628,6.6851500081164295
174.43853820598008,6.644018367395971
174.45847176079735,6.593448412184754
174.47840531561462,6.533380900677506
174.4983388704319,6.463770508738617
174.5182724252492,6.384585460838735
174.53820598006644,6.295807215962368
174.55813953488374,6.197430206393471
174.578073089701,6.089461629156015
174.59800664451828,5.971921292047055
174.61794019933555,5.844841518822209
174.63787375415282,5.708267121422253
174.65780730897012,5.5622554515190705
174.6777408637874,5.406876549636754
174.69767441860466,5.24221341847103
174.71760797342193,5.068362459027522
174.7375415282392,4.885434125789892
174.7574750830565,4.693553883481373
174.77740863787378,4.492863588331246
174.79734219269102,4.283523479957008
174.81727574750832,4.065715071407178
174.8372093023256,3.8396453920888485
174.8571428571429,3.6055533220269864
174.87707641196013,3.3637192533626314
174.8970099667774,3.1144802197031134
174.9169435215947,2.858254348697702
174.93687707641197,2.595581899633224
174.95681063122925,2.3271972874604208
174.97674418604652,2.05416240344797
174.9966777408638,1.7781295349126345
175.0166112956811,1.5019000630145125
175.03654485049836,1.23071645026675
175.0564784053156,0.9755019823023676
175.0764119601329,0.7610772231684112
175.09634551495017,0.6402790817748222
175.11627906976747,0.6751164361516965
175.13621262458472,0.8534152907846412
175.156146179402,1.112970634142289
175.1760797342193,1.4133540776254194
175.19601328903656,1.7363728813728223
175.21594684385383,2.0737511124627237
175.2358803986711,2.421314979190007
175.25581395348837,2.776709855674813
175.27574750830567,3.1384615536867178
175.29568106312294,3.5055566874387605
175.31561461794018,3.877239329288487
175.33554817275748,4.252905332528582
175.35548172757476,4.632044069602015
175.37541528239205,5.014204680227376
175.3953488372093,5.39897569080443
175.41528239202657,5.785972274920997
175.43521594684387,6.1748280594148435
175.45514950166114,6.565189730897028
175.47508305647844,6.956713421484505
175.49501661129568,7.3490622560496535
175.51495016611295,7.741904676276797
175.53488372093025,8.134913295564877
175.55481727574752,8.527764123777542
175.5747508305648,8.920136054187017
175.59468438538207,9.311710539219252
175.61461794019934,9.702171404070095
175.63455149501664,10.091204762267827
175.65448504983388,10.478499007455888
175.67441860465118,10.863744862711247
175.69435215946845,11.246635473647787
175.71428571428572,11.626866535057978
175.73421926910302,12.004136443366034
175.75415282392026,12.3781464689998
175.77408637873754,12.748600944137888
175.79401993355484,13.115207462291893
175.8139534883721,13.477677086937037
175.83388704318938,13.835724566975589
175.85382059800665,14.189068557254505
175.87375415282392,14.53743184269597
175.89368770764122,14.880541564862137
175.91362126245846,15.218129449981763
175.93355481727576,15.549932037629988
175.95348837209303,15.875690909383339
175.9734219269103,16.195152916877543
175.9933554817276,16.50807040878224
176.01328903654485,16.814201456277505
176.03322259136212,17.113310076676477
176.05315614617942,17.405166454888562
176.0730897009967,17.68954716246052
176.09302325581396,17.966235373969994
176.11295681063123,18.235021080579024
176.1328903654485,18.495701300584336
176.1528239202658,18.74808028682828
176.17275747508307,18.991969730858848
176.19269102990035,19.227188963750685
176.21262458471762,19.45356515352116
176.2325581395349,19.670933499097277
176.2524916943522,19.879137420809933
176.27242524916943,20.07802874741346
176.29235880398673,20.26746789964883
176.312292358804,20.44732407039057
176.33222591362127,20.61747540143833
176.35215946843854,20.777809157036888
176.37209302325581,20.928221894230376
176.39202657807311,21.068619630180244
176.41196013289039,21.19891800660104
176.43189368770766,21.319042451492887
176.45182724252493,21.428928338376128
176.4717607973422,21.52852114326118
176.49169435215947,21.617776599614896
176.51162790697677,21.696660851615004
176.531561461794,21.765150606014963
176.5514950166113,21.8232332829742
176.57142857142858,21.870907166242457
176.59136212624585,21.908181553121597
176.61129568106313,21.935076904664744
176.6312292358804,21.951624996609496
176.6511627906977,21.957869071580273
176.67109634551497,21.9538639931332
176.69102990033224,21.93967640225648
176.7109634551495,21.91538487697785
176.73089700996678,21.881080095768738
176.75083056478405,21.836865005472372
176.77076411960135,21.782854994517077
176.7906976744186,21.719178072207637
176.8106312292359,21.645975054914025
176.83056478405317,21.563399759996887
176.85049833887044,21.471619208320632
176.8704318936877,21.37081383620521
176.89036544850498,21.26117771765367
176.91029900332228,21.14291879766085
176.93023255813955,21.01625913735327
176.95016611295682,20.881435171628524
176.9700996677741,20.738697979844552
176.99003322259136,20.588313569950508
177.00996677740866,20.430563176240224
177.02990033222594,20.26574357063724
177.04983388704318,20.094167387074627
177.06976744186048,19.916163458098097
177.08970099667775,19.73207716228315
177.10963455149505,19.54227078039559
177.1295681063123,19.347123857420765
177.14950166112956,19.147033566617797
177.16943521594686,18.94241507059528
177.18936877076413,18.73370187303103
177.2093023255814,18.521346153042234
177.22923588039868,18.305819072330824
177.24916943521595,18.08761104305744
177.26910299003325,17.867231941920753
177.28903654485052,17.645211253126785
177.30897009966776,17.42209811983027
177.32890365448506,17.198461280239197
177.34883720930233,16.97488886094259
177.36877076411963,16.751987996230575
177.38870431893687,16.530384238348013
177.40863787375415,16.310720719931503
177.42857142857144,16.093657026560205
177.44850498338872,15.879867734704304
177.468438538206,15.670040568758004
177.48837209302326,15.464874130742503
177.50830564784053,15.265075158168495
177.52823920265783,15.071355270008054
177.5481727574751,14.884427168300245
177.56810631229234,14.70500027411484
177.58803986710964,14.533775791820062
177.6079734219269,14.371441215036395
177.6279069767442,14.218664311205366
177.64784053156149,14.076086648859095
177.66777408637873,13.944316761470446
177.68770764119603,13.823923072701024
177.7076411960133,13.715426737944952
177.7275747508306,13.619294583873389
177.74750830564784,13.535932348558715
177.7674418604651,13.465678437059394
177.7873754152824,13.408798408780703
177.80730897009968,13.36548040188907
177.82724252491695,13.335831675948063
177.84717607973423,13.319876417385215
177.8671096345515,13.317554905301416
177.8870431893688,13.328724080582356
177.90697674418607,13.353159503219958
177.92691029900334,13.39055862558525
177.9468438538206,13.440545257409337
177.96677740863788,13.502675055128055
177.98671096345518,13.57644183673303
178.00664451827242,13.661284504804657
178.0265780730897,13.756594355136883
178.046511627907,13.861722555272621
178.06644518272427,13.975987594404987
178.08637873754154,14.098682530932617
178.1063122923588,14.229081893725235
178.12624584717608,14.366448125183968
178.14617940199338,14.510037486119634
178.16611295681065,14.659105372448945
178.18604651162792,14.812911020391914
178.2059800664452,14.970721599439504
178.22591362126246,15.13181571051504
178.24584717607976,15.295486320514682
178.265780730897,15.461043174094074
178.28571428571428,15.627814729656246
178.30564784053158,15.795149669565932
178.32558139534885,15.962418035264442
178.34551495016612,16.129012036761107
178.3654485049834,16.294346583445385
178.38538205980066,16.45785957974297
178.40531561461796,16.619012025191854
178.42524916943523,16.777287954327942
178.4451827242525,16.932194247562236
178.46511627906978,17.083260340158212
178.48504983388705,17.230037852585333
178.50498338870435,17.372100161998592
178.5249169435216,17.50904193140762
178.5448504983389,17.64047861026468
178.56478405315616,17.76604591771227
178.58471760797343,17.885399317571423
178.6046511627907,17.998213492297907
178.62458471760797,18.10418182155689
178.64451827242527,18.203015869738582
178.66445182724254,18.294444885628998
178.68438538205982,18.378215316532472
178.7043189368771,18.454090338391456
178.72425249169436,18.52184940283882
178.74418604651163,18.581287801629024
178.76411960132893,18.63221624850645
178.78405315614617,18.67446047826701
178.80398671096347,18.707860862537043
178.82392026578074,18.732272041620558
178.843853820598,18.74756257164041
178.86378737541528,18.75361458611312
178.88372093023256,18.750323471041987
178.90365448504986,18.737597552584543
178.92358803986713,18.7153577963403
178.9435215946844,18.68353751731207
178.96345514950167,18.642082099611958
178.98338870431894,18.59094872501128
179.0033222591362,18.530106109468075
179.0232558139535,18.45953424680508
179.04318936877075,18.379224158753672
179.06312292358805,18.289177650624087
179.08305647840533,18.189407071907294
179.1029900332226,18.079935081160347
179.12292358803987,17.960794414572007
179.14285714285714,17.832027657650233
179.16279069767444,17.693687019516624
179.1827242524917,17.545834109334827
179.20265780730898,17.388539714440235
179.22259136212625,17.221883579777284
179.24252491694352,17.045954188287165
179.26245847176082,16.860848541924256
179.2823920265781,16.666671943012492
179.30232558139534,16.46353777568473
179.32225913621264,16.25156728717757
179.3421926910299,16.030889368782404
179.3621262458472,15.801640336279672
179.38205980066448,15.56396370970834
179.40199335548172,15.31800999234558
179.42192691029902,15.063936448794097
179.4418604651163,14.801906882094398
179.46179401993356,14.532091409799294
179.48172757475083,14.254666238965234
179.5016611295681,13.969813440032718
179.5215946843854,13.67772071958332
179.54152823920268,13.378581191976048
179.56146179401992,13.072593149879586
179.58139534883722,12.759959833730171
179.6013289036545,12.440889200157173
179.6212624584718,12.115593689430018
179.64119601328906,11.784289991991402
179.6611295681063,11.447198814152275
179.6810631229236,11.104544643034254
179.70099667774087,10.75655551085547
179.72093023255815,10.403462758665924
179.74086378737542,10.045500799648893
179.7607973421927,9.682906882116443
179.78073089701,9.315920852339577
179.80066445182726,8.944784917368453
179.8205980066445,8.569743408016706
179.8405315614618,8.191042542207457
179.86046511627907,7.8089301889111855
179.88039867109637,7.423655632951278
179.90033222591364,7.0354693410199465
179.9202657807309,6.644622729348233
179.9401993355482,6.251367933631358
179.96013289036546,5.85595758206328
179.98006644518276,5.458644572752783
180.0,5.059681857509193
180.01993355481727,4.65932223525624
180.03986710963457,4.257818160681181
180.05980066445184,3.8554215782783094
180.0797342192691,3.4523838012663437
180.09966777408638,3.048955475231254
180.11960132890366,2.6453867145408267
180.13953488372096,2.2419276253657716
180.15946843853823,1.8388298015583275
180.1794019933555,1.4363506855087105
180.19933554817277,1.0347685274953768
180.21926910299004,0.6344545349070593
180.23920265780734,0.23667507873349058
180.25913621262458,0.16734311518182982
180.27906976744185,0.5608788925126852
180.29900332225915,0.9545378656442463
180.31893687707642,1.3462456814316697
180.3388704318937,1.7356074218298823
180.35880398671097,2.122361843709479
180.37873754152824,2.506280343143251
180.39867109634554,2.8871478049430186
180.4186046511628,3.2647572280678947
180.43853820598008,3.638907881429359
180.45847176079735,4.009404614067371
180.47840531561462,4.376057608824442
180.49833887043192,4.738682326665422
180.51827242524917,5.09709953951818
180.53820598006644,5.451135406126997
180.55813953488374,5.8006215689703335
180.578073089701,6.1453952609377005
180.59800664451828,6.485299415603292
180.61794019933555,6.820182777564541
180.63787375415282,7.149900010725591
180.65780730897012,7.474311803195603
180.6777408637874,7.793284967930735
180.69767441860466,8.106692538523582
180.71760797342193,8.414413859713797
180.7375415282392,8.716334672301256
180.7574750830565,9.012347192212953
180.77740863787375,9.30235018352101
180.79734219269105,9.586249025240605
180.81727574750832,9.863955771757892
180.8372093023256,10.135389206752752
180.85714285714286,10.400474890491807
180.87707641196013,10.659145200374141
180.89700996677743,10.911339364617191
180.9169435215947,11.157003488973732
180.93687707641197,11.396090576372691
180.95681063122925,11.628560539378052
180.97674418604652,11.854380205360046
180.9966777408638,12.073523314272965
181.0166112956811,12.285970508932982
181.03654485049833,12.491709317688308
181.05647840531563,12.690734129372517
181.0764119601329,12.88304616043012
181.09634551495017,13.068653414101544
181.11627906976747,13.24757063155261
181.13621262458472,13.419819234831266
181.15614617940201,13.585427261532457
181.1760797342193,13.744429291049576
181.19601328903656,13.896866362289401
181.21594684385383,14.042785882725331
181.2358803986711,14.182241528662804
181.25581395348837,14.315293136589823
181.27574750830567,14.442006585485261
181.2956810631229,14.562453669958524
181.3156146179402,14.676711964095242
181.33554817275748,14.78486467588692
181.35548172757476,14.887000492125868
181.37541528239205,14.98321341365271
181.3953488372093,15.07360258085083
181.4152823920266,15.158272089291355
181.43521594684387,15.237330795443915
181.45514950166114,15.310892112382236
181.4750830564784,15.379073795430502
181.49501661129568,15.441997717716202
181.51495016611298,15.499789635618326
181.53488372093025,15.552578944126408
181.5548172757475,15.60049842215659
181.5747508305648,15.643683967905504
181.59468438538207,15.68227432436188
181.61461794019937,15.71641079513909
181.63455149501664,15.746236950840501
181.65448504983388,15.771898326222201
181.67441860465118,15.793542108475728
181.69435215946845,15.811316817016225
181.71428571428572,15.825371975229086
181.734219269103,15.83585777470002
181.75415282392026,15.842924732530175
181.77408637873756,15.846723342418226
181.79401993355484,15.847403720275
181.81395348837208,15.845115245222951
181.83388704318938,15.840006196921228
181.85382059800665,15.832223390246655
181.87375415282395,15.821911808451052
181.89368770764122,15.809214236003594
181.91362126245846,15.794270892413522
181.93355481727576,15.777219068410817
181.95348837209303,15.75819276594022
181.9734219269103,15.737322343493783
181.99335548172758,15.714734168369986
182.01328903654485,15.690550277498893
182.03322259136215,15.664888048513578
182.05315614617942,15.637859882775007
182.07308970099666,15.609572902070141
182.09302325581396,15.580128660699652
182.11295681063123,15.54962287465068
182.13289036544853,15.5181451695119
182.1528239202658,15.485778848730234
182.17275747508305,15.452600683732669
182.19269102990035,15.418680727340858
182.21262458471762,15.384082151791919
182.23255813953492,15.348861112546878
182.25249169435216,15.313066638918565
182.27242524916943,15.276740552386265
182.29235880398673,15.239917413285589
182.312292358804,15.20262449637198
182.33222591362127,15.164881795556413
182.35215946843854,15.126702057905907
182.37209302325581,15.088090846791042
182.39202657807311,15.049046633851802
182.41196013289039,15.009560919243901
182.43189368770766,14.969618379423668
182.45182724252493,14.92919704153329
182.4717607973422,14.888268483262726
182.4916943521595,14.846798056891688
182.51162790697674,14.80474513605812
182.531561461794,14.762063383659447
182.5514950166113,14.71870103917148
182.57142857142858,14.674601223568944
182.59136212624585,14.629702259950907
182.61129568106313,14.583938007915153
182.6312292358804,14.53723820968763
182.6511627906977,14.489528845995778
182.67109634551497,14.440732499677514
182.69102990033224,14.390768725039548
182.7109634551495,14.339554421018956
182.73089700996678,14.287004206257592
182.75083056478408,14.233030794270219
182.77076411960132,14.177545366970692
182.7906976744186,14.120457944915145
182.8106312292359,14.06167775272475
182.83056478405317,14.00111357826142
182.85049833887047,13.93867412424565
182.8704318936877,13.874268351125153
182.89036544850498,13.807805810124059
182.91029900332228,13.739196965523904
182.93023255813955,13.668353505347643
182.95016611295682,13.595188639735966
182.9700996677741,13.519617386419196
182.99003322259136,13.441556842798132
183.00996677740866,13.36092644425196
183.0299003322259,13.277648208390346
183.0498338870432,13.191646965059872
183.06976744186048,13.102850572001529
183.08970099667775,13.011190116136047
183.10963455149505,12.916600100527356
183.1295681063123,12.819018617141541
183.1495016611296,12.718387505579374
183.16943521594686,12.614652498015436
183.18936877076413,12.507763350625765
183.2093023255814,12.397673961829947
183.22923588039868,12.284342477712423
183.24916943521595,12.1677313850227
183.26910299003325,12.047807592184824
183.2890365448505,11.924542498774127
183.3089700996678,11.797912053944486
183.32890365448506,11.667896804312225
183.34883720930233,11.534481931824331
183.36877076411963,11.397657282160159
183.38870431893687,11.257417384236712
183.40863787375417,11.113761461410057
183.42857142857144,10.96669343498948
183.44850498338872,10.816221920708475
183.468438538206,10.662360218827558
183.48837209302326,10.505126298581079
183.50830564784053,10.344542777724012
183.52823920265783,10.180636897987503
183.54817275747507,10.013440497316301
183.56810631229237,9.842989979839237
183.58803986710964,9.669326284619455
183.6079734219269,9.49249485434828
183.6279069767442,9.312545605290317
183.64784053156146,9.129532899964623
183.66777408637876,8.94351552426545
183.68770764119603,8.75455667099677
183.7076411960133,8.562723932131076
183.72757475083057,8.368089302522046
183.74750830564784,8.170729198324993
183.76744186046514,7.970724494038039
183.7873754152824,7.768160582908845
183.80730897009965,7.563127466507498
183.82724252491695,7.355719880613185
183.84717607973423,7.14603746629109
183.86710963455153,6.934184997268597
183.8870431893688,6.720272677622301
183.90697674418604,6.5044165275869155
183.92691029900334,6.286738880308278
183.9468438538206,6.067369019022774
183.96677740863788,5.846443993071153
183.98671096345515,5.6241096632180785
184.00664451827242,5.400522043202445
184.02657807308972,5.175849027095586
184.046511627907,4.950272623538143
184.06644518272424,4.723991862157728
184.08637873754154,4.4972266002392995
184.1063122923588,4.270222547744585
184.1262458471761,4.043257959250749
184.14617940199338,3.8166526324055905
184.16611295681062,3.590780134782124
184.18604651162792,3.366084601313326
184.2059800664452,3.1431040730213784
184.22591362126246,2.9225032864650498
184.24584717607974,2.7051202088505804
184.265780730897,2.4920325937861687
184.2857142857143,2.2846534506878555
184.30564784053158,2.0848671282904716
184.32558139534882,1.8952186540147973
184.34551495016612,1.719161596403746
184.3654485049834,1.5613376613097731
184.3853820598007,1.4277731179073363
184.40531561461796,1.325706442010886
184.4252491694352,1.262597828719162
184.4451827242525,1.2441039233276463
184.46511627906978,1.2718153136318642
184.48504983388708,1.34246422358944
184.50498338870432,1.4493413497869105
184.5249169435216,1.5846693632387518
184.5448504983389,1.7413535624930065
184.56478405315616,1.913678019018754
184.58471760797346,2.097314906739769
184.6046511627907,2.289071307534826
184.62458471760797,2.4866035252587655
184.64451827242527,2.688179754634547
184.66445182724254,2.8925036045783483
184.68438538205982,3.098588766823858
184.7043189368771,3.3056715042168205
184.72425249169436,3.5131496948395315
184.74418604651166,3.7205401536390417
184.7641196013289,3.927448476884368
184.78405315614617,4.133547496940187
184.80398671096347,4.3385617036754125
184.82392026578074,4.542255842234761
184.84385382059804,4.744426466625309
184.86378737541528,4.944895609313837
184.88372093023256,5.143505982946537
184.90365448504986,5.340117303757202
184.92358803986713,5.534603444943844
184.9435215946844,5.726850210393029
184.96345514950167,5.916753576516975
184.98338870431894,6.104218290508099
185.00332225913624,6.289156742255177
185.02325581395348,6.471488048034146
185.04318936877075,6.651137299284084
185.06312292358805,6.828034940950878
185.08305647840533,7.002116252168409
185.10299003322262,7.173320908248532
185.12292358803987,7.341592607629708
185.14285714285714,7.506878750992625
185.16279069767444,7.669130162477966
185.1827242524917,7.828300845046414
185.20265780730898,7.984347763657415
185.22259136212625,8.137230651223588
185.24252491694352,8.28691183330645
185.26245847176082,8.433356068318366
185.28239202657807,8.576530400632812
185.30232558139537,8.71640402451613
185.32225913621264,8.852948157205477
185.3421926910299,8.986135919791678
185.3621262458472,9.115942224837077
185.38205980066445,9.242343669880837
185.40199335548175,9.365318436166609
185.42192691029902,9.484846192077855
185.4418604651163,9.600908000890652
185.46179401993356,9.713486232556992
185.48172757475083,9.822564479317448
185.5016611295681,9.928127475013488
185.5215946843854,10.030161018029288
185.54152823920265,10.128651897842573
185.56146179401995,10.223587825205053
185.58139534883722,10.314957366007471
185.6013289036545,10.402749878912417
185.6212624584718,10.486955456861168
185.64119601328903,10.567564872579785
185.66112956810633,10.644569528224787
185.6810631229236,10.717961409320436
185.70099667774087,10.787733043149139
185.72093023255815,10.853877461763075
185.74086378737542,10.91638816978992
185.7607973421927,10.975259117208799
185.78073089701,11.030484677273963
185.80066445182723,11.082059629764359
185.82059800664453,11.1299791497366
185.8405315614618,11.17423880195759
185.86046511627907,11.214834541191305
185.88039867109637,11.251762718512124
185.90033222591362,11.285020093814762
185.92026578073092,11.314603854688947
185.9401993355482,11.340511641824682
185.96013289036546,11.362741581113003
185.98006644518273,11.381292322606006
186.0,11.396163086500296
186.0199335548173,11.407353716309089
186.03986710963457,11.41486473939091
186.05980066445184,11.418697435006674
186.0797342192691,11.418853910082849
186.09966777408638,11.415337182866272
186.11960132890368,11.408151274666011
186.13953488372096,11.39730130989023
186.1594684385382,11.38279362460127
186.1794019933555,11.364635883830164
186.19933554817277,11.342837207913368
186.21926910299004,11.31740830813928
186.2392026578073,11.288361632020917
186.25913621262458,11.255711518543672
186.27906976744188,11.219474363774376
186.29900332225915,11.179668797259193
186.31893687707642,11.136315869684365
186.3388704318937,11.089439252325212
186.35880398671097,11.039065448865138
186.37873754152827,10.985224020228062
186.39867109634554,10.927947823134792
186.41860465116278,10.867273263165492
186.43853820598008,10.803240563187495
186.45847176079735,10.735894048088788
186.47840531561462,10.665282446842149
186.4983388704319,10.591459213012293
186.51827242524917,10.514482864906524
186.53820598006646,10.434417346656618
186.55813953488374,10.35133241160267
186.578073089701,10.265304029425359
186.59800664451828,10.176414818536156
186.61794019933555,10.084754505279415
186.63787375415285,9.99042041151841
186.65780730897012,9.893517972158671
186.67774086378736,9.794161284094525
186.69767441860466,9.692473687932377
186.71760797342193,9.588588383628348
186.73754152823923,9.482649080854172
186.75747508305648,9.374810684446064
186.77740863787375,9.265240014661169
186.79734219269105,9.154116561125932
186.81727574750832,9.041633268260814
186.83720930232562,8.927997348553586
186.85714285714286,8.813431118264118
186.87707641196013,8.69817284791177
186.89700996677743,8.582477617147212
186.9169435215947,8.466618160271759
186.93687707641197,8.350885684669661
186.95681063122925,8.235590639707059
186.97674418604652,8.121063408194276
186.99667774086382,8.00765488631745
187.01661129568106,7.895736911092666
187.03654485049833,7.785702487043947
187.05647840531563,7.677965756234946
187.0764119601329,7.572961648426689
187.0963455149502,7.471145141607625
187.11627906976744,7.372990058273866
187.13621262458472,7.278987320671299
187.15614617940201,7.189642589988064
187.1760797342193,7.105473221580127
187.19601328903656,7.027004482112494
187.21594684385383,6.954764996215667
187.2358803986711,6.889281420674476
187.2558139534884,6.831072383327829
187.27574750830564,6.780641770753268
187.2956810631229,6.738471501108926
187.3156146179402,6.7050139724354985
187.33554817275748,6.680684427179474
187.35548172757478,6.665853514667893
187.37541528239203,6.660840358547861
187.3953488372093,6.66590644041402
187.4152823920266,6.681250590484329
187.43521594684387,6.707005330561471
187.45514950166114,6.743234746279456
187.4750830564784,6.789933980678046
187.49501661129568,6.847030347878748
187.51495016611298,6.914385973692784
187.53488372093022,6.991801788699286
187.55481727574752,7.0790226362416595
187.5747508305648,7.175743217629971
187.59468438538207,7.2816145810655994
187.61461794019937,7.396250867803608
187.6345514950166,7.519236054835284
187.6544850498339,7.65013047249958
187.67441860465118,7.788476922102898
187.69435215946845,7.933806267471008
187.71428571428572,8.08564242101049
187.734219269103,8.243506686235056
187.75415282392026,8.406921453019905
187.77408637873756,8.575413268413895
187.79401993355484,8.748515324856246
187.8139534883721,8.925769419880877
187.83388704318938,9.10672744793324
187.85382059800665,9.290952486969521
187.87375415282395,9.478019541218073
187.8936877076412,9.667515997892211
187.9136212624585,9.859041850618224
187.93355481727576,10.052209736562855
187.95348837209303,10.246644828222921
187.9734219269103,10.441984614933673
187.99335548172758,10.637878603600097
188.01328903654485,10.8339879630952
188.03322259136215,11.029985132270024
188.05315614617942,11.225553407598543
188.0730897009967,11.420386523119507
188.09302325581396,11.614188232498362
188.11295681063123,11.806671900666073
188.13289036544853,11.997560110542016
188.15282392026577,12.186584288761761
188.17275747508307,12.37348435305227
188.19269102990035,12.55800838288162
188.21262458471762,12.739912314211285
188.2325581395349,12.918959658561258
188.25249169435216,13.094921246126898
188.27242524916946,13.267574992335089
188.29235880398673,13.436705686971909
188.312292358804,13.60210480483508
188.33222591362127,13.763570336746314
188.35215946843854,13.920906639687704
188.37209302325584,14.073924304791742
188.39202657807311,14.222440041908238
188.41196013289036,14.366276579485515
188.43189368770766,14.505262578533292
188.45182724252493,14.639232559474934
188.4717607973422,14.768026840745273
188.49169435215947,14.891491488042908
188.51162790697674,15.009478273201562
188.53156146179404,15.121844641701964
188.5514950166113,15.228453687902446
188.57142857142858,15.329174137122013
188.59136212624585,15.42388033376437
188.61129568106313,15.51245223472306
188.63122923588043,15.594775407358345
188.6511627906977,15.670741031383775
188.67109634551494,15.74024590404523
188.69102990033224,15.803192448018105
188.7109634551495,15.859488721487844
188.73089700996678,15.909048429916774
188.75083056478405,15.951790939035302
188.77076411960132,15.987641288628463
188.79069767441862,16.016530206719615
188.8106312292359,16.03839412378211
188.83056478405317,16.05317518663635
188.85049833887044,16.060821271715465
188.8704318936877,16.06128599740594
188.890365448505,16.054528735192264
188.91029900332228,16.04051461935501
188.93023255813952,16.019214554991823
188.95016611295682,15.990605224148837
188.9700996677741,15.954669089867707
188.9900332225914,15.911394397969998
189.00996677740864,15.860775176415956
189.0299003322259,15.802811232090066
189.0498338870432,15.737508144879593
189.06976744186048,15.664877258926255
189.08970099667778,15.584935670944008
189.10963455149502,15.49770621550898
189.1295681063123,15.403217447239573
189.1495016611296,15.301503619797137
189.16943521594686,15.192604661649353
189.18936877076413,15.07656614855042
189.2093023255814,14.953439272703761
189.22923588039868,14.823280808585205
189.24916943521598,14.686153075416422
189.26910299003322,14.542123896291212
189.2890365448505,14.391266553970018
189.3089700996678,14.233659743371968
189.32890365448506,14.069387520808155
189.34883720930236,13.898539250015807
189.3687707641196,13.72120954506994
189.38870431893687,13.537498210268323
189.40863787375417,13.347510177106463
189.42857142857144,13.151355438483513
189.44850498338872,12.949148980307225
189.468438538206,12.741010710697665
189.48837209302326,12.527065387026212
189.50830564784056,12.307442541069689
189.52823920265783,12.08227640261094
189.54817275747507,11.85170582187873
189.56810631229237,11.615874191294148
189.58803986710964,11.374929367081211
189.60797342192694,11.129023591409993
189.62790697674419,10.878313415877509
189.64784053156146,10.622959627301348
189.66777408637876,10.363127177013878
189.68770764119603,10.098985115112987
189.7076411960133,9.830706531466069
189.72757475083057,9.55846850569926
189.74750830564784,9.282452068965977
189.76744186046514,9.002842181018124
189.7873754152824,8.71982772705919
189.80730897009968,8.433601540121233
189.82724252491695,8.144360456391174
189.84717607973423,7.852305413178371
189.86710963455153,7.557641602296925
189.88704318936877,7.260578695872788
189.90697674418607,6.961331167476919
189.92691029900334,6.660118739780629
189.9468438538206,6.357167001764235
189.96677740863788,6.052708255640751
189.98671096345515,5.746982678838066
190.00664451827242,5.440239924027238
190.02657807308972,5.132741337493597
190.046511627907,4.824763065146865
190.06644518272427,4.516600456716892
190.08637873754154,4.208574408265373
190.1063122923588,3.901040666205627
190.1262458471761,3.5944037738666443
190.14617940199335,3.2891385078690663
190.16611295681065,2.9858237926888616
190.18604651162792,2.685198166026724
190.2059800664452,2.388253986304803
190.22591362126246,2.096404417930325
190.24584717607974,1.8117936174492468
190.265780730897,1.5379012686836666
190.2857142857143,1.280767821199935
190.30564784053158,1.0514739468523977
190.32558139534885,0.8704420577714077
190.34551495016612,0.7700262883540729
190.3654485049834,0.7792980417592875
190.3853820598007,0.8923055804137925
190.40531561461793,1.0745523821408531
190.42524916943523,1.295090623329717
190.4451827242525,1.5356412798896422
190.46511627906978,1.786415403313404
190.48504983388705,2.0420507129592815
190.50498338870432,2.2994309004709734
190.52491694352162,2.5566212692122785
190.5448504983389,2.812341604345609
190.56478405315616,3.0656934513646155
190.58471760797343,3.3160119536461146
190.6046511627907,3.562781531110808
190.624584717608,3.8055858379139624
190.64451827242527,4.044076943562204
190.66445182724252,4.277955727277068
190.68438538205982,4.506959047900287
190.7043189368771,4.730851138770058
190.72425249169436,4.949417712216899
190.74418604651163,5.1624618460984735
190.7641196013289,5.3698010691042475
190.7840531561462,5.571265269051823
190.80398671096347,5.766695176698096
190.82392026578074,5.955941258803352
190.843853820598,6.138862906709839
190.86378737541528,6.31532784133678
190.88372093023258,6.48521167875816
190.90365448504986,6.6483976164167755
190.9235880398671,6.80477621104876
190.9435215946844,6.954245227150157
190.96345514950167,7.096709540354521
190.98338870431894,7.232081084096421
191.0033222591362,7.360278830872317
191.02325581395348,7.481228801592077
191.04318936877078,7.594864098157448
191.06312292358805,7.701124955660145
191.08305647840533,7.799958811567997
191.1029900332226,7.89132039004036
191.12292358803987,7.975171800138395
191.14285714285717,8.051482647213557
191.16279069767444,8.120230157198739
191.18272425249168,8.181399313914422
191.20265780730898,8.234983009854993
191.22259136212625,8.28098221125233
191.24252491694355,8.319406138536618
191.26245847176082,8.350272463638417
191.28239202657807,8.373607525909296
191.30232558139537,8.389446568789868
191.32225913621264,8.39783399973045
191.34219269102994,8.39882367627837
191.36212624584718,8.392479221694982
191.38205980066445,8.378874373960768
191.40199335548175,8.358093372577192
191.42192691029902,8.330231388185327
191.4418604651163,8.295395000701602
191.46179401993356,8.253702732426312
191.48172757475083,8.20528564341658
191.50166112956813,8.150287997335791
191.5215946843854,8.088868006996446
191.54152823920265,8.021198669898979
191.56146179401995,7.947468705223567
191.58139534883722,7.8678836049332235
191.60132890365452,7.782666812857349
191.62126245847176,7.692061046785424
191.64119601328903,7.59632977962199
191.66112956810633,7.495758896403389
191.6810631229236,7.390658544265964
191.70099667774087,7.281365192017754
191.72093023255815,7.168243914433433
191.74086378737542,7.051690913266204
191.76079734219272,6.932136281582449
191.78073089701,6.810047009503875
191.80066445182723,6.685930216671282
191.82059800664453,6.560336578341168
191.8405315614618,6.433863886339766
191.8604651162791,6.30716065126603
191.88039867109634,6.1809296064304515
191.90033222591362,6.055930915357069
191.92026578073092,5.9329848123468
191.9401993355482,5.812973320291847
191.96013289036546,5.69684059513595
191.98006644518273,5.5855913499360375
192.0,5.480286727308906
192.0199335548173,5.382036938549591
192.03986710963457,5.291990000069844
192.05980066445184,5.211316007845025
192.0797342192691,5.141186632711622
192.09966777408638,5.082749916822038
192.11960132890368,5.037101001279091
192.13953488372093,5.005250072073629
192.15946843853823,4.988089480286652
192.1794019933555,4.986362533194567
192.19933554817277,5.000636709614757
192.21926910299004,5.031283901357765
192.2392026578073,5.078469682201583
192.25913621262458,5.142152631124352
192.27906976744188,5.222093570092668
192.29900332225915,5.317873457659034
192.31893687707642,5.42891782901231
192.3388704318937,5.554525227899356
192.35880398671097,5.693897058882168
192.37873754152827,5.846166621832838
192.3986710963455,6.010425638751572
192.4186046511628,6.185747202104404
192.43853820598008,6.3712046489501315
192.45847176079735,6.565886326583024
192.47840531561462,6.768906537653115
192.4983388704319,6.979413142422319
192.51827242524917,7.196592377636116
192.53820598006646,7.4196714560956645
192.55813953488374,7.647919467231074
192.578073089701,7.88064702996974
192.59800664451828,8.117205071485127
192.61794019933555,8.35698302951865
192.63787375415285,8.599406707723478
192.6578073089701,8.843935955431625
192.6777408637874,9.090062295857392
192.69767441860466,9.337306589300855
192.71760797342193,9.58521678911939
192.7375415282392,9.833365826631791
192.75747508305648,10.081349645292129
192.77740863787378,10.328785393159022
192.79734219269105,10.57530977482673
192.81727574750832,10.82057755871369
192.8372093023256,11.064260232238492
192.85714285714286,11.306044795424414
192.87707641196016,11.545632682460171
192.89700996677743,11.782738800406351
192.91694352159467,12.017090674353016
192.93687707641197,12.24842768874248
192.95681063122925,12.476500415159007
192.97674418604652,12.70107001757027
192.99667774086382,12.921907726730703
193.01661129568106,13.13879437618435
193.03654485049836,13.351519993011197
193.05647840531563,13.559883437130484
193.0764119601329,13.763692083598892
193.09634551495017,13.962761542916457
193.11627906976744,14.156915414878025
193.13621262458474,14.345985071983343
193.15614617940201,14.529809468848038
193.17607973421926,14.708234974442377
193.19601328903656,14.881115224329076
193.21594684385383,15.048310990379484
193.2358803986711,15.209690065721036
193.2558139534884,15.365127162913671
193.27574750830564,15.514503823569516
193.29568106312294,15.657708337823676
193.3156146179402,15.794635672235632
193.33554817275748,15.925187404853594
193.35548172757476,16.049271666309888
193.37541528239203,16.166803085936944
193.39534883720933,16.27770274200074
193.4152823920266,16.38189811524537
193.43521594684384,16.479323045027765
193.45514950166114,16.56991768739875
193.4750830564784,16.65362847455537
193.4950166112957,16.730408075150848
193.51495016611298,16.80021535500424
193.53488372093022,16.86301533780162
193.55481727574752,16.918779165425285
193.5747508305648,16.967484057588752
193.5946843853821,17.00911327049149
193.61461794019934,17.043656054240962
193.6345514950166,17.071107608820274
193.6544850498339,17.091469038407073
193.67441860465118,17.104747303874966
193.69435215946845,17.1109551733323
193.71428571428572,17.110111170574477
193.734219269103,17.10223952134598
193.7541528239203,17.08737009732707
193.77408637873756,17.065538357777328
193.7940199335548,17.036785288784312
193.8139534883721,17.00115734008153
193.83388704318938,16.958706359413863
193.85382059800668,16.909489524442918
193.87375415282392,16.853569272198143
193.8936877076412,16.79101322609231
193.9136212624585,16.7218941205326
193.93355481727576,16.646289723171144
193.95348837209303,16.564282754850787
193.9734219269103,16.4759608073142
193.99335548172758,16.381416258756673
194.01328903654488,16.280746187315355
194.03322259136215,16.174052282600268
194.0531561461794,16.061440755385426
194.0730897009967,15.943022245592045
194.09302325581396,15.81891172870952
194.11295681063126,15.689228420814944
194.1328903654485,15.554095682367375
194.15282392026577,15.41364092096969
194.17275747508307,15.267995493308547
194.19269102990035,15.117294606502186
194.21262458471762,14.961677219106297
194.2325581395349,14.801285942050578
194.25249169435216,14.636266939802889
194.27242524916946,14.466769832084553
194.29235880398673,14.292947596489379
194.312292358804,14.114956472391073
194.33222591362127,13.932955866558757
194.35215946843854,13.747108260939195
194.37209302325584,13.557579123107319
194.3920265780731,13.364536819933733
194.41196013289039,13.168152535070746
194.43189368770766,12.968600190916357
194.45182724252493,12.766056375779964
194.47176079734223,12.560700277045031
194.49169435215947,12.352713621202998
194.51162790697674,12.142280621719612
194.53156146179404,11.92958793579208
194.5514950166113,11.714824631161038
194.57142857142858,11.49818216425933
194.59136212624585,11.279854371107023
194.61129568106313,11.060037472502962
194.63122923588043,10.83893009521511
194.65116279069767,10.616733311036029
194.67109634551497,10.393650695745983
194.69102990033224,10.169888410211085
194.7109634551495,9.945655306038141
194.7308970099668,9.721163058404175
194.75083056478405,9.496626328874632
194.77076411960132,9.27226296120863
194.79069767441862,9.048294213312504
194.8106312292359,8.824945028626486
194.83056478405317,8.602444350291337
194.85049833887044,8.381025481411424
194.8704318936877,8.160926494566947
194.890365448505,7.942390693376956
194.91029900332225,7.725667128305793
194.93023255813955,7.511011167947795
194.95016611295682,7.298685125602938
194.9700996677741,7.08895893892421
194.9900332225914,6.882110897597417
195.00996677740864,6.678428410189511
195.02990033222594,6.4782087962193335
195.0498338870432,6.281760082878756
195.06976744186048,6.089401777356499
195.08970099667775,5.901465575091328
195.10963455149502,5.718295951261001
195.12956810631232,5.540250567278595
195.1495016611296,5.367700406140143
195.16943521594683,5.201029530663697
195.18936877076413,5.04063433809279
195.2093023255814,4.886922165157732
195.22923588039868,4.740309082525452
195.24916943521598,4.601216710914768
195.26910299003322,4.470067898575455
195.28903654485052,4.347281127851759
195.3089700996678,4.233263573837298
195.32890365448506,4.128402825992766
195.34883720930233,4.033057405852141
195.3687707641196,3.9475463663117463
195.3887043189369,3.8721384277838142
195.40863787375417,3.8070412715373974
195.42857142857142,3.752391740695541
195.44850498338872,3.7082477613374762
195.468438538206,3.6745827616040834
195.48837209302326,3.6512832215470596
195.50830564784056,3.638149738410487
195.5282392026578,3.6349016726945367
195.5481727574751,3.641185099912214
195.56810631229237,3.656583488309997
195.58803986710964,3.680630303043309
195.6079734219269,3.7128226315677626
195.62790697674419,3.752634937250428
195.64784053156149,3.7995321594849294
195.66777408637876,3.852981555356605
195.687707641196,3.912462882329881
195.7076411960133,3.977476720287037
195.72757475083057,4.047550901160284
195.74750830564787,4.122245143226874
195.76744186046514,4.201154072460056
195.78737541528238,4.283908859478898
195.80730897009968,4.370177715546219
195.82724252491695,4.459665483677892
195.84717607973425,4.552112539531412
195.8671096345515,4.647293188075583
195.88704318936877,4.745013711052085
195.90697674418607,4.845110190201301
195.92691029900334,4.9474462040571785
195.9468438538206,5.051910472731598
195.96677740863788,5.158414505739908
195.98671096345515,5.266890292378362
196.00664451827245,5.3772880620386045
196.02657807308972,5.489574132625265
196.04651162790697,5.603728858410287
196.06644518272427,5.719744683727296
196.08637873754154,5.837624305453874
196.10631229235884,5.95737894489019
196.12624584717608,6.0790267281236945
196.14617940199335,6.202591173036992
196.16611295681065,6.3280997805869585
196.18604651162792,6.455582727717692
196.2059800664452,6.585071659164722
196.22591362126246,6.716598575388763
196.24584717607974,6.850194813891432
196.26578073089703,6.985890121179804
196.2857142857143,7.123711812640389
196.30564784053155,7.263684017546499
196.32558139534885,7.405827006353581
196.34551495016612,7.550156597337156
196.36544850498342,7.696683639504757
196.38538205980066,7.845413568573907
196.40531561461793,7.996346032662516
196.42524916943523,8.149474584195245
196.4451827242525,8.304786434397395
196.4651162790698,8.462262266634617
196.48504983388705,8.62187610476834
196.50498338870432,8.783595232636861
196.52491694352162,8.947380160744888
196.5448504983389,9.113184636249892
196.56478405315616,9.280955692373142
196.58471760797343,9.450633733434682
196.6046511627907,9.62215265181331
196.624584717608,9.795439973261029
196.64451827242524,9.97041702715381
196.66445182724254,10.146999138432097
196.68438538205982,10.325095838171748
196.7043189368771,10.504611089924724
196.7242524916944,10.68544352917486
196.74418604651163,10.867486713463881
196.7641196013289,11.050629380952984
196.7840531561462,11.234755715392797
196.80398671096347,11.41974561567686
196.82392026578074,11.605474968348727
196.843853820598,11.791815921618626
196.86378737541528,11.978637159621194
196.88372093023258,12.165804175809678
196.90365448504983,12.353179544534466
196.92358803986713,12.540623189993472
196.9435215946844,12.727992651869574
196.96345514950167,12.915143347085875
196.98338870431897,13.101928827212976
197.0033222591362,13.288201031155207
197.02325581395348,13.47381053282406
197.04318936877078,13.65860678357895
197.06312292358805,13.842438349277842
197.08305647840533,14.025153141833707
197.1029900332226,14.206598645219206
197.12292358803987,14.386622135900355
197.14285714285717,14.565070897713023
197.1627906976744,14.741792431222414
197.1827242524917,14.916634657628025
197.20265780730898,15.089446117293745
197.22259136212625,15.260076162996583
197.24252491694355,15.428375147997752
197.2624584717608,15.594194609047568
197.2823920265781,15.757387444440537
197.30232558139537,15.91780808724042
197.32225913621264,16.075312673796496
197.3421926910299,16.22975920767233
197.36212624584718,16.38100771910779
197.38205980066448,16.528920420133108
197.40199335548175,16.67336185545169
197.421926910299,16.814199049205587
197.4418604651163,16.951301647734677
197.46179401993356,17.084542058437556
197.48172757475083,17.213795584838902
197.50166112956813,17.338940557965408
197.52159468438538,17.459858464129216
197.54152823920268,17.576434069215665
197.56146179401995,17.688555539569553
197.58139534883722,17.796114559572555
197.6013289036545,17.89900644600288
197.62126245847176,17.99713025926724
197.64119601328906,18.09038891159476
197.66112956810633,18.178689272282394
197.68106312292358,18.26194227008189
197.70099667774087,18.340062992819618
197.72093023255815,18.412970784341788
197.74086378737542,18.48058933888027
197.76079734219272,18.542846792936594
197.78073089700996,18.599675814785336
197.80066445182726,18.651013691702136
197.82059800664453,18.69680241502595
197.8405315614618,18.7369887631708
197.86046511627907,18.77152438270791
197.88039867109634,18.80036586764599
197.90033222591364,18.823474837044387
197.92026578073092,18.8408180111022
197.9401993355482,18.85236728587496
197.96013289036546,18.858099806779666
197.98006644518273,18.857998041059755
198.00000000000003,18.85204984939169
198.0199335548173,18.8402485568272
198.03986710963454,18.82259302327713
198.05980066445184,18.79908771375614
198.0797342192691,18.769742768621555
198.0996677740864,18.734574074053896
198.11960132890366,18.693603333042223
198.13953488372093,18.646858137153114
198.15946843853823,18.59437203937875
198.1794019933555,18.53618462837639
198.19933554817277,18.472341604428884
198.21926910299004,18.402894857473566
198.2392026578073,18.32790254756417
198.2591362126246,18.24742918814792
198.27906976744188,18.161545732556714
198.29900332225913,18.070329664127193
198.31893687707642,17.973865090378972
198.3388704318937,17.872242841692923
198.358803986711,17.76556057494117
198.37873754152824,17.653922882527038
198.3986710963455,17.537441407294853
198.4186046511628,17.416234963765756
198.43853820598008,17.290429666144394
198.45847176079735,17.160159063521537
198.47840531561462,17.025564282666195
198.4983388704319,16.88679417875646
198.5182724252492,16.744005494337163
198.53820598006646,16.597363026711697
198.5581395348837,16.44703980387122
198.578073089701,16.293217268931762
198.59800664451828,16.136085472884126
198.61794019933558,15.975843275256445
198.63787375415282,15.812698552038354
198.6578073089701,15.646868409911512
198.6777408637874,15.478579405465224
198.69767441860466,15.308067767639294
198.71760797342196,15.135579621119353
198.7375415282392,14.961371207802127
198.75747508305648,14.785709102739887
198.77740863787378,14.608870420153535
198.79734219269105,14.43114300416408
198.81727574750832,14.252825597824407
198.8372093023256,14.074227982832463
198.85714285714286,13.895671080972797
198.87707641196016,13.717487006870586
198.8970099667774,13.54001906006439
198.9169435215947,13.363621642734078
198.93687707641197,13.188660087696709
198.95681063122925,13.01551037955825
198.97674418604655,12.844558750257423
198.9966777408638,12.676201128755638
199.01661129568106,12.510842423435959
199.03654485049836,12.348895615023036
199.05647840531563,12.190780637700499
199.0764119601329,12.036923026779604
199.09634551495017,11.887752312979101
199.11627906976744,11.743700146329438
199.13621262458474,11.605198137123196
199.156146179402,11.472675407370877
199.1760797342193,11.346555853997737
199.19601328903656,11.22725513454986
199.21594684385383,11.11517739735432
199.23588039867113,11.010711790628699
199.25581395348837,10.914228798506318
199.27574750830564,10.82607646569152
199.29568106312294,10.746576585661066
199.3156146179402,10.676020939017137
199.33554817275748,10.614667677734246
199.35548172757476,10.56273795659993
199.37541528239203,10.520412914231438
199.39534883720933,10.487831102006524
199.41528239202657,10.46508644978177
199.43521594684387,10.45222684252776
199.45514950166114,10.449253362599114
199.4750830564784,10.456120229337174
199.4950166112957,10.472735442497964
199.51495016611295,10.49896211026136
199.53488372093025,10.53462041802141
199.55481727574752,10.579490172380423
199.5747508305648,10.633313837085206
199.59468438538207,10.6957999649707
199.61461794019934,10.766626922763654
199.63455149501664,10.845446803827457
199.6544850498339,10.93188942715888
199.67441860465118,11.025566328411335
199.69435215946845,11.126074659438885
199.71428571428572,11.233000925761518
199.734219269103,11.34592450539478
199.7541528239203,11.464420906719857
199.77408637873754,11.588064736710727
199.79401993355484,11.716432363293027
199.8139534883721,11.849104266490796
199.83388704318938,11.985667082109652
199.85382059800665,12.125715348951251
199.87375415282392,12.268852976014955
199.89368770764122,12.414694449967445
199.9136212624585,12.562865805549762
199.93355481727576,12.713005382771536
199.95348837209303,12.864764394945222
199.9734219269103,13.017807331060256
199.99335548172758,13.171812214887394
200.01328903654488,13.326470741711216
200.03322259136212,13.481488311858515
200.05315614617942,13.63658397833825
200.0730897009967,13.791490324026672
200.09302325581396,13.945953281985643
200.11295681063123,14.099731910741994
200.1328903654485,14.252598134711967
200.1528239202658,14.404336458447318
200.17275747508307,14.554743662016607
200.19269102990035,14.703628483618653
200.21262458471762,14.850811294451457
200.2325581395349,14.996123769921322
200.2524916943522,15.139408560464084
200.27242524916946,15.280518964552433
200.2923588039867,15.41931860586877
200.312292358804,15.555681116120413
200.33222591362127,15.689489824552703
200.35215946843857,15.820637454865338
200.37209302325581,15.94902582994798
200.3920265780731,16.07456558461553
200.41196013289039,16.197175886332786
200.43189368770766,16.316784163765863
200.45182724252493,16.433325842878517
200.4717607973422,16.546744090199173
200.49169435215947,16.656989562815443
200.51162790697677,16.764020164602975
200.53156146179404,16.867800808160965
200.55149501661128,16.968303181906265
200.57142857142858,17.065505521766998
200.59136212624585,17.159392386915705
200.61129568106315,17.24995443898756
200.6312292358804,17.33718822424068
200.65116279069767,17.421095958132153
200.67109634551497,17.501685311803335
200.69102990033224,17.578969199991565
200.7109634551495,17.652965569910982
200.73089700996678,17.72369719067351
200.75083056478405,17.79119144285041
200.77076411960135,17.855480107806358
200.79069767441862,17.91659915647002
200.81063122923587,17.974588537239086
200.83056478405317,18.02949196275195
200.85049833887044,18.08135669529391
200.87043189368774,18.130233330641946
200.89036544850498,18.17617558018941
200.91029900332225,18.219240051229797
200.93023255813955,18.259486025317603
200.95016611295682,18.29697523466354
200.97009966777412,18.331771636561637
200.99003322259136,18.363941185886222
201.00996677740864,18.393551605738413
201.02990033222594,18.420672156362972
201.0498338870432,18.445373402498785
201.06976744186048,18.467726979368198
201.08970099667775,18.487805357552784
201.10963455149502,18.505681607045066
201.12956810631232,18.5214291608074
201.14950166112956,18.535121578210173
201.16943521594686,18.546832308761562
201.18936877076413,18.556634456579705
201.2093023255814,18.564600546095615
201.2292358803987,18.57080228951025
201.24916943521595,18.575310356562223
201.26910299003322,18.578194147193052
201.28903654485052,18.579521567724097
201.3089700996678,18.579358811183194
201.32890365448506,18.57777014243914
201.34883720930233,18.574817688818108
201.3687707641196,18.570561236887414
201.3887043189369,18.56505803609862
201.40863787375417,18.558362609983647
201.42857142857144,18.550526575593356
201.44850498338872,18.541598471858915
201.468438538206,18.53162359754108
201.4883720930233,18.5206438594117
201.50830564784053,18.508697631285184
201.5282392026578,18.4958196244853
201.5481727574751,18.48204077029519
201.56810631229237,18.467388114894824
201.58803986710964,18.451884727242483
201.6079734219269,18.435549620303597
201.62790697674419,18.418397685973282
201.64784053156149,18.400439643978185
201.66777408637876,18.381682004978835
201.68770764119603,18.362127048027443
201.7076411960133,18.341772812467127
201.72757475083057,18.320613104288892
201.74750830564787,18.298637516892118
201.7674418604651,18.27583146612416
201.7873754152824,18.252176239405
201.80730897009968,18.22764905867532
201.82724252491695,18.202223156840496
201.84717607973423,18.175867867320395
201.8671096345515,18.14854872625543
201.8870431893688,18.12022758686434
201.90697674418607,18.090862745398002
201.92691029900334,18.060409078088103
201.9468438538206,18.028818188448664
201.96677740863788,17.99603856425344
201.98671096345515,17.96201574348279
202.00664451827245,17.926692488510202
202.0265780730897,17.890008967780766
202.046511627907,17.8519029442224
202.06644518272427,17.812309969624092
202.08637873754154,17.7711635842154
202.1063122923588,17.72839552068566
202.12624584717608,17.683935911891858
202.14617940199338,17.637713501518327
202.16611295681065,17.58965585697054
202.18604651162792,17.53968958380863
202.2059800664452,17.48774054105261
202.22591362126246,17.433734056721573
202.24584717607974,17.37759514300174
202.26578073089703,17.319248710473612
202.28571428571428,17.258619780865523
202.30564784053158,17.195633697840243
202.32558139534885,17.13021633536104
202.34551495016612,17.062294303225137
202.3654485049834,16.991795149394356
202.38538205980066,16.918647558794934
202.40531561461796,16.842781548301197
202.42524916943523,16.764128657659935
202.4451827242525,16.68262213615502
202.46511627906978,16.598197124853606
202.48504983388705,16.51079083431691
202.50498338870435,16.420342717700162
202.52491694352162,16.326794639206895
202.54485049833886,16.230091037903748
202.56478405315616,16.13017908694212
202.58471760797343,16.02700884827358
202.60465116279073,15.920533422986336
202.62458471760797,15.81070909743109
202.64451827242524,15.697495485346003
202.66445182724254,15.580855666233202
202.68438538205982,15.460756320283215
202.7043189368771,15.337167860189476
202.72425249169436,15.210064560243465
202.74418604651163,15.079424683152247
202.76411960132893,14.945230605075139
202.7840531561462,14.807468939435939
202.80398671096344,14.66613066013183
202.82392026578074,14.521211224831754
202.843853820598,14.372710699135723
202.8637873754153,14.220633882455031
202.88372093023258,14.064990436571396
202.90365448504983,13.905795017944339
202.92358803986713,13.743067414961116
202.9435215946844,13.576832691465636
202.96345514950167,13.40712133806415
202.98338870431894,13.233969432889587
203.0033222591362,13.057418813716454
203.0232558139535,12.877517263558968
203.04318936877078,12.694318712160621
203.06312292358803,12.507883456099922
203.08305647840533,12.318278400600512
203.1029900332226,12.125577326551758
203.1229235880399,11.929861186726509
203.14285714285717,11.731218435735464
203.1627906976744,11.529745398893443
203.1827242524917,11.325546685903296
203.20265780730898,11.118735656102048
203.22259136212628,10.909434942974771
203.24252491694352,10.697777046740635
203.2624584717608,10.483905005066944
203.2823920265781,10.267973153386459
203.30232558139537,10.050147987892231
203.32225913621264,9.830609146071302
203.3421926910299,9.609550521612002
203.36212624584718,9.387181532665483
203.38205980066448,9.163728564722753
203.40199335548175,8.939436611713894
203.42192691029902,8.714571141224095
203.4418604651163,8.489420211755993
203.46179401993356,8.264296871445579
203.48172757475086,8.039541868102528
203.5016611295681,7.815526699224748
203.52159468438538,7.592657026765581
203.54152823920268,7.371376473553231
203.56146179401995,7.152170804502443
203.58139534883722,6.93557247360356
203.6013289036545,6.722165483846794
203.62126245847176,6.512590457641082
203.64119601328906,6.307549745087129
203.66112956810633,6.107812301474482
203.6810631229236,5.914217938950636
203.70099667774087,5.72768039807231
203.72093023255815,5.549188495679943
203.74086378737545,5.379804398524546
203.7607973421927,5.220657874788513
203.78073089700996,5.072935236681332
203.80066445182726,4.937861680014194
203.82059800664453,4.816675945671994
203.8405315614618,4.7105967719725825
203.86046511627907,4.6207815428295715
203.88039867109634,4.548278845521736
203.90033222591364,4.49397817364218
203.92026578073092,4.458561420419403
203.9401993355482,4.442461663535165
203.96013289036546,4.445834626213438
203.98006644518273,4.468546908878061
204.00000000000003,4.510182787292855
204.01993355481727,4.570068602562739
204.03986710963457,4.647311247901813
204.05980066445184,4.740845610984575
204.0797342192691,4.849485354190291
204.09966777408638,4.971972013057542
204.11960132890366,5.107018693005115
204.13953488372096,5.253346189051497
204.15946843853823,5.409710767766734
204.1794019933555,5.574923920386539
204.19933554817277,5.747865062239231
204.21926910299004,5.927488463451563
204.2392026578073,6.112825744484325
204.2591362126246,6.302985157626771
204.27906976744185,6.4971486843457065
204.29900332225915,6.694567765343985
204.31893687707642,6.8945582792019
204.3388704318937,7.09649521301795
204.35880398671097,7.299807329655543
204.37873754152824,7.5039720297204635
204.39867109634554,7.708510527878232
204.4186046511628,7.912983407251993
204.43853820598008,8.116986577275169
204.45847176079735,8.320147635054957
204.47840531561462,8.52212261442231
204.4983388704319,8.72259309760642
204.5182724252492,8.921263659782733
204.53820598006644,9.117859615076569
204.55813953488374,9.312125032871176
204.578073089701,9.503820994710246
204.59800664451828,9.692724064181968
204.61794019933558,9.878624944578325
204.63787375415282,10.06132730161597
204.65780730897012,10.240646730943352
204.6777408637874,10.41640985246135
204.69767441860466,10.588453515607025
204.71760797342193,10.756624101675467
204.7375415282392,10.920776910978324
204.7574750830565,11.080775624169616
204.77740863787378,11.23649182841986
204.79734219269102,11.387804600306039
204.81727574750832,11.534600138322869
204.8372093023256,11.676771438826519
204.8571428571429,11.814218010011084
204.87707641196016,11.946845619205192
204.8970099667774,12.074566069373194
204.9169435215947,12.19729700122503
204.93687707641197,12.3149617177905
204.95681063122925,12.427489028707113
204.97674418604652,12.534813111812596
204.9966777408638,12.636873389931857
205.0166112956811,12.733614421008394
205.03654485049836,12.824985799957712
205.0564784053156,12.91094207081921
205.0764119601329,12.99144264795783
205.09634551495017,13.066451745219569
205.11627906976747,13.135938312080242
205.13621262458474,13.199875975945563
205.156146179402,13.258242989865908
205.1760797342193,13.311022185022349
205.19601328903656,13.358200927423574
205.21594684385383,13.399771078327268
205.2358803986711,13.43572895796586
205.25581395348837,13.466075312216171
205.27574750830567,13.490815281906384
205.29568106312294,13.509958374502602
205.31561461794018,13.52351843796212
205.33554817275748,13.531513636581133
205.35548172757476,13.53396642870295
205.37541528239205,13.530903546187732
205.39534883720933,13.522355975577955
205.41528239202657,13.508358940924955
205.43521594684387,13.488951888271702
205.45514950166114,13.464178471815487
205.47508305647844,13.43408654180185
205.49501661129568,13.398728134227865
205.51495016611295,13.358159462459676
205.53488372093025,13.312440910895234
205.55481727574752,13.261637030829304
205.5747508305648,13.20581653870433
205.59468438538207,13.145052316956868
205.61461794019934,13.07942141769623
205.63455149501664,13.009005069479311
205.6544850498339,12.933888687472894
205.67441860465118,12.854161887323182
205.69435215946845,12.769918503080698
205.71428571428572,12.681256609557897
205.73421926910302,12.588278549525857
205.75415282392026,12.491090966186144
205.77408637873754,12.389804841382674
205.79401993355484,12.284535540047312
205.8139534883721,12.175402861399986
205.83388704318938,12.062531097449819
205.85382059800665,11.946049099366387
205.87375415282392,11.82609035230898
205.89368770764122,11.702793059315159
205.9136212624585,11.576300234856038
205.93355481727576,11.446759808662332
205.95348837209303,11.314324740409596
205.9734219269103,11.179153145819601
205.9933554817276,11.041408434683692
206.01328903654485,10.901259461237599
206.03322259136212,10.758880687210066
206.05315614617942,10.614452357722007
206.0730897009967,10.468160690020664
206.09302325581396,10.320198074783695
206.11295681063123,10.170763289409681
206.1328903654485,10.020061722310695
206.1528239202658,9.868305606723165
206.17275747508307,9.715714261938276
206.19269102990035,9.562514339102227
206.21262458471762,9.40894006783015
206.2325581395349,9.255233498791359
206.2524916943522,9.101644736137777
206.27242524916943,8.948432152139125
206.29235880398673,8.795862574642081
206.312292358804,8.644211435973668
206.33222591362127,8.493762869661191
206.35215946843857,8.34480973885718
206.37209302325581,8.197653577672154
206.39202657807311,8.052604423797385
206.41196013289039,7.909980517945654
206.43189368770766,7.770107842900272
206.45182724252493,7.633319472548205
206.4717607973422,7.499954699450853
206.49169435215947,7.370357908613684
206.51162790697677,7.244877165557661
206.531561461794,7.123862489025328
206.5514950166113,7.0076637831590185
206.57142857142858,6.896628411236203
206.59136212624585,6.791098403432973
206.61129568106315,6.691407304849964
206.6312292358804,6.597876687166412
206.6511627906977,6.510812367430476
206.67109634551497,6.4305003998573955
206.69102990033224,6.357202929817373
206.7109634551495,6.291154021698245
206.73089700996678,6.232555591884306
206.75083056478405,6.1815735923541935
206.77076411960135,6.138334597092249
206.7906976744186,6.10292294076056
206.8106312292359,6.075378545781452
206.83056478405317,6.055695550072145
206.85049833887044,6.043821814304509
206.87043189368774,6.039659347074065
206.89036544850498,6.043065642052786
206.91029900332228,6.053855876920972
206.93023255813955,6.071805883506411
206.95016611295682,6.096655765488422
206.9700996677741,6.128114016698874
206.99003322259136,6.165861980719407
207.00996677740866,6.209558491125568
207.02990033222594,6.25884454023939
207.04983388704318,6.313347840673033
207.06976744186048,6.372687165864068
207.08970099667775,6.436476380704958
207.10963455149505,6.5043280989447405
207.12956810631232,6.575856928391144
207.14950166112956,6.6506822866856545
207.16943521594686,6.728430788714767
207.18936877076413,6.808738221189688
207.2093023255814,6.891251130593259
207.22923588039868,6.975628057852143
207.24916943521595,7.061540457211914
207.26910299003325,7.14867333842118
207.28903654485052,7.236725671026845
207.30897009966776,7.325410587870627
207.32890365448506,7.414455422213779
207.34883720930233,7.503601609683617
207.36877076411963,7.592604482731376
207.3887043189369,7.681232981741703
207.40863787375415,7.769269303499614
207.42857142857144,7.856508504507603
207.44850498338872,7.942758073715925
207.468438538206,8.027837486615018
207.48837209302326,8.111577750345983
207.50830564784053,8.193820947505458
207.52823920265783,8.274419784633865
207.5481727574751,8.353237149956467
207.56810631229234,8.430145683765256
207.58803986710964,8.505027363858085
207.6079734219269,8.57777310766099
207.6279069767442,8.648282392023606
207.64784053156149,8.716462891173196
207.66777408637873,8.782230132917093
207.68770764119603,8.84550717287905
207.7076411960133,8.906224286324978
207.7275747508306,8.964318676964398
207.74750830564784,9.019734201993897
207.7674418604651,9.072421112568112
207.7873754152824,9.12233580883389
207.80730897009968,9.169440608638023
207.82724252491695,9.213703529012149
207.84717607973423,9.255098079546098
207.8671096345515,9.29360306677898
207.8870431893688,9.329202408763145
207.90697674418607,9.361884958987241
207.92691029900334,9.391644338878745
207.9468438538206,9.418478778142964
207.96677740863788,9.442390962232444
207.98671096345518,9.463387886277816
208.00664451827242,9.48148071484736
208.0265780730897,9.496684646937712
208.046511627907,9.50901878563147
208.06644518272427,9.518506011889238
208.08637873754157,9.525172861973303
208.1063122923588,9.529049408027767
208.12624584717608,9.530169141365532
208.14617940199338,9.528568858036044
208.16611295681065,9.524288546269284
208.18604651162792,9.517371275410913
208.2059800664452,9.507863085981407
208.22591362126246,9.495812880507923
208.24584717607976,9.481272314792141
208.265780730897,9.464295689290346
208.28571428571428,9.444939840293715
208.30564784053158,9.423264030607424
208.32558139534885,9.399329839436858
208.34551495016615,9.37320105119806
208.3654485049834,9.344943542978159
208.38538205980066,9.314625170379156
208.40531561461796,9.282315651486805
208.42524916943523,9.248086448714117
208.4451827242525,9.212010648277362
208.46511627906978,9.174162837071744
208.48504983388705,9.134618976723653
208.50498338870435,9.093456274607611
208.5249169435216,9.05075305162879
208.5448504983389,9.006588606586183
208.56478405315616,8.96104307694842
208.58471760797343,8.91419729589294
208.60465116279073,8.866132645481285
208.62458471760797,8.816930905867972
208.64451827242527,8.766674100468768
208.66445182724254,8.715444337046119
208.68438538205982,8.663323644705377
208.7043189368771,8.610393806835342
208.72425249169436,8.556736190071133
208.74418604651163,8.50243156940597
208.76411960132893,8.447559949631685
208.78405315614617,8.392200383345337
208.80398671096347,8.336430785821022
208.82392026578074,8.280327747111608
208.843853820598,8.223966341814616
208.8637873754153,8.167419937008319
208.88372093023256,8.110759998939091
208.90365448504986,8.054055899116598
208.92358803986713,7.997374720550268
208.9435215946844,7.940781064935843
208.96345514950167,7.884336861674819
208.98338870431894,7.82810117967968
209.0033222591362,7.772130042983154
209.0232558139535,7.716476251228396
209.04318936877075,7.661189206167197
209.06312292358805,7.606314745333762
209.08305647840533,7.5518949840899765
209.1029900332226,7.497968167253626
209.1229235880399,7.444568531521381
209.14285714285714,7.391726179883105
209.16279069767444,7.339466969191724
209.1827242524917,7.287812412002695
209.20265780730898,7.236779593729417
209.22259136212625,7.1863811060747445
209.24252491694352,7.136624997595502
209.26245847176082,7.087514742137154
209.2823920265781,7.03904922574047
209.30232558139534,6.991222752473861
209.32225913621264,6.944025069485397
209.3421926910299,6.89744141140033
209.3621262458472,6.851452564015919
209.38205980066448,6.806034947068715
209.40199335548172,6.761160715673029
209.42192691029902,6.716797879856891
209.4418604651163,6.672910441455908
209.46179401993356,6.629458547469581
209.48172757475083,6.58639865884158
209.5016611295681,6.543683733497357
209.5215946843854,6.5012634223618
209.54152823920268,6.459084276987869
209.56146179401992,6.4170899673555315
209.58139534883722,6.375221508349522
209.6013289036545,6.333417493394712
209.6212624584718,6.291614333719091
209.64119601328906,6.249746501725444
209.6611295681063,6.207746776983026
209.6810631229236,6.1655464933983914
209.70099667774087,6.123075786188007
209.72093023255815,6.080263837352741
209.74086378737542,6.037039118443777
209.7607973421927,5.993329629508217
209.78073089701,5.9490631332093225
209.80066445182726,5.90416738322812
209.82059800664453,5.858570346168576
209.8405315614618,5.812200416305431
209.86046511627907,5.76498662263078
209.88039867109637,5.71685882777119
209.90033222591364,5.667747918459933
209.9202657807309,5.617585987358702
209.9401993355482,5.5663065061284085
209.96013289036546,5.513844489749831
209.98006644518276,5.460136652191239
210.0,5.405121553612221
210.01993355481727,5.348739739381296
210.03986710963457,5.290933871269893
210.05980066445184,5.231648851268303
210.07973421926914,5.170831938551623
210.09966777408638,5.108432860206763
210.11960132890366,5.044403916418035
210.13953488372096,4.978700080900451
210.15946843853823,4.911279097470362
210.1794019933555,4.842101573755621
210.19933554817277,4.771131073176969
210.21926910299004,4.698334206483996
210.23920265780734,4.623680724310187
210.25913621262458,4.54714361243018
210.27906976744185,4.468699191669887
210.29900332225915,4.3883272247497285
210.31893687707642,4.306011032750998
210.33887043189372,4.221737624407349
210.35880398671097,4.135497842067767
210.37873754152824,4.047286528992067
210.39867109634554,3.9571027236761425
210.4186046511628,3.864949888229356
210.43853820598008,3.770836179530879
210.45847176079735,3.6747747740972194
210.47840531561462,3.576784260464578
210.49833887043192,3.4768891166532487
210.51827242524917,3.375120295247488
210.53820598006644,3.27151594522495
210.55813953488374,3.166122308508667
210.578073089701,3.058994841141495
210.5980066445183,2.9501996252050566
210.61794019933555,2.8398151598472308
210.63787375415282,2.7279346505244613
210.65780730897012,2.614668958392769
210.6777408637874,2.5001504318931667
210.69767441860466,2.3845379275141316
210.71760797342193,2.2680234473607213
210.7375415282392,2.15084099302534
210.7574750830565,2.033278479812807
210.77740863787375,1.915693900637471
210.79734219269105,1.7985374067400854
210.81727574750832,1.6823816057683394
210.8372093023256,1.5679631413183308
210.8571428571429,1.4562393321103155
210.87707641196013,1.3484637240230233
210.89700996677743,1.2462822939316114
210.9169435215947,1.1518442585658841
210.93687707641197,1.0679016289173027
210.95681063122925,0.9978325902188279
210.97674418604652,0.9454708148119876
210.9966777408638,0.9146064864943609
211.0166112956811,0.9081548026533927
211.03654485049833,0.9273008031530391
211.05647840531563,0.9711454800514646
211.0764119601329,1.0371054410666098
211.09634551495017,1.1217605050910031
211.11627906976747,1.2216380355160863
211.13621262458472,1.3336693380404527
211.15614617940201,1.455342869079808
211.1760797342193,1.5846834894303956
211.19601328903656,1.7201643901035892
211.21594684385383,1.860609039764042
211.2358803986711,2.005105829689145
211.25581395348837,2.152940772406604
211.27574750830567,2.303546812403602
211.29568106312294,2.4564664331875328
211.3156146179402,2.6113242788304722
211.33554817275748,2.7678071094630696
211.35548172757476,2.925649065275035
211.37541528239205,3.084620762489552
211.3953488372093,3.2445211621086436
211.4152823920266,3.40517145581157
211.43521594684387,3.5664104297277492
211.45514950166114,3.7280909196840586
211.4750830564784,3.8900770793931208
211.49501661129568,4.052242259348636
211.51495016611298,4.214467348430415
211.53488372093025,4.3766394690231785
211.55481727574752,4.538650944412627
211.5747508305648,4.7003984775256455
211.59468438538207,4.861782494940867
211.61461794019937,5.022706621058036
211.63455149501664,5.183077255464822
211.65448504983388,5.342803232646061
211.67441860465118,5.501795547789885
211.69435215946845,5.659967135949737
211.71428571428572,5.817232694504481
211.734219269103,5.973508540927655
211.75415282392026,6.128712499481345
211.77408637873756,6.282763811703457
211.79401993355484,6.43558306654113
211.8139534883721,6.587092146760501
211.83388704318938,6.737214188880716
211.85382059800665,6.885873554373144
211.87375415282395,7.032995810262816
211.89368770764122,7.178507717588463
211.91362126245846,7.322337226436349
211.93355481727576,7.464413476474067
211.95348837209303,7.604666802082669
211.9734219269103,7.743028741327347
211.99335548172758,7.879432048123578
212.01328903654485,8.013810707052375
212.03322259136215,8.146099950358842
212.05315614617942,8.276236276735233
212.0730897009967,8.404157471546052
212.09302325581396,8.529802628199917
212.11295681063123,8.65311217041299
212.13289036544853,8.774027875142279
212.1528239202658,8.892492895996188
212.17275747508305,9.008451786953868
212.19269102990035,9.121850526246124
212.21262458471762,9.232636540268448
212.23255813953492,9.340758727412473
212.25249169435216,9.44616748171535
212.27242524916943,9.548814716238427
212.29235880398673,9.64865388609664
212.312292358804,9.745640011068957
212.3322259136213,9.839729697728057
212.35215946843854,9.930881161034325
212.37209302325581,10.01905424534538
212.39202657807311,10.104210444797651
212.41196013289039,10.186312923021745
212.43189368770766,10.265326532157198
212.45182724252493,10.341217831136747
212.4717607973422,10.413955103213373
212.4916943521595,10.483508372706922
212.51162790697674,10.549849420950073
212.531561461794,10.612951801416155
212.5514950166113,10.672790854013924
212.57142857142858,10.72934371853691
212.59136212624588,10.782589347257106
212.61129568106313,10.832508516655034
212.6312292358804,10.879083838280156
212.6511627906977,10.922299768737727
212.67109634551497,10.962142618799882
212.69102990033224,10.998600561640762
212.7109634551495,11.031663640197202
212.73089700996678,11.061323773658179
212.75083056478408,11.087574763088078
212.77076411960132,11.1104122961905
212.7906976744186,11.129833951220904
212.8106312292359,11.14583920005835
212.83056478405317,11.158429410447955
212.85049833887047,11.167607847427764
212.8704318936877,11.173379673955154
212.89036544850498,11.175751950749879
212.91029900332228,11.174733635372537
212.93023255813955,11.170335580559108
212.95016611295682,11.16257053183419
212.9700996677741,11.151453124427295
212.99003322259136,11.13699987951883
213.00996677740866,11.11922919984422
213.02990033222594,11.098161364686995
213.0498338870432,11.073818524293722
213.06976744186048,11.046224693746069
213.08970099667775,11.01540574632778
213.10963455149505,10.981389406426796
213.1295681063123,10.944205242015421
213.1495016611296,10.903884656754316
213.16943521594686,10.86046088176898
213.18936877076413,10.813968967150489
213.2093023255814,10.764445773235543
213.22923588039868,10.711929961724273
213.24916943521595,10.656461986697972
213.26910299003325,10.598084085602624
213.28903654485052,10.536840270268367
213.3089700996678,10.472776318039012
213.32890365448506,10.405939763090588
213.34883720930233,10.336379888022428
213.36877076411963,10.264147715809498
213.38870431893687,10.189296002209932
213.40863787375417,10.11187922872738
213.42857142857144,10.031953596233746
213.44850498338872,9.949577019363922
213.468438538206,9.864809121800931
213.48837209302326,9.777711232576342
213.50830564784053,9.68834638351819
213.52823920265783,9.596779307985763
213.5481727574751,9.50307644103834
213.56810631229237,9.40730592119245
213.58803986710964,9.3095375939303
213.6079734219269,9.209843017129712
213.6279069767442,9.108295468593681
213.64784053156146,9.004969955865208
213.66777408637876,8.899943228520053
213.68770764119603,8.793293793136662
213.7076411960133,8.685101931147624
213.72757475083057,8.575449719781485
213.74750830564784,8.46442105630587
213.76744186046514,8.352101685782944
213.7873754152824,8.238579232545172
213.80730897009968,8.12394323559268
213.82724252491695,8.008285188101624
213.84717607973423,7.891698581215477
213.86710963455153,7.774278952266035
213.8870431893688,7.656123937536484
213.90697674418604,7.537333329633758
213.92691029900334,7.418009139477923
213.9468438538206,7.298255662841445
213.96677740863788,7.178179551275719
213.98671096345515,7.057889887143926
214.00664451827242,6.937498262332913
214.02657807308972,6.8171188600379
214.046511627907,6.696868538796221
214.06644518272427,6.576866917684788
214.08637873754154,6.457236461282998
214.1063122923588,6.338102562631745
214.1262458471761,6.2195936219825985
214.14617940199338,6.101841118622279
214.16611295681062,5.984979672468817
214.18604651162792,5.869147091463471
214.2059800664452,5.75448440002193
214.22591362126246,5.641135842961303
214.24584717607974,5.529248858390467
214.265780730897,5.418974012053367
214.2857142857143,5.310464884569034
214.30564784053158,5.203877901952348
214.32558139534885,5.0993720987739914
214.34551495016612,4.997108802392886
214.3654485049834,4.897251225956146
214.3853820598007,4.7999639574189334
214.40531561461796,4.7054123318214
214.4252491694352,4.613761674622812
214.4451827242525,4.525176405202658
214.46511627906978,4.439818991864855
214.48504983388708,4.357848752987165
214.50498338870432,4.279420503471831
214.5249169435216,4.20468305144569
214.5448504983389,4.1337775572082265
214.56478405315616,4.066835774590141
214.58471760797346,4.003978203867893
214.6046511627907,3.9453121947165983
214.62458471760797,3.890930046740105
214.64451827242527,3.840907163116642
214.66445182724254,3.795300318975807
214.68438538205982,3.754146109414371
214.7043189368771,3.7174596418097865
214.72425249169436,3.6852335327798187
214.74418604651166,3.657437261585494
214.76411960132893,3.6340169192252727
214.78405315614617,3.614895376609976
214.80398671096347,3.5999728771333275
214.82392026578074,3.589128040047523
214.84385382059804,3.5822192428343644
214.86378737541528,3.5790863346887285
214.88372093023256,3.5795526205202837
214.90365448504986,3.58342704636796
214.92358803986713,3.5905065131835046
214.9435215946844,3.6005782464816134
214.96345514950167,3.613422153870877
214.98338870431894,3.6288131101692387
215.00332225913624,3.6465231196979495
215.0232558139535,3.666323316432044
215.04318936877075,3.6879857740330064
215.06312292358805,3.7112851086243026
215.08305647840533,3.7359998669162393
215.10299003322262,3.761913700574242
215.12292358803987,3.7888163343769428
215.14285714285714,3.816504340710329
215.16279069767444,3.8447817363930423
215.1827242524917,3.873460419906515
215.20265780730898,3.9023604680335118
215.22259136212625,3.9313103109256025
215.24252491694352,3.9601468039502836
215.26245847176082,3.98871521351585
215.2823920265781,4.016869132611739
215.30232558139537,4.0444703401745645
215.32225913621264,4.0713886167067574
215.3421926910299,4.09750152691613
215.3621262458472,4.122694178568041
215.38205980066445,4.146858965283375
215.40199335548175,4.169895299696083
215.42192691029902,4.1917093422119756
215.4418604651163,4.212213729585674
215.46179401993356,4.231327306649247
215.48172757475083,4.248974863774085
215.5016611295681,4.265086882015015
215.5215946843854,4.279599287359922
215.54152823920268,4.292453215075743
215.56146179401995,4.303594784790987
215.58139534883722,4.312974886673237
215.6013289036545,4.320548978838087
215.6212624584718,4.326276895953232
215.64119601328903,4.330122668870378
215.66112956810633,4.332054355020852
215.6810631229236,4.332043879242128
215.70099667774087,4.330066884657021
215.72093023255815,4.326102593200347
215.74086378737542,4.3201336753759385
215.7607973421927,4.312146128827281
215.78073089701,4.302129165314778
215.80066445182726,4.290075105710271
215.82059800664453,4.275979282643176
215.8405315614618,4.25983995046134
215.86046511627907,4.24165820220233
215.88039867109637,4.221437893307187
215.90033222591362,4.199185571847747
215.92026578073092,4.174910415080533
215.9401993355482,4.1486241721849595
215.96013289036546,4.120341113090838
215.98006644518273,4.0900779833508345
216.0,4.0578539650672925
216.0199335548173,4.023690643940757
216.03986710963457,3.9876119825701615
216.05980066445184,3.9496443002024084
216.0797342192691,3.90981625920379
216.09966777408638,3.868158858607648
216.11960132890368,3.8247054351839673
216.13953488372096,3.7794916725783567
216.1594684385382,3.7325556191824996
216.1794019933555,3.683937715527196
216.19933554817277,3.633680832135937
216.21926910299004,3.581830318943636
216.2392026578073,3.528434067575829
216.25913621262458,3.473542588001745
216.27906976744188,3.4172091013245627
216.29900332225915,3.35948965075919
216.31893687707642,3.3004432331769475
216.3388704318937,3.2401319539741116
216.35880398671097,3.1786212084533014
216.37873754152827,3.115979893399797
216.39867109634554,3.052280653095086
216.41860465116278,2.987600164642461
216.43853820598008,2.9220194681871656
216.45847176079735,2.8556243483952928
216.47840531561462,2.788505774404678
216.49833887043192,2.7207604063584663
216.51827242524917,2.6524911775451336
216.53820598006646,2.583807962038451
216.55813953488374,2.514828338463581
216.578073089701,2.4456784609636633
216.59800664451828,2.3764940483833055
216.61794019933555,2.3074215017925064
216.63787375415285,2.2386191582726283
216.65780730897012,2.170258684705084
216.67774086378736,2.102526608218347
216.69767441860466,2.035625968723123
216.71760797342193,1.9697780620031629
216.73754152823923,1.9052242171794744
216.7574750830565,1.8422275178311636
216.77740863787375,1.7810743294985247
216.79734219269105,1.722075436282361
216.81727574750832,1.66556651621918
216.83720930232562,1.6119076031769786
216.85714285714286,1.561481102499473
216.87707641196013,1.5146878678583187
216.89700996677743,1.4719408380813976
216.9169435215947,1.4336558153900003
216.93687707641197,1.4002391834772934
216.95681063122925,1.372072744566198
216.97674418604652,1.3494963898478811
216.99667774086382,1.3327899341369198
217.0166112956811,1.3221559958985505
217.03654485049833,1.317706093251755
217.05647840531563,1.3194519827730449
217.0764119601329,1.3273036317232951
217.0963455149502,1.3410741996989954
217.11627906976744,1.3604912796690092
217.13621262458472,1.3852127264607668
217.15614617940201,1.4148449138832937
217.1760797342193,1.4489612713234241
217.19601328903656,1.487119354152563
217.21594684385383,1.528875308183752
217.2358803986711,1.573795206986436
217.2558139534884,1.6214632434793548
217.27574750830567,1.6714870910931006
217.2956810631229,1.7235009210763514
217.3156146179402,1.7771666086482913
217.33554817275748,1.8321736268678663
217.35548172757478,1.888238052371697
217.37541528239203,1.94510101930172
217.3953488372093,2.002526873509848
217.4152823920266,2.060301206695561
217.43521594684387,2.1182288921445602
217.45514950166114,2.1761321997024026
217.4750830564784,2.233849035586616
217.49501661129568,2.2912313302285328
217.51495016611298,2.3481435822533703
217.53488372093025,2.404461557000676
217.55481727574752,2.460071132097795
217.5747508305648,2.5148672793421367
217.59468438538207,2.5687531706503552
217.61461794019937,2.6216393954723474
217.6345514950166,2.673443277409565
217.6544850498339,2.7240882785239315
217.67441860465118,2.7735034807790377
217.69435215946845,2.8216231350903582
217.71428571428572,2.8683862694971367
217.734219269103,2.9137363489574977
217.75415282392026,2.957620980184723
217.77408637873756,2.9999916557744766
217.79401993355484,3.040803532617686
217.8139534883721,3.0800152402534704
217.83388704318938,3.1175887153968747
217.85382059800665,3.1534890593839973
217.87375415282395,3.187684415719609
217.8936877076412,3.2201458652975306
217.9136212624585,3.2508473371979894
217.93355481727576,3.279765533256685
217.95348837209303,3.3068798648517466
217.9734219269103,3.332172400573728
217.99335548172758,3.355627823633982
218.01328903654485,3.3772333980322715
218.03322259136215,3.3969789426493837
218.05315614617942,3.414856812556915
218.0730897009967,3.4308618869475915
218.09302325581396,3.4449915631873536
218.11295681063123,3.4572457565765804
218.13289036544853,3.4676269054847255
218.15282392026577,3.476139981590139
218.17275747508307,3.482792505017673
218.19269102990035,3.4875945642203443
218.21262458471762,3.4905588404993457
218.23255813953492,3.4917006370991106
218.25249169435216,3.4910379128515947
218.27242524916946,3.488591320376324
218.29235880398673,3.484384248870026
218.312292358804,3.4784428715419162
218.33222591362127,3.470796197767095
218.35215946843854,3.4614761300405945
218.37209302325584,3.450517525817612
218.39202657807311,3.4379582643197315
218.41196013289036,3.423839318371752
218.43189368770766,3.4082048313064286
218.45182724252493,3.3911021989333876
218.4717607973422,3.372582156510641
218.4916943521595,3.3526988705797827
218.51162790697674,3.3315100354246012
218.53156146179404,3.3090769737844625
218.5514950166113,3.2854647412921425
218.57142857142858,3.2607422339067353
218.59136212624585,3.2349822973687385
218.61129568106313,3.2082618374110683
218.63122923588043,3.1806619291086426
218.6511627906977,3.1522679233352537
218.67109634551494,3.1231695478115493
218.69102990033224,3.0934609996686184
218.7109634551495,3.0632410258127756
218.73089700996678,3.0326129866595672
218.75083056478408,3.001684898010625
218.77076411960132,2.9705694449866975
218.79069767441862,2.9393839610197934
218.8106312292359,2.908250363975045
218.83056478405317,2.8772950405574163
218.85049833887044,2.8466486693152553
218.8704318936877,2.8164459718520733
218.890365448505,2.7868253813905715
218.91029900332228,2.7579286177055575
218.93023255813952,2.7299001577785016
218.95016611295682,2.7028865924601924
218.9700996677741,2.677035861093824
218.9900332225914,2.652496358573088
219.00996677740866,2.6294159127816084
219.0299003322259,2.6079406348233127
219.0498338870432,2.5882136498757435
219.06976744186048,2.5703737227464254
219.08970099667778,2.55455379903823
219.10963455149502,2.5408794898583658
219.1295681063123,2.529467534745725
219.1495016611296,2.5204242833599224
219.16943521594686,2.5138442408503563
219.18936877076413,2.5098087241073053
219.2093023255814,2.508384675803382
219.22923588039868,2.509623679962736
219.24916943521598,2.5135612167078243
219.26910299003325,2.5202161850813525
219.2890365448505,2.5295907119710495
219.3089700996678,2.541670252966225
219.32890365448506,2.5564239783944025
219.34883720930236,2.573805425811314
219.3687707641196,2.5937533897575564
219.38870431893687,2.616193011372554
219.40863787375417,2.641037024933464
219.42857142857144,2.66818711573261
219.44850498338872,2.697535343809427
219.468438538206,2.728965590567118
219.48837209302326,2.7623549897232094
219.50830564784056,2.797575309779119
219.52823920265783,2.834494261653493
219.54817275747507,2.872976711768066
219.56810631229237,2.912885787259875
219.58803986710964,2.954083865791104
219.60797342192694,2.996433447427493
219.62790697674419,3.039797910152893
219.64784053156146,3.0840421537659557
219.66777408637876,3.129033139212482
219.68770764119603,3.174640331937202
219.70764119601333,3.220736058706301
219.72757475083057,3.2671957876821733
219.74750830564784,3.3138983414453334
219.76744186046514,3.3607260522659765
219.7873754152824,3.4075648683253164
219.80730897009968,3.4543044188542367
219.82724252491695,3.5008380453567147
219.84717607973423,3.547062805267307
219.86710963455153,3.5928794535895676
219.88704318936877,3.638192407300952
219.90697674418607,3.6829096966046255
219.92691029900334,3.726942906467855
219.9468438538206,3.770207111314346
219.9667774086379,3.8126208052336836
219.98671096345515,3.85410582963153
220.00664451827242,3.894587299866377
220.02657807308972,3.9339935320957653
220.046511627907,3.9722559712823524
220.06644518272427,4.009309121081827
220.08637873754154,4.0450904761451545
220.1063122923588,4.079540457211433
220.1262458471761,4.112602349240545
220.14617940199335,4.14422224273223
220.16611295681065,4.1743489782961305
220.18604651162792,4.202934094473273
220.2059800664452,4.2299317787594894
220.2259136212625,4.255298821743745
220.24584717607974,4.27899457424657
220.265780730897,4.300980907324598
220.2857142857143,4.321222174994275
220.30564784053158,4.33968517952073
220.32558139534885,4.356339139114833
220.34551495016612,4.371155657882296
220.3654485049834,4.384108697872064
220.3853820598007,4.395174553077063
220.40531561461793,4.404331825248009
220.42524916943523,4.4115614013898385
220.4451827242525,4.416846432820514
220.46511627906978,4.420172315682836
220.48504983388708,4.421526672811881
220.50498338870432,4.420899336872661
220.52491694352162,4.418282334695881
220.5448504983389,4.413669872752805
220.56478405315616,4.407058323724269
220.58471760797343,4.398446214133218
220.6046511627907,4.387834213025254
220.624584717608,4.375225121697096
220.64451827242527,4.360623864489333
220.66445182724252,4.344037480677044
220.68438538205982,4.325475117509849
220.7043189368771,4.304948024472467
220.72425249169436,4.282469548857265
220.74418604651166,4.258055132762685
220.7641196013289,4.231722311655088
220.7840531561462,4.203490714657859
220.80398671096347,4.173382066759752
220.82392026578074,4.141420193165692
220.843853820598,4.107631026047438
220.86378737541528,4.072042613989168
220.88372093023258,4.034685134464994
220.90365448504986,3.995590909731795
220.9235880398671,3.9547944265721946
220.9435215946844,3.912332360380371
220.96345514950167,3.8682436041471155
220.98338870431894,3.8225693029724663
221.00332225913624,3.7753528948138717
221.02325581395348,3.7266401582671396
221.04318936877078,3.676479268276549
221.06312292358805,3.6249208607811214
221.08305647840533,3.5720181074263957
221.1029900332226,3.517826801606564
221.12292358803987,3.4624054572506573
221.14285714285717,3.405815421929052
221.16279069767444,3.3481210060326774
221.18272425249168,3.28938962996563
221.20265780730898,3.22969199148995
221.22259136212625,3.169102255565601
221.24252491694355,3.107698269231365
221.26245847176082,3.045561804264519
221.28239202657807,2.982778830522989
221.30232558139537,2.9194398229918193
221.32225913621264,2.855640105596005
221.34219269102994,2.791480234761811
221.36212624584718,2.7270664254508574
221.38205980066445,2.6625110218778714
221.40199335548175,2.59793301425102
221.42192691029902,2.533458601507938
221.4418604651163,2.4692217979876494
221.46179401993356,2.405365079060624
221.48172757475083,2.3420400566696777
221.50166112956813,2.279408170199232
221.5215946843854,2.2176413707382676
221.54152823920265,2.1569227672715163
221.56146179401995,2.0974471913048682
221.58139534883722,2.0394216217187418
221.60132890365452,1.9830653943387264
221.62126245847176,1.9286101013933283
221.64119601328903,1.8762990660301864
221.66112956810633,1.82638625880617
221.6810631229236,1.7791345103643805
221.70099667774087,1.7348128727382635
221.72093023255815,1.6936929976497725
221.74086378737542,1.6560444411866397
221.76079734219272,1.6221288767341138
221.78073089701,1.5921933047876689
221.80066445182723,1.566462485268529
221.82059800664453,1.5451309714700525
221.8405315614618,1.5283552702855465
221.8604651162791,1.5162467582097974
221.88039867109634,1.5088660129802411
221.90033222591362,1.50621915239952
221.92026578073092,1.508256600892933
221.9401993355482,1.5148744527980875
221.9601328903655,1.5259183143780934
221.98006644518273,1.541189240158913
222.0,1.560451183708272
222.0199335548173,1.5834392885074857
222.03986710963457,1.6098683546730188
222.05980066445184,1.6394409121525668
222.0797342192691,1.6718544773499806
222.09966777408638,1.706807732636107
222.11960132890368,1.7440055184032406
222.13953488372093,1.7831626477099936
222.15946843853823,1.8240066374922341
222.1794019933555,1.8662794993228786
222.19933554817277,1.9097387530492562
222.21926910299007,1.9541578262890815
222.2392026578073,1.999325989352806
222.25913621262458,2.045047954909599
222.27906976744188,2.0911432491350275
222.29900332225915,2.137445439081848
222.31893687707642,2.183801281239977
222.3388704318937,2.2300698394253615
222.35880398671097,2.276121606401265
222.37873754152827,2.321837652789167
222.3986710963455,2.3671088185046014
222.4186046511628,2.41183495573467
222.43853820598008,2.4559242279473077
222.45847176079735,2.4992924662195724
222.47840531561465,2.5418625819809613
222.4983388704319,2.5835640338335653
222.51827242524917,2.624332345231575
222.53820598006646,2.6641086693223963
222.55813953488374,2.702839397051121
222.578073089701,2.740475804620879
222.59800664451828,2.776973736518129
222.61794019933555,2.812293320507113
222.63787375415285,2.8463987112375744
222.6578073089701,2.879257859371441
222.6777408637874,2.910842303400544
222.69767441860466,2.941126981589065
222.71760797342193,2.970090061723735
222.73754152823923,2.9977127865882185
222.75747508305648,3.0239793332938647
222.77740863787378,3.0488766847956335
222.79734219269105,3.0723945121008445
222.81727574750832,3.094525065838711
222.8372093023256,3.115263076003023
222.85714285714286,3.1346056588087072
222.87707641196016,3.152552229717548
222.89700996677743,3.1691044217899553
222.91694352159467,3.18426600860977
222.93687707641197,3.198042831108622
222.95681063122925,3.2104427276870826
222.97674418604652,3.2214754670916372
222.99667774086382,3.231152683561771
223.01661129568106,3.239487813809582
223.03654485049836,3.24649603543716
223.05647840531563,3.252194206434579
223.0764119601329,3.2566008054346787
223.09634551495017,3.2597358724300425
223.11627906976744,3.261620949683733
223.13621262458474,3.262279022588351
223.15614617940201,3.2617344602486638
223.1760797342193,3.260012955581318
223.19601328903656,3.2571414647419674
223.21594684385383,3.253148145705179
223.2358803986711,3.248062295836611
223.2558139534884,3.2419142883097782
223.27574750830564,3.234735507232383
223.29568106312294,3.2265582813592406
223.3156146179402,3.2174158162803854
223.33554817275748,3.207342124985488
223.35548172757476,3.1963719567175826
223.37541528239203,3.184540724042223
223.39534883720933,3.171884428071824
223.4152823920266,3.1584395817996174
223.43521594684387,3.1442431315133335
223.45514950166114,3.1293323762762855
223.4750830564784,3.113744885482026
223.4950166112957,3.0975184145094303
223.51495016611298,3.0806908185274984
223.53488372093022,3.0632999645233805
223.55481727574752,3.0453836416536837
223.5747508305648,3.0269794700476926
223.5946843853821,3.008124808221415
223.61461794019934,2.988856659294277
223.6345514950166,2.9692115762345077
223.6544850498339,2.9492255663954365
223.67441860465118,2.9289339956423195
223.69435215946845,2.908371492408006
223.71428571428572,2.88757185205452
223.734219269103,2.866567941957036
223.7541528239203,2.8453916077651225
223.77408637873756,2.8240735813334337
223.7940199335548,2.802643390849202
223.8139534883721,2.781129273716363
223.83388704318938,2.7595580927845607
223.85382059800668,2.7379552565353182
223.87375415282392,2.716344643855958
223.8936877076412,2.694748534043723
223.9136212624585,2.6731875426870704
223.93355481727576,2.6516805640676266
223.95348837209303,2.6302447207141975
223.9734219269103,2.6088953207185934
223.99335548172758,2.5876458233924846
224.01328903654488,2.5665078138038098
224.03322259136215,2.545490986681727
224.0531561461794,2.524603140119802
224.0730897009967,2.5038501794403496
224.09302325581396,2.48323613150768
224.11295681063126,2.462763169697165
224.1328903654485,2.442431649640895
224.15282392026577,2.422240155781187
224.17275747508307,2.402185558672003
224.19269102990035,2.382263082877411
224.21262458471764,2.3624663852269006
224.2325581395349,2.3427876431022643
224.25249169435216,2.323217652351075
224.27242524916946,2.3037459343495215
224.29235880398673,2.284360851673865
224.312292358804,2.2650497317865845
224.33222591362127,2.2457989981009527
224.35215946843854,2.2265943077578503
224.37209302325584,2.207420695430669
224.3920265780731,2.188262722469183
224.41196013289039,2.1691046307003834
224.43189368770766,2.14993050022382
224.45182724252493,2.1307244105694187
224.47176079734223,2.1114706046270917
224.49169435215947,2.0921536548074946
224.51162790697674,2.07275863095179
224.53156146179404,2.0532712695725506
224.5514950166113,2.0336781440776246
224.57142857142858,2.013966835700793
224.59136212624585,1.9941261049366865
224.61129568106313,1.9741460633495491
224.63122923588043,1.954018345695066
224.65116279069767,1.9337362823578972
224.67109634551497,1.9132950721636157
224.69102990033224,1.8926919556680966
224.7109634551495,1.8719263890581828
224.7308970099668,1.8510002188097985
224.75083056478405,1.829917857239507
224.77076411960132,1.808686459048195
224.79069767441862,1.7873160988845072
224.8106312292359,1.7658199498437235
224.83056478405317,1.7442144626578258
224.85049833887044,1.7225195451137512
224.8704318936877,1.7007587409499034
224.890365448505,1.6789594071131706
224.91029900332228,1.657152887798535
224.93023255813955,1.635374683125859
224.95016611295682,1.613664609623827
224.9700996677741,1.5920669488753416
224.9900332225914,1.5706305797272688
225.00996677740864,1.549409088377639
225.02990033222594,1.5284608494339904
225.0498338870432,1.5078490697103244
225.06976744186048,1.4876417851377837
225.08970099667775,1.4679117997717193
225.10963455149502,1.4487365545831719
225.12956810631232,1.430197912657394
225.1495016611296,1.4123818467585325
225.16943521594686,1.395378015168405
225.18936877076413,1.3792792125077924
225.2093023255814,1.3641806841583506
225.22923588039868,1.3501792961622043
225.24916943521598,1.3373725572768895
225.26910299003322,1.3258574962890726
225.28903654485052,1.3157294056689186
225.3089700996678,1.3070804718875435
225.32890365448506,1.2999983226795127
225.34883720930233,1.2945645314109369
225.3687707641196,1.2908531274943909
225.3887043189369,1.2889291683420474
225.40863787375417,1.2888474315748786
225.42857142857144,1.2906512852396286
225.44850498338872,1.2943717881737378
225.468438538206,1.3000270625044628
225.48837209302326,1.307621966286774
225.50830564784056,1.317148077741465
225.5282392026578,1.3285839850944372
225.5481727574751,1.3418958594110821
225.56810631229237,1.3570382736814368
225.58803986710964,1.3739552209642283
225.6079734219269,1.392581278311851
225.62790697674419,1.4128428615543311
225.64784053156149,1.434659518375519
225.66777408637876,1.4579452126458459
225.68770764119603,1.4826095606615615
225.7076411960133,1.5085589887335187
225.72757475083057,1.5356977905362863
225.74750830564787,1.563929071036183
225.76744186046514,1.5931555711655838
225.78737541528238,1.6232803734278363
225.80730897009968,1.6542074932201747
225.82724252491695,1.685842363913874
225.84717607973425,1.718092225784842
225.8671096345515,1.7508664299463517
225.88704318936877,1.7840766687156018
225.90697674418607,1.817637143551947
225.92691029900334,1.8514646810198638
225.9468438538206,1.8854788063027774
225.96677740863788,1.9196017827441252
225.98671096345515,1.9537586248056584
226.00664451827245,1.9878770907731804
226.02657807308972,2.0218876605449907
226.04651162790697,2.055723502933911
226.06644518272427,2.089320436109271
226.08637873754154,2.1226168841046285
226.10631229235884,2.1555538317161145
226.12624584717608,2.1880747796085904
226.14617940199335,2.220125701023123
226.16611295681065,2.2516550011302643
226.18604651162792,2.2826134797889353
226.2059800664452,2.312954298241586
226.22591362126246,2.342632950093732
226.24584717607974,2.371607236782594
226.26578073089703,2.3998372476282164
226.2857142857143,2.427285344475893
226.30564784053155,2.453916150875194
226.32558139534885,2.4796965456949236
226.34551495016612,2.504595661040749
226.36544850498342,2.528584884320507
226.38538205980066,2.5516378642886006
226.40531561461793,2.5737305208935384
226.42524916943523,2.5948410587496853
226.4451827242525,2.614949984054653
226.4651162790698,2.6340401247755585
226.48504983388705,2.6520966539307547
226.50498338870432,2.6691071157962787
226.52491694352162,2.6850614548689773
226.5448504983389,2.69995204741905
226.56478405315616,2.713773735463825
226.58471760797343,2.7265238629911304
226.6046511627907,2.7382023142537157
226.624584717608,2.748811553945946
226.64451827242527,2.7583566690590695
226.66445182724254,2.766845412191745
226.68438538205982,2.7742882460670897
226.7043189368771,2.7806983889759627
226.7242524916944,2.786091860827595
226.74418604651163,2.7904875294421894
226.7641196013289,2.7939071566654206
226.7840531561462,2.7963754438204855
226.80398671096347,2.7979200759393392
226.82392026578074,2.7985717641298846
226.843853820598,2.7983642853400412
226.86378737541528,2.797334518671848
226.88372093023258,2.79552247727952
226.90365448504986,2.7929713347543106
226.92358803986713,2.7897274447570974
226.9435215946844,2.7858403525075497
226.96345514950167,2.7813627965789633
226.98338870431897,2.776350699282342
227.0033222591362,2.7708631437562627
227.02325581395348,2.7649623357149724
227.04318936877078,2.7587135476526665
227.06312292358805,2.752185043163681
227.08305647840533,2.7454479789270456
227.1029900332226,2.7385762818283452
227.12292358803987,2.7316464986665188
227.14285714285717,2.724737615929463
227.16279069767444,2.717930847236655
227.1827242524917,2.7113093862523687
227.20265780730898,2.7049581231858886
227.22259136212625,2.6989633234263497
227.24252491694355,2.6934122674217424
227.2624584717608,2.6883928516088336
227.2823920265781,2.6839931510348687
227.30232558139537,2.680300945275586
227.32225913621264,2.6774032103317693
227.3421926910299,2.675385580353575
227.36212624584718,2.674331784261519
227.38205980066448,2.674323063560317
227.40199335548175,2.675437578821212
227.42192691029902,2.6777498133781776
227.4418604651163,2.681329983678745
227.46179401993356,2.6862434663857537
227.48172757475083,2.6925502526843377
227.50166112956813,2.7003044402603913
227.52159468438538,2.7095537730520447
227.54152823920268,2.7203392381224947
227.56146179401995,2.7326947278736213
227.58139534883722,2.7466467743507335
227.6013289036545,2.7622143606390934
227.62126245847176,2.7794088123996015
227.64119601328906,2.7982337705274856
227.66112956810633,2.818685243841532
227.6810631229236,2.8407517387218713
227.70099667774087,2.864414460801502
227.72093023255815,2.889647582257389
227.74086378737542,2.916418566998323
227.76079734219272,2.9446885451443006
227.78073089700996,2.9744127276487276
227.80066445182726,3.0055408517216606
227.82059800664453,3.03801764784271
227.8405315614618,3.0717833195641986
227.86046511627907,3.106774027947982
227.88039867109634,3.1429223732962313
227.90033222591364,3.1801578677706672
227.92026578073092,3.2184073934926247
227.9401993355482,3.257595641728814
227.96013289036546,3.2976455297554232
227.98006644518273,3.3384785929227543
228.00000000000003,3.3800153502916905
228.0199335548173,3.42217564296556
228.03986710963454,3.4648789448891186
228.05980066445184,3.508044646427739
228.0797342192691,3.5515923114778776
228.0996677740864,3.5954419092004066
228.11960132890368,3.6395140217206503
228.13953488372093,3.683730029313
228.15946843853823,3.728012274694966
228.1794019933555,3.772284208105886
228.19933554817277,3.816470514850298
228.21926910299004,3.86049722695412
228.2392026578073,3.9042918205223427
228.2591362126246,3.9477833003070524
228.27906976744188,3.990902272900904
228.29900332225913,4.0335810098688665
228.31893687707642,4.075753502024274
228.3388704318937,4.11735550594774
228.358803986711,4.158324583741713
228.37873754152827,4.198600136911207
228.3986710963455,4.2381234351643595
228.4186046511628,4.2768376408353515
228.43853820598008,4.314687829547965
228.45847176079735,4.351621007660335
228.47840531561462,4.387586126961026
228.4983388704319,4.422534097022405
228.5182724252492,4.456417795560137
228.53820598006646,4.489192077096252
228.5581395348837,4.520813780177751
228.578073089701,4.551241733362684
228.59800664451828,4.580436760150302
228.61794019933558,4.608361683001095
228.63787375415285,4.634981326565861
228.6578073089701,4.660262520219746
228.6777408637874,4.684174099977323
228.69767441860466,4.706686909847811
228.71760797342196,4.727773802675069
228.7375415282392,4.747409640494834
228.75747508305648,4.765571294431373
228.77740863787378,4.782237644147406
228.79734219269105,4.797389576853947
228.81727574750832,4.811009985881245
228.8372093023256,4.823083768807286
228.85714285714286,4.83359782513675
228.87707641196016,4.842541053520585
228.89700996677743,4.849904348504095
228.9169435215947,4.8556805967900285
228.93687707641197,4.8598646730019395
228.95681063122925,4.8624534349323385
228.97674418604655,4.863445718259824
228.9966777408638,4.86284233071882
229.01661129568106,4.860646045705716
229.03654485049836,4.856861595304766
229.05647840531563,4.851495662717184
229.0764119601329,4.8445568740765514
229.09634551495017,4.836055789633263
229.11627906976744,4.8260048942902065
229.13621262458474,4.814418587471027
229.15614617940201,4.801313172301038
229.1760797342193,4.786706844079364
229.19601328903656,4.7706196780187495
229.21594684385383,4.753073616226856
229.23588039867113,4.734092453899637
229.25581395348837,4.713701824693504
229.27574750830564,4.691929185237957
229.29568106312294,4.668803798745134
229.3156146179402,4.644356717665653
229.33554817275748,4.618620765332689
229.35548172757476,4.591630516527103
229.37541528239203,4.563422276886157
229.39534883720933,4.5340340610667065
229.4152823920266,4.503505569560269
229.43521594684387,4.471878164042506
229.45514950166114,4.439194841122587
229.4750830564784,4.405500204339328
229.4950166112957,4.370840434229867
229.51495016611295,4.335263256273826
229.53488372093025,4.29881790649039
229.55481727574752,4.26155509443845
229.5747508305648,4.223526963340003
229.59468438538207,4.184787047014888
229.61461794019934,4.145390223281002
229.63455149501664,4.105392663438029
229.6544850498339,4.064851777414956
229.67441860465118,4.023826154123338
229.69435215946845,3.9823754965184475
229.71428571428572,3.940560550831978
229.734219269103,3.898443029401701
229.7541528239203,3.8560855264882696
229.77408637873754,3.813551426437834
229.79401993355484,3.770904803523131
229.8139534883721,3.728210312777607
229.83388704318938,3.685533071128877
229.85382059800668,3.642938528142491
229.87375415282392,3.60049232570715
229.89368770764122,3.5582601460317136
229.9136212624585,3.5163075473858334
229.93355481727576,3.4746997871033103
229.95348837209303,3.4335016314838485
229.9734219269103,3.392777152377877
229.99335548172758,3.352589510423514
230.01328903654488,3.313000725126327
230.03322259136212,3.274071432232986
230.05315614617942,3.2358606291483993
230.0730897009967,3.198425409481025
230.09302325581396,3.1618206881690645
230.11295681063126,3.1260989190348556
230.1328903654485,3.09130980702753
230.1528239202658,3.0575000178342124
230.17275747508307,3.024712887953659
230.19269102990035,2.9929881387173203
230.21262458471762,2.962361598094216
230.2325581395349,2.932864934407779
230.2524916943522,2.9045254063065142
230.27242524916946,2.8773656334465887
230.2923588039867,2.8514033923475686
230.312292358804,2.826651441758442
230.33222591362127,2.8031173816116883
230.35215946843857,2.7808035492453977
230.37209302325584,2.7597069560407523
230.3920265780731,2.739819266965375
230.41196013289039,2.721126824749296
230.43189368770766,2.7036107195742924
230.45182724252493,2.687246904257035
230.4717607973422,2.672006353986661
230.49169435215947,2.657855268771172
230.51162790697677,2.644755315890774
230.53156146179404,2.632663908881188
230.55149501661128,2.6215345189050154
230.57142857142858,2.6113170138362434
230.59136212624585,2.601958019997674
230.61129568106315,2.593401301260585
230.63122923588043,2.5855881501410463
230.65116279069767,2.578457785600128
230.67109634551497,2.571947752463151
230.69102990033224,2.56599431769756
230.7109634551495,2.5605328592087018
230.73089700996678,2.5554982433036937
230.75083056478405,2.5508251875129435
230.77076411960135,2.546448606022382
230.79069767441862,2.542303935537436
230.81063122923587,2.5383274399527678
230.83056478405317,2.5344564927257034
230.85049833887044,2.5306298363337065
230.87043189368774,2.526787818629218
230.890365448505,2.52287260628385
230.91029900332225,2.5188283758352505
230.93023255813955,2.514601483115216
230.95016611295682,2.510140612047709
230.97009966777412,2.505396903964933
230.99003322259136,2.500324068702393
231.00996677740864,2.494878478805586
231.02990033222594,2.489019248216676
231.0498338870432,2.482708296815357
231.06976744186048,2.4759104021687364
231.08970099667775,2.468593239805761
231.10963455149502,2.4607274132770973
231.12956810631232,2.4522864751949216
231.1495016611296,2.4432469403728376
231.16943521594686,2.433588292106254
231.18936877076413,2.4232929825511493
231.2093023255814,2.412346428075141
231.2292358803987,2.400737000371593
231.24916943521595,2.388456014044889
231.26910299003322,2.3754977112948876
231.28903654485052,2.3618592442500153
231.3089700996678,2.347540655422244
231.32890365448506,2.332544856682895
231.34883720930233,2.316877607085087
231.3687707641196,2.3005474897863674
231.3887043189369,2.283565888252833
231.40863787375417,2.265946961852397
231.42857142857144,2.247707620869627
231.44850498338872,2.2288675008954733
231.468438538206,2.20944893646203
231.4883720930233,2.1894769337027467
231.50830564784053,2.1689791417221866
231.5282392026578,2.1479858222535904
231.5481727574751,2.1265298170671305
231.56810631229237,2.104646512464839
231.58803986710967,2.0823738000587855
231.6079734219269,2.059752032876878
231.62790697674419,2.0368239756748205
231.64784053156149,2.013634748154043
231.66777408637876,1.9902317595949743
231.68770764119603,1.9666646332151831
231.7076411960133,1.9429851183563338
231.72757475083057,1.91924698839855
231.74750830564787,1.895505922102838
231.7674418604651,1.87181936590223
231.7873754152824,1.8482463745131745
231.80730897009968,1.8248474271363317
231.82724252491695,1.8016842164796933
231.84717607973425,1.7788194078888184
231.8671096345515,1.7563163660337548
231.8870431893688,1.7342388469058125
231.90697674418607,1.712650653346353
231.92691029900334,1.6916152529880488
231.9468438538206,1.671195358356313
231.96677740863788,1.6514524699655442
231.98671096345515,1.6324463845514638
232.00664451827245,1.614234672089192
232.0265780730897,1.5968721269211592
232.046511627907,1.5804102001002358
232.06644518272427,1.5648964218587404
232.08637873754154,1.550373824839382
232.10631229235884,1.536880380246714
232.12624584717608,1.5244484602650836
232.14617940199338,1.5131043408102127
232.16611295681065,1.502867758818775
232.18604651162792,1.4937515377464161
232.2059800664452,1.4857612936938764
232.22591362126246,1.4788952326226277
232.24584717607974,1.4731440465233607
232.26578073089703,1.4684909132900372
232.28571428571428,1.46491160160558
232.30564784053158,1.4623746785744667
232.32558139534885,1.46084181436851
232.34551495016612,1.460268175004
232.36544850498342,1.4606028917288645
232.38538205980066,1.4617895935099654
232.40531561461796,1.4637669878558117
232.42524916943523,1.4664694747097973
232.4451827242525,1.4698277783655502
232.46511627906978,1.4737695832029765
232.48504983388705,1.478220160398996
232.50498338870435,1.4831029744903557
232.52491694352162,1.4883402606115683
232.54485049833886,1.4938535652628848
232.56478405315616,1.4995642454625364
232.58471760797343,1.5053939230099935
232.60465116279073,1.5112648922646845
232.624584717608,1.5171004812852036
232.64451827242524,1.5228253673578407
232.66445182724254,1.5283658488704206
232.68438538205982,1.5336500761710765
232.7043189368771,1.53860824451612
232.72425249169436,1.543172752485632
232.74418604651163,1.5472783293617043
232.76411960132893,1.5508621349544867
232.7840531561462,1.5538638352545668
232.80398671096344,1.556225657113579
232.82392026578074,1.5578924249314532
232.843853820598,1.5588115820765591
232.8637873754153,1.5589331995004927
232.88372093023258,1.558209973742972
232.90365448504983,1.5565972162641128
232.92358803986713,1.5540528357964845
232.9435215946844,1.5505373151825
232.96345514950167,1.546013683956151
232.98338870431894,1.5404474877428005
233.0033222591362,1.5338067553873131
233.0232558139535,1.5260619645786675
233.04318936877078,1.5171860066173664
233.06312292358803,1.5071541508699244
233.08305647840533,1.4959440093708964
233.1029900332226,1.4835355019665295
233.1229235880399,1.469910822344569
233.14285714285717,1.455054405260977
233.1627906976744,1.4389528952566657
233.1827242524917,1.4215951171559644
233.20265780730898,1.4029720486542325
233.22259136212628,1.3830767953369758
233.24252491694352,1.3619045685293552
233.2624584717608,1.3394526664579054
233.2823920265781,1.315720459321192
233.30232558139537,1.2907093790220119
233.32225913621266,1.2644229145227286
233.3421926910299,1.2368666140645543
233.36212624584718,1.2080480958652062
233.38205980066448,1.1779770694123637
233.40199335548175,1.1466653701512315
233.42192691029902,1.114127011295923
233.4418604651163,1.080378257780244
233.46179401993356,1.0454377291594208
233.48172757475086,1.0093265408140208
233.5016611295681,0.9720684964468431
233.52159468438538,0.9336903501550659
233.54152823920268,0.8942221641749787
233.56146179401995,0.8536978001341844
233.58139534883725,0.8121555996009924
233.6013289036545,0.7696393377348372
233.62126245847176,0.7261995785015153
233.64119601328906,0.6818956327957614
233.66112956810633,0.6367984427959932
233.6810631229236,0.5909949257248003
233.70099667774087,0.5445946819889907
233.72093023255815,0.49774065224735803
233.74086378737545,0.4506265902484237
233.7607973421927,0.40352671180702493
233.78073089700996,0.3568478400261626
233.80066445182726,0.3112242364080257
233.82059800664453,0.2676937073912429
233.84053156146183,0.22801835794537495
233.86046511627907,0.19518903197191767
233.88039867109634,0.1737988193109905
233.90033222591364,0.16889710340216163
233.92026578073092,0.18236112386080927
233.9401993355482,0.2111245546781512
233.96013289036546,0.25028421311019083
233.98006644518273,0.29598150155368647
234.00000000000003,0.3458131871174321
234.01993355481727,0.39836190863872145
234.03986710963457,0.45277585873607623
234.05980066445184,0.5085192173959159
234.0797342192691,0.56523629242598
234.0996677740864,0.6226776636184903
234.11960132890366,0.6806589663549906
234.13953488372096,0.7390370884790881
234.15946843853823,0.7976959343437984
234.1794019933555,0.8565376257139129
234.19933554817277,0.9154768979362331
234.21926910299004,0.9744374345055721
234.2392026578073,1.0333494124544818
234.2591362126246,1.0921478245475031
234.27906976744185,1.150771312068243
234.29900332225915,1.2091613406848167
234.31893687707642,1.2672616114850948
234.3388704318937,1.3250176361612565
234.358803986711,1.3823764286721192
234.37873754152824,1.4392862807999713
234.39867109634554,1.4956965989573776
234.4186046511628,1.5515577862620895
234.43853820598008,1.6068211584386722
234.45847176079735,1.661438885246069
234.47840531561462,1.7153639513341545
234.4983388704319,1.768550131998227
234.5182724252492,1.8209519804275238
234.53820598006644,1.8725248238636072
234.55813953488374,1.9232247666878088
234.578073089701,1.9730086989048268
234.59800664451828,2.0218343088257
234.61794019933558,2.069660099007609
234.63787375415282,2.1164454047020773
234.65780730897012,2.1621504142122934
234.6777408637874,2.206736190676129
234.69767441860466,2.2501646948816947
234.71760797342193,2.292398808793504
234.7375415282392,2.3334023595234505
234.7574750830565,2.3731401435259043
234.77740863787378,2.4115779508320974
234.79734219269102,2.448682589168241
234.81727574750832,2.4844219078254692
234.8372093023256,2.5187648211691114
234.8571428571429,2.5516813316907836
234.87707641196016,2.5831425525201426
234.8970099667774,2.6131207293243097
234.9169435215947,2.641589261532086
234.93687707641197,2.6685227228284782
234.95681063122925,2.69389688087153
234.97674418604652,2.7176887161894965
234.9966777408638,2.739876440221595
235.0166112956811,2.7604395124700454
235.03654485049836,2.7793586567351753
235.05647840531563,2.79661587640912
235.0764119601329,2.8121944688067657
235.09634551495017,2.826079038515954
235.11627906976747,2.8382555097514857
235.13621262458474,2.848711137700578
235.156146179402,2.8574345188495673
235.1760797342193,2.864415600284688
235.19601328903656,2.869645687961675
235.21594684385383,2.8731174539419517
235.2358803986711,2.8748249425951355
235.25581395348837,2.874763575770585
235.27574750830567,2.872930156942832
235.29568106312294,2.8693228743389083
235.3156146179402,2.8639413030580587
235.33554817275748,2.8567864061976374
235.35548172757476,2.8478605350019754
235.37541528239205,2.8371674280548795
235.39534883720933,2.824712209539938
235.41528239202657,2.8105013865973643
235.43521594684387,2.794542845810727
235.45514950166114,2.7768458488624006
235.47508305647844,2.757421027402461
235.49501661129568,2.73628037718284
235.51495016611295,2.7134372515164045
235.53488372093025,2.688906354129757
235.55481727574752,2.662703731489439
235.57475083056482,2.6348467646933176
235.59468438538207,2.6053541610340463
235.61461794019934,2.574245945358627
235.63455149501664,2.5415434513687685
235.6544850498339,2.5072693130317463
235.67441860465118,2.4714474563009063
235.69435215946845,2.4341030913812673
235.71428571428572,2.3952627058192624
235.73421926910302,2.354954058749286
235.75415282392026,2.3132061766953247
235.77408637873754,2.270049351407289
235.79401993355484,2.2255151403123494
235.8139534883721,2.1796363702878487
235.8338870431894,2.1324471456204552
235.85382059800665,2.0839828612166436
235.87375415282392,2.0342802223842043
235.89368770764122,1.9833772728309302
235.9136212624585,1.9313134329472028
235.93355481727576,1.8781295509859517
235.95348837209303,1.823867970468543
235.9734219269103,1.7685726180890036
235.9933554817276,1.7122891176439368
236.01328903654485,1.6550649372002666
236.03322259136212,1.5969495789944428
236.05315614617942,1.537994824677957
236.0730897009967,1.4782550528377685
236.093023255814,1.417787651748073
236.11295681063123,1.356653558830955
236.1328903654485,1.294917970497015
236.1528239202658,1.2326512837118058
236.17275747508307,1.1699303566014168
236.19269102990035,1.106840214103005
236.21262458471762,1.0434763831621843
236.2325581395349,0.9799481317309447
236.2524916943522,0.916383025551738
236.27242524916943,0.8529334372547708
236.29235880398673,0.7897859943972337
236.312292358804,0.7271755190742372
236.33222591362127,0.6654059193171503
236.35215946843857,0.6048819163648803
236.37209302325581,0.5461575824346196
236.39202657807311,0.4900101847355517
236.41196013289039,0.43754882911155457
236.43189368770766,0.3903592191555888
236.45182724252493,0.3506467400716488
236.4717607973422,0.3212326722514529
236.49169435215947,0.3051051001881185
236.51162790697677,0.3043356277947785
236.53156146179404,0.31894949291913444
236.5514950166113,0.3468928180503608
236.57142857142858,0.38513925534295557
236.59136212624585,0.4308032113591723
236.61129568106315,0.48161977008974904
236.6312292358804,0.5359595065928093
236.6511627906977,0.5926845786351129
236.67109634551497,0.6510000267038428
236.69102990033224,0.7103415576423325
236.7109634551495,0.7702991775169886
236.73089700996678,0.8305670156569244
236.75083056478405,0.8909105617216919
236.77076411960135,0.951145120384116
236.79069767441862,1.011121454148373
236.8106312292359,1.070716063805803
236.83056478405317,1.1298244988401973
236.85049833887044,1.1883566775739742
236.87043189368774,1.246233561866393
236.89036544850498,1.303384759498014
236.91029900332228,1.3597467718369114
236.93023255813955,1.415261697046331
236.95016611295682,1.469876259408297
236.9700996677741,1.5235410751845881
236.99003322259136,1.576210092146945
237.00996677740866,1.6278401580695592
237.02990033222594,1.678390685993141
237.0498338870432,1.72782339280783
237.06976744186048,1.7761020938785097
237.08970099667775,1.8231925408521001
237.10963455149505,1.8690622929791794
237.12956810631232,1.9136806146147665
237.14950166112956,1.9570183932838179
237.16943521594686,1.9990480739787087
237.18936877076413,2.0397436063187095
237.2093023255814,2.079080401930875
237.22923588039868,2.1170352999692708
237.24916943521595,2.1535865391178333
237.26910299003325,2.188713734754927
237.28903654485052,2.2223978602167405
237.3089700996678,2.2546212313008684
237.32890365448506,2.2853674933122927
237.34883720930233,2.314621610082434
237.36877076411963,2.3423698544945935
237.3887043189369,2.3685998001315416
237.40863787375415,2.3933003137280853
237.42857142857144,2.41646154816583
237.44850498338872,2.4380749357917586
237.468438538206,2.4581331818790977
237.48837209302326,2.4766302580790156
237.50830564784053,2.4935613957371014
237.52823920265783,2.5089230789694192
237.5481727574751,2.522713037410772
237.56810631229237,2.5349302385626222
237.58803986710964,2.5455748796809488
237.6079734219269,2.554648379155023
237.6279069767442,2.562153367337541
237.64784053156149,2.568093676794571
237.66777408637873,2.5724743319508034
237.68770764119603,2.57530153811183
237.7076411960133,2.576582669850635
237.7275747508306,2.576326258750316
237.74750830564784,2.5745419804996312
237.7674418604651,2.5712406413417406
237.7873754152824,2.5664341638805306
237.80730897009968,2.5601355722520838
237.82724252491698,2.552358976672317
237.84717607973423,2.5431195573748573
237.8671096345515,2.532433547956357
237.8870431893688,2.5203182181493045
237.90697674418607,2.5067918560456572
237.92691029900334,2.4918737497973944
237.9468438538206,2.4755841688235063
237.96677740863788,2.457944344556136
237.98671096345518,2.438976450762105
238.00664451827242,2.4187035834798865
238.0265780730897,2.397149740616281
238.046511627907,2.3743398012513164
238.06644518272427,2.350299504705387
238.08637873754157,2.3250554294277683
238.1063122923588,2.298634971772479
238.12624584717608,2.2710663247344276
238.14617940199338,2.2423784567272316
238.16611295681065,2.212601090493618
238.18604651162792,2.1817646822504866
238.2059800664452,2.1499004011835634
238.22591362126246,2.1170401094217683
238.24584717607976,2.0832163426391643
238.26578073089703,2.0484622914534176
238.28571428571428,2.0128117838144806
238.30564784053158,1.976299268606948
238.32558139534885,1.9389598007248754
238.34551495016615,1.9008290279203754
238.3654485049834,1.8619431797783614
238.38538205980066,1.8223390592318092
238.40531561461796,1.7820540371069697
238.42524916943523,1.741126050279472
238.4451827242525,1.6995936041344573
238.46511627906978,1.657495780161665
238.48504983388705,1.6148722496865286
238.50498338870435,1.5717632949494451
238.52491694352162,1.5282098390083012
238.5448504983389,1.484253486268461
238.56478405315616,1.4399365758584524
238.58471760797343,1.3953022505927968
238.60465116279073,1.3503945449278891
238.62458471760797,1.3052584961653138
238.64451827242527,1.2599402842453036
238.66445182724254,1.2144874068767568
238.68438538205982,1.1689488985689798
238.7043189368771,1.1233756044992498
238.72425249169436,1.077820523248603
238.74418604651163,1.032339236508396
238.76411960132893,0.9869904492240327
238.7840531561462,0.9418366707282427
238.80398671096347,0.8969450767840209
238.82392026578074,0.8523886048210966
238.843853820598,0.8082473508817081
238.8637873754153,0.7646103578656902
238.88372093023256,0.721577911465929
238.90365448504986,0.679264492999847
238.92358803986713,0.6378025756972152
238.9435215946844,0.5973474871579011
238.96345514950167,0.5580835805405157
238.98338870431894,0.5202319263507135
239.0033222591362,0.4840595848892758
239.0232558139535,0.4498901134815745
239.04318936877078,0.4181140801727831
239.06312292358805,0.38919669762179004
239.08305647840533,0.3636770514380259
239.1029900332226,0.34215021079561875
239.1229235880399,0.3252219014325317
239.14285714285714,0.3134299445522563
239.16279069767444,0.30714185593859905
239.1827242524917,0.306460271509047
239.20265780730898,0.31117925999885715
239.22259136212625,0.32081632621130507
239.24252491694352,0.3347052146308169
239.26245847176082,0.35210696673487235
239.2823920265781,0.37230066072060963
239.30232558139537,0.3946379753486001
239.32225913621264,0.4185652009196111
239.3421926910299,0.4436240021824285
239.3621262458472,0.4694415114367488
239.38205980066448,0.49571676321005753
239.40199335548172,0.5222071996345905
239.42192691029902,0.5487168319594942
239.4418604651163,0.5750864876110018
239.46179401993356,0.6011860425002897
239.48172757475083,0.6269083452881447
239.5016611295681,0.652164506732123
239.5215946843854,0.6768802586693962
239.54152823920268,0.7009931382547772
239.56146179401995,0.724450304190517
239.58139534883722,0.7472068357462236
239.6013289036545,0.7692244008341891
239.6212624584718,0.7904702069526344
239.64119601328906,0.8109161697950904
239.6611295681063,0.8305382501499116
239.6810631229236,0.8493159215954552
239.70099667774087,0.8672317404069084
239.72093023255815,0.8842709957831499
239.74086378737542,0.9004214235421177
239.7607973421927,0.9156729702440187
239.78073089701,0.9300175975960734
239.80066445182726,0.9434491192021307
239.82059800664453,0.9559630634155764
239.8405315614618,0.9675565573622047
239.86046511627907,0.9782282282143329
239.88039867109637,0.9879781185888102
239.90033222591364,0.9968076135626348
239.9202657807309,1.004719377289352
239.9401993355482,1.0117172975877613
239.96013289036546,1.0178064371842337
239.98006644518276,1.022992990538093
240.0,1.0272842453799609
240.01993355481727,1.0306885482552754
240.03986710963457,1.033215273497835
240.05980066445184,1.0348747951670763
240.07973421926914,1.0356784615728132
240.0996677740864,1.035638572086058
240.11960132890368,1.034768355997614
240.13953488372093,1.0330819532391953
240.1594684385382,1.030594396827499
240.1794019933555,1.0273215969307916
240.19933554817277,1.023280326491851
240.21926910299004,1.0184882083713385
240.23920265780734,1.0129637040023964
240.2591362126246,1.0067261035716577
240.27906976744188,0.9997955177637025
240.29900332225918,0.992192871126148
240.3189368770764,0.9839398971308877
240.3388704318937,0.9750591350239137
240.35880398671097,0.9655739285712034
240.37873754152824,0.9555084268216943
240.39867109634554,0.9448875870194663
240.4186046511628,0.9337371798059909
240.43853820598008,0.9220837968585124
240.45847176079738,0.9099548611113348
240.4784053156146,0.8973786397021253
240.4983388704319,0.8843842597726201
240.51827242524917,0.8710017272311813
240.53820598006644,0.8572619485498323
240.55813953488374,0.8431967556173465
240.578073089701,0.8288389335985448
240.5980066445183,0.8142222516522738
240.61794019933558,0.7993814962304562
240.63787375415285,0.7843525065100557
240.6578073089701,0.7691722112896989
240.67774086378736,0.7538786664032863
240.69767441860466,0.7385110913512742
240.71760797342193,0.7231099034167194
240.7375415282392,0.7077167470032151
240.7574750830565,0.6923745152975039
240.77740863787378,0.6771273606126226
240.79734219269108,0.6620206889094036
240.81727574750835,0.6471011330348936
240.83720930232556,0.6324164981841798
240.85714285714286,0.6180156720371816
240.87707641196013,0.6039484910259554
240.89700996677743,0.590265553370147
240.9169435215947,0.5770179690432973
240.93687707641197,0.5642570369108668
240.95681063122927,0.5520338401632507
240.97674418604655,0.5403987531271941
240.99667774086382,0.5294008558373436
241.01661129568106,0.5190872575796927
241.03654485049833,0.5095023370347438
241.05647840531563,0.5006869144818522
241.0764119601329,0.4926773803103285
241.09634551495017,0.48550481301149384
241.11627906976747,0.47919412777243003
241.13621262458474,0.47376330242689096
241.15614617940201,0.4692227295160533
241.17607973421926,0.4655747405375069
241.19601328903653,0.4628133406658666
241.21594684385383,0.46092417967251226
241.2358803986711,0.45988476867589817
241.25581395348837,0.45966493464970937
241.27574750830567,0.4602274875940145
241.29568106312294,0.4615290611273519
241.31561461794024,0.4635210776436259
241.3355481727575,0.4661507849286181
241.35548172757473,0.4693623121703168
241.37541528239203,0.47309769877886104
241.3953488372093,0.47729785801055447
241.4152823920266,0.4819034475562131
241.43521594684387,0.4868556296146591
241.45514950166114,0.49209671244355163
241.47508305647844,0.49757067327227217
241.4950166112957,0.5032235684575088
241.514950166113,0.5090038408548659
241.53488372093022,0.5148625367648028
241.5548172757475,0.5207534458005434
241.5747508305648,0.5266331769652045
241.59468438538207,0.5324611834436686
241.61461794019937,0.5381997473943283
241.63455149501664,0.5438139345876654
241.6544850498339,0.5492715272455095
241.6744186046512,0.5545429419956379
241.69435215946842,0.5596011385383161
241.71428571428572,0.5644215234582379
241.734219269103,0.5689818526195605
241.75415282392026,0.5732621347491256
241.77408637873756,0.5772445381322503
241.79401993355484,0.5809133017987913
241.8139534883721,0.584254652146754
241.8338870431894,0.5872567256173624
241.85382059800668,0.5899094977826635
241.87375415282392,0.5922047190188667
241.8936877076412,0.5941358568021139
241.91362126245846,0.5956980445677142
241.93355481727576,0.5968880370087013
241.95348837209303,0.5977041716480094
241.9734219269103,0.5981463364929455
241.9933554817276,0.5982159435671112
242.01328903654488,0.5979159081072891
242.03322259136218,0.5972506332088283
242.0531561461794,0.5962259996980829
242.07308970099666,0.5948493610020724
242.09302325581396,0.5931295427708482
242.11295681063123,0.5910768469834187
242.13289036544853,0.5887030602315312
242.1528239202658,0.5860214658230588
242.17275747508307,0.5830468592751293
242.19269102990037,0.5797955666730923
242.2126245847176,0.5762854652504852
242.2325581395349,0.5725360053937936
242.25249169435216,0.5685682330899492
242.27242524916943,0.5644048116106872
242.29235880398673,0.5600700409627296
242.312292358804,0.5555898733260322
242.3322259136213,0.550991922353287
242.35215946843857,0.5463054638179815
242.37209302325584,0.541561424683281
242.3920265780731,0.536792357234914
242.41196013289036,0.532032394500769
242.43189368770766,0.5273171827994599
242.45182724252493,0.5226837869625509
242.4717607973422,0.5181705636143313
242.4916943521595,0.5138169979330962
242.51162790697677,0.5096634996315258
242.53156146179404,0.5057511545562029
242.55149501661134,0.5021214293876093
242.57142857142856,0.49881582847489064
242.59136212624585,0.49587550388573837
242.61129568106313,0.49334082226507303
242.6312292358804,0.4912508949883486
242.6511627906977,0.48964308120482225
242.67109634551497,0.4885524764592241
242.69102990033224,0.4880114023586911
242.71096345514954,0.4880489148846871
242.7308970099668,0.4886903501106034
242.75083056478405,0.4899569260091703
242.77076411960132,0.49186541756290014
242.7906976744186,0.49442791952477516
242.8106312292359,0.4976517070858158
242.83056478405317,0.5015391997278004
242.85049833887047,0.5060880281309138
242.87043189368774,0.5112911986846694
242.890365448505,0.5171373454127282
242.91029900332225,0.523611055374531
242.93023255813952,0.5306932511115096
242.95016611295682,0.5383616125592909
242.9700996677741,0.5465910209846877
242.99003322259136,0.5553540087359509
243.00996677740866,0.5646212006406662
243.02990033222594,0.5743617354425018
243.04983388704323,0.5845436584403858
243.0697674418605,0.5951342792309614
243.08970099667772,0.6061004909683051
243.10963455149502,0.617409049721028
243.1295681063123,0.62902681426411
243.1495016611296,0.6409209479801644
243.16943521594686,0.6530590854864324
243.18936877076413,0.6654094671986431
243.20930232558143,0.6779410453490855
243.2292358803987,0.6906235650571274
243.24916943521598,0.7034276239638931
243.26910299003322,0.7163247137403751
243.2890365448505,0.7292872465036607
243.3089700996678,0.7422885688619842
243.32890365448506,0.7553029659824803
243.34883720930233,0.768305657753353
243.36877076411963,0.7812727888075512
243.3887043189369,0.7941814138946475
243.40863787375417,0.8070094798361559
243.42857142857142,0.8197358050777702
243.4485049833887,0.8323400576594787
243.468438538206,0.8448027322599144
243.48837209302326,0.8571051268320196
243.50830564784053,0.8692293192305318
243.52823920265783,0.8811581441353252
243.5481727574751,0.8928751704955408
243.5681063122924,0.9043646796551573
243.58803986710967,0.915611644268894
243.60797342192689,0.9266017080765133
243.62790697674419,0.9373211665709609
243.64784053156146,0.9477569485709477
243.66777408637876,0.9578965986895407
243.68770764119603,0.9677282606758651
243.7076411960133,0.9772406615969511
243.7275747508306,0.9864230968193387
243.74750830564787,0.9952654157455084
243.76744186046517,1.0037580082572921
243.78737541528238,1.011891791817333
243.80730897009965,1.019658199179488
243.82724252491695,1.0270491666599548
243.84717607973423,1.0340571229223652
243.86710963455153,1.0406749782319953
243.8870431893688,1.0468961141366437
243.90697674418607,1.0527143735340598
243.92691029900337,1.0581240510885697
243.94684385382058,1.06311988396203
243.96677740863788,1.0676970428271677
243.98671096345515,1.0718511231336558
244.00664451827242,1.0755781366001185
244.02657807308972,1.0788745029074824
244.046511627907,1.081737041571671
244.06644518272427,1.0841629639755712
244.08637873754157,1.0861498655426205
244.10631229235884,1.0876957180361337
244.12624584717608,1.0887988619703546
244.14617940199335,1.0894579991210918
244.16611295681062,1.089672185125218
244.18604651162792,1.0894408221599758
244.2059800664452,1.088763651694195
244.22591362126246,1.0876407473050673
244.24584717607976,1.0860725075550048
244.26578073089703,1.0840596489244256
244.28571428571433,1.0816031987970247
244.30564784053155,1.0787044884952552
244.32558139534882,1.0753651463642593
244.34551495016612,1.0715870909034366
244.3654485049834,1.0673725239453606
244.3853820598007,1.0627239238823545
244.40531561461796,1.0576440389415722
244.42524916943523,1.0521358805099104
244.44518272425253,1.0462027165103482
244.4651162790698,1.039848064831831
244.48504983388705,1.0330756868149968
244.50498338870432,1.0258895807962944
244.5249169435216,1.0182939757133171
244.5448504983389,1.0102933247742774
244.56478405315616,1.0018922991947243
244.58471760797346,0.9930957820047218
244.60465116279073,0.9839088619296914
244.624584717608,0.9743368273483186
244.64451827242524,0.9643851603308139
244.66445182724252,0.9540595307609498
244.68438538205982,0.9433657905451572
244.7043189368771,0.9323099679121344
244.72425249169436,0.9208982618062133
244.74418604651166,0.9091370363778953
244.76411960132893,0.8970328155748168
244.7840531561462,0.8845922778364846
244.8039867109635,0.871822250896184
244.8239202657807,0.8587297066934071
244.843853820598,0.8453217564003445
244.86378737541528,0.8316056455661417
244.88372093023256,0.8175887493827314
244.90365448504986,0.8032785680765097
244.92358803986713,0.78868272243044
244.9435215946844,0.7738089494417318
244.9634551495017,0.7586650981210843
244.98338870431897,0.7432591254402725
245.0033222591362,0.7275990924362516
245.02325581395348,0.7116931604813916
245.04318936877075,0.6955495877316306
245.06312292358805,0.6791767257668145
245.08305647840533,0.6625830164408543
245.10299003322262,0.6457769889636454
245.1229235880399,0.628767257242066
245.14285714285717,0.6115625175144864
245.1627906976744,0.5941715463223699
245.18272425249168,0.5766031988743745
245.20265780730898,0.5588664078739688
245.22259136212625,0.5409701829020741
245.24252491694352,0.5229236104735376
245.26245847176082,0.5047358549226808
245.2823920265781,0.4864161603225895
245.3023255813954,0.46797385371015005
245.32225913621266,0.4494183499817923
245.34219269102988,0.43075915895474276
245.36212624584718,0.4120058952721239
245.38205980066445,0.39316829209325915
245.40199335548175,0.3742562198934955
245.42192691029902,0.3552797122639032
245.4418604651163,0.3362490014535514
245.4617940199336,0.3171745677052482
245.48172757475086,0.29806720848747453
245.50166112956813,0.27893813701967723
245.52159468438538,0.25979912492028107
245.54152823920265,0.2406627130295132
245.56146179401995,0.22154253064622612
245.58139534883722,0.20245379291105792
245.6013289036545,0.18341410215548673
245.6212624584718,0.1644447910795765
245.64119601328906,0.145573282624637
245.66112956810633,0.12683747754659233
245.68106312292358,0.10829449384517915
245.70099667774085,0.09003961731985179
245.72093023255815,0.07225195906109254
245.74086378737542,0.05531945672272969
245.7607973421927,0.04022883000190454
245.78073089701,0.029746944658865255
245.80066445182726,0.029131872034818537
245.82059800664456,0.03869456221248803
245.84053156146183,0.053075123424992585
245.86046511627904,0.0692300253123971
245.88039867109634,0.08607304295941738
245.90033222591362,0.10318391823661059
245.92026578073092,0.12037168832781199
245.9401993355482,0.13753624678436088
245.96013289036546,0.1546184511894782
245.98006644518276,0.1715796471429654
246.00000000000003,0.1883923106355083
246.01993355481733,0.2050353845646306
246.03986710963454,0.22149178575410194
246.0598006644518,0.23774699345351538
246.0797342192691,0.2537882111971568
246.09966777408638,0.269603848918002
246.11960132890368,0.2851831920668271
246.13953488372096,0.3005161841836445
246.15946843853823,0.31559328062492503
246.17940199335553,0.3304053482398614
246.1993355481728,0.3449435954940004
246.21926910299004,0.3591995232376085
246.2392026578073,0.37316488976399337
246.25913621262458,0.3868316859445526
246.27906976744188,0.4001921175903529
246.29900332225915,0.41323859307596406
246.31893687707642,0.42596371484898377
246.33887043189372,0.43836027384518245
246.358803986711,0.4504212461015341
246.37873754152824,0.46213979104893865
246.3986710963455,0.4735092511004497
246.41860465116278,0.4845231522467557
246.43853820598008,0.49517520543998333
246.45847176079735,0.5054593085978855
246.47840531561462,0.515369549098046
246.49833887043192,0.5249002066599011
246.5182724252492,0.5340457565336848
246.5382059800665,0.5428008729315181
246.5581395348837,0.5511604326483363
246.57807308970098,0.5591195188300659
246.59800664451828,0.5666734248539607
246.61794019933555,0.5738176582920214
246.63787375415285,0.58054794493314
246.65780730897012,0.5868602328437204
246.6777408637874,0.5927506964493462
246.6976744186047,0.598215740623004
246.71760797342196,0.6032520047675517
246.7375415282392,0.6078563668819644
246.75747508305648,0.6120259476027974
246.77740863787375,0.6157581142136797
246.79734219269105,0.6190504846173944
246.81727574750832,0.6219009312662203
246.83720930232562,0.6243075850478832
246.8571428571429,0.6262688391257848
246.87707641196016,0.627783352733631
246.8970099667774,0.6288500549262758
246.91694352159467,0.6294681482903023
246.93687707641197,0.6296371126196333
246.95681063122925,0.6293567085636957
246.97674418604652,0.6286269812580652
246.99667774086382,0.6274482639499964
247.0166112956811,0.6258211816345146
247.03654485049836,0.6237466547201379
247.05647840531566,0.6212259027474825
247.07641196013287,0.6182604481885451
247.09634551495017,0.6148521203602366
247.11627906976744,0.6110030594919391
247.13621262458472,0.6067157209947285
247.15614617940201,0.6019928799887557
247.1760797342193,0.5968376361561026
247.19601328903656,0.5912534189991123
247.21594684385386,0.5852439935995737
247.23588039867113,0.5788134669924957
247.25581395348837,0.5719662952903838
247.27574750830564,0.5647072917209061
247.2956810631229,0.5570416357735629
247.3156146179402,0.5489748836911224
247.33554817275748,0.5405129805907624
247.35548172757478,0.5316622745606857
247.37541528239205,0.5224295331533995
247.39534883720933,0.5128219627907388
247.41528239202657,0.5028472317133967
247.43521594684384,0.4925134972559183
247.45514950166114,0.4818294384156532
247.4750830564784,0.4708042949228544
247.49501661129568,0.45944791432454474
247.51495016611298,0.4477708089883789
247.53488372093025,0.435784225441762
247.55481727574755,0.42350022912550217
247.57475083056482,0.41093180851104694
247.59468438538204,0.39809300367773776
247.61461794019934,0.38499906596894123
247.6345514950166,0.3716666573777086
247.6544850498339,0.35811410103930663
247.67441860465118,0.3443616978858275
247.69435215946845,0.33043212949823697
247.71428571428575,0.31635097395305967
247.73421926910302,0.30214737064488967
247.7541528239203,0.287854882500911
247.77408637873754,0.27351262069281995
247.7940199335548,0.2591667189468271
247.8139534883721,0.24487227253648153
247.83388704318938,0.23069589024643647
247.85382059800665,0.2167190412468855
247.87375415282395,0.20304239857780443
247.89368770764122,0.1897913516221881
247.9136212624585,0.17712270500930954
247.9335548172758,0.1652321527642469
247.953488372093,0.15436117295340157
247.9734219269103,0.14480026050698597
247.99335548172758,0.1368829595327432
248.01328903654485,0.13096323232867021
248.03322259136215,0.12737076012123097
248.05315614617942,0.12634900310863934
248.07308970099672,0.12799721100771025
248.093023255814,0.13224560986936304
248.1129568106312,0.13887814999599432
248.1328903654485,0.1475889041587965
248.15282392026577,0.15804320125203403
248.17275747508307,0.16992231342821648
248.19269102990035,0.18294661746370394
248.21262458471762,0.1968823166043373
248.23255813953492,0.2115389541037491
248.2524916943522,0.22676314639660564
248.2724252491695,0.24243159248768179
248.2923588039867,0.2584447295534545
248.31229235880397,0.2747214736592087
248.33222591362127,0.29119505502124876
248.35215946843854,0.30780979706474815
248.37209302325584,0.3245186535767373
248.39202657807311,0.3412813333513091
248.41196013289039,0.3580628719004932
248.43189368770769,0.3748325405459847
248.45182724252496,0.39156300949200135
248.4717607973422,0.4082297023157303
248.49169435215947,0.42481029521394365
248.51162790697674,0.44128432624384106
248.53156146179404,0.45763288861436385
248.5514950166113,0.47383838859511834
248.57142857142858,0.4898843534159606
248.59136212624588,0.5057552780870108
248.61129568106315,0.5214365027099014
248.6312292358804,0.536914113822546
248.65116279069767,0.5521748647983666
248.67109634551494,0.5672061114370905
248.69102990033224,0.5819957597312093
248.7109634551495,0.5965322234391581
248.73089700996678,0.6108043895931324
248.75083056478408,0.6248015904536511
248.77076411960135,0.6385135807211901
248.79069767441865,0.6519305190490697
248.81063122923587,0.6650429530847413
248.83056478405314,0.6778418074120973
248.85049833887044,0.6903183738822802
248.8704318936877,0.702464303912897
248.890365448505,0.7142716024090581
248.91029900332228,0.7257326230196561
248.93023255813955,0.7368400644902224
248.95016611295685,0.747586967913346
248.97009966777412,0.7579667147095878
248.99003322259136,0.7679730251985437
249.00996677740864,0.7775999576409286
249.0299003322259,0.7868419076514661
249.0498338870432,0.7956936078965484
249.06976744186048,0.8041501280038422
249.08970099667778,0.8122068746211133
249.10963455149505,0.8198595915706812
249.12956810631232,0.8271043600532207
249.14950166112956,0.8339375988612404
249.16943521594683,0.8403560645677015
249.18936877076413,0.8463568516601123
249.2093023255814,0.8519373925944196
249.22923588039868,0.8570954577463726
249.24916943521598,0.8618291552409822
249.26910299003325,0.8661369306435834
249.28903654485052,0.8700175664980131
249.30897009966782,0.873470181699483
249.32890365448503,0.8764942306916178
249.34883720930233,0.8790895024786021
249.3687707641196,0.8812561194447776
249.38870431893687,0.8829945359753287
249.40863787375417,0.884305536872916
249.42857142857144,0.8851902355658479
249.44850498338872,0.8856500721047881
249.46843853820602,0.8856868109453458
249.4883720930233,0.8853025385151208
249.50830564784053,0.8844996605642204
249.5282392026578,0.8832808992990745
249.54817275747507,0.8816492903000342
249.56810631229237,0.8796081792237309
249.58803986710964,0.8771612182918908
249.60797342192694,0.8743123625687391
249.6279069767442,0.8710658660297125
249.64784053156149,0.8674262774246554
249.66777408637878,0.8633984359392483
249.687707641196,0.8589874666587889
249.7076411960133,0.8541987758391033
249.72757475083057,0.8490380459895631
249.74750830564784,0.8435112307739819
249.76744186046514,0.8376245497353549
249.7873754152824,0.8313844828510992
249.8073089700997,0.8247977649258359
249.82724252491698,0.8178713798292202
249.8471760797342,0.8106125545870657
249.8671096345515,0.8030287533342754
249.88704318936877,0.79512767113889
249.90697674418607,0.7869172277070913
249.92691029900334,0.7784055609796335
249.9468438538206,0.769601020630989
249.9667774086379,0.760512161483045
249.98671096345518,0.7511477368463427
250.00664451827245,0.7415166918023945
250.0265780730897,0.7316281564419256
250.04651162790697,0.7214914390748157
250.06644518272427,0.7111160194287972
250.08637873754154,0.7005115418553891
250.1063122923588,0.6896878085630835
250.1262458471761,0.6786547728994242
250.14617940199338,0.6674225327058433
250.16611295681065,0.6560013237711175
250.18604651162795,0.6444015134119463
250.20598006644516,0.632633594212218
250.22591362126246,0.6207081779555218
250.24584717607974,0.6086359897896341
250.265780730897,0.5964278626659385
250.2857142857143,0.5840947321017443
250.30564784053158,0.5716476313195727
250.32558139534888,0.5590976868238764
250.34551495016615,0.5464561144838834
250.36544850498336,0.5337342162001412
250.38538205980066,0.5209433772429649
250.40531561461793,0.5080950643633596
250.42524916943523,0.4952008247912958
250.4451827242525,0.4822722862530222
250.46511627906978,0.46932115815854314
250.48504983388708,0.4563592341332305
250.50498338870435,0.44339839609409604
250.52491694352165,0.4304506201022812
250.54485049833886,0.41752798425931603
250.56478405315613,0.4046426789566354
250.58471760797343,0.3918070198364239
250.6046511627907,0.3790334638777282
250.624584717608,0.3663346290857663
250.64451827242527,0.35372331833524934
250.66445182724254,0.3412125479998579
250.68438538205984,0.3288155820896913
250.70431893687712,0.3165459727146934
250.72425249169436,0.3044176077907743
250.74418604651163,0.29244476700002187
250.7641196013289,0.28064218709551303
250.7840531561462,0.269025137685886
250.80398671096347,0.2576095086157352
250.82392026578074,0.24641190992969525
250.84385382059804,0.23544978510314113
250.8637873754153,0.2247415376411265
250.88372093023258,0.21430667014693316
250.90365448504983,0.20416593334439218
250.9235880398671,0.1943414800382192
250.9435215946844,0.184857015277306
250.96345514950167,0.1757379286560992
250.98338870431894,0.16701138736053314
251.00332225913624,0.1587063589918054
251.0232558139535,0.15085352154258536
251.0431893687708,0.14348500516246215
251.06312292358803,0.13663389900765188
251.0830564784053,0.13033345115148914
251.1029900332226,0.12461589737102828
251.12292358803987,0.1195108845237938
251.14285714285717,0.11504351399622945
251.16279069767444,0.1112321214560379
251.1827242524917,0.10808601816444745
251.202657807309,0.10560351558282285
251.22259136212628,0.10377059526662558
251.24252491694352,0.10256053211293133
251.2624584717608,0.10193462407829953
251.28239202657807,0.10184396451659862
251.30232558139537,0.10223198702655381
251.32225913621264,0.10303738757856194
251.34219269102994,0.10419701700487226
251.3621262458472,0.10564842198045211
251.38205980066448,0.10733184642604753
251.40199335548178,0.10919163756575574
251.421926910299,0.11117709947528
251.4418604651163,0.11324289218377984
251.46179401993356,0.11534909242150768
251.48172757475083,0.1174610255777745
251.50166112956813,0.11954895961863599
251.5215946843854,0.1215877294548789
251.54152823920268,0.12355633961790559
251.56146179401998,0.1254375762777288
251.5813953488372,0.12721764703714006
251.6013289036545,0.12888585809124214
251.62126245847176,0.13043433247241917
251.64119601328903,0.1318577694155939
251.66112956810633,0.13315324270488627
251.6810631229236,0.13432003467987094
251.70099667774087,0.13535950200796282
251.72093023255817,0.13627496910381562
251.74086378737545,0.1370716450169844
251.7607973421927,0.13775655959727012
251.78073089700996,0.1383385147071761
251.80066445182723,0.13882804613872154
251.82059800664453,0.13923739168493182
251.8405315614618,0.13958046051267242
251.8604651162791,0.13987279860002264
251.88039867109637,0.1401315445749153
251.90033222591364,0.14037536988350965
251.92026578073094,0.14062439691322198
251.94019933554816,0.14090008861014192
251.96013289036546,0.1412251033993664
251.98006644518273,0.14162310998766364
252.0,0.14211855804061596
252.0199335548173,0.1427364028824556
252.03986710963457,0.14350178529169164
252.05980066445187,0.14443967106817027
252.07973421926914,0.1455744590885244
252.09966777408636,0.14692957065131473
252.11960132890366,0.1485270365154731
252.13953488372093,0.1503871005736614
252.15946843853823,0.15252786004371288
252.1794019933555,0.1549649610524735
252.19933554817277,0.1577113654575748
252.21926910299007,0.1607771999721886
252.23920265780734,0.16416969270582218
252.2591362126246,0.16789319589448465
252.27906976744185,0.17194928769550852
252.29900332225913,0.17633694117438667
252.31893687707642,0.18105274547312314
252.3388704318937,0.18609116278002338
252.35880398671097,0.19144480499150918
252.37873754152827,0.19710471553310138
252.39867109634554,0.20306064424744788
252.4186046511628,0.20930130611355208
252.4385382059801,0.2158146174470125
252.45847176079732,0.222587905864974
252.47840531561462,0.22960809251100892
252.4983388704319,0.23686184675357866
252.51827242524917,0.24433571480093455
252.53820598006646,0.25201622446757954
252.55813953488374,0.259889968759503
252.57807308970104,0.26794367110150746
252.5980066445183,0.27616423498813536
252.61794019933558,0.2845387806685176
252.63787375415282,0.2930546712278723
252.6578073089701,0.30169953014539747
252.6777408637874,0.3104612521179534
252.69767441860466,0.31932800865993405
252.71760797342193,0.32828824973331283
252.73754152823923,0.3373307024333306
252.7574750830565,0.34644436755705516
252.7774086378738,0.3556185147128882
252.79734219269102,0.36484267648762436
252.8172757475083,0.3741066420704914
252.8372093023256,0.3834004506381044
252.85714285714286,0.3927143847270694
252.87707641196016,0.4020389637592389
252.89700996677743,0.41136493783588024
252.9169435215947,0.4206832818787434
252.936877076412,0.42998519016647363
252.95681063122927,0.43926207129200373
252.97674418604652,0.44850554354975575
252.9966777408638,0.45770743074847736
253.01661129568106,0.4668597584366272
253.03654485049836,0.47595475052057157
253.05647840531563,0.48498482625168504
253.0764119601329,0.4939425975555438
253.0963455149502,0.5028208666750731
253.11627906976747,0.5116126240988953
253.13621262458474,0.5203110467462735
253.156146179402,0.5289094963806563
253.17607973421926,0.5374015182249309
253.19601328903656,0.5457808397525574
253.21594684385383,0.5540413696303552
253.2358803986711,0.562177196789935
253.2558139534884,0.5701825896065656
253.27574750830567,0.5780519951655485
253.29568106312297,0.5857800385977933
253.31561461794018,0.5933615224677113
253.33554817275746,0.6007914261979154
253.35548172757476,0.6080649055166142
253.37541528239203,0.6151772919147078
253.39534883720933,0.6221240921010384
253.4152823920266,0.6289009874450575
253.43521594684387,0.6355038333974815
253.45514950166117,0.6419286588804245
253.47508305647844,0.6481716656392857
253.49501661129568,0.6542292275497604
253.51495016611295,0.6600978898739168
253.53488372093022,0.6657743684602484
253.55481727574752,0.671255548883072
253.5747508305648,0.6765384855174954
253.5946843853821,0.6816204005466416
253.61461794019937,0.6864986828984914
253.63455149501664,0.6911708871100942
253.65448504983394,0.6956347321174763
253.67441860465115,0.6998880999700525
253.69435215946845,0.7039290344686596
253.71428571428572,0.7077557397267735
253.734219269103,0.7113665786549591
253.7541528239203,0.7147600713686605
253.77408637873756,0.7179348935200994
253.79401993355484,0.7208898745550419
253.81395348837214,0.7236239958956964
253.83388704318935,0.7261363890511295
253.85382059800665,0.7284263336568908
253.87375415282392,0.7304932554457496
253.8936877076412,0.732336724151673
253.9136212624585,0.7339564513493443
253.93355481727576,0.7353522882317445
253.95348837209303,0.7365242233284797
253.97342192691033,0.7374723801677029
253.9933554817276,0.7381970148846609
254.01328903654485,0.7386985137799942
254.03322259136212,0.7389773908311464
254.0531561461794,0.7390342851602419
254.0730897009967,0.7388699584621236
254.09302325581396,0.7384852923961168
254.11295681063126,0.7378812859454407
254.13289036544853,0.7370590527481733
254.1528239202658,0.7360198184037452
254.1727574750831,0.7347649177593036
254.19269102990032,0.7332957921800589
254.21262458471762,0.7316139868080809
254.2325581395349,0.7297211478141069
254.25249169435216,0.7276190196469167
254.27242524916946,0.7253094422850485
254.29235880398673,0.7227943484958096
254.31229235880403,0.7200757611065558
254.3322259136213,0.7171557902933864
254.35215946843857,0.7140366308926485
254.37209302325581,0.71072055974072
254.3920265780731,0.7072099330477281
254.41196013289039,0.7035071838111313
254.43189368770766,0.699614819275204
254.45182724252493,0.6955354184428366
254.47176079734223,0.6912716296462217
254.4916943521595,0.6868261681833254
254.51162790697677,0.6822018140274244
254.531561461794,0.6774014096172726
254.55149501661128,0.6724278577359838
254.57142857142858,0.66728411948704
254.59136212624585,0.6619732123765085
254.61129568106313,0.6564982085109956
254.63122923588043,0.650862232921631
254.6511627906977,0.6450684620250172
254.67109634551497,0.639120122233019
254.69102990033227,0.6330204887240352
254.71096345514948,0.6267728843896763
254.73089700996678,0.6203806789717587
254.75083056478405,0.6138472884059378
254.77076411960132,0.6071761743899031
254.79069767441862,0.6003708441956411
254.8106312292359,0.5934348507473249
254.8305647840532,0.5863717929885006
254.85049833887047,0.5791853165648585
254.87043189368774,0.5718791148515796
254.89036544850498,0.5644569303575694
254.91029900332225,0.5569225565424747
254.93023255813955,0.5492798400866089
254.95016611295682,0.5415326836585365
254.9700996677741,0.5336850492306237
254.9900332225914,0.5257409619987289
255.00996677740866,0.5177045149694935
255.02990033222596,0.5095798742864256
255.04983388704318,0.5013712853751907
255.06976744186045,0.49308307999878526
255.08970099667775,0.4847196843251246
255.10963455149502,0.47628562812307124
255.12956810631232,0.46778555521819715
255.1495016611296,0.4592242353570309
255.16943521594686,0.4506065776484702
255.18936877076416,0.4419376457734585
255.20930232558143,0.4332226751795375
255.22923588039868,0.42446709250571657
255.24916943521595,0.4156765375151658
255.26910299003322,0.4068568878496373
255.28903654485052,0.3980142869591762
255.3089700996678,0.38915517560465823
255.32890365448506,0.3802863273782875
255.34883720930236,0.37141488873743
255.36877076411963,0.3625484240995072
255.3887043189369,0.3536949665976295
255.40863787375415,0.3448630751448534
255.42857142857142,0.33606189849507884
255.44850498338872,0.327301247012561
255.468438538206,0.31859167285995155
255.48837209302326,0.30994455927130093
255.50830564784056,0.3013722194711886
255.52823920265783,0.2928880056052668
255.54817275747513,0.28450642772345863
255.56810631229234,0.2762432823548369
255.58803986710961,0.26811578946943654
255.6079734219269,0.260142735559135
255.62790697674419,0.2523446190967002
255.64784053156149,0.24474379265079677
255.66777408637876,0.2373645933540956
255.68770764119603,0.2302334501811719
255.70764119601333,0.22337895260558635
255.7275747508306,0.21683186082122302
255.74750830564784,0.21062503320178416
255.7674418604651,0.20479324272595728
255.78737541528238,0.1993728518128767
255.80730897009968,0.19440131592622906
255.82724252491695,0.18991649226560264
255.84717607973425,0.18595574268498724
255.86710963455153,0.18255484078728793
255.8870431893688,0.1797467214687758
255.9069767441861,0.17756014405625928
255.9269102990033,0.17601837169999204
255.9468438538206,0.17513799171460398
255.96677740863788,0.17492800578360224
255.98671096345515,0.17538929999241357
256.0066445182724,0.17651456302261734
256.0265780730897,0.1782886639511356
256.046511627907,0.18068944151081234
256.0664451827243,0.18368880789556097
256.08637873754157,0.18725404205408291
256.1063122923588,0.19134914314151513
256.12624584717605,0.19593613101637344
256.1461794019934,0.20097620978604225
256.16611295681065,0.20643074384022522
256.1860465116279,0.21226202660490176
256.2059800664452,0.2184338462690788
256.22591362126246,0.22491186863127527
256.2458471760798,0.23166386561699673
256.265780730897,0.2386598205948052
256.2857142857143,0.24587194028391773
256.30564784053155,0.25327459949724596
256.3255813953488,0.2608442404840399
256.34551495016615,0.26855924407136694
256.3654485049834,0.27639978564010037
256.3853820598007,0.2843476854311246
256.40531561461796,0.2923862598172107
256.42524916943523,0.3005001779541529
256.4451827242525,0.30867532655642926
256.4651162790698,0.31689868432719137
256.48504983388705,0.32515820671430173
256.5049833887043,0.3334427210781116
256.5249169435216,0.34174183197326746
256.5448504983389,0.35004583601018796
256.5647840531562,0.35834564562934884
256.58471760797346,0.3666327210608424
256.60465116279073,0.37489900972942425
256.62458471760795,0.383136892384035
256.6445182724253,0.3913391352686514
256.66445182724254,0.3994988476999047
256.6843853820598,0.40760944447015424
256.7043189368771,0.41566461254911174
256.72425249169436,0.4236582816103352
256.7441860465117,0.4315845979588159
256.76411960132896,0.439437901482676
256.7840531561462,0.44721270529440216
256.80398671096344,0.4549036777654448
256.8239202657807,0.46250562669255574
256.84385382059804,0.47001348536478915
256.8637873754153,0.47742230032741667
256.8837209302326,0.48472722066297447
256.90365448504986,0.49192348863081786
256.9235880398671,0.49900643152522883
256.9435215946844,0.5059714546283786
256.96345514950167,0.512814035148882
256.98338870431894,0.5195297170491222
257.0033222591362,0.5261141066756015
257.0232558139535,0.5325628691161718
257.04318936877075,0.5388717252164577
257.0631229235881,0.5450364491951132
257.08305647840535,0.551052866804146
257.1029900332226,0.5569168539860718
257.1229235880399,0.562624335984786
257.1428571428571,0.5681712868712725
257.16279069767444,0.5735537294492672
257.1827242524917,0.5787677355091896
257.202657807309,0.5838094264017983
257.22259136212625,0.5886749739054974
257.2425249169435,0.5933606013636633
257.26245847176085,0.5978625850702676
257.2823920265781,0.6021772558839772
257.30232558139534,0.606301001052445
257.3222591362126,0.6102302662299688
257.3421926910299,0.6139615576728917
257.3621262458472,0.6174914445983176
257.3820598006645,0.6208165616926291
257.40199335548175,0.6239336117572705
257.421926910299,0.6268393684800303
257.4418604651163,0.6295306793207575
257.46179401993356,0.6320044685011875
257.48172757475083,0.634257740089075
257.5016611295681,0.6362875811674004
257.5215946843854,0.6380911650800429
257.54152823920265,0.6396657547455279
257.5614617940199,0.6410087060312732
257.58139534883725,0.6421174711808417
257.6013289036545,0.6429896022873041
257.6212624584718,0.6436227548062351
257.64119601328906,0.6440146911021356
257.6611295681063,0.6441632840225436
257.6810631229236,0.6440665204945365
257.7009966777409,0.6437225051386184
257.72093023255815,0.6431294638955072
257.7408637873754,0.642285747661707
257.7607973421927,0.6411898359302539
257.78073089701,0.6398403404335041
257.8006644518273,0.6382360087853317
257.82059800664456,0.6363757281207644
257.8405315614618,0.6342585287315635
257.86046511627904,0.6318835876971436
257.8803986710964,0.629250232510776
257.90033222591364,0.6263579447020536
257.9202657807309,0.6232063634574023
257.9401993355482,0.6197952892415837
257.96013289036546,0.6161246874242431
257.9800664451828,0.6121946919170315
258.0,0.6080056088281884
258.01993355481727,0.6035579201434235
258.03986710963454,0.5988522874437832
258.0598006644518,0.5938895556735425
258.07973421926914,0.5886707569738289
258.0996677740864,0.5831971146006799
258.1196013289037,0.5774700469497805
258.13953488372096,0.5714911717142974
258.1594684385382,0.5652623102068658
258.1794019933555,0.5587854918825073
258.19933554817277,0.5520629591057825
258.21926910299004,0.545097172213036
258.2392026578073,0.5378908149299774
258.2591362126246,0.5304468002153238
258.2790697674419,0.5227682766141407
258.2990033222592,0.514858635219853
258.31893687707645,0.5067215173619426
258.3388704318937,0.49836082315832203
258.35880398671094,0.4897807210978373
258.37873754152827,0.48098565884990074
258.39867109634554,0.47198037553722355
258.4186046511628,0.4627699157543777
258.4385382059801,0.4533596456725278
258.45847176079735,0.44375527164115336
258.4784053156146,0.43396286178432225
258.49833887043195,0.42398887119657
258.51827242524917,0.4138401714764516
258.53820598006644,0.40352408550202234
258.5581395348837,0.39304842856003674
258.578073089701,0.3824215572013233
258.5980066445183,0.3716524275234433
258.6179401993356,0.3607506649972433
258.63787375415285,0.3497266484809249
258.6578073089701,0.3385916117360834
258.6777408637874,0.3273577666147377
258.69767441860466,0.3160384531778506
258.71760797342193,0.3046483233981759
258.7375415282392,0.29320356687438365
258.7574750830565,0.2817221892331896
258.77740863787375,0.27022435672500594
258.7973421926911,0.2587328240243456
258.81727574750835,0.24727346648477783
258.8372093023256,0.23587594301031448
258.8571428571429,0.2245745209673334
258.8770764119601,0.21340909930529156
258.89700996677743,0.20242646835835493
258.9169435215947,0.1916818408024534
258.936877076412,0.18124067072134195
258.95681063122925,0.17118073407336346
258.9767441860465,0.161594353823326
258.9966777408638,0.15259048830883107
259.0166112956811,0.14429613229432303
259.03654485049833,0.13685610017286434
259.0564784053156,0.13042984431263652
259.0764119601329,0.12518375305305998
259.09634551495014,0.12127783717015941
259.1162790697675,0.1188473544892477
259.13621262458474,0.11798268059118293
259.156146179402,0.11871328399313437
259.1760797342193,0.12100175977363664
259.19601328903656,0.12475041005108041
259.2159468438538,0.12981769412050811
259.2358803986711,0.13603851270151493
259.25581395348837,0.14324250970790955
259.27574750830564,0.15126718568178138
259.2956810631229,0.15996536717741078
259.31561461794024,0.16920817919831774
259.3355481727575,0.17888509710024086
259.3554817275748,0.18890242527169265
259.37541528239205,0.19918112511734593
259.39534883720927,0.20965453344612475
259.4152823920266,0.22026624462156885
259.43521594684387,0.23096826715574997
259.45514950166114,0.24171947720584266
259.4750830564784,0.2524843491405561
259.4950166112957,0.2632319267852978
259.514950166113,0.2739349956068851
259.5348837209303,0.28456941883202314
259.55481727574755,0.29511360551945726
259.57475083056477,0.30554808405188194
259.59468438538204,0.31585515954648324
259.61461794019937,0.32601863800104813
259.63455149501664,0.33602360355119865
259.6544850498339,0.3458562380783991
259.6744186046512,0.3555036746821536
259.69435215946845,0.3649538783201281
259.7142857142858,0.37419554832376295
259.734219269103,0.3832180385960515
259.75415282392026,0.39201129215841835
259.77408637873754,0.4005657873884227
259.7940199335548,0.40887249381975194
259.81395348837214,0.41692283579387324
259.8338870431894,0.4247086625826866
259.8538205980067,0.43222222386354087
259.87375415282395,0.4394561496366229
259.8936877076412,0.44640343384154624
259.9136212624585,0.4530574210638164
259.93355481727576,0.4594117958300115
259.95348837209303,0.46546057407786273
259.9734219269103,0.4711980964585292
259.9933554817276,0.47661902318666355
260.01328903654485,0.48171833020130767
260.0332225913622,0.486491306440337
260.05315614617945,0.4909335520636103
260.0730897009967,0.49504097748739617
260.09302325581393,0.49880980311549067
260.1129568106312,0.5022365596718035
260.13289036544853,0.5053180890558443
260.1528239202658,0.5080515456566387
260.1727574750831,0.5104343980732493
260.19269102990035,0.5124644312007824
260.2126245847176,0.5141397486509847
260.23255813953494,0.5154587754851341
260.25249169435216,0.516420261245631
260.27242524916943,0.5170232832804512
260.2923588039867,0.5172672503624917
260.312292358804,0.5171519066134181
260.3322259136213,0.5166773357495592
260.3521594684386,0.51584396567544
260.37209302325584,0.5146525734591316
260.3920265780731,0.5131042907329522
260.4119601328904,0.5112006095730708
260.43189368770766,0.5089433889227811
260.4518272425249,0.5063348616369043
260.4717607973422,0.5033776422387717
260.49169435215947,0.5000747354975498
260.51162790697674,0.49642954595199806
260.531561461794,0.4924458885282784
260.55149501661134,0.48812800042382
260.5714285714286,0.48348055445794097
260.5913621262459,0.478508674123247
260.6112956810631,0.47321795061052246
260.63122923588037,0.467614462125356
260.6511627906977,0.46170479586774804
260.67109634551497,0.4554960731084703
260.69102990033224,0.4489959778689303
260.7109634551495,0.4422127897971337
260.7308970099668,0.43515542193300594
260.7508305647841,0.42783346417416546
260.7707641196013,0.4202572333909204
260.7906976744186,0.41243783129985884
260.81063122923587,0.40438721139106637
260.83056478405314,0.39611825641806087
260.85049833887047,0.38764486820302557
260.87043189368774,0.37898207178331017
260.890365448505,0.37014613622572534
260.9102990033223,0.3611547147551119
260.93023255813955,0.35202700716787927
260.9501661129568,0.3427839478013533
260.9700996677741,0.33344842255931084
260.99003322259136,0.32404551857663627
261.00996677740864,0.31460280992343514
261.0299003322259,0.3051506821214686
261.04983388704323,0.2957226969090776
261.0697674418605,0.28635599626632546
261.0897009966778,0.2770917406797484
261.10963455149505,0.2679755703028351
261.12956810631226,0.25905806822263727
261.1495016611296,0.2503951915780055
261.16943521594686,0.24204861805067984
261.18936877076413,0.23408593213517578
261.2093023255814,0.22658054884277862
261.2292358803987,0.21961124588736577
261.249169435216,0.21326115655805064
261.2691029900333,0.20761607673441707
261.28903654485055,0.2027619770175163
261.30897009966776,0.19878170037942572
261.32890365448503,0.1957509731309071
261.34883720930236,0.19373404670700334
261.36877076411963,0.19277947389505123
261.3887043189369,0.19291663532711473
261.4086378737542,0.19415360234934811
261.42857142857144,0.19647672499316443
261.4485049833887,0.19985201256927126
261.468438538206,0.20422803221253813
261.48837209302326,0.2095398004375401
261.50830564784053,0.21571305182521
261.5282392026578,0.22266833419739226
261.5481727574751,0.2303245439621287
261.5681063122924,0.23860170631738956
261.58803986710967,0.2474229675694457
261.60797342192694,0.2567158755745181
261.6279069767442,0.2664130788580317
261.6478405315614,0.2764525882973169
261.66777408637876,0.286777733507902
261.687707641196,0.29733692273995666
261.7076411960133,0.3080832891666889
261.72757475083057,0.31897428283519746
261.74750830564784,0.3299712482668593
261.76744186046517,0.3410390130478751
261.78737541528244,0.3521455022210706
261.8073089700997,0.363261386064004
261.8272425249169,0.3743597640968773
261.8471760797342,0.3854158852036495
261.8671096345515,0.39640690201846507
261.8870431893688,0.4073116568177235
261.90697674418607,0.4181104957730128
261.92691029900334,0.42878510836058714
261.9468438538206,0.43931838885340313
261.9667774086379,0.4496943170534849
261.98671096345515,0.4598978556997429
262.0066445182724,0.4699148622743154
262.0265780730897,0.4797320132096853
262.04651162790697,0.489336738757643
262.06644518272424,0.4987171670155706
262.08637873754157,0.5078620758129714
262.10631229235884,0.5167608513435077
262.1262458471761,0.5254034525856024
262.1461794019934,0.5337803806911858
262.1661129568106,0.5418826526392558
262.1860465116279,0.549701778551215
262.2059800664452,0.5572297421506006
262.22591362126246,0.5644589839231041
262.24584717607974,0.5713823865950967
262.265780730897,0.5779932626021473
262.28571428571433,0.5842853432645552
262.3056478405316,0.590252769425637
262.3255813953489,0.5958900833418626
262.3455149501661,0.6011922216423013
262.36544850498336,0.6061545091991899
262.3853820598007,0.6107726537725887
262.40531561461796,0.6150427413099672
262.42524916943523,0.6189612317972399
262.4451827242525,0.6225249555712801
262.4651162790698,0.6257311100155476
262.4850498338871,0.6285772565707699
262.5049833887043,0.6310613180014064
262.5249169435216,0.6331815758664414
262.54485049833886,0.6349366681499365
262.56478405315613,0.6363255870127992
262.58471760797346,0.6373476766325838
262.60465116279073,0.6380026311029844
262.624584717608,0.6382904923690217
262.6445182724253,0.638211648177757
262.66445182724254,0.6377668300280506
262.6843853820598,0.6369571111061602
262.7043189368771,0.6357839041969815
262.72425249169436,0.6342489595638255
262.74418604651163,0.6323543627921775
262.7641196013289,0.6301025325958787
262.78405315614623,0.6274962185864912
262.8039867109635,0.6245384990096283
262.82392026578077,0.6212327784544288
262.84385382059804,0.61758278554533
262.86378737541526,0.6135925706281264
262.8837209302326,0.609266503465311
262.90365448504986,0.6046092709591772
262.9235880398671,0.5996258749244907
262.9435215946844,0.5943216299367012
262.96345514950167,0.5887021612857417
262.98338870431894,0.5827734030705717
263.00332225913627,0.5765415964747708
263.02325581395354,0.5700132882697978
263.04318936877075,0.5631953295994132
263.063122923588,0.5560948751067237
263.0830564784053,0.5487193824743889
263.1029900332226,0.541076612459062
263.1229235880399,0.5331746295132305
263.14285714285717,0.5250218031015693
263.16279069767444,0.5166268098353879
263.1827242524917,0.5079986365675356
263.202657807309,0.4991465846124125
263.22259136212625,0.490080275281541
263.2425249169435,0.48080965695556965
263.2624584717608,0.47134501394905204
263.28239202657807,0.461696977466164
263.3023255813954,0.4518765389945878
263.32225913621266,0.44189506654237953
263.34219269102994,0.4317643241904344
263.3621262458472,0.42149649551257196
263.3820598006644,0.4111042115083675
263.40199335548175,0.40060058380262403
263.421926910299,0.3899992439917698
263.4418604651163,0.3793143901635788
263.46179401993356,0.36856084178397786
263.48172757475083,0.35775410433387056
263.5016611295681,0.34691044528897735
263.52159468438543,0.33604698326237314
263.5415282392027,0.32518179236413414
263.5614617940199,0.3143340240576938
263.5813953488372,0.30352404897938984
263.60132890365446,0.29277362128687995
263.6212624584718,0.28210606803676436
263.64119601328906,0.2715465057411976
263.66112956810633,0.2611220854375554
263.6810631229236,0.2508622660587069
263.7009966777409,0.2407991132389963
263.72093023255815,0.2309676164199401
263.7408637873754,0.2214060105713694
263.7607973421927,0.2121560792423582
263.78073089700996,0.203263402230121
263.80066445182723,0.19477749342044348
263.82059800664456,0.1867517526660214
263.84053156146183,0.17924313203370548
263.8604651162791,0.17231139645965257
263.8803986710964,0.16601785111668624
263.9003322259136,0.16042342644813687
263.9202657807309,0.15558607288433898
263.9401993355482,0.15155753217328374
263.96013289036546,0.1483797163984825
263.98006644518273,0.14608110656719506
264.0,0.14467371761268036
264.0199335548173,0.1441511922175883
264.0398671096346,0.14448843692663005
264.05980066445187,0.14564292224240458
264.0797342192691,0.1475574266593558
264.09966777408636,0.150163734117155
264.1196013289037,0.1533866806506938
264.13953488372096,0.15714799957281686
264.1594684385382,0.16136958018305703
264.1794019933555,0.16597595376017238
264.19933554817277,0.1708959897575967
264.2192691029901,0.17606389548482926
264.2392026578073,0.18141966399309134
264.2591362126246,0.18690912265372678
264.27906976744185,0.19248371745271117
264.2990033222591,0.19810014020135233
264.31893687707645,0.20371987712128395
264.3388704318937,0.20930873234291317
264.358803986711,0.2148363603622687
264.37873754152827,0.22027582731077022
264.39867109634554,0.22560321114230242
264.4186046511628,0.2307972444891883
264.4385382059801,0.23583900002921973
264.45847176079735,0.2407116159717257
264.4784053156146,0.24540005813842605
264.4983388704319,0.2498909146767983
264.51827242524917,0.25417221942355384
264.5382059800665,0.2582333001493043
264.55813953488376,0.26206464824705517
264.57807308970104,0.2656578068033721
264.59800664451825,0.2690052743710124
264.6179401993355,0.2721004221203776
264.63787375415285,0.2749374223740543
264.6578073089701,0.27751118681899783
264.6777408637874,0.2798173129442338
264.69767441860466,0.28185203747110055
264.71760797342193,0.2836121957304165
264.73754152823926,0.2850951861009376
264.75747508305653,0.2862989387590869
264.77740863787375,0.28722188810489296
264.797342192691,0.287862948326604
264.8172757475083,0.2882214916485508
264.8372093023256,0.28829732887690107
264.8571428571429,0.28809069191719733
264.87707641196016,0.28760221798789937
264.89700996677743,0.28683293529746884
264.9169435215947,0.28578424998948043
264.936877076412,0.28445793419225274
264.95681063122925,0.2828561150377084
264.9767441860465,0.28098126453847944
264.9966777408638,0.27883619023479517
265.01661129568106,0.2764240265425567
265.03654485049833,0.27374822675315497
265.05647840531566,0.27081255565332724
265.07641196013293,0.2676210827516713
265.0963455149502,0.2641781761163227
265.1162790697674,0.26048849684806125
265.1362126245847,0.2565569942341376
265.156146179402,0.25238890165231437
265.1760797342193,0.24798973332240468
265.19601328903656,0.24336528203606694
265.2159468438538,0.2385216180359191
265.2358803986711,0.23346508926519038
265.2558139534884,0.22820232327188714
265.2757475083057,0.22274023113124117
265.2956810631229,0.2170860138528122
265.3156146179402,0.2112471718717236
265.33554817275746,0.20523151839811962
265.3554817275748,0.1990471976299569
265.37541528239205,0.19270270914264032
265.3953488372093,0.18620694018530387
265.4152823920266,0.17956920817911357
265.43521594684387,0.17279931649154023
265.45514950166114,0.16590762763958866
265.4750830564784,0.15890515958934184
265.4950166112957,0.15180371296333994
265.51495016611295,0.14461604003807765
265.5348837209302,0.13735607085430004
265.55481727574755,0.13003921825145723
265.5747508305648,0.12268279320133937
265.5946843853821,0.11530657601657947
265.61461794019937,0.1079336101769802
265.6345514950166,0.10059131700852311
265.6544850498339,0.09331307571255887
265.6744186046512,0.08614047895352109
265.69435215946845,0.07912656032515303
265.7142857142857,0.0723403807408287
265.734219269103,0.06587338670598179
265.7541528239203,0.059847700354320854
265.7740863787376,0.05442543180300021
265.79401993355486,0.04981519730636757
265.8139534883721,0.04626641685734428
265.83388704318935,0.04403650435187565
265.8538205980067,0.04332329822618248
265.87375415282395,0.04418803359792616
265.8936877076412,0.04652551465081523
265.9136212624585,0.0501088833789169
265.93355481727576,0.054669691394407
265.95348837209303,0.05995932662919663
265.9734219269103,0.06577489246877713
265.9933554817276,0.07196087071301804
266.01328903654485,0.07840104123075324
266.0332225913621,0.08500885287364991
266.0531561461794,0.09171926692696664
266.0730897009967,0.09848263080557967
266.093023255814,0.10526030189672207
266.11295681063126,0.11202158148555634
266.13289036544853,0.11874157514898853
266.15282392026575,0.12539969369966936
266.1727574750831,0.1319785943340101
266.19269102990035,0.13846342508447873
266.2126245847176,0.14484127975990166
266.2325581395349,0.1511008003714721
266.25249169435216,0.15723188401910107
266.2724252491695,0.1632254645979132
266.29235880398676,0.1690733486984068
266.31229235880403,0.17476809119148407
266.33222591362124,0.18030290018086037
266.3521594684385,0.1856715639063119
266.37209302325584,0.19086839420989682
266.3920265780731,0.19588818261149749
266.4119601328904,0.20072616606403365
266.43189368770766,0.20537800019715774
266.4518272425249,0.20983973839687936
266.4717607973422,0.21410781546378752
266.4916943521595,0.2181790348867182
266.51162790697674,0.222050558988239
266.531561461794,0.22571990136460846
266.5514950166113,0.22918492116905073
266.57142857142856,0.23244381888432677
266.5913621262459,0.23549513330541327
266.61129568106315,0.2383377395116107
266.6312292358804,0.24097084765309204
266.6511627906977,0.24339400241319473
266.6710963455149,0.24560708303636336
266.69102990033224,0.24761030383477683
266.7109634551495,0.24940421510492858
266.7308970099668,0.2509897044004812
266.75083056478405,0.2523679981196076
266.7707641196013,0.25354066337440456
266.79069767441865,0.254509610118053
266.8106312292359,0.25527709351091543
266.8305647840532,0.25584571651138277
266.8504983388704,0.2562184326803634
266.8704318936877,0.25639854919004584
266.890365448505,0.25638973002786575
266.9102990033223,0.2561959993857938
266.93023255813955,0.25582174522246653
266.9501661129568,0.2552717229815744
266.9700996677741,0.25455105944392703
266.9900332225914,0.25366525668240647
267.0099667774087,0.2526201960786544
267.0299003322259,0.2514221423464105
267.0498338870432,0.25007774749032796
267.06976744186045,0.24859405460827377
267.0897009966778,0.24697850142056987
267.10963455149505,0.24523892338032727
267.1295681063123,0.24338355618417634
267.1495016611296,0.2414210374623124
267.16943521594686,0.23936040737990127
267.18936877076413,0.23721110782898897
267.2093023255814,0.2349829798300961
267.2292358803987,0.23268625869736187
267.24916943521595,0.23033156644976802
267.2691029900332,0.22792990087671683
267.28903654485055,0.2254926205901288
267.3089700996678,0.22303142532196873
267.3289036544851,0.22055833065961666
267.34883720930236,0.2180856363588882
267.3687707641196,0.21562588734330176
267.3887043189369,0.21319182649808577
267.4086378737542,0.21079633840992965
267.42857142857144,0.2084523832993958
267.4485049833887,0.20617292055609787
267.468438538206,0.20397082152617163
267.48837209302326,0.20185877152699078
267.5083056478406,0.19984916147806203
267.52823920265786,0.1979539700355066
267.5481727574751,0.196184637688365
267.56810631229234,0.19455193489255324
267.5880398671096,0.19306582694802857
267.60797342192694,0.1917353389183076
267.6279069767442,0.19056842439451177
267.6478405315615,0.18957184225912468
267.66777408637876,0.18875104575311843
267.687707641196,0.1881100880491396
267.70764119601336,0.18765154815953228
267.72757475083057,0.18737648036132365
267.74750830564784,0.1872843894317561
267.7674418604651,0.18737323291569197
267.7873754152824,0.18763945047084524
267.8073089700997,0.18807801915288885
267.827242524917,0.18868253240578833
267.84717607973425,0.189445299597556
267.8671096345515,0.19035746225301933
267.88704318936874,0.19140912271857477
267.90697674418607,0.19258948085752095
267.92691029900334,0.1938869744971985
267.9468438538206,0.19528941968981015
267.9667774086379,0.1967841473526067
267.98671096345515,0.19835813345925588
268.0066445182724,0.1999981206054848
268.02657807308975,0.20169072941722868
268.046511627907,0.20342255886987132
268.06644518272424,0.20518027511491563
268.0863787375415,0.20695068885078288
268.1063122923588,0.20872082162140568
268.1262458471761,0.21047796168311061
268.1461794019934,0.21220971025430926
268.16611295681065,0.21390401906580025
268.1860465116279,0.21554922017394995
268.2059800664452,0.21713404899816371
268.2259136212625,0.21864766150938633
268.24584717607974,0.22007964643801586
268.265780730897,0.22142003329726603
268.2857142857143,0.22265929693713635
268.30564784053155,0.22378835926149993
268.3255813953489,0.22479858865928595
268.34551495016615,0.22568179762341353
268.3654485049834,0.22643023895962777
268.3853820598007,0.22703660092250136
268.4053156146179,0.22749400155833957
268.42524916943523,0.2277959824839529
268.4451827242525,0.22793650228650505
268.4651162790698,0.22790992969212634
268.48504983388705,0.22771103661910647
268.5049833887043,0.22733499120492232
268.52491694352165,0.22677735087409945
268.5448504983389,0.22603405549580366
268.5647840531562,0.2251014206652046
268.5847176079734,0.22397613113078801
268.6046511627907,0.22265523438032414
268.624584717608,0.22113613439100296
268.6445182724253,0.21941658554356835
268.66445182724254,0.21749468669625943
268.6843853820598,0.21536887541155741
268.7043189368771,0.21303792232705204
268.7242524916944,0.2105009256608096
268.7441860465117,0.2077573058417151
268.7641196013289,0.20480680025603187
268.7840531561462,0.20164945810286158
268.80398671096344,0.198285635353528
268.82392026578077,0.19471598981291105
268.84385382059804,0.19094147628495453
268.8637873754153,0.1869633418498039
268.8837209302326,0.18278312126696053
268.90365448504986,0.17840263252780547
268.9235880398671,0.17382397259286378
268.9435215946844,0.16904951336486218
268.96345514950167,0.16408189797047382
268.98338870431894,0.15892403745322353
269.0033222591362,0.15357910802181374
269.0232558139535,0.1480505490574104
269.0431893687708,0.1423420621694462
269.0631229235881,0.13645761171614473
269.08305647840535,0.13040142739651378
269.10299003322257,0.12417800981262592
269.12292358803984,0.11779214035930329
269.14285714285717,0.11124889753478713
269.16279069767444,0.10455368298222144
269.1827242524917,0.09771226264157777
269.202657807309,0.09073083203614936
269.22259136212625,0.08361612138746392
269.2425249169436,0.07637556901211563
269.26245847176085,0.06901761715289105
269.28239202657807,0.06155223938276766
269.30232558139534,0.05399193516863177
269.3222591362126,0.046353744567540225
269.34219269102994,0.038663723893523405
269.3621262458472,0.03096817279480859
269.3820598006645,0.023366826794455956
269.40199335548175,0.016135657685188404
269.421926910299,0.010306268020794027
269.4418604651163,0.009344101830935073
269.46179401993356,0.014385074322540976
269.48172757475083,0.021631353455468492
269.5016611295681,0.029540554348486694
269.5215946843854,0.03772287366854489
269.54152823920265,0.04604818705718157
269.56146179402,0.05445927098240034
269.58139534883725,0.0629249003803735
269.6013289036545,0.07142486110207914
269.62126245847173,0.07994421857214519
269.641196013289,0.0884708171973802
269.66112956810633,0.09699407549035906
269.6810631229236,0.10550435942746943
269.7009966777409,0.11399263658116
269.72093023255815,0.12245027622687778
269.7408637873754,0.13086892974363015
269.76079734219275,0.1392404573178851
269.78073089701,0.1475568824425042
269.80066445182723,0.15581036368388193
269.8205980066445,0.16399317749963085
269.8405315614618,0.1720977083105316
269.8604651162791,0.18011644344024963
269.8803986710964,0.188041971382489
269.90033222591364,0.19586698237768765
269.9202657807309,0.20358427061207737
269.9401993355482,0.21118673756582648
269.9601328903655,0.21866739617822173
269.98006644518273,0.22601937559308766
270.0,0.23323592631263018
270.01993355481727,0.24031042563319263
270.03986710963454,0.24723638326838007
270.05980066445187,0.2540074470878764
270.07973421926914,0.26061740891693347
270.0996677740864,0.2670602103536093
270.1196013289037,0.2733299485700272
270.1395348837209,0.27942088207075616
270.1594684385382,0.2853274363866139
270.1794019933555,0.2910442096863035
270.19933554817277,0.2965659782915006
270.21926910299004,0.30188770208354077
270.2392026578073,0.30700452979195353
270.25913621262464,0.31191180415687325
270.2790697674419,0.31660506695875124
270.2990033222592,0.3210800639101715
270.3189368770764,0.3253327494056499
270.33887043189367,0.32935929112639895
270.358803986711,0.33315607449798756
270.37873754152827,0.33671970699985165
270.39867109634554,0.3400470223263943
270.4186046511628,0.3431350844005663
270.4385382059801,0.3459811912415891
270.45847176079735,0.34858287868964666
270.4784053156147,0.35093792399119367
270.4983388704319,0.3530443492500009
270.51827242524917,0.35490042474989036
270.53820598006644,0.35650467215666276
270.5581395348837,0.357855867608101
270.57807308970104,0.3589530447024051
270.5980066445183,0.35979549739728545
270.6179401993356,0.360382782833741
270.63787375415285,0.3607147241007636
270.65780730897006,0.36079141295956324
270.6777408637874,0.36061321254859
270.69767441860466,0.3601807600936778
270.71760797342193,0.3594949696509401
270.7375415282392,0.3585570349140747
270.7574750830565,0.3573684321218873
270.7774086378738,0.35593092310697894
270.7973421926911,0.3542465585320509
270.81727574750835,0.35231768136693575
270.83720930232556,0.3501469306665908
270.85714285714283,0.347737245718979
270.87707641196016,0.34509187064129676
270.89700996677743,0.34221435951436585
270.9169435215947,0.33910858215762296
270.936877076412,0.33577873066215375
270.95681063122925,0.3322293268160667
270.9767441860465,0.32846523057647337
270.99667774086384,0.3244916497646662
271.01661129568106,0.3203141511877268
271.03654485049833,0.3159386734195427
271.0564784053156,0.3113715415093957
271.0764119601329,0.3066194839259724
271.0963455149502,0.3016896520905223
271.1162790697675,0.29658964290516526
271.13621262458474,0.29132752474162327
271.156146179402,0.28591186742238467
271.1760797342193,0.2803517768007055
271.19601328903656,0.2746569346275536
271.2159468438538,0.26883764448138653
271.2358803986711,0.2629048846281156
271.25581395348837,0.2568703687697901
271.27574750830564,0.2507466157232929
271.29568106312297,0.24454702913451315
271.31561461794024,0.23828598835990636
271.3355481727575,0.2319789516109735
271.3554817275747,0.2256425723182226
271.375415282392,0.2192948293751705
271.3953488372093,0.2129551713916742
271.4152823920266,0.20664467421477542
271.43521594684387,0.20038620962375941
271.45514950166114,0.1942046210997986
271.4750830564784,0.18812689969826044
271.49501661129574,0.18218234909009462
271.514950166113,0.17640272358786888
271.5348837209302,0.17082231634520062
271.5548172757475,0.1654779670774563
271.57475083056477,0.16040895022465448
271.5946843853821,0.1556566968267001
271.61461794019937,0.15126429887475681
271.63455149501664,0.147275747030371
271.6544850498339,0.1437348656688055
271.6744186046512,0.14068393727120346
271.6943521594685,0.13816205308082283
271.7142857142857,0.13620328554820543
271.734219269103,0.13483484017930264
271.75415282392026,0.13407539277631428
271.77408637873754,0.13393383291349917
271.79401993355486,0.1344086016358596
271.81395348837214,0.13548773090140373
271.8338870431894,0.13714958203992833
271.8538205980067,0.1393641706329929
271.8737541528239,0.14209488581516086
271.8936877076412,0.1453003806840675
271.9136212624585,0.1489364270766758
271.93355481727576,0.15295757791603104
271.95348837209303,0.15731854359547817
271.9734219269103,0.16197524813434508
271.9933554817276,0.16688557589072173
272.0132890365449,0.17200984746857922
272.0332225913622,0.17731107608146318
272.0531561461794,0.1827550572399159
272.07308970099666,0.1883103396195163
272.09302325581393,0.19394811688731645
272.11295681063126,0.19964207150522173
272.13289036544853,0.20536819345120422
272.1528239202658,0.2111045900151315
272.1727574750831,0.21683129748111804
272.19269102990035,0.22253010149691932
272.2126245847177,0.2281843700399776
272.2325581395349,0.23377890088349323
272.25249169435216,0.23929978412617367
272.27242524916943,0.2447342794953468
272.2923588039867,0.2500707076215297
272.31229235880403,0.2552983542057929
272.3322259136213,0.2604073858810196
272.3521594684386,0.2653887765478774
272.37209302325584,0.27023424300785903
272.39202657807306,0.2749361887919493
272.4119601328904,0.27948765517744356
272.43189368770766,0.2838822784853767
272.4518272425249,0.2881142528501779
272.4717607973422,0.29217829774737686
272.49169435215947,0.2960696296520827
272.51162790697674,0.2997839372798369
272.53156146179407,0.30331735993172104
272.55149501661134,0.3066664685280901
272.57142857142856,0.30982824896996924
272.5913621262458,0.3128000875150376
272.6112956810631,0.31557975789680354
272.6312292358804,0.31816540995181153
272.6511627906977,0.3205555595510458
272.67109634551497,0.32274907965878186
272.69102990033224,0.3247451923657232
272.7109634551495,0.32654346176336047
272.73089700996684,0.3281437875439733
272.75083056478405,0.32954639922595697
272.7707641196013,0.3307518509167711
272.7906976744186,0.3317610165372304
272.81063122923587,0.33257508544018743
272.8305647840532,0.3331955583649526
272.85049833887047,0.33362424367546545
272.87043189368774,0.3338632538362
272.890365448505,0.3339150020843574
272.9102990033223,0.33378219926091185
272.93023255813955,0.3334678507658555
272.9501661129568,0.33297525360537206
272.9700996677741,0.3323079934999176
272.99003322259136,0.33146994202288216
273.00996677740864,0.33046525373936453
273.02990033222596,0.3292983633138761
273.04983388704323,0.32797398255386195
273.0697674418605,0.32649709735376775
273.0897009966777,0.32487296450085595
273.109634551495,0.3231071082999662
273.1295681063123,0.3212053169692036
273.1495016611296,0.3191736387524749
273.16943521594686,0.3170183776877146
273.18936877076413,0.31474608896147976
273.2093023255814,0.312363573771269
273.22923588039873,0.3098778736067425
273.249169435216,0.30729626384945746
273.2691029900332,0.30462624657852044
273.2890365448505,0.30187554245610204
273.30897009966776,0.29905208155306817
273.3289036544851,0.2961639929603222
273.34883720930236,0.29321959301723344
273.36877076411963,0.29022737197455
273.3887043189369,0.2871959788961359
273.4086378737542,0.2841342045930737
273.42857142857144,0.2810509623754206
273.4485049833887,0.27795526640277707
273.468438538206,0.27485620741607253
273.48837209302326,0.27176292564111804
273.50830564784053,0.268684580670977
273.5282392026578,0.26563031816114974
273.54817275747513,0.26260923321035656
273.5681063122924,0.25963033035196076
273.58803986710967,0.25670248014824826
273.6079734219269,0.25383437246261153
273.62790697674416,0.25103446658325346
273.6478405315615,0.24831093848560418
273.66777408637876,0.24567162564763775
273.687707641196,0.24312396996871907
273.7076411960133,0.24067495948505643
273.72757475083057,0.23833106971602613
273.7475083056479,0.23609820560898406
273.76744186046517,0.23398164516689218
273.7873754152824,0.23198598593448833
273.80730897009965,0.230115095575231
273.8272425249169,0.22837206778577668
273.84717607973425,0.22675918475994739
273.8671096345515,0.2252778873265826
273.8870431893688,0.2239287537447932
273.90697674418607,0.22271148794857765
273.92691029900334,0.22162491779749766
273.9468438538206,0.22066700362163189
273.9667774086379,0.21983485706021555
273.98671096345515,0.21912476989969978
274.0066445182724,0.21853225233397747
274.0265780730897,0.21805207981238617
274.04651162790697,0.21767834742292352
274.0664451827243,0.21740453058906048
274.08637873754157,0.21722355074498512
274.10631229235884,0.21712784459832624
274.12624584717605,0.21710943559018323
274.1461794019933,0.21716000621424242
274.16611295681065,0.21727096995277528
274.1860465116279,0.21743354171730417
274.2059800664452,0.21763880583634906
274.22591362126246,0.21787778080065234
274.24584717607974,0.218141480149221
274.26578073089706,0.2184209690483408
274.28571428571433,0.2187074162744767
274.30564784053155,0.21899214145559306
274.3255813953488,0.21926665755060584
274.3455149501661,0.2195227086522835
274.3654485049834,0.21975230328404663
274.3853820598007,0.21994774342728707
274.40531561461796,0.2201016495635319
274.42524916943523,0.22020698204814082
274.4451827242525,0.22025705915047122
274.46511627906983,0.22024557210268597
274.48504983388705,0.22016659749719658
274.5049833887043,0.22001460736402542
274.5249169435216,0.21978447724519812
274.54485049833886,0.21947149256591342
274.5647840531562,0.2190713535827934
274.58471760797346,0.2185801791691272
274.60465116279073,0.21799450967658507
274.624584717608,0.21731130909313
274.6445182724253,0.21652796669837202
274.66445182724254,0.21564229840036842
274.6843853820598,0.21465254792248212
274.7043189368771,0.2135573879954418
274.72425249169436,0.21235592169776077
274.74418604651163,0.21104768407769128
274.76411960132896,0.20963264418138078
274.78405315614623,0.20811120760483592
274.8039867109635,0.206484219681139
274.8239202657807,0.20475296940940263
274.843853820598,0.20291919422676474
274.8637873754153,0.20098508571986945
274.8837209302326,0.19895329636625925
274.90365448504986,0.1968269473885505
274.9235880398671,0.1946096377939121
274.9435215946844,0.19230545465746424
274.96345514950167,0.18991898468821833
274.983388704319,0.18745532708935678
275.0033222591362,0.184920107687814
275.0232558139535,0.18231949425866514
275.04318936877075,0.17966021290462486
275.063122923588,0.17694956526555713
275.08305647840535,0.174195446223188
275.1029900332226,0.1714063616272422
275.1229235880399,0.16859144539511353
275.14285714285717,0.16576047512389888
275.16279069767444,0.1629238850960357
275.1827242524917,0.16009277525619142
275.202657807309,0.15727891438821207
275.22259136212625,0.15449473533343444
275.2425249169435,0.1517533196800785
275.2624584717608,0.14906836894350733
275.2823920265781,0.14645415888832974
275.3023255813954,0.14392547337413883
275.32225913621266,0.1414975140117375
275.3421926910299,0.1391857820910818
275.36212624584715,0.13700592978946866
275.3820598006645,0.13497357869346183
275.40199335548175,0.1331041052517124
275.421926910299,0.131412394950661
275.4418604651163,0.1299125697197025
275.46179401993356,0.12861769616430935
275.48172757475083,0.12753948540175064
275.50166112956816,0.12668799812329704
275.5215946843854,0.1260713705431177
275.54152823920265,0.12569557764169056
275.5614617940199,0.12556424921302423
275.5813953488372,0.1256785515512054
275.6013289036545,0.12603714333205615
275.6212624584718,0.12663620883659743
275.64119601328906,0.12746956582874128
275.66112956810633,0.1285288399357927
275.6810631229236,0.12980369300194824
275.7009966777409,0.13128209008690717
275.72093023255815,0.13295058875458385
275.7408637873754,0.1347946349305183
275.7607973421927,0.136798851556207
275.78073089700996,0.1389473090639376
275.8006644518273,0.14122376985004512
275.82059800664456,0.14361190202030352
275.84053156146183,0.14609546041792665
275.86046511627904,0.1486584351517252
275.8803986710963,0.1512851694609386
275.90033222591364,0.15396044981238882
275.9202657807309,0.15666957170246162
275.9401993355482,0.15939838483446178
275.96013289036546,0.16213332126536
275.98006644518273,0.16486140985914396
276.00000000000006,0.16757028002385554
276.0199335548173,0.17024815730437026
276.03986710963454,0.17288385299391357
276.0598006644518,0.17546674954077776
276.0797342192691,0.1779867831776023
276.0996677740864,0.18043442489634762
276.1196013289037,0.18280066063336795
276.13953488372096,0.1850769713148185
276.1594684385382,0.18725531323762074
276.1794019933555,0.18932809912165513
276.1993355481728,0.19128818005877352
276.21926910299004,0.19312882849903823
276.2392026578073,0.19484372234974906
276.2591362126246,0.19642693021446161
276.27906976744185,0.19787289776357878
276.2990033222592,0.19917643520340667
276.31893687707645,0.2003327057930607
276.3388704318937,0.20133721534780305
276.358803986711,0.20218580266110664
276.37873754152827,0.20287463077467172
276.39867109634554,0.20340017902556326
276.4186046511628,0.20375923580099914
276.4385382059801,0.2039488919343067
276.45847176079735,0.20396653467934148
276.4784053156146,0.20380984220507234
276.4983388704319,0.20347677855689428
276.5182724252492,0.2029655890361738
276.5382059800665,0.2022747959551306
276.5581395348837,0.20140319472915402
276.578073089701,0.2003498502744229
276.59800664451825,0.19911409368426164
276.6179401993356,0.19769551916362246
276.63787375415285,0.1960939812070653
276.6578073089701,0.19430959201236558
276.6777408637874,0.19234271912899037
276.69767441860466,0.19019398334858678
276.717607973422,0.18786425685388466
276.7375415282392,0.1853546616526757
276.7574750830565,0.18266656833626943
276.77740863787375,0.1798015952167125
276.797342192691,0.17676160791540776
276.81727574750835,0.1735487194989184
276.8372093023256,0.170165291286233
276.8571428571429,0.16661393448904846
276.87707641196016,0.16289751289375926
276.89700996677743,0.15901914685607677
276.9169435215947,0.15498221896078956
276.936877076412,0.1507903818082466
276.95681063122925,0.14644756853520702
276.9767441860465,0.14195800687734972
276.9966777408638,0.1373262378545294
277.01661129568106,0.13255714054089063
277.0365448504984,0.12765596491887687
277.05647840531566,0.12262837558128702
277.0764119601329,0.1174805101518612
277.09634551495014,0.11221905791704637
277.1162790697674,0.10685136657689516
277.13621262458474,0.10138558867698791
277.156146179402,0.0958308849075155
277.1760797342193,0.09019771026697977
277.19601328903656,0.08449822315250728
277.2159468438538,0.07874688031320491
277.23588039867116,0.07296131849590373
277.25581395348837,0.06716368742463685
277.27574750830564,0.061382707477072154
277.2956810631229,0.0556569108657755
277.3156146179402,0.050039834319445406
277.3355481727575,0.04460840579240942
277.3554817275748,0.039476312509235924
277.37541528239205,0.034813973574732995
277.3953488372093,0.030872715331992963
277.4152823920266,0.02799486539105873
277.43521594684387,0.02656027898492905
277.45514950166114,0.026826661502229794
277.4750830564784,0.028764081141613163
277.4950166112957,0.03208121905746957
277.51495016611295,0.03640690882740689
277.5348837209303,0.04142570437682128
277.55481727574755,0.04691126917408331
277.5747508305648,0.05271076816487358
277.59468438538204,0.05872166627472356
277.6146179401993,0.0648738155345386
277.63455149501664,0.07111769513509539
277.6544850498339,0.07741706068394988
277.6744186046512,0.08374438162231217
277.69435215946845,0.09007797925723438
277.7142857142857,0.09640019938441903
277.73421926910305,0.10269622166858984
277.7541528239203,0.1089532679038268
277.77408637873754,0.11516006515595559
277.7940199335548,0.12130647510283377
277.8139534883721,0.12738323390041037
277.8338870431894,0.1333817669396409
277.8538205980067,0.13929405524599286
277.87375415282395,0.14511253807569988
277.8936877076412,0.1508300412673717
277.9136212624585,0.15643972417544955
277.93355481727576,0.16193504018083088
277.95348837209303,0.16730970723731517
277.9734219269103,0.17255768591384116
277.9933554817276,0.17767316308798078
278.01328903654485,0.18265053993500516
278.0332225913621,0.1874844232055025
278.05315614617945,0.1921696190351031
278.0730897009967,0.19670112871302123
278.093023255814,0.20107414597056666
278.11295681063126,0.2052840554507091
278.1328903654485,0.209326432095092
278.1528239202658,0.2131970412414398
278.1727574750831,0.21689183926785813
278.19269102990035,0.2204069746537945
278.2126245847176,0.2237387893534914
278.2325581395349,0.22688382039784008
278.2524916943522,0.22983880165673556
278.2724252491695,0.23260066570651053
278.2923588039867,0.23516654575741336
278.312292358804,0.23753377760409408
278.33222591362124,0.23969990156912038
278.3521594684386,0.24166266441451154
278.37209302325584,0.2434200212016079
278.3920265780731,0.24497013708285026
278.4119601328904,0.24631138901274804
278.43189368770766,0.247442367368179
278.4518272425249,0.24836187747068347
278.4717607973422,0.24906894100576193
278.49169435215947,0.24956279733668074
278.51162790697674,0.24984290471185094
278.531561461794,0.24990894136753475
278.5514950166113,0.24976080652933744
278.5714285714286,0.24939862131819535
278.5913621262459,0.24882272956903753
278.61129568106315,0.2480336985725244
278.6312292358804,0.24703231975340811
278.65116279069764,0.24581960930170307
278.67109634551497,0.24439680877684747
278.69102990033224,0.24276538570880418
278.7109634551495,0.24092703422492553
278.7308970099668,0.23888367573692515
278.75083056478405,0.23663745972891864
278.7707641196014,0.2341907646953941
278.79069767441865,0.23154619928728887
278.81063122923587,0.22870660373578328
278.83056478405314,0.22567505163730223
278.8504983388704,0.22245485219976074
278.87043189368774,0.21904955307109486
278.890365448505,0.2154629438962105
278.9102990033223,0.21169906078009862
278.93023255813955,0.2077621918741485
278.9501661129568,0.20365688435162013
278.97009966777415,0.19938795310018023
278.99003322259136,0.19496049153734343
279.00996677740864,0.1903798850544292
279.0299003322259,0.18565182772163225
279.0498338870432,0.1807823430506629
279.0697674418605,0.17577780982345145
279.0897009966778,0.17064499427122276
279.10963455149505,0.16539109024984616
279.1295681063123,0.1600237695332529
279.1495016611296,0.1545512449772967
279.16943521594686,0.1489823501464635
279.18936877076413,0.1433266401192681
279.2093023255814,0.1375945196985863
279.2292358803987,0.13179740728749975
279.24916943521595,0.1259479454354611
279.2691029900333,0.12006027275268491
279.28903654485055,0.11415037682818985
279.3089700996678,0.10823655429431378
279.32890365448503,0.10234001252346996
279.3488372093023,0.09648565758831121
279.36877076411963,0.09070312416148034
279.3887043189369,0.0850281119490801
279.4086378737542,0.07950409230240894
279.42857142857144,0.07418442047459488
279.4485049833887,0.06913479851525363
279.468438538206,0.06443581873368827
279.4883720930233,0.06018488965445761
279.50830564784053,0.056496142051767215
279.5282392026578,0.0534960716781756
279.5481727574751,0.051312379957792906
279.56810631229234,0.05005510424968468
279.58803986710967,0.049793682456900815
279.60797342192694,0.050538988468239204
279.6279069767442,0.05223986635619738
279.6478405315615,0.05479625556043809
279.66777408637876,0.05808158044586879
279.687707641196,0.061964189826697554
279.7076411960133,0.06632178944571765
279.72757475083057,0.07104826137007822
279.74750830564784,0.07605510094200081
279.7674418604651,0.08127000061561357
279.78737541528244,0.08663435250850177
279.8073089700997,0.09210062994035248
279.827242524917,0.09763006219000625
279.84717607973425,0.10319072303070581
279.86710963455147,0.10875602090502029
279.8870431893688,0.11430353091112246
279.90697674418607,0.11981410020475307
279.92691029900334,0.12527116524388546
279.9468438538206,0.13066023051583334
279.9667774086379,0.13596846944980823
279.98671096345515,0.14118441759052416
280.0066445182725,0.14629773552378303
280.0265780730897,0.151299024711075
280.04651162790697,0.1561796836408779
280.06644518272424,0.16093179486473494
280.0863787375415,0.16554803582778407
280.10631229235884,0.17002160813847594
280.1262458471761,0.1743461812106165
280.1461794019934,0.17851584717122462
280.16611295681065,0.1825250846470298
280.1860465116279,0.1863687295836231
280.2059800664452,0.1900419516612951
280.22591362126246,0.19354023518349958
280.24584717607974,0.19685936355311068
280.265780730897,0.19999540663551904
280.2857142857143,0.2029447104506474
280.3056478405316,0.20570388874698387
280.3255813953489,0.208269816098126
280.34551495016615,0.21063962223106616
280.3654485049834,0.21281068735005643
280.38538205980063,0.21478063826327756
280.40531561461796,0.21654734515462745
280.42524916943523,0.21810891887089642
280.4451827242525,0.21946370861755343
280.4651162790698,0.22061029997494477
280.48504983388705,0.2215475131620569
280.5049833887044,0.222274401487599
280.52491694352165,0.2227902499388677
280.54485049833886,0.22309457386752976
280.56478405315613,0.22318711773925887
280.5847176079734,0.22306785392055398
280.60465116279073,0.22273698148175522
280.624584717608,0.22219492500047267
280.6445182724253,0.22144233335417876
280.66445182724254,0.22048007849507337
280.6843853820598,0.21930925420451733
280.70431893687714,0.21793117482845864
280.72425249169436,0.2163473739994522
280.74418604651163,0.21455960335544078
280.7641196013289,0.2125698312701965
280.7840531561462,0.21038024161593327
280.8039867109635,0.20799323258466243
280.82392026578077,0.2054114156023286
280.84385382059804,0.20263761437833014
280.8637873754153,0.199674864143565
280.8837209302326,0.1965264111430182
280.90365448504986,0.1931957124647209
280.9235880398671,0.1896864363068252
280.9435215946844,0.1860024628094852
280.96345514950167,0.18214788561012699
280.98338870431894,0.17812701432129666
281.0033222591362,0.17394437818318328
281.02325581395354,0.16960473121133962
281.0431893687708,0.16511305925045294
281.063122923588,0.1604745894643997
281.0830564784053,0.15569480295266191
281.10299003322257,0.1507794513986363
281.1229235880399,0.14573457894905223
281.14285714285717,0.1405665509278711
281.16279069767444,0.1352820915502646
281.1827242524917,0.1298883335931977
281.202657807309,0.12439288410527578
281.2225913621263,0.11880391186143201
281.2425249169435,0.11313026463803935
281.2624584717608,0.10738162789156239
281.28239202657807,0.10156874168742101
281.30232558139534,0.09570370073578195
281.32225913621266,0.08980037474868206
281.34219269102994,0.08387500564187231
281.3621262458472,0.07794706858911989
281.3820598006645,0.07204053234001902
281.40199335548175,0.06618573079087502
281.421926910299,0.06042217625486728
281.4418604651163,0.054802816507859065
281.46179401993356,0.04940044357328681
281.48172757475083,0.044317054652407074
281.5016611295681,0.03969637998334318
281.5215946843854,0.03573693084025524
281.5415282392027,0.032694862470215476
281.56146179402,0.030853007978215347
281.58139534883725,0.03043467486693513
281.60132890365446,0.031495521587593674
281.62126245847173,0.033890787176934174
281.64119601328906,0.03735450474628111
281.66112956810633,0.04160750326736001
281.6810631229236,0.04641789888662028
281.7009966777409,0.05161299172314808
281.72093023255815,0.05706954309217416
281.7408637873755,0.06270019557112398
281.7607973421927,0.06844225519806343
281.78073089700996,0.07424972737093777
281.80066445182723,0.08008796512401783
281.8205980066445,0.08593013103314623
281.84053156146183,0.09175485485748715
281.8604651162791,0.09754466757796543
281.8803986710964,0.10328494019959303
281.90033222591364,0.10896315377398418
281.9202657807309,0.11456838962247909
281.9401993355482,0.12009096811768634
281.96013289036546,0.12552218921814037
281.98006644518273,0.13085414374615834
282.0,0.13607957456257344
282.01993355481727,0.14119177341945074
282.0398671096346,0.1461845036535868
282.05980066445187,0.15105194182221102
282.07973421926914,0.1557886333793966
282.0996677740864,0.16038945886781367
282.1196013289036,0.16484960806050752
282.13953488372096,0.1691645601653664
282.1594684385382,0.1733300686895273
282.1794019933555,0.17734214991101865
282.19933554817277,0.1811970741604385
282.21926910299004,0.184891359304119
282.23920265780737,0.1884217659604479
282.25913621262464,0.19178529408671674
282.27906976744185,0.19497918065372447
282.2990033222591,0.19800089818680178
282.3189368770764,0.20084815399909803
282.3388704318937,0.20351888997980636
282.358803986711,0.2060112828290929
282.37873754152827,0.2083237446543068
282.39867109634554,0.21045492386063203
282.4186046511628,0.2124037062842098
282.4385382059801,0.21416921652804638
282.45847176079735,0.21575081947125382
282.4784053156146,0.2171481219307446
282.4983388704319,0.21836097446203645
282.51827242524917,0.2193894732921668
282.53820598006644,0.22023396238368328
282.55813953488376,0.2208950356337998
282.57807308970104,0.22137353921797798
282.5980066445183,0.2216705740916397
282.6179401993356,0.22178749866844524
282.6378737541528,0.22172593169801863
282.6578073089701,0.22148775537039664
282.6777408637874,0.22107511867919416
282.69767441860466,0.22049044107985627
282.71760797342193,0.21973641648425807
282.7375415282392,0.21881601763766156
282.75747508305653,0.21773250092881477
282.7774086378738,0.21648941168903982
282.797342192691,0.21509059004094735
282.8172757475083,0.21354017736196948
282.83720930232556,0.21184262343244797
282.8571428571429,0.2100026943414463
282.87707641196016,0.20802548122635686
282.89700996677743,0.20591640992353352
282.9169435215947,0.20368125160648007
282.936877076412,0.20132613448433415
282.95681063122925,0.19885755662581278
282.9767441860465,0.19628239996085167
282.9966777408638,0.19360794549205101
283.01661129568106,0.19084188971891478
283.03654485049833,0.1879923622365494
283.0564784053156,0.18506794441406343
283.07641196013293,0.18207768898224236
283.0963455149502,0.17903114026034173
283.1162790697675,0.17593835462306107
283.13621262458474,0.1728099206444614
283.15614617940196,0.1696569781505934
283.1760797342193,0.1664912351597939
283.19601328903656,0.16332498138590196
283.2159468438538,0.16017109662201295
283.2358803986711,0.15704305191398116
283.25581395348837,0.15395490098420536
283.2757475083057,0.15092125889702424
283.29568106312297,0.14795726450432478
283.31561461794024,0.1450785228268773
283.33554817275746,0.14230102329097952
283.3554817275747,0.13964102974996973
283.37541528239205,0.13711493859575333
283.3953488372093,0.1347391021342972
283.4152823920266,0.13252961587889783
283.43521594684387,0.13050207058189978
283.45514950166114,0.12867127267644707
283.47508305647847,0.12705094020912344
283.4950166112957,0.1256533850347714
283.51495016611295,0.12448919557691546
283.5348837209302,0.12356693726874365
283.5548172757475,0.12289288927667218
283.5747508305648,0.12247083575830006
283.5946843853821,0.12230192743912495
283.61461794019937,0.12238462478185987
283.63455149501664,0.12271472793603941
283.6544850498339,0.1232854917953102
283.6744186046512,0.12408781783104536
283.69435215946845,0.12511050884882943
283.7142857142857,0.1263405691222771
283.734219269103,0.1277635308172154
283.75415282392026,0.12936378815552632
283.7740863787376,0.13112492298596148
283.79401993355486,0.13303000875058213
283.81395348837214,0.1350618836411191
283.8338870431894,0.13720338749279484
283.8538205980066,0.13943756027528234
283.87375415282395,0.14174780269102522
283.8936877076412,0.14411800130796024
283.9136212624585,0.14653262187513144
283.93355481727576,0.14897677509987362
283.95348837209303,0.15143625933700874
283.9734219269103,0.15389758448804208
283.99335548172763,0.1563479810494612
284.01328903654485,0.15877539777944255
284.0332225913621,0.16116849094152222
284.0531561461794,0.16351660758000341
284.07308970099666,0.1658097648150485
284.093023255814,0.16803862673123018
284.11295681063126,0.17019448007780483
284.13289036544853,0.17226920970219567
284.1528239202658,0.1742552743957292
284.1727574750831,0.17614568363688307
284.19269102990035,0.17793397556487342
284.2126245847176,0.1796141963994084
284.2325581395349,0.1811808814336332
284.25249169435216,0.1826290376621787
284.27242524916943,0.18395412805922362
284.29235880398676,0.18515205748937966
284.31229235880403,0.18621916021294938
284.3322259136213,0.18715218893517213
284.3521594684386,0.18794830534315876
284.3720930232558,0.18860507207378882
284.3920265780731,0.18912044605897732
284.4119601328904,0.18949277320076183
284.43189368770766,0.18972078433676695
284.4518272425249,0.18980359246635897
284.4717607973422,0.18974069121871145
284.49169435215947,0.1895319545558128
284.5116279069768,0.18917763771605114
284.53156146179407,0.18867837941700788
284.5514950166113,0.1880352053497534
284.57142857142856,0.18724953301061337
284.5913621262458,0.18632317793051345
284.61129568106315,0.18525836137581986
284.6312292358804,0.18405771960838585
284.6511627906977,0.18272431480524712
284.67109634551497,0.18126164775047676
284.69102990033224,0.17967367242091642
284.7109634551495,0.17796481259463667
284.7308970099668,0.17613998061256056
284.75083056478405,0.1742045984196408
284.7707641196013,0.17216462099814311
284.7906976744186,0.17002656227965268
284.8106312292359,0.16779752357935965
284.8305647840532,0.16548522453047879
284.85049833887047,0.1630980364014995
284.87043189368774,0.16064501754527027
284.89036544850495,0.15813595054668572
284.9102990033223,0.15558138039275585
284.93023255813955,0.1529926526719004
284.9501661129568,0.1503819504046739
284.9700996677741,0.1477623276035427
284.99003322259136,0.1451477370461247
285.0099667774087,0.14255304902415225
285.02990033222596,0.1399940570130402
285.04983388704323,0.13748746532982545
285.06976744186045,0.13505085297726677
285.0897009966777,0.13270260711783027
285.10963455149505,0.13046181914082816
285.1295681063123,0.12834813628931835
285.1495016611296,0.12638156255270883
285.16943521594686,0.1245822042716897
285.18936877076413,0.12296995887070701
285.20930232558146,0.12156414943558608
285.2292358803987,0.12038311338291756
285.24916943521595,0.11944375980976651
285.2691029900332,0.11876111650723546
285.2890365448505,0.11834789300532936
285.3089700996678,0.11821408918999748
285.3289036544851,0.1183666789374294
285.34883720930236,0.11880939425750847
285.36877076411963,0.11954262777459063
285.3887043189369,0.1205634609667236
285.4086378737542,0.12186581405566081
285.42857142857144,0.12344070268123593
285.4485049833887,0.12527657818944646
285.468438538206,0.12735972358914968
285.48837209302326,0.12967467626325271
285.50830564784053,0.13220465088624456
285.52823920265786,0.13493194073115172
285.54817275747513,0.137838281491569
285.5681063122924,0.14090516784116666
285.5880398671096,0.1441141184191822
285.6079734219269,0.14744688931089395
285.6279069767442,0.15088563923097437
285.6478405315615,0.15441305157785185
285.66777408637876,0.15801241949938868
285.687707641196,0.16166770033541059
285.7076411960133,0.1653635455181862
285.7275747508306,0.16908531142083105
285.74750830564784,0.17281905590327476
285.7674418604651,0.1765515245257157
285.7873754152824,0.1802701296528106
285.80730897009965,0.18396292499761271
285.827242524917,0.18761857757159475
285.84717607973425,0.1912263385196117
285.8671096345515,0.1947760139216062
285.8870431893688,0.19825793632645583
285.90697674418607,0.20166293753673206
285.92691029900334,0.20498232297388785
285.9468438538206,0.20820784781153248
285.9667774086379,0.21133169495980578
285.98671096345515,0.21434645490866405
286.0066445182724,0.21724510738546599
286.0265780730897,0.22002100474686168
286.046511627907,0.22266785700265954
286.0664451827243,0.2251797183566302
286.08637873754157,0.22755097514315922
286.1063122923588,0.22977633503782502
286.12624584717605,0.23185081742241442
286.1461794019934,0.2337697447894598
286.16611295681065,0.2355287350777367
286.1860465116279,0.23712369483692197
286.2059800664452,0.23855081312711834
286.22591362126246,0.2398065560662579
286.2458471760798,0.2408876619457817
286.26578073089706,0.24179113684191678
286.2857142857143,0.24251425065666524
286.30564784053155,0.24305453352878542
286.3255813953488,0.24340977256086074
286.34551495016615,0.24357800881413996
286.3654485049834,0.24355753452767304
286.3853820598007,0.24334689052303526
286.40531561461796,0.2429448637600902
286.42524916943523,0.24235048501342715
286.4451827242525,0.24156302664255042
286.4651162790698,0.2405820004324862
286.48504983388705,0.23940715548477282
286.5049833887043,0.23803847614170556
286.5249169435216,0.23647617992983921
286.5448504983389,0.2347207155116135
286.5647840531562,0.23277276063678104
286.58471760797346,0.23063322008833775
286.60465116279073,0.22830322362067196
286.62458471760795,0.22578412389084054
286.6445182724253,0.223077494387429
286.66445182724254,0.22018512736533138
286.6843853820598,0.21710903179933427
286.7043189368771,0.21385143137438048
286.72425249169436,0.21041476253676705
286.7441860465117,0.20680167263772337
286.76411960132896,0.20301501820996315
286.78405315614623,0.1990578634290757
286.80398671096344,0.1949334788255417
286.8239202657807,0.19064534033126854
286.84385382059804,0.18619712876722275
286.8637873754153,0.18159272990877143
286.8837209302326,0.17683623530388426
286.90365448504986,0.17193194407113183
286.9235880398671,0.1668843659727965
286.9435215946844,0.16169822615110863
286.96345514950167,0.15637847204185176
286.98338870431894,0.15093028315350826
287.0033222591362,0.14535908464303932
287.0232558139535,0.13967056596233854
287.04318936877075,0.13387070634046996
287.0631229235881,0.12796580958063503
287.08305647840535,0.12196255170336492
287.1029900332226,0.11586804654706705
287.1229235880399,0.10968993684947208
287.1428571428571,0.103436522091181
287.16279069767444,0.09711694035946453
287.1827242524917,0.09074143121674005
287.202657807309,0.08432172278045287
287.22259136212625,0.07787161400042801
287.2425249169435,0.07140787204334814
287.26245847176085,0.06495165339522246
287.2823920265781,0.05853082279811272
287.3023255813954,0.05218386081470812
287.3222591362126,0.045966665318612626
287.3421926910299,0.039964725269889485
287.3621262458472,0.034315155304060665
287.3820598006645,0.02924507002971207
287.40199335548175,0.025126541436384056
287.421926910299,0.022501273965326102
287.4418604651163,0.021917448136417376
287.46179401993356,0.023524211893376244
287.48172757475083,0.026922664207350535
287.5016611295681,0.03152486945893207
287.5215946843854,0.036866134059558936
287.54152823920265,0.04265114478307236
287.5614617940199,0.04870217207475814
287.58139534883725,0.054910608192406105
287.6013289036545,0.061207247332016115
287.6212624584718,0.0675457128596486
287.64119601328906,0.07389328616058079
287.6611295681063,0.08022571983692729
287.6810631229236,0.08652421167979449
287.7009966777409,0.09277358059936701
287.72093023255815,0.09896113218270403
287.7408637873754,0.10507593262427246
287.7607973421927,0.11110833189658978
287.78073089701,0.1170496433704808
287.8006644518273,0.12289192420158535
287.82059800664456,0.12862782215921545
287.8405315614618,0.13425046720872957
287.86046511627904,0.13975339382617633
287.8803986710964,0.14513048478894183
287.90033222591364,0.15037593021273093
287.9202657807309,0.15548419756727636
287.9401993355482,0.16045000969907464
287.96013289036546,0.16526832876032418
287.9800664451828,0.16993434453801132
288.00000000000006,0.17444346608952072
288.01993355481727,0.17879131588085895
288.03986710963454,0.1829737258301494
288.0598006644518,0.1869867348077855
288.07973421926914,0.1908265872532515
288.0996677740864,0.19448973264866024
288.1196013289037,0.1979728256486777
288.13953488372096,0.2012727267115068
288.1594684385382,0.20438650310974302
288.1794019933555,0.20731143022616555
288.19933554817277,0.21004499305996652
288.21926910299004,0.2125848878849419
288.2392026578073,0.214929024013867
288.2591362126246,0.21707552563356208
288.2790697674419,0.21902273368365605
288.2990033222592,0.2207692077588301
288.31893687707645,0.22231372802050342
288.3388704318937,0.22365529710895252
288.35880398671094,0.22479314205156253
288.37873754152827,0.22572671616704418
288.39867109634554,0.22645570096973844
288.4186046511628,0.22698000808164015
288.4385382059801,0.22729978116429203
288.45847176079735,0.2274153978862165
288.4784053156146,0.22732747194641373
288.49833887043195,0.22703685517874383
288.5182724252492,0.2265446397674884
288.53820598006644,0.22585216060992774
288.5581395348837,0.2249609978683945
288.578073089701,0.22387297976170753
288.5980066445183,0.22259018565431837
288.6179401993356,0.22111494951144176
288.63787375415285,0.21944986379983908
288.6578073089701,0.2175977839272688
288.6777408637874,0.21556183332932566
288.69767441860466,0.21334540933056623
288.71760797342193,0.21095218992870318
288.7375415282392,0.20838614167585293
288.7574750830565,0.20565152886126212
288.77740863787375,0.20275292423541508
288.7973421926911,0.1996952215579024
288.81727574750835,0.19648365030143883
288.8372093023256,0.19312379290401266
288.8571428571429,0.18962160503146458
288.8770764119601,0.18598343939594575
288.89700996677743,0.18221607377400925
288.9169435215947,0.17832674398264886
288.936877076412,0.17432318270586586
288.95681063122925,0.17021366521834125
288.9767441860465,0.16600706322802264
288.9966777408638,0.16171290825407378
289.0166112956811,0.15734146616557104
289.0365448504984,0.152903824718808
289.0564784053156,0.14841199612664155
289.0764119601329,0.14387903683575337
289.09634551495014,0.13931918671796076
289.1162790697675,0.13474802970389896
289.13621262458474,0.13018267735423242
289.156146179402,0.12564197575242028
289.1760797342193,0.12114673409191067
289.19601328903656,0.11671996997275055
289.2159468438538,0.11238716113502059
289.2358803986711,0.10817648545293174
289.25581395348837,0.104119019823861
289.27574750830564,0.10024885375277717
289.2956810631229,0.09660305547250533
289.31561461794024,0.09322140965915358
289.3355481727575,0.09014583146381537
289.3554817275748,0.08741936085418192
289.37541528239205,0.08508466678589444
289.39534883720927,0.08318205505360822
289.4152823920266,0.08174708123328607
289.43521594684387,0.08080800630008557
289.45514950166114,0.08038345677951728
289.4750830564784,0.08048070530134858
289.4950166112957,0.08109492301712025
289.514950166113,0.08220957010527989
289.5348837209303,0.0837978426356733
289.55481727574755,0.08582487647627432
289.57475083056477,0.08825029785548655
289.59468438538204,0.09103072582701634
289.61461794019937,0.09412193895988984
289.63455149501664,0.09748055789833229
289.6544850498339,0.10106521752525943
289.6744186046512,0.10483728328456675
289.69435215946845,0.10876120456735693
289.7142857142858,0.11280460490361499
289.73421926910305,0.11693819748634315
289.75415282392026,0.12113559605619514
289.77408637873754,0.12537307208754528
289.7940199335548,0.12962929280483804
289.81395348837214,0.13388506185506024
289.8338870431894,0.13812307531898654
289.8538205980067,0.14232769953392674
289.87375415282395,0.1464847731991041
289.8936877076412,0.15058143379912006
289.9136212624585,0.15460596700363718
289.93355481727576,0.15854767701057504
289.95348837209303,0.1623967755368845
289.9734219269103,0.16614428715035973
289.9933554817276,0.16978196876551485
290.01328903654485,0.17330224132469496
290.0332225913622,0.17669813190915507
290.05315614617945,0.17996322474866916
290.0730897009967,0.18309161980890187
290.09302325581393,0.186077897826615
290.1129568106312,0.18891709083173872
290.13289036544853,0.19160465734236085
290.1528239202658,0.19413646154555966
290.1727574750831,0.1965087558853691
290.19269102990035,0.19871816657161323
290.2126245847176,0.20076168160192195
290.23255813953494,0.20263664095600917
290.2524916943522,0.2043407286779425
290.27242524916943,0.20587196661066065
290.2923588039867,0.20722870958836204
290.312292358804,0.2084096419279122
290.3322259136213,0.20941377509143794
290.3521594684386,0.21024044641898995
290.37209302325584,0.21088931885410162
290.3920265780731,0.2113603816060366
290.4119601328904,0.21165395171181026
290.43189368770766,0.2117706764783998
290.4518272425249,0.21171153680189966
290.4717607973422,0.21147785137567032
290.49169435215947,0.2110712818140692
290.51162790697674,0.2104938387325075
290.531561461794,0.20974788883810658
290.55149501661134,0.2088361630989392
290.5714285714286,0.207761766072403
290.5913621262459,0.20652818648639346
290.6112956810631,0.20513930917857767
290.63122923588037,0.20359942851015747
290.6511627906977,0.20191326338002707
290.67109634551497,0.20008597397222594
290.69102990033224,0.19812318037328935
290.7109634551495,0.1960309831949434
290.7308970099668,0.1938159863292208
290.7508305647841,0.19148532194549397
290.7707641196014,0.18904667780791165
290.7906976744186,0.18650832694357383
290.81063122923587,0.183879159620158
290.83056478405314,0.18116871749057184
290.85049833887047,0.17838722962182907
290.87043189368774,0.17554564993713379
290.890365448505,0.17265569535116815
290.9102990033223,0.16972988355761667
290.93023255813955,0.16678156902083532
290.9501661129568,0.16382497522092979
290.9700996677741,0.1608752205940039
290.99003322259136,0.15794833490022442
291.00996677740864,0.15506126195473943
291.0299003322259,0.15223184380705063
291.04983388704323,0.14947878061898814
291.0697674418605,0.14682155977463066
291.0897009966778,0.1442803473092806
291.10963455149505,0.1418758347683166
291.12956810631226,0.13962903533931964
291.1495016611296,0.13756102479425614
291.16943521594686,0.13569262564753728
291.18936877076413,0.1340440370871478
291.2093023255814,0.13263441857911157
291.2292358803987,0.13148144120739222
291.249169435216,0.13060082709416382
291.2691029900333,0.13000590265643658
291.28903654485055,0.12970719485334292
291.30897009966776,0.12971209991892416
291.32890365448503,0.13002465071818659
291.34883720930236,0.13064540183454737
291.36877076411963,0.13157144159792852
291.3887043189369,0.1327965289616999
291.4086378737542,0.13431134223572094
291.42857142857144,0.13610381787534814
291.4485049833887,0.13815955199847496
291.46843853820604,0.1404622354963394
291.48837209302326,0.1429940952238654
291.50830564784053,0.14573631795858513
291.5282392026578,0.1486694395081606
291.5481727574751,0.1517736874551605
291.5681063122924,0.155029271708982
291.58803986710967,0.1584166217514752
291.60797342192694,0.16191657298032625
291.6279069767442,0.16551050687439173
291.6478405315614,0.16918045098089607
291.66777408637876,0.1729091451792125
291.687707641196,0.17668008054770165
291.7076411960133,0.18047751665946565
291.72757475083057,0.1842864824314572
291.74750830564784,0.18809276487392973
291.76744186046517,0.19188288931741104
291.78737541528244,0.19564409398380164
291.8073089700997,0.19936430114242043
291.8272425249169,0.20303208656033042
291.8471760797342,0.20663664851749614
291.8671096345515,0.21016777730358352
291.8870431893688,0.21361582583379016
291.90697674418607,0.21697168180488607
291.92691029900334,0.22022674164803116
291.9468438538206,0.22337288641237557
291.9667774086379,0.22640245962410316
291.9867109634552,0.22930824710195968
292.0066445182724,0.23208345866688318
292.0265780730897,0.23472171165467745
292.04651162790697,0.23721701612368162
292.06644518272424,0.23956376164053078
292.08637873754157,0.241756705524188
292.10631229235884,0.2437909624300564
292.1262458471761,0.24566199516040357
292.1461794019934,0.2473656065937621
292.1661129568106,0.24889793263372878
292.1860465116279,0.2502554360860966
292.2059800664452,0.2514349013821461
292.22591362126246,0.2524334300749497
292.24584717607974,0.2532484370447568
292.265780730897,0.2538776473583494
292.28571428571433,0.2543190937363764
292.3056478405316,0.2545711145913059
292.3255813953489,0.25463235260758044
292.3455149501661,0.254501753844203
292.36544850498336,0.2541785673490071
292.3853820598007,0.2536623452828378
292.40531561461796,0.2529529435614716
292.42524916943523,0.25205052303292735
292.4451827242525,0.25095555121854407
292.4651162790698,0.24966880465752622
292.4850498338871,0.24819137190754484
292.5049833887044,0.24652465726742512
292.5249169435216,0.24467038530411278
292.54485049833886,0.24263060628319433
292.56478405315613,0.24040770262263184
292.58471760797346,0.23800439651201202
292.60465116279073,0.23542375886608308
292.624584717608,0.23266921981159314
292.6445182724253,0.22974458094158545
292.66445182724254,0.22665402961200204
292.6843853820598,0.22340215560243304
292.7043189368771,0.2199939705175128
292.72425249169436,0.21643493036840672
292.74418604651163,0.2127309618462643
292.7641196013289,0.20888849288264752
292.78405315614623,0.20491448818589153
292.8039867109635,0.2008164905479044
292.82392026578077,0.19660266883211738
292.84385382059804,0.19228187367787986
292.86378737541526,0.18786370208487893
292.8837209302326,0.18335857216519708
292.90365448504986,0.17877780945494004
292.9235880398671,0.17413374623980207
292.9435215946844,0.16943983533289728
292.96345514950167,0.16471077959343206
292.98338870431894,0.15996267811093282
293.00332225913627,0.15521318928472286
293.02325581395354,0.1504817098392809
293.04318936877075,0.14578956691455874
293.063122923588,0.1411602174760757
293.0830564784053,0.13661944507235435
293.1029900332226,0.1321955380843999
293.1229235880399,0.12791942580416846
293.14285714285717,0.12382473895166443
293.16279069767444,0.11994775016656367
293.1827242524917,0.11632713915950253
293.20265780730904,0.11300351963158818
293.22259136212625,0.11001866560977126
293.2425249169435,0.10741438981564447
293.2624584717608,0.10523106230472547
293.28239202657807,0.10350581674070007
293.3023255813954,0.10227056931162219
293.32225913621266,0.10155005506398894
293.34219269102994,0.10136014163459442
293.3621262458472,0.10170668267471353
293.3820598006644,0.10258510731139978
293.40199335548175,0.10398081781348895
293.421926910299,0.10587032094547363
293.4418604651163,0.10822289561122429
293.46179401993356,0.1110025352867133
293.48172757475083,0.11416990749298604
293.5016611295681,0.11768412821291674
293.52159468438543,0.12150422840774205
293.5415282392027,0.12559026638470175
293.5614617940199,0.12990409781313308
293.5813953488372,0.1344098500138072
293.60132890365446,0.1390741617124013
293.6212624584718,0.14386624991404892
293.64119601328906,0.1487578581179408
293.66112956810633,0.15372312947510913
293.6810631229236,0.1587384376690933
293.7009966777409,0.1637821987919957
293.7209302325582,0.16883467985314732
293.7408637873754,0.17387781379876183
293.7607973421927,0.17889502678585512
293.78073089700996,0.18387108060970114
293.80066445182723,0.188791931309647
293.82059800664456,0.19364460380080062
293.84053156146183,0.1984170816859969
293.8604651162791,0.2030982110347385
293.8803986710964,0.20767761675934127
293.9003322259136,0.21214563019414212
293.9202657807309,0.21649322653783348
293.9401993355482,0.22071197091535466
293.96013289036546,0.22479397193231918
293.98006644518273,0.22873184171685326
294.0,0.23251866156258263
294.0199335548173,0.23614795239770545
294.0398671096346,0.23961364940638694
294.05980066445187,0.24291008021901672
294.0797342192691,0.246031946167793
294.09966777408636,0.24897430617377883
294.1196013289037,0.25173256289219315
294.13953488372096,0.254302450795092
294.1594684385382,0.256680025915798
294.1794019933555,0.2588616570184208
294.19933554817277,0.2608440179891578
294.2192691029901,0.26262408127499837
294.23920265780737,0.2641991122203635
294.2591362126246,0.2655666641734474
294.27906976744185,0.2667245742528707
294.2990033222591,0.26767095968123067
294.31893687707645,0.2684042146063573
294.3388704318937,0.26892300734346164
294.358803986711,0.26922627798244997
294.37873754152827,0.269313236314441
294.39867109634554,0.2691833600406406
294.4186046511628,0.26883639323487357
294.4385382059801,0.26827234503877245
294.45847176079735,0.2674914885761077
294.4784053156146,0.2664943600798565
294.4983388704319,0.26528175823289907
294.51827242524917,0.2638547437304369
294.5382059800665,0.26221463908017156
294.55813953488376,0.2603630286643501
294.57807308970104,0.25830175909708286
294.59800664451825,0.2560329399201791
294.6179401993355,0.25355894469255247
294.63787375415285,0.25088241254120425
294.6578073089701,0.2480062502574018
294.6777408637874,0.2449336350396191
294.69767441860466,0.24166801800655946
294.71760797342193,0.23821312862912525
294.73754152823926,0.2345729802614973
294.75747508305653,0.23075187698896168
294.77740863787375,0.2267544220560141
294.797342192691,0.22258552819457927
294.8172757475083,0.21825043024111118
294.8372093023256,0.2137547005168213
294.8571428571429,0.20910426755100006
294.87707641196016,0.20430543885940206
294.89700996677743,0.19936492865396582
294.9169435215947,0.19428989156645973
294.936877076412,0.18908796372763959
294.95681063122925,0.18376731286911913
294.9767441860465,0.17833669952582862
294.9966777408638,0.17280555193393357
295.01661129568106,0.16718405786959448
295.03654485049833,0.1614832774889972
295.05647840531566,0.15571528224466594
295.07641196013293,0.14989332620078966
295.0963455149502,0.1440320575760014
295.1162790697674,0.1381477801016627
295.1362126245847,0.13225877572927805
295.156146179402,0.12638570215208203
295.1760797342193,0.12055208007044452
295.19601328903656,0.1147848852150775
295.2159468438538,0.10911525712938802
295.2358803986711,0.10357932756516801
295.2558139534884,0.09821915102209344
295.2757475083057,0.09308368077083312
295.2956810631229,0.08822966543685432
295.3156146179402,0.08372223387880964
295.33554817275746,0.0796347886093825
295.3554817275748,0.07604766729290971
295.37541528239205,0.07304494148986736
295.3953488372093,0.07070886020775577
295.4152823920266,0.06911199862295134
295.43521594684387,0.06830817632778026
295.4551495016612,0.06832430550914319
295.4750830564784,0.0691557530473804
295.4950166112957,0.07076692414548712
295.51495016611295,0.07309686422511369
295.5348837209302,0.07606788879240564
295.55481727574755,0.07959463613801486
295.5747508305648,0.08359155913314313
295.5946843853821,0.08797801038625122
295.61461794019937,0.09268101290249581
295.6345514950166,0.0976362734764463
295.6544850498339,0.10278807398968723
295.6744186046512,0.10808855865295139
295.69435215946845,0.11349676959962023
295.7142857142857,0.11897764034138804
295.734219269103,0.12450105599882905
295.7541528239203,0.13004102678152557
295.7740863787376,0.1355749861634349
295.79401993355486,0.14108320755795917
295.8139534883721,0.1465483257669362
295.83388704318935,0.15195494738960594
295.8538205980067,0.15728933496485956
295.87375415282395,0.16253915134300642
295.8936877076412,0.1676932528355325
295.9136212624585,0.17274152168431647
295.93355481727576,0.1776747301608337
295.95348837209303,0.18248443010379314
295.97342192691036,0.18716286293579332
295.9933554817276,0.1917028861974426
296.01328903654485,0.19609791343600955
296.0332225913621,0.20034186492220174
296.0531561461794,0.20442912717334746
296.0730897009967,0.2083545196623103
296.093023255814,0.21211326740865732
296.11295681063126,0.2157009784016189
296.13289036544853,0.2191136250051727
296.15282392026575,0.22234752865630544
296.1727574750831,0.2253993472960891
296.19269102990035,0.228266065076839
296.2126245847176,0.2309449839720478
296.2325581395349,0.2334337169837302
296.25249169435216,0.2357301826969522
296.2724252491695,0.23783260097671638
296.29235880398676,0.23973948963958516
296.31229235880403,0.2414496619635117
296.33222591362124,0.24296222492510094
296.3521594684385,0.24427657807536537
296.37209302325584,0.24539241298363135
296.3920265780731,0.24630971319507036
296.4119601328904,0.24702875466118618
296.43189368770766,0.24755010661487384
296.4518272425249,0.24787463287240494
296.4717607973422,0.24800349355467127
296.4916943521595,0.24793814722907806
296.51162790697674,0.24768035348194498
296.531561461794,0.2472321759394048
296.5514950166113,0.2465959857625192
296.57142857142856,0.24577446564981154
296.5913621262459,0.24477061438798053
296.61129568106315,0.24358775199850502
296.6312292358804,0.24222952553534832
296.6511627906977,0.24069991559550205
296.67109634551497,0.23900324361106956
296.69102990033224,0.237144179997505
296.7109634551495,0.2351277532382166
296.7308970099668,0.23295935998999126
296.75083056478405,0.23064477629649582
296.7707641196013,0.2281901699976157
296.79069767441865,0.22560211441963018
296.8106312292359,0.2228876034243255
296.8305647840532,0.2200540678822419
296.8504983388704,0.217109393614548
296.8704318936877,0.21406194081732574
296.890365448505,0.21092056493771397
296.9102990033223,0.20769463891036144
296.93023255813955,0.20439407657983413
296.9501661129568,0.2010293570249113
296.9700996677741,0.1976115493581427
296.9900332225914,0.19415233739104273
297.0099667774087,0.1906640433256044
297.0299003322259,0.18715964934838145
297.0498338870432,0.18365281565933347
297.06976744186045,0.1801578930599663
297.0897009966778,0.1766899277569261
297.10963455149505,0.1732646555170326
297.1295681063123,0.16989848176054043
297.1495016611296,0.1666084436393316
297.16943521594686,0.16341214967552709
297.1893687707642,0.1603276922199311
297.2093023255814,0.15737352794107684
297.2292358803987,0.15456832191173722
297.24916943521595,0.15193075177094284
297.2691029900332,0.1494792700474313
297.28903654485055,0.14723182513442326
297.3089700996678,0.14520554461754145
297.3289036544851,0.143416388552644
297.34883720930236,0.14187878456724878
297.3687707641196,0.14060526082723915
297.3887043189369,0.13960609632432996
297.4086378737542,0.13888900989303093
297.42857142857144,0.13845890923818804
297.4485049833887,0.13831771868261247
297.468438538206,0.1384642993660079
297.48837209302326,0.1388944687416048
297.5083056478406,0.13960111832672248
297.52823920265786,0.14057442089429734
297.5481727574751,0.14180211174685417
297.56810631229234,0.14326982423077023
297.5880398671096,0.14496145764014443
297.60797342192694,0.1468595560765962
297.6279069767442,0.14894567924085503
297.6478405315615,0.15120074987277024
297.66777408637876,0.15360536691012555
297.687707641196,0.15614007777160874
297.70764119601336,0.15878560702206163
297.72757475083057,0.1615230417811453
297.74750830564784,0.1643339764959734
297.7674418604651,0.16720062115221385
297.7873754152824,0.17010587776240807
297.8073089700997,0.17303339019838593
297.827242524917,0.1759675722805608
297.84717607973425,0.17889361863877892
297.8671096345515,0.18179750232771466
297.88704318936874,0.18466596259764698
297.90697674418607,0.1874864856443045
297.92691029900334,0.19024728062518556
297.9468438538206,0.19293725275299653
297.9667774086379,0.19554597486682923
297.98671096345515,0.19806365853895955
298.0066445182724,0.20048112549466623
298.02657807308975,0.20278977989773453
298.046511627907,0.20498158187722498
298.06644518272424,0.2070490225345152
298.0863787375415,0.2089851005655459
298.1063122923588,0.21078330055610303
298.1262458471761,0.2124375729517372
298.1461794019934,0.2139423156644423
298.16611295681065,0.21529235725147086
298.1860465116279,0.21648294158477788
298.2059800664452,0.2175097139200322
298.2259136212625,0.21836870827024274
298.24584717607974,0.2190563359891609
298.265780730897,0.2195693754726807
298.2857142857143,0.21990496289164285
298.30564784053155,0.22006058387629296
298.3255813953489,0.2200340660803531
298.34551495016615,0.21982357256131074
298.3654485049834,0.21942759592273706
298.3853820598007,0.21884495317417244
298.40531561461796,0.21807478127420846
298.42524916943523,0.21711653333331768
298.4451827242525,0.21596997546419763
298.4651162790698,0.2146351842797867
298.48504983388705,0.21311254505236368
298.5049833887043,0.21140275056182486
298.52491694352165,0.2095068006778304
298.5448504983389,0.20742600273920966
298.5647840531562,0.20516197281584253
298.5847176079734,0.2027166379635217
298.6046511627907,0.20009223961254902
298.624584717608,0.1972913382666898
298.6445182724253,0.19431681973282372
298.66445182724254,0.191171903154402
298.6843853820598,0.18786015118704277
298.7043189368771,0.1843854827347103
298.7242524916944,0.18075218876479504
298.7441860465117,0.17696495184469205
298.7641196013289,0.1730288701989671
298.7840531561462,0.16894948728276782
298.80398671096344,0.16473282811649131
298.82392026578077,0.16038544394270365
298.84385382059804,0.1559144671688586
298.8637873754153,0.15132767907249012
298.8837209302326,0.14663359340037227
298.90365448504986,0.14184155982755217
298.9235880398671,0.13696189230235897
298.9435215946844,0.1320060286407633
298.96345514950167,0.12698672940066935
298.98338870431894,0.12191832610266636
299.0033222591362,0.11681703126585065
299.0232558139535,0.11170132538976252
299.0431893687708,0.1065924386156679
299.0631229235881,0.10151494659216122
299.08305647840535,0.09649749950444034
299.10299003322257,0.09157369733971056
299.12292358803984,0.08678310795203373
299.14285714285717,0.0821723885789182
299.16279069767444,0.07779640316263593
299.1827242524917,0.07371911157590424
299.202657807309,0.07001383293681085
299.22259136212625,0.06676227216892695
299.2425249169436,0.06405153416418252
299.26245847176085,0.0619684290939078
299.28239202657807,0.06059096413422241
299.30232558139534,0.059978138798426034
299.3222591362126,0.06016060145851933
299.34219269102994,0.06113535039029769
299.3621262458472,0.06286656670261079
299.3820598006645,0.06529220846471107
299.40199335548175,0.06833379820278326
299.421926910299,0.07190626476311655
299.4418604651163,0.07592566987589314
299.46179401993356,0.08031409786338746
299.48172757475083,0.08500203220980587
299.5016611295681,0.08992896205933418
299.5215946843854,0.09504294900367681
299.54152823920265,0.10029969642928149
299.56146179402,0.10566146104418636
299.58139534883725,0.11109599128205677
299.6013289036545,0.11657557749305025
299.62126245847173,0.12207624176239545
299.641196013289,0.12757706596664617
299.66112956810633,0.1330596437419126
299.6810631229236,0.13850763785756934
299.7009966777409,0.1439064246029245
299.72093023255815,0.1492428087460635
299.7408637873754,0.15450479514859095
299.76079734219275,0.1596814056152568
299.78073089701,0.16476253177457406
299.80066445182723,0.16973881665110374
299.8205980066445,0.1746015591111226
299.8405315614618,0.17934263658094945
299.8604651162791,0.18395444240204123
299.8803986710964,0.1884298349463054
299.90033222591364,0.19276209621134496
299.9202657807309,0.19694489808301557
299.9401993355482,0.20097227481981517
299.9601328903655,0.2048386006022615
299.98006644518273,0.20853857121801483
300.0,0.21206718913348338
300.01993355481727,0.21541975134546695
300.03986710963454,0.21859183952008696
300.05980066445187,0.22157931201740286
300.07973421926914,0.22437829747302845
300.0996677740864,0.22698518966722414
300.1196013289037,0.22939664345960567
300.13953488372096,0.23160957160683562
300.1594684385382,0.2336211423122928
300.1794019933555,0.23542877738344567
300.19933554817277,0.23703015089422164
300.21926910299004,0.23842318826826603
300.2392026578073,0.23960606571427645
300.25913621262464,0.24057720995797952
300.2790697674419,0.24133529822671673
300.2990033222592,0.2418792584527769
300.3189368770764,0.24220826967057194
300.33887043189367,0.24232176259120805
300.358803986711,0.24221942034565544
300.37873754152827,0.24190117939538683
300.39867109634554,0.24136723061678458
300.4186046511628,0.24061802057328757
300.4385382059801,0.2396542529973
300.45847176079735,0.23847689051254953
300.4784053156147,0.23708715663713958
300.4983388704319,0.23548653811828776
300.51827242524917,0.23367678766197697
300.53820598006644,0.23165992713503963
300.5581395348837,0.22943825133372958
300.57807308970104,0.22701433243271565
300.5980066445183,0.22439102525175084
300.6179401993356,0.2215714735057493
300.63787375415285,0.21855911723788862
300.6578073089701,0.21535770167712112
300.6777408637874,0.21197128781191393
300.69767441860466,0.20840426503438397
300.71760797342193,0.20466136628545742
300.7375415282392,0.2007476862264968
300.7574750830565,0.19666870308035753
300.7774086378738,0.1924303049313102
300.7973421926911,0.18803882145624193
300.81727574750835,0.1835010622888216
300.83720930232556,0.17882436350579287
300.85714285714283,0.17401664408656192
300.87707641196016,0.16908647465167426
300.89700996677743,0.16404316135744385
300.9169435215947,0.15889684853955077
300.936877076412,0.15365864459047976
300.95681063122925,0.14834077665601575
300.9767441860465,0.14295678107331689
300.99667774086384,0.13752173805622084
301.01661129568106,0.1320525609290571
301.03654485049833,0.12656835209164158
301.0564784053156,0.1210908395596079
301.0764119601329,0.11564490872747799
301.0963455149502,0.11025924272218725
301.1162790697675,0.1049670791422888
301.13621262458474,0.09980707735738761
301.156146179402,0.09482426293466836
301.1760797342193,0.09007096572718923
301.19601328903656,0.085607585875274
301.2159468438538,0.08150290111219319
301.2358803986711,0.07783347884620043
301.25581395348837,0.07468162518020585
301.27574750830564,0.07213130097768349
301.29568106312297,0.07026173056356408
301.31561461794024,0.06913915249536733
301.3355481727575,0.06880820049799163
301.3554817275748,0.069285232944992
301.375415282392,0.07055582566279413
301.3953488372093,0.07257733351615293
301.4152823920266,0.07528556649775549
301.43521594684387,0.07860335290504644
301.45514950166114,0.08244869691632588
301.4750830564784,0.08674108054913153
301.49501661129574,0.09140548649298218
301.514950166113,0.09637442306099693
301.5348837209302,0.10158851492535104
301.5548172757475,0.10699621676413004
301.57475083056477,0.11255307665912175
301.5946843853821,0.11822082916113202
301.61461794019937,0.12396647998557302
301.63455149501664,0.12976146411233178
301.6544850498339,0.13558091029862546
301.6744186046512,0.1414030180632121
301.6943521594685,0.14720853985788904
301.7142857142857,0.15298035563821555
301.734219269103,0.15870312573245463
301.75415282392026,0.16436300863717654
301.77408637873754,0.16994743194653175
301.79401993355486,0.1754449064260807
301.81395348837214,0.18084487497160734
301.8338870431894,0.18613758972191624
301.8538205980067,0.19131401188891564
301.87375415282395,0.19636572993462847
301.8936877076412,0.20128489259065838
301.9136212624585,0.20606415391088953
301.93355481727576,0.21069662810420545
301.95348837209303,0.21517585233662492
301.9734219269103,0.21949575604474833
301.9933554817276,0.22365063558294776
302.0132890365449,0.22763513325027812
302.0332225913622,0.23144421992184977
302.0531561461794,0.2350731806523307
302.07308970099666,0.23851760273413752
302.09302325581393,0.24177336578541048
302.11295681063126,0.24483663351767251
302.13289036544853,0.24770384689375868
302.1528239202658,0.250371718435968
302.1727574750831,0.25283722748484205
302.19269102990035,0.25509761624214494
302.2126245847177,0.2571503864588089
302.2325581395349,0.2589932966514916
302.25249169435216,0.2606243597498922
302.27242524916943,0.2620418410930306
302.2923588039867,0.2632442567057113
302.31229235880403,0.2642303717977387
302.3322259136213,0.26499919943787986
302.3521594684386,0.26554999936296564
302.37209302325584,0.2658822768895167
302.3920265780731,0.26599578190163065
302.4119601328904,0.26589050789447577
302.43189368770766,0.26556669105776837
302.4518272425249,0.2650248093884021
302.4717607973422,0.2642655818257083
302.49169435215947,0.26328996740720007
302.51162790697674,0.2620991644468263
302.53156146179407,0.26069460974219766
302.55149501661134,0.25907797782158126
302.57142857142856,0.25725118024637283
302.5913621262458,0.2552163649899945
302.6112956810631,0.2529759159200061
302.6312292358804,0.2505324524167034
302.6511627906977,0.24788882916935676
302.67109634551497,0.24504813619974608
302.69102990033224,0.24201369917340726
302.7109634551495,0.2387890800710787
302.73089700996684,0.23537807830779703
302.75083056478405,0.231784732405016
302.7707641196013,0.2280133223425557
302.7906976744186,0.22406837274393426
302.81063122923587,0.2199546570809379
302.8305647840532,0.21567720312346564
302.85049833887047,0.21124129991055626
302.87043189368774,0.20665250658039636
302.890365448505,0.2019166634751505
302.9102990033223,0.19703990603432814
302.93023255813955,0.1920286821146117
302.9501661129568,0.18688977353171426
302.9700996677741,0.18163032282184396
302.99003322259136,0.17625786647895983
303.00996677740864,0.17078037625825443
303.02990033222596,0.16520631056856494
303.04983388704323,0.1595446785383697
303.0697674418605,0.15380512007250416
303.0897009966778,0.14799800617279035
303.109634551495,0.1421345650451179
303.1295681063123,0.13622704114372577
303.1495016611296,0.1302888964155125
303.16943521594686,0.12433506571747151
303.18936877076413,0.11838228179323328
303.2093023255814,0.11244948934996274
303.22923588039873,0.1065583725288833
303.249169435216,0.10073402483293523
303.2691029900332,0.09500579385397215
303.2890365448505,0.08940833156531361
303.30897009966776,0.08398286767105652
303.3289036544851,0.07877868570474901
303.34883720930236,0.07385469744807795
303.36877076411963,0.06928084914823401
303.3887043189369,0.06513882080658212
303.4086378737542,0.061521102015048824
303.42857142857144,0.05852717189525497
303.4485049833887,0.056255542412286835
303.468438538206,0.05479142553498729
303.48837209302326,0.054192061149962216
303.50830564784053,0.05447437031744969
303.5282392026578,0.05561024885432978
303.54817275747513,0.05753187275148732
303.5681063122924,0.06014454998912534
303.58803986710967,0.06334172275960798
303.60797342192694,0.06701741991157877
303.62790697674416,0.07107415018609024
303.6478405315615,0.07542654390405608
303.66777408637876,0.08000205429572602
303.687707641196,0.08474004021111836
303.7076411960133,0.08959017154404182
303.72757475083057,0.09451070336193443
303.7475083056479,0.09946688313555233
303.76744186046517,0.1044295897050542
303.7873754152824,0.10937421792522467
303.80730897009965,0.11427978588438101
303.8272425249169,0.11912822944277417
303.84717607973425,0.12390384834157596
303.8671096345515,0.12859287230729946
303.8870431893688,0.13318312103537766
303.90697674418607,0.1376637371989756
303.92691029900334,0.14202497615433765
303.9468438538206,0.14625803969250567
303.9667774086379,0.15035494408702005
303.98671096345515,0.15430841493474634
304.0066445182724,0.15811180301199107
304.0265780730897,0.16175901668710735
304.04651162790697,0.16524446743700685
304.0664451827243,0.16856302578444288
304.08637873754157,0.17170998556142072
304.10631229235884,0.17468103485686587
304.1262458471761,0.17747223235536425
304.1461794019933,0.18007998804447664
304.16611295681065,0.18250104747857962
304.1860465116279,0.1847324789522014
304.2059800664452,0.1867716630657306
304.22591362126246,0.18861628426917704
304.24584717607974,0.19026432405206803
304.26578073089706,0.1917140555133492
304.28571428571433,0.19296403909901688
304.30564784053155,0.19401311933898963
304.3255813953488,0.1948604224512629
304.3455149501661,0.19550535471214373
304.3654485049834,0.19594760151769935
304.3853820598007,0.19618712708467212
304.40531561461796,0.19622417475989312
304.42524916943523,0.19605926792658718
304.4451827242525,0.1956932115141951
304.46511627906983,0.19512709413674803
304.48504983388705,0.19436229090329366
304.5049833887043,0.19340046696349728
304.5249169435216,0.19224358187285487
304.54485049833886,0.19089389488533642
304.5647840531562,0.1893539713080166
304.58471760797346,0.18762669008266866
304.60465116279073,0.1857152527948863
304.624584717608,0.18362319435282867
304.6445182724253,0.1813543956268778
304.66445182724254,0.17891309840009115
304.6843853820598,0.1763039230487061
304.7043189368771,0.17353188945561224
304.72425249169436,0.17060244175925976
304.74418604651163,0.16752147765996353
304.76411960132896,0.16429538314837858
304.78405315614623,0.16093107369116924
304.8039867109635,0.15743604311061432
304.82392026578077,0.1538184216323166
304.843853820598,0.15008704485083285
304.8637873754153,0.1462515356772115
304.8837209302326,0.1423224016806058
304.90365448504986,0.13831115060427235
304.9235880398671,0.134230427195065
304.9435215946844,0.13009417477943958
304.96345514950167,0.1259178251504737
304.983388704319,0.12171852013615081
305.0033222591362,0.11751536743524763
305.0232558139535,0.11332973152430251
305.04318936877075,0.10918555704639651
305.063122923588,0.10510971622599553
305.08305647840535,0.10113236238104405
305.1029900332226,0.09728725721564879
305.1229235880399,0.09361201912889738
305.14285714285717,0.09014821307595142
305.16279069767444,0.08694117180563998
305.1827242524917,0.08403941045847456
305.202657807309,0.08149348540960188
305.22259136212625,0.07935417521721812
305.2425249169435,0.07766995032534749
305.2624584717608,0.07648386066409882
305.2823920265781,0.07583018488066649
305.3023255813954,0.07573138138864642
305.32225913621266,0.07619595607620114
305.34219269102994,0.07721773407060832
305.36212624584715,0.078776704920078
305.3820598006645,0.08084122259501386
305.40199335548175,0.08337104762421983
305.421926910299,0.08632062337021185
305.4418604651163,0.08964207535905927
305.46179401993356,0.09328762375784222
305.48172757475083,0.09721130495460883
305.50166112956816,0.10137004732537926
305.5215946843854,0.1057242238684787
305.54152823920265,0.11023782492660232
305.5614617940199,0.11487838096313456
305.5813953488372,0.11961673802708264
305.6013289036545,0.12442675949016319
305.6212624584718,0.12928500278559785
305.64119601328906,0.13417040099851602
305.66112956810633,0.13906396592554668
305.6810631229236,0.1439485205184446
305.7009966777409,0.14880846323016872
305.72093023255815,0.1536295636488956
305.7408637873754,0.15839878714586866
305.7607973421927,0.16310414551987273
305.78073089700996,0.16773457042106343
305.8006644518273,0.17227980643929655
305.82059800664456,0.17673032099709227
305.84053156146183,0.18107722850553684
305.8604651162791,0.18531222657099988
305.8803986710963,0.18942754235424936
305.90033222591364,0.19341588746794222
305.9202657807309,0.19727042004893663
305.9401993355482,0.200984712857942
305.96013289036546,0.2045527264435562
305.98006644518273,0.20796878656330173
306.00000000000006,0.2112275651851862
306.0199335548173,0.21432406450288688
306.03986710963454,0.2172536034890958
306.0598006644518,0.22001180658791505
306.0797342192691,0.22259459421102437
306.0996677740864,0.22499817475532977
306.1196013289037,0.2272190379046007
306.13953488372096,0.22925394901461676
306.1594684385382,0.23109994441295664
306.1794019933555,0.23275432747078217
306.1993355481728,0.23421466532638174
306.21926910299004,0.23547878615947643
306.2392026578073,0.23654477693116194
306.2591362126246,0.2374109815188009
306.27906976744185,0.23807599918706093
306.2990033222592,0.23853868334720113
306.31893687707645,0.2387981405660856
306.3388704318937,0.2388537297950717
306.358803986711,0.2387050617968486
306.37873754152827,0.23835199875562676
306.39867109634554,0.23779465406327366
306.4186046511628,0.23703339228102743
306.4385382059801,0.23606882928339465
306.45847176079735,0.2349018325983471
306.4784053156146,0.23353352196563248
306.4983388704319,0.23196527014357662
306.5182724252492,0.2301987040042031
306.5382059800665,0.22823570596718953
306.55813953488376,0.22607841583546492
306.578073089701,0.2237292331095003
306.59800664451825,0.22119081987428735
306.6179401993356,0.2184661043727346
306.63787375415285,0.21555828540343222
306.6578073089701,0.212470837709188
306.6777408637874,0.20920751855807335
306.69767441860466,0.2057723757608924
306.717607973422,0.2021697574217254
306.7375415282392,0.19840432378199543
306.7574750830565,0.19448106159849424
306.77740863787375,0.1904053015942826
306.797342192691,0.18618273964468238
306.81727574750835,0.18181946251448683
306.8372093023256,0.1773219791559376
306.8571428571429,0.17269725882010725
306.87707641196016,0.16795277754114424
306.89700996677743,0.1630965749402467
306.9169435215947,0.1581373237856814
306.936877076412,0.1530844153626822
306.95681063122925,0.1479480644844148
306.9767441860465,0.14273943894682842
306.9966777408638,0.13747081943251055
307.01661129568106,0.13215579733060465
307.0365448504984,0.1268095196664077
307.05647840531566,0.12144899227372834
307.07641196013293,0.11609345432459071
307.09634551495014,0.11076483894954475
307.1162790697674,0.10548833510119093
307.13621262458474,0.10029306343205067
307.156146179402,0.09521287089827735
307.1760797342193,0.09028723020913725
307.19601328903656,0.08556219358682371
307.2159468438538,0.08109128533811862
307.23588039867116,0.07693611392108375
307.25581395348837,0.07316633898590288
307.27574750830564,0.06985846657785788
307.2956810631229,0.06709284689507343
307.3156146179402,0.06494837137938103
307.3355481727575,0.06349490027917394
307.3554817275748,0.06278444533470384
307.37541528239205,0.06284323171035784
307.3953488372093,0.06366719549460742
307.4152823920266,0.06522259761266569
307.43521594684387,0.06745152467077616
307.45514950166114,0.0702802824318094
307.4750830564784,0.07362811572516305
307.4950166112957,0.07741434245814499
307.51495016611295,0.08156312544959711
307.5348837209303,0.08600601456098363
307.55481727574755,0.09068282337357061
307.5747508305648,0.09554146078122344
307.5946843853821,0.10053721282957505
307.6146179401993,0.10563180578839157
307.63455149501664,0.11079244364869327
307.6544850498339,0.11599091813244036
307.6744186046512,0.1212028312956749
307.69435215946845,0.12640693885588178
307.7142857142857,0.13158460666637356
307.73421926910305,0.13671936634244833
307.7541528239203,0.1417965545362109
307.77408637873754,0.1468030212033923
307.7940199335548,0.15172689400648695
307.8139534883721,0.15655738803457261
307.8338870431894,0.16128465195306
307.8538205980067,0.16589964338980884
307.87375415282395,0.17039402778503715
307.8936877076412,0.17476009609445028
307.9136212624585,0.17899069767065928
307.93355481727576,0.18307918539455714
307.95348837209303,0.18701937072097574
307.9734219269103,0.1908054867720035
307.9933554817276,0.19443215798248994
308.01328903654485,0.19789437509634378
308.0332225913621,0.20118747454504696
308.05315614617945,0.20430712142536286
308.0730897009967,0.20724929544083373
308.093023255814,0.21001027928979035
308.11295681063126,0.21258664907780858
308.1328903654485,0.21497526640875697
308.1528239202658,0.21717327187071656
308.1727574750831,0.2191780796836218
308.19269102990035,0.22098737331641663
308.2126245847176,0.2225991019158161
308.2325581395349,0.22401147741660496
308.2524916943522,0.2252229722270169
308.2724252491695,0.22623231740250707
308.29235880398676,0.2270385012379347
308.312292358804,0.22764076822268317
308.33222591362124,0.22803861831606784
308.3521594684386,0.22823180651135516
308.37209302325584,0.22822034266728572
308.3920265780731,0.2280044915953333
308.4119601328904,0.22758477340012395
308.43189368770766,0.22696196407932753
308.4518272425249,0.22613709639857613
308.4717607973422,0.2251114610660047
308.49169435215947,0.22388660824145895
308.51162790697674,0.22246434942582413
308.531561461794,0.22084675978859927
308.5514950166113,0.21903618100491337
308.5714285714286,0.21703522468948036
308.5913621262459,0.21484677653270998
308.61129568106315,0.2124740012657898
308.6312292358804,0.20992034860649686
308.65116279069764,0.2071895603673775
308.67109634551497,0.20428567894352193
308.69102990033224,0.20121305743964624
308.7109634551495,0.19797637174766627
308.7308970099668,0.19458063494752662
308.75083056478405,0.1910312144791391
308.7707641196014,0.18733385262369406
308.79069767441865,0.18349469094257512
308.8106312292359,0.17952029945569217
308.83056478405314,0.1754177115026813
308.8504983388704,0.17119446542637495
308.87043189368774,0.1668586544545518
308.890365448505,0.1624189864392324
308.9102990033223,0.1578848554505273
308.93023255813955,0.1532664276175972
308.9501661129568,0.14857474406472568
308.97009966777415,0.14382184429720724
308.99003322259136,0.1390209139271839
309.00996677740864,0.13418646114163615
309.0299003322259,0.12933452670492193
309.0498338870432,0.12448293237810945
309.0697674418605,0.11965157212229642
309.0897009966778,0.114862748834432
309.10963455149505,0.11014155585653108
309.1295681063123,0.10551629592910389
309.1495016611296,0.10101891898419307
309.16943521594686,0.09668544212663573
309.18936877076413,0.09255628821838936
309.2093023255814,0.08867644256103362
309.2292358803987,0.0850952824302983
309.24916943521595,0.08186589081023835
309.2691029900333,0.07904364424543749
309.28903654485055,0.07668389932352541
309.3089700996678,0.07483873273296585
309.3289036544851,0.07355293665138099
309.3488372093023,0.07285979582488718
309.36877076411963,0.07277745092737649
309.3887043189369,0.07330671004459373
309.4086378737542,0.07443089474395294
309.42857142857144,0.07611776726924555
309.4485049833887,0.07832302271708878
309.468438538206,0.08099450246660497
309.4883720930233,0.08407629391753975
309.50830564784053,0.08751213773876969
309.5282392026578,0.09124789310985135
309.5481727574751,0.09523307643839918
309.56810631229234,0.09942163802523347
309.58803986710967,0.10377218819718798
309.60797342192694,0.10824786877354198
309.6279069767442,0.11281602349393603
309.6478405315615,0.11744777515442181
309.66777408637876,0.12211757841523048
309.687707641196,0.12680278853439217
309.7076411960133,0.13148326684523534
309.72757475083057,0.13614103154698617
309.74750830564784,0.14075995517782164
309.7674418604651,0.14532550625043666
309.78737541528244,0.14982453069638693
309.8073089700997,0.1542450681397489
309.827242524917,0.15857619806251982
309.84717607973425,0.16280791130180008
309.86710963455147,0.1669310028371235
309.8870431893688,0.1709369823765275
309.90697674418607,0.1748179997748302
309.92691029900334,0.17856678279098007
309.9468438538206,0.18217658510375911
309.9667774086379,0.18564114285755492
309.98671096345515,0.18895463830579046
310.0066445182725,0.1921116693670106
310.02657807308975,0.1951072241131355
310.04651162790697,0.19793665937872745
310.06644518272424,0.20059568281955656
310.0863787375415,0.20308033786369886
310.10631229235884,0.20538699109323247
310.1262458471761,0.20751232167282674
310.1461794019934,0.20945331250647198
310.16611295681065,0.2112072428571293
310.1860465116279,0.21277168220929482
310.2059800664452,0.21414448519156762
310.22591362126246,0.2153237874084095
310.24584717607974,0.21630800205670844
310.265780730897,0.21709581722611168
310.2857142857143,0.21768619380159454
310.3056478405316,0.21807836390463936
310.3255813953489,0.21827182982448895
310.34551495016615,0.21826636340548414
310.3654485049834,0.21806200586934074
310.38538205980063,0.2176590680640185
310.40531561461796,0.21705813114281228
310.42524916943523,0.2162600476899135
310.4451827242525,0.21526594332117607
310.4651162790698,0.2140772188027628
310.48504983388705,0.21269555274445512
310.5049833887044,0.21112290494142527
310.52491694352165,0.2093615204560974
310.5448504983389,0.20741393455317886
310.56478405315613,0.2052829786250546
310.5847176079734,0.202971787273584
310.60465116279073,0.20048380674766061
310.624584717608,0.19782280497596505
310.6445182724253,0.19499288348182675
310.66445182724254,0.19199849152389015
310.6843853820598,0.18884444287449917
310.70431893687714,0.1855359357298155
310.72425249169436,0.18207857634421024
310.74418604651163,0.17847840710052934
310.7641196013289,0.1747419398707965
310.7840531561462,0.170876195693708
310.8039867109635,0.16688875200065226
310.82392026578077,0.16278779886632028
310.84385382059804,0.1585822060472527
310.8637873754153,0.1542816029054346
310.8837209302326,0.1498964736926358
310.90365448504986,0.14543827108683846
310.9235880398671,0.14091955130246292
310.9435215946844,0.13635413449701445
310.96345514950167,0.13175729448459556
310.98338870431894,0.12714598179682915
311.0033222591362,0.12253908366164568
311.02325581395354,0.11795772311210224
311.0431893687708,0.11342559659088403
311.0631229235881,0.10896934419935904
311.0830564784053,0.10461893793295461
311.10299003322257,0.10040805932061594
311.1229235880399,0.09637441725550087
311.14285714285717,0.09255992850768656
311.16279069767444,0.08901064857011085
311.1827242524917,0.08577630476056242
311.202657807309,0.08290926020396236
311.2225913621263,0.08046274948220668
311.2425249169435,0.07848830400290958
311.2624584717608,0.07703245002630094
311.28239202657807,0.07613300449664809
311.30232558139534,0.07581554497074652
311.32225913621266,0.07609076820340183
311.34219269102994,0.07695336128598232
311.3621262458472,0.07838267072632601
311.3820598006645,0.08034499213895624
311.40199335548175,0.08279691964205012
311.421926910299,0.0856890412231737
311.4418604651163,0.08896935789470041
311.46179401993356,0.09258603940231962
311.48172757475083,0.09648938043897808
311.5016611295681,0.1006330061509016
311.5215946843854,0.1049744721093286
311.5415282392027,0.10947542907908468
311.56146179402,0.11410150619933115
311.58139534883725,0.11882203251484189
311.60132890365446,0.12360968154848105
311.62126245847173,0.12844009392331018
311.64119601328906,0.13329151087588212
311.66112956810633,0.13814443625431777
311.6810631229236,0.14298133477626881
311.7009966777409,0.14778636838743345
311.72093023255815,0.1525451692305185
311.7408637873755,0.15724464606222519
311.76079734219275,0.1618728202889198
311.78073089700996,0.16641868770263432
311.80066445182723,0.17087210221756932
311.8205980066445,0.1752236782702002
311.84053156146183,0.1794647089574781
311.8604651162791,0.18358709739535803
311.8803986710964,0.18758329915732186
311.90033222591364,0.1914462739878811
311.9202657807309,0.19516944527738164
311.9401993355482,0.19874666603256005
311.96013289036546,0.2021721902870351
311.98006644518273,0.20544064907136333
312.0,0.2085470302090389
312.01993355481727,0.2114866613263165
312.0398671096346,0.21425519556511466
312.05980066445187,0.21684859957226482
312.07973421926914,0.2192631434080852
312.0996677740864,0.22149539207543598
312.1196013289036,0.22354219841880602
312.13953488372096,0.22540069718350111
312.1594684385382,0.2270683000589131
312.1794019933555,0.22854269155864285
312.19933554817277,0.22982182561427816
312.21926910299004,0.23090392278049135
312.23920265780737,0.2317874679667961
312.25913621262464,0.23247120862669904
312.2790697674419,0.2329541533484945
312.2990033222591,0.23323557080401022
312.3189368770764,0.2333149890224243
312.3388704318937,0.23319219496629487
312.358803986711,0.23286723439646345
312.37873754152827,0.23234041202145814
312.39867109634554,0.23161229193625096
312.4186046511628,0.23068369836425817
312.4385382059801,0.22955571672615863
312.45847176079735,0.22822969506932733
312.4784053156146,0.22670724590292668
312.4983388704319,0.22499024849618887
312.51827242524917,0.22308085171153913
312.53820598006644,0.22098147746046973
312.55813953488376,0.21869482488906344
312.57807308970104,0.21622387542188976
312.5980066445183,0.2135718988195499
312.6179401993356,0.21074246043578246
312.6378737541528,0.2077394298976953
312.6578073089701,0.2045669914769534
312.6777408637874,0.2012296564739893
312.69767441860466,0.19773227800241433
312.71760797342193,0.19408006864003094
312.7375415282392,0.19027862150940764
312.75747508305653,0.1863339354682243
312.7774086378738,0.1822524452332027
312.7973421926911,0.17804105743599663
312.8172757475083,0.17370719382273875
312.83720930232556,0.16925884306792452
312.8571428571429,0.1647046229868278
312.87707641196016,0.16005385530786262
312.89700996677743,0.1553166556140323
312.9169435215947,0.1505040415868082
312.936877076412,0.14562806328173944
312.95681063122925,0.14070195981590788
312.9767441860465,0.13574034750519373
312.9966777408638,0.13075944505850598
313.01661129568106,0.12577734173556845
313.03654485049833,0.12081431408408577
313.0564784053156,0.1158931954521346
313.07641196013293,0.11103979904969277
313.0963455149502,0.10628338856794123
313.1162790697675,0.10165717831994564
313.13621262458474,0.09719882500386631
313.15614617940196,0.092950842732392
313.1760797342193,0.08896083007405226
313.19601328903656,0.0852813442579051
313.2159468438538,0.08196920340197834
313.2358803986711,0.07908396689889946
313.25581395348837,0.07668537877742214
313.2757475083057,0.07482970983231195
313.29568106312297,0.07356522991547054
313.31561461794024,0.07292743542441162
313.33554817275746,0.07293499144582664
313.3554817275747,0.07358740225116678
313.37541528239205,0.07486506454560486
313.3953488372093,0.07673168866945447
313.4152823920266,0.07913841092529261
313.43521594684387,0.08202857730400694
313.45514950166114,0.08534224824688673
313.47508305647847,0.08901981536167358
313.49501661129574,0.0930045133062087
313.51495016611295,0.09724390026100924
313.5348837209302,0.1016905259157112
313.5548172757475,0.10630203690671007
313.5747508305648,0.11104093716783574
313.5946843853821,0.11587416593076973
313.61461794019937,0.1207726027427749
313.63455149501664,0.1257105664173018
313.6544850498339,0.13066534481610248
313.6744186046512,0.13561677285253262
313.69435215946845,0.14054686431273025
313.7142857142857,0.14543949649499952
313.734219269103,0.15028014335210774
313.75415282392026,0.1550556514654017
313.7740863787376,0.1597540529261557
313.79401993355486,0.16436440951879425
313.81395348837214,0.16887668317999
313.8338870431894,0.1732816283694745
313.8538205980066,0.17757070264003055
313.87375415282395,0.18173599228948314
313.8936877076412,0.18577015049981907
313.9136212624585,0.18966634581492303
313.93355481727576,0.19341821918350474
313.95348837209303,0.19701984810582449
313.9734219269103,0.2004657166805131
313.99335548172763,0.20375069055957998
314.0132890365449,0.20686999599365885
314.0332225913621,0.20981920229197087
314.0531561461794,0.21259420713835678
314.07308970099666,0.2151912243005873
314.093023255814,0.21760677334900916
314.11295681063126,0.21983767106563154
314.13289036544853,0.22188102427827902
314.1528239202658,0.22373422389923542
314.1727574750831,0.2253949399847215
314.19269102990035,0.22686111766274297
314.2126245847176,0.22813097380306405
314.2325581395349,0.22920299432516464
314.25249169435216,0.2300759320592803
314.27242524916943,0.23074880509184634
314.29235880398676,0.23122089554138164
314.31229235880403,0.23149174872342496
314.3322259136213,0.2315611726750164
314.3521594684386,0.23142923801987692
314.3720930232558,0.23109627816557654
314.3920265780731,0.2305628898341153
314.4119601328904,0.22982993393694215
314.43189368770766,0.22889853681579278
314.4518272425249,0.2277700918811354
314.4717607973422,0.22644626169149923
314.49169435215947,0.22492898052941054
314.5116279069768,0.2232204575434713
314.53156146179407,0.2213231805418756
314.5514950166113,0.21923992054055247
314.57142857142856,0.21697373718994561
314.5913621262458,0.21452798522853578
314.61129568106315,0.21190632213958768
314.6312292358804,0.2091127172210111
314.6511627906977,0.20615146231766304
314.67109634551497,0.20302718451241086
314.69102990033224,0.19974486112795775
314.7109634551495,0.1963098374579039
314.7308970099668,0.1927278477247705
314.75083056478405,0.18900503985694048
314.7707641196013,0.18514800478881765
314.7906976744186,0.18116381112157168
314.8106312292359,0.17706004613904858
314.8305647840532,0.172844864357418
314.85049833887047,0.16852704500076565
314.87043189368774,0.16411606003805937
314.89036544850495,0.15962215468824442
314.9102990033223,0.15505644259045778
314.93023255813955,0.15043101812906845
314.9501661129568,0.14575908866318052
314.9700996677741,0.14105512957878413
314.99003322259136,0.13633506505798357
315.0099667774087,0.13161647708216306
315.02990033222596,0.1269188442017991
315.04983388704323,0.12226380963430974
315.06976744186045,0.11767547474280016
315.0897009966777,0.11318070815163152
315.10963455149505,0.10880945172482413
315.1295681063123,0.10459499134775543
315.1495016611296,0.10057414213925628
315.16943521594686,0.09678727456538899
315.18936877076413,0.09327808230532371
315.20930232558146,0.09009297094611717
315.22923588039873,0.08727994057817348
315.24916943521595,0.08488686265387169
315.2691029900332,0.08295913074170755
315.2890365448505,0.08153680449915157
315.3089700996678,0.08065154785478297
315.3289036544851,0.08032382935153003
315.34883720930236,0.08056092135755989
315.36877076411963,0.08135613800177251
315.3887043189369,0.0826894916490836
315.4086378737542,0.08452961518440046
315.42857142857144,0.08683652620050368
315.4485049833887,0.08956469669522796
315.468438538206,0.09266594847809727
315.48837209302326,0.09609185685284104
315.50830564784053,0.09979552887995981
315.52823920265786,0.10373276750766418
315.54817275747513,0.1078627174781321
315.5681063122924,0.11214811998808963
315.5880398671096,0.11655529904711959
315.6079734219269,0.12105398130997251
315.6279069767442,0.12561702536753852
315.6478405315615,0.13022011283179152
315.66777408637876,0.13484143469079193
315.687707641196,0.13946139265260107
315.7076411960133,0.14406232580699965
315.7275747508306,0.1486282668839611
315.7475083056479,0.15314472871239906
315.7674418604651,0.15759851940728262
315.7873754152824,0.1619775837681788
315.80730897009965,0.1662708679618246
315.827242524917,0.17046820452232284
315.84717607973425,0.17456021486626702
315.8671096345515,0.17853822678111234
315.8870431893688,0.1823942046415619
315.90697674418607,0.1861206904046252
315.92691029900334,0.189710753710463
315.9468438538206,0.1931579496651217
315.9667774086379,0.19645628309925892
315.98671096345515,0.1996001782855296
316.0066445182724,0.2025844532578947
316.0265780730897,0.20540429801231433
316.046511627907,0.20805525598314784
316.0664451827243,0.2105332082857823
316.08637873754157,0.2128343602971091
316.1063122923588,0.21495523021311358
316.12624584717605,0.2168926392797328
316.1461794019934,0.21864370344082226
316.16611295681065,0.2202058261872281
316.1860465116279,0.22157669242475148
316.2059800664452,0.22275426320745473
316.22591362126246,0.22373677120691862
316.2458471760798,0.22452271680904695
316.26578073089706,0.22511086474760342
316.2857142857143,0.22550024119922593
316.30564784053155,0.2256901312781883
316.3255813953488,0.22568007688102645
316.34551495016615,0.22546987484205722
316.3654485049834,0.22505957537044
316.3853820598007,0.22444948074878623
316.40531561461796,0.22364014428198592
316.42524916943523,0.2226323694935565
316.4451827242525,0.22142720957548284
316.4651162790698,0.22002596710649658
316.48504983388705,0.21843019406333986
316.5049833887043,0.21664169215995324
316.5249169435216,0.21466251356121419
316.5448504983389,0.21249496203104543
316.5647840531562,0.21014159459010998
316.58471760797346,0.20760522377618879
316.60465116279073,0.20488892062177572
316.62458471760795,0.2019960184888381
316.6445182724253,0.19893011793179713
316.66445182724254,0.19569509279718067
316.6843853820598,0.19229509781478055
316.7043189368771,0.18873457799181928
316.72425249169436,0.18501828019233568
316.7441860465117,0.1811512673717775
316.76411960132896,0.1771389360468076
316.78405315614623,0.17298703771876647
316.80398671096344,0.16870170514377952
316.8239202657807,0.16428948456400175
316.84385382059804,0.15975737529608544
316.8637873754153,0.15511287843210805
316.8837209302326,0.15036405686744928
316.90365448504986,0.145519609457774
316.9235880398671,0.14058896285937506
316.9435215946844,0.1355823855674457
316.9634551495017,0.13051112988685085
316.98338870431894,0.1253876091054754
317.0033222591362,0.12022561904130098
317.0232558139535,0.11504061542454433
317.04318936877075,0.1098500612041202
317.0631229235881,0.104673860617412
317.08305647840535,0.09953489917701018
317.1029900332226,0.09445970939447952
317.1229235880399,0.08947927866516574
317.1428571428571,0.08463000379941611
317.16279069767444,0.07995476847246347
317.1827242524917,0.07550406326044651
317.202657807309,0.07133696680938002
317.22259136212625,0.06752164657143064
317.2425249169435,0.06413482368899624
317.26245847176085,0.061259441998801366
317.2823920265781,0.05897975598314057
317.3023255813954,0.05737348541408661
317.3222591362126,0.056501790594234776
317.3421926910299,0.0563993590583061
317.3621262458472,0.0570678948305347
317.3820598006645,0.05847562237915017
317.40199335548175,0.060563031965753564
317.421926910299,0.06325254389701794
317.4418604651163,0.06645876473864494
317.46179401993356,0.07009680303169681
317.4817275747509,0.07408765309291074
317.5016611295681,0.07836087405476064
317.5215946843854,0.08285532796173119
317.54152823920265,0.08751876778611503
317.5614617940199,0.0923068727162983
317.58139534883725,0.09718210642020812
317.6013289036545,0.10211260202656984
317.6212624584718,0.107071166690907
317.64119601328906,0.11203443557361849
317.6611295681063,0.11698217312692914
317.6810631229236,0.12189670572211808
317.7009966777409,0.12676246537128322
317.72093023255815,0.1315656246424806
317.7408637873754,0.13629380513370995
317.7607973421927,0.14093584469184123
317.78073089701,0.1454816113016907
317.8006644518273,0.14992185397513078
317.82059800664456,0.154248082973305
317.8405315614618,0.1584524733164065
317.86046511627904,0.16252778682421734
317.8803986710964,0.16646730894551773
317.90033222591364,0.1702647974287312
317.9202657807309,0.17391444050680535
317.9401993355482,0.17741082275354705
317.96013289036546,0.1807488971474535
317.9800664451828,0.18392396217527976
318.00000000000006,0.18693164304086426
318.01993355481727,0.18976787622796282
318.03986710963454,0.19242889681128073
318.0598006644518,0.19491122802511138
318.07973421926914,0.1972116726911465
318.0996677740864,0.1993273061807275
318.1196013289037,0.20125547064631968
318.13953488372096,0.20299377030518578
318.1594684385382,0.20454006759734983
318.17940199335555,0.2058924800723781
318.19933554817277,0.20704937788589833
318.21926910299004,0.20800938180912826
318.2392026578073,0.20877136167328042
318.2591362126246,0.20933443518678402
318.2790697674419,0.20969796707702681
318.2990033222592,0.20986156852049317
318.31893687707645,0.20982509683632028
318.3388704318937,0.20958865542824148
318.35880398671094,0.20915259396981065
318.37873754152827,0.2085175088370795
318.39867109634554,0.2076842438026176
318.4186046511628,0.2066538910146446
318.4385382059801,0.20542779229591368
318.45847176079735,0.20400754080857125
318.4784053156146,0.20239498314467733
318.49833887043195,0.20059222191708775
318.5182724252492,0.19860161894321576
318.53820598006644,0.19642579913492275
318.5581395348837,0.19406765523270839
318.578073089701,0.1915303535521394
318.5980066445183,0.1888173409465614
318.6179401993356,0.18593235323431553
318.63787375415285,0.1828794253924156
318.6578073089701,0.17966290388529452
318.6777408637874,0.17628746157945951
318.6976744186047,0.17275811579705946
318.71760797342193,0.16908025018905823
318.7375415282392,0.1652596412684302
318.7574750830565,0.16130249064439892
318.77740863787375,0.1572154642515248
318.7973421926911,0.15300574018624485
318.81727574750835,0.14868106716632534
318.8372093023256,0.14424983613738246
318.8571428571429,0.13972116819202993
318.8770764119601,0.1351050227728537
318.89700996677743,0.13041233113379685
318.9169435215947,0.12565516126961532
318.936877076412,0.12084692201018508
318.95681063122925,0.11600261570535539
318.9767441860465,0.11113915081361216
318.9966777408638,0.10627572752290233
319.0166112956811,0.10143431076305914
319.0365448504984,0.09664020459215733
319.0564784053156,0.09192273804349488
319.0764119601329,0.08731606175542744
319.09634551495014,0.08286003158689409
319.1162790697675,0.07860111179783864
319.13621262458474,0.07459315602707114
319.156146179402,0.07089781088852505
319.1760797342193,0.06758413922706594
319.19601328903656,0.06472691770209182
319.2159468438539,0.06240302937943706
319.2358803986711,0.060685616550247526
319.25581395348837,0.05963633535606212
319.27574750830564,0.05929708684557412
319.2956810631229,0.05968348468369007
319.31561461794024,0.06078229541696453
319.3355481727575,0.06255381554155352
319.3554817275748,0.06493827094622484
319.37541528239205,0.06786402663770906
319.39534883720927,0.07125533889882453
319.4152823920266,0.0750382500444006
319.43521594684387,0.07914425848726961
319.45514950166114,0.08351208171985344
319.4750830564784,0.08808808359642623
319.4950166112957,0.09282590952343897
319.514950166113,0.09768573381202336
319.5348837209303,0.10263337661437093
319.55481727574755,0.10763943439244418
319.57475083056477,0.11267849310725343
319.59468438538204,0.11772844923724775
319.61461794019937,0.12276994023265568
319.63455149501664,0.12778587496017804
319.6544850498339,0.13276105059326443
319.6744186046512,0.13768184188488355
319.69435215946845,0.14253594989593166
319.7142857142858,0.14731219900309317
319.73421926910305,0.15200037285451812
319.75415282392026,0.15659108164121183
319.77408637873754,0.16107565451969677
319.7940199335548,0.16544605224271483
319.81395348837214,0.1696947960492299
319.8338870431894,0.17381490966385876
319.8538205980067,0.17779987189286076
319.87375415282395,0.18164357780932142
319.8936877076412,0.18534030692070383
319.9136212624585,0.1888846970290672
319.93355481727576,0.19227172274582366
319.95348837209303,0.19549667782260544
319.9734219269103,0.19855516061882583
319.9933554817276,0.20144306215375207
320.01328903654485,0.20415655629244922
320.0332225913622,0.20669209169709765
320.05315614617945,0.20904638524131072
320.0730897009967,0.21121641663861546
320.09302325581393,0.2131994240802058
320.1129568106312,0.21499290071285226
320.13289036544853,0.21659459181739726
320.1528239202658,0.21800249257277368
320.1727574750831,0.2192148463111214
320.19269102990035,0.22023014318661194
320.2126245847176,0.2210471191956295
320.23255813953494,0.2216647554984063
320.2524916943522,0.22208227800358268
320.27242524916943,0.222299157186861
320.2923588039867,0.22231510812435018
320.312292358804,0.22213009072931467
320.3322259136213,0.2217443101892558
320.3521594684386,0.22115821760851023
320.37209302325584,0.2203725108692858
320.3920265780731,0.21938813573281818
320.4119601328904,0.21820628721141294
320.43189368770766,0.21682841125187055
320.4518272425249,0.21525620678239518
320.4717607973422,0.21349162818724327
320.49169435215947,0.2115368882887362
320.51162790697674,0.20939446193272107
320.531561461794,0.20706709029453013
320.55149501661134,0.20455778604616348
320.5714285714286,0.20186983955475926
320.5913621262459,0.19900682631714475
320.6112956810631,0.19597261587783432
320.63122923588037,0.19277138252966908
320.6511627906977,0.1894076181592396
320.67109634551497,0.18588614767748535
320.69102990033224,0.18221214757138063
320.7109634551495,0.17839116823148252
320.7308970099668,0.17442916085706642
320.7508305647841,0.17033250992342264
320.7707641196014,0.16610807242343345
320.7906976744186,0.1617632253789605
320.81063122923587,0.1573059234704066
320.83056478405314,0.15274476907160126
320.85049833887047,0.14808909752011298
320.87043189368774,0.14334908112082667
320.890365448505,0.13853585619263334
320.9102990033223,0.13366167843744325
320.93023255813955,0.12874011303514013
320.9501661129569,0.12378626710946967
320.9700996677741,0.11881707345985407
320.99003322259136,0.11385163547490745
321.00996677740864,0.10891164346340475
321.0299003322259,0.10402187139013523
321.04983388704323,0.09921075867199937
321.0697674418605,0.09451107177233656
321.0897009966778,0.0899606209687876
321.10963455149505,0.08560297347972579
321.12956810631226,0.08148804887849968
321.1495016611296,0.07767240210108475
321.16943521594686,0.07421889792568787
321.18936877076413,0.0711953846755154
321.2093023255814,0.06867194713882498
321.2292358803987,0.06671646210591271
321.249169435216,0.06538859527662866
321.2691029900333,0.06473305391623334
321.28903654485055,0.06477359457129561
321.30897009966776,0.0655095177856036
321.32890365448503,0.06691581044788074
321.34883720930236,0.06894688382467046
321.36877076411963,0.07154267355288163
321.3887043189369,0.07463536283921532
321.4086378737542,0.07815527515715812
321.42857142857144,0.08203518099011026
321.4485049833887,0.08621292250203014
321.46843853820604,0.09063265131005739
321.48837209302326,0.09524510025084842
321.50830564784053,0.10000727396914888
321.5282392026578,0.10488184536891898
321.5481727574751,0.10983644501063666
321.5681063122924,0.1148429521910003
321.58803986710967,0.11987684320276533
321.60797342192694,0.12491661954006153
321.6279069767442,0.1299433203890228
321.6478405315615,0.13494011437862274
321.66777408637876,0.13989196153497552
321.687707641196,0.1447853352815208
321.7076411960133,0.14960799470879046
321.72757475083057,0.1543487983727625
321.74750830564784,0.1589975521234572
321.76744186046517,0.16354488468945433
321.78737541528244,0.16798214584881868
321.8073089700997,0.17230132296733858
321.8272425249169,0.17649497248019388
321.8471760797342,0.18055616354652324
321.8671096345515,0.1844784316378531
321.8870431893688,0.18825574025037164
321.90697674418607,0.19188244927636153
321.92691029900334,0.1953532888474567
321.9468438538206,0.19866333768517208
321.9667774086379,0.20180800517307101
321.9867109634552,0.20478301650918454
322.0066445182724,0.20758440041346704
322.0265780730897,0.21020847895925893
322.04651162790697,0.21265185917404253
322.06644518272424,0.21491142611703096
322.08637873754157,0.21698433719208832
322.10631229235884,0.21886801749622797
322.1262458471761,0.22056015603859694
322.1461794019934,0.22205870269355332
322.16611295681065,0.22336186577545314
322.1860465116279,0.22446811014308854
322.2059800664452,0.22537615575900632
322.22591362126246,0.22608497664376567
322.24584717607974,0.22659380017826106
322.265780730897,0.22690210671874297
322.28571428571433,0.22700962949969183
322.3056478405316,0.22691635480928826
322.3255813953489,0.22662252243155806
322.3455149501661,0.22612862635807793
322.36544850498336,0.22543541578123658
322.3853820598007,0.22454389639018957
322.40531561461796,0.22345533200051124
322.42524916943523,0.22217124655893575
322.4451827242525,0.2206934265763656
322.4651162790698,0.21902392405532178
322.4850498338871,0.2171650599928576
322.5049833887044,0.2151194285571371
322.5249169435216,0.21288990205590166
322.54485049833886,0.2104796368383821
322.56478405315613,0.20789208030003542
322.58471760797346,0.2051309791923609
322.60465116279073,0.20220038947939625
322.624584717608,0.19910468802956346
322.6445182724253,0.19584858648822503
322.66445182724254,0.192437147744518
322.6843853820599,0.18887580548841246
322.7043189368771,0.18517038745349504
322.72425249169436,0.18132714306142955
322.74418604651163,0.1773527763293636
322.7641196013289,0.1732544850770909
322.78405315614623,0.16904000768169758
322.8039867109635,0.16471767887949104
322.82392026578077,0.16029649641391527
322.84385382059804,0.15578620067814272
322.86378737541526,0.15119736990225235
322.8837209302326,0.14654153388225527
322.90365448504986,0.1418313097218217
322.9235880398671,0.1370805635165018
322.9435215946844,0.1323046022747216
322.96345514950167,0.1275204004966919
322.98338870431894,0.12274686547967127
323.00332225913627,0.11800514418829613
323.02325581395354,0.11331897180010783
323.04318936877075,0.10871505687480959
323.063122923588,0.10422348918411686
323.0830564784053,0.09987814188027733
323.1029900332226,0.09571701802534134
323.1229235880399,0.0917824612500666
323.14285714285717,0.08812111226631357
323.16279069767444,0.08478345276739177
323.1827242524917,0.08182275008564839
323.20265780730904,0.07929322527527756
323.22259136212625,0.07724734791983394
323.2425249169435,0.07573234011331277
323.2624584717608,0.07478624043463603
323.28239202657807,0.07443415995957209
323.3023255813954,0.07468551681497096
323.32225913621266,0.075532929732158
323.34219269102994,0.07695306490567334
323.3621262458472,0.07890921113537154
323.3820598006645,0.08135494107260474
323.40199335548175,0.0842380685591735
323.421926910299,0.08750423682298925
323.4418604651163,0.09109974541844595
323.46179401993356,0.09497350062428779
323.48172757475083,0.09907816766402149
323.5016611295681,0.1033706963899748
323.52159468438543,0.10781240915923712
323.5415282392027,0.1123688147897346
323.5614617940199,0.11700927276367554
323.5813953488372,0.12170659291209335
323.60132890365446,0.12643662428177507
323.6212624584718,0.13117786404049242
323.64119601328906,0.13591110198685796
323.66112956810633,0.1406191066600951
323.6810631229236,0.14528635344768817
323.7009966777409,0.14989879208796472
323.7209302325582,0.15444364957421944
323.7408637873754,0.15890926402498595
323.7607973421927,0.16328494516739914
323.78073089700996,0.16756085742663715
323.80066445182723,0.17172792206946527
323.82059800664456,0.17577773532792793
323.84053156146183,0.17970249988381004
323.8604651162791,0.18349496750497893
323.8803986710964,0.18714839098320502
323.90033222591364,0.1906564838302459
323.9202657807309,0.1940133864480705
323.9401993355482,0.1972136377063966
323.96013289036546,0.20025215104116942
323.98006644518273,0.20312419433751194
324.0,0.20582537298456824
324.0199335548173,0.20835161559231202
324.0398671096346,0.21069916194501598
324.05980066445187,0.21286455283657993
324.0797342192691,0.21484462149085656
324.09966777408636,0.21663648631890906
324.1196013289037,0.21823754480529378
324.13953488372096,0.21964546834943108
324.1594684385382,0.2208581979165508
324.1794019933555,0.22187394037675381
324.19933554817277,0.2226911654312645
324.2192691029901,0.22330860304247394
324.23920265780737,0.22372524129969024
324.2591362126246,0.2239403246658055
324.27906976744185,0.2239533525621494
324.2990033222591,0.22376407825946773
324.31893687707645,0.22337250805310208
324.3388704318937,0.22277890070985462
324.358803986711,0.22198376718347693
324.37873754152827,0.22098787060473837
324.39867109634554,0.21979222656190842
324.4186046511628,0.2183981036974656
324.4385382059801,0.21680702465796128
324.45847176079735,0.21502076744631
324.4784053156146,0.2130413672396661
324.4983388704319,0.21087111875228765
324.51827242524917,0.2085125792415986
324.5382059800665,0.20596857227804355
324.55813953488376,0.20324219242625108
324.57807308970104,0.2003368110171558
324.59800664451825,0.19725608323032726
324.6179401993355,0.1940039567536267
324.63787375415285,0.1905846823467284
324.6578073089701,0.18700282670831814
324.6777408637874,0.18326328813783396
324.69767441860466,0.17937131559648864
324.71760797342193,0.17533253191504108
324.73754152823926,0.17115296207544647
324.75747508305653,0.16683906772044024
324.77740863787375,0.16239778933301413
324.797342192691,0.15783659789277515
324.8172757475083,0.15316355828144243
324.8372093023256,0.14838740730149033
324.8571428571429,0.14351764992457638
324.87707641196016,0.13856467834076772
324.89700996677743,0.13353991958113554
324.9169435215947,0.12845601898231476
324.936877076412,0.1233270685892254
324.95681063122925,0.11816889175194749
324.9767441860465,0.11299939758375856
324.9966777408638,0.10783902134792467
325.01661129568106,0.10271126861705848
325.03654485049833,0.09764338092729784
325.05647840531566,0.09266713618396778
325.07641196013293,0.08781978386973817
325.0963455149502,0.08314508581127686
325.1162790697675,0.07869437678285714
325.1362126245847,0.07452746157809753
325.156146179402,0.07071301540989239
325.1760797342193,0.06732796164862441
325.19601328903656,0.06445512723340006
325.2159468438538,0.06217847645785106
325.2358803986711,0.06057563834159931
325.2558139534884,0.05970844254983517
325.2757475083057,0.05961353802256976
325.2956810631229,0.06029605752487555
325.3156146179402,0.06172873728399739
325.33554817275746,0.0638568447819067
325.3554817275748,0.066606974899533
325.37541528239205,0.06989673723662625
325.3953488372093,0.07364291470326934
325.4152823920266,0.07776700300811294
325.43521594684387,0.08219818913488147
325.4551495016612,0.08687439975673684
325.4750830564784,0.09174214315667864
325.4950166112957,0.09675572471885477
325.51495016611295,0.10187621997280788
325.5348837209302,0.10707042538137636
325.55481727574755,0.11230989566557681
325.5747508305648,0.11757010990589102
325.5946843853821,0.1228297729653725
325.61461794019937,0.12807024187621371
325.63455149501664,0.13327506038962
325.6544850498339,0.13842958379957263
325.6744186046512,0.14352067751275158
325.69435215946845,0.14853647510812418
325.7142857142857,0.1534661840474241
325.734219269103,0.15829992942158225
325.7541528239203,0.1630286280262553
325.7740863787376,0.16764388663528004
325.79401993355486,0.17213791961249122
325.8139534883721,0.1765034820157755
325.83388704318935,0.1807338151476161
325.8538205980067,0.18482260213675789
325.87375415282395,0.18876393163086563
325.8936877076412,0.19255226806914072
325.9136212624585,0.19618242731008176
325.93355481727576,0.19964955663128436
325.95348837209303,0.2029491183089496
325.97342192691036,0.20607687613650702
325.9933554817276,0.20902888436233602
326.01328903654485,0.21180147862319704
326.0332225913621,0.214391268527359
326.0531561461794,0.21679513160403088
326.0730897009967,0.2190102083862525
326.093023255814,0.22103389843575996
326.11295681063126,0.2228638571521173
326.13289036544853,0.22449799323622927
326.1528239202658,0.2259344667015845
326.1727574750831,0.22717168734586066
326.19269102990035,0.22820831361191143
326.2126245847176,0.229043251781158
326.2325581395349,0.22967565545446625
326.25249169435216,0.23010492528626542
326.2724252491695,0.23033070894723268
326.29235880398676,0.23035290129956631
326.31229235880403,0.2301716447771246
326.33222591362124,0.22978732997050594
326.3521594684385,0.2292005964252536
326.37209302325584,0.22841233366895877
326.3920265780731,0.22742368249172387
326.4119601328904,0.22623603651327956
326.43189368770766,0.22485104407974837
326.4518272425249,0.22327061054422093
326.4717607973422,0.2214969009975454
326.4916943521595,0.21953234353008286
326.51162790697674,0.21737963312176992
326.531561461794,0.2150417362772683
326.5514950166113,0.2125218965459186
326.57142857142856,0.20982364109351678
326.5913621262459,0.20695078852557627
326.61129568106315,0.20390745820079845
326.6312292358804,0.20069808132062286
326.6511627906977,0.19732741413766589
326.67109634551497,0.19380055369492763
326.69102990033224,0.19012295659140965
326.7109634551495,0.18630046137183576
326.7308970099668,0.1823393152624006
326.75083056478405,0.17824620612601405
326.7707641196013,0.17402830069471645
326.79069767441865,0.1696932903613521
326.8106312292359,0.1652494460841609
326.8305647840532,0.16070568428490464
326.85049833887047,0.15607164601177378
326.8704318936877,0.1513577920977775
326.890365448505,0.14657551757451856
326.9102990033223,0.1417372891908662
326.93023255813955,0.13685681050540113
326.9501661129568,0.13194921960605302
326.9700996677741,0.12703132493234798
326.9900332225914,0.12212188470631183
327.0099667774087,0.11724193472369895
327.0299003322259,0.1124151670712158
327.0498338870432,0.10766835770073538
327.06976744186045,0.1030318321938721
327.0897009966778,0.09853994439945145
327.10963455149505,0.09423151938068684
327.1295681063123,0.09015017790709086
327.1495016611296,0.08634441404612173
327.16943521594686,0.08286724486840126
327.1893687707642,0.07977520671836176
327.2093023255814,0.0771264660956639
327.2292358803987,0.07497788981206255
327.24916943521595,0.07338112179634175
327.2691029900332,0.07237804447711982
327.28903654485055,0.07199637339690129
327.3089700996678,0.07224636047155054
327.3289036544851,0.07311947195557757
327.34883720930236,0.07458941968284055
327.36877076411963,0.07661525356542925
327.3887043189369,0.07914569392359207
327.4086378737542,0.08212371827141704
327.42857142857144,0.08549060819551961
327.4485049833887,0.08918902658429778
327.468438538206,0.09316504024757417
327.48837209302326,0.09736922525300262
327.5083056478406,0.10175708412651245
327.52823920265786,0.10628900584257693
327.5481727574751,0.11092995759096637
327.56810631229234,0.11564904427768727
327.5880398671096,0.12041902435287208
327.60797342192694,0.12521583454958035
327.6279069767442,0.1300181513857245
327.6478405315615,0.13480700156210196
327.66777408637876,0.13956542408739545
327.687707641196,0.1442781818930617
327.70764119601336,0.14893151826560722
327.72757475083057,0.1535129525370091
327.74750830564784,0.15801110944284247
327.7674418604651,0.16241557695848138
327.7873754152824,0.16671678800852832
327.8073089700997,0.1709059220752981
327.827242524917,0.17497482333683706
327.84717607973425,0.1789159325104592
327.8671096345515,0.1827222300524555
327.8870431893688,0.18638718876861746
327.90697674418607,0.18990473422896614
327.92691029900334,0.1932692116615139
327.9468438538206,0.19647535823220005
327.9667774086379,0.19951827980929443
327.98671096345515,0.2023934314674812
328.0066445182724,0.20509660111562353
328.02657807308975,0.20762389573787823
328.046511627907,0.20997172982467038
328.06644518272424,0.21213681564164125
328.0863787375415,0.2141161550435785
328.1063122923588,0.21590703258928812
328.1262458471761,0.21750700975397103
328.1461794019934,0.21891392006948235
328.16611295681065,0.22012586505132573
328.1860465116279,0.2211412107952477
328.2059800664452,0.22195858514659664
328.2259136212625,0.22257687536325974
328.24584717607974,0.22299522620804477
328.265780730897,0.22321303841981668
328.2857142857143,0.22322996752465668
328.30564784053155,0.22304592295910475
328.3255813953489,0.2226610674877372
328.34551495016615,0.22207581690712025
328.3654485049834,0.22129084003745492
328.3853820598007,0.2203070590131099
328.40531561461796,0.21912564989301406
328.42524916943523,0.21774804362263686
328.4451827242525,0.21617592739085081
328.4651162790698,0.21441124643797518
328.48504983388705,0.21245620638606247
328.5049833887043,0.2103132761794625
328.52491694352165,0.20798519174371635
328.5448504983389,0.20547496049419506
328.5647840531562,0.20278586685420005
328.58471760797346,0.1999214789756746
328.6046511627907,0.19688565689670878
328.624584717608,0.1936825624193324
328.6445182724253,0.1903166710518696
328.66445182724254,0.18679278643415698
328.6843853820598,0.1831160577557393
328.7043189368771,0.17929200079001575
328.7242524916944,0.17532652330765156
328.7441860465117,0.17122595580685288
328.7641196013289,0.1669970887150081
328.7840531561462,0.16264721748660088
328.80398671096344,0.15818419735953335
328.82392026578077,0.15361650995135795
328.84385382059804,0.14895334439781283
328.8637873754153,0.14420469637829547
328.8837209302326,0.13938148915752863
328.90365448504986,0.1344957217161717
328.9235880398671,0.12956065014911336
328.9435215946844,0.12459100975259095
328.96345514950167,0.11960328651462725
328.98338870431894,0.11461604786739873
329.0033222591362,0.10965034315044964
329.0232558139535,0.10473018350726315
329.0431893687708,0.099883107543939
329.0631229235881,0.0951408307446098
329.08305647840535,0.09053995978081686
329.1029900332226,0.08612272230847148
329.12292358803984,0.08193761224804923
329.14285714285717,0.07803977448593855
329.16279069767444,0.07449085289527918
329.1827242524917,0.07135792161098164
329.202657807309,0.0687110664214733
329.22259136212625,0.06661927896645507
329.2425249169436,0.06514468319092168
329.26245847176085,0.0643357583916961
329.28239202657807,0.06422095889916331
329.30232558139534,0.06480451037321273
329.3222591362126,0.06606575979095283
329.34219269102994,0.06796230499324372
329.3621262458472,0.0704358466905783
329.3820598006645,0.07341901864156729
329.40199335548175,0.0768416048746223
329.421926910299,0.08063522753470008
329.4418604651163,0.08473629977049701
329.46179401993356,0.08908749572733024
329.48172757475083,0.09363816113070209
329.5016611295681,0.09834407161413024
329.5215946843854,0.10316685070388719
329.54152823920265,0.10807325448731252
329.56146179402,0.11303444522870239
329.58139534883725,0.11802531759659729
329.6013289036545,0.1230239047028988
329.6212624584718,0.12801087040624534
329.641196013289,0.1329690836402306
329.66112956810633,0.13788326579938714
329.6810631229236,0.14273970078921014
329.7009966777409,0.14752599760489468
329.72093023255815,0.1522308963206743
329.7408637873754,0.15684410964339382
329.76079734219275,0.1613561934559738
329.78073089701,0.16575844093139544
329.80066445182723,0.17004279579526319
329.8205980066445,0.1742017811501885
329.8405315614618,0.17822844096208582
329.8604651162791,0.1821162918669185
329.8803986710964,0.18585928340696592
329.90033222591364,0.18945176516806264
329.9202657807309,0.19288845958004666
329.9401993355482,0.19616443937571898
329.9601328903655,0.19927510889104252
329.98006644518273,0.20221618853954673
330.0,0.20498370191545598
330.01993355481727,0.20757396507780138
330.03986710963454,0.20998357764736145
330.05980066445187,0.21220941541273305
330.07973421926914,0.21424862419465748
330.0996677740864,0.2160986147608684
330.1196013289037,0.21775705861947764
330.13953488372096,0.21922188454826477
330.1594684385382,0.22049127574200267
330.1794019933555,0.2215636674804576
330.19933554817277,0.22243774523725499
330.21926910299004,0.22311244316477655
330.2392026578073,0.22358694290312583
330.25913621262464,0.22386067267260137
330.2790697674419,0.2239333066193373
330.2990033222592,0.2238047643929538
330.31893687707645,0.22347521094377906
330.33887043189367,0.222945056535548
330.358803986711,0.22221495697759655
330.37873754152827,0.22128581408893816
330.39867109634554,0.2201587764153281
330.4186046511628,0.21883524022957168
330.4385382059801,0.21731685085575536
330.45847176079735,0.21560550436918433
330.4784053156147,0.21370334973708247
330.4983388704319,0.21161279148001708
330.51827242524917,0.2093364929515201
330.53820598006644,0.20687738035435072
330.5581395348837,0.20423864763645413
330.57807308970104,0.20142376243963123
330.5980066445183,0.19843647330975323
330.6179401993356,0.19528081842133083
330.63787375415285,0.1919611361224786
330.6578073089701,0.18848207767207434
330.6777408637874,0.1848486226215041
330.69767441860466,0.18106609739335452
330.71760797342193,0.17714019773307546
330.7375415282392,0.17307701586371838
330.7574750830565,0.16888307336568226
330.7774086378738,0.16456536104316669
330.7973421926911,0.16013138733858068
330.81727574750835,0.1555892372306556
330.8372093023256,0.1509476440192704
330.85714285714283,0.14621607698106528
330.87707641196016,0.14140484859750155
330.89700996677743,0.13652524593414905
330.9169435215947,0.1315896918025341
330.936877076412,0.12661194256439579
330.95681063122925,0.12160733080288844
330.9767441860465,0.11659306247120557
330.99667774086384,0.1115885792738144
331.01661129568106,0.10661599741463239
331.03654485049833,0.10170063248076919
331.0564784053156,0.0968716153958378
331.0764119601329,0.09216259320123696
331.0963455149502,0.08761248645552588
331.1162790697675,0.08326623606854301
331.13621262458474,0.07917540930280645
331.156146179402,0.07539844299634439
331.1760797342193,0.07200018857807627
331.19601328903656,0.0690503217138748
331.2159468438538,0.06662016743364763
331.2358803986711,0.06477769063919837
331.25581395348837,0.06358091674527591
331.27574750830564,0.06307082606286452
331.29568106312297,0.06326546632132292
331.31561461794024,0.06415711169545225
331.3355481727575,0.06571345934138097
331.3554817275748,0.0678824410234433
331.375415282392,0.07059906440383915
331.3953488372093,0.07379239835153541
331.4152823920266,0.07739132250237864
331.43521594684387,0.0813284675429246
331.45514950166114,0.08554242115185427
331.4750830564784,0.08997859950740941
331.49501661129574,0.09458924503525343
331.514950166113,0.09933293435306298
331.5348837209302,0.10417386515039888
331.5548172757475,0.10908108763515327
331.57475083056477,0.11402777102578349
331.5946843853821,0.11899054717636087
331.61461794019937,0.12394894509597898
331.63455149501664,0.12888491504001
331.6544850498339,0.13378243378535085
331.6744186046512,0.13862718015540662
331.6943521594685,0.14340626967470277
331.7142857142857,0.14810803815422935
331.734219269103,0.15272186534861087
331.75415282392026,0.1572380312301004
331.77408637873754,0.16164759872583304
331.79401993355486,0.16594231789900976
331.81395348837214,0.17011454750878807
331.8338870431894,0.1741571906693079
331.8538205980067,0.17806364196660088
331.87375415282395,0.18182774390666165
331.8936877076412,0.1854437509805983
331.9136212624585,0.1889062999630106
331.93355481727576,0.19221038532412227
331.95348837209303,0.19535133884731573
331.9734219269103,0.1983248127132783
331.9933554817276,0.20112676544797192
332.0132890365449,0.20375345024111471
332.0332225913622,0.20620140523048539
332.05315614617945,0.20846744541886228
332.07308970099666,0.21054865594887054
332.09302325581393,0.21244238650865518
332.11295681063126,0.21414624668033497
332.13289036544853,0.2156581020754545
332.1528239202658,0.21697607112845252
332.1727574750831,0.21809852244140848
332.19269102990035,0.2190240725922586
332.2126245847177,0.21975158433439299
332.2325581395349,0.22028016512951132
332.25249169435216,0.22060916596723812
332.27242524916943,0.22073818043577786
332.2923588039867,0.22066704401708018
332.31229235880403,0.22039583358887516
332.3322259136213,0.21992486712409692
332.3521594684386,0.21925470358603932
332.37209302325584,0.21838614302573597
332.3920265780731,0.2173202268958686
332.4119601328904,0.2160582386044882
332.43189368770766,0.21460170434073533
332.4518272425249,0.21295239421529422
332.4717607973422,0.2111123237699408
332.49169435215947,0.20908375592380535
332.51162790697674,0.2068692034398495
332.53156146179407,0.2044714320132131
332.55149501661134,0.20189346410536171
332.5714285714286,0.19913858367428128
332.5913621262458,0.19621034198294832
332.6112956810631,0.1931125647074542
332.6312292358804,0.1898493606138937
332.6511627906977,0.18642513213205042
332.67109634551497,0.18284458822682606
332.69102990033224,0.17911276005895901
332.7109634551495,0.17523502003975594
332.73089700996684,0.17121710502624837
332.75083056478405,0.16706514458163607
332.7707641196013,0.16278569545064392
332.7906976744186,0.15838578368410156
332.81063122923587,0.15387295620785107
332.8305647840532,0.14925534408868338
332.85049833887047,0.14454174033117295
332.87043189368774,0.1397416957748698
332.890365448505,0.13486563758934075
332.9102990033223,0.12992501602537868
332.93023255813955,0.12493248651298983
332.9501661129568,0.11990213592426563
332.9700996677741,0.11484976382298488
332.99003322259136,0.1097932316892729
333.00996677740864,0.10475289512812481
333.02990033222596,0.0997521352628144
333.04983388704323,0.09481800451255028
333.0697674418605,0.08998199620907275
333.0897009966778,0.08528093255677664
333.109634551495,0.08075793404362361
333.1295681063123,0.07646337507024831
333.1495016611296,0.072455632990649
333.16943521594686,0.06880129366390639
333.18936877076413,0.0655743012072409
333.2093023255814,0.06285340182093724
333.22923588039873,0.06071728492589231
333.249169435216,0.05923728424534832
333.2691029900332,0.058468479493950086
333.2890365448505,0.05844125309180314
333.30897009966776,0.05915601081283511
333.3289036544851,0.060583069605652067
333.34883720930236,0.06266776106352819
333.36877076411963,0.06533881111702738
333.3887043189369,0.0685172833222038
333.4086378737542,0.0721239817065057
333.42857142857144,0.07608441977975701
333.4485049833887,0.08033146231566203
333.468438538206,0.08480622877053906
333.48837209302326,0.08945791355587844
333.50830564784053,0.09424304440881123
333.5282392026578,0.09912452372950877
333.54817275747513,0.10407065125426487
333.5681063122924,0.10905422663230196
333.58803986710967,0.11405177055434051
333.60797342192694,0.11904287071205252
333.62790697674416,0.1240096433798425
333.6478405315615,0.1289362953980672
333.66777408637876,0.13380877022020898
333.687707641196,0.13861446284422366
333.7076411960133,0.1433419904725288
333.72757475083057,0.14798100793108934
333.7475083056479,0.1525220589060081
333.76744186046517,0.15695645580661202
333.78737541528244,0.16127618251690684
333.80730897009965,0.16547381547480136
333.8272425249169,0.16954245946033686
333.84717607973425,0.1734756952205393
333.8671096345515,0.17726753664805675
333.8870431893688,0.18091239569519793
333.90697674418607,0.18440505357065642
333.92691029900334,0.18774063705500987
333.9468438538206,0.1909145989989613
333.9667774086379,0.19392270224912275
333.98671096345515,0.1967610063896332
334.0066445182724,0.19942585680270375
334.0265780730897,0.20191387564282093
334.04651162790697,0.2042219543931341
334.0664451827243,0.2063472477323006
334.08637873754157,0.20828716848833667
334.10631229235884,0.21003938349549714
334.1262458471761,0.21160181020266355
334.1461794019933,0.21297261390844052
334.16611295681065,0.2141502055202906
334.1860465116279,0.21513323975386064
334.2059800664452,0.21592061370427712
334.22591362126246,0.2165114657347954
334.24584717607974,0.21690517463994838
334.26578073089706,0.21710135905067557
334.28571428571433,0.21709987705832168
334.3056478405316,0.21690082604302668
334.3255813953488,0.21650454270017339
334.3455149501661,0.21591160326661393
334.3654485049834,0.21512282395623436
334.3853820598007,0.21413926162284508
334.40531561461796,0.21296221467689516
334.42524916943523,0.2115932242922389
334.4451827242525,0.21003407594954074
334.46511627906983,0.20828680137502978
334.48504983388705,0.20635368094690845
334.5049833887043,0.2042372466579017
334.5249169435216,0.20194028574118267
334.54485049833886,0.19946584508957446
334.5647840531562,0.1968172366246076
334.58471760797346,0.19399804380472543
334.60465116279073,0.191012129501115
334.624584717608,0.18786364551788423
334.6445182724253,0.18455704409185916
334.66445182724254,0.1810970917798468
334.6843853820598,0.17748888623028175
334.7043189368771,0.17373787644686636
334.72425249169436,0.1698498872890174
334.74418604651163,0.1658311491250254
334.76411960132896,0.16168833376706662
334.78405315614623,0.15742859808397258
334.8039867109635,0.15305963702047745
334.82392026578077,0.14858974816776704
334.843853820598,0.1440279105476408
334.8637873754153,0.13938388091373055
334.8837209302326,0.13466831165956591
334.90365448504986,0.12989289537429588
334.9235880398671,0.12507054220899375
334.9435215946844,0.12021559748967962
334.96345514950167,0.11534410835826442
334.983388704319,0.11047414944964913
335.0033222591362,0.10562621832732791
335.0232558139535,0.1008237108484324
335.04318936877075,0.09609348345968709
335.063122923588,0.0914665013393359
335.08305647840535,0.08697855462921877
335.1029900332226,0.08267099439279087
335.1229235880399,0.07859138867467999
335.14285714285717,0.07479392122196918
335.16279069767444,0.0713392521013362
335.1827242524917,0.0682934509813246
335.202657807309,0.06572555738396887
335.22259136212625,0.06370342115566784
335.2425249169435,0.062287849488382764
335.2624584717608,0.06152576132817803
335.2823920265781,0.061443811473887694
335.3023255813954,0.06204431728567619
335.32225913621266,0.06330485902405512
335.34219269102994,0.065181698509011
335.36212624584715,0.06761584770988059
335.3820598006645,0.07053997144040641
335.40199335548175,0.07388453442207887
335.421926910299,0.07758232998902569
335.4418604651163,0.08157124877788118
335.46179401993356,0.0857955848737876
335.48172757475083,0.09020632321248653
335.50166112956816,0.0947608172267337
335.52159468438543,0.09942216126161772
335.54152823920265,0.10415845490918355
335.5614617940199,0.1089420726178194
335.5813953488372,0.11374899546584301
335.6013289036545,0.11855822765795983
335.6212624584718,0.12335130125502067
335.64119601328906,0.1281118631630666
335.66112956810633,0.1328253344751512
335.6810631229236,0.1374786313279226
335.7009966777409,0.14205993698562985
335.72093023255815,0.14655851604331732
335.7408637873754,0.1509645629956789
335.7607973421927,0.1552690787250914
335.78073089700996,0.15946376962661812
335.8006644518273,0.16354096507981922
335.82059800664456,0.16749354980060258
335.84053156146183,0.1713149082790551
335.8604651162791,0.17499887905283468
335.8803986710963,0.17853971700287508
335.90033222591364,0.1819320622082957
335.9202657807309,0.1851709141776353
335.9401993355482,0.1882516104976342
335.96013289036546,0.19116980912053666
335.98006644518273,0.19392147365487203
336.00000000000006,0.1965028611407396
336.0199335548173,0.19891051188416295
336.0398671096346,0.20114124100081515
336.0598006644518,0.20319213138092398
336.0797342192691,0.20506052783748258
336.0996677740864,0.20674403224090374
336.1196013289037,0.20824049947723935
336.13953488372096,0.20954803409505376
336.1594684385382,0.21066498752951734
336.1794019933555,0.2115899558118809
336.1993355481728,0.2123217776890662
336.21926910299004,0.212859533092486
336.2392026578073,0.2132025419074078
336.2591362126246,0.21335036300519664
336.27906976744185,0.21330279351038936
336.2990033222592,0.21305986828364307
336.31893687707645,0.21262185960986477
336.3388704318937,0.21198927708910978
336.358803986711,0.21116286773571197
336.37873754152827,0.21014361629961814
336.39867109634554,0.2089327458323473
336.4186046511628,0.20753171852964722
336.4385382059801,0.20594223689314983
336.45847176079735,0.20416624526529534
336.4784053156146,0.20220593180517688
336.4983388704319,0.20006373098893548
336.5182724252492,0.19774232673689593
336.5382059800665,0.19524465629198742
336.55813953488376,0.19257391500075166
336.578073089701,0.18973356218084328
336.59800664451825,0.1867273282984198
336.6179401993356,0.1835592237276004
336.63787375415285,0.180233549424092
336.6578073089701,0.1767549099194
336.6777408637874,0.17312822913465278
336.69767441860466,0.16935876962868543
336.717607973422,0.16545215604024804
336.73754152823926,0.16141440366707696
336.7574750830565,0.15725195335557546
336.77740863787375,0.15297171416767757
336.797342192691,0.14858111566296844
336.81727574750835,0.14408817210670263
336.8372093023256,0.13950156151431328
336.8571428571429,0.13483072320441936
336.87707641196016,0.1300859784929276
336.89700996677743,0.1252786803636566
336.9169435215947,0.12042139943434314
336.936877076412,0.11552815532327006
336.95681063122925,0.11061470458538045
336.9767441860465,0.10569889859617844
336.9966777408638,0.10080112676904276
337.01661129568106,0.0959448615347825
337.0365448504984,0.09115732007311306
337.05647840531566,0.0864702510427289
337.07641196013293,0.08192083759702022
337.09634551495014,0.07755267290198188
337.1162790697674,0.07341669997375416
337.13621262458474,0.06957190143481157
337.156146179402,0.06608537134952548
337.1760797342193,0.06303122270404146
337.19601328903656,0.06048766395998496
337.2159468438538,0.05853168944746343
337.23588039867116,0.05723138995579727
337.2558139534884,0.05663696556074563
337.27574750830564,0.05677271771522852
337.2956810631229,0.05763273313946568
337.3156146179402,0.05918194538925268
337.3355481727575,0.06136214747225525
337.3554817275748,0.0641007011123653
337.37541528239205,0.06731924460816938
337.3953488372093,0.07094054006343983
337.4152823920266,0.07489283490874098
337.43521594684387,0.07911200923824546
337.45514950166114,0.08354214881232128
337.4750830564784,0.08813518114043614
337.4950166112957,0.09285005418219072
337.51495016611295,0.09765176230855298
337.5348837209303,0.10251038804202527
337.55481727574755,0.107400239002366
337.5747508305648,0.1122991076902802
337.5946843853821,0.1171876546916515
337.6146179401993,0.12204890355985312
337.63455149501664,0.12686783135939603
337.6544850498339,0.13163103861363026
337.6744186046512,0.13632648394509456
337.69435215946845,0.14094327084946895
337.7142857142857,0.14547147622946022
337.73421926910305,0.1499020122852732
337.7541528239203,0.154226515032317
337.7740863787376,0.15843725409191003
337.7940199335548,0.162527059508296
337.8139534883721,0.16648926222667296
337.8338870431894,0.1703176455637026
337.8538205980067,0.1740064055506314
337.87375415282395,0.17755011846104782
337.8936877076412,0.1809437141748637
337.9136212624585,0.1841824542981858
337.93355481727576,0.18726191417002455
337.95348837209303,0.19017796805465004
337.9734219269103,0.19292677695145768
337.9933554817276,0.19550477856073856
338.01328903654485,0.19790867902874187
338.0332225913621,0.2001354461640577
338.05315614617945,0.2021823038727591
338.0730897009967,0.2040467276046876
338.093023255814,0.20572644064006082
338.11295681063126,0.20721941107574052
338.1328903654485,0.208523849395476
338.1528239202658,0.20963820652932919
338.1727574750831,0.210561172324818
338.19269102990035,0.21129167436734908
338.2126245847176,0.21182887710019202
338.2325581395349,0.21217218120556786
338.2524916943522,0.21232122321822755
338.2724252491695,0.21227587535205406
338.29235880398676,0.2120362455286531
338.312292358804,0.21160267760497023
338.33222591362124,0.21097575180490102
338.3521594684386,0.21015628536802547
338.37209302325584,0.20914533343696332
338.3920265780731,0.20794419021398042
338.4119601328904,0.2065543904273796
338.43189368770766,0.20497771115939228
338.4518272425249,0.2032161741000514
338.47176079734226,0.20127204830625284
338.49169435215947,0.1991478535625907
338.51162790697674,0.19684636446094664
338.531561461794,0.19437061534041902
338.5514950166113,0.19172390625856298
338.5714285714286,0.1889098102005869
338.5913621262459,0.18593218177649765
338.61129568106315,0.1827951677093559
338.6312292358804,0.17950321948277984
338.65116279069764,0.17606110859639393
338.67109634551497,0.1724739449771473
338.69102990033224,0.16874719921804446
338.7109634551495,0.1648867294695046
338.7308970099668,0.16089881400035583
338.75083056478405,0.1567901906854725
338.7707641196014,0.15256810497717027
338.79069767441865,0.1482403682932292
338.8106312292359,0.14381542922358484
338.83056478405314,0.13930246054196196
338.8504983388704,0.1347114657307749
338.87043189368774,0.13005340961063153
338.890365448505,0.12534037872568776
338.9102990033223,0.12058577837202922
338.93023255813955,0.11580457452602412
338.9501661129568,0.11101359031103677
338.97009966777415,0.10623186775852661
338.9900332225914,0.10148110592205335
339.00996677740864,0.09678618486285143
339.0299003322259,0.09217577983550646
339.0498338870432,0.08768305815946928
339.0697674418605,0.08334642813388447
339.0897009966778,0.079210268549329
339.10963455149505,0.07532550176466392
339.1295681063123,0.07174977909123487
339.1495016611296,0.06854693319068014
339.16943521594686,0.06578525622300187
339.18936877076413,0.06353416868453317
339.2093023255814,0.06185907670325418
339.2292358803987,0.060814769327097146
339.24916943521595,0.06043849744603432
339.2691029900333,0.06074452001800993
339.28903654485055,0.06172186294061636
339.3089700996678,0.06333608267867193
339.3289036544851,0.06553440550210511
339.3488372093023,0.06825256664193444
339.36877076411963,0.071421523532196
339.3887043189369,0.07497280588076893
339.4086378737542,0.07884206330464377
339.42857142857144,0.0829709628955629
339.4485049833887,0.08730785743974336
339.468438538206,0.09180767171273722
339.4883720930233,0.09643136539877827
339.5083056478406,0.10114521676798692
339.5282392026578,0.10592007392455652
339.5481727574751,0.11073065155940497
339.56810631229234,0.11555490775617214
339.58803986710967,0.12037351052162144
339.60797342192694,0.12516939078604
339.6279069767442,0.1299273728046954
339.6478405315615,0.13463387101520727
339.66777408637876,0.13927664254180758
339.687707641196,0.1438445855840533
339.7076411960133,0.14832757528833948
339.72757475083057,0.15271633007461052
339.74750830564784,0.15700230264145698
339.7674418604651,0.1611775909511508
339.78737541528244,0.1652348653971403
339.8073089700997,0.1691673090949879
339.827242524917,0.1729685688356641
339.84717607973425,0.17663271472100284
339.86710963455147,0.1801542068861462
339.8870431893688,0.18352786802159662
339.90697674418607,0.18674886065348423
339.92691029900334,0.1898126683373455
339.9468438538206,0.19271508007826196
339.9667774086379,0.19545217741672408
339.98671096345515,0.19802032372151465
340.0066445182725,0.2004161553131266
340.02657807308975,0.2026365741079449
340.04651162790697,0.2046787415277024
340.06644518272424,0.20654007346309555
340.0863787375415,0.20821823611690982
340.10631229235884,0.20971114258194704
340.1262458471761,0.21101695003417975
340.1461794019934,0.21213405744231492
340.16611295681065,0.213061103712685
340.1860465116279,0.2137969662031416
340.20598006644525,0.2143407595527683
340.22591362126246,0.21469183478529258
340.24584717607974,0.2148497786541534
340.265780730897,0.21481441320614178
340.2857142857143,0.21458579554892057
340.3056478405316,0.21416421781568032
340.3255813953489,0.21355020732777458
340.34551495016615,0.21274452696414986
340.3654485049834,0.21174817575415636
340.38538205980063,0.2105623897189606
340.40531561461796,0.20918864299594941
340.42524916943523,0.20762864929075858
340.4451827242525,0.20588436371313473
340.4651162790698,0.20395798506627033
340.48504983388705,0.20185195867462444
340.5049833887044,0.199568979853724
340.52491694352165,0.19711199814710645
340.5448504983389,0.1944842224816551
340.56478405315613,0.19168912742408725
340.5847176079734,0.18873046075945585
340.60465116279073,0.1856122526591238
340.624584717608,0.18233882676262944
340.6445182724253,0.17891481356803926
340.66445182724254,0.17534516661196725
340.6843853820598,0.17163518202778458
340.70431893687714,0.1677905222039578
340.7242524916944,0.1638172444308077
340.74418604651163,0.15972183563160708
340.7641196013289,0.15551125453391368
340.7840531561462,0.15119298296230677
340.8039867109635,0.14677508834051697
340.82392026578077,0.14226629999885854
340.84385382059804,0.13767610251356932
340.8637873754153,0.13301485008187441
340.8837209302326,0.1282939068811601
340.90365448504986,0.12352581948440666
340.9235880398671,0.11872452869343433
340.9435215946844,0.11390562954086095
340.96345514950167,0.10908668953169084
340.98338870431894,0.10428763608519344
341.0033222591362,0.0995312238954203
341.02325581395354,0.09484359027578255
341.0431893687708,0.09025489928464347
341.0631229235881,0.08580005997290217
341.0830564784053,0.0815194751311626
341.10299003322257,0.07745972754732416
341.1229235880399,0.07367403443051648
341.14285714285717,0.07022219677026721
341.16279069767444,0.06716965661367186
341.1827242524917,0.06458520554172566
341.202657807309,0.06253696488692477
341.2225913621263,0.061086608785699215
341.2425249169436,0.06028247126486657
341.2624584717608,0.060152974446899266
341.28239202657807,0.06070225553676803
341.30232558139534,0.06190947053446158
341.32225913621266,0.06373202758803828
341.34219269102994,0.06611162513556182
341.3621262458472,0.06898124460790979
341.3820598006645,0.07227143640721262
341.40199335548175,0.075914976119256
341.421926910299,0.07984972110784791
341.4418604651163,0.08401996343817653
341.46179401993356,0.08837673387688479
341.48172757475083,0.09287747860560397
341.5016611295681,0.09748542277683099
341.5215946843854,0.10216882388028399
341.5415282392027,0.10690023118020615
341.56146179402,0.11165580922074561
341.58139534883725,0.11641474812372933
341.60132890365446,0.12115876394330609
341.62126245847173,0.12587168273059868
341.64119601328906,0.1305390980358561
341.66112956810633,0.13514809070156836
341.6810631229236,0.13968700041893226
341.7009966777409,0.1441452397614486
341.72093023255815,0.14851314281439482
341.7408637873755,0.1527818418645694
341.76079734219275,0.15694316680729534
341.78073089700996,0.16098956294003894
341.80066445182723,0.16491402364960306
341.8205980066445,0.16871003518245994
341.84053156146183,0.17237153123803572
341.8604651162791,0.17589285556659684
341.8803986710964,0.17926873110630606
341.90033222591364,0.18249423447627705
341.9202657807309,0.18556477486771225
341.94019933554824,0.1884760765556264
341.96013289036546,0.1912241643980891
341.98006644518273,0.19380535180620556
342.0,0.19621623076146866
342.01993355481727,0.19845366353304728
342.0398671096346,0.20051477580890972
342.05980066445187,0.20239695100482782
342.07973421926914,0.20409782555637299
342.0996677740864,0.20561528503279206
342.1196013289036,0.20694746093962185
342.13953488372096,0.20809272810019033
342.1594684385382,0.20904970252582503
342.1794019933555,0.20981723970105942
342.19933554817277,0.21039443322448192
342.21926910299004,0.21078061375815194
342.23920265780737,0.2109753482494452
342.25913621262464,0.21097843939901129
342.2790697674419,0.2107899253574602
342.2990033222591,0.21041007964205422
342.3189368770764,0.20983941127276529
342.3388704318937,0.20907866513530107
342.358803986711,0.20812882258722928
342.37873754152827,0.2069911023320833
342.39867109634554,0.20566696159601972
342.4186046511628,0.20415809765224419
342.4385382059801,0.20246644975036948
342.4584717607974,0.20059420152178323
342.4784053156146,0.19854378394795164
342.4983388704319,0.19631787899757266
342.51827242524917,0.19391942406084622
342.53820598006644,0.19135161733584086
342.55813953488376,0.18861792435435715
342.57807308970104,0.18572208587362335
342.5980066445183,0.18266812740799013
342.6179401993356,0.17946037073295906
342.6378737541528,0.17610344776564157
342.6578073089701,0.17260231731397685
342.6777408637874,0.16896228529652252
342.69767441860466,0.16518902917014847
342.71760797342193,0.16128862747189654
342.7375415282392,0.15726759559143627
342.75747508305653,0.15313292915293258
342.7774086378738,0.14889215671241168
342.7973421926911,0.14455340388431956
342.8172757475083,0.14012547151709212
342.83720930232556,0.1356179311621116
342.8571428571429,0.1310412418434933
342.87707641196016,0.12640689305324604
342.89700996677743,0.1217275799700561
342.9169435215947,0.11701741810299893
342.936877076412,0.11229220580558275
342.95681063122925,0.10756974418820742
342.9767441860466,0.10287022446780339
342.9966777408638,0.09821669196225165
343.01661129568106,0.09363559240157548
343.03654485049833,0.0891573977011814
343.0564784053156,0.08481729123532718
343.07641196013293,0.08065586182855491
343.0963455149502,0.07671970492964322
343.1162790697675,0.07306175378128842
343.13621262458474,0.06974106534596684
343.15614617940196,0.06682168722117256
343.1760797342193,0.06437018996682004
343.19601328903656,0.06245156285724923
343.2159468438538,0.06112354602487342
343.2358803986711,0.060430117798913024
343.25581395348837,0.0603955520451325
343.2757475083057,0.06102075638990603
343.29568106312297,0.062283114405699176
343.31561461794024,0.0641398883985605
343.33554817275746,0.06653403938862107
343.3554817275747,0.06940076088914715
343.37541528239205,0.0726732623525918
343.3953488372093,0.07628701990260867
343.4152823920266,0.08018237546356888
343.43521594684387,0.08430576616990174
343.45514950166114,0.08860999838859154
343.47508305647847,0.093053947709298
343.49501661129574,0.09760196952596761
343.51495016611295,0.10222320528800735
343.5348837209302,0.10689089150875608
343.5548172757475,0.11158172579118923
343.5747508305648,0.11627531180907456
343.5946843853821,0.1209536871068511
343.61461794019937,0.1256009284808287
343.63455149501664,0.1302028258524817
343.6544850498339,0.13474661455426404
343.67441860465124,0.13922075638942932
343.69435215946845,0.1436147608883548
343.7142857142857,0.1479190394308338
343.734219269103,0.1521247861198572
343.75415282392026,0.1562238803830946
343.7740863787376,0.16020880721195277
343.79401993355486,0.16407259172625888
343.81395348837214,0.16780874539012416
343.8338870431894,0.17141122172150916
343.8538205980066,0.17487437975413753
343.87375415282395,0.1781929538450003
343.8936877076412,0.18136202868856435
343.9136212624585,0.18437701861349415
343.93355481727576,0.1872336504101957
343.95348837209303,0.18992794907588686
343.9734219269103,0.1924562259755483
343.99335548172763,0.19481506900717108
344.0132890365449,0.19700133443290913
344.0332225913621,0.1990121400969733
344.0531561461794,0.20084485979998545
344.07308970099666,0.20249711863890854
344.093023255814,0.20396678915492192
344.11295681063126,0.20525198815860776
344.13289036544853,0.20635107412460527
344.1528239202658,0.2072626450671056
344.1727574750831,0.20798553682366203
344.1926910299004,0.20851882168890473
344.2126245847176,0.2088618073517588
344.2325581395349,0.20901403610054373
344.25249169435216,0.20897528427006054
344.27242524916943,0.2087455619135675
344.29235880398676,0.20832511269116286
344.31229235880403,0.20771441397413562
344.3322259136213,0.20691417717313978
344.3521594684386,0.2059253483064645
344.3720930232558,0.2047491088337238
344.3920265780731,0.20338687678988468
344.4119601328904,0.2018403082655496
344.43189368770766,0.2001112992915701
344.4518272425249,0.19820198820026333
344.4717607973422,0.19611475855206437
344.49169435215947,0.19385224273603194
344.5116279069768,0.19141732637578301
344.53156146179407,0.1888131537006788
344.5514950166113,0.18604313407598355
344.57142857142856,0.18311094992703042
344.5913621262458,0.18002056634323876
344.61129568106315,0.1767762427101932
344.6312292358804,0.17338254679514264
344.6511627906977,0.1698443718070973
344.67109634551497,0.16616695707206938
344.69102990033224,0.1623559131133719
344.71096345514957,0.15841725211404678
344.7308970099668,0.15435742497408636
344.75083056478405,0.15018336647167196
344.7707641196013,0.14590255041189465
344.7906976744186,0.14152305711807847
344.8106312292359,0.13705365621448917
344.8305647840532,0.1325039083935118
344.85049833887047,0.12788429078565988
344.87043189368774,0.12320635168751486
344.89036544850495,0.11848290176907195
344.9102990033223,0.113728250468312
344.93023255813955,0.10895849801113336
344.9501661129568,0.10419189516142048
344.9700996677741,0.09944928394895722
344.99003322259136,0.09475463232652469
345.0099667774087,0.09013567226776936
345.02990033222596,0.08562464125078463
345.04983388704323,0.08125910649368866
345.06976744186045,0.07708281243581772
345.0897009966777,0.07314642554935556
345.10963455149505,0.06950794868707474
345.1295681063123,0.06623244265346818
345.1495016611296,0.06339055820806304
345.16943521594686,0.06105533533159409
345.18936877076413,0.059296919381733454
345.20930232558146,0.05817542449466849
345.22923588039873,0.05773310847643684
345.24916943521595,0.05798789552098345
345.2691029900332,0.058930397355064446
345.2890365448505,0.060525541816544924
345.3089700996678,0.06271818953109658
345.3289036544851,0.06544078208800302
345.34883720930236,0.06862084322461441
345.36877076411963,0.07218687349501028
345.3887043189369,0.07607215539883475
345.4086378737542,0.08021668919964976
345.42857142857144,0.08456777626705839
345.4485049833887,0.08907977416817993
345.468438538206,0.09371342777659092
345.48837209302326,0.09843504118404073
345.50830564784053,0.10321564270601362
345.52823920265786,0.1080302190488475
345.54817275747513,0.11285704869902183
345.5681063122924,0.11767713944837609
345.5880398671096,0.12247376271907759
345.6079734219269,0.12723207244871393
345.6279069767442,0.13193879526352606
345.6478405315615,0.1365819794842375
345.66777408637876,0.14115079206577522
345.687707641196,0.14563535429961438
345.7076411960133,0.15002660873870063
345.7275747508306,0.15431621123138958
345.7475083056479,0.1584964431491089
345.7674418604651,0.16256013987315504
345.7873754152824,0.16650063239758986
345.80730897009965,0.17031169953800152
345.827242524917,0.17398752873928508
345.84717607973425,0.17752268387509706
345.8671096345515,0.18091207874828316
345.8870431893688,0.1841509552530886
345.90697674418607,0.18723486535960518
345.92691029900334,0.19015965624015774
345.9468438538206,0.1929214579843785
345.9667774086379,0.19551667345179483
345.98671096345515,0.19794196989244614
346.0066445182724,0.20019427203256604
346.0265780730897,0.2022707563757606
346.046511627907,0.2041688465140456
346.0664451827243,0.20588620927873702
346.08637873754157,0.20742075159072526
346.1063122923588,0.20877061789404217
346.12624584717605,0.2099341880769705
346.1461794019934,0.21091007580194615
346.16611295681065,0.2116971271801329
346.1860465116279,0.21229441973883145
346.2059800664452,0.2127012616408257
346.22591362126246,0.21291719112423396
346.2458471760798,0.2129419761400682
346.26578073089706,0.2127756141725589
346.2857142857143,0.2124183322349512
346.30564784053155,0.21187058704047917
346.3255813953488,0.21113306535566548
346.34551495016615,0.21020668455040972
346.3654485049834,0.20909259336723607
346.3853820598007,0.20779217294051433
346.40531561461796,0.20630703810583664
346.42524916943523,0.20463903905041533
346.44518272425256,0.20279026336739286
346.4651162790698,0.20076303859119057
346.48504983388705,0.19855993530749744
346.5049833887043,0.1961837709513562
346.5249169435216,0.193637614430146
346.5448504983389,0.19092479173692192
346.5647840531562,0.18804889275363426
346.58471760797346,0.18501377948600148
346.60465116279073,0.1818235960227057
346.62458471760795,0.17848278057493744
346.6445182724253,0.17499608002986183
346.66445182724254,0.17136856754809043
346.6843853820598,0.16760566385494055
346.7043189368771,0.1637131630246128
346.72425249169436,0.15969726374305715
346.7441860465117,0.1555646072690296
346.76411960132896,0.1513223236058316
346.78405315614623,0.1469780877639135
346.80398671096344,0.14254018845477984
346.8239202657807,0.13801761213175195
346.84385382059804,0.13342014600692303
346.8637873754153,0.12875850455113208
346.8837209302326,0.12404448504506971
346.90365448504986,0.11929115899927303
346.9235880398671,0.11451310766842836
346.9435215946844,0.10972671134513243
346.9634551495017,0.10495050338270642
346.98338870431894,0.10020560045545991
347.0033222591362,0.095516219449671
347.0232558139535,0.09091028685679052
347.04318936877075,0.08642013568576862
347.0631229235881,0.08208326312069847
347.08305647840535,0.07794308289748958
347.1029900332226,0.07404954203138502
347.1229235880399,0.07045937699288435
347.14285714285717,0.06723566631641903
347.16279069767444,0.06444623005367305
347.1827242524917,0.062160414529357694
347.202657807309,0.06044401336963423
347.22259136212625,0.05935262292160165
347.2425249169435,0.058924547772883605
347.26245847176085,0.059175080097031756
347.2823920265781,0.060093999818473624
347.3023255813954,0.061647196359895164
347.3222591362126,0.06378182656474127
347.3421926910299,0.06643329122861184
347.3621262458472,0.0695321204328264
347.3820598006645,0.07300946212594067
347.40199335548175,0.07680070777736929
347.421926910299,0.08084741364969901
347.4418604651163,0.08509795803008817
347.46179401993356,0.08950740067515799
347.4817275747509,0.09403691564683199
347.5016611295681,0.09865304817348101
347.5215946843854,0.10332694468339974
347.54152823920265,0.1080336340297401
347.5614617940199,0.11275139358851174
347.58139534883725,0.11746120879400715
347.6013289036545,0.12214632183554751
347.6212624584718,0.1267918596208272
347.64119601328906,0.13138452944034965
347.66112956810633,0.13591237107935858
347.6810631229236,0.14036455530650546
347.7009966777409,0.14473122012950046
347.72093023255815,0.14900333765330967
347.7408637873754,0.1531726056761369
347.7607973421927,0.15723135927034226
347.78073089701,0.16117249851852844
347.8006644518273,0.16498942932813193
347.82059800664456,0.16867601485506764
347.8405315614618,0.1722265355538474
347.86046511627904,0.17563565626012878
347.8803986710964,0.17889839902158647
347.90033222591364,0.18201012064000804
347.9202657807309,0.1849664940846509
347.9401993355482,0.18776349309465518
347.96013289036546,0.1903973794146273
347.9800664451828,0.19286469220915228
348.00000000000006,0.1951622392839334
348.01993355481727,0.19728708980767629
348.03986710963454,0.19923656828280292
348.0598006644518,0.20100824955701097
348.07973421926914,0.20259995470412256
348.0996677740864,0.20400974763225238
348.1196013289037,0.2052359323022193
348.13953488372096,0.20627705045996816
348.1594684385382,0.20713187980396913
348.17940199335555,0.20779943252382457
348.19933554817277,0.20827895415889439
348.21926910299004,0.20856992273711625
348.2392026578073,0.20867204816429083
348.2591362126246,0.2085852718430785
348.2790697674419,0.20830976650963665
348.2990033222592,0.2078459362837293
348.31893687707645,0.20719441693638732
348.3388704318937,0.20635607638705686
348.35880398671094,0.20533201545076848
348.37873754152827,0.20412356886471156
348.39867109634554,0.20273230663365208
348.4186046511628,0.20116003574436211
348.4385382059801,0.1994088023121499
348.45847176079735,0.19748089423663256
348.4784053156146,0.19537884446118384
348.49833887043195,0.1931054349502531
348.5182724252492,0.19066370152264442
348.53820598006644,0.18805693970736637
348.5581395348837,0.18528871182316942
348.578073089701,0.18236285552469342
348.5980066445183,0.17928349410910485
348.6179401993356,0.17605504893962753
348.63787375415285,0.1726822544189444
348.6578073089701,0.16917017604022694
348.6777408637874,0.16552423216040615
348.6976744186047,0.1617502202853667
348.71760797342193,0.15785434883702856
348.7375415282392,0.15384327559622754
348.7574750830565,0.1497241542940268
348.77740863787375,0.1455046911707714
348.7973421926911,0.1411932137513409
348.81727574750835,0.1367987546149277
348.8372093023256,0.13233115358523878
348.8571428571429,0.1278011825485167
348.87707641196016,0.12322069802862931
348.89700996677743,0.11860282769865389
348.9169435215947,0.1139621981313141
348.936877076412,0.1093152121523025
348.95681063122925,0.10468038488088224
348.9767441860465,0.10007874738582133
348.9966777408638,0.09553432489166234
349.0166112956811,0.09107469100304463
349.0365448504984,0.08673158783938492
349.0564784053156,0.08254158036393361
349.0764119601329,0.07854667637140314
349.09634551495014,0.07479478623462238
349.1162790697675,0.07133981665547909
349.13621262458474,0.06824109957556324
349.156146179402,0.06556178422129745
349.1760797342193,0.06336583605386946
349.19601328903656,0.061713488895392306
349.2159468438539,0.060655455605137125
349.2358803986711,0.060226847783075806
349.25581395348837,0.06044228756969827
349.27574750830564,0.061293692997139604
349.2956810631229,0.0627514833761841
349.31561461794024,0.0647687954538869
349.3355481727575,0.0672873791288676
349.3554817275748,0.07024361482077453
349.37541528239205,0.07357350636426202
349.3953488372093,0.07721615671803962
349.4152823920266,0.08111576801376987
349.43521594684387,0.0852224855311106
349.45514950166114,0.08949246739190253
349.4750830564784,0.09388750649083197
349.4950166112957,0.09837443889545902
349.514950166113,0.10292448700565815
349.5348837209303,0.10751262124619693
349.55481727574755,0.11211698137851428
349.57475083056477,0.11671837280569929
349.59468438538204,0.12129983906643162
349.61461794019937,0.12584630471382718
349.63455149501664,0.1303442799410233
349.6544850498339,0.13478161773519037
349.6744186046512,0.13914731487693774
349.69435215946845,0.1434313491071406
349.7142857142858,0.1476245459147464
349.73421926910305,0.15171846948594842
349.75415282392026,0.15570533332409398
349.77408637873754,0.15957792687744624
349.7940199335548,0.16332955520229772
349.81395348837214,0.16695398925474894
349.8338870431894,0.17044542486461822
349.8538205980067,0.17379844881617323
349.87375415282395,0.17700801075952394
349.8936877076412,0.18006939991667079
349.9136212624585,0.18297822573952863
349.93355481727576,0.1857304018325366
349.95348837209303,0.18832213257784763
349.9734219269103,0.1907499020022744
349.9933554817276,0.19301046450697967
350.01328903654485,0.19510083714786894
350.0332225913622,0.19701829320861713
350.05315614617945,0.19876035685308802
350.0730897009967,0.20032479868028677
350.09302325581393,0.20170963203543238
350.1129568106312,0.20291310995585513
350.13289036544853,0.20393372265150403
350.1528239202658,0.20477019543764693
350.1727574750831,0.2054214870525665
350.19269102990035,0.20588678830605225
350.2126245847176,0.2061655210159596
350.23255813953494,0.2062573372002578
350.2524916943522,0.2061621185010069
350.27242524916943,0.20587997582567555
350.2923588039867,0.20541124919860967
350.312292358804,0.2047565078241413
350.3322259136213,0.20391655037009104
350.3521594684386,0.2028924054892923
350.37209302325584,0.20168533260497587
350.3920265780731,0.20029682299579588
350.4119601328904,0.1987286012268064
350.43189368770766,0.19698262698473387
350.4518272425249,0.19506109738998462
350.4717607973422,0.1929664498740292
350.49169435215947,0.1907013657301875
350.51162790697674,0.18826877446881363
350.531561461794,0.18567185913556092
350.55149501661134,0.1829140627847475
350.5714285714286,0.17999909634093242
350.5913621262459,0.17693094813116653
350.61129568106315,0.17371389543210936
350.63122923588037,0.1703525184515493
350.6511627906977,0.16685171725770034
350.67109634551497,0.1632167322862721
350.69102990033224,0.15945316920065866
350.7109634551495,0.15556702906264744
350.7308970099668,0.15156474499911152
350.7508305647841,0.14745322683676518
350.7707641196014,0.14323991553667473
350.7906976744186,0.13893284971216854
350.81063122923587,0.13454074707914865
350.83056478405314,0.13007310439179004
350.85049833887047,0.12554032028577725
350.87043189368774,0.12095384650685767
350.890365448505,0.11632637425525236
350.9102990033223,0.11167206380136074
350.93023255813955,0.10700682703348799
350.9501661129569,0.1023486739551269
350.9700996677741,0.0977181348786445
350.99003322259136,0.09313876924110909
351.00996677740864,0.08863776792368884
351.0299003322259,0.08424664583327166
351.04983388704323,0.08000200074901685
351.0697674418605,0.07594627648078263
351.0897009966778,0.07212840531923657
351.10963455149505,0.06860411071527533
351.1295681063123,0.06543553126046231
351.1495016611296,0.0626897144696754
351.16943521594686,0.060435505436587766
351.18936877076413,0.05873855350296387
351.2093023255814,0.05765469906090544
351.2292358803987,0.057222831485168366
351.249169435216,0.05745905173126226
351.2691029900333,0.05835403466202924
351.28903654485055,0.05987454939370328
351.30897009966776,0.06196857996041577
351.32890365448503,0.06457231443272637
351.34883720930236,0.06761705830545771
351.36877076411963,0.071034740359357
351.3887043189369,0.07476153735224672
351.4086378737542,0.0787397815399975
351.42857142857144,0.0829186000931354
351.4485049833887,0.08725375901363037
351.46843853820604,0.09170708552693248
351.48837209302326,0.09624571981630947
351.50830564784053,0.10084134423110033
351.5282392026578,0.10546946664718364
351.5481727574751,0.11010879045820315
351.5681063122924,0.11474067885257888
351.58803986710967,0.11934870848534058
351.60797342192694,0.12391830227229522
351.6279069767442,0.1284364295328099
351.6478405315615,0.13289136213197122
351.66777408637876,0.137272476525277
351.687707641196,0.14157009311047336
351.7076411960133,0.1457753457571362
351.72757475083057,0.14988007569381645
351.74750830564784,0.15387674504622112
351.76744186046517,0.15775836624138975
351.78737541528244,0.16151844424197204
351.8073089700997,0.16515092917771818
351.8272425249169,0.16865017742292654
351.8471760797342,0.17201091955339473
351.8671096345515,0.17522823392169054
351.8870431893688,0.17829752483342562
351.90697674418607,0.18121450450111157
351.92691029900334,0.18397517810723812
351.9468438538206,0.18657583143242673
351.9667774086379,0.18901302060401745
351.9867109634552,0.19128356360103932
352.0066445182724,0.19338453321630397
352.0265780730897,0.19531325122926307
352.04651162790697,0.19706728358636408
352.06644518272424,0.1986444364208609
352.08637873754157,0.2000427527732405
352.10631229235884,0.20126050989749605
352.1262458471761,0.2022962170587681
352.1461794019934,0.20314861374464196
352.16611295681065,0.20381666822709738
352.1860465116279,0.20429957642431062
352.2059800664452,0.2045967610225204
352.22591362126246,0.2047078708277218
352.24584717607974,0.20463278032563084
352.265780730897,0.2043715894366031
352.28571428571433,0.20392462345976484
352.3056478405316,0.20329243320811308
352.3255813953489,0.20247579534410054
352.34551495016615,0.20147571293289726
352.36544850498336,0.2002934162390606
352.3853820598007,0.1989303638013732
352.40531561461796,0.1973882438309519
352.42524916943523,0.19566897598926608
352.4451827242525,0.19377471361626272
352.4651162790698,0.19170784649430012
352.4850498338871,0.18947100425252963
352.5049833887044,0.18706706053823607
352.5249169435216,0.1844991381086635
352.54485049833886,0.18177061502907083
352.56478405315613,0.17888513220228172
352.58471760797346,0.17584660250335038
352.60465116279073,0.17265922185235377
352.624584717608,0.16932748263193007
352.6445182724253,0.1658561899473665
352.66445182724254,0.16225048134068426
352.6843853820599,0.15851585071234434
352.7043189368771,0.15465817738201443
352.72425249169436,0.1506837614441157
352.74418604651163,0.14659936685530656
352.7641196013289,0.14241227404661713
352.78405315614623,0.1381303443005999
352.8039867109635,0.1337620986971792
352.82392026578077,0.12931681513765617
352.84385382059804,0.12480464783383503
352.8637873754153,0.12023677472697297
352.8837209302326,0.1156255795975179
352.90365448504986,0.11098487713269217
352.9235880398671,0.1063301908663643
352.9435215946844,0.10167909550207871
352.96345514950167,0.0970516362508148
352.98338870431894,0.0924708376112717
353.00332225913627,0.08796331091156834
353.02325581395354,0.08355996114531183
353.04318936877075,0.079296774620421
353.063122923588,0.07521563287806836
353.0830564784053,0.07136503648162469
353.1029900332226,0.06780052683048367
353.1229235880399,0.06458446684511768
353.14285714285717,0.06178471101712186
353.16279069767444,0.05947164212719739
353.1827242524917,0.05771321707725724
353.20265780730904,0.05656819399148453
353.22259136212625,0.056078592356214756
353.2425249169435,0.05626329797252917
353.2624584717608,0.0571149051392574
353.28239202657807,0.05860096587892312
353.3023255813954,0.060669174332952956
353.32225913621266,0.06325466996390897
353.34219269102994,0.06628734378761938
353.3621262458472,0.06969767300421816
353.3820598006645,0.07342055029995427
353.40199335548175,0.07739727982350601
353.421926910299,0.08157622618139103
353.4418604651163,0.08591262675249052
353.46179401993356,0.09036796781768662
353.48172757475083,0.09490919016127713
353.5016611295681,0.09950787875120731
353.52159468438543,0.10413951489870142
353.5415282392027,0.10878282284234606
353.56146179402,0.11341921705811765
353.5813953488372,0.1180323439385496
353.60132890365446,0.12260770628126086
353.6212624584718,0.12713235778613047
353.64119601328906,0.1315946554350605
353.66112956810633,0.13598405908869368
353.6810631229236,0.14029096929693402
353.7009966777409,0.14450659590579387
353.7209302325582,0.14862285143876075
353.7408637873754,0.15263226440634212
353.7607973421927,0.15652790866230495
353.78073089700996,0.16030334570470595
353.80066445182723,0.16395257744388755
353.82059800664456,0.16747000745616922
353.84053156146183,0.17085040913644312
353.8604651162791,0.1740888994755692
353.8803986710964,0.177180917436776
353.90033222591364,0.18012220610261237
353.9202657807309,0.1829087979211061
353.9401993355482,0.18553700250553984
353.96013289036546,0.1880033965427046
353.98006644518273,0.1903048154456783
354.0,0.1924383464523315
354.0199335548173,0.19440132292390655
354.0398671096346,0.19619131964120784
354.05980066445187,0.19780614893113083
354.07973421926914,0.1992438574855543
354.09966777408636,0.20050272375857514
354.1196013289037,0.20158125584817219
354.13953488372096,0.20247818978538298
354.1594684385382,0.2031924881682621
354.1794019933555,0.20372333909038037
354.19933554817277,0.2040701553242089
354.2192691029901,0.20423257372939063
354.23920265780737,0.20421045486432665
354.2591362126246,0.2040038827875619
354.27906976744185,0.2036131650429859
354.2990033222591,0.20303883283003993
354.31893687707645,0.20228164136772267
354.3388704318937,0.20134257046855228
354.358803986711,0.20022282534682548
354.37873754152827,0.19892383769426297
354.39867109634554,0.19744726706578372
354.4186046511628,0.19579500262924307
354.4385382059801,0.1939691653456206
354.45847176079735,0.19197211066084868
354.4784053156146,0.1898064318079724
354.4983388704319,0.18747496383887954
354.51827242524917,0.18498078852974054
354.5382059800665,0.18232724033405967
354.55813953488376,0.17951791359353286
354.57807308970104,0.17655667126104108
354.5980066445183,0.17344765544426133
354.6179401993355,0.17019530014468756
354.63787375415285,0.1668043466492762
354.6578073089701,0.16327986213321202
354.6777408637874,0.15962726215900216
354.69767441860466,0.15585233791417208
354.71760797342193,0.15196128922634985
354.73754152823926,0.14796076464013821
354.75747508305653,0.14385791014703248
354.77740863787375,0.13966042854343327
354.797342192691,0.1353766518700182
354.8172757475083,0.1310156299788876
354.8372093023256,0.12658723900455568
354.8571428571429,0.12210231439978364
354.87707641196016,0.11757281424698383
354.89700996677743,0.11301201975576086
354.9169435215947,0.10843478114242197
354.936877076412,0.10385781829369868
354.95681063122925,0.09930008640015964
354.9767441860465,0.09478321643833074
354.9966777408638,0.09033203777611902
355.01661129568106,0.08597518320278846
355.03654485049833,0.08174576200075359
355.05647840531566,0.07768205933633113
355.07641196013293,0.07382817388675462
355.0963455149502,0.07023443426356543
355.1162790697675,0.06695733820488393
355.1362126245847,0.06405865343894245
355.156146179402,0.06160325593660138
355.1760797342193,0.05965535512773721
355.19601328903656,0.05827308253941105
355.2159468438538,0.057502041726803794
355.2358803986711,0.05736915415161685
355.2558139534884,0.057878545312895054
355.2757475083057,0.05901085095181831
355.29568106312297,0.060726193955463074
355.3156146179402,0.06296980294371841
355.33554817275746,0.06567855751456084
355.3554817275748,0.06878690479019124
355.37541528239205,0.0722312695868748
355.3953488372093,0.07595278281108418
355.4152823920266,0.07989859368085613
355.43521594684387,0.08402218682262035
355.4551495016612,0.08828309925560958
355.4750830564784,0.09264633399888039
355.4950166112957,0.0970816634681392
355.51495016611295,0.10156293422225429
355.5348837209302,0.10606742935899138
355.55481727574755,0.1105753111646755
355.5747508305648,0.11506914788464212
355.5946843853821,0.11953351912348477
355.61461794019937,0.12395469047799575
355.63455149501664,0.12832034704832965
355.6544850498339,0.1326193759739124
355.6744186046512,0.13684168926224619
355.69435215946845,0.14097807947630844
355.7142857142857,0.14502010210126207
355.734219269103,0.14895997952930454
355.7541528239203,0.15279052255479103
355.7740863787376,0.15650506606222886
355.79401993355486,0.16009741623538992
355.81395348837214,0.16356180713722154
355.83388704318935,0.16689286492926753
355.8538205980067,0.17008557833455223
355.87375415282395,0.17313527421622363
355.8936877076412,0.17603759735849248
355.9136212624585,0.1787884937082773
355.93355481727576,0.18138419647340495
355.95348837209303,0.18382121458421366
355.97342192691036,0.1860963231143732
355.9933554817276,0.18820655532928604
356.01328903654485,0.19014919608881248
356.0332225913621,0.191921776379253
356.0531561461794,0.19352206878834025
356.0730897009967,0.19494808376972472
356.093023255814,0.19619806656978792
356.11295681063126,0.19727049471233463
356.13289036544853,0.19816407595503668
356.1528239202658,0.19887774664787997
356.1727574750831,0.19941067043717128
356.19269102990035,0.19976223727076425
356.2126245847176,0.19993206267057342
356.2325581395349,0.19991998724796994
356.25249169435216,0.19972607644638765
356.2724252491695,0.19935062050371496
356.29235880398676,0.1987941346351282
356.31229235880403,0.1980573594450119
356.3322259136213,0.19714126158495263
356.3521594684385,0.19604703468349186
356.37209302325584,0.19477610058294195
356.3920265780731,0.19333011092896568
356.4119601328904,0.1917109491707576
356.43189368770766,0.1899207330432228
356.4518272425249,0.18796181761852612
356.4717607973422,0.18583679903334546
356.4916943521595,0.18354851902023298
356.51162790697674,0.18110007039851303
356.531561461794,0.17849480371201565
356.5514950166113,0.17573633524030746
356.57142857142856,0.17282855665737096
356.5913621262459,0.16977564666973255
356.61129568106315,0.16658208503761246
356.6312292358804,0.16325266947023281
356.6511627906977,0.15979253599514
356.67109634551497,0.15620718353582733
356.69102990033224,0.15250250359872147
356.7109634551495,0.14868481617817617
356.7308970099668,0.14476091324583726
356.75083056478405,0.140738111511272
356.7707641196013,0.13662431653767812
356.79069767441865,0.13242810078646358
356.8106312292359,0.1281587987639876
356.8305647840532,0.1238266231679261
356.85049833887047,0.11944280678819762
356.8704318936877,0.11501977589880735
356.890365448505,0.11057136193773492
356.9102990033223,0.10611305929825476
356.93023255813955,0.10166233780575899
356.9501661129568,0.09723901846645962
356.9700996677741,0.09286571951087723
356.9900332225914,0.08856837518032379
357.0099667774087,0.08437681979103706
357.02990033222596,0.08032541084784471
357.0498338870432,0.07645363263064575
357.06976744186045,0.07280657059779878
357.0897009966778,0.06943507444539904
357.10963455149505,0.06639534009922116
357.1295681063123,0.06374756502774863
357.1495016611296,0.06155332633269957
357.16943521594686,0.05987148688704593
357.1893687707642,0.05875282799631449
357.2093023255814,0.05823420187406048
357.2292358803987,0.05833354918297517
357.24916943521595,0.0590472398924548
357.2691029900332,0.06035061742470617
357.28903654485055,0.06220156120359825
357.3089700996678,0.06454592357563704
357.3289036544851,0.06732334848975116
357.34883720930236,0.07047227893607767
357.36877076411963,0.07393356649967596
357.3887043189369,0.07765264108757257
357.4086378737542,0.08158051041984324
357.42857142857144,0.08567395141816617
357.4485049833887,0.08989521861939284
357.468438538206,0.09421151019872144
357.48837209302326,0.09859434781541533
357.5083056478406,0.10301896089115808
357.52823920265786,0.10746372147067804
357.54817275747513,0.11190964848416267
357.56810631229234,0.11633998483028221
357.5880398671096,0.12073984285897897
357.60797342192694,0.12509591045401006
357.6279069767442,0.12939620899457227
357.6478405315615,0.1336298948026245
357.66777408637876,0.13778709656399382
357.687707641196,0.14185878226959733
357.70764119601336,0.1458366502682096
357.72757475083057,0.1497130399668224
357.74750830564784,0.15348085852942736
357.7674418604651,0.15713352060784638
357.7873754152824,0.1606648987005438
357.8073089700997,0.1640692821935062
357.827242524917,0.16734134350786153
357.84717607973425,0.17047611007760552
357.8671096345515,0.1734689411211528
357.8870431893688,0.17631550836373913
357.90697674418607,0.17901178002322168
357.92691029900334,0.18155400749728118
357.9468438538206,0.1839387142912504
357.9667774086379,0.18616268680800402
357.98671096345515,0.1882229666878223
358.0066445182724,0.19011684444072965
358.02657807308975,0.1918418541581453
358.046511627907,0.1933957691274335
358.0664451827243,0.1947765982031077
358.0863787375415,0.19598258281359693
358.1063122923588,0.19701219450363083
358.1262458471761,0.1978641329298742
358.1461794019934,0.19853732424272805
358.16611295681065,0.19903091980008958
358.1860465116279,0.19934429517026128
358.2059800664452,0.19947704939132077
358.2259136212625,0.1994290044631975
358.24584717607974,0.1992002050573784
358.265780730897,0.19879091843687263
358.2857142857143,0.198201634587092
358.30564784053155,0.19743306656591075
358.3255813953489,0.19648615108943382
358.34551495016615,0.1953620493783553
358.3654485049834,0.19406214829927357
358.3853820598007,0.19258806184559346
358.40531561461796,0.19094163301434516
358.42524916943523,0.18912493614884293
358.4451827242525,0.1871402798328105
358.4651162790698,0.18499021044018468
358.48504983388705,0.1826775164669752
358.5049833887043,0.1802052337981289
358.52491694352165,0.1775766520943581
358.5448504983389,0.17479532252301178
358.5647840531562,0.17186506710451133
358.58471760797346,0.1687899900044089
358.6046511627907,0.16557449117301917
358.624584717608,0.16222328282346324
358.6445182724253,0.15874140934955105
358.66445182724254,0.15513427142201497
358.6843853820598,0.15140765517324006
358.7043189368771,0.14756776759466783
358.7242524916944,0.14362127953930395
358.7441860465117,0.13957537805711967
358.76411960132896,0.13543783021076622
358.7840531561462,0.13121706104161548
358.80398671096344,0.1269222490035141
358.82392026578077,0.12256344297566307
358.84385382059804,0.11815170592370858
358.8637873754153,0.11369929140343778
358.8837209302326,0.10921986036553305
358.90365448504986,0.10472874702839699
358.9235880398671,0.10024328371891088
358.9435215946844,0.09578319508776187
358.96345514950167,0.09137107113719621
358.98338870431894,0.0870329245400892
359.0033222591362,0.08279882823167896
359.0232558139535,0.07870361021596749
359.0431893687708,0.07478754826197684
359.0631229235881,0.07109695095077388
359.08305647840535,0.06768442858577482
359.1029900332226,0.06460855255674441
359.12292358803984,0.06193250330264798
359.14285714285717,0.059721284356841785
359.16279069767444,0.05803724508342904
359.1827242524917,0.05693411156691143
359.202657807309,0.056450441401593554
359.22259136212625,0.0566040917508428
359.2425249169436,0.05738941651075657
359.26245847176085,0.0587781738821993
359.2823920265781,0.060723818554716764
359.30232558139534,0.06316774120054938
359.3222591362126,0.06604570117658462
359.34219269102994,0.06929314908553938
359.3621262458472,0.07284888580456393
359.3820598006645,0.07665711602692216
359.40199335548175,0.08066826374451666
359.421926910299,0.08483897700647955
359.4418604651163,0.08913167877416102
359.46179401993356,0.09351391342498229
359.48172757475083,0.09795764237534625
359.5016611295681,0.1024385723734034
359.5215946843854,0.1069355551151969
359.54152823920265,0.1114300706529728
359.56146179402,0.11590579318753141
359.58139534883725,0.12034823138250007
359.6013289036545,0.1247444330497015
359.6212624584718,0.12908274392926797
359.641196013289,0.1333526111685381
359.66112956810633,0.13754442335791842
359.6810631229236,0.1416493802861293
359.7009966777409,0.14565938678071727
359.72093023255815,0.1495669660453569
359.7408637873754,0.15336518878282768
359.76079734219275,0.15704761511360021
359.78073089701,0.16060824688466718
359.8006644518273,0.16404148843381017
359.8205980066445,0.1673421142515147
359.8405315614618,0.17050524228405525
359.8604651162791,0.17352631186188172
359.8803986710964,0.17640106542997444
359.90033222591364,0.17912553341090826
359.9202657807309,0.18169602165483137
359.9401993355482,0.18410910103026748
359.9601328903655,0.18636159878965478
359.98006644518273,0.18845059140875836
360.0,0.1903733986519145
360.01993355481727,0.19212757865806818
360.03986710963454,0.19371092387821384
360.05980066445187,0.1951214577238242
360.07973421926914,0.19635743181022933
360.0996677740864,0.1974173236989702
360.1196013289037,0.19829983506026316
360.13953488372096,0.19900389019111203
360.1594684385382,0.19952863483697608
360.1794019933555,0.19987343527576762
360.19933554817277,0.2000378776324152
360.21926910299004,0.2000217674007678
360.2392026578073,0.19982512915782044
360.25913621262464,0.1994482064622599
360.2790697674419,0.19889146193694796
360.2990033222592,0.19815557754214433
360.31893687707645,0.1972414550535095
360.33887043189367,0.1961502167670076
360.358803986711,0.19488320646131063
360.37873754152827,0.19344199065756365
360.39867109634554,0.1918283602273195
360.4186046511628,0.19004433241142693
360.4385382059801,0.1880921533270412
360.45847176079735,0.18597430105670917
360.4784053156147,0.18369348943339459
360.49833887043195,0.1812526726592175
360.51827242524917,0.1786550509245894
360.53820598006644,0.17590407722936321
360.5581395348837,0.17300346565049732
360.57807308970104,0.1699572013530956
360.5980066445183,0.16676955270618915
360.6179401993356,0.16344508594475013
360.63787375415285,0.1599886829182244
360.6578073089701,0.156405562589854
360.6777408637874,0.1527013071047542
360.69767441860466,0.14888189343846703
360.71760797342193,0.14495373187974034
360.7375415282392,0.1409237129059972
360.7574750830565,0.13679926439213003
360.7774086378738,0.13258842157307807
360.7973421926911,0.12829991277955233
360.81727574750835,0.12394326471018287
360.8372093023256,0.11952893191544352
360.85714285714283,0.11506845626808224
360.87707641196016,0.11057466347861158
360.89700996677743,0.10606190513800301
360.9169435215947,0.10154635619766164
360.936877076412,0.09704637892343845
360.95681063122925,0.09258296457010436
360.9767441860465,0.0881802621617609
360.99667774086384,0.08386619779306007
361.0166112956811,0.07967317439673878
361.03654485049833,0.0756388157473692
361.0564784053156,0.07180667252693336
361.0764119601329,0.0682267351331619
361.0963455149502,0.06495549493397781
361.1162790697675,0.062055176811649064
361.13621262458474,0.05959168076454592
361.156146179402,0.057630820845334094
361.1760797342193,0.056232771045868095
361.19601328903656,0.05544528820122813
361.2159468438538,0.055297110018730236
361.2358803986711,0.05579343378154508
361.25581395348837,0.056915035014333835
361.27574750830564,0.058621353359675006
361.29568106312297,0.060856438743927196
361.31561461794024,0.06355587742532126
361.3355481727575,0.06665300245329119
361.3554817275748,0.0700834562685168
361.375415282392,0.07378794831365854
361.3953488372093,0.07771352142258985
361.4152823920266,0.08181379292458832
361.43521594684387,0.0860485943782606
361.45514950166114,0.09038332035253759
361.4750830564784,0.09478818317819694
361.49501661129574,0.09923748399694171
361.514950166113,0.1037089533714503
361.5348837209303,0.10818318085838755
361.5548172757475,0.1126431347017955
361.57475083056477,0.11707376409572687
361.5946843853821,0.12146167314996278
361.61461794019937,0.1257948552013753
361.63455149501664,0.13006247695644851
361.6544850498339,0.13425470331045233
361.6744186046512,0.1383625551479067
361.6943521594685,0.14237779379007637
361.7142857142857,0.1462928269424332
361.734219269103,0.15010063199133364
361.75415282392026,0.15379469331637172
361.77408637873754,0.15736895094631917
361.79401993355486,0.16081775841692578
361.81395348837214,0.1641358481121222
361.8338870431894,0.1673183027078067
361.8538205980067,0.17036053160544942
361.87375415282395,0.17325825145674092
361.8936877076412,0.17600747005102554
361.9136212624585,0.17860447297363805
361.93355481727576,0.18104581255252444
361.95348837209303,0.18332829869856995
361.9734219269103,0.18544899131591452
361.9933554817276,0.1874051940161499
362.0132890365449,0.18919444891710727
362.0332225913622,0.19081453234509024
362.05315614617945,0.19226345129106134
362.07308970099666,0.19353944049709787
362.09302325581393,0.1946409600712544
362.11295681063126,0.1955666935468381
362.13289036544853,0.19631554631781312
362.1528239202658,0.19688664439474768
362.1727574750831,0.19727933343745888
362.19269102990035,0.1974931780302477
362.2126245847177,0.197527961174729
362.23255813953494,0.1973836839832253
362.25249169435216,0.19706056556386262
362.27242524916943,0.19655904309530656
362.2923588039867,0.19587977209684607
362.31229235880403,0.19502362690713618
362.3322259136213,0.19399170139225033
362.3521594684386,0.19278530991286535
362.37209302325584,0.19140598858927282
362.3920265780731,0.1898554969137353
362.4119601328904,0.1881358197716126
362.43189368770766,0.18624916994679475
362.4518272425249,0.18419799120343938
362.4717607973422,0.18198496205526957
362.49169435215947,0.17961300035750916
362.51162790697674,0.1770852688839667
362.53156146179407,0.17440518208640943
362.55149501661134,0.17157641427436954
362.5714285714286,0.16860290950434645
362.5913621262458,0.16548889352976914
362.6112956810631,0.16223888823969176
362.6312292358804,0.15885772910950496
362.6511627906977,0.1553505863051351
362.67109634551497,0.15172299022919195
362.69102990033224,0.14798086248135353
362.7109634551495,0.14413055343509262
362.73089700996684,0.1401788879198246
362.7508305647841,0.1361332208573185
362.7707641196013,0.13200150514948572
362.7906976744186,0.12779237467208351
362.81063122923587,0.12351524591617886
362.8305647840532,0.11918044265662045
362.85049833887047,0.11479934902616776
362.87043189368774,0.11038459752811897
362.890365448505,0.10595029977952089
362.9102990033223,0.10151232900504993
362.93023255813955,0.09708866420636851
362.9501661129568,0.09269980593551998
362.9700996677741,0.08836927164559723
362.99003322259136,0.0841241728356798
363.00996677740864,0.07999586363909199
363.02990033222596,0.07602062656566304
363.04983388704323,0.07224031972126047
363.0697674418605,0.0687028447246166
363.0897009966778,0.0654622036987712
363.109634551495,0.06257780922000085
363.1295681063123,0.06011263500375461
363.1495016611296,0.05812983316983285
363.16943521594686,0.05668771162184685
363.18936877076413,0.05583352787417532
363.2093023255814,0.05559728642066971
363.22923588039873,0.05598722740117151
363.249169435216,0.05698849113149781
363.2691029900333,0.0585654364523063
363.2890365448505,0.06066679885295663
363.30897009966776,0.0632320601125881
363.3289036544851,0.06619742458346649
363.34883720930236,0.06950041249097888
363.36877076411963,0.07308279519839153
363.3887043189369,0.07689208194041634
363.4086378737542,0.08088196169973076
363.42857142857144,0.08501209952467768
363.4485049833887,0.08924759579936609
363.468438538206,0.09355831330941287
363.48837209302326,0.09791819256074598
363.50830564784053,0.10230461756953774
363.5282392026578,0.10669785832717996
363.54817275747513,0.11108059584572764
363.5681063122924,0.11543752536944878
363.58803986710967,0.11975502887656488
363.60797342192694,0.12402090673374042
363.62790697674416,0.128224158711184
363.6478405315615,0.13235480561374305
363.66777408637876,0.13640374405114827
363.687707641196,0.14036262811766057
363.7076411960133,0.14422377287219285
363.72757475083057,0.1479800754693659
363.7475083056479,0.15162495059034375
363.76744186046517,0.15515227747456006
363.78737541528244,0.15855635638118418
363.80730897009965,0.1618318727330055
363.8272425249169,0.16497386753464574
363.84717607973425,0.1679777129283029
363.8671096345515,0.17083909196691563
363.8870431893688,0.1735539818580879
363.90697674418607,0.17611864007113182
363.92691029900334,0.17852959281113287
363.9468438538206,0.18078362545414434
363.96677740863794,0.18287777461007737
363.98671096345515,0.1848093215391882
364.0066445182724,0.18657578669587474
364.0265780730897,0.18817492521305212
364.04651162790697,0.18960472317263236
364.0664451827243,0.19086339453451123
364.08637873754157,0.19194937861861952
364.10631229235884,0.19286133805346925
364.1262458471761,0.19359815712028325
364.1461794019933,0.1941589404354521
364.16611295681065,0.19454301192570758
364.1860465116279,0.19474991406083458
364.2059800664452,0.19477940731780977
364.22591362126246,0.19463146985895285
364.24584717607974,0.1943062974144311
364.26578073089706,0.19380430336727658
364.28571428571433,0.19312611904660063
364.3056478405316,0.19227259424250467
364.3255813953488,0.19124479796440466
364.3455149501661,0.19004401947321017
364.3654485049834,0.1886717696276907
364.3853820598007,0.18712978259614008
364.40531561461796,0.18542001799724453
364.42524916943523,0.18354466354848087
364.4451827242525,0.18150613831764187
364.46511627906983,0.17930709669350134
364.4850498338871,0.17695043321598197
364.5049833887043,0.17443928843569698
364.5249169435216,0.17177705600840443
364.54485049833886,0.16896739127345328
364.5647840531562,0.16601422161868834
364.58471760797346,0.16292175899983638
364.60465116279073,0.15969451506353896
364.624584717608,0.15633731942365608
364.6445182724253,0.15285534176547494
364.66445182724254,0.14925411860818147
364.6843853820598,0.14553958575082315
364.7043189368771,0.14171811767041997
364.72425249169436,0.1377965754461933
364.74418604651163,0.13378236516535105
364.76411960132896,0.12968350924247118
364.78405315614623,0.12550873367612786
364.8039867109635,0.12126757499550192
364.82392026578077,0.11697051153504574
364.843853820598,0.11262912472740048
364.8637873754153,0.10825629730922859
364.8837209302326,0.10386645662647855
364.90365448504986,0.09947587244018345
364.9235880398671,0.09510301942162343
364.9435215946844,0.09076901420990771
364.96345514950167,0.08649813425535192
364.983388704319,0.08231841857380137
365.00332225913627,0.07826233557757176
365.0232558139535,0.0743674752789093
365.04318936877075,0.07067717592059124
365.063122923588,0.0672409225268606
365.08305647840535,0.06411425721982215
365.1029900332226,0.061357836572141056
365.1229235880399,0.05903521290554829
365.14285714285717,0.057209002726725564
365.16279069767444,0.055935452228369376
365.1827242524917,0.05525804811989699
365.202657807309,0.05520155073037301
365.22259136212625,0.05576818581233967
365.2425249169435,0.05693729283389098
365.2624584717608,0.058668556021219946
365.2823920265781,0.060907696888378736
365.3023255813954,0.06359290626459976
365.32225913621266,0.06666052790837353
365.34219269102994,0.07004920537632879
365.36212624584715,0.07370238298440843
365.3820598006645,0.0775694554148389
365.40199335548175,0.08160598727860369
365.421926910299,0.08577338390979404
365.4418604651163,0.09003829343484307
365.46179401993356,0.0943719191029056
365.48172757475083,0.09874934330779765
365.50166112956816,0.10314891316065905
365.52159468438543,0.10755170651273491
365.54152823920265,0.11194108039506923
365.5614617940199,0.11630229557892531
365.5813953488372,0.12062220767118846
365.6013289036545,0.12488901451868398
365.6212624584718,0.12909205033820353
365.64119601328906,0.13322161815515626
365.66112956810633,0.13726885342572637
365.6810631229236,0.14122561294349228
365.70099667774093,0.14508438421281916
365.72093023255815,0.14883821138659442
365.7408637873754,0.1524806346220088
365.7607973421927,0.15600564032304906
365.78073089700996,0.15940762023439814
365.8006644518273,0.16268133774894988
365.82059800664456,0.16582190010899645
365.84053156146183,0.16882473543499
365.8604651162791,0.17168557371870302
365.8803986710963,0.17440043107977365
365.90033222591364,0.1769655967147894
365.9202657807309,0.17937762207250366
365.9401993355482,0.1816333118731333
365.96013289036546,0.18372971665776272
365.98006644518273,0.1856641266093159
366.00000000000006,0.1874340664314798
366.0199335548173,0.18903729110911877
366.0398671096346,0.19047178240391816
366.0598006644518,0.1917357459642346
366.0797342192691,0.1928276089490494
366.0996677740864,0.19374601808346112
366.1196013289037,0.1944898380780163
366.13953488372096,0.19505815035687946
366.1594684385382,0.19545025205080407
366.1794019933555,0.19566565522055462
366.1993355481728,0.1957040862849373
366.2192691029901,0.19556548563569712
366.2392026578073,0.19525000742856918
366.2591362126246,0.1947580195471484
366.27906976744185,0.1940901037429726
366.2990033222592,0.19324705596245137
366.31893687707645,0.19222988687859327
366.3388704318937,0.1910398226534118
366.358803986711,0.1896783059658
366.37873754152827,0.18814699734918142
366.39867109634554,0.186447776894755
366.4186046511628,0.18458274638896754
366.4385382059801,0.1825542319691291
366.45847176079735,0.18036478739932815
366.4784053156146,0.1780171980902919
366.4983388704319,0.17551448601316696
366.5182724252492,0.1728599156888277
366.5382059800665,0.17005700147300035
366.55813953488376,0.16710951640520452
366.578073089701,0.16402150294789677
366.59800664451825,0.1607972860148582
366.6179401993356,0.15744148877804082
366.63787375415285,0.1539590518547369
366.6578073089701,0.1503552566176743
366.6777408637874,0.14663575354807173
366.69767441860466,0.14280659677440782
366.717607973422,0.13887428622130643
366.73754152823926,0.13484581914839397
366.7574750830565,0.13072875330814204
366.77740863787375,0.12653128451811957
366.797342192691,0.12226234215435779
366.81727574750835,0.11793170695943253
366.8372093023256,0.11355015665024278
366.8571428571429,0.10912964612653397
366.87707641196016,0.10468353061291803
366.89700996677743,0.10022684174336981
366.9169435215947,0.09577662821759363
366.936877076412,0.0913523737764598
366.95681063122925,0.08697650496266283
366.9767441860465,0.08267499777772415
366.9966777408638,0.07847808297042393
367.01661129568106,0.07442102945503581
367.0365448504984,0.07054494703585976
367.05647840531566,0.06689748407188648
367.07641196013293,0.0635331952913436
367.09634551495014,0.060513223232579426
367.1162790697674,0.057903808054688435
367.13621262458474,0.055773105222694734
367.156146179402,0.05418600061248385
367.1760797342193,0.05319720872691292
367.19601328903656,0.05284386373609461
367.2159468438538,0.053139621835443435
367.23588039867116,0.05407229877501823
367.2558139534884,0.055605944387800366
367.27574750830564,0.05768656287205477
367.2956810631229,0.060249496694386874
367.3156146179402,0.06322642035754612
367.3355481727575,0.06655066597847172
367.3554817275748,0.07016053876016684
367.37541528239205,0.07400090575096632
367.3953488372093,0.07802357482132559
367.4152823920266,0.08218695695870516
367.4352159468439,0.08645537870491217
367.45514950166114,0.0907982781184915
367.4750830564784,0.09518941450604354
367.4950166112957,0.09960615427966654
367.51495016611295,0.10402885534286181
367.5348837209303,0.10844035116372334
367.55481727574755,0.11282552575103685
367.5747508305648,0.11717096710177727
367.5946843853821,0.12146468627355587
367.6146179401993,0.12569589030482697
367.63455149501664,0.12985479881998407
367.6544850498339,0.1339324958461195
367.6744186046512,0.13792080991989747
367.69435215946845,0.14181221689976994
367.7142857142857,0.14559976100936387
367.73421926910305,0.1492769905408378
367.7541528239203,0.15283790537162886
367.7740863787376,0.15627691402540256
367.7940199335548,0.1595887984653805
367.8139534883721,0.16276868517086088
367.8338870431894,0.1658120213341944
367.8538205980067,0.1687145552429813
367.87375415282395,0.1714723200922037
367.8936877076412,0.17408162061501167
367.9136212624585,0.17653902203496608
367.93355481727576,0.17884134093474557
367.9534883720931,0.18098563770975803
367.9734219269103,0.1829692103349545
367.9933554817276,0.18478958922127703
368.01328903654485,0.1864445329775596
368.0332225913621,0.18793202492598812
368.05315614617945,0.18925027024567845
368.0730897009967,0.19039769364103346
368.093023255814,0.1913729374497756
368.11295681063126,0.1921748601211511
368.1328903654485,0.19280253500798317
368.1528239202658,0.193255249427394
368.1727574750831,0.19353250395519472
368.19269102990035,0.1936340119276182
368.2126245847176,0.19355969913215385
368.2325581395349,0.19330970367661635
368.2524916943522,0.19288437603289718
368.2724252491695,0.1922842792586302
368.29235880398676,0.19151018940731226
368.312292358804,0.19056309614469077
368.33222591362124,0.18944420359714326
368.3521594684386,0.18815493146652365
368.37209302325584,0.18669691645551667
368.3920265780731,0.18507201405876647
368.4119601328904,0.18328230078756397
368.43189368770766,0.18133007691115532
368.4518272425249,0.17921786981513937
368.47176079734226,0.1769484380987214
368.49169435215947,0.17452477655796392
368.51162790697674,0.17195012223277983
368.531561461794,0.16922796173306429
368.5514950166113,0.16636204010472433
368.5714285714286,0.16335637155286303
368.5913621262459,0.16021525240841208
368.61129568106315,0.1569432768104153
368.6312292358804,0.1535453556826828
368.65116279069764,0.15002673971625577
368.67109634551497,0.14639304723530036
368.69102990033224,0.14265029803162088
368.7109634551495,0.1388049545137553
368.7308970099668,0.1348639718433516
368.75083056478405,0.13083485914140314
368.7707641196014,0.12672575435887218
368.79069767441865,0.12254551604290422
368.8106312292359,0.11830383601413022
368.83056478405314,0.11401137792202917
368.8504983388704,0.10967994777194764
368.87043189368774,0.10532270379741913
368.890365448505,0.10095441440147586
368.9102990033223,0.09659177410809967
368.93023255813955,0.09225378812501576
368.9501661129568,0.08796223540759329
368.97009966777415,0.08374221655944004
368.9900332225914,0.07962278400126821
369.00996677740864,0.07563763359086528
369.0299003322259,0.07182580351201155
369.0498338870432,0.06823227075382113
369.0697674418605,0.0649082524493984
369.0897009966778,0.06191091247030979
369.10963455149505,0.05930207040941348
369.1295681063123,0.05714547996492865
369.1495016611296,0.05550240223959995
369.1694352159469,0.05442565781497312
369.18936877076413,0.05395307339300706
369.2093023255814,0.054101936237309446
369.2292358803987,0.05486620657829919
369.24916943521595,0.05621748310484649
369.2691029900333,0.05810937098918068
369.28903654485055,0.06048376950343461
369.3089700996678,0.06327729433994178
369.3289036544851,0.06642653354125215
369.3488372093023,0.06987160929490702
369.36877076411963,0.07355813250987844
369.3887043189369,0.0774379366543602
369.4086378737542,0.08146902521931321
369.42857142857144,0.08561508835755573
369.4485049833887,0.08984483323446325
369.468438538206,0.09413127591305004
369.4883720930233,0.09845107353560421
369.5083056478406,0.102783931942532
369.5282392026578,0.10711209886058429
369.5481727574751,0.11141993981874225
369.56810631229234,0.11569358812361308
369.58803986710967,0.11992065834277134
369.60797342192694,0.12409001286579299
369.6279069767442,0.1281915721346536
369.6478405315615,0.13221616046384418
369.66777408637876,0.13615538070899946
369.6877076411961,0.14000151225725446
369.7076411960133,0.14374742785619807
369.72757475083057,0.14738652566761212
369.74750830564784,0.15091267364220218
369.7674418604651,0.1543201638849522
369.78737541528244,0.15760367514054496
369.8073089700997,0.1607582418951976
369.827242524917,0.16377922888428534
369.84717607973425,0.166662310028183
369.86710963455147,0.16940345100512869
369.8870431893688,0.17199889481856068
369.90697674418607,0.17444514983573564
369.92691029900334,0.1767389798701835
369.9468438538206,0.17887739595776486
369.9667774086379,0.1808576495387383
369.98671096345515,0.18267722680877682
370.0066445182725,0.18433384404362108
370.02657807308975,0.1858254437357402
370.04651162790697,0.187150191409561
370.06644518272424,0.18830647300499048
370.0863787375415,0.18929289273834066
370.10631229235884,0.19010827136616051
370.1262458471761,0.1907516447912744
370.1461794019934,0.19122226296237754
370.16611295681065,0.19151958902890132
370.1860465116279,0.19164329872208774
370.20598006644525,0.1915932799417171
370.22591362126246,0.19136963253546163
370.24584717607974,0.1909726682654037
370.265780730897,0.19040291096343023
370.2857142857143,0.18966109688428745
370.3056478405316,0.1887481752727803
370.3255813953489,0.18766530916948534
370.34551495016615,0.18641387648796057
370.3654485049834,0.18499547140621003
370.3853820598007,0.18341190612608643
370.40531561461796,0.18166521306692257
370.42524916943523,0.17975764757452087
370.4451827242525,0.17769169124392042
370.4651162790698,0.17547005597524665
370.48504983388705,0.1730956889066738
370.5049833887044,0.17057177839864385
370.52491694352165,0.16790176127998047
370.5448504983389,0.16508933161094627
370.56478405315613,0.1621384512729721
370.5847176079734,0.15905336276197132
370.60465116279073,0.15583860464500573
370.624584717608,0.15249903024327074
370.6445182724253,0.14903983023205059
370.66445182724254,0.14546656000800942
370.6843853820598,0.14178517287332892
370.70431893687714,0.1380020603352531
370.7242524916944,0.13412410113108986
370.74418604651163,0.13015872097762232
370.7641196013289,0.1261139655281068
370.7840531561462,0.12199858961920455
370.8039867109635,0.11782216662426069
370.82392026578077,0.11359522261458734
370.84385382059804,0.1093294010696264
370.8637873754153,0.10503766504522632
370.8837209302326,0.10073454492068337
370.90365448504986,0.09643644090147481
370.9235880398671,0.09216198994905266
370.9435215946844,0.0879325059759168
370.96345514950167,0.08377249861792631
370.98338870431894,0.07971026738016934
371.0033222591362,0.07577855083101177
371.02325581395354,0.07201517963346683
371.0431893687708,0.06846363137302032
371.0631229235881,0.06517330971081015
371.0830564784053,0.06219927386405074
371.10299003322257,0.05960105102001144
371.1229235880399,0.05744013484115571
371.14285714285717,0.05577590884612729
371.16279069767444,0.054660134146491964
371.1827242524917,0.05413079315897791
371.202657807309,0.054206729011498596
371.2225913621263,0.05488470430265502
371.2425249169436,0.05613989589774736
371.2624584717608,0.05792965093826463
371.28239202657807,0.0601992417729214
371.30232558139534,0.0628879732773558
371.32225913621266,0.06593435410919322
371.34219269102994,0.06927973423231713
371.3621262458472,0.07287040874073895
371.3820598006645,0.07665851036302831
371.40199335548175,0.08060209196652415
371.421926910299,0.08466474457294526
371.4418604651163,0.08881499760816389
371.46179401993356,0.09302565588161452
371.48172757475083,0.09727315912215265
371.5016611295681,0.10153700505652737
371.5215946843854,0.10579925046362669
371.5415282392027,0.11004409031487068
371.56146179402,0.11425750826624895
371.58139534883725,0.11842698917292907
371.60132890365446,0.12254128394523343
371.62126245847173,0.1265902177821326
371.64119601328906,0.13056453395592152
371.66112956810633,0.1344557665429488
371.6810631229236,0.138256136639224
371.7009966777409,0.14195846760255487
371.72093023255815,0.1455561157090339
371.7408637873755,0.14904291330961195
371.76079734219275,0.1524131221404207
371.78073089700996,0.15566139489801906
371.80066445182723,0.1587827435581549
371.8205980066445,0.16177251321041003
371.84053156146183,0.1646263604161799
371.8604651162791,0.16734023528525857
371.8803986710964,0.16991036661695647
371.90033222591364,0.17233324957247328
371.9202657807309,0.17460563544258398
371.94019933554824,0.1767245231531178
371.96013289036546,0.17868715221436107
371.98006644518273,0.18049099687224593
372.0,0.18213376126142183
372.01993355481727,0.1836133753949438
372.0398671096346,0.18492799185390674
372.05980066445187,0.18607598306408873
372.07973421926914,0.18705593906647863
372.0996677740864,0.18786666570519697
372.1196013289037,0.1885071831706001
372.13953488372096,0.18897672484749511
372.1594684385382,0.189274736429059
372.1794019933555,0.18940087526649746
372.19933554817277,0.1893550099330608
372.21926910299004,0.1891372199888037
372.23920265780737,0.1887477959401991
372.25913621262464,0.18818723939579762
372.2790697674419,0.18745626342673324
372.2990033222591,0.18655579314822562
372.3189368770764,0.18548696654656582
372.3388704318937,0.18425113558474351
372.358803986711,0.1828498676296544
372.37873754152827,0.18128494725509256
372.39867109634554,0.1795583784873756
372.4186046511628,0.17767238757555076
372.4385382059801,0.17562942638571372
372.4584717607974,0.17343217653997292
372.4784053156146,0.171083554445871
372.4983388704319,0.16858671739251033
372.51827242524917,0.16594507092651956
372.53820598006644,0.16316227776640596
372.55813953488376,0.16024226856880894
372.57807308970104,0.15718925492878322
372.5980066445183,0.15400774508002904
372.6179401993356,0.15070256286579875
372.63787375415285,0.14727887068072654
372.6578073089701,0.1437421972458684
372.6777408637874,0.14009847128121614
372.69767441860466,0.13635406239245207
372.71760797342193,0.13251583080441942
372.7375415282392,0.1285911879675179
372.75747508305653,0.12458817055316282
372.7774086378738,0.12051553095940007
372.7973421926911,0.11638284818786979
372.8172757475083,0.1122006638420816
372.83720930232556,0.10798064903587898
372.8571428571429,0.10373580915876841
372.87707641196016,0.09948073462687385
372.89700996677743,0.09523190674006421
372.9169435215947,0.09100806813441778
372.936877076412,0.08683066625550952
372.95681063122925,0.08272437435357465
372.9767441860466,0.07871768533116068
372.9966777408638,0.07484355564559146
373.01661129568106,0.07114004417152046
373.03654485049833,0.06765083842014144
373.0564784053156,0.06442548375007713
373.07641196013293,0.06151903522665352
373.0963455149502,0.05899076358494083
373.1162790697675,0.05690153044965299
373.13621262458474,0.05530960534402926
373.156146179402,0.054265120101201055
373.1760797342193,0.05380401134175058
373.19601328903656,0.053942911599413175
373.2159468438538,0.05467655885224283
373.2358803986711,0.055978622572348695
373.25581395348837,0.05780565371211997
373.2757475083057,0.06010284910310571
373.29568106312297,0.06281002160124871
373.31561461794024,0.06586656864095287
373.33554817275746,0.06921491426117887
373.3554817275747,0.07280246386901795
373.37541528239205,0.07658240236264446
373.3953488372093,0.08051372790328443
373.4152823920266,0.08456085266400679
373.43521594684387,0.0886930045097573
373.45514950166114,0.09288357488919133
373.47508305647847,0.097109492973602
373.49501661129574,0.10135066378077252
373.51495016611295,0.10558948311317741
373.5348837209302,0.10981042878259947
373.5548172757475,0.11399972126617919
373.5747508305648,0.11814504459399917
373.5946843853821,0.12223531801621192
373.61461794019937,0.12626050973629496
373.63455149501664,0.13021148511951441
373.6544850498339,0.13407988297662732
373.67441860465124,0.1378580146335853
373.69435215946845,0.14153878146937668
373.7142857142857,0.14511560742301546
373.734219269103,0.14858238364568546
373.75415282392026,0.1519334230234317
373.7740863787376,0.1551634227382985
373.79401993355486,0.15826743339152424
373.81395348837214,0.1612408334967412
373.8338870431894,0.16407930837871756
373.8538205980067,0.166778832695492
373.87375415282395,0.169335655947555
373.8936877076412,0.17174629045513362
373.9136212624585,0.1740075013788987
373.93355481727576,0.1761162984358863
373.95348837209303,0.1780699290239566
373.9734219269103,0.17986587251870406
373.99335548172763,0.18150183554752305
374.0132890365449,0.1829757480795115
374.0332225913621,0.18428576019756504
374.0531561461794,0.18543023944220144
374.07308970099666,0.18640776863584776
374.093023255814,0.18721714411277623
374.11295681063126,0.18785737429345006
374.13289036544853,0.18832767855414873
374.1528239202658,0.18862748635299434
374.1727574750831,0.1887564365827327
374.1926910299004,0.18871437712891218
374.2126245847176,0.18850136461978434
374.2325581395349,0.1881176643616035
374.25249169435216,0.1875637504599497
374.27242524916943,0.18684030613503247
374.29235880398676,0.18594822424609758
374.31229235880403,0.18488860804799398
374.3322259136213,0.18366277221142535
374.3521594684386,0.1822722441477966
374.37209302325584,0.18071876569039677
374.3920265780731,0.17900429519583375
374.4119601328904,0.17713101014420543
374.43189368770766,0.1751013103333087
374.4518272425249,0.17291782178251844
374.4717607973422,0.17058340148617743
374.49169435215947,0.16810114318570327
374.5116279069768,0.1654743843651937
374.53156146179407,0.16270671471888942
374.5514950166113,0.15980198639216747
374.57142857142856,0.15676432636369977
374.5913621262458,0.15359815141771174
374.61129568106315,0.1503081862564374
374.6312292358804,0.14689948542877912
374.6511627906977,0.14337745990845896
374.67109634551497,0.1397479093516833
374.69102990033224,0.13601706131112143
374.71096345514957,0.1321916189922683
374.7308970099668,0.12827881952591222
374.75083056478405,0.12428650521504274
374.7707641196013,0.12022321081708048
374.7906976744186,0.11609827066540372
374.8106312292359,0.11192195033724829
374.8305647840532,0.10770560864756341
374.85049833887047,0.10346189697385379
374.87043189368774,0.09920500422364457
374.890365448505,0.09495095696540537
374.9102990033223,0.0907179849767605
374.93023255813955,0.08652696198931592
374.9501661129568,0.08240192839872562
374.9700996677741,0.07837069488227563
374.99003322259136,0.07446550956292285
375.0099667774087,0.0707237412135484
375.02990033222596,0.06718848030243058
375.04983388704323,0.06390888273735024
375.06976744186045,0.060939979845569495
375.0897009966777,0.05834157500159089
375.10963455149505,0.05617580347109094
375.1295681063123,0.054503054334466505
375.1495016611296,0.05337635531646611
375.16943521594686,0.052835004634385556
375.18936877076413,0.05289894110133348
375.20930232558146,0.05356557895694334
375.22923588039873,0.05481022103212196
375.24916943521595,0.05658990030836715
375.2691029900332,0.058849327624427274
375.2890365448505,0.06152720419523567
375.3089700996678,0.06456154113116601
375.3289036544851,0.06789336771071382
375.34883720930236,0.07146884335654595
375.36877076411963,0.07524012240884419
375.3887043189369,0.07916539581876018
375.4086378737542,0.08320846920091497
375.42857142857144,0.08733813020530862
375.4485049833887,0.09152746115807214
375.468438538206,0.09575318193958166
375.48837209302326,0.09999506244581682
375.50830564784053,0.10423541740689568
375.52823920265786,0.1084586822922098
375.54817275747513,0.11265106252543607
375.5681063122924,0.11680024593967991
375.58803986710967,0.12089516828753678
375.6079734219269,0.1249258225104128
375.6279069767442,0.12888310372937614
375.6478405315615,0.1327586832223805
375.66777408637876,0.13654490585042667
375.687707641196,0.14023470643260594
375.7076411960133,0.14382154143800738
375.7275747508306,0.14729933307386694
375.7475083056479,0.15066242342485214
375.7674418604651,0.15390553676070362
375.7873754152824,0.1570237484985985
375.80730897009965,0.1600124596015154
375.827242524917,0.16286737542877602
375.84717607973425,0.16558448824240318
375.8671096345515,0.1681600627229724
375.8870431893688,0.17059062396847555
375.90697674418607,0.17287294754641877
375.92691029900334,0.17500405124698923
375.9468438538206,0.17698118824802397
375.9667774086379,0.17880184145362163
375.98671096345515,0.18046371880985518
376.0066445182724,0.18196474943521235
376.0265780730897,0.18330308043138108
376.046511627907,0.18447707426345478
376.0664451827243,0.1854853066179249
376.08637873754157,0.18632656466314917
376.10631229235884,0.18699984565099786
376.12624584717605,0.18750435581004737
376.1461794019934,0.18783950949121858
376.16611295681065,0.18800492853577153
376.1860465116279,0.18800044184387077
376.2059800664452,0.18782608512948934
376.22591362126246,0.18748210085456007
376.2458471760798,0.18696893834225997
376.26578073089706,0.1862872540762566
376.2857142857143,0.1854379121998085
376.30564784053155,0.18442198523624168
376.3255813953488,0.1832407550604049
376.34551495016615,0.18189571415976244
376.3654485049834,0.18038856723402222
376.3853820598007,0.17872123319384364
376.40531561461796,0.17689584763289218
376.42524916943523,0.17491476586344887
376.44518272425256,0.17278056662491834
376.4651162790698,0.1704960565973182
376.48504983388705,0.1680642758794122
376.5049833887043,0.16548850462439582
376.5249169435216,0.16277227106672096
376.5448504983389,0.15991936122339293
376.5647840531562,0.156933830614228
376.58471760797346,0.15382001842108414
376.60465116279073,0.15058256459956845
376.624584717608,0.1472264305729719
376.6445182724253,0.14375692428293027
376.66445182724254,0.14017973055198613
376.6843853820598,0.13650094793934708
376.7043189368771,0.1327271335536215
376.72425249169436,0.12886535763980544
376.7441860465117,0.124923270198499
376.76411960132896,0.1209091824422095
376.78405315614623,0.11683216656706404
376.80398671096344,0.11270217813588294
376.8239202657807,0.10853020634024102
376.84385382059804,0.10432845852272256
376.8637873754153,0.1001105865383443
376.8837209302326,0.09589196366960931
376.90365448504986,0.09169002156984449
376.9235880398671,0.08752465648997095
376.9435215946844,0.08341871174282159
376.9634551495017,0.07939853708259358
376.98338870431894,0.07549461235876143
377.0033222591362,0.07174219788437165
377.0232558139535,0.06818193152687169
377.04318936877075,0.06486022692674678
377.0631229235881,0.06182923792583165
377.08305647840535,0.059146056103416
377.1029900332226,0.056870747028807
377.1229235880399,0.055062894031231935
377.14285714285717,0.053776614550001045
377.16279069767444,0.053054586105651225
377.1827242524917,0.05292230666555494
377.202657807309,0.0533842096974057
377.22259136212625,0.054422935267169126
377.2425249169435,0.05600201951616587
377.26245847176085,0.05807106846579868
377.2823920265781,0.06057182686253416
377.3023255813954,0.0634436868139236
377.32225913621266,0.06662780676493388
377.3421926910299,0.07006966768066261
377.3621262458472,0.07372030865464037
377.3820598006645,0.07753663253483604
377.40199335548175,0.08148114970310187
377.421926910299,0.08552143714646003
377.4418604651163,0.08962949345235018
377.46179401993356,0.09378109414498764
377.4817275747509,0.09795520011936713
377.5016611295681,0.10213344041368466
377.5215946843854,0.10629967302947853
377.54152823920265,0.11043961874913458
377.5614617940199,0.11454055923987551
377.58139534883725,0.11859108982974695
377.6013289036545,0.12258091780160332
377.6212624584718,0.12650069809217704
377.64119601328906,0.1303418994891133
377.66112956810633,0.13409669558554752
377.6810631229236,0.13775787579171084
377.7009966777409,0.14131877258879005
377.72093023255815,0.14477320194526436
377.7408637873754,0.14811541441570375
377.7607973421927,0.15134005492653355
377.78073089701,0.15444212964234688
377.8006644518273,0.15741697861774565
377.82059800664456,0.16026025318865803
377.84053156146183,0.16296789725602145
377.86046511627904,0.1655361317741072
377.8803986710964,0.1679614418833501
377.90033222591364,0.1702405662302873
377.9202657807309,0.17237048809996824
377.9401993355482,0.17434842805309642
377.96013289036546,0.1761718378146206
377.9800664451828,0.17783839520465228
378.00000000000006,0.17934599993906475
378.01993355481727,0.18069277015684015
378.03986710963454,0.1818770395560188
378.0598006644518,0.18289735504070817
378.07973421926914,0.1837524747988774
378.0996677740864,0.1844413667452874
378.1196013289037,0.18496320727646456
378.13953488372096,0.1853173802954826
378.1594684385382,0.18550347647381912
378.17940199335555,0.18552129272631193
378.19933554817277,0.1853708318828264
378.21926910299004,0.18505230254788546
378.2392026578073,0.184566119146469
378.2591362126246,0.1839129021613826
378.2790697674419,0.18309347857468825
378.2990033222592,0.1821088825333695
378.31893687707645,0.1809603562676442
378.3388704318937,0.1796493512991606
378.358803986711,0.17817752998675915
378.37873754152827,0.1765467674689107
378.39867109634554,0.1747591540755581
378.4186046511628,0.1728169982979858
378.4385382059801,0.17072283042420092
378.45847176079735,0.16847940696982056
378.4784053156146,0.1660897160617415
378.49833887043195,0.1635569839647511
378.5182724252492,0.1608846829814401
378.53820598006644,0.15807654100488497
378.5581395348837,0.1551365530642096
378.578073089701,0.15206899527750414
378.5980066445183,0.14887844171936684
378.6179401993356,0.14556978482501218
378.63787375415285,0.14214826009635903
378.6578073089701,0.1386194760541564
378.6777408637874,0.13498945060424863
378.6976744186047,0.13126465526587522
378.71760797342193,0.12745206906049586
378.7375415282392,0.12355924429671336
378.7574750830565,0.1195943870302333
378.77740863787375,0.1155664556473009
378.7973421926911,0.11148528183443762
378.81727574750835,0.10736171916707933
378.8372093023256,0.10320782566450803
378.8571428571429,0.0990370878637485
378.87707641196016,0.09486469511879182
378.89700996677743,0.09070787362916816
378.9169435215947,0.08658628955001865
378.936877076412,0.0825225283507631
378.95681063122925,0.07854265149801112
378.9767441860465,0.07467681849882689
378.9966777408638,0.07095993780308303
379.0166112956811,0.0674322680879508
379.0365448504984,0.06413982624506585
379.05647840531566,0.06113436910926552
379.0764119601329,0.05847261694625551
379.09634551495014,0.05621432311502907
379.1162790697675,0.05441885360910437
379.13621262458474,0.05314023225575705
379.156146179402,0.05242117804498905
379.1760797342193,0.05228735368582417
379.19601328903656,0.052743450259536445
379.2159468438539,0.05377242263471749
379.2358803986711,0.05533815112441895
379.25581395348837,0.05739060002542794
379.27574750830564,0.05987187983471991
379.2956810631229,0.06272175150333668
379.31561461794024,0.06588173962852215
379.3355481727575,0.06929768135140867
379.3554817275748,0.07292095477062832
379.37541528239205,0.07670877893936845
379.3953488372093,0.08062395423059986
379.4152823920266,0.08463432012482539
379.43521594684387,0.08871211058478964
379.45514950166114,0.09283331087701613
379.4750830564784,0.09697706810906867
379.4950166112957,0.10112517636089682
379.514950166113,0.10526163987916567
379.5348837209303,0.10937230914154
379.55481727574755,0.11344458100618818
379.5747508305648,0.11746715330337613
379.59468438538204,0.1214298247136439
379.61461794019937,0.12532333183320596
379.63455149501664,0.1291392165403214
379.6544850498339,0.13286971794556635
379.6744186046512,0.13650768424860005
379.69435215946845,0.14004650070825123
379.7142857142858,0.14348003066544
379.73421926910305,0.1468025671558052
379.75415282392026,0.150008793131074
379.77408637873754,0.15309374869511463
379.7940199335548,0.15605280407012667
379.81395348837214,0.15888163725568766
379.8338870431894,0.16157621554096116
379.8538205980067,0.16413278018847438
379.87375415282395,0.16654783373447773
379.8936877076412,0.16881812945287622
379.9136212624585,0.17094066261156024
379.93355481727576,0.172912663216547
379.95348837209303,0.17473158999300084
379.9734219269103,0.17639512539624366
379.9933554817276,0.17790117148164983
380.01328903654485,0.17924784649214728
380.0332225913622,0.18043348204613016
380.05315614617945,0.18145662082936545
380.0730897009967,0.18231601471125222
380.093023255814,0.18301062322048695
380.1129568106312,0.18353961232739596
380.13289036544853,0.18390235349106354
380.1528239202658,0.18409842293870604
380.1727574750831,0.18412760115328913
380.19269102990035,0.1839898725530461
380.2126245847176,0.18368542535392596
380.23255813953494,0.1832146516128072
380.2524916943522,0.18257814745649453
380.27242524916943,0.1817767135083938
380.2923588039867,0.1808113555322088
380.312292358804,0.17968328532019376
380.3322259136213,0.17839392186199934
380.3521594684386,0.17694489284035814
380.37209302325584,0.1753380365109692
380.3920265780731,0.17357540403730784
380.4119601328904,0.17165926236638177
380.43189368770766,0.1695920977499419
380.4518272425249,0.1673766200374512
380.4717607973422,0.16501576789369002
380.49169435215947,0.1625127151258102
380.51162790697674,0.15987087834369035
380.531561461794,0.15709392622520843
380.55149501661134,0.1541857907168539
380.5714285714286,0.1511506805724998
380.5913621262459,0.1479930977231533
380.61129568106315,0.14471785708206644
380.63122923588037,0.14133011052879804
380.6511627906977,0.13783537598989956
380.67109634551497,0.13423957275127707
380.69102990033224,0.1305490644101613
380.7109634551495,0.12677071121573494
380.7308970099668,0.12291193397400266
380.7508305647841,0.11898079222337038
380.7707641196014,0.11498608004279942
380.79069767441865,0.1109374436547101
380.81063122923587,0.1068455259418989
380.83056478405314,0.1027221441061059
380.85049833887047,0.09858050790953529
380.87043189368774,0.09443548713187161
380.890365448505,0.09030393776591253
380.9102990033223,0.08620509651447275
380.93023255813955,0.08216105132341858
380.9501661129569,0.07819729021870876
380.9700996677741,0.07434331869807807
380.99003322259136,0.07063331294484064
381.00996677740864,0.06710673627407845
381.0299003322259,0.0638087833964209
381.04983388704323,0.060790429352973324
381.0697674418605,0.05810775926215656
381.0897009966778,0.05582018267168286
381.10963455149505,0.05398717641078596
381.1295681063123,0.05266346456590196
381.1495016611296,0.05189309406344062
381.16943521594686,0.05170356809340707
381.18936877076413,0.05210166326892099
381.2093023255814,0.05307232583842069
381.2292358803987,0.05458104540760171
381.249169435216,0.05657886772617739
381.2691029900333,0.05900846536234999
381.28903654485055,0.061809752294967164
381.3089700996678,0.06492414047409681
381.32890365448503,0.06829721615801497
381.34883720930236,0.07188005957636304
381.36877076411963,0.07562959993431144
381.3887043189369,0.07950838323655335
381.4086378737542,0.08348403984635884
381.42857142857144,0.08752863975639832
381.4485049833887,0.09161804461426694
381.46843853820604,0.09573131181253026
381.48837209302326,0.0998501731154474
381.50830564784053,0.10395859201435244
381.5282392026578,0.10804239486366074
381.5481727574751,0.1120889670187256
381.5681063122924,0.1160870042345841
381.58803986710967,0.12002631003892109
381.60797342192694,0.12389763084932115
381.6279069767442,0.1276925218330582
381.6478405315615,0.13140323769600687
381.66777408637876,0.13502264364559668
381.687707641196,0.13854414267340912
381.7076411960133,0.14196161604931073
381.72757475083057,0.14526937452720945
381.74750830564784,0.14846211825326525
381.76744186046517,0.15153490376086387
381.78737541528244,0.1544831167513455
381.8073089700997,0.15730244961053422
381.827242524917,0.15998888281173962
381.8471760797342,0.1625386695162382
381.8671096345515,0.16494832281063235
381.8870431893688,0.16721460512362654
381.90697674418607,0.16933451944783218
381.92691029900334,0.17130530205931607
381.9468438538206,0.1731244164820349
381.9667774086379,0.17478954848872266
381.9867109634552,0.17629860196593383
382.0066445182724,0.17764969550095158
382.0265780730897,0.17884115957281568
382.04651162790697,0.1798715342503051
382.06644518272424,0.18073956731687602
382.08637873754157,0.18144421275725048
382.10631229235884,0.18198462955261577
382.1262458471761,0.182360180742291
382.1461794019934,0.18257043271918497
382.16611295681065,0.18261515473480575
382.1860465116279,0.18249431859734497
382.2059800664452,0.1822080985536752
382.22591362126246,0.18175687135301122
382.24584717607974,0.1811412164969812
382.265780730897,0.180361916687885
382.28571428571433,0.17941995849426065
382.3056478405316,0.1783165332609409
382.3255813953489,0.1770530382994423
382.34551495016615,0.17563107840439468
382.36544850498336,0.17405246775304575
382.3853820598007,0.1723192322577741
382.40531561461796,0.17043361245700075
382.42524916943523,0.16839806704795274
382.4451827242525,0.1662152771863973
382.4651162790698,0.16388815170461016
382.4850498338871,0.16141983343040636
382.5049833887044,0.15881370682851217
382.52491694352165,0.1560734072325389
382.54485049833886,0.15320283199373352
382.56478405315613,0.15020615394369732
382.58471760797346,0.14708783765665714
382.60465116279073,0.14385265910612083
382.624584717608,0.14050572944700246
382.6445182724253,0.13705252382433702
382.66445182724254,0.13349891632180183
382.6843853820599,0.12985122242877176
382.7043189368771,0.126116250736149
382.72425249169436,0.1223013659845334
382.74418604651163,0.11841456610135617
382.7641196013289,0.1144645764951272
382.78405315614623,0.11046096564310555
382.8039867109635,0.10641428692275166
382.82392026578077,0.1023362526897304
382.84385382059804,0.09823994774637655
382.8637873754153,0.09414009044675739
382.8837209302326,0.09005335047257668
382.90365448504986,0.08599873225145296
382.9235880398671,0.08199803109531478
382.9435215946844,0.07807636371583766
382.96345514950167,0.07426276306504452
382.98338870431894,0.0705908052988259
383.00332225913627,0.06709919857126281
383.02325581395354,0.06383220375709456
383.0431893687708,0.060839674482392046
383.063122923588,0.05817640940404144
383.0830564784053,0.05590044210267904
383.1029900332226,0.054069931079624996
383.1229235880399,0.05273855792337314
383.14285714285717,0.05194985315984726
383.16279069767444,0.05173153011103444
383.1827242524917,0.05209135828467577
383.20265780730904,0.05301592409868222
383.22259136212625,0.054472718561733226
383.2425249169435,0.05641482274658992
383.2624584717608,0.058786718791058026
383.28239202657807,0.06152976543932443
383.3023255813954,0.06458642776961988
383.32225913621266,0.06790299849564668
383.34219269102994,0.07143099256302979
383.3621262458472,0.07512757870293327
383.3820598006645,0.07895541169381304
383.40199335548175,0.08288214850321428
383.421926910299,0.08687983759998148
383.4418604651163,0.09092429356235143
383.46179401993356,0.09499451546569666
383.48172757475083,0.09907217414356466
383.5016611295681,0.10314117445981798
383.52159468438543,0.10718728900080242
383.5415282392027,0.11119785531714063
383.56146179402,0.11516152756454565
383.5813953488372,0.11906807363176668
383.60132890365446,0.12290820975858557
383.6212624584718,0.1266734657832371
383.64119601328906,0.1303560752890889
383.66112956810633,0.13394888594223103
383.6810631229236,0.13744528619024496
383.7009966777409,0.14083914522502652
383.7209302325582,0.1441247637130614
383.7408637873754,0.14729683328274812
383.7607973421927,0.15035040314953582
383.78073089700996,0.15328085257322865
383.80066445182723,0.15608386809265176
383.82059800664456,0.15875542468350587
383.84053156146183,0.16129177014591825
383.8604651162791,0.16368941215699523
383.8803986710964,0.16594510752736744
383.90033222591364,0.16805585328403796
383.9202657807309,0.17001887926959194
383.9401993355482,0.1718316420023988
383.96013289036546,0.17349181958737486
383.98006644518273,0.1749973075031589
384.0,0.17634621512190551
384.0199335548173,0.17753686284255257
384.0398671096346,0.17856777973929472
384.05980066445187,0.1794377016442632
384.07973421926914,0.18014556959814748
384.09966777408636,0.18069052861500431
384.1196013289037,0.18107192671846722
384.13953488372096,0.18128931421594233
384.1594684385382,0.18134244318609646
384.1794019933555,0.1812312671626115
384.19933554817277,0.1809559410045552
384.2192691029901,0.1805168209506281
384.23920265780737,0.1799144648616745
384.25913621262464,0.179149632662626
384.27906976744185,0.17822328700268134
384.2990033222591,0.1771365941603184
384.31893687707645,0.17589092522842004
384.3388704318937,0.17448785762472946
384.358803986711,0.17292917698389404
384.37873754152827,0.17121687950028966
384.39867109634554,0.16935317480617706
384.4186046511628,0.1673404894874453
384.4385382059801,0.1651814713609503
384.45847176079735,0.16287899466307157
384.4784053156146,0.16043616633048868
384.4983388704319,0.15785633359219395
384.51827242524917,0.1551430931382269
384.5382059800665,0.15230030218774188
384.55813953488376,0.1493320918493917
384.57807308970104,0.14624288325405194
384.5980066445183,0.14303740704797427
384.6179401993355,0.13972072696877205
384.63787375415285,0.13629826839428896
384.6578073089701,0.1327758529635831
384.6777408637874,0.1291597406306691
384.69767441860466,0.12545668083816192
384.71760797342193,0.12167397490451476
384.73754152823926,0.11781955222298558
384.75747508305653,0.11390206349103396
384.7774086378738,0.10993099494248518
384.797342192691,0.10591680845147515
384.8172757475083,0.10187111340767128
384.8372093023256,0.09780687737833309
384.8571428571429,0.0937386836482656
384.87707641196016,0.08968304449369356
384.89700996677743,0.08565877897512675
384.9169435215947,0.08168746217005426
384.936877076412,0.07779394745466046
384.95681063122925,0.07400695199595529
384.9767441860465,0.07035967399154255
384.9966777408638,0.06689037304736327
385.01661129568106,0.06364278697726922
385.03654485049833,0.0606661776438565
385.05647840531566,0.058014706124612424
385.07641196013293,0.055745770604860634
385.0963455149502,0.053916974145143425
385.1162790697675,0.05258162478401981
385.1362126245847,0.05178316522202438
385.156146179402,0.05154957516172215
385.1760797342193,0.05188924168999519
385.19601328903656,0.052789634842242396
385.2159468438538,0.054219255083416885
385.2358803986711,0.05613217398124505
385.2558139534884,0.05847373941981563
385.2757475083057,0.061186001064027745
385.29568106312297,0.06421193724726718
385.3156146179402,0.06749820121381715
385.33554817275746,0.07099655052855736
385.3554817275748,0.07466431210677689
385.37541528239205,0.07846424172512764
385.3953488372093,0.0823640602780306
385.4152823920266,0.08633585700940731
385.43521594684387,0.0903554733162269
385.4551495016612,0.09440192699230258
385.4750830564784,0.09845690309726135
385.4950166112957,0.10250431837449242
385.51495016611295,0.10652995616284491
385.5348837209302,0.11052116428441776
385.55481727574755,0.1144666069844039
385.5747508305648,0.11835606215393232
385.5946843853821,0.12218025592746287
385.61461794019937,0.12593072784827533
385.63455149501664,0.12959972090420901
385.6544850498339,0.13318009174445622
385.6744186046512,0.13666523725820115
385.69435215946845,0.14004903442381245
385.7142857142857,0.1433257909345679
385.734219269103,0.14649020459143242
385.7541528239203,0.14953732984365073
385.7740863787376,0.15246255017086174
385.79401993355486,0.15526155525110802
385.81395348837214,0.15793032205965438
385.83388704318935,0.16046509920415028
385.8538205980067,0.1628623939306498
385.87375415282395,0.16511896133852247
385.8936877076412,0.16723179542594666
385.9136212624585,0.16919812165528492
385.93355481727576,0.17101539078240321
385.95348837209303,0.1726812737388461
385.97342192691036,0.1741936573922726
385.99335548172763,0.17555064104083776
386.01328903654485,0.17675053352181527
386.0332225913621,0.1777918508357975
386.0531561461794,0.17867331420490892
386.0730897009967,0.17939384849833281
386.093023255814,0.1799525809707894
386.11295681063126,0.18034884027064646
386.13289036544853,0.18058215568358651
386.1528239202658,0.18065225658646322
386.1727574750831,0.18055907209351563
386.19269102990035,0.1803027308843951
386.2126245847176,0.17988356121027177
386.2325581395349,0.17930209108114514
386.25249169435216,0.17855904864429284
386.2724252491695,0.17765536277096886
386.29235880398676,0.17659216387611656
386.31229235880403,0.17537078500419362
386.3322259136213,0.1739927632237716
386.3521594684385,0.17245984138401355
386.37209302325584,0.17077397029876118
386.3920265780731,0.16893731143819907
386.4119601328904,0.16695224022542204
386.43189368770766,0.16482135005547469
386.4518272425249,0.1625474571790529
386.4717607973422,0.16013360662281667
386.4916943521595,0.15758307935424598
386.5116279069768,0.1548994009431627
386.531561461794,0.15208635202619286
386.5514950166113,0.14914798094715695
386.57142857142856,0.14608861902898893
386.5913621262459,0.14291289903500945
386.61129568106315,0.13962577750517832
386.6312292358804,0.13623256181153298
386.6511627906977,0.13273894297605843
386.67109634551497,0.1291510355424233
386.69102990033224,0.12547542610391818
386.7109634551495,0.12171923247778915
386.7308970099668,0.11789017599866633
386.75083056478405,0.11399667000016651
386.7707641196013,0.11004792828189146
386.79069767441865,0.10605409823372987
386.8106312292359,0.1020264243075835
386.8305647840532,0.0979774486561303
386.85049833887047,0.09392125689758932
386.8704318936877,0.08987377789050302
386.890365448505,0.08585314666340899
386.9102990033223,0.08188013840427491
386.93023255813955,0.07797867720024458
386.9501661129568,0.07417641358542404
386.9700996677741,0.07050534612421551
386.9900332225914,0.06700242900565408
387.0099667774087,0.06371005408684655
387.02990033222596,0.06067621864928625
387.0498338870432,0.05795409604599534
387.06976744186045,0.05560064547346552
387.0897009966778,0.053673897010413384
387.10963455149505,0.05222873074407549
387.1295681063123,0.05131141536026015
387.1495016611296,0.05095382197516923
387.16943521594686,0.05116877917169833
387.1893687707642,0.05194803953526892
387.20930232558146,0.053263573864309716
387.2292358803987,0.055071734384488015
387.24916943521595,0.05731892579220329
387.2691029900332,0.059947252904753556
387.28903654485055,0.06289907637319586
387.3089700996678,0.06612007183303956
387.3289036544851,0.06956089548240565
387.34883720930236,0.07317779865009047
387.36877076411963,0.07693256633489153
387.3887043189369,0.08079208468367509
387.4086378737542,0.08472774727061835
387.42857142857144,0.088714827600193
387.4485049833887,0.09273188624869075
387.468438538206,0.09676024357028638
387.48837209302326,0.10078352722106344
387.5083056478406,0.10478729238218486
387.52823920265786,0.10875870736258954
387.54817275747513,0.11268629550243868
387.56810631229234,0.11655972431415824
387.5880398671096,0.12036963362804753
387.60797342192694,0.12410749563205843
387.6279069767442,0.12776550084445096
387.6478405315615,0.13133646511102903
387.66777408637876,0.13481375363054932
387.687707641196,0.13819121877549387
387.70764119601336,0.14146314910248226
387.7275747508306,0.14462422745525552
387.74750830564784,0.14766949647216787
387.7674418604651,0.1505943301383296
387.7873754152824,0.15339441028463716
387.8073089700997,0.15606570714576562
387.827242524917,0.15860446325683056
387.84717607973425,0.1610071801028358
387.8671096345515,0.16327060704300694
387.8870431893688,0.16539173211899819
387.90697674418607,0.16736777442608283
387.92691029900334,0.16919617778354787
387.9468438538206,0.17087460548662853
387.9667774086379,0.17240093596035488
387.98671096345515,0.17377325916666564
388.0066445182724,0.1749898736419006
388.02657807308975,0.17604928406313872
388.046511627907,0.17695019925961206
388.0664451827243,0.1776915306005511
388.0863787375415,0.17827239070368164
388.1063122923588,0.17869209241959316
388.1262458471761,0.17895014805691334
388.1461794019934,0.17904626882183156
388.16611295681065,0.17898036445330417
388.1860465116279,0.17875254304264082
388.2059800664452,0.17836311103291325
388.2259136212625,0.1778125734006625
388.2458471760798,0.17710163402900386
388.265780730897,0.1762311962885431
388.2857142857143,0.1752023638499782
388.30564784053155,0.17401644176066483
388.3255813953489,0.17267493782656615
388.34551495016615,0.17117956435167403
388.3654485049834,0.1695322402990545
388.3853820598007,0.16773509395179836
388.40531561461796,0.1657904661691245
388.42524916943523,0.16370091435262182
388.4451827242525,0.16146921726173127
388.4651162790698,0.15909838084649136
388.48504983388705,0.15659164530061068
388.5049833887043,0.15395249358105287
388.52491694352165,0.15118466169264907
388.5448504983389,0.1482921511011771
388.5647840531562,0.14527924371819992
388.58471760797346,0.14215052000000322
388.6046511627907,0.13891088082606634
388.624584717608,0.13556557397575816
388.6445182724253,0.13212022621318867
388.66445182724254,0.1285808822287275
388.6843853820598,0.1249540519836823
388.7043189368771,0.12124676837577195
388.7242524916944,0.11746665760346749
388.7441860465117,0.11362202517506262
388.76411960132896,0.1097219611998166
388.7840531561462,0.10577646942592908
388.80398671096344,0.10179662545075768
388.82392026578077,0.09779477058861363
388.84385382059804,0.09378474894465633
388.8637873754153,0.08978219609612721
388.8837209302326,0.08580488800190918
388.90365448504986,0.08187315756567443
388.9235880398671,0.0780103822990722
388.94352159468446,0.07424353750759731
388.96345514950167,0.07060379187328868
388.98338870431894,0.06712709142629099
389.0033222591362,0.06385462826447204
389.0232558139535,0.060833018764701825
389.0431893687708,0.05811392811811365
389.0631229235881,0.05575280030539969
389.08305647840535,0.05380634567266357
389.1029900332226,0.05232859521125069
389.12292358803984,0.05136573085108584
389.14285714285717,0.050950503444254766
389.16279069767444,0.05109759222595768
389.1827242524917,0.05180132905575233
389.202657807309,0.05303657169678468
389.22259136212625,0.054762420521693486
389.2425249169436,0.05692756278109199
389.26245847176085,0.05947577603295965
389.2823920265781,0.06235049797051708
389.30232558139534,0.06549799161218195
389.3222591362126,0.06886914552349323
389.34219269102994,0.07242021199307139
389.3621262458472,0.07611284179205306
389.3820598006645,0.07991371885934916
389.40199335548175,0.08379400973126179
389.421926910299,0.08772876164798919
389.4418604651163,0.09169632352207026
389.4617940199336,0.09567782505161433
389.48172757475083,0.09965672623642595
389.5016611295681,0.10361843712896322
389.5215946843854,0.10755000170980988
389.54152823920265,0.11143983752779911
389.56146179402,0.11527752244984946
389.58139534883725,0.11905362050539307
389.6013289036545,0.12275953981988512
389.6212624584718,0.12638741671598977
389.641196013289,0.12993002107861415
389.66112956810633,0.1333806789732049
389.6810631229236,0.13673320926248572
389.7009966777409,0.13998187159115372
389.72093023255815,0.1431213236170373
389.7408637873754,0.1461465857783978
389.76079734219275,0.14905301221746148
389.78073089701,0.1518362667452115
389.8006644518273,0.15449230294470911
389.8205980066445,0.15701734767999867
389.8405315614618,0.1594078874142811
389.8604651162791,0.161660656850442
389.8803986710964,0.16377262949551805
389.90033222591364,0.165741009821988
389.9202657807309,0.16756322675681445
389.9401993355482,0.16923692827618486
389.9601328903655,0.1707599769226064
389.9800664451828,0.17213044609256614
390.0,0.17334661696919543
390.01993355481727,0.17440697599605076
390.03986710963454,0.17531021280636094
390.05980066445187,0.1760552185372984
390.07973421926914,0.176641084472039
390.0996677740864,0.17706710096336245
390.1196013289037,0.17733275660265027
390.13953488372096,0.17743773760657328
390.1594684385382,0.17738192740182962
390.1794019933555,0.177165406395482
390.19933554817277,0.17678845192550194
390.21926910299004,0.176251538392774
390.2392026578073,0.17555533758282346
390.25913621262464,0.1747007191924333
390.2790697674419,0.17368875158391286
390.2990033222592,0.1725207027980153
390.31893687707645,0.17119804186552426
390.33887043189367,0.1697224404680036
390.358803986711,0.1680957750100419
390.37873754152827,0.16632012917938876
390.39867109634554,0.1643977970877241
390.4186046511628,0.16233128710453562
390.4385382059801,0.16012332652000108
390.45847176079735,0.15777686720136783
390.4784053156147,0.1552950924417315
390.49833887043195,0.15268142524243303
390.51827242524917,0.14993953832210516
390.53820598006644,0.14707336620902509
390.5581395348837,0.14408711985252529
390.57807308970104,0.14098530428694492
390.5980066445183,0.13777274000333956
390.6179401993356,0.1344545888361451
390.63787375415285,0.131036385361783
390.6578073089701,0.12752407504353994
390.67774086378745,0.12392406065439365
390.69767441860466,0.12024325888067967
390.71760797342193,0.11648916947183545
390.7375415282392,0.11266995987430048
390.7574750830565,0.10879456898893573
390.7774086378738,0.10487283453712924
390.7973421926911,0.10091564951290455
390.81727574750835,0.0969351543108172
390.8372093023256,0.09294497226711103
390.85714285714283,0.0889604973374776
390.87707641196016,0.08499924305721923
390.89700996677743,0.08108126103257862
390.9169435215947,0.07722963365121888
390.936877076412,0.07347103721636185
390.95681063122925,0.06983635476410732
390.9767441860465,0.06636128740411298
390.99667774086384,0.06308686323485524
391.0166112956811,0.06005966959877814
391.03654485049833,0.05733154204281954
391.0564784053156,0.05495835720273142
391.0764119601329,0.0529975582779884
391.0963455149502,0.05150418940752861
391.1162790697675,0.05052561977468953
391.13621262458474,0.050095769535968386
391.156146179402,0.05023024034622682
391.1760797342193,0.05092385999494084
391.1960132890366,0.052151500278431864
391.2159468438538,0.05387187608616423
391.2358803986711,0.056033057277280716
391.25581395348837,0.05857814811092983
391.27574750830564,0.06144998656418293
391.29568106312297,0.0645943760746408
391.31561461794024,0.06796190059332187
391.3355481727575,0.07150864654643578
391.3554817275748,0.07519620842266421
391.375415282392,0.07899129282515187
391.3953488372093,0.0828651413923674
391.4152823920266,0.08679290827872511
391.43521594684387,0.09075306616729746
391.45514950166114,0.09472687510963748
391.4750830564784,0.09869792531965152
391.49501661129574,0.10265175275190369
391.514950166113,0.10657552056300608
391.5348837209303,0.11045775751096394
391.5548172757475,0.1142881442225415
391.57475083056477,0.11805733902775718
391.5946843853821,0.12175683616395924
391.61461794019937,0.12537885030169538
391.63455149501664,0.1289162224072183
391.6544850498339,0.13236234288008736
391.6744186046512,0.13571108868029394
391.6943521594685,0.1389567717968275
391.7142857142858,0.14209409692692498
391.734219269103,0.14511812665219948
391.75415282392026,0.14802425273101502
391.77408637873754,0.15080817239380054
391.79401993355486,0.1534658687409244
391.81395348837214,0.15599359451334577
391.8338870431894,0.15838785864282082
391.8538205980067,0.16064541509788724
391.87375415282395,0.16276325363013816
391.8936877076412,0.16473859209644118
391.9136212624585,0.16656887009034976
391.93355481727576,0.16825174366294188
391.95348837209303,0.16978508095159883
391.9734219269103,0.17116695856654185
391.9933554817276,0.17239565861114495
392.0132890365449,0.17346966623315263
392.0332225913622,0.17438766762241417
392.05315614617945,0.17514854838530952
392.07308970099666,0.17575139223943356
392.09302325581393,0.17619547998289709
392.11295681063126,0.17648028870224125
392.13289036544853,0.1766054911917475
392.1528239202658,0.17657095556441554
392.1727574750831,0.1763767450422307
392.19269102990035,0.17602311792000172
392.2126245847177,0.17551052770383221
392.23255813953494,0.17483962343173037
392.25249169435216,0.17401125019099528
392.27242524916943,0.17302644985405954
392.2923588039867,0.17188646206257333
392.31229235880403,0.17059272549829183
392.3322259136213,0.16914687948926566
392.3521594684386,0.167550766011441
392.37209302325584,0.16580643215905805
392.3920265780731,0.1639161331732994
392.4119601328904,0.16188233613704775
392.43189368770766,0.15970772446669987
392.4518272425249,0.15739520335871535
392.4717607973422,0.1549479063819851
392.49169435215947,0.15236920344723806
392.51162790697674,0.14966271043419493
392.53156146179407,0.14683230081787066
392.55149501661134,0.1438821197106884
392.5714285714286,0.14081660083000314
392.5913621262458,0.1376404870162758
392.6112956810631,0.1343588550713789
392.6312292358804,0.13097714586648923
392.6511627906977,0.12750120089378422
392.67109634551497,0.12393730671763313
392.69102990033224,0.1202922491320204
392.7109634551495,0.11657337926829682
392.73089700996684,0.11278869443867169
392.7508305647841,0.1089469371646569
392.7707641196013,0.10505771664091913
392.7906976744186,0.10113165782844016
392.81063122923587,0.09718058443504975
392.8305647840532,0.09321774315489176
392.85049833887047,0.08925807752836602
392.87043189368774,0.08531856029800715
392.890365448505,0.08141859250450904
392.9102990033223,0.07758047459351988
392.9302325581396,0.07382994746537293
392.9501661129568,0.07019678649429655
392.9700996677741,0.06671540445782348
392.99003322259136,0.06342537441664033
393.00996677740864,0.06037171632570464
393.02990033222596,0.05760470376334693
393.04983388704323,0.05517885965951223
393.0697674418605,0.05315077468310512
393.0897009966778,0.051575489114307684
393.109634551495,0.05050152339168581
393.1295681063123,0.04996522599532317
393.1495016611296,0.0499857176499933
393.16943521594686,0.050561934566836574
393.18936877076413,0.051672783086164686
393.2093023255814,0.05328035181910993
393.22923588039873,0.055335093012161767
393.249169435216,0.057781462867436885
393.2691029900333,0.06056278794533596
393.2890365448505,0.06362474857230299
393.30897009966776,0.06691743725709573
393.3289036544851,0.070396270562558
393.34883720930236,0.07402212259250322
393.36877076411963,0.07776100480249787
393.3887043189369,0.0815835275407346
393.4086378737542,0.08546429254627608
393.42857142857144,0.0893813003851701
393.4485049833888,0.09331541371269313
393.468438538206,0.09724989148410665
393.48837209302326,0.10116999519021881
393.50830564784053,0.10506266137396886
393.5282392026578,0.10891623200305789
393.54817275747513,0.11272023379641653
393.5681063122924,0.11646519818997604
393.58803986710967,0.12014251464673559
393.60797342192694,0.12374431113563074
393.62790697674416,0.12726335666337552
393.6478405315615,0.1306929816774441
393.66777408637876,0.13402701294924085
393.687707641196,0.13725972020025523
393.7076411960133,0.14038577226656604
393.72757475083057,0.14340020102683618
393.7475083056479,0.146298371663924
393.76744186046517,0.1490759581065345
393.78737541528244,0.15172892271810842
393.80730897009965,0.15425349947691772
393.8272425249169,0.1566461800329128
393.84717607973425,0.15890370214034377
393.8671096345515,0.16102304005676984
393.8870431893688,0.16300139657271523
393.90697674418607,0.16483619639601887
393.92691029900334,0.16652508066356408
393.9468438538206,0.16806590239264324
393.96677740863794,0.16945672271672826
393.98671096345515,0.17069580777740875
394.0066445182724,0.17178162616611223
394.0265780730897,0.1727128468282084
394.04651162790697,0.17348833735741384
394.0664451827243,0.17410716262170142
394.08637873754157,0.174568583673416
394.10631229235884,0.17487205690608967
394.1262458471761,0.1750172334292762
394.1461794019934,0.1750039586405078
394.16611295681065,0.17483227198091064
394.1860465116279,0.17450240686770702
394.2059800664452,0.17401479080376547
394.22591362126246,0.17337004567067069
394.24584717607974,0.17256898821903235
394.26578073089706,0.1716126307767368
394.28571428571433,0.1705021822038768
394.3056478405316,0.169239049131698
394.3255813953488,0.16782483753288172
394.3455149501661,0.16626135468166506
394.3654485049834,0.16455061157568251
394.3853820598007,0.1626948259066764
394.40531561461796,0.16069642568592554
394.42524916943523,0.15855805365210626
394.4451827242525,0.156282572616081
394.46511627906983,0.15387307192935742
394.4850498338871,0.15133287530223186
394.5049833887043,0.14866555024597883
394.5249169435216,0.14587491947258543
394.54485049833886,0.14296507465870298
394.5647840531562,0.1399403930710949
394.58471760797346,0.13680555766323055
394.60465116279073,0.1335655813929
394.624584717608,0.1302258366852536
394.6445182724253,0.12679209118403986
394.6644518272426,0.12327055120629687
394.6843853820598,0.11966791465601584
394.7043189368771,0.115991435575228
394.72425249169436,0.1122490030346584
394.74418604651163,0.10844923770718279
394.76411960132896,0.10460161024130084
394.78405315614623,0.10071658646239977
394.8039867109635,0.09680580545757025
394.82392026578077,0.09288229767658414
394.843853820598,0.08896075114486623
394.8637873754153,0.08505783440030065
394.8837209302326,0.08119258420228102
394.90365448504986,0.07738686328892222
394.9235880398671,0.07366588656686474
394.9435215946844,0.07005880008088235
394.96345514950167,0.06659927155190419
394.983388704319,0.06332600879573258
395.00332225913627,0.06028305842726233
395.0232558139535,0.05751965348398206
395.04318936877075,0.0550892928601433
395.063122923588,0.05304769587116206
395.08305647840535,0.051449366568281064
395.1029900332226,0.05034281775203552
395.1229235880399,0.049765056439218365
395.14285714285717,0.04973653434113923
395.16279069767444,0.05025802941205578
395.18272425249177,0.051310510580985874
395.202657807309,0.052858034658672115
395.22259136212625,0.054852691950328755
395.2425249169435,0.0572401403727022
395.2624584717608,0.05996448139692222
395.2823920265781,0.06297182118822618
395.3023255813954,0.06621242783874039
395.32225913621266,0.06964173330067684
395.34219269102994,0.07322053602588935
395.36212624584715,0.07691472812476972
395.3820598006645,0.08069478649347846
395.40199335548175,0.0845351822198778
395.421926910299,0.08841379663854937
395.4418604651163,0.09231138815555083
395.46179401993356,0.0962111271351962
395.48172757475083,0.1000982012920078
395.50166112956816,0.10395948666174147
395.52159468438543,0.10778327619209906
395.54152823920265,0.11155905730029479
395.5614617940199,0.11527733020494921
395.5813953488372,0.11892945978665286
395.6013289036545,0.12250755481193498
395.6212624584718,0.126004369395024
395.64119601328906,0.12941322249692339
395.66112956810633,0.1327279320494517
395.6810631229236,0.13594276094586372
395.70099667774093,0.1390523726740992
395.72093023255815,0.14205179480076724
395.7408637873754,0.14493638886150423
395.7607973421927,0.14770182549177902
395.78073089700996,0.15034406385516386
395.8006644518273,0.15285933460454973
395.82059800664456,0.15524412575479773
395.84053156146183,0.15749517096013538
395.8604651162791,0.15960943978209396
395.8803986710964,0.1615841296083336
395.90033222591364,0.1634166589432036
395.9202657807309,0.1651046618399413
395.9401993355482,0.1666459832846267
395.96013289036546,0.1680386753747694
395.98006644518273,0.1692809941626448
396.00000000000006,0.17037139705582466
396.0199335548173,0.1713085406862363
396.0398671096346,0.17209127917474742
396.0598006644518,0.17271866273164743
396.0797342192691,0.17318993654495127
396.0996677740864,0.1735045399183806
396.1196013289037,0.1736621056295841
396.13953488372096,0.17366245948734715
396.1594684385382,0.1735056200735109
396.1794019933555,0.17319179866245846
396.1993355481728,0.17272139931755526
396.2192691029901,0.17209501917062509
396.2392026578073,0.17131344889733802
396.2591362126246,0.1703776734086299
396.27906976744185,0.16928887278597166
396.2990033222592,0.16804842349704457
396.31893687707645,0.16665789993796853
396.3388704318937,0.1651190763594994
396.358803986711,0.1634339292474598
396.37873754152827,0.16160464024309582
396.39867109634554,0.15963359970692298
396.4186046511628,0.15752341105157353
396.4385382059801,0.1552768959950471
396.45847176079735,0.15289710091759626
396.4784053156146,0.1503873045439329
396.4983388704319,0.14775102721978836
396.5182724252492,0.14499204210973451
396.5382059800665,0.1421143887149567
396.55813953488376,0.1391223891981337
396.578073089701,0.1360206681127617
396.59800664451825,0.13281417627116912
396.6179401993356,0.12950821965632597
396.63787375415285,0.12610849449584272
396.6578073089701,0.12262112988307802
396.6777408637874,0.11905273966248199
396.69767441860466,0.11541048570996958
396.717607973422,0.11170215525058672
396.73754152823926,0.10793625548272397
396.7574750830565,0.10412212953528951
396.77740863787375,0.10027009867629777
396.797342192691,0.09639163670098759
396.81727574750835,0.09249958349031001
396.8372093023256,0.0886084056930745
396.8571428571429,0.08473451302904142
396.87707641196016,0.08089663823373308
396.89700996677743,0.07711628608778791
396.9169435215947,0.07341825046387256
396.936877076412,0.06983118497037732
396.95681063122925,0.06638818833884602
396.9767441860465,0.06312732490454087
396.9966777408638,0.060091938773415995
397.01661129568106,0.05733053851695537
397.0365448504984,0.05489594377248544
397.05647840531566,0.05284334119978169
397.07641196013293,0.05122697634100917
397.09634551495014,0.0500955031924944
397.1162790697674,0.049486545695403505
397.13621262458474,0.049421626160974945
397.156146179402,0.049902909718945294
397.1760797342193,0.05091285360682159
397.19601328903656,0.052416886108751316
397.2159468438538,0.05436820181542188
397.23588039867116,0.05671324063041746
397.2558139534884,0.05939658724119356
397.27574750830564,0.06236459755546134
397.2956810631229,0.06556762982317954
397.3156146179402,0.06896110982420875
397.3355481727575,0.07250577964149041
397.3554817275748,0.07616745478432484
397.37541528239205,0.07991653289040386
397.3953488372093,0.0837274123153741
397.4152823920266,0.08757791217520149
397.4352159468439,0.09144874018555091
397.45514950166114,0.09532302700758423
397.4750830564784,0.09918593038891134
397.4950166112957,0.10302430464775167
397.51495016611295,0.10682642778884865
397.5348837209303,0.11058177771446623
397.55481727574755,0.1142808493815034
397.5747508305648,0.1179150056643534
397.5946843853821,0.12147635574558623
397.61461794019937,0.1249576558887114
397.63455149501664,0.12835222837101387
397.6544850498339,0.13165389514361867
397.6744186046512,0.13485692344236583
397.69435215946845,0.13795598111014573
397.7142857142857,0.14094609982590028
397.73421926910305,0.14382264478546197
397.7541528239203,0.14658128965958975
397.7740863787376,0.1492179958794212
397.7940199335548,0.1517289954790068
397.8139534883721,0.1541107768690294
397.8338870431894,0.15636007303128124
397.8538205980067,0.1584738517166998
397.87375415282395,0.1604493073049452
397.8936877076412,0.162283854044314
397.9136212624585,0.16397512044032797
397.93355481727576,0.16552094460171185
397.9534883720931,0.16691937038548077
397.9734219269103,0.16816864421031139
397.9933554817276,0.1692672124297535
398.01328903654485,0.17021371917583486
398.0332225913621,0.17100700459938825
398.05315614617945,0.17164610344681347
398.0730897009967,0.1721302439245157
398.093023255814,0.17245884681224086
398.11295681063126,0.17263152479527874
398.13289036544853,0.17264808199348058
398.1528239202658,0.1725085136721303
398.1727574750831,0.17221300612670237
398.19269102990035,0.17176193673992485
398.2126245847176,0.17115587421619569
398.2325581395349,0.17039557900509725
398.2524916943522,0.16948200393264004
398.2724252491695,0.16841629506657713
398.29235880398676,0.16719979285035946
398.312292358804,0.16583403354974993
398.33222591362124,0.16432075106693197
398.3521594684386,0.1626618791892298
398.37209302325584,0.16085955435455257
398.3920265780731,0.15891611903270084
398.4119601328904,0.15683412584284492
398.43189368770766,0.1546163425522875
398.4518272425249,0.15226575813206597
398.47176079734226,0.14978559008205158
398.49169435215947,0.14717929328322235
398.51162790697674,0.1444505706906116
398.531561461794,0.1416033862490003
398.5514950166113,0.1386419804982213
398.5714285714286,0.13557088944071
398.5913621262459,0.13239496737508355
398.61129568106315,0.12911941456355547
398.6312292358804,0.1257498108059435
398.6511627906977,0.12229215624905672
398.67109634551497,0.1187529210806641
398.69102990033224,0.11513910615608625
398.7109634551495,0.11145831710097842
398.7308970099668,0.10771885504340703
398.75083056478405,0.10392982786868833
398.7707641196014,0.10010128677063858
398.79069767441865,0.09624439388258876
398.8106312292359,0.09237162786042477
398.83056478405314,0.08849703532789946
398.8504983388704,0.08463653680510125
398.87043189368774,0.08080829558720173
398.890365448505,0.07703315604484982
398.9102990033223,0.07333515229508049
398.93023255813955,0.06974207641296494
398.9501661129568,0.0662860732432186
398.97009966777415,0.06300419110721248
398.9900332225914,0.05993875907919211
399.00996677740864,0.057137381148659065
399.0299003322259,0.054652247992086685
399.0498338870432,0.052538407983632754
399.0697674418605,0.05085068799862834
399.0897009966778,0.04963921031498639
399.10963455149505,0.04894395960622549
399.1295681063123,0.04878948181787261
399.1495016611296,0.049181184896635366
399.1694352159469,0.05010446695989233
399.18936877076413,0.051526983159147964
399.2093023255814,0.05340326256965746
399.2292358803987,0.05568024459957907
399.24916943521595,0.058302381816222194
399.2691029900333,0.06121550813630385
399.28903654485055,0.06436927718560599
399.3089700996678,0.06771837225890455
399.3289036544851,0.07122283995445243
399.34883720930236,0.07484788745205498
399.36877076411963,0.07856340302130672
399.3887043189369,0.08234337082717058
399.4086378737542,0.08616528000918508
399.42857142857144,0.09000957929179762
399.4485049833887,0.09385919839319477
399.468438538206,0.09769914066092125
399.4883720930233,0.10151614284247104
399.5083056478406,0.10529839425026363
399.5282392026578,0.10903530658767632
399.5481727574751,0.11271732603839824
399.56810631229234,0.1163357801353458
399.58803986710967,0.11988275301541197
399.60797342192694,0.12335098373402074
399.6279069767442,0.12673378327107818
399.6478405315615,0.13002496667912083
399.66777408637876,0.13321879750582902
399.6877076411961,0.1363099421801767
399.7076411960133,0.13929343250209164
399.72757475083057,0.14216463473774216
399.74750830564784,0.14491922411268396
399.7674418604651,0.14755316372704383
399.78737541528244,0.1500626871025862
399.8073089700997,0.15244428372000796
399.827242524917,0.15469468702385225
399.84717607973425,0.15681086446842707
399.8671096345515,0.1587900092550882
399.8870431893688,0.16062953347383357
399.90697674418607,0.16232706241292558
399.92691029900334,0.16388042984142498
399.9468438538206,0.16528767410354112
399.9667774086379,0.16654703489145264
399.98671096345515,0.167656950586303
400.0066445182725,0.16861605607639915
400.02657807308975,0.16942318097749234
400.04651162790697,0.17007734819397335
400.06644518272424,0.1705777727711311
400.0863787375415,0.17092386099905219
400.10631229235884,0.17111520973734293
400.1262458471761,0.17115160593798107
400.1461794019934,0.1710330263508391
400.16611295681065,0.17075963740319686
400.1860465116279,0.1703317952511991
400.20598006644525,0.16975004600765867
400.22591362126246,0.16901512615724085
400.24584717607974,0.16812796317711648
400.265780730897,0.16708967638842387
400.2857142857143,0.1659015780723924
400.3056478405316,0.16456517489397668
400.3255813953489,0.16308216968663355
400.34551495016615,0.16145446366395824
400.3654485049834,0.15968415913841505
400.3853820598007,0.15777356284441013
400.40531561461796,0.15572518998327758
400.42524916943523,0.15354176913234865
400.4451827242525,0.15122624818993263
400.4651162790698,0.14878180156409776
400.48504983388705,0.14621183885747827
400.5049833887044,0.14352001535441047
400.52491694352165,0.14071024468384166
400.5448504983389,0.13778671411400983
400.56478405315613,0.1347539030378466
400.5847176079734,0.13161660533586222
400.60465116279073,0.1283799564627207
400.624584717608,0.12504946630307423
400.6445182724253,0.12163105909097628
400.66445182724254,0.11813112199828671
400.6843853820598,0.11455656438489296
400.70431893687714,0.11091489018400931
400.7242524916944,0.10721428648733729
400.74418604651163,0.10346373211276663
400.7641196013289,0.09967313079138108
400.7840531561462,0.09585347459099262
400.8039867109635,0.09201704425384671
400.82392026578077,0.08817765414314291
400.84385382059804,0.08435095020633573
400.8637873754153,0.08055476926406711
400.8837209302326,0.07680956609727901
400.90365448504986,0.07313890963519185
400.9235880398671,0.06957003845152133
400.9435215946844,0.06613444487089389
400.96345514950167,0.06286842115660188
400.98338870431894,0.05981344536305408
401.0033222591362,0.05701620720568831
401.02325581395354,0.05452798670751802
401.0431893687708,0.052403036891331155
401.0631229235881,0.0506956592548689
401.08305647840535,0.04945589327258569
401.10299003322257,0.04872422000114767
401.1229235880399,0.04852629328325018
401.14285714285717,0.04886912448082227
401.16279069767444,0.04973996598369515
401.1827242524917,0.05110828880505611
401.202657807309,0.052930165713580814
401.2225913621263,0.055153688237115125
401.2425249169436,0.057724062524008975
401.2624584717608,0.06058754252010784
401.28239202657807,0.06369395956857393
401.30232558139534,0.06699801861953468
401.32225913621266,0.0704596992185893
401.34219269102994,0.07404409919912039
401.3621262458472,0.07772098416735353
401.3820598006645,0.08146421874269681
401.40199335548175,0.08525118387658345
401.421926910299,0.08906223473657575
401.4418604651163,0.09288022259001226
401.46179401993356,0.09669008647228661
401.48172757475083,0.10047851135093024
401.5016611295681,0.10423364549465652
401.5215946843854,0.10794486854916054
401.5415282392027,0.11160260203231784
401.56146179402,0.11519815480551948
401.58139534883725,0.11872359713128432
401.6013289036545,0.12217165797694321
401.62126245847173,0.1255356411746059
401.64119601328906,0.12880935686503778
401.66112956810633,0.13198706533551682
401.6810631229236,0.13506343092122272
401.7009966777409,0.13803348409293856
401.72093023255815,0.14089259021876333
401.7408637873755,0.14363642378008476
401.76079734219275,0.14626094705606363
401.78073089700996,0.14876239247836745
401.80066445182723,0.15113724800771017
401.8205980066445,0.15338224500439898
401.84053156146183,0.1554943481615295
401.8604651162791,0.1574707471477626
401.8803986710964,0.15930884966957154
401.90033222591364,0.1610062757141621
401.9202657807309,0.1625608527760472
401.94019933554824,0.1639706119043884
401.96013289036546,0.1652337844364116
401.98006644518273,0.16634879930542215
402.0,0.16731428083142072
402.01993355481727,0.16812904691839203
402.0398671096346,0.16879210759626986
402.05980066445187,0.16930266385721485
402.07973421926914,0.1696601067460105
402.0996677740864,0.16986401667337608
402.1196013289037,0.16991416292888034
402.13953488372096,0.1698105033776034
402.1594684385382,0.16955318433122712
402.1794019933555,0.16914254059113545
402.19933554817277,0.1685790956673109
402.21926910299004,0.16786356218353476
402.23920265780737,0.16699684248622404
402.25913621262464,0.16598002948169177
402.2790697674419,0.16481440773466874
402.2990033222591,0.16350145487014028
402.3189368770764,0.16204284333088972
402.3388704318937,0.16044044255515952
402.358803986711,0.15869632165316164
402.37873754152827,0.15681275267762093
402.39867109634554,0.15479221460379516
402.4186046511628,0.1526373981582061
402.4385382059801,0.15035121166460874
402.4584717607974,0.14793678811081304
402.4784053156146,0.14539749368356727
402.4983388704319,0.1427369380712727
402.51827242524917,0.13995898690014574
402.53820598006644,0.13706777675004117
402.55813953488376,0.13406773329632812
402.57807308970104,0.13096359324922102
402.5980066445183,0.12776043091719538
402.6179401993356,0.12446369041516456
402.63787375415285,0.12107922478065251
402.6578073089701,0.11761334356346573
402.6777408637874,0.11407287083141311
402.69767441860466,0.11046521600147739
402.71760797342193,0.1067984604807285
402.7375415282392,0.10308146379874453
402.75747508305653,0.09932399374324259
402.7774086378738,0.09553688596451457
402.7973421926911,0.09173223954746529
402.81727574750835,0.08792365604760015
402.83720930232556,0.08412653020019421
402.8571428571429,0.08035840045961755
402.87707641196016,0.07663936582827775
402.89700996677743,0.07299257057601202
402.9169435215947,0.0694447479625576
402.936877076412,0.06602679424746566
402.95681063122925,0.06277431017887937
402.9767441860466,0.059727993747858435
402.9966777408638,0.056933693659300205
403.01661129568106,0.054441847376522995
403.03654485049833,0.05230596431155527
403.0564784053156,0.050579842345102675
403.07641196013293,0.04931341760922346
403.0963455149502,0.04854759948996838
403.1162790697675,0.048309040998094036
403.13621262458474,0.048606226255125694
403.156146179402,0.04942813312570005
403.1760797342193,0.050745940675482715
403.19601328903656,0.05251718701990474
403.2159468438538,0.05469106533267961
403.2358803986711,0.05721350577414983
403.25581395348837,0.060031165944266766
403.2757475083057,0.06309404573757385
403.29568106312297,0.0663568660339235
403.31561461794024,0.06977953501704577
403.3355481727575,0.07332703734599298
403.3554817275747,0.07696901226104942
403.37541528239205,0.08067920116945307
403.3953488372093,0.08443487321701511
403.4152823920266,0.0882162864854107
403.43521594684387,0.09200621038666548
403.45514950166114,0.09578951638781036
403.47508305647847,0.09955283457973578
403.49501661129574,0.1032842692519637
403.51495016611295,0.10697316521299176
403.5348837209302,0.1106099166821004
403.5548172757475,0.11418581135144018
403.5747508305648,0.11769290323378298
403.5946843853821,0.12112390894246891
403.61461794019937,0.12447212299277628
403.63455149501664,0.12773134852934734
403.6544850498339,0.1308958405681383
403.67441860465124,0.1339602594021733
403.69435215946845,0.1369196322774188
403.7142857142857,0.13976932181142768
403.734219269103,0.1425049999233258
403.75415282392026,0.14512262627911973
403.7740863787376,0.14761843044601133
403.79401993355486,0.14998889710045235
403.81395348837214,0.15223075375657313
403.8338870431894,0.15434096057909988
403.8538205980067,0.15631670192401878
403.87375415282395,0.15815537931371038
403.8936877076412,0.15985460560530793
403.9136212624585,0.16141220015301527
403.93355481727576,0.16282618479989144
403.95348837209303,0.1640947805627202
403.9734219269103,0.16521640489738998
403.99335548172763,0.16618966945150826
404.0132890365449,0.1670133782274854
404.0332225913622,0.16768652609314336
404.0531561461794,0.16820829758863434
404.07308970099666,0.16857806598887445
404.093023255814,0.1687953925893736
404.11295681063126,0.1688600261916042
404.13289036544853,0.16877190277113438
404.1528239202658,0.16853114531859864
404.1727574750831,0.16813806385021077
404.1926910299004,0.16759315559063412
404.2126245847176,0.16689710533782676
404.2325581395349,0.16605078602607254
404.25249169435216,0.1650552595105556
404.27242524916943,0.16391177760507347
404.29235880398676,0.16262178341300854
404.31229235880403,0.16118691300212565
404.3322259136213,0.1596089974851045
404.3521594684386,0.15789006558184387
404.37209302325584,0.15603234675534802
404.3920265780731,0.15403827503266576
404.4119601328904,0.1519104936454121
404.43189368770766,0.14965186065249983
404.4518272425249,0.14726545574205147
404.4717607973422,0.14475458845087552
404.49169435215947,0.1421228080915358
404.5116279069768,0.13937391573974506
404.53156146179407,0.13651197871322204
404.55149501661134,0.13354134806983556
404.57142857142856,0.13046667977325965
404.5913621262458,0.1272929603248279
404.61129568106315,0.12402553784760205
404.6312292358804,0.12067015984339577
404.6511627906977,0.11723301913650125
404.67109634551497,0.11372080988328626
404.69102990033224,0.1101407959810639
404.71096345514957,0.10650089476964665
404.7308970099668,0.10280977960199732
404.75083056478405,0.09907700567732035
404.7707641196013,0.09531316447758179
404.7906976744186,0.0915300731911347
404.8106312292359,0.08774100654451014
404.8305647840532,0.08396097927502244
404.85049833887047,0.08020708762533763
404.87043189368774,0.0764989169187044
404.890365448505,0.07285901806948769
404.9102990033223,0.06931344646936706
404.93023255813955,0.06589233850323575
404.9501661129568,0.06263046912343048
404.9700996677741,0.05956768313302647
404.99003322259136,0.05674902043445238
405.0099667774087,0.05422426873775606
405.02990033222596,0.05204660561198601
405.04983388704323,0.05026999974144715
405.0697674418605,0.04894522290575548
405.0897009966777,0.04811474922733823
405.10963455149505,0.04780741999095824
405.1295681063123,0.04803424026524413
405.1495016611296,0.048786641617095665
405.16943521594686,0.05003782120670871
405.18936877076413,0.051746685619313795
405.20930232558146,0.053863124090993864
405.22923588039873,0.056333210005762684
405.24916943521595,0.059103370125386974
405.2691029900332,0.06212316978831384
405.2890365448505,0.06534682013950618
405.3089700996678,0.06873372584999093
405.3289036544851,0.07224841742521673
405.34883720930236,0.07586014658775787
405.36877076411963,0.07954233595298346
405.3887043189369,0.08327199898516062
405.4086378737542,0.08702919247439427
405.42857142857144,0.09079652964268367
405.4485049833887,0.09455876224844793
405.468438538206,0.09830242969385797
405.48837209302326,0.10201556839427912
405.50830564784053,0.10568747306241821
405.52823920265786,0.10930850157367966
405.54817275747513,0.11286991583894665
405.5681063122924,0.11636375213935651
405.58803986710967,0.11978271543151621
405.6079734219269,0.12312009309838969
405.6279069767442,0.12636968445884575
405.6478405315615,0.12952574305147918
405.66777408637876,0.13258292928547916
405.687707641196,0.13553627151982156
405.7076411960133,0.13838113400952382
405.7275747508306,0.14111319046022214
405.7475083056479,0.14372840217458466
405.76744186046517,0.14622299996777835
405.7873754152824,0.1485934691843348
405.80730897009965,0.1508365372730141
405.827242524917,0.15294916347625662
405.84717607973425,0.15492853027123482
405.8671096345515,0.1567720362645869
405.8870431893688,0.15847729029570176
405.90697674418607,0.16004210654639742
405.92691029900334,0.16146450048985406
405.9468438538206,0.16274268554075266
405.9667774086379,0.16387507029222267
405.98671096345515,0.164860256245106
406.0066445182724,0.16569703595168797
406.0265780730897,0.1663843915099225
406.046511627907,0.16692149335628925
406.0664451827243,0.1673076993155491
406.08637873754157,0.16754255387481834
406.10631229235884,0.1676257876572943
406.12624584717605,0.16755731707836488
406.1461794019934,0.167337244173507
406.16611295681065,0.1669658565939147
406.1860465116279,0.1664436277721732
406.2059800664452,0.16577121726657398
406.22591362126246,0.16494947129954943
406.2458471760798,0.1639794235125886
406.26578073089706,0.16286229596793192
406.28571428571433,0.16159950043599722
406.30564784053155,0.16019264001730885
406.3255813953488,0.158643511159184
406.34551495016615,0.15695410614071464
406.3654485049834,0.15512661611537895
406.3853820598007,0.15316343481940198
406.40531561461796,0.15106716307646803
406.42524916943523,0.14884061425678036
406.44518272425256,0.1464868208814626
406.4651162790698,0.1440090426038351
406.48504983388705,0.1414107758486638
406.5049833887043,0.13869576545167633
406.5249169435216,0.13586801871706167
406.5448504983389,0.13293182240447984
406.5647840531562,0.12989176327352375
406.58471760797346,0.12675275295887825
406.60465116279073,0.12352005813062536
406.624584717608,0.12019933712102089
406.6445182724253,0.11679668448213187
406.66445182724254,0.1133186852921135
406.6843853820598,0.10977248146729686
406.7043189368771,0.10616585287939113
406.72425249169436,0.10250731673951313
406.7441860465117,0.09880624950502995
406.76411960132896,0.09507303649062356
406.78405315614623,0.09131925539106314
406.8039867109635,0.08755790096017693
406.8239202657807,0.0838036589376388
406.84385382059804,0.08007323757014137
406.8637873754153,0.0763857639893437
406.8837209302326,0.07276324897014533
406.90365448504986,0.06923111501718299
406.9235880398671,0.06581876593799968
406.9435215946844,0.06256014637103426
406.9634551495017,0.05949419183167809
406.98338870431894,0.05666500050010674
407.0033222591362,0.05412147268750229
407.0232558139535,0.05191608859949931
407.04318936877075,0.05010248912042702
407.0631229235881,0.048731679205271966
407.08305647840535,0.04784706591639861
407.1029900332226,0.04747912952553175
407.1229235880399,0.047641044458675265
407.14285714285717,0.04832661358944663
407.16279069767444,0.049511236127824876
407.1827242524917,0.051155567246832
407.202657807309,0.053210667957501345
407.22259136212625,0.05562323502619026
407.2425249169435,0.05833988919244356
407.26245847176085,0.06131010413030789
407.2823920265781,0.06448783962900305
407.3023255813954,0.06783218103905544
407.32225913621266,0.07130732963748958
407.3421926910299,0.07488223004254509
407.3621262458472,0.0785300344955314
407.3820598006645,0.08222752696566284
407.40199335548175,0.08595457414015951
407.421926910299,0.08969363441877216
407.4418604651163,0.09342933501288958
407.46179401993356,0.09714811606688788
407.4817275747509,0.10083793548896876
407.50166112956816,0.10448802630163999
407.5215946843854,0.1080886981952445
407.54152823920265,0.11163117566161457
407.5614617940199,0.11510746608800963
407.58139534883725,0.11851025224089258
407.6013289036545,0.12183280454131777
407.6212624584718,0.1250689093809001
407.64119601328906,0.12821281043991764
407.66112956810633,0.1312591605559503
407.6810631229236,0.13420298216828966
407.7009966777409,0.1370396347478349
407.72093023255815,0.13976478793049427
407.7408637873754,0.14237439931904203
407.7607973421927,0.14486469611594702
407.78073089701,0.1472321599075419
407.8006644518273,0.1494735140468855
407.82059800664456,0.15158571318422373
407.84053156146183,0.15356593457604564
407.86046511627904,0.15541157086997726
407.8803986710964,0.15712022411632912
407.90033222591364,0.15868970080104633
407.9202657807309,0.16011800773022178
407.9401993355482,0.1614033486260244
407.96013289036546,0.1625441213178133
407.9800664451828,0.16353891543248272
408.00000000000006,0.16438651050494205
408.0199335548173,0.16508587444361605
408.03986710963454,0.16563616229822295
408.0598006644518,0.1660367152872307
408.07973421926914,0.16628706005158894
408.0996677740864,0.16638690810947995
408.1196013289037,0.16633615549398517
408.13953488372096,0.16613488256248937
408.1594684385382,0.16578335397301178
408.17940199335555,0.16528201882902643
408.19933554817277,0.1646315110006724
408.21926910299004,0.16383264963678756
408.2392026578073,0.16288643988933252
408.2591362126246,0.16179407387923928
408.2790697674419,0.1605569319414454
408.2990033222592,0.15917658419629102
408.31893687707645,0.15765479250589293
408.3388704318937,0.15599351288680716
408.358803986711,0.15419489846591097
408.37873754152827,0.15226130308457098
408.39867109634554,0.15019528567816046
408.4186046511628,0.14799961558447802
408.4385382059801,0.14567727896681307
408.45847176079735,0.14323148657666668
408.4784053156146,0.14066568312929342
408.49833887043195,0.1379835586245819
408.5182724252492,0.1351890620189083
408.5382059800665,0.1322864177445727
408.5581395348837,0.12928014568615134
408.578073089701,0.12617508536390679
408.5980066445183,0.1229764252499915
408.6179401993356,0.1196897383626253
408.63787375415285,0.11632102555785503
408.6578073089701,0.11287676828060467
408.6777408637874,0.10936399296257299
408.6976744186047,0.1057903497803522
408.71760797342193,0.10216420913038907
408.7375415282392,0.09849477995052186
408.7574750830565,0.09479225492202126
408.77740863787375,0.0910679885950453
408.7973421926911,0.08733471551391686
408.81727574750835,0.08360681629213194
408.8372093023256,0.07990063992941834
408.8571428571429,0.07623488977921818
408.87707641196016,0.07263107723473512
408.89700996677743,0.0691140393509847
408.9169435215947,0.06571250105286545
408.936877076412,0.06245963478116169
408.95681063122925,0.05939352512273234
408.9767441860465,0.05655737951684708
408.9966777408638,0.05399924256167476
409.0166112956811,0.05177089356899164
409.0365448504984,0.04992558972804369
409.05647840531566,0.04851444874260807
409.0764119601329,0.047581626943527626
409.09634551495014,0.04715901744561136
409.1162790697675,0.04726173297410903
409.13621262458474,0.047885752918965324
409.156146179402,0.04900854835892752
409.1760797342193,0.05059246417000608
409.19601328903656,0.05258973378120863
409.2159468438539,0.05494771735842257
409.23588039867116,0.057613289626037324
409.25581395348837,0.06053589846173756
409.27574750830564,0.06366931563441358
409.2956810631229,0.06697236394232882
409.31561461794024,0.0704089643130431
409.3355481727575,0.07394779537624478
409.3554817275748,0.07756177313101176
409.37541528239205,0.08122748019189657
409.3953488372093,0.08492461627985688
409.4152823920266,0.08863550399419896
409.43521594684387,0.09234466166639044
409.45514950166114,0.09603844312708937
409.4750830564784,0.09970473851486719
409.4950166112957,0.10333272811123151
409.514950166113,0.10691268091941662
409.5348837209303,0.11043579032997815
409.55481727574755,0.11389404019180746
409.5747508305648,0.11728009564991429
409.59468438538204,0.12058721408682511
409.61461794019937,0.12380917235938226
409.63455149501664,0.1269402072439832
409.6544850498339,0.12997496659855762
409.6744186046512,0.13290846923398006
409.69435215946845,0.13573607187821818
409.7142857142858,0.13845344193030237
409.73421926910305,0.14105653495213677
409.7541528239203,0.1435415760472657
409.77408637873754,0.14590504443630742
409.7940199335548,0.1481436606677669
409.81395348837214,0.15025437600635017
409.8338870431894,0.15223436362429432
409.8538205980067,0.15408101128845092
409.87375415282395,0.15579191529051492
409.8936877076412,0.15736487541209454
409.9136212624585,0.1587978907525436
409.93355481727576,0.16008915627739878
409.95348837209303,0.16123705996960572
409.9734219269103,0.16224018048623923
409.9933554817276,0.16309728524048311
410.01328903654485,0.16380732884282434
410.0332225913622,0.16436945184775473
410.05315614617945,0.16478297976277356
410.0730897009967,0.16504742228553487
410.093023255814,0.16516247274318302
410.1129568106312,0.16512800771530306
410.13289036544853,0.1649440868284988
410.1528239202658,0.16461095271738505
410.1727574750831,0.16412903115268435
410.19269102990035,0.16349893134378365
410.2126245847176,0.16272144642932546
410.23255813953494,0.16179755417654387
410.2524916943522,0.16072841791739786
410.2724252491695,0.1595153877581295
410.2923588039867,0.15816000210807046
410.312292358804,0.15666398958473435
410.3322259136213,0.15502927136474037
410.3521594684386,0.1532579640651868
410.37209302325584,0.1513523832579605
410.3920265780731,0.14931504774089815
410.4119601328904,0.1471486847154329
410.43189368770766,0.1448562360518367
410.4518272425249,0.14244086586142923
410.4717607973422,0.13990596964185098
410.49169435215947,0.13725518531942585
410.51162790697674,0.13449240658366055
410.531561461794,0.13162179899740942
410.55149501661134,0.1286478194758725
410.5714285714286,0.12557523986439245
410.5913621262459,0.12240917551563492
410.61129568106315,0.119155119980129
410.63122923588037,0.1158189871905623
410.6511627906977,0.1124071628529765
410.67109634551497,0.10892656717189997
410.69102990033224,0.10538473154811473
410.7109634551495,0.10178989251449033
410.7308970099668,0.09815110692982996
410.7508305647841,0.0944783933362136
410.7707641196014,0.0907829053789198
410.79069767441865,0.08707714421699014
410.81063122923587,0.0833752177465489
410.83056478405314,0.07969315487221361
410.85049833887047,0.07604928234332993
410.87043189368774,0.07246466866252471
410.890365448505,0.06896363232894473
410.9102990033223,0.06557429713826761
410.93023255813955,0.06232915106524217
410.9501661129569,0.059265522179039805
410.97009966777415,0.05642582113144245
410.99003322259136,0.053857317887994374
411.00996677740864,0.05161114078082866
411.0299003322259,0.04974015962035063
411.04983388704323,0.04829552664304001
411.0697674418605,0.047321984710283864
411.0897009966778,0.04685260293820969
411.10963455149505,0.0469041546886101
411.1295681063123,0.047474524153990554
411.1495016611296,0.04854303129954445
411.16943521594686,0.0500735605758054
411.18936877076413,0.05201944246456083
411.2093023255814,0.054328686195273077
411.2292358803987,0.05694844755711491
411.249169435216,0.05982819889670339
411.2691029900333,0.06292158378191565
411.28903654485055,0.06618722310007726
411.3089700996678,0.06958881404987564
411.32890365448503,0.07309481966210664
411.34883720930236,0.07667796323136467
411.36877076411963,0.08031466294405619
411.3887043189369,0.08398448251599962
411.4086378737542,0.0876696345289297
411.42857142857144,0.09135454982695275
411.4485049833887,0.09502551365115788
411.46843853820604,0.09867036305625039
411.4883720930233,0.10227823776469298
411.50830564784053,0.10583937621621814
411.5282392026578,0.10934494913274385
411.5481727574751,0.11278692386745544
411.5681063122924,0.11615795384227987
411.58803986710967,0.11945128835565473
411.60797342192694,0.1226606989035128
411.6279069767442,0.12578041888487232
411.6478405315615,0.12880509416620298
411.66777408637876,0.13172974246899682
411.687707641196,0.13454971994154943
411.7076411960133,0.13726069359376994
411.72757475083057,0.13985861852879736
411.74750830564784,0.1423397191089284
411.76744186046517,0.1447004733564925
411.78737541528244,0.14693760002107703
411.8073089700997,0.1490480478493738
411.827242524917,0.1510289866785102
411.8471760797342,0.15287780004184787
411.8671096345515,0.15459207903160782
411.8870431893688,0.15616961720751782
411.90697674418607,0.15760840637749168
411.92691029900334,0.1589066331063979
411.9468438538206,0.16006267583383826
411.9667774086379,0.161075102502437
411.9867109634552,0.16194266861539913
412.0066445182725,0.16266431565649403
412.0265780730897,0.16323916981796352
412.04651162790697,0.16366654099245814
412.06644518272424,0.1639459219942465
412.08637873754157,0.164076987983048
412.10631229235884,0.16405959607138526
412.1262458471761,0.16389378510280905
412.1461794019934,0.1635797755951312
412.16611295681065,0.1631179698486553
412.1860465116279,0.16250895222596012
412.2059800664452,0.16175348961602054
412.22591362126246,0.16085253210229294
412.24584717607974,0.15980721386176558
412.265780730897,0.1586188543301872
412.28571428571433,0.1572889596778485
412.3056478405316,0.1558192246510703
412.3255813953489,0.15421153484672
412.34551495016615,0.1524679695018324
412.36544850498336,0.15059080489767848
412.3853820598007,0.1485825184983589
412.40531561461796,0.14644579396898466
412.42524916943523,0.14418352724905742
412.4451827242525,0.14179883389338233
412.4651162790698,0.13929505793848196
412.4850498338871,0.13667578260798766
412.5049833887044,0.13394484323951167
412.52491694352165,0.13110634290055403
412.54485049833886,0.1281646712671869
412.56478405315613,0.12512452747085254
412.58471760797346,0.12199094778353771
412.60465116279073,0.11876933921702518
412.624584717608,0.11546552036913538
412.6445182724253,0.11208577117046303
412.66445182724254,0.1086368935847173
412.6843853820599,0.10512628580956722
412.70431893687714,0.10156203313097203
412.72425249169436,0.09795301931519206
412.74418604651163,0.09430906328393546
412.7641196013289,0.09064108679119318
412.78405315614623,0.08696131984097512
412.8039867109635,0.08328355149963053
412.82392026578077,0.0796234342504988
412.84385382059804,0.07599884951259658
412.8637873754153,0.07243033932950323
412.8837209302326,0.06894160271711068
412.90365448504986,0.06556004186619335
412.9235880398671,0.062317319170256735
412.9435215946844,0.05924984576437285
412.96345514950167,0.05639906163617831
412.98338870431894,0.05381128794101022
413.00332225913627,0.05153685104823354
413.02325581395354,0.04962814105357311
413.0431893687708,0.04813635572047264
413.063122923588,0.047106982260029615
413.0830564784053,0.04657459419172734
413.1029900332226,0.04655810866648791
413.1229235880399,0.047057889816203125
413.14285714285717,0.048055679788915624
413.16279069767444,0.04951738294238691
413.1827242524917,0.05139775708736607
413.20265780730904,0.05364562890039553
413.2225913621263,0.05620846534586818
413.2425249169435,0.059035695223527467
413.2624584717608,0.062080708241922536
413.28239202657807,0.06530177224249592
413.3023255813954,0.06866220578690806
413.32225913621266,0.07213011027684371
413.34219269102994,0.07567788529181727
413.3621262458472,0.07928167061811715
413.3820598006645,0.08292079671847827
413.40199335548175,0.0865772841646278
413.421926910299,0.09023540766267374
413.4418604651163,0.09388132658676714
413.46179401993356,0.09750277717406027
413.48172757475083,0.10108881878693499
413.5016611295681,0.10462962605901607
413.52159468438543,0.10811631920966185
413.5415282392027,0.1115408257206923
413.56146179402,0.11489576759334214
413.5813953488372,0.1181743693844132
413.60132890365446,0.12137038309057084
413.6212624584718,0.1244780266892488
413.64119601328906,0.12749193375788923
413.66112956810633,0.1304071120934168
413.6810631229236,0.1332189096582552
413.7009966777409,0.1359229865041046
413.7209302325582,0.13851529158498707
413.7408637873755,0.14099204357928707
413.7607973421927,0.1433497150073257
413.78073089700996,0.14558501906438534
413.80066445182723,0.14769489869652072
413.82059800664456,0.14967651753251635
413.84053156146183,0.15152725235531478
413.8604651162791,0.15324468685224388
413.8803986710964,0.15482660642962665
413.90033222591364,0.15627099391444793
413.9202657807309,0.15757602599665982
413.9401993355482,0.15874007029081225
413.96013289036546,0.15976168291684031
413.98006644518273,0.16063960651718634
414.0,0.16137276864216485
414.0199335548173,0.16196028044805655
414.0398671096346,0.16240143566293663
414.05980066445187,0.16269570978472764
414.07973421926914,0.16284275948409527
414.09966777408636,0.16284242219218445
414.1196013289037,0.16269471586000517
414.13953488372096,0.1623998388828326
414.1594684385382,0.16195817018888634
414.1794019933555,0.1613702694981836
414.19933554817277,0.16063687776336424
414.2192691029901,0.1597589178114163
414.23920265780737,0.15873749521219774
414.25913621262464,0.15757389940783884
414.27906976744185,0.15626960514611474
414.2990033222591,0.15482627427136988
414.31893687707645,0.1532457579385428
414.3388704318937,0.15153009933021694
414.358803986711,0.14968153697345002
414.37873754152827,0.14770250877337227
414.39867109634554,0.14559565690501267
414.4186046511628,0.14336383373422093
414.43853820598014,0.14101010897478206
414.45847176079735,0.138537778332713
414.4784053156146,0.13595037394312498
414.4983388704319,0.13325167697181003
414.51827242524917,0.13044573283658512
414.5382059800665,0.12753686960633998
414.55813953488376,0.12452972026373249
414.57807308970104,0.1214292496773934
414.5980066445183,0.11824078732898222
414.6179401993355,0.11497006709002207
414.63787375415285,0.11162327565465868
414.6578073089701,0.10820711162231587
414.6777408637874,0.10472885770401287
414.69767441860466,0.10119646911533359
414.71760797342193,0.0976186819311432
414.73754152823926,0.09400514601843792
414.75747508305653,0.09036658811844298
414.7774086378738,0.08671501165995177
414.797342192691,0.08306394081124586
414.8172757475083,0.07942871682579282
414.8372093023256,0.07582685434785236
414.8571428571429,0.07227846301387392
414.87707641196016,0.06880673370441528
414.89700996677743,0.06543847643999796
414.9169435215947,0.062204674181351644
414.936877076412,0.059140978666867815
414.9568106312293,0.05628801643159579
414.9767441860465,0.0536912959236497
414.9966777408638,0.05140042504615339
415.01661129568106,0.04946730468656936
415.03654485049833,0.047943034732878156
415.05647840531566,0.04687354400576341
415.07641196013293,0.04629445740776556
415.0963455149502,0.04622628625885943
415.1162790697675,0.046671316125464914
415.1362126245847,0.04761323529246052
415.156146179402,0.0490196365497904
415.1760797342193,0.050846535434405225
415.19601328903656,0.053043547573730344
415.2159468438538,0.05555852361583512
415.2358803986711,0.0583409804608321
415.2558139534884,0.06134421108427837
415.2757475083057,0.06452629019668484
415.29568106312297,0.06785030735990337
415.3156146179402,0.07128413555289015
415.33554817275746,0.07479996559656095
415.3554817275748,0.07837375617091026
415.37541528239205,0.08198468585246234
415.3953488372093,0.08561465078372128
415.4152823920266,0.08924782547376571
415.43521594684387,0.09287028969215326
415.4551495016612,0.09646971714633669
415.47508305647847,0.10003511858937868
415.4950166112957,0.10355663125324459
415.51495016611295,0.10702534688847012
415.5348837209302,0.11043317156263215
415.55481727574755,0.11377271138116618
415.5747508305648,0.11703717927410026
415.5946843853821,0.1202203188669506
415.61461794019937,0.12331634220055283
415.63455149501664,0.12631987868471264
415.6544850498339,0.1292259331775009
415.6744186046512,0.13202985149203364
415.69435215946845,0.13472729196222835
415.7142857142857,0.13731420196326066
415.734219269103,0.13978679849385903
415.7541528239203,0.1421415520968243
415.7740863787376,0.14437517352970558
415.79401993355486,0.1464846027064281
415.81395348837214,0.14846699951811412
415.83388704318935,0.15031973621214764
415.8538205980067,0.15204039106560832
415.87375415282395,0.15362674313570873
415.8936877076412,0.15507676790786964
415.9136212624585,0.15638863369297074
415.93355481727576,0.1575606986511794
415.95348837209303,0.1585915083406791
415.97342192691036,0.15947979370756765
415.99335548172763,0.1602244694478098
416.01328903654485,0.160824632684928
416.0332225913621,0.1612795619177662
416.0531561461794,0.16158871620206888
416.0730897009967,0.1617517345379031
416.093023255814,0.16176843544226918
416.11295681063126,0.1616388166932327
416.13289036544853,0.1613630552380011
416.1528239202658,0.16094150726394854
416.17275747508313,0.16037470843732402
416.19269102990035,0.15966337432100092
416.2126245847176,0.15880840098899826
416.2325581395349,0.15781086586276377
416.25249169435216,0.15667202880202907
416.2724252491695,0.15539333349194911
416.29235880398676,0.15397640917831765
416.31229235880403,0.1524230728145175
416.3322259136213,0.1507353316976394
416.3521594684385,0.14891538668770948
416.37209302325584,0.14696563612348337
416.3920265780731,0.14488868057201662
416.4119601328904,0.14268732857781755
416.43189368770766,0.14036460361223602
416.4518272425249,0.13792375246642238
416.4717607973422,0.1353682553836359
416.4916943521595,0.13270183829116902
416.5116279069768,0.1299284875723024
416.531561461794,0.12705246791782623
416.5514950166113,0.12407834392020291
416.57142857142856,0.12101100622750383
416.5913621262459,0.11785570326652459
416.61129568106315,0.11461807978473867
416.6312292358804,0.11130422376050168
416.6511627906977,0.10792072360426905
416.67109634551497,0.1044747380357767
416.6910299003323,0.100974081589972
416.7109634551495,0.09742732939175569
416.7308970099668,0.09384394565373769
416.75083056478405,0.09023444127925835
416.7707641196013,0.08661056694440847
416.79069767441865,0.08298554895988607
416.8106312292359,0.07937437580913048
416.8305647840532,0.07579414300988387
416.85049833887047,0.07226446192499758
416.8704318936877,0.06880793276838498
416.890365448505,0.06545067076397501
416.9102990033223,0.062222853448462616
416.93023255813955,0.05915922161353063
416.9501661129568,0.05629941177196425
416.9700996677741,0.05368792397979753
416.9900332225914,0.05137344768606109
417.0099667774087,0.04940721754612367
417.02990033222596,0.047840122383863176
417.0498338870432,0.04671853262561903
417.06976744186045,0.04607928099629107
417.0897009966778,0.04594480137159312
417.10963455149505,0.046319771392122455
417.1295681063123,0.04719036509616542
417.1495016611296,0.048526380323412624
417.16943521594686,0.05028550738323852
417.1893687707642,0.05241842957528803
417.20930232558146,0.05487352193026943
417.2292358803987,0.057600417869694054
417.24916943521595,0.06055226452735366
417.2691029900332,0.0636868490864877
417.28903654485055,0.06696691705314348
417.3089700996678,0.07035999365972238
417.3289036544851,0.0738379470157999
417.34883720930236,0.07737645098615789
417.36877076411963,0.08095444064051995
417.3887043189369,0.08455360825077002
417.4086378737542,0.08815796004477873
417.42857142857144,0.09175343824004498
417.4485049833887,0.09532760487753424
417.468438538206,0.0988693804977405
417.48837209302326,0.10236882970469932
417.5083056478406,0.10581698592018744
417.52823920265786,0.10920570843974145
417.54817275747513,0.11252756588828654
417.56810631229234,0.11577574114746103
417.5880398671096,0.118943953705212
417.60797342192694,0.12202639613261831
417.6279069767442,0.12501768202178962
417.6478405315615,0.12791280323415152
417.66777408637876,0.13070709472618433
417.687707641196,0.13339620555568557
417.70764119601336,0.135976074941441
417.7275747508306,0.13844291246485166
417.74750830564784,0.14079318167517535
417.7674418604651,0.14302358649811572
417.7873754152824,0.145131059959106
417.8073089700997,0.14711275482155264
417.827242524917,0.14896603581286116
417.84717607973425,0.1506884731691456
417.8671096345515,0.15227783727718958
417.8870431893688,0.15373209423071627
417.90697674418607,0.15504940214978563
417.92691029900334,0.1562281081383263
417.9468438538206,0.15726674577623292
417.9667774086379,0.15816403306052507
417.98671096345515,0.15891887072523472
418.0066445182724,0.15953034088234458
418.02657807308975,0.15999770593716828
418.046511627907,0.16032040774090703
418.0664451827243,0.16049806695158678
418.0863787375415,0.16053048258197225
418.1063122923588,0.1604176317199026
418.1262458471761,0.16015966941294127
418.1461794019934,0.1597569287152929
418.16611295681065,0.1592099209012591
418.1860465116279,0.15851933585549402
418.2059800664452,0.15768604265703323
418.2259136212625,0.15671109038098838
418.2458471760798,0.1555957091496558
418.265780730897,0.15434131147331145
418.2857142857143,0.15294949393114
418.30564784053155,0.15142203925395423
418.3255813953489,0.14976091888427076
418.34551495016615,0.14796829610500778
418.3654485049834,0.14604652984737426
418.3853820598007,0.1439981793115465
418.40531561461796,0.1418260095616035
418.4252491694353,0.13953299829019306
418.4451827242525,0.1371223439897828
418.4651162790698,0.13459747581856044
418.48504983388705,0.13196206551166462
418.5049833887043,0.12922004176636584
418.52491694352165,0.12637560762629804
418.5448504983389,0.12343326150980667
418.5647840531562,0.12039782267741465
418.58471760797346,0.11727446212025507
418.6046511627907,0.11406874008490941
418.624584717608,0.11078665174197379
418.6445182724253,0.10743468286875746
418.66445182724254,0.10401987786717506
418.6843853820598,0.10054992299174315
418.7043189368771,0.0970332483348481
418.7242524916944,0.09347915291505035
418.7441860465117,0.08989795812987772
418.76411960132896,0.08630119582215748
418.7840531561462,0.08270183815218034
418.80398671096344,0.07911457711931186
418.82392026578077,0.075556161457267
418.84385382059804,0.07204579686519563
418.8637873754153,0.06860561063186156
418.8837209302326,0.06526117123116673
418.90365448504986,0.062042033778851556
418.9235880398671,0.05898224857399437
418.94352159468446,0.05612071756141509
418.96345514950167,0.05350121136402323
418.98338870431894,0.051171778028461005
419.0033222591362,0.04918321814642762
419.0232558139535,0.04758633773126011
419.0431893687708,0.046427909422516615
419.0631229235881,0.045745720791037524
419.08305647840535,0.04556365963881531
419.1029900332226,0.04588816662254478
419.12292358803984,0.04670721182884579
419.14285714285717,0.0479921570046747
419.16279069767444,0.049701856524971916
419.1827242524917,0.051787717241700185
419.202657807309,0.05419845548755039
419.22259136212625,0.05688376845842488
419.2425249169436,0.05979669624432608
419.26245847176085,0.06289483323328043
419.2823920265781,0.06614070398466922
419.30232558139534,0.06950161855172506
419.3222591362126,0.07294925264050929
419.34219269102994,0.0764591168699285
419.3621262458472,0.08001001262787978
419.3820598006645,0.08358352552254213
419.40199335548175,0.0871635784254339
419.421926910299,0.09073604959760348
419.4418604651163,0.09428845288996317
419.4617940199336,0.09780967324900187
419.48172757475083,0.10128974961421479
419.5016611295681,0.10471969747919906
419.5215946843854,0.1080913641688049
419.54152823920265,0.11139731086400949
419.56146179402,0.11463071638411453
419.58139534883725,0.11778529862203081
419.6013289036545,0.12085525029152534
419.6212624584718,0.12383518628269373
419.64119601328906,0.12672010044468224
419.66112956810633,0.12950533003847525
419.6810631229236,0.13218652644380122
419.7009966777409,0.13475963097782562
419.72093023255815,0.1372208549023699
419.7408637873754,0.13956666287178557
419.76079734219275,0.14179375921402615
419.78073089701,0.14389907655013764
419.8006644518273,0.14587976634801844
419.8205980066445,0.1477331910794692
419.8405315614618,0.14945691770850952
419.8604651162791,0.1510487122871853
419.8803986710964,0.1525065354739499
419.90033222591364,0.15382853882203
419.9202657807309,0.15501306171133966
419.9401993355482,0.15605862881945357
419.9601328903655,0.15696394804519065
419.9800664451828,0.1577279088137146
420.0,0.1583495807048923
420.01993355481727,0.15882821235760983
420.03986710963454,0.15916323061227952
420.05980066445187,0.15935423986231578
420.07973421926914,0.15940102159253403
420.0996677740864,0.15930353408955875
420.1196013289037,0.15906191231547726
420.13953488372096,0.15867646794232942
420.1594684385383,0.15814768955087016
420.1794019933555,0.15747624300341342
420.19933554817277,0.15666297200682297
420.21926910299004,0.15570889888878922
420.2392026578073,0.15461522561806537
420.25913621262464,0.15338333510783417
420.2790697674419,0.1520147928511647
420.2990033222592,0.15051134894883703
420.31893687707645,0.14887494060289116
420.33887043189367,0.14710769516506697
420.358803986711,0.14521193384783132
420.37873754152827,0.14319017622839683
420.39867109634554,0.14104514570300083
420.4186046511628,0.13877977608217437
420.4385382059801,0.1363972195578441
420.45847176079735,0.13390085632301746
420.4784053156147,0.13129430618588553
420.49833887043195,0.12858144259587465
420.51827242524917,0.12576640959319518
420.53820598006644,0.12285364231026921
420.5581395348837,0.11984789179912766
420.57807308970104,0.11675425514090917
420.5980066445183,0.11357821202098037
420.6179401993356,0.1103256692373138
420.63787375415285,0.10700301496367598
420.6578073089701,0.10361718502864382
420.67774086378745,0.10017574401225832
420.69767441860466,0.09668698462009258
420.71760797342193,0.09316004957823171
420.7375415282392,0.08960508119619885
420.7574750830565,0.08603340472777202
420.7774086378738,0.08245775261642752
420.7973421926911,0.07889253741285547
420.81727574750835,0.07535418114972563
420.8372093023256,0.07186150743309296
420.85714285714283,0.06843619804041381
420.87707641196016,0.06510330608260995
420.89700996677743,0.06189179928790337
420.9169435215947,0.05883507501891173
420.936877076412,0.0559713383792861
420.95681063122925,0.05334366446843769
420.9767441860465,0.05099948430279538
420.99667774086384,0.04898917248993126
421.0166112956811,0.047363438200246084
421.03654485049833,0.046169418387500744
421.0564784053156,0.045445798855689605
421.0764119601329,0.04521785804861258
421.0963455149502,0.045493744181940354
421.1162790697675,0.0462631859569449
421.13621262458474,0.0474990913078414
421.156146179402,0.04916147513015891
421.1760797342193,0.051202470493111905
421.1960132890366,0.053571137715061626
421.2159468438538,0.05621723751184674
421.2358803986711,0.05909369934375477
421.25581395348837,0.062157918757974794
421.27574750830564,0.06537219201008626
421.29568106312297,0.06870360624986652
421.31561461794024,0.0721236373049522
421.3355481727575,0.07560762565396856
421.3554817275748,0.07913423282236688
421.37541528239205,0.08268493230246854
421.3953488372093,0.08624355883863055
421.4152823920266,0.08979592257224614
421.43521594684387,0.09332948552841121
421.45514950166114,0.09683309387454397
421.4750830564784,0.10029675808275168
421.49501661129574,0.1037114732385631
421.514950166113,0.10706907248911071
421.5348837209303,0.11036210759544354
421.5548172757475,0.11358375153479766
421.57475083056477,0.11672771899270663
421.5946843853821,0.11978820135677212
421.61461794019937,0.12275981346984384
421.63455149501664,0.12563754993056017
421.6544850498339,0.12841674915936227
421.6744186046512,0.1310930637943119
421.6943521594685,0.1336624362589289
421.7142857142858,0.13612107856658828
421.734219269103,0.1384654556038275
421.75415282392026,0.1406922712775723
421.77408637873754,0.14279845702546476
421.79401993355486,0.1447811622803168
421.81395348837214,0.14663774655390435
421.8338870431894,0.14836577286506952
421.8538205980067,0.1499630022858104
421.87375415282395,0.15142738941860223
421.8936877076412,0.1527570786505944
421.9136212624585,0.15395040105699895
421.93355481727576,0.155005871848043
421.95348837209303,0.15592218827213983
421.9734219269103,0.1566982279033297
421.9933554817276,0.15733304725400782
422.0132890365449,0.1578258806650308
422.0332225913622,0.1581761394348914
422.05315614617945,0.15838341115799592
422.07308970099666,0.15844745924962123
422.09302325581393,0.15836822264189315
422.11295681063126,0.15814581564155905
422.13289036544853,0.1577805279463107
422.1528239202658,0.15727282482252777
422.1727574750831,0.1566233474532878
422.19269102990035,0.15583291347186692
422.2126245847177,0.1549025177027177
422.23255813953494,0.15383333313935496
422.25249169435216,0.15262671219679758
422.27242524916943,0.1512841882858645
422.2923588039867,0.14980747776730594
422.31229235880403,0.14819848235678482
422.3322259136213,0.14645929206677819
422.3521594684386,0.14459218878943594
422.37209302325584,0.14259965064628982
422.3920265780731,0.14048435725687497
422.4119601328904,0.1382491961101199
422.43189368770766,0.1358972702614749
422.4518272425249,0.1334319076263553
422.4717607973422,0.13085667219952762
422.49169435215947,0.12817537760258504
422.51162790697674,0.12539210345204874
422.53156146179407,0.12251121515277337
422.55149501661134,0.11953738786102437
422.5714285714286,0.11647563553625892
422.5913621262459,0.11333134621859794
422.6112956810631,0.1101103249411526
422.6312292358804,0.10681884602587202
422.6511627906977,0.10346371693275618
422.67109634551497,0.10005235635152519
422.69102990033224,0.09659288985729178
422.7109634551495,0.09309426720752462
422.73089700996684,0.08956640623319954
422.7508305647841,0.08602036923843091
422.7707641196013,0.08246857877744443
422.7906976744186,0.0789250804195811
422.81063122923587,0.07540586023872377
422.8305647840532,0.07192922352681427
422.85049833887047,0.06851623733186347
422.87043189368774,0.065191230718666
422.890365448505,0.06198232987265673
422.9102990033223,0.058921975849755906
422.9302325581396,0.05604732604080506
422.9501661129568,0.05340037380302725
422.9700996677741,0.05102754076314513
422.99003322259136,0.04897842984987507
423.00996677740864,0.04730343289284909
423.02990033222596,0.046050050823859226
423.04983388704323,0.045258172251088614
423.0697674418605,0.04495510975996765
423.0897009966778,0.045151650193819955
423.10963455149505,0.04584036183253184
423.1295681063123,0.04699674954085106
423.1495016611296,0.04858285253654201
423.16943521594686,0.050552121423472623
423.18936877076413,0.05285427239260049
423.2093023255814,0.05543920952166401
423.22923588039873,0.058259668339027314
423.249169435216,0.0612726650610599
423.2691029900333,0.06444004130807932
423.2890365448505,0.0677284237987033
423.30897009966776,0.07110886037607493
423.3289036544851,0.0745563132740053
423.34883720930236,0.07804912019772954
423.36877076411963,0.08156848310563537
423.3887043189369,0.08509801216207098
423.4086378737542,0.08862333345608811
423.42857142857144,0.09213175908575187
423.4485049833888,0.09561201356891151
423.468438538206,0.0990540089120868
423.48837209302326,0.10244866060647079
423.50830564784053,0.10578773748713034
423.5282392026578,0.10906373933028984
423.54817275747513,0.11226979703778853
423.5681063122924,0.11539959115743968
423.58803986710967,0.11844728527096346
423.60797342192694,0.12140747143912264
423.6279069767442,0.12427512543559192
423.6478405315615,0.1270455699415237
423.66777408637876,0.12971444422773473
423.687707641196,0.13227767913664448
423.7076411960133,0.13473147640419236
423.72757475083057,0.1370722915447719
423.7475083056479,0.13929681966846544
423.76744186046517,0.14140198371726806
423.78737541528244,0.14338492470126132
423.80730897009965,0.14524299359170387
423.8272425249169,0.14697374458949367
423.84717607973425,0.14857492953733317
423.8671096345515,0.15004449328433744
423.8870431893688,0.1513805698453474
423.90697674418607,0.15258147922418303
423.92691029900334,0.1536457247928265
423.9468438538206,0.15457199113715195
423.96677740863794,0.15535914229556844
423.98671096345515,0.15600622033013956
424.0066445182724,0.15651244418103027
424.0265780730897,0.15687720876494538
424.04651162790697,0.15710008428653582
424.0664451827243,0.15718081573967893
424.08637873754157,0.15711932258199268
424.10631229235884,0.15691569857274798
424.1262458471761,0.1565702117701889
424.1461794019934,0.15608330469033083
424.16611295681065,0.1554555946354698
424.1860465116279,0.1546878742067169
424.2059800664452,0.15378111202179756
424.22591362126246,0.1527364536664572
424.24584717607974,0.15155522291623702
424.26578073089706,0.1502389232744915
424.28571428571433,0.14878923988333226
424.3056478405316,0.14720804187677874
424.3255813953489,0.14549738526010858
424.3455149501661,0.14365951641717864
424.3654485049834,0.1416968763685884
424.3853820598007,0.1396121059292515
424.40531561461796,0.13740805194499267
424.42524916943523,0.1350877748257926
424.4451827242525,0.13265455763987113
424.46511627906983,0.13011191709009487
424.4850498338871,0.12746361676502282
424.5049833887043,0.12471368314465558
424.5249169435216,0.1218664249500241
424.54485049833886,0.11892645656156568
424.5647840531562,0.1158987264008662
424.58471760797346,0.11278855138175535
424.60465116279073,0.1096016588011915
424.624584717608,0.1063442373693546
424.6445182724253,0.10302299948707949
424.6644518272426,0.09964525738213417
424.6843853820598,0.09621901632942736
424.7043189368771,0.09275308891383939
424.72425249169436,0.0892572351455937
424.74418604651163,0.08574233417623033
424.76411960132896,0.08222059430113911
424.78405315614623,0.07870580868073045
424.8039867109635,0.07521366438611994
424.82392026578077,0.07176211127510787
424.84385382059804,0.06837179360272597
424.8637873754153,0.06506653914215674
424.8837209302326,0.061873884824398845
424.90365448504986,0.05882559021477191
424.9235880398671,0.05595804574736367
424.9435215946844,0.0533124188011296
424.96345514950167,0.05093430283959174
424.983388704319,0.04887256716562151
425.00332225913627,0.04717710201905402
425.0232558139535,0.045895298696454055
425.04318936877075,0.04506746549181673
425.063122923588,0.0447219155375349
425.08305647840535,0.04487093289560598
425.1029900332226,0.04550886341414068
425.1229235880399,0.04661299066613744
425.14285714285717,0.048146889953196687
425.16279069767444,0.050065166576813265
425.18272425249177,0.05231828687722498
425.202657807309,0.05485655830050998
425.22259136212625,0.057632864821663854
425.2425249169435,0.060604206949188215
425.2624584717608,0.06373231886081573
425.2823920265781,0.06698367843024752
425.3023255813954,0.07032917460780805
425.32225913621266,0.07374361820779637
425.34219269102994,0.07720521144768863
425.3621262458472,0.08069503972994276
425.3820598006645,0.08419661556833603
425.40199335548175,0.08769548477204218
425.421926910299,0.0911788943772633
425.4418604651163,0.09463551677679566
425.46179401993356,0.09805522262717255
425.48172757475083,0.10142889491129153
425.50166112956816,0.10474827712561109
425.52159468438543,0.10800584946071899
425.54152823920265,0.11119472780054121
425.5614617940199,0.11430858125888814
425.5813953488372,0.11734156475422144
425.6013289036545,0.12028826378427518
425.6212624584718,0.12314364910734009
425.64119601328906,0.12590303948112483
425.66112956810633,0.12856207096878947
425.6810631229236,0.13111667160967824
425.70099667774093,0.13356304048329512
425.72093023255815,0.13589763037989064
425.7408637873754,0.13811713343912937
425.7607973421927,0.14021846923717643
425.78073089700996,0.14219877489794686
425.8006644518273,0.1440553968813772
425.82059800664456,0.14578588416364116
425.84053156146183,0.14738798257482236
425.8604651162791,0.148859630100573
425.8803986710964,0.15019895298796684
425.90033222591364,0.15140426252329364
425.9202657807309,0.15247405237236253
425.9401993355482,0.15340699639286914
425.96013289036546,0.1542019468441321
425.98006644518273,0.15485793293301292
426.00000000000006,0.15537415964604812
426.0199335548173,0.15575000682772044
426.0398671096346,0.15598502847343224
426.05980066445187,0.15607895221317147
426.0797342192691,0.15603167896894357
426.0996677740864,0.1558432827752935
426.1196013289037,0.15551401075850438
426.13953488372096,0.1550442832757931
426.1594684385382,0.15443469422201878
426.1794019933555,0.15368601151752798
426.1993355481728,0.15279917779736563
426.2192691029901,0.15177531132936461
426.2392026578073,0.15061570719653186
426.2591362126246,0.14932183878840127
426.27906976744185,0.14789535965639058
426.2990033222592,0.14633810580055395
426.31893687707645,0.14465209846956484
426.3388704318937,0.14283954757289932
426.358803986711,0.14090285582503778
426.37873754152827,0.13884462376621456
426.39867109634554,0.1366676558347369
426.4186046511628,0.1343749677026477
426.4385382059801,0.13196979513202148
426.45847176079735,0.1294556046646348
426.4784053156146,0.12683610652680716
426.4983388704319,0.12411527021635832
426.5182724252492,0.12129734334457745
426.5382059800665,0.11838687443811696
426.55813953488376,0.11538874057025693
426.57807308970104,0.11230818089667834
426.59800664451825,0.10915083742729333
426.6179401993356,0.10592280468593816
426.63787375415285,0.10263069030664398
426.6578073089701,0.09928168910560978
426.6777408637874,0.09588367376597301
426.69767441860466,0.09244530598971414
426.717607973422,0.0889761728063338
426.73754152823926,0.08548695365558309
426.7574750830565,0.08198962480171541
426.77740863787375,0.07849770841392524
426.797342192691,0.07502657390777652
426.81727574750835,0.07159379822922166
426.8372093023256,0.06821958852132733
426.8571428571429,0.06492726312468333
426.87707641196016,0.06174377215107723
426.89700996677743,0.058700212781029326
426.9169435215947,0.05583225218113518
426.936877076412,0.05318030937307746
426.95681063122925,0.05078927063925972
426.9767441860465,0.04870744270327854
426.9966777408638,0.04698443494876521
427.01661129568106,0.045667787078362866
427.0365448504984,0.04479849511231516
427.05647840531566,0.0444061110543191
427.07641196013293,0.04450458245018536
427.0963455149502,0.04509009618846546
427.1162790697674,0.04614166756132548
427.13621262458474,0.04762426777884356
427.156146179402,0.04949345726102734
427.1760797342193,0.05170023078249655
427.19601328903656,0.0541950855432046
427.2159468438538,0.056930867134858586
427.23588039867116,0.05986440813070941
427.2558139534884,0.0629572178074238
427.27574750830564,0.06617553847823751
427.2956810631229,0.0694900386112534
427.3156146179402,0.07287533548714391
427.3355481727575,0.07630946825458496
427.3554817275748,0.07977338871549078
427.37541528239205,0.08325050214804251
427.3953488372093,0.08672626966440752
427.4152823920266,0.09018787232227403
427.4352159468439,0.09362393178125407
427.45514950166114,0.09702428020838177
427.4750830564784,0.10037977182315524
427.4950166112957,0.10368212901183832
427.51495016611295,0.10692381682045352
427.5348837209303,0.11009794058956551
427.55481727574755,0.11319816239151641
427.5747508305648,0.11621863272113513
427.5946843853821,0.11915393455928473
427.61461794019937,0.12199903748172093
427.63455149501664,0.12474925993638357
427.6544850498339,0.12740023817639556
427.6744186046512,0.12994790062859013
427.69435215946845,0.13238844671201017
427.7142857142857,0.13471832930854358
427.73421926910305,0.13693424023830844
427.7541528239203,0.13903309821306184
427.7740863787376,0.1410120388377699
427.79401993355486,0.14286840630865827
427.8139534883721,0.1445997465191555
427.8338870431894,0.14620380133626656
427.8538205980067,0.14767850385164608
427.87375415282395,0.14902197444561133
427.8936877076412,0.15023251753032904
427.9136212624585,0.1513086188614619
427.93355481727576,0.15224894332674158
427.9534883720931,0.1530523331359203
427.9734219269103,0.15371780635005977
427.9933554817276,0.15424455569957077
428.01328903654485,0.1546319476504069
428.0332225913621,0.1548795216862372
428.05315614617945,0.15498698978223865
428.0730897009967,0.15495423605303663
428.093023255814,0.15478131656360247
428.11295681063126,0.154468459298158
428.13289036544853,0.15401606428793885
428.1528239202658,0.15342470390469345
428.1727574750831,0.15269512333285937
428.19269102990035,0.15182824124001548
428.2126245847176,0.15082515067214458
428.2325581395349,0.14968712020827538
428.2524916943522,0.1484155954179481
428.2724252491695,0.1470122006752391
428.29235880398676,0.1454787413951663
428.31229235880403,0.14381720677232535
428.33222591362124,0.1420297731185579
428.3521594684386,0.14011880791660955
428.37209302325584,0.1380868747310488
428.3920265780731,0.1359367391473489
428.4119601328904,0.13367137594599268
428.43189368770766,0.1312939777627387
428.4518272425249,0.12880796554034962
428.47176079734226,0.1262170011443038
428.49169435215947,0.12352500259790301
428.51162790697674,0.12073616249546472
428.531561461794,0.11785497028063631
428.5514950166113,0.11488623923717455
428.5714285714286,0.1118351392393408
428.5913621262459,0.10870723655891848
428.61129568106315,0.10550854233694994
428.6312292358804,0.10224557171486615
428.6511627906977,0.09892541609685052
428.67109634551497,0.09555583159795039
428.69102990033224,0.09214534743231485
428.7109634551495,0.08870339881319482
428.7308970099668,0.08524048984795718
428.75083056478405,0.08176839284462879
428.7707641196014,0.07830039123692283
428.79069767441865,0.07485157365120282
428.8106312292359,0.07143918586308244
428.8305647840532,0.06808304443150219
428.8504983388704,0.06480600883205816
428.87043189368774,0.06163449509627329
428.890365448505,0.05859898928768771
428.9102990033223,0.055734478881550836
428.93023255813955,0.05308066086672986
428.9501661129568,0.05068171029719399
428.97009966777415,0.04858532143692838
428.9900332225914,0.04684071306853533
429.00996677740864,0.04549539785985055
429.0299003322259,0.04459082875389848
429.0498338870432,0.044157541102000826
429.0697674418605,0.044210911088542595
429.0897009966778,0.044748796734615154
429.10963455149505,0.04575186534414005
429.1295681063123,0.04718649272654636
429.1495016611296,0.04900926857161415
429.1694352159469,0.05117182513799618
429.18936877076413,0.053624966802667595
429.2093023255814,0.056321609296397436
429.2292358803987,0.05921850860508695
429.24916943521595,0.06227702131101123
429.2691029900333,0.06546320872743651
429.28903654485055,0.0687475586594642
429.3089700996678,0.0721045230650655
429.3289036544851,0.07551199743481876
429.34883720930236,0.07895081287896816
429.36877076411963,0.08240427563269978
429.3887043189369,0.08585776693100018
429.4086378737542,0.08929840429037177
429.42857142857144,0.09271475941215274
429.4485049833887,0.09609662560503848
429.468438538206,0.09943482718370918
429.4883720930233,0.10272106377420613
429.5083056478406,0.10594778330622909
429.52823920265786,0.10910807841478054
429.5481727574751,0.1121956018698723
429.56810631229234,0.11520449744638883
429.58803986710967,0.11812934331961845
429.60797342192694,0.12096510563026797
429.6279069767442,0.12370710031849966
429.6478405315615,0.12635096169494203
429.66777408637876,0.12889261651292833
429.6877076411961,0.1313282625437876
429.7076411960133,0.13365435084734287
429.72757475083057,0.13586757108208797
429.74750830564784,0.1379648393217683
429.7674418604651,0.13994328794337868
429.78737541528244,0.14180025723061357
429.8073089700997,0.14353328840071453
429.827242524917,0.14514011781466357
429.84717607973425,0.14661867217250465
429.8671096345515,0.14796706453035718
429.8870431893688,0.14918359100372794
429.90697674418607,0.1502667280451559
429.92691029900334,0.15121513020353855
429.9468438538206,0.15202762828869712
429.9667774086379,0.15270322787833424
429.98671096345515,0.15324110811604846
430.0066445182725,0.15364062075913784
430.02657807308975,0.15390128944348389
430.046511627907,0.15402280914046632
430.06644518272424,0.15400504578790974
430.0863787375415,0.15384803608328418
430.10631229235884,0.15355198743353857
430.1262458471761,0.15311727806177053
430.1461794019934,0.15254445727689983
430.16611295681065,0.15183424591840428
430.1860465116279,0.15098753699482106
430.20598006644525,0.15000539654147146
430.22591362126246,0.14888906473074448
430.24584717607974,0.14763995727685628
430.265780730897,0.14625966718722755
430.2857142857143,0.14474996692410255
430.3056478405316,0.14311281105397278
430.3255813953489,0.1413503394786193
430.34551495016615,0.13946488136118174
430.3654485049834,0.13745895988438578
430.3853820598007,0.13533529800656963
430.40531561461796,0.13309682541619267
430.42524916943523,0.13074668692814712
430.4451827242525,0.12828825261794033
430.4651162790698,0.12572513005446445
430.48504983388705,0.12306117907263826
430.5049833887044,0.12030052962678367
430.52491694352165,0.11744760338985126
430.5448504983389,0.11450713991855578
430.5647840531562,0.11148422839766407
430.5847176079734,0.10838434621834624
430.60465116279073,0.10521340594639729
430.624584717608,0.10197781261058535
430.6445182724253,0.09868453370379958
430.66445182724254,0.09534118485574469
430.6843853820598,0.0919561348175449
430.70431893687714,0.08853863419859184
430.7242524916944,0.08509897329526385
430.74418604651163,0.08164867528601649
430.7641196013289,0.0782007318894108
430.7840531561462,0.0747698889882885
430.8039867109635,0.0713729891444382
430.82392026578077,0.06802937534981551
430.84385382059804,0.06476135407606065
430.8637873754153,0.06159470300412918
430.8837209302326,0.058559185881174945
430.90365448504986,0.055688999067431036
430.9235880398671,0.053023017729342904
430.9435215946844,0.050604636154673234
430.96345514950167,0.04848092286838602
430.98338870431894,0.04670078041923383
431.0033222591362,0.04531188657161902
431.02325581395354,0.04435647781905065
431.0431893687708,0.043866522763833536
431.0631229235881,0.043859351481780676
431.08305647840535,0.04433501585182706
431.10299003322257,0.04527627164884931
431.1229235880399,0.046651189559480055
431.14285714285717,0.04841751420429578
431.16279069767444,0.050527496635501316
431.1827242524917,0.05293212743975632
431.202657807309,0.05558421466930996
431.2225913621263,0.05844024007389272
431.2425249169436,0.06146121477055463
431.26245847176085,0.06461284475045455
431.28239202657807,0.06786528682376236
431.30232558139534,0.07119270190264929
431.32225913621266,0.07457273874785768
431.34219269102994,0.07798602433454985
431.3621262458472,0.08141569881101146
431.3820598006645,0.08484700988473069
431.40199335548175,0.08826696866561498
431.421926910299,0.09166406264218577
431.4418604651163,0.09502801885347288
431.46179401993356,0.0983496097257138
431.48172757475083,0.10162049444574613
431.5016611295681,0.10483308956613695
431.5215946843854,0.10798046347581947
431.5415282392027,0.11105625027315282
431.56146179402,0.11405457938263124
431.58139534883725,0.11697001794141776
431.6013289036545,0.11979752355116066
431.62126245847173,0.12253240545521858
431.64119601328906,0.12517029257809206
431.66112956810633,0.12770710716617256
431.6810631229236,0.13013904301188145
431.7009966777409,0.1324625474374404
431.72093023255815,0.13467430637037237
431.7408637873755,0.13677123196734361
431.76079734219275,0.13875045234351321
431.78073089701,0.14060930304501262
431.80066445182723,0.14234531996749952
431.8205980066445,0.14395623347647152
431.84053156146183,0.14543996352802885
431.8604651162791,0.14679461562378343
431.8803986710964,0.1480184774624016
431.90033222591364,0.14911001617401798
431.9202657807309,0.15006787604332752
431.94019933554824,0.15089087664371195
431.96013289036546,0.15157801131843168
431.98006644518273,0.15212844595671135
432.0,0.152541518022533
432.01993355481727,0.15281673580283217
432.0398671096346,0.1529537778493457
432.05980066445187,0.15295249259542743
432.07973421926914,0.15281289813554294
432.0996677740864,0.15253518216117176
432.1196013289037,0.15211970205270622
432.13953488372096,0.15156698513280506
432.1594684385382,0.1508777290926298
432.1794019933555,0.15005280260877513
432.19933554817277,0.14909324617549446
432.21926910299004,0.1480002731844572
432.23920265780737,0.14677527129285675
432.25913621262464,0.14541980413037656
432.2790697674419,0.14393561340721758
432.2990033222592,0.14232462149846323
432.3189368770764,0.14058893459635918
432.3388704318937,0.13873084654094578
432.358803986711,0.1367528434625277
432.37873754152827,0.1346576093974524
432.39867109634554,0.13244803307244132
432.4186046511628,0.13012721609438338
432.4385382059801,0.12769848283353138
432.4584717607974,0.1251653923508984
432.4784053156146,0.12253175279876113
432.4983388704319,0.11980163881964542
432.51827242524917,0.11697941258963979
432.53820598006644,0.11406974930178236
432.55813953488376,0.11107766807248551
432.57807308970104,0.10800856948743305
432.5980066445183,0.10486828129489342
432.6179401993356,0.10166311411617007
432.63787375415285,0.09839992949046301
432.6578073089701,0.09508622311928072
432.6777408637874,0.09173022683588172
432.69767441860466,0.08834103360191742
432.71760797342193,0.08492875071014956
432.7375415282392,0.08150468729047243
432.75747508305653,0.07808158304021823
432.7774086378738,0.074673885548064
432.7973421926911,0.07129808312322403
432.81727574750835,0.06797309772979931
432.83720930232556,0.06472073686052833
432.8571428571429,0.061566191425995793
432.87707641196016,0.05853854530982308
432.89700996677743,0.05567122658627022
432.9169435215947,0.0530022766036929
432.936877076412,0.05057424219147365
432.95681063122925,0.048433422477052485
432.9767441860466,0.04662816458961563
432.99667774086384,0.04520597237319795
433.01661129568106,0.0442094492291295
433.03654485049833,0.04367155770568898
433.0564784053156,0.043611198274349484
433.07641196013293,0.044030364375909216
433.0963455149502,0.04491382056777241
433.1162790697675,0.04623141781893496
433.13621262458474,0.04794225975916282
433.156146179402,0.04999947855116859
433.1760797342193,0.05235451951467883
433.19601328903656,0.054960324500902526
433.2159468438538,0.057773300508712454
433.2358803986711,0.0607542684947596
433.25581395348837,0.06386869489606596
433.2757475083057,0.06708648896010953
433.29568106312297,0.0703815789823297
433.31561461794024,0.07373140679463147
433.3355481727575,0.07711642151410358
433.3554817275747,0.08051961384663389
433.37541528239205,0.08392610786114804
433.3953488372093,0.0873228134786061
433.4152823920266,0.09069813601052507
433.43521594684387,0.09404173613403422
433.45514950166114,0.09734433290655115
433.47508305647847,0.10059754272283955
433.49501661129574,0.10379374789001806
433.514950166113,0.10692598941184878
433.5348837209302,0.10998787947112743
433.5548172757475,0.11297352990375988
433.5747508305648,0.11587749364825017
433.5946843853821,0.11869471672911003
433.61461794019937,0.12142049880367875
433.63455149501664,0.12405046068333246
433.6544850498339,0.12658051754746838
433.67441860465124,0.1290068568153904
433.69435215946845,0.13132591983840347
433.7142857142857,0.1335343867332951
433.734219269103,0.135629163804754
433.75415282392026,0.1376073731065094
433.7740863787376,0.13946634377313977
433.79401993355486,0.14120360482049402
433.81395348837214,0.1428168791666377
433.8338870431894,0.14430407866883863
433.8538205980067,0.1456633000074514
433.87375415282395,0.14689282127738137
433.8936877076412,0.14799109917117
433.9136212624585,0.1489567666583253
433.93355481727576,0.14978863108172352
433.95348837209303,0.1504856726061976
433.9734219269103,0.15104704296599902
433.99335548172763,0.15147206446835915
434.0132890365449,0.15176022921875837
434.0332225913622,0.15191119854174648
434.0531561461794,0.15192480257776325
434.07308970099666,0.1518010400431171
434.093023255814,0.15154007814610612
434.11295681063126,0.15114225265831846
434.13289036544853,0.15060806814574307
434.1528239202658,0.14993819837037542
434.1727574750831,0.14913348687930447
434.1926910299004,0.1481949478048395
434.2126245847176,0.14712376690692042
434.2325581395349,0.14592130289718494
434.25249169435216,0.14458908909392426
434.27242524916943,0.14312883546810345
434.29235880398676,0.14154243115389287
434.31229235880403,0.13983194751261172
434.3322259136213,0.13799964185756572
434.3521594684386,0.13604796196970784
434.37209302325584,0.1339795515611006
434.3920265780731,0.1317972568761354
434.4119601328904,0.12950413466091143
434.43189368770766,0.12710346178055887
434.4518272425249,0.12459874682563396
434.4717607973422,0.12199374412410745
434.49169435215947,0.1192924706692682
434.5116279069768,0.11649922659066993
434.53156146179407,0.11361861994040603
434.55149501661134,0.1106555967486677
434.57142857142856,0.10761547752864403
434.5913621262458,0.10450400169363382
434.61129568106315,0.10132738169998423
434.6312292358804,0.09809236916388865
434.6511627906977,0.09480633573250469
434.67109634551497,0.0914773721328154
434.69102990033224,0.08811440958040094
434.71096345514957,0.08472736859148348
434.73089700996684,0.08132734115316283
434.75083056478405,0.07792681304451801
434.7707641196013,0.074539933605987
434.7906976744186,0.0711828399328637
434.8106312292359,0.06787404043557523
434.8305647840532,0.06463485745926453
434.85049833887047,0.061489917783514966
434.87043189368774,0.05846765980601684
434.890365448505,0.05560079258016747
434.9102990033223,0.05292659053512081
434.93023255813955,0.050486838787358344
434.9501661129568,0.048327169696033526
434.9700996677741,0.04649548757234002
434.99003322259136,0.045039232120450495
435.0099667774087,0.04400146318770286
435.02990033222596,0.04341618870445173
435.04983388704323,0.04330388054540117
435.0697674418605,0.04366842219967081
435.0897009966777,0.044496491778810446
435.10963455149505,0.045759597819523705
435.1295681063123,0.04741807110359839
435.1495016611296,0.04942579974455535
435.16943521594686,0.05173457604746751
435.18936877076413,0.05429739040968327
435.20930232558146,0.05707051278422997
435.22923588039873,0.06001453214081362
435.249169435216,0.06309465015729161
435.2691029900332,0.06628051587791976
435.2890365448505,0.06954582128187956
435.3089700996678,0.07286780358102621
435.3289036544851,0.07622674013109612
435.34883720930236,0.07960548048106361
435.36877076411963,0.08298903443051825
435.3887043189369,0.08636422042968296
435.4086378737542,0.08971937121173564
435.42857142857144,0.09304409028811156
435.4485049833887,0.09632905198377667
435.468438538206,0.09956583790395156
435.48837209302326,0.10274680345791459
435.50830564784053,0.10586496896926373
435.52823920265786,0.10891393079893137
435.54817275747513,0.11188778871854113
435.5681063122924,0.11478108646916917
435.58803986710967,0.11758876302370212
435.6079734219269,0.12030611254912475
435.6279069767442,0.12292875145290398
435.6478405315615,0.12545259121043542
435.66777408637876,0.1278738159212016
435.687707641196,0.13018886374253563
435.7076411960133,0.13239441151078563
435.7275747508306,0.13448736198897399
435.7475083056479,0.1364648332835868
435.76744186046517,0.13832415005678775
435.7873754152824,0.1400628362275091
435.80730897009965,0.14167860890973305
435.827242524917,0.14316937338033695
435.84717607973425,0.14453321890526413
435.8671096345515,0.14576841528228676
435.8870431893688,0.14687340998323345
435.90697674418607,0.14784682579857514
435.92691029900334,0.14868745890424534
435.9468438538206,0.14939427728473323
435.9667774086379,0.14996641945843603
435.98671096345515,0.1504031934614524
436.0066445182724,0.150704076055139
436.0265780730897,0.1508687121302565
436.046511627907,0.15089691428781027
436.0664451827243,0.15078866258304052
436.08637873754157,0.15054410442499574
436.10631229235884,0.15016355462999992
436.12624584717605,0.14964749563312826
436.1461794019934,0.1489965778675049
436.16611295681065,0.14821162032767235
436.1860465116279,0.147293611339648
436.2059800664452,0.1462437095678511
436.22591362126246,0.14506324529704417
436.2458471760798,0.14375372203707457
436.26578073089706,0.14231681850895714
436.28571428571433,0.14075439108365556
436.30564784053155,0.13906847676010217
436.3255813953488,0.13726129678705815
436.34551495016615,0.1353352610553241
436.3654485049834,0.13329297341294663
436.3853820598007,0.131137238088448
436.40531561461796,0.1288710674460933
436.42524916943523,0.12649769134551025
436.44518272425256,0.12402056843732788
436.46511627906983,0.12144339979983776
436.48504983388705,0.11877014541285309
436.5049833887043,0.11600504407813114
436.5249169435216,0.11315263753692602
436.5448504983389,0.11021779971132886
436.5647840531562,0.10720577221600008
436.58471760797346,0.10412220756110639
436.60465116279073,0.10097322180868945
436.624584717608,0.09776545886707189
436.6445182724253,0.09450616912657848
436.66445182724254,0.09120330576788821
436.6843853820598,0.08786564281768207
436.7043189368771,0.08450291987504072
436.72425249169436,0.08112601934017687
436.7441860465117,0.07774718283122213
436.76411960132896,0.07438027403625046
436.78405315614623,0.07104109505728885
436.8039867109635,0.06774776153211162
436.8239202657807,0.06452113704856348
436.84385382059804,0.06138531731030567
436.8637873754153,0.05836813578207099
436.8837209302326,0.05550163074366692
436.90365448504986,0.05282236455822748
436.9235880398671,0.05037141886948382
436.9435215946844,0.04819381474696744
436.9634551495017,0.04633705714722988
436.983388704319,0.044848542007105134
437.0033222591362,0.0437717732836336
437.0232558139535,0.04314175556771979
437.04318936877075,0.04298045239762735
437.0631229235881,0.04329353987517738
437.08305647840535,0.044069510527499314
437.1029900332226,0.04528144235084474
437.1229235880399,0.04689082283763522
437.14285714285717,0.048852244575355155
437.16279069767444,0.05111781256138305
437.1827242524917,0.053640545643967245
437.202657807309,0.05637656764534727
437.22259136212625,0.059286234518348475
437.2425249169435,0.06233448766882058
437.26245847176085,0.06549072389552384
437.2823920265781,0.06872840873600088
437.3023255813954,0.07202458546206673
437.32225913621266,0.07535937040583536
437.3421926910299,0.07871548228557554
437.3621262458472,0.08207782627803786
437.3820598006645,0.08543313819933786
437.40199335548175,0.08876968619091387
437.421926910299,0.0920770237504852
437.4418604651163,0.09534578683545378
437.46179401993356,0.09856752790298191
437.4817275747509,0.10173458045278126
437.50166112956816,0.10483994853362705
437.5215946843854,0.10787721657427121
437.54152823920265,0.11084047571800024
437.5614617940199,0.11372426354695135
437.58139534883725,0.11652351467357698
437.6013289036545,0.11923352016279344
437.6212624584718,0.1218498941426629
437.64119601328906,0.12436854627936297
437.66112956810633,0.1267856590475942
437.6810631229236,0.1290976689318875
437.7009966777409,0.13130125085825017
437.72093023255815,0.1333933052867623
437.7408637873754,0.1353709475012369
437.7607973421927,0.13723149871685744
437.78073089701,0.13897247869514412
437.8006644518273,0.1405915996109797
437.82059800664456,0.14208676096152156
437.84053156146183,0.14345604534338038
437.86046511627904,0.14469771495467684
437.8803986710964,0.14581020870318176
437.90033222591364,0.14679213982233108
437.9202657807309,0.14764229391389191
437.9401993355482,0.14835962735045863
437.96013289036546,0.14894326598293478
437.9800664451828,0.14939250410855331
438.00000000000006,0.14970680366413625
438.0199335548173,0.1498857936167798
438.03986710963454,0.1499292695315879
438.0598006644518,0.14983719330226936
438.07973421926914,0.14960969303652075
438.0996677740864,0.14924706309390304
438.1196013289037,0.14874976427960065
438.13953488372096,0.14811842420325774
438.1594684385382,0.14735383781825592
438.17940199335555,0.1464569681632231
438.1993355481728,0.14542894733471784
438.21926910299004,0.14427107772820108
438.2392026578073,0.14298483359347813
438.2591362126246,0.14157186296147362
438.2790697674419,0.1400339900116012
438.2990033222592,0.13837321796384527
438.31893687707645,0.13659173259715865
438.3388704318937,0.1346919065170125
438.358803986711,0.13267630432050273
438.37873754152827,0.13054768883859383
438.39867109634554,0.12830902867300403
438.4186046511628,0.12596350729206726
438.4385382059801,0.1235145340072256
438.45847176079735,0.12096575722306455
438.4784053156146,0.11832108044171115
438.49833887043195,0.11558468161219758
438.5182724252492,0.11276103655169507
438.5382059800665,0.10985494733594571
438.5581395348837,0.10687157676869266
438.578073089701,0.10381649030516536
438.5980066445183,0.10069570713455818
438.6179401993356,0.09751576253534298
438.63787375415285,0.09428378411946399
438.6578073089701,0.091007585190783
438.6777408637874,0.08769577916632282
438.6976744186047,0.08435791983902534
438.717607973422,0.08100467315643255
438.7375415282392,0.07764802705014046
438.7574750830565,0.07430154645544139
438.77740863787375,0.0709806805879853
438.7973421926911,0.06770312802357503
438.81727574750835,0.06448926083510051
438.8372093023256,0.06136259982736139
438.8571428571429,0.05835031555541605
438.87707641196016,0.055483700053555525
438.89700996677743,0.052798507701429985
438.9169435215947,0.05033499907531694
438.936877076412,0.04813744744660948
438.95681063122925,0.046252812918215994
438.9767441860465,0.04472831332755928
438.9966777408638,0.04360780447218095
439.0166112956811,0.04292727349938656
439.0365448504984,0.04271026787627075
439.05647840531566,0.042964459200552974
439.0764119601329,0.043680439960281335
439.09634551495014,0.044833173684232716
439.1162790697675,0.04638559560004265
439.13621262458474,0.048293229590038324
439.156146179402,0.05050864123973067
439.1760797342193,0.052984952390517814
439.19601328903656,0.055678158285311946
439.2159468438539,0.05854836109745832
439.23588039867116,0.061560198980920605
439.25581395348837,0.06468276312234152
439.27574750830564,0.0678892366081307
439.2956810631229,0.07115641468015857
439.31561461794024,0.07446420284335362
439.3355481727575,0.07779514444568254
439.3554817275748,0.0811340009288949
439.37541528239205,0.08446739151652753
439.3953488372093,0.08778349047446199
439.41528239202665,0.091071776128072
439.43521594684387,0.09432282448744063
439.45514950166114,0.09752814035432758
439.4750830564784,0.1006800194327369
439.4950166112957,0.10377143583909126
439.514950166113,0.10679595030457917
439.5348837209303,0.10974763518539901
439.55481727574755,0.11262101311140917
439.5747508305648,0.11541100670386063
439.59468438538204,0.11811289728692022
439.61461794019937,0.12072229091932843
439.63455149501664,0.12323509039652972
439.6544850498339,0.12564747213387867
439.6744186046512,0.12795586705003123
439.69435215946845,0.13015694473671915
439.7142857142858,0.13224760033513608
439.73421926910305,0.13422494364644943
439.7541528239203,0.13608629009064263
439.77408637873754,0.13782915319757594
439.7940199335548,0.139451238370522
439.81395348837214,0.14095043770843926
439.8338870431894,0.14232482571045435
439.8538205980067,0.14357265571672342
439.87375415282395,0.14469235696491303
439.8936877076412,0.1456825321624857
439.9136212624585,0.14654195549214943
439.9335548172758,0.147269570982422
439.95348837209303,0.1478644911875803
439.9734219269103,0.14832599613165712
439.9933554817276,0.1486535324802115
440.01328903654485,0.14884671291164256
440.0332225913622,0.14890531566675327
440.05315614617945,0.14882928426189826
440.0730897009967,0.14861872735690224
440.093023255814,0.14827391877487392
440.1129568106312,0.14779529767658023
440.13289036544853,0.14718346889792774
440.1528239202658,0.1464392034649967
440.1727574750831,0.14556343930761373
440.19269102990035,0.14455728219937175
440.2126245847176,0.1434220069600362
440.23255813953494,0.1421590589651037
440.2524916943522,0.1407700560178147
440.2724252491695,0.13925679065100693
440.2923588039867,0.1376212329405104
440.312292358804,0.1358655339291433
440.3322259136213,0.13399202978066382
440.3521594684386,0.13200324680818773
440.37209302325584,0.12990190755172978
440.3920265780731,0.127690938116441
440.4119601328904,0.1253734770284905
440.43189368770766,0.1229528859213144
440.451827242525,0.120432762433896
440.4717607973422,0.11781695578813665
440.49169435215947,0.11510958561866581
440.51162790697674,0.11231506476058167
440.531561461794,0.10943812686563585
440.55149501661134,0.10648385992327872
440.5714285714286,0.10345774701968584
440.5913621262459,0.10036571598769951
440.61129568106315,0.09721419999666976
440.63122923588037,0.09401021161835137
440.6511627906977,0.09076143349678989
440.67109634551497,0.08747632945427408
440.69102990033224,0.08416428067684098
440.7109634551495,0.08083575250539084
440.7308970099668,0.07750249821945075
440.7508305647841,0.07417780683849162
440.7707641196014,0.07087680198761324
440.79069767441865,0.06761679756361236
440.81063122923587,0.0644177120521151
440.83056478405314,0.06130253486037779
440.85049833887047,0.058297821876744045
440.87043189368774,0.055434169524086065
440.890365448505,0.052746572469505315
440.9102990033223,0.05027450801970185
440.93023255813955,0.048061516972343975
440.9501661129569,0.04615399235976437
440.97009966777415,0.04459889940880279
440.99003322259136,0.043440310958657996
441.00996677740864,0.04271500803944575
441.0299003322259,0.04244790418460729
441.04983388704323,0.04264845720039927
441.0697674418605,0.0433091957279445
441.0897009966778,0.04440687206039468
441.10963455149505,0.04590584009715204
441.1295681063123,0.04776257869520764
441.14950166112965,0.04993016989798072
441.16943521594686,0.05236190840750211
441.18936877076413,0.055013732253464794
441.2093023255814,0.05784555574796938
441.2292358803987,0.060821771310744246
441.249169435216,0.06391121305344365
441.2691029900333,0.06708682177929837
441.28903654485055,0.07032517758524684
441.3089700996678,0.07360600193173637
441.32890365448503,0.07691168457524258
441.34883720930236,0.0802268609476227
441.36877076411963,0.08353804814172075
441.3887043189369,0.08683333838984679
441.4086378737542,0.09010214458421453
441.42857142857144,0.09333499083687272
441.4485049833887,0.09652334098236064
441.46843853820604,0.09965945851756855
441.4883720930233,0.10273629232404531
441.50830564784053,0.1057473834080793
441.5282392026578,0.10868678871981166
441.5481727574751,0.11154901883326396
441.5681063122924,0.11432898687650797
441.58803986710967,0.1170219666024036
441.60797342192694,0.11962355789794638
441.6279069767442,0.12212965835980713
441.6478405315615,0.12453643982822404
441.6677740863788,0.12684032898358608
441.687707641196,0.12903799128010876
441.7076411960133,0.13112631762721486
441.72757475083057,0.13310241333864453
441.74750830564784,0.13496358895728047
441.76744186046517,0.1367073526345966
441.78737541528244,0.1383314038011637
441.8073089700997,0.13983362791095746
441.827242524917,0.14121209208059252
441.8471760797342,0.14246504147522648
441.8671096345515,0.1435908963187581
441.8870431893688,0.14458824942690607
441.90697674418607,0.14545586417932904
441.92691029900334,0.14619267286171858
441.9468438538206,0.1467977753210806
441.9667774086379,0.14727043788824049
441.9867109634552,0.14761009253042962
442.0066445182725,0.14781633620519008
442.0265780730897,0.1478889303936178
442.04651162790697,0.14782780079769645
442.06644518272424,0.14763303719236107
442.08637873754157,0.14730489342872502
442.10631229235884,0.14684378759064257
442.1262458471761,0.14625030231230604
442.1461794019934,0.14552518527071442
442.16611295681065,0.14466934987307384
442.186046511628,0.14368387616610384
442.2059800664452,0.14257001200207722
442.22591362126246,0.14132917450512575
442.24584717607974,0.13996295189149935
442.265780730897,0.138473105709451
442.28571428571433,0.13686157357832418
442.3056478405316,0.1351304725232186
442.3255813953489,0.133282103021699
442.34551495016615,0.13131895390315143
442.36544850498336,0.12924370827100615
442.3853820598007,0.12705925065377946
442.40531561461796,0.12476867563523314
442.42524916943523,0.12237529826785568
442.4451827242525,0.11988266664119648
442.4651162790698,0.11729457705928134
442.4850498338871,0.11461509238473698
442.5049833887044,0.11184856423543589
442.52491694352165,0.10899965987977035
442.54485049833886,0.10607339487647652
442.56478405315613,0.1030751727542448
442.58471760797346,0.10001083333686155
442.60465116279073,0.09688671170445137
442.624584717608,0.09370971025528885
442.6445182724253,0.09048738690897558
442.66445182724254,0.0872280631793604
442.6843853820599,0.08394095664116873
442.70431893687714,0.08063634318600003
442.72425249169436,0.07732575532690779
442.74418604651163,0.07402222347979935
442.7641196013289,0.07074056725920559
442.78405315614623,0.06749774270460876
442.8039867109635,0.06431324783269377
442.82392026578077,0.06120958107252495
442.84385382059804,0.05821273205342274
442.8637873754153,0.05535265787993266
442.8837209302326,0.05266365605111126
442.90365448504986,0.0501844852435739
442.9235880398671,0.047958012827712136
442.9435215946844,0.04603010659038248
442.96345514950167,0.0444474894042789
442.98338870431894,0.04325441657599295
443.00332225913627,0.04248837747622494
443.02325581395354,0.04217552163908749
443.0431893687708,0.04232693802836657
443.063122923588,0.042936937559945765
443.0830564784053,0.04398393134197976
443.1029900332226,0.04543359818992112
443.1229235880399,0.04724331547263587
443.14285714285717,0.04936665639832977
443.16279069767444,0.05175708574688729
443.1827242524917,0.05437049595085705
443.20265780730904,0.05716663316146138
443.2225913621263,0.06010966744912104
443.2425249169435,0.06316820009460321
443.2624584717608,0.06631495304316441
443.28239202657807,0.06952631295282033
443.3023255813954,0.07278183682543139
443.32225913621266,0.07606377819495751
443.34219269102994,0.07935666171231652
443.3621262458472,0.08264691559543326
443.3820598006645,0.08592256153078281
443.40199335548175,0.08917295691017464
443.421926910299,0.09238858252955835
443.4418604651163,0.09556086867424088
443.46179401993356,0.09868205305447593
443.48172757475083,0.10174506488519161
443.5016611295681,0.10474343028947625
443.52159468438543,0.10767119503405992
443.5415282392027,0.11052286133239475
443.56146179402,0.11329333606529234
443.5813953488372,0.11597788827691015
443.60132890365446,0.1185721142179337
443.6212624584718,0.1210719085420869
443.64119601328906,0.12347344053109609
443.66112956810633,0.1257731344388667
443.6810631229236,0.1279676532182412
443.7009966777409,0.13005388503241838
443.7209302325582,0.13202893206393476
443.7408637873755,0.13389010122373438
443.7607973421927,0.13563489643478568
443.78073089700996,0.13726101222292955
443.80066445182723,0.13876632839501946
443.82059800664456,0.14014890562282714
443.84053156146183,0.14140698178279076
443.8604651162791,0.1425389689274576
443.8803986710964,0.14354345078597414
443.90033222591364,0.14441918070860027
443.920265780731,0.14516507998532255
443.9401993355482,0.1457802364809047
443.96013289036546,0.14626390353969929
443.98006644518273,0.1466154991225069
444.0,0.146834605146021
444.0199335548173,0.14692096700241353
444.0398671096346,0.14687449324320687
444.05980066445187,0.14669525541752898
444.07973421926914,0.14638348806072352
444.09966777408636,0.14593958883467698
444.1196013289037,0.14536411882711212
444.13953488372096,0.14465780302286194
444.1594684385382,0.14382153096634676
444.1794019933555,0.14285635764136642
444.19933554817277,0.1417635046018933
444.2192691029901,0.14054436139610524
444.23920265780737,0.1392004873359578
444.25913621262464,0.1377336136760439
444.27906976744185,0.13614564627932763
444.2990033222591,0.13443866886352612
444.31893687707645,0.13261494694147352
444.3388704318937,0.1306769325925213
444.358803986711,0.12862727023040887
444.37873754152827,0.12646880356839246
444.39867109634554,0.1242045840247068
444.4186046511628,0.12183788086467473
444.43853820598014,0.11937219344037571
444.45847176079735,0.11681126596957364
444.4784053156146,0.11415910539558803
444.4983388704319,0.11142000299436636
444.51827242524917,0.10859856055029264
444.5382059800665,0.10569972211607838
444.55813953488376,0.10272881261391305
444.57807308970104,0.09969158483604044
444.5980066445183,0.09659427677660418
444.6179401993356,0.09344368168656182
444.63787375415285,0.09024723380423696
444.6578073089701,0.08701311338412411
444.6777408637874,0.08375037542544653
444.69767441860466,0.08046910736061748
444.71760797342193,0.07718062182739373
444.73754152823926,0.07389769134392617
444.75747508305653,0.07063483189605835
444.7774086378738,0.06740864150373647
444.797342192691,0.06423819666320857
444.8172757475083,0.06114550235232637
444.8372093023256,0.05815597724781345
444.8571428571429,0.05529893107050169
444.87707641196016,0.05260795116372732
444.89700996677743,0.05012105780693886
444.9169435215947,0.0478804166509438
444.936877076412,0.045931332768245146
444.9568106312293,0.04432024212807979
444.9767441860465,0.04309153758535642
444.9966777408638,0.04228338352358312
445.01661129568106,0.04192315834458699
445.03654485049833,0.04202361208086842
445.05647840531566,0.042580904945312324
445.07641196013293,0.043575198190507154
445.0963455149502,0.04497359090830134
445.1162790697675,0.0467344397353745
445.13621262458474,0.048811864675854126
445.156146179402,0.05115952959083397
445.1760797342193,0.05373328820169361
445.19601328903656,0.05649271002474902
445.2159468438538,0.059401725338513074
445.2358803986711,0.062428681063298574
445.2558139534884,0.06554605789540119
445.2757475083057,0.06873002767700621
445.29568106312297,0.07195996352174762
445.3156146179402,0.07521796560114413
445.33554817275746,0.07848843294076502
445.3554817275748,0.08175769216900461
445.37541528239205,0.08501368360375193
445.3953488372093,0.08824569995105458
445.4152823920266,0.09144417090028475
445.43521594684387,0.0946004865742943
445.4551495016612,0.09770685327185372
445.47508305647847,0.10075617574454625
445.4950166112957,0.10374196112908328
445.51495016611295,0.10665824048737867
445.5348837209302,0.10949950463995001
445.55481727574755,0.1122606516003777
445.5747508305648,0.11493694343325131
445.5946843853821,0.11752397077878975
445.61461794019937,0.12001762362696354
445.63455149501664,0.12241406719751892
445.65448504983397,0.12470972200175671
445.6744186046512,0.1269012473374277
445.69435215946845,0.12898552760911486
445.7142857142857,0.13095966097963538
445.734219269103,0.1328209499484736
445.7541528239203,0.1345668935270298
445.7740863787376,0.13619518073922393
445.79401993355486,0.13770368522434476
445.81395348837214,0.13909046075797932
445.83388704318935,0.14035373753897323
445.8538205980067,0.14149191911643536
445.87375415282395,0.14250357985271636
445.8936877076412,0.1433874628361405
445.9136212624585,0.14414247817246184
445.93355481727576,0.14476770159651112
445.95348837209303,0.14526237335659992
445.97342192691036,0.14562589733325124
445.99335548172763,0.1458578403621022
446.01328903654485,0.14595793173809563
446.0332225913621,0.14592606288431836
446.0531561461794,0.1457622871752359
446.0730897009967,0.14546681990947594
446.093023255814,0.14504003843315108
446.11295681063126,0.14448248242012254
446.13289036544853,0.14379485432154435
446.1528239202658,0.14297802000319615
446.17275747508313,0.1420330095956243
446.19269102990035,0.14096101858979196
446.2126245847176,0.13976340921930286
446.2325581395349,0.13844171217982537
446.25249169435216,0.1369976287479926
446.2724252491695,0.1354330333750687
446.29235880398676,0.13374997684677237
446.31229235880403,0.13195069011967586
446.3322259136213,0.13003758896743434
446.3521594684386,0.12801327959810438
446.37209302325584,0.12588056543774387
446.3920265780731,0.12364245531706196
446.4119601328904,0.12130217334912935
446.43189368770766,0.11886317084926296
446.4518272425249,0.11632914072640327
446.4717607973422,0.11370403487240453
446.4916943521595,0.11099208519656201
446.5116279069768,0.10819782910316088
446.531561461794,0.10532614039803721
446.5514950166113,0.10238226684448427
446.57142857142856,0.09937187588103959
446.5913621262459,0.09630111037620274
446.61129568106315,0.09317665674212842
446.6312292358804,0.09000582827469096
446.6511627906977,0.08679666724079314
446.67109634551497,0.08355806999576884
446.6910299003323,0.08029994026005798
446.7109634551495,0.07703337654616606
446.7308970099668,0.07377090044622753
446.75083056478405,0.07052673275409764
446.7707641196013,0.06731712361922872
446.79069767441865,0.0641607400851011
446.8106312292359,0.0610791077440495
446.8305647840532,0.05809709018728757
446.85049833887047,0.055243366714640564
446.87043189368774,0.05255083103618694
446.890365448505,0.05005677840001088
446.9102990033223,0.04780267885436402
446.93023255813955,0.04583326849108027
446.9501661129568,0.0441946729000051
446.9700996677741,0.04293137985503785
446.9900332225914,0.04208217088803788
447.0099667774087,0.04167559110680726
447.02990033222596,0.041726000104570414
447.0498338870432,0.04223137877992671
447.06976744186045,0.04317363630139721
447.0897009966778,0.04452131021550896
447.10963455149505,0.04623376425412035
447.1295681063123,0.04826569295217391
447.1495016611296,0.05057098127933632
447.16943521594686,0.053105459012964644
447.1893687707642,0.055828527450379944
447.20930232558146,0.058703880933113094
447.2292358803987,0.06169961304135018
447.24916943521595,0.06478796270885169
447.2691029900332,0.06794488576084169
447.28903654485055,0.0711495700247995
447.3089700996678,0.07438396096795105
447.3289036544851,0.0776323308142648
447.34883720930236,0.08088090362260093
447.36877076411963,0.08411753755018296
447.3887043189369,0.08733145998834645
447.4086378737542,0.09051304902497884
447.42857142857144,0.09365365423187617
447.4485049833887,0.09674545019018156
447.468438538206,0.09978131694486392
447.48837209302326,0.10275474245045513
447.5083056478406,0.10565974290382385
447.52823920265786,0.10849079759904888
447.54817275747513,0.1112427955690224
447.56810631229234,0.11391099180061011
447.5880398671096,0.11649097123723175
447.60797342192694,0.11897861912818981
447.6279069767442,0.12137009656216916
447.6478405315615,0.12366182024547409
447.66777408637876,0.12585044576440643
447.687707641196,0.1279328537143308
447.70764119601336,0.12990613819318556
447.7275747508306,0.13176759724935852
447.74750830564784,0.13351472494853805
447.7674418604651,0.13514520478423683
447.7873754152824,0.13665690420546892
447.8073089700997,0.13804787007487593
447.827242524917,0.13931632490295587
447.84717607973425,0.14046066373082017
447.8671096345515,0.14147945155574032
447.8870431893688,0.142371421212171
447.90697674418607,0.14313547163605272
447.92691029900334,0.14377066645311132
447.9468438538206,0.14427623284279098
447.9667774086379,0.14465156063874374
447.98671096345515,0.14489620163519493
448.0066445182724,0.1450098690754799
448.02657807308975,0.14499243730576783
448.046511627907,0.14484394158297711
448.0664451827243,0.1445645780315578
448.08637873754157,0.1441547037494884
448.1063122923588,0.14361483706917905
448.1262458471761,0.14294565798503614
448.1461794019934,0.14214800876515876
448.16611295681065,0.14122289477152664
448.1860465116279,0.14017148552012554
448.2059800664452,0.1389951160208481
448.2259136212625,0.1376952884465154
448.2458471760798,0.1362736741913159
448.265780730897,0.1347321163921191
448.2857142857143,0.1330726330014831
448.30564784053155,0.13129742051985685
448.3255813953489,0.12940885851666187
448.34551495016615,0.1274095150971972
448.3654485049834,0.12530215350522736
448.3853820598007,0.12308974009162514
448.40531561461796,0.12077545392911665
448.4252491694353,0.11836269841449158
448.4451827242525,0.1158551152754942
448.4651162790698,0.11325660149397627
448.48504983388705,0.11057132977395406
448.5049833887043,0.10780377332941507
448.52491694352165,0.10495873594906148
448.5448504983389,0.10204138852269505
448.5647840531562,0.099057313497344
448.58471760797346,0.09601255908329617
448.60465116279073,0.09291370546457213
448.624584717608,0.089767945799119
448.6445182724253,0.08658318543161467
448.66445182724254,0.08336816348784905
448.6843853820598,0.08013260185441738
448.7043189368771,0.07688738740795421
448.7242524916944,0.07364479410110139
448.7441860465117,0.07041875184677499
448.76411960132896,0.06722516852464638
448.7840531561462,0.06408230890123938
448.80398671096344,0.06101122819602145
448.82392026578077,0.05803624591468876
448.84385382059804,0.05518542381049065
448.8637873754153,0.05249097610471529
448.8837209302326,0.04998948705383598
448.90365448504986,0.04772174267888797
448.9235880398671,0.04573191596392835
448.94352159468446,0.044065818969703685
448.96345514950167,0.04276802050491138
448.98338870431894,0.04187789659532672
449.0033222591362,0.041425134130530124
449.0232558139535,0.041425684009707135
449.0431893687708,0.04187934287178256
449.0631229235881,0.04276977646299368
449.08305647840535,0.044066977156642186
449.1029900332226,0.045731331838183766
449.1229235880399,0.04771811952522391
449.14285714285717,0.04998144830895556
449.16279069767444,0.05247711935582064
449.1827242524917,0.05516435695543086
449.202657807309,0.05800660907221818
449.22259136212625,0.06097170561883233
449.2425249169436,0.06403163454644706
449.26245847176085,0.06716212795708394
449.2823920265781,0.07034218224025529
449.30232558139534,0.07355358341311796
449.3222591362126,0.07678047333593031
449.34219269102994,0.08000897088816919
449.3621262458472,0.08322685019919178
449.3820598006645,0.08642327204492675
449.40199335548175,0.08958856203602299
449.421926910299,0.09271402863191344
449.4418604651163,0.09579181436471679
449.4617940199336,0.09881477440763248
449.48172757475083,0.10177637748675074
449.5016611295681,0.10467062497153472
449.5215946843854,0.1074919847256301
449.54152823920265,0.11023533693720011
449.56146179402,0.11289592967807387
449.58139534883725,0.11546934237501219
449.6013289036545,0.11795145572782784
449.6212624584718,0.1203384268920093
449.64119601328906,0.12262666897074934
449.66112956810633,0.12481283404311087
449.6810631229236,0.12689379910096427
449.7009966777409,0.1288666543844004
449.72093023255815,0.13072869369920775
449.7408637873754,0.13247740637587216
449.76079734219275,0.13411047059064005
449.78073089701,0.13562574781891246
449.8006644518273,0.1370212782314616
449.82059800664456,0.13829527687701337
449.8405315614618,0.1394461305217088
449.8604651162791,0.14047239503839418
449.8803986710964,0.14137279325697102
449.90033222591364,0.14214621320276793
449.9202657807309,0.14279170666259058
449.9401993355482,0.1433084880293917
449.9601328903655,0.1436959333858274
449.9800664451828,0.14395357979527368
450.0,0.1440811247761046
450.01993355481727,0.14407842594167683
450.03986710963454,0.14394550079446228
450.05980066445187,0.14368252666841244
450.07973421926914,0.1432898408192917
450.0996677740864,0.1427679406681674
450.1196013289037,0.14211748420891104
450.13953488372096,0.14133929059657027
450.1594684385383,0.14043434093995072
450.1794019933555,0.139403779328897
450.19933554817277,0.13824891413493579
450.21926910299004,0.13697121963307513
450.2392026578073,0.13557233800355276
450.25913621262464,0.13405408178486958
450.2790697674419,0.13241843686464533
450.2990033222592,0.13066756611277955
450.31893687707645,0.12880381378324132
450.3388704318937,0.12682971083707764
450.358803986711,0.12474798137141724
450.37873754152827,0.12256155037841363
450.39867109634554,0.12027355310630779
450.4186046511628,0.11788734635446711
450.4385382059801,0.11540652210753291
450.45847176079735,0.11283492400540494
450.4784053156147,0.11017666725927425
450.49833887043195,0.1074361627653784
450.51827242524917,0.10461814634491992
450.53820598006644,0.10172771425872032
450.5581395348837,0.0987703664197419
450.57807308970104,0.09575205906758555
450.5980066445183,0.09267926909012614
450.6179401993356,0.0895590726923182
450.63787375415285,0.08639924173208159
450.6578073089701,0.08320836177076753
450.67774086378745,0.0799959767040242
450.69767441860466,0.07677276569208054
450.71760797342193,0.07355075886455592
450.7375415282392,0.07034359866587038
450.7574750830565,0.06716685322778962
450.7774086378738,0.0640383859068956
450.7973421926911,0.06097877959315514
450.81727574750835,0.05801180319199215
450.8372093023256,0.055164887362254604
450.8571428571429,0.05246954291743695
450.87707641196016,0.04996160471594037
450.89700996677743,0.04768111753938657
450.9169435215947,0.04567161218983334
450.936877076412,0.04397848710940544
450.95681063122925,0.04264627921861322
450.9767441860465,0.04171485120729356
450.99667774086384,0.04121495488589739
451.0166112956811,0.041164112139026696
451.03654485049833,0.04156398463952588
451.0564784053156,0.04240010595194971
451.0764119601329,0.043644070684359625
451.0963455149502,0.04525744055009966
451.1162790697675,0.047196209632039784
451.13621262458474,0.0494148058921829
451.156146179402,0.05186906352926712
451.1760797342193,0.054518061930364146
451.1960132890366,0.05732501317492413
451.2159468438538,0.06025747987540284
451.2358803986711,0.06328718713117153
451.25581395348837,0.0663896273471625
451.27574750830564,0.06954358805924887
451.29568106312297,0.0727306785651235
451.31561461794024,0.07593489410330942
451.3355481727575,0.07914223353514575
451.3554817275748,0.08234037367690958
451.37541528239205,0.08551839693750769
451.3953488372093,0.08866656613231637
451.4152823920266,0.09177613958845744
451.43521594684387,0.09483921992178916
451.45514950166114,0.09784863057763091
451.4750830564784,0.1007978150778591
451.49501661129574,0.10368075475196414
451.514950166113,0.10649190148085204
451.5348837209303,0.10922612262641714
451.55481727574755,0.11187865585766496
451.57475083056477,0.1144450720245692
451.5946843853821,0.11692124458844466
451.61461794019937,0.1193033244054425
451.63455149501664,0.12158771889109306
451.6544850498339,0.12377107477903491
451.6744186046512,0.12585026383568798
451.6943521594685,0.1278223710117671
451.7142857142858,0.12968468460721608
451.734219269103,0.13143468810330167
451.75415282392026,0.13307005337789377
451.77408637873754,0.1345886350704255
451.79401993355486,0.13598846590401775
451.81395348837214,0.13726775280583922
451.8338870431894,0.13842487369422116
451.8538205980067,0.13945837482369017
451.87375415282395,0.14036696859788092
451.8936877076412,0.14114953177595635
451.9136212624585,0.14180510401136662
451.93355481727576,0.14233288667277147
451.95348837209303,0.14273224190689182
451.9734219269103,0.14300269191092949
451.9933554817276,0.14314391838988916
452.0132890365449,0.14315576218056217
452.0332225913622,0.1430382230300131
452.05315614617945,0.1427914595221268
452.0730897009967,0.14241578915131664
452.09302325581393,0.14191168854788228
452.11295681063126,0.14127979386527495
452.13289036544853,0.14052090134525624
452.1528239202658,0.13963596808347872
452.1727574750831,0.13862611302496505
452.19269102990035,0.13749261822694006
452.2126245847177,0.1362369304355191
452.23255813953494,0.13486066303339148
452.25249169435216,0.13336559842796814
452.27242524916943,0.1317536909641466
452.2923588039867,0.13002707046355208
452.31229235880403,0.1281880465131555
452.3322259136213,0.12623911365183557
452.3521594684386,0.12418295763471837
452.37209302325584,0.12202246299312712
452.3920265780731,0.11976072215502195
452.4119601328904,0.11740104644830572
452.43189368770766,0.11494697938102133
452.4518272425249,0.1124023126807477
452.4717607973422,0.10977110568592156
452.49169435215947,0.10705770881861223
452.51162790697674,0.10426679203958714
452.53156146179407,0.10140337939988568
452.55149501661134,0.09847289106874607
452.5714285714286,0.09548119454828369
452.5913621262459,0.0924346671932058
452.6112956810631,0.08934027265340393
452.6312292358804,0.0862056544594082
452.6511627906977,0.0830392506794037
452.67109634551497,0.07985043437774256
452.69102990033224,0.07664968544770455
452.7109634551495,0.07344880015532021
452.73089700996684,0.0702611451681721
452.7508305647841,0.06710196248333095
452.7707641196013,0.06398872967184321
452.7906976744186,0.06094157480271785
452.81063122923587,0.05798373503724475
452.8305647840532,0.05514202890429613
452.85049833887047,0.052447280541891045
452.87043189368774,0.04993458602488851
452.890365448505,0.04764324767535632
452.9102990033223,0.04561613381624115
452.9302325581396,0.043898182666595044
452.9501661129568,0.042533822369486864
452.9700996677741,0.041563298744899044
452.99003322259136,0.04101831259805135
453.00996677740864,0.04091785134255193
453.02990033222596,0.041265369843438184
453.04983388704323,0.04204824423405894
453.0697674418605,0.04323969031603322
453.0897009966778,0.04480249355943376
453.10963455149505,0.04669342437916828
453.1295681063123,0.048867290263597075
453.1495016611296,0.05128000882002078
453.16943521594686,0.05389055330297093
453.18936877076413,0.05666192790028498
453.2093023255814,0.05956144724256912
453.22923588039873,0.06256058647127001
453.249169435216,0.06563460667366967
453.2691029900333,0.06876209184565368
453.28903654485055,0.07192447784419483
453.30897009966776,0.075105615236035
453.3289036544851,0.07829138395770718
453.34883720930236,0.08146936406070555
453.36877076411963,0.08462855979374719
453.3887043189369,0.08775917117485525
453.4086378737542,0.09085240627380965
453.42857142857144,0.09390032759769974
453.4485049833888,0.09689572663970017
453.468438538206,0.0998320214843096
453.48837209302326,0.10270317319337098
453.50830564784053,0.10550361745170647
453.5282392026578,0.1082282086013513
453.54817275747513,0.11087217373755844
453.5681063122924,0.11343107498678483
453.58803986710967,0.11590077844981028
453.60797342192694,0.11827742858603545
453.6279069767442,0.12055742705001857
453.6478405315615,0.12273741518014764
453.66777408637876,0.12481425949022608
453.687707641196,0.12678503963620313
453.7076411960133,0.12864703842773323
453.72757475083057,0.13039773353250164
453.7475083056479,0.13203479058493084
453.76744186046517,0.13355605746189528
453.78737541528244,0.13495955953006683
453.8073089700997,0.1362434957033947
453.8272425249169,0.13740623517718747
453.84717607973425,0.13844631472840618
453.8671096345515,0.13936243649057412
453.8870431893688,0.1401534661278285
453.90697674418607,0.14081843134590222
453.92691029900334,0.14135652068906435
453.9468438538206,0.14176708258186704
453.96677740863794,0.1420496245827936
453.98671096345515,0.14220381282447073
454.0066445182724,0.14222947162151878
454.0265780730897,0.14212658323343808
454.04651162790697,0.14189528777542235
454.0664451827243,0.14153588327562555
454.08637873754157,0.14104882588276738
454.10631229235884,0.14043473023361686
454.1262458471761,0.1396943699956618
454.1461794019934,0.1388286786065691
454.16611295681065,0.13783875023902178
454.1860465116279,0.13672584102724866
454.2059800664452,0.13549137060048785
454.22591362126246,0.13413692397894672
454.24584717607974,0.13266425389997027
454.26578073089706,0.13107528365642235
454.28571428571433,0.12937211054647033
454.3056478405316,0.1275570100546544
454.3255813953489,0.1256324409089208
454.3455149501661,0.12360105118884679
454.3654485049834,0.12146568569732194
454.3853820598007,0.11922939485346856
454.40531561461796,0.11689544542078247
454.42524916943523,0.11446733345382226
454.4451827242525,0.11194879993274993
454.46511627906983,0.10934384966205433
454.4850498338871,0.10665677414279316
454.5049833887043,0.10389217929389315
454.5249169435216,0.10105501910501768
454.54485049833886,0.09815063656165325
454.5647840531562,0.09518481350374382
454.58471760797346,0.09216383147563684
454.60465116279073,0.08909454611075833
454.624584717608,0.08598447818108043
454.6445182724253,0.0828419251337021
454.6644518272426,0.07967609772299578
454.6843853820598,0.07649728718176221
454.7043189368771,0.07331706914705353
454.72425249169436,0.07014855103659327
454.74418604651163,0.06700666932111607
454.76411960132896,0.06390854136897496
454.78405315614623,0.06087387191254931
454.8039867109635,0.057925404557425696
454.82392026578077,0.055089390969821454
454.84385382059804,0.05239602039317119
454.8637873754153,0.049879706148487725
454.8837209302326,0.04757906348049987
454.90365448504986,0.04553634466466365
454.9235880398671,0.0437960535671572
454.9435215946844,0.04240250191470365
454.96345514950167,0.04139626763252699
454.983388704319,0.040809905018752556
455.00332225913627,0.04066373833956082
455.02325581395354,0.04096287529084933
455.04318936877075,0.041696406167869855
455.063122923588,0.04283906839440191
455.08305647840535,0.04435480644187646
455.1029900332226,0.046201133993391076
455.1229235880399,0.04833322906565264
455.14285714285717,0.05070709957824357
455.16279069767444,0.053281628772378714
455.18272425249177,0.05601963354067797
455.202657807309,0.058888202550096753
455.22259136212625,0.06185858260034697
455.2425249169435,0.06490582367875984
455.2624584717608,0.06800832459060012
455.2823920265781,0.07114736408394952
455.3023255813954,0.07430666240352474
455.32225913621266,0.07747199306305616
455.34219269102994,0.08063085018288797
455.3621262458472,0.08377216920970265
455.3820598006645,0.08688609543522735
455.40199335548175,0.0899637936303279
455.421926910299,0.09299729219564004
455.4418604651163,0.09597935585609078
455.46179401993356,0.0989033817434646
455.48172757475083,0.10176331453990138
455.50166112956816,0.10455357711287988
455.52159468438543,0.10726901372854733
455.5415282392027,0.10990484348084742
455.5614617940199,0.11245662202718476
455.5813953488372,0.11492021008982502
455.6013289036545,0.11729174747944893
455.6212624584718,0.11956763163652918
455.64119601328906,0.12174449987768379
455.66112956810633,0.12381921468786196
455.6810631229236,0.12578885152252292
455.70099667774093,0.12765068868294535
455.72093023255815,0.12940219890757979
455.7408637873754,0.1310410423866579
455.7607973421927,0.13256506095950893
455.78073089700996,0.13397227329626654
455.8006644518273,0.13526087090034408
455.82059800664456,0.1364292147962781
455.84053156146183,0.13747583279092965
455.8604651162791,0.13839941721527735
455.8803986710964,0.13919882307026424
455.90033222591364,0.13987306651340708
455.9202657807309,0.1404213236346166
455.9401993355482,0.14084292947917632
455.96013289036546,0.14113737728449008
455.98006644518273,0.14130431790452072
456.00000000000006,0.1413435594025705
456.0199335548173,0.1412550667991557
456.0398671096346,0.14103896196731794
456.05980066445187,0.1406955236733438
456.0797342192691,0.14022518776614085
456.0996677740864,0.13962854752411194
456.1196013289037,0.13890635417411018
456.13953488372096,0.13805951760321492
456.1594684385382,0.1370891072909245
456.1794019933555,0.13599635349695469
456.1993355481728,0.13478264874854295
456.2192691029901,0.13344954968129252
456.23920265780737,0.13199877929933135
456.2591362126246,0.13043222973466126
456.27906976744185,0.1287519656021074
456.2990033222592,0.12696022806661675
456.31893687707645,0.1250594397636481
456.3388704318937,0.1230522107431086
456.358803986711,0.12094134564331921
456.37873754152827,0.11872985234567639
456.39867109634554,0.11642095241526187
456.4186046511628,0.11401809369988308
456.4385382059801,0.11152496554359773
456.45847176079735,0.1089455171743663
456.4784053156146,0.10628397995475783
456.4983388704319,0.1035448943455425
456.5182724252492,0.10073314263291785
456.5382059800665,0.09785398872049075
456.55813953488376,0.0949131265982465
456.57807308970104,0.09191673948590715
456.59800664451825,0.08887157212023584
456.6179401993356,0.08578501922757886
456.63787375415285,0.08266523389940358
456.6578073089701,0.07952126036164629
456.6777408637874,0.07636319645689063
456.69767441860466,0.07320239194234654
456.717607973422,0.0700516892333528
456.73754152823926,0.06692571308533776
456.75747508305653,0.06384121417145353
456.77740863787375,0.06081746731875477
456.797342192691,0.05787671628393295
456.81727574750835,0.05504464035712584
456.8372093023256,0.05235078983035467
456.8571428571429,0.0498288935271921
456.87707641196016,0.04751688122571126
456.89700996677743,0.04545639538211102
456.9169435215947,0.04369151797154005
456.936877076412,0.0422664651848967
456.95681063122925,0.04122217915286374
456.9767441860465,0.04059211366847166
456.9966777408638,0.040397990285753145
457.01661129568106,0.04064664014895195
457.0365448504984,0.0413289385752993
457.05647840531566,0.04242120289049802
457.07641196013293,0.04388857192388949
457.0963455149502,0.04568931133703146
457.1162790697674,0.047778954936239126
457.13621262458474,0.050113570074835204
457.156146179402,0.05265191096597767
457.1760797342193,0.05535656651812645
457.19601328903656,0.0581943612536656
457.2159468438538,0.06113628009574865
457.23588039867116,0.06415713373673208
457.2558139534884,0.06723511277517843
457.2757475083057,0.07035132043456795
457.2956810631229,0.07348933210099
457.3156146179402,0.07663480349399633
457.3355481727575,0.07977513395976141
457.3554817275748,0.08289918329218914
457.37541528239205,0.08599703676211672
457.3953488372093,0.08905981175620428
457.4152823920266,0.09207949942061801
457.4352159468439,0.09504883528969009
457.45514950166114,0.09796119368229254
457.4750830564784,0.10081050147672141
457.4950166112957,0.1035911676380264
457.51495016611295,0.10629802553573373
457.5348837209303,0.10892628564865238
457.55481727574755,0.11147149671401152
457.5747508305648,0.11392951375292933
457.5946843853821,0.11629647170703719
457.61461794019937,0.1185687636643244
457.63455149501664,0.12074302284751383
457.6544850498339,0.12281610769479161
457.6744186046512,0.1247850894880826
457.69435215946845,0.12664724208505124
457.7142857142857,0.12840003339194273
457.73421926910305,0.13004111828006296
457.7541528239203,0.13156833270154777
457.7740863787376,0.1329796888032251
457.79401993355486,0.1342733708724855
457.8139534883721,0.1354477319777793
457.8338870431894,0.13650129119015889
457.8538205980067,0.13743273129166336
457.87375415282395,0.13824089689293323
457.8936877076412,0.138924792895811
457.9136212624585,0.13948358324846194
457.93355481727576,0.13991658995035858
457.9534883720931,0.14022329227299363
457.97342192691036,0.14040332616968432
457.9933554817276,0.14045648385454476
458.01328903654485,0.14038271353682916
458.0332225913621,0.1401821193024676
458.05315614617945,0.13985496114015392
458.0730897009967,0.13940165511465658
458.093023255814,0.1388227736955873
458.11295681063126,0.13811904625539767
458.13289036544853,0.13729135975661344
458.1528239202658,0.1363407596549783
458.1727574750831,0.13526845105251523
458.19269102990035,0.13407580014330742
458.2126245847176,0.13276433600439952
458.2325581395349,0.13133575279593693
458.2524916943522,0.12979191244823968
458.2724252491695,0.1281348479297795
458.29235880398676,0.12636676720959805
458.31229235880403,0.1244900580513535
458.33222591362124,0.12250729380487999
458.3521594684386,0.12042124039607897
458.37209302325584,0.11823486475927064
458.3920265780731,0.11595134500858778
458.4119601328904,0.11357408271080126
458.43189368770766,0.11110671770258247
458.4518272425249,0.10855314599602872
458.47176079734226,0.10591754144137941
458.4916943521595,0.10320438197195239
458.51162790697674,0.10041848145105267
458.531561461794,0.09756502838316336
458.5514950166113,0.0946496330534859
458.5714285714286,0.09167838503321954
458.5913621262459,0.08865792344649359
458.61129568106315,0.08559552295040193
458.6312292358804,0.08249919903903556
458.6511627906977,0.07937783703871708
458.67109634551497,0.07624134997890707
458.69102990033224,0.07310087130993506
458.7109634551495,0.06996898899892495
458.7308970099668,0.06686002749163421
458.75083056478405,0.06379038269316767
458.7707641196014,0.06077891131359785
458.79069767441865,0.0578473677285666
458.8106312292359,0.05502086603812189
458.8305647840532,0.05232831844023117
458.8504983388704,0.049802759393889916
458.87043189368774,0.047481406871190186
458.890365448505,0.04540524426433514
458.9102990033223,0.043617854263135684
458.93023255813955,0.04216325131425842
458.9501661129568,0.041082614822600165
458.97009966777415,0.04041016968699162
458.9900332225914,0.040168932364796274
459.0099667774087,0.04036740698319022
459.0299003322259,0.0409982676275107
459.0498338870432,0.0420394821445044
459.0697674418605,0.04345748888233268
459.0897009966778,0.045211419133013665
459.10963455149505,0.047257264667026455
459.1295681063123,0.04955123279734752
459.1495016611296,0.05205200572768703
459.1694352159469,0.05472198087373742
459.18936877076413,0.05752773933157887
459.2093023255814,0.06044001377591229
459.2292358803987,0.06343337796803641
459.24916943521595,0.06648581221526585
459.2691029900333,0.06957823961877409
459.28903654485055,0.07269408485933315
459.3089700996678,0.0758188795567072
459.3289036544851,0.07893992199019102
459.34883720930236,0.08204599028627046
459.36877076411963,0.08512710409376048
459.3887043189369,0.08817432828348987
459.4086378737542,0.09117961209419419
459.42857142857144,0.0941356576780935
459.4485049833887,0.09703581278026811
459.468438538206,0.09987398310808898
459.4883720930233,0.10264456071257456
459.5083056478406,0.10534236537334409
459.52823920265786,0.10796259654434623
459.5481727574751,0.11050079388470603
459.56810631229234,0.11295280477983526
459.58803986710967,0.11531475756565089
459.60797342192694,0.11758303941650201
459.6279069767442,0.11975427805584808
459.6478405315615,0.12182532660812015
459.66777408637876,0.12379325103791972
459.6877076411961,0.12565531972529503
459.70764119601336,0.12740899480838563
459.72757475083057,0.12905192499140947
459.74750830564784,0.13058193956984293
459.7674418604651,0.13199704346837673
459.78737541528244,0.13329541312309398
459.8073089700997,0.13447539306834227
459.827242524917,0.1355354931129463
459.84717607973425,0.13647438601021283
459.8671096345515,0.1372909055427802
459.8870431893688,0.13798404495713362
459.90697674418607,0.13855295569437917
459.92691029900334,0.13899694637384177
459.9468438538206,0.13931548199468294
459.9667774086379,0.13950818332822443
459.98671096345515,0.13957482648050337
460.0066445182725,0.13951534261063175
460.02657807308975,0.13932981779621806
460.046511627907,0.13901849304268113
460.06644518272424,0.1385817644384199
460.0863787375415,0.1380201834634613
460.10631229235884,0.13733445746460504
460.1262458471761,0.13652545031630287
460.1461794019934,0.13559418329287065
460.16611295681065,0.13454183618516077
460.1860465116279,0.13336974870306728
460.20598006644525,0.1320794222148706
460.2259136212625,0.13067252188579356
460.24584717607974,0.12915087929129845
460.265780730897,0.12751649559671702
460.2857142857143,0.12577154541360935
460.3056478405316,0.1239183814665071
460.3255813953489,0.12195954023132011
460.34551495016615,0.11989774874107273
460.3654485049834,0.11773593279616672
460.3853820598007,0.11547722686783102
460.40531561461796,0.11312498604696294
460.42524916943523,0.1106828004690086
460.4451827242525,0.10815451274318608
460.4651162790698,0.10554423903595572
460.48504983388705,0.10285639460976229
460.5049833887044,0.1000957248072417
460.52491694352165,0.09726734270616925
460.5448504983389,0.09437677496339171
460.5647840531562,0.09143001772843802
460.5847176079734,0.08843360495325041
460.60465116279073,0.08539469196536251
460.624584717608,0.0823211578158195
460.6445182724253,0.0792217306549622
460.66445182724254,0.07610614119756645
460.6843853820598,0.07298531013056903
460.70431893687714,0.069871575911528
460.7242524916944,0.06677896945367834
460.7441860465117,0.06372354105283012
460.7641196013289,0.060723741473393655
460.7840531561462,0.05780085156248694
460.8039867109635,0.05497944035273484
460.82392026578077,0.052287806625044474
460.84385382059804,0.04975831931901499
460.8637873754153,0.04742751606230261
460.8837209302326,0.045335752051168854
460.90365448504986,0.043526135946189544
460.9235880398671,0.042042493985041667
460.9435215946844,0.040926239429232014
460.96345514950167,0.04021234632198522
460.98338870431894,0.03992508940869281
461.0033222591362,0.04007460281716936
461.02325581395354,0.04065531874716574
461.0431893687708,0.041646822330205086
461.0631229235881,0.04301682609298248
461.08305647840535,0.04472530738731039
461.10299003322257,0.046728699960737086
461.1229235880399,0.04898333762097576
461.14285714285717,0.05144781950400012
461.16279069767444,0.054084343076834525
461.1827242524917,0.05685924021853474
461.202657807309,0.05974298803347074
461.2225913621263,0.06270992210774123
461.2425249169436,0.06573781282022083
461.26245847176085,0.06880740466159133
461.28239202657807,0.0719019738742917
461.30232558139534,0.07500693068917032
461.32225913621266,0.07810947524213152
461.34219269102994,0.08119830696572362
461.3621262458472,0.08426338280159114
461.3820598006645,0.08729571789290774
461.40199335548175,0.09028722219348567
461.421926910299,0.0932305669115817
461.44186046511635,0.09611907546701484
461.46179401993356,0.09894663445865838
461.48172757475083,0.10170762090868687
461.5016611295681,0.10439684272662073
461.5215946843854,0.10700948990923786
461.5415282392027,0.10954109446686555
461.56146179402,0.11198749745354249
461.58139534883725,0.11434482179175554
461.6013289036545,0.11660944983440129
461.62126245847173,0.11877800480883176
461.64119601328906,0.12084733544996182
461.66112956810633,0.1228145032595431
461.6810631229236,0.1246767719329594
461.7009966777409,0.1264315985791197
461.72093023255815,0.12807662642660167
461.7408637873755,0.1296096787641921
461.76079734219275,0.13102875390832358
461.78073089701,0.1323320210263113
461.80066445182723,0.13351781667389329
461.8205980066445,0.13458464193000833
461.84053156146183,0.13553116003184176
461.8604651162791,0.1363561944300623
461.8803986710964,0.13705872719808332
461.90033222591364,0.1376378977410515
461.9202657807309,0.13809300176044279
461.94019933554824,0.13842349043868823
461.9601328903655,0.13862896981605077
461.98006644518273,0.13870920033860315
462.0,0.1386640965623396
462.01993355481727,0.13849372700418394
462.0398671096346,0.1381983141360522
462.05980066445187,0.1377782345234738
462.07973421926914,0.13723401911563127
462.0996677740864,0.13656635369918083
462.1196013289037,0.1357760795342771
462.13953488372096,0.1348641941975044
462.1594684385382,0.13383185266375122
462.1794019933555,0.1326803686672129
462.19933554817277,0.13141121639104408
462.21926910299004,0.1300260325463038
462.23920265780737,0.1285266189137605
462.25913621262464,0.12691494543751225
462.2790697674419,0.12519315397805936
462.2990033222592,0.12336356285466471
462.3189368770764,0.1214286723341205
462.3388704318937,0.11939117125603223
462.358803986711,0.11725394502539742
462.37873754152827,0.11502008525302254
462.39867109634554,0.11269290138599769
462.4186046511628,0.11027593474651387
462.4385382059801,0.10777297549212575
462.4584717607974,0.10518808312810883
462.4784053156147,0.10252561134933823
462.4983388704319,0.09979023817217074
462.51827242524917,0.09698700254459487
462.53820598006644,0.09412134890699304
462.55813953488376,0.09119918152704021
462.57807308970104,0.08822693086506549
462.5980066445183,0.08521163475166513
462.6179401993356,0.08216103778687915
462.63787375415285,0.07908371309588345
462.6578073089701,0.07598921137289277
462.6777408637874,0.07288824293749226
462.69767441860466,0.06979289915018877
462.71760797342193,0.06671691966261689
462.7375415282392,0.06367601101548981
462.75747508305653,0.06068821900532365
462.7774086378738,0.05777435031169699
462.7973421926911,0.05495842549443976
462.81727574750835,0.05226812204189456
462.83720930232556,0.04973512866135522
462.8571428571429,0.0473952781137038
462.87707641196016,0.04528825995942922
462.89700996677743,0.04345665643385949
462.9169435215947,0.04194403937074658
462.936877076412,0.040791982817837594
462.95681063122925,0.040036144027148196
462.9767441860466,0.0397020158949049
462.99667774086384,0.039801364336435434
463.01661129568106,0.040330428252981894
463.03654485049833,0.04127049523467057
463.0564784053156,0.04259065306330151
463.07641196013293,0.044251820662550005
463.0963455149502,0.046210949321278075
463.1162790697675,0.04842454988766033
463.13621262458474,0.05085116591901483
463.156146179402,0.05345280470386612
463.17607973421934,0.05619554681657779
463.19601328903656,0.059049604756648826
463.2159468438538,0.061989063492344613
463.2358803986711,0.06499146991284173
463.25581395348837,0.06803737656445977
463.2757475083057,0.07110989885265405
463.29568106312297,0.07419431446468361
463.31561461794024,0.07727771555867173
463.3355481727575,0.08034871430991755
463.3554817275747,0.08339719755149341
463.37541528239205,0.08641412432777551
463.3953488372093,0.08939135983342868
463.4152823920266,0.09232153963058244
463.43521594684387,0.09519795877199477
463.45514950166114,0.09801448126908996
463.47508305647847,0.10076546611543143
463.49501661129574,0.10344570675873814
463.514950166113,0.10605038149496321
463.5348837209302,0.10857501273940914
463.5548172757475,0.11101543352351396
463.5747508305648,0.11336775988434337
463.5946843853821,0.11562836807054995
463.61461794019937,0.11779387569447769
463.63455149501664,0.11986112612517971
463.6544850498339,0.12182717554963668
463.67441860465124,0.12368928223583661
463.6943521594685,0.1254448976167869
463.7142857142857,0.12709165888376503
463.734219269103,0.12862738283268127
463.75415282392026,0.13005006075283834
463.7740863787376,0.13135785418424825
463.79401993355486,0.13254909139978607
463.81395348837214,0.1336222644932675
463.8338870431894,0.13457602697508397
463.8538205980067,0.1354091917938757
463.87375415282395,0.13612072971712363
463.8936877076412,0.13670976801543186
463.9136212624585,0.13717558940550936
463.93355481727576,0.13751763121567642
463.95348837209303,0.13773548474534208
463.9734219269103,0.1378288947967979
463.99335548172763,0.13779775936372446
464.0132890365449,0.1376421294666951
464.0332225913622,0.13736220913112937
464.0531561461794,0.1369583555086928
464.07308970099666,0.13643107914834965
464.093023255814,0.13578104442873384
464.11295681063126,0.13500907016942323
464.13289036544853,0.13411613044501425
464.1528239202658,0.13310335563296463
464.1727574750831,0.1319720337341907
464.1926910299004,0.13072361201464447
464.2126245847177,0.1293596990267435
464.2325581395349,0.12788206708234395
464.25249169435216,0.12629265526391162
464.27242524916943,0.12459357307860601
464.29235880398676,0.12278710488181324
464.31229235880403,0.12087571522305972
464.3322259136213,0.11886205529941656
464.3521594684386,0.11674897074100388
464.37209302325584,0.11453951100157794
464.3920265780731,0.1122369406870587
464.4119601328904,0.10984475322889199
464.43189368770766,0.10736668740091503
464.4518272425249,0.10480674729280794
464.4717607973422,0.1021692264954167
464.49169435215947,0.09945873743105055
464.5116279069768,0.09668024698295337
464.53156146179407,0.09383911985376862
464.55149501661134,0.09094117142433517
464.57142857142856,0.08799273230453895
464.5913621262458,0.0850007272801719
464.61129568106315,0.08197277197191935
464.6312292358804,0.07891729123423034
464.6511627906977,0.0758436641082373
464.67109634551497,0.07276240093667334
464.69102990033224,0.06968535889704501
464.71096345514957,0.06662600241202275
464.73089700996684,0.06359971409494511
464.75083056478405,0.06062415910916961
464.7707641196013,0.05771969944840706
464.7906976744186,0.05490984218734966
464.8106312292359,0.052221683732486646
464.8305647840532,0.049686276514526846
464.85049833887047,0.047338792731222365
464.87043189368774,0.045218294935208056
464.890365448505,0.043366863023014075
464.91029900332234,0.041827813318158116
464.93023255813955,0.04064284495717732
464.9501661129568,0.03984822467544189
464.9700996677741,0.03947055840429385
464.99003322259136,0.039523124059020955
465.0099667774087,0.0400038538722917
465.02990033222596,0.04089564798976874
465.04983388704323,0.04216891052339066
465.0697674418605,0.04378547228173224
465.0897009966777,0.04570279476499878
465.10963455149505,0.047877573091455614
465.1295681063123,0.05026831065031837
465.1495016611296,0.05283684374756989
465.16943521594686,0.05554902190915052
465.18936877076413,0.05837481278225315
465.20930232558146,0.061288069139057384
465.22923588039873,0.06426613109124375
465.249169435216,0.06728937412991536
465.2691029900332,0.07034076592810533
465.2890365448505,0.07340546306948055
465.3089700996678,0.07647045966810084
465.3289036544851,0.07952428923982872
465.34883720930236,0.08255677593823094
465.36877076411963,0.08555882912508109
465.3887043189369,0.08852227477980051
465.4086378737542,0.09143971761432053
465.4285714285715,0.09430442847042007
465.4485049833887,0.09711025238170568
465.468438538206,0.09985153345626949
465.48837209302326,0.1025230534249116
465.50830564784053,0.10511998128740248
465.52823920265786,0.10763783197787764
465.54817275747513,0.11007243237006219
465.5681063122924,0.11241989326718206
465.58803986710967,0.11467658628223339
465.6079734219269,0.1168391247239273
465.6279069767442,0.11890434777160852
465.6478405315615,0.12086930735725901
465.66777408637876,0.12273125728088218
465.687707641196,0.12448764417249922
465.7076411960133,0.12613609998433414
465.7275747508306,0.12767443575322898
465.7475083056479,0.12910063641954234
465.76744186046517,0.13041285652615517
465.7873754152824,0.1316094166518508
465.80730897009965,0.13268880045848241
465.827242524917,0.13364965225210654
465.84717607973425,0.13449077497552633
465.8671096345515,0.1352111285639958
465.8870431893688,0.13580982860811608
465.90697674418607,0.13628614527819274
465.92691029900334,0.13663950247310844
465.94684385382067,0.13686947716475287
465.9667774086379,0.1369757989156149
465.98671096345515,0.1369583495535353
466.0066445182724,0.136817162993198
466.0265780730897,0.1365524251995057
466.046511627907,0.13616447429305112
466.0664451827243,0.13565380080337996
466.08637873754157,0.13502104808099258
466.10631229235884,0.1342670128849551
466.12624584717605,0.13339264616910812
466.1461794019934,0.13239905409685132
466.16611295681065,0.1312874993223628
466.1860465116279,0.13005940258508203
466.2059800664452,0.128716344674731
466.22591362126246,0.12726006883666033
466.2458471760798,0.12569248370184874
466.26578073089706,0.12401566684350379
466.28571428571433,0.12223186908352521
466.30564784053155,0.12034351969759
466.3255813953488,0.11835323269913658
466.34551495016615,0.11626381442072471
466.3654485049834,0.1140782726583381
466.3853820598007,0.11179982770241742
466.40531561461796,0.10943192565107017
466.42524916943523,0.10697825449026935
466.44518272425256,0.10444276353661187
466.46511627906983,0.10182968697647092
466.48504983388705,0.09914357240757558
466.5049833887043,0.09638931550391289
466.5249169435216,0.09357220219221198
466.5448504983389,0.0906979600599043
466.5647840531562,0.08777282112329604
466.58471760797346,0.08480359858318767
466.60465116279073,0.0817977807927261
466.624584717608,0.07876364635946648
466.64451827242533,0.07571040507959106
466.66445182724254,0.07264837019582059
466.6843853820598,0.06958916814236181
466.7043189368771,0.06654599221138653
466.72425249169436,0.06353390592675637
466.7441860465117,0.06057019942798169
466.76411960132896,0.05767479632748341
466.78405315614623,0.054870696933684245
466.8039867109635,0.05218442307573084
466.8239202657807,0.04964639604217219
466.84385382059804,0.04729112938924421
466.8637873754153,0.045157054846713424
466.8837209302326,0.04328573764948198
466.90365448504986,0.041720215919873425
466.9235880398671,0.040502281760190516
466.9435215946844,0.03966877536327067
466.9634551495017,0.039247385818201495
466.983388704319,0.03925289042405621
467.0033222591362,0.03968492574679309
467.0232558139535,0.04052803660650613
467.04318936877075,0.04175398652411507
467.0631229235881,0.043325559998056526
467.08305647840535,0.04520076046693174
467.1029900332226,0.047336485713840006
467.1229235880399,0.049691205205643185
467.14285714285717,0.05222658167132702
467.1627906976745,0.05490822570643672
467.1827242524917,0.05770584977953152
467.202657807309,0.060593063599924335
467.22259136212625,0.06354699019160923
467.2425249169435,0.06654781876424817
467.26245847176085,0.06957836128994943
467.2823920265781,0.07262364651642494
467.3023255813954,0.07567056490192897
467.32225913621266,0.07870756666190429
467.3421926910299,0.0817244094478305
467.3621262458472,0.08471194979494814
467.3820598006645,0.08766197188097266
467.40199335548175,0.09056704743675704
467.421926910299,0.0934204213339569
467.4418604651163,0.09621591817269376
467.46179401993356,0.0989478659682669
467.4817275747509,0.10161103373125979
467.50166112956816,0.1042005803304372
467.5215946843854,0.10671201252376392
467.54152823920265,0.10914115044921734
467.5614617940199,0.11148409919663324
467.58139534883725,0.11373722534742356
467.6013289036545,0.11589713758236271
467.6212624584718,0.11796067062870061
467.64119601328906,0.1199248719550776
467.66112956810633,0.12178699073279328
467.68106312292366,0.12354446867066349
467.7009966777409,0.1251949324018239
467.72093023255815,0.12673618715882176
467.7408637873754,0.12816621151983912
467.7607973421927,0.1294831530471744
467.78073089701,0.13068532467001046
467.8006644518273,0.13177120168927853
467.82059800664456,0.1327394193031869
467.84053156146183,0.13358877056977353
467.86046511627904,0.13431820473715983
467.8803986710964,0.13492682588471303
467.90033222591364,0.13541389182851832
467.9202657807309,0.13577881325372934
467.9401993355482,0.13602115304403173
467.96013289036546,0.1361406257854194
467.9800664451828,0.13613709742762128
468.00000000000006,0.13601058509236624
468.0199335548173,0.13576125702288902
468.03986710963454,0.13538943267456569
468.0598006644518,0.13489558295154946
468.07973421926914,0.13428033059985817
468.0996677740864,0.13354445077293475
468.1196013289037,0.13268887179186797
468.13953488372096,0.13171467612933135
468.1594684385382,0.13062310165388308
468.17940199335555,0.12941554318017529
468.1993355481728,0.12809355438080364
468.21926910299004,0.126658850127683
468.2392026578073,0.1251133093450225
468.2591362126246,0.1234589784732073
468.2790697674419,0.12169807566351716
468.2990033222592,0.11983299584849798
468.31893687707645,0.11786631686339916
468.3388704318937,0.11580080683117339
468.358803986711,0.11363943306938579
468.37873754152827,0.11138537283359247
468.39867109634554,0.1090420262816548
468.4186046511628,0.10661303212968662
468.4385382059801,0.10410228657806127
468.45847176079735,0.10151396621955254
468.4784053156146,0.09885255580879909
468.49833887043195,0.09612288198013304
468.5182724252492,0.0933301542600466
468.5382059800665,0.09048001504178195
468.5581395348837,0.08757860058597951
468.578073089701,0.08463261559513034
468.5980066445183,0.08164942449083576
468.6179401993356,0.07863716320279904
468.63787375415285,0.0756048760400147
468.6578073089701,0.07256268300199122
468.6777408637874,0.06952198357352847
468.6976744186047,0.06649570337270798
468.717607973422,0.06349858950554893
468.7375415282392,0.06054755826780179
468.7574750830565,0.057662093493491204
468.77740863787375,0.054864683133245676
468.7973421926911,0.052181262337803784
468.81727574750835,0.049641599510923694
468.8372093023256,0.04727951430754051
468.8571428571429,0.04513275476916557
468.87707641196016,0.0432422980551244
468.89700996677743,0.04165081078225289
468.9169435215947,0.04040007227893594
468.936877076412,0.039527394528718625
468.95681063122925,0.03906147612414998
468.9767441860465,0.03901857189823029
468.9966777408638,0.039400065118355414
469.0166112956811,0.0401922452449472
469.0365448504984,0.041368369396670886
469.05647840531566,0.042892314939934284
469.0764119601329,0.04472274794742427
469.09634551495014,0.046816859050580834
469.1162790697675,0.04913314195984907
469.13621262458474,0.05163311683525837
469.156146179402,0.05428216632371104
469.1760797342193,0.05704974549016393
469.19601328903656,0.059909210955986475
469.2159468438539,0.06283745465428803
469.23588039867116,0.06581446401441567
469.25581395348837,0.06882287980805961
469.27574750830564,0.07184758827295047
469.2956810631229,0.07487536276319415
469.31561461794024,0.07789455811436666
469.3355481727575,0.08089485476198499
469.3554817275748,0.08386704698586092
469.37541528239205,0.08680286890194444
469.3953488372093,0.08969485204131651
469.41528239202665,0.0925362090026466
469.43521594684387,0.09532073844867754
469.45514950166114,0.09804274749178858
469.4750830564784,0.10069698821311368
469.4950166112957,0.10327860566118603
469.514950166113,0.10578309517873528
469.5348837209303,0.10820626731901786
469.55481727574755,0.11054421894808637
469.5747508305648,0.11279330939993994
469.59468438538204,0.11495014076843606
469.61461794019937,0.1170115415943218
469.63455149501664,0.11897455334540859
469.6544850498339,0.12083641920002487
469.6744186046512,0.12259457473423611
469.69435215946845,0.12424664018576784
469.7142857142858,0.12579041402655053
469.73421926910305,0.1272238676231188
469.7541528239203,0.128545140803175
469.77408637873754,0.12975253817784715
469.7940199335548,0.13084452609555586
469.81395348837214,0.13181973012444181
469.8338870431894,0.1326769329783016
469.8538205980067,0.13341507281561377
469.87375415282395,0.13403324185382917
469.8936877076412,0.1345306852515514
469.9136212624585,0.13490680022038962
469.9335548172758,0.13516113533599405
469.95348837209303,0.1352933900249906
469.9734219269103,0.13530341421044786
469.9933554817276,0.13519120810452712
470.01328903654485,0.13495692214222899
470.0332225913622,0.1346008570553758
470.05315614617945,0.13412346409129497
470.0730897009967,0.13352534538580063
470.093023255814,0.13280725450585615
470.11295681063126,0.13197009718327293
470.13289036544853,0.13101493226749353
470.1528239202658,0.12994297293305632
470.1727574750831,0.1287555881859759
470.19269102990035,0.12745430472331193
470.2126245847176,0.12604080921186359
470.23255813953494,0.12451695106613957
470.2524916943522,0.1228847458220962
470.2724252491695,0.12114637922356962
470.2923588039867,0.11930421216245533
470.312292358804,0.11736078664329358
470.3322259136213,0.11531883297925495
470.3521594684386,0.11318127847076444
470.37209302325584,0.11095125787296405
470.3920265780731,0.10863212602567016
470.4119601328904,0.10622747310358434
470.43189368770766,0.10374114304877241
470.451827242525,0.1011772558772386
470.4717607973422,0.09854023471339683
470.49169435215947,0.09583483860800607
470.51162790697674,0.09306620244639496
470.531561461794,0.09023988556573895
470.55149501661134,0.08736193108491541
470.5714285714286,0.0844389384209655
470.5913621262459,0.08147815203220063
470.61129568106315,0.0784875700924772
470.6312292358804,0.07547607754933895
470.6511627906977,0.07245360880060353
470.67109634551497,0.0694313459226689
470.69102990033224,0.06642195876036974
470.7109634551495,0.0634398927933232
470.7308970099668,0.06050170872667203
470.7508305647841,0.05762647286815786
470.7707641196014,0.05483618741536244
470.79069767441865,0.05215623170098499
470.81063122923587,0.04961575538976176
470.83056478405314,0.047247919243244736
470.85049833887047,0.04508981898623796
470.87043189368774,0.04318186453891121
470.890365448505,0.04156635261085913
470.9102990033223,0.04028502382201855
470.93023255813955,0.039375604467188755
470.9501661129569,0.03886771785768019
470.97009966777415,0.03877899773613865
470.99003322259136,0.03911248007107118
471.00996677740864,0.039856125385314765
471.0299003322259,0.04098463845491711
471.04983388704323,0.042462969382276276
471.0697674418605,0.04425044556631752
471.0897009966778,0.046304560315941
471.10963455149505,0.0485838466632403
471.1295681063123,0.051049698904916806
471.14950166112965,0.053667288180108685
471.16943521594686,0.05640582747282722
471.18936877076413,0.05923843420642443
471.2093023255814,0.062141781621117366
471.2292358803987,0.06509566632724816
471.249169435216,0.06808256752551
471.2691029900333,0.07108723736541503
471.28903654485055,0.07409633944003317
471.3089700996678,0.07709813959525189
471.32890365448503,0.08008224660600909
471.34883720930236,0.08303939732548492
471.36877076411963,0.0859612800073203
471.3887043189369,0.08884038963898877
471.4086378737542,0.09166990973456425
471.42857142857144,0.09444361580555825
471.4485049833887,0.09715579650203343
471.46843853820604,0.09980118911946277
471.4883720930233,0.10237492677494205
471.50830564784053,0.10487249506558881
471.5282392026578,0.10728969644095541
471.5481727574751,0.10962262086200618
471.5681063122924,0.11186762159401174
471.58803986710967,0.1140212952017825
471.60797342192694,0.116080464993056
471.6279069767442,0.11804216729795089
471.6478405315615,0.11990364008672202
471.6677740863788,0.1216623135196758
471.687707641196,0.12331580209720193
471.7076411960133,0.12486189813736001
471.72757475083057,0.12629856635716674
471.74750830564784,0.12762393937288102
471.76744186046517,0.12883631396672338
471.78737541528244,0.12993414799397138
471.8073089700997,0.13091605782595359
471.827242524917,0.1317808162425119
471.84717607973425,0.1325273507025298
471.8671096345515,0.13315474193366675
471.8870431893688,0.133662222793252
471.90697674418607,0.134049177361259
471.92691029900334,0.13431514023446708
471.9468438538206,0.13445979599762617
471.9667774086379,0.13448297885400928
471.9867109634552,0.13438467240323693
472.0066445182725,0.13416500955987518
472.0265780730897,0.13382427261131596
472.04651162790697,0.1333628934187849
472.06644518272424,0.13278145377049055
472.08637873754157,0.13208068590153854
472.10631229235884,0.13126147320110332
472.1262458471761,0.13032485113405903
472.1461794019934,0.12927200841148576
472.16611295681065,0.12810428845312913
472.186046511628,0.12682319119445196
472.2059800664452,0.12543037530260712
472.22591362126246,0.1239276608791846
472.24584717607974,0.12231703274384229
472.265780730897,0.12060064441257444
472.28571428571433,0.11878082290797848
472.3056478405316,0.11686007456767164
472.3255813953489,0.11484109205229688
472.34551495016615,0.11272676279759936
472.3654485049834,0.11052017920839059
472.3853820598007,0.10822465095783894
472.40531561461796,0.10584371983705561
472.42524916943523,0.103381177701224
472.4451827242525,0.10084108818447661
472.4651162790698,0.0982278130129519
472.4850498338871,0.09554604394122251
472.5049833887044,0.09280084158126474
472.52491694352165,0.08999768269602987
472.54485049833886,0.08714251790372973
472.56478405315613,0.08424184219678046
472.58471760797346,0.0813027812315243
472.60465116279073,0.07833319699491459
472.624584717608,0.07534181719092134
472.6445182724253,0.07233839346714538
472.66445182724254,0.0693338943147494
472.6843853820599,0.0663407389013229
472.70431893687714,0.06337307781843145
472.72425249169436,0.06044712499439312
472.74418604651163,0.057581540568630636
472.7641196013289,0.054797855323119114
472.78405315614623,0.052120910353982225
472.8039867109635,0.04957925727226709
472.82392026578077,0.04720542085154681
472.84385382059804,0.045035867610147856
472.8637873754153,0.04311046015200528
472.8837209302326,0.041471137509057246
472.90365448504986,0.04015960169292198
472.9235880398671,0.03921397903162875
472.9435215946844,0.038664790915371686
472.96345514950167,0.03853101747523377
472.98338870431894,0.038817317144576445
473.00332225913627,0.03951329916143896
473.02325581395354,0.04059510215603325
473.0431893687708,0.042028740586391854
473.0631229235881,0.04377419640723855
473.0830564784053,0.04578925819004679
473.1029900332226,0.048032489886512555
473.1229235880399,0.05046515130027275
473.14285714285717,0.05305219416402817
473.16279069767444,0.055762582875341936
473.1827242524917,0.058569190806528094
473.20265780730904,0.06144846925272621
473.2225913621263,0.06438002212914104
473.2425249169435,0.06734616627800039
473.2624584717608,0.0703315197803756
473.28239202657807,0.07332263705230563
473.3023255813954,0.07630769590423983
473.32225913621266,0.07927623462819434
473.34219269102994,0.08221893394520989
473.3621262458472,0.08512743758347688
473.3820598006645,0.08799420531604459
473.40199335548175,0.09081239286172742
473.421926910299,0.09357575381111455
473.4418604651163,0.09627855951289024
473.46179401993356,0.09891553356438135
473.48172757475083,0.10148179816527886
473.5016611295681,0.10397283011018044
473.52159468438543,0.1063844246213392
473.5415282392027,0.10871266556931089
473.56146179402,0.11095390090913036
473.58139534883725,0.11310472238441495
473.60132890365446,0.11516194873250798
473.6212624584718,0.11712261176851499
473.64119601328906,0.11898394484219606
473.66112956810633,0.12074337325526473
473.6810631229236,0.12239850630162409
473.7009966777409,0.12394713065406364
473.7209302325582,0.12538720486991678
473.7408637873755,0.12671685482837639
473.7607973421927,0.12793436994470772
473.78073089700996,0.12903820003335498
473.80066445182723,0.13002695271402337
473.82059800664456,0.13089939127307998
473.84053156146183,0.1316544329077338
473.8604651162791,0.13229114729335253
473.8803986710964,0.13280875542493736
473.90033222591364,0.13320662869318903
473.920265780731,0.13348428816344315
473.9401993355482,0.1336414040329717
473.96013289036546,0.13367779524822995
473.98006644518273,0.13359342926968099
474.0,0.1333884219769412
474.0199335548173,0.133063037712379
474.0398671096346,0.13261768946635316
474.05980066445187,0.13205293921252328
474.07973421926914,0.13136949840710652
474.0996677740864,0.13056822867187431
474.1196013289037,0.12965014268707872
474.13953488372096,0.1286164053278362
474.1594684385382,0.12746833508565875
474.1794019933555,0.12620740582646367
474.19933554817277,0.12483524894763726
474.2192691029901,0.12335365600991793
474.23920265780737,0.12176458193588004
474.25913621262464,0.12007014888562392
474.27906976744185,0.1182726509435982
474.2990033222591,0.11637455977825518
474.31893687707645,0.11437853147054583
474.3388704318937,0.11228741474931041
474.358803986711,0.110104260923135
474.37873754152827,0.10783233586209308
474.39867109634554,0.10547513446204093
474.4186046511628,0.10303639812208935
474.43853820598014,0.10052013588844712
474.45847176079735,0.09793065006986347
474.4784053156146,0.09527256732019186
474.4983388704319,0.09255087641984831
474.51827242524917,0.08977097428193552
474.5382059800665,0.08693872207191256
474.55813953488376,0.08406051377440514
474.57807308970104,0.08114336007825623
474.5980066445183,0.0781949910855571
474.6179401993356,0.07522398207262979
474.63787375415285,0.07223990730110545
474.6578073089701,0.06925352759738031
474.6777408637874,0.06627701788508547
474.69767441860466,0.06332424067911496
474.71760797342193,0.06041107003046169
474.73754152823926,0.05755576635566337
474.75747508305653,0.054779394077940906
474.7774086378738,0.05210625821297924
474.7973421926911,0.049564309275434926
474.8172757475083,0.0471854245732866
474.8372093023256,0.0450054174202968
474.8571428571429,0.04306356230251655
474.87707641196016,0.04140138009423693
474.89700996677743,0.040060455255433225
474.9169435215947,0.03907922500562745
474.936877076412,0.03848902583305835
474.9568106312293,0.038310128347421125
474.9767441860465,0.03854880167758511
474.9966777408638,0.03919634059016143
475.01661129568106,0.04023039215538342
475.03654485049833,0.04161812723935543
475.05647840531566,0.04332027161925643
475.07641196013293,0.045294982256153464
475.0963455149502,0.04750090603769477
475.1162790697675,0.04989920034272842
475.13621262458474,0.052454613743832555
475.156146179402,0.055135867184199286
475.1760797342193,0.057915588062380764
475.19601328903656,0.06076999977949178
475.2159468438538,0.06367850563520022
475.2358803986711,0.06662325151638136
475.2558139534884,0.06958871292284809
475.2757475083057,0.07256132707502554
475.29568106312297,0.07552917641565843
475.31561461794024,0.07848172217071503
475.33554817275746,0.08140958308554788
475.3554817275748,0.08430435321187983
475.37541528239205,0.08715845258626925
475.3953488372093,0.08996500517070838
475.4152823920266,0.09271773916714814
475.43521594684387,0.09541090558735374
475.4551495016612,0.09803921167163072
475.47508305647847,0.10059776637128535
475.4950166112957,0.10308203563271508
475.51495016611295,0.10548780565373395
475.5348837209302,0.10781115263429254
475.55481727574755,0.11004841782876328
475.5747508305648,0.11219618693567504
475.5946843853821,0.11425127304474042
475.61461794019937,0.11621070250835037
475.63455149501664,0.11807170322303555
475.65448504983397,0.11983169490152104
475.6744186046512,0.12148828099246733
475.69435215946845,0.1230392419668651
475.7142857142857,0.12448252974014097
475.734219269103,0.1258162630395883
475.7541528239203,0.12703872356005788
475.7740863787376,0.12814835277794853
475.79401993355486,0.12914374931596184
475.81395348837214,0.13002366676953223
475.8338870431894,0.1307870119214361
475.8538205980067,0.13143284328376398
475.87375415282395,0.1319603699176525
475.8936877076412,0.1323689504903311
475.9136212624585,0.1326580925372155
475.93355481727576,0.13282745190385245
475.95348837209303,0.13287683234888054
475.97342192691036,0.132806185294976
475.99335548172763,0.13261560972001166
476.01328903654485,0.13230535218612036
476.0332225913621,0.13187580700915613
476.0531561461794,0.13132751657643082
476.0730897009967,0.13066117182589093
476.093023255814,0.12987761290580455
476.11295681063126,0.12897783004027416
476.13289036544853,0.1279629646330304
476.1528239202658,0.12683431065011488
476.17275747508313,0.1255933163314035
476.19269102990035,0.1242415862918055
476.2126245847176,0.12278088408610541
476.2325581395349,0.12121313532671787
476.25249169435216,0.11954043146229887
476.2724252491695,0.11776503434758472
476.29235880398676,0.11588938176195986
476.31229235880403,0.1139160940678269
476.3322259136213,0.11184798224032483
476.3521594684386,0.10968805755031602
476.37209302325584,0.10743954324464519
476.3920265780731,0.10510588864413
476.4119601328904,0.10269078617565995
476.43189368770766,0.10019819197263788
476.4518272425249,0.09763235082667346
476.4717607973422,0.09499782645697366
476.4916943521595,0.09229953829378845
476.5116279069768,0.0895428062571106
476.53156146179407,0.08673340536437417
476.5514950166113,0.08387763243309654
476.57142857142856,0.08098238766702998
476.5913621262459,0.07805527453375848
476.61129568106315,0.07510472204886523
476.6312292358804,0.07214013434269882
476.6511627906977,0.06917207310925762
476.67109634551497,0.06621247903630671
476.6910299003323,0.06327493822725976
476.7109634551495,0.060374998295833315
476.7308970099668,0.05753053512022091
476.75083056478405,0.05476216337401663
476.7707641196013,0.052093669197900025
476.79069767441865,0.04955241816818318
476.8106312292359,0.04716965241457928
476.8305647840532,0.04498053616787521
476.85049833887047,0.04302374606595502
476.87043189368774,0.04134035510723222
476.890365448505,0.03997177618007718
476.9102990033223,0.03895668002026126
476.93023255813955,0.03832712670284955
476.9501661129568,0.038104588856790335
476.9700996677741,0.03829688050717923
476.9900332225914,0.03889695219068437
477.0099667774087,0.03988396693975644
477.02990033222596,0.04122628699655891
477.04983388704323,0.04288542989743811
477.06976744186045,0.044819969351174445
477.0897009966778,0.04698867648403837
477.10963455149505,0.04935263785130187
477.1295681063123,0.05187642118835403
477.1495016611296,0.054528518789825974
477.16943521594686,0.05728132136393503
477.1893687707642,0.06011082989762428
477.20930232558146,0.06299625005286157
477.2292358803987,0.06591955815182847
477.24916943521595,0.06886508752978114
477.2691029900332,0.07181915805237721
477.28903654485055,0.07476975631192045
477.3089700996678,0.07770626581886331
477.3289036544851,0.08061924262233246
477.34883720930236,0.08350023036287035
477.36877076411963,0.0863416086244166
477.3887043189369,0.0891364689325474
477.4086378737542,0.09187851346627454
477.42857142857144,0.0945619723147897
477.4485049833887,0.09718153582464745
477.468438538206,0.09973229920921968
477.48837209302326,0.1022097171219556
477.5083056478406,0.10460956633325108
477.52823920265786,0.10692791500820786
477.54817275747513,0.1091610973720568
477.5681063122924,0.11130569278268208
477.5880398671096,0.11335850841687914
477.60797342192694,0.11531656492689757
477.6279069767442,0.11717708454424795
477.6478405315615,0.11893748120450419
477.66777408637876,0.12059535234467202
477.687707641196,0.12214847208765472
477.70764119601336,0.12359478557921066
477.7275747508306,0.12493240428409935
477.74750830564784,0.12615960208194782
477.7674418604651,0.12727481203087757
477.7873754152824,0.12827662368976897
477.8073089700997,0.1291637809086534
477.827242524917,0.1299351800126593
477.84717607973425,0.13058986831765942
477.8671096345515,0.1311270429272468
477.8870431893688,0.13154604976977846
477.90697674418607,0.13184638284266015
477.92691029900334,0.13202768363797304
477.9468438538206,0.13208974073014507
477.9667774086379,0.13203248951196742
477.98671096345515,0.13185601207081749
478.0066445182724,0.13156053720206287
478.02657807308975,0.13114644056160468
478.046511627907,0.13061424496491011
478.0664451827243,0.12996462084488988
478.08637873754157,0.12919838688696336
478.1063122923588,0.12831651086579163
478.1262458471761,0.1273201107150595
478.1461794019934,0.12621045586980037
478.16611295681065,0.12498896892976746
478.1860465116279,0.12365722770312794
478.2059800664452,0.12221696770241168
478.2259136212625,0.1206700851797102
478.2458471760798,0.11901864080623263
478.26578073089706,0.11726486412312756
478.2857142857143,0.1154111589170275
478.30564784053155,0.1134601097061833
478.3255813953489,0.11141448956264452
478.34551495016615,0.10927726954473911
478.3654485049834,0.10705163007435109
478.3853820598007,0.10474097466806805
478.40531561461796,0.10234894652369445
478.4252491694353,0.099879448578948
478.4451827242525,0.0973366678024727
478.4651162790698,0.09472510465608366
478.48504983388705,0.0920496088898706
478.5049833887043,0.08931542310852901
478.52491694352165,0.08652823588959391
478.5448504983389,0.08369424665450982
478.5647840531562,0.08082024500273254
478.58471760797346,0.0779137078236442
478.60465116279073,0.07498291819550963
478.624584717608,0.07203711083326855
478.6445182724253,0.06908664957647317
478.66445182724254,0.06614324294153028
478.6843853820598,0.06322020376195614
478.7043189368771,0.06033275779504525
478.7242524916944,0.05749840282875903
478.7441860465117,0.05473731256470333
478.76411960132896,0.05207276579440071
478.78405315614623,0.04953155765560321
478.80398671096344,0.04714431236548104
478.82392026578077,0.0449455641470181
478.84385382059804,0.04297341068790265
478.8637873754153,0.04126849281844493
478.8837209302326,0.03987206097231823
478.90365448504986,0.03882301958235228
478.9235880398671,0.03815414399115108
478.94352159468446,0.03788809587202633
478.96345514950167,0.03803422205857212
478.98338870431894,0.03858712152475015
479.0033222591362,0.03952747055661125
479.0232558139535,0.04082482131485723
479.0431893687708,0.042441479137761286
479.0631229235881,0.04433642621719672
479.08305647840535,0.04646854585412937
479.1029900332226,0.04879883973723666
479.1229235880399,0.051291680701309614
479.14285714285717,0.053915319729138385
479.16279069767444,0.056641900305541684
479.1827242524917,0.05944719277635243
479.202657807309,0.06231019908017614
479.22259136212625,0.06521272170532424
479.2425249169436,0.06813894900417512
479.26245847176085,0.07107508177836806
479.2823920265781,0.07400900987923906
479.3023255813954,0.07693003879728513
479.3222591362126,0.07982866198776539
479.34219269102994,0.08269637305510072
479.3621262458472,0.08552551168013912
479.3820598006645,0.08830913760565386
479.40199335548175,0.0910409276958327
479.421926910299,0.09371509184579434
479.4418604651163,0.0963263042342418
479.4617940199336,0.09886964704515537
479.48172757475083,0.10134056432105992
479.5016611295681,0.10373482405538673
479.5215946843854,0.10604848699504192
479.54152823920265,0.10827788091856018
479.56146179402,0.11041957939233808
479.58139534883725,0.11247038419782528
479.6013289036545,0.11442731077532986
479.6212624584718,0.11628757615261488
479.64119601328906,0.11804858892504191
479.66112956810633,0.11970794093316386
479.6810631229236,0.12126340034779783
479.7009966777409,0.12271290592427833
479.72093023255815,0.12405456222964083
479.7408637873754,0.12528663568085077
479.76079734219275,0.12640755126014047
479.78073089701,0.12741588979666166
479.8006644518273,0.12831038572270176
479.82059800664456,0.12908992522858298
479.8405315614618,0.12975354475361273
479.8604651162791,0.13030042976174613
479.8803986710964,0.1307299137600875
479.90033222591364,0.13104147752662967
479.9202657807309,0.13123474852094055
479.9401993355482,0.1313095004577299
479.9601328903655,0.131265653029231
479.9800664451828,0.13110327176767292
480.0,0.13082256804426734
480.0199335548173,0.13042389920618566
480.03986710963454,0.12990776885814864
480.0598006644519,0.1292748273004395
480.07973421926914,0.1285258721408759
480.09966777408636,0.12766184910438214
480.1196013289037,0.12668385307060237
480.1395348837209,0.12559312937784486
480.1594684385383,0.12439107544059996
480.1794019933555,0.12307924273827217
480.1993355481728,0.12165933924519612
480.21926910299004,0.12013323238666107
480.23920265780737,0.11850295262329631
480.25913621262464,0.11677069778747798
480.27906976744185,0.11493883832116304
480.2990033222592,0.113009923596086
480.3189368770764,0.11098668953581642
480.3388704318937,0.10887206780652957
480.358803986711,0.10666919690182594
480.3787375415283,0.10438143551942972
480.39867109634554,0.10201237871725667
480.41860465116287,0.09956587744829996
480.4385382059801,0.09704606221266823
480.45847176079735,0.09445737173887446
480.4784053156147,0.09180458782225319
480.4983388704319,0.08909287771712214
480.5182724252492,0.08632784581166245
480.53820598006644,0.08351559672296865
480.55813953488376,0.0806628124453401
480.57807308970104,0.07777684677510915
480.59800664451836,0.07486584091569792
480.6179401993356,0.0719388649099234
480.6378737541528,0.0690060902787676
480.6578073089701,0.06607899980673364
480.6777408637874,0.0631706404914529
480.6976744186047,0.060295924697904
480.71760797342193,0.05747198153582753
480.73754152823926,0.05471855379233709
480.7574750830565,0.052058422933985916
480.7774086378738,0.04951782237924376
480.7973421926911,0.04712676373228793
480.8172757475083,0.04491914994346802
480.8372093023256,0.04293248784962712
480.85714285714283,0.041206959338862016
480.87707641196016,0.03978360811550275
480.89700996677743,0.03870151218754448
480.91694352159476,0.03799409444472096
480.936877076412,0.03768514473711637
480.9568106312292,0.03778550457041343
480.9767441860465,0.03829141580819195
480.9966777408638,0.03918509383640739
481.0166112956811,0.040437327055852054
481.03654485049833,0.042011261064069445
481.05647840531566,0.04386633365147482
481.0764119601329,0.04596157619552199
481.09634551495026,0.04825792926193785
481.1162790697675,0.05071958424739135
481.1362126245847,0.05331455680707698
481.156146179402,0.056014744331335735
481.17607973421923,0.05879568481798398
481.1960132890366,0.06163617332276848
481.2159468438538,0.06451783475737166
481.23588039867116,0.06742470867156179
481.25581395348837,0.07034287317631863
481.2757475083057,0.073260118074292
481.29568106312297,0.07616566788969512
481.3156146179402,0.07904995089632022
481.3355481727575,0.08190440840853647
481.3554817275747,0.08472133824961577
481.37541528239205,0.08749376668801315
481.3953488372093,0.09021534380982464
481.41528239202665,0.09288025804952464
481.43521594684387,0.0954831663203938
481.4551495016612,0.09801913682458563
481.4750830564784,0.10048360216599933
481.4950166112957,0.10287232084098391
481.514950166113,0.10518134555113447
481.5348837209302,0.10740699708198949
481.55481727574755,0.10954584273270347
481.57475083056477,0.11159467847550182
481.59468438538215,0.11355051417948013
481.61461794019937,0.11541056135782123
481.6345514950167,0.11717222299806938
481.6544850498339,0.11883308511554416
481.6744186046511,0.12039090973523688
481.6943521594685,0.12184362906015106
481.7142857142857,0.12318934062679499
481.73421926910305,0.12442630328340304
481.75415282392026,0.12555293385494448
481.7740863787376,0.12656780438248508
481.79401993355486,0.12746963984361603
481.8139534883722,0.1282573162771092
481.8338870431894,0.12892985924796677
481.8538205980066,0.12948644260087225
481.87375415282395,0.12992638745924354
481.8936877076412,0.1302491614357861
481.91362126245855,0.13045437802756168
481.93355481727576,0.13054179617495718
481.9534883720931,0.13051131997002788
481.9734219269103,0.1303629985048941
481.99335548172763,0.13009702585600333
482.0132890365449,0.1297137412054032
482.0332225913621,0.1292136291047662
482.05315614617945,0.1285973198935376
482.07308970099666,0.1278655902878927
482.093023255814,0.12701936416327927
482.11295681063126,0.12605971356013912
482.1328903654486,0.12498785994986521
482.1528239202658,0.12380517580693126
482.172757475083,0.12251318654332827
482.19269102990035,0.1211135728734271
482.2126245847176,0.11960817369185293
482.23255813953494,0.11799898956389823
482.25249169435216,0.11628818694898961
482.2724252491695,0.11447810330258348
482.2923588039867,0.11257125323259361
482.31229235880403,0.1105703359239132
482.3322259136213,0.10847824409053415
482.3521594684385,0.1062980747716696
482.37209302325584,0.10403314235844086
482.39202657807306,0.10168699432491139
482.4119601328904,0.0992634302454774
482.43189368770766,0.09676652481574008
482.451827242525,0.0942006557620113
482.4717607973422,0.09157053773404275
482.4916943521595,0.08888126353605612
482.51162790697674,0.08613835437367963
482.531561461794,0.08334782119079974
482.55149501661134,0.08051623965242809
482.57142857142856,0.07765084190479184
482.5913621262459,0.07475962890959308
482.6112956810631,0.07185150788211256
482.6312292358805,0.06893646009465834
482.6511627906977,0.06602574489195806
482.671096345515,0.0631321459127277
482.69102990033224,0.060270264690513706
482.71096345514945,0.05745686408929876
482.73089700996684,0.05471125788791475
482.75083056478405,0.05205573091627586
482.7707641196014,0.049515953219570384
482.7906976744186,0.047121318093137035
482.8106312292359,0.04490508514572934
482.8305647840532,0.04290414917328826
482.8504983388705,0.041158200417830866
482.87043189368774,0.039708031172643085
482.89036544850495,0.0385928399990052
482.9102990033223,0.03784664530252437
482.93023255813955,0.03749432803274216
482.9501661129569,0.03754821581901025
482.9700996677741,0.03800621951957667
482.9900332225914,0.038852148946598684
483.00996677740864,0.040058098768303955
483.029900332226,0.04158812317129995
483.04983388704323,0.043402170471915386
483.06976744186045,0.045459457002060485
483.0897009966778,0.04772088203024936
483.109634551495,0.05015046214205044
483.1295681063124,0.05271597550406227
483.1495016611296,0.05538906619886574
483.1694352159469,0.05814503029653757
483.18936877076413,0.06096244573995902
483.20930232558146,0.06382274996911724
483.22923588039873,0.0667098246663441
483.24916943521595,0.06960961721195807
483.2691029900333,0.07250981036882213
483.2890365448505,0.0753995416889272
483.3089700996678,0.07826916914143137
483.3289036544851,0.08111007739683189
483.3488372093024,0.08391451872634903
483.36877076411963,0.08667548278915087
483.38870431893685,0.08938659023031119
483.4086378737542,0.09204200575800216
483.42857142857144,0.09463636708866385
483.4485049833888,0.09716472679260922
483.468438538206,0.09962250462265963
483.4883720930233,0.10200544836669176
483.50830564784053,0.10430960164040973
483.52823920265786,0.10653127734151756
483.54817275747513,0.10866703573191008
483.56810631229234,0.11071366631208966
483.58803986710967,0.11266817281039058
483.6079734219269,0.1145277607367631
483.6279069767442,0.1162898270529442
483.6478405315615,0.11795195159315687
483.6677740863788,0.11951188993559267
483.687707641196,0.12096756747874693
483.70764119601336,0.12231707451999652
483.72757475083057,0.12355866216944308
483.74750830564784,0.12469073896081222
483.76744186046517,0.12571186804527582
483.7873754152824,0.12662076487344834
483.8073089700997,0.12741629528733897
483.8272425249169,0.12809747395762489
483.84717607973425,0.12866346311307605
483.8671096345515,0.12911357151879746
483.88704318936885,0.12944725366839188
483.90697674418607,0.12966410916238738
483.9269102990033,0.12976388225190236
483.9468438538206,0.12974646153227487
483.9667774086379,0.12961187977695465
483.9867109634552,0.1293603139069058
484.0066445182724,0.12899208509600257
484.02657807308975,0.12850765901771902
484.04651162790697,0.12790764624372578
484.06644518272435,0.1271928028103796
484.08637873754157,0.12636403097516669
484.1063122923588,0.12542238019157048
484.1262458471761,0.1243690483385801
484.1461794019933,0.12320538324928142
484.1661129568107,0.12193288459337953
484.1860465116279,0.12055320617980889
484.20598006644525,0.11906815876004295
484.22591362126246,0.11747971342900104
484.2458471760798,0.1157900057410134
484.26578073089706,0.11400134068241792
484.2857142857143,0.11211619867241099
484.3056478405316,0.11013724280002384
484.3255813953488,0.10806732754998084
484.34551495016615,0.10590950932525008
484.3654485049834,0.10366705914254765
484.38538205980075,0.10134347796142774
484.40531561461796,0.0989425152131277
484.4252491694352,0.09646819122604845
484.4451827242525,0.09392482440820217
484.4651162790698,0.09131706425022708
484.4850498338871,0.08864993146550577
484.5049833887043,0.08592886689719811
484.52491694352165,0.08315979120772006
484.54485049833886,0.08034917783541104
484.56478405315625,0.07750414226465274
484.58471760797346,0.07463255130787129
484.6046511627907,0.07174315682064768
484.624584717608,0.06884575900288056
484.6445182724252,0.0659514050452073
484.6644518272426,0.06307262909097719
484.6843853820598,0.060223738803861344
484.70431893687714,0.057421151387898224
484.72425249169436,0.054683776258316906
484.7441860465117,0.05203343047161298
484.76411960132896,0.049495253358143795
484.7840531561462,0.04709805489019481
484.8039867109635,0.04487448554806514
484.8239202657807,0.04286085624856809
484.84385382059804,0.041096380145348534
484.8637873754153,0.03962159025988871
484.88372093023264,0.03847576804783331
484.90365448504986,0.03769345809218527
484.9235880398672,0.037300538458787835
484.9435215946844,0.037310719911789435
484.96345514950167,0.037723489139157476
484.983388704319,0.03852418135850122
485.0033222591362,0.03968615765888479
485.02325581395354,0.041174366647596876
485.04318936877075,0.042949270961511195
485.0631229235881,0.04497028587125968
485.08305647840535,0.04719828776998776
485.1029900332227,0.04959713780282206
485.1229235880399,0.05213439516219445
485.1428571428571,0.054781467495216354
485.16279069767444,0.05751342392959487
485.1827242524917,0.06030863841112563
485.20265780730904,0.06314837228727357
485.22259136212625,0.06601635919258736
485.2425249169436,0.06889842422310807
485.2624584717608,0.07178215035426397
485.2823920265781,0.07465659438875609
485.3023255813954,0.07751204933178184
485.3222591362126,0.0803398477975899
485.34219269102994,0.083132200451915
485.36212624584715,0.08588206374627975
485.3820598006645,0.08858303182367304
485.40199335548175,0.09122924821194006
485.4219269102991,0.09381533364283276
485.4418604651163,0.09633632698324011
485.4617940199336,0.09878763682190451
485.48172757475083,0.1011650017194889
485.5016611295681,0.10346445751171021
485.52159468438543,0.10568231036448984
485.54152823920265,0.10781511453045557
485.56146179402,0.1098596539567364
485.5813953488372,0.11181292705533889
485.6013289036546,0.11367213407680794
485.6212624584718,0.11543466663181555
485.641196013289,0.11709809898882889
485.66112956810633,0.11866018084366539
485.68106312292355,0.12011883131095043
485.70099667774093,0.12147213393205826
485.72093023255815,0.12271833252985062
485.7408637873755,0.12385582777018529
485.7607973421927,0.12488317431416861
485.78073089701,0.12579907846516325
485.8006644518273,0.12660239623112876
485.8205980066445,0.12729213173668638
485.84053156146183,0.12786743593081157
485.86046511627904,0.12832760554630335
485.8803986710964,0.12867208227522497
485.90033222591364,0.12890045213227164
485.920265780731,0.1290124449843815
485.9401993355482,0.12900793423088405
485.9601328903655,0.12888693662382855
485.98006644518273,0.12864961222344104
486.0,0.12829626448841136
486.0199335548173,0.1278273405058851
486.03986710963454,0.12724343137111307
486.05980066445187,0.1265452727320003
486.0797342192691,0.1257337455198331
486.09966777408647,0.12480987689374744
486.1196013289037,0.12377484143406976
486.139534883721,0.12262996262772806
486.1594684385382,0.12137671469905593
486.17940199335544,0.12001672485046604
486.1993355481728,0.11855177599138461
486.21926910299004,0.11698381004991848
486.23920265780737,0.11531493198148739
486.2591362126246,0.11354741461240356
486.2790697674419,0.11168370448539394
486.2990033222592,0.10972642890940344
486.3189368770765,0.10767840445947076
486.3388704318937,0.10554264722626995
486.35880398671094,0.10332238518089232
486.37873754152827,0.10102107310282944
486.39867109634554,0.09864241062104648
486.41860465116287,0.0961903640452397
486.4385382059801,0.09366919282262189
486.4584717607974,0.09108348165291012
486.4784053156146,0.08843817953956351
486.49833887043195,0.08573864735931591
486.5182724252492,0.08299071590692295
486.53820598006644,0.08020075682837986
486.55813953488376,0.07737576940322591
486.578073089701,0.07452348677505036
486.5980066445183,0.0716525059409051
486.6179401993356,0.06877244654043231
486.6378737541529,0.06589414411016783
486.6578073089701,0.06302988373855321
486.67774086378745,0.060193679510003484
486.69767441860466,0.05740160294635824
486.71760797342193,0.05467215848120543
486.73754152823926,0.0520266937134629
486.7574750830565,0.04948981376266343
486.7774086378738,0.047089738862448334
486.797342192691,0.044858499533238956
486.81727574750835,0.042831805847691515
486.8372093023256,0.041048369399037776
486.85714285714283,0.03954843208533426
486.87707641196016,0.03837132227794417
486.8970099667774,0.037552078237655724
486.9169435215947,0.03711755728133346
486.936877076412,0.037082860741188106
486.9568106312293,0.03744908809693371
486.9767441860465,0.038203160585078284
486.99667774086384,0.039319776058098804
487.01661129568106,0.04076484223002208
487.03654485049833,0.04249938447622894
487.05647840531566,0.044483045600375345
487.0764119601329,0.04667668991256929
487.0963455149502,0.04904402080968895
487.1162790697674,0.05155236810191186
487.1362126245848,0.05417288855013866
487.156146179402,0.056880408637990224
487.17607973421934,0.05965308304081384
487.19601328903656,0.062471983040147096
487.21594684385377,0.06532068190126794
487.23588039867116,0.06818487181670033
487.25581395348837,0.07105202695069093
487.2757475083057,0.07391111575295681
487.2956810631229,0.07675235988683979
487.31561461794024,0.0795670345710321
487.3355481727575,0.08234730439657004
487.35548172757484,0.08508608886257442
487.37541528239205,0.08777695246638113
487.39534883720927,0.0904140149106513
487.4152823920266,0.09299187771159753
487.43521594684387,0.09550556414636066
487.4551495016612,0.09795047004070635
487.4750830564784,0.1003223233702101
487.49501661129574,0.1026171510353044
487.51495016611295,0.1048312514863499
487.53488372093034,0.10696117212852534
487.55481727574755,0.1090036906419221
487.57475083056477,0.11095579951550855
487.5946843853821,0.1128146932262255
487.6146179401993,0.11457775759990241
487.6345514950167,0.11624256097597936
487.6544850498339,0.11780684686660316
487.67441860465124,0.11926852785637332
487.69435215946845,0.12062568053364582
487.7142857142858,0.12187654128135786
487.73421926910305,0.12301950278488252
487.75415282392026,0.1240531111393055
487.7740863787376,0.1249760634585131
487.7940199335548,0.1257872059054734
487.81395348837214,0.12648553207701038
487.8338870431894,0.1270701816881727
487.85382059800673,0.12754043951150196
487.87375415282395,0.12789573453469252
487.89368770764116,0.1281356393080243
487.9136212624585,0.1282598694593939
487.93355481727576,0.12826828336050422
487.9534883720931,0.12816088193357147
487.9734219269103,0.12793780859275122
487.99335548172763,0.12759934931962785
488.01328903654485,0.12714593287696552
488.0332225913622,0.12657813117007408
488.05315614617945,0.12589665977033124
488.07308970099666,0.12510237862139753
488.093023255814,0.1241962929548032
488.1129568106312,0.12317955444888389
488.13289036544853,0.12205346267318176
488.1528239202658,0.12081946687023029
488.17275747508313,0.11947916813734002
488.19269102990035,0.11803432208487741
488.2126245847177,0.11648684206300469
488.2325581395349,0.11483880306821963
488.25249169435216,0.11309244646398214
488.2724252491695,0.11125018567815126
488.2923588039867,0.10931461307406223
488.31229235880403,0.1072885082347089
488.33222591362124,0.10517484795116398
488.3521594684386,0.10297681827106658
488.37209302325584,0.10069782904245593
488.39202657807317,0.09834153148753545
488.4119601328904,0.09591183946398976
488.4318936877076,0.09341295522530917
488.4518272425249,0.09084940068263996
488.4717607973422,0.08822605540888066
488.4916943521595,0.08554820292075027
488.51162790697674,0.0828215871382197
488.53156146179407,0.08005248136462949
488.5514950166113,0.07724777266363533
488.57142857142867,0.07441506513316815
488.5913621262459,0.07156280627546677
488.6112956810631,0.06870044138804435
488.6312292358804,0.06583860153792429
488.65116279069764,0.06298933100092559
488.671096345515,0.06016635961820273
488.69102990033224,0.05738542357935467
488.71096345514957,0.05466463340573637
488.7308970099668,0.05202487836400847
488.7508305647841,0.04949023929261557
488.7707641196014,0.04708835330687033
488.7906976744186,0.044850631045062955
488.8106312292359,0.04281217086307607
488.83056478405314,0.04101115588666691
488.85049833887047,0.03948748968483563
488.87043189368774,0.038280479283514475
488.89036544850507,0.03742557317777424
488.9102990033223,0.03695052319425434
488.9302325581396,0.03687175411486832
488.9501661129568,0.03719194514605906
488.9700996677741,0.03789961058464051
488.9900332225914,0.038970825415469416
489.00996677740864,0.04037251516790313
489.02990033222596,0.04206632944141147
489.0498338870432,0.044012192100469985
489.06976744186056,0.04617099628440636
489.0897009966778,0.04850631581133134
489.109634551495,0.0509852687100185
489.1295681063123,0.05357877067899192
489.14950166112953,0.05626141012440213
489.1694352159469,0.05901112370208247
489.18936877076413,0.061808791925242475
489.20930232558146,0.06463782593120192
489.2292358803987,0.06748378275612932
489.249169435216,0.07033402534280106
489.2691029900333,0.07317743141194782
489.2890365448505,0.07600414904491168
489.3089700996678,0.07880539400790562
489.32890365448503,0.08157328295934671
489.34883720930236,0.08430069678503796
489.36877076411963,0.08698116886177545
489.38870431893696,0.08960879376286673
489.4086378737542,0.09217815263891939
489.4285714285715,0.09468425216494165
489.4485049833887,0.09712247451383883
489.468438538206,0.09948853629460344
489.4883720930233,0.10177845478711778
489.50830564784053,0.1039885201259234
489.52823920265786,0.10611527234424128
489.5481727574751,0.10815548239782286
489.5681063122924,0.11010613645542262
489.58803986710967,0.1119644228770248
489.607973421927,0.11372772140865962
489.6279069767442,0.11539359420944116
489.6478405315614,0.11695977839621516
489.66777408637876,0.11842417984791483
489.687707641196,0.11978486805725473
489.70764119601336,0.1210400718548437
489.72757475083057,0.12218817586112074
489.7475083056479,0.12322771754654727
489.7674418604651,0.12415738480098149
489.78737541528244,0.12497601393033221
489.8073089700997,0.12568258801268156
489.8272425249169,0.1262762355581594
489.84717607973425,0.1267562294268693
489.86710963455147,0.12712198596798718
489.8870431893688,0.12737306435048987
489.90697674418607,0.12750916606289303
489.9269102990034,0.12753013456506185
489.9468438538206,0.12743595508082484
489.96677740863794,0.12722675452517027
489.98671096345515,0.1269028015647581
490.0066445182724,0.12646450681539043
490.02657807308975,0.12591242318525764
490.04651162790697,0.1252472463777113
490.0664451827243,0.1244698155734513
490.0863787375415,0.12358111431779581
490.1063122923589,0.1225822716462303
490.1262458471761,0.12147456348897698
490.14617940199344,0.12025941440518277
490.16611295681065,0.1189383997077787
490.18604651162786,0.11751324805348633
490.20598006644525,0.115985844587578
490.22591362126246,0.11435823475195116
490.2458471760798,0.11263262888731246
490.265780730897,0.11081140778805747
490.28571428571433,0.10889712940153275
490.3056478405316,0.10689253690483949
490.3255813953488,0.10480056844265713
490.34551495016615,0.10262436887225973
490.36544850498336,0.1003673039392711
490.3853820598007,0.09803297740391465
490.40531561461796,0.09562525175726375
490.4252491694353,0.09314827331598989
490.4451827242525,0.09060650266989143
490.46511627906983,0.0880047516875419
490.48504983388705,0.08534822857197666
490.5049833887043,0.08264259281181581
490.52491694352165,0.07989402230505198
490.54485049833886,0.07710929545231562
490.5647840531562,0.0742958916263316
490.5847176079734,0.07146211411191286
490.6046511627908,0.0686172403313511
490.624584717608,0.06577170481936899
490.64451827242533,0.06293732077608817
490.66445182724254,0.06012754570382105
490.68438538205976,0.057357794908099884
490.70431893687714,0.054645802308530646
490.72425249169436,0.05201201914813965
490.7441860465117,0.04948002502968178
490.7641196013289,0.047076898747113814
490.78405315614623,0.04483345546601177
490.8039867109635,0.04278420212637158
490.8239202657808,0.040966804129581674
490.84385382059804,0.03942082134809769
490.86378737541526,0.0381855122294895
490.8837209302326,0.03729668456511234
490.90365448504986,0.036782915083031324
490.9235880398672,0.03666187591689762
490.9435215946844,0.036937758681994844
490.9634551495017,0.03760062395061386
490.98338870431894,0.03862790122016657
491.00332225913627,0.0399875313097273
491.02325581395354,0.0416417979229532
491.04318936877075,0.043550921100104154
491.0631229235881,0.04567583848157676
491.0830564784053,0.047980008326140744
491.1029900332226,0.05043034864029053
491.1229235880399,0.052997543709445
491.1428571428572,0.05565595178724678
491.16279069767444,0.05838329809184295
491.18272425249177,0.061160277908788745
491.202657807309,0.06397014496726547
491.22259136212625,0.06679832520334918
491.2425249169436,0.06963207384546843
491.2624584717608,0.07246018092961704
491.2823920265781,0.07527272360461452
491.30232558139534,0.07806086049448938
491.32225913621266,0.08081666234291218
491.34219269102994,0.08353297318785587
491.36212624584715,0.08620329683311047
491.3820598006645,0.08882170408200574
491.4019933554817,0.09138275691676932
491.421926910299,0.09388144646770466
491.4418604651163,0.09631314219190873
491.4617940199336,0.09867355016533762
491.48172757475083,0.10095867879178369
491.50166112956816,0.1031648105580378
491.5215946843854,0.10528847872774363
491.54152823920265,0.10732644807846047
491.56146179402,0.1092756989567027
491.5813953488372,0.11113341406227284
491.6013289036545,0.11289696748309247
491.62126245847173,0.11456391558971508
491.6411960132891,0.11613198947013971
491.66112956810633,0.11759908864269021
491.68106312292366,0.11896327583149933
491.7009966777409,0.1202227726269388
491.7209302325581,0.12137595588416954
491.7408637873755,0.12242135473853165
491.7607973421927,0.12335764813719088
491.78073089701,0.12418366280384863
491.80066445182723,0.1248983715677568
491.82059800664456,0.12550089200033157
491.84053156146183,0.12599048531302431
491.86046511627916,0.1263665554787176
491.8803986710964,0.12662864854673508
491.9003322259136,0.12677645212804836
491.9202657807309,0.1268097950333873
491.9401993355482,0.12672864705243148
491.9601328903655,0.1265331188672622
491.98006644518273,0.12622346209845664
492.00000000000006,0.12580006948675607
492.01993355481727,0.12526347521859033
492.03986710963466,0.12461435540859046
492.05980066445187,0.12385352875810486
492.0797342192691,0.12298195741470395
492.0996677740864,0.12200074806469172
492.1196013289036,0.12091115329842285
492.139534883721,0.1197145732974698
492.1594684385382,0.11841255790322588
492.17940199335555,0.11700680913939931
492.19933554817277,0.11549918427576894
492.2192691029901,0.11389169953888083
492.23920265780737,0.11218653459725413
492.2591362126246,0.110386037975336
492.2790697674419,0.1084927335830873
492.2990033222591,0.10650932858802285
492.31893687707645,0.10443872290566764
492.3388704318937,0.10228402064518445
492.35880398671105,0.10004854392209618
492.37873754152827,0.0977358495434586
492.3986710963456,0.09534974918699372
492.4186046511628,0.09289433384040796
492.4385382059801,0.09037400344731773
492.4584717607974,0.0877935029305121
492.4784053156146,0.08515796604155457
492.49833887043195,0.08247296882914197
492.51827242524917,0.07974459493869815
492.5382059800665,0.07697951546195982
492.55813953488376,0.07418508665168073
492.578073089701,0.07136946949200397
492.5980066445183,0.06854177583036491
492.6179401993355,0.06571224643575252
492.63787375415285,0.06289246675378345
492.6578073089701,0.060095625906649346
492.67774086378745,0.05733682296590988
492.69767441860466,0.05463342057216296
492.717607973422,0.052005437774303984
492.7375415282392,0.04947595884720578
492.7574750830565,0.04707150939928651
492.7774086378738,0.04482231204009014
492.797342192691,0.042762280849455735
492.81727574750835,0.04092855503948852
492.83720930232556,0.0393603328625642
492.8571428571429,0.03809679608331774
492.87707641196016,0.03717407640610075
492.8970099667775,0.0366215403698091
492.9169435215947,0.03645808330988419
492.9368770764119,0.03668940511129309
492.95681063122925,0.0373071308407219
492.9767441860465,0.03829007913906081
492.99667774086384,0.03960724633434769
493.01661129568106,0.0412215858717111
493.0365448504984,0.04309363918096621
493.0564784053156,0.04518440207211422
493.076411960133,0.04745722129460638
493.0963455149502,0.049878812287175806
493.1162790697674,0.05241962161702382
493.13621262458474,0.055053769442362295
493.15614617940196,0.05775876132523915
493.17607973421934,0.06051509959042237
493.19601328903656,0.0633058736644088
493.2159468438539,0.06611637243444657
493.2358803986711,0.06893373838508669
493.2558139534884,0.07174666966778413
493.2757475083057,0.07454516901696437
493.2956810631229,0.07732033503835552
493.31561461794024,0.08006419018795843
493.33554817275746,0.08276953969735369
493.3554817275748,0.08542985617825895
493.37541528239205,0.0880391853228362
493.3953488372094,0.090592068831067
493.4152823920266,0.09308348136132907
493.4352159468439,0.09550877888133597
493.45514950166114,0.09786365628750701
493.4750830564784,0.10014411256680279
493.49501661129574,0.1023464221060067
493.51495016611295,0.10446711102151397
493.5348837209303,0.10650293759835279
493.5548172757475,0.1084508761006589
493.5747508305649,0.11030810335471239
493.5946843853821,0.11207198761768053
493.6146179401994,0.11374007933473564
493.63455149501664,0.11531010345989387
493.65448504983385,0.1167799530741316
493.67441860465124,0.11814768408192411
493.69435215946845,0.1194115108056509
493.7142857142858,0.12056980232899069
493.734219269103,0.12162107946589572
493.7541528239203,0.12256401225326093
493.7740863787376,0.12339741788265235
493.7940199335548,0.12412025900133368
493.81395348837214,0.12473164232498435
493.83388704318935,0.1252308175149108
493.8538205980067,0.1256171762814162
493.87375415282395,0.12589025168269893
493.8936877076413,0.1260497175954076
493.9136212624585,0.12609538833895317
493.9335548172758,0.12602721844124085
493.95348837209303,0.1258453025385799
493.9734219269103,0.1255498754074863
493.99335548172763,0.12514131213094812
494.01328903654485,0.12462012840663095
494.0332225913622,0.12398698100969495
494.0531561461794,0.12324266842840832
494.0730897009967,0.12238813169672036
494.093023255814,0.12142445545487437
494.1129568106313,0.12035286927671034
494.13289036544853,0.11917474931140647
494.15282392026575,0.1178916202976707
494.1727574750831,0.11650515802097249
494.19269102990035,0.1150171922989011
494.2126245847177,0.11342971059770711
494.2325581395349,0.11174486240420936
494.2524916943522,0.10996496450340004
494.27242524916943,0.10809250734372441
494.29235880398676,0.10613016271080616
494.31229235880403,0.10408079297831825
494.33222591362124,0.10194746226358256
494.3521594684386,0.09973344988853776
494.3720930232558,0.09744226663751152
494.3920265780731,0.09507767441581544
494.4119601328904,0.09264371005380836
494.4318936877077,0.09014471417571342
494.4518272425249,0.08758536627042281
494.47176079734226,0.08497072737142834
494.49169435215947,0.08230629208675501
494.51162790697674,0.07959805212813627
494.53156146179407,0.07685257398184896
494.5514950166113,0.07407709394609123
494.5714285714286,0.07127963442280895
494.5913621262458,0.06846914606026355
494.6112956810632,0.06565568100856875
494.6312292358804,0.06285060299182611
494.65116279069775,0.060066839768464254
494.67109634551497,0.05731918221979459
494.6910299003322,0.054624630706418764
494.71096345514957,0.05200278174617229
494.7308970099668,0.04947623394482571
494.7508305647841,0.04707096811941822
494.7707641196013,0.044816619359387064
494.79069767441865,0.04274650747746006
494.8106312292359,0.04089723373502256
494.83056478405314,0.039307608759138246
494.85049833887047,0.03801669534693753
494.8704318936877,0.03706089291364814
494.890365448505,0.03647029630614612
494.9102990033223,0.03626497106633163
494.9302325581396,0.036452094783422866
494.9501661129568,0.037024856165034925
494.97009966777415,0.03796348891405821
494.99003322259136,0.03923808674838858
495.00996677740864,0.04081231806584969
495.02990033222596,0.04264708492058372
495.0498338870432,0.044703470311261095
495.0697674418605,0.04694472808997334
495.0897009966777,0.04933738126077657
495.1096345514951,0.05185164281510853
495.1295681063123,0.05446139517530215
495.14950166112965,0.05714392246956883
495.16943521594686,0.05987953124546896
495.1893687707641,0.06265114344549645
495.20930232558146,0.06544390774292905
495.2292358803987,0.06824485092441585
495.249169435216,0.07104257659756597
495.2691029900332,0.0738270107388668
495.28903654485055,0.07658918989623441
495.3089700996678,0.07932108647570843
495.32890365448515,0.08201546538502555
495.34883720930236,0.08466576673890223
495.3687707641196,0.08726600999578091
495.3887043189369,0.08981071560664901
495.4086378737542,0.09229484092388371
495.4285714285715,0.09471372770478703
495.4485049833887,0.09706305904178643
495.46843853820604,0.0993388239632077
495.48837209302326,0.10153728828510926
495.5083056478406,0.10365497056733362
495.52823920265786,0.10568862224643312
495.5481727574751,0.10763521119475804
495.5681063122924,0.10949190809659412
495.5880398671096,0.11125607514599012
495.60797342192694,0.1129252566624894
495.6279069767442,0.11449717129455543
495.64784053156154,0.11596970554005843
495.66777408637876,0.11734090836130626
495.6877076411961,0.11860898671141064
495.7076411960133,0.11977230182053411
495.72757475083057,0.12082936611698745
495.7475083056479,0.1217788406793894
495.7674418604651,0.12261953313426495
495.78737541528244,0.12335039592796883
495.80730897009965,0.123970524914522
495.827242524917,0.1244791582112814
495.84717607973425,0.12487567528350556
495.8671096345516,0.12515959622641484
495.8870431893688,0.12533058122044846
495.906976744186,0.1253884301411366
495.92691029900334,0.12533308231086251
495.9468438538206,0.12516461638465992
495.96677740863794,0.12488325036727997
495.98671096345515,0.12448934176356041
496.0066445182725,0.12398338786894447
496.0265780730897,0.12336602621220699
496.04651162790697,0.12263803516780074
496.0664451827243,0.12180033476122366
496.0863787375415,0.12085398769746282
496.10631229235884,0.1198002006501248
496.12624584717605,0.11864032585760692
496.14617940199344,0.11737586308286148
496.16611295681065,0.11600846200542295
496.186046511628,0.11453992512865459
496.2059800664452,0.11297221130250851
496.2259136212624,0.11130743998281775
496.2458471760798,0.1095478963735231
496.265780730897,0.10769603762894288
496.28571428571433,0.10575450033112613
496.30564784053155,0.10372610950359859
496.3255813953489,0.10161388948028367
496.34551495016615,0.0994210770192212
496.3654485049835,0.09715113713874873
496.3853820598007,0.09480778226332182
496.4053156146179,0.09239499540235878
496.42524916943523,0.08991705825518707
496.4451827242525,0.08737858534658131
496.46511627906983,0.0847845655594656
496.48504983388705,0.08214041275559056
496.5049833887044,0.07945202757210115
496.5249169435216,0.07672587296250831
496.544850498339,0.07396906661948305
496.5647840531562,0.07118949406795756
496.5847176079734,0.06839594691863293
496.60465116279073,0.06559829144408652
496.62458471760795,0.06280767311472715
496.64451827242533,0.06003676268529072
496.66445182724254,0.05730004826911082
496.6843853820599,0.05461417457257133
496.7043189368771,0.0519983234603466
496.7242524916944,0.049474616845539394
496.7441860465117,0.047068500304008096
496.7641196013289,0.04480903041294993
496.78405315614623,0.04272893926466625
496.80398671096344,0.04086429149570155
496.82392026578077,0.039253503036482285
496.84385382059804,0.03793549984417069
496.86378737541537,0.0369469206425409
496.8837209302326,0.03631855429871844
496.9036544850499,0.03607160516045481
496.9235880398671,0.03621470957475327
496.9435215946844,0.036742618769191146
496.9634551495017,0.037636996441568
496.98338870431894,0.03886905729807239
497.00332225913627,0.04040320843209108
497.0232558139535,0.04220073058339764
497.0431893687708,0.04422280432256828
497.0631229235881,0.046432594137475185
497.0830564784054,0.04879642933271855
497.1029900332226,0.0512842853592233
497.12292358803984,0.05386980184334301
497.14285714285717,0.056530036343074054
497.16279069767444,0.059245094960261806
497.18272425249177,0.061997728177939644
497.202657807309,0.06477294121160443
497.2225913621263,0.06755764258169111
497.2425249169435,0.07034033936427407
497.2624584717608,0.07311087926821952
497.2823920265781,0.07586023565653488
497.30232558139534,0.07858033005875169
497.32225913621266,0.08126388646525187
497.3421926910299,0.08390431207927751
497.3621262458472,0.08649559984778724
497.3820598006645,0.08903224879890466
497.4019933554818,0.09150919888393413
497.421926910299,0.09392177761440394
497.44186046511624,0.09626565628858211
497.46179401993356,0.09853681402036527
497.48172757475083,0.10073150812554776
497.50166112956816,0.10284624969807336
497.5215946843854,0.10487778343241064
497.5415282392027,0.1068230709280423
497.5614617940199,0.10867927685628793
497.5813953488373,0.11044375748563255
497.6013289036545,0.11211405115488673
497.62126245847173,0.11368787035846066
497.64119601328906,0.11516309516872666
497.6611295681063,0.11653776776936463
497.68106312292366,0.11781008791353147
497.7009966777409,0.11897840915309804
497.7209302325582,0.1200412357119172
497.7408637873754,0.12099721989780211
497.76079734219275,0.12184515996617155
497.78073089701,0.12258399836324747
497.80066445182723,0.12321282028934902
497.82059800664456,0.12373085253346917
497.8405315614618,0.12413746253940568
497.8604651162791,0.1244321576715437
497.8803986710964,0.12461458465526565
497.9003322259137,0.12468452917299967
497.9202657807309,0.12464191560262133
497.94019933554824,0.12448680688982883
497.96013289036546,0.12421940455125732
497.98006644518273,0.12384004880980085
498.00000000000006,0.12334921886840902
498.01993355481727,0.1227475333338101
498.0398671096346,0.1220357508068784
498.0598006644518,0.12121477066216257
498.0797342192692,0.12028563404583763
498.0996677740864,0.11924952512850719
498.11960132890374,0.11810777265802112
498.13953488372096,0.11686185186732873
498.15946843853817,0.11551338680428697
498.17940199335555,0.11406415316421496
498.19933554817277,0.11251608172296187
498.2192691029901,0.11087126248836301
498.2392026578073,0.10913194971271963
498.25913621262464,0.10730056793877266
498.2790697674419,0.10537971928863712
498.2990033222591,0.1033721922498911
498.31893687707645,0.10128097226919043
498.33887043189367,0.09910925453228496
498.358803986711,0.09686045939501793
498.37873754152827,0.09453825103603822
498.3986710963456,0.09214656003424693
498.4186046511628,0.08968961073874265
498.43853820598014,0.08717195450397752
498.45847176079735,0.0845985101176193
498.4784053156146,0.08197461306323357
498.49833887043195,0.07930607564628751
498.51827242524917,0.07659926047966588
498.5382059800665,0.07386117038059237
498.5581395348837,0.07109955836917543
498.57807308970104,0.06832306215210952
498.5980066445183,0.06554136815080314
498.61794019933564,0.06276541063610402
498.63787375415285,0.06000761156065571
498.65780730897006,0.057282165687994935
498.6777408637874,0.05460537265992062
498.69767441860466,0.05199601118474314
498.717607973422,0.04947573824036822
498.7375415282392,0.04706947492301108
498.75747508305653,0.04480570692541357
498.77740863787375,0.042716579875813024
498.7973421926911,0.04083761239028021
498.81727574750835,0.03920680103698636
498.83720930232556,0.0378628917731551
498.8571428571429,0.036842701827789925
498.8770764119601,0.03617764302680259
498.89700996677743,0.0358899910631314
498.9169435215947,0.03598979318177017
498.93687707641203,0.03647334583865946
498.95681063122925,0.03732375669389377
498.9767441860466,0.038513397720157015
498.9966777408638,0.04000746027209086
499.01661129568106,0.04176764748634477
499.0365448504984,0.043755273018570566
499.0564784053156,0.04593343749775022
499.07641196013293,0.04826829301428617
499.09634551495014,0.05072958703575001
499.11627906976753,0.0532907211638776
499.13621262458474,0.055928528111815284
499.15614617940207,0.05862291346279498
499.1760797342193,0.061356455194698956
499.1960132890365,0.064114013560692
499.2159468438539,0.06688237715488551
499.2358803986711,0.06964995487507611
499.2558139534884,0.07240651461584492
499.27574750830564,0.0751429651473696
499.29568106312297,0.07785117586470097
499.31561461794024,0.08052382872974365
499.33554817275757,0.08315429705971061
499.3554817275748,0.08573654643897789
499.375415282392,0.08826505373151053
499.3953488372093,0.09073474084301583
499.4152823920266,0.0931409204796191
499.4352159468439,0.09547925166028934
499.45514950166114,0.09774570316463578
499.47508305647847,0.09993652344581143
499.4950166112957,0.10204821582023892
499.51495016611295,0.10407751797372099
499.5348837209303,0.10602138500641815
499.5548172757475,0.10787697538627689
499.5747508305648,0.10964163929828254
499.59468438538204,0.11131290897204392
499.6146179401994,0.11288849064636897
499.63455149501664,0.11436625789131474
499.65448504983397,0.11574424605795758
499.6744186046512,0.11702064766676029
499.6943521594684,0.11819380857843251
499.7142857142858,0.119262224818164
499.734219269103,0.1202245399464331
499.7541528239203,0.12107954288783637
499.77408637873754,0.12182616614479005
499.79401993355486,0.12246348433570439
499.81395348837214,0.12299071300791901
499.83388704318946,0.12340720768501884
499.8538205980067,0.12371246311594625
499.8737541528239,0.1239061127003729
499.8936877076412,0.12398792807075933
499.9136212624585,0.12395781881730232
499.9335548172758,0.12381583234689832
499.95348837209303,0.12356215387244096
499.97342192691036,0.12319710653325214
499.9933554817276,0.12272115165252766
500.0132890365449,0.1221348891424455
500.0332225913622,0.12143905807311724
500.0531561461794,0.12063453742707742
500.0730897009967,0.11972234706757415
500.09302325581393,0.11870364895622108
500.11295681063126,0.1175797486638313
500.13289036544853,0.11635209722803617
500.15282392026586,0.11502229342288768
500.1727574750831,0.11359208651919392
500.1926910299004,0.11206337963086699
500.2126245847176,0.11043823376210457
500.2325581395349,0.10871887269444987
500.2524916943522,0.10690768888177343
500.27242524916943,0.10500725055700297
500.29235880398676,0.10302031029840263
500.312292358804,0.10094981535716192
500.3322259136213,0.09879892011519345
500.3521594684386,0.0965710011249464
500.3720930232559,0.09426967528614268
500.3920265780731,0.09189882184296887
500.41196013289033,0.089462609044891
500.43189368770766,0.08696552651362778
500.4518272425249,0.08441242460566281
500.47176079734226,0.08180856236603143
500.49169435215947,0.07915966604414414
500.5116279069768,0.07647200059847022
500.531561461794,0.07375245715899058
500.5514950166114,0.07100866004220521
500.5714285714286,0.06824909759807973
500.5913621262458,0.06548328184588262
500.61129568106315,0.06272194238280264
500.63122923588037,0.05997726014657752
500.65116279069775,0.0572631457684162
500.67109634551497,0.05459556457996322
500.6910299003323,0.0519929043827562
500.7109634551495,0.04947637063342976
500.7308970099667,0.04707037369554616
500.7508305647841,0.044802840849843296
500.7707641196013,0.042705339798663186
500.79069767441865,0.04081284393222856
500.81063122923587,0.03916291896311965
500.8305647840532,0.03779410311512886
500.85049833887047,0.036743347127724806
500.8704318936878,0.036042627964985495
500.890365448505,0.03571523264194269
500.9102990033222,0.03577257091635334
500.93023255813955,0.03621245872293274
500.9501661129568,0.03701944747881499
500.97009966777415,0.03816708609017802
500.99003322259136,0.0396213796491393
501.0099667774087,0.041344483696641864
501.0299003322259,0.04329786989202091
501.0498338870433,0.04544459295792879
501.0697674418605,0.047750639280261374
501.0897009966777,0.0501855349195641
501.10963455149505,0.05272244668950781
501.12956810631226,0.055337983641787936
501.14950166112965,0.05801185087317557
501.16943521594686,0.060726453312516464
501.1893687707642,0.06346650547112519
501.2093023255814,0.06621867518882563
501.22923588039873,0.06897127240261108
501.249169435216,0.07171398449614289
501.2691029900332,0.07443765504729193
501.28903654485055,0.07713410081130873
501.30897009966776,0.07979596130091321
501.3289036544851,0.08241657559972468
501.34883720930236,0.08498988164379442
501.3687707641197,0.08751033389887884
501.3887043189369,0.08997283603399645
501.40863787375423,0.09237268579459097
501.42857142857144,0.09470552979494666
501.4485049833887,0.09696732638025954
501.46843853820604,0.09915431506239321
501.48837209302326,0.1012629913200948
501.5083056478406,0.10329008578653287
501.5282392026578,0.10523254703294654
501.54817275747513,0.10708752730712855
501.5681063122924,0.10885237070555988
501.5880398671097,0.11052460335445158
501.60797342192694,0.11210192525293394
501.62790697674416,0.11358220349418878
501.6478405315615,0.1149634666311873
501.66777408637876,0.11624389999491866
501.6877076411961,0.11742184180651415
501.7076411960133,0.11849577995223559
501.7275747508306,0.11946434931284153
501.74750830564784,0.12032632955745258
501.76744186046517,0.12108064332763047
501.78737541528244,0.12172635475020308
501.80730897009965,0.12226266822849305
501.827242524917,0.12268892747066151
501.8471760797342,0.12300461472211148
501.8671096345515,0.12320935017564771
501.8870431893688,0.12330289153949325
501.9069767441861,0.1232851337486871
501.92691029900334,0.12315610881063915
501.94684385382055,0.12291598578046979
501.9667774086379,0.12256507086659371
501.98671096345515,0.12210380767174377
502.0066445182725,0.12153277757956148
502.0265780730897,0.12085270030213284
502.046511627907,0.12006443460951803
502.06644518272424,0.11916897926862934
502.0863787375416,0.11816747422588908
502.10631229235884,0.11706120207638769
502.12624584717605,0.11585158987171525
502.1461794019934,0.1145402113299223
502.1661129568106,0.11312878952435275
502.186046511628,0.11161920014417948
502.2059800664452,0.11001347543852871
502.2259136212625,0.10831380897969073
502.24584717607974,0.10652256140894377
502.26578073089706,0.10464226736369586
502.28571428571433,0.10267564382691272
502.30564784053155,0.1006256001927829
502.3255813953489,0.09849525040725828
502.3455149501661,0.09628792762299332
502.3654485049834,0.09400720190823474
502.3853820598007,0.09165690167395085
502.405315614618,0.0892411396385967
502.42524916943523,0.08676434434331624
502.44518272425256,0.08423129847031115
502.4651162790698,0.08164718551432107
502.48504983388705,0.07901764672233191
502.5049833887044,0.07634885066034951
502.5249169435216,0.07364757829541622
502.5448504983389,0.07092132709453812
502.56478405315613,0.0681784383178033
502.5847176079735,0.06542825236153563
502.60465116279073,0.06268129755652198
502.62458471760806,0.059949517986881265
502.6445182724253,0.05724654518930768
502.6644518272425,0.054588016187887535
502.6843853820599,0.051991934843622994
502.7043189368771,0.04947906283581871
502.7242524916944,0.047073307801552944
502.74418604651163,0.044802045841113594
502.76411960132896,0.042696271436836665
502.78405315614623,0.04079041240642671
502.80398671096356,0.039121595222813874
502.82392026578077,0.03772813151239915
502.843853820598,0.036647076032237824
502.8637873754153,0.0359109347491177
502.8837209302326,0.03554397169444959
502.9036544850499,0.035558936976676864
502.9235880398671,0.03595516312398902
502.94352159468446,0.03671866163105729
502.96345514950167,0.037824186866892484
502.98338870431894,0.039238588711075606
503.00332225913627,0.04092450096413326
503.0232558139535,0.04284357036903921
503.0431893687708,0.04495881408793124
503.063122923588,0.047236054400338595
503.08305647840535,0.049644593249281305
503.1029900332226,0.05215735770951781
503.12292358803995,0.05475072742246408
503.14285714285717,0.057404201318726936
503.1627906976744,0.06010000611319965
503.1827242524917,0.06282270610196271
503.202657807309,0.0655588446122459
503.2225913621263,0.06829662952365867
503.2425249169435,0.07102566518911932
503.26245847176085,0.07373672795971715
503.28239202657807,0.07642158031592937
503.3023255813954,0.07907281801083597
503.32225913621266,0.08168374484552787
503.3421926910299,0.08424827026865113
503.3621262458472,0.08676082567690188
503.3820598006644,0.08921629596675844
503.40199335548175,0.0916099634957274
503.421926910299,0.09393746213387559
503.44186046511635,0.09619473952376899
503.46179401993356,0.09837802602604276
503.4817275747509,0.10048380911997698
503.5016611295681,0.10250881226428889
503.5215946843854,0.10444997741311919
503.5415282392027,0.10630445053459782
503.5614617940199,0.1080695696017461
503.58139534883725,0.10974285462392544
503.60132890365446,0.11132199936607647
503.62126245847185,0.11280486446696827
503.64119601328906,0.11418947171935392
503.6611295681064,0.11547399931674389
503.6810631229236,0.11665677790589421
503.7009966777408,0.11773628731175403
503.7209302325582,0.1187111538248116
503.7408637873754,0.11958014795953066
503.76079734219275,0.12034218260846781
503.78073089700996,0.12099631152958572
503.8006644518273,0.12154172811555981
503.82059800664456,0.12197776440315375
503.8405315614619,0.12230389028884167
503.8604651162791,0.12251971292390518
503.8803986710963,0.12262497626852072
503.90033222591364,0.12261956078980654
503.9202657807309,0.12250348329419668
503.94019933554824,0.12227689688922336
503.96013289036546,0.121940091074629
503.9800664451828,0.12149349196748561
504.0,0.12093766267081181
504.0199335548174,0.12027330380045094
504.0398671096346,0.11950125419045998
504.0598006644518,0.11862249180347852
504.07973421926914,0.11763813487956695
504.09966777408636,0.1165494433650422
504.11960132890374,0.11535782067202219
504.13953488372096,0.11406481583057024
504.1594684385383,0.11267212610818256
504.1794019933555,0.11118160018699778
504.1993355481727,0.10959524200786629
504.2192691029901,0.10791521541311334
504.2392026578073,0.10614384974740985
504.25913621262464,0.10428364661012977
504.27906976744185,0.1023372879938127
504.2990033222592,0.10030764609469367
504.31893687707645,0.09819779514425414
504.3388704318938,0.09601102568913047
504.358803986711,0.09375086184388316
504.3787375415282,0.09142108216215096
504.39867109634554,0.08902574492226822
504.4186046511628,0.08656921881102904
504.43853820598014,0.08405622022213151
504.45847176079735,0.08149185867450491
504.4784053156147,0.07888169221040743
504.4983388704319,0.07623179506498523
504.5182724252492,0.0735488404152168
504.5382059800665,0.07084020161641762
504.5581395348837,0.06811407600012624
504.57807308970104,0.06537963598431086
504.59800664451825,0.06264721281377265
504.6179401993356,0.05992851846530399
504.63787375415285,0.057236910672772826
504.6578073089702,0.054587703871676004
504.6777408637874,0.05199852383627892
504.6976744186047,0.049489693874821265
504.71760797342193,0.04708462282461387
504.7375415282392,0.04481013638500824
504.75747508305653,0.04269665100359628
504.77740863787375,0.04077803535346397
504.7973421926911,0.03909095101234076
504.8172757475083,0.037673443136035635
504.8372093023256,0.03656261763147162
504.8571428571429,0.035791450317183796
504.8770764119602,0.03538512920237877
504.89700996677743,0.035357712359616884
504.91694352159465,0.035710047287918455
504.936877076412,0.036429634909689874
504.95681063122925,0.03749248563992677
504.9767441860466,0.038866351656537214
504.9966777408638,0.04051439709776564
505.0166112956811,0.04239848357590575
505.03654485049833,0.044481616718013026
505.0564784053157,0.04672946885492714
505.07641196013293,0.04911112324958127
505.09634551495014,0.051599267016133904
505.1162790697675,0.05417004691141369
505.1362126245847,0.056802750638416714
505.15614617940207,0.05947942109787642
505.1760797342193,0.062184466836563715
505.1960132890366,0.06490430151524605
505.2159468438538,0.06762702631869334
505.23588039867116,0.07034215848229029
505.2558139534884,0.07304040357417697
505.27574750830564,0.07571346672870846
505.29568106312297,0.07835389729764963
505.3156146179402,0.08095496153164747
505.3355481727575,0.08351053844576294
505.3554817275748,0.08601503469658528
505.3754152823921,0.0884633149717106
505.3953488372093,0.09085064500437633
505.41528239202654,0.09317264485481769
505.43521594684387,0.09542525054325099
505.45514950166114,0.09760468248455476
505.47508305647847,0.09970741947172813
505.4950166112957,0.10173017719539897
505.514950166113,0.10366989047983932
505.5348837209302,0.10552369857131368
505.5548172757476,0.10728893293912815
505.5747508305648,0.10896310715012697
505.59468438538204,0.11054390845778427
505.61461794019937,0.11202919081236258
505.6345514950166,0.11341696905095643
505.65448504983397,0.11470541406912424
505.6744186046512,0.11589284881037194
505.6943521594685,0.11697774493836496
505.7142857142857,0.11795872007983373
505.73421926910305,0.11883453554560293
505.7541528239203,0.11960409445295926
505.77408637873754,0.1202664401859708
505.79401993355486,0.12082075514164886
505.8139534883721,0.12126635971925137
505.8338870431894,0.12160271151825813
505.8538205980067,0.12182940471769031
505.873754152824,0.12194616961563308
505.8936877076412,0.12195287231358198
505.91362126245855,0.12184951453529602
505.93355481727576,0.12163623357486453
505.95348837209303,0.12131330237334575
505.97342192691036,0.12088112972810255
505.9933554817276,0.12034026064377032
506.0132890365449,0.11969137683889998
506.0332225913621,0.11893529742787327
506.05315614617945,0.11807297980367207
506.0730897009967,0.11710552075400858
506.09302325581405,0.11603415785125003
506.11295681063126,0.11486027116546442
506.1328903654485,0.11358538536093644
506.1528239202658,0.11221117224895137
506.1727574750831,0.11073945388496349
506.1926910299004,0.10917220631652871
506.2126245847176,0.10751156411045462
506.23255813953494,0.1057598258145848
506.25249169435216,0.1039194605424734
506.2724252491695,0.1019931159095915
506.29235880398676,0.09998362759935576
506.312292358804,0.09789403089868708
506.3322259136213,0.09572757461885872
506.3521594684385,0.09348773791178973
506.37209302325584,0.09117825060951186
506.3920265780731,0.08880311786061616
506.41196013289044,0.08636665001975338
506.43189368770766,0.08387349897238618
506.45182724252487,0.08132870235737298
506.4717607973422,0.07873773749489288
506.49169435215947,0.07610658724764459
506.5116279069768,0.07344182054670138
506.531561461794,0.07075069090124897
506.55149501661134,0.06804125686686302
506.57142857142856,0.06532252912184816
506.59136212624594,0.062604649383356
506.61129568106315,0.05989910666168421
506.63122923588037,0.05721899588646138
506.6511627906977,0.05457932200999447
506.6710963455149,0.05199734807938582
506.6910299003323,0.04949297655825916
506.7109634551495,0.04708913664143567
506.73089700996684,0.04481212312307424
506.75083056478405,0.04269179183183496
506.7707641196014,0.04076146378683156
506.79069767441865,0.03905733603264912
506.81063122923587,0.03761717082475641
506.8305647840532,0.03647808797426229
506.8504983388704,0.03567347568098993
506.87043189368774,0.03522937568863095
506.890365448505,0.03516108445541285
506.91029900332234,0.03547091002672866
506.93023255813955,0.036147812587332205
506.9501661129569,0.03716905301734243
506.9700996677741,0.0385032981085768
506.99003322259136,0.04011426356542357
507.0099667774087,0.041964048706492355
507.0299003322259,0.044015667917771124
507.04983388704323,0.046234659867593536
507.06976744186045,0.04858990151978166
507.08970099667783,0.05105384923219348
507.10963455149505,0.05360242372027492
507.1295681063124,0.05621470662340438
507.1495016611296,0.058872561014950864
507.1694352159468,0.06156024284822251
507.1893687707642,0.06426403867433553
507.2093023255814,0.0669719450955048
507.22923588039873,0.06967339400159415
507.24916943521595,0.07235902168161536
507.2691029900333,0.07502047721134152
507.28903654485055,0.07765026465089496
507.3089700996679,0.08024161366206874
507.3289036544851,0.08278837366343157
507.3488372093023,0.08528492730331266
507.36877076411963,0.08772611970289917
507.3887043189369,0.09010720053767182
507.40863787375423,0.09242377655981612
507.42857142857144,0.09467177261391396
507.4485049833888,0.09684739956893111
507.468438538206,0.09894712789159024
507.4883720930233,0.10096766583064684
507.5083056478406,0.10290594137813469
507.5282392026578,0.10475908733199348
507.54817275747513,0.10652442891111627
507.56810631229234,0.10819947347621016
507.58803986710967,0.10978190199168873
507.60797342192694,0.11126956193016775
507.62790697674427,0.11266046137462675
507.6478405315615,0.11395276411667037
507.6677740863787,0.11514478558475533
507.687707641196,0.11623498946495395
507.7076411960133,0.11722198490073268
507.7275747508306,0.11810452417757122
507.74750830564784,0.11888150081451226
507.76744186046517,0.11955194799831427
507.7873754152824,0.12011503730710595
507.8073089700997,0.12057007768024251
507.827242524917,0.120916514599173
507.8471760797342,0.12115392945137987
507.8671096345515,0.12128203905579828
507.88704318936874,0.12130069533374493
507.90697674418607,0.12120988511457641
507.92691029900334,0.12100973007033311
507.94684385382067,0.12070048677811998
507.9667774086379,0.12028254691390591
507.9867109634552,0.1197564375860378
508.0066445182724,0.11912282182192732
508.0265780730897,0.11838249922665628
508.046511627907,0.11753640683843114
508.06644518272424,0.11658562021230741
508.08637873754157,0.11553135477147361
508.1063122923588,0.11437496747426433
508.12624584717616,0.11311795885548308
508.1461794019934,0.11176197551307407
508.1661129568107,0.11030881312600162
508.1860465116279,0.10876042010695156
508.20598006644514,0.10711890201501402
508.2259136212625,0.10538652687981265
508.24584717607974,0.10356573162033136
508.26578073089706,0.10165912978109799
508.2857142857143,0.09966952085660691
508.3056478405316,0.09759990153452869
508.3255813953489,0.09545347926203075
508.3455149501662,0.0932336886314578
508.3654485049834,0.09094421119538898
508.38538205980063,0.08858899946326809
508.40531561461796,0.0861723060084676
508.42524916943523,0.08369871883430761
508.44518272425256,0.08117320441992075
508.4651162790698,0.07860116020205962
508.4850498338871,0.07598847865819289
508.5049833887043,0.07334162564726174
508.5249169435217,0.0706677362396265
508.5448504983389,0.067974731913055
508.56478405315613,0.06527146366328536
508.58471760797346,0.06256788617342711
508.6046511627907,0.0598752684994854
508.62458471760806,0.057206446372132645
508.6445182724253,0.05457611950167741
508.6644518272426,0.05200119305196241
508.6843853820598,0.0495011539046275
508.70431893687714,0.04709845684406917
508.7242524916944,0.044818870092748736
508.74418604651163,0.042691690847968033
508.76411960132896,0.04074969002214291
508.7840531561462,0.03902859071698091
508.8039867109635,0.03756585377132341
508.82392026578077,0.03639858498711619
508.8438538205981,0.03556055097205732
508.8637873754153,0.035078614864983634
508.8837209302325,0.034969290937342135
508.90365448504986,0.035236346910576276
508.9235880398671,0.035870222206913556
508.94352159468446,0.03684946249949282
508.96345514950167,0.03814368743517106
508.983388704319,0.03971719721770519
509.0033222591362,0.04153235157460864
509.02325581395354,0.04355218552954723
509.0431893687708,0.04574210718817559
509.063122923588,0.04807078442552486
509.08305647840535,0.050510436779808036
509.10299003322257,0.05303675150395166
509.1229235880399,0.05562859660364453
509.14285714285717,0.05826764826755479
509.1627906976745,0.06093800360807358
509.1827242524917,0.06362581670890918
509.20265780730904,0.06631897508530504
509.22259136212625,0.06900682154091559
509.2425249169435,0.07167992000192004
509.26245847176085,0.0743298609532223
509.28239202657807,0.07694910108723965
509.3023255813954,0.07953083177497022
509.3222591362126,0.0820688714419791
509.34219269102994,0.08455757758076111
509.3621262458472,0.08699177480156228
509.38205980066454,0.08936669594349014
509.40199335548175,0.09167793380815752
509.42192691029896,0.09392140153410106
509.4418604651163,0.0960933000067945
509.46179401993356,0.09819009100652147
509.4817275747509,0.10020847504488317
509.5016611295681,0.10214537304131086
509.52159468438543,0.10399791115175963
509.54152823920265,0.10576340819124076
509.56146179402003,0.10743936519564681
509.58139534883725,0.1090234567520883
509.60132890365446,0.11051352379417802
509.6212624584718,0.111907567613368
509.641196013289,0.11320374488147589
509.6611295681064,0.11440036351561761
509.6810631229236,0.1154958792459994
509.70099667774093,0.11648889277117352
509.72093023255815,0.1173781474051512
509.7408637873755,0.118162527137305
509.76079734219275,0.11884105503957289
509.78073089700996,0.11941289196708864
509.8006644518273,0.1198773355081044
509.8205980066445,0.12023381914743214
509.84053156146183,0.12048191161479319
509.8604651162791,0.12062131639598261
509.88039867109643,0.12065187139033602
509.90033222591364,0.12057354870327557
509.92026578073086,0.12038645456761442
509.9401993355482,0.12009082939197603
509.96013289036546,0.1196870479393521
509.9800664451828,0.11917561964364706
510.0,0.11855718907692016
510.0199335548173,0.11783253658548912
510.03986710963454,0.11700257911883756
510.0598006644519,0.11606837128202477
510.07973421926914,0.11503110664963924
510.09966777408636,0.11389211938822938
510.1196013289037,0.11265288624427312
510.1395348837209,0.11131502896691378
510.1594684385383,0.10988031724911952
510.1794019933555,0.10835067228820495
510.1993355481728,0.1067281710877966
510.21926910299004,0.10501505164864423
510.23920265780737,0.10321371922690777
510.25913621262464,0.10132675387667366
510.27906976744185,0.09935691954040837
510.2990033222592,0.09730717500900846
510.3189368770764,0.09518068714483507
510.3388704318937,0.09298084685022921
510.358803986711,0.0907112883746865
510.3787375415283,0.0883759126917016
510.39867109634554,0.0859789158478552
510.41860465116287,0.08352482340001281
510.4385382059801,0.08101853232092869
510.45847176079735,0.07846536207949922
510.4784053156147,0.07587111699986454
510.4983388704319,0.07324216248247462
510.5182724252492,0.07058551823251209
510.53820598006644,0.06790897227566214
510.55813953488376,0.06522122020837544
510.57807308970104,0.06253203473596292
510.59800664451836,0.059852470905563844
510.6179401993356,0.05719511218146692
510.6378737541528,0.05457436099461943
510.6578073089701,0.052006773542079304
510.6777408637874,0.04951143069295881
510.6976744186047,0.047110322359008264
510.71760797342193,0.044828698414001694
510.73754152823926,0.04269530221782099
510.7574750830565,0.04074235286029107
510.7774086378738,0.03900508743523172
510.7973421926911,0.03752063925722735
510.8172757475083,0.03632605827247754
510.8372093023256,0.03545543465105273
510.85714285714283,0.03493639383019445
510.87707641196016,0.034786617896620235
510.89700996677743,0.03501130618173793
510.91694352159476,0.03560237727952129
510.936877076412,0.03653968607588478
510.9568106312293,0.0377938435894624
510.9767441860465,0.039329775587179296
510.9966777408638,0.04111013760349826
511.0166112956811,0.043098011459137206
511.03654485049833,0.04525869160364866
511.05647840531566,0.047560646259138736
511.0764119601329,0.04997586232335644
511.09634551495026,0.05247979444422926
511.1162790697675,0.055051095960239445
511.1362126245847,0.05767125420173955
511.156146179402,0.060324205109036876
511.17607973421923,0.06299596794005974
511.1960132890366,0.06567431890813245
511.2159468438538,0.06834850973452473
511.23588039867116,0.07100903022674997
511.25581395348837,0.07364741075691629
511.2757475083057,0.07625605934194851
511.29568106312297,0.07882812794386491
511.3156146179402,0.08135740304156691
511.3355481727575,0.08383821615929155
511.3554817275747,0.08626537070444808
511.37541528239205,0.08863408209055806
511.3953488372093,0.09093992866694893
511.41528239202665,0.093178811439152
511.43521594684387,0.09534692094635587
511.4551495016612,0.09744070997485382
511.4750830564784,0.09945687103955492
511.4950166112957,0.1013923177695603
511.514950166113,0.10324416949793999
511.5348837209302,0.10500973848745365
511.55481727574755,0.1066865193299262
511.57475083056477,0.10827218014198892
511.59468438538215,0.109764555248772
511.61461794019937,0.11116163910229605
511.6345514950167,0.1124615812265698
511.6544850498339,0.11366268201777029
511.6744186046511,0.11476338925779293
511.6943521594685,0.11576229522397682
511.7142857142857,0.11665813429787462
511.73421926910305,0.11744978099273355
511.75415282392026,0.11813624833317297
511.7740863787376,0.11871668653229667
511.79401993355486,0.11919038192132854
511.8139534883722,0.11955675609527164
511.8338870431894,0.11981536524549073
511.8538205980066,0.11996589965647153
511.87375415282395,0.12000818334981361
511.8936877076412,0.11994217386364185
511.91362126245855,0.11976796216074818
511.93355481727576,0.11948577266319987
511.9534883720931,0.11909596341601812
511.9734219269103,0.1185990263871266
511.99335548172763,0.11799558791573794
512.0132890365448,0.1172864093265613
512.0332225913621,0.11647238773310427
512.0531561461794,0.11555455705973314
512.0730897009967,0.11453408931954934
512.093023255814,0.11341229619376009
512.1129568106312,0.11219063096812014
512.1328903654486,0.11087069089389588
512.1528239202657,0.10945422005491295
512.1727574750831,0.10794311283908495
512.1926910299004,0.10633941813337998
512.2126245847176,0.1046453443858915
512.232558139535,0.10286326570904608
512.2524916943521,0.10099572923506527
512.2724252491695,0.09904546398045672
512.2923588039868,0.09701539153258684
512.312292358804,0.0949086389412425
512.3322259136213,0.09272855428436579
512.3521594684385,0.09047872548497525
512.3720930232558,0.08816300308972376
512.3920265780731,0.08578552788651053
512.4119601328904,0.08335076444538672
512.4318936877077,0.08086354192399033
512.4518272425249,0.07832910379545546
512.4717607973422,0.07575316854404428
512.4916943521596,0.0731420038405335
512.5116279069767,0.07050251725898775
512.531561461794,0.06784236722011545
512.5514950166113,0.06517009850814144
512.5714285714286,0.062495307322250566
512.5913621262459,0.05982884121324826
512.6112956810631,0.05718303908460555
512.6312292358805,0.054572015103036095
512.6511627906976,0.05201198684535713
512.671096345515,0.049521640672832525
512.6910299003323,0.047122513760678504
512.7109634551495,0.04483934929810343
512.7308970099668,0.042700346054101695
512.750830564784,0.0407371751286852
512.7707641196014,0.0389845820534931
512.7906976744187,0.0374793534431758
512.8106312292359,0.036258447776947735
512.8305647840532,0.03535622781286003
512.8504983388705,0.034801021912565414
512.8704318936877,0.03461162449487656
512.890365448505,0.034794628196268364
512.9102990033223,0.0353434177478366
512.9302325581396,0.036239168678156325
512.9501661129568,0.03745351108608365
512.9700996677741,0.03895202976692574
512.9900332225915,0.040697707016906844
513.0099667774086,0.042653695675315226
513.029900332226,0.04478519322059433
513.0498338870432,0.04706047847417105
513.0697674418604,0.04945131123477975
513.0897009966778,0.0519329159898654
513.109634551495,0.05448373199565608
513.1295681063124,0.05708505729363362
513.1495016611295,0.05972066573584653
513.1694352159469,0.0623764406630454
513.1893687707642,0.06504004588916053
513.2093023255815,0.0677006410330823
513.2292358803987,0.07034864087572322
513.2491694352159,0.07297551488841282
513.2691029900333,0.07557362173918647
513.2890365448505,0.07813607341091605
513.3089700996678,0.08065662395594383
513.3289036544851,0.08312957852783366
513.3488372093024,0.0855497189946554
513.3687707641196,0.08791224306368924
513.3887043189369,0.0902127143987335
513.4086378737542,0.09244702167940957
513.4285714285714,0.0946113449402516
513.4485049833887,0.09670212784498745
513.468438538206,0.09871605480914315
513.4883720930234,0.10065003209155975
513.5083056478405,0.10250117214265482
513.5282392026579,0.10426678063127401
513.5481727574751,0.1059443456798281
513.5681063122923,0.10753152892414342
513.5880398671097,0.10902615808429343
513.6079734219269,0.1104262207891863
513.6279069767443,0.11172985944340157
513.6478405315614,0.11293536696197595
513.6677740863788,0.11404118322919196
513.6877076411961,0.11504589216230446
513.7076411960134,0.11594821928160541
513.7275747508306,0.11674702970515884
513.7475083056478,0.11744132650073966
513.7674418604652,0.118030249339175
513.7873754152824,0.11851307340354052
513.8073089700997,0.11888920851694196
513.827242524917,0.11915819845922355
513.8471760797343,0.11931972044928667
513.8671096345515,0.11937358477555259
513.8870431893688,0.11931973456234483
513.9069767441861,0.11915824566485815
513.9269102990033,0.11888932669013383
513.9468438538206,0.11851331914599417
513.9667774086379,0.11803069772463756
513.9867109634552,0.11744207073245302
514.0066445182724,0.11674818068274143
514.0265780730898,0.11594990507386163
514.046511627907,0.11504825738152673
514.0664451827244,0.114044388301357
514.0863787375415,0.11293958728605874
514.1063122923588,0.11173528443141484
514.1262458471762,0.11043305277679236
514.1461794019933,0.10903461109969738
514.1661129568107,0.1075418273002114
514.1860465116279,0.10595672249136841
514.2059800664452,0.10428147593530919
514.2259136212625,0.1025184309949562
514.2458471760798,0.10067010230665001
514.2657807308971,0.09873918442391943
514.2857142857142,0.09672856223699146
514.3056478405316,0.09464132354069979
514.3255813953489,0.09248077420718283
514.3455149501661,0.09025045652441013
514.3654485049834,0.08795417139129644
514.3853820598007,0.08559600522211393
514.405315614618,0.08318036261378967
514.4252491694353,0.08071200607933528
514.4451827242525,0.0781961044583755
514.4651162790698,0.07563829199262505
514.485049833887,0.07304474050890669
514.5049833887043,0.07042224768961501
514.5249169435217,0.06777834502265954
514.5448504983389,0.0651214296785603
514.5647840531562,0.06246092518270481
514.5847176079734,0.059807476172420077
514.6046511627907,0.05717318243812835
514.6245847176081,0.05457187628245605
514.6445182724252,0.05201944402934539
514.6644518272426,0.049534185730271706
514.6843853820598,0.047137194439724514
514.7043189368771,0.04485271482866038
514.7242524916944,0.042708407258243195
514.7441860465117,0.04073539667096231
514.764119601329,0.03896793138017266
514.7840531561461,0.037442434843657446
514.8039867109635,0.03619574473581497
514.8239202657808,0.0352624554158061
514.843853820598,0.03467155177382826
514.8637873754153,0.03444289946741802
514.8837209302326,0.03458445995477337
514.9036544850499,0.03509108257021689
514.9235880398671,0.03594528299985039
514.9435215946844,0.03711974245572564
514.9634551495017,0.038580739074014166
514.9833887043189,0.04029161094463118
515.0033222591362,0.042215602354499775
515.0232558139535,0.04431782571154571
515.0431893687708,0.046566375619845723
515.0631229235881,0.048932785448419835
515.0830564784053,0.05139204756521615
515.1029900332227,0.053922383908475625
515.1229235880398,0.05650489957473253
515.1428571428571,0.05912320273770835
515.1627906976745,0.06176303753881295
515.1827242524917,0.06441195251276141
515.202657807309,0.06705901271149439
515.2225913621262,0.06969455581198092
515.2425249169436,0.07230998864977041
515.2624584717609,0.07489761910221222
515.2823920265781,0.07745051797788166
515.3023255813954,0.07996240591247133
515.3222591362126,0.08242756086834167
515.3421926910299,0.08484074249359813
515.3621262458472,0.08719713022412905
515.3820598006645,0.0894922725685307
515.4019933554817,0.09172204549016684
515.421926910299,0.09388261819472735
515.4418604651163,0.0959704249548013
515.4617940199337,0.09798214186492098
515.4817275747508,0.09991466763211401
515.5016611295681,0.10176510767700148
515.5215946843854,0.10353076095716576
515.5415282392026,0.10520910903433815
515.56146179402,0.10679780699524714
515.5813953488372,0.10829467590713283
515.6013289036546,0.1096976965464093
515.6212624584717,0.11100500418553619
515.6411960132891,0.11221488426100677
515.6611295681064,0.11332576877617108
515.6810631229235,0.11433623331800409
515.7009966777409,0.11524499458759198
515.7209302325581,0.11605090836148949
515.7408637873755,0.11675296781528043
515.7607973421927,0.11735030215273973
515.78073089701,0.11784217549411267
515.8006644518273,0.11822798598574127
515.8205980066444,0.11850726510061495
515.8405315614618,0.11867967710603408
515.8604651162791,0.11874501868041926
515.8803986710964,0.11870321866652883
515.9003322259136,0.11855433795324238
515.9202657807309,0.11829856948288704
515.9401993355482,0.11793623838551198
515.9601328903656,0.1174678022462548
515.9800664451827,0.11689385151679295
516.0,0.11621511008686794
516.0199335548173,0.1154324360376404
516.0398671096345,0.11454682260473366
516.0598006644519,0.1135593993860694
516.0797342192691,0.11247143383762861
516.0996677740865,0.11128433310997807
516.1196013289036,0.10999964628947378
516.139534883721,0.10861906712180393
516.1594684385383,0.10714443731112873
516.1794019933554,0.10557775050797942
516.1993355481728,0.10392115712230633
516.21926910299,0.10217697012675811
516.2392026578074,0.10034767205062724
516.2591362126246,0.09843592340775485
516.2790697674419,0.09644457285513905
516.2990033222592,0.09437666944464335
516.3189368770765,0.09223547741194171
516.3388704318937,0.09002449404812876
516.358803986711,0.08774747132564686
516.3787375415283,0.08540844210720563
516.3986710963455,0.08301175196153597
516.4186046511628,0.08056209785226777
516.4385382059801,0.07806457526532455
516.4584717607975,0.0755247357067179
516.4784053156146,0.07294865694598819
516.498338870432,0.07034302890509686
516.5182724252492,0.06771525869389
516.5382059800664,0.06507359894169008
516.5581395348838,0.06242730419985163
516.578073089701,0.05978682064038927
516.5980066445184,0.0571640142598096
516.6179401993355,0.05457244178872992
516.6378737541529,0.05202766560266063
516.6578073089702,0.04954760766267445
516.6777408637874,0.047152925683700435
516.6976744186047,0.044867374379074246
516.7176079734219,0.042718082616887504
516.7375415282393,0.04073563219679265
516.7574750830565,0.03895377025877224
516.7774086378738,0.037408542796981796
516.7973421926911,0.036136639621558504
516.8172757475083,0.035172847487677225
516.8372093023256,0.03454676191489364
516.8571428571429,0.03427927735375615
516.8770764119602,0.03437969649470296
516.8970099667774,0.03484432772218299
516.9169435215947,0.03565704261313828
516.936877076412,0.036791602824363605
516.9568106312292,0.03821501275402016
516.9767441860465,0.03989099498943131
516.9966777408639,0.041782906018582
517.0166112956811,0.04385578570787756
517.0365448504983,0.04607755034407495
517.0564784053156,0.04841950823558364
517.0764119601329,0.05085641831526794
517.0963455149503,0.05336628254576727
517.1162790697674,0.0559300099382447
517.1362126245848,0.058531039856943946
517.156146179402,0.06115497436978333
517.1760797342193,0.06378924421496329
517.1960132890366,0.06642281773452263
517.2159468438538,0.06904595370930694
517.2358803986712,0.07164999485655099
517.2558139534883,0.07422719704475077
517.2757475083057,0.0767705889109066
517.295681063123,0.0792738568592703
517.3156146179402,0.08173125099591641
517.3355481727575,0.0841375082063757
517.3554817275748,0.08648778921268423
517.375415282392,0.08877762700794742
517.3953488372093,0.09100288454657254
517.4152823920266,0.0931597199687109
517.4352159468439,0.09524455796569108
517.4551495016611,0.09725406616015803
517.4750830564784,0.09918513558957505
517.4950166112958,0.10103486455541194
517.514950166113,0.10280054523915906
517.5348837209303,0.10447965259844832
517.5548172757475,0.10606983514644619
517.5747508305648,0.10756890728995482
517.5946843853822,0.10897484296056066
517.6146179401993,0.11028577032020963
517.6345514950167,0.11149996736128293
517.6544850498339,0.11261585825260431
517.6744186046512,0.11363201030848079
517.6943521594685,0.11454713147913095
517.7142857142858,0.11536006827810126
517.734219269103,0.11606980407711173
517.7541528239202,0.1166754577107192
517.7740863787376,0.1171762823435322
517.7940199335549,0.11757166456140797
517.8139534883721,0.11786112365583375
517.8338870431894,0.11804431107683457
517.8538205980067,0.118121010036163
517.873754152824,0.11809113524735267
517.8936877076412,0.11795473279450616
517.9136212624585,0.11771198012608282
517.9335548172758,0.11736318617476454
517.953488372093,0.116908791608931
517.9734219269103,0.11634936922610496
517.9933554817276,0.11568562450379298
518.0132890365448,0.1149183963286482
518.0332225913622,0.11404865793103074
518.0531561461794,0.11307751805897842
518.0730897009967,0.11200622243368913
518.0930232558139,0.1108361555378337
518.1129568106312,0.10956884279913587
518.1328903654486,0.10820595324469645
518.1528239202657,0.10674930271723808
518.1727574750831,0.10520085776330686
518.1926910299003,0.1035627403265049
518.2126245847177,0.10183723340657387
518.232558139535,0.10002678787951233
518.2524916943521,0.09813403071575069
518.2724252491695,0.0961617748851281
518.2923588039866,0.09411303130148539
518.312292358804,0.09199102323887391
518.3322259136213,0.08979920374989032
518.3521594684386,0.0875412767391125
518.3720930232558,0.08522122249720906
518.3920265780731,0.08284332869074787
518.4119601328904,0.08041222803820464
518.4318936877077,0.07793294419340924
518.4518272425249,0.07541094771419418
518.4717607973422,0.07285222442593747
518.4916943521595,0.07026335900225038
518.5116279069767,0.0676516371746892
518.5315614617941,0.06502517062486751
518.5514950166113,0.06239304924038545
518.5714285714287,0.059765525891686724
518.5913621262458,0.05715423893868541
518.6112956810631,0.0545724768121086
518.6312292358805,0.05203548638474728
518.6511627906976,0.04956082106721101
518.671096345515,0.04716871352740244
518.6910299003322,0.0448824387800496
518.7109634551496,0.04272860296357101
518.7308970099668,0.040737249647010816
518.7508305647841,0.038941622570809825
518.7707641196014,0.03737737711971609
518.7906976744185,0.03608102814728279
518.8106312292359,0.03508751358164611
518.8305647840532,0.03442698898671022
518.8504983388705,0.03412132771029096
518.8704318936877,0.034181136767532
518.890365448505,0.034604168640040685
518.9102990033223,0.035375658988537846
518.9302325581397,0.03647047477743615
518.9501661129568,0.03785637829586236
518.9700996677741,0.03949750648905892
518.9900332225914,0.04135735139688275
519.0099667774086,0.04340089604156933
519.029900332226,0.04559588745871602
519.0498338870432,0.04791341313000822
519.0697674418606,0.050327999688753206
519.0897009966777,0.052817428494579044
519.1096345514951,0.05536241098315707
519.1295681063124,0.05794621590589517
519.1495016611295,0.06055430144624649
519.1694352159469,0.06317397887855808
519.1893687707641,0.0657941183721442
519.2093023255815,0.06840489856486402
519.2292358803987,0.07099759701191193
519.249169435216,0.07356441670897708
519.2691029900333,0.07609834341156534
519.2890365448504,0.07859302871181639
519.3089700996678,0.08104269438613686
519.3289036544851,0.08344205417254885
519.3488372093024,0.08578624976727885
519.3687707641196,0.08807079839616733
519.3887043189369,0.090291549802744
519.4086378737542,0.09244465090124782
519.4285714285716,0.09452651667634177
519.4485049833887,0.0965338061829052
519.468438538206,0.09846340271838011
519.4883720930233,0.10031239741653451
519.5083056478405,0.10207807565349043
519.5282392026579,0.10375790577061605
519.5481727574751,0.1053495297106347
519.5681063122925,0.10685075523704478
519.5880398671096,0.1082595494665582
519.607973421927,0.10957403349249836
519.6279069767443,0.11079247791627331
519.6478405315614,0.11191329913596598
519.6677740863788,0.11293505626726194
519.687707641196,0.1138564485933323
519.7076411960134,0.11467631345816845
519.7275747508306,0.11539362453246067
519.7475083056479,0.11600749039361517
519.7674418604652,0.1165171533717711
519.7873754152824,0.11692198862267734
519.8073089700997,0.11722150339570798
519.827242524917,0.11741533647224361
519.8471760797343,0.11750325775524295
519.8671096345515,0.1174851679963629
519.8870431893688,0.11736109865187673
519.9069767441861,0.11713121186327072
519.9269102990033,0.11679580056299389
519.9468438538206,0.11635528871045987
519.966777408638,0.11581023166801963
519.9867109634552,0.11516131673170606
520.0066445182724,0.11440936383692121
520.0265780730897,0.11355532646541075
520.046511627907,0.11260029278640914
520.0664451827244,0.11154548707307115
520.0863787375415,0.11039227144408569
520.1063122923589,0.10914214799133944
520.126245847176,0.10779676136723153
520.1461794019934,0.10635790192044603
520.1661129568107,0.10482750948755216
520.1860465116279,0.10320767797002671
520.2059800664452,0.10150066085351178
520.2259136212624,0.09970887785939397
520.2458471760798,0.09783492295956028
520.2657807308971,0.09588157403551946
520.2857142857143,0.09385180452521444
520.3056478405316,0.09174879747793596
520.3255813953489,0.08957596253326836
520.3455149501661,0.08733695645917199
520.3654485049834,0.0850357080322145
520.3853820598007,0.08267644822713281
520.405315614618,0.08026374691167895
520.4252491694352,0.07780255752501014
520.4451827242525,0.0752982715650834
520.4651162790699,0.0727567851308462
520.485049833887,0.07018458026593126
520.5049833887043,0.06758882442839649
520.5249169435216,0.06497749204473237
520.5448504983389,0.062359512735825816
520.5647840531562,0.059744951299979566
520.5847176079734,0.05714522465093848
520.6046511627908,0.05457336017781893
520.624584717608,0.05204429761940098
520.6445182724253,0.049575231218978305
520.6644518272426,0.04718597864035775
520.6843853820598,0.04489934511282551
520.7043189368771,0.04274142237891656
520.7242524916943,0.04074172020728035
520.7441860465117,0.0389329762176047
520.764119601329,0.037350441542954395
520.7840531561462,0.036030428415630054
520.8039867109635,0.035007983866316386
520.8239202657808,0.034313771537397786
520.843853820598,0.03397059177028002
520.8637873754153,0.033990316694551645
520.8837209302326,0.03437212610227904
520.9036544850499,0.035102627368576465
520.9235880398671,0.036157818669993125
520.9435215946844,0.037506254148519186
520.9634551495017,0.03911251789347892
520.9833887043189,0.04094026368092878
521.0033222591363,0.042954435698887176
521.0232558139535,0.04512262244262314
521.0431893687708,0.047415695820586794
521.063122923588,0.0498079518251032
521.0830564784053,0.052276950754261205
521.1029900332227,0.05480320491544237
521.1229235880398,0.05736981044227974
521.1428571428572,0.059962079546679585
521.1627906976744,0.0625672020635618
521.1827242524918,0.0651739482125254
521.202657807309,0.06777241493709359
521.2225913621262,0.07035381330006578
521.2425249169436,0.07291029229576385
521.2624584717607,0.07543479384672004
521.2823920265781,0.0779209339334395
521.3023255813954,0.08036290533182419
521.3222591362127,0.08275539806989388
521.3421926910299,0.08509353434644167
521.3621262458472,0.08737281522466482
521.3820598006645,0.08958907690613602
521.4019933554817,0.09173845480239023
521.421926910299,0.0938173539608308
521.4418604651163,0.09582242467759186
521.4617940199336,0.09775054235322206
521.4817275747508,0.09959879082669788
521.5016611295682,0.10136444856776951
521.5215946843854,0.10304497722366131
521.5415282392026,0.10463801210950005
521.5614617940199,0.10614135430697755
521.5813953488372,0.10755296409645682
521.6013289036546,0.10887095549679326
521.6212624584717,0.11009359172706376
521.6411960132891,0.11121928143679635
521.6611295681063,0.1122465755779489
521.6810631229237,0.11317416481368167
521.7009966777409,0.11400087737694811
521.7209302325581,0.11472567730702432
521.7408637873755,0.1153476630045053
521.7607973421926,0.11586606605583072
521.78073089701,0.11628025028753206
521.8006644518273,0.11658971101786107
521.8205980066446,0.11679407448039232
521.8405315614618,0.11689309739998723
521.8604651162791,0.11688666670695835
521.8803986710964,0.11677479938017386
521.9003322259136,0.1165576424145441
521.9202657807309,0.11623547291288684
521.9401993355482,0.11580869830665423
521.9601328903655,0.11527785671478784
521.9800664451827,0.11464361745475338
522.0000000000001,0.11390678172535257
522.0199335548173,0.11306828348664553
522.0398671096347,0.1121291905691624
522.0598006644518,0.11109070605220309
522.0797342192691,0.10995416995989962
522.0996677740865,0.10872106133442305
522.1196013289036,0.1073930007579212
522.139534883721,0.10597175340991621
522.1594684385382,0.10445923276472246
522.1794019933556,0.10285750505527269
522.1993355481728,0.1011687946561135
522.2192691029901,0.09939549057079233
522.2392026578074,0.09754015424850286
522.2591362126245,0.09560552900372132
522.2790697674419,0.09359455137309
522.2990033222592,0.09151036481853682
522.3189368770765,0.08935633627857589
522.3388704318937,0.08713607618533455
522.358803986711,0.0848534627085388
522.3787375415283,0.08251267116657886
522.3986710963457,0.08011820976689424
522.4186046511628,0.07767496311234502
522.4385382059801,0.0751882452478651
522.4584717607974,0.07266386443110043
522.4784053156146,0.0701082022996402
522.498338870432,0.06752831067386018
522.5182724252492,0.06493202985922565
522.5382059800666,0.062328132941753454
522.5581395348837,0.059726501086146445
522.5780730897011,0.057138335014571516
522.5980066445184,0.05457640723497638
522.6179401993355,0.052055357451710756
522.6378737541529,0.04959202869044517
522.6578073089701,0.047205832093884174
522.6777408637874,0.04491911142033688
522.6976744186047,0.04275745087474917
522.717607973422,0.04074982975718029
522.7375415282393,0.03892847646609655
522.7574750830564,0.037328224954549606
522.7774086378738,0.03598515925450315
522.7973421926911,0.03493439689459522
522.8172757475083,0.03420706210088773
522.8372093023256,0.0338268351109287
522.8571428571429,0.03380681843987409
522.8770764119602,0.034147606205379724
522.8970099667774,0.0348371882154085
522.9169435215947,0.035852722190153695
522.936877076412,0.03716358980988091
522.9568106312292,0.038734856009885174
522.9767441860465,0.040530362564717454
522.9966777408638,0.04251503218835885
523.0166112956811,0.0446563043807325
523.0365448504984,0.0469248392826933
523.0564784053156,0.04929470237072945
523.076411960133,0.0517432309396943
523.0963455149501,0.0542507352608577
523.1162790697674,0.056800135652414534
523.1362126245848,0.059376595243308135
523.156146179402,0.06196717958758642
523.1760797342193,0.06456055645356934
523.1960132890365,0.06714673893609852
523.2159468438539,0.0697168697748323
523.2358803986712,0.07226304241900126
523.2558139534884,0.07477815366184311
523.2757475083057,0.07725578278558287
523.2956810631229,0.07969009265491585
523.3156146179402,0.08207574882411543
523.3355481727575,0.08440785335325318
523.3554817275748,0.08668189060385816
523.375415282392,0.0888936827819647
523.3953488372093,0.0910393534146643
523.4152823920266,0.09311529729096615
523.435215946844,0.09511815567860443
523.4551495016611,0.09704479585556759
523.4750830564784,0.09889229417827491
523.4950166112957,0.10065792205521398
523.514950166113,0.10233913431330387
523.5348837209303,0.10393355953928032
523.5548172757475,0.10543899205474752
523.5747508305649,0.1068533852456425
523.594684385382,0.1081748460165256
523.6146179401994,0.10940163018092275
523.6345514950167,0.11053213863184212
523.6544850498339,0.11156491416367187
523.6744186046512,0.11249863883882069
523.6943521594684,0.11333213181081311
523.7142857142858,0.11406434753073748
523.734219269103,0.1146943742766145
523.7541528239203,0.11522143295598872
523.7740863787376,0.11564487614111572
523.7940199335549,0.11596418730383812
523.8139534883721,0.11617898022413278
523.8338870431894,0.11628899855227796
523.8538205980067,0.11629411550985944
523.873754152824,0.11619433371997313
523.8936877076412,0.11598978516157309
523.9136212624585,0.1156807312473823
523.9335548172758,0.11526756302950654
523.953488372093,0.11475080154121012
523.9734219269103,0.11413109828855864
523.9933554817276,0.1134092359105355
524.0132890365448,0.11258612903242829
524.0332225913621,0.11166282534355301
524.0531561461794,0.1106405069380793
524.0730897009968,0.10952049196643299
524.0930232558139,0.10830423665498128
524.1129568106313,0.10699333776393062
524.1328903654485,0.1055895355678694
524.1528239202657,0.10409471746094057
524.1727574750831,0.10251092230977993
524.1926910299003,0.10084034570315871
524.2126245847177,0.0990853462787222
524.2325581395348,0.09724845334581284
524.2524916943522,0.09533237607103273
524.2724252491695,0.09334001455173306
524.2923588039868,0.09127447317551278
524.312292358804,0.08913907675392553
524.3322259136212,0.08693739003098135
524.3521594684386,0.08467324130638733
524.3720930232558,0.08235075108750721
524.3920265780731,0.07997436689931602
524.4119601328904,0.07754890564882774
524.4318936877077,0.07507960526835776
524.4518272425249,0.07257218776095013
524.4717607973423,0.07003293624848216
524.4916943521595,0.06746878917755587
524.5116279069767,0.06488745545464153
524.531561461794,0.062297554910393106
524.5514950166113,0.05970878902553521
524.5714285714287,0.057132147069484274
524.5913621262458,0.0545801523071833
524.6112956810632,0.05206715101565529
524.6312292358804,0.049609642551704365
524.6511627906978,0.047226639807924006
524.671096345515,0.04494003350927483
524.6910299003322,0.04277490784181844
524.7109634551496,0.040759716418610197
524.7308970099667,0.038926177813939776
524.7508305647841,0.037308699582081405
524.7707641196014,0.03594311680174214
524.7906976744187,0.03486458430766005
524.8106312292359,0.03410464440986349
524.8305647840532,0.03368781350587981
524.8504983388705,0.03362839061366653
524.8704318936877,0.033928369465696384
524.890365448505,0.034577129499354146
524.9102990033223,0.035553012107161185
524.9302325581396,0.03682625820503432
524.9501661129568,0.03836244394862234
524.9700996677742,0.0401256227954832
524.9900332225914,0.04208071143930131
525.0099667774086,0.04419500857552208
525.0299003322259,0.0464389654704995
525.0498338870432,0.04878641664419805
525.0697674418606,0.05121447414648407
525.0897009966777,0.05370324320142777
525.1096345514951,0.05623546515067548
525.1295681063123,0.05879615105949917
525.1495016611296,0.061372239549680116
525.1694352159469,0.06395229366030744
525.1893687707641,0.0665262407221526
525.2093023255815,0.06908515356279857
525.2292358803986,0.07162106877921325
525.249169435216,0.07412683696525998
525.2691029900333,0.07659599983134577
525.2890365448505,0.07902268961888988
525.3089700996678,0.08140154682839715
525.3289036544851,0.083727652909182
525.3488372093024,0.08599647513733948
525.3687707641196,0.08820382141210413
525.3887043189369,0.09034580312461243
525.4086378737542,0.09241880460357207
525.4285714285714,0.0944194579278416
525.4485049833887,0.0963446221273586
525.4684385382061,0.09819136598014967
525.4883720930233,0.09995695376315189
525.5083056478406,0.10163883343490583
525.5282392026578,0.1032346268250689
525.5481727574751,0.10474212148380352
525.5681063122925,0.10615926390674847
525.5880398671096,0.10748415390238335
525.607973421927,0.10871503990985311
525.6279069767442,0.10985031510880465
525.6478405315615,0.11088851419044866
525.6677740863788,0.1118283106814691
525.6877076411961,0.11266851473115397
525.7076411960134,0.11340807128733292
525.7275747508305,0.1140460585998844
525.7475083056479,0.1145816870011086
525.7674418604652,0.11501429792172833
525.7873754152824,0.11534336310891258
525.8073089700997,0.11556848401977282
525.827242524917,0.11568939136967897
525.8471760797343,0.1157059448202298
525.8671096345515,0.11561813279668708
525.8870431893688,0.11542607242934402
525.9069767441861,0.11513000961780936
525.9269102990033,0.11473031922175529
525.9468438538206,0.11422750538613202
525.9667774086379,0.1136222020138328
525.9867109634552,0.11291517340384918
526.0066445182725,0.11210731507882171
526.0265780730897,0.11119965483218584
526.0465116279071,0.11019335403265836
526.0664451827242,0.10908970923228548
526.0863787375415,0.10789015413417474
526.1063122923589,0.10659626198825256
526.126245847176,0.10520974849719102
526.1461794019934,0.10373247533208635
526.1661129568106,0.1021664543777443
526.186046511628,0.1005138528529231
526.2059800664452,0.09877699948111836
526.2259136212624,0.09695839192536204
526.2458471760798,0.09506070574662265
526.265780730897,0.09308680520235882
526.2857142857143,0.09103975627269371
526.3056478405316,0.08892284238917002
526.3255813953489,0.0867395834500661
526.3455149501661,0.08449375884194679
526.3654485049834,0.08218943535568328
526.3853820598007,0.07983100109479926
526.405315614618,0.07742320673321008
526.4252491694352,0.07497121579860982
526.4451827242525,0.07248066604613505
526.4651162790698,0.06995774445247585
526.485049833887,0.06740927890380037
526.5049833887044,0.06484285025773112
526.5249169435216,0.062266929086149975
526.544850498339,0.05969104195142526
526.5647840531561,0.057125972332895895
526.5847176079734,0.054584000928267866
526.6046511627908,0.052079188346286116
526.624584717608,0.049627699080420605
526.6445182724253,0.047248157380280896
526.6644518272425,0.04496201073904116
526.6843853820599,0.042793852142632455
526.7043189368771,0.040771615380692336
526.7242524916944,0.03892650921821845
526.7441860465117,0.03729250537238709
526.7641196013288,0.035905167642237175
526.7840531561462,0.034799651445746045
526.8039867109635,0.034007868707156205
526.8239202657808,0.03355511986056743
526.843853820598,0.03345685663967278
526.8637873754153,0.033716448027083845
526.8837209302326,0.034324662893418026
526.9036544850499,0.035261046638831194
526.9235880398671,0.03649673105374561
526.9435215946844,0.03799783668677335
526.9634551495017,0.03972865674140642
526.9833887043189,0.04165412217605717
527.0033222591362,0.04374140362075302
527.0232558139535,0.045960750268613314
527.0431893687709,0.04828576841565058
527.063122923588,0.05069334510966785
527.0830564784054,0.05316337941706816
527.1029900332226,0.055678431973587024
527.1229235880398,0.05822335986794889
527.1428571428572,0.06078497292900395
527.1627906976744,0.06335172777096632
527.1827242524918,0.06591346447179344
527.2026578073089,0.06846118466884753
527.2225913621263,0.07098686702441155
527.2425249169436,0.07348331502388253
527.2624584717609,0.07594403204593575
527.2823920265781,0.07836311907527836
527.3023255813953,0.08073519103142018
527.3222591362127,0.08305530831448825
527.3421926910299,0.08531892075101515
527.3621262458472,0.08752182163149703
527.3820598006645,0.08966010996154156
527.4019933554817,0.09173015940426227
527.421926910299,0.0937285926820582
527.4418604651163,0.09565226044159587
527.4617940199336,0.09749822377538854
527.4817275747508,0.09926373974616635
527.5016611295681,0.10094624938304284
527.5215946843854,0.10254336771691296
527.5415282392028,0.10405287550208189
527.5614617940199,0.10547271233530071
527.5813953488373,0.1068009709348581
527.6013289036545,0.10803589238480223
527.6212624584717,0.10917586218322106
527.6411960132891,0.11021940696178428
527.6611295681063,0.11116519176629872
527.6810631229237,0.11201201780736246
527.7009966777408,0.11275882060545803
527.7209302325582,0.11340466846822014
527.7408637873755,0.11394876124839343
527.7607973421927,0.11439042934046054
527.78073089701,0.11472913288165769
527.8006644518272,0.11496446113038682
527.8205980066446,0.1150961320006428
527.8405315614618,0.11512399173702809
527.8604651162791,0.11504801471946721
527.8803986710964,0.11486830339178168
527.9003322259136,0.11458508831254417
527.9202657807309,0.11419872833130025
527.9401993355483,0.11370971089755208
527.9601328903655,0.11311865251496872
527.9800664451827,0.11242629935809069
528.0,0.11163352807479873
528.0199335548173,0.11074134680372943
528.0398671096347,0.10975089644346468
528.0598006644518,0.10866345221838368
528.0797342192692,0.10748042559602645
528.0996677740864,0.10620336662238845
528.1196013289037,0.10483396675546809
528.139534883721,0.10337406229387998
528.1594684385382,0.10182563851768775
528.1794019933556,0.10019083468282376
528.1993355481727,0.09847195004047787
528.2192691029901,0.09667145108921042
528.2392026578074,0.0947919803127213
528.2591362126246,0.09283636671141816
528.2790697674419,0.09080763850497513
528.2990033222592,0.08870903846783504
528.3189368770765,0.08654404246589446
528.3388704318937,0.08431638189395951
528.358803986711,0.0820300708777233
528.3787375415283,0.07968943930714854
528.3986710963455,0.07729917302055765
528.4186046511628,0.07486436276859397
528.4385382059802,0.07239056396581571
528.4584717607974,0.06988386969137868
528.4784053156146,0.06735099993223198
528.4983388704319,0.06479941065924666
528.5182724252492,0.06223742694998371
528.5382059800666,0.05967440492885954
528.5581395348837,0.057120927600080626
528.5780730897011,0.05458903935117488
528.5980066445183,0.052092522387037585
528.6179401993356,0.0496472145762686
528.6378737541529,0.0472713605123947
528.6578073089701,0.0449859736306375
528.6777408637874,0.04281516398511551
528.6976744186046,0.04078635106512805
528.717607973422,0.0389302338848551
528.7375415282393,0.037280339488748995
528.7574750830565,0.03587193931864085
528.7774086378738,0.03474015442988504
528.7973421926911,0.033917219811269175
528.8172757475083,0.033429169336324976
528.8372093023256,0.033292564422834146
528.8571428571429,0.03351212499798934
528.8770764119602,0.034080009020943436
528.8970099667774,0.034976986398313384
528.9169435215947,0.036175112092301356
528.936877076412,0.03764108517861874
528.9568106312292,0.03933946759551957
528.9767441860466,0.041235225485331796
528.9966777408638,0.043295414403528736
529.0166112956811,0.045490088180566
529.0365448504983,0.04779262728638191
529.0564784053156,0.05017969353472901
529.076411960133,0.05263097819120538
529.0963455149501,0.05512885892177459
529.1162790697675,0.05765803642190796
529.1362126245847,0.06020518940990513
529.1561461794021,0.06275866597489271
529.1760797342193,0.06530821710038565
529.1960132890365,0.06784477165040793
529.2159468438539,0.07036024900781383
529.235880398671,0.07284740441527385
529.2558139534884,0.07529970196665284
529.2757475083057,0.07771121059043243
529.295681063123,0.08007651895480031
529.3156146179402,0.08239066584857985
529.3355481727575,0.0846490831772498
529.3554817275748,0.08684754922707251
529.375415282392,0.08898215028659115
529.3953488372093,0.09104924907584204
529.4152823920266,0.09304545872932876
529.4352159468439,0.09496762131839312
529.4551495016611,0.09681279009190752
529.4750830564785,0.09857821476991108
529.4950166112957,0.10026132934947812
529.5149501661131,0.1018597419829902
529.5348837209302,0.10337122656967333
529.5548172757475,0.10479371576644608
529.5747508305649,0.10612529517718212
529.594684385382,0.10736419852183761
529.6146179401994,0.10850880362201869
529.6345514950166,0.10955762906795002
529.654485049834,0.11050933145491762
529.6744186046512,0.11136270309666259
529.6943521594684,0.11211667013906282
529.7142857142858,0.11277029101069741
529.7342192691029,0.11332275515795275
529.7541528239203,0.1137733820218578
529.7740863787376,0.11412162022198707
529.7940199335549,0.11436704691934929
529.8139534883721,0.11450936733695129
529.8338870431894,0.11454841442159863
529.8538205980067,0.11448414863592396
529.873754152824,0.1143166578741137
529.8936877076412,0.11404615749941582
529.9136212624585,0.11367299050588295
529.9335548172758,0.11319762781135527
529.953488372093,0.11262066869342953
529.9734219269103,0.11194284138509242
529.9933554817276,0.11116500385247174
530.013289036545,0.11028814478317424
530.0332225913621,0.10931338482075328
530.0531561461794,0.10824197808931804
530.0730897009967,0.10707531406149923
530.0930232558139,0.1058149198346503
530.1129568106313,0.10446246289345491
530.1328903654485,0.10301975445352007
530.1528239202659,0.10148875349997806
530.172757475083,0.09987157165900039
530.1926910299004,0.09817047906918684
530.2126245847177,0.09638791145527988
530.2325581395348,0.09452647865043218
530.2524916943522,0.09258897486724231
530.2724252491694,0.09057839108437012
530.2923588039868,0.08849792999856414
530.312292358804,0.08635102409453042
530.3322259136213,0.08414135751307296
530.3521594684386,0.08187289255720395
530.3720930232558,0.07954990187332639
530.3920265780731,0.07717700758967821
530.4119601328904,0.07475922899585477
530.4318936877077,0.07230204071544442
530.4518272425249,0.06981144376655597
530.4717607973422,0.06729405242530666
530.4916943521595,0.06475720039454594
530.5116279069769,0.06220907039929693
530.531561461794,0.05965885189662951
530.5514950166114,0.057116931928711354
530.5714285714286,0.05459512393759952
530.5913621262458,0.052106938019234675
530.6112956810632,0.049667892643089136
530.6312292358804,0.04729586074448382
530.6511627906978,0.045011430026182894
530.6710963455149,0.04283823535595645
530.6910299003323,0.040803187514143885
530.7109634551496,0.038936476816512494
530.7308970099668,0.03727117906207036
530.7508305647841,0.03584225600641883
530.7707641196013,0.03468476452481683
530.7906976744187,0.0338312220409155
530.8106312292359,0.03330835096057152
530.8305647840532,0.033133783719556276
530.8504983388705,0.03331356926438883
530.8704318936877,0.03384125472819387
530.890365448505,0.0346988540432076
530.9102990033223,0.03585937587906733
530.9302325581396,0.03729012987268349
530.9501661129568,0.03895597349052637
530.9700996677741,0.040821926824894106
530.9900332225914,0.04285494133664861
531.0099667774087,0.04502488041118002
531.0299003322259,0.04730489956053085
531.0498338870433,0.04967143387779566
531.0697674418604,0.05210396419037996
531.0897009966777,0.05458468216549407
531.1096345514951,0.057098129115195455
531.1295681063123,0.05963084991027951
531.1495016611296,0.06217108171554962
531.1694352159468,0.06470848437145398
531.1893687707642,0.06723391224760056
531.2093023255815,0.06973922401591562
531.2292358803987,0.07221712549255707
531.249169435216,0.07466104051080337
531.2691029900332,0.07706500513979547
531.2890365448505,0.07942358113567181
531.3089700996678,0.08173178513246315
531.3289036544851,0.08398503066751542
531.3488372093024,0.0861790806554161
531.3687707641196,0.08831000836611022
531.3887043189369,0.09037416532996181
531.4086378737543,0.09236815489296232
531.4285714285714,0.09428881038938827
531.4485049833887,0.09613317709586182
531.468438538206,0.0978984972894554
531.4883720930233,0.0995821978596224
531.5083056478406,0.10118188002624544
531.5282392026578,0.10269531079849094
531.5481727574752,0.1041204158756441
531.5681063122923,0.10545527374467342
531.5880398671097,0.10669811077300849
531.607973421927,0.10784729713029952
531.6279069767442,0.1089013434018514
531.6478405315615,0.1098588977801828
531.6677740863787,0.11071874374061957
531.6877076411961,0.11147979812304731
531.7076411960134,0.11214110955529409
531.7275747508306,0.1127018571651051
531.7475083056479,0.11316134953703723
531.7674418604652,0.11351902387883252
531.7873754152824,0.11377444536893633
531.8073089700997,0.11392730666290816
531.827242524917,0.11397742754212581
531.8471760797343,0.11392475469308878
531.8671096345515,0.11376936161045544
531.8870431893688,0.11351144862132088
531.9069767441861,0.11315134303276526
531.9269102990033,0.11268949940910554
531.9468438538206,0.11212649998999756
531.9667774086379,0.11146305526554653
531.9867109634552,0.11070000472994707
532.0066445182724,0.10983831784136824
532.0265780730897,0.10887909522278563
532.0465116279071,0.10782357014629834
532.0664451827242,0.10667311035309457
532.0863787375416,0.10542922027209312
532.1063122923588,0.10409354371360376
532.126245847176,0.10266786713015658
532.1461794019934,0.10115412355567767
532.1661129568106,0.09955439735751612
532.186046511628,0.09787092996389894
532.2059800664451,0.09610612676421366
532.2259136212625,0.09426256542188204
532.2458471760798,0.09234300589213701
532.2657807308971,0.09035040250185147
532.2857142857143,0.08828791852905465
532.3056478405315,0.08615894381959122
532.3255813953489,0.08396711610273976
532.3455149501661,0.08171634682207414
532.3654485049834,0.07941085248993207
532.3853820598007,0.07705519281187102
532.405315614618,0.07465431712073561
532.4252491694352,0.07221362101849652
532.4451827242526,0.06973901555585886
532.4651162790698,0.06723701178824795
532.485049833887,0.06471482412429547
532.5049833887043,0.06218049649699729
532.5249169435216,0.059643055961486495
532.544850498339,0.057112698696734875
532.5647840531561,0.05460101325809383
532.5847176079735,0.05212124475025356
532.6046511627907,0.04968860044359558
532.6245847176081,0.04732059076356799
532.6445182724253,0.04503738735517841
532.6644518272425,0.042862159206481364
532.6843853820599,0.040821315738826185
532.704318936877,0.038944541503015656
532.7242524916944,0.037264456290400455
532.7441860465117,0.035815696199258125
532.764119601329,0.03463322439616015
532.7840531561462,0.033749798554890804
532.8039867109635,0.033192780668926926
532.8239202657808,0.03298082897641279
532.843853820598,0.03312129137346108
532.8637873754153,0.03360909618346615
532.8837209302326,0.03442751457334969
532.9036544850499,0.035550535844843065
532.9235880398671,0.03694611128472785
532.9435215946844,0.038579421713107666
532.9634551495017,0.0404155620901309
532.983388704319,0.042421393331952106
533.0033222591362,0.044566595839869924
533.0232558139535,0.04682410332874382
533.0431893687708,0.049170124646459895
533.063122923588,0.051583929175073484
533.0830564784054,0.05404752088638252
533.1029900332226,0.05654527979822548
533.12292358804,0.0590636150679085
533.1428571428571,0.06159065123909777
533.1627906976744,0.06411595552756447
533.1827242524918,0.06663030654619004
533.2026578073089,0.06912550119668248
533.2225913621263,0.07159419498807586
533.2425249169435,0.07402977076502976
533.2624584717609,0.07642623113740869
533.2823920265781,0.07877811045587654
533.3023255813954,0.08108040279435914
533.3222591362127,0.08332850298960545
533.3421926910298,0.0855181583123314
533.3621262458472,0.08764542879182322
533.3820598006645,0.08970665458856318
533.4019933554817,0.091698429115089
533.421926910299,0.0936175768535376
533.4418604651163,0.09546113501883083
533.4617940199336,0.09722633837778019
533.481727574751,0.09891060666425856
533.5016611295681,0.10051153413479458
533.5215946843854,0.10202688089296758
533.5415282392026,0.10345456567861731
533.5614617940199,0.10479265987264426
533.5813953488373,0.10603938251241128
533.6013289036545,0.10719309614883543
533.6212624584718,0.10825230340570535
533.641196013289,0.10921564412580383
533.6611295681064,0.11008189300826028
533.6810631229237,0.11084995765794545
533.7009966777408,0.11151887698153407
533.7209302325582,0.11208781987601206
533.7408637873754,0.11255608416546085
533.7607973421927,0.11292309574984707
533.78073089701,0.11318840793698001
533.8006644518273,0.11335170093481481
533.8205980066446,0.11341278148700552
533.8405315614618,0.11337158263957627
533.8604651162791,0.11322816363129347
533.8803986710964,0.11298270990488407
533.9003322259136,0.11263553324056384
533.9202657807309,0.1121870720178007
533.9401993355482,0.11163789161591231
533.9601328903655,0.11098868496896895
533.9800664451828,0.11024027329585967
534.0,0.10939360703238786
534.0199335548174,0.10844976699907566
534.0398671096345,0.10740996584620027
534.0598006644518,0.10627554982677889
534.0797342192692,0.1050480009589915
534.0996677740864,0.10372893965247224
534.1196013289037,0.10232012788828324
534.1395348837209,0.1008234730610422
534.1594684385383,0.09924103261420394
534.1794019933556,0.09757501962707717
534.1993355481728,0.0958278095458197
534.2192691029901,0.09400194829199231
534.2392026578073,0.09210016203331266
534.2591362126246,0.09012536896430087
534.2790697674419,0.08808069352263709
534.2990033222592,0.08596948356413509
534.3189368770765,0.08379533114000261
534.3388704318937,0.0815620976700393
534.358803986711,0.07927394449213584
534.3787375415283,0.07693536999957759
534.3986710963455,0.0745512548629748
534.4186046511628,0.0721269171824647
534.4385382059801,0.06966817983692017
534.4584717607974,0.0671814527942624
534.4784053156147,0.06467383371415585
534.4983388704319,0.06215323078301329
534.5182724252493,0.0596285123004908
534.5382059800664,0.05710968793917012
534.5581395348837,0.05460812654165909
534.5780730897011,0.05213681429402419
534.5980066445183,0.049710654252829486
534.6179401993356,0.04734680210485072
534.6378737541528,0.04506502161165959
534.6578073089702,0.042888023654990885
534.6777408637874,0.040841722245437605
534.6976744186047,0.038955298084764466
534.717607973422,0.0372609098897578
534.7375415282391,0.03579285287595803
534.7574750830565,0.03458596898372536
534.7774086378738,0.033673217167849406
534.7973421926911,0.03308255408869379
534.8172757475083,0.032833622812577
534.8372093023256,0.03293504407499356
534.8571428571429,0.033383122860099756
534.8770764119602,0.03416240369886004
534.8970099667774,0.03524788579423089
534.9169435215947,0.03660819480905968
534.936877076412,0.03820886355211243
534.9568106312292,0.040015082756191624
534.9767441860465,0.041993635654887465
534.9966777408638,0.044114025988365425
535.0166112956812,0.04634896747017911
535.0365448504983,0.048674441762268095
535.0564784053157,0.05106950444174821
535.0764119601329,0.05351596886231116
535.0963455149501,0.055998050762302715
535.1162790697675,0.0585020207986514
535.1362126245847,0.06101588841880542
535.1561461794021,0.06352912608036237
535.1760797342192,0.06603243483389086
535.1960132890366,0.06851754829984939
535.2159468438539,0.07097707042398607
535.2358803986712,0.07340434202184351
535.2558139534884,0.07579333138359565
535.2757475083056,0.07813854474329546
535.295681063123,0.08043495302690937
535.3156146179402,0.08267793188459399
535.3355481727575,0.08486321254144889
535.3554817275748,0.08698684145428165
535.375415282392,0.08904514714022643
535.3953488372093,0.09103471285386991
535.4152823920267,0.09295235404211671
535.4352159468439,0.09479509971033298
535.4551495016611,0.0965601769974968
535.4750830564784,0.09824499839057385
535.4950166112957,0.09984715111437437
535.5149501661131,0.10136438831878894
535.5348837209302,0.10279462175424063
535.5548172757476,0.10413591568185412
535.5747508305648,0.10538648181004079
535.594684385382,0.10654467508572021
535.6146179401994,0.10760899019851837
535.6345514950166,0.1085780586806206
535.654485049834,0.10945064650517389
535.6744186046511,0.1102256521028873
535.6943521594685,0.11090210473017272
535.7142857142858,0.1114791631339448
535.734219269103,0.11195611446794067
535.7541528239203,0.11233237342376615
535.7740863787375,0.11260748154711889
535.7940199335549,0.1127811067158928
535.8139534883721,0.11285304276257724
535.8338870431894,0.11282320922826872
535.8538205980067,0.11269165124055558
535.873754152824,0.11245853951176107
535.8936877076412,0.11212417045869187
535.9136212624585,0.11168896644923346
535.9335548172758,0.11115347618579259
535.953488372093,0.11051837524050476
535.9734219269103,0.10978446676231278
535.9933554817276,0.10895268238199823
536.0132890365448,0.10802408334785799
536.0332225913621,0.10699986193251873
536.0531561461795,0.10588134316021319
536.0730897009967,0.1046699869145549
536.093023255814,0.1033673904993311
536.1129568106312,0.10197529173983255
536.1328903654485,0.10049557273064104
536.1528239202659,0.09893026435742544
536.172757475083,0.09728155174741983
536.1926910299004,0.09555178083589556
536.2126245847176,0.09374346627611796
536.232558139535,0.09185930097013813
536.2524916943522,0.08990216755868406
536.2724252491695,0.0878751522848208
536.2923588039868,0.08578156173999563
536.3122923588039,0.08362494311855444
536.3322259136213,0.08140910875250362
536.3521594684386,0.07913816587972307
536.3720930232558,0.07681655282333516
536.3920265780731,0.07444908303745057
536.4119601328904,0.07204099881391589
536.4318936877077,0.06959803685536334
536.451827242525,0.06712650840571081
536.4717607973422,0.0646333971863549
536.4916943521595,0.06212647898842994
536.5116279069767,0.05961446735506955
536.531561461794,0.057107190215126315
536.5514950166114,0.05461580233913292
536.5714285714286,0.052153037603027724
536.5913621262459,0.04973350244838934
536.6112956810631,0.04737400629475991
536.6312292358804,0.04509391398901125
536.6511627906978,0.042915486971028705
536.6710963455149,0.04086415076487823
536.6910299003323,0.03896858515280713
536.7109634551495,0.03726048364067744
536.7308970099668,0.035773785932944294
536.7508305647841,0.03454318506291149
536.7707641196014,0.033601800803073345
536.7906976744187,0.032978136226407294
536.8106312292358,0.0326927730142549
536.8305647840532,0.03275557218842997
536.8504983388705,0.03316420459427465
536.8704318936877,0.03390449960414114
536.890365448505,0.034952493369494735
536.9102990033223,0.036277518783408645
536.9302325581396,0.03784549106000677
536.9501661129569,0.03962172020356907
536.9700996677741,0.041572927372156
536.9900332225914,0.04366844847723842
537.0099667774086,0.04588078114089104
537.0299003322259,0.04818568059535637
537.0498338870433,0.05056198757731958
537.0697674418604,0.05299132291661261
537.0897009966778,0.05545773586159293
537.109634551495,0.05794735637035888
537.1295681063124,0.06044807676595981
537.1495016611296,0.062949272954249
537.1694352159468,0.06544156687703631
537.1893687707642,0.06791662756063142
537.2093023255813,0.0703670062832227
537.2292358803987,0.07278600090744362
537.249169435216,0.07516754463320952
537.2691029900333,0.07750611493601384
537.2890365448505,0.07979665905938893
537.3089700996678,0.08203453302197972
537.3289036544851,0.0842154516330608
537.3488372093024,0.08633544746927674
537.3687707641196,0.08839083714928823
537.3887043189369,0.09037819355901486
537.4086378737542,0.09229432293723924
537.4285714285714,0.09413624593927802
537.4485049833888,0.09590118196387143
537.468438538206,0.09758653616313269
537.4883720930234,0.09918988866375095
537.5083056478405,0.1007089856146878
537.5282392026578,0.10214173174686701
537.5481727574752,0.10348618418716797
537.5681063122923,0.10474054731476326
537.5880398671097,0.10590316848543568
537.6079734219269,0.10697253447968405
537.6279069767443,0.1079472685555697
537.6478405315615,0.10882612800759008
537.6677740863788,0.10960800214985023
537.6877076411961,0.11029191065597
537.7076411960132,0.11087700219975465
537.7275747508306,0.11136255335082601
537.7475083056479,0.11174796768766267
537.7674418604652,0.11203277509796081
537.7873754152824,0.11221663124245977
537.8073089700997,0.11229931716408513
537.827242524917,0.11228073902937996
537.8471760797343,0.11216092799386647
537.8671096345515,0.11194004018752447
537.8870431893688,0.11161835682087545
537.9069767441861,0.11119628441666608
537.9269102990033,0.1106743551764991
537.9468438538206,0.11005322749674444
537.9667774086379,0.10933368665315617
537.9867109634553,0.10851664567942017
538.0066445182724,0.10760314647154277
538.0265780730897,0.10659436115731274
538.046511627907,0.10549159377904205
538.0664451827242,0.10429628234804922
538.0863787375416,0.10301000134152416
538.1063122923588,0.10163446472729075
538.1262458471762,0.1001715296195397
538.1461794019933,0.0986232006900716
538.1661129568107,0.09699163548566621
538.186046511628,0.0952791508342368
538.2059800664451,0.09348823056132008
538.2259136212625,0.09162153478699873
538.2458471760797,0.08968191113269773
538.2657807308971,0.08767240824129806
538.2857142857143,0.08559629210554673
538.3056478405316,0.08345706581367208
538.3255813953489,0.08125849346278223
538.3455149501661,0.07900462916672829
538.3654485049834,0.07669985230335791
538.3853820598007,0.07434891041586912
538.405315614618,0.07195697151327313
538.4252491694352,0.0695296879150395
538.4451827242525,0.06707327425998483
538.4651162790698,0.06459460284568772
538.4850498338872,0.06210132006028024
538.5049833887043,0.0596019882540402
538.5249169435217,0.05710625784835233
538.5448504983389,0.05462507454903682
538.5647840531561,0.052170925775336205
538.5847176079735,0.04975812806625982
538.6046511627907,0.047403152029147404
538.6245847176081,0.04512497144202394
538.6445182724252,0.04294540579773382
538.6644518272426,0.04088939795335659
538.6843853820599,0.038985128836549504
538.7043189368771,0.037263822208615065
538.7242524916944,0.03575904793270557
538.7441860465116,0.0345053235749706
538.764119601329,0.03353589111625311
538.7840531561462,0.0328797540385388
538.8039867109635,0.03255838863728567
538.8239202657808,0.0325828655828381
538.843853820598,0.032952212472421985
538.8637873754153,0.033653556711958285
538.8837209302326,0.03466400030423995
538.9036544850499,0.035953618064219345
538.9235880398671,0.037488739543147256
538.9435215946844,0.039234818472822654
538.9634551495017,0.04115852988321433
538.9833887043189,0.04322905050474532
539.0033222591362,0.04541866522936889
539.0232558139536,0.047702902864970025
539.0431893687708,0.050060387445931415
539.063122923588,0.05247254455487586
539.0830564784053,0.05492325397924431
539.1029900332226,0.057398502099138736
539.12292358804,0.05988606149040413
539.1428571428571,0.06237520920213793
539.1627906976745,0.0648564860852946
539.1827242524917,0.06732149489007745
539.202657807309,0.0697627328110319
539.2225913621263,0.07217345357083668
539.2425249169435,0.07454755428611691
539.2624584717609,0.07687948284363279
539.282392026578,0.07916416211026696
539.3023255813954,0.08139692789227672
539.3222591362127,0.08357347809683092
539.3421926910299,0.08568983101325024
539.3621262458472,0.08774229102100949
539.3820598006645,0.08972742035272072
539.4019933554817,0.09164201580203875
539.421926910299,0.09348308947794458
539.4418604651163,0.09524785287767017
539.4617940199336,0.09693370368762237
539.4817275747508,0.09853821483210362
539.5016611295681,0.10005912537831559
539.5215946843855,0.10149433297771754
539.5415282392026,0.10284188758163114
539.56146179402,0.10409998621562297
539.5813953488372,0.10526696863534084
539.6013289036545,0.10634131371735443
539.6212624584718,0.10732163646390622
539.641196013289,0.10820668552136958
539.6611295681064,0.10899534112934257
539.6810631229235,0.10968661343161404
539.7009966777409,0.11027964109226474
539.7209302325582,0.1107736901701631
539.7408637873755,0.11116815321367762
539.7607973421927,0.11146254854492879
539.7807308970099,0.11165651970907817
539.8006644518273,0.11174983507015933
539.8205980066446,0.1117423875397864
539.8405315614618,0.11163419443004455
539.8604651162791,0.1114253974261892
539.8803986710964,0.11111626267925132
539.9003322259136,0.11070718102297601
539.920265780731,0.11019866832391363
539.9401993355482,0.10959136597843154
539.9601328903655,0.10888604157529436
539.9800664451827,0.10808358974841777
540.0,0.10718503325063852
540.0199335548174,0.10619152428678277
540.0398671096345,0.10510434615302079
540.0598006644519,0.1039249152393513
540.0797342192691,0.10265478346429499
540.0996677740864,0.10129564122505384
540.1196013289037,0.09984932096365716
540.1395348837209,0.09831780147061953
540.1594684385383,0.09670321307283798
540.1794019933554,0.09500784388378956
540.1993355481728,0.09323414733193702
540.2192691029901,0.09138475123035052
540.2392026578074,0.08946246870840774
540.2591362126246,0.08747031139822349
540.2790697674418,0.08541150535756689
540.2990033222592,0.08328951032150927
540.3189368770765,0.08110804301295606
540.3388704318937,0.07887110541303598
540.358803986711,0.07658301910465425
540.3787375415283,0.0742484670646135
540.3986710963455,0.07187254460135271
540.4186046511629,0.06946082152504439
540.4385382059801,0.0670194181010139
540.4584717607974,0.06455509787292464
540.4784053156146,0.06207538103068334
540.4983388704319,0.059588682584603946
540.5182724252493,0.0571044800770922
540.5382059800664,0.05463351568739
540.5581395348838,0.052188036948559835
540.578073089701,0.04978207817612942
540.5980066445184,0.04743177991929713
540.6179401993356,0.045155734468063834
540.6378737541528,0.04297532915542336
540.6578073089702,0.040915032964873525
540.6777408637873,0.03900253377697192
540.6976744186047,0.037268585558536106
540.717607973422,0.035746378960319035
540.7375415282393,0.034470234308446944
540.7574750830565,0.03347348070457613
540.7774086378738,0.03278557692594221
540.7973421926911,0.03242884701861312
540.8172757475083,0.03241553386050034
540.8372093023256,0.032746003049316595
540.8571428571429,0.033408682748235226
540.8770764119602,0.03438176042724433
540.8970099667774,0.035636080636538336
540.9169435215947,0.03713841499150989
540.936877076412,0.03885438348120029
540.9568106312294,0.040750630664541265
540.9767441860465,0.042796183473366375
540.9966777408638,0.044963118723491194
541.0166112956811,0.047226740339275555
541.0365448504983,0.04956545537480581
541.0564784053157,0.05196049296401204
541.0764119601329,0.05439556186614362
541.0963455149503,0.0568565032663921
541.1162790697674,0.05933096848750489
541.1362126245848,0.061808134394989875
541.1561461794021,0.06427845961797106
541.1760797342192,0.06673347968631062
541.1960132890366,0.06916563693305715
541.2159468438538,0.07156814030570542
541.2358803986712,0.07393485032185386
541.2558139534884,0.0762601848626488
541.2757475083057,0.07853904208250709
541.295681063123,0.08076673730593567
541.3156146179401,0.0829389513229976
541.3355481727575,0.08505168796534739
541.3554817275748,0.08710123923983311
541.375415282392,0.08908415662302711
541.3953488372093,0.0909972273864457
541.4152823920266,0.09283745503755308
541.4352159468439,0.09460204313560627
541.4551495016613,0.09628838188108889
541.4750830564784,0.09789403698996106
541.4950166112957,0.0994167404544386
541.514950166113,0.10085438286475905
541.5348837209302,0.10220500702541865
541.5548172757476,0.1034668026467946
541.5747508305648,0.10463810193190014
541.5946843853822,0.1057173759094358
541.6146179401993,0.10670323139009409
541.6345514950167,0.10759440844424951
541.654485049834,0.10838977831674339
541.6744186046511,0.10908834170875353
541.6943521594685,0.10968922736917915
541.7142857142857,0.11019169094790415
541.734219269103,0.1105951140721659
541.7541528239203,0.11089900361462622
541.7740863787376,0.11110299112823324
541.7940199335549,0.11120683242870225
541.8139534883721,0.1112104073106876
541.8338870431894,0.11111371938825969
541.8538205980067,0.11091689605506996
541.873754152824,0.11062018856365115
541.8936877076412,0.11022397222790896
541.9136212624585,0.1097287467570499
541.9335548172758,0.10913513673405159
541.953488372093,0.10844389225679224
541.9734219269103,0.10765588976557393
541.9933554817277,0.10677213308700671
542.0132890365448,0.1057937547316165
542.0332225913621,0.10472201749080037
542.0531561461794,0.10355831638865137
542.0730897009967,0.1023041810559737
542.093023255814,0.10096127860765299
542.1129568106312,0.09953141712146303
542.1328903654486,0.09801654983673687
542.1528239202657,0.09641878021602951
542.1727574750831,0.09474036804323953
542.1926910299004,0.09298373676859469
542.2126245847176,0.09115148235673153
542.232558139535,0.0892463839502134
542.2524916943521,0.08727141673082481
542.2724252491695,0.08522976744736536
542.2923588039868,0.0831248531861897
542.312292358804,0.08096034409455481
542.3322259136213,0.07874019093296873
542.3521594684386,0.07646865853889838
542.3720930232558,0.07415036653920876
542.3920265780731,0.07179033896138848
542.4119601328904,0.06939406477372538
542.4318936877077,0.06696757183741744
542.4518272425249,0.06451751727907305
542.4717607973422,0.062051297872217796
542.4916943521596,0.05957718460338962
542.5116279069767,0.057104486084637994
542.531561461794,0.054643745648450114
542.5514950166113,0.05220697643479952
542.5714285714286,0.049807936874322625
542.5913621262459,0.047462444566850774
542.6112956810631,0.04518871791605518
542.6312292358805,0.04300771957075705
542.6511627906976,0.04094345084866678
542.671096345515,0.039023109677703706
542.6910299003323,0.03727697760217864
542.7109634551495,0.03573785462285273
542.7308970099668,0.03443984093582899
542.750830564784,0.03341631789274371
542.7707641196014,0.03269715620916964
542.7906976744187,0.03230548409227189
542.8106312292359,0.03225468378636593
542.8305647840532,0.0325464457795638
542.8504983388705,0.03317050799308613
542.8704318936877,0.034106169295106355
542.890365448505,0.035325077415778214
542.9102990033223,0.03679447809534862
542.9302325581396,0.038480182850829846
542.9501661129568,0.04034882263696762
542.9700996677741,0.042369283949891035
542.9900332225915,0.0445134393194768
543.0099667774086,0.04675636797366189
543.029900332226,0.04907625813617928
543.0498338870432,0.05145413968314682
543.0697674418604,0.053873547243988976
543.0897009966778,0.05632017378742957
543.109634551495,0.05878154662443788
543.1295681063124,0.061246740011091344
543.1495016611295,0.06370612826952424
543.1694352159469,0.06615117794165694
543.1893687707642,0.06857427501297231
543.2093023255815,0.07096858241207338
543.2292358803987,0.07332792301897903
543.2491694352159,0.0756466838423323
543.2691029900333,0.07791973760041646
543.2890365448505,0.08014237853124007
543.3089700996678,0.08231026980206167
543.3289036544851,0.0844194003637501
543.3488372093024,0.08646604949649134
543.3687707641196,0.08844675762490366
543.388704318937,0.09035830225165511
543.4086378737542,0.09219767807784902
543.4285714285714,0.09396208055584998
543.4485049833887,0.09564889226231638
543.468438538206,0.09725567159402254
543.4883720930234,0.0987801433810736
543.5083056478405,0.10022019108639137
543.5282392026579,0.1015738503203396
543.5481727574751,0.10283930344772434
543.5681063122923,0.10401487510390375
543.5880398671097,0.10509902846876913
543.6079734219269,0.10609036217347736
543.6279069767443,0.106987607736586
543.6478405315614,0.10778962744361001
543.6677740863788,0.10849541259930816
543.6877076411961,0.10910408209370968
543.7076411960134,0.10961488123380661
543.7275747508306,0.11002718080113964
543.7475083056478,0.11034047630345696
543.7674418604652,0.110554387394893
543.7873754152824,0.11066865744499883
543.8073089700997,0.11068315324218066
543.827242524917,0.11059786482182579
543.8471760797343,0.11041290541384198
543.8671096345515,0.11012851150883896
543.8870431893688,0.10974504304624248
543.9069767441861,0.10926298373228925
543.9269102990033,0.1086829415002896
543.9468438538206,0.10800564913067899
543.9667774086379,0.10723196505377647
543.9867109634552,0.10636287436448624
544.0066445182724,0.10539949008516784
544.0265780730898,0.10434305472115935
544.046511627907,0.10319494216312736
544.0664451827244,0.10195666000180219
544.0863787375415,0.1006298523342854
544.1063122923588,0.09921630315760976
544.1262458471762,0.09771794046497508
544.1461794019933,0.09613684118425922
544.1661129568107,0.09447523712779213
544.1860465116279,0.09273552215856609
544.2059800664452,0.09092026082227879
544.2259136212625,0.08903219874958702
544.2458471760798,0.08707427520063385
544.2657807308971,0.08504963820804295
544.2857142857142,0.08296166287906738
544.3056478405316,0.08081397354749519
544.3255813953489,0.07861047062732711
544.3455149501661,0.07635536322076704
544.3654485049834,0.07405320878067034
544.3853820598007,0.0717089614322001
544.405315614618,0.06932803092839561
544.4252491694353,0.06691635465681535
544.4451827242525,0.06448048562896981
544.4651162790698,0.06202769995659496
544.485049833887,0.05956612790439548
544.5049833887043,0.05710491310972375
544.5249169435217,0.05465440477898158
544.5448504983389,0.05222638724561916
544.5647840531562,0.049834349568350256
544.5847176079734,0.047493793802859285
544.6046511627908,0.045222572545535696
544.6245847176081,0.043041231974744944
544.6445182724252,0.04097331304797768
544.6644518272426,0.039045528397068714
544.6843853820598,0.03728768661186901
544.7043189368771,0.035732188193516715
544.7242524916944,0.03441289313309619
544.7441860465117,0.03336320262669654
544.764119601329,0.032613357244458366
544.7840531561461,0.032187245034345016
544.8039867109635,0.03209935173116519
544.8239202657808,0.03235267480648988
544.843853820598,0.03293826558899007
544.8637873754153,0.03383655562453712
544.8837209302326,0.03502002604922429
544.9036544850499,0.03645642708181259
544.9235880398671,0.03811178650896883
544.9435215946844,0.03995273876012952
544.9634551495017,0.04194803985519692
544.9833887043189,0.044069362579618326
545.0033222591362,0.04629156243130796
545.0232558139535,0.04859260769923622
545.0431893687708,0.05095332687826888
545.0631229235881,0.053357077983917894
545.0830564784053,0.0557894032962413
545.1029900332227,0.05823770384088089
545.1229235880398,0.06069094926508946
545.1428571428571,0.06313942787260692
545.1627906976745,0.06557453577689211
545.1827242524917,0.06798860141580573
545.202657807309,0.07037474070556396
545.2225913621262,0.07272673806897681
545.2425249169436,0.07503894896736794
545.2624584717609,0.07730622012772331
545.2823920265781,0.07952382424520726
545.3023255813954,0.08168740648940959
545.3222591362126,0.08379294062299013
545.3421926910299,0.08583669294806977
545.3621262458472,0.08781519263271946
545.3820598006645,0.08972520724545106
545.4019933554817,0.09156372254907783
545.421926910299,0.09332792578558424
545.4418604651163,0.0950151918288846
545.4617940199337,0.09662307169902087
545.4817275747508,0.09814928302523927
545.5016611295681,0.09959170212111663
545.5215946843854,0.10094835739583236
545.5415282392026,0.10221742387516528
545.56146179402,0.1033972186458456
545.5813953488372,0.10448619706948523
545.6013289036546,0.10548294963904652
545.6212624584717,0.10638619937266373
545.6411960132891,0.10719479965766303
545.6611295681064,0.10790773247266415
545.6810631229235,0.10852410692808216
545.7009966777409,0.10904315807586247
545.7209302325581,0.10946424594820812
545.7408637873755,0.10978685479265403
545.7607973421927,0.11001059247746645
545.78073089701,0.1101351900472467
545.8006644518273,0.11016050141365104
545.8205980066446,0.11008650317124427
545.8405315614618,0.10991329453259815
545.8604651162791,0.10964109738149186
545.8803986710964,0.10927025644699762
545.9003322259136,0.10880123960584037
545.9202657807309,0.10823463832492515
545.9401993355482,0.10757116826080837
545.9601328903656,0.10681167003841258
545.9800664451827,0.10595711023729225
546.0,0.10500858262071278
546.0199335548173,0.10396730965094395
546.0398671096345,0.10283464434347372
546.0598006644519,0.10161207252409983
546.0797342192691,0.10030121556622201
546.0996677740865,0.09890383370148599
546.1196013289036,0.09742183001647547
546.139534883721,0.09585725527149534
546.1594684385383,0.09421231370621375
546.1794019933554,0.09248937003207025
546.1993355481728,0.09069095785446499
546.21926910299,0.08881978982113233
546.2392026578074,0.08687876985895733
546.2591362126246,0.08487100794326209
546.2790697674419,0.08279983794509993
546.2990033222592,0.08066883922833128
546.3189368770765,0.07848186282512351
546.3388704318937,0.07624306321332261
546.358803986711,0.07395693695998297
546.3787375415283,0.07162836979148002
546.3986710963455,0.06926269401126756
546.4186046511628,0.06686575861801165
546.4385382059801,0.06444401498092342
546.4584717607975,0.06200462149278844
546.4784053156146,0.059555571204701396
546.498338870432,0.05710584695932389
546.5182724252492,0.05466560879933907
546.5382059800664,0.052246418095726034
546.5581395348838,0.0498615013190894
546.578073089701,0.04752605266751104
546.5980066445184,0.04525756729832591
546.6179401993355,0.04307618342828628
546.6378737541529,0.041004989259855455
546.6578073089702,0.0390702170825435
546.6777408637874,0.037301202265924704
546.6976744186047,0.03572993711154592
546.7176079734219,0.03439002117240395
546.7375415282393,0.03331484228966772
546.7574750830565,0.03253496697303903
546.7774086378738,0.03207499567135839
546.7973421926911,0.03195047754412184
546.8172757475083,0.032165694709540484
546.8372093023256,0.032713012036756695
546.8571428571429,0.0335740133062833
546.8770764119602,0.03472204353354613
546.8970099667774,0.036125389509633794
546.9169435215947,0.037750322517703966
546.936877076412,0.03956350011933878
546.9568106312292,0.04153356009407113
546.9767441860465,0.04363198184280455
546.9966777408639,0.04583339945744438
547.0166112956811,0.04811556115315486
547.0365448504983,0.05045909258070991
547.0564784053156,0.052847173093973306
547.0764119601329,0.055265192089362696
547.0963455149503,0.05770042220068083
547.1162790697674,0.060141726559039065
547.1362126245848,0.06257930578033119
547.156146179402,0.06500448411798945
547.1760797342193,0.06740953124997524
547.1960132890366,0.06978751506117654
547.2159468438538,0.07213218066435763
547.2358803986712,0.07443785126125389
547.2558139534883,0.07669934699318814
547.2757475083057,0.07891191851667276
547.295681063123,0.08107119259010173
547.3156146179402,0.08317312744320393
547.3355481727575,0.08521397611305409
547.3554817275748,0.08719025627286461
547.375415282392,0.08909872535999926
547.3953488372093,0.09093636003719789
547.4152823920266,0.09270033920464238
547.4352159468439,0.09438802992838542
547.4551495016611,0.09599697576961283
547.4750830564784,0.09752488709494021
547.4950166112958,0.09896963302486361
547.514950166113,0.10032923473992413
547.5348837209303,0.10160185991415979
547.5548172757475,0.10278581808640279
547.5747508305648,0.10387955681316004
547.5946843853822,0.10488165847393055
547.6146179401993,0.10579083762199672
547.6345514950167,0.10660593879226844
547.6544850498339,0.1073259346927444
547.6744186046512,0.10794992471903511
547.6943521594685,0.10847713374184152
547.7142857142858,0.10890691112653152
547.734219269103,0.1092387299513895
547.7541528239202,0.10947218639817186
547.7740863787376,0.10960699929405784
547.7940199335549,0.10964300978973104
547.8139534883721,0.10958018116283279
547.8338870431894,0.10941859874079833
547.8538205980067,0.10915846994110137
547.873754152824,0.10880012443151295
547.8936877076412,0.10834401441710696
547.9136212624585,0.1077907150653045
547.9335548172758,0.10714092508526381
547.953488372093,0.1063954674830187
547.9734219269103,0.10555529051993734
547.9933554817276,0.10462146890888575
548.0132890365448,0.10359520529015005
548.0332225913622,0.10247783203873397
548.0531561461794,0.10127081346526809
548.0730897009968,0.09997574848590877
548.0930232558139,0.09859437385220703
548.1129568106312,0.09712856805075336
548.1328903654486,0.0955803560052894
548.1528239202657,0.09395191474191411
548.1727574750831,0.0922455802121976
548.1926910299003,0.09046385551101037
548.2126245847177,0.0886094207777123
548.232558139535,0.08668514513351923
548.2524916943521,0.08469410108712805
548.2724252491695,0.08263958193959688
548.2923588039866,0.08052512284190198
548.312292358804,0.07835452631119175
548.3322259136213,0.07613189320096231
548.3521594684386,0.07386166035457496
548.3720930232558,0.07154864645970474
548.3920265780731,0.06919810797246642
548.4119601328904,0.06681580740130794
548.4318936877077,0.06440809673435977
548.4518272425249,0.0619820193486922
548.4717607973422,0.05954543432054625
548.4916943521595,0.05710716757838739
548.5116279069767,0.05467719463697812
548.5315614617941,0.05226685940401557
548.5514950166113,0.04988913220094642
548.5714285714287,0.04755890674410507
548.5913621262458,0.04529332890122535
548.6112956810631,0.04311213740146698
548.6312292358805,0.04103797558197163
548.6511627906976,0.03909660112755154
548.671096345515,0.03731687740919511
548.6910299003322,0.03573038218614531
548.7109634551496,0.034370437578756866
548.7308970099668,0.03327038870441373
548.7508305647841,0.032461087852406256
548.7707641196014,0.031967803200869234
548.7906976744185,0.0318071082899392
548.8106312292359,0.031984546653576515
548.8305647840532,0.032493794555092624
548.8504983388705,0.03331760478011879
548.8704318936877,0.03443021412860103
548.890365448505,0.03580047603089645
548.9102990033223,0.03739493100351224
548.9302325581397,0.03918027830872715
548.9501661129568,0.04112504890378203
548.9700996677741,0.0432005345361773
548.9900332225914,0.04538114973246647
549.0099667774086,0.047644422132050036
549.029900332226,0.04997077281741271
549.0498338870432,0.05234320025560919
549.0697674418606,0.054746938654010154
549.0897009966777,0.057169130088987705
549.1096345514951,0.05959852924705865
549.1295681063124,0.06202524739261161
549.1495016611295,0.0644405355115776
549.1694352159469,0.06683660334560458
549.1893687707641,0.06920646977210812
549.2093023255815,0.0715438397872915
549.2292358803987,0.07384300366839851
549.249169435216,0.07609875442359562
549.2691029900333,0.07830632022019102
549.2890365448505,0.0804613090348541
549.3089700996678,0.08255966326000967
549.3289036544851,0.08459762241827805
549.3488372093024,0.08657169248439685
549.3687707641196,0.08847862059948709
549.3887043189369,0.09031537419367319
549.4086378737542,0.0920791237205676
549.4285714285716,0.09376722835749476
549.4485049833887,0.09537722414673576
549.468438538206,0.0969068141504147
549.4883720930233,0.0983538602703222
549.5083056478405,0.09971637644720963
549.5282392026579,0.10099252300532963
549.5481727574751,0.1021806019495926
549.5681063122925,0.10327905305645933
549.5880398671096,0.10428645062730599
549.607973421927,0.10520150079562583
549.6279069767443,0.10602303929814505
549.6478405315614,0.10675002963527097
549.6677740863788,0.10738156155923935
549.687707641196,0.10791684983914805
549.7076411960134,0.10835523326107438
549.7275747508306,0.10869617382946813
549.7475083056479,0.10893925614265225
549.7674418604652,0.10908418692113943
549.7873754152824,0.10913079467299883
549.8073089700997,0.10907902948504256
549.827242524917,0.10892896293335788
549.8471760797343,0.10868078811084736
549.8671096345515,0.10833481977381851
549.8870431893688,0.10789149461384692
549.9069767441861,0.10735137166577534
549.9269102990033,0.10671513286733697
549.9468438538206,0.10598358379129283
549.966777408638,0.1051576545767447
549.9867109634552,0.10423840109305706
550.0066445182724,0.10322700637746407
550.0265780730897,0.10212478239651115
550.046511627907,0.10093317219215248
550.0664451827244,0.09965375248591823
550.0863787375415,0.09828823683000464
550.1063122923589,0.09683847941227645
550.126245847176,0.09530647964459639
550.1461794019934,0.09369438769114677
550.1661129568107,0.09200451112652604
550.1860465116279,0.09023932295443472
550.2059800664452,0.0884014712680691
550.2259136212624,0.08649379089576356
550.2458471760798,0.0845193174525881
550.2657807308971,0.08248130431447781
550.2857142857143,0.08038324315076684
550.3056478405316,0.07822888879902117
550.3255813953489,0.0760222894500319
550.3455149501661,0.07376782333859676
550.3654485049834,0.07147024341590595
550.3853820598007,0.06913473182149792
550.405315614618,0.06676696638377767
550.4252491694352,0.06437320186119865
550.4451827242525,0.0619603691820351
550.4651162790699,0.05953619651739056
550.485049833887,0.05710935655303966
550.5049833887044,0.05468964465485973
550.5249169435216,0.05228819245425651
550.5448504983389,0.04991772018930814
550.5647840531562,0.04759282803562601
550.5847176079734,0.04533032023442827
550.6046511627908,0.04314954399149984
550.624584717608,0.04107270519072374
550.6445182724253,0.039125092295279
550.6644518272426,0.037335097790670374
550.6843853820598,0.03573387881634514
550.7043189368771,0.03435446377255995
550.7242524916943,0.03323012675171611
550.7441860465117,0.03239196680411301
550.764119601329,0.031865875967670036
550.7840531561462,0.03166941328897957
550.8039867109635,0.031809360110373504
550.8239202657808,0.03228070148269593
550.843853820598,0.033067375937554724
550.8637873754153,0.034144540573792244
550.8837209302326,0.03548164660183801
550.9036544850499,0.03704553068959795
550.9235880398671,0.0388029533528652
550.9435215946844,0.040722350787871994
550.9634551495017,0.042774833119726796
550.9833887043189,0.044934597179991195
551.0033222591363,0.047178949381615064
551.0232558139535,0.049488104266863994
551.0431893687708,0.0518448769014943
551.063122923588,0.0542343437039634
551.0830564784053,0.05664351374865713
551.1029900332227,0.05906103109555599
551.1229235880398,0.06147691576929195
551.1428571428572,0.0638823438849644
551.1627906976744,0.06626946390217066
551.1827242524918,0.06863124456915459
551.202657807309,0.07096134983410107
551.2225913621262,0.07325403627770578
551.2425249169436,0.07550406913543677
551.2624584717607,0.07770665355553606
551.2823920265781,0.07985737829392901
551.3023255813954,0.0819521695420365
551.3222591362127,0.08398725300689434
551.3421926910299,0.08595912271603154
551.3621262458472,0.08786451530951843
551.3820598006645,0.08970038881732297
551.4019933554817,0.09146390511067953
551.421926910299,0.09315241536968395
551.4418604651163,0.0947634480328409
551.4617940199336,0.09629469879366769
551.4817275747508,0.09774402228940197
551.5016611295682,0.09910942519147402
551.5215946843854,0.100389060459529
551.5415282392028,0.10158122256306638
551.5614617940199,0.10268434350925056
551.5813953488372,0.1036969895434085
551.6013289036546,0.10461785841189909
551.6212624584717,0.1054457770958382
551.6411960132891,0.10617969994004771
551.6611295681063,0.10681870711440716
551.6810631229237,0.10736200335604694
551.7009966777409,0.10780891694981058
551.7209302325581,0.10815889891251973
551.7408637873755,0.10841152235325534
551.7607973421926,0.10856648198798874
551.78073089701,0.10862359379214087
551.8006644518273,0.10858279477949927
551.8205980066446,0.10844414290052332
551.8405315614618,0.10820781705724718
551.8604651162791,0.10787411723636037
551.8803986710964,0.10744346476622163
551.9003322259136,0.10691640270801715
551.9202657807309,0.106293596396078
551.9401993355482,0.10557583414746302
551.9601328903655,0.10476402816672432
551.9800664451827,0.10385921567833134
552.0000000000001,0.10286256032682235
552.0199335548173,0.10177535389349832
552.0398671096347,0.1005990183889541
552.0598006644518,0.09933510859316996
552.0797342192691,0.09798531512964556
552.0996677740865,0.09655146817807579
552.1196013289036,0.09503554195169488
552.139534883721,0.09343966009206589
552.1594684385382,0.09176610216625977
552.1794019933556,0.09001731149135478
552.1993355481728,0.08819590456012892
552.2192691029901,0.08630468240239321
552.2392026578074,0.08434664429163147
552.2591362126245,0.0823250042996097
552.2790697674419,0.08024321131758513
552.2990033222592,0.07810497330667548
552.3189368770765,0.0759142867186477
552.3388704318937,0.07367547224978116
552.358803986711,0.07139321836313038
552.3787375415283,0.06907263434760612
552.3986710963457,0.06671931508329539
552.4186046511628,0.06433942015510138
552.4385382059801,0.061939770493347625
552.4584717607974,0.05952796629216223
552.4784053156146,0.05711253049398066
552.498338870432,0.054703082486652246
552.5182724252492,0.0523105465632578
552.5382059800666,0.04994739865171098
552.5581395348837,0.047627951994416794
552.5780730897011,0.0453686765065457
552.5980066445184,0.043188535471117694
552.6179401993355,0.041109304417698334
552.6378737541529,0.03915580778847054
552.6578073089701,0.03735596834843196
552.6777408637874,0.03574051692467079
552.6976744186047,0.03434217265985605
552.717607973422,0.03319411131480511
552.7375415282393,0.0323276405999382
552.7574750830565,0.031769232945747156
552.7774086378738,0.03153739362006793
552.7973421926911,0.03164011706200978
552.8172757475083,0.03207369325890361
552.8372093023256,0.032823262489909855
552.8571428571429,0.03386493075844136
552.8770764119602,0.03516877899688838
552.8970099667774,0.03670196807662856
552.9169435215947,0.03843134041951431
552.936877076412,0.040325250373771486
552.9568106312292,0.04235463301942796
552.9767441860465,0.04449346964229165
552.9966777408638,0.0467188448625379
553.0166112956811,0.04901076467149832
553.0365448504984,0.05135185811270027
553.0564784053156,0.05372704107926393
553.076411960133,0.056123187055543935
553.0963455149501,0.05852882715535886
553.1162790697674,0.06093388814984812
553.1362126245848,0.06332946956883807
553.156146179402,0.06570765714770904
553.1760797342193,0.068061368301014
553.1960132890365,0.0703842249268813
553.2159468438539,0.0726704490774892
553.2358803986712,0.0749147775252397
553.2558139534884,0.07711239182646983
553.2757475083057,0.07925886104091931
553.2956810631229,0.08135009476437682
553.3156146179402,0.08338230456098279
553.3355481727575,0.08535197223997917
553.3554817275748,0.08725582371666411
553.375415282392,0.08909080743710926
553.3953488372093,0.09085407654055161
553.4152823920266,0.09254297408954114
553.435215946844,0.0941550208238855
553.4551495016611,0.09568790499571726
553.4750830564784,0.0971394739245016
553.4950166112957,0.09850772697652295
553.514950166113,0.09979080972660048
553.5348837209303,0.10098700910274587
553.5548172757475,0.1020947493496902
553.5747508305649,0.10311258867552847
553.594684385382,0.10403921646936987
553.6146179401994,0.10487345099706429
553.6345514950167,0.10561423749798639
553.6544850498339,0.10626064661921121
553.6744186046512,0.106811873134459
553.6943521594684,0.1072672349045866
553.7142857142858,0.10762617204448978
553.734219269103,0.10788824626803666
553.7541528239203,0.10805314038885391
553.7740863787376,0.10812065796002418
553.7940199335549,0.10809072304075762
553.8139534883721,0.10796338008248603
553.8338870431894,0.10773879393129487
553.8538205980067,0.1074172499476464
553.873754152824,0.10699915424874473
553.8936877076412,0.1064850340832732
553.9136212624585,0.10587553835275364
553.9335548172758,0.10517143829912862
553.953488372093,0.10437362838359426
553.9734219269104,0.10348312738834892
553.9933554817276,0.10250107978022163
554.0132890365448,0.10142875738373337
554.0332225913621,0.10026756142153445
554.0531561461794,0.09901902499201701
554.0730897009968,0.09768481606856029
554.0930232558139,0.09626674112229278
554.1129568106313,0.09476674949142422
554.1328903654485,0.09318693864603093
554.1528239202657,0.09152956052866643
554.1727574750831,0.08979702918990515
554.1926910299003,0.08799192998571691
554.2126245847177,0.08611703066232809
554.2325581395348,0.08417529472738612
554.2524916943522,0.08216989759676906
554.2724252491695,0.08010424611886262
554.2923588039868,0.0779820022181903
554.312292358804,0.07580711157376899
554.3322259136212,0.07358383846307072
554.3521594684386,0.07131680816734826
554.3720930232558,0.0690110586587741
554.3920265780731,0.06667210368074303
554.4119601328904,0.06430600979499843
554.4318936877077,0.06191949049652379
554.4518272425249,0.05952002106393761
554.4717607973423,0.05711597835567628
554.4916943521595,0.05471681014598408
554.5116279069767,0.05233323856425561
554.531561461794,0.049977501294376496
554.5514950166113,0.04766363162045744
554.5714285714287,0.04540777289963593
554.5913621262458,0.0432285126947197
554.6112956810632,0.04114720405938676
554.6312292358804,0.039188213617539665
554.6511627906978,0.03737899683073404
554.671096345515,0.03574985398932146
554.6910299003322,0.034333180959456
554.7109634551496,0.03316202905980376
554.7308970099667,0.03226787684523364
554.7508305647841,0.03167773240625191
554.7707641196014,0.031411004802203664
554.7906976744187,0.03147687218291365
554.8106312292359,0.0318729204590031
554.8305647840532,0.03258550326930551
554.8504983388705,0.033591701360114266
554.8704318936877,0.034862256324238027
554.890365448505,0.03636468164835018
554.9102990033223,0.03806592345507104
554.9302325581396,0.03993426859147284
554.9501661129568,0.041940485088950825
554.9700996677742,0.044058342095802144
554.9900332225914,0.04626470292835512
555.0099667774087,0.04853936387559579
555.0299003322259,0.050864766028355456
555.0498338870432,0.05322566257073962
555.0697674418606,0.055608789251936
555.0897009966777,0.05800256227641313
555.1096345514951,0.06039681343629197
555.1295681063123,0.06278256419620849
555.1495016611296,0.0651518363170424
555.1694352159469,0.0674974948330539
555.1893687707641,0.06981311872100697
555.2093023255815,0.07209289478130106
555.2292358803986,0.07433153072385634
555.249169435216,0.07652418401671221
555.2691029900333,0.07866640361246947
555.2890365448505,0.08075408217137767
555.3089700996678,0.08278341683397258
555.3289036544851,0.08475087695998965
555.3488372093024,0.08665317755036828
555.3687707641196,0.08848725731302813
555.3887043189369,0.09025026053106366
555.4086378737542,0.09193952205122623
555.4285714285714,0.09355255483887043
555.4485049833887,0.09508703964872652
555.4684385382061,0.09654081644387864
555.4883720930233,0.09791187726244048
555.5083056478406,0.09919836028539332
555.5282392026578,0.10039854490307214
555.5481727574751,0.10151084761328065
555.5681063122925,0.1025338186132745
555.5880398671096,0.10346613897150725
555.607973421927,0.10430661828470021
555.6279069767442,0.10505419274207303
555.6478405315615,0.10570792353188205
555.6677740863788,0.10626699553680802
555.6877076411961,0.10673071627427597
555.7076411960134,0.1070985150457521
555.7275747508305,0.10736994226622716
555.7475083056479,0.10754466895103562
555.7674418604652,0.10762248634271526
555.7873754152824,0.10760330566538912
555.8073089700997,0.10748715799877862
555.827242524917,0.10727419426819543
555.8471760797343,0.10696468535115876
555.8671096345515,0.10655902230537637
555.8870431893688,0.10605771672729788
555.9069767441861,0.10546140125499544
555.9269102990033,0.10477083023419757
555.9468438538206,0.10398688057185235
555.9667774086379,0.10311055280792822
555.9867109634552,0.10214297244340609
556.0066445182725,0.101085391570896
556.0265780730897,0.09993919086423156
556.0465116279071,0.09870588199523143
556.0664451827242,0.0973871105600089
556.0863787375415,0.09598465961416738
556.1063122923589,0.09450045393690584
556.126245847176,0.09293656516927062
556.1461794019934,0.09129521800228885
556.1661129568106,0.08957879762867071
556.186046511628,0.08778985871793112
556.2059800664452,0.08593113623231277
556.2259136212625,0.08400555847167333
556.2458471760798,0.08201626282372669
556.265780730897,0.07996661480526507
556.2857142857143,0.0778602311160803
556.3056478405316,0.07570100759602912
556.3255813953489,0.07349315318501644
556.3455149501661,0.07124123124358965
556.3654485049834,0.06895020990770316
556.3853820598007,0.06662552353261746
556.405315614618,0.06427314773289448
556.4252491694352,0.061899691043092835
556.4451827242525,0.0595125067850274
556.4651162790698,0.05711982927308616
556.485049833887,0.05473093889602472
556.5049833887044,0.05235636064255944
556.5249169435216,0.050008099857682946
556.544850498339,0.047699916684986576
556.5647840531561,0.04544763556364879
556.5847176079734,0.04326947648403556
556.6046511627908,0.04118637799022441
556.624584717608,0.039222255420260824
556.6445182724253,0.03740410004254596
556.6644518272425,0.03576177855521147
556.6843853820599,0.03432735120591345
556.7043189368771,0.03313372079595146
556.7242524916944,0.032212500892249175
556.7441860465117,0.031591191826323466
556.7641196013288,0.031290064104977956
556.7840531561462,0.0313194489326648
556.8039867109635,0.031678216972655486
556.8239202657808,0.03235394460164196
556.843853820598,0.033324711505334975
556.8637873754153,0.03456195005021144
556.8837209302326,0.036033554578590754
556.9036544850499,0.03770659688406268
556.9235880398671,0.03954931092752959
556.9435215946844,0.041532305911273666
556.9634551495017,0.04362914238982911
556.9833887043189,0.04581646292081566
557.0033222591362,0.04807385294106081
557.0232558139535,0.05038356362957575
557.0431893687709,0.052730183236303976
557.063122923588,0.05510030758677204
557.0830564784054,0.057482235973214585
557.1029900332226,0.05986570344962104
557.1229235880398,0.06224165190846256
557.1428571428572,0.0646020378648401
557.1627906976744,0.06693967291031051
557.1827242524918,0.0692480922173206
557.2026578073089,0.07152144660295273
557.2225913621263,0.07375441410945616
557.2425249169436,0.07594212761621907
557.2624584717609,0.07808011555523871
557.2823920265781,0.08016425330975527
557.3023255813953,0.08219072331500724
557.3222591362127,0.08415598224949895
557.3421926910299,0.0860567340099648
557.3621262458472,0.0878899074117191
557.3820598006645,0.08965263775736212
557.4019933554817,0.09134225157937702
557.421926910299,0.0929562539925614
557.4418604651164,0.0944923181976697
557.4617940199336,0.09594827676211756
557.4817275747508,0.09732211437189726
557.5016611295681,0.09861196180405005
557.5215946843854,0.09981609091365291
557.5415282392028,0.10093291046554242
557.5614617940199,0.10196096267072148
557.5813953488373,0.10289892031148715
557.6013289036545,0.10374558435930982
557.6212624584717,0.10449988200597257
557.6411960132891,0.10516086504208398
557.6611295681063,0.10572770852863209
557.6810631229237,0.10619970971679159
557.7009966777408,0.10657628717949877
557.7209302325582,0.10685698012528201
557.7408637873755,0.10704144787105242
557.7607973421927,0.10712946945604061
557.78073089701,0.107120943383912
557.8006644518272,0.10701588748469312
557.8205980066446,0.10681443889249934
557.8405315614618,0.10651685413910793
557.8604651162791,0.10612350936780202
557.8803986710964,0.10563490067599719
557.9003322259136,0.1050516446000032
557.9202657807309,0.10437447875994692
557.9401993355483,0.10360426268860032
557.9601328903655,0.10274197887388872
557.9800664451827,0.1017887340520833
558.0,0.1007457607969161
558.0199335548173,0.09961441945952812
558.0398671096347,0.09839620052584279
558.0598006644518,0.09709272747163088
558.0797342192692,0.09570576021224013
558.0996677740864,0.09423719926404617
558.1196013289037,0.09268909075918448
558.139534883721,0.09106363248500735
558.1594684385382,0.08936318115638843
558.1794019933556,0.08759026117425246
558.1993355481727,0.08574757517922316
558.2192691029901,0.08383801677857512
558.2392026578074,0.08186468591008
558.2591362126246,0.07983090741272127
558.2790697674419,0.07774025350635676
558.2990033222592,0.07559657104658044
558.3189368770765,0.07340401462435975
558.3388704318937,0.07116708683102209
558.358803986711,0.06889068731662315
558.3787375415283,0.0665801726416817
558.3986710963455,0.06424142936393354
558.4186046511628,0.061880963310054986
558.4385382059802,0.059506008536939894
558.4584717607974,0.057124660035202696
558.4784053156147,0.05474603465425619
558.4983388704319,0.052380464811948836
558.5182724252492,0.05003972888802745
558.5382059800666,0.04773732009196559
558.5581395348837,0.04548875090299664
558.5780730897011,0.043311881162710376
558.5980066445183,0.04122724216478428
558.6179401993356,0.039258303905267924
558.6378737541529,0.03743159624883285
558.6578073089701,0.03577654937543726
558.6777408637874,0.0343248763171465
558.6976744186046,0.03310930869589916
558.717607973422,0.03216156117742679
558.7375415282393,0.0315095849433841
558.7574750830565,0.031174471265425274
558.7774086378738,0.031167674773984116
558.7973421926911,0.031489340230614844
558.8172757475083,0.03212827651501705
558.8372093023256,0.033063587013842946
558.8571428571429,0.034267425746007434
558.8770764119602,0.035708096917534425
558.8970099667774,0.03735282051124819
558.9169435215947,0.0391697924331285
558.936877076412,0.041129471172116606
558.9568106312292,0.04320521189241685
558.9767441860466,0.045373436461198124
558.9966777408638,0.0476135177839138
559.0166112956811,0.04990751464429003
559.0365448504983,0.05223984764717061
559.0564784053156,0.05459697007411247
559.076411960133,0.05696706192854272
559.0963455149501,0.059339759449320593
559.1162790697675,0.061705923182182265
559.1362126245847,0.06405744290131736
559.1561461794021,0.0663870755065141
559.1760797342193,0.06868831132745028
559.1960132890365,0.07095526433669394
559.2159468438539,0.07318258219535004
559.235880398671,0.07536537260313395
559.2558139534884,0.07749914298180549
559.2757475083057,0.07957975103189506
559.295681063123,0.08160336414730927
559.3156146179402,0.08356642604741311
559.3355481727575,0.08546562929546486
559.3554817275748,0.08729789262591604
559.375415282392,0.0890603422074639
559.3953488372093,0.0907502961346663
559.4152823920266,0.09236525157381519
559.4352159468439,0.09390287409609133
559.4551495016611,0.09536098881719496
559.4750830564785,0.09673757303238714
559.4950166112957,0.09803075009165604
559.5149501661131,0.09923878430570146
559.5348837209302,0.10036007671006482
559.5548172757475,0.10139316154488494
559.5747508305649,0.10233670333256885
559.594684385382,0.10318949445574913
559.6146179401994,0.10395045315476861
559.6345514950166,0.10461862187768248
559.654485049834,0.10519316592756484
559.6744186046512,0.10567337236155139
559.6943521594685,0.10605864910436147
559.7142857142858,0.10634852424633084
559.7342192691029,0.10654264550205805
559.7541528239203,0.10664077981132652
559.7740863787376,0.10664281306889714
559.7940199335549,0.10654874997446881
559.8139534883721,0.10635871399812004
559.8338870431894,0.10607294746108574
559.8538205980067,0.10569181173556096
559.873754152824,0.10521578757180289
559.8936877076412,0.10464547556505072
559.9136212624585,0.10398159677983974
559.9335548172758,0.10322499355464501
559.953488372093,0.10237663051579689
559.9734219269103,0.10143759583674161
559.9933554817276,0.10040910278662785
560.013289036545,0.09929249162192046
560.0332225913621,0.09808923188582891
560.0531561461794,0.09680092519397321
560.0730897009967,0.09542930860080029
560.0930232558139,0.09397625866103412
560.1129568106313,0.09244379632407505
560.1328903654485,0.09083409282864666
560.1528239202659,0.08914947680045589
560.172757475083,0.08739244279972079
560.1926910299004,0.08556566161965729
560.2126245847177,0.08367199270397163
560.2325581395348,0.08171449913481249
560.2524916943522,0.07969646574579273
560.2724252491694,0.07762142104331922
560.2923588039868,0.07549316377872668
560.312292358804,0.07331579521172839
560.3322259136213,0.0710937583495599
560.3521594684386,0.06883188574563615
560.3720930232558,0.06653545780420343
560.3920265780731,0.0642102739689026
560.4119601328904,0.06186273967194645
560.4318936877077,0.05949997246844937
560.4518272425249,0.057129931329345025
560.4717607973422,0.05476157351065536
560.4916943521595,0.0524050435497556
560.5116279069769,0.050071898383497494
560.531561461794,0.04777537068187997
560.5514950166114,0.0455306681672908
560.5714285714286,0.043355298284146686
560.5913621262458,0.041269392782234064
560.6112956810632,0.03929598287189974
560.6312292358804,0.03746114062518837
560.6511627906978,0.03579385782277667
560.6710963455149,0.03432548987945552
560.6910299003323,0.03308857568857839
560.7109634551496,0.03211489769318933
560.7308970099668,0.03143281603931377
560.7508305647841,0.031064200075973762
560.7707641196013,0.031021594796738907
560.7906976744187,0.031306404277225384
560.8106312292359,0.03190867593079612
560.8305647840532,0.03280855914277702
560.8504983388705,0.033978959543247166
560.8704318936877,0.03538862055139433
560.890365448505,0.037004933938095744
560.9102990033224,0.03879607373094854
560.9302325581396,0.040732357127816136
560.9501661129568,0.04278693823328834
560.9700996677741,0.04493601920520507
560.9900332225914,0.04715875945401067
561.0099667774087,0.049437023437700095
561.0299003322259,0.051755061831225
561.0498338870433,0.05409918308156878
561.0697674418604,0.05645744578378532
561.0897009966777,0.05881938548672501
561.1096345514951,0.06117577977532975
561.1295681063123,0.06351845031638839
561.1495016611296,0.06584009817278932
561.1694352159468,0.06813416787766453
561.1893687707642,0.07039473576732154
561.2093023255815,0.07261641846556746
561.2292358803987,0.07479429794907835
561.249169435216,0.0769238601794682
561.2691029900332,0.07900094480216818
561.2890365448505,0.08102170386186272
561.3089700996678,0.08298256786452188
561.3289036544851,0.08488021783084083
561.3488372093024,0.08671156224327836
561.3687707641196,0.08847371799783615
561.3887043189369,0.09016399463997055
561.4086378737543,0.09177988130018706
561.4285714285714,0.09331903585358059
561.4485049833887,0.09477927591600069
561.468438538206,0.09615857135996582
561.4883720930233,0.09745503809098803
561.5083056478406,0.09866693287115742
561.5282392026578,0.09979264901442471
561.5481727574752,0.10083071280886807
561.5681063122923,0.10177978054607947
561.5880398671097,0.10263863605856587
561.607973421927,0.103406188683021
561.6279069767442,0.10408147158142801
561.6478405315615,0.10466364036373069
561.6677740863787,0.10515197196578888
561.6877076411961,0.10554586374470332
561.7076411960134,0.10584483276085231
561.7275747508306,0.10604851522225073
561.7475083056479,0.10615666607240147
561.7674418604652,0.10616915870783378
561.7873754152824,0.1060859848159832
561.8073089700997,0.10590725432857759
561.827242524917,0.10563319548962487
561.8471760797343,0.1052641550415326
561.8671096345515,0.10480059853684134
561.8870431893688,0.10424311078769538
561.9069767441861,0.10359239646998242
561.9269102990033,0.10284928090433372
561.9468438538207,0.10201471104213322
561.9667774086379,0.10108975669163492
561.9867109634552,0.1000756120270335
562.0066445182724,0.09897359743291032
562.0265780730897,0.09778516174715672
562.0465116279071,0.09651188497896322
562.0664451827242,0.09515548159408059
562.0863787375416,0.09371780447870658
562.1063122923588,0.0922008497167154
562.126245847176,0.09060676234312398
562.1461794019934,0.08893784327165258
562.1661129568106,0.08719655763679905
562.186046511628,0.08538554484381401
562.2059800664451,0.08350763068495866
562.2259136212625,0.08156584196164159
562.2458471760798,0.07956342415217345
562.2657807308971,0.0775038627899327
562.2857142857143,0.07539090937168783
562.3056478405315,0.07322861280803461
562.3255813953489,0.07102135766542955
562.3455149501661,0.06877391074058864
562.3654485049834,0.06649147786154319
562.3853820598007,0.06417977323128504
562.405315614618,0.06184510411886622
562.4252491694352,0.05949447424353685
562.4451827242526,0.057135709746310916
562.4651162790698,0.054777612102628104
562.485049833887,0.052430142507667386
562.5049833887043,0.05010464180927405
562.5249169435216,0.047814088355596224
562.544850498339,0.04557339214705127
562.5647840531561,0.043399715854738445
562.5847176079735,0.041312799357165274
562.6046511627907,0.03933524177508099
562.6245847176081,0.03749266141768285
562.6445182724253,0.03581361059200166
562.6644518272425,0.03432907795045854
562.6843853820599,0.03307138974133152
562.704318936877,0.0320723645756678
562.7242524916944,0.03136073095233147
562.7441860465117,0.03095909389737603
562.764119601329,0.030881054763262805
562.7840531561462,0.031129260292865685
562.8039867109635,0.03169500040510452
562.8239202657808,0.03255949123033532
562.843853820598,0.033696419235118194
562.8637873754153,0.035074996373149855
562.8837209302326,0.036662810164550516
562.9036544850499,0.03842802939644875
562.9235880398671,0.04034083978818911
562.9435215946844,0.042374198977054536
562.9634551495017,0.04450409053393529
562.983388704319,0.04670945946374995
563.0033222591362,0.04897197396692623
563.0232558139535,0.05127571247370306
563.0431893687708,0.0536068362642497
563.063122923588,0.05595328036229444
563.0830564784054,0.0583044777118448
563.1029900332226,0.06065112128853267
563.12292358804,0.06298496325677339
563.1428571428571,0.06529864767465748
563.1627906976745,0.06758557230708483
563.1827242524918,0.06983977504862872
563.2026578073089,0.07205584081927673
563.2225913621263,0.07422882532155864
563.2425249169435,0.07635419260144619
563.2624584717609,0.07842776387293562
563.2823920265781,0.08044567552082872
563.3023255813954,0.08240434458180038
563.3222591362127,0.08430044032380873
563.3421926910298,0.0861308608057658
563.3621262458472,0.08789271351205284
563.3820598006645,0.08958329932813743
563.4019933554817,0.09120009926187181
563.421926910299,0.09274076342640582
563.4418604651163,0.09420310189018757
563.4617940199336,0.0955850770718122
563.481727574751,0.09688479741568767
563.5016611295681,0.09810051213179896
563.5215946843854,0.09923060682108595
563.5415282392026,0.10027359983916052
563.5614617940199,0.10122813927666456
563.5813953488373,0.10209300045546378
563.6013289036545,0.10286708385719691
563.6212624584718,0.10354941341497366
563.641196013289,0.10413913511112567
563.6611295681064,0.10463551583377369
563.6810631229237,0.10503794245373102
563.7009966777408,0.10534592109037356
563.7209302325582,0.1055590765416139
563.7408637873754,0.10567715185865076
563.7607973421927,0.10570000805118179
563.78073089701,0.10562762391331916
563.8006644518273,0.10546009596494328
563.8205980066446,0.1051976385071486
563.8405315614618,0.1048405837947883
563.8604651162791,0.10438938233316575
563.8803986710964,0.1038446033104176
563.9003322259136,0.10320693518196199
563.9202657807309,0.10247718642834935
563.9401993355482,0.10165628651407828
563.9601328903655,0.10074528708135845
563.9800664451828,0.09974536342070768
564.0,0.09865781626936473
564.0199335548174,0.09748407399919538
564.0398671096345,0.09622569526873845
564.0598006644518,0.09488437222933611
564.0797342192692,0.09346193439408014
564.0996677740864,0.09196035330079547
564.1196013289037,0.09038174812812642
564.1395348837209,0.08872839245737682
564.1594684385383,0.08700272241459843
564.1794019933556,0.0852073464786454
564.1993355481728,0.08334505730431208
564.2192691029901,0.08141884598849915
564.2392026578073,0.0794319193048544
564.2591362126246,0.0773877205537224
564.2790697674419,0.07528995482495522
564.2990033222592,0.0731426196580965
564.3189368770765,0.07095004231517954
564.3388704318937,0.06871692516527561
564.358803986711,0.06644840102423089
564.3787375415284,0.06415010070496353
564.3986710963455,0.06182823551284089
564.4186046511628,0.0594896979539429
564.4385382059801,0.05714218447145399
564.4584717607974,0.054794344497743806
564.4784053156147,0.052455960328020294
564.4983388704319,0.050138161956067774
564.5182724252493,0.047853679484568805
564.5382059800664,0.04561713206915242
564.5581395348837,0.0434453450729381
564.5780730897011,0.041357674046851374
564.5980066445183,0.03937629266966735
564.6179401993356,0.037526369620454234
564.6378737541528,0.03583601699056565
564.6578073089702,0.03433584813169829
564.6777408637874,0.033057957555374926
564.6976744186047,0.032034169245273615
564.717607973422,0.03129353984506141
564.7375415282391,0.030859367242547567
564.7574750830565,0.030746273790844176
564.7774086378738,0.030958130332241204
564.7973421926911,0.03148747150149339
564.8172757475083,0.03231659996500944
564.8372093023256,0.033420012310503316
564.8571428571429,0.03476741918359153
564.8770764119602,0.036326628997248166
564.8970099667774,0.03806582309448205
564.9169435215947,0.039955066459031276
564.936877076412,0.04196712550017448
564.9568106312292,0.04407776671828957
564.9767441860465,0.04626572000525578
564.9966777408638,0.048512455445833526
565.0166112956812,0.050801876904512565
565.0365448504983,0.0531199961110615
565.0564784053157,0.055454622281374745
565.0764119601329,0.05779508375784383
565.0963455149501,0.06013198717614958
565.1162790697675,0.062457013725342424
565.1362126245847,0.06476274921882225
565.1561461794021,0.06704254361651808
565.1760797342192,0.06929039550747032
565.1960132890366,0.07150085738940531
565.2159468438539,0.07366895809348539
565.2358803986712,0.07579013925359385
565.2558139534884,0.07786020323955907
565.2757475083056,0.07987527043320324
565.295681063123,0.08183174411697251
565.3156146179402,0.0837262815699252
565.3355481727575,0.08555577023236335
565.3554817275748,0.0873173080169438
565.375415282392,0.08900818701883291
565.3953488372093,0.09062588001871119
565.4152823920267,0.09216802928556882
565.4352159468439,0.0936324372778822
565.4551495016611,0.09501705891504006
565.4750830564784,0.09631999515054893
565.4950166112957,0.09753948762641837
565.5149501661131,0.09867391422731987
565.5348837209302,0.09972178538475922
565.5548172757476,0.10068174100749243
565.5747508305648,0.10155254793577287
565.594684385382,0.10233309783457412
565.6146179401994,0.10302240545541122
565.6345514950166,0.1036196072087008
565.654485049834,0.10412395999865244
565.6744186046511,0.10453484028141592
565.6943521594685,0.10485174331462294
565.7142857142858,0.10507428257281931
565.734219269103,0.10520218930894629
565.7541528239203,0.1052353122472094
565.7740863787375,0.10517361739702163
565.7940199335549,0.10501718798236181
565.8139534883721,0.10476622448473961
565.8338870431894,0.10442104480235512
565.8538205980067,0.1039820845319404
565.873754152824,0.10344989738440409
565.8936877076412,0.10282515574982568
565.9136212624585,0.10210865143275982
565.9335548172758,0.10130129658436378
565.953488372093,0.10040412486456493
565.9734219269103,0.09941829287499718
565.9933554817276,0.09834508191248005
566.0132890365448,0.09718590010319676
566.0332225913621,0.09594228499030096
566.0531561461795,0.09461590666287137
566.0730897009967,0.09320857153212199
566.093023255814,0.09172222688300834
566.1129568106312,0.09015896635619845
566.1328903654485,0.08852103654835926
566.1528239202659,0.08681084495926705
566.172757475083,0.08503096956401457
566.1926910299004,0.08318417035057118
566.2126245847176,0.0812734032391787
566.232558139535,0.07930183689520867
566.2524916943522,0.07727287306490514
566.2724252491695,0.07519017121002751
566.2923588039868,0.07305767839909542
566.3122923588039,0.07087966563752042
566.3322259136213,0.06866077209503132
566.3521594684386,0.06640605902447902
566.3720930232558,0.06412107556836856
566.3920265780731,0.061811939118796747
566.4119601328904,0.05948543342212613
566.4318936877077,0.0571491281649959
566.451827242525,0.05481152426157234
566.4717607973422,0.052482229316819444
566.4916943521595,0.05017216745947259
566.5116279069767,0.04789382637743794
566.531561461794,0.04566154103874905
566.5514950166114,0.043491806813550006
566.5714285714286,0.0414036024582342
566.5913621262459,0.03941868308905179
566.6112956810631,0.037561772497488766
566.6312292358805,0.035860542954211615
566.6511627906978,0.034345225745749414
566.6710963455149,0.033047666940070775
566.6910299003323,0.03199966781896318
566.7109634551495,0.031230575451326115
566.7308970099668,0.030764339307360503
566.7508305647841,0.030616567443953444
566.7707641196014,0.030792334845548712
566.7906976744187,0.03128542082766691
566.8106312292358,0.03207923208136424
566.8305647840532,0.033149102799726105
566.8504983388705,0.03446527132741044
566.8704318936877,0.03599579147620717
566.890365448505,0.03770887460305607
566.9102990033223,0.03957447549884242
566.9302325581396,0.04156517443887815
566.9501661129569,0.043656522250234794
566.9700996677741,0.04582703290713049
566.9900332225914,0.048057976447931375
567.0099667774086,0.05033307980341772
567.0299003322259,0.05263820274661366
567.0498338870433,0.05496102644679307
567.0697674418604,0.05729077266188881
567.0897009966778,0.05961795998261394
567.109634551495,0.06193419718321209
567.1295681063124,0.06423201063095735
567.1495016611296,0.06650470148486708
567.1694352159468,0.06874622820616136
567.1893687707642,0.07095111019283186
567.2093023255813,0.07311434884706579
567.2292358803987,0.07523136293192573
567.249169435216,0.0772979355958749
567.2691029900333,0.0793101709079188
567.2890365448505,0.08126445814221911
567.3089700996678,0.08315744238135363
567.3289036544851,0.08498600027839241
567.3488372093024,0.08674722003844075
567.3687707641196,0.08843838485849147
567.3887043189369,0.09005695920805218
567.4086378737542,0.09160057744869436
567.4285714285714,0.093067034383711
567.4485049833888,0.09445427740403378
567.468438538206,0.09576039995719197
567.4883720930234,0.09698363611493317
567.5083056478405,0.09812235605499256
567.5282392026578,0.09917506230471801
567.5481727574752,0.1001403866208091
567.5681063122923,0.10101708740095933
567.5880398671097,0.10180404754121304
567.6079734219269,0.10250027266747432
567.6279069767443,0.103104889682167
567.6478405315615,0.10361714557710948
567.6677740863788,0.1040364064727681
567.6877076411961,0.10436215685126601
567.7076411960132,0.10459399895714254
567.7275747508306,0.10473165234559298
567.7475083056479,0.10477495356290659
567.7674418604652,0.10472385594851545
567.7873754152824,0.10457842955240411
567.8073089700997,0.10433886116580307
567.827242524917,0.104005454467102
567.8471760797343,0.10357863028914184
567.8671096345515,0.1030589270183845
567.8870431893688,0.1024470011409923
567.9069767441861,0.10174362795601473
567.9269102990033,0.10094970248148735
567.9468438538206,0.10006624058574477
567.9667774086379,0.09909438038365517
567.9867109634553,0.09803538394628682
568.0066445182724,0.09689063938263191
568.0265780730897,0.09566166336448152
568.046511627907,0.09435010418009344
568.0664451827242,0.09295774542003518
568.0863787375416,0.0914865104202263
568.1063122923588,0.08993846761326083
568.1262458471762,0.08831583697128464
568.1461794019933,0.08662099776313953
568.1661129568107,0.08485649789695274
568.186046511628,0.08302506517956283
568.2059800664451,0.08112962089838521
568.2259136212625,0.07917329622376552
568.2458471760797,0.07715945204436205
568.2657807308971,0.07509170299071649
568.2857142857143,0.07297394657863639
568.3056478405316,0.07081039862260335
568.3255813953489,0.0686056363380771
568.3455149501661,0.06636465087872631
568.3654485049834,0.06409291144720902
568.3853820598007,0.06179644357801023
568.405315614618,0.05948192470806127
568.4252491694352,0.057156800693722615
568.4451827242525,0.054829427424505355
568.4651162790698,0.052509241972161495
568.4850498338872,0.05020696750959401
568.5049833887043,0.04793485502830732
568.5249169435217,0.04570696181806639
568.5448504983389,0.04353946038927185
568.5647840531561,0.04145096003225728
568.5847176079735,0.03946280397810978
568.6046511627907,0.03759927571550734
568.6245847176081,0.03588760802753475
568.6445182724252,0.0343576434409829
568.6644518272426,0.03304096304458501
568.6843853820599,0.03196931746074715
568.7043189368771,0.0311723062374708
568.7242524916944,0.030674488274458164
568.7441860465116,0.030492420445463526
568.764119601329,0.03063235997643869
568.7840531561462,0.0310893292295315
568.8039867109635,0.03184785578540861
568.8239202657808,0.03288413946988387
568.843853820598,0.0341689767570915
568.8637873754153,0.03567069315846643
568.8837209302326,0.03735754922171924
568.9036544850499,0.0391994014769305
568.9235880398671,0.041168650148108624
568.9435215946844,0.04324063241340508
568.9634551495017,0.04539364587263677
568.9833887043189,0.04760875874012077
569.0033222591362,0.04986951867250267
569.0232558139536,0.05216163103226821
569.0431893687708,0.05447264661497997
569.0631229235881,0.05679167850394143
569.0830564784053,0.059109155426959305
569.1029900332226,0.06141661219312048
569.12292358804,0.06370651441734257
569.1428571428571,0.06597211336518323
569.1627906976745,0.06820732645993324
569.1827242524917,0.0704066392432341
569.202657807309,0.07256502505977758
569.2225913621263,0.07467787927973149
569.2425249169435,0.07674096539650214
569.2624584717609,0.07875037080603761
569.282392026578,0.0807024704752007
569.3023255813954,0.08259389704233938
569.3222591362127,0.08442151616867846
569.3421926910299,0.08618240618372601
569.3621262458472,0.08787384124939636
569.3820598006645,0.0894932774139409
569.4019933554817,0.09103834104463857
569.421926910299,0.09250681922301737
569.4418604651163,0.09389665176287687
569.4617940199336,0.09520592457300849
569.4817275747508,0.09643286413643405
569.5016611295681,0.09757583291842348
569.5215946843855,0.09863332554851313
569.5415282392026,0.09960396564857789
569.56146179402,0.10048650320114404
569.5813953488372,0.10127981237022537
569.6013289036545,0.10198288970202504
569.6212624584718,0.10259485264541185
569.641196013289,0.10311493834249612
569.6611295681064,0.10354250264866448
569.6810631229235,0.10387701934882121
569.7009966777409,0.10411807954339522
569.7209302325582,0.1042653911831391
569.7408637873755,0.10431877873714353
569.7607973421927,0.10427818298296944
569.7807308970099,0.10414366091217914
569.8006644518273,0.10391538574881616
569.8205980066446,0.10359364708229266
569.8405315614618,0.10317885112034002
569.8604651162791,0.10267152107203366
569.8803986710964,0.10207229767531452
569.9003322259136,0.10138193988855704
569.920265780731,0.10060132577125239
569.9401993355482,0.09973145358521562
569.9601328903655,0.0987734431550086
569.9800664451827,0.09772853753483837
570.0,0.09659810503920424
570.0199335548174,0.09538364170655778
570.0398671096345,0.09408677427960614
570.0598006644519,0.09270926380312527
570.0797342192691,0.09125300996116925
570.0996677740865,0.08972005630113306
570.1196013289037,0.08811259652332072
570.1395348837209,0.08643298205305447
570.1594684385383,0.08468373115971992
570.1794019933554,0.08286753994543868
570.1993355481728,0.0809872955984414
570.2192691029901,0.07904609239602974
570.2392026578074,0.0770472510532457
570.2591362126246,0.07499434215218481
570.2790697674418,0.07289121455823733
570.2990033222592,0.07074202994240603
570.3189368770765,0.06855130479000592
570.3388704318937,0.06632396159515185
570.358803986711,0.06406539132335003
570.3787375415283,0.06178152967490894
570.3986710963455,0.0594789501907466
570.4186046511629,0.05716497778146722
570.4385382059801,0.05484782675954904
570.4584717607974,0.052536767772303025
570.4784053156146,0.0502423278997227
570.4983388704319,0.04797652711973129
570.5182724252493,0.045753151543765226
570.5382059800664,0.043588057999129584
570.5581395348838,0.04149949377701143
570.578073089701,0.039508397196047734
570.5980066445184,0.03763861655955869
570.6179401993356,0.035916946350599104
570.6378737541528,0.03437283486595944
570.6578073089702,0.03303758321300355
570.6777408637873,0.03194286498379945
570.6976744186047,0.031118495416469688
570.717607973422,0.030589600832692018
570.7375415282393,0.03037364880004294
570.7574750830565,0.030478054432620246
570.7774086378738,0.030899078555945092
570.7973421926911,0.03162238395358421
570.8172757475083,0.0326250625382555
570.8372093023256,0.03387849881704785
570.8571428571429,0.03535131652743051
570.8770764119602,0.03701184518063072
570.8970099667774,0.03882985565408287
570.9169435215947,0.040777574805334366
570.936877076412,0.04283012866526418
570.9568106312294,0.04496559835868916
570.9767441860465,0.04716484875746514
570.9966777408638,0.04941124609222806
571.0166112956811,0.05169033900035972
571.0365448504983,0.05398954568226683
571.0564784053157,0.056297868539012245
571.0764119601329,0.05860564468392085
571.0963455149503,0.060904333465316735
571.1162790697674,0.06318633848558808
571.1362126245848,0.06544486006358612
571.1561461794021,0.06767377370843686
571.1760797342192,0.06986753037827682
571.1960132890366,0.07202107475752834
571.2159468438538,0.07412977832394331
571.2358803986712,0.07618938450199897
571.2558139534884,0.07819596367175209
571.2757475083057,0.08014587620913287
571.295681063123,0.08203574207404389
571.3156146179402,0.08386241574314988
571.3355481727575,0.08562296551280042
571.3554817275748,0.08731465638216143
571.375415282392,0.08893493587624207
571.3953488372093,0.09048142228823147
571.4152823920266,0.09195189491748917
571.4352159468439,0.0933442859573464
571.4551495016613,0.09465667374973542
571.4750830564784,0.09588727717441056
571.4950166112957,0.09703445098201388
571.514950166113,0.09809668191334234
571.5348837209302,0.09907258547493354
571.5548172757476,0.0999609032632668
571.5747508305648,0.10076050074852715
571.5946843853822,0.10147036544399081
571.6146179401993,0.10208960539985457
571.6345514950167,0.10261744797124014
571.654485049834,0.10305323881870589
571.6744186046511,0.10339644110756312
571.6943521594685,0.10364663487888526
571.7142857142857,0.1038035165708703
571.734219269103,0.10386689867430049
571.7541528239203,0.1038367095107501
571.7740863787376,0.10371299312634324
571.7940199335549,0.10349590929805558
571.8139534883721,0.10318573365372613
571.8338870431894,0.10278285791091887
571.8538205980067,0.10228779024401702
571.873754152824,0.10170115579361493
571.8936877076412,0.10102369733687006
571.9136212624585,0.10025627614335057
571.9335548172758,0.09939987304678193
571.953488372093,0.09845558977054039
571.9734219269103,0.09742465055271511
571.9933554817277,0.09630840412697544
572.0132890365448,0.0951083261264344
572.0332225913621,0.09382602199240223
572.0531561461794,0.09246323048624304
572.0730897009967,0.09102182792346288
572.093023255814,0.0895038332736044
572.1129568106312,0.08791141430031221
572.1328903654486,0.08624689495315821
572.1528239202657,0.08451276426877137
572.1727574750831,0.08271168709576106
572.1926910299004,0.08084651702812459
572.2126245847176,0.078920312019283
572.232558139535,0.07693635325701949
572.2524916943521,0.07489816801441845
572.2724252491695,0.07280955735870988
572.2923588039868,0.0706746298067589
572.312292358804,0.0684978422703156
572.3322259136213,0.06628404994472134
572.3521594684386,0.06403856716882399
572.3720930232558,0.06176724172429635
572.3920265780731,0.05947654554330045
572.4119601328904,0.05717368532811791
572.4318936877077,0.05486673709142667
572.4518272425249,0.05256480896977167
572.4717607973422,0.05027823659431627
572.4916943521596,0.04801881437458506
572.5116279069767,0.04580006350004683
572.5315614617941,0.04363753206752866
572.5514950166113,0.04154911267623177
572.5714285714286,0.03955534568095105
572.5913621262459,0.03767964953025949
572.6112956810631,0.03594838216924746
572.6312292358805,0.03439059324351571
572.6511627906976,0.033037290432432996
572.671096345515,0.03192004584214325
572.6910299003323,0.031068855494356888
572.7109634551495,0.030509372403937866
572.7308970099668,0.030259936897809644
572.750830564784,0.03032909665159449
572.7707641196014,0.030714344687976493
572.7906976744187,0.03140249162041111
572.8106312292359,0.03237154674348875
572.8305647840532,0.03359351199895771
572.8504983388705,0.03503733585236073
572.8704318936877,0.0366714367377135
572.890365448505,0.038465512687608026
572.9102990033223,0.04039162400060003
572.9302325581396,0.042424688094099994
572.9501661129568,0.04454256948178458
572.9700996677741,0.0467259281007579
572.9900332225915,0.048957946515718796
573.0099667774086,0.05122401423776725
573.029900332226,0.05351141457363524
573.0498338870432,0.055809037170271455
573.0697674418604,0.058107125723702864
573.0897009966778,0.06039706258655469
573.109634551495,0.06267118805928172
573.1295681063124,0.06492265043969639
573.1495016611295,0.06714528243200338
573.1694352159469,0.06933349967412519
573.1893687707642,0.07148221758165213
573.2093023255815,0.07358678323747403
573.2292358803987,0.07564291958237139
573.2491694352159,0.07764667963832374
573.2691029900333,0.07959440890827979
573.2890365448505,0.08148271444177431
573.3089700996678,0.08330843934102271
573.3289036544851,0.08506864171462038
573.3488372093024,0.08676057727445582
573.3687707641196,0.08838168492342033
573.388704318937,0.08992957480388925
573.4086378737542,0.09140201837562517
573.4285714285714,0.09279694017100291
573.4485049833887,0.09411241093956738
573.468438538206,0.09534664194581263
573.4883720930234,0.09649798022583589
573.5083056478405,0.09756490464290066
573.5282392026579,0.09854602260961444
573.5481727574751,0.09944006736733223
573.5681063122925,0.1002458957321971
573.5880398671097,0.10096248623269702
573.6079734219269,0.1015889375765837
573.6279069767443,0.10212446739584609
573.6478405315614,0.1025684112274769
573.6677740863788,0.10292022169568314
573.6877076411961,0.10317946786778316
573.7076411960134,0.10334583476192755
573.7275747508306,0.10341912299009878
573.7475083056478,0.10339924852432598
573.7674418604652,0.10328624257869369
573.7873754152824,0.10308025160362713
573.8073089700997,0.10278153739317317
573.827242524917,0.1023904773099481
573.8471760797343,0.1019075646366813
573.8671096345515,0.10133340906772438
573.8870431893688,0.10066873735875827
573.9069767441861,0.09991439415830075
573.9269102990033,0.0990713430507396
573.9468438538206,0.09814066784761348
573.9667774086379,0.09712357417205789
573.9867109634552,0.09602139139088894
574.0066445182724,0.09483557496030143
574.0265780730898,0.09356770926475633
574.046511627907,0.09221951104514337
574.0664451827244,0.09079283353221138
574.0863787375415,0.08928967142551968
574.1063122923588,0.08771216688783393
574.1262458471762,0.08606261676124721
574.1461794019933,0.08434348125609771
574.1661129568107,0.08255739441899511
574.1860465116279,0.08070717675478407
574.2059800664452,0.07879585046200083
574.2259136212625,0.07682665784684742
574.2458471760798,0.07480308361148176
574.2657807308971,0.07272888187489712
574.2857142857142,0.07060810898555847
574.3056478405316,0.06844516343275461
574.3255813953489,0.06624483446601438
574.3455149501661,0.06401236139701895
574.3654485049834,0.06175350598933778
574.3853820598007,0.059474640833452545
574.405315614618,0.057182857134327504
574.4252491694353,0.054886095848376705
574.4451827242525,0.05259330647354905
574.4651162790698,0.05031463778748245
574.485049833887,0.048061664023634036
574.5049833887043,0.045847647656624836
574.5249169435217,0.04368783497514567
574.5448504983389,0.041599771209897496
574.5647840531562,0.03960360580740033
574.5847176079734,0.037722332952213354
574.6046511627908,0.0359818762994621
574.6245847176081,0.03441088318960056
574.6445182724252,0.033040055457218276
574.6644518272426,0.03190084038962575
574.6843853820598,0.031023380734970935
574.7043189368771,0.030433815563472442
574.7242524916944,0.030151319006419146
574.7441860465117,0.03018554392650024
574.764119601329,0.030535206801673504
574.7840531561462,0.03118827661108438
574.8039867109635,0.03212370418094636
574.8239202657808,0.033314138162498015
574.843853820598,0.03472887884160729
574.8637873754153,0.03633645443759859
574.8837209302326,0.03810650385395502
574.9036544850499,0.04001092839148044
574.9235880398671,0.0420244399457905
574.9435215946844,0.04412468666474374
574.9634551495017,0.04629212220471119
574.9833887043189,0.04850974337612141
575.0033222591362,0.05076277825187793
575.0232558139535,0.05303837299635007
575.0431893687708,0.05532530245627132
575.0631229235881,0.05761371511920926
575.0830564784053,0.05989491481051233
575.1029900332227,0.0621611772381381
575.1229235880398,0.06440559760111392
575.1428571428571,0.06662196490333566
575.1627906976745,0.0688046587208724
575.1827242524917,0.07094856458697912
575.202657807309,0.07304900468250036
575.2225913621262,0.07510168104530751
575.2425249169436,0.0771026289929727
575.2624584717609,0.07904817886963039
575.2823920265781,0.08093492457905345
575.3023255813954,0.08275969765582156
575.3222591362126,0.08451954586324276
575.3421926910299,0.08621171549861148
575.3621262458472,0.08783363674123494
575.3820598006645,0.08938291150356127
575.4019933554817,0.0908573033460374
575.421926910299,0.09225472909742033
575.4418604651163,0.0935732518873832
575.4617940199337,0.0948110753511581
575.4817275747508,0.09596653880858252
575.5016611295681,0.09703811325482789
575.5215946843854,0.0980243980282739
575.5415282392026,0.09892411804441917
575.56146179402,0.09973612150357893
575.5813953488372,0.10045937799613858
575.6013289036546,0.10109297694210706
575.6212624584717,0.10163612631277107
575.6411960132891,0.10208815159147988
575.6611295681064,0.10244849493849702
575.6810631229235,0.10271671453165436
575.7009966777409,0.10289248406039844
575.7209302325581,0.1029755923561847
575.7408637873755,0.10296594314678895
575.7607973421927,0.10286355492656267
575.78073089701,0.1026685609388413
575.8006644518273,0.10238120927063561
575.8205980066446,0.10200186306388939
575.8405315614618,0.1015310008517586
575.8604651162791,0.10096921703263574
575.8803986710964,0.10031722249960683
575.9003322259136,0.09957584544823062
575.9202657807309,0.09874603239152284
575.9401993355482,0.09782884941788993
575.9601328903656,0.09682548373587176
575.9800664451827,0.09573724555875188
576.0000000000001,0.09456557039347302
576.0199335548173,0.09331202181146696
576.0398671096345,0.0919782947951755
576.0598006644519,0.09056621977341883
576.0797342192691,0.08907776748246915
576.0996677740865,0.08751505481850104
576.1196013289036,0.085880351882568
576.139534883721,0.08417609046277809
576.1594684385383,0.0824048742522052
576.1794019933554,0.080569491167555
576.1993355481728,0.0786729282161813
576.21926910299,0.07671838946140076
576.2392026578074,0.07470931776342948
576.2591362126246,0.0726494211309602
576.2790697674419,0.07054270471413115
576.2990033222592,0.06839350971043
576.3189368770765,0.06620656074988085
576.3388704318937,0.06398702368187051
576.358803986711,0.061740576107558766
576.3787375415283,0.05947349348498727
576.3986710963455,0.05719275415876918
576.4186046511628,0.05490616717839061
576.4385382059801,0.05262252715696998
576.4584717607975,0.05035180046745655
576.4784053156146,0.048105346382538744
576.498338870432,0.0458961746623834
576.5182724252492,0.04373923648111761
576.5382059800664,0.04165173679285479
576.5581395348838,0.039653440993997945
576.578073089701,0.03776692449187512
576.5980066445184,0.03601767896906852
576.6179401993355,0.03443394613045112
576.6378737541529,0.03304611016141398
576.6578073089702,0.03188547101450889
576.6777408637874,0.03098228486895552
576.6976744186047,0.030363136524817893
576.7176079734219,0.030047994499012985
576.7375415282393,0.030047588244761832
576.7574750830565,0.030361847436496805
576.7774086378738,0.030979908808803414
576.7973421926911,0.03188168854626419
576.8172757475083,0.03304051179690239
576.8372093023256,0.034426058785432215
576.8571428571429,0.03600698952454909
576.8770764119602,0.037752898489882364
576.8970099667774,0.039635536253546225
576.9169435215947,0.04162941271079843
576.936877076412,0.04371196009663908
576.9568106312292,0.04586342449418468
576.9767441860465,0.048066614829397634
576.9966777408639,0.05030659533089728
577.0166112956811,0.052570372654302686
577.0365448504984,0.05484660467622938
577.0564784053156,0.05712534276445532
577.0764119601329,0.05939781057416074
577.0963455149503,0.061656217829688616
577.1162790697674,0.06389360546410573
577.1362126245848,0.06610371780700562
577.156146179402,0.06828089756201014
577.1760797342193,0.07041999970634606
577.1960132890366,0.07251632095900026
577.2159468438538,0.07456554198976377
577.2358803986712,0.07656368002514334
577.2558139534883,0.07850704992923316
577.2757475083057,0.08039223219341357
577.295681063123,0.08221604656382986
577.3156146179402,0.0839755302764084
577.3355481727575,0.085667920064605
577.3554817275748,0.08729063726305769
577.375415282392,0.0888412754574305
577.3953488372093,0.0903175902331154
577.4152823920266,0.09171749065799883
577.4352159468439,0.09303903220100321
577.4551495016611,0.09428041084181608
577.4750830564784,0.09543995817089876
577.4950166112958,0.09651613731414434
577.514950166113,0.0975075395455115
577.5348837209303,0.09841288147450472
577.5548172757475,0.09923100271496264
577.5747508305648,0.0999608639573425
577.5946843853822,0.10060154538049021
577.6146179401993,0.10115224534955197
577.6345514950167,0.10161227935647744
577.6544850498339,0.10198107916726701
577.6744186046512,0.10225819214718006
577.6943521594685,0.10244328074096687
577.7142857142858,0.10253612209056925
577.734219269103,0.10253660777748741
577.7541528239202,0.10244474368132478
577.7740863787376,0.10226064995032676
577.7940199335549,0.1019845610836337
577.8139534883721,0.10161682612903884
577.8338870431894,0.10115790900420478
577.8538205980067,0.10060838895354936
577.873754152824,0.09996896115787442
577.8936877076412,0.09924043751890124
577.9136212624585,0.09842374764681193
577.9335548172758,0.09751994008563031
577.953488372093,0.0965301838191834
577.9734219269103,0.09545577010935019
577.9933554817276,0.09429811472956667
578.0132890365448,0.09305876066922363
578.0332225913622,0.0917393814005423
578.0531561461794,0.09034178481831968
578.0730897009968,0.08886791798600699
578.0930232558139,0.08731987284976693
578.1129568106312,0.0856998931166072
578.1328903654486,0.0840103825351017
578.1528239202657,0.08225391486958603
578.1727574750831,0.08043324592341711
578.1926910299003,0.07855132804715974
578.2126245847177,0.07661132766720936
578.232558139535,0.07461664649394023
578.2524916943522,0.07257094722217022
578.2724252491695,0.07047818472674877
578.2923588039866,0.06834264399065594
578.312292358804,0.06616898629002146
578.3322259136213,0.0639623055077553
578.3521594684386,0.061728196859701955
578.3720930232558,0.05947284079167065
578.3920265780731,0.0572031053244627
578.4119601328904,0.05492667063824207
578.4318936877077,0.05265218009319913
578.4518272425249,0.0503894219781078
578.4717607973422,0.04814954569344296
578.4916943521595,0.04594531417514845
578.5116279069767,0.04379139010926321
578.5315614617941,0.04170464528412003
578.5514950166113,0.03970446807463674
578.5714285714287,0.03781302101076661
578.5913621262458,0.03605536688526885
578.6112956810631,0.0344593396546426
578.6312292358805,0.03305499574869505
578.6511627906976,0.031873467310973284
578.671096345515,0.030945092659608545
578.6910299003322,0.03029686336659361
578.7109634551496,0.02994950306284871
578.7308970099668,0.029914787907973674
578.7508305647841,0.03019384816560173
578.7707641196014,0.030776995097191763
578.7906976744185,0.031645131934940715
578.8106312292359,0.0327722888072352
578.8305647840532,0.03412855346102218
578.8504983388705,0.0356827396713992
578.8704318936877,0.037404412374719254
578.890365448505,0.039265179923381494
578.9102990033223,0.04123935394733875
578.9302325581397,0.04330415138913948
578.9501661129568,0.045439609593075594
578.9700996677741,0.04762834756921565
578.9900332225914,0.04985526337719565
579.0099667774086,0.05210722186858922
579.029900332226,0.054372761844804274
579.0498338870432,0.05664183570312296
579.0697674418606,0.058905585342662305
579.0897009966777,0.06115615316677731
579.1096345514951,0.06338652472576037
579.1295681063124,0.065590398747726
579.1495016611295,0.06776208029669427
579.1694352159469,0.06989639316010456
579.1893687707641,0.07198860807193459
579.2093023255815,0.0740343839021079
579.2292358803987,0.07602971942992
579.249169435216,0.07797091374582074
579.2691029900333,0.0798545336872603
579.2890365448505,0.08167738701390527
579.3089700996678,0.08343650027277187
579.3289036544851,0.08512910050286808
579.3488372093024,0.08675260008991649
579.3687707641196,0.08830458421118897
579.3887043189369,0.08978280041508106
579.4086378737542,0.09118514996384282
579.4285714285716,0.09250968063604731
579.4485049833887,0.0937545807397914
579.4684385382061,0.09491817413228455
579.4883720930233,0.09599891607735803
579.5083056478405,0.09699538980188747
579.5282392026579,0.09790630363618938
579.5481727574751,0.09873048864313581
579.5681063122925,0.09946689665709658
579.5880398671096,0.10011459866739292
579.607973421927,0.10067278349223314
579.6279069767443,0.10114075669855868
579.6478405315614,0.101517939731551
579.6677740863788,0.10180386922420644
579.687707641196,0.1019981964636418
579.7076411960134,0.10210068699607903
579.7275747508306,0.10211122035720048
579.7475083056479,0.10202978991905856
579.7674418604652,0.10185650284881217
579.7873754152824,0.10159158017869706
579.8073089700997,0.10123535699046086
579.827242524917,0.10078828272177237
579.8471760797343,0.10025092160633345
579.8671096345515,0.09962395326406476
579.8870431893688,0.09890817346290104
579.9069767441861,0.09810449507958022
579.9269102990033,0.09721394929319498
579.9468438538206,0.09623768705327174
579.966777408638,0.09517698087286276
579.9867109634552,0.09403322700789624
580.0066445182724,0.09280794809685293
580.0265780730897,0.09150279634993169
580.046511627907,0.09011955739552015
580.0664451827244,0.08866015491421136
580.0863787375415,0.08712665621793199
580.1063122923589,0.08552127896546766
580.126245847176,0.0838463992468932
580.1461794019934,0.0821045613203378
580.1661129568107,0.08029848934755161
580.1860465116279,0.07843110155273976
580.2059800664452,0.07650552732602972
580.2259136212624,0.07452512791321202
580.2458471760798,0.07249352148265717
580.2657807308971,0.07041461354531292
580.2857142857143,0.06829263393187819
580.3056478405316,0.06613218181072893
580.3255813953489,0.06393828056903264
580.3455149501661,0.06171644478226152
580.3654485049834,0.05947276196310033
580.3853820598007,0.0572139922930697
580.405315614618,0.05494769005523884
580.4252491694352,0.052682350907824894
580.4451827242525,0.050427589277853624
580.4651162790699,0.048194349666717984
580.485049833887,0.045995153947326506
580.5049833887044,0.043844382811110215
580.5249169435216,0.041758581875417415
580.5448504983389,0.03975676945993394
580.5647840531562,0.037860701165442594
580.5847176079734,0.03609501421228604
580.6046511627908,0.0344871331934797
580.624584717608,0.03306677747185412
580.6445182724253,0.03186489192041309
580.6644518272426,0.030911866675358064
580.6843853820598,0.030235061631761696
580.7043189368771,0.029855915905374387
580.7242524916943,0.029787221158529758
580.7441860465117,0.03003129374317232
580.764119601329,0.03057962445513623
580.7840531561462,0.03141412422926743
580.8039867109635,0.032509556535221314
580.8239202657808,0.03383644479712781
580.843853820598,0.03536377941016539
580.8637873754153,0.03706111154869516
580.8837209302326,0.03889991657143527
580.9036544850499,0.040854312077235264
580.9235880398671,0.042901300641796265
580.9435215946844,0.04502070986521038
580.9634551495017,0.04719496687357314
580.9833887043189,0.049408801237196764
581.0033222591363,0.051648933680040095
581.0232558139535,0.05390378177929015
581.0431893687708,0.0561631970614016
581.063122923588,0.058418238034070265
581.0830564784053,0.06066097839567197
581.1029900332227,0.0628843471546189
581.1229235880398,0.06508199647270123
581.1428571428572,0.06724819297397183
581.1627906976744,0.06937772859325224
581.1827242524918,0.07146584753094956
581.202657807309,0.07350818640321972
581.2225913621262,0.07550072516656477
581.2425249169436,0.07743974682721055
581.2624584717607,0.07932180431219231
581.2823920265781,0.08114369318341841
581.3023255813954,0.08290242912573226
581.3222591362127,0.0845952293426322
581.3421926910299,0.08621949715726752
581.3621262458472,0.08777280924847014
581.3820598006645,0.08925290505796635
581.4019933554817,0.09065767799059148
581.421926910299,0.09198516809854558
581.4418604651163,0.09323355599632054
581.4617940199336,0.0944011577984867
581.4817275747508,0.09548642090882543
581.5016611295682,0.09648792051965853
581.5215946843854,0.0974043567042513
581.5415282392028,0.09823455200569851
581.5614617940199,0.09897744944188934
581.5813953488372,0.09963211086027987
581.6013289036546,0.10019771558737191
581.6212624584717,0.10067355932775239
581.6411960132891,0.10105905327549476
581.6611295681063,0.10135372340799319
581.6810631229237,0.1015572099382175
581.7009966777409,0.10166926690687499
581.7209302325582,0.10168976190075005
581.7408637873755,0.10161867588797928
581.7607973421926,0.10145610316508898
581.78073089701,0.10120225141476455
581.8006644518273,0.10085744187714367
581.8205980066446,0.10042210964171856
581.8405315614618,0.09989680407091256
581.8604651162791,0.0992821893712543
581.8803986710964,0.09857904533296682
581.9003322259136,0.09778826826451138
581.9202657807309,0.0969108721551422
581.9401993355482,0.0959479901059804
581.9601328903655,0.09490087607894777
581.9800664451827,0.0937709070234071
582.0000000000001,0.0925595854525811
582.0199335548173,0.09126854255695808
582.0398671096347,0.08989954195980653
582.0598006644518,0.08845448424189044
582.0797342192691,0.08693541238903098
582.0996677740865,0.08534451834919307
582.1196013289036,0.0836841509255295
582.139534883721,0.08195682528190561
582.1594684385382,0.08016523439815397
582.1794019933556,0.0783122628887408
582.1993355481728,0.07640100369230507
582.2192691029901,0.07443477825681774
582.2392026578074,0.07241716099001791
582.2591362126245,0.07035200892491111
582.2790697674419,0.0682434977719387
582.2990033222592,0.06609616580194007
582.3189368770765,0.0639149673340662
582.3388704318937,0.06170533799680259
582.358803986711,0.05947327438689501
582.3787375415283,0.05722543125685108
582.3986710963457,0.05496923987634729
582.4186046511628,0.05271305164805955
582.4385382059801,0.05046631123830556
582.4584717607974,0.04823976308585515
582.4784053156146,0.046045693615112245
582.498338870432,0.043898207872803185
582.5182724252492,0.04181353218414402
582.5382059800666,0.03981032173378218
582.5581395348837,0.037909931229752454
582.5780730897011,0.03613657594498065
582.5980066445184,0.03451727011042606
582.6179401993355,0.03308138768573438
582.6378737541529,0.031859668082020426
582.6578073089701,0.030882524244900286
582.6777408637874,0.030177646855341567
582.6976744186047,0.029767150925584514
582.717607973422,0.02966481138857844
582.7375415282393,0.02987411437948576
582.7574750830565,0.030387733332020894
582.7774086378738,0.03118860619090686
582.7973421926911,0.03225225761908127
582.8172757475083,0.03354967507468613
582.8372093023256,0.03505004901488826
582.8571428571429,0.03672293329057287
582.8770764119602,0.03853968005123305
582.8970099667774,0.04047421749339681
582.9169435215947,0.04250333499227052
582.9368770764121,0.04460664952265238
582.9568106312292,0.04676639440598685
582.9767441860465,0.048967128404846606
582.9966777408638,0.051195425770237155
583.0166112956811,0.05343958067406529
583.0365448504984,0.055689341837204025
583.0564784053156,0.0579356827077113
583.076411960133,0.060170606865708465
583.0963455149501,0.06238698559329116
583.1162790697674,0.06457842349977015
583.1362126245848,0.0667391479511466
583.156146179402,0.0688639183522523
583.1760797342193,0.07094795180942186
583.1960132890365,0.0729868622213599
583.2159468438539,0.07497661033822457
583.2358803986712,0.07691346276494646
583.2558139534884,0.07879395825629736
583.2757475083057,0.08061487996074876
583.2956810631229,0.08237323252408603
583.3156146179402,0.08406622317017104
583.3355481727575,0.08569124604340889
583.3554817275748,0.08724586923194662
583.375415282392,0.0887278239993614
583.3953488372093,0.09013499583970089
583.4152823920266,0.09146541704135354
583.435215946844,0.09271726050198519
583.4551495016611,0.09388883458298526
583.4750830564784,0.09497857882914781
583.4950166112957,0.09598506040976948
583.514950166113,0.09690697116239323
583.5348837209303,0.09774312514066164
583.5548172757475,0.09849245658484089
583.5747508305649,0.09915401824739538
583.594684385382,0.0997269800176822
583.6146179401994,0.10021062779982834
583.6345514950167,0.10060436260586154
583.6544850498339,0.10090769983358784
583.6744186046512,0.10112026870464515
583.6943521594684,0.10124181184380528
583.7142857142858,0.10127218498527107
583.734219269103,0.10121135679631998
583.7541528239203,0.10105940881271946
583.7740863787376,0.10081653548440614
583.7940199335549,0.10048304433387219
583.8139534883721,0.10005935623373016
583.8338870431894,0.09954600581411745
583.8538205980067,0.09894364201526289
583.873754152824,0.09825302880533206
583.8936877076412,0.09747504608939159
583.9136212624585,0.09661069084162531
583.9335548172758,0.09566107850034189
583.953488372093,0.09462744467386777
583.9734219269104,0.09351114721568965
583.9933554817276,0.09231366873925634
584.0132890365448,0.09103661965749407
584.0332225913621,0.08968174184964198
584.0531561461794,0.08825091307939138
584.0730897009968,0.08674615231431468
584.0930232558139,0.08516962612841832
584.1129568106313,0.08352365640888605
584.1328903654485,0.08181072963620382
584.1528239202657,0.08003350806654666
584.1727574750831,0.07819484321916285
584.1926910299003,0.07629779216306186
584.2126245847177,0.07434563721106568
584.2325581395348,0.07234190977049695
584.2524916943522,0.07029041927463593
584.2724252491695,0.06819528833535625
584.2923588039868,0.06606099552220267
584.312292358804,0.06389242749546599
584.3322259136212,0.061694942605470406
584.3521594684386,0.05947444851806496
584.3720930232558,0.05723749692526804
584.3920265780731,0.054991398913538304
584.4119601328904,0.05274436500881469
584.4318936877077,0.050505674134219594
584.4518272425249,0.048285875402150666
584.4717607973423,0.04609702528830423
584.4916943521595,0.043952959422685386
584.5116279069767,0.04186959160467456
584.531561461794,0.03986522073134061
584.5514950166113,0.03796080667011844
584.5714285714287,0.03618014654273676
584.5913621262458,0.0345498436180413
584.6112956810632,0.033098918782704725
584.6312292358804,0.03185788867398103
584.6511627906978,0.03085716091223115
584.671096345515,0.030124719910113285
584.6910299003322,0.029683316670785605
584.7109634551496,0.029547675893045418
584.7308970099667,0.02972243527449945
584.7508305647841,0.030201452113889565
584.7707641196014,0.030968709491498384
584.7906976744187,0.03200052089469856
584.8106312292359,0.03326836674209854
584.8305647840532,0.03474166196871847
584.8504983388705,0.036389980561714
584.8704318936877,0.03818456210224134
584.890365448505,0.040099150633353293
584.9102990033223,0.04211032389446877
584.9302325581396,0.044197487579996204
584.9501661129568,0.04634267939265093
584.9700996677742,0.048530284999842965
584.9900332225914,0.05074672982097642
585.0099667774087,0.05298018240484287
585.0299003322259,0.055220286684660454
585.0498338870432,0.0574579293303268
585.0697674418606,0.05968504234130607
585.0897009966777,0.06189443804315329
585.1096345514951,0.06407967246493851
585.1295681063123,0.06623493285929728
585.1495016611296,0.06835494539063215
585.1694352159469,0.0704348994815434
585.1893687707642,0.0724703858239047
585.2093023255815,0.07445734555534428
585.2292358803986,0.07639202854236493
585.249169435216,0.0782709590879149
585.2691029900333,0.0800909076956097
585.2890365448505,0.08184886778122653
585.3089700996678,0.08354203643230425
585.3289036544851,0.08516779848694386
585.3488372093024,0.08672371334013669
585.3687707641196,0.08820750399648873
585.3887043189369,0.08961704797731608
585.4086378737542,0.09095036976188144
585.4285714285714,0.09220563450047325
585.4485049833887,0.09338114278399853
585.4684385382061,0.09447532629286719
585.4883720930233,0.09548674417890332
585.5083056478406,0.09641408005943519
585.5282392026578,0.09725613952352602
585.5481727574751,0.09801184806735252
585.5681063122925,0.09868024939009738
585.5880398671096,0.09926050399352526
585.607973421927,0.09975188803826898
585.6279069767442,0.10015379241848425
585.6478405315615,0.10046572202351008
585.6677740863788,0.10068729516163637
585.6877076411961,0.1008182431263984
585.7076411960134,0.1008584098907724
585.7275747508305,0.10080775191920475
585.7475083056479,0.10066633809143122
585.7674418604652,0.10043434973619521
585.7873754152824,0.10011208077682325
585.8073089700997,0.09969993799470513
585.827242524917,0.09919844142082337
585.8471760797343,0.09860822487003697
585.8671096345515,0.09793003663766221
585.8870431893688,0.0971647403834013
585.9069767441861,0.0963133162339363
585.9269102990033,0.0953768621426899
585.9468438538206,0.09435659555368135
585.9667774086379,0.09325385542643155
585.9867109634552,0.09207010469059235
586.0066445182725,0.09080693321338322
586.0265780730897,0.08946606137991685
586.0465116279071,0.08804934440741227
586.0664451827242,0.08655877753959655
586.0863787375415,0.0849965022987016
586.1063122923589,0.08336481401049728
586.126245847176,0.08166617086485067
586.1461794019934,0.07990320483221529
586.1661129568106,0.07807873482839253
586.186046511628,0.07619578260890314
586.2059800664452,0.07425759198501121
586.2259136212625,0.07226765209067577
586.2458471760798,0.07022972559989919
586.265780730897,0.06814788300422142
586.2857142857143,0.06602654431822376
586.3056478405316,0.06387052989494045
586.3255813953489,0.06168512240890281
586.3455149501661,0.05947614250341813
586.3654485049834,0.057250041090378685
586.3853820598007,0.05501401180249659
586.4053156146181,0.05277612755428693
586.4252491694352,0.050545505418072414
586.4451827242525,0.04833250378337306
586.4651162790698,0.04614895454561632
586.485049833887,0.044008430033257155
586.5049833887044,0.04192653822200379
586.5249169435216,0.03992122860189676
586.544850498339,0.038013072454340484
586.5647840531561,0.036225453012307986
586.5847176079734,0.034584562814637974
586.6046511627908,0.03311906327031639
586.624584717608,0.03185923258488149
586.6445182724253,0.03083544671926131
586.6644518272425,0.030075948240383198
586.6843853820599,0.02960408482115722
586.7043189368771,0.029435496748752413
586.7242524916944,0.029575953264108723
586.7441860465117,0.03002049445941714
586.7641196013288,0.030754164638441644
586.7840531561462,0.03175409244487117
586.8039867109635,0.03299227966969812
586.8239202657808,0.03443839017408684
586.843853820598,0.03606203582812853
586.8637873754153,0.03783435461778997
586.8837209302326,0.039728911958365955
586.9036544850499,0.04172207571431044
586.9235880398671,0.04379303977089669
586.9435215946844,0.045923644475769125
586.9634551495017,0.04809810016196746
586.9833887043189,0.05030268109087243
587.0033222591362,0.05252542799503467
587.0232558139535,0.05475587805954455
587.0431893687709,0.056984829478388746
587.063122923588,0.05920414122857687
587.0830564784054,0.061406565469583
587.1029900332226,0.06358560864294141
587.1229235880398,0.06573541705265404
587.1428571428572,0.06785068293163138
587.1627906976744,0.06992656744756481
587.1827242524918,0.07195863761352804
587.2026578073089,0.07394281456476233
587.2225913621263,0.07587533110741565
587.2425249169436,0.07775269682710934
587.2624584717609,0.07957166936410928
587.2823920265781,0.08132923072510125
587.3023255813953,0.08302256771545866
587.3222591362127,0.08464905574938639
587.3421926910299,0.08620624543523608
587.3621262458472,0.08769185144601391
587.3820598006645,0.08910374327582118
587.4019933554817,0.09043993755624903
587.421926910299,0.09169859166575962
587.4418604651164,0.09287799841297117
587.4617940199336,0.0939765816135066
587.4817275747508,0.09499289241171258
587.5016611295681,0.095925606224281
587.5215946843854,0.09677352020412087
587.5415282392028,0.09753555114005047
587.5614617940199,0.09821073372259809
587.5813953488373,0.09879821911793278
587.6013289036545,0.09929727380240784
587.6212624584718,0.09970727861838145
587.6411960132891,0.10002772801955968
587.6611295681063,0.1002582294802753
587.6810631229237,0.10039850304870238
587.7009966777408,0.10044838102895343
587.7209302325582,0.10040780778144273
587.7408637873755,0.10027683963520381
587.7607973421927,0.10005564490973469
587.78073089701,0.09974450404791678
587.8006644518272,0.09934380986565934
587.8205980066446,0.09885406792780677
587.8405315614618,0.09827589706452843
587.8604651162791,0.09761003004707147
587.8803986710964,0.09685731444724106
587.9003322259136,0.09601871371101936
587.9202657807309,0.09509530848394249
587.9401993355483,0.09408829823389252
587.9601328903655,0.09299900322698627
587.9800664451827,0.09182886692350835
588.0,0.09057945887500408
588.0199335548173,0.0892524782202546
588.0398671096347,0.08784975789810133
588.0598006644518,0.08637326971998995
588.0797342192692,0.08482513047514045
588.0996677740864,0.08320760927853374
588.1196013289037,0.08152313641749784
588.139534883721,0.0797743140091499
588.1594684385382,0.07796392885097757
588.1794019933556,0.07609496793320475
588.1993355481727,0.07417063718951163
588.2192691029901,0.07219438419591984
588.2392026578074,0.07016992569336111
588.2591362126246,0.06810128101390744
588.2790697674419,0.0659928127421589
588.2990033222592,0.06384927624916739
588.3189368770765,0.06167588010362243
588.3388704318937,0.05947835979470872
588.358803986711,0.0572630676855442
588.3787375415283,0.05503708262480339
588.3986710963455,0.05280834310885122
588.4186046511628,0.050585808166346884
588.4385382059802,0.04837964996962027
588.4584717607974,0.046201481095489216
588.4784053156147,0.044064616579623586
588.4983388704319,0.04198436518866657
588.5182724252492,0.03997833385034958
588.5382059800666,0.03806671158207505
588.5581395348837,0.03627247223290499
588.5780730897011,0.03462139834194754
588.5980066445183,0.03314178624727783
588.6179401993356,0.03186366116138653
588.6378737541529,0.03081734224327153
588.6578073089702,0.03003129554202539
588.6777408637874,0.029529426231190665
588.6976744186046,0.02932825511932118
588.717607973422,0.02943466119778546
588.7375415282393,0.029844864227119246
588.7574750830565,0.03054498420288456
588.7774086378738,0.03151299048760505
588.7973421926911,0.03272143471332339
588.8172757475083,0.03414025469220829
588.8372093023256,0.035739118675950754
588.8571428571429,0.03748907472143519
588.8770764119602,0.039363515673256154
588.8970099667774,0.041338601640138625
588.9169435215947,0.04339331438590442
588.936877076412,0.04550929528228363
588.9568106312292,0.047670577139211356
588.9767441860466,0.049863280745715416
588.9966777408638,0.05207531681614238
589.0166112956811,0.05429611380825418
589.0365448504983,0.05651637971996309
589.0564784053156,0.058727899041551096
589.076411960133,0.06092336253580324
589.0963455149501,0.06309622603064223
589.1162790697675,0.06524059402978573
589.1362126245847,0.06735112412948276
589.1561461794021,0.06942294865925325
589.1760797342193,0.07145161047117994
589.1960132890365,0.07343301029947552
589.2159468438539,0.07536336356055867
589.235880398671,0.07723916485077995
589.2558139534884,0.0790571587230403
589.2757475083057,0.08081431559106832
589.295681063123,0.08250781182801294
589.3156146179402,0.08413501330285232
589.3355481727575,0.0856934617405429
589.3554817275748,0.08718086340689755
589.375415282392,0.08859507971162288
589.3953488372093,0.08993411939762011
589.4152823920266,0.091196132044824
589.4352159468439,0.09237940266563398
589.4551495016611,0.09348234720850541
589.4750830564785,0.0945035088184153
589.4950166112957,0.09544155472919857
589.5149501661131,0.09629527368430814
589.5348837209302,0.09706357380030095
589.5548172757475,0.09774548080198042
589.5747508305649,0.09834013657041334
589.594684385382,0.09884679795529557
589.6146179401994,0.0992648358117606
589.6345514950166,0.0995937342291778
589.654485049834,0.0998330899258112
589.6744186046512,0.09998261178889079
589.6943521594685,0.10004212054450623
589.7142857142858,0.10001154854637083
589.7342192691029,0.09989093967665635
589.7541528239203,0.09968044935604473
589.7740863787376,0.09938034466422142
589.7940199335549,0.09899100457581753
589.8139534883721,0.09851292032102003
589.8338870431894,0.097946695884418
589.8538205980067,0.09729304866038674
589.873754152824,0.0965528102886324
589.8936877076412,0.09572692769957757
589.9136212624585,0.09481646440607441
589.9335548172758,0.09382260208621084
589.953488372093,0.09274664251129998
589.9734219269103,0.09159000988458772
589.9933554817276,0.09035425366973485
590.013289036545,0.08904105200448047
590.0332225913621,0.08765221581466705
590.0531561461794,0.08618969376790167
590.0730897009967,0.08465557823567378
590.0930232558139,0.08305211246872363
590.1129568106313,0.08138169923517187
590.1328903654485,0.07964691122561532
590.1528239202659,0.07785050359765143
590.172757475083,0.07599542911635253
590.1926910299004,0.07408485645198848
590.2126245847177,0.07212219232606829
590.2325581395348,0.07011110835785513
590.2524916943522,0.0680555736625161
590.2724252491694,0.06595989449682158
590.2923588039868,0.06382876254670726
590.312292358804,0.0616673138094508
590.3322259136213,0.05948120044420918
590.3521594684386,0.05727667844138775
590.3720930232558,0.055060714466813085
590.3920265780731,0.0528411157076836
590.4119601328904,0.050626686853949214
590.4318936877077,0.048427418245131665
590.4518272425249,0.046254708261977306
590.4717607973422,0.044121620505112924
590.4916943521595,0.042043170998274065
590.5116279069769,0.0400366308331915
590.531561461794,0.03812181304299353
590.5514950166114,0.036321286698341386
590.5714285714286,0.03466042539297818
590.5913621262458,0.03316715541456502
590.6112956810632,0.031871235320821034
590.6312292358804,0.030802903363557427
590.6511627906978,0.029990815245819404
590.6710963455149,0.029459394691032762
590.6910299003323,0.02922600726164179
590.7109634551496,0.02929861839645974
590.7308970099668,0.029674622624388535
590.7508305647841,0.030341228738087235
590.7707641196013,0.0312772718381498
590.7906976744187,0.03245588212030412
590.8106312292359,0.033847297113378784
590.8305647840532,0.035421260824896966
590.8504983388705,0.03714874381975061
590.8704318936877,0.03900297299558427
590.890365448505,0.04095990318392055
590.9102990033224,0.042998303907908694
590.9302325581396,0.04509961602011737
590.9501661129568,0.04724769262410261
590.9700996677741,0.049428498687139104
590.9900332225914,0.051629812648729956
591.0099667774087,0.05384095219844427
591.0299003322259,0.05605253335659283
591.0498338870433,0.0582562646049062
591.0697674418604,0.06044477402694447
591.0897009966778,0.06261146576494508
591.1096345514951,0.06475040163042434
591.1295681063123,0.06685620384282902
591.1495016611296,0.06892397527997818
591.1694352159468,0.07094923412454202
591.1893687707642,0.072927860288356
591.2093023255815,0.07485605144896462
591.2292358803987,0.07673028692432075
591.249169435216,0.0785472979409077
591.2691029900332,0.08030404312235977
591.2890365448505,0.08199768824789952
591.3089700996678,0.08362558950956882
591.3289036544851,0.08518527964289835
591.3488372093024,0.08667445642261218
591.3687707641196,0.08809097310934434
591.3887043189369,0.08943283050947054
591.4086378737543,0.0906981703714435
591.4285714285714,0.09188526989179858
591.4485049833887,0.09299253714413581
591.468438538206,0.09401850727722623
591.4883720930233,0.09496183935517472
591.5083056478406,0.09582131373433526
591.5282392026578,0.09659582988992504
591.5481727574752,0.09728440462002906
591.5681063122923,0.09788617056725439
591.5880398671097,0.09840037500859522
591.607973421927,0.09882637887295458
591.6279069767442,0.09916365595316365
591.6478405315615,0.09941179228588175
591.6677740863787,0.0995704856783923
591.6877076411961,0.09963954536624244
591.7076411960134,0.09961889179041122
591.7275747508306,0.09950855648665263
591.7475083056479,0.09930868208390832
591.7674418604652,0.0990195224124293
591.7873754152824,0.09864144272628475
591.8073089700997,0.09817492004890366
591.827242524917,0.09762054365473957
591.8471760797343,0.0969790157046821
591.8671096345515,0.09625115205825047
591.8870431893688,0.09543788329129713
591.9069767441861,0.09454025595496161
591.9269102990033,0.09355943411933888
591.9468438538207,0.09249670125477576
591.9667774086379,0.09135346251472495
591.9867109634552,0.09013124749728801
592.0066445182724,0.0888317135785987
592.0265780730897,0.08745664993047857
592.0465116279071,0.08600798235820013
592.0664451827242,0.08448777912311738
592.0863787375416,0.08289825794980825
592.1063122923588,0.08124179446104082
592.1262458471762,0.07952093233702913
592.1461794019934,0.07773839556187111
592.1661129568106,0.0758971032018621
592.186046511628,0.07400018726222139
592.2059800664451,0.07205101429508769
592.2259136212625,0.07005321158819927
592.2458471760798,0.06801069895742402
592.2657807308971,0.06592772740455125
592.2857142857143,0.06380892619258766
592.3056478405315,0.061659360240715146
592.3255813953489,0.0594846001533358
592.3455149501661,0.057290807666395174
592.3654485049834,0.05508483979577987
592.3853820598007,0.052874375448787286
592.405315614618,0.05066806859003631
592.4252491694352,0.04847573200857301
592.4451827242526,0.04630855490357383
592.4651162790698,0.04417935519451474
592.485049833887,0.042102862548070295
592.5049833887043,0.04009601892295483
592.5249169435216,0.038178267733892254
592.544850498339,0.036371778147249935
592.5647840531561,0.03470151640255168
592.5847176079735,0.03319503463200498
592.6046511627907,0.03188181228316251
592.6245847176081,0.030791983973940482
592.6445182724253,0.02995436242079873
592.6644518272425,0.029393851448530593
592.6843853820599,0.029128625037850086
592.704318936877,0.02916771015671687
592.7242524916944,0.029509669058124542
592.7441860465117,0.030142810505828878
592.764119601329,0.031046859176508065
592.7840531561462,0.0321955522251188
592.8039867109635,0.03355945295493566
592.8239202657808,0.03510840107980453
592.843853820598,0.03681330271102582
592.8637873754153,0.03864722591685349
592.8837209302326,0.040585923081410166
592.9036544850499,0.04260795159328864
592.9235880398671,0.04469455037479106
592.9435215946844,0.04682939071060493
592.9634551495017,0.048998279430433805
592.983388704319,0.05118886045504725
593.0033222591362,0.05339033866711707
593.0232558139535,0.05559323632524817
593.0431893687708,0.05778918437675422
593.063122923588,0.05997074693947419
593.0830564784054,0.062131275394683105
593.1029900332226,0.06426478796761725
593.12292358804,0.06636587075950093
593.1428571428571,0.0684295965824651
593.1627906976745,0.07045145844144908
593.1827242524918,0.07242731500519957
593.2026578073089,0.07435334586415095
593.2225913621263,0.07622601476984986
593.2425249169435,0.07804203938444954
593.2624584717609,0.07979836634563352
593.2823920265781,0.08149215067811624
593.3023255813954,0.08312073876641315
593.3222591362127,0.08468165425160938
593.3421926910299,0.0861725863342955
593.3621262458472,0.08759138006207706
593.3820598006645,0.0889360282575429
593.4019933554817,0.0902046648051494
593.421926910299,0.09139555906617339
593.4418604651163,0.09250711123175022
593.4617940199336,0.09353784845758784
593.481727574751,0.09448642165096137
593.5016611295681,0.09535160280309458
593.5215946843854,0.09613228277825664
593.5415282392026,0.0968274694861321
593.5614617940199,0.09743628637667266
593.5813953488373,0.09795797120712968
593.6013289036545,0.09839187504000413
593.6212624584718,0.09873746143807974
593.641196013289,0.09899430582938645
593.6611295681064,0.09916209502062714
593.6810631229237,0.09924062684249554
593.7009966777408,0.09922980991520289
593.7209302325582,0.09912966352638956
593.7408637873754,0.09894031761795109
593.7607973421927,0.09866201288194112
593.78073089701,0.09829510096981234
593.8006644518273,0.09784004482315045
593.8205980066446,0.09729741913846417
593.8405315614618,0.09666791098306836
593.8604651162791,0.09595232058436992
593.8803986710964,0.09515156232056363
593.9003322259136,0.09426666594753212
593.9202657807309,0.0932987781043054
593.9401993355482,0.09224916414878308
593.9601328903655,0.09111921038602462
593.9800664451828,0.08991042676447637
594.0,0.08862445013103501
594.0199335548174,0.08726304815463168
594.0398671096345,0.08582812405101307
594.0598006644518,0.08432172226924865
594.0797342192692,0.08274603533491352
594.0996677740864,0.0811034120869631
594.1196013289037,0.07939636759741488
594.1395348837209,0.07762759512735783
594.1594684385383,0.07579998055247358
594.1794019933556,0.0739166197903638
594.1993355481728,0.07198083988467138
594.2192691029901,0.0699962245535688
594.2392026578073,0.0679666451983089
594.2591362126246,0.06589629859990893
594.2790697674419,0.06378975281511383
594.2990033222592,0.06165200312464182
594.3189368770765,0.05948854028989459
594.3388704318937,0.05730543383553745
594.358803986711,0.055109433572029035
594.3787375415284,0.05290809305261769
594.3986710963455,0.0507099190105681
594.4186046511628,0.04852455083197965
594.4385382059801,0.0463629734022752
594.4584717607974,0.04423776456429241
594.4784053156147,0.04216337387968399
594.4983388704319,0.04015642079161828
594.5182724252493,0.03823598547727579
594.5382059800664,0.03642384226384021
594.5581395348838,0.03474455208714236
594.5780730897011,0.03322528963106947
594.5980066445183,0.03189524396377425
594.6179401993356,0.03078442478041881
594.6378737541528,0.029921770533837107
594.6578073089702,0.029332627507100844
594.6777408637874,0.029035941586301066
594.6976744186047,0.02904177512437853
594.717607973422,0.02934984920232041
594.7375415282391,0.02994958194410813
594.7574750830565,0.03082161027302995
594.7774086378738,0.031940306301519075
594.7973421926911,0.033276585349816215
594.8172757475083,0.0348004032489305
594.8372093023256,0.036482615185039986
594.8571428571429,0.03829613790641151
594.8770764119602,0.040216524440462746
594.8970099667774,0.04222212029430751
594.9169435215947,0.04429396111496948
594.936877076412,0.04641553427185176
594.9568106312292,0.04857248613044897
594.9767441860465,0.05075232382615046
594.9966777408638,0.0529441373700386
595.0166112956812,0.05513835345022095
595.0365448504983,0.05732652393244836
595.0564784053157,0.05950114766495694
595.0764119601329,0.06165552217925632
595.0963455149501,0.06378362121000711
595.1162790697675,0.06587999399143223
595.1362126245847,0.06793968265079642
595.1561461794021,0.06995815450368184
595.1760797342192,0.0719312465529494
595.1960132890366,0.07385511995270333
595.2159468438539,0.07572622259978391
595.2358803986712,0.07754125835441711
595.2558139534884,0.07929716167308529
595.2757475083056,0.08099107666634818
595.295681063123,0.08262033978167059
595.3156146179402,0.08418246546179646
595.3355481727575,0.0856751342513473
595.3554817275748,0.08709618292212563
595.375415282392,0.08844359626682856
595.3953488372093,0.08971550027450964
595.4152823920267,0.09091015645282341
595.4352159468439,0.09202595710385086
595.4551495016611,0.09306142139423677
595.4750830564784,0.09401519208819346
595.4950166112957,0.0948860328345304
595.5149501661131,0.0956728259176556
595.5348837209302,0.09637457039779353
595.5548172757476,0.09699038057859354
595.5747508305648,0.09751948475104094
595.5946843853822,0.09796122417151214
595.6146179401994,0.0983150522396281
595.6345514950166,0.09858053384816383
595.654485049834,0.09875734488292782
595.6744186046511,0.09884527185576793
595.6943521594685,0.09884421165838747
595.7142857142858,0.09875417142892602
595.734219269103,0.09857526852721486
595.7541528239203,0.09830773061864989
595.7740863787375,0.0979518958703165
595.7940199335549,0.09750821326723177
595.8139534883721,0.09697724306052849
595.8338870431894,0.09635965736426029
595.8538205980067,0.09565624092227433
595.873754152824,0.09486789207256102
595.8936877076412,0.0939956239427939
595.9136212624585,0.09304056591856567
595.9335548172758,0.09200396543458632
595.953488372093,0.0908871901497738
595.9734219269103,0.08969173057979676
595.9933554817276,0.08841920327568618
596.0132890365448,0.08707135465580017
596.0332225913621,0.08565006562033421
596.0531561461795,0.08415735710525815
596.0730897009967,0.08259539676562168
596.093023255814,0.0809665070194707
596.1129568106312,0.07927317473414425
596.1328903654485,0.07751806289939747
596.1528239202659,0.07570402470947626
596.172757475083,0.07383412057236288
596.1926910299004,0.07191163868421031
596.2126245847176,0.06994011995479264
596.232558139535,0.06792338825353116
596.2524916943522,0.06586558717135035
596.2724252491695,0.06377122476970445
596.2923588039868,0.06164522812176625
596.3122923588039,0.05949300984523245
596.3322259136213,0.05732054927918135
596.3521594684386,0.05513449144953932
596.3720930232558,0.052942267450305634
596.3920265780731,0.05075224023801167
596.4119601328904,0.04857387989543912
596.4318936877077,0.04641797180755785
596.451827242525,0.04429685928923468
596.4717607973422,0.04222471800386993
596.4916943521595,0.04021785148365259
596.5116279069767,0.0382949831049939
596.531561461794,0.03647749759852628
596.5514950166114,0.03478955301099309
596.5714285714286,0.033257943890998856
596.5913621262459,0.031911558505403635
596.6112956810631,0.030780261302407318
596.6312292358805,0.02989308597772412
596.6511627906978,0.029275783804685058
596.6710963455149,0.02894803527474158
596.6910299003323,0.02892091023514464
596.7109634551495,0.029195277475880816
596.7308970099668,0.029761671912126607
596.7508305647841,0.030601664264624837
596.7707641196014,0.03169028945291588
596.7906976744187,0.03299884162876652
596.8106312292359,0.034497414057413495
596.8305647840532,0.036156825453198246
596.8504983388705,0.037949849525768645
596.8704318936877,0.039851843604871484
596.890365448505,0.04184094195102852
596.9102990033223,0.043897975828426215
596.9302325581396,0.046006246731218656
596.9501661129569,0.048151238304536416
596.9700996677741,0.050320318661461715
596.9900332225914,0.05250246088255981
597.0099667774086,0.05468799426919055
597.0299003322259,0.05686839004418107
597.0498338870433,0.05903608046523542
597.0697674418604,0.0611843081075553
597.0897009966778,0.06330700129367663
597.109634551495,0.06539867162582536
597.1295681063124,0.0674543299124348
597.1495016611296,0.06946941725452445
597.1694352159468,0.07143974855409932
597.1893687707642,0.07336146616869209
597.2093023255813,0.07523100184218144
597.2292358803987,0.07704504538631186
597.249169435216,0.0788005188729218
597.2691029900333,0.08049455533136181
597.2890365448505,0.08212448113567823
597.3089700996678,0.08368780142013087
597.3289036544851,0.08518218798570668
597.3488372093024,0.08660546926024021
597.3687707641196,0.0879556219553507
597.3887043189369,0.08923076412848593
597.4086378737542,0.090429149410796
597.4285714285714,0.0915491622043587
597.4485049833888,0.09258931368661531
597.468438538206,0.0935482384884259
597.4883720930234,0.09442469193501082
597.5083056478405,0.09521754775817437
597.5282392026578,0.09592579620383844
597.5481727574752,0.09654854247201122
597.5681063122923,0.09708500543716896
597.5880398671097,0.09753451660613782
597.6079734219269,0.097896519278601
597.6279069767443,0.0981705678816653
597.6478405315615,0.09835632745617744
597.6677740863788,0.09845357327726968
597.6877076411961,0.09846219059650321
597.7076411960132,0.09838217449704018
597.7275747508306,0.09821362985750676
597.7475083056479,0.09795677142384294
597.7674418604652,0.09761192399258167
597.7873754152824,0.09717952271272276
597.8073089700997,0.09666011351773032
597.827242524917,0.09605435370354434
597.8471760797343,0.09536301267358818
597.8671096345515,0.0945869728772781
597.8870431893688,0.09372723097498385
597.9069767441861,0.09278489926985631
597.9269102990033,0.09176120745556797
597.9468438538206,0.09065750473946275
597.9667774086379,0.08947526241288412
597.9867109634553,0.0882160769552701
598.0066445182724,0.08688167377660135
598.0265780730898,0.08547391172442892
598.046511627907,0.08399478850842333
598.0664451827242,0.08244644722782198
598.0863787375416,0.08083118422718537
598.1063122923588,0.07915145855516179
598.1262458471762,0.07740990336201001
598.1461794019933,0.07560933964696981
598.1661129568107,0.07375279286042612
598.186046511628,0.07184351298186997
598.2059800664451,0.06988499883896107
598.2259136212625,0.06788102761131569
598.2458471760797,0.06583569068266769
598.2657807308971,0.06375343727396078
598.2857142857143,0.06163912761544425
598.3056478405316,0.05949809780184579
598.3255813953489,0.057336238919461734
598.3455149501661,0.05516009352063716
598.3654485049834,0.05297697300548867
598.3853820598007,0.05079509985723713
598.405315614618,0.048623778781097506
598.4252491694352,0.04647360027971481
598.4451827242525,0.04435667847859859
598.4651162790698,0.0422869211394402
598.4850498338872,0.04028032230608303
598.5049833887043,0.03835525488518958
598.5249169435217,0.03653271929668769
598.5448504983389,0.03483647340036124
598.5647840531561,0.03329292955451026
598.5847176079735,0.03193066583686624
598.6046511627907,0.030779382499865417
598.6245847176081,0.029868179452402614
598.6445182724252,0.0292231766049914
598.6644518272426,0.02886475206633884
598.6843853820599,0.02880495461317719
598.7043189368771,0.029045788240647692
598.7242524916944,0.029578910595483433
598.7441860465116,0.030386846708323277
598.764119601329,0.03144532178464385
598.7840531561462,0.03272603578809307
598.8039867109635,0.034199241157963765
598.8239202657808,0.035835735028835886
598.843853820598,0.037608156680004834
598.8637873754153,0.03949167158691045
598.8837209302326,0.041464203462640715
598.9036544850499,0.04350637806384747
598.9235880398671,0.045601308986559425
598.9435215946844,0.047734314816645015
598.9634551495017,0.049892622321663804
598.9833887043189,0.05206508551178775
599.0033222591362,0.05424193441389348
599.0232558139536,0.05641455798560448
599.0431893687708,0.05857532052253976
599.0631229235881,0.060717408495579085
599.0830564784053,0.06283470386003157
599.1029900332226,0.06492167979416137
599.12292358804,0.06697331513191354
599.1428571428571,0.068985024217331
599.1627906976745,0.07095259940283884
599.1827242524917,0.07287216387814915
599.202657807309,0.07474013292725067
599.2225913621263,0.07655318205981092
599.2425249169435,0.07830822075408034
599.2624584717609,0.08000237078664744
599.282392026578,0.08163294831822021
599.3023255813954,0.08319744906153007
599.3222591362127,0.08469353598395231
599.3421926910299,0.08611902909922226
599.3621262458472,0.08747189698515855
599.3820598006645,0.08875024973006063
599.4019933554817,0.08995233306459531
599.421926910299,0.09107652347889807
599.4418604651163,0.09212132416023283
599.4617940199336,0.09308536161507275
599.4817275747508,0.09396738286316052
599.5016611295681,0.09476625311029109
599.5215946843855,0.09548095382265122
599.5415282392026,0.09611058113865452
599.56146179402,0.09665434456541493
599.5813953488372,0.09711156591625132
599.6013289036545,0.09748167845347624
599.6212624584718,0.09776422620755655
599.641196013289,0.09795886344971293
599.6611295681064,0.09806535429989244
599.6810631229235,0.09808357245723542
599.7009966777409,0.09801350104387899
599.7209302325582,0.0978552325574182
599.7408637873755,0.09760896893095021
599.7607973421927,0.09727502170359001
599.7807308970099,0.09685381230828172
599.8006644518273,0.09634587248785384
599.8205980066446,0.09575184485465761
599.8405315614618,0.09507248361415813
599.8604651162791,0.09430865547821454
599.8803986710964,0.09346134080015782
599.9003322259136,0.09253163497105914
599.920265780731,0.09152075012506786
599.9401993355482,0.09043001721185287
599.9601328903655,0.08926088850626109
599.9800664451827,0.08801494063968818
600.0,0.08669387825522935
600.0199335548174,0.08529953840988035
600.0398671096345,0.08383389587295408
600.0598006644519,0.08229906950153464
600.0797342192691,0.08069732991288882
600.0996677740865,0.07903110872150555
600.1196013289037,0.07730300966812287
600.1395348837209,0.07551582204111193
600.1594684385383,0.07367253688223596
600.1794019933554,0.07177636658134387
600.1993355481728,0.06983076860525622
600.2192691029901,0.06783947427930116
600.2392026578074,0.06580652375448315
600.2591362126246,0.06373630855501873
600.2790697674419,0.06163362341858968
600.2990033222592,0.059503729519354356
600.3189368770765,0.05735243160010264
600.3388704318937,0.05518617202079984
600.358803986711,0.05301214521595857
600.3787375415283,0.05083843645371517
600.3986710963455,0.04867418893418274
600.4186046511629,0.046529802836332367
600.4385382059801,0.044417168374600226
600.4584717607974,0.042349931355656296
600.4784053156146,0.04034378273916491
600.4983388704319,0.03841675134087321
600.5182724252493,0.03658945872139569
600.5382059800664,0.03488526560439867
600.5581395348838,0.03333020069645544
600.578073089701,0.031952523353870284
600.5980066445184,0.03078175170860583
600.6179401993356,0.029847023781527603
600.6378737541528,0.029174792182059334
600.6578073089702,0.02878609514598346
600.6777408637873,0.028693930289398085
600.6976744186047,0.02890142213433124
600.717607973422,0.029401354889253033
600.7375415282393,0.030177227008444277
600.7574750830565,0.03120548102237891
600.7774086378738,0.03245825003777794
600.7973421926911,0.03390596818544606
600.8172757475083,0.03551942678351797
600.8372093023256,0.03727114005337475
600.8571428571429,0.039136086042261015
600.8770764119602,0.04109197901908863
600.8970099667774,0.04311923836912841
600.9169435215947,0.045200787925792046
600.936877076412,0.047321778967051704
600.9568106312294,0.049469294639133486
600.9767441860465,0.05163206776362862
600.9966777408638,0.053800227211953884
601.0166112956811,0.05596507805299096
601.0365448504983,0.05811891524330181
601.0564784053157,0.06025486799424842
601.0764119601329,0.06236677093108009
601.0963455149503,0.0644490580085879
601.1162790697674,0.06649667542354906
601.1362126245848,0.06850501021410901
601.1561461794021,0.0704698317285248
601.1760797342192,0.07238724361228355
601.1960132890366,0.0742536443777701
601.2159468438538,0.07606569497478702
601.2358803986712,0.0778202920751936
601.2558139534884,0.07951454602776954
601.2757475083057,0.08114576263675699
601.295681063123,0.08271142807737857
601.3156146179402,0.08420919639056124
601.3355481727575,0.0856368791033066
601.3554817275748,0.08699243660434515
601.375415282392,0.0882739709729668
601.3953488372093,0.08947972001303044
601.4152823920266,0.09060805228860548
601.4352159468439,0.09165746299357715
601.4551495016613,0.09262657051684423
601.4750830564784,0.09351411358861779
601.4950166112958,0.09431894891318333
601.514950166113,0.09504004920936848
601.5348837209302,0.09567650159383852
601.5548172757476,0.09622750625334356
601.5747508305648,0.09669237536143217
601.5946843853822,0.09707053220337972
601.6146179401993,0.09736151047969491
601.6345514950167,0.09756495376485454
601.654485049834,0.09768061510269534
601.6744186046511,0.09770835672507806
601.6943521594685,0.09764814988438066
601.7142857142857,0.09750007479460329
601.734219269103,0.0972643206796986
601.7541528239203,0.09694118593148673
601.7740863787376,0.09653107838361911
601.7940199335549,0.09603451571198475
601.8139534883721,0.09545212597634502
601.8338870431894,0.0947846483229438
601.8538205980067,0.09403293387312658
601.873754152824,0.09319794682921088
601.8936877076412,0.09228076583601123
601.9136212624585,0.0912825856447762
601.9335548172758,0.09020471913615738
601.953488372093,0.08904859977059486
601.9734219269103,0.08781578454878432
601.9933554817277,0.08650795758160029
602.0132890365448,0.0851269343900764
602.0332225913621,0.08367466708076374
602.0531561461794,0.08215325057306876
602.0730897009967,0.0805649300927929
602.093023255814,0.07891211019321225
602.1129568106312,0.07719736562233077
602.1328903654486,0.07542345442685032
602.1528239202657,0.07359333377177014
602.1727574750831,0.0717101790646357
602.1926910299004,0.06977740710986599
602.2126245847176,0.06779870418755747
602.232558139535,0.0657780601594813
602.2524916943521,0.06371980996054498
602.2724252491695,0.061628684143505114
602.2923588039868,0.059509870513995526
602.312292358804,0.057369089321181226
602.3322259136213,0.05521268494414297
602.3521594684386,0.053047737498638656
602.3720930232558,0.050882198202086844
602.3920265780731,0.048725052516089114
602.4119601328904,0.046586514739501254
602.4318936877077,0.04447825633664684
602.4518272425249,0.0424136670008497
602.4717607973422,0.040408140944988645
602.4916943521596,0.03847936928678054
602.5116279069767,0.036647600337379724
602.5315614617941,0.034935801120636885
602.5514950166113,0.033369615928564335
602.5714285714286,0.03197697792345809
602.5913621262459,0.030787206552563378
602.6112956810631,0.029829451265568324
602.6312292358805,0.029130462474666545
602.6511627906976,0.02871190123814758
602.671096345515,0.02858768300837905
602.6910299003323,0.02876203637309347
602.7109634551496,0.029228873911906636
602.7308970099668,0.029972685026598
602.750830564784,0.030970655797269216
602.7707641196014,0.032195379709763945
602.7906976744187,0.03361749544734378
602.8106312292359,0.035207804767924886
602.8305647840532,0.03693870666343777
602.8504983388705,0.03878499652185212
602.8704318936877,0.040724180494953084
602.890365448505,0.042736470862172686
602.9102990033223,0.04480459989489289
602.9302325581396,0.04691354934087317
602.9501661129568,0.04905025645438653
602.9700996677741,0.05120333074549769
602.9900332225915,0.05336279804105222
603.0099667774086,0.05551987788927848
603.029900332226,0.05766679452370583
603.0498338870432,0.05979661873590832
603.0697674418604,0.061903136855005585
603.0897009966778,0.06398074281117552
603.109634551495,0.0660243495009726
603.1295681063124,0.06802931610849045
603.1495016611295,0.06999138852465546
603.1694352159469,0.07190665047610821
603.1893687707642,0.07377148339417869
603.2093023255815,0.07558253341336461
603.2292358803987,0.07733668418872681
603.2491694352159,0.07903103446860052
603.2691029900333,0.08066287955993517
603.2890365448505,0.08222969598658031
603.3089700996678,0.08372912877237933
603.3289036544851,0.08515898088670236
603.3488372093024,0.08651720447570486
603.3687707641196,0.0878018935713013
603.388704318937,0.0890112780256273
603.4086378737542,0.090143718463725
603.4285714285714,0.09119770208397317
603.4485049833887,0.09217183916534102
603.468438538206,0.09306486016523971
603.4883720930234,0.09387561331142269
603.5083056478405,0.09460306260819276
603.5282392026579,0.09524628619066154
603.5481727574751,0.09580447497233344
603.5681063122925,0.09627693154079575
603.5880398671097,0.09666306926449982
603.6079734219269,0.09696241158051355
603.6279069767443,0.097174591439179
603.6478405315614,0.0972993508868622
603.6677740863788,0.09733654077282043
603.6877076411961,0.09728612057032532
603.7076411960134,0.09714815830652991
603.7275747508306,0.09692283059912914
603.7475083056479,0.09661042280188294
603.7674418604652,0.09621132926494871
603.7873754152824,0.09572605371986903
603.8073089700997,0.09515520980361036
603.827242524917,0.09449952174062491
603.8471760797343,0.09375982520734542
603.8671096345515,0.09293706840952495
603.8870431893688,0.0920323134098244
603.9069767441861,0.09104673775134749
603.9269102990033,0.0899816364322605
603.9468438538206,0.08883842429841236
603.9667774086379,0.08761863893450118
603.9867109634552,0.08632394415098978
604.0066445182724,0.08495613418425621
604.0265780730898,0.08351713875200976
604.046511627907,0.08200902913609745
604.0664451827244,0.08043402550183734
604.0863787375415,0.07879450570839773
604.1063122923588,0.07709301592115178
604.1262458471762,0.07533228340629824
604.1461794019933,0.07351523197444157
604.1661129568107,0.07164500064670383
604.1860465116279,0.06972496624982771
604.2059800664452,0.06775877081094427
604.2259136212625,0.06575035482571652
604.2458471760798,0.06370399772224397
604.2657807308971,0.06162436714532415
604.2857142857142,0.059516579046417516
604.3056478405316,0.05738627098471099
604.3255813953489,0.055239691513066874
604.3455149501661,0.053083809006121856
604.3654485049834,0.05092644371146535
604.3853820598007,0.04877642701966449
604.405315614618,0.04664379167849834
604.4252491694353,0.044539995436633284
604.4451827242525,0.042478177586048334
604.4651162790698,0.04047344181595849
604.485049833887,0.038543147872920826
604.5049833887043,0.03670717646216712
604.5249169435217,0.0349881045482613
604.5448504983389,0.03341119169871059
604.5647840531562,0.032004038162312044
604.5847176079734,0.0307957491541828
604.6046511627908,0.029815459955913302
604.6245847176081,0.029090184673583815
604.6445182724252,0.028642169948495784
604.6644518272426,0.0284862171882193
604.6843853820598,0.02862764097162807
604.7043189368771,0.02906148230131591
604.7242524916944,0.02977323777973137
604.7441860465117,0.030740862793072556
604.764119601329,0.031937438691061096
604.7840531561462,0.033333832224481635
604.8039867109635,0.034900872592895135
604.8239202657808,0.03661085402775874
604.843853820598,0.03843839448828036
604.8637873754153,0.040360793624077795
604.8837209302326,0.04235805602680866
604.9036544850499,0.04441272066707822
604.9235880398671,0.046509597544405944
604.9435215946844,0.04863547572404285
604.9634551495018,0.05077883924070489
604.9833887043189,0.052929608941937725
605.0033222591362,0.05507891717855145
605.0232558139535,0.0572189160356604
605.0431893687708,0.059342616687688414
605.0631229235881,0.06144375616921515
605.0830564784053,0.063516687556667
605.1029900332227,0.06555628975938096
605.1229235880398,0.06755789353857912
605.1428571428571,0.06951722085707876
605.1627906976745,0.07143033513300212
605.1827242524917,0.07329360039412552
605.202657807309,0.07510364769291339
605.2225913621262,0.07685734744747276
605.2425249169436,0.07855178662447694
605.2624584717609,0.08018424988521196
605.2823920265781,0.08175220398168329
605.3023255813954,0.0832532848239259
605.3222591362126,0.08468528674752752
605.3421926910299,0.08604615359768567
605.3621262458472,0.08733397131614863
605.3820598006645,0.08854696177430123
605.4019933554817,0.08968347764143038
605.421926910299,0.09074199811470056
605.4418604651163,0.09172112536750743
605.4617940199337,0.09261958159794731
605.4817275747508,0.09343620657926037
605.5016611295681,0.09416995563114115
605.5215946843854,0.09481989794446306
605.5415282392026,0.09538521520387809
605.56146179402,0.0958652004621039
605.5813953488372,0.09625925722836977
605.6013289036546,0.09656689874012667
605.6212624584717,0.09678774739358743
605.6411960132891,0.09692153431367623
605.6611295681064,0.09696809904903655
605.6810631229235,0.09692738938185301
605.7009966777409,0.09679946124645654
605.7209302325581,0.0965844787544333
605.7408637873755,0.0962827143279216
605.7607973421927,0.09589454894645463
605.78073089701,0.0954204725168753
605.8006644518273,0.09486108438005833
605.8205980066446,0.094217093972896
605.8405315614618,0.09348932166915276
605.8604651162791,0.0926786998289519
605.8803986710964,0.0917862740931933
605.9003322259136,0.09081320496761368
605.9202657807309,0.08976076975023037
605.9401993355482,0.08863036486755632
605.9601328903656,0.08742350869812983
605.9800664451827,0.0861418449784096
606.0000000000001,0.08478714690555356
606.0199335548173,0.08336132207581713
606.0398671096345,0.08186641842642385
606.0598006644519,0.08030463138496066
606.0797342192691,0.07867831247442755
606.0996677740865,0.07698997967713385
606.1196013289036,0.07524232992785806
606.139534883721,0.0734382541911584
606.1594684385383,0.07158085568131178
606.1794019933556,0.06967347191289355
606.1993355481728,0.06771970142971684
606.21926910299,0.06572343625747637
606.2392026578074,0.06368890136776865
606.2591362126246,0.06162070273580539
606.2790697674419,0.05952388592674083
606.2990033222592,0.05740400755739609
606.3189368770765,0.055267222441718125
606.3388704318937,0.0531203897100689
606.358803986711,0.050971201624925536
606.3787375415283,0.048828339060608246
606.3986710963455,0.046701657413842766
606.4186046511628,0.044602405610077875
606.4385382059801,0.042543478106078586
606.4584717607975,0.040539694159278404
606.4784053156146,0.03860808838823071
606.498338870432,0.036768179551852756
606.5182724252492,0.03504215838407998
606.5382059800664,0.03345489986072768
606.5581395348838,0.032033665356046015
606.578073089701,0.030807331359388505
606.5980066445184,0.02980499456217571
606.6179401993355,0.02905389959538745
606.6378737541529,0.028576841711436592
606.6578073089702,0.028389475715784197
606.6777408637874,0.028498182623771132
606.6976744186047,0.028899130176356168
606.7176079734219,0.02957883707870698
606.7375415282393,0.030516053179105187
606.7574750830565,0.03168437529187367
606.7774086378738,0.03305492229928238
606.7973421926911,0.03459856851725336
606.8172757475083,0.03628751447835559
606.8372093023256,0.03809620637378401
606.8571428571429,0.04000173923263757
606.8770764119602,0.041983909514977796
606.8970099667774,0.044025061202620536
606.9169435215947,0.04610983032696402
606.936877076412,0.04822485543723286
606.9568106312292,0.05035849288682379
606.9767441860465,0.05250055656407219
606.9966777408639,0.05464208990235378
607.0166112956811,0.056775171373845905
607.0365448504984,0.05889275130440244
607.0564784053156,0.060988516406445835
607.0764119601329,0.0630567780489541
607.0963455149503,0.06509238044636378
607.1162790697674,0.06709062535103752
607.1362126245848,0.06904721031247825
607.156146179402,0.07095817803862595
607.1760797342193,0.0728198748211016
607.1960132890366,0.07462891635519805
607.2159468438539,0.07638215959469731
607.2358803986712,0.0780766795373169
607.2558139534883,0.07970975004510808
607.2757475083057,0.08127882797324125
607.295681063123,0.08278154001732888
607.3156146179402,0.08421567179954591
607.3355481727575,0.08557915880269777
607.3554817275748,0.08687007883284172
607.375415282392,0.08808664574910599
607.3953488372093,0.08922720424602215
607.4152823920266,0.09029022551173335
607.4352159468439,0.09127430361643671
607.4551495016611,0.09217815251055814
607.4750830564784,0.09300060353307107
607.4950166112958,0.09374060334722674
607.514950166113,0.0943972122353659
607.5348837209303,0.09496960269602393
607.5548172757475,0.09545705829657052
607.5747508305648,0.09585897274298286
607.5946843853822,0.09617484913538521
607.6146179401993,0.09640429938424006
607.6345514950167,0.09654704376746785
607.6544850498339,0.09660291061351377
607.6744186046512,0.09657183609982817
607.6943521594685,0.0964538641602894
607.7142857142858,0.09624914649885838
607.734219269103,0.09595794271071112
607.7541528239202,0.09558062051589339
607.7740863787376,0.09511765611435262
607.7940199335549,0.09456963467570964
607.8139534883721,0.09393725098154974
607.8338870431894,0.09322131024322944
607.8538205980067,0.09242272912404251
607.873754152824,0.09154253700133673
607.8936877076412,0.09058187751194434
607.9136212624585,0.08954201043361966
607.9335548172758,0.08842431396616926
607.953488372093,0.08723028748904545
607.9734219269103,0.08596155488810622
607.9933554817276,0.08461986856347484
608.0132890365448,0.08320711425378138
608.0332225913622,0.08172531684060436
608.0531561461794,0.08017664733218889
608.0730897009968,0.07856343126838926
608.0930232558139,0.0768881588423803
608.1129568106312,0.07515349710020991
608.1328903654486,0.07336230466130396
608.1528239202657,0.07151764950400398
608.1727574750831,0.06962283048601783
608.1926910299003,0.06768140342535985
608.2126245847177,0.0656972127594449
608.232558139535,0.06367443003627486
608.2524916943522,0.0616176007788696
608.2724252491695,0.05953170160865078
608.2923588039866,0.05742220991710018
608.312292358804,0.055295188829741465
608.3322259136213,0.05315739068559466
608.3521594684386,0.051016382695195
608.3720930232558,0.04888069871238034
608.3920265780731,0.046760020918248026
608.4119601328904,0.04466539424226974
608.4318936877078,0.04260947381659677
608.4518272425249,0.04060680053187728
608.4717607973422,0.0386740901554302
608.4916943521595,0.03683050530203567
608.5116279069767,0.0350978546205956
608.5315614617941,0.0335006291910355
608.5514950166113,0.03206574640839394
608.5714285714287,0.030821840657162487
608.5913621262458,0.029797946800820964
608.6112956810631,0.029021507709046955
608.6312292358805,0.028515830395797047
608.6511627906976,0.028297389571227186
608.671096345515,0.028373611265442817
608.6910299003322,0.02874178605298715
608.7109634551496,0.029389467791767012
608.7308970099668,0.03029622492555995
608.7508305647841,0.03143619717145651
608.7707641196014,0.03278078003243808
608.7906976744185,0.03430091128995026
608.8106312292359,0.035968709514543985
608.8305647840532,0.03775845534391137
608.8504983388705,0.039647041471462814
608.8704318936877,0.041614056052650956
608.890365448505,0.04364164656413418
608.9102990033223,0.04571427295345582
608.9302325581397,0.04781842098786006
608.9501661129568,0.049942317168265644
608.9700996677741,0.0520756664634065
608.9900332225914,0.05420942168007933
609.0099667774086,0.05633558621920613
609.029900332226,0.05844704833041818
609.0498338870432,0.06053744337896052
609.0697674418606,0.06260104017460959
609.0897009966777,0.06463264753105318
609.1096345514951,0.0666275376074236
609.1295681063124,0.06858138305639155
609.1495016611295,0.07049020547556588
609.1694352159469,0.07235033308938191
609.1893687707641,0.07415836596220844
609.2093023255815,0.07591114735749209
609.2292358803987,0.07760574011792028
609.249169435216,0.07923940715382906
609.2691029900333,0.08080959529948803
609.2890365448505,0.08231392193629997
609.3089700996678,0.08375016389407852
609.3289036544851,0.0851162482323277
609.3488372093024,0.08641024457627361
609.3687707641196,0.08763035874156047
609.3887043189369,0.08877492742906312
609.4086378737542,0.0898424138101102
609.4285714285716,0.09083140385392267
609.4485049833887,0.09174060327467745
609.4684385382061,0.09256883499690152
609.4883720930233,0.09331503705515429
609.5083056478405,0.09397826085829238
609.5282392026579,0.0945576697607844
609.5481727574751,0.09505253789333254
609.5681063122925,0.09546224921372155
609.5880398671096,0.09578629674596391
609.607973421927,0.09602428198204256
609.6279069767443,0.09617591442602262
609.6478405315615,0.09624101126517348
609.6677740863788,0.09621949715710354
609.687707641196,0.09611140412597552
609.7076411960134,0.09591687156483197
609.7275747508306,0.0956361463447275
609.7475083056479,0.09526958303529467
609.7674418604652,0.09481764424521377
609.7873754152824,0.09428090109534425
609.8073089700997,0.09366003384172505
609.827242524917,0.09295583267078741
609.8471760797343,0.09216919869489015
609.8671096345515,0.09130114518279032
609.8870431893688,0.09035279906740208
609.9069767441861,0.08932540278230129
609.9269102990033,0.08822031648906464
609.9468438538206,0.08703902077047698
609.966777408638,0.0857831198801534
609.9867109634552,0.08445434565768853
610.0066445182724,0.08305456224156679
610.0265780730897,0.08158577173958986
610.046511627907,0.08005012105099436
610.0664451827244,0.07844991007632794
610.0863787375415,0.07678760160308752
610.1063122923589,0.0750658332191868
610.126245847176,0.07328743168584065
610.1461794019934,0.07145543030002108
610.1661129568107,0.06957308989875198
610.1860465116279,0.06764392430921522
610.2059800664452,0.0656717312355262
610.2259136212624,0.06366062980323
610.2458471760798,0.06161510626257697
610.2657807308971,0.059540069688361015
610.2857142857143,0.05744091990928443
610.3056478405316,0.055323630347680425
610.3255813953489,0.053194848926278744
610.3455149501661,0.05106202064462936
610.3654485049834,0.04893353572415191
610.3853820598007,0.0468189071428176
610.405315614618,0.04472898052629009
610.4252491694352,0.04267617705392546
610.4451827242525,0.04067476518923437
610.4651162790699,0.038741148043801604
610.485049833887,0.03689413790251634
610.5049833887044,0.0351551656501813
610.5249169435216,0.03354833958894189
610.5448504983389,0.032100228769866165
610.5647840531562,0.03083921315463904
610.5847176079734,0.0297942437859474
610.6046511627908,0.028992930590980064
610.624584717608,0.02845905601687177
610.6445182724253,0.028209880779267886
610.6644518272426,0.028253853193368622
610.6843853820599,0.02858938101790941
610.7043189368771,0.029205064785296685
610.7242524916943,0.030081314811586265
610.7441860465117,0.03119284103340372
610.764119601329,0.03251134044626887
610.7840531561462,0.034007833226493714
610.8039867109635,0.03565436827172438
610.8239202657808,0.037425067299009206
610.843853820598,0.03929662321807032
610.8637873754153,0.041248415849151315
610.8837209302326,0.043262394703011235
610.9036544850499,0.04532284152999032
610.9235880398671,0.047416087023252916
610.9435215946844,0.04953022562130028
610.9634551495017,0.05165485137093097
610.9833887043189,0.053780824703005256
611.0033222591363,0.05590007245283696
611.0232558139535,0.058005419534974144
611.0431893687708,0.060090448916109165
611.063122923588,0.062149385973161324
611.0830564784053,0.06417700339504433
611.1029900332227,0.06616854314843437
611.1229235880398,0.06811965249342133
611.1428571428572,0.0700263315071043
611.1627906976744,0.07188489000743736
611.1827242524918,0.07369191214730957
611.202657807309,0.07544422726816781
611.2225913621262,0.07713888586685216
611.2425249169436,0.07877313974549112
611.2624584717607,0.08034442559003505
611.2823920265781,0.08185035136496546
611.3023255813954,0.08328868502624724
611.3222591362127,0.08465734514693227
611.3421926910299,0.08595439312430067
611.3621262458472,0.08717802669743961
611.3820598006645,0.08832657455302897
611.4019933554817,0.08939849183622936
611.421926910299,0.0903923564160448
611.4418604651163,0.09130686578040154
611.4617940199336,0.09214083445788641
611.4817275747508,0.09289319188071836
611.5016611295682,0.09356298061804953
611.5215946843854,0.09414935492100956
611.5415282392028,0.09465157953098385
611.5614617940199,0.09506902871131521
611.5813953488372,0.09540118546977627
611.6013289036546,0.09564764094575265
611.6212624584717,0.09580809394122164
611.6411960132891,0.09588235057989226
611.6611295681063,0.09587032408290729
611.6810631229237,0.09577203465397321
611.7009966777409,0.09558760947036428
611.7209302325582,0.09531728278019885
611.7408637873755,0.09496139611012724
611.7607973421926,0.09452039859145177
611.78073089701,0.09399484741692014
611.8006644518273,0.0933854084448638
611.8205980066446,0.09269285697229504
611.8405315614618,0.0919180787043869
611.8604651162791,0.09106207095403002
611.8803986710964,0.09012594411281945
611.9003322259138,0.08911092344364117
611.9202657807309,0.08801835125552476
611.9401993355482,0.0868496895340359
611.9601328903655,0.08560652311553804
611.9800664451827,0.08429056351196487
612.0000000000001,0.08290365351509464
612.0199335548173,0.08144777273622626
612.0398671096347,0.07992504427076272
612.0598006644518,0.07833774271787529
612.0797342192691,0.07668830383605892
612.0996677740865,0.07497933617776549
612.1196013289036,0.07321363512369228
612.139534883721,0.0713941998330961
612.1594684385382,0.06952425374552293
612.1794019933556,0.06760726941677991
612.1993355481728,0.06564699865395059
612.2192691029901,0.06364750913865076
612.2392026578074,0.061613229000364554
612.2591362126245,0.059549001130915616
612.2790697674419,0.05746014941800966
612.2990033222592,0.05535255951639742
612.3189368770765,0.05323277724743464
612.3388704318937,0.05110812816831327
612.358803986711,0.04898686217042951
612.3787375415283,0.04687832694201165
612.3986710963457,0.04479317338692174
612.4186046511628,0.04274359398900798
612.4385382059801,0.0407435906198419
612.4584717607974,0.038809259862820564
612.4784053156146,0.03695906949848974
612.498338870432,0.03521407712078082
612.5182724252492,0.03359800974024649
612.5382059800666,0.03213708434765228
612.5581395348837,0.030859415097408624
612.5780730897011,0.029793848312689553
612.5980066445184,0.02896813075137103
612.6179401993355,0.028406484357577484
612.6378737541529,0.028126921444787147
612.6578073089701,0.028138888486245805
612.6777408637874,0.02844190294264368
612.6976744186047,0.02902562193794778
612.717607973422,0.029871320045131964
612.7375415282393,0.030954304642835762
612.7574750830565,0.03224659955977358
612.7774086378738,0.033719326999260335
612.7973421926911,0.03534447915897393
612.8172757475083,0.03709602600730646
612.8372093023256,0.038950463589732184
612.8571428571429,0.04088696358091687
612.8770764119602,0.04288727617816968
612.8970099667774,0.044935502864986536
612.9169435215947,0.04701781697102821
612.9368770764121,0.049122178643386374
612.9568106312292,0.05123806897567068
612.9767441860465,0.05335625424177889
612.9966777408638,0.05546858318618284
613.0166112956811,0.05756781610128319
613.0365448504984,0.05964748247891452
613.0564784053156,0.061701763367912346
613.076411960133,0.06372539458997296
613.0963455149501,0.06571358730440663
613.1162790697675,0.06766196286964414
613.1362126245848,0.06956649942086784
613.156146179402,0.07142348802067136
613.1760797342193,0.07322949662172046
613.1960132890365,0.07498134040478763
613.2159468438539,0.07667605732399072
613.2358803986712,0.07831088791153039
613.2558139534884,0.07988325857297886
613.2757475083057,0.0813907677491101
613.2956810631229,0.08283117443691677
613.3156146179402,0.08420238865659994
613.3355481727575,0.0855024635273554
613.3554817275748,0.08672958867595999
613.375415282392,0.08788208475179375
613.3953488372093,0.0889583988621444
613.4152823920266,0.089957100774318
613.435215946844,0.09087687975782922
613.4551495016611,0.0917165419618007
613.4750830564784,0.09247500824047099
613.4950166112957,0.09315131235511895
613.514950166113,0.09374459949234529
613.5348837209303,0.09425412504971514
613.5548172757475,0.09467925364794082
613.5747508305649,0.09501945833660022
613.594684385382,0.09527431996645734
613.6146179401994,0.09544352670728302
613.6345514950167,0.09552687369485847
613.6544850498339,0.09552426279533272
613.6744186046512,0.0954357024791827
613.6943521594684,0.09526130780103655
613.7142857142858,0.09500130048514893
613.734219269103,0.09465600912043898
613.7541528239203,0.09422586947246835
613.7740863787376,0.0937114249242247
613.7940199335549,0.09311332706170712
613.8139534883721,0.09243233642548306
613.8338870431894,0.09166932345460993
613.8538205980067,0.09082526965603124
613.873754152824,0.0899012690396029
613.8936877076412,0.08889852986782824
613.9136212624585,0.08781837677947092
613.9335548172758,0.0866622533585853
613.953488372093,0.08543172523528599
613.9734219269104,0.08412848382232681
613.9933554817276,0.08275435081334039
614.0132890365448,0.08131128359507696
614.0332225913621,0.07980138175826015
614.0531561461794,0.07822689493185132
614.0730897009968,0.07659023221433331
614.0930232558139,0.074893973536596
614.1129568106313,0.07314088336635143
614.1328903654485,0.07133392725703512
614.1528239202659,0.06947629186013128
614.1727574750831,0.0675714091632503
614.1926910299003,0.06562298589351055
614.2126245847177,0.06363503924416407
614.2325581395348,0.06161194034843802
614.2524916943522,0.059558467245899534
614.2724252491695,0.057479869465436734
614.2923588039868,0.05538194678226211
614.312292358804,0.053271145174411394
614.3322259136212,0.05115467345802873
614.3521594684386,0.04904064441832498
614.3720930232558,0.04693824427802767
614.3920265780731,0.04485793370437412
614.4119601328904,0.042811681646098464
614.4318936877077,0.040813229136076365
614.4518272425249,0.03887837231669117
614.4717607973423,0.03702524033398907
614.4916943521595,0.035274522154757286
614.5116279069767,0.033649565395841644
614.531561461794,0.0321762319708834
614.5514950166113,0.03088235983983813
614.5714285714287,0.029796670886936348
614.5913621262458,0.02894701954015493
614.6112956810632,0.028358031824589465
614.6312292358804,0.02804843684131288
614.6511627906978,0.028028653723898792
614.671096345515,0.02829930022710491
614.6910299003322,0.028851098177524546
614.7109634551496,0.02966620764622379
614.7308970099667,0.030720560349260996
614.7508305647841,0.03198653258613676
614.7707641196014,0.033435368818901835
614.7906976744187,0.03503901815449587
614.8106312292359,0.036771306512832044
614.8305647840532,0.03860853637196205
614.8504983388705,0.0405296716910558
614.8704318936877,0.04251626214391234
614.890365448505,0.04455222694627715
614.9102990033223,0.046623579801740166
614.9302325581396,0.04871814434028951
614.9501661129568,0.05082528666266815
614.9700996677742,0.05293567709137881
614.9900332225914,0.05504108474036001
615.0099667774087,0.05713420397909496
615.0299003322259,0.059208509736159196
615.0498338870432,0.06125813782681869
615.0697674418606,0.06327778645460212
615.0897009966777,0.06526263534968588
615.1096345514951,0.06720827945423095
615.1295681063123,0.06911067453567192
615.1495016611296,0.0709660925487934
615.1694352159469,0.07277108495452637
615.1893687707642,0.07452245253200869
615.2093023255815,0.07621722049395839
615.2292358803986,0.07785261793940555
615.249169435216,0.07942606086025746
615.2691029900333,0.080935138065754
615.2890365448505,0.08237759950784769
615.3089700996678,0.08375134658665291
615.3289036544851,0.0850544240924101
615.3488372093024,0.08628501350305313
615.3687707641197,0.0874414274068725
615.3887043189369,0.0885221048608151
615.4086378737542,0.08952560752828932
615.4285714285714,0.09045061646753547
615.4485049833887,0.09129592946379567
615.4684385382061,0.09206045881694933
615.4883720930233,0.09274322951130741
615.5083056478406,0.09334337770687177
615.5282392026578,0.09386014950186976
615.5481727574751,0.09429289992525743
615.5681063122925,0.09464109212530307
615.5880398671096,0.09490429672702141
615.607973421927,0.0950821913366351
615.6279069767442,0.0951745601764196
615.6478405315615,0.09518129383760562
615.6677740863788,0.09510238914329437
615.6877076411961,0.09493794911706037
615.7076411960134,0.09468818305683832
615.7275747508305,0.09435340671739242
615.7475083056479,0.09393404260842154
615.7674418604652,0.09343062041960225
615.7873754152824,0.0928437775880735
615.8073089700997,0.09217426002876904
615.827242524917,0.09142292305346562
615.8471760797343,0.0905907325106394
615.8671096345515,0.0896787661854114
615.8870431893688,0.08868821550738648
615.9069767441861,0.0876203876242528
615.9269102990033,0.08647670791095037
615.9468438538206,0.08525872299867138
615.9667774086379,0.08396810442537879
615.9867109634552,0.08260665303064861
616.0066445182725,0.08117630424349313
616.0265780730897,0.0796791344434417
616.0465116279071,0.0781173686138915
616.0664451827242,0.0764933895548244
616.0863787375415,0.07480974898089907
616.1063122923589,0.07306918090438647
616.126245847176,0.07127461779308217
616.1461794019934,0.06942921010606429
616.1661129568106,0.06753634994964293
616.186046511628,0.06559969976857612
616.2059800664452,0.06362322720003459
616.2259136212625,0.06161124747753296
616.2458471760798,0.05956847508533186
616.265780730897,0.0575000867348989
616.2857142857143,0.05541179816078761
616.3056478405316,0.05330995769662779
616.3255813953489,0.051201660048232935
616.3455149501661,0.04909488403545353
616.3654485049834,0.04699865814416722
616.3853820598007,0.04492325718429765
616.4053156146181,0.042880431619933754
616.4252491694352,0.04088366729790617
616.4451827242525,0.038948465940085
616.4651162790698,0.0370926239352254
616.485049833887,0.035336466427339855
616.5049833887044,0.03370296388577109
616.5249169435216,0.03221762075678422
616.544850498339,0.030907989346561235
616.5647840531561,0.029802648517618147
616.5847176079735,0.028929532287382882
616.6046511627908,0.028313635955230305
616.624584717608,0.027974370350050525
616.6445182724253,0.027923100567638283
616.6644518272425,0.028161533454173198
616.6843853820599,0.028681461906851672
616.7043189368771,0.02946595160116886
616.7242524916944,0.030491585146288695
616.7441860465117,0.03173111723803879
616.7641196013288,0.03315593542938721
616.7840531561462,0.0347379599876043
616.8039867109635,0.03645088101605784
616.8239202657808,0.03827081109741283
616.843853820598,0.040176507137698256
616.8637873754153,0.04214931720213251
616.8837209302326,0.04417297629161743
616.9036544850499,0.04623333623209303
616.9235880398671,0.04831808189879978
616.9435215946844,0.050416462337164104
616.9634551495017,0.052519050097628264
616.9833887043189,0.054617533097949394
617.0033222591362,0.05670453846019753
617.0232558139535,0.058773485440520315
617.0431893687709,0.060818463697329884
617.063122923588,0.06283413305009705
617.0830564784054,0.06481564116553874
617.1029900332226,0.06675855604456528
617.1229235880398,0.06865881065233144
617.1428571428572,0.07051265747623085
617.1627906976744,0.07231663118785371
617.1827242524918,0.07406751791871999
617.2026578073089,0.07576232993715964
617.2225913621263,0.07739828474212841
617.2425249169436,0.07897278777539882
617.2624584717609,0.0804834181040517
617.2823920265781,0.08192791654650322
617.3023255813953,0.08330417581331359
617.3222591362127,0.08461023231287496
617.3421926910299,0.0858442593359024
617.3621262458472,0.0870045613840344
617.3820598006645,0.08808956944978512
617.4019933554817,0.08909783708885911
617.421926910299,0.09002803715376313
617.4418604651164,0.09087895908001513
617.4617940199336,0.09164950663516284
617.4817275747508,0.09233869605600167
617.5016611295681,0.0929456545123136
617.5215946843854,0.09346961884598388
617.5415282392028,0.09390993454344833
617.5614617940199,0.09426605490703467
617.5813953488373,0.09453754039722592
617.6013289036545,0.0947240581236773
617.6212624584718,0.09482538146782782
617.6411960132891,0.09484138982432795
617.6611295681063,0.09477206845285308
617.6810631229237,0.094617508435637
617.7009966777408,0.0943779067397946
617.7209302325582,0.09405356638742565
617.7408637873755,0.09364489674005422
617.7607973421927,0.09315241390820952
617.78073089701,0.09257674130115236
617.8006644518272,0.09191861033644995
617.8205980066446,0.09117886133470002
617.8405315614618,0.09035844463048369
617.8604651162791,0.08945842193804829
617.8803986710964,0.08847996801824462
617.9003322259136,0.08742437270325233
617.9202657807309,0.08629304334733574
617.9401993355483,0.08508750778577347
617.9601328903655,0.0838094179013966
617.9800664451827,0.0824605539185212
618.0,0.08104282956943434
618.0199335548173,0.07955829830931387
618.0398671096347,0.07800916079324051
618.0598006644518,0.07639777387578575
618.0797342192692,0.07472666145097526
618.0996677740864,0.07299852752201301
618.1196013289037,0.07121627197829987
618.139534883721,0.06938300966696442
618.1594684385382,0.06750209348207503
618.1794019933556,0.06557714236249063
618.1993355481727,0.06361207529650381
618.2192691029901,0.06161115268444917
618.2392026578074,0.05957902671626465
618.2591362126246,0.05752080278428336
618.2790697674419,0.05544211436947877
618.2990033222592,0.053349214298032875
618.3189368770765,0.05124908572253642
618.3388704318937,0.04914957655178813
618.358803986711,0.047059561164054776
618.3787375415283,0.044989132780771
618.3986710963455,0.042949828316278
618.4186046511628,0.040954883975985165
618.4385382059802,0.03901951300469215
618.4584717607974,0.037161184904034625
618.4784053156147,0.03539986592037292
618.4983388704319,0.03375815194479247
618.5182724252492,0.0322611881651759
618.5382059800666,0.03093623268280052
618.5581395348837,0.029811703898197157
618.5780730897011,0.028915588470150928
618.5980066445183,0.028273216885584325
618.6179401993356,0.027904646543242716
618.6378737541529,0.0278221607451591
618.6578073089702,0.02802854250916133
618.6777408637874,0.028516660417282888
618.6976744186046,0.029270504644400796
618.717607973422,0.03026733481264894
618.7375415282393,0.03148031014787226
618.7574750830565,0.03288098267586538
618.7774086378738,0.034441258690782184
618.7973421926911,0.036134701231400924
618.8172757475083,0.037937237027145576
618.8372093023256,0.039827416822805876
618.8571428571429,0.04178638611257658
618.8770764119602,0.0437976937870089
618.8970099667774,0.045847027551899684
618.9169435215947,0.047921931276364675
618.936877076412,0.0500115348641107
618.9568106312292,0.05210631124576521
618.9767441860466,0.05419786555096312
618.9966777408638,0.0562787563061421
619.0166112956811,0.05834234596522371
619.0365448504983,0.06038267708915381
619.0564784053156,0.06239437033300647
619.076411960133,0.06437254065385686
619.0963455149501,0.0663127285766406
619.1162790697675,0.06821084382181883
619.1362126245847,0.07006311904325778
619.1561461794021,0.07186607182034742
619.1760797342193,0.0736164733865861
619.1960132890365,0.07531132285930826
619.2159468438539,0.07694782596745214
619.235880398671,0.07852337746363701
619.2558139534884,0.08003554655994634
619.2757475083057,0.08148206485084311
619.295681063123,0.08286081628618429
619.3156146179402,0.08416982883811489
619.3355481727575,0.08540726757034345
619.3554817275748,0.08657142887103918
619.375415282392,0.0876607356529302
619.3953488372093,0.08867373335906696
619.4152823920266,0.08960908664061469
619.4352159468439,0.09046557659636788
619.4551495016611,0.09124209848246691
619.4750830564785,0.09193765981650895
619.4950166112957,0.0925513788132961
619.5149501661131,0.09308248310018293
619.5348837209302,0.09353030866917549
619.5548172757475,0.09389429903076238
619.5747508305649,0.0941740045408581
619.594684385382,0.09436908187826239
619.6146179401994,0.09447929365489321
619.6345514950166,0.09450450814575208
619.654485049834,0.09444469912963623
619.6744186046512,0.09429994583562296
619.6943521594685,0.09407043299396659
619.7142857142858,0.09375645099396492
619.7342192691029,0.09335839615494958
619.7541528239203,0.0928767711207008
619.7740863787376,0.09231218539170849
619.7940199335549,0.09166535601449909
619.8139534883721,0.09093710845248242
619.8338870431894,0.09012837766872782
619.8538205980067,0.08924020945812892
619.873754152824,0.08827376207437346
619.8936877076412,0.08723030820701695
619.9136212624585,0.08611123737512032
619.9335548172758,0.08491805881785493
619.953488372093,0.08365240497904072
619.9734219269103,0.08231603570262373
619.9933554817276,0.08091084328081681
620.013289036545,0.07943885852638459
620.0332225913621,0.07790225807778013
620.0531561461795,0.07630337319085927
620.0730897009967,0.07464470032731654
620.0930232558139,0.07292891391914086
620.1129568106313,0.07115888177456346
620.1328903654485,0.06933768369748153
620.1528239202659,0.06746863402477295
620.172757475083,0.06555530894914095
620.1926910299004,0.06360157969711377
620.2126245847177,0.06161165287809542
620.2325581395348,0.05959011961937316
620.2524916943522,0.05754201545674875
620.2724252491694,0.0554728933615349
620.2923588039868,0.05338891273719785
620.312292358804,0.05129694767752011
620.3322259136213,0.049204718160346564
620.3521594684386,0.04712094799937146
620.3720930232558,0.04505555299987197
620.3920265780731,0.04301986135939003
620.4119601328904,0.041026865090438035
620.4318936877077,0.039091494834781984
620.4518272425249,0.03723089906964518
620.4717607973422,0.0354646901764604
620.4916943521595,0.033815092329009866
620.5116279069769,0.032306890212647016
620.531561461794,0.030967040009278874
620.5514950166114,0.02982378328060869
620.5714285714286,0.028905133444729027
620.5913621262458,0.028236722774196442
620.6112956810632,0.027839219979341898
620.6312292358804,0.02772579776179735
620.6511627906978,0.027900300657831584
620.6710963455149,0.02835667574300095
620.6910299003323,0.029079855309883947
620.7109634551496,0.030047801633913324
620.7308970099668,0.031234104811725196
620.7508305647841,0.032610503312143276
620.7707641196013,0.03414890499941555
620.7906976744187,0.03582275518546126
620.8106312292359,0.037607799217748906
620.8305647840532,0.0394823828483583
620.8504983388705,0.04142744819582279
620.8704318936877,0.0434263562210817
620.890365448505,0.045464628293110744
620.9102990033224,0.04752966502073614
620.9302325581396,0.04961047506236247
620.9501661129568,0.0516974298579632
620.9700996677741,0.053782050132920825
620.9900332225914,0.05585682444684701
621.0099667774087,0.05791505730116414
621.0299003322259,0.059950743200834974
621.0498338870433,0.061958462840976156
621.0697674418604,0.06393329781000272
621.0897009966778,0.06587076061136524
621.1096345514951,0.0677667372693197
621.1295681063123,0.06961744023054167
621.1495016611296,0.07141936967293781
621.1694352159468,0.07316928167621461
621.1893687707642,0.07486416199546822
621.2093023255815,0.07650120441575287
621.2292358803987,0.07807779285804314
621.249169435216,0.07959148656363865
621.2691029900333,0.08104000780993893
621.2890365448505,0.08242123171258608
621.3089700996678,0.08373317775087386
621.3289036544851,0.08497400271977575
621.3488372093024,0.0861419948652554
621.3687707641196,0.08723556900321452
621.3887043189369,0.08825326245736943
621.4086378737543,0.08919373168036902
621.4285714285714,0.09005574944570832
621.4485049833887,0.09083820251750786
621.468438538206,0.09154008972094918
621.4883720930233,0.09216052034957938
621.5083056478406,0.09269871285649568
621.5282392026578,0.09315399378583197
621.5481727574752,0.09352579690878132
621.5681063122923,0.093813662535092
621.5880398671097,0.09401723697674759
621.607973421927,0.0941362721458311
621.6279069767442,0.09417062527289864
621.6478405315615,0.09412025873665406
621.6677740863787,0.09398523999937874
621.6877076411961,0.09376574164653041
621.7076411960134,0.09346204153250229
621.7275747508306,0.09307452303837757
621.7475083056479,0.09260367545139572
621.7674418604652,0.09205009448015218
621.7873754152824,0.09141448292404855
621.8073089700997,0.09069765152080336
621.827242524917,0.08990052000166307
621.8471760797343,0.0890241183907997
621.8671096345515,0.08806958859330942
621.8870431893688,0.08703818632563542
621.9069767441861,0.08593128345354299
621.9269102990033,0.08475037081596162
621.9468438538207,0.08349706162950174
621.9667774086379,0.08217309558788205
621.9867109634552,0.08078034379450513
622.0066445182724,0.07932081469576245
622.0265780730897,0.07779666121837757
622.0465116279071,0.07621018935855124
622.0664451827242,0.07456386852511827
622.0863787375416,0.07286034400654352
622.1063122923588,0.07110245201528495
622.1262458471762,0.06929323786688651
622.1461794019934,0.06743597797974679
622.1661129568106,0.06553420654084834
622.186046511628,0.06359174787894725
622.2059800664451,0.06161275582721665
622.2259136212625,0.05960176164870109
622.2458471760798,0.05756373244539623
622.2657807308971,0.05550414237468993
622.2857142857143,0.05342905944429319
622.3056478405316,0.051345251114520304
622.3255813953489,0.04926031233069305
622.3455149501661,0.04718281979026343
622.3654485049834,0.04512251594803808
622.3853820598007,0.043090525003849925
622.405315614618,0.041099600115066616
622.4252491694352,0.039164395106900396
622.4451827242526,0.03730174326473149
622.4651162790698,0.03553090821714021
622.485049833887,0.03387374554030648
622.5049833887043,0.032354678685169114
622.5249169435216,0.031000355010708743
622.544850498339,0.029838823927207544
622.5647840531561,0.02889810084664148
622.5847176079735,0.028204087226398146
622.6046511627907,0.02777802790142614
622.6245847176081,0.02763395529673481
622.6445182724253,0.027776759209578884
622.6644518272425,0.028201466252013918
622.6843853820599,0.028893967135688196
622.704318936877,0.029832951871407276
622.7242524916944,0.030992467896897795
622.7441860465117,0.03234446262485351
622.764119601329,0.03386086167214005
622.7840531561462,0.035515002523352976
622.8039867109635,0.03728245402671771
622.8239202657808,0.039141358372017605
622.843853820598,0.04107245364170933
622.8637873754153,0.04305891111195829
622.8837209302326,0.04508608361309834
622.9036544850499,0.04714122622739192
622.9235880398671,0.049213224239352114
622.9435215946844,0.05129234569811117
622.9634551495017,0.0533700252793836
622.983388704319,0.055438680177970004
623.0033222591362,0.05749155576889973
623.0232558139535,0.059522597522502926
623.0431893687708,0.06152634536143907
623.063122923588,0.06349784683229222
623.0830564784054,0.06543258585983089
623.1029900332226,0.06732642431096243
623.12292358804,0.06917555404344734
623.1428571428571,0.0709764575178107
623.1627906976745,0.0727258753986245
623.1827242524918,0.07442077986293202
623.2026578073089,0.07605835257405281
623.2225913621263,0.07763596647555714
623.2425249169435,0.07915117071924734
623.2624584717609,0.08060167816989394
623.2823920265781,0.08198535503319222
623.3023255813954,0.08330021223706179
623.3222591362127,0.08454439826417529
623.3421926910299,0.08571619318800536
623.3621262458472,0.08681400370901331
623.3820598006645,0.08783635902353176
623.4019933554817,0.08878190738713085
623.421926910299,0.08964941325812661
623.4418604651163,0.09043775492671963
623.4617940199336,0.09114592255122012
623.481727574751,0.09177301653639854
623.5016611295681,0.09231824620012771
623.5215946843855,0.09278092868395178
623.5415282392026,0.09316048807106918
623.5614617940199,0.09345645468213803
623.5813953488373,0.09366846452510631
623.6013289036545,0.09379625888052029
623.6212624584718,0.09383968400837273
623.641196013289,0.09379869096660592
623.6611295681064,0.09367333553564018
623.6810631229237,0.09346377824668238
623.7009966777408,0.09317028451556555
623.7209302325582,0.09279322488742096
623.7408637873754,0.09233307540151386
623.7607973421927,0.09179041808965431
623.78073089701,0.09116594162618374
623.8006644518273,0.0904604421526834
623.8205980066446,0.08967482430622244
623.8405315614618,0.08881010248672792
623.8604651162791,0.08786740240691797
623.8803986710964,0.08684796297720339
623.9003322259136,0.0857531385892479
623.9202657807309,0.08458440187469875
623.9401993355482,0.08334334703158731
623.9601328903655,0.08203169382999896
623.9800664451828,0.0806512924319832
624.0,0.07920412918916352
624.0199335548174,0.07769233361654393
624.0398671096345,0.07611818678410856
624.0598006644518,0.074484131420883
624.0797342192692,0.0727927840920475
624.0996677740864,0.0710469498910245
624.1196013289037,0.06924964018963038
624.1395348837209,0.0674040941144302
624.1594684385383,0.06551380457266363
624.1794019933556,0.06358254984207726
624.1993355481728,0.06161443197344021
624.2192691029901,0.05961392353887214
624.2392026578073,0.05758592459879917
624.2591362126246,0.055535832155654205
624.2790697674419,0.05346962480388629
624.2990033222592,0.051393965742559694
624.3189368770765,0.049316327720086255
624.3388704318937,0.04724514369345698
624.358803986711,0.04518998675190849
624.3787375415284,0.043161781732260956
624.3986710963455,0.04117304819661806
624.4186046511628,0.03923816888786833
624.4385382059801,0.03737366773729838
624.4584717607974,0.03559846484428981
624.4784053156147,0.0339340505900013
624.4983388704319,0.03240448698336992
624.5182724252493,0.031036106465152008
624.5382059800664,0.029856752031899424
624.5581395348838,0.028894417423797787
624.5780730897011,0.028175241470839815
624.5980066445183,0.02772101000192066
624.6179401993356,0.02754658457593699
624.6378737541528,0.027657882285465642
624.6578073089702,0.028051008386925872
624.6777408637874,0.0287128267962217
624.6976744186047,0.0296227796091077
624.717607973422,0.030755398094845954
624.7375415282393,0.03208286160452099
624.7574750830565,0.03357713034835579
624.7774086378738,0.035211444495502155
624.7973421926911,0.036961201751718596
624.8172757475083,0.038804342498808986
624.8372093023256,0.04072140032271842
624.8571428571429,0.04269535517109472
624.8770764119602,0.04471138918795964
624.8970099667774,0.04675660968260386
624.9169435215947,0.0488197764381086
624.936877076412,0.05089105220419748
624.9568106312292,0.05296178394940863
624.9767441860465,0.05502431609278715
624.9966777408638,0.05707183369687896
625.0166112956812,0.05909823220792824
625.0365448504983,0.061098009954348734
625.0564784053157,0.0630661797599566
625.0764119601329,0.06499819640719016
625.0963455149501,0.06688989713913938
625.1162790697675,0.06873745283862352
625.1362126245847,0.07053732792926912
625.1561461794021,0.07228624739625507
625.1760797342192,0.07398116962020693
625.1960132890366,0.07561926396284104
625.2159468438539,0.07719789224271097
625.2358803986712,0.07871459340187253
625.2558139534884,0.08016707079551094
625.2757475083056,0.08155318164236314
625.295681063123,0.08287092825927543
625.3156146179402,0.08411845077197322
625.3355481727575,0.08529402105003926
625.3554817275748,0.08639603765887374
625.375415282392,0.087423021658317
625.3953488372093,0.08837361310723288
625.4152823920267,0.08924656815784922
625.4352159468439,0.09004075664347432
625.4551495016611,0.09075516007994856
625.4750830564784,0.09138887001458779
625.4950166112957,0.09194108666790952
625.5149501661131,0.0924111178229212
625.5348837209302,0.09279837792482183
625.5548172757476,0.09310238736093933
625.5747508305648,0.0933227718965443
625.5946843853822,0.09345926224755167
625.6146179401994,0.093511693775668
625.6345514950166,0.09348000629586631
625.654485049834,0.09336424398994025
625.6744186046511,0.09316455542365365
625.6943521594685,0.09288119366877177
625.7142857142858,0.09251451653484467
625.734219269103,0.09206498691964714
625.7541528239203,0.0915331732911315
625.7740863787376,0.09091975031835338
625.7940199335549,0.09022549967384053
625.8139534883721,0.08945131103546763
625.8338870431894,0.08859818332259875
625.8538205980067,0.0876672262087101
625.873754152824,0.08665966196192637
625.8936877076412,0.08557682767541844
625.9136212624585,0.0844201779625414
625.9335548172758,0.08319128820700875
625.953488372093,0.0818918584770442
625.9734219269103,0.08052371823533218
625.9933554817276,0.07908883200429717
626.0132890365448,0.0775893061803499
626.0332225913621,0.07602739723284559
626.0531561461795,0.07440552157505063
626.0730897009967,0.07272626745869999
626.093023255814,0.07099240932282933
626.1129568106312,0.06920692512599037
626.1328903654485,0.06737301731289294
626.1528239202659,0.06549413821728398
626.172757475083,0.06357402088910831
626.1926910299004,0.06161671656244931
626.2126245847176,0.05962664025804714
626.232558139535,0.05760862634636376
626.2524916943522,0.05556799628488297
626.2724252491695,0.053510641178489075
626.2923588039868,0.05144312226671709
626.3122923588039,0.049372792853150514
626.3322259136213,0.047307945432448886
626.3521594684386,0.04525798760205632
626.3720930232558,0.043233649349223434
626.3920265780731,0.04124722177806178
626.4119601328904,0.03931282217661061
626.4318936877077,0.03744667089950983
626.451827242525,0.035667349774723904
626.4717607973422,0.03399598758599842
626.4916943521595,0.03245628512488254
626.5116279069767,0.031074254545280715
626.531561461794,0.029877519172941996
626.5514950166114,0.028894028537294114
626.5714285714286,0.028150127948308134
626.5913621262459,0.02766810939573801
626.6112956810631,0.027463632381952412
626.6312292358805,0.027543621930835906
626.6511627906978,0.027905259353585284
626.6710963455149,0.028536395177050106
626.6910299003323,0.029417247252661444
626.7109634551495,0.030522857193791463
626.7308970099668,0.03182565975373267
626.7508305647841,0.03329766719619226
626.7707641196014,0.03491203345095554
626.7906976744187,0.036643990857556846
626.8106312292359,0.03847128001068084
626.8305647840532,0.040374229682552866
626.8504983388705,0.04233562690660056
626.8704318936877,0.044340480998712364
626.890365448505,0.04637574922627537
626.9102990033223,0.0484300637079105
626.9302325581396,0.05049347994608843
626.9501661129569,0.05255725550644401
626.9700996677741,0.05461366058667568
626.9900332225915,0.056655818720418985
627.0099667774086,0.05867757431444172
627.0299003322259,0.06067338325925058
627.0498338870433,0.06263822295673392
627.0697674418604,0.06456751846811251
627.0897009966778,0.06645708193358627
627.109634551495,0.0683030628644072
627.1295681063124,0.07010190731904062
627.1495016611296,0.07185032433157476
627.1694352159468,0.07354525826168688
627.1893687707642,0.07518386598429286
627.2093023255813,0.07676349804082273
627.2292358803987,0.07828168303942866
627.249169435216,0.07973611472532136
627.2691029900333,0.08112464125030891
627.2890365448505,0.08244525625775172
627.3089700996678,0.08369609146940869
627.3289036544851,0.08487541051738012
627.3488372093024,0.0859816038103369
627.3687707641196,0.08701318426063533
627.3887043189369,0.08796878372907813
627.4086378737542,0.0888471500691209
627.4285714285714,0.0896471446725995
627.4485049833888,0.0903677404357051
627.468438538206,0.09100802007807596
627.4883720930234,0.091567174759175
627.5083056478405,0.09204450294598596
627.5282392026578,0.09243940949419745
627.5481727574752,0.09275140491203199
627.5681063122923,0.092980104781884
627.5880398671097,0.09312522932031045
627.6079734219269,0.0931866030614711
627.6279069767443,0.09316415465349345
627.6478405315615,0.09305791676109229
627.6677740863788,0.09286802607166746
627.6877076411961,0.0925947234056085
627.7076411960132,0.09223835393541577
627.7275747508306,0.09179936752193765
627.7475083056479,0.09127831918018645
627.7674418604652,0.09067586969159917
627.7873754152824,0.08999278638452902
627.8073089700997,0.08922994411034227
627.827242524917,0.08838832644899611
627.8471760797343,0.08746902718527487
627.8671096345515,0.08647325210593118
627.8870431893688,0.0854023211781867
627.9069767441861,0.08425767118281038
627.9269102990033,0.08304085888982751
627.9468438538206,0.08175356488338704
627.9667774086379,0.08039759816441693
627.9867109634553,0.078974901686739
628.0066445182724,0.07748755901573195
628.0265780730898,0.07593780233938381
628.046511627907,0.07432802211201466
628.0664451827242,0.07266077867339361
628.0863787375416,0.07093881626304832
628.1063122923588,0.0691650799453726
628.1262458471762,0.06734273607970553
628.1461794019933,0.06547519711653475
628.1661129568107,0.06356615168213817
628.186046511628,0.06161960113669018
628.2059800664452,0.05963990406141513
628.2259136212625,0.05763183045502356
628.2458471760797,0.055600627799666326
628.2657807308971,0.05355210158558753
628.2857142857143,0.051492713336023184
628.3056478405316,0.049429699592185496
628.3255813953489,0.04737121558317094
628.3455149501661,0.04532650719584027
628.3654485049834,0.043306113980908535
628.3853820598007,0.04132210362155032
628.405315614618,0.03938833349438829
628.4252491694352,0.03752072611524229
628.4451827242525,0.03573753034745463
628.4651162790698,0.03405951717458369
628.4850498338872,0.03251002681703032
628.5049833887043,0.031114746472003133
628.5249169435217,0.029901067500832247
628.5448504983389,0.02889687376491374
628.5647840531561,0.02812868704616605
628.5847176079735,0.027619270937653154
628.6046511627907,0.027385051067975105
628.6245847176081,0.02743393956949467
628.6445182724252,0.027764189410637206
628.6644518272426,0.028364649616426096
628.6843853820599,0.029216336658607747
628.7043189368771,0.03029482895317994
628.7242524916944,0.031572840573393074
628.7441860465116,0.03302245394842222
628.764119601329,0.03461674846716379
628.7840531561462,0.03633079736435338
628.8039867109635,0.0381421437969486
628.8239202657808,0.04003091160277514
628.843853820598,0.041979693417163434
628.8637873754153,0.043973323626814824
628.8837209302326,0.04599860719335534
628.9036544850499,0.04804404639414279
628.9235880398671,0.05009958751440468
628.9435215946844,0.05215639699659877
628.9634551495017,0.054206669347624525
628.9833887043189,0.056243465334172536
629.0033222591362,0.05826057728925101
629.0232558139536,0.060252417805725926
629.0431893687708,0.06221392815076509
629.0631229235881,0.06414050307418892
629.0830564784053,0.06602792912471596
629.1029900332226,0.06787233403761138
629.12292358804,0.06967014517130932
629.1428571428571,0.07141805533164909
629.1627906976745,0.07311299462817579
629.1827242524917,0.07475210725989641
629.202657807309,0.0763327323356371
629.2225913621263,0.07785238800258136
629.2425249169436,0.07930875829305364
629.2624584717609,0.08069968220968332
629.282392026578,0.0820231446579791
629.3023255813954,0.08327726890682549
629.3222591362127,0.08446031031557337
629.3421926910299,0.08557065111295203
629.3621262458472,0.08660679605134236
629.3820598006645,0.08756736879067001
629.4019933554817,0.08845110889163899
629.421926910299,0.0892568693186319
629.4418604651163,0.0899836143696991
629.4617940199336,0.09063041796525444
629.4817275747508,0.09119646223869611
629.5016611295681,0.09168103638219288
629.5215946843855,0.09208353570904448
629.5415282392026,0.09240346090120861
629.56146179402,0.09264041741663699
629.5813953488372,0.09279411503639465
629.6013289036545,0.09286436753634758
629.6212624584718,0.09285109247237873
629.641196013289,0.09275431107214872
629.6611295681064,0.09257414823013517
629.6810631229235,0.09231083260639404
629.7009966777409,0.09196469683314175
629.7209302325582,0.09153617783705305
629.7408637873755,0.09102581728923563
629.7607973421927,0.09043426219916217
629.7807308970099,0.08976226567378065
629.8006644518273,0.08901068786841185
629.8205980066446,0.08818049716239748
629.8405315614618,0.08727277159983601
629.8604651162791,0.08628870064431096
629.8803986710964,0.08522958730672518
629.9003322259136,0.08409685071774987
629.920265780731,0.08289202923089402
629.9401993355482,0.08161678416019244
629.9601328903655,0.08027290427814522
629.9800664451827,0.0788623112258516
630.0,0.07738706601987344
630.0199335548174,0.07584937688004481
630.0398671096345,0.074251608651642
630.0598006644519,0.07259629415597436
630.0797342192691,0.07088614787873755
630.0996677740865,0.06912408249843
630.1196013289037,0.06731322887283653
630.1395348837209,0.0654569602443831
630.1594684385383,0.06355892160187529
630.1794019933554,0.061623065352903954
630.1993355481728,0.05965369472530422
630.2192691029901,0.057655516633184495
630.2392026578074,0.05563370611559499
630.2591362126246,0.05359398487806503
630.2790697674419,0.051542716916906824
630.2990033222592,0.049487024629649205
630.3189368770765,0.04743492910238335
630.3388704318937,0.04539551820872312
630.358803986711,0.04337914538573897
630.3787375415283,0.041397659844115
630.3986710963455,0.039464664521136554
630.4186046511629,0.03759578980458115
630.4385382059801,0.035808956960064996
630.4584717607975,0.034124583175649245
630.4784053156146,0.03256564917208147
630.4983388704319,0.031157513220373786
630.5182724252493,0.029927323393924538
630.5382059800664,0.02890287753521524
630.5581395348838,0.028110844829352166
630.578073089701,0.027574426273049905
630.5980066445184,0.027310781257675974
630.6179401993356,0.02732878677408604
630.6378737541528,0.027627761191107058
630.6578073089702,0.028197562274051815
630.6777408637873,0.02902002701938166
630.6976744186047,0.030071296917045853
630.717607973422,0.03132438964632893
630.7375415282393,0.03275147652706232
630.7574750830565,0.03432557472277876
630.7774086378738,0.036021605122555006
630.7973421926911,0.03781691614300559
630.8172757475083,0.039691426783933906
630.8372093023256,0.041627533919222706
630.8571428571429,0.0436098949624227
630.8770764119602,0.045625160324408276
630.8970099667774,0.047661700262387204
630.9169435215947,0.04970934986203422
630.936877076412,0.0517591827061369
630.9568106312294,0.053803316124617584
630.9767441860465,0.055834746863653084
630.9966777408638,0.05784721413456243
631.0166112956811,0.05983508636120029
631.0365448504983,0.061793267953575655
631.0564784053157,0.06371712275194455
631.0764119601329,0.06560241121848169
631.0963455149503,0.0674452389027215
631.1162790697674,0.0692420141238741
631.1362126245848,0.07098941317887425
631.1561461794021,0.07268435169503318
631.1760797342192,0.07432396100394759
631.1960132890366,0.07590556862435968
631.2159468438538,0.07742668211371095
631.2358803986712,0.07888497568705462
631.2558139534884,0.08027827911431899
631.2757475083057,0.08160456849757595
631.295681063123,0.08286195860291408
631.3156146179402,0.0840486964806639
631.3355481727575,0.08516315615542892
631.3554817275748,0.08620383420620666
631.375415282392,0.08716934608833503
631.3953488372093,0.08805842307484464
631.4152823920266,0.08886990971577749
631.4352159468439,0.08960276173161671
631.4551495016613,0.09025604427103122
631.4750830564784,0.09082893047536052
631.4950166112958,0.09132070030211382
631.514950166113,0.09173073956826641
631.5348837209302,0.0920585391812567
631.5548172757476,0.0923036945318407
631.5747508305648,0.09246590502825199
631.5946843853822,0.09254497375603907
631.6146179401993,0.09254080725214074
631.6345514950167,0.09245341538575864
631.654485049834,0.09228291134245244
631.6744186046512,0.09202951171144301
631.6943521594685,0.09169353667982001
631.7142857142857,0.09127541034112163
631.734219269103,0.09077566112974525
631.7541528239203,0.09019492239697148
631.7740863787376,0.08953393314906206
631.7940199335549,0.08879353897354154
631.8139534883721,0.0879746931856119
631.8338870431894,0.08707845823415442
631.8538205980067,0.086106007415043
631.873754152824,0.0850586269495173
631.8936877076412,0.08393771849739123
631.9136212624585,0.08274480218922259
631.9335548172758,0.08148152027891375
631.953488372093,0.08014964153943997
631.9734219269103,0.07875106655006789
631.9933554817277,0.07728783405511792
632.0132890365448,0.07576212861306904
632.0332225913621,0.07417628980264689
632.0531561461794,0.07253282331173151
632.0730897009967,0.07083441430790374
632.093023255814,0.06908394358045367
632.1129568106312,0.0672845070557012
632.1328903654486,0.06543943942697147
632.1528239202657,0.06355234281243331
632.1727574750831,0.061627121565199124
632.1926910299004,0.05966802461791518
632.2126245847176,0.05767969705360344
632.232558139535,0.05566724295980026
632.2524916943521,0.053636302038285795
632.2724252491695,0.05159314288903931
632.2923588039868,0.04954477631461748
632.312292358804,0.047499092298549345
632.3322259136213,0.04546502430456202
632.3521594684386,0.04345274387556075
632.3720930232558,0.04147388659230018
632.3920265780731,0.03954180633036721
632.4119601328904,0.037671847002467354
632.4318936877077,0.035881607663180735
632.4518272425249,0.03419115586543328
632.4717607973422,0.032623114265070134
632.4916943521596,0.031202508871100595
632.5116279069767,0.029956234059262867
632.5315614617941,0.028911982386827625
632.5514950166113,0.028096542352882364
632.5714285714286,0.02753351863199388
632.5913621262459,0.02724077164181779
632.6112956810631,0.02722811973404118
632.6312292358805,0.027495938692580726
632.6511627906976,0.028035103679154773
632.671096345515,0.028828293163284842
632.6910299003323,0.02985223777543526
632.7109634551496,0.031080283439109357
632.7308970099668,0.03248470969455695
632.750830564784,0.03403848440737683
632.7707641196014,0.035716383370938486
632.7906976744187,0.03749556329588968
632.8106312292359,0.039355738642361145
632.8305647840532,0.04127910926241798
632.8504983388705,0.043250153591167316
632.8704318936877,0.045255365244682474
632.890365448505,0.047282980262419685
632.9102990033223,0.04932272052093394
632.9302325581396,0.05136556497752047
632.9501661129568,0.05340355227086224
632.9700996677741,0.055429613847774194
632.9900332225915,0.05743743472799875
633.0099667774086,0.059421338276304934
633.029900332226,0.061376191307413376
633.0498338870432,0.06329732614072407
633.0697674418604,0.06518047664591815
633.0897009966778,0.0670217257679745
633.109634551495,0.0688174624401903
633.1295681063124,0.0705643461635736
633.1495016611295,0.07225927784583308
633.1694352159469,0.07389937575514155
633.1893687707642,0.07548195565885008
633.2093023255815,0.0770045143925823
633.2292358803987,0.07846471624684666
633.2491694352159,0.079860381672811
633.2691029900333,0.08118947790129619
633.2890365448505,0.08245011114359702
633.3089700996678,0.0836405201028904
633.3289036544851,0.08475907057375565
633.3488372093024,0.08580425094676696
633.3687707641196,0.08677466846742082
633.388704318937,0.08766904612464464
633.4086378737542,0.08848622006586038
633.4285714285714,0.08922513745311635
633.4485049833887,0.08988485468943433
633.468438538206,0.0904645359566979
633.4883720930234,0.09096345201654761
633.5083056478405,0.09138097923429624
633.5282392026579,0.09171659879319309
633.5481727574751,0.09196989607260116
633.5681063122925,0.09214056016911858
633.5880398671097,0.09222838354446633
633.6079734219269,0.09223326178837563
633.6279069767443,0.09215519348861406
633.6478405315614,0.0919942802041867
633.6677740863788,0.09175072654126874
633.6877076411961,0.09142484033520304
633.7076411960134,0.09101703294560085
633.7275747508306,0.09052781967544989
633.7475083056479,0.08995782032953496
633.7674418604652,0.08930775993205999
633.7873754152824,0.08857846962874177
633.8073089700997,0.08777088780472354
633.827242524917,0.08688606145660151
633.8471760797343,0.0859251478652655
633.8671096345515,0.08488941662597073
633.8870431893688,0.08378025210372698
633.9069767441861,0.08259915639620405
633.9269102990035,0.08134775290330637
633.9468438538206,0.08002779062311424
633.9667774086379,0.07864114931919472
633.9867109634552,0.07718984573486067
634.0066445182724,0.07567604106796863
634.0265780730898,0.07410204996631417
634.046511627907,0.07247035136136351
634.0664451827244,0.07078360152916588
634.0863787375415,0.06904464985572537
634.1063122923588,0.06725655789336743
634.1262458471762,0.06542262243039389
634.1461794019933,0.063546403463398
634.1661129568107,0.06163175816797244
634.1860465116279,0.0596828822143402
634.2059800664452,0.05770436007736717
634.2259136212625,0.05570122634782631
634.2458471760798,0.05367904046041116
634.2657807308971,0.05164397769626183
634.2857142857142,0.049602939748637546
634.3056478405316,0.04756368846525446
634.3255813953489,0.04553500641926551
634.3455149501661,0.04352688738714073
634.3654485049834,0.04155075806935605
634.3853820598007,0.03961972857686733
634.405315614618,0.03774886195615906
634.4252491694353,0.03595544046855986
634.4451827242525,0.03425918635494259
634.4651162790698,0.032682366004447336
634.485049833887,0.031249670455861328
634.5049833887043,0.02998773088374976
634.5249169435217,0.028924116380613686
634.5448504983389,0.028085707675307454
634.5647840531562,0.02749647992102545
634.5847176079734,0.02717496151292508
634.6046511627908,0.027131887445886144
634.6245847176081,0.027368681163966967
634.6445182724252,0.027877242185068294
634.6644518272426,0.02864111030275483
634.6843853820598,0.029637631025979896
634.7043189368771,0.030840503434980477
634.7242524916944,0.03222213519504844
634.7441860465117,0.033755458417832396
634.764119601329,0.035415111564681884
634.7840531561462,0.03717806304065783
634.8039867109635,0.03902382329513653
634.8239202657808,0.04093439402638903
634.843853820598,0.04289407274581871
634.8637873754153,0.04488919404933821
634.8837209302326,0.04690785755686468
634.9036544850499,0.04893966991109002
634.9235880398671,0.050975513658588656
634.9435215946844,0.05300734721280937
634.9634551495018,0.05502803542405606
634.9833887043189,0.05703120803449405
635.0033222591362,0.059011142446076054
635.0232558139535,0.060962667128587014
635.0431893687708,0.06288108225986855
635.0631229235881,0.06476209460336607
635.0830564784053,0.06660176407432658
635.1029900332227,0.06839645986817668
635.1229235880398,0.07014282439871795
635.1428571428572,0.07183774361312936
635.1627906976745,0.07347832251718851
635.1827242524917,0.0750618649630309
635.202657807309,0.07658585693027083
635.2225913621262,0.07804795267576252
635.2425249169436,0.07944596324420924
635.2624584717609,0.08077784692591575
635.2823920265781,0.08204170132406688
635.3023255813954,0.08323575675532276
635.3222591362126,0.08435837075713998
635.3421926910299,0.08540802351553989
635.3621262458472,0.08638331405980577
635.3820598006645,0.08728295709727817
635.4019933554817,0.08810578038336384
635.421926910299,0.08885072253973263
635.4418604651163,0.08951683124875577
635.4617940199337,0.09010326176435031
635.4817275747508,0.09060927568990165
635.5016611295681,0.09103423998253186
635.5215946843854,0.09137762615039899
635.5415282392026,0.09163900961602303
635.56146179402,0.09181806922423107
635.5813953488372,0.09191458687803038
635.6013289036546,0.09192844729026937
635.6212624584717,0.09185963784281052
635.6411960132891,0.09170824854890569
635.6611295681064,0.09147447211783606
635.6810631229235,0.09115860412491036
635.7009966777409,0.09076104329319788
635.7209302325581,0.09028229189767108
635.7408637873755,0.08972295630635348
635.7607973421927,0.08908374767784376
635.78073089701,0.08836548283982901
635.8006644518273,0.0875690853790295
635.8205980066446,0.08669558698008123
635.8405315614618,0.08574612905882405
635.8604651162791,0.08472196474516996
635.8803986710964,0.08362446128203284
635.9003322259136,0.08245510292062729
635.9202657807309,0.08121549440894117
635.9401993355482,0.07990736519031733
635.9601328903656,0.07853257445371052
635.9800664451827,0.07709311720698414
636.0000000000001,0.07559113158162889
636.0199335548173,0.07402890762273977
636.0398671096345,0.07240889787389088
636.0598006644519,0.07073373013621091
636.0797342192691,0.06900622286673563
636.0996677740865,0.06722940378766613
636.1196013289036,0.06540653241010337
636.139534883721,0.06354112733892145
636.1594684385383,0.06163699942603104
636.1794019933556,0.05969829208425266
636.1993355481728,0.05772953036977123
636.21926910299,0.055735680790947956
636.2392026578074,0.05372222420324978
636.2591362126246,0.05169524458779218
636.2790697674419,0.04966153694405401
636.2990033222592,0.04762873786781006
636.3189368770765,0.045605482465092065
636.3388704318937,0.04360159076641764
636.3588039867111,0.04162828522836017
636.3787375415283,0.03969843738662492
636.3986710963455,0.03782683495012892
636.4186046511628,0.03603044878835816
636.4385382059801,0.034328660254629995
636.4584717607975,0.032743381557853744
636.4784053156146,0.03129896660117908
636.498338870432,0.030021774679187256
636.5182724252492,0.02893923427248737
636.5382059800664,0.02807829226370303
636.5581395348838,0.027463261694842023
636.578073089701,0.02711330573413252
636.5980066445184,0.02704005027095441
636.6179401993355,0.027245955049899045
636.6378737541529,0.027723949314883305
636.6578073089702,0.028458452988631762
636.6777408637874,0.02942745188982339
636.6976744186047,0.03060502345642479
636.7176079734219,0.03196372397158291
636.7375415282393,0.03347646396339847
636.7574750830565,0.03511775284079131
636.7774086378738,0.03686437446287078
636.7973421926911,0.03869563601331868
636.8172757475083,0.040593340013538017
636.8372093023256,0.04254160114435578
636.8571428571429,0.0445265927528861
636.8770764119602,0.04653627581270239
636.8970099667774,0.048560139673618295
636.9169435215947,0.05058896864996064
636.936877076412,0.05261463936134265
636.9568106312292,0.05462994873326306
636.9767441860465,0.05662847011723719
636.9966777408639,0.058604434025457945
637.0166112956811,0.06055262981366251
637.0365448504984,0.06246832488100451
637.0564784053156,0.0643471983572644
637.0764119601329,0.06618528669135008
637.0963455149503,0.06797893897930901
637.1162790697674,0.06972478024839082
637.1362126245848,0.07141968123752888
637.156146179402,0.0730607334853761
637.1760797342193,0.07464522876013872
637.1960132890366,0.07617064204696498
637.2159468438539,0.07763461745626875
637.2358803986712,0.07903495653537274
637.2558139534883,0.08036960856193755
637.2757475083057,0.08163666247516897
637.295681063123,0.08283434016354785
637.3156146179402,0.08396099087820146
637.3355481727575,0.08501508658250295
637.3554817275748,0.08599521808133832
637.375415282392,0.08690009180128827
637.3953488372094,0.08772852711466421
637.4152823920266,0.08847945411928806
637.4352159468439,0.08915191180032847
637.4551495016611,0.08974504651373452
637.4750830564784,0.09025811074078104
637.4950166112958,0.09069046207243608
637.514950166113,0.09104156238939554
637.5348837209303,0.09131097721045621
637.5548172757475,0.09149837518706577
637.5747508305648,0.0916035277271569
637.5946843853822,0.09162630873551267
637.6146179401993,0.09156669446212477
637.6345514950167,0.09142476345370369
637.6544850498339,0.09120069660724686
637.6744186046512,0.09089477732803222
637.6943521594685,0.09050739179832132
637.7142857142858,0.09003902936669655
637.734219269103,0.08949028307232539
637.7541528239202,0.08886185032278132
637.7740863787376,0.08815453374946244
637.7940199335549,0.08736924227021833
637.8139534883721,0.08650699239581519
637.8338870431894,0.08556890982459889
637.8538205980067,0.08455623137924069
637.873754152824,0.08347030735052881
637.8936877076412,0.0823126043266651
637.9136212624585,0.08108470860253518
637.9335548172758,0.07978833028331121
637.953488372093,0.07842530822042902
637.9734219269103,0.076997615947341
637.9933554817276,0.07550736881841126
638.0132890365448,0.0739568325984298
638.0332225913622,0.0723484338049356
638.0531561461794,0.07068477217306529
638.0730897009968,0.06896863569619821
638.0930232558139,0.06720301879960679
638.1129568106312,0.06539114433247341
638.1328903654486,0.06353649022273879
638.1528239202657,0.06164282183445685
638.1727574750831,0.05971423130636707
638.1926910299003,0.05775518543917291
638.2126245847177,0.055770584041428
638.232558139535,0.05376583103886235
638.2524916943522,0.05174692108513605
638.2724252491695,0.04972054484624803
638.2923588039866,0.047694216484953846
638.312292358804,0.04567642698901462
638.3322259136213,0.04367682658118308
638.3521594684386,0.04170643802591678
638.3720930232558,0.03977789939765475
638.3920265780731,0.037905728550888904
638.4119601328904,0.03610659038332061
638.4318936877078,0.03439952991871837
638.4518272425249,0.03280610758528846
638.4717607973422,0.03135033854158609
638.4916943521595,0.030058302349439136
638.5116279069767,0.028957270755502112
638.5315614617941,0.028074231719391708
638.5514950166113,0.027433804184274765
638.5714285714287,0.027055752712690128
638.5913621262458,0.026952567249400126
638.6112956810632,0.027127730749349262
638.6312292358805,0.027575205776492664
638.6511627906976,0.028280309939523622
638.671096345515,0.029221694326283666
638.6910299003322,0.03037384012608447
638.7109634551496,0.03170947329493629
638.7308970099668,0.033201497598688595
638.7508305647841,0.034824302241129576
638.7707641196014,0.036554490715364645
638.7906976744185,0.03837116796043909
638.8106312292359,0.040255936460313384
638.8305647840532,0.042192726242579935
638.8504983388705,0.044167547211870134
638.8704318936877,0.04616821947530267
638.890365448505,0.0481841130225073
638.9102990033223,0.05020591209913671
638.9302325581397,0.052225409945403506
638.9501661129568,0.05423533421714671
638.9700996677741,0.05622920074710459
638.9900332225914,0.058201192217715414
639.0099667774086,0.06014605809040051
639.029900332226,0.062059032339189905
639.0498338870432,0.06393576592505565
639.0697674418606,0.06577227138753346
639.0897009966777,0.06756487735649294
639.1096345514951,0.06931019116892659
639.1295681063124,0.07100506810411122
639.1495016611295,0.0726465860258151
639.1694352159469,0.07423202444695985
639.1893687707641,0.07575884721755151
639.2093023255815,0.07722468818684504
639.2292358803987,0.07862733931216143
639.249169435216,0.07996474078483726
639.2691029900333,0.081234972822844
639.2890365448505,0.08243624884348363
639.3089700996678,0.08356690978119506
639.3289036544851,0.0846254193573843
639.3488372093024,0.0856103601432812
639.3687707641196,0.08652043028432471
639.3887043189369,0.08735444077766998
639.4086378737542,0.08811131321261849
639.4285714285716,0.08879007789951561
639.4485049833887,0.08938987232518558
639.4684385382061,0.0899099398838116
639.4883720930233,0.0903496288410228
639.5083056478405,0.09070839149649329
639.5282392026579,0.09098578351711176
639.5481727574751,0.09118146341807226
639.5681063122925,0.09129519217451351
639.5880398671096,0.09132683295056485
639.607973421927,0.09127635093688914
639.6279069767443,0.09114381329139337
639.6478405315615,0.09092938918172945
639.6677740863788,0.09063334993153613
639.687707641196,0.09025606927619678
639.7076411960134,0.08979802373770736
639.7275747508306,0.08925979313230185
639.7475083056479,0.08864206122901605
639.7674418604652,0.08794561658250177
639.7873754152824,0.08717135356892003
639.8073089700997,0.0863202736607272
639.827242524917,0.08539348698357732
639.8471760797343,0.0843922142080363
639.8671096345515,0.08331778883952656
639.8870431893688,0.08217165998310155
639.9069767441861,0.08095539567548729
639.9269102990033,0.07967068689589216
639.9468438538206,0.07831935239047876
639.966777408638,0.07690334447392205
639.9867109634552,0.07542475600646328
640.0066445182724,0.07388582878798099
640.0265780730897,0.0722889636637604
640.046511627907,0.07063673270247915
640.0664451827244,0.06893189388828394
640.0863787375415,0.06717740886995191
640.1063122923589,0.0653764644349608
640.126245847176,0.0635324985312368
640.1461794019934,0.061649231849477355
640.1661129568107,0.059730706212165245
640.1860465116279,0.05778133129711349
640.2059800664452,0.055805941558811974
640.2259136212624,0.05380986559841478
640.2458471760798,0.051799010661586174
640.2657807308971,0.04977996537784143
640.2857142857143,0.04776012422133135
640.3056478405316,0.04574783732442718
640.3255813953489,0.04375258894442681
640.3455149501661,0.04178520660455344
640.3654485049834,0.0398580999365102
640.3853820598007,0.03798552235338324
640.405315614618,0.03618383818967178
640.4252491694352,0.03447176079477639
640.4451827242525,0.03287050148750146
640.4651162790699,0.031403735587794614
640.485049833887,0.030097255867925884
640.5049833887044,0.028978162244514726
640.5249169435216,0.028073459733530714
640.5448504983389,0.027408041922700417
640.5647840531562,0.02700224140634393
640.5847176079734,0.02686938446081404
640.6046511627908,0.02701396258901404
640.624584717608,0.027430973563827718
640.6445182724253,0.028106648976929636
640.6644518272426,0.029020329616005845
640.6843853820599,0.030146925942608885
640.7043189368771,0.031459355148208155
640.7242524916943,0.032930529667360264
640.7441860465117,0.0345347278813534
640.764119601329,0.03624837748981633
640.7840531561462,0.03805038245870407
640.8039867109635,0.03992214451291491
640.8239202657808,0.04184740726684562
640.843853820598,0.04381201500501451
640.8637873754153,0.04580364473811107
640.8837209302326,0.04781154500622331
640.9036544850499,0.04982629812340269
640.9235880398671,0.05183961233845728
640.9435215946844,0.05384414466844729
640.9634551495017,0.0558333522778687
640.9833887043189,0.0578013690612382
641.0033222591363,0.05974290379015152
641.0232558139535,0.061653156354465194
641.0431893687708,0.06352774900074494
641.063122923588,0.06536266990755583
641.0830564784053,0.06715422686472806
641.1029900332227,0.06889900920942868
641.1229235880398,0.07059385650509492
641.1428571428572,0.07223583272876583
641.1627906976744,0.07382220496336032
641.1827242524918,0.07535042578020955
641.202657807309,0.07681811865020939
641.2225913621262,0.0782230658459076
641.2425249169436,0.07956319839678387
641.2624584717607,0.08083658774063546
641.2823920265781,0.08204143877909634
641.3023255813954,0.0831760840980802
641.3222591362127,0.08423897915648745
641.3421926910299,0.08522869828130357
641.3621262458472,0.08614393133536738
641.3820598006645,0.0869834809473527
641.4019933554817,0.08774626021231405
641.421926910299,0.08843129078697547
641.4418604651163,0.089037701316784
641.4617940199336,0.0895647261426977
641.4817275747508,0.09001170424468183
641.5016611295682,0.09037807838666419
641.5215946843854,0.09066339443425846
641.5415282392028,0.09086730082228092
641.5614617940199,0.09098954815410343
641.5813953488372,0.09102998891934373
641.6013289036546,0.09098857732050661
641.6212624584717,0.09086536920303422
641.6411960132891,0.09066052208676736
641.6611295681063,0.09037429530055567
641.6810631229237,0.09000705022527716
641.7009966777409,0.08955925065446946
641.7209302325582,0.08903146328563771
641.7408637873755,0.08842435835995749
641.7607973421926,0.08773871047290926
641.78073089701,0.0869753995840988
641.8006644518273,0.08613541226102706
641.8205980066446,0.08521984319911068
641.8405315614618,0.08422989706939911
641.8604651162791,0.08316689075589304
641.8803986710964,0.08203225605738311
641.9003322259138,0.08082754294402086
641.9202657807309,0.07955442347756178
641.9401993355482,0.07821469652701246
641.9601328903655,0.07681029343924992
641.9800664451827,0.07534328485814962
642.0000000000001,0.07381588892803863
642.0199335548173,0.07223048116878518
642.0398671096347,0.07058960637413479
642.0598006644518,0.06889599296402064
642.0797342192692,0.06715257032008033
642.0996677740865,0.06536248975520718
642.1196013289036,0.06352914991861365
642.139534883721,0.06165622762349295
642.1594684385382,0.05974771531135134
642.1794019933556,0.05780796664257009
642.1993355481728,0.05584175203051722
642.2192691029901,0.05385432631728906
642.2392026578074,0.05185151121219691
642.2591362126245,0.04983979554808413
642.2790697674419,0.04782645678723604
642.2990033222592,0.04581970739109029
642.3189368770765,0.0438288694058604
642.3388704318937,0.041864579471198406
642.358803986711,0.03993902370579831
642.3787375415283,0.03806619642807865
642.3986710963457,0.036262166804876726
642.4186046511628,0.03454532125365299
642.4385382059801,0.0329365249051582
642.4584717607974,0.031459112626660395
642.4784053156146,0.030138584094378074
642.498338870432,0.029001853279389624
642.5182724252492,0.02807591926151759
642.5382059800666,0.027385919753442196
642.5581395348837,0.026952722074750093
642.5780730897011,0.026790460272748954
642.5980066445184,0.026904618181334463
642.6179401993355,0.027291228932740226
642.6378737541529,0.027937453069364456
642.6578073089701,0.028823344911871666
642.6777408637874,0.029924269803602552
642.6976744186047,0.03121335824011248
642.717607973422,0.03266354739051787
642.7375415282393,0.03424901476862018
642.7574750830565,0.03594601728300503
642.7774086378738,0.037733259480326235
642.7973421926911,0.0395919417681351
642.8172757475083,0.04150561966807468
642.8372093023256,0.04345996969515668
642.8571428571429,0.045442523532161994
642.8770764119602,0.04744240616359649
642.8970099667774,0.049450096086093215
642.9169435215947,0.05145721492082294
642.9368770764121,0.05345634765394487
642.9568106312292,0.055440891611757484
642.9767441860465,0.05740493092486973
642.9966777408638,0.05934313286443165
643.0166112956811,0.06125066256436742
643.0365448504984,0.06312311300066739
643.0564784053156,0.06495644753054272
643.076411960133,0.06674695272256895
643.0963455149501,0.06849119959842488
643.1162790697675,0.07018601174437064
643.1362126245848,0.07182843903456397
643.156146179402,0.07341573594352609
643.1760797342193,0.07494534361720051
643.1960132890365,0.07641487502818373
643.2159468438539,0.07782210266709547
643.2358803986712,0.07916494832388138
643.2558139534884,0.08044147459526729
643.2757475083057,0.08164987782098006
643.295681063123,0.08278848220497481
643.3156146179402,0.08385573492155017
643.3355481727575,0.08485020204144195
643.3554817275748,0.085770565141992
643.375415282392,0.08661561848875554
643.3953488372093,0.08738426669546015
643.4152823920266,0.08807552278512906
643.435215946844,0.08868850658825758
643.4551495016611,0.08922244342513475
643.4750830564784,0.08967666302842792
643.4950166112957,0.09005059867022565
643.514950166113,0.0903437864641727
643.5348837209303,0.09055586481918527
643.5548172757475,0.09068657402647873
643.5747508305649,0.090735755965775
643.594684385382,0.09070335392115815
643.6146179401994,0.09058941250033561
643.6345514950167,0.09039407765524692
643.6544850498339,0.0901175968051138
643.6744186046512,0.08976031906692866
643.6943521594684,0.08932269560206345
643.7142857142858,0.08880528009154931
643.734219269103,0.08820872935730789
643.7541528239203,0.08753380415111035
643.7740863787376,0.08678137013883049
643.7940199335549,0.08595239911390631
643.8139534883721,0.08504797048134344
643.8338870431894,0.08406927306240651
643.8538205980067,0.08301760728056631
643.873754152824,0.08189438780185831
643.8936877076412,0.08070114671773722
643.9136212624585,0.07943953737693078
643.9335548172758,0.07811133899487922
643.953488372093,0.07671846219646555
643.9734219269104,0.07526295568120638
643.9933554817276,0.073747014240664
644.0132890365448,0.07217298840856384
644.0332225913621,0.07054339608649195
644.0531561461794,0.06886093656501378
644.0730897009968,0.06712850745611043
644.0930232558139,0.06534922517114429
644.1129568106313,0.0635264497252838
644.1328903654485,0.061663814830132155
644.1528239202659,0.059765264457767364
644.1727574750831,0.05783509732797291
644.1926910299003,0.055878021091464246
644.2126245847177,0.05389921835528777
644.2325581395348,0.051904427114152135
644.2524916943522,0.049900038584396796
644.2724252491695,0.04789321582264041
644.2923588039868,0.04589203672191846
644.312292358804,0.04390566477941238
644.3322259136213,0.04194455001002147
644.3521594684386,0.04002065985252999
644.3720930232558,0.03814773480024153
644.3920265780731,0.03634155421948505
644.4119601328904,0.03462018240400411
644.4318936877077,0.03300414143951652
644.4518272425249,0.03151642557259891
644.4717607973423,0.030182235794610827
644.4916943521595,0.029028286978356882
644.5116279069767,0.028081550320598295
644.531561461794,0.027367377946430814
644.5514950166113,0.026907138770513754
644.5714285714287,0.026715745351492133
644.5913621262458,0.026799656186191893
644.6112956810632,0.027155938210684807
644.6312292358804,0.02777269452159537
644.6511627906978,0.02863071614070713
644.671096345515,0.029705848928206487
644.6910299003322,0.030971459217421896
644.7109634551496,0.03240052559337113
644.7308970099667,0.03396713522343502
644.7508305647841,0.03564737965602569
644.7707641196014,0.03741976585341584
644.7906976744187,0.039265292508481556
644.8106312292359,0.04116732544723461
644.8305647840532,0.04311137128954779
644.8504983388705,0.045084814152678225
644.8704318936877,0.047076653338486714
644.890365448505,0.04907726161349076
644.9102990033223,0.05107817230743903
644.9302325581396,0.0530718969577375
644.9501661129568,0.05505177185963499
644.9700996677742,0.05701183038421912
644.9900332225914,0.058946697475002745
645.0099667774087,0.06085150282436129
645.0299003322259,0.06272180957005843
645.0498338870432,0.06455355577802399
645.0697674418606,0.06634300640650301
645.0897009966777,0.06808671383951233
645.1096345514951,0.0697814854193361
645.1295681063123,0.07142435669654873
645.1495016611296,0.07301256935503185
645.1694352159469,0.07454355296536766
645.1893687707642,0.07601490987912567
645.2093023255815,0.07742440270537938
645.2292358803986,0.07876994391470386
645.249169435216,0.08004958719999351
645.2691029900333,0.08126152029109747
645.2890365448505,0.082404058975003
645.3089700996678,0.08347564211782213
645.3289036544851,0.08447482752070817
645.3488372093024,0.08540028847129004
645.3687707641197,0.08625081087609936
645.3887043189369,0.0870252908792616
645.4086378737542,0.08772273288879152
645.4285714285714,0.08834224794550209
645.4485049833887,0.08888305238035411
645.4684385382061,0.08934446671591788
645.4883720930233,0.08972591477517519
645.5083056478406,0.0900269229678305
645.5282392026578,0.09024711973018111
645.5481727574752,0.09038623509959799
645.5681063122925,0.09044410040929293
645.5880398671096,0.0904206480932482
645.607973421927,0.09031591159484723
645.6279069767442,0.09013002537659585
645.6478405315615,0.08986322503179085
645.6677740863788,0.08951584750262108
645.6877076411961,0.08908833141294653
645.7076411960134,0.08858121752795318
645.7275747508305,0.087995149357163
645.7475083056479,0.08733087392220225
645.7674418604652,0.08658924271607449
645.7873754152824,0.08577121288696522
645.8073089700997,0.0848778486870537
645.827242524917,0.0839103232351471
645.8471760797343,0.08286992065246815
645.8671096345515,0.08175803864293525
645.8870431893688,0.08057619160407935
645.9069767441861,0.0793260143725816
645.9269102990033,0.07800926672999046
645.9468438538206,0.0766278388207777
645.9667774086379,0.07518375766715422
645.9867109634552,0.07367919500508902
646.0066445182725,0.07211647671505389
646.0265780730897,0.0704980941817922
646.0465116279071,0.06882671799266536
646.0664451827242,0.06710521447723751
646.0863787375415,0.06533666570626649
646.1063122923589,0.06352439371108234
646.126245847176,0.06167198986036525
646.1461794019934,0.059783350547432584
646.1661129568106,0.057862720603156614
646.186046511628,0.05591474616363131
646.2059800664452,0.05394453908799996
646.2259136212625,0.05195775543362677
646.2458471760798,0.04996069092706353
646.265780730897,0.04796039676203939
646.2857142857143,0.04596481929174689
646.3056478405316,0.043982967042699175
646.3255813953489,0.04202510757385969
646.3455149501661,0.0401029943890393
646.3654485049834,0.03823011935528976
646.3853820598007,0.036421977379665384
646.4053156146181,0.034696315501652426
646.4252491694352,0.0330733161119836
646.4451827242525,0.03157563308751756
646.4651162790698,0.030228163825527756
646.485049833887,0.029057411869598853
646.5049833887044,0.028090299603490878
646.5249169435216,0.027352364659105788
646.544850498339,0.02686544462417481
646.5647840531561,0.026645200653060738
646.5847176079735,0.026699046803366565
646.6046511627908,0.027025080519237618
646.624584717608,0.02761235961473879
646.6445182724253,0.02844243423402698
646.6644518272425,0.029491656360677534
646.6843853820599,0.030733651150561727
646.7043189368771,0.032141455919573014
646.7242524916944,0.03368907861051916
646.7441860465117,0.03535245130928667
646.764119601329,0.0371098855440949
646.7840531561462,0.03894217808416471
646.8039867109635,0.04083250355424323
646.8239202657808,0.04276619659212749
646.843853820598,0.044730491516274985
646.8637873754153,0.04671425980510115
646.8837209302326,0.048707766560568244
646.9036544850499,0.0507024551331086
646.9235880398671,0.05269076217019385
646.9435215946844,0.05466596172204519
646.9634551495017,0.05662203538607946
646.9833887043189,0.05855356493514317
647.0033222591362,0.06045564392112211
647.0232558139535,0.06232380506470921
647.0431893687709,0.06415396066131271
647.063122923588,0.06594235366200993
647.0830564784054,0.06768551748441794
647.1029900332226,0.06938024295462213
647.1229235880398,0.07102355107429328
647.1428571428572,0.07261267055048645
647.1627906976744,0.07414501922508969
647.1827242524918,0.07561818870298764
647.2026578073089,0.07702993160952887
647.2225913621263,0.07837815101383375
647.2425249169436,0.07966089164015336
647.2624584717609,0.08087633255862246
647.2823920265781,0.08202278110254534
647.3023255813953,0.08309866780470918
647.3222591362127,0.08410254218180035
647.3421926910299,0.08503306922609918
647.3621262458472,0.08588902648784254
647.3820598006645,0.08666930165187252
647.4019933554817,0.08737289052862104
647.421926910299,0.08799889539309264
647.4418604651164,0.08854652361700631
647.4617940199336,0.08901508654866976
647.4817275747508,0.08940399860332329
647.5016611295681,0.08971277653346076
647.5215946843854,0.08994103885460188
647.5415282392028,0.0900885054071939
647.5614617940199,0.0901549970398314
647.5813953488373,0.09014043540325979
647.6013289036545,0.09004484284835236
647.6212624584718,0.08986834242505738
647.6411960132891,0.08961115798276867
647.6611295681063,0.08927361437619435
647.6810631229237,0.08885613778457634
647.7009966777408,0.08835925615589518
647.7209302325582,0.0877835997921278
647.7408637873755,0.08712990209621119
647.7607973421927,0.08639900050687194
647.78073089701,0.08559183765344457
647.8006644518273,0.08470946277025641
647.8205980066446,0.0837530334182136
647.8405315614618,0.08272381757153724
647.8604651162791,0.08162319613939237
647.8803986710964,0.08045266600654716
647.9003322259136,0.07921384369460609
647.9202657807309,0.07790846976653344
647.9401993355483,0.0765384141229353
647.9601328903655,0.07510568237022953
647.9800664451827,0.07361242347964614
648.0,0.07206093900399027
648.0199335548173,0.07045369417815946
648.0398671096347,0.06879333130277035
648.0598006644518,0.06708268590089335
648.0797342192692,0.06532480625032674
648.0996677740864,0.06352297703305272
648.1196013289037,0.06168074801480037
648.139534883721,0.059801968878494864
648.1594684385382,0.057890831591046917
648.1794019933556,0.055951921989828894
648.1993355481727,0.0539902826346534
648.2192691029901,0.052011489376482534
648.2392026578074,0.050021744523560514
648.2591362126246,0.04802798988421236
648.2790697674419,0.04603804322455527
648.2990033222592,0.04406076159323991
648.3189368770765,0.042106234170127405
648.3388704318937,0.04018600517840132
648.358803986711,0.03831332298373619
648.3787375415283,0.0365034033443153
648.3986710963455,0.03477368096886346
648.4186046511628,0.03314400209994813
648.4385382059802,0.031636680902969325
648.4584717607974,0.030276306943154304
648.4784053156147,0.029089161132015696
648.4983388704319,0.028102097164728525
648.5182724252492,0.02734081016442673
648.5382059800666,0.02682757380480814
648.5581395348837,0.026578767403114784
648.5780730897011,0.026602740139918618
648.5980066445183,0.02689861494821854
648.6179401993356,0.027456415016976175
648.6378737541529,0.028258471177079695
648.6578073089702,0.029281667004505737
648.6777408637874,0.030499909832336112
648.6976744186046,0.031886313607183484
648.717607973422,0.03341481874541941
648.7375415282393,0.035061204224372915
648.7574750830565,0.03680358860020661
648.7774086378738,0.03862256669686773
648.7973421926911,0.040501120529433866
648.8172757475083,0.042424410705644726
648.8372093023256,0.04437951951679139
648.8571428571429,0.04635518846411663
648.8770764119602,0.048341573029844244
648.8970099667774,0.0503300248743619
648.9169435215947,0.05231290429204285
648.936877076412,0.0542834218543284
648.9568106312292,0.05623550635381943
648.9767441860466,0.05816369553533215
648.9966777408638,0.060063046099396375
649.0166112956812,0.06192905976102953
649.0365448504983,0.06375762255785263
649.0564784053156,0.06554495503037208
649.076411960133,0.06728757129575799
649.0963455149501,0.06898224538726794
649.1162790697675,0.07062598352871777
649.1362126245847,0.07221600126118055
649.1561461794021,0.0737497045419754
649.1760797342193,0.07522467410149829
649.1960132890365,0.07663865247738992
649.2159468438539,0.07798953325361643
649.235880398671,0.07927535211954137
649.2558139534884,0.08049427943449966
649.2757475083057,0.08164461404020289
649.295681063123,0.08272477810986674
649.3156146179402,0.08373331285979638
649.3355481727575,0.08466887498027795
649.3554817275748,0.08553023366697365
649.375415282392,0.08631626815483241
649.3953488372093,0.08702596567308628
649.4152823920266,0.08765841975387997
649.4352159468439,0.08821282883872282
649.4551495016611,0.08868849513650377
649.4750830564785,0.08908482369504689
649.4950166112957,0.08940132165525361
649.5149501661131,0.08963759766261434
649.5348837209302,0.0897933614164097
649.5548172757475,0.08986842334131617
649.5747508305649,0.0898626943704436
649.594684385382,0.08977618583269577
649.6146179401994,0.08960900944097477
649.6345514950166,0.08936137738136919
649.654485049834,0.08903360250696074
649.6744186046512,0.08862609864365921
649.6943521594685,0.0881393810192851
649.7142857142858,0.08757406683136247
649.7342192691029,0.0869308759737473
649.7541528239203,0.0862106319474972
649.7740863787376,0.08541426298740319
649.7940199335549,0.08454280344265773
649.8139534883721,0.083597395458355
649.8338870431894,0.08257929101431424
649.8538205980067,0.0814898543894
649.873754152824,0.08033056513357235
649.8936877076412,0.07910302164680084
649.9136212624585,0.07780894548479313
649.9335548172758,0.07645018653642102
649.953488372093,0.07502872924877033
649.9734219269103,0.07354670011346019
649.9933554817276,0.0720063766746477
650.013289036545,0.07041019837674521
650.0332225913621,0.06876077964119832
650.0531561461795,0.06706092565006477
650.0730897009967,0.06531365142354052
650.0930232558139,0.06352220491409061
650.1129568106313,0.061690095006969446
650.1328903654485,0.05982112552208657
650.1528239202659,0.057919436562026215
650.172757475083,0.05598955485084125
650.1926910299004,0.05403645506061404
650.2126245847177,0.05206563452232848
650.232558139535,0.050083204143933975
650.2524916943522,0.048095998762214966
650.2724252491694,0.046111710434433954
650.2923588039868,0.0441390481392024
650.312292358804,0.04218792666125467
650.3322259136213,0.04026968550351692
650.3521594684386,0.0383973345738596
650.3720930232558,0.036585815747526444
650.3920265780731,0.034852256357218205
650.4119601328904,0.0332161702063375
650.4318936877077,0.03169953276623755
650.4518272425249,0.03032662214445102
650.4717607973422,0.029123486185709643
650.4916943521595,0.028116891033121746
650.5116279069769,0.027332662173380574
650.531561461794,0.026793477163855328
650.5514950166114,0.026516402622851987
650.5714285714286,0.02651070116818419
650.5913621262458,0.02677651452762875
650.6112956810632,0.027304840416762222
650.6312292358804,0.02807881103446765
650.6511627906978,0.02907586685867509
650.6710963455149,0.03027022112315413
650.6910299003323,0.03163508290776707
650.7109634551496,0.03314433740342985
650.7308970099668,0.034773617314695415
650.7508305647841,0.036500851018611245
650.7707641196013,0.038306431571438676
650.7906976744187,0.04017314707281868
650.8106312292359,0.04208598209226629
650.8305647840532,0.04403186466832482
650.8504983388705,0.0459994041546511
650.8704318936877,0.04797864443324863
650.890365448505,0.04996084373610785
650.9102990033224,0.05193828451473014
650.9302325581396,0.053904112604009326
650.9501661129568,0.0558522029395777
650.9700996677741,0.057777048362959126
650.9900332225914,0.059673667997431186
651.0099667774087,0.061537531951078465
651.0299003322259,0.06336449950603555
651.0498338870433,0.0651507683800926
651.0697674418604,0.06689283304865518
651.0897009966778,0.06858745046940615
651.1096345514951,0.07023161185426874
651.1295681063123,0.07182251938480962
651.1495016611296,0.07335756697422761
651.1694352159468,0.07483432434745463
651.1893687707642,0.07625052384763924
651.2093023255815,0.0776040494874718
651.2292358803987,0.07889292785304967
651.249169435216,0.08011532053982187
651.2691029900333,0.08126951785829138
651.2890365448505,0.08235393359417892
651.3089700996678,0.08336710064599698
651.3289036544851,0.08430766739392473
651.3488372093024,0.08517439467942108
651.3687707641196,0.08596615329558184
651.3887043189369,0.08668192190554234
651.4086378737543,0.08732078532026566
651.4285714285714,0.08788193307884999
651.4485049833887,0.08836465828431467
651.468438538206,0.0887683566561687
651.4883720930233,0.08909252576806981
651.5083056478406,0.0893367644449543
651.5282392026578,0.08950077229940721
651.5481727574752,0.08958434939154399
651.5681063122923,0.08958739600109648
651.5880398671097,0.08950991250414193
651.607973421927,0.08935199935062617
651.6279069767442,0.08911385714245439
651.6478405315615,0.08879578681538718
651.6677740863787,0.08839818993172578
651.6877076411961,0.08792156909448054
651.7076411960134,0.08736652849808701
651.7275747508306,0.08673377463508256
651.7475083056479,0.08602411718355264
651.7674418604652,0.08523847010596694
651.7873754152824,0.08437785299691639
651.8073089700997,0.083443392725428
651.827242524917,0.08243632542696305
651.8471760797343,0.08135799891177664
651.8671096345515,0.08020987556993538
651.8870431893688,0.07899353586988332
651.9069767441861,0.07771068256768913
651.9269102990033,0.0763631457684746
651.9468438538207,0.07495288901178017
651.9667774086379,0.07348201658937853
651.9867109634552,0.0719527823497034
652.0066445182724,0.0703676002989605
652.0265780730897,0.06872905737879598
652.0465116279071,0.06703992888610294
652.0664451827242,0.06530319710740475
652.0863787375416,0.06352207387197831
652.1063122923588,0.06170002789089329
652.1262458471762,0.05984081794900538
652.1461794019934,0.057948533260807296
652.1661129568106,0.05602764259409025
652.186046511628,0.05408305411066023
652.2059800664451,0.05212018826661211
652.2259136212625,0.05014506653798355
652.2458471760798,0.04816441914474108
652.2657807308971,0.046185815244259035
652.2857142857143,0.044217819073750816
652.3056478405316,0.042270174920247455
652.3255813953489,0.04035402203917738
652.3455149501661,0.038482136848162686
652.3654485049834,0.036669192564027564
652.3853820598007,0.0349320141280623
652.405315614618,0.03328978676748235
652.4252491694352,0.03176414861946377
652.4451827242526,0.03037906329631856
652.4651162790698,0.02916033598408249
652.4850498338872,0.028134627409101175
652.5049833887043,0.02732786719649631
652.5249169435216,0.026763105018671476
652.544850498339,0.026458063570958566
652.5647840531561,0.026422896021326563
652.5847176079735,0.026658754514556373
652.6046511627907,0.02715761887107518
652.6245847176081,0.027903442360601903
652.6445182724253,0.02887424743053425
652.6644518272425,0.030044577260987453
652.6843853820599,0.03138775516006835
652.704318936877,0.032877624010722896
652.7242524916944,0.03448967758646346
652.7441860465117,0.03620165723431939
652.764119601329,0.037993754641561545
652.7840531561462,0.03984856280661855
652.8039867109635,0.04175088830541539
652.8239202657808,0.04368750271053669
652.843853820598,0.045646881047956854
652.8637873754153,0.047618953598855235
652.8837209302326,0.049594883404767066
652.9036544850499,0.05156687356091208
652.9235880398671,0.0535280038860638
652.9435215946844,0.055472094387602096
652.9634551495017,0.05739359211205123
652.983388704319,0.059287477865598605
653.0033222591362,0.061149189536597856
653.0232558139535,0.0629745591442447
653.0431893687708,0.06475976116344556
653.063122923588,0.06650127007977528
653.0830564784054,0.06819582548701884
653.1029900332226,0.06984040334642264
653.12292358804,0.07143219228253582
653.1428571428571,0.07296857400146943
653.1627906976745,0.07444710708877676
653.1827242524918,0.07586551358378997
653.2026578073089,0.07722166783954995
653.2225913621263,0.07851358726847323
653.2425249169435,0.07973942464727604
653.2624584717609,0.0808974617139014
653.2823920265781,0.08198610383717725
653.3023255813954,0.08300387557889558
653.3222591362127,0.08394941699970274
653.3421926910299,0.08482148058585555
653.3621262458472,0.08561892869535503
653.3820598006645,0.08634073143908293
653.4019933554817,0.08698596492724456
653.421926910299,0.08755380982303841
653.4418604651163,0.08804355015597037
653.4617940199336,0.08845457235502067
653.481727574751,0.08878636446967836
653.5016611295681,0.08903851555249856
653.5215946843855,0.08921071518247405
653.5415282392026,0.08930275311316561
653.5614617940199,0.08931451903378805
653.5813953488373,0.08924600243524007
653.6013289036545,0.0890972925770966
653.6212624584718,0.08886857855462568
653.641196013289,0.08856014946895718
653.6611295681064,0.08817239470675661
653.6810631229237,0.08770580433980867
653.7009966777409,0.0871609696589252
653.7209302325582,0.0865385838610867
653.7408637873754,0.08583944291399416
653.7607973421927,0.08506444662775335
653.78073089701,0.08421459997047578
653.8006644518273,0.0832910146722518
653.8205980066446,0.08229491117140825
653.8405315614618,0.08122762096822034
653.8604651162791,0.08009058946441902
653.8803986710964,0.07888537938333541
653.9003322259136,0.07761367488487807
653.9202657807309,0.07627728651381739
653.9401993355482,0.07487815714873079
653.9601328903655,0.07341836915546356
653.9800664451828,0.07190015299289687
654.0,0.07032589757361911
654.0199335548174,0.06869816274984296
654.0398671096345,0.06701969437871345
654.0598006644518,0.06529344252472755
654.0797342192692,0.06352258348577786
654.0996677740864,0.061710546487786136
654.1196013289037,0.0598610460879109
654.1395348837209,0.0579781215640968
654.1594684385383,0.05606618485527572
654.1794019933556,0.054130078954654166
654.1993355481728,0.05217514904564665
654.2192691029901,0.050207329089298855
654.2392026578073,0.04823324698249783
654.2591362126246,0.04626035172024036
654.2790697674419,0.04429706604538276
654.2990033222592,0.04235296755515154
654.3189368770765,0.04043899963865693
654.3388704318937,0.038567710109477064
654.358803986711,0.03675350870122066
654.3787375415284,0.03501292296680872
654.3986710963455,0.03336481355819484
654.4186046511628,0.0318304829602833
654.4385382059801,0.030433577819337594
654.4584717607974,0.029199651900221456
654.4784053156147,0.028155243657271987
654.4983388704319,0.027326361583683182
654.5182724252493,0.026736396233513787
654.5382059800664,0.02640369492503827
654.5581395348838,0.02633927740547646
654.5780730897011,0.026545296230348937
654.5980066445183,0.027014719306281843
654.6179401993356,0.027732339620280842
654.6378737541528,0.028676786324715077
654.6578073089702,0.029822956842690585
654.6777408637874,0.031144308355077702
654.6976744186047,0.03261465495049721
654.717607973422,0.03420935931164846
654.7375415282393,0.035905979258771516
654.7574750830565,0.03768450572920764
654.7774086378738,0.039527335553430014
654.7973421926911,0.041419095409923494
654.8172757475083,0.04334639820290916
654.8372093023256,0.045297582439387425
654.8571428571429,0.047262462777719456
654.8770764119602,0.04923210528217913
654.8970099667774,0.05119863215392756
654.9169435215948,0.05315505589390398
654.936877076412,0.05509514049053708
654.9568106312292,0.05701328628718104
654.9767441860465,0.058904435019383396
654.9966777408638,0.060763991731500724
655.0166112956812,0.06258776066296697
655.0365448504983,0.06437189261790173
655.0564784053157,0.06611284173764317
655.0764119601329,0.06780732995849846
655.0963455149501,0.06945231774788621
655.1162790697675,0.07104497997223344
655.1362126245847,0.07258268596453328
655.1561461794021,0.07406298303445902
655.1760797342192,0.07548358280598319
655.1960132890366,0.07684234988218551
655.2159468438539,0.07813729242969394
655.2358803986712,0.07936655435012657
655.2558139534884,0.08052840876612526
655.2757475083056,0.08162125259893788
655.295681063123,0.08264360205355882
655.3156146179402,0.08359408886047812
655.3355481727575,0.08447145714870004
655.3554817275748,0.0852745608468095
655.375415282392,0.08600236152625422
655.3953488372093,0.08665392661579728
655.4152823920267,0.08722842792829381
655.4352159468439,0.08772514045096584
655.4551495016611,0.08814344135902395
655.4750830564784,0.08848280921977619
655.4950166112957,0.08874282336042866
655.5149501661131,0.08892316337836896
655.5348837209302,0.0890236087774452
655.5548172757476,0.08904403871793444
655.5747508305648,0.08898443187202977
655.5946843853822,0.08884486638016857
655.6146179401994,0.08862551990719814
655.6345514950166,0.08832666980085489
655.654485049834,0.08794869335869793
655.6744186046511,0.08749206821330446
655.6943521594685,0.08695737284967185
655.7142857142858,0.08634528727329358
655.734219269103,0.08565659385219358
655.7541528239203,0.08489217836215002
655.7740863787376,0.08405303127080696
655.7940199335549,0.08314024930418915
655.8139534883721,0.08215503734830182
655.8338870431894,0.08109871074937473
655.8538205980067,0.07997269808947274
655.873754152824,0.07877854452995757
655.8936877076412,0.0775179158345394
655.9136212624585,0.07619260320694476
655.9335548172758,0.07480452910687779
655.9534883720931,0.07335575424300367
655.9734219269103,0.071848485984919
655.9933554817276,0.07028508848930219
656.0132890365448,0.0686680949014037
656.0332225913621,0.06700022207464355
656.0531561461795,0.06528438835213125
656.0730897009967,0.06352373507909231
656.093023255814,0.06172165266975693
656.1129568106312,0.05988181224215227
656.1328903654485,0.05800820406663053
656.1528239202659,0.05610518435334281
656.172757475083,0.054177532235616846
656.1926910299004,0.05223051918642634
656.2126245847176,0.05026999352078398
656.232558139535,0.04830248304885534
656.2524916943522,0.04633531927322472
656.2724252491695,0.04437678661176889
656.2923588039868,0.042436299693677855
656.3122923588039,0.04052461033364928
656.3322259136213,0.038654042545909394
656.3521594684386,0.03683874770237851
656.3720930232558,0.0350949609779752
656.3920265780731,0.03344122256743845
656.4119601328904,0.03189850127447517
656.4318936877077,0.030490124830350775
656.451827242525,0.02924138759490166
656.4717607973422,0.02817868986141012
656.4916943521595,0.027328094659823474
656.5116279069767,0.026713302753537244
656.531561461794,0.02635325446158175
656.5514950166114,0.026259811122486144
656.5714285714286,0.026436114100990886
656.5913621262459,0.02687612375789384
656.6112956810631,0.027565490340003822
656.6312292358805,0.02848347406277202
656.6511627906978,0.02960535112005943
656.6710963455149,0.030904732767493576
656.6910299003323,0.03235541843484785
656.7109634551495,0.03393264808342476
656.7308970099668,0.03561379989170971
656.7508305647841,0.03737866490764288
656.7707641196014,0.03920944286036675
656.7906976744187,0.041090578687174036
656.8106312292359,0.04300852443692694
656.8305647840532,0.044951479897010975
656.8504983388705,0.04690914205965145
656.8704318936877,0.048872478199461916
656.890365448505,0.05083352806000933
656.9102990033223,0.05278523549877141
656.9302325581396,0.05472130737350231
656.9501661129569,0.05663609639805728
656.9700996677741,0.058524504468391206
656.9900332225915,0.06038190314774871
657.0099667774086,0.062204068368251555
657.0299003322259,0.06398712682632919
657.0498338870433,0.0657275119571996
657.0697674418604,0.06742192773986488
657.0897009966778,0.06906731889955564
657.109634551495,0.07066084633897211
657.1295681063124,0.07219986684819107
657.1495016611296,0.07368191632126128
657.1694352159469,0.07510469585242725
657.1893687707642,0.0764660602020157
657.2093023255813,0.07776400821656271
657.2292358803987,0.07899667486420542
657.249169435216,0.0801623246078381
657.2691029900333,0.08125934588871823
657.2890365448505,0.08228624653345396
657.3089700996678,0.08324164993030722
657.3289036544851,0.08412429184758902
657.3488372093024,0.0849330177888205
657.3687707641196,0.08566678079750177
657.3887043189369,0.08632463963907948
657.4086378737542,0.08690575730027361
657.4285714285714,0.08740939975604207
657.4485049833888,0.08783493496331302
657.468438538206,0.08818183204793548
657.4883720930234,0.08844966065752854
657.5083056478405,0.08863809045856436
657.5282392026578,0.08874689076063645
657.5481727574752,0.08877593025538172
657.5681063122923,0.08872517686129197
657.5880398671097,0.08859469766949815
657.6079734219269,0.08838465898911485
657.6279069767443,0.08809532649421595
657.6478405315615,0.08772706547814133
657.6677740863788,0.08728034122457623
657.6877076411961,0.08675571950879944
657.7076411960132,0.08615386724696958
657.7275747508306,0.08547555331621412
657.7475083056479,0.08472164957390323
657.7674418604652,0.08389313211099741
657.7873754152824,0.0829910827819536
657.8073089700997,0.08201669106264085
657.827242524917,0.08097125629840725
657.8471760797343,0.07985619041720694
657.8671096345515,0.07867302119824222
657.8870431893688,0.07742339620517623
657.9069767441861,0.07610908751588989
657.9269102990033,0.07473199740854929
657.9468438538206,0.07329416519804473
657.9667774086379,0.07179777545886767
657.9867109634553,0.07024516792248992
658.0066445182724,0.06863884940148303
658.0265780730898,0.06698150817212795
658.046511627907,0.06527603134562907
658.0664451827242,0.06352552588007816
658.0863787375416,0.061733344035683764
658.1063122923588,0.05990311426122195
658.1262458471762,0.05803877872584645
658.1461794019933,0.05614463898391265
658.1661129568107,0.05422541158483065
658.186046511628,0.05228629581405351
658.2059800664452,0.05033305616218279
658.2259136212625,0.04837212253269897
658.2458471760797,0.04641071153949459
658.2657807308971,0.04445697236860531
658.2857142857143,0.042520160318574966
658.3056478405316,0.04061083983379127
658.3255813953489,0.03874111585301992
658.3455149501661,0.03692488645356481
658.3654485049834,0.03517809944607036
658.3853820598008,0.033518978794881034
658.405315614618,0.03196816186884485
658.4252491694352,0.030548656039173658
658.4451827242525,0.029285489039310792
658.4651162790698,0.02820490807679632
658.4850498338872,0.02733300735468832
658.5049833887043,0.026693767803884497
658.5249169435217,0.026306691052797714
658.5448504983389,0.02618445411754857
658.5647840531561,0.026331174014007513
658.5847176079735,0.02674180627837627
658.6046511627907,0.0274028747698974
658.6245847176081,0.02829429465126034
658.6445182724252,0.029391745572067925
658.6644518272426,0.030669013582206625
658.6843853820599,0.03209989819727739
658.7043189368771,0.03365952555932422
658.7242524916944,0.03532509848142042
658.7441860465116,0.03707620923439625
658.764119601329,0.03889485965465715
658.7840531561462,0.04076531116138923
658.8039867109635,0.042673852781349275
658.8239202657808,0.04460854337590464
658.843853820598,0.046558960209326324
658.8637873754153,0.04851596993070063
658.8837209302326,0.05047152823851845
658.9036544850499,0.05241850899890684
658.9235880398671,0.054350560807451966
658.9435215946844,0.0562619878052781
658.9634551495017,0.058147651265546184
658.9833887043189,0.06000288862137955
659.0033222591362,0.061823446960146924
659.0232558139536,0.06360542842561363
659.0431893687708,0.06534524537827054
659.0631229235881,0.06703958353441108
659.0830564784053,0.06868537162404471
659.1029900332226,0.07027975637671931
659.12292358804,0.07182008186652504
659.1428571428571,0.07330387242932744
659.1627906976745,0.07472881851288471
659.1827242524917,0.07609276493989571
659.202657807309,0.07739370116068801
659.2225913621263,0.07862975314990088
659.2425249169436,0.0797991766646572
659.2624584717609,0.08090035163253294
659.282392026578,0.08193177747882087
659.3023255813954,0.08289206923630302
659.3222591362127,0.08377995430796698
659.3421926910299,0.08459426977550617
659.3621262458472,0.08533396016485512
659.3820598006645,0.08599807559514927
659.4019933554817,0.08658577025010694
659.4219269102991,0.08709630112135061
659.4418604651163,0.08752902698190113
659.4617940199336,0.08788340755572491
659.4817275747508,0.08815900285548459
659.5016611295681,0.0883554726662263
659.5215946843855,0.0884725761575934
659.5415282392026,0.08851017161158267
659.56146179402,0.08846821625672338
659.5813953488372,0.08834676620333741
659.6013289036545,0.08814597647812795
659.6212624584718,0.0878661011597613
659.641196013289,0.08750749362075287
659.6611295681064,0.08707060688465658
659.6810631229235,0.08655599411142018
659.7009966777409,0.08596430922830037
659.7209302325582,0.08529630772843613
659.7408637873755,0.08455284766473899
659.7607973421927,0.08373489087314814
659.7807308970099,0.0828435044667553
659.8006644518273,0.08187986265104147
659.8205980066446,0.0808452489209314
659.8405315614618,0.07974105871292396
659.8604651162791,0.07856880260060421
659.8803986710964,0.07733011014017176
659.9003322259136,0.07602673449481967
659.920265780731,0.07466055799401619
659.9401993355482,0.07323359881713723
659.9601328903655,0.07174801903186667
659.9800664451827,0.07020613426843327
660.0,0.06861042537320032
660.0199335548174,0.06696355246268083
660.0398671096345,0.0652683718948891
660.0598006644519,0.06352795679351882
660.0797342192691,0.06174562190730742
660.0996677740865,0.05992495376739831
660.1196013289037,0.05806984732632018
660.1395348837209,0.056184550529250574
660.1594684385383,0.05427371858590151
660.1794019933554,0.05234248007870356
660.1993355481728,0.050396517449388896
660.2192691029901,0.048442164819679445
660.2392026578074,0.04648652645356497
660.2591362126246,0.0445376193233561
660.2790697674419,0.04260454295060231
660.2990033222592,0.04069767852546946
660.3189368770765,0.038828916552398375
660.3388704318937,0.03701190682127749
660.358803986711,0.035262314785500806
660.3787375415283,0.033598052497222114
660.3986710963455,0.03203942838594745
660.4186046511629,0.030609128487344307
660.4385382059801,0.02933190741245787
660.4584717607975,0.02823384529578413
660.4784053156146,0.027341045118993382
660.4983388704319,0.02667773861406102
660.5182724252493,0.026263957042894772
660.5382059800664,0.026113166353276925
660.5581395348838,0.026230444556442377
660.578073089701,0.026611743437310532
660.5980066445184,0.027244475580599985
660.6179401993356,0.028109234443333367
660.6378737541529,0.029182127926945165
660.6578073089702,0.030437138093793115
660.6777408637873,0.03184807990222604
660.6976744186047,0.03338997512319462
660.717607973422,0.035039855887338024
660.7375415282393,0.036777117064767086
660.7574750830565,0.03858356195809251
660.7774086378738,0.04044326676288735
660.7973421926911,0.042342355339315026
660.8172757475083,0.044268743410815124
660.8372093023256,0.04621188643255651
660.8571428571429,0.04816254856755909
660.8770764119602,0.05011259985630818
660.8970099667774,0.05205484280192911
660.9169435215947,0.05398286658524874
660.936877076412,0.055890925813222046
660.9568106312294,0.05777384033764545
660.9767441860465,0.05962691279962289
660.9966777408638,0.061445860893676395
661.0166112956811,0.06322676175700019
661.0365448504983,0.06496600629939174
661.0564784053157,0.06666026166291304
661.0764119601329,0.06830644032422666
661.0963455149503,0.06990167462595699
661.1162790697674,0.0714432957494897
661.1362126245848,0.0729288163268811
661.1561461794021,0.07435591603993888
661.1760797342192,0.07572242967654579
661.1960132890366,0.07702633721258698
661.2159468438538,0.07826575556737556
661.2358803986712,0.07943893174460694
661.2558139534884,0.08054423712290006
661.2757475083057,0.0815801627019059
661.295681063123,0.08254531514432029
661.3156146179402,0.08343841348191947
661.3355481727575,0.08425828637655244
661.3554817275748,0.08500386984577889
661.375415282392,0.08567420537824476
661.3953488372093,0.08626843837664812
661.4152823920266,0.0867858168770149
661.4352159468439,0.08722569050165739
661.4551495016613,0.08758750961109207
661.4750830564784,0.08787082462643024
661.4950166112958,0.08807528549955686
661.514950166113,0.08820064131321259
661.5348837209302,0.08824673999749207
661.5548172757476,0.08821352815336658
661.5747508305648,0.08810105097747578
661.5946843853822,0.08790945228600998
661.6146179401993,0.08763897463903825
661.6345514950167,0.08728995957012267
661.654485049834,0.08686284792980772
661.6744186046512,0.08635818035544268
661.6943521594685,0.08577659788404006
661.7142857142857,0.08511884272978469
661.734219269103,0.08438575925306788
661.7541528239203,0.08357829515436371
661.7740863787376,0.0826975029333197
661.7940199335549,0.08174454166229986
661.8139534883721,0.0807206791335822
661.8338870431894,0.07962729445192376
661.8538205980067,0.07846588115863921
661.873754152824,0.07723805099146124
661.8936877076412,0.07594553840605715
661.9136212624585,0.07459020601153336
661.9335548172758,0.0731740511049531
661.953488372093,0.07169921352970533
661.9734219269103,0.07016798513201965
661.9933554817277,0.06858282115075719
662.0132890365448,0.066946353951058
662.0332225913621,0.06526140960581121
662.0531561461794,0.06353102794452359
662.0730897009967,0.06175848683205451
662.093023255814,0.05994733161572313
662.1129568106312,0.058101410894561195
662.1328903654486,0.05622492002542059
662.1528239202657,0.05432245409139142
662.1727574750831,0.05239907241889559
662.1926910299004,0.05046037713120442
662.2126245847176,0.04851260863931457
662.232558139535,0.04656276133244174
662.2524916943521,0.04461872291364051
662.2724252491695,0.04268944059863355
662.2923588039868,0.040785116352039484
662.312292358804,0.03891743080164308
662.3322259136213,0.0370997903944109
662.3521594684386,0.03534758321971182
662.3720930232558,0.03367841381427647
662.3920265780731,0.03211226439268765
662.4119601328904,0.03067149912173938
662.4318936877077,0.029380593689697185
662.4518272425249,0.028265448087167945
662.4717607973422,0.02735215265434168
662.4916943521596,0.026665161279254182
662.5116279069767,0.026225003280874508
662.5315614617941,0.026045906053322774
662.5514950166113,0.026133892507590115
662.5714285714286,0.026485910097795766
662.5913621262459,0.02709027394959476
662.6112956810631,0.027928278548656968
662.6312292358805,0.028976484895785398
662.6511627906976,0.03020909275273226
662.671096345515,0.03159994848490288
662.6910299003323,0.03312397949582703
662.7109634551496,0.034758052336969845
662.7308970099668,0.036481366130883
662.750830564784,0.03827552516516904
662.7707641196014,0.040124418783997653
662.7906976744187,0.04201400356247837
662.8106312292359,0.04393204987073931
662.8305647840532,0.045867889255381114
662.8504983388705,0.047812181508420655
662.8704318936877,0.049756709374035854
662.8903654485051,0.05169420259675124
662.9102990033223,0.05361818976872951
662.9302325581396,0.055522874982951144
662.9501661129568,0.057403035855686
662.9700996677741,0.05925393956112923
662.9900332225915,0.061071273841990924
663.0099667774086,0.06285109036605238
663.029900332226,0.06458975820902958
663.0498338870432,0.06628392562102664
663.0697674418604,0.06793048856207964
663.0897009966778,0.06952656476982111
663.109634551495,0.07106947235258453
663.1295681063124,0.07255671208984153
663.1495016611295,0.07398595277534689
663.1694352159469,0.07535501906262876
663.1893687707642,0.07666188137288135
663.2093023255815,0.07790464750641757
663.2292358803987,0.07908155566420123
663.2491694352159,0.08019096863912933
663.2691029900333,0.08123136897946627
663.2890365448505,0.08220135496190738
663.3089700996678,0.08309963723986388
663.3289036544851,0.08392503605613319
663.3488372093024,0.08467647892791849
663.3687707641196,0.08535299872802445
663.388704318937,0.08595373209898093
663.4086378737542,0.08647791814781275
663.4285714285714,0.08692489737819326
663.4485049833887,0.08729411082442023
663.468438538206,0.08758509935830212
663.4883720930234,0.08779750314567317
663.5083056478405,0.0879310612341432
663.5282392026579,0.08798561125839159
663.5481727574751,0.0879610892529671
663.5681063122925,0.08785752956661722
663.5880398671097,0.08767506487552935
663.6079734219269,0.08741392629653921
663.6279069767443,0.08707444360460409
663.6478405315614,0.08665704556287149
663.6677740863788,0.08616226037714943
663.6877076411961,0.08559071629112831
663.7076411960134,0.08494314234323043
663.7275747508306,0.08422036931136517
663.7475083056479,0.0834233308779727
663.7674418604652,0.0825530650549594
663.7873754152824,0.08161071591642864
663.8073089700997,0.08059753569721352
663.827242524917,0.0795148873271657
663.8471760797343,0.07836424748551392
663.8671096345515,0.07714721027707647
663.8870431893688,0.07586549165327344
663.9069767441861,0.0745209347268424
663.9269102990035,0.07311551616077383
663.9468438538206,0.07165135385102986
663.9667774086379,0.0701307161706405
663.9867109634552,0.06855603310220372
664.0066445182724,0.06692990965909573
664.0265780730898,0.06525514208692106
664.046511627907,0.06353473744907463
664.0664451827244,0.06177193733972942
664.0863787375415,0.059970246638963415
664.1063122923589,0.058133468434809134
664.1262458471762,0.056265746491746454
664.1461794019933,0.05437161694933903
664.1661129568107,0.0524560712888372
664.1860465116279,0.0505246330019609
664.2059800664452,0.048583450808013455
664.2259136212625,0.04663941163509026
664.2458471760798,0.04470027679019004
664.2657807308971,0.042774844574268306
664.2857142857142,0.040873141669839165
664.3056478405316,0.039006643303439434
664.3255813953489,0.0371885174599732
664.3455149501661,0.0354338798399262
664.3654485049834,0.03376003193009254
664.3853820598007,0.03218663266637948
664.405315614618,0.030735724231030204
664.4252491694353,0.029431498256548134
664.4451827242525,0.028299662413530793
664.4651162790698,0.02736627395588564
664.485049833887,0.026655981042450688
664.5049833887043,0.026189779647928388
664.5249169435217,0.02598263047466327
664.5448504983389,0.026041483853119177
664.5647840531562,0.02636428066858494
664.5847176079734,0.026940251045115188
664.6046511627908,0.027751412538561056
664.6245847176081,0.028774804083387714
664.6445182724252,0.02998486526261006
664.6644518272426,0.03135549041434928
664.6843853820598,0.032861523143901276
664.7043189368771,0.034479669962837474
664.7242524916944,0.036188936191236476
664.7441860465117,0.03797072679224234
664.764119601329,0.039808742717144734
664.7840531561462,0.04168877116921925
664.8039867109635,0.04359843495008565
664.8239202657808,0.045526939582167504
664.843853820598,0.04746483857861424
664.8637873754153,0.0494038257243949
664.8837209302326,0.05133655658648734
664.9036544850499,0.05325649797352548
664.9235880398671,0.055157802466555626
664.9435215946844,0.05703520461678877
664.9634551495018,0.058883935443729156
664.9833887043189,0.060699652168677516
665.0033222591362,0.06247838051827596
665.0232558139535,0.06421646734342581
665.0431893687708,0.06591054167851479
665.0631229235881,0.06755748269859904
665.0830564784053,0.06915439331403153
665.1029900332227,0.07069857837616703
665.1229235880398,0.07218752666012113
665.1428571428572,0.07361889594686867
665.1627906976745,0.07499050065380292
665.1827242524917,0.07630030156521893
665.202657807309,0.07754639729698246
665.2225913621262,0.07872701719643131
665.2425249169436,0.07984051543250757
665.2624584717609,0.08088536607504515
665.2823920265781,0.08186015899752619
665.3023255813954,0.0827635964666537
665.3222591362127,0.08359449030579919
665.3421926910299,0.0843517595387126
665.3621262458472,0.08503442843590314
665.3820598006645,0.08564162489946014
665.4019933554817,0.08617257913293312
665.421926910299,0.08662662255230841
665.4418604651163,0.08700318690181152
665.4617940199337,0.08730180354506559
665.4817275747508,0.0875221029077581
665.5016611295681,0.08766381405303507
665.5215946843854,0.08772676437542137
665.5415282392026,0.08771087940291693
665.56146179402,0.08761618270086505
665.5813953488372,0.08744279587467726
665.6013289036546,0.08719093867190188
665.6212624584717,0.08686092918783918
665.6411960132891,0.08645318418228622
665.6611295681064,0.08596821951902267
665.6810631229235,0.085406650743666
665.7009966777409,0.0847691938203244
665.7209302325581,0.08405666605253805
665.7408637873755,0.08326998722021435
665.7607973421927,0.08241018097104447
665.78073089701,0.08147837651342581
665.8006644518273,0.08047581066741151
665.8205980066446,0.07940383034207757
665.8405315614618,0.07826389552174137
665.8604651162791,0.07705758286047659
665.8803986710964,0.07578659000503454
665.9003322259136,0.07445274079157012
665.9202657807309,0.07305799149251137
665.9401993355482,0.07160443832783639
665.9601328903656,0.07009432650195896
665.9800664451827,0.06853006108519914
666.0000000000001,0.06691422013038999
666.0199335548173,0.06524957050375324
666.0398671096345,0.0635390870189612
666.0598006644519,0.061785975598753394
666.0797342192691,0.05999370135590649
666.0996677740865,0.0581660226899138
666.1196013289036,0.05630703274475554
666.139534883721,0.054421209870436534
666.1594684385383,0.0525134790787348
666.1794019933556,0.05058928687434553
666.1993355481728,0.048654692253157425
666.21926910299,0.046716477035689305
666.2392026578074,0.04478227893606304
666.2591362126246,0.04286075065242036
666.2790697674419,0.040961747443552646
666.2990033222592,0.039096543526623694
666.3189368770765,0.03727807323789827
666.3388704318937,0.03552118483781189
666.3588039867111,0.033842881282933675
666.3787375415283,0.0322625013558195
666.3986710963455,0.03080176552475233
666.4186046511628,0.02948457686426933
666.4385382059801,0.028336439411917033
666.4584717607975,0.027383357855738224
666.4784053156146,0.026650147528742136
666.498338870432,0.026158239906497557
666.5182724252492,0.025923300300742656
666.5382059800664,0.025953187667644678
666.5581395348838,0.026246832443907252
666.578073089701,0.026794390813932235
666.5980066445184,0.027578624690535965
666.6179401993355,0.028577075710558786
666.6378737541529,0.029764445809099996
666.6578073089702,0.031114694462343412
666.6777408637874,0.03260259262420248
666.6976744186047,0.034204692757830744
666.7176079734219,0.0358998086318606
666.7375415282393,0.037669145757439515
666.7574750830565,0.039496215243788386
666.7774086378738,0.041366632870241685
666.7973421926911,0.043267871655667735
666.8172757475083,0.04518900896627101
666.8372093023256,0.047120490104327915
666.8571428571429,0.04905391820677388
666.8770764119602,0.050981873219238985
666.8970099667774,0.052897758949614494
666.9169435215947,0.054795675449577634
666.936877076412,0.05667031335922244
666.9568106312292,0.0585168668416883
666.9767441860465,0.06033096201561156
666.9966777408639,0.06210859818517187
667.0166112956811,0.0638460995776878
667.0365448504984,0.0655400756813942
667.0564784053156,0.06718738861246823
667.0764119601329,0.06878512622699334
667.0963455149503,0.07033057993145375
667.1162790697674,0.07182122634145706
667.1362126245848,0.07325471209759184
667.156146179402,0.07462884127680636
667.1760797342193,0.07594156494203813
667.1960132890366,0.0771909724573188
667.2159468438539,0.07837528426367278
667.2358803986712,0.07949284586626275
667.2558139534883,0.08054212282790472
667.2757475083057,0.08152169660028685
667.295681063123,0.08243026105372625
667.3156146179402,0.08326661959053562
667.3355481727575,0.08402968274664152
667.3554817275748,0.08471846620264942
667.375415282392,0.08533208913874687
667.3953488372094,0.08586977287935217
667.4152823920266,0.08633083978253508
667.4352159468439,0.08671471233742474
667.4551495016611,0.08702091243938
667.4750830564784,0.08724906081866468
667.4950166112958,0.08739887660335821
667.514950166113,0.08747017700182769
667.5348837209303,0.0874628770941225
667.5548172757475,0.08737698972536884
667.5747508305649,0.08721262549797447
667.5946843853822,0.08696999286278505
667.6146179401993,0.08664939831285556
667.6345514950167,0.08625124668717139
667.6544850498339,0.08577604159533478
667.6744186046512,0.08522438597846164
667.6943521594685,0.08459698282596419
667.7142857142858,0.08389463607326085
667.734219269103,0.08311825171110254
667.7541528239202,0.08226883914437068
667.7740863787376,0.08134751284595117
667.7940199335549,0.08035549436120877
667.8139534883721,0.0792941147297745
667.8338870431894,0.07816481740518688
667.8538205980067,0.076969161769575
667.873754152824,0.07570882736080675
667.8936877076412,0.07438561895402838
667.9136212624585,0.07300147266981992
667.9335548172758,0.07155846331818647
667.953488372093,0.07005881323323769
667.9734219269103,0.06850490290979913
667.9933554817276,0.06689928382292676
668.0132890365448,0.06524469389755147
668.0332225913622,0.06354407620233117
668.0531561461794,0.06180060157402293
668.0730897009968,0.06001769604153132
668.0930232558139,0.05819907411852778
668.1129568106312,0.05634877927656622
668.1328903654486,0.054471233201411506
668.1528239202657,0.052571295776470295
668.1727574750831,0.050654338122337904
668.1926910299003,0.04872633143000916
668.2126245847177,0.04679395470687811
668.232558139535,0.04486472480861479
668.2524916943522,0.042947152064648754
668.2724252491695,0.04105092408431645
668.2923588039866,0.03918711838392439
668.312292358804,0.03736844039550312
668.3322259136213,0.035609475857536085
668.3521594684386,0.033926933761213154
668.3720930232558,0.03233983603477964
668.3920265780731,0.03086958206749745
668.4119601328904,0.029539782479168893
668.4318936877078,0.028375727204214655
668.4518272425249,0.02740334985099812
668.4717607973422,0.026647606655592217
668.4916943521595,0.026130333762755233
668.5116279069767,0.025867871929126096
668.5315614617941,0.02586896870080829
668.5514950166113,0.02613353855670044
668.5714285714287,0.026652673358710317
668.5913621262458,0.02740989982872089
668.6112956810632,0.028383286935984277
668.6312292358805,0.029547821862498
668.6511627906976,0.030877546971420127
668.671096345515,0.03234717229272927
668.6910299003322,0.033933102695776256
668.7109634551496,0.03561396296698187
668.7308970099668,0.037370759229907104
668.7508305647841,0.03918681140210912
668.7707641196014,0.04104756182630301
668.7906976744187,0.04294033152841994
668.8106312292359,0.04485406757165172
668.8305647840532,0.0467791050924775
668.8504983388705,0.048706954865715794
668.8704318936877,0.05063011974745322
668.890365448505,0.05254193930556625
668.9102990033223,0.05443646002580222
668.9302325581397,0.05630832777474692
668.9501661129568,0.05815269914382783
668.9700996677741,0.059965168556418556
668.9900332225914,0.06174170840345016
669.0099667774086,0.0634786198821509
669.029900332226,0.0651724925976496
669.0498338870432,0.06682017132797223
669.0697674418606,0.06841872864345197
669.0897009966777,0.06996544231404961
669.1096345514951,0.07145777663749373
669.1295681063124,0.07289336698362311
669.1495016611295,0.0742700069822615
669.1694352159469,0.0755856378884738
669.1893687707641,0.07683833974520515
669.2093023255815,0.0780263240328453
669.2292358803987,0.07914792755143402
669.249169435216,0.08020160732681154
669.2691029900333,0.08118593636898125
669.2890365448505,0.08209960014097896
669.3089700996678,0.08294139362122782
669.3289036544851,0.08371021886237474
669.3488372093024,0.08440508296633582
669.3687707641196,0.08502509640886893
669.3887043189369,0.08556947165848716
669.4086378737542,0.08603752204405522
669.4285714285716,0.08642866083345155
669.4485049833887,0.08674240049256983
669.4684385382061,0.08697835209983988
669.4883720930233,0.08713622489650771
669.5083056478405,0.08721582595762348
669.5282392026579,0.08721705997262351
669.5481727574751,0.08713992912832025
669.5681063122925,0.0869845330906439
669.5880398671096,0.0867510690849129
669.607973421927,0.08643983207797046
669.6279069767443,0.0860512150690324
669.6478405315615,0.08558570949986646
669.6677740863788,0.08504390579898105
669.687707641196,0.08442649407902887
669.7076411960134,0.08373426501168954
669.7275747508306,0.08296811091007208
669.7475083056479,0.08212902705549481
669.7674418604652,0.08121811331329747
669.7873754152824,0.08023657609185507
669.8073089700997,0.07918573071002004
669.827242524917,0.07806700425174383
669.8471760797343,0.07688193900281007
669.8671096345515,0.07563219658440805
669.8870431893688,0.0743195629222168
669.9069767441861,0.07294595421915015
669.9269102990033,0.07151342413605315
669.9468438538206,0.07002417242908168
669.966777408638,0.06848055534748529
669.9867109634552,0.06688509816332798
670.0066445182724,0.06524051028888922
670.0265780730897,0.06354970354146236
670.046511627907,0.061815814244096656
670.0664451827244,0.060042230009517555
670.0863787375415,0.058232622249424396
670.1063122923589,0.05639098568829941
670.126245847176,0.05452168644559173
670.1461794019934,0.0526295205843723
670.1661129568107,0.05071978540423881
670.1860465116279,0.04879836616198269
670.2059800664452,0.04687184128971219
670.2259136212624,0.044947609452833936
670.2458471760798,0.04303404177091107
670.2657807308971,0.041140661896443415
670.2857142857143,0.039278354871656346
670.3056478405316,0.03745960189966191
670.3255813953489,0.03569873108105685
670.3455149501661,0.034012162043223604
670.3654485049834,0.03241860331746786
670.3853820598007,0.03093913418978271
670.405315614618,0.029597069504253355
670.4252491694352,0.02841747543719848
670.4451827242525,0.02742619695739285
670.4651162790699,0.02664830577922201
670.485049833887,0.02610601226816012
670.5049833887044,0.025816303078089506
670.5249169435216,0.025788793133840096
670.5448504983389,0.02602437383240378
670.5647840531562,0.026515080842450273
670.5847176079734,0.027245225238823965
670.6046511627908,0.028193427747571553
670.624584717608,0.029334984017471876
670.6445182724253,0.03064403762147689
670.6644518272426,0.032095249983015925
670.6843853820599,0.03366488531245045
670.7043189368771,0.035331382318593806
670.7242524916943,0.03707554800773593
670.7441860465117,0.038880509865791765
670.764119601329,0.04073153483225502
670.7840531561462,0.04261578973804195
670.8039867109635,0.04452208918428971
670.8239202657808,0.04644065616509758
670.843853820598,0.048362907354481226
670.8637873754153,0.050281267026713886
670.8837209302326,0.0521890092484267
670.9036544850499,0.05408012588364904
670.9235880398671,0.05594921714667183
670.9435215946844,0.05779140132809086
670.9634551495017,0.05960224055192862
670.9833887043189,0.06137767979555731
671.0033222591363,0.06311399681165704
671.0232558139535,0.06480776097879612
671.0431893687709,0.06645579945210373
671.063122923588,0.06805516928010709
671.0830564784053,0.06960313440074638
671.1029900332227,0.07109714663224949
671.1229235880398,0.07253482994055142
671.1428571428572,0.07391396739925314
671.1627906976744,0.07523249036690927
671.1827242524918,0.07648846949425954
671.202657807309,0.07768010724506191
671.2225913621262,0.07880573167134065
671.2425249169436,0.07986379123060625
671.2624584717607,0.08085285046996682
671.2823920265781,0.0817715864330331
671.3023255813954,0.08261878567031619
671.3222591362127,0.08339334175455353
671.3421926910299,0.08409425321908935
671.3621262458472,0.0847206218515786
671.3820598006645,0.08527165128678386
671.4019933554817,0.08574664585192691
671.421926910299,0.08614500962637325
671.4418604651163,0.0864662456842413
671.4617940199336,0.08670995549455805
671.4817275747508,0.08687583845880417
671.5016611295682,0.08696369157031743
671.5215946843854,0.08697340918406231
671.5415282392028,0.08690498288917212
671.5614617940199,0.08675850148027976
671.5813953488372,0.08653415102700544
671.6013289036546,0.08623221504458367
671.6212624584717,0.08585307477202563
671.6411960132891,0.08539720956802839
671.6611295681063,0.0848651974387752
671.6810631229237,0.08425771571635422
671.7009966777409,0.08357554191126507
671.7209302325582,0.08281955476849603
671.7408637873755,0.08199073556299499
671.7607973421926,0.08109016967824803
671.78073089701,0.08011904852086778
671.8006644518273,0.07907867183493784
671.8205980066446,0.07797045049310086
671.8405315614618,0.07679590985714367
671.8604651162791,0.07555669382016914
671.8803986710964,0.07425456966588798
671.9003322259138,0.07289143390913823
671.9202657807309,0.07146931931724322
671.9401993355482,0.06999040335481836
671.9601328903655,0.06845701834852702
671.9800664451827,0.06687166373419896
672.0000000000001,0.06523702083074054
672.0199335548173,0.06355597068665331
672.0398671096347,0.06183161567039167
672.0598006644518,0.060067305630559474
672.0797342192692,0.05826666964193308
672.0996677740865,0.05643365458473775
672.1196013289036,0.054572572082779464
672.139534883721,0.052688155654004996
672.1594684385382,0.05078563030056092
672.1794019933556,0.048870797168338025
672.1993355481728,0.0469501362955862
672.2192691029901,0.045030930759700036
672.2392026578074,0.04312141555400079
672.2591362126246,0.04123095398447518
672.2790697674419,0.03937024276259873
672.2990033222592,0.037551543465023714
672.3189368770765,0.03578893139741792
672.3388704318937,0.03409854144962356
672.358803986711,0.03249877235284082
672.3787375415283,0.031010384580171364
672.3986710963457,0.029656394423640316
672.4186046511628,0.02846163543330975
672.4385382059801,0.027451847321962784
672.4584717607974,0.02665219272888482
672.4784053156146,0.02608522624405304
672.498338870432,0.02576855058621176
672.5182724252492,0.025712625761517255
672.5382059800666,0.025919311385695587
672.5581395348837,0.026381593553050434
672.5780730897011,0.027084586265326487
672.5980066445184,0.028007486159523268
672.6179401993355,0.029125920853276557
672.6378737541529,0.030414154009555352
672.6578073089701,0.03184681135419754
672.6777408637874,0.033400023863283036
672.6976744186047,0.03505204741847562
672.717607973422,0.036783490393137795
672.7375415282393,0.03857728671611926
672.7574750830565,0.04041852600553234
672.7774086378738,0.04229421870385682
672.7973421926911,0.04419304477835357
672.8172757475083,0.04610511308145987
672.8372093023256,0.04802174442184123
672.8571428571429,0.049935282974286926
672.8770764119602,0.05183893601982197
672.8970099667774,0.053726639724696684
672.9169435215947,0.05559294775484154
672.9368770764121,0.05743293935633115
672.9568106312292,0.05924214373760453
672.9767441860465,0.061016477952113554
672.9966777408638,0.06275219588519233
673.0166112956811,0.06444584633846931
673.0365448504984,0.0660942385536477
673.0564784053156,0.06769441381662228
673.076411960133,0.06924362203373743
673.0963455149501,0.0707393023786786
673.1162790697675,0.07217906727738588
673.1362126245848,0.07356068913561278
673.156146179402,0.07488208932456057
673.1760797342193,0.07614132902970674
673.1960132890365,0.07733660164041191
673.2159468438539,0.078466226416246
673.2358803986712,0.07952864321355889
673.2558139534884,0.0805224080940204
673.2757475083057,0.08144618966838292
673.295681063123,0.08229876605404621
673.3156146179402,0.08307902234602034
673.3355481727575,0.08378594851806061
673.3554817275748,0.08441863768495675
673.375415282392,0.08497628466872537
673.3953488372093,0.0854581848214429
673.4152823920266,0.0858637330656093
673.435215946844,0.08619242312011954
673.4551495016611,0.08644384688589461
673.4750830564785,0.08661769397058738
673.4950166112957,0.08671375133625842
673.514950166113,0.08673190305831405
673.5348837209303,0.08667213018761329
673.5548172757475,0.08653451071139848
673.5747508305649,0.08631921961209298
673.594684385382,0.0860265290265502
673.6146179401994,0.08565680851169966
673.6345514950167,0.0852105254264215
673.6544850498339,0.084688245443302
673.6744186046512,0.08409063320836502
673.6943521594684,0.08341845317175194
673.7142857142858,0.08267257061796053
673.734219269103,0.08185395293074893
673.7541528239203,0.08096367113528845
673.7740863787376,0.08000290176931403
673.7940199335549,0.07897292914561432
673.8139534883721,0.07787514808098771
673.8338870431894,0.07671106718247417
673.8538205980067,0.07548231280027794
673.873754152824,0.07419063377976562
673.8936877076412,0.07283790717298673
673.9136212624585,0.07142614510439295
673.9335548172758,0.06995750302779193
673.953488372093,0.06843428966372374
673.9734219269104,0.06685897897091832
673.9933554817276,0.06523422458525514
674.0132890365448,0.06356287725845049
674.0332225913621,0.061848005950999076
674.0531561461794,0.06009292338449664
674.0730897009968,0.05830121704397561
674.0930232558139,0.05647678684662812
674.1129568106313,0.05462389096535821
674.1328903654485,0.05274720161678816
674.1528239202659,0.05085187299133364
674.1727574750831,0.04894362390183593
674.1926910299003,0.04702883812002044
674.2126245847177,0.0451146856740679
674.2325581395348,0.04320926844203739
674.2524916943522,0.04132179291394175
674.2724252491695,0.039462771532095764
674.2923588039868,0.037644250776593016
674.312292358804,0.035880057957378794
674.3322259136213,0.03418604787033565
674.3521594684386,0.03258031316880016
674.3720930232558,0.03108329709572987
674.3920265780731,0.029717715129955028
674.4119601328904,0.02850816008378949
674.4318936877077,0.02748025072293131
674.4518272425249,0.026659216940095445
674.4717607973423,0.026067928055063118
674.4916943521595,0.025724572811635902
674.5116279069769,0.02564043298465863
674.531561461794,0.025818326160248962
674.5514950166113,0.026252193935034557
674.5714285714287,0.02692797077342763
674.5913621262458,0.02782545303898636
674.6112956810632,0.028920624059599265
674.6312292358804,0.030187887012913
674.6511627906978,0.031601845435946664
674.671096345515,0.033138505002668246
674.6910299003322,0.03477594238252656
674.7109634551496,0.03649456802972337
674.7308970099667,0.03827712131653466
674.7508305647841,0.040108512677514155
674.7707641196014,0.04197559398673123
674.7906976744187,0.04386690839574991
674.8106312292359,0.04577244859491289
674.8305647840532,0.04768343773791763
674.8504983388705,0.04959213835737598
674.8704318936877,0.051491689641251094
674.890365448505,0.05337597096164388
674.9102990033223,0.05523948852263574
674.9302325581396,0.05707728176739223
674.9501661129568,0.058884846360251944
674.9700996677742,0.060658070910157284
674.9900332225914,0.06239318500382996
675.0099667774087,0.06408671650852227
675.0299003322259,0.06573545645613803
675.0498338870432,0.06733643012416747
675.0697674418606,0.06888687318368536
675.0897009966777,0.07038421199526598
675.1096345514951,0.07182604730577684
675.1295681063123,0.07321014073892444
675.1495016611296,0.07453440358542728
675.1694352159469,0.0757968874904516
675.1893687707642,0.07699577670941582
675.2093023255815,0.0781293816633813
675.2292358803986,0.07919613357322014
675.249169435216,0.08019457999124593
675.2691029900333,0.08112338108063341
675.2890365448505,0.08198130651920578
675.3089700996678,0.08276723292527188
675.3289036544851,0.08348014172081077
675.3488372093024,0.08411911736182505
675.3687707641197,0.08468334587752709
675.3887043189369,0.08517211367019069
675.4086378737542,0.08558480653597507
675.4285714285714,0.08592090887397147
675.4485049833887,0.08618000305718101
675.4684385382061,0.08636176894414947
675.4883720930233,0.08646598351494557
675.5083056478406,0.08649252061910534
675.5282392026578,0.08644135082735956
675.5481727574752,0.08631254138216009
675.5681063122925,0.08610625624591285
675.5880398671096,0.08582275624890445
675.607973421927,0.08546239934266178
675.6279069767442,0.08502564096799832
675.6478405315615,0.08451303455101368
675.6677740863788,0.08392523214449756
675.6877076411961,0.08326298523724478
675.7076411960134,0.08252714575903157
675.7275747508306,0.08171866731556449
675.7475083056479,0.08083860669504017
675.7674418604652,0.0798881256968647
675.7873754152824,0.07886849334339267
675.8073089700997,0.07778108854826389
675.827242524917,0.07662740332991883
675.8471760797343,0.0754090466773614
675.8671096345515,0.07412774919741291
675.8870431893688,0.07278536870022825
675.9069767441861,0.07138389691310733
675.9269102990033,0.0699254675541173
675.9468438538206,0.06841236604760216
675.9667774086379,0.06684704122673558
675.9867109634552,0.06523211944581872
676.0066445182725,0.06357042162138789
676.0265780730897,0.061864983840210185
676.0465116279071,0.060119082319251706
676.0664451827242,0.05833626368332594
676.0863787375415,0.05652038174666742
676.1063122923589,0.0546756422504298
676.126245847176,0.05280665732300925
676.1461794019934,0.05091851179166805
676.1661129568106,0.04901684386959442
676.186046511628,0.04710794313639176
676.2059800664452,0.04519886904772474
676.2259136212625,0.04329759330614457
676.2458471760798,0.04141316903776293
676.265780730897,0.03955592839655552
676.2857142857143,0.037737707223026384
676.3056478405316,0.03597208958439532
676.3255813953489,0.03427465483736689
676.3455149501661,0.032663193393551004
676.3654485049834,0.031157833123061664
676.3853820598007,0.0297809869228853
676.4053156146181,0.028556999490912106
676.4252491694352,0.027511353871572577
676.4451827242525,0.02666932444262516
676.4651162790698,0.026054066321177793
676.485049833887,0.02568432411894648
676.5049833887044,0.025572177136307432
676.5249169435216,0.025721389170147095
676.544850498339,0.026126860827072298
676.5647840531561,0.026775363458725995
676.5847176079735,0.02764731655144959
676.6046511627908,0.0287190830649579
676.624584717608,0.02996522563211002
676.6445182724253,0.031360339705033165
676.6644518272425,0.032880314103192795
676.6843853820599,0.0345030502750436
676.7043189368771,0.036208761709893046
676.7242524916944,0.037979992358223684
676.7441860465117,0.03980147167069632
676.764119601329,0.04165989079022618
676.7840531561462,0.04354365386328038
676.8039867109635,0.045442635378014656
676.8239202657808,0.04734795901944647
676.843853820598,0.049251804110903075
676.8637873754153,0.05114724041726488
676.8837209302326,0.05302808940018846
676.9036544850499,0.05488880887129467
676.9235880398671,0.056724397698065754
676.9435215946845,0.05853031736024826
676.9634551495017,0.06030242749172787
676.9833887043189,0.06203693294111611
677.0033222591362,0.06373034027705035
677.0232558139535,0.06537942201963068
677.0431893687709,0.06698118718748909
677.063122923588,0.06853285700880343
677.0830564784054,0.0700318448591649
677.1029900332226,0.07147573966448094
677.1229235880398,0.07286229214974588
677.1428571428572,0.07418940343002359
677.1627906976744,0.07545511553322191
677.1827242524918,0.07665760351965852
677.2026578073089,0.07779516892430278
677.2225913621263,0.07886623429690189
677.2425249169436,0.07986933865519541
677.2624584717609,0.08080313369889575
677.2823920265781,0.08166638065864733
677.3023255813953,0.08245794767596439
677.3222591362127,0.08317680762782279
677.3421926910299,0.08382203632448325
677.3621262458472,0.08439281102120626
677.3820598006645,0.0848884091948109
677.4019933554817,0.08530820754456514
677.421926910299,0.08565168118415954
677.4418604651164,0.08591840299775214
677.4617940199336,0.08610804313846647
677.4817275747508,0.08622036865247977
677.5016611295681,0.08625524321604455
677.5215946843854,0.08621262697669957
677.5415282392028,0.0860925764935189
677.5614617940199,0.08589524477476984
677.5813953488373,0.08562088141468677
677.6013289036545,0.08526983283469672
677.6212624584718,0.08484254263785489
677.6411960132891,0.08433955208934396
677.6611295681063,0.0837615007399903
677.6810631229237,0.08310912721456959
677.7009966777408,0.08238327019206348
677.7209302325582,0.08158486961134631
677.7408637873755,0.08071496814293082
677.7607973421927,0.07977471297616594
677.78073089701,0.07876535798142273
677.8006644518273,0.07768826631915071
677.8205980066446,0.07654491358239304
677.8405315614618,0.0753368915773669
677.8604651162791,0.07406591286844665
677.8803986710964,0.07273381624061324
677.9003322259136,0.07134257326503735
677.9202657807309,0.06989429619366748
677.9401993355483,0.06839124745832924
677.9601328903655,0.06683585111090533
677.9800664451828,0.06523070661706733
678.0,0.06357860550969813
678.0199335548173,0.06188255152418946
678.0398671096347,0.060145784981043636
678.0598006644518,0.05837181235738483
678.0797342192692,0.056564442204065764
678.0996677740864,0.05472782882499815
678.1196013289037,0.052866525443552435
678.139534883721,0.050985548936508175
678.1594684385382,0.04909045860750801
678.1794019933556,0.04718745186681728
678.1993355481727,0.04528348001346447
678.2192691029901,0.04338638744432292
678.2392026578074,0.04150507729590448
678.2591362126246,0.039649705333619334
678.2790697674419,0.037831901140451124
678.2990033222592,0.03606501024248918
678.3189368770765,0.034364341213101245
678.3388704318937,0.0327473861551976
678.358803986711,0.031233959672381906
678.3787375415283,0.029846170770298726
678.3986710963455,0.028608109354889454
678.4186046511628,0.027545108866242275
678.4385382059802,0.02668246630343423
678.4584717607974,0.02604359425328228
678.4784053156147,0.025647763000049444
678.4983388704319,0.025507824281686096
678.5182724252492,0.025628474886662173
678.5382059800666,0.02600557636533246
678.5581395348837,0.02662675222124881
678.5780730897011,0.02747306798128399
678.5980066445183,0.028521290297407135
678.6179401993356,0.029746161699433147
678.6378737541529,0.03112228425924865
678.6578073089702,0.032625438920091274
678.6777408637874,0.03423335629312045
678.6976744186046,0.03592605411046823
678.717607973422,0.03768588017859764
678.7375415282393,0.039497381230726054
678.7574750830565,0.04134708553520417
678.7774086378738,0.043223256036757085
678.7973421926911,0.04511564696092892
678.8172757475083,0.04701528068496163
678.8372093023256,0.04891425172997971
678.8571428571429,0.050805559083674026
678.8770764119602,0.0526829651595916
678.8970099667774,0.054540878427952015
678.9169435215947,0.0563742563922126
678.936877076412,0.05817852569397936
678.9568106312292,0.059949516450707487
678.9767441860466,0.0616834083244043
678.9966777408638,0.06337668621335538
679.0166112956812,0.06502610381762029
679.0365448504983,0.06662865364127753
679.0564784053156,0.06818154225761743
679.076411960133,0.0696821698816642
679.0963455149501,0.07112811347327
679.1162790697675,0.07251711273936151
679.1362126245847,0.07384705852174406
679.1561461794021,0.07511598315206353
679.1760797342193,0.07632205243247196
679.1960132890366,0.0774635589625975
679.2159468438539,0.07853891658386553
679.235880398671,0.07954665575281872
679.2558139534884,0.08048541968843442
679.2757475083057,0.08135396116535425
679.295681063123,0.08215113984699134
679.3156146179402,0.08287592007089592
679.3355481727575,0.08352736901347926
679.3554817275748,0.08410465517379684
679.375415282392,0.08460704712641483
679.3953488372093,0.0850339125020772
679.4152823920266,0.08538471716230775
679.4352159468439,0.08565902454038038
679.4551495016611,0.08585649512650323
679.4750830564785,0.08597688607993231
679.4950166112957,0.08602005095497642
679.5149501661131,0.08598593953171034
679.5348837209302,0.08587459774594468
679.5548172757475,0.08568616771637988
679.5747508305649,0.08542088787036753
679.594684385382,0.08507909317308956
679.6146179401994,0.08466121546866846
679.6345514950166,0.08416778394542782
679.654485049834,0.08359942574181095
679.6744186046512,0.08295686671416373
679.6943521594685,0.08224093239278782
679.7142857142858,0.08145254915898413
679.7342192691029,0.08059274568272039
679.7541528239203,0.07966265466929973
679.7740863787376,0.07866351497306609
679.7940199335549,0.07759667414854494
679.8139534883721,0.07646359152356819
679.8338870431894,0.07526584189666762
679.8538205980067,0.07400511998215666
679.873754152824,0.07268324575240524
679.8936877076412,0.07130217085868178
679.9136212624585,0.06986398635104181
679.9335548172758,0.06837093196620744
679.953488372093,0.06682540731179218
679.9734219269103,0.06522998534931156
679.9933554817276,0.06358742866956624
680.013289036545,0.06190070916711598
680.0332225913621,0.06017303186015492
680.0531561461795,0.05840786377382758
680.0730897009967,0.05660896901505839
680.0930232558139,0.05478045142074026
680.1129568106313,0.052926806463156874
680.1328903654485,0.051052984445954505
680.1528239202659,0.04916446741096898
680.172757475083,0.047267362571315676
680.1926910299004,0.04536851542575815
680.2126245847177,0.043475645866573855
680.232558139535,0.0415975103385134
680.2524916943522,0.03974409203794851
680.2724252491694,0.03792681859722721
680.2923588039868,0.03615880164919226
680.312292358804,0.034455083635080465
680.3322259136213,0.03283286236817579
680.3521594684386,0.031311641523755374
680.3720930232558,0.029913225342736115
680.3920265780731,0.028661442936677512
680.4119601328905,0.02758146513521057
680.4318936877077,0.026698590611218587
680.4518272425249,0.026036461748269762
680.4717607973422,0.02561484435306098
680.4916943521595,0.025447336756026603
680.5116279069769,0.025539554108462825
680.531561461794,0.025888319252072828
680.5514950166114,0.026482121883761464
680.5714285714286,0.027302695931237148
680.5913621262458,0.028327235876121796
680.6112956810632,0.029530685055913695
680.6312292358804,0.03088766746086914
680.6511627906978,0.03237386567436828
680.6710963455149,0.033966844258970987
680.6910299003323,0.035646426662630605
680.7109634551496,0.037394763977883265
680.7308970099668,0.039196218560085
680.7508305647841,0.04103715368315763
680.7707641196013,0.042905688888740294
680.7906976744187,0.04479145606049669
680.8106312292359,0.046685374404386706
680.8305647840532,0.04857945202110719
680.8504983388705,0.0504666157433611
680.8704318936877,0.052340567777892526
680.890365448505,0.05419566628637418
680.9102990033224,0.05602682660455847
680.9302325581396,0.05782943986955287
680.9501661129568,0.05959930613033481
680.9700996677741,0.06133257940498858
680.9900332225914,0.0630257225424177
681.0099667774087,0.06467547010831833
681.0299003322259,0.06627879783149912
681.0498338870433,0.06783289741411293
681.0697674418604,0.06933515573146934
681.0897009966778,0.0707831376292512
681.1096345514951,0.07217457167435078
681.1295681063123,0.07350733833544608
681.1495016611296,0.07477946016694557
681.1694352159468,0.07598909364801198
681.1893687707642,0.07713452239211585
681.2093023255815,0.07821415149368595
681.2292358803987,0.07922650282012123
681.249169435216,0.08017021109119568
681.2691029900333,0.08104402061546584
681.2890365448505,0.08184678257583639
681.3089700996678,0.08257745277490747
681.3289036544851,0.0832350897660674
681.3488372093024,0.0838188533088459
681.3687707641196,0.08432800309769682
681.3887043189369,0.08476189772213925
681.4086378737543,0.08511999382372477
681.4285714285714,0.08540184542172097
681.4485049833888,0.08560710338482384
681.468438538206,0.08573551503122363
681.4883720930233,0.0857869238434797
681.5083056478406,0.08576126928876378
681.5282392026578,0.08565858673851345
681.5481727574752,0.0854790074851973
681.5681063122923,0.08522275885710556
681.5880398671097,0.08489016443572077
681.607973421927,0.08448164438361598
681.6279069767442,0.0839977158948059
681.6478405315615,0.08343899378338919
681.6677740863787,0.08280619123121603
681.6877076411961,0.08210012072024303
681.7076411960134,0.08132169518154723
681.7275747508306,0.0804719293997149
681.7475083056479,0.07955194171979393
681.7674418604652,0.07856295611369
681.7873754152824,0.07750630467465833
681.8073089700997,0.07638343062265199
681.827242524917,0.07519589192043802
681.8471760797343,0.07394536562107783
681.8671096345515,0.07263365309289202
681.8870431893688,0.07126268629893627
681.9069767441861,0.06983453534641168
681.9269102990033,0.06835141756834395
681.9468438538207,0.0668157084581517
681.9667774086379,0.06522995484954898
681.9867109634552,0.06359689082327595
682.0066445182724,0.06191945693230385
682.0265780730897,0.060200823473181564
682.0465116279071,0.05844441869870313
682.0664451827242,0.05665396307192559
682.0863787375416,0.05483351090959443
682.1063122923588,0.052987501058711486
682.1262458471762,0.05112081859316551
682.1461794019934,0.049238869899819966
682.1661129568106,0.0473476739180609
682.186046511628,0.04545397264507261
682.2059800664451,0.04356536420297095
682.2259136212625,0.041690461568032376
682.2458471760798,0.039839079108273515
682.2657807308971,0.03802244673731474
682.2857142857143,0.03625344678693932
682.3056478405316,0.03454686020691496
682.3255813953489,0.032919594614367186
682.3455149501661,0.031390845307229305
682.3654485049834,0.029982111297924247
682.3853820598007,0.028716955546191136
682.405315614618,0.02762037411848047
682.4252491694352,0.026717647328907388
682.4451827242526,0.02603262037484087
682.4651162790698,0.025585524551819738
682.4850498338872,0.025390678262501742
682.5049833887043,0.0254545990352689
682.5249169435216,0.025775069760789502
682.544850498339,0.02634145909399584
682.5647840531561,0.027136191096214374
682.5847176079735,0.028136912238155037
682.6046511627907,0.029318788018751513
682.6245847176081,0.030656480238037933
682.6445182724253,0.03212558318669095
682.6644518272426,0.03370350058893381
682.6843853820599,0.03536986336195492
682.704318936877,0.03710662547801505
682.7242524916944,0.038897963335019575
682.7441860465117,0.04073007312074888
682.764119601329,0.042590928770296764
682.7840531561462,0.04447003772863105
682.8039867109635,0.04635821414294009
682.8239202657808,0.04824737805000722
682.843853820598,0.05013038272583324
682.8637873754153,0.05200086899023916
682.8837209302326,0.053853143710741416
682.9036544850499,0.05568207923598763
682.9235880398671,0.057483030519079784
682.9435215946844,0.0592517669775417
682.9634551495017,0.060984416519121364
682.983388704319,0.06267741955677428
683.0033222591362,0.06432749120126414
683.0232558139535,0.06593159014018986
683.0431893687708,0.0674868929839649
683.063122923588,0.06899077308532055
683.0830564784054,0.07044078302453996
683.1029900332226,0.07183464010378424
683.12292358804,0.07317021431644855
683.1428571428571,0.07444551835662937
683.1627906976745,0.07565869931388827
683.1827242524918,0.07680803176305374
683.2026578073089,0.07789191201142302
683.2225913621263,0.0789088533079199
683.2425249169435,0.07985748185331863
683.2624584717609,0.08073653347885612
683.2823920265781,0.0815448508833272
683.3023255813954,0.08228138133773588
683.3222591362127,0.08294517478217261
683.3421926910299,0.08353538225224157
683.3621262458472,0.0840512545833561
683.3820598006645,0.08449214135003366
683.4019933554817,0.08485749000496266
683.421926910299,0.08514684518919323
683.4418604651163,0.08535984819023044
683.4617940199336,0.0854962365298994
683.481727574751,0.08555584366806324
683.5016611295681,0.0855385988123522
683.5215946843855,0.08544452682752915
683.5415282392026,0.08527374824187632
683.5614617940199,0.08502647935116149
683.5813953488373,0.08470303242432173
683.6013289036545,0.08430381601836928
683.6212624584718,0.08382933541405678
683.641196013289,0.08328019318760634
683.6611295681064,0.08265708993863402
683.6810631229237,0.08196082519933674
683.7009966777409,0.08119229855604157
683.7209302325582,0.08035251102105873
683.7408637873754,0.07944256670082689
683.7607973421927,0.07846367481600817
683.78073089701,0.07741715214065864
683.8006644518273,0.07630442594131247
683.8205980066446,0.07512703751372687
683.8405315614618,0.07388664643499696
683.8604651162791,0.07258503567395963
683.8803986710965,0.07122411773264806
683.9003322259136,0.06980594202926563
683.9202657807309,0.06833270377863127
683.9401993355482,0.06680675468317444
683.9601328903655,0.06523061581710426
683.9800664451828,0.06360699317368385
684.0,0.06193879645236643
684.0199335548174,0.060229161795441626
684.0398671096345,0.05848147934709308
684.0598006644518,0.05669942670749077
684.0797342192692,0.054887009597157435
684.0996677740864,0.053048611335877634
684.1196013289037,0.05118905307773698
684.1395348837209,0.049313667121255914
684.1594684385383,0.047428386007408486
684.1794019933556,0.04553985047369975
684.1993355481728,0.043655539540612666
684.2192691029901,0.041783925865148196
684.2392026578073,0.03993465864874765
684.2591362126246,0.03811877424194683
684.2790697674419,0.03634893020834049
684.2990033222592,0.03463965062919199
684.3189368770765,0.03300755708080843
684.3388704318937,0.03147153922814305
684.358803986711,0.0300527907748118
684.3787375415284,0.02877460378706669
684.3986710963455,0.027661788246434445
684.4186046511628,0.02673958699079173
684.4385382059801,0.02603202177614226
684.4584717607974,0.025559759546335787
684.4784053156147,0.02533781167279595
684.4983388704319,0.025373580784741778
684.5182724252493,0.02566580699940364
684.5382059800664,0.026204749373300598
684.5581395348838,0.02697354313835418
684.5780730897011,0.0279503108775426
684.5980066445183,0.029110462016027686
684.6179401993356,0.03042871264049727
684.6378737541528,0.03188057937426937
684.6578073089702,0.033443310747467654
684.6777408637874,0.0350963471919376
684.6976744186047,0.03682144532557083
684.717607973422,0.038602594095435004
684.7375415282393,0.04042582054253889
684.7574750830565,0.04227895079107818
684.7774086378738,0.04415136573306378
684.7973421926911,0.0460337725450254
684.8172757475083,0.04791800153042021
684.8372093023256,0.049796830982167514
684.8571428571429,0.05166383913093794
684.8770764119602,0.05351328054528782
684.8970099667774,0.05533998375111294
684.9169435215948,0.057139266824348486
684.936877076412,0.05890686797673526
684.9568106312292,0.060638888529857125
684.9767441860465,0.062331746066348635
684.9966777408638,0.06398213591498728
685.0166112956812,0.06558699945081933
685.0365448504983,0.0671434979673579
685.0564784053157,0.06864899110810223
685.0764119601329,0.07010101903344443
685.0963455149501,0.07149728765337508
685.1162790697675,0.07283565638138847
685.1362126245847,0.07411412796614862
685.1561461794021,0.07533084003908462
685.1760797342192,0.07648405808225546
685.1960132890366,0.07757216957417484
685.2159468438539,0.07859367911454998
685.2358803986712,0.079547204364088
685.2558139534884,0.08043147266421735
685.2757475083056,0.0812453182248468
685.295681063123,0.08198767978764332
685.3156146179402,0.08265759868799397
685.3355481727575,0.083254217252108
685.3554817275748,0.08377677747637018
685.375415282392,0.08422461994545792
685.3953488372093,0.08459718295324538
685.4152823920267,0.08489400179726357
685.4352159468439,0.08511470822304595
685.4551495016611,0.08525902999965536
685.4750830564784,0.08532679061220556
685.4950166112957,0.08531790906095693
685.5149501661131,0.08523239976048828
685.5348837209302,0.08507037253572426
685.5548172757476,0.0848320327151724
685.5747508305648,0.08451768132503823
685.5946843853822,0.08412771539136105
685.6146179401994,0.08366262836124143
685.6345514950166,0.08312301065795116
685.654485049834,0.08250955038953164
685.6744186046511,0.08182303423526908
685.6943521594685,0.0810643485404071
685.7142857142858,0.08023448065611244
685.734219269103,0.07933452056973217
685.7541528239203,0.07836566287959217
685.7740863787376,0.07732920918009205
685.7940199335549,0.07622657093608769
685.8139534883721,0.07505927294197076
685.8338870431894,0.07382895748077276
685.8538205980067,0.07253738932255203
685.873754152824,0.0711864617311633
685.8936877076412,0.06977820368468626
685.9136212624585,0.06831478855953253
685.9335548172758,0.06679854458365905
685.9534883720931,0.06523196743239673
685.9734219269103,0.06361773542500311
685.9933554817276,0.061958727884722724
686.0132890365448,0.06025804735419941
686.0332225913621,0.05851904651742643
686.0531561461795,0.05674536087436071
686.0730897009967,0.05494094845108541
686.093023255814,0.053110138111561025
686.1129568106312,0.05125768836778535
686.1328903654486,0.04938885895785606
686.1528239202659,0.04750949785322832
686.172757475083,0.045626146718688275
686.1926910299004,0.04374616807784197
686.2126245847176,0.041877897345605035
686.232558139535,0.040030822141433206
686.2524916943522,0.03821578933303649
686.2724252491695,0.036445236188393126
686.2923588039868,0.034733434521275794
686.3122923588039,0.033096724075150644
686.3322259136213,0.03155369180371843
686.3521594684386,0.03012522638151558
686.3720930232558,0.028834344827598637
686.3920265780731,0.027705660523853624
686.4119601328904,0.026764360624080552
686.4318936877077,0.026034617943458762
686.451827242525,0.025537505491356072
686.4717607973422,0.02528870000246011
686.4916943521595,0.025296470699460682
686.5116279069767,0.0255605105293642
686.531561461794,0.026071979024534963
686.5514950166114,0.026814742856212624
686.5714285714286,0.027767424744321166
686.5913621262459,0.028905700182042797
686.6112956810631,0.030204356598328066
686.6312292358805,0.031638844142640496
686.6511627906978,0.033186262245496416
686.6710963455149,0.03482586320657095
686.6910299003323,0.03653920624005146
686.7109634551495,0.038310091443871486
686.7308970099668,0.04012437468842615
686.7508305647841,0.041969732085195256
686.7707641196014,0.043835415843593
686.7906976744187,0.04571202423427841
686.8106312292359,0.04759129613251599
686.8305647840532,0.049465933397292564
686.8504983388705,0.0513294504458381
686.8704318936877,0.053176048523710405
686.890365448505,0.055000511482070205
686.9102990033223,0.05679811981278903
686.9302325581396,0.05856457993603365
686.9501661129569,0.060295966101914344
686.9700996677741,0.06198867266050007
686.9900332225915,0.06363937482497667
687.0099667774086,0.06524499638101072
687.0299003322259,0.06680268307554883
687.0498338870433,0.06830978065234826
687.0697674418604,0.06976381669412887
687.0897009966778,0.07116248558846336
687.109634551495,0.07250363606196371
687.1295681063124,0.07378526083056879
687.1495016611296,0.07500548799721275
687.1694352159469,0.07616257389538351
687.1893687707642,0.07725489713161128
687.2093023255813,0.07828095362426336
687.2292358803987,0.07923935247160796
687.249169435216,0.0801288125115513
687.2691029900333,0.08094815945920666
687.2890365448505,0.08169632352796954
687.3089700996678,0.08237233745609793
687.3289036544851,0.08297533487382767
687.3488372093025,0.08350454895747207
687.3687707641196,0.08395931132596844
687.3887043189369,0.08433905114334563
687.4086378737542,0.08464329439728686
687.4285714285714,0.08487166332946705
687.4485049833888,0.08502387599871505
687.468438538206,0.08509974596215986
687.4883720930234,0.08509918206375046
687.5083056478405,0.08502218832317374
687.5282392026578,0.08486886392160478
687.5481727574752,0.0846394032842727
687.5681063122923,0.08433409626314678
687.5880398671097,0.08395332842652063
687.6079734219269,0.08349758146598894
687.6279069767443,0.08296743373528451
687.6478405315615,0.0823635609399349
687.6677740863788,0.0816867370014658
687.6877076411961,0.08093783512587062
687.7076411960132,0.08011782911238872
687.7275747508306,0.07922779494667119
687.7475083056479,0.07826891273134481
687.7674418604652,0.0772424690182391
687.7873754152824,0.07614985961946584
687.8073089700997,0.07499259299075853
687.827242524917,0.07377229429954808
687.8471760797343,0.0724907103140638
687.8671096345515,0.0711497152785081
687.8870431893688,0.06975131797482699
687.9069767441861,0.06829767021516754
687.9269102990033,0.0667910770630859
687.9468438538206,0.06523400914797396
687.9667774086379,0.0636291175196649
687.9867109634553,0.06197925159197548
688.0066445182724,0.06028748084996847
688.0265780730898,0.058557121150927774
688.046511627907,0.056791766639268576
688.0664451827242,0.054995328526830686
688.0863787375416,0.05317208226705239
688.1063122923588,0.05132672497616247
688.1262458471762,0.0494644453218088
688.1461794019933,0.04759100848956055
688.1661129568107,0.045712859204742703
688.186046511628,0.043837246036237
688.2059800664452,0.04197237016334623
688.2259136212625,0.04012756113187378
688.2458471760797,0.03831348033144817
688.2657807308971,0.036542349145030927
688.2857142857143,0.03482819169321499
688.3056478405316,0.03318707013780334
688.3255813953489,0.031637271804656246
688.3455149501661,0.03019938095673453
688.3654485049834,0.028896135973572656
688.3853820598008,0.027751943907328804
688.405315614618,0.026791918925157976
688.4252491694352,0.026040360186980638
688.4451827242525,0.025518717510312584
688.4651162790698,0.025243304973651907
688.4850498338872,0.025223238724455335
688.5049833887043,0.0254591585855036
688.5249169435217,0.025943133229313083
688.5448504983389,0.02665978019583319
688.5647840531562,0.027588246201872065
688.5847176079735,0.02870449528718507
688.6046511627907,0.029983403844312688
688.6245847176081,0.031400367315449984
688.6445182724252,0.03293234258864798
688.6644518272426,0.03455839650537627
688.6843853820599,0.03625989102199923
688.7043189368771,0.038020436091290265
688.7242524916944,0.03982571443053235
688.7441860465116,0.04166324994179134
688.764119601329,0.04352216400804708
688.7840531561462,0.0453929440360541
688.8039867109635,0.04726723575267518
688.8239202657808,0.0491376631075346
688.843853820598,0.050997675457809984
688.8637873754153,0.052841419682602885
688.8837209302326,0.054663634089753575
688.9036544850499,0.05645956086627742
688.9235880398671,0.05822487404339548
688.9435215946844,0.05995562030479798
688.9634551495017,0.06164817035776363
688.9833887043189,0.06329917895969168
689.0033222591362,0.06490555202457865
689.0232558139536,0.06646441951848787
689.0431893687708,0.0679731130910417
689.0631229235881,0.06942914758629022
689.0830564784053,0.07083020573633365
689.1029900332226,0.07217412547144099
689.12292358804,0.07345888938548016
689.1428571428571,0.07468261598066221
689.1627906976745,0.07584355238439995
689.1827242524917,0.0769400682865716
689.202657807309,0.07797065089069093
689.2225913621263,0.0789339007089176
689.2425249169436,0.07982852806073545
689.2624584717609,0.08065335015935177
689.282392026578,0.08140728868992533
689.3023255813954,0.0820893678000126
689.3222591362127,0.08269871243629277
689.3421926910299,0.08323454697288853
689.3621262458472,0.08369619408605254
689.3820598006645,0.08408307383794617
689.4019933554817,0.08439470293895117
689.4219269102991,0.08463069416398918
689.4418604651163,0.08479075590304058
689.4617940199336,0.08487469183095292
689.4817275747508,0.0848824006852795
689.5016611295681,0.08481387614494167
689.5215946843855,0.08466920680574888
689.5415282392026,0.08444857625237095
689.56146179402,0.08415226322977915
689.5813953488372,0.08378064192034014
689.6013289036546,0.08333418233688135
689.6212624584718,0.08281345084554013
689.641196013289,0.08221911083677319
689.6611295681064,0.08155192356783919
689.6810631229235,0.08081274920551536
689.7009966777409,0.0800025481044144
689.7209302325582,0.07912238236383198
689.7408637873755,0.07817341771509786
689.7607973421927,0.0771569258020558
689.7807308970099,0.07607428693040014
689.8006644518273,0.0749269933768595
689.8205980066446,0.07371665336844438
689.8405315614618,0.07244499586474994
689.8604651162791,0.0711138763046584
689.8803986710964,0.06972528351315221
689.9003322259136,0.06828134800672447
689.920265780731,0.06678435198815477
689.9401993355482,0.06523674138644525
689.9601328903655,0.0636411403778045
689.9800664451827,0.062000368923061815
690.0,0.06031746397949938
690.0199335548174,0.058595705196515385
690.0398671096345,0.05683864609008113
690.0598006644519,0.05505015191681694
690.0797342192691,0.05323444573943882
690.0996677740865,0.05139616449391667
690.1196013289037,0.049540427230398955
690.1395348837209,0.04767291808773478
690.1594684385383,0.04579998693235969
690.1794019933554,0.04392877085912145
690.1993355481728,0.04206733974827615
690.2192691029901,0.040224868504437995
690.2392026578074,0.038411836967973616
690.2591362126246,0.036640254983038405
690.2790697674419,0.03492390351917678
690.2990033222592,0.03327857144064447
690.3189368770765,0.03172224967393887
690.3388704318937,0.03027521900179286
690.358803986711,0.028959936104610867
690.3787375415283,0.027800592733125278
690.3986710963455,0.026822213660749515
690.4186046511629,0.026049200485625965
690.4385382059801,0.025503350963866057
690.4584717607975,0.025201588171613186
690.4784053156146,0.025153854426795033
690.4983388704319,0.025361728943897034
690.5182724252493,0.025818196759841993
690.5382059800664,0.026508644809164483
690.5581395348838,0.02741276743786118
690.578073089701,0.028506840008041066
690.5980066445184,0.029765846050080254
690.6179401993356,0.031165138643761112
690.6378737541529,0.03268153916714771
690.6578073089702,0.034293932011476826
690.6777408637873,0.03598348222680732
690.6976744186047,0.03773360843406855
690.717607973422,0.039529818260343456
690.7375415282393,0.04135948120871081
690.7574750830565,0.04321158567842168
690.7774086378738,0.04507650623137726
690.7973421926911,0.046945793700057775
690.8172757475083,0.048811992624045786
690.8372093023256,0.05066848603091459
690.8571428571429,0.05250936536977177
690.8770764119602,0.054329322519436785
690.8970099667774,0.05612356062684239
690.9169435215947,0.05788772072489891
690.936877076412,0.059617821425962475
690.9568106312294,0.06131020937604384
690.9767441860465,0.0629615185296746
690.9966777408638,0.06456863664117758
691.0166112956811,0.06612867765665827
691.0365448504983,0.06763895893325031
691.0564784053157,0.06909698241186285
691.0764119601329,0.07050041903319922
691.0963455149503,0.07184709581926403
691.1162790697674,0.07313498515028731
691.1362126245848,0.07436219585360909
691.1561461794021,0.0755269657913743
691.1760797342192,0.07662765569057894
691.1960132890366,0.07766274400496309
691.2159468438538,0.07863082263560248
691.2358803986712,0.07953059336740588
691.2558139534884,0.08036086490345076
691.2757475083057,0.08112055039952679
691.295681063123,0.08180866541786189
691.3156146179402,0.08242432623289613
691.3355481727575,0.08296674843343999
691.3554817275748,0.08343524577508848
691.375415282392,0.08382922924500195
691.3953488372093,0.08414820630784967
691.4152823920266,0.08439178030777433
691.4352159468439,0.08455965000629453
691.4551495016613,0.08465160924053564
691.4750830564784,0.08466754669045477
691.4950166112958,0.08460744574718544
691.514950166113,0.08447138447837182
691.5348837209302,0.08425953568965458
691.5548172757476,0.08397216708489219
691.5747508305648,0.08360964153107439
691.5946843853822,0.08317241743762448
691.6146179401993,0.08266104926350336
691.6345514950167,0.08207618817005187
691.654485049834,0.08141858284210939
691.6744186046512,0.08068908050555133
691.6943521594685,0.07988862817577698
691.7142857142857,0.07901827417909163
691.734219269103,0.07807916999771057
691.7541528239203,0.07707257249979092
691.7740863787376,0.07599984662825332
691.7940199335549,0.07486246863765245
691.8139534883721,0.07366202998653264
691.8338870431894,0.07240024201548952
691.8538205980067,0.07107894156830463
691.873754152824,0.0697000977475554
691.8936877076412,0.06826582003736618
691.9136212624585,0.0667783680772444
691.9335548172758,0.06524016343413833
691.953488372093,0.06365380379804111
691.9734219269103,0.06202208012330075
691.9933554817277,0.06034799735742621
692.0132890365448,0.05863479954664485
692.0332225913622,0.05688600028870069
692.0531561461794,0.05510541972368605
692.0730897009967,0.05329722951885374
692.093023255814,0.051466007615785694
692.1129568106312,0.04961680486437539
692.1328903654486,0.04775522605313658
692.1528239202657,0.045887528219328906
692.1727574750831,0.04402073940489933
692.1926910299004,0.042162801059870136
692.2126245847176,0.04032273680611549
692.232558139535,0.03851084878882833
692.2524916943521,0.03673893959481177
692.2724252491695,0.03502055154954763
692.2923588039868,0.03337120452939448
692.312292358804,0.03180859642137133
692.3322259136213,0.0303527057523677
692.3521594684386,0.02902570495007249
692.3720930232558,0.02785156222435724
692.3920265780731,0.02685519743044114
692.4119601328904,0.02606109152176494
692.4318936877077,0.02549136176442987
692.4518272425249,0.025163511637641613
692.4717607973422,0.02508828785927386
692.4916943521596,0.025268200045567277
692.5116279069767,0.02569715534932261
692.5315614617941,0.026361327654332568
692.5514950166113,0.027240982273017012
692.5714285714286,0.028312728920078477
692.5913621262459,0.02955167697673468
692.6112956810631,0.03093315008960281
692.6312292358805,0.03243384164984524
692.6511627906976,0.03403245695673529
692.671096345515,0.035709964724834856
692.6910299003323,0.037449591175734695
692.7109634551496,0.039236666961188015
692.7308970099668,0.04105840500688785
692.750830564784,0.04290365855990027
692.7707641196014,0.044762687334690014
692.7906976744187,0.04662694549810217
692.8106312292359,0.04848889665403319
692.8305647840532,0.05034185620793097
692.8504983388705,0.052179859095240914
692.8704318936877,0.05399754986277761
692.8903654485051,0.0557900918676505
692.9102990033223,0.057553092522926855
692.9302325581396,0.059282541854624074
692.9501661129568,0.06097476202063525
692.9700996677741,0.06262636581862457
692.9900332225915,0.06423422254944741
693.0099667774086,0.0657954298953517
693.029900332226,0.06730729071851671
693.0498338870432,0.06876729388887506
693.0697674418606,0.07017309841682598
693.0897009966778,0.07152252030166287
693.109634551495,0.07281352161622157
693.1295681063124,0.07404420143687336
693.1495016611295,0.07521278829959012
693.1694352159469,0.07631763392067285
693.1893687707642,0.07735720796774706
693.2093023255815,0.07833009370451212
693.2292358803987,0.07923498436393073
693.2491694352159,0.08007068012951418
693.2691029900333,0.08083608562544835
693.2890365448505,0.0815302078329096
693.3089700996678,0.08215215436438456
693.3289036544851,0.08270113203914929
693.3488372093024,0.08317644571314091
693.3687707641196,0.08357749732437891
693.388704318937,0.08390378512231274
693.4086378737542,0.08415490305527265
693.4285714285714,0.08433054029556092
693.4485049833887,0.08443048088611001
693.468438538206,0.08445460349693198
693.4883720930234,0.08440288128319569
693.5083056478405,0.08427538184040229
693.5282392026579,0.08407226725542549
693.5481727574751,0.0837937942556845
693.5681063122925,0.0834403144619907
693.5880398671097,0.08301227475429057
693.6079734219269,0.08251021776338636
693.6279069767443,0.08193478250590437
693.6478405315614,0.08128670518445616
693.6677740863788,0.08056682018060424
693.6877076411961,0.07977606127410691
693.7076411960134,0.07891546312959537
693.7275747508306,0.0779861631002505
693.7475083056479,0.0769894034083984
693.7674418604652,0.07592653377530559
693.7873754152824,0.07479901458726436
693.8073089700997,0.07360842070315188
693.827242524917,0.07235644603056277
693.8471760797343,0.07104490902439442
693.8671096345515,0.06967575929475102
693.8870431893688,0.06825108555139471
693.9069767441861,0.06677312516194377
693.9269102990035,0.06524427566252722
693.9468438538206,0.06366710863599208
693.9667774086379,0.062044386466889534
693.9867109634552,0.06037908259929437
694.0066445182724,0.05867440606709887
694.0265780730898,0.05693383124335195
694.046511627907,0.05516113397024461
694.0664451827244,0.053360435490687884
694.0863787375415,0.05153625590860412
694.1063122923589,0.04969357925576306
694.1262458471762,0.047837932624570007
694.1461794019933,0.04597548220272053
694.1661129568107,0.044113149341766744
694.1860465116279,0.04225874986318393
694.2059800664452,0.04042115939100549
694.2259136212625,0.03861050615409003
694.2458471760798,0.036838389696834443
694.2657807308971,0.035118118167804975
694.2857142857143,0.03346494678202278
694.3056478405316,0.031896283863882616
694.3255813953489,0.030431807180765956
694.3455149501661,0.029093402833834908
694.3654485049834,0.027904807959818166
694.3853820598007,0.026890822842231456
694.405315614618,0.02607598554851513
694.4252491694353,0.025482704924144766
694.4451827242525,0.02512903609481002
694.4651162790698,0.025026507474103662
694.485049833887,0.025178548623561708
694.5049833887043,0.025579993070442748
694.5249169435217,0.026217818169588392
694.5448504983389,0.027072883173858305
694.5647840531562,0.028122155387250044
694.5847176079734,0.02934088927309053
694.6046511627908,0.030704392558398654
694.6245847176081,0.03218923867115935
694.6445182724252,0.033773957539485595
694.6644518272426,0.035439322342762446
694.6843853820598,0.037168365962147704
694.7043189368771,0.03894624024525738
694.7242524916944,0.040759999375393145
694.7441860465117,0.04259835926875593
694.764119601329,0.044451462768227
694.7840531561462,0.046310665578257484
694.8039867109635,0.048168348815909014
694.8239202657808,0.050017758948553245
694.843853820598,0.05185287329360068
694.8637873754153,0.05366828814521405
694.8837209302326,0.05545912630598614
694.9036544850499,0.057220960935159035
694.9235880398671,0.05894975294707827
694.9435215946844,0.06064179957608085
694.9634551495018,0.06229369210184216
694.9833887043189,0.06390228107205165
695.0033222591362,0.06546464765628163
695.0232558139535,0.06697808001515294
695.0431893687708,0.06844005377626286
695.0631229235881,0.06984821587785366
695.0830564784053,0.0712003711794652
695.1029900332227,0.07249447135057777
695.1229235880398,0.07372860563855531
695.1428571428572,0.07490099319050672
695.1627906976745,0.07600997666271717
695.1827242524917,0.0770540168988982
695.202657807309,0.07803168849777599
695.2225913621262,0.07894167612173886
695.2425249169436,0.07978277142418312
695.2624584717609,0.08055387049430712
695.2823920265781,0.08125397173546235
695.3023255813954,0.08188217410737701
695.3222591362127,0.08243767567458858
695.3421926910299,0.08291977241332733
695.3621262458472,0.08332785723731032
695.3820598006645,0.08366141921022802
695.4019933554817,0.08392004291853546
695.421926910299,0.08410340798353248
695.4418604651163,0.08421128869637887
695.4617940199337,0.0842435537637154
695.4817275747508,0.08420016615545782
695.5016611295682,0.08408118304982279
695.5215946843854,0.08388675587398434
695.5415282392026,0.08361713044234845
695.56146179402,0.08327264719742668
695.5813953488372,0.082853741562314
695.6013289036546,0.08236094441724523
695.6212624584717,0.0817948827169892
695.6411960132891,0.08115628027060587
695.6611295681064,0.08044595871021189
695.6810631229235,0.07966483868167434
695.7009966777409,0.07881394129738434
695.7209302325581,0.0778943898994179
695.7408637873755,0.0769074121918766
695.7607973421927,0.0758543428129476
695.78073089701,0.07473662643183408
695.8006644518273,0.07355582147343886
695.8205980066446,0.07231360459491087
695.8405315614618,0.07101177606457797
695.8604651162791,0.06965226622554861
695.8803986710964,0.06823714326613929
695.9003322259136,0.0667686225675536
695.9202657807309,0.06524907795951264
695.9401993355482,0.0636810552887425
695.9601328903656,0.06206728879722682
695.9800664451827,0.06041072092068663
696.0000000000001,0.05871452625810921
696.0199335548173,0.05698214063532901
696.0398671096345,0.05521729639595217
696.0598006644519,0.053424065306321135
696.0797342192691,0.051606910761296323
696.0996677740865,0.049770751322695365
696.1196013289036,0.04792103800036792
696.139534883721,0.04606384806350304
696.1594684385383,0.04420599847878017
696.1794019933556,0.04235518217551326
696.1993355481728,0.040520129992729616
696.21926910299,0.03871079994757177
696.2392026578074,0.03693859268984584
696.2591362126246,0.035216586615682485
696.2790697674419,0.03355977661507938
696.2990033222592,0.03198528503067664
696.3189368770765,0.030512490618535393
696.3388704318937,0.029162991532719708
696.3588039867111,0.02796028698400018
696.3787375415283,0.026929043884061324
696.3986710963455,0.026093836022871197
696.4186046511628,0.0254773364379196
696.4385382059801,0.025098123058287982
696.4584717607975,0.02496848243120397
696.4784053156146,0.025092752178476053
696.498338870432,0.025466694948993476
696.5182724252492,0.026078106997487954
696.5382059800666,0.02690846406065866
696.5581395348838,0.027935114427839084
696.578073089701,0.029133477375193548
696.5980066445184,0.03047885881121283
696.6179401993355,0.03194772073895092
696.6378737541529,0.03351842181475954
696.6578073089702,0.035171540726464466
696.6777408637874,0.036889916210133475
696.6976744186047,0.03865851954328573
696.7176079734219,0.04046424401921167
696.7375415282393,0.0422956660364371
696.7574750830565,0.04414280952151336
696.7774086378738,0.045996929894570174
696.7973421926911,0.04785032420911395
696.8172757475083,0.04969616865478378
696.8372093023256,0.05152838180563024
696.8571428571429,0.053341510764475394
696.8770764119602,0.055130636999465736
696.8970099667774,0.05689129876931208
696.9169435215947,0.05861942734073209
696.936877076412,0.06031129458029753
696.9568106312292,0.06196346988127625
696.9767441860465,0.06357278473242622
696.9966777408639,0.06513630353673433
697.0166112956811,0.06665129954244184
697.0365448504984,0.06811523495981986
697.0564784053156,0.06952574451004387
697.0764119601329,0.07088062179326456
697.0963455149503,0.07217780797731516
697.1162790697674,0.0734153824004866
697.1362126245848,0.07459155475662436
697.156146179402,0.07570465859098476
697.1760797342193,0.07675314588416574
697.1960132890366,0.07773558254096054
697.2159468438539,0.07865064463332293
697.2358803986712,0.0794971152727423
697.2558139534883,0.08027388200895752
697.2757475083057,0.08097993466959941
697.295681063123,0.0816143635698083
697.3156146179402,0.08217635803310835
697.3355481727575,0.08266520517492064
697.3554817275748,0.08308028890848751
697.375415282392,0.08342108914018355
697.3953488372094,0.08368718112744263
697.4152823920266,0.0838782349777517
697.4352159468439,0.0839940152718276
697.4551495016611,0.08403438079842487
697.4750830564784,0.08399928439177046
697.4950166112958,0.08388877286648504
697.514950166113,0.08370298704795456
697.5348837209303,0.08344216189971154
697.5548172757475,0.08310662675258897
697.5747508305649,0.08269680564409117
697.5946843853822,0.08221321778001724
697.6146179401993,0.08165647813471391
697.6345514950167,0.08102729821072535
697.6544850498339,0.0803264869839289
697.6744186046512,0.07955495206629395
697.6943521594685,0.07871370112540396
697.7142857142858,0.07780384360810903
697.734219269103,0.07682659282562103
697.7541528239203,0.07578326846910603
697.7740863787376,0.07467529963911347
697.7940199335549,0.07350422848918357
697.8139534883721,0.07227171460519231
697.8338870431894,0.07097954026730013
697.8538205980067,0.06962961677271061
697.873754152824,0.0682239920361875
697.8936877076412,0.06676485973219548
697.9136212624585,0.06525457030165446
697.9335548172758,0.0636956442183267
697.953488372093,0.06209078799950404
697.9734219269103,0.0604429135566408
697.9933554817276,0.05875516161806231
698.0132890365448,0.0570309301241005
698.0332225913622,0.05527390870014862
698.0531561461794,0.05348812056093656
698.0730897009968,0.05167797349329075
698.0930232558139,0.049848321904108484
698.1129568106312,0.0480045422942715
698.1328903654486,0.046152624898078656
698.1528239202657,0.044299284546981496
698.1727574750831,0.04245209395032354
698.1926910299003,0.04061964230381873
698.2126245847177,0.038811721043580126
698.232558139535,0.03703953600471014
698.2524916943522,0.035315940209472506
698.2724252491695,0.03365567256218367
698.2923588039866,0.03207557309659309
698.312292358804,0.030594723538817613
698.3322259136213,0.029234432904323555
698.3521594684386,0.028017956279279044
698.3720930232558,0.026969814241579546
698.3920265780731,0.026114595772166998
698.4119601328904,0.02547521130353583
698.4318936877078,0.025070732717951887
698.4518272425249,0.02491418035926751
698.4717607973422,0.02501078664304765
698.4916943521595,0.025357244564361597
698.5116279069767,0.025942183555726257
698.5315614617941,0.026747717879619604
698.5514950166113,0.027751600311994404
698.5714285714287,0.028929435146061746
698.5913621262458,0.030256541157302266
698.6112956810632,0.03170927798618822
698.6312292358805,0.03326583750839088
698.6511627906976,0.03490660521893033
698.671096345515,0.03661422504922754
698.6910299003322,0.03837348600945042
698.7109634551496,0.04017111837588749
698.7308970099668,0.04199555683620935
698.7508305647841,0.04383670433616414
698.7707641196014,0.04568571416450945
698.7906976744187,0.047534797708947286
698.8106312292359,0.04937705951775907
698.8305647840532,0.05120635827509416
698.8504983388705,0.05301719093544223
698.8704318936877,0.05480459683716652
698.890365448505,0.05656407867877064
698.9102990033223,0.05829153753267823
698.9302325581397,0.0599832194445646
698.9501661129568,0.06163567154550221
698.9700996677742,0.06324570595341969
698.9900332225914,0.06481037004569692
699.0099667774086,0.06632692194307498
699.029900332226,0.06779281025993794
699.0498338870432,0.06920565735237558
699.0697674418606,0.07056324543886479
699.0897009966777,0.07186350508504745
699.1096345514951,0.07310450563808364
699.1295681063124,0.07428444727233331
699.1495016611295,0.0754016543694995
699.1694352159469,0.07645457000636302
699.1893687707641,0.07744175136350574
699.2093023255815,0.0783618659013391
699.2292358803987,0.07921368817651615
699.249169435216,0.07999609719372375
699.2691029900333,0.08070807420591006
699.2890365448505,0.08134870089071883
699.3089700996678,0.08191715784337315
699.3289036544851,0.08241272333641388
699.3488372093024,0.08283477230538723
699.3687707641196,0.08318277552677338
699.3887043189369,0.08345629896084959
699.4086378737542,0.0836550032373979
699.4285714285716,0.08377864326701451
699.4485049833887,0.08382706796494356
699.4684385382061,0.0838002200782148
699.4883720930233,0.08369813611041453
699.5083056478405,0.08352094634183217
699.5282392026579,0.08326887494609185
699.5481727574751,0.08294224020769014
699.5681063122925,0.08254145484845779
699.5880398671096,0.08206702647455522
699.607973421927,0.08151955815985011
699.6279069767443,0.08089974918586393
699.6478405315615,0.08020839596381177
699.6677740863788,0.07944639316997736
699.687707641196,0.07861473513273241
699.7076411960134,0.07771451751750079
699.7275747508306,0.07674693936570576
699.7475083056479,0.07571330555517763
699.7674418604652,0.07461502976351764
699.7873754152824,0.07345363803257032
699.8073089700997,0.07223077305273647
699.827242524917,0.0709481993106578
699.8471760797343,0.06960780927449148
699.8671096345515,0.06821163082836426
699.8870431893688,0.06676183621405792
699.9069767441861,0.06526075279477248
699.9269102990033,0.0637108760267281
699.9468438538206,0.0621148851113814
699.966777408638,0.06047566190925613
699.9867109634552,0.05879631382948451
700.0066445182725,0.05708020157332015
700.0265780730897,0.055330972809917944
700.046511627907,0.05355260310517361
700.0664451827244,0.05174944571217802
700.0863787375415,0.04992629216563016
700.1063122923589,0.0480884459923253
700.126245847176,0.046241812228955785
700.1461794019934,0.0443930057669778
700.1661129568107,0.042549481705094545
700.1860465116279,0.04071969066749849
700.2059800664452,0.038913261066685
700.2259136212624,0.0371412079343956
700.2458471760798,0.03541616324893421
700.2657807308971,0.03375261426478621
700.2857142857143,0.03216712245970028
700.3056478405316,0.03067847472593315
700.3255813953489,0.029307690152564708
700.3455149501661,0.0280777741292865
700.3654485049834,0.027013088756616677
700.3853820598007,0.026138218537860147
700.405315614618,0.02547628513286215
700.4252491694352,0.025046825592500377
700.4451827242525,0.02486356902645935
700.4651162790699,0.024932628046759324
700.485049833887,0.025251625691765995
700.5049833887044,0.025810037646469504
700.5249169435216,0.026590638171513095
700.5448504983389,0.027571608083148874
700.5647840531562,0.028728757343858633
700.5847176079734,0.030037432864314387
700.6046511627908,0.03147390151987774
700.624584717608,0.03301619330321448
700.6445182724253,0.03464450208366454
700.6644518272426,0.03634127648361211
700.6843853820599,0.03809112162363256
700.7043189368771,0.03988060266061793
700.7242524916943,0.04169801037383435
700.7441860465117,0.04353312464471527
700.764119601329,0.045376994758830926
700.7840531561462,0.04722174480991369
700.8039867109635,0.04906040631701729
700.8239202657808,0.05088677690621455
700.843853820598,0.052695302407993354
700.8637873754153,0.05448097921972272
700.8837209302326,0.05623927380680014
700.9036544850499,0.05796605648964869
700.9235880398671,0.059657547030771314
700.9435215946844,0.06131026991565539
700.9634551495017,0.06292101757319421
700.9833887043189,0.06448682009091096
701.0033222591363,0.06600492024249058
701.0232558139535,0.06747275286415456
701.0431893687709,0.06888792779575208
701.063122923588,0.07024821574908663
701.0830564784053,0.07155153658470509
701.1029900332227,0.07279594957455986
701.1229235880398,0.07397964530546579
701.1428571428572,0.07510093894141197
701.1627906976744,0.07615826461320804
701.1827242524918,0.07715017074558929
701.202657807309,0.07807531616506541
701.2225913621263,0.0789324668593323
701.2425249169436,0.07972049328129527
701.2624584717607,0.08043836810917514
701.2823920265781,0.08108516438919001
701.3023255813954,0.08166005399992554
701.3222591362127,0.08216230638793325
701.3421926910299,0.08259128753284395
701.3621262458472,0.08294645910766044
701.3820598006645,0.08322737780634748
701.4019933554817,0.08343369481607
701.421926910299,0.08356515541655618
701.4418604651163,0.08362159869286814
701.4617940199336,0.08360295735220857
701.4817275747508,0.0835092576385725
701.5016611295682,0.08334061934269692
701.5215946843854,0.0830972559080455
701.5415282392028,0.08277947463687228
701.5614617940199,0.08238767700396116
701.5813953488372,0.0819223590892465
701.6013289036546,0.0813841121446073
701.6212624584717,0.08077362331455333
701.6411960132891,0.08009167653557066
701.6611295681063,0.07933915364474275
701.6810631229237,0.07851703573496821
701.7009966777409,0.07762640480206671
701.7209302325582,0.07666844573858753
701.7408637873755,0.07564444874029752
701.7607973421926,0.07455581220495777
701.78073089701,0.07340404621944631
701.8006644518273,0.07219077675122296
701.8205980066446,0.07091775068440945
701.8405315614618,0.0695868418707251
701.8604651162791,0.0682000584018906
701.8803986710964,0.06675955135548704
701.9003322259138,0.06526762532165943
701.9202657807309,0.06372675108705508
701.9401993355482,0.06213958093733821
701.9601328903655,0.06050896714497862
701.9800664451827,0.05883798433898091
702.0000000000001,0.05712995661304535
702.0199335548173,0.05538849042419646
702.0398671096347,0.05361751457074107
702.0598006644518,0.051821328820326217
702.0797342192692,0.05000466308681129
702.0996677740865,0.04817274942009037
702.1196013289036,0.046331409451568654
702.139534883721,0.04448716027477529
702.1594684385382,0.0426473419257856
702.1794019933556,0.04082026946046382
702.1993355481728,0.03901541175268791
702.2192691029901,0.03724359697347367
702.2392026578074,0.035517240336233345
702.2591362126246,0.033850581772437716
702.2790697674419,0.03225990802628433
702.2990033222592,0.030763713549825624
702.3189368770765,0.0293827270984527
702.3388704318937,0.028139699394020154
702.358803986711,0.027058822714764997
702.3787375415283,0.026164658282107865
702.3986710963457,0.025480513480887916
702.4186046511628,0.025026361882023118
702.4385382059802,0.024816615717987506
702.4584717607974,0.024858251923469125
702.4784053156146,0.025149821749451254
702.498338870432,0.025681658954186098
702.5182724252492,0.026437218629435662
702.5382059800666,0.027395133180418887
702.5581395348837,0.02853143930932876
702.5780730897011,0.02982152790780215
702.5980066445184,0.031241583228323513
702.6179401993355,0.032769478699153844
702.6378737541529,0.03438521841303323
702.6578073089701,0.03607105534433842
702.6777408637874,0.03781140918395582
702.6976744186047,0.03959267789579697
702.717607973422,0.041403006151185376
702.7375415282393,0.04323204866592363
702.7574750830565,0.04507074882618063
702.7774086378738,0.04691114177779486
702.7973421926911,0.0487461845982947
702.8172757475083,0.05056961266558519
702.8372093023256,0.05237581969158165
702.8571428571429,0.05415975830537836
702.8770764119602,0.055916858052892766
702.8970099667774,0.05764295793361252
702.9169435215947,0.0593342509553219
702.9368770764121,0.060987238566801806
702.9568106312292,0.0625986931833238
702.9767441860465,0.06416562733292419
702.9966777408638,0.06568526821825707
703.0166112956811,0.06715503671131151
703.0365448504984,0.06857252998134589
703.0564784053156,0.06993550710575805
703.076411960133,0.07124187713475356
703.0963455149501,0.07248968917887902
703.1162790697675,0.07367712416757641
703.1362126245848,0.07480248799129495
703.156146179402,0.07586420579125003
703.1760797342193,0.07686081720334735
703.1960132890365,0.07779097239655722
703.2159468438539,0.0786534287743262
703.2358803986712,0.07944704822993531
703.2558139534884,0.08017079486574265
703.2757475083057,0.08082373310156106
703.295681063123,0.08140502610998464
703.3156146179402,0.08191393452747074
703.3355481727575,0.08234981539850131
703.3554817275748,0.08271212131802542
703.375415282392,0.08300039974348733
703.3953488372093,0.08321429245355648
703.4152823920266,0.0833535351352689
703.435215946844,0.08341795708579855
703.4551495016611,0.0834074810188065
703.4750830564785,0.08332212296902305
703.4950166112957,0.0831619922920278
703.514950166113,0.08292729175968422
703.5348837209303,0.08261831775486633
703.5548172757475,0.08223546057264995
703.5747508305649,0.08177920483878758
703.594684385382,0.08125013006027472
703.6146179401994,0.08064891132708117
703.6345514950167,0.0799763201893406
703.6544850498339,0.07923322573971532
703.6744186046512,0.07842059593752294
703.6943521594684,0.07753949921882812
703.7142857142858,0.07659110644610449
703.734219269103,0.07557669326197114
703.7541528239203,0.0744976429248638
703.7740863787376,0.07335544972056823
703.7940199335549,0.07215172306293316
703.8139534883721,0.070888192420938
703.8338870431894,0.06956671323839657
703.8538205980067,0.0681892740481263
703.873754152824,0.06675800502662832
703.8936877076412,0.06527518828939138
703.9136212624585,0.06374327029413289
703.9335548172758,0.062164876802113155
703.953488372093,0.06054283095048819
703.9734219269104,0.0588801751150281
703.9933554817276,0.05718019739889147
704.0132890365448,0.05544646377362962
704.0332225913621,0.05368285713017803
704.0531561461794,0.05189362477368187
704.0730897009968,0.05008343621794792
704.0930232558139,0.04825745349631759
704.1129568106313,0.04642141658325486
704.1328903654485,0.04458174686450498
704.1528239202659,0.042745671801288035
704.1727574750831,0.040921373816761246
704.1926910299003,0.039118165659319235
704.2126245847177,0.03734669251263398
704.2325581395348,0.03561915705094242
704.2524916943522,0.033949556194756016
704.2724252491695,0.03235390583600585
704.2923588039868,0.030850410560805924
704.312292358804,0.029459508740403716
704.3322259136213,0.028203692031147774
704.3521594684386,0.027106972321329366
704.3720930232558,0.0261938696088915
704.3920265780731,0.02548785219880346
704.4119601328904,0.025009301737639395
704.4318936877077,0.024773287408888227
704.4518272425249,0.02478763338069498
704.4717607973423,0.025051815766629223
704.4916943521595,0.0255570369214002
704.5116279069769,0.026287452894041673
704.531561461794,0.027222171164301992
704.5514950166113,0.028337476630719654
704.5714285714287,0.02960882058234566
704.5913621262458,0.031012315343915107
704.6112956810632,0.032525683532584594
704.6312292358804,0.03412874160861486
704.6511627906978,0.03580354673489371
704.671096345515,0.03753433172131955
704.6910299003323,0.039307325298001634
704.7109634551496,0.041110523828815346
704.7308970099667,0.042933454745693156
704.7508305647841,0.044766953614833495
704.7707641196014,0.046602964954263706
704.7906976744187,0.04843436996280908
704.8106312292359,0.05025484055783992
704.8305647840532,0.05205871731866887
704.8504983388705,0.05384090826237172
704.8704318936877,0.05559680531519585
704.890365448505,0.05732221557525335
704.9102990033223,0.059013304814458906
704.9302325581396,0.06066655104588183
704.9501661129568,0.06227870633997006
704.9700996677742,0.06384676539018924
704.9900332225914,0.06536793959957322
705.0099667774087,0.06683963568594557
705.0299003322259,0.06825943799035737
705.0498338870432,0.06962509382524772
705.0697674418606,0.07093450132281955
705.0897009966777,0.0721856993439145
705.1096345514951,0.07337685908889284
705.1295681063123,0.07450627711718052
705.1495016611296,0.07557236953527864
705.1694352159469,0.07657366715586818
705.1893687707642,0.07750881146552469
705.2093023255815,0.07837655126692619
705.2292358803986,0.0791757398847438
705.249169435216,0.07990533284329301
705.2691029900333,0.08056438593992264
705.2890365448505,0.08115205365086811
705.3089700996678,0.08166758781734357
705.3289036544851,0.08211033656848123
705.3488372093024,0.08247974344556619
705.3687707641197,0.0827753466983652
705.3887043189369,0.08299677873008517
705.4086378737542,0.08314376567227183
705.4285714285714,0.0832161270754244
705.4485049833887,0.08321377570489062
705.4684385382061,0.08313671743534759
705.4883720930233,0.08298505124048183
705.5083056478406,0.08275896927794556
705.5282392026578,0.08245875707286138
705.5481727574752,0.0820847938066647
705.5681063122925,0.08163755272166238
705.5880398671096,0.08111760165563574
705.607973421927,0.080525603725038
705.6279069767442,0.07986231818042355
705.6478405315615,0.07912860146315705
705.6677740863788,0.07832540849907287
705.6877076411961,0.07745379427239493
705.7076411960134,0.07651491573219932
705.7275747508306,0.0755100340945756
705.7475083056479,0.07444051761662893
705.7674418604652,0.07330784493409183
705.7873754152824,0.07211360907340378
705.8073089700997,0.0708595222722373
705.827242524917,0.06954742177104108
705.8471760797343,0.0681792767726367
705.8671096345515,0.0667571968102974
705.8870431893688,0.06528344181712624
705.9069767441862,0.06376043425539868
705.9269102990033,0.062190773745019426
705.9468438538206,0.060577254730570705
705.9667774086379,0.05892288784967983
705.9867109634552,0.05723092581784494
706.0066445182725,0.055504894830811155
706.0265780730897,0.053748632711926675
706.0465116279071,0.05196633530208386
706.0664451827242,0.05016261290606738
706.0863787375415,0.048342558965220606
706.1063122923589,0.046511833502551635
706.126245847176,0.0446767642354803
706.1461794019934,0.04284446847932686
706.1661129568106,0.041022998893852705
706.186046511628,0.03922151544408994
706.2059800664452,0.03745048413052417
706.2259136212625,0.035721899258769466
706.2458471760798,0.03404951903084314
706.265780730897,0.032449092417162165
706.2857142857143,0.030938536877145987
706.3056478405316,0.029538000682246577
706.3255813953489,0.028269712573361416
706.3455149501661,0.02715749423648308
706.3654485049834,0.026225807362861293
706.3853820598007,0.025498257098088613
706.4053156146181,0.024995604987987134
706.4252491694352,0.024733550548167935
706.4451827242525,0.024720746938582276
706.4651162790698,0.02495759027818529
706.485049833887,0.025436160702485656
706.5049833887044,0.02614133456912733
706.5249169435216,0.02705271779367563
706.544850498339,0.028146865278331063
706.5647840531561,0.029399305687344227
706.5847176079735,0.030786090673127577
706.6046511627908,0.03228479824362016
706.624584717608,0.033875059679601104
706.6445182724253,0.03553873635544498
706.6644518272425,0.03725987284512263
706.6843853820599,0.0390245266415977
706.7043189368771,0.04082054360447367
706.7242524916944,0.04263732174785542
706.7441860465117,0.044465586873677236
706.764119601329,0.04629719116622539
706.7840531561462,0.048124938483480956
706.8039867109635,0.049942436047274434
706.8239202657808,0.0517439702706546
706.843853820598,0.053524403698184425
706.8637873754153,0.055279089922158395
706.8837209302326,0.05700380354715509
706.9036544850499,0.0586946826183569
706.9235880398671,0.060348181306039375
706.9435215946845,0.061961030997917776
706.9634551495017,0.06353020827225786
706.9833887043189,0.06505290849917333
707.0033222591362,0.06652652404851947
707.0232558139535,0.06794862627214852
707.0431893687709,0.06931695058419361
707.063122923588,0.07062938408869515
707.0830564784054,0.07188395530640017
707.1029900332226,0.07307882563497475
707.12292358804,0.07421228224368423
707.1428571428572,0.07528273215765208
707.1627906976744,0.07628869733061283
707.1827242524918,0.07722881054054362
707.2026578073089,0.078101811971699
707.2225913621263,0.07890654637000427
707.2425249169436,0.07964196067845745
707.2624584717609,0.08030710207484393
707.2823920265781,0.08090111634766024
707.3023255813953,0.08142324655673422
707.3222591362127,0.08187283193463353
707.3421926910299,0.08224930699238944
707.3621262458472,0.08255220079992426
707.3820598006645,0.08278113641702482
707.4019933554817,0.08293583045591653
707.421926910299,0.08301609276060173
707.4418604651164,0.08302182619227849
707.4617940199336,0.08295302651369649
707.4817275747508,0.08280978236879656
707.5016611295681,0.08259227535723537
707.5215946843854,0.08230078020681597
707.5415282392028,0.08193566505013475
707.5614617940199,0.08149739181548232
707.5813953488373,0.08098651674572353
707.6013289036545,0.08040369106334622
707.6212624584718,0.07974966180456065
707.6411960132891,0.07902527285090008
707.6611295681063,0.0782314661930675
707.6810631229237,0.07736928346944094
707.7009966777408,0.07643986783029515
707.7209302325582,0.07544446618956362
707.7408637873755,0.07438443193852058
707.7607973421927,0.07326122821113934
707.78073089701,0.07207643180955657
707.8006644518273,0.07083173792054046
707.8205980066446,0.06952896578174772
707.8405315614618,0.06817006549047726
707.8604651162791,0.06675712618943551
707.8803986710964,0.06529238591565897
707.9003322259136,0.06377824346249893
707.9202657807309,0.06221727268333585
707.9401993355483,0.060612239763251016
707.9601328903655,0.058966124105301505
707.9800664451828,0.05728214362642327
708.0,0.055563785439718585
708.0199335548173,0.05381484312082047
708.0398671096347,0.05203946202063523
708.0598006644518,0.05024219439695734
708.0797342192692,0.048428066488850036
708.0996677740864,0.046602660031629335
708.1196013289037,0.04477221106445207
708.139534883721,0.04294372912815036
708.1594684385383,0.04112513992337926
708.1794019933556,0.03932545390389745
708.1993355481727,0.03755496162200085
708.2192691029901,0.03582545312860732
708.2392026578074,0.03415045217573352
708.2591362126246,0.03254544478368271
708.2790697674419,0.031028064174814293
708.2990033222592,0.029618169118694058
708.3189368770765,0.028337722113076197
708.3388704318937,0.027210345562145275
708.358803986711,0.026260426619176564
708.3787375415283,0.02551168394054235
708.3986710963455,0.0249852311233603
708.4186046511628,0.024697371030602704
708.4385382059802,0.024657566486419206
708.4584717607974,0.024867127269060964
708.4784053156147,0.025319019103757424
708.4983388704319,0.025998857166386415
708.5182724252492,0.0268867689819211
708.5382059800666,0.027959601575543946
708.5581395348837,0.02919297851380415
708.5780730897011,0.03056290259838216
708.5980066445183,0.0320468138917807
708.6179401993356,0.033624161271135
708.6378737541529,0.03527661054291159
708.6578073089702,0.036988016794395194
708.6777408637874,0.03874426432042453
708.6976744186046,0.04053304628501195
708.717607973422,0.042343629136200295
708.7375415282393,0.04416662694414084
708.7574750830565,0.045993797827622196
708.7774086378738,0.04781786681646174
708.7973421926911,0.04963237517909513
708.8172757475083,0.05143155410873869
708.8372093023256,0.053210219799909676
708.8571428571429,0.05496368678238514
708.8770764119602,0.056687696563115515
708.8970099667774,0.05837835895982128
708.9169435215947,0.060032103884651716
708.936877076412,0.06164564169793814
708.9568106312292,0.06321593057635778
708.9767441860466,0.06474014961918052
708.9966777408638,0.06621567665041235
709.0166112956812,0.06764006986843277
709.0365448504983,0.06901105265279132
709.0564784053156,0.07032650096677208
709.076411960133,0.07158443289845107
709.0963455149501,0.07278299996731837
709.1162790697675,0.07392047989163758
709.1362126245847,0.07499527056700361
709.1561461794021,0.07600588505106394
709.1760797342193,0.07695094738576883
709.1960132890366,0.07782918911804303
709.2159468438539,0.07863944640385613
709.235880398671,0.07938065760048728
709.2558139534884,0.08005186126806811
709.2757475083057,0.08065219451492477
709.295681063123,0.08118089163238273
709.3156146179402,0.08163728297423041
709.3355481727575,0.08202079404369338
709.3554817275748,0.08233094475765065
709.3754152823922,0.08256734886356784
709.3953488372093,0.08272971348949547
709.4152823920266,0.08281783881208903
709.4352159468439,0.08283161783150585
709.4551495016611,0.08277103624563933
709.4750830564785,0.08263617241970828
709.4950166112957,0.08242719745044719
709.5149501661131,0.08214437532758273
709.5348837209302,0.08178806319846904
709.5548172757475,0.08135871174547626
709.5747508305649,0.08085686568950781
709.594684385382,0.08028316443719943
709.6146179401994,0.07963834289415875
709.6345514950166,0.07892323247191343
709.654485049834,0.0781387623226501
709.6744186046512,0.07728596084301961
709.6943521594685,0.0763659574970936
709.7142857142858,0.07537998501878933
709.7342192691029,0.07432938206659713
709.7541528239203,0.07321559641834978
709.7740863787376,0.07204018881198339
709.7940199335549,0.07080483756033142
709.8139534883721,0.06951134409505957
709.8338870431894,0.0681616396279856
709.8538205980067,0.06675779315890694
709.873754152824,0.06530202110927052
709.8936877076412,0.06379669892323726
709.9136212624585,0.062244375054472154
709.9335548172758,0.060647787852212885
709.953488372093,0.05900988597728498
709.9734219269103,0.05733385312375543
709.9933554817276,0.05562313799913225
710.013289036545,0.05388149073184611
710.0332225913621,0.05211300713367355
710.0531561461795,0.05032218254927978
710.0730897009967,0.04851397737114078
710.0930232558139,0.04669389666998656
710.1129568106313,0.044868086748454696
710.1328903654485,0.043043451688022726
710.1528239202659,0.041227792970584015
710.172757475083,0.039429974741435704
710.1926910299004,0.03766011577042279
710.2126245847177,0.035929805909333035
710.232558139535,0.03425233870021147
710.2524916943522,0.0326429412165023
710.2724252491694,0.03111896546865485
710.2923588039868,0.029699981614466783
710.312292358804,0.02840768307686936
710.3322259136213,0.02726548460721356
710.3521594684386,0.026297683431564366
710.3720930232558,0.02552808915643851
710.3920265780731,0.024978139967150467
710.4119601328905,0.024664714803750997
710.4318936877077,0.024598065811796122
710.4518272425249,0.024780408619860795
710.4717607973422,0.025205600947299452
710.4916943521595,0.02586001439332065
710.5116279069769,0.02672432101562013
710.531561461794,0.027775682353788567
710.5514950166114,0.02898983493980145
710.5714285714286,0.030342745117478087
710.5913621262459,0.031811722142838506
710.6112956810632,0.033376035601943084
710.6312292358804,0.03501715616297026
710.6511627906978,0.03671874828773381
710.6710963455149,0.03846652115917782
710.6910299003323,0.04024801306244456
710.7109634551496,0.04205235671819597
710.7308970099668,0.04387005247435617
710.7508305647841,0.045692762626402435
710.7707641196013,0.04751313186312328
710.7906976744187,0.04932463421844664
710.8106312292359,0.051121444591678555
710.8305647840532,0.05289833193233878
710.8504983388705,0.05465057096441552
710.8704318936877,0.056373869480882355
710.890365448505,0.05806430856103015
710.9102990033224,0.05971829343515815
710.9302325581396,0.06133251308447992
710.9501661129568,0.06290390699194229
710.9700996677741,0.06442963774306194
710.9900332225914,0.06590706841411598
711.0099667774087,0.06733374388219832
711.0299003322259,0.06870737535306125
711.0498338870433,0.07002582753409478
711.0697674418604,0.0712871079859255
711.0897009966778,0.07248935827241684
711.1096345514951,0.07363084659829092
711.1295681063123,0.07470996167989741
711.1495016611296,0.07572520764025474
711.1694352159468,0.07667519975653664
711.1893687707642,0.07755866091824982
711.2093023255815,0.07837441867900088
711.2292358803987,0.07912140280492808
711.249169435216,0.07979864323931371
711.2691029900333,0.08040526841688607
711.2890365448505,0.08094050387233682
711.3089700996678,0.08140367109747766
711.3289036544851,0.08179418660916443
711.3488372093024,0.0821115611971118
711.3687707641196,0.08235539932650662
711.3887043189369,0.08252539867537248
711.4086378737543,0.08262134979117242
711.4285714285714,0.0826431358550849
711.4485049833888,0.08259073254612186
711.468438538206,0.08246420800070302
711.4883720930233,0.08226372286661586
711.5083056478406,0.08198953045357212
711.5282392026578,0.08164197698600636
711.5481727574752,0.08122150196721839
711.5681063122923,0.08072863866775425
711.5880398671097,0.08016401475510977
711.607973421927,0.07952835308649595
711.6279069767443,0.07882247269169546
711.6478405315615,0.0780472899792579
711.6677740863787,0.07720382020640736
711.6877076411961,0.07629317926157919
711.7076411960134,0.07531658581864217
711.7275747508306,0.0742753639339744
711.7475083056479,0.07317094617220311
711.7674418604652,0.07200487736421599
711.7873754152824,0.07077881912258123
711.8073089700997,0.06949455526597138
711.827242524917,0.06815399833651456
711.8471760797343,0.06675919743382244
711.8671096345515,0.06531234763852475
711.8870431893688,0.0638158013586359
711.9069767441861,0.06227208200717425
711.9269102990033,0.060683900511939566
711.9468438538207,0.05905417527290605
711.9667774086379,0.057386056323902465
711.9867109634552,0.05568295462821914
712.0066445182724,0.0539485776486894
712.0265780730897,0.05218697258607134
712.0465116279071,0.05040257897826559
712.0664451827242,0.04860029269380818
712.0863787375416,0.04678554372222282
712.1063122923588,0.04496439052433313
712.1262458471762,0.04314363398230433
712.1461794019934,0.04133095403698668
712.1661129568106,0.03953507165967914
712.186046511628,0.037765937434607225
712.2059800664451,0.03603494501045645
712.2259136212625,0.034355161927194934
712.2458471760798,0.03274156033885092
712.2657807308971,0.03121121419146763
712.2857142857143,0.029783406193708166
712.3056478405316,0.028479558333384503
712.3255813953489,0.027322870022880225
712.3455149501661,0.026337534003021842
712.3654485049834,0.025547429055926964
712.3853820598007,0.02497429092980288
712.405315614618,0.02463554716456827
712.4252491694352,0.024542217941504532
712.4451827242526,0.024697415497349114
712.4651162790698,0.025095894519484838
712.4850498338872,0.02572479966796645
712.5049833887043,0.026565370140201168
712.5249169435216,0.0275951046093025
712.544850498339,0.028789871154857545
712.5647840531561,0.030125612629985934
712.5847176079735,0.031579515110800045
712.6046511627907,0.03313067235576819
712.6245847176081,0.034760360545185054
712.6445182724253,0.036452052497143485
712.6644518272426,0.038191280421546986
712.6843853820599,0.039965425552629615
712.704318936877,0.04176348471088208
712.7242524916944,0.04357584250935307
712.7441860465117,0.0453940636365457
712.764119601329,0.04721071090170834
712.7840531561462,0.04901918979956052
712.8039867109635,0.05081361784078309
712.8239202657808,0.052588715817203195
712.843853820598,0.054339717888815836
712.8637873754153,0.05606229750579448
712.8837209302326,0.05775250648768612
712.9036544850499,0.05940672495060926
712.9235880398671,0.061021620137810255
712.9435215946844,0.06259411254041343
712.9634551495017,0.06412134798238037
712.983388704319,0.06560067458617055
713.0033222591362,0.06702962373627215
713.0232558139535,0.06840589432248348
713.0431893687708,0.0697273396785538
713.063122923588,0.07099195674066372
713.0830564784054,0.07219787703766246
713.1029900332226,0.07334335919644262
713.12292358804,0.07442678270282817
713.1428571428571,0.07544664270526567
713.1627906976745,0.07640154568609935
713.1827242524918,0.07729020585611415
713.2026578073089,0.0781114421530527
713.2225913621263,0.07886417574534031
713.2425249169435,0.07954742795921242
713.2624584717609,0.08016031856134039
713.2823920265781,0.08070206434066567
713.3023255813954,0.08117197794285273
713.3222591362127,0.08156946691884821
713.3421926910299,0.08189403295607676
713.3621262458472,0.0821452712665374
713.3820598006645,0.08232287011138603
713.4019933554817,0.08242661044600998
713.421926910299,0.082456365673653
713.4418604651163,0.08241210149938415
713.4617940199336,0.0822938758796843
713.481727574751,0.0821018390661844
713.5016611295681,0.08183623374550443
713.5215946843855,0.08149739528030815
713.5415282392026,0.08108575206040167
713.5614617940199,0.0806018259762594
713.5813953488373,0.08004623303153785
713.6013289036545,0.07941968411580282
713.6212624584718,0.07872298596376266
713.641196013289,0.07795704233355806
713.6611295681064,0.07712285544344785
713.6810631229237,0.07622152771486906
713.7009966777409,0.07525426387946352
713.7209302325582,0.07422237351980877
713.7408637873754,0.07312727412767897
713.7607973421927,0.07197049478116362
713.78073089701,0.07075368056300069
713.8006644518273,0.06947859786819731
713.8205980066446,0.06814714078077885
713.8405315614618,0.0667613387380998
713.8604651162791,0.06532336574916302
713.8803986710965,0.06383555149245078
713.9003322259136,0.06230039469176334
713.9202657807309,0.060720579258899385
713.9401993355482,0.05909899380373293
713.9601328903655,0.05743875524974466
713.9800664451828,0.05574323746212966
714.0,0.054016106001391964
714.0199335548174,0.05226136036324498
714.0398671096345,0.05048338535847386
714.0598006644519,0.04868701362211927
714.0797342192692,0.0468776016073217
714.0996677740864,0.0450611217818439
714.1196013289037,0.04324427403489145
714.1395348837209,0.04143461938257814
714.1594684385383,0.03964073868943848
714.1794019933556,0.037872417882331866
714.1993355481728,0.03614085834239988
714.2192691029901,0.034458905779936204
714.2392026578073,0.03284128147395144
714.2591362126246,0.03130478456326616
714.2790697674419,0.029868411723408015
714.2990033222592,0.02855331159371745
714.3189368770765,0.027382461221777798
714.3388704318937,0.026379935123062366
714.358803986711,0.025569660279524772
714.3787375415284,0.024973643463117246
714.3986710963455,0.024609833205758092
714.4186046511628,0.024489995569941827
714.4385382059801,0.02461812876065118
714.4584717607974,0.024989887956445876
714.4784053156147,0.02559320648831769
714.4983388704319,0.026409912917688082
714.5182724252493,0.027417865851689368
714.5382059800664,0.028593083999738575
714.5581395348838,0.029911500267678224
714.5780730897011,0.031350185678172784
714.5980066445183,0.03288806199087364
714.6179401993356,0.034506211781748924
714.6378737541528,0.03618791533631855
714.6578073089702,0.03791852608864694
714.6777408637874,0.03968526606462911
714.6976744186047,0.041476994002026715
714.717607973422,0.04328397674488993
714.7375415282393,0.04509767956535265
714.7574750830565,0.046910581828830344
714.7774086378738,0.04871601916231608
714.7973421926911,0.05050805057211888
714.8172757475083,0.052281347761649215
714.8372093023256,0.05403110355345638
714.8571428571429,0.055752956413373016
714.8770764119602,0.05744292836932053
714.8970099667774,0.059097373982113365
714.9169435215948,0.060712938390930234
714.936877076412,0.06228652279091935
714.9568106312292,0.063815255991623
714.9767441860465,0.06529647095135972
714.9966777408638,0.06672768538715614
715.0166112956812,0.06810658572758599
715.0365448504983,0.06943101381246274
715.0564784053157,0.07069895585421579
715.0764119601329,0.07190853326533539
715.0963455149503,0.0730579950288176
715.1162790697675,0.07414571134714308
715.1362126245847,0.07517016835278945
715.1561461794021,0.07612996370191263
715.1760797342192,0.07702380290406946
715.1960132890366,0.07785049626645028
715.2159468438539,0.07860895635216036
715.2358803986712,0.07929819586910566
715.2558139534884,0.07991732592044945
715.2757475083056,0.08046555455926503
715.295681063123,0.08094218559991098
715.3156146179402,0.081346617646938
715.3355481727575,0.08167834330936939
715.3554817275748,0.08193694857412603
715.375415282392,0.08212211231767667
715.3953488372093,0.08223360593945021
715.4152823920267,0.08227129310477196
715.4352159468439,0.08223512958866014
715.4551495016611,0.08212516321542504
715.4750830564784,0.08194153389226726
715.4950166112957,0.08168447373846408
715.5149501661131,0.08135430731485724
715.5348837209302,0.08095145196210235
715.5548172757476,0.08047641825955988
715.5747508305648,0.07992981062099079
715.5946843853822,0.07931232804760352
715.6146179401994,0.07862476506417437
715.6345514950166,0.07786801286996592
715.654485049834,0.07704306074298392
715.6744186046511,0.07615099774433977
715.6943521594685,0.07519301477917933
715.7142857142858,0.07417040708228634
715.734219269103,0.0730845772103742
715.7541528239203,0.07193703864015946
715.7740863787376,0.070729420091752
715.7940199335549,0.06946347072224714
715.8139534883721,0.06814106636504715
715.8338870431894,0.06676421702843659
715.8538205980067,0.06533507591356982
715.873754152824,0.06385595026964296
715.8936877076412,0.06232931447521764
715.9136212624585,0.06075782582278897
715.9335548172758,0.059144343592440835
715.9534883720931,0.05749195213479063
715.9734219269103,0.055803988848155156
715.9933554817276,0.054084078136071516
716.0132890365448,0.05233617267358963
716.0332225913621,0.050564603597963095
716.0531561461795,0.0487741415697803
716.0730897009967,0.046970071012907635
716.093023255814,0.04515828020599848
716.1129568106312,0.043345370199000054
716.1328903654486,0.041538785639339146
716.1528239202659,0.03974697028562659
716.172757475083,0.03797954886729751
716.1926910299004,0.03624753437203406
716.2126245847176,0.034563554814061946
716.232558139535,0.03294208465173693
716.2524916943522,0.03139965157134074
716.2724252491695,0.029954967866169295
716.2923588039868,0.02862890733658621
716.312292358804,0.02744421827533419
716.3322259136213,0.026424844035666507
716.3521594684386,0.025594739632384608
716.3720930232558,0.024976156853700852
716.3920265780731,0.024587537560303654
716.4119601328904,0.02444137074983112
716.4318936877077,0.024542528599610782
716.451827242525,0.024887568838322157
716.4717607973422,0.025465227994066315
716.4916943521595,0.02625794576716973
716.5116279069767,0.0272439636313299
716.531561461794,0.02839947048598347
716.5514950166114,0.029700403408986432
716.5714285714286,0.03112372700689114
716.5913621262459,0.03264819524849224
716.6112956810631,0.034254698234218034
716.6312292358805,0.03592632296639624
716.6511627906978,0.03764824236453155
716.6710963455149,0.03940751710657376
716.6910299003323,0.041192865656906164
716.7109634551495,0.0429944350355937
716.7308970099668,0.044803589263378345
716.7508305647841,0.046612722671514444
716.7707641196014,0.04841509966658837
716.7906976744187,0.050204719613383623
716.8106312292359,0.051976204177750215
716.8305647840532,0.05372470405582338
716.8504983388705,0.05544582207452094
716.8704318936877,0.057135549927446884
716.890365448505,0.058790216170029636
716.9102990033223,0.06040644346382098
716.9302325581396,0.06198111339767011
716.9501661129569,0.06351133750867122
716.9700996677741,0.06499443337637428
716.9900332225915,0.06642790487182347
717.0099667774086,0.0678094258140257
717.0299003322259,0.0691368264258563
717.0498338870433,0.07040808209444488
717.0697674418604,0.07162130403252993
717.0897009966778,0.07277473151140576
717.109634551495,0.07386672539574998
717.1295681063124,0.07489576275927373
717.1495016611296,0.07586043239926686
717.1694352159469,0.07675943110029886
717.1893687707642,0.07759156052320443
717.2093023255813,0.07835572461704583
717.2292358803987,0.07905092746908915
717.249169435216,0.079676271522535
717.2691029900333,0.08023095610346229
717.2890365448505,0.08071427620880395
717.3089700996678,0.08112562151524481
717.3289036544851,0.08146447557635061
717.3488372093025,0.08173041518110537
717.3687707641196,0.08192310985247478
717.3887043189369,0.08204232146907828
717.4086378737542,0.08208790399732635
717.4285714285714,0.08205980332503335
717.4485049833888,0.08195805719104625
717.468438538206,0.08178279520877287
717.4883720930234,0.0815342389847646
717.5083056478405,0.08121270233682056
717.5282392026579,0.08081859161954028
717.5481727574752,0.08035240616887311
717.5681063122923,0.07981473888125475
717.5880398671097,0.07920627694739181
717.6079734219269,0.07852780276574038
717.6279069767443,0.07778019506661203
717.6478405315615,0.07696443028470316
717.6677740863788,0.07608158422558418
717.6877076411961,0.07513283408157675
717.7076411960132,0.07411946086340729
717.7275747508306,0.07304285232803441
717.7475083056479,0.07190450649940378
717.7674418604652,0.07070603589913911
717.7873754152824,0.06944917262862127
717.8073089700997,0.06813577447409568
717.827242524917,0.06676783224339332
717.8471760797343,0.06534747858826423
717.8671096345515,0.06387699862267465
717.8870431893688,0.062358842716719425
717.9069767441861,0.06079564193170496
717.9269102990033,0.05919022666812447
717.9468438538206,0.05754564922911982
717.9667774086379,0.05586521116288407
717.9867109634553,0.054152496443915274
718.0066445182724,0.0524114117899704
718.0265780730898,0.0506462356930403
718.046511627907,0.04886167806773587
718.0664451827242,0.04706295277908522
718.0863787375416,0.04525586567686379
718.1063122923588,0.043446921074102085
718.1262458471762,0.041643449746586084
718.1461794019933,0.03985376128250826
718.1661129568107,0.03808732260605111
718.186046511628,0.036354962123335395
718.2059800664452,0.034669094244473876
718.2259136212625,0.033043950665222026
718.2458471760797,0.03149579106002995
718.2657807308971,0.030043045208001752
718.2857142857143,0.028706310979352122
718.3056478405316,0.02750810213254838
718.3255813953489,0.026472218708147564
718.3455149501661,0.025622624401383035
718.3654485049834,0.024981790581130772
718.3853820598008,0.024568624789646082
718.405315614618,0.02439631529913988
718.4252491694352,0.024470594953036103
718.4451827242525,0.02478892461642327
718.4651162790698,0.025340857403462414
718.4850498338872,0.026109465412060662
718.5049833887043,0.027073395996037444
718.5249169435217,0.028209028258946417
718.5448504983389,0.029492318144517443
718.5647840531562,0.030900133002475887
718.5847176079735,0.03241106361237529
718.6046511627907,0.03400580898607225
718.6245847176081,0.03566726223992951
718.6445182724252,0.03738041411051898
718.6644518272426,0.03913216180981384
718.6843853820599,0.040911081332033215
718.7043189368771,0.04270719779822947
718.7242524916944,0.04451177211729761
718.7441860465116,0.046317111969829926
718.764119601329,0.04811640916484022
718.7840531561462,0.04990360226669445
718.8039867109635,0.0516732619357754
718.8239202657808,0.05342049593693157
718.843853820598,0.055140870790319575
718.8637873754153,0.056830347301456724
718.8837209302326,0.05848522756112792
718.9036544850499,0.06010211137210764
718.9235880398671,0.061677860400287325
718.9435215946844,0.06320956864701963
718.9634551495017,0.06469453809402997
718.9833887043189,0.06613025858411345
719.0033222591362,0.06751439117522784
719.0232558139536,0.06884475434761354
719.0431893687708,0.07011931255917535
719.0631229235881,0.07133616673748254
719.0830564784053,0.07249354637249182
719.1029900332226,0.0735898029350461
719.12292358804,0.07462340439579399
719.1428571428571,0.07559293065916321
719.1627906976745,0.0764970697597541
719.1827242524917,0.07733461469507504
719.202657807309,0.07810446079031948
719.2225913621263,0.07880560350877228
719.2425249169436,0.07943713663616936
719.2624584717609,0.07999825077951216
719.282392026578,0.08048823213120831
719.3023255813954,0.0809064614576376
719.3222591362127,0.08125241327889604
719.3421926910299,0.08152565521220989
719.3621262458472,0.08172584745725503
719.3820598006645,0.08185274240598339
719.4019933554817,0.08190618436391112
719.4219269102991,0.08188610937347092
719.4418604651163,0.08179254513371448
719.4617940199336,0.0816256110137923
719.4817275747508,0.08138551816103463
719.5016611295681,0.0810725697078016
719.5215946843855,0.08068716108454144
719.5415282392026,0.0802297804501992
719.56146179402,0.0797010092551419
719.5813953488372,0.07910152295601545
719.6013289036546,0.07843209190704863
719.6212624584718,0.077693582457946
719.641196013289,0.07688695829529472
719.6611295681064,0.07601328207208204
719.6810631229235,0.07507371737941562
719.7009966777409,0.07406953112549554
719.7209302325582,0.07300209640035178
719.7408637873755,0.07187289592108413
719.7607973421927,0.07068352617187769
719.78073089701,0.06943570237714787
719.8006644518273,0.06813126447555357
719.8205980066446,0.06677218429855815
719.8405315614618,0.06536057420178042
719.8604651162791,0.06389869745198341
719.8803986710964,0.0623889807404756
719.9003322259136,0.0608340292771786
719.920265780731,0.05923664502330823
719.9401993355482,0.05759984874814294
719.9601328903655,0.055926906752396595
719.9800664451827,0.054221363292513446
720.0,0.05248707997188966
720.0199335548174,0.05072828364083485
720.0398671096345,0.0489496246667302
720.0598006644519,0.04715624779046615
720.0797342192691,0.04535387815054228
720.0996677740865,0.043548925375277985
720.1196013289037,0.0417486088080677
720.1395348837209,0.03996110673795133
720.1594684385383,0.03819573160879912
720.1794019933554,0.03646313099442845
720.1993355481728,0.03477550974866079
720.2192691029901,0.03314686086056639
720.2392026578074,0.03159317950889995
720.2591362126246,0.030132615027006607
720.2790697674419,0.028785488640521963
720.2990033222592,0.027574074380027354
720.3189368770765,0.026522017591647823
720.3388704318937,0.025653272116621564
720.358803986711,0.024990504077642983
720.3787375415283,0.024553059136528645
720.3986710963455,0.02435480054310354
720.4186046511629,0.02440230724052505
720.4385382059801,0.024693942341020896
720.4584717607975,0.025220087746263546
720.4784053156146,0.025964468626802285
720.4983388704319,0.02690616125691527
720.5182724252493,0.02802175538489696
720.5382059800664,0.029287241085048234
720.5581395348838,0.03067939814133602
720.578073089701,0.03217665915352292
720.5980066445184,0.03375953370307564
720.6179401993356,0.03541072057536326
720.6378737541529,0.03711502673257532
720.6578073089702,0.03885918382821871
720.6777408637873,0.04063162318547947
720.6976744186047,0.04242224593238535
720.717607973422,0.044222207980320345
720.7375415282393,0.04602372871649466
720.7574750830565,0.0478199259504279
720.7774086378738,0.04960467626511341
720.7973421926911,0.051372498328489974
720.8172757475083,0.053118456153050775
720.8372093023256,0.05483807927080437
720.8571428571429,0.05652729703413423
720.8770764119602,0.05818238460057494
720.8970099667774,0.059799918525187054
720.9169435215947,0.06137674022779876
720.936877076412,0.06290992590536583
720.9568106312294,0.0643967617182256
720.9767441860465,0.06583472329489322
720.9966777408639,0.06722145877754214
721.0166112956811,0.06855477477533313
721.0365448504983,0.06983262471066734
721.0564784053157,0.07105309913844786
721.0764119601329,0.07221441769582154
721.0963455149503,0.07331492240214328
721.1162790697674,0.07435307207924614
721.1362126245848,0.07532743770333644
721.1561461794021,0.07623669853282847
721.1760797342192,0.07707963888377231
721.1960132890366,0.07785514544658766
721.2159468438538,0.07856220505616925
721.2358803986712,0.07919990284227608
721.2558139534884,0.07976742069977569
721.2757475083057,0.08026403602846378
721.295681063123,0.080689120701043
721.3156146179402,0.08104214022513745
721.3355481727575,0.0813226530714476
721.3554817275748,0.08153031014562889
721.375415282392,0.0816648543861379
721.3953488372093,0.08172612047458408
721.4152823920266,0.08171403464886003
721.4352159468439,0.0816286146128399
721.4551495016613,0.08146996953986385
721.4750830564784,0.08123830017045758
721.4950166112958,0.08093389900800547
721.514950166113,0.0805571506194845
721.5348837209302,0.08010853205201679
721.5548172757476,0.07958861337980797
721.5747508305648,0.07899805840051176
721.5946843853822,0.07833762550475662
721.6146179401993,0.0776081687483688
721.6345514950167,0.07681063916336718
721.654485049834,0.07594608635124239
721.6744186046512,0.07501566041153714
721.6943521594685,0.07402061426924493
721.7142857142857,0.07296230647792087
721.734219269103,0.07184220459103517
721.7541528239203,0.070661889213377
721.7740863787376,0.06942305886780478
721.7940199335549,0.06812753584107092
721.8139534883721,0.06677727320799587
721.8338870431894,0.06537436327622684
721.8538205980067,0.063921047747466
721.873754152824,0.06241972995700123
721.8936877076412,0.06087298963505153
721.9136212624585,0.05928360073421898
721.9335548172758,0.057654552992037436
721.953488372093,0.055989078050645846
721.9734219269103,0.05429068114288687
721.9933554817277,0.052563179580804135
722.0132890365448,0.05081074955257672
722.0332225913622,0.04903798304810699
722.0531561461794,0.04724995708402203
722.0730897009967,0.04545231776356623
722.093023255814,0.04365138203352988
722.1129568106312,0.041854260187530655
722.1328903654486,0.04006900202352368
722.1528239202657,0.03830476876333632
722.1727574750831,0.0365720308346147
722.1926910299004,0.03488278753627784
722.2126245847177,0.03325079719901904
722.232558139535,0.0316917940873412
722.2524916943521,0.030223649341594397
722.2724252491695,0.028866407183026143
722.2923588039868,0.02764209728187514
722.312292358804,0.026574199657957872
722.3322259136213,0.025686640582747482
722.3521594684386,0.025002256747855563
722.3720930232558,0.024540804524415247
722.3920265780731,0.02431679728544807
722.4119601328904,0.024337644302441234
722.4318936877077,0.024602608573338465
722.4518272425249,0.025102911755349077
722.4717607973422,0.025822952116277824
722.4916943521596,0.026742257861727174
722.5116279069767,0.027837650221600417
722.5315614617941,0.029085169230465585
722.5514950166113,0.03046151733807426
722.5714285714286,0.03194497439551104
722.5913621262459,0.033515862496453074
722.6112956810631,0.03515668581799399
722.6312292358805,0.03685206604021571
722.6511627906976,0.038588567195247135
722.671096345515,0.0403544737325429
722.6910299003323,0.04213956067498072
722.7109634551496,0.04393487702589706
722.7308970099668,0.045732552210029385
722.750830564784,0.04752562861051883
722.7707641196014,0.049307919625554045
722.7906976744187,0.05107389092423109
722.8106312292359,0.05281856192916651
722.8305647840532,0.054537424488952206
722.8504983388705,0.05622637592629627
722.8704318936877,0.05788166398729646
722.8903654485051,0.05949984158244889
722.9102990033223,0.061077729555839344
722.9302325581396,0.06261238602585933
722.9501661129568,0.06410108110332532
722.9700996677741,0.06554127601257334
722.9900332225915,0.06693060582197839
723.0099667774086,0.06826686513840566
723.029900332226,0.069547996240031
723.0498338870432,0.07077207921948538
723.0697674418606,0.07193732378783878
723.0897009966778,0.07304206245359715
723.109634551495,0.07408474484256623
723.1295681063124,0.07506393296602552
723.1495016611295,0.07597829727873712
723.1694352159469,0.07682661339598712
723.1893687707642,0.07760775936142712
723.2093023255815,0.07832071337608221
723.2292358803987,0.07896455191426051
723.249169435216,0.07953844816459635
723.2691029900333,0.08004167074524642
723.2890365448505,0.0804735826509004
723.3089700996678,0.0808336403967891
723.3289036544851,0.08112139333135647
723.3488372093024,0.0813364830945224
723.3687707641196,0.08147864320345584
723.388704318937,0.08154769875191177
723.4086378737542,0.0815435662130335
723.4285714285714,0.08146625333910107
723.4485049833887,0.08131585915507342
723.468438538206,0.08109257404596933
723.4883720930234,0.08079667994151257
723.5083056478405,0.08042855060473439
723.5282392026579,0.07998865203484483
723.5481727574751,0.07947754299853217
723.5681063122925,0.07889587570813042
723.5880398671097,0.07824439666982355
723.6079734219269,0.0775239477307774
723.6279069767443,0.07673546736027134
723.6478405315614,0.07587999220761255
723.6677740863788,0.07495865898844059
723.6877076411961,0.0739727067617502
723.7076411960134,0.0729234796726773
723.7275747508306,0.07181243025165614
723.7475083056479,0.07064112337922954
723.7674418604652,0.06941124104872515
723.7873754152824,0.06812458808695748
723.8073089700997,0.06678309902750107
723.827242524917,0.06538884637324327
723.8471760797343,0.0639440505371736
723.8671096345515,0.06245109181461521
723.8870431893688,0.06091252481979283
723.9069767441861,0.05933109591796795
723.9269102990035,0.05770976430587723
723.9468438538206,0.05605172754255485
723.9667774086379,0.054360452515602405
723.9867109634552,0.05263971304932008
724.0066445182724,0.0508936356259058
724.0265780730898,0.0491267549992951
724.046511627907,0.047344081827765526
724.0664451827244,0.045551184814784054
724.0863787375415,0.0437542901808775
724.1063122923589,0.04196040149710435
724.1262458471762,0.040177442816200594
724.1461794019933,0.03841442733024098
724.1661129568107,0.03668165194339769
724.1860465116279,0.03499091435257178
724.2059800664452,0.0333557422657438
724.2259136212625,0.031791612670412916
724.2458471760798,0.03031612093559451
724.2657807308971,0.028949034251590157
724.2857142857143,0.027712133832294563
724.3056478405316,0.026628724469137905
724.3255813953489,0.025722687964490225
724.3455149501661,0.025017008065044737
724.3654485049834,0.024531824655799627
724.3853820598007,0.024282275899803838
724.405315614618,0.02427658447915763
724.4252491694353,0.02451490945316867
724.4451827242525,0.02498932192748521
724.4651162790699,0.025684912575417482
724.485049833887,0.026581684457148678
724.5049833887043,0.027656711484453447
724.5249169435217,0.02888610003895349
724.5448504983389,0.030246486016180796
724.5647840531562,0.0317160023850776
724.5847176079734,0.033274785991908154
724.6046511627908,0.034905146306553086
724.6245847176081,0.036591518310086495
724.6445182724252,0.0383202963842681
724.6644518272426,0.04007961590264273
724.6843853820598,0.04185912365382844
724.7043189368771,0.043649759798019064
724.7242524916944,0.04544356210197824
724.7441860465117,0.04723349607025783
724.764119601329,0.04901331069008464
724.7840531561462,0.050777417605533136
724.8039867109635,0.052520790794958014
724.8239202657808,0.05423888371417839
724.843853820598,0.055927561067891554
724.8637873754153,0.05758304270281828
724.8837209302326,0.059201857479929336
724.9036544850499,0.06078080533117961
724.9235880398671,0.0623169260166286
724.9435215946844,0.06380747336474882
724.9634551495018,0.06524989400183843
724.9833887043189,0.06664180976118023
725.0033222591362,0.0679810031132115
725.0232558139535,0.0692654050807555
725.0431893687708,0.07049308520244049
725.0631229235881,0.07166224318806286
725.0830564784053,0.0727712019743111
725.1029900332227,0.07381840194222963
725.1229235880398,0.07480239610009469
725.1428571428572,0.07572184607030406
725.1627906976745,0.07657551874691013
725.1827242524917,0.077362283513671
725.202657807309,0.07808110993125587
725.2225913621262,0.07873106581797473
725.2425249169436,0.0793113156611987
725.2624584717609,0.07982111930746094
725.2823920265781,0.08025983088811585
725.3023255813954,0.0806268979451564
725.3222591362127,0.08092186072807915
725.3421926910299,0.08114435163841903
725.3621262458472,0.08129409480332388
725.3820598006645,0.08137090576373222
725.4019933554817,0.08137469126683956
725.421926910299,0.08130544915593647
725.4418604651163,0.08116326835393325
725.4617940199337,0.0809483289405896
725.4817275747508,0.08066090232615207
725.5016611295682,0.08030135152805748
725.5215946843854,0.07987013156031497
725.5415282392026,0.07936778994944879
725.56146179402,0.07879496739477776
725.5813953488372,0.07815239859580403
725.6013289036546,0.07744091327466505
725.6212624584717,0.07666143742814721
725.6411960132891,0.07581499485086834
725.6611295681064,0.07490270898034153
725.6810631229237,0.07392580512463767
725.7009966777409,0.07288561314622877
725.7209302325581,0.07178357069053364
725.7408637873755,0.0706212270660948
725.7607973421927,0.06940024790554042
725.78073089701,0.06812242076401262
725.8006644518273,0.06678966184501757
725.8205980066446,0.06540402408506828
725.8405315614618,0.06396770687916697
725.8604651162791,0.06248306779212943
725.8803986710964,0.06095263667816678
725.9003322259136,0.05937913272732767
725.9202657807309,0.0577654850755689
725.9401993355482,0.05611485776125544
725.9601328903656,0.054430679989439505
725.9800664451827,0.052716682881414824
726.0000000000001,0.050976944146745334
726.0199335548173,0.049215942417462154
726.0398671096345,0.04743862332632868
726.0598006644519,0.04565047977298497
726.0797342192691,0.04385764916025543
726.0996677740865,0.04206703060958155
726.1196013289036,0.04028642511331112
726.139534883721,0.038524700960753645
726.1594684385383,0.036791985091809865
726.1794019933556,0.035099877503877136
726.1993355481728,0.03346167930068472
726.21926910299,0.03189261387683838
726.2392026578074,0.030410003406005626
726.2591362126246,0.029033338333416897
726.2790697674419,0.02778414783251134
726.2990033222592,0.026685552273060353
726.3189368770765,0.025761372900499194
726.3388704318937,0.0250347176988377
726.3588039867111,0.024526083145703374
726.3787375415283,0.024251206460019697
726.3986710963455,0.02421910573249707
726.4186046511628,0.024430830811185297
726.4385382059801,0.024879310630800493
726.4584717607975,0.0255503467972844
726.4784053156146,0.026424440001193317
726.498338870432,0.02747893836434025
726.5182724252492,0.028690031549573957
726.5382059800666,0.030034300233399397
726.5581395348838,0.03148973681834429
726.578073089701,0.033036295455264465
726.5980066445184,0.03465609099713458
726.6179401993355,0.036333370407501155
726.6378737541529,0.03805435642737758
726.6578073089702,0.03980703315528004
726.6777408637874,0.04158091700070928
726.6976744186047,0.04336683732146554
726.717607973422,0.04515673850437422
726.7375415282393,0.046943507697649926
726.7574750830565,0.0487208282283134
726.7774086378738,0.05048305666906606
726.7973421926911,0.05222512068247333
726.8172757475083,0.053942434607793986
726.8372093023256,0.055630829931365415
726.8571428571429,0.057286498102591114
726.8770764119602,0.05890594351971011
726.8970099667774,0.0604859448592223
726.9169435215947,0.06202352323741345
726.936877076412,0.06351591596277988
726.9568106312292,0.06496055486574775
726.9767441860465,0.06635504837973227
726.9966777408639,0.06769716670179061
727.0166112956811,0.06898482948571157
727.0365448504984,0.0702160956222499
727.0564784053156,0.07138915474281891
727.0764119601329,0.072502320149638
727.0963455149503,0.07355402292871634
727.1162790697674,0.0745428070459135
727.1362126245848,0.07546732526124852
727.156146179402,0.07632633572590039
727.1760797342193,0.07711869914950584
727.1960132890366,0.07784337644482552
727.2159468438539,0.07849942677262628
727.2358803986712,0.07908600592299438
727.2558139534883,0.07960236497987677
727.2757475083057,0.0800478492250572
727.295681063123,0.08042189724546477
727.3156146179402,0.08072404021405039
727.3355481727575,0.08095390132037837
727.3554817275748,0.0811111953318352
727.375415282392,0.08119572827063692
727.3953488372094,0.08120739719590149
727.4152823920266,0.081146190083441
727.4352159468439,0.08101218579948101
727.4551495016611,0.08080555416763018
727.4750830564784,0.08052655613179932
727.4950166112958,0.08017554402099604
727.514950166113,0.07975296192554512
727.5348837209303,0.07925934619785774
727.5548172757475,0.078695326095272
727.5747508305649,0.07806162458689489
727.5946843853822,0.07735905935202284
727.6146179401993,0.07658854400350396
727.6345514950167,0.0757510895770896
727.6544850498339,0.07484780633599951
727.6744186046512,0.07387990595041365
727.6943521594685,0.07284870412360579
727.7142857142858,0.07175562375149254
727.734219269103,0.07060219872001572
727.7541528239203,0.06939007846677256
727.7740863787376,0.0681210334598852
727.7940199335549,0.06679696177987922
727.8139534883721,0.06541989703049599
727.8338870431894,0.06399201785399582
727.8538205980067,0.06251565938771375
727.873754152824,0.06099332707429778
727.8936877076412,0.05942771333173627
727.9136212624585,0.0578217177045806
727.9335548172759,0.05617847126030342
727.953488372093,0.054501366168769876
727.9734219269103,0.05279409161463996
727.9933554817276,0.051060677445994344
728.0132890365448,0.04930554726024005
728.0332225913622,0.04753358296527091
728.0531561461794,0.04575020321428844
728.0730897009968,0.043961458455340774
728.0930232558139,0.0421741455800966
728.1129568106312,0.040395945145395344
728.1328903654486,0.03863558360023984
728.1528239202657,0.036903021415855504
728.1727574750831,0.03520966474080225
728.1926910299003,0.0335685920715269
728.2126245847177,0.03199477693240652
728.232558139535,0.030505271018208803
728.2524916943522,0.029119288607532066
728.2724252491695,0.02785810373716694
728.2923588039866,0.026744643849233522
728.312292358804,0.025802654349097925
728.3322259136213,0.0250553453582356
728.3521594684386,0.024523543356226817
728.3720930232558,0.024223558560089332
728.3920265780731,0.024165185448174288
728.4119601328904,0.02435035795691359
728.4318936877078,0.024772869885831137
728.4518272425249,0.025419251455876084
728.4717607973422,0.026270523554569908
728.4916943521595,0.027304330331162422
728.5116279069767,0.028496962198663024
728.5315614617941,0.029824956510400395
728.5514950166113,0.03126617188040855
728.5714285714287,0.03280038264159135
728.5913621262458,0.03440950932075406
728.6112956810632,0.03607760965159272
728.6312292358805,0.037790732787439725
728.6511627906976,0.03953670935851423
728.671096345515,0.041304923235865876
728.6910299003322,0.04308609099202567
728.7109634551496,0.04487206188543214
728.7308970099668,0.046655643204477494
728.7508305647841,0.04843045134326987
728.7707641196014,0.05019078673633176
728.7906976744187,0.05193152984142202
728.8106312292359,0.053648055142748105
728.8305647840532,0.05533616029564625
728.8504983388705,0.05699200784411413
728.8704318936877,0.058612077301932845
728.890365448505,0.060193125739883224
728.9102990033223,0.06173215533914579
728.9302325581397,0.06322638664578255
728.9501661129568,0.06467323649235295
728.9700996677742,0.06607029974424626
728.9900332225914,0.06741533418516495
729.0099667774086,0.06870624798371014
729.029900332226,0.06994108928662791
729.0498338870432,0.07111803756797877
729.0697674418606,0.07223539643108544
729.0897009966777,0.07329158761520004
729.1096345514951,0.07428514600287502
729.1295681063124,0.07521471546050963
729.1495016611296,0.07607904537358148
729.1694352159469,0.07687698776227712
729.1893687707641,0.07760749488279896
729.2093023255815,0.07826961723586315
729.2292358803987,0.0788625019172355
729.249169435216,0.07938539125635682
729.2691029900333,0.07983762169827477
729.2890365448505,0.08021862289209132
729.3089700996678,0.08052791695566572
729.3289036544851,0.08076511789206377
729.3488372093024,0.0809299311382607
729.3687707641196,0.08102215323087587
729.3887043189369,0.08104167157777983
729.4086378737542,0.08098846432790067
729.4285714285716,0.08086260033505831
729.4485049833887,0.08066423921482528
729.4684385382061,0.08039363149674038
729.4883720930233,0.0800511188774669
729.5083056478405,0.07963713458393935
729.5282392026579,0.07915220385930943
729.5481727574751,0.07859694458857498
729.5681063122925,0.0779720680854205
729.5880398671096,0.07727838006692145
729.607973421927,0.07651678184903848
729.6279069767443,0.07568827180269107
729.6478405315615,0.07479394711883597
729.6677740863788,0.07383500594071565
729.687707641196,0.07281274993365712
729.7076411960134,0.07172858737709698
729.7275747508306,0.07058403688103526
729.7475083056479,0.06938073185056651
729.7674418604652,0.06812042584793256
729.7873754152824,0.06680499903371033
729.8073089700997,0.06543646590787573
729.827242524917,0.06401698461978281
729.8471760797343,0.0625488681760487
729.8671096345515,0.06103459794881742
729.8870431893688,0.05947683997845891
729.9069767441861,0.05787846467715088
729.9269102990033,0.05624257067877511
729.9468438538206,0.054572513750566584
729.966777408638,0.052871941888955463
729.9867109634552,0.051144837970116264
730.0066445182725,0.04939557161800401
730.0265780730897,0.04762896228488124
730.046511627907,0.04585035589732983
730.0664451827244,0.04406571776693555
730.0863787375415,0.042281744723554844
730.1063122923589,0.040505999454439924
730.126245847176,0.03874706956701514
730.1461794019934,0.03701475249586894
730.1661129568107,0.03532026433805596
730.186046511628,0.03367646495430357
730.2059800664452,0.03209808175217146
730.2259136212624,0.030601898791182944
730.2458471760798,0.029206855034950355
730.2657807308971,0.027933966751541257
730.2857142857143,0.026805960614529774
730.3056478405316,0.02584649170167672
730.3255813953489,0.025078850908085766
730.3455149501661,0.024524168507820188
730.3654485049834,0.02419930141066259
730.3853820598007,0.0241148005109067
730.405315614618,0.024273475731406327
730.4252491694352,0.024669991400151782
730.4451827242525,0.02529162312931679
730.4651162790699,0.02611993429788689
730.485049833887,0.02713288714798658
730.5049833887044,0.028306890831690874
730.5249169435216,0.02961845183973258
730.5448504983389,0.031045302250512757
730.5647840531562,0.032567039795799176
730.5847176079734,0.03416539117890951
730.6046511627908,0.0358242238056603
730.624584717608,0.03752941134340117
730.6445182724253,0.039268628769386096
730.6644518272426,0.04103112524390319
730.6843853820599,0.04280750254814134
730.7043189368771,0.04458951303728651
730.7242524916943,0.0463698826104042
730.7441860465117,0.04814215943222618
730.764119601329,0.04990058671143796
730.7840531561462,0.051639996794150454
730.8039867109635,0.05335572355599031
730.8239202657808,0.05504353019614168
730.843853820598,0.05669954983464688
730.8637873754153,0.05832023667052216
730.8837209302326,0.05990232581134858
730.9036544850499,0.06144280020594601
730.9235880398671,0.06293886339046159
730.9435215946844,0.06438791699345442
730.9634551495017,0.06578754214057524
730.9833887043189,0.06713548405921331
731.0033222591363,0.06842963931401301
731.0232558139535,0.06966804520940058
731.0431893687709,0.07084887098108826
731.063122923588,0.07197041046742865
731.0830564784053,0.07303107600754395
731.1029900332227,0.0740293933584769
731.1229235880398,0.07496399746044193
731.1428571428572,0.07583362890919033
731.1627906976744,0.0766371310190112
731.1827242524918,0.0773734473798797
731.202657807309,0.07804161982888021
731.2225913621263,0.07864078676947714
731.2425249169436,0.07917018178373418
731.2624584717607,0.07962913249182893
731.2823920265781,0.08001705962136706
731.3023255813954,0.0803334762556339
731.3222591362127,0.08057798723572333
731.3421926910299,0.08075028869662089
731.3621262458472,0.08085016772151485
731.3820598006645,0.08087750210292188
731.4019933554819,0.08083226020245952
731.421926910299,0.08071450090481246
731.4418604651163,0.08052437366457549
731.4617940199336,0.08026211864782973
731.4817275747508,0.07992806697382024
731.5016611295682,0.07952264106522948
731.5215946843854,0.07904635511954156
731.5415282392028,0.07849981571781639
731.5614617940199,0.07788372259184624
731.5813953488372,0.07719886957571377
731.6013289036546,0.07644614577391107
731.6212624584717,0.07562653698492933
731.6411960132891,0.07474112742761602
731.6611295681063,0.07379110182728454
731.6810631229237,0.07277774793034322
731.7009966777409,0.0717024595303318
731.7209302325582,0.07056674010527837
731.7408637873755,0.06937220718724488
731.7607973421926,0.06812059761027359
731.78073089701,0.0668137738141123
731.8006644518273,0.06545373141939859
731.8205980066446,0.06404260833720868
731.8405315614618,0.06258269573405188
731.8604651162791,0.06107645124544126
731.8803986710964,0.059526514920073735
731.9003322259138,0.05793572848666885
731.9202657807309,0.05630715867074854
731.9401993355482,0.05464412545498214
731.9601328903655,0.05295023637854707
731.9800664451827,0.05122942821420704
732.0000000000001,0.04948601764827712
732.0199335548173,0.04772476291605333
732.0398671096347,0.04595093870064801
732.0598006644518,0.044170426952068555
732.0797342192692,0.04238982655544754
732.0996677740865,0.040616584836660655
732.1196013289036,0.038859153497345596
732.139534883721,0.03712717030411372
732.1594684385382,0.03543166504537942
732.1794019933556,0.03378528288878206
732.1993355481728,0.03220250890186469
732.2192691029901,0.030699862467344644
732.2392026578074,0.029296008340159392
732.2591362126246,0.028011702828358635
732.2790697674419,0.026869464638469242
732.2990033222592,0.02589284481758301
732.3189368770765,0.02510519442109174
732.3388704318937,0.024527921742075433
732.358803986711,0.024178403904368154
732.3787375415283,0.024067927365899293
732.3986710963457,0.02420016856358148
732.4186046511628,0.024570666623097582
732.4385382059802,0.025167458358577397
732.4584717607974,0.02597267159893516
732.4784053156146,0.02696460894877242
732.498338870432,0.028119816790923492
732.5182724252492,0.029414783781529803
732.5382059800666,0.030827123203577143
732.5581395348837,0.03233625975799799
732.5780730897011,0.03392372705123407
732.5980066445184,0.03557320118607339
732.6179401993356,0.037270378499563314
732.6378737541529,0.03900277614322579
732.6578073089701,0.04075950638279414
732.6777408637874,0.04253105417947286
732.6976744186047,0.04430907318400967
732.717607973422,0.04608620635041998
732.7375415282393,0.04785593229350059
732.7574750830565,0.049612435887250776
732.7774086378738,0.051350500441113084
732.7973421926911,0.053065418453286904
732.8172757475083,0.05475291802885131
732.8372093023256,0.05640910233470466
732.8571428571429,0.05803039981595713
732.8770764119602,0.0596135232522171
732.8970099667774,0.06115543605656248
732.9169435215947,0.06265332450268016
732.9368770764121,0.06410457480474693
732.9568106312292,0.06550675417332463
732.9767441860465,0.0668575951335087
732.9966777408638,0.06815498252458925
733.0166112956811,0.06939694270806075
733.0365448504984,0.0705816345983562
733.0564784053156,0.0717073422009742
733.076411960133,0.07277246840001803
733.0963455149501,0.07377552978336997
733.1162790697675,0.0747151523312135
733.1362126245848,0.07559006782435265
733.156146179402,0.07639911085359266
733.1760797342193,0.0771412163319509
733.1960132890365,0.0778154174282934
733.2159468438539,0.07842084385482243
733.2358803986712,0.07895672045238437
733.2558139534884,0.07942236602722458
733.2757475083057,0.07981719240084229
733.295681063123,0.08014070364155382
733.3156146179402,0.08039249545209926
733.3355481727575,0.08057225469292513
733.3554817275748,0.08067975902504756
733.375415282392,0.08071487666052975
733.3953488372093,0.08067756621228037
733.4152823920266,0.08056787663813508
733.435215946844,0.08038594727770322
733.4551495016611,0.08013200798347807
733.4750830564785,0.07980637935107164
733.4950166112957,0.07940947305691513
733.514950166113,0.07894179231520354
733.5348837209303,0.07840393247017204
733.5548172757475,0.07779658174389832
733.5747508305649,0.07712052216525164
733.594684385382,0.07637663071116557
733.6146179401994,0.07556588069841226
733.6345514950167,0.07468934347210171
733.654485049834,0.0737481904466402
733.6744186046512,0.07274369556642314
733.6943521594684,0.07167723826729713
733.7142857142858,0.0705503070365872
733.734219269103,0.06936450368983814
733.7541528239203,0.06812154850719525
733.7740863787376,0.06682328640280795
733.7940199335549,0.06547169433800518
733.8139534883721,0.06406889023504937
733.8338870431894,0.0626171437050043
733.8538205980067,0.061118888973575716
733.873754152824,0.059576740475446276
733.8936877076412,0.05799351169491734
733.9136212624585,0.05637223796264919
733.9335548172758,0.054716204080646855
733.953488372093,0.05302897784482609
733.9734219269104,0.051314450772564676
733.9933554817276,0.04957688762360891
734.0132890365448,0.047820986625139124
734.0332225913621,0.04605195266424782
734.0531561461794,0.04427558606176427
734.0730897009968,0.042498389825567695
734.0930232558139,0.040727698371621636
734.1129568106313,0.0389718303695069
734.1328903654485,0.03724026722341899
734.1528239202659,0.035543856100469444
734.1727574750831,0.03389503138557602
734.1926910299003,0.032308039599749025
734.2126245847177,0.03079913851018444
734.2325581395348,0.02938672000629162
734.2524916943522,0.02809127866273576
734.2724252491695,0.026935118639910476
734.2923588039868,0.02594167402285403
734.312292358804,0.02513433617583635
734.3322259136213,0.02453476611260626
734.3521594684386,0.02416083459150599
734.3720930232558,0.024024541973395708
734.3920265780731,0.02413042040305181
734.4119601328904,0.024474886661858715
734.4318936877077,0.02504675355446883
734.4518272425249,0.025828734917387755
734.4717607973423,0.026799496144984645
734.4916943521595,0.027935739825415185
734.5116279069769,0.02921395037676663
734.531561461794,0.030611630525779702
734.5514950166113,0.03210803588054214
734.5714285714287,0.033684507913235816
734.5913621262458,0.03532453058024547
734.6112956810632,0.03701362110372349
734.6312292358804,0.03873913665179848
734.6511627906978,0.04049005040203852
734.671096345515,0.04225672844521922
734.6910299003323,0.04403072390013382
734.7109634551496,0.0458045951936416
734.7308970099667,0.04757175004564607
734.7508305647841,0.049326313865029156
734.7707641196014,0.05106301998103343
734.7906976744187,0.052777118729964864
734.8106312292359,0.054464302471728884
734.8305647840532,0.05612064388004858
734.8504983388705,0.05774254519795715
734.8704318936879,0.05932669650481128
734.890365448505,0.06087004136837824
734.9102990033223,0.06236974854215542
734.9302325581396,0.06382318861117409
734.9501661129568,0.06522791469192585
734.9700996677742,0.0665816464580824
734.9900332225914,0.06788225689952
735.0099667774087,0.06912776133190345
735.0299003322259,0.07031630826341684
735.0498338870432,0.07144617179704693
735.0697674418606,0.07251574530541777
735.0897009966777,0.07352353616214896
735.1096345514951,0.0744681613522396
735.1295681063123,0.07534834381512262
735.1495016611296,0.07616290939941919
735.1694352159469,0.07691078432937323
735.1893687707642,0.0775909931000493
735.2093023255815,0.07820265673241614
735.2292358803986,0.07874499133133048
735.249169435216,0.07921730689909237
735.2691029900333,0.07961900636558093
735.2890365448505,0.07994958480279704
735.3089700996678,0.08020862879782951
735.3289036544851,0.08039581596314078
735.3488372093024,0.08051091456784004
735.3687707641197,0.08055378327755014
735.3887043189369,0.08052437099406111
735.4086378737542,0.0804227167896462
735.4285714285714,0.080248949933934
735.4485049833887,0.0800032900145835
735.4684385382061,0.07968604715632921
735.4883720930233,0.07929762234614783
735.5083056478406,0.07883850787614388
735.5282392026578,0.07830928791955562
735.5481727574752,0.07771063925963813
735.5681063122925,0.07704333219637698
735.5880398671096,0.07630823166152187
735.607973421927,0.07550629857921708
735.6279069767442,0.07463859151744522
735.6478405315615,0.07370626868481349
735.6677740863788,0.07271059033845592
735.6877076411961,0.07165292168240063
735.7076411960134,0.07053473635194604
735.7275747508306,0.0693576205996946
735.7475083056479,0.0681232783228712
735.7674418604652,0.06683353710149766
735.7873754152824,0.06549035545328996
735.8073089700997,0.0640958315561327
735.827242524917,0.0626522137444454
735.8471760797343,0.061161913154115274
735.8671096345515,0.05962751897535534
735.8870431893688,0.05805181687748784
735.9069767441862,0.056437811298319804
735.9269102990033,0.05478875244934136
735.9468438538206,0.05310816908062966
735.9667774086379,0.05139990828223552
735.9867109634552,0.04966818387430271
736.0066445182725,0.04791763525574212
736.0265780730897,0.04615339893021826
736.0465116279071,0.0443811952803644
736.0664451827242,0.04260743345566456
736.0863787375416,0.04083933735806082
736.1063122923589,0.039085095437669824
736.126245847176,0.037354035978936724
736.1461794019934,0.03565682715864914
736.1661129568106,0.03400569645426695
736.186046511628,0.03241465564397107
736.2059800664452,0.03089970403244801
736.2259136212625,0.029478962206512225
736.2458471760798,0.02817266162969729
736.265780730897,0.027002885933462117
736.2857142857143,0.02599294006684622
736.3056478405316,0.02516623662180626
736.3255813953489,0.024544664553046765
736.3455149501661,0.02414656164342439
736.3654485049834,0.023984619761260335
736.3853820598007,0.024064214660506594
736.4053156146181,0.024382642213667226
736.4252491694352,0.024929504928478
736.4451827242525,0.025688123740546173
736.4651162790698,0.026637549369812705
736.485049833887,0.027754660044655977
736.5049833887044,0.02901595010931772
736.5249169435216,0.030398820483486383
736.544850498339,0.03188236200207342
736.5647840531561,0.03344772521424367
736.5847176079735,0.03507820122746421
736.6046511627908,0.036759126430171096
736.624584717608,0.03847769586802864
736.6445182724253,0.040222741428904946
736.6644518272425,0.041984508261538135
736.6843853820599,0.0437544470991954
736.7043189368771,0.04552503023289546
736.7242524916944,0.04728959311795199
736.7441860465117,0.04904220054581168
736.764119601329,0.0507775349031236
736.7840531561462,0.05249080356385083
736.8039867109635,0.0541776624783446
736.8239202657808,0.05583415327600277
736.843853820598,0.05745665154040028
736.8637873754153,0.0590418242707442
736.8837209302326,0.060586594873553806
736.9036544850499,0.06208811431910683
736.9235880398671,0.06354373734412373
736.9435215946845,0.06495100278827616
736.9634551495017,0.06630761732152986
736.9833887043189,0.06761144195756394
737.0033222591362,0.06886048086097929
737.0232558139535,0.07005287204668562
737.0431893687709,0.07118687964372106
737.063122923588,0.07226088745514704
737.0830564784054,0.07327339359378791
737.1029900332226,0.07422300601299915
737.12292358804,0.07510843878318534
737.1428571428572,0.07592850899094382
737.1627906976744,0.07668213415887895
737.1827242524918,0.07736833010163531
737.2026578073089,0.07798620914801148
737.2225913621263,0.07853497867112848
737.2425249169436,0.07901393987842355
737.2624584717609,0.07942248682168172
737.2823920265781,0.07976010559437312
737.3023255813953,0.08002637368969061
737.3222591362127,0.08022095949773835
737.3421926910299,0.08034362192511314
737.3621262458472,0.08039421012398656
737.3820598006645,0.08037266332171923
737.4019933554817,0.08027901074530508
737.421926910299,0.08011337163835636
737.4418604651164,0.0798759553714503
737.4617940199336,0.07956706165005716
737.4817275747508,0.07918708082742242
737.5016611295681,0.07873649433355755
737.5215946843854,0.07821587523528485
737.5415282392028,0.07762588894658629
737.5614617940199,0.07696729411351262
737.5813953488373,0.07624094370352667
737.6013289036545,0.0754477863356277
737.6212624584718,0.07458886789553458
737.6411960132891,0.07366533348925011
737.6611295681063,0.07267842979935263
737.6810631229237,0.07162950792160101
737.7009966777408,0.07052002677541304
737.7209302325582,0.06935155720113066
737.7408637873755,0.06812578688081247
737.7607973421927,0.06684452624813221
737.78073089701,0.06550971558861374
737.8006644518273,0.06412343357533566
737.8205980066446,0.06268790753915922
737.8405315614618,0.0612055258394366
737.8604651162791,0.05967885278356458
737.8803986710964,0.05811064664595026
737.9003322259136,0.056503881462373826
737.9202657807309,0.05486177343055644
737.9401993355483,0.05318781293606667
737.9601328903655,0.051485803450205474
737.9800664451828,0.04975990881703287
738.0,0.04801471075875346
738.0199335548173,0.04625527877427017
738.0398671096347,0.044487254958568395
738.0598006644518,0.04271695657414327
738.0797342192692,0.040951499350307834
738.0996677740864,0.03919894427002827
738.1196013289037,0.03746846967828522
738.139534883721,0.035770568335474304
738.1594684385383,0.03411726464901299
738.1794019933556,0.03252233946237408
738.1993355481727,0.0310015368518859
738.2192691029901,0.029572707868086263
738.2392026578074,0.028255819859497225
738.2591362126246,0.02707273051875952
738.2790697674419,0.026046604226595247
738.2990033222592,0.0252008564967876
738.3189368770765,0.024557580001506516
738.3388704318938,0.024135552975263336
738.358803986711,0.023948135738082445
738.3787375415283,0.02400153430775947
738.3986710963455,0.024293923654877835
738.4186046511628,0.02481570857632846
738.4385382059802,0.025550837666809687
738.4584717607974,0.026478769564775118
738.4784053156147,0.027576578008924706
738.4983388704319,0.02882078199923437
738.5182724252492,0.030188689917791285
738.5382059800666,0.03165923254194337
738.5581395348837,0.033213370970440345
738.5780730897011,0.03483420290987473
738.5980066445183,0.036506882268197205
738.6179401993356,0.038218439851977724
738.6378737541529,0.03995756405180974
738.6578073089702,0.0417143769825631
738.6777408637874,0.04348022511245425
738.6976744186046,0.04524749296130238
738.717607973422,0.04700944232510973
738.7375415282393,0.048760076203300196
738.7574750830565,0.05049402505830225
738.7774086378738,0.05220645248504093
738.7973421926911,0.05389297734628941
738.8172757475083,0.055549609664622766
738.8372093023256,0.05717269789737578
738.8571428571429,0.05875888557588952
738.8770764119602,0.060305075623032695
738.8970099667774,0.061808400957417284
738.9169435215947,0.06326620024374702
738.936877076412,0.06467599785834366
738.9568106312292,0.06603548731191723
738.9767441860466,0.06734251751244427
738.9966777408638,0.06859508136580342
739.0166112956812,0.06979130630454818
739.0365448504983,0.07092944641051793
739.0564784053156,0.07200787585749242
739.076411960133,0.07302508344950799
739.0963455149501,0.07397966807047922
739.1162790697675,0.07487033489290619
739.1362126245847,0.07569589222039409
739.1561461794021,0.07645524885995807
739.1760797342193,0.07714741193817726
739.1960132890366,0.07777148508975357
739.2159468438539,0.07832666695940314
739.235880398671,0.07881224996782728
739.2558139534884,0.07922761930132505
739.2757475083057,0.07957225209171406
739.295681063123,0.07984571675914277
739.3156146179402,0.0800476724960818
739.3355481727575,0.08017786887502386
739.3554817275748,0.08023614556680557
739.3754152823922,0.0802224321600622
739.3953488372093,0.08013674807582119
739.4152823920266,0.07997920257465771
739.4352159468439,0.07974999485675796
739.4551495016611,0.07944941425889354
739.4750830564785,0.07907784055514527
739.4950166112957,0.07863574437226689
739.5149501661131,0.07812368773404504
739.5348837209302,0.0775423247534261
739.5548172757476,0.0768924024961117
739.5747508305649,0.07617476204467959
739.594684385382,0.07539033979887601
739.6146179401994,0.07454016905532182
739.6345514950166,0.07362538191875184
739.654485049834,0.07264721160784673
739.6744186046512,0.07160699523141888
739.6943521594685,0.07050617712658099
739.7142857142858,0.06934631286933805
739.7342192691029,0.0681290740911384
739.7541528239203,0.06685625426345107
739.7740863787376,0.06552977564691581
739.7940199335549,0.06415169764455417
739.8139534883721,0.06272422685118356
739.8338870431894,0.061249729156363814
739.8538205980067,0.05973074433864672
739.873754152824,0.05817000368840975
739.8936877076412,0.05657045131932658
739.9136212624585,0.05493526997905136
739.9335548172758,0.05326791235421247
739.953488372093,0.05157213908704807
739.9734219269103,0.04985206498618772
739.9933554817276,0.04811221522110845
740.013289036545,0.04635759363153832
740.0332225913621,0.044593765635911116
740.0531561461795,0.04282695853472689
740.0730897009967,0.04106418217261868
740.0930232558139,0.039313372758383064
740.1129568106313,0.03758356181586026
740.1328903654485,0.03588507020533484
740.1528239202659,0.03422972306133166
740.172757475083,0.032631074099634484
740.1926910299004,0.031104615473529888
740.2126245847177,0.029667930651275203
740.232558139535,0.02834072221511546
740.2524916943522,0.027144617058656777
740.2724252491694,0.026102628286541377
740.2923588039868,0.025238156806453686
740.312292358804,0.024573475374609986
740.3322259136213,0.024127776206738775
740.3521594684386,0.02391506443385548
740.3720930232558,0.02394236179595685
740.3920265780731,0.024208720940190644
740.4119601328905,0.02470536036541373
740.4318936877077,0.02541687628873224
740.4518272425249,0.026323157863574427
740.4717607973422,0.027401494616270856
740.4916943521595,0.02862844549302847
740.5116279069769,0.029981236137470866
740.531561461794,0.031438642394810166
740.5514950166114,0.03298143766037581
740.5714285714286,0.03459252584832504
740.5913621262459,0.0362568768180762
740.6112956810632,0.037961355046735694
740.6312292358804,0.0396945032161708
740.6511627906978,0.04144631829617671
740.6710963455149,0.043208040584762006
740.6910299003323,0.0449719651682873
740.7109634551496,0.0467312787634114
740.7308970099668,0.04847992138031114
740.7508305647841,0.05021247055601165
740.7707641196014,0.05192404527306242
740.7906976744187,0.05361022661472328
740.8106312292359,0.05526699242267051
740.8305647840532,0.056890663551586694
740.8504983388705,0.05847785966925384
740.8704318936877,0.060025462885848826
740.890365448505,0.06153058779438869
740.9102990033224,0.06299055675919556
740.9302325581396,0.06440287950282926
740.9501661129568,0.06576523621793358
740.9700996677741,0.06707546357442688
740.9900332225914,0.06833154310939159
741.0099667774087,0.06953159158187198
741.0299003322259,0.07067385295135925
741.0498338870433,0.07175669170099237
741.0697674418604,0.07277858727658126
741.0897009966778,0.07373812945342485
741.1096345514951,0.07463401447605167
741.1295681063123,0.07546504184293065
741.1495016611296,0.07623011163045218
741.1694352159468,0.0769282222684657
741.1893687707642,0.07755846869470437
741.2093023255815,0.07812004082780742
741.2292358803987,0.07861222230893704
741.249169435216,0.07903438947065937
741.2691029900333,0.07938601049902656
741.2890365448505,0.07966664476113368
741.3089700996678,0.07987594227561104
741.3289036544851,0.08001364330838824
741.3488372093024,0.08007957808012686
741.3687707641196,0.08007366657546935
741.3887043189369,0.07999591844785922
741.4086378737543,0.07984643301678208
741.4285714285714,0.07962539935773214
741.4485049833888,0.07933309648826
741.468438538206,0.07896989365676522
741.4883720930233,0.07853625074443257
741.5083056478406,0.07803271879414468
741.5282392026578,0.07745994068479983
741.5481727574752,0.07681865197394781
741.5681063122923,0.07610968193725366
741.5880398671097,0.0753339548395634
741.607973421927,0.07449249147986077
741.6279069767443,0.07358641106113503
741.6478405315615,0.07261693344679074
741.6677740863787,0.07158538187779848
741.6877076411961,0.07049318624014979
741.7076411960134,0.06934188699060005
741.7275747508306,0.06813313987146195
741.7475083056479,0.06686872157261652
741.7674418604652,0.06555053653304518
741.7873754152824,0.0641806251157822
741.8073089700997,0.06276117344167251
741.827242524917,0.061294525230853686
741.8471760797343,0.05978319607942682
741.8671096345515,0.05822989069578479
741.8870431893688,0.05663752374075094
741.9069767441861,0.0550092450628696
741.9269102990033,0.05334847030012381
741.9468438538207,0.05165891803688771
741.9667774086379,0.04994465496477108
741.9867109634552,0.048210150797675815
742.0066445182724,0.04646034502945833
742.0265780730897,0.04470072797462433
742.0465116279071,0.04293743885131715
742.0664451827242,0.04117738385513518
742.0863787375416,0.03942837705532409
742.1063122923588,0.03769930621139293
742.1262458471762,0.0360003237418233
742.1461794019934,0.034343059262973825
742.1661129568106,0.0327408431637993
742.186046511628,0.031208919041620122
742.2059800664451,0.02976460490920112
742.2259136212625,0.028427338263353745
742.2458471760798,0.027218510864770513
742.2657807308971,0.026160974540850833
742.2857142857143,0.025278098842834183
742.3056478405316,0.02459231359791735
742.3255813953489,0.02412319869710786
742.3455149501661,0.02388537993195877
742.3654485049834,0.023886679080847014
742.3853820598007,0.0241270236227248
742.405315614618,0.02459845595509014
742.4252491694352,0.025286239219229904
742.4451827242526,0.02617071562774666
742.4651162790698,0.027229411148518824
742.4850498338872,0.0284389405189881
742.5049833887043,0.02977645698152434
742.5249169435216,0.0312205869983795
742.544850498339,0.0327519182961814
742.5647840531561,0.03435316077588115
742.5847176079735,0.03600909876587936
742.6046511627907,0.03770642835406139
742.6245847176081,0.03943354430045822
742.6445182724253,0.04118031630030478
742.6644518272426,0.04293787655083108
742.6843853820599,0.04469842901580294
742.704318936877,0.04645508388687008
742.7242524916944,0.04820171696476226
742.7441860465117,0.049932851839975666
742.764119601329,0.051643562032429535
742.7840531561462,0.053329390139726554
742.8039867109635,0.05498628123671275
742.8239202657808,0.056610528089201
742.843853820598,0.058198726097565164
742.8637873754153,0.05974773622348601
742.8837209302326,0.06125465445479574
742.9036544850499,0.06271678662241165
742.9235880398671,0.06413162760072325
742.9435215946844,0.06549684410213183
742.9634551495017,0.0668102604232834
742.983388704319,0.06806984661996714
743.0033222591362,0.06927370868435644
743.0232558139536,0.07042008037661682
743.0431893687708,0.0715073164262424
743.063122923588,0.07253388686982522
743.0830564784054,0.07349837233358611
743.1029900332226,0.07439946010270168
743.12292358804,0.07523594084724498
743.1428571428571,0.07600670589686537
743.1627906976745,0.07671074497500988
743.1827242524918,0.0773471443185227
743.2026578073089,0.07791508512139153
743.2225913621263,0.07841384225151564
743.2425249169435,0.0788427831985027
743.2624584717609,0.07920136721771594
743.2823920265781,0.07948914464222634
743.3023255813954,0.07970575633973088
743.3222591362127,0.07985093329620858
743.3421926910299,0.07992449631237965
743.3621262458472,0.07992635580274322
743.3820598006645,0.07985651169051274
743.4019933554817,0.07971505339509978
743.421926910299,0.07950215991196669
743.4418604651163,0.07921809998787106
743.4617940199336,0.07886323239794345
743.481727574751,0.07843800633431196
743.5016611295681,0.07794296191992642
743.5215946843855,0.07737873086533671
743.5415282392026,0.07674603729081306
743.5614617940199,0.07604569874165194
743.5813953488373,0.07527862743059245
743.6013289036545,0.07444583174881199
743.6212624584718,0.0735484180952619
743.641196013289,0.07258759308474609
743.6611295681064,0.07156466620732135
743.6810631229237,0.07048105302657061
743.7009966777409,0.06933827902245966
743.7209302325582,0.06813798420654758
743.7408637873754,0.06688192866428093
743.7607973421927,0.06557199921224667
743.78073089701,0.06421021739898095
743.8006644518273,0.06279874912808522
743.8205980066446,0.06133991624441402
743.8405315614618,0.059836210500710474
743.8604651162791,0.05829031041666592
743.8803986710965,0.05670510165916419
743.9003322259136,0.055083701716207814
743.9202657807309,0.053429489812483646
743.9401993355482,0.05174614322776501
743.9601328903655,0.050037681433328124
743.9800664451828,0.04830851975850575
744.0,0.04656353463315801
744.0199335548174,0.04480814280292218
744.0398671096345,0.04304839723892768
744.0598006644519,0.041291102672101405
744.0797342192692,0.03954395360932234
744.0996677740864,0.03781569704174406
744.1196013289037,0.03611632034596319
744.1395348837209,0.03445726133054992
744.1594684385383,0.03285163084763944
744.1794019933556,0.03131442735861624
744.1993355481728,0.02986270570600453
744.2192691029901,0.02851563829417281
744.2392026578074,0.02729437792033658
744.2591362126246,0.02622160582097398
744.2790697674419,0.02532064421554658
744.2990033222592,0.02461405763609255
744.3189368770765,0.02412178756660189
744.3388704318937,0.023859055874157938
744.358803986711,0.02383446760730055
744.3787375415284,0.024048820819967873
744.3986710963455,0.0244949907500529
744.4186046511628,0.025158926039579806
744.4385382059801,0.02602144439458582
744.4584717607974,0.027060329221614523
744.4784053156147,0.02825226744020325
744.4983388704319,0.02957435077421367
744.5182724252493,0.031005062289408563
744.5382059800664,0.03252480637964921
744.5581395348838,0.03411609889325822
744.5780730897011,0.035763537238074315
744.5980066445183,0.037453647087958356
744.6179401993356,0.03917467306881582
744.6378737541528,0.04091635545462762
744.6578073089702,0.042669716386254504
744.6777408637874,0.04442686698871689
744.6976744186047,0.046180839457106104
744.717607973422,0.04792544413916947
744.7375415282393,0.04965514963745093
744.7574750830565,0.051364983141713345
744.7774086378738,0.05305044804323632
744.7973421926911,0.05470745605202549
744.8172757475083,0.056332271348748436
744.8372093023256,0.05792146465422044
744.8571428571429,0.05947187543890037
744.8770764119602,0.060980580800080904
744.8970099667774,0.06244486979743636
744.9169435215948,0.06386222225875665
744.936877076412,0.06523029125058544
744.9568106312292,0.0665468885581846
744.9767441860465,0.06780997264101946
744.9966777408638,0.06901763862889741
745.0166112956812,0.070168110003756
745.0365448504983,0.07125973167673663
745.0564784053157,0.07229096422275066
745.0764119601329,0.07326037907706226
745.0963455149503,0.07416665453291708
745.1162790697675,0.07500857240753889
745.1362126245847,0.07578501526664828
745.1561461794021,0.0764949641165387
745.1760797342192,0.07713749648832202
745.1960132890366,0.07771178485177745
745.2159468438539,0.07821709530688901
745.2358803986712,0.07865278651019193
745.2558139534884,0.07901830880048784
745.2757475083057,0.07931320349500207
745.295681063123,0.07953710233248512
745.3156146179402,0.07968972704467912
745.3355481727575,0.0797708890416986
745.3554817275748,0.07978048920077098
745.375415282392,0.07971851775134141
745.3953488372093,0.07958505425275833
745.4152823920267,0.07938026766408837
745.4352159468439,0.07910441650874415
745.4551495016611,0.0787578491398538
745.4750830564784,0.07834100411591904
745.4950166112957,0.07785441069972389
745.5149501661131,0.07729868949793586
745.5348837209302,0.07667455326310398
745.5548172757476,0.07598280788526647
745.5747508305648,0.07522435360637737
745.5946843853822,0.07440018649798623
745.6146179401994,0.07351140025093468
745.6345514950166,0.07255918833618148
745.654485049834,0.07154484660765005
745.6744186046511,0.07046977643288914
745.6943521594685,0.06933548845484153
745.7142857142858,0.0681436071097329
745.734219269103,0.06689587605232891
745.7541528239203,0.06559416467219946
745.7740863787376,0.06424047592438996
745.7940199335549,0.06283695574679024
745.8139534883721,0.06138590439701256
745.8338870431894,0.05988979011637122
745.8538205980067,0.058351265620646305
745.873754152824,0.05677318803163343
745.8936877076412,0.055158643003192454
745.9136212624585,0.05351097396759746
745.9335548172758,0.05183381763572322
745.9534883720931,0.05013114713409802
745.9734219269103,0.04840732445302624
745.9933554817276,0.046667164209572266
746.0132890365448,0.044916011078963994
746.0332225913621,0.043159833577364186
746.0531561461795,0.04140533710520941
746.0730897009967,0.039660099127752174
746.093023255814,0.03793272880349369
746.1129568106312,0.036233051808556224
746.1328903654486,0.034572317808035706
746.1528239202659,0.03296342189210832
746.172757475083,0.031421120850892076
746.1926910299004,0.029962208786852573
746.2126245847176,0.028605593297765984
746.232558139535,0.027372184867249367
746.2524916943522,0.026284485494954143
746.2724252491695,0.025365754863256585
746.2923588039868,0.02463867051283867
746.312292358804,0.02412350971787997
746.3322259136213,0.023836065475911078
746.3521594684386,0.02378570831396884
746.3720930232558,0.02397410120848994
746.3920265780731,0.0243949598904443
746.4119601328904,0.02503493629120814
746.4318936877077,0.02587534587526557
746.451827242525,0.026894250791922848
746.4717607973422,0.02806842706880972
746.4916943521596,0.029374916345640607
746.5116279069767,0.03079206472886707
746.531561461794,0.03230009593047808
746.5514950166114,0.033881331899097415
746.5714285714286,0.035520181832964064
746.5913621262459,0.03720299900683565
746.6112956810631,0.03891787570360409
746.6312292358805,0.04065442061335857
746.6511627906978,0.04240354384042668
746.6710963455149,0.044157261927855344
746.6910299003323,0.04590852757649727
746.7109634551495,0.04765108441389025
746.7308970099668,0.049379344992562656
746.7508305647841,0.05108828928696559
746.7707641196014,0.052773380746597535
746.7906976744187,0.05443049710625989
746.8106312292359,0.056055873454946385
746.8305647840532,0.05764605541322359
746.8504983388705,0.05919786061057049
746.8704318936877,0.060708346962527616
746.890365448505,0.06217478651474843
746.9102990033223,0.06359464384586326
746.9302325581396,0.0649655582074938
746.9501661129569,0.0662853287324229
746.9700996677741,0.0675519021662106
746.9900332225915,0.06876336267860875
747.0099667774086,0.06991792339246015
747.0299003322259,0.07101391933417277
747.0498338870433,0.07204980156298
747.0697674418604,0.07302413227993375
747.0897009966778,0.07393558075247508
747.109634551495,0.074782919919394
747.1295681063124,0.07556502356416542
747.1495016611296,0.07628086396420468
747.1694352159469,0.07692950993900476
747.1893687707642,0.0775101252336356
747.2093023255813,0.078021967184589
747.2292358803987,0.07846438562431171
747.249169435216,0.07883682198828214
747.2691029900333,0.07913880859513987
747.2890365448505,0.07936996807580882
747.3089700996678,0.07953001293260008
747.3289036544851,0.07961874521343391
747.3488372093025,0.0796360562902438
747.3687707641196,0.07958192673419666
747.3887043189369,0.07945642628363542
747.4086378737542,0.07925971390390273
747.4285714285714,0.07899203794142426
747.4485049833888,0.07865373637759367
747.468438538206,0.07824523719155894
747.4883720930234,0.07776705884455513
747.5083056478405,0.07721981090260514
747.5282392026579,0.07660419481877165
747.5481727574752,0.07592100490159677
747.5681063122923,0.07517112950205047
747.5880398671097,0.07435555245863615
747.6079734219269,0.07347535484829767
747.6279069767443,0.07253171710097712
747.6478405315615,0.07152592154715488
747.6677740863788,0.07045935548238659
747.6877076411961,0.069333514849775
747.7076411960134,0.0681500086626949
747.7275747508306,0.06691056431565275
747.7475083056479,0.06561703396278946
747.7674418604652,0.0642714021822741
747.7873754152824,0.06287579519273401
747.8073089700997,0.06143249194664544
747.827242524917,0.059943937498794946
747.8471760797343,0.058412759137620486
747.8671096345515,0.05684178587874158
747.8870431893688,0.055234072056560536
747.9069767441861,0.05359292591759311
747.9269102990033,0.0519219443225152
747.9468438538206,0.050225054908106005
747.9667774086379,0.048506567346299406
747.9867109634553,0.04677123566275565
748.0066445182724,0.04502433392498351
748.0265780730898,0.04327174794397101
748.046511627907,0.04152008587467301
748.0664451827242,0.03977681060601464
748.0863787375416,0.03805039633990947
748.1063122923588,0.03635051033485109
748.1262458471762,0.03468821772914731
748.1461794019933,0.033076201606716135
748.1661129568107,0.0315289805879589
748.186046511628,0.030063090597438218
748.2059800664452,0.028697174986404898
748.2259136212625,0.0274518990326152
748.2458471760797,0.026349577500281475
748.2657807308971,0.025413393092327523
748.2857142857143,0.024666115351451124
748.3056478405316,0.024128331871235833
748.3255813953489,0.02381638154811311
748.3455149501661,0.023740381636393207
748.3654485049834,0.023902853008856823
748.3853820598008,0.02429835822372247
748.405315614618,0.02491426944145006
748.4252491694352,0.025732421920004987
748.4451827242525,0.02673117812369734
748.4651162790698,0.02788742063619299
748.4850498338872,0.029178153004055556
748.5049833887043,0.03058159127518088
748.5249169435217,0.03207778145937747
748.5448504983389,0.033648851962181
748.5647840531562,0.03527902259167128
748.5847176079735,0.036954472283077605
748.6046511627907,0.03866313877356688
748.6245847176081,0.040394496992117994
748.6445182724252,0.04213934300216288
748.6644518272426,0.04388959699453349
748.6843853820599,0.04563813065174845
748.7043189368771,0.047378619589886865
748.7242524916944,0.049105419228345305
748.7441860465117,0.05081346142317312
748.764119601329,0.05249816893148119
748.7840531561462,0.05415538488989333
748.8039867109635,0.05578131477870835
748.8239202657808,0.05737247868889715
748.843853820598,0.058925672051954626
748.8637873754153,0.06043793330444201
748.8837209302326,0.06190651723022441
748.9036544850499,0.06332887295201346
748.9235880398671,0.06470262573387713
748.9435215946844,0.0660255619119874
748.9634551495017,0.06729561639785814
748.9833887043189,0.0685108623012093
749.0033222591362,0.06966950230303033
749.0232558139536,0.07076986147682339
749.0431893687708,0.07181038131060309
749.0631229235881,0.07278961472657625
749.0830564784053,0.07370622193126079
749.1029900332226,0.07455896695818988
749.12292358804,0.07534671478923406
749.1428571428571,0.07606842896010219
749.1627906976745,0.07672316957184107
749.1827242524917,0.07731009164335294
749.202657807309,0.07782844375113229
749.2225913621263,0.0782775669115974
749.2425249169436,0.07865689366925795
749.2624584717609,0.07896594736053789
749.282392026578,0.07920434152875452
749.3023255813954,0.07937177947072288
749.3222591362127,0.079468053899671
749.3421926910299,0.0794930467132983
749.3621262458472,0.07944672885905128
749.3820598006645,0.07932916029236681
749.4019933554817,0.07914049002654269
749.4219269102991,0.07888095627638465
749.4418604651163,0.0785508867007247
749.4617940199336,0.07815069875256968
749.4817275747508,0.07768090014905986
749.5016611295681,0.07714208947758025
749.5215946843855,0.07653495695868849
749.5415282392026,0.07586028539179174
749.56146179402,0.07511895131523959
749.5813953488372,0.07431192641948445
749.6013289036546,0.07344027926007311
749.6212624584718,0.07250517732687271
749.641196013289,0.07150788953757914
749.6611295681064,0.07044978923750639
749.6810631229235,0.06933235780454301
749.7009966777409,0.06815718897882647
749.7209302325582,0.06692599406179059
749.7408637873755,0.0656406081599755
749.7607973421927,0.06430299768703772
749.78073089701,0.06291526938378822
749.8006644518273,0.061479681173895614
749.8205980066446,0.05999865524369579
749.8405315614618,0.05847479382273321
749.8604651162791,0.05691089824979217
749.8803986710964,0.05530999204298221
749.9003322259136,0.05367534885594232
749.920265780731,0.05201052640120474
749.9401993355482,0.05031940766074536
749.9601328903656,0.04860625098465207
749.9800664451827,0.046875750999388274
750.0,0.045133112592641286
750.0199335548174,0.043384140578683034
750.0398671096345,0.04163534790394315
750.0598006644519,0.03989408529180563
750.0797342192691,0.03816869480479924
750.0996677740865,0.03646868850799089
750.1196013289037,0.0348049505807263
750.1395348837209,0.03318995583353595
750.1594684385383,0.031637988248265976
750.1794019933554,0.03016532825340941
750.1993355481728,0.02879035577005133
750.2192691029901,0.027533488413464265
750.2392026578074,0.026416846340119815
750.2591362126246,0.025463521585042868
750.2790697674419,0.024696355392159773
750.2990033222592,0.024136220584684842
750.3189368770765,0.023799976512140567
750.3388704318937,0.023698467511544558
750.358803986711,0.02383506397932035
750.3787375415283,0.02420518029201302
750.3986710963455,0.024796924870965777
750.4186046511629,0.025592674510703708
750.4385382059801,0.026571113789349933
750.4584717607975,0.027709249801013087
750.4784053156146,0.028984060550206893
750.4983388704319,0.030373639403208447
750.5182724252493,0.031857857990124604
750.5382059800664,0.03341865174540447
750.5581395348838,0.03504005002313471
750.578073089701,0.036708055528544704
750.5980066445184,0.038410449259533144
750.6179401993356,0.04013657019357498
750.6378737541529,0.0418770983253083
750.6578073089702,0.04362385569603299
750.6777408637873,0.04536963141923019
750.6976744186047,0.047108031783882835
750.717607973422,0.048833353971765074
750.7375415282393,0.05054048079910306
750.7574750830565,0.05222479356458487
750.7774086378738,0.0538821001708017
750.7973421926911,0.055508575961634804
750.8172757475083,0.057100715060202645
750.8372093023256,0.05865529033564751
750.8571428571429,0.06016932044221726
750.8770764119602,0.06164004264909159
750.8970099667774,0.06306489041200229
750.9169435215947,0.06444147483121089
750.936877076412,0.06576756929909348
750.9568106312294,0.06704109677030662
750.9767441860465,0.06826011919231044
750.9966777408639,0.06942282871945019
751.0166112956811,0.07052754040244436
751.0365448504983,0.07157268610096856
751.0564784053157,0.07255680941234204
751.0764119601329,0.07347856144572168
751.0963455149503,0.07433669730143014
751.1162790697674,0.07513007313921147
751.1362126245848,0.07585764373925992
751.1561461794021,0.07651846047631397
751.1760797342193,0.07711166964070737
751.1960132890366,0.07763651105149601
751.2159468438538,0.0780923169162391
751.2358803986712,0.07847851089992852
751.2558139534884,0.07879460737226858
751.2757475083057,0.07904021080831858
751.295681063123,0.07921501532239174
751.3156146179402,0.07931880431967958
751.3355481727575,0.07935145025376496
751.3554817275748,0.0793129144820397
751.375415282392,0.07920324721415854
751.3953488372093,0.07902258755210986
751.4152823920266,0.07877116362340453
751.4352159468439,0.07844929281248056
751.4551495016613,0.07805738209829816
751.4750830564784,0.0775959285102325
751.4950166112958,0.07706551971784496
751.514950166113,0.07646683477489423
751.5348837209302,0.07580064504268046
751.5548172757476,0.07506781532383011
751.5747508305648,0.07426930524421241
751.5946843853822,0.07340617092876668
751.6146179401993,0.07247956702642182
751.6345514950167,0.07149074915070132
751.654485049834,0.07044107681618747
751.6744186046512,0.06933201696768705
751.6943521594685,0.06816514821891037
751.7142857142857,0.06694216594218376
751.734219269103,0.0656648883806771
751.7541528239203,0.06433526399166473
751.7740863787376,0.06295538027479056
751.7940199335549,0.06152747439548668
751.8139534883721,0.06005394598309489
751.8338870431894,0.05853737256881955
751.8538205980067,0.0569805282345856
751.873754152824,0.05538640617416957
751.8936877076412,0.05375824602775896
751.9136212624585,0.052099567045605956
751.9335548172758,0.05041420837029889
751.953488372093,0.04870637800302645
751.9734219269103,0.04698071233491857
751.9933554817277,0.04524234846770438
752.0132890365448,0.043497011887136325
752.0332225913622,0.04175112232096689
752.0531561461794,0.040011920684326324
752.0730897009967,0.03828761965942048
752.093023255814,0.036587579283639614
752.1129568106312,0.0349225062950852
752.1328903654486,0.033304670937655156
752.1528239202657,0.03174812610855611
752.1727574750831,0.030268899530150318
752.1926910299004,0.02888510874867856
752.2126245847177,0.027616921674179756
752.232558139535,0.026486257088015677
752.2524916943521,0.025516103412026026
752.2724252491695,0.02472935400945673
752.2923588039868,0.024147142269999162
752.312292358804,0.023786822406797744
752.3322259136213,0.023659945369987542
752.3521594684386,0.023770721392577125
752.3720930232558,0.024115420297984306
752.3920265780731,0.024682901835526745
752.4119601328904,0.025456105724497545
752.4318936877077,0.026414060638070898
752.4518272425249,0.027533916623562832
752.4717607973422,0.028792639256688797
752.4916943521596,0.03016820708718505
752.5116279069767,0.03164032104482109
752.5315614617941,0.03319072439229981
752.5514950166113,0.03480325509130522
752.5714285714286,0.03646373778204966
752.5913621262459,0.03815979454193976
752.6112956810631,0.039880626195052504
752.6312292358805,0.04161679461629617
752.6511627906976,0.043360021873219676
752.671096345515,0.045103012932668454
752.6910299003323,0.046839303416208525
752.7109634551496,0.04856313114172798
752.7308970099668,0.050269328945536484
752.750830564784,0.05195323588614476
752.7707641196014,0.053610623983052025
752.7906976744187,0.05523763790507427
752.8106312292359,0.05683074536014885
752.8305647840532,0.05838669628316618
752.8504983388705,0.05990248923645024
752.8704318936877,0.061375343716383694
752.8903654485051,0.06280267729628966
752.9102990033223,0.06418208673265807
752.9302325581396,0.06551133232376104
752.9501661129568,0.06678832494189821
752.9700996677741,0.06801111526773863
752.9900332225915,0.06917788484217366
753.0099667774086,0.07028693862144673
753.029900332226,0.07133669877823323
753.0498338870432,0.07232569953746207
753.0697674418606,0.07325258287322194
753.0897009966778,0.07411609492345889
753.109634551495,0.0749150830041833
753.1295681063124,0.07564849312517717
753.1495016611295,0.07631536792603794
753.1694352159469,0.07691484496516354
753.1893687707642,0.07744615530582394
753.2093023255815,0.07790862235296955
753.2292358803987,0.07830166090264247
753.249169435216,0.07862477637244203
753.2691029900333,0.078877564187599
753.2890365448505,0.07905970930211723
753.3089700996678,0.0791709858388483
753.3289036544851,0.07921125683651892
753.3488372093024,0.07918047409516983
753.3687707641196,0.07907867811491345
753.388704318937,0.07890599812612288
753.4086378737542,0.07866265221242796
753.4285714285716,0.07834894753094508
753.4485049833887,0.07796528063764722
753.468438538206,0.0775121379293261
753.4883720930234,0.07699009621737797
753.5083056478405,0.07639982345318677
753.5282392026579,0.07574207962966327
753.5481727574751,0.07501771788919276
753.5681063122925,0.07422768587498842
753.5880398671097,0.07337302737052381
753.6079734219269,0.07245488428111399
753.6279069767443,0.07147449902272617
753.6478405315614,0.07043321739654368
753.6677740863788,0.06933249204395277
753.6877076411961,0.0681738865962843
753.7076411960134,0.06695908065762458
753.7275747508306,0.06568987578841595
753.7475083056479,0.06436820269358606
753.7674418604652,0.0629961298634678
753.7873754152824,0.061575873970361406
753.8073089700997,0.06010981239151616
753.827242524917,0.05860049831266529
753.8471760797343,0.05705067896969143
753.8671096345515,0.055463317713077255
753.8870431893688,0.05384162073587589
753.9069767441861,0.052189069496149286
753.9269102990035,0.05050946009348743
753.9468438538206,0.048806951130143376
753.9667774086379,0.047086121898122606
753.9867109634552,0.045352043073933854
754.0066445182724,0.04361036244357865
754.0265780730898,0.04186740845997865
754.046511627907,0.040130314534825226
754.0664451827244,0.038407166671590436
754.0863787375415,0.03670717598747399
754.1063122923589,0.03504087524600225
754.1262458471762,0.033420333801962764
754.1461794019933,0.03185937703828959
754.1661129568107,0.03037378285815702
754.1860465116279,0.02898140771069284
754.2059800664452,0.027702168150394457
754.2259136212625,0.026557775399485697
754.2458471760798,0.02557110205205775
754.2657807308971,0.02476507473770877
754.2857142857143,0.024161063218045845
754.3056478405316,0.023776890905484047
754.3255813953489,0.02362479413858595
754.3455149501661,0.023709812022636376
754.3654485049834,0.024029072079725718
754.3853820598007,0.024572199435525504
754.405315614618,0.025322717703877538
754.4252491694353,0.026260021769989414
754.4451827242525,0.027361423544904707
754.4651162790699,0.028603889851319026
754.485049833887,0.02996529278704718
754.5049833887043,0.031425166631823515
754.5249169435217,0.032965063515610724
754.5448504983389,0.034568629203673214
754.5647840531562,0.036221508497447895
754.5847176079734,0.03791116238838117
754.6046511627908,0.03962665133536568
754.6245847176081,0.041358417020412
754.6445182724253,0.043098079686193426
754.6644518272426,0.04483825854830538
754.6843853820598,0.04657241719552663
754.7043189368771,0.04829473293344563
754.7242524916944,0.049999987659354775
754.7441860465117,0.05168347739373062
754.764119601329,0.05334093761051143
754.7840531561462,0.054968481753584604
754.8039867109635,0.05656255065911742
754.8239202657808,0.05811987094816039
754.843853820598,0.05963742077509394
754.8637873754153,0.061112401600070865
754.8837209302326,0.06254221489409749
754.9036544850499,0.06392444288618168
754.9235880398671,0.06525683262696455
754.9435215946844,0.06653728277818176
754.9634551495018,0.067763832646797
754.9833887043189,0.06893465307139429
755.0033222591362,0.07004803884027963
755.0232558139535,0.07110240237881214
755.0431893687708,0.07209626849063287
755.0631229235881,0.07302826997572678
755.0830564784053,0.07389714397928776
755.1029900332227,0.07470172895085729
755.1229235880398,0.07544096211388951
755.1428571428572,0.07611387736299145
755.1627906976745,0.0767196035203089
755.1827242524917,0.07725736289403094
755.202657807309,0.07772647009187124
755.2225913621262,0.07812633105058178
755.2425249169436,0.07845644224938737
755.2624584717609,0.07871639008129826
755.2823920265781,0.07890585036125036
755.3023255813954,0.07902458795461312
755.3222591362127,0.07907245651360882
755.3421926910299,0.07904939831273673
755.3621262458472,0.07895544417783595
755.3820598006645,0.07879071350647475
755.4019933554817,0.07855541438075078
755.421926910299,0.07824984377657294
755.4418604651163,0.07787438787689047
755.4617940199337,0.07742952249998927
755.4817275747508,0.07691581365757691
755.5016611295682,0.07633391826189517
755.5215946843854,0.07568458500584586
755.5415282392026,0.07496865544566778
755.56146179402,0.07418706532231996
755.5813953488372,0.07334084616534706
755.6013289036546,0.07243112723198204
755.6212624584717,0.0714591378453078
755.6411960132891,0.07042621020826854
755.6611295681064,0.06933378278611008
755.6810631229237,0.0681834043691145
755.7009966777409,0.06697673895092261
755.7209302325581,0.06571557158640529
755.7408637873755,0.06440181542818939
755.7607973421927,0.06303752018449797
755.78073089701,0.06162488229417876
755.8006644518273,0.060166257180928884
755.8205980066446,0.05866417403039184
755.8405315614618,0.05712135363430433
755.8604651162791,0.05554072997021425
755.8803986710964,0.05392547633761591
755.9003322259136,0.05227903705707105
755.9202657807309,0.050605165963026645
755.9401993355482,0.048907973186397065
755.9601328903656,0.04719198202931832
755.9800664451827,0.045462198071478534
756.0000000000001,0.04372419298948426
756.0199335548173,0.041984205860210524
756.0398671096345,0.04024926484519908
756.0598006644519,0.038527331914222515
756.0797342192691,0.036827472313708615
756.0996677740865,0.03516004824739681
756.1196013289036,0.03353693182650155
756.139534883721,0.03197172450054162
756.1594684385383,0.030479957327051416
756.1794019933556,0.029079227142165286
756.1993355481728,0.027789197866150837
756.21926910299,0.026631367539485633
756.2392026578074,0.025628481430807308
756.2591362126246,0.024803481319091263
756.2790697674419,0.024177949650228153
756.2990033222592,0.023770153363118322
756.3189368770765,0.023592992276099848
756.3388704318937,0.02365232216676775
756.3588039867111,0.02394612912210327
756.3787375415283,0.024464816622698803
756.3986710963455,0.025192512664531964
756.4186046511628,0.026109000548497796
756.4385382059801,0.027191773404461852
756.4584717607975,0.02841781353915323
756.4784053156146,0.029764895473314575
756.498338870432,0.031212391272059863
756.5182724252492,0.03274166322385809
756.5382059800666,0.03433616423732208
756.5581395348838,0.03598135756876497
756.578073089701,0.03766454097748913
756.5980066445184,0.03937463233748203
756.6179401993355,0.04110195104313802
756.6378737541529,0.04283801363443222
756.6578073089702,0.04457535194388969
756.6777408637874,0.046307356136723925
756.6976744186047,0.04802814183532665
756.717607973422,0.049732439019471116
756.7375415282393,0.05141549985733362
756.7574750830565,0.053073022601084485
756.7774086378738,0.054701088908411605
756.7973421926911,0.05629611227762389
756.8172757475083,0.057854795628480817
756.8372093023256,0.05937409638488205
756.8571428571429,0.06085119770184188
756.8770764119602,0.06228348472359915
756.8970099667775,0.06366852496412564
756.9169435215947,0.06500405206965512
756.936877076412,0.06628795236036206
756.9568106312292,0.06751825366019346
756.9767441860465,0.06869311601449828
756.9966777408639,0.06981082396834339
757.0166112956811,0.07086978013784165
757.0365448504984,0.07186849985498023
757.0564784053156,0.07280560670527911
757.0764119601329,0.07367982880960094
757.0963455149503,0.07448999572717371
757.1162790697674,0.07523503587810348
757.1362126245848,0.075913974401196
757.156146179402,0.0765259313770463
757.1760797342193,0.0770701203585598
757.1960132890366,0.0775458471606654
757.2159468438539,0.07795250886961565
757.2358803986712,0.07828959303912979
757.2558139534883,0.07855667704667882
757.2757475083057,0.07875342758854344
757.295681063123,0.07887960029658662
757.3156146179402,0.07893503946397051
757.3355481727575,0.07891967787057476
757.3554817275748,0.07883353670230657
757.375415282392,0.07867672556177892
757.3953488372094,0.07844944257096322
757.4152823920266,0.07815197456963126
757.4352159468439,0.07778469741664266
757.4551495016611,0.07734807640476074
757.4750830564784,0.07684266680333206
757.4950166112958,0.07626911454745695
757.514950166113,0.07562815709711715
757.5348837209303,0.07492062449511525
757.5548172757475,0.0741474406591166
757.5747508305649,0.07330962495061832
757.5946843853822,0.07240829407257336
757.6146179401993,0.07144466435794841
757.6345514950167,0.07042005452448691
757.6544850498339,0.06933588898618201
757.6744186046512,0.06819370183096939
757.6943521594685,0.06699514159685784
757.7142857142858,0.06574197700685848
757.734219269103,0.06443610385741215
757.7541528239203,0.06307955329732821
757.7740863787376,0.061674501786338154
757.7940199335549,0.060223283086960185
757.8139534883721,0.05872840272277853
757.8338870431894,0.057192555434573675
757.8538205980067,0.05561864628696427
757.873754152824,0.05400981622695643
757.8936877076412,0.05236947307736522
757.9136212624585,0.050701329167251646
757.9335548172759,0.049009447062006085
757.953488372093,0.04729829515688603
757.9734219269103,0.04557281523161385
757.9933554817276,0.04383850440624857
758.0132890365448,0.04210151423635179
758.0332225913622,0.040368769836085436
758.0531561461794,0.03864811173077089
758.0730897009968,0.03694846228779066
758.0930232558139,0.03528001651331005
758.1129568106313,0.033654452886009864
758.1328903654486,0.03208515250782021
758.1528239202657,0.030587402640949304
758.1727574750831,0.029178542183843366
758.1926910299003,0.02787798149510168
758.2126245847177,0.02670700035036777
758.232558139535,0.025688205896909646
758.2524916943522,0.024844537686394823
758.2724252491695,0.024197767703224366
758.2923588039866,0.023766580795683015
758.312292358804,0.023564517741159443
758.3322259136213,0.023598237599890024
758.3521594684386,0.023866584500836934
758.3720930232558,0.024360752140567404
758.3920265780731,0.02506549283855521
758.4119601328904,0.02596100055032558
758.4318936877078,0.027024969398317753
758.4518272425249,0.02823441196839284
758.4717607973422,0.029567014599220662
758.4916943521595,0.03100199197579926
758.5116279069767,0.03252051810153801
758.5315614617941,0.03410585252161913
758.5514950166113,0.03574327531474483
758.5714285714287,0.0374199188850291
758.5913621262458,0.03912455629586014
758.6112956810632,0.040847382538672455
758.6312292358805,0.042579808546407694
758.6511627906976,0.044314277109284525
758.671096345515,0.04604410355252696
758.6910299003322,0.0477633406215452
758.7109634551496,0.04946666538033864
758.7308970099668,0.05114928531379786
758.7508305647841,0.05280686076207357
758.7707641196014,0.05443544102372314
758.7906976744187,0.056031411783412546
758.8106312292359,0.057591451864119354
758.8305647840532,0.05911249763005666
758.8504983388705,0.060591713656655395
758.8704318936877,0.06202646853225652
758.890365448505,0.06341431486432714
758.9102990033223,0.06475297273460406
758.9302325581397,0.06604031598786245
758.9501661129568,0.06727436085332093
758.9700996677742,0.06845325649003313
758.9900332225914,0.06957527712264479
759.0099667774086,0.0706388154944851
759.029900332226,0.07164237741401423
759.0498338870432,0.07258457721061644
759.0697674418606,0.0734641339480194
759.0897009966777,0.07427986827012817
759.1096345514951,0.07503069977566953
759.1295681063124,0.07571564483577736
759.1495016611296,0.07633381478328409
759.1694352159469,0.07688441441465439
759.1893687707641,0.07736674075558929
759.2093023255815,0.07778018204975541
759.2292358803987,0.07812421693733147
759.249169435216,0.07839841379611287
759.2691029900333,0.07860243022324068
759.2890365448505,0.07873601264016626
759.3089700996678,0.07879899600757972
759.3289036544852,0.0787913036407408
759.3488372093024,0.07871294711906662
759.3687707641196,0.07856402628712784
759.3887043189369,0.07834472934720098
759.4086378737542,0.07805533304699226
759.4285714285716,0.07769620296916827
759.4485049833887,0.0772677939328878
759.4684385382061,0.07677065052129997
759.4883720930233,0.07620540775317595
759.5083056478405,0.07557279192140635
759.5282392026579,0.0748736216267006
759.5481727574751,0.07410880904089145
759.5681063122925,0.07327936144179567
759.5880398671096,0.07238638307013959
759.607973421927,0.07143107736964993
759.6279069767443,0.07041474968382241
759.6478405315615,0.0693388104979984
759.6677740863788,0.06820477933384642
759.687707641196,0.06701428942559776
759.7076411960134,0.0657690933348116
759.7275747508306,0.06447106969400701
759.7475083056479,0.06312223131079109
759.7674418604652,0.06172473491500465
759.7873754152824,0.06028089289426027
759.8073089700997,0.05879318744096227
759.827242524917,0.057264287629636826
759.8471760797343,0.05569707006183124
759.8671096345515,0.054094643861048224
759.8870431893688,0.0524603809774425
759.9069767441861,0.050797952976885656
759.9269102990033,0.049111375743800575
759.9468438538206,0.047405063823924315
759.966777408638,0.045683896463176284
759.9867109634552,0.043953297741248315
760.0066445182725,0.042219333504069895
760.0265780730897,0.04048882797166455
760.046511627907,0.03876950275917968
760.0664451827244,0.037070140289355104
760.0863787375415,0.03540077167990456
760.1063122923589,0.03377288535117829
760.126245847176,0.03219964564323665
760.1461794019934,0.03069609914069328
760.1661129568107,0.0292793286561892
760.186046511628,0.027968490390607996
760.2059800664452,0.026784641289302278
760.2259136212624,0.025750240267720735
760.2458471760798,0.02488820801556357
760.2657807308971,0.024220483483116326
760.2857142857143,0.02376614392804373
760.3056478405316,0.023539348026432635
760.3255813953489,0.023547543591737132
760.3455149501661,0.02379043088488419
760.3654485049835,0.024260004517848616
760.3853820598007,0.02494166046527238
760.405315614618,0.02581602555799959
760.4252491694352,0.026861015074907426
760.4451827242525,0.02805368722906628
760.4651162790699,0.02937165010120619
760.485049833887,0.030793966243732457
760.5049833887044,0.03230162320971682
760.5249169435216,0.033877686837698845
760.5448504983389,0.035507252476873405
760.5647840531562,0.03717728508030644
760.5847176079734,0.03887641067127854
760.6046511627908,0.04059469770320282
760.624584717608,0.04232344957140371
760.6445182724253,0.04405501833705808
760.6644518272426,0.04578264304295123
760.6843853820599,0.047500312340486746
760.7043189368771,0.04920264935952497
760.7242524916943,0.05088481605357152
760.7441860465117,0.05254243414620745
760.764119601329,0.05417151999198318
760.7840531561462,0.05576843097625194
760.8039867109635,0.057329821421510004
760.8239202657808,0.058852606296254585
760.843853820598,0.06033393131618773
760.8637873754153,0.06177114827988973
760.8837209302326,0.06316179469287055
760.9036544850499,0.06450357690887978
760.9235880398671,0.06579435616059788
760.9435215946844,0.06703213696828941
760.9634551495017,0.06821505750950467
760.9833887043189,0.0693413816094446
761.0033222591363,0.0704094920734009
761.0232558139535,0.07141788513298913
761.0431893687709,0.07236516581841385
761.063122923588,0.07325004410221306
761.0830564784053,0.07407133168684855
761.1029900332227,0.07482793933055236
761.1229235880398,0.0755188746239229
761.1428571428572,0.07614324014481981
761.1627906976744,0.0767002319312204
761.1827242524918,0.07718913822224233
761.202657807309,0.07760933842597989
761.2225913621263,0.07796030228018917
761.2425249169436,0.07824158917796313
761.2624584717607,0.07845284763598563
761.2823920265781,0.07859381488751152
761.3023255813954,0.0786643165864546
761.3222591362127,0.0786642666125734
761.3421926910299,0.07859366697135771
761.3621262458472,0.07845260778527477
761.3820598006645,0.07824126737639726
761.4019933554819,0.07795991244347876
761.421926910299,0.07760889833983782
761.4418604651163,0.07718866946185056
761.4617940199336,0.0766997597615544
761.4817275747508,0.07614279340098634
761.5016611295682,0.07551848557053156
761.5215946843854,0.0748276434988112
761.5415282392028,0.07407116768787361
761.5614617940199,0.07325005341460929
761.5813953488373,0.07236539254792311
761.6013289036546,0.07141837574131982
761.6212624584717,0.07041029507295612
761.6411960132891,0.06934254721983188
761.6611295681063,0.06821663727090044
761.6810631229237,0.0670341833055889
761.7009966777409,0.06579692189111568
761.7209302325582,0.06450671468458238
761.7408637873755,0.0631655563662968
761.7607973421926,0.061775584180340695
761.78073089701,0.06033908941978809
761.8006644518273,0.058858531269760046
761.8205980066446,0.057336553514947555
761.8405315614618,0.0557760047338258
761.8604651162791,0.05417996274346257
761.8803986710964,0.05255176423230096
761.9003322259138,0.0508950407280164
761.9202657807309,0.04921376229793214
761.9401993355482,0.04751229067069134
761.9601328903655,0.04579544379455396
761.9800664451827,0.044068574189298985
762.0000000000001,0.04233766376079891
762.0199335548173,0.04060943793963744
762.0398671096347,0.038891501910948374
762.0598006644518,0.03719250103039319
762.0797342192692,0.03552230578275512
762.0996677740865,0.0338922180654445
762.1196013289036,0.032315189037471236
762.139534883721,0.03080602778227464
762.1594684385382,0.029381563041130414
762.1794019933556,0.028060696573425477
762.1993355481728,0.026864258424435454
762.2192691029901,0.02581454983559119
762.2392026578074,0.024934456741234835
762.2591362126246,0.024246063085852983
762.2790697674419,0.02376881321221186
762.2990033222592,0.023517460167440454
762.3189368770765,0.023500224902660963
762.3388704318937,0.023717660520995616
762.358803986711,0.02416257204751781
762.3787375415283,0.024821017771044257
762.3986710963457,0.02567407954475953
762.4186046511628,0.0266999143266889
762.4385382059802,0.02787564185098586
762.4584717607974,0.02917880240174179
762.4784053156146,0.0305883120730787
762.498338870432,0.03208497409413271
762.5182724252492,0.03365166042758703
762.5382059800666,0.03527328022888239
762.5581395348837,0.03693662893567973
762.5780730897011,0.038630183300170026
762.5980066445184,0.040343883084026075
762.6179401993356,0.04206892218839676
762.6378737541529,0.04379756023106162
762.6578073089701,0.04552295850363013
762.6777408637874,0.04723904032286491
762.6976744186047,0.04894037384559751
762.717607973422,0.050622074628442794
762.7375415282393,0.052279725059226984
762.7574750830565,0.05390930795142969
762.7774086378738,0.05550715189531526
762.7973421926911,0.057069886300795084
762.8172757475083,0.05859440439764224
762.8372093023256,0.06007783275590899
762.8571428571429,0.061517506145695844
762.8770764119602,0.06291094677100621
762.8970099667774,0.06425584709069769
762.9169435215947,0.0655500555857056
762.9368770764121,0.06679156495059366
762.9568106312292,0.06797850228403232
762.9767441860465,0.06910912093082504
762.9966777408638,0.07018179369129639
763.0166112956811,0.07119500716537867
763.0365448504984,0.07214735703968263
763.0564784053156,0.07303754416027948
763.076411960133,0.07386437126091054
763.0963455149501,0.07462674023909448
763.1162790697675,0.07532364989105822
763.1362126245848,0.07595419403150741
763.156146179402,0.0765175599369288
763.1760797342193,0.0770130270616149
763.1960132890365,0.07743996598423433
763.2159468438539,0.07779783755036172
763.2358803986712,0.07808619218250018
763.2558139534884,0.07830466933467489
763.2757475083057,0.07845299707331634
763.295681063123,0.0785309917703903
763.3156146179402,0.07853855789840171
763.3355481727575,0.07847568792053099
763.3554817275748,0.07834246227220294
763.375415282392,0.07813904943382097
763.3953488372093,0.07786570609729962
763.4152823920266,0.07752277743245935
763.435215946844,0.07711069746266619
763.4551495016611,0.07662998956279551
763.4750830564785,0.07608126709660122
763.4950166112957,0.07546523421529229
763.514950166113,0.0747826868440887
763.5348837209303,0.074034513889877
763.5548172757475,0.0732216987098814
763.5747508305649,0.07234532088988964
763.594684385382,0.07140655839039364
763.6146179401994,0.07040669013111148
763.6345514950167,0.06934709909878974
763.654485049834,0.06822927608069586
763.6744186046512,0.06705482414762844
763.6943521594684,0.06582546403635194
763.7142857142858,0.06454304061338383
763.734219269103,0.06320953064137164
763.7541528239203,0.0618270521178298
763.7740863787376,0.060397875515894386
763.7940199335549,0.05892443733046478
763.8139534883721,0.057409356424741396
763.8338870431894,0.055855453784451156
763.8538205980067,0.05426577642584443
763.873754152824,0.052643626372637316
763.8936877076412,0.05099259582265005
763.9136212624585,0.049316609869766444
763.9335548172758,0.047619978433661864
763.953488372093,0.04590745937183777
763.9734219269104,0.0441843350897323
763.9933554817276,0.04245650528158246
764.0132890365448,0.04073059864562969
764.0332225913621,0.03901410636394547
764.0531561461794,0.037315539546286525
764.0730897009968,0.03564461124618921
764.0930232558139,0.03401244033281655
764.1129568106313,0.032431768355660376
764.1328903654485,0.03091717012381809
764.1528239202659,0.02948522247095216
764.1727574750831,0.02815457272471204
764.1926910299003,0.026945820434569438
764.2126245847177,0.02588110037588046
764.2325581395348,0.024983248572422432
764.2524916943522,0.024274472616598052
764.2724252491695,0.023774558843323065
764.2923588039868,0.02349883074788496
764.312292358804,0.023456265774306404
764.3322259136213,0.023648265211122926
764.3521594684386,0.02406845275654412
764.3720930232558,0.02470356693797276
764.3920265780731,0.02553516664701935
764.4119601328904,0.026541671368389932
764.4318936877077,0.027700278787714167
764.4518272425249,0.028988472397840165
764.4717607973423,0.030385027949156655
764.4916943521595,0.03187056677859169
764.5116279069769,0.033427766988485576
764.531561461794,0.03504135017142132
764.5514950166113,0.03669794022129558
764.5714285714287,0.038385862389223306
764.5913621262458,0.0400949255739593
764.6112956810632,0.041816212200281574
764.6312292358804,0.04354188770052042
764.6511627906978,0.045265034119807514
764.671096345515,0.046979508175623685
764.6910299003323,0.04867982199201481
764.7109634551496,0.05036104384544396
764.7308970099667,0.0520187160538497
764.7508305647841,0.05364878728012071
764.7707641196014,0.05524755681330201
764.7906976744187,0.05681162873005072
764.8106312292359,0.05833787417130481
764.8305647840532,0.05982340026960428
764.8504983388705,0.06126552452289906
764.8704318936879,0.0626617536299926
764.890365448505,0.0640097659844129
764.9102990033223,0.06530739717270932
764.9302325581396,0.06655262794446637
764.9501661129568,0.06774357421985609
764.9700996677742,0.06887847878036599
764.9900332225914,0.0699557043527693
765.0099667774087,0.07097372784888688
765.0299003322259,0.07193113556599359
765.0498338870433,0.07282661918714022
765.0697674418606,0.07365897244889553
765.0897009966777,0.07442708836680852
765.1096345514951,0.07512995692783843
765.1295681063123,0.0757666631743949
765.1495016611296,0.07633638561756614
765.1694352159469,0.07683839492765597
765.1893687707642,0.07727205285916905
765.2093023255815,0.07763681137488182
765.2292358803986,0.07793221193995699
765.249169435216,0.07815788496271937
765.2691029900333,0.07831354936327854
765.2890365448505,0.07839901225561133
765.3089700996678,0.07841416873233471
765.3289036544851,0.07835900174505826
765.3488372093024,0.0782335820763179
765.3687707641197,0.07803806840243405
765.3887043189369,0.07777270744962037
765.4086378737542,0.07743783424904711
765.4285714285714,0.07703387249980431
765.4485049833887,0.07656133505245527
765.4684385382061,0.07602082452977482
765.4883720930233,0.07541303410588299
765.5083056478406,0.07473874847000267
765.5282392026578,0.07399884500707703
765.5481727574752,0.07319429523440864
765.5681063122925,0.07232616654176288
765.5880398671096,0.07139562429201211
765.607973421927,0.0704039343513877
765.6279069767442,0.06935246613225603
765.6478405315615,0.06824269624878844
765.6677740863788,0.0670762129065414
765.6877076411961,0.06585472117260066
765.7076411960134,0.06458004930411212
765.7275747508306,0.06325415635154329
765.7475083056479,0.0618791413002403
765.7674418604652,0.06045725407228761
765.7873754152824,0.058990908782809166
765.8073089700997,0.05748269973394574
765.827242524917,0.055935420739641674
765.8471760797343,0.05435208850963379
765.8671096345515,0.05273597098644455
765.8870431893688,0.05109062173001654
765.9069767441862,0.04941992168486892
765.9269102990033,0.04772812994606975
765.9468438538206,0.046019945458817935
765.9667774086379,0.044300581925681516
765.9867109634552,0.042575858517486284
766.0066445182725,0.04085230921062934
766.0265780730897,0.03913731355869095
766.0465116279071,0.03743925119088116
766.0664451827242,0.0357676808771057
766.0863787375416,0.034133541910614545
766.1063122923589,0.0325493697895975
766.126245847176,0.031029508318326314
766.1461794019934,0.02959028472320543
766.1661129568106,0.028250092185389312
766.186046511628,0.027029296615415623
766.2059800664452,0.025949858161799805
766.2259136212625,0.025034548515659127
766.2458471760798,0.02430567821744483
766.2657807308971,0.023783350785095466
766.2857142857143,0.023483435915260833
766.3056478405316,0.023415649930842986
766.3255813953489,0.0235822363000177
766.3455149501661,0.023977644385009666
766.3654485049834,0.02458931008103839
766.3853820598007,0.025399291144504763
766.4053156146181,0.026386290722488007
766.4252491694352,0.027527601407467572
766.4451827242525,0.02880066145619151
766.4651162790698,0.030184112843366834
766.485049833887,0.03165839776443538
766.5049833887044,0.03320600067289268
766.5249169435216,0.03481145433213205
766.544850498339,0.03646120910482173
766.5647840531561,0.03814343651467971
766.5847176079735,0.039847812410096536
766.6046511627908,0.041565305732122526
766.624584717608,0.04328798595785027
766.6445182724253,0.04500885436373996
766.6644518272425,0.04672169977903112
766.6843853820599,0.04842097721397697
766.7043189368771,0.05010170676346196
766.7242524916944,0.05175938992616669
766.7441860465117,0.05338994059215762
766.764119601329,0.05498962823255406
766.7840531561462,0.056555031161347455
766.8039867109635,0.05808299807321966
766.8239202657808,0.05957061636529088
766.843853820598,0.06101518601465609
766.8637873754153,0.062414198006965634
766.8837209302326,0.06376531649640652
766.9036544850499,0.06506636402945988
766.9235880398671,0.06631530928882011
766.9435215946845,0.06751025691430321
766.9634551495017,0.0686494390392128
766.9833887043189,0.06973120824638039
767.0033222591362,0.07075403170162811
767.0232558139535,0.0717164862656996
767.0431893687709,0.07261725442082338
767.063122923588,0.07345512087678985
767.0830564784054,0.07422896974480744
767.1029900332226,0.07493778218666092
767.12292358804,0.07558063446235826
767.1428571428572,0.076156696312735
767.1627906976744,0.07666522962405628
767.1827242524918,0.07710558733104231
767.2026578073089,0.07747721252217336
767.2225913621263,0.0777796377176904
767.2425249169436,0.07801248429630471
767.2624584717609,0.07817546205146222
767.2823920265781,0.07826836886225454
767.3023255813954,0.07829109046789538
767.3222591362127,0.07824360033828724
767.3421926910299,0.07812595963630682
767.3621262458472,0.07793831727085646
767.3820598006645,0.07768091004264409
767.4019933554817,0.07735406288803767
767.421926910299,0.07695818922954303
767.4418604651164,0.07649379144517322
767.4617940199336,0.07596146147288461
767.4817275747508,0.0753618815706224
767.5016611295681,0.07469582525770425
767.5215946843854,0.07396415846897583
767.5415282392028,0.07316784096009304
767.5614617940199,0.07230792801025995
767.5813953488373,0.07138557247839444
767.6013289036545,0.07040202728021087
767.6212624584718,0.0693586483674515
767.6411960132891,0.06825689830737246
767.6611295681063,0.06709835058097315
767.6810631229237,0.06588469474331081
767.7009966777408,0.06461774261987804
767.7209302325582,0.06329943575038317
767.7408637873755,0.06193185433765186
767.7607973421927,0.06051722801611064
767.78073089701,0.059057948825038134
767.8006644518273,0.05755658685825636
767.8205980066446,0.0560159091697009
767.8405315614618,0.054438902645963363
767.8604651162791,0.0528288017186796
767.8803986710964,0.051189121986079084
767.9003322259136,0.049523701048172254
767.9202657807309,0.04783674813672305
767.9401993355483,0.046132904435250144
767.9601328903655,0.04441731632173905
767.9800664451828,0.04269572409249337
768.0,0.04097456896692445
768.0199335548173,0.03926112119322401
768.0398671096347,0.03756363163017502
768.0598006644518,0.03589150785745272
768.0797342192692,0.03425551300098886
768.0996677740864,0.0326679800487822
768.1196013289037,0.031143025105209728
768.139534883721,0.029696728214266735
768.1594684385383,0.028347228953989775
768.1794019933556,0.02711465688420622
768.1993355481727,0.026020789977749276
768.2192691029901,0.025088321896892873
768.2392026578074,0.024339646094559977
768.2591362126246,0.02379515879566419
768.2790697674419,0.02347125139784448
768.2990033222592,0.023378360582038446
768.3189368770765,0.023519564664515123
768.3388704318938,0.02389014436642869
768.358803986711,0.02447824922599593
768.3787375415283,0.02526645744092601
768.3986710963455,0.02623377720522718
768.4186046511628,0.027357613484621762
768.4385382059802,0.02861537140915799
768.4584717607974,0.02998556621208367
768.4784053156147,0.03144846403116347
768.4983388704319,0.032986356089829354
768.5182724252493,0.034583585166976606
768.5382059800666,0.03622642615247302
768.5581395348837,0.03790289462283468
768.5780730897011,0.03960253117379545
768.5980066445183,0.0413161892306191
768.6179401993356,0.043035840517584294
768.6378737541529,0.0447544039932248
768.6578073089702,0.04646559928480218
768.6777408637874,0.04816382318616842
768.6976744186046,0.04984404669070575
768.717607973422,0.0515017297128959
768.7375415282393,0.05313275073475196
768.7574750830565,0.0547333488819743
768.7774086378738,0.0563000762674713
768.7973421926911,0.05782975877486952
768.8172757475083,0.05931946376175653
768.8372093023256,0.06076647343049097
768.8571428571429,0.06216826284131395
768.8770764119602,0.06352248173139789
768.8970099667774,0.0648269394583789
768.9169435215947,0.06607959251347033
768.936877076412,0.06727853415198427
768.9568106312292,0.0684219857721858
768.9767441860466,0.06950828974082708
768.9966777408638,0.07053590341824448
769.0166112956812,0.07150339418006994
769.0365448504983,0.07240943526861544
769.0564784053156,0.07325280233610586
769.076411960133,0.07403237056595637
769.0963455149501,0.07474711227783119
769.1162790697675,0.07539609493828836
769.1362126245847,0.07597847951208198
769.1561461794021,0.07649351910050076
769.1760797342193,0.07694055782198403
769.1960132890366,0.0773190298983649
769.2159468438539,0.07762845891650168
769.235880398671,0.07786845724075367
769.2558139534884,0.07803872555670295
769.2757475083057,0.0781390525307916
769.295681063123,0.07816931457448124
769.3156146179402,0.07812947570492486
769.3355481727575,0.0780195874976827
769.3554817275748,0.07783978912998497
769.3754152823922,0.07759030751627805
769.3953488372093,0.07727145754097996
769.4152823920266,0.07688364239667908
769.4352159468439,0.07642735403956698
769.4551495016611,0.07590317377778734
769.4750830564785,0.0753117730128237
769.4950166112957,0.07465391415893054
769.5149501661131,0.07393045177134897
769.5348837209302,0.07314233392089567
769.5548172757476,0.07229060386009531
769.5747508305649,0.07137640203583238
769.594684385382,0.07040096851439874
769.6146179401994,0.0693656458985246
769.6345514950166,0.06827188283238561
769.654485049834,0.06712123821042398
769.6744186046512,0.06591538623035988
769.6943521594685,0.06465612246024596
769.7142857142858,0.06334537112649742
769.734219269103,0.061985193874423986
769.7541528239203,0.060577800308845166
769.7740863787376,0.059125560690719337
769.7940199335549,0.05763102125080101
769.8139534883721,0.05609692268584314
769.8338870431894,0.05452622253194834
769.8538205980067,0.05292212226736962
769.873754152824,0.051288100189266106
769.8936877076412,0.04962795133934897
769.9136212624585,0.04794583602486488
769.9335548172758,0.04624633879117108
769.953488372093,0.04453454003752852
769.9734219269103,0.04281610279622958
769.9933554817276,0.041097377449850536
770.013289036545,0.03938552721370252
770.0332225913621,0.037688676831646055
770.0531561461795,0.03601608573235025
770.0730897009967,0.03437834423793834
770.0930232558139,0.03278758634682489
770.1129568106313,0.0312577037970001
770.1328903654485,0.029804531987968164
770.1528239202659,0.028445957679350365
770.172757475083,0.027201871778936168
770.1926910299004,0.026093863127126454
770.2126245847177,0.02514453437814581
770.232558139535,0.024376342540822587
770.2524916943522,0.023809952450005
770.2724252491694,0.02346225251929254
770.2923588039868,0.023344380424715264
770.312292358804,0.023460240701476325
770.3322259136213,0.023805949806616745
770.3521594684386,0.024370386285688623
770.3720930232558,0.025136670043191724
770.3920265780731,0.02608413591144268
770.4119601328905,0.02719031919064064
770.4318936877077,0.028432604550669413
770.4518272425249,0.029789387996190603
770.4717607973422,0.03124076303799105
770.4916943521595,0.03276882830759158
770.5116279069769,0.034357735563362427
770.531561461794,0.035993582332103
770.5514950166114,0.03766422603294827
770.5714285714286,0.03935906979329663
770.5913621262459,0.04106884946638332
770.6112956810632,0.042785437198422344
770.6312292358804,0.0445016680533171
770.6511627906978,0.04621119111764732
770.6710963455149,0.047908343844149055
770.6910299003323,0.049588047185982705
770.7109634551496,0.05124571869256643
770.7308970099668,0.05287720078934115
770.7508305647841,0.05447870171805223
770.7707641196014,0.056046746942997175
770.7906976744187,0.057578139164298485
770.8106312292359,0.059069925389625424
770.8305647840532,0.06051936978741791
770.8504983388705,0.061923931275831214
770.8704318936877,0.06328124499363637
770.890365448505,0.06458910695766437
770.9102990033224,0.065845461340405
770.9302325581396,0.06704838990615625
770.9501661129568,0.06819610322924362
770.9700996677741,0.06928693338643625
770.9900332225914,0.07031932787149126
771.0099667774087,0.07129184452494593
771.0299003322259,0.07220314730879247
771.0498338870433,0.07305200278571881
771.0697674418604,0.07383727718679958
771.0897009966778,0.0745579339716244
771.1096345514951,0.075213031801187
771.1295681063123,0.07580172285748603
771.1495016611296,0.07632325145495675
771.1694352159468,0.0767769528983822
771.1893687707642,0.07716225254974828
771.2093023255815,0.07747866507321381
771.2292358803987,0.07772579383319311
771.249169435216,0.0779033304253564
771.2691029900333,0.07801105432491857
771.2890365448505,0.07804883264032263
771.3089700996678,0.07801661996410483
771.3289036544851,0.07791445831594099
771.3488372093024,0.077742477176225
771.3687707641196,0.07750089361142669
771.3887043189369,0.07719001249593693
771.4086378737543,0.07681022683807201
771.4285714285714,0.07636201822182846
771.4485049833888,0.0758459573794651
771.468438538206,0.07526270491454987
771.4883720930233,0.07461301219984484
771.5083056478406,0.07389772248016563
771.5282392026578,0.07311777221682371
771.5481727574752,0.07227419271802274
771.5681063122923,0.0713681121088259
771.5880398671097,0.070400757705315
771.607973421927,0.0693734588707608
771.6279069767443,0.06828765044774245
771.6478405315615,0.06714487687959826
771.6677740863787,0.06594679715836409
771.6877076411961,0.06469519076555773
771.7076411960134,0.06339196480782967
771.7275747508306,0.06203916259350752
771.7475083056479,0.060638973950509996
771.7674418604652,0.05919374765287396
771.7873754152824,0.05770600640616092
771.8073089700997,0.05617846494406781
771.827242524917,0.05461405191441607
771.8471760797343,0.05301593638702697
771.8671096345515,0.0513875600035796
771.8870431893688,0.04973267601551277
771.9069767441861,0.04805539672237561
771.9269102990033,0.04636025112847686
771.9468438538207,0.04465225496856029
771.9667774086379,0.04293699558390316
771.9867109634553,0.041220734396645996
772.0066445182724,0.03951052981205141
772.0265780730897,0.03781438306058902
772.0465116279071,0.036141408404998514
772.0664451827242,0.03450202668095339
772.0863787375416,0.03290817639420778
772.1063122923588,0.031373528272102276
772.1262458471762,0.02991367570971671
772.1461794019934,0.028546253658068833
772.1661129568106,0.027290912461670147
772.186046511628,0.026169045443510206
772.2059800664451,0.025203151977014334
772.2259136212625,0.024415733961027673
772.2458471760798,0.023827701164890216
772.2657807308971,0.023456414215801327
772.2857142857143,0.023313691646329213
772.3056478405316,0.023404254316816656
772.3255813953489,0.0237250574623054
772.3455149501661,0.024265723034647604
772.3654485049834,0.02500993353762114
772.3853820598007,0.025937372195696133
772.405315614618,0.027025723080716955
772.4252491694352,0.02825236362758989
772.4451827242526,0.029595578615551052
772.4651162790698,0.031035292720368184
772.4850498338872,0.03255341285101731
772.5049833887043,0.03413389883758854
772.5249169435216,0.03576266901051436
772.544850498339,0.03742742043410992
772.5647840531561,0.0391174165400612
772.5847176079735,0.04082327352984217
772.6046511627907,0.042536762118618864
772.6245847176081,0.0442506318714274
772.6445182724253,0.04595845996997124
772.6644518272426,0.04765452337883132
772.6843853820599,0.04933369205292701
772.704318936877,0.05099134037955949
772.7242524916944,0.05262327406550838
772.7441860465117,0.054225669918748956
772.764119601329,0.05579502629803982
772.7840531561462,0.05732812233984274
772.8039867109635,0.05882198438500996
772.8239202657808,0.06027385830356831
772.843853820598,0.06168118665036413
772.8637873754153,0.06304158978057804
772.8837209302326,0.06435285021507946
772.9036544850499,0.06561289967758625
772.9235880398671,0.06681980833253516
772.9435215946844,0.06797177583935231
772.9634551495017,0.0690671239090814
772.983388704319,0.07010429010623188
773.0033222591362,0.07108182268479085
773.0232558139536,0.07199837628475092
773.0431893687708,0.0728527083460884
773.063122923588,0.07364367612185453
773.0830564784054,0.07437023419256354
773.1029900332226,0.07503143240063136
773.12292358804,0.07562641413760843
773.1428571428571,0.0761544149283177
773.1627906976745,0.07661476126563772
773.1827242524918,0.07700686965762114
773.202657807309,0.07733024585560515
773.2225913621263,0.07758448423759172
773.2425249169435,0.07776926732647718
773.2624584717609,0.07788436542677829
773.2823920265781,0.07792963636785659
773.3023255813954,0.0779050253448511
773.3222591362127,0.07781056485213148
773.3421926910299,0.07764637470717406
773.3621262458472,0.07741266216585593
773.3820598006645,0.07710972213343133
773.4019933554817,0.07673793747862766
773.421926910299,0.07629777946184761
773.4418604651163,0.07578980829227988
773.4617940199336,0.07521467383293795
773.481727574751,0.07457311647746628
773.5016611295681,0.07386596822808175
773.5215946843855,0.07309415401056332
773.5415282392026,0.07225869326956258
773.5614617940199,0.07136070189687566
773.5813953488373,0.070401394555749
773.6013289036545,0.06938208747750588
773.6212624584718,0.06830420182236623
773.641196013289,0.06716926771539644
773.6611295681064,0.06597892909177867
773.6810631229237,0.0647349495140433
773.7009966777409,0.06343921915880214
773.7209302325582,0.06209376321352826
773.7408637873754,0.06070075197680078
773.7607973421927,0.05926251302105015
773.78073089701,0.05778154585738127
773.8006644518273,0.056260539642015724
773.8205980066446,0.05470239458656547
773.8405315614618,0.05311024788514771
773.8604651162791,0.05148750515484175
773.8803986710965,0.04983787860710603
773.9003322259136,0.04816543342922271
773.9202657807309,0.04647464415580867
773.9401993355482,0.04477046314043171
773.9601328903655,0.043058403569714285
773.9800664451828,0.04134463973892228
774.0,0.03963612741730977
774.0199335548174,0.03794074687022774
774.0398671096345,0.036267470125533795
774.0598006644519,0.034626551802710695
774.0797342192692,0.033029738385225736
774.0996677740864,0.03149048296172663
774.1196013289037,0.0300241396548257
774.1395348837209,0.028648092826323555
774.1594684385383,0.02738175071617819
774.1794019933556,0.026246305296323588
774.1993355481728,0.025264141081027182
774.2192691029901,0.024457786892780928
774.2392026578074,0.02384837422080367
774.2591362126246,0.02345371105150446
774.2790697674419,0.023286275927766713
774.2990033222592,0.023351594914269202
774.3189368770765,0.023647463719410393
774.3388704318937,0.02416426108330021
774.358803986711,0.02488625256599953
774.3787375415284,0.025793491653449543
774.3986710963455,0.026863830080946925
774.4186046511629,0.028074651832027436
774.4385382059801,0.029404138965189144
774.4584717607974,0.030832051488333047
774.4784053156147,0.0323401057011306
774.4983388704319,0.033912068734959486
774.5182724252493,0.03553367795347991
774.5382059800664,0.03719246788504044
774.5581395348838,0.03887756002828474
774.5780730897011,0.04057944883033855
774.5980066445183,0.042289801694797464
774.6179401993356,0.04400128105578546
774.6378737541528,0.0457073908001556
774.6578073089702,0.04740234623449132
774.6777408637874,0.04908096533788362
774.6976744186047,0.05073857852187176
774.717607973422,0.05237095409862565
774.7375415282393,0.05397423688101249
774.7574750830565,0.05554489765578782
774.7774086378738,0.05707969160760063
774.7973421926911,0.05857562408705438
774.8172757475083,0.06002992239570304
774.8372093023256,0.06144001249932144
774.8571428571429,0.06280349978041343
774.8770764119602,0.06411815310543038
774.8970099667774,0.06538189161650368
774.9169435215948,0.06659277376690748
774.936877076412,0.06774898820812396
774.9568106312292,0.06884884620790777
774.9767441860465,0.06989077533721207
774.9966777408638,0.07087331421056015
775.0166112956812,0.0717951081029299
775.0365448504983,0.0726549052972101
775.0564784053157,0.07345155404165402
775.0764119601329,0.07418400001764763
775.0963455149503,0.07485128423498279
775.1162790697675,0.07545254128616964
775.1362126245847,0.07598699790276138
775.1561461794021,0.07645397176658877
775.1760797342192,0.07685287053684789
775.1960132890366,0.07718319106103018
775.2159468438539,0.07744451874348654
775.2358803986712,0.07763652705058362
775.2558139534884,0.07775897713587165
775.2757475083057,0.07781171757268705
775.295681063123,0.07779468418515739
775.3156146179402,0.07770789997202208
775.3355481727575,0.07755147512087586
775.3554817275748,0.07732560711345388
775.375415282392,0.07703058092584396
775.3953488372093,0.07666676933084245
775.4152823920267,0.07623463331282175
775.4352159468439,0.07573472260964415
775.4551495016613,0.07516767639999904
775.4750830564784,0.07453422415954597
775.4950166112957,0.07383518671446512
775.5149501661131,0.07307147752752119
775.5348837209302,0.07224410425912776
775.5548172757476,0.07135417065469948
775.5747508305648,0.07040287882021463
775.5946843853822,0.06939153196055822
775.6146179401994,0.06832153767059541
775.6345514950166,0.06719441188747147
775.654485049834,0.06601178363546024
775.6744186046511,0.06477540072243045
775.6943521594685,0.06348713658097863
775.7142857142858,0.06214899848947861
775.734219269103,0.06076313745973755
775.7541528239203,0.059331860141959666
775.7740863787376,0.05785764317655037
775.7940199335549,0.05634315051952749
775.8139534883721,0.054791254388412036
775.8338870431894,0.05320506062245842
775.8538205980067,0.05158793943071883
775.873754152824,0.04994356271765127
775.8936877076412,0.04827594943286795
775.9136212624585,0.0465895206875156
775.9335548172758,0.04488916670723765
775.9534883720931,0.043180328024541546
775.9734219269103,0.041469093599504826
775.9933554817276,0.03976231869150134
776.0132890365448,0.03806776509647157
776.0332225913621,0.03639426548465637
776.0531561461795,0.034751911481690795
776.0730897009967,0.03315226098990146
776.093023255814,0.03160855284193578
776.1129568106312,0.030135904701955082
776.1328903654486,0.028751451756624937
776.1528239202659,0.02747435895043357
776.172757475083,0.026325611601297195
776.1926910299004,0.025327468466971453
776.2126245847176,0.024502468032878113
776.232558139535,0.023871940790020956
776.2524916943522,0.023454117240868492
776.2724252491695,0.023262114453643068
776.2923588039868,0.023302251391435696
776.312292358804,0.023573164578014276
776.3322259136213,0.02406600185805384
776.3521594684386,0.024765631806682478
776.3720930232558,0.025652500106887598
776.3920265780731,0.026704645479924644
776.4119601328904,0.027899472798054208
776.4318936877077,0.029215070415584653
776.451827242525,0.030631038229123723
776.4717607973422,0.0321289032988108
776.4916943521596,0.03369223943376017
776.5116279069767,0.03530660132960795
776.531561461794,0.03695935881758985
776.5514950166114,0.03863948921787565
776.5714285714286,0.040337363098634796
776.5913621262459,0.04204454264396873
776.6112956810631,0.04375360149700764
776.6312292358805,0.04545796883373791
776.6511627906978,0.04715179710967254
776.671096345515,0.04882985133053433
776.6910299003323,0.05048741710152479
776.7109634551495,0.052120224650124086
776.7308970099668,0.05372438622094077
776.7508305647841,0.05529634455248978
776.7707641196014,0.05683283048136918
776.7906976744187,0.05833082803773834
776.8106312292359,0.05978754567904273
776.8305647840532,0.06120039255146288
776.8504983388705,0.0625669588718332
776.8704318936877,0.0638849996903685
776.890365448505,0.06515242143192598
776.9102990033223,0.06636727072491194
776.9302325581396,0.06752772511764646
776.9501661129569,0.06863208535517767
776.9700996677741,0.06967876894892108
776.9900332225915,0.07066630481956897
777.0099667774086,0.07159332883273874
777.0299003322259,0.07245858007863497
777.0498338870433,0.07326089777279854
777.0697674418604,0.07399921867638258
777.0897009966778,0.07467257495154098
777.109634551495,0.07528009238219671
777.1295681063124,0.0758209889020561
777.1495016611296,0.07629457338188743
777.1694352159469,0.07670024463624588
777.1893687707642,0.07703749061694003
777.2093023255813,0.0773058877665323
777.2292358803987,0.07750510051032458
777.249169435216,0.07763488086977337
777.2691029900333,0.07769506818440088
777.2890365448505,0.07768558893284853
777.3089700996678,0.07760645664706188
777.3289036544851,0.07745777191687729
777.3488372093025,0.07723972248539746
777.3687707641196,0.07695258343861829
777.3887043189369,0.0765967174960618
777.4086378737542,0.07617257541262563
777.4285714285714,0.07568069650549179
777.4485049833888,0.07512170932413667
777.468438538206,0.07449633248617335
777.4883720930234,0.0738053757069937
777.5083056478405,0.0730497410575573
777.5282392026579,0.07223042449181612
777.5481727574752,0.0713485176940788
777.5681063122923,0.07040521030685021
777.5880398671097,0.06940179261212179
777.6079734219269,0.06833965875420316
777.6279069767443,0.0672203106102087
777.6478405315615,0.06604536243669769
777.6677740863788,0.06481654644799138
777.6877076411961,0.06353571951505033
777.7076411960134,0.062204871214715365
777.7275747508306,0.06082613350962317
777.7475083056479,0.05940179240138552
777.7674418604652,0.05793430197659611
777.7873754152824,0.05642630136026677
777.8073089700997,0.05488063520826638
777.827242524917,0.053300378514219815
777.8471760797343,0.0516888666817076
777.8671096345515,0.05004973202438528
777.8870431893689,0.04838694810842109
777.9069767441861,0.046704883643264535
777.9269102990033,0.04500836795046754
777.9468438538206,0.04330277037405746
777.9667774086379,0.04159409628956337
777.9867109634553,0.03988910252565402
778.0066445182724,0.03819543485269984
778.0265780730898,0.036521789407094635
778.046511627907,0.034878097994337144
778.0664451827242,0.03327573334522246
778.0863787375416,0.031727723424569025
778.1063122923588,0.03024895232498972
778.1262458471762,0.028856307652442424
778.1461794019933,0.027568710196330733
778.1661129568107,0.026406933827517437
778.186046511628,0.025393101316357258
778.2059800664452,0.024549744259592686
778.2259136212625,0.0238983699609132
778.2458471760797,0.023457606667663215
778.2657807308971,0.02324118791932884
778.2857142857143,0.023256212132309172
778.3056478405316,0.023502155633051754
778.3255813953489,0.023970946576141242
778.3455149501661,0.02464807594981687
778.3654485049834,0.0255144035845094
778.3853820598008,0.026548174914016558
778.405315614618,0.027726830592096765
778.4252491694352,0.02902837480694069
778.4451827242525,0.030432252303774013
778.4651162790698,0.031919802542595264
778.4850498338872,0.033474405543477526
778.5049833887043,0.03508143170852101
778.5249169435217,0.03672808403454364
778.5448504983389,0.03840319341182262
778.5647840531562,0.04009700438384306
778.5847176079735,0.041800971980005965
778.6046511627907,0.0435075793642646
778.6245847176081,0.04521017955921093
778.6445182724252,0.04690286095271652
778.6644518272426,0.048580334559189566
778.6843853820599,0.05023784032969781
778.7043189368771,0.05187106970244462
778.7242524916944,0.053476101768625835
778.7441860465117,0.05504935073225909
778.764119601329,0.05658752267737412
778.7840531561462,0.05808757997659762
778.8039867109635,0.05954671196189373
778.8239202657808,0.06096231072455804
778.843853820598,0.062331951118685495
778.8637873754153,0.06365337421305171
778.8837209302326,0.0649244735766619
778.9036544850499,0.06614328389678047
778.9235880398672,0.06730797152123633
778.9435215946844,0.06841682659104138
778.9634551495017,0.0694682564904508
778.9833887043189,0.07046078039042443
779.0033222591362,0.0713930247015444
779.0232558139536,0.07226371928448276
779.0431893687708,0.07307169429304734
779.0631229235881,0.0738158775459816
779.0830564784053,0.07449529234178941
779.1029900332226,0.07510905564531356
779.12292358804,0.07565637658693443
779.1428571428571,0.07613655522546356
779.1627906976745,0.07654898153416193
779.1827242524917,0.07689313457647409
779.202657807309,0.0771685818442322
779.2225913621263,0.07737497873626864
779.2425249169436,0.07751206815999903
779.2624584717609,0.07757968024252027
779.282392026578,0.07757773214165359
779.3023255813954,0.07750622795049776
779.3222591362127,0.07736525869240998
779.3421926910299,0.07715500240647662
779.3621262458472,0.07687572432667901
779.3820598006645,0.07652777716098791
779.4019933554817,0.07611160148036336
779.4219269102991,0.0756277262309018
779.4418604651163,0.07507676938685792
779.4617940199336,0.07445943876654738
779.4817275747508,0.0737765330385873
779.5016611295681,0.07302894295193407
779.5215946843855,0.0722176528304275
779.5415282392026,0.07134374238095172
779.56146179402,0.07040838887455834
779.5813953488372,0.06941286977198088
779.6013289036546,0.06835856587962069
779.6212624584718,0.06724696514004239
779.641196013289,0.06607966718252535
779.6611295681064,0.064858388785878
779.6810631229235,0.06358497043822747
779.7009966777409,0.06226138421830503
779.7209302325582,0.06088974327237474
779.7408637873755,0.05947231322141282
779.7607973421927,0.05801152590848822
779.78073089701,0.056509995988838935
779.8006644518273,0.054970540979679974
779.8205980066446,0.05339620552692314
779.8405315614618,0.05179029081764625
779.8604651162791,0.05015639027442135
779.8803986710964,0.04849843291444812
779.9003322259136,0.04682073604332308
779.920265780731,0.04512806927373387
779.9401993355482,0.043425732192678514
779.9601328903656,0.04171964830171008
779.9800664451827,0.04001647803184693
780.0,0.03832375352068368
780.0199335548174,0.03665003714130779
780.0398671096345,0.03500510400367431
780.0598006644519,0.03340014504288277
780.0797342192691,0.03184798074482271
780.0996677740865,0.030363264581579737
780.1196013289037,0.028962638339554186
780.139534883721,0.027664778106098017
780.1594684385383,0.026490242001282936
780.1794019933554,0.025461007227964377
780.1993355481728,0.02459958265283004
780.2192691029901,0.02392763076112956
780.2392026578074,0.023464152904130647
780.2591362126246,0.02322347653919963
780.2790697674419,0.023213465001530306
780.2990033222592,0.0234344320567067
780.3189368770765,0.023879096222077647
780.3388704318937,0.024533589674052676
780.358803986711,0.025379208302309296
780.3787375415283,0.026394424354593438
780.3986710963455,0.027556729705794536
780.4186046511629,0.028844054446221446
780.4385382059801,0.030235693546941125
780.4584717607975,0.031712800790047124
780.4784053156146,0.03325856210680711
780.4983388704319,0.03485816206292914
780.5182724252493,0.03649863471154334
780.5382059800664,0.03816866225783201
780.5581395348838,0.039858361054647184
780.578073089701,0.0415590770145486
780.5980066445184,0.043263201105801063
780.6179401993356,0.044964008728344405
780.6378737541529,0.046655522961841625
780.6578073089702,0.048332399790730146
780.6777408637873,0.04998983264650309
780.6976744186047,0.051623473458746356
780.717607973422,0.05322936756777327
780.7375415282393,0.05480390014663747
780.7574750830565,0.05634375211379627
780.7774086378738,0.057845863840249846
780.7973421926911,0.05930740524521361
780.8172757475083,0.060725751124917585
780.8372093023256,0.062098460769550265
780.8571428571429,0.06342326109776972
780.8770764119602,0.0646980326811302
780.8970099667774,0.06592079814701542
780.9169435215947,0.06708971254320104
780.936877076412,0.06820305532340883
780.9568106312294,0.06925922367537703
780.9767441860465,0.07025672696298838
780.9966777408639,0.07119418209468524
781.0166112956811,0.07207030966356869
781.0365448504983,0.0728839307314937
781.0564784053157,0.07363396415160604
781.0764119601329,0.074319424341729
781.0963455149503,0.07493941943617467
781.1162790697674,0.07549314975560735
781.1362126245848,0.07597990654510899
781.1561461794021,0.07639907093915135
781.1760797342193,0.0767501131192682
781.1960132890366,0.07703259163679309
781.2159468438538,0.07724615287788128
781.2358803986712,0.07739053065308255
781.2558139534884,0.07746554589765275
781.2757475083057,0.07747110647243396
781.295681063123,0.07740720705875125
781.3156146179402,0.07727392914385357
781.3355481727575,0.07707144109656014
781.3554817275749,0.07679999833599616
781.375415282392,0.07645994359935508
781.3953488372093,0.07605170731816226
781.4152823920266,0.0755758081159921
781.4352159468439,0.0750328534447574
781.4551495016613,0.07442354038106277
781.4750830564784,0.07374865660951273
781.4950166112958,0.07300908162554247
781.514950166113,0.07220578819776469
781.5348837209302,0.07133984413775962
781.5548172757476,0.07041241443545311
781.5747508305648,0.06942476383002245
781.5946843853822,0.06837825990050847
781.6146179401993,0.06727437677802571
781.6345514950167,0.06611469960236036
781.654485049834,0.06490092987180268
781.6744186046512,0.06363489186689836
781.6943521594685,0.06231854036768556
781.7142857142857,0.060953969932148
781.734219269103,0.05954342606308989
781.7541528239203,0.05808931866376976
781.7740863787376,0.0565942382732057
781.7940199335549,0.05506097568374385
781.8139534883721,0.053492545680435266
781.8338870431894,0.05189221580955344
781.8538205980067,0.0502635412863273
781.873754152824,0.04861040739410897
781.8936877076412,0.046937081009251584
781.9136212624585,0.04524827320280721
781.9335548172758,0.0435492152028976
781.953488372093,0.04184575030844308
781.9734219269103,0.04014444454066871
781.9933554817277,0.03845271874684339
782.0132890365448,0.03677900425451734
782.0332225913622,0.035132922553103706
782.0531561461794,0.033525486122128884
782.0730897009967,0.031969311353687926
782.093023255814,0.03047882410632464
782.1129568106312,0.029070422261604775
782.1328903654486,0.0277625369525208
782.1528239202657,0.02657550671321169
782.1727574750831,0.02553115423329734
782.1926910299004,0.0246519505169738
782.2126245847177,0.023959692183700077
782.232558139535,0.02347372923333228
782.2524916943521,0.023208960058242942
782.2724252491695,0.02317399734157767
782.2923588039868,0.023369988582892718
782.312292358804,0.023790451524928678
782.3322259136213,0.024422177623062244
782.3521594684386,0.025246920643974213
782.3720930232558,0.026243400093729892
782.3920265780732,0.02738917504701159
782.4119601328904,0.028662112102242066
782.4318936877077,0.03004136226453605
782.4518272425249,0.03150789585672326
782.4717607973422,0.033044704599149356
782.4916943521596,0.03463678576810314
782.5116279069767,0.03627100239622511
782.5315614617941,0.03793588574693416
782.5514950166113,0.03962142179744272
782.5714285714286,0.041318845354641975
782.5913621262459,0.04302045344618366
782.6112956810631,0.04471944235299734
782.6312292358805,0.04640976858165861
782.6511627906976,0.04808603202682603
782.671096345515,0.04974337871701689
782.6910299003323,0.05137742033876346
782.7109634551496,0.052984167871419754
782.7308970099668,0.05455997695019987
782.750830564784,0.05610150290633279
782.7707641196014,0.057605663757850124
782.7906976744187,0.059069609718031144
782.8106312292359,0.06049069804283908
782.8305647840532,0.06186647225318125
782.8504983388705,0.06319464494534018
782.8704318936877,0.06447308354886622
782.8903654485051,0.06569979850989105
782.9102990033223,0.06687293347433795
782.9302325581396,0.06799075712342803
782.9501661129568,0.0690516563773477
782.9700996677741,0.07005413073395823
782.9900332225915,0.07099678755114566
783.0099667774086,0.07187833811509224
783.029900332226,0.07269759436438457
783.0498338870432,0.07345346616224543
783.0697674418606,0.07414495902780593
783.0897009966778,0.07477117225245589
783.109634551495,0.07533129733982873
783.1295681063124,0.07582461671864268
783.1495016611295,0.07625050268619181
783.1694352159469,0.07660841654775617
783.1893687707642,0.07689790792353184
783.2093023255815,0.07711861419995612
783.2292358803987,0.07727026010714243
783.249169435216,0.07735265740817678
783.2691029900333,0.0773657046899281
783.2890365448505,0.07730938724821085
783.3089700996678,0.07718377706366929
783.3289036544851,0.0769890328676896
783.3488372093024,0.07672540030078853
783.3687707641196,0.07639321216917555
783.388704318937,0.07599288880849997
783.4086378737542,0.07552493856732735
783.4285714285716,0.07498995842700758
783.4485049833887,0.07438863477889296
783.468438538206,0.07372174438507895
783.4883720930234,0.07299015555467142
783.5083056478405,0.07219482957450718
783.5282392026579,0.0713368224414341
783.5481727574751,0.07041728695289032
783.5681063122925,0.06943747522433223
783.5880398671097,0.06839874171592197
783.607973421927,0.06730254686811638
783.6279069767443,0.0661504614663299
783.6478405315614,0.06494417188034232
783.6677740863788,0.06368548635501689
783.6877076411961,0.062376342567099334
783.7076411960134,0.061018816709792374
783.7275747508306,0.05961513442479314
783.7475083056479,0.05816768397293236
783.7674418604652,0.0566790321230073
783.7873754152824,0.05515194334728423
783.8073089700997,0.05358940304605878
783.827242524917,0.05199464568753578
783.8471760797343,0.05037118894774498
783.8671096345515,0.048722875172490646
783.8870431893688,0.04705392176077924
783.9069767441861,0.045368982381998574
783.9269102990035,0.04367322127102736
783.9468438538206,0.041972403157105195
783.9667774086379,0.040273001595217704
783.9867109634552,0.03858232843525379
784.0066445182724,0.03690868662460468
784.0265780730898,0.03526154705721232
784.046511627907,0.03365174705973086
784.0664451827244,0.03209170230768592
784.0863787375415,0.030595614101236485
784.1063122923589,0.029179638473007894
784.1262458471762,0.027861961626430957
784.1461794019933,0.026662699122739213
784.1661129568107,0.025603510809595657
784.1860465116279,0.024706815401940994
784.2059800664452,0.02399452321226963
784.2259136212625,0.023486308671870248
784.2458471760798,0.02319761776507747
784.2657807308971,0.023137795972075288
784.2857142857143,0.02330881949385543
784.3056478405316,0.02370501293754338
784.3255813953489,0.024313844383662485
784.3455149501661,0.025117547142793985
784.3654485049834,0.02609510873190436
784.3853820598007,0.027224171933147884
784.405315614618,0.028482551003390786
784.4252491694353,0.029849259234398826
784.4451827242525,0.03130508601848918
784.4651162790699,0.032832828931543705
784.485049833887,0.0344172966048983
784.5049833887043,0.03604517901094097
784.5249169435217,0.0377048542158466
784.5448504983389,0.03938617561824075
784.5647840531562,0.04108026490419748
784.5847176079734,0.04277932338733082
784.6046511627908,0.0444764667058347
784.6245847176081,0.04616558350357497
784.6445182724253,0.04784121650410389
784.6644518272426,0.04949846343121506
784.6843853820598,0.05113289497853851
784.7043189368771,0.05274048714157651
784.7242524916944,0.0543175655001009
784.7441860465117,0.055860759367599294
784.764119601329,0.05736696405050124
784.7840531561462,0.05883330975679277
784.8039867109635,0.060257135951871245
784.8239202657808,0.06163597017771502
784.843853820598,0.06296751053236348
784.8637873754153,0.06424961115571917
784.8837209302326,0.06548027018864903
784.9036544850499,0.0666576197711578
784.9235880398671,0.0677799177247839
784.9435215946844,0.06884554062934775
784.9634551495018,0.06985297805622329
784.9833887043189,0.07080082776289597
785.0033222591362,0.07168779168805466
785.0232558139535,0.0725126726144905
785.0431893687708,0.07327437139014258
785.0631229235881,0.0739718846164178
785.0830564784053,0.07460430272841478
785.1029900332227,0.07517080840452631
785.1229235880398,0.07567067525356395
785.1428571428572,0.0761032667364256
785.1627906976745,0.07646803528692318
785.1827242524917,0.07676452160268588
785.202657807309,0.07699235408256784
785.2225913621262,0.07715124839178615
785.2425249169436,0.07724100714019423
785.2624584717609,0.07726151966282183
785.2823920265781,0.07721276189537478
785.3023255813954,0.07709479634055803
785.3222591362127,0.07690777212425702
785.3421926910299,0.07665192514372904
785.3621262458472,0.07632757831306726
785.3820598006645,0.07593514191459136
785.4019933554817,0.07547511406836002
785.421926910299,0.0749480813358854
785.4418604651163,0.07435471947854465
785.4617940199337,0.07369579439625129
785.4817275747508,0.07297216327764357
785.5016611295682,0.0721847759998726
785.5215946843854,0.07133467682407868
785.5415282392026,0.07042300644218755
785.56146179402,0.06945100444195415
785.5813953488372,0.06842001227109608
785.6013289036546,0.06733147679790724
785.6212624584717,0.06618695458602558
785.6411960132891,0.06498811702577059
785.6611295681064,0.06373675649484961
785.6810631229237,0.06243479375827842
785.7009966777409,0.061084286863478006
785.7209302325581,0.059687441842816644
785.7408637873755,0.05824662560588634
785.7607973421927,0.056764381489887925
785.78073089701,0.055243448043035714
785.8006644518273,0.05368678174646764
785.8205980066446,0.052097584540440035
785.8405315614618,0.050479337214700715
785.8604651162792,0.04883583995547525
785.8803986710964,0.04717126161418817
785.9003322259136,0.045490199571942606
785.9202657807309,0.043797752404198025
785.9401993355482,0.042099607866005584
785.9601328903656,0.04040214894624191
785.9800664451827,0.03871258074158868
786.0000000000001,0.037039080432782576
786.0199335548173,0.03539097129322275
786.0398671096345,0.03377891876037055
786.0598006644519,0.03221514115868143
786.0797342192691,0.03071361832601587
786.0996677740865,0.02929026663117903
786.1196013289036,0.02796302763305259
786.139534883721,0.026751790960898292
786.1594684385383,0.02567804589077992
786.1794019933556,0.024764145121898173
786.1993355481728,0.024032092844224792
786.21926910299,0.02350186399098818
786.2392026578074,0.02318942850377501
786.2591362126246,0.023104847187775533
786.2790697674419,0.023250918604932762
786.2990033222592,0.023622780613086765
786.3189368770765,0.024208594460700245
786.3388704318937,0.024991094459709352
786.3588039867111,0.025949557161660638
786.3787375415283,0.027061726080567252
786.3986710963455,0.028305374831610365
786.4186046511628,0.029659385703332194
786.4385382059801,0.031104370010280775
786.4584717607975,0.03262293145028582
786.4784053156146,0.03419968875952643
786.498338870432,0.03582115685242285
786.5182724252492,0.037475558346284785
786.5382059800666,0.03915261184157181
786.5581395348838,0.04084332386250674
786.578073089701,0.04253979820669316
786.5980066445184,0.04423506831817195
786.6179401993355,0.045922953663401773
786.6378737541529,0.047597938691551545
786.6578073089702,0.04925507190124076
786.6777408637874,0.050889882227615854
786.6976744186047,0.05249831004626804
786.717607973422,0.05407665035304188
786.7375415282393,0.05562150600413487
786.7574750830565,0.05712974922818618
786.7774086378738,0.0585984899223024
786.7973421926911,0.06002504950581414
786.8172757475083,0.061406939327726735
786.8372093023256,0.06274184280830336
786.8571428571429,0.06402760064697512
786.8770764119602,0.06526219855268754
786.8970099667775,0.06644375705313552
786.9169435215947,0.0675705230209715
786.936877076412,0.06864086262108227
786.9568106312292,0.06965325543628323
786.9767441860465,0.07060628957244088
786.9966777408639,0.07149865757885202
787.0166112956811,0.07232915304884227
787.0365448504984,0.0730966677886161
787.0564784053156,0.07380018946178875
787.076411960133,0.07443879963286301
787.0963455149503,0.07501167214583905
787.1162790697674,0.07551807178520599
787.1362126245848,0.07595735317539135
787.156146179402,0.07632895988268396
787.1760797342193,0.07663242368988157
787.1960132890366,0.07686736401956314
787.2159468438539,0.07703348748681875
787.2358803986712,0.07713058756632245
787.2558139534883,0.07715854436261017
787.2757475083057,0.07711732447582824
787.295681063123,0.07700698095854
787.3156146179402,0.07682765336221359
787.3355481727575,0.07657956787528068
787.3554817275748,0.07626303755763267
787.375415282392,0.07587846267987611
787.3953488372094,0.07542633117903759
787.4152823920266,0.0749072192464259
787.4352159468439,0.07432179206763241
787.4551495016611,0.07367080473950853
787.4750830564784,0.07295510339480543
787.4950166112958,0.07217562657167866
787.514950166113,0.07133340687312856
787.5348837209303,0.07042957297088566
787.5548172757475,0.06946535201921718
787.5747508305649,0.06844207255783069
787.5946843853822,0.06736116799912488
787.6146179401993,0.0662241808150085
787.6345514950167,0.06503276756256217
787.6544850498339,0.06378870491755416
787.6744186046512,0.062493896921057265
787.6943521594685,0.06115038368929606
787.7142857142858,0.059760351891957435
787.734219269103,0.05832614737248802
787.7541528239203,0.05685029036796862
787.7740863787376,0.05533549389000596
787.7940199335549,0.05378468595593569
787.8139534883721,0.05220103651588357
787.8338870431894,0.05058799011140916
787.8538205980067,0.048949305529226605
787.873754152824,0.047289103981376895
787.8936877076412,0.0456119276480881
787.9136212624585,0.04392281074825267
787.9335548172759,0.04222736562155318
787.953488372093,0.04053188654831423
787.9734219269103,0.03884347406825799
787.9933554817276,0.03717018215760385
788.0132890365448,0.03552118939386231
788.0332225913622,0.03390699254856293
788.0531561461794,0.03233961594531048
788.0730897009968,0.030832821089883767
788.0930232558139,0.02940228699030557
788.1129568106313,0.028065711089736083
788.1328903654486,0.026842754534324022
788.1528239202657,0.025754728879545108
788.1727574750831,0.02482390777547733
788.1926910299003,0.024072370115864702
788.2126245847177,0.023520367740484056
788.232558139535,0.023184370689203843
788.2524916943522,0.023075136760415768
788.2724252491695,0.023196279252948215
788.2923588039868,0.023543754384575854
788.312292358804,0.0241064322540662
788.3322259136213,0.024867569363187358
788.3521594684386,0.025806752552884334
788.3720930232558,0.026901843595485316
788.3920265780731,0.028130587717918203
788.4119601328904,0.029471743385735123
788.4318936877078,0.030905747026553132
788.4518272425249,0.0324150089381021
788.4717607973422,0.0339839568248804
788.4916943521595,0.035598928592833284
788.5116279069767,0.037247989165578914
788.5315614617941,0.03892072011062173
788.5514950166113,0.04060801072391402
788.5714285714287,0.04230186545646607
788.5913621262458,0.043995233978836784
788.6112956810632,0.045681865239862396
788.6312292358805,0.04735618428875378
788.6511627906976,0.04901318945942077
788.671096345515,0.050648367146844765
788.6910299003322,0.052257621457245496
788.7109634551496,0.05383721626290313
788.7308970099668,0.05538372751388646
788.7508305647841,0.056894003987217806
788.7707641196014,0.058365134957149054
788.7906976744187,0.0597944235360861
788.8106312292359,0.0611793646615898
788.8305647840532,0.06251762689279163
788.8504983388705,0.06380703733471382
788.8704318936877,0.06504556913494221
788.890365448505,0.06623133110011752
788.9102990033223,0.06736255906275952
788.9302325581397,0.06843760869643183
788.9501661129568,0.06945494953178698
788.9700996677742,0.07041315997034686
788.9900332225914,0.07131092312888995
789.0099667774086,0.07214702337640048
789.029900332226,0.07292034344977256
789.0498338870432,0.07362986205377298
789.0697674418606,0.07427465186701018
789.0897009966777,0.07485387788905168
789.1096345514951,0.07536679607473831
789.1295681063124,0.07581275221110273
789.1495016611296,0.07619118100002122
789.1694352159469,0.07650160531635299
789.1893687707641,0.07674363561691788
789.2093023255815,0.07691696948059847
789.2292358803987,0.07702139126414934
789.249169435216,0.07705677186212505
789.2691029900333,0.07702306856284581
789.2890365448505,0.07692032499566763
789.3089700996678,0.07674867116784333
789.3289036544852,0.07650832359252936
789.3488372093024,0.07619958551243466
789.3687707641196,0.07582284722706628
789.3887043189369,0.07537858653489789
789.4086378737542,0.07486736930565217
789.4285714285716,0.07428985020217578
789.4485049833887,0.07364677357620819
789.4684385382061,0.0729389745679455
789.4883720930233,0.07216738044586966
789.5083056478405,0.071333012230926
789.5282392026579,0.07043698665836333
789.5481727574751,0.06948051854141146
789.5681063122925,0.06846492361423205
789.5880398671096,0.0673916219474042
789.607973421927,0.06626214204867703
789.6279069767443,0.065078125785287
789.6478405315615,0.0638413342930888
789.6677740863788,0.06255365507328432
789.687707641196,0.06121711052116782
789.7076411960134,0.05983386818536972
789.7275747508306,0.05840625312238564
789.7475083056479,0.05693676279358582
789.7674418604652,0.05542808505310768
789.7873754152824,0.053883119899817415
789.8073089700997,0.05230500581953241
789.827242524917,0.05069715172926723
789.8471760797343,0.04906327575884897
789.8671096345515,0.04740745236807808
789.8870431893688,0.045734169598457226
789.9069767441861,0.044048398584855125
789.9269102990033,0.04235567777456597
789.9468438538206,0.04066221455526005
789.966777408638,0.03897500705882218
789.9867109634552,0.03730198856824631
790.0066445182725,0.035652195839489774
790.0265780730897,0.03403596015975552
790.046511627907,0.03246511518357729
790.0664451827244,0.030953207242483568
790.0863787375415,0.029515680393947145
790.1063122923589,0.028169988722299113
790.126245847176,0.026935562727696066
790.1461794019934,0.025833529657712635
790.1661129568107,0.024886071764276225
790.186046511628,0.024115324126371105
790.2059800664452,0.02354179227220087
790.2259136212624,0.023182422322771568
790.2458471760798,0.02304864994134757
790.2657807308971,0.02314489428516461
790.2857142857143,0.023467933744430187
790.3056478405316,0.024007362035280547
790.3255813953489,0.024746978708208765
790.3455149501661,0.02566670233712168
790.3654485049835,0.026744530964148288
790.3853820598007,0.027958194237344525
790.405315614618,0.029286334461894176
790.4252491694352,0.030709216721457357
790.4451827242525,0.032209058615282594
790.4651162790699,0.03377009580185593
790.485049833887,0.03537848728090703
790.5049833887044,0.03702213804744784
790.5249169435216,0.038690490387560186
790.544850498339,0.04037431427765177
790.5647840531562,0.042065512963035144
790.5847176079734,0.04375695073321376
790.6046511627908,0.045442304653353
790.624584717608,0.047115939224404345
790.6445182724253,0.04877280165654966
790.6644518272426,0.05040833500651529
790.6843853820599,0.05201840644796534
790.7043189368771,0.05359924817857006
790.7242524916943,0.05514740878399637
790.7441860465117,0.05665971320795008
790.764119601329,0.05813322978333643
790.7840531561462,0.059565243049363364
790.8039867109635,0.06095323130906441
790.8239202657808,0.0622948480733064
790.843853820598,0.06358790669544305
790.8637873754153,0.0648303676295037
790.8837209302326,0.0660203278499532
790.9036544850499,0.06715601205583614
790.9235880398671,0.06823576535119769
790.9435215946844,0.0692580471492429
790.9634551495017,0.07022142609307094
790.9833887043189,0.07112457582242354
791.0033222591363,0.07196627144590077
791.0232558139535,0.0727453866024388
791.0431893687709,0.07346089101582637
791.063122923588,0.07411184846253267
791.0830564784053,0.07469741508670119
791.1029900332227,0.07521683800734023
791.1229235880398,0.07566945417228685
791.1428571428572,0.07605468942126592
791.1627906976744,0.07637205772730467
791.1827242524918,0.07662116059112221
791.202657807309,0.07680168656853277
791.2225913621263,0.0769134109148047
791.2425249169436,0.07695619533420385
791.2624584717607,0.07692998782611951
791.2823920265781,0.0768348226228023
791.3023255813954,0.07667082021663461
791.3222591362127,0.07643818747815644
791.3421926910299,0.0761372178689759
791.3621262458472,0.07576829175719942
791.3820598006645,0.07533187684622664
791.4019933554819,0.07482852873175282
791.421926910299,0.07425889160585779
791.4418604651163,0.07362369913192271
791.4617940199336,0.0729237755196844
791.4817275747508,0.07216003683595308
791.5016611295682,0.07133349259422615
791.5215946843854,0.07044524767541624
791.5415282392028,0.06949650464241851
791.5614617940199,0.0684885665243829
791.5813953488373,0.0674228401619795
791.6013289036546,0.06630084022395538
791.6212624584717,0.0651241940283303
791.6411960132891,0.06389464732993619
791.6611295681063,0.0626140712705185
791.6810631229237,0.06128447073054435
791.7009966777409,0.059907994374255806
791.7209302325582,0.058486946744596424
791.7408637873755,0.057023802844818734
791.7607973421927,0.05552122574252912
791.78073089701,0.05398208785377091
791.8006644518273,0.0524094967141193
791.8205980066446,0.0508068262256054
791.8405315614618,0.04917775458679595
791.8604651162791,0.04752631037191247
791.8803986710964,0.0458569285211331
791.9003322259138,0.04417451832832837
791.9202657807309,0.04248454583639115
791.9401993355482,0.04079313331538572
791.9601328903655,0.039107178592161056
791.9800664451827,0.03743449671756411
792.0000000000001,0.035783985449995864
792.0199335548173,0.03416581373129419
792.0398671096347,0.03259162785712406
792.0598006644518,0.03107476216437188
792.0797342192692,0.029630428267089955
792.0996677740865,0.028275837860558352
792.1196013289036,0.027030189005029428
792.139534883721,0.025914418595353633
792.1594684385382,0.024950605810208713
792.1794019933556,0.024160924061026712
792.1993355481728,0.023566109763546558
792.2192691029901,0.02318356100889965
792.2392026578074,0.02302537146535727
792.2591362126246,0.023096756049376332
792.2790697674419,0.023395317824667614
792.2990033222592,0.02391138792410618
792.3189368770765,0.024629329414930543
792.3388704318937,0.025529414191468407
792.358803986711,0.026589795042577004
792.3787375415283,0.027788199403703962
792.3986710963457,0.029103161576261808
792.4186046511628,0.030514779209305537
792.4385382059802,0.03200507814110655
792.4584717607974,0.03355810110112424
792.4784053156146,0.03515982634359659
792.498338870432,0.036797996713291516
792.5182724252492,0.038461912954391574
792.5382059800666,0.040142223608301365
792.5581395348837,0.041830728827005385
792.5780730897011,0.043520205882953654
792.5980066445184,0.04520425856533786
792.6179401993356,0.04687718965542133
792.6378737541529,0.04853389426080378
792.6578073089701,0.050169771285099536
792.6777408637874,0.05178065029221881
792.6976744186047,0.05336273124250368
792.717607973422,0.05491253488928873
792.7375415282393,0.056426861953240405
792.7574750830565,0.057902759500745984
792.7774086378738,0.059337493225983196
792.7973421926911,0.060728524569743814
792.8172757475083,0.062073491803557666
792.8372093023256,0.06337019436853265
792.8571428571429,0.06461657989012708
792.8770764119602,0.06581073339703608
792.8970099667774,0.066950868359391
792.9169435215947,0.06803531923166586
792.9368770764121,0.06906253524273177
792.9568106312292,0.07003107522163887
792.9767441860466,0.07093960328533121
792.9966777408638,0.0717868852447423
793.0166112956811,0.07257178561107339
793.0365448504984,0.07329326510398745
793.0564784053156,0.07395037858059894
793.076411960133,0.07454227331769579
793.0963455149501,0.07506818759138828
793.1162790697675,0.07552744950763568
793.1362126245848,0.07591947604547804
793.156146179402,0.07624377228133962
793.1760797342193,0.07649993076872073
793.1960132890365,0.07668763105266847
793.2159468438539,0.07680663930262459
793.2358803986712,0.07685680805141877
793.2558139534884,0.0768380760315803
793.2757475083057,0.07675046810352835
793.295681063123,0.07659409527326397
793.3156146179402,0.07636915480047739
793.3355481727575,0.07607593040087691
793.3554817275748,0.0757147925498857
793.375415282392,0.0752861988983701
793.3953488372093,0.07479069481450908
793.4152823920266,0.07422891407049576
793.435215946844,0.07360157969699609
793.4551495016611,0.07290950503413077
793.4750830564785,0.07215359501369596
793.4950166112957,0.07133484771496154
793.514950166113,0.07045435624507554
793.5348837209303,0.06951331100557512
793.5548172757475,0.06851300241924743
793.5747508305649,0.06745482420665266
793.594684385382,0.06634027732029615
793.6146179401994,0.06517097466693156
793.6345514950167,0.06394864677613554
793.654485049834,0.06267514860710674
793.6744186046512,0.0613524677274266
793.6943521594684,0.059982734148824775
793.7142857142858,0.05856823216844001
793.734219269103,0.05711141464230607
793.7541528239203,0.0556149202144961
793.7740863787376,0.05408159414431206
793.7940199335549,0.05251451351980871
793.8139534883721,0.05091701782381421
793.8338870431894,0.049292746032681634
793.8538205980067,0.04764568168169639
793.873754152824,0.045980207623088035
793.8936877076412,0.04430117252389905
793.9136212624585,0.04261397147636118
793.9335548172758,0.04092464336802722
793.953488372093,0.039239987778024205
793.9734219269104,0.03756770393648369
793.9933554817276,0.035916553378078926
794.013289036545,0.03429654579456314
794.0332225913621,0.03271914340875749
794.0531561461794,0.031197471758560354
794.0730897009968,0.029746512609031543
794.0930232558139,0.02838323643441809
794.1129568106313,0.027126607411226755
794.1328903654485,0.025997366559810605
794.1528239202659,0.025017478972693512
794.1727574750831,0.024209139214488515
794.1926910299003,0.02359329224155874
794.2126245847177,0.023187763972694102
794.2325581395348,0.02300528555593948
794.2524916943522,0.023051856385152353
794.2724252491695,0.023325905377540722
794.2923588039868,0.023818513864788317
794.312292358804,0.024514628446392298
794.3322259136213,0.025394896021180224
794.3521594684386,0.026437643045003796
794.3720930232558,0.0276206086630972
794.3920265780731,0.02892222783456114
794.4119601328904,0.030322435063803752
794.4318936877077,0.031803065614202396
794.4518272425249,0.033347968543742806
794.4717607973423,0.034942939586561236
794.4916943521595,0.03657555723233223
794.5116279069769,0.03823497841265982
794.531561461794,0.03991172809499531
794.5514950166113,0.04159750142198705
794.5714285714287,0.04328498698434061
794.5913621262458,0.04496771387639984
794.6112956810632,0.04663992196476699
794.6312292358804,0.048296453255349196
794.6511627906978,0.04993266166669269
794.671096345515,0.051544338461420716
794.6910299003323,0.05312765078792529
794.7109634551496,0.054679091089366694
794.7308970099667,0.05619543546546404
794.7508305647841,0.05767370938412389
794.7707641196014,0.059111159416946814
794.7906976744187,0.06050522991002597
794.8106312292359,0.06185354370047334
794.8305647840532,0.0631538861532217
794.8504983388705,0.06440419192721748
794.8704318936879,0.06560253398934913
794.890365448505,0.06674711448321909
794.9102990033223,0.06783625713179577
794.9302325581396,0.06886840091104357
794.9501661129568,0.06984209477893004
794.9700996677742,0.07075599328242506
794.9900332225914,0.07160885289632749
795.0099667774087,0.0723995289732012
795.0299003322259,0.07312697320440761
795.0498338870433,0.07379023150946101
795.0697674418606,0.07438844228497866
795.0897009966777,0.07492083495617756
795.1096345514951,0.07538672878363951
795.1295681063123,0.0757855318862987
795.1495016611296,0.07611674044842019
795.1694352159469,0.07637993808435029
795.1893687707642,0.07657479533985945
795.2093023255815,0.07670106931338329
795.2292358803987,0.07675860338438825
795.249169435216,0.07674732703981506
795.2691029900333,0.0766672557926516
795.2890365448505,0.07651849119017141
795.3089700996678,0.07630122091212689
795.3289036544851,0.07601571896259272
795.3488372093024,0.07566234596215718
795.3687707641197,0.07524154955065372
795.3887043189369,0.07475386491428344
795.4086378737542,0.07419991545515088
795.4285714285714,0.07358041362569877
795.4485049833887,0.0728961619560784
795.4684385382061,0.07214805430844526
795.4883720930233,0.07133707739962807
795.5083056478406,0.07046431264204282
795.5282392026578,0.06953093836319131
795.5481727574752,0.06853823247626026
795.5681063122925,0.06748757568941892
795.5880398671096,0.06638045535936354
795.607973421927,0.06521847011687962
795.6279069767442,0.06400333541904411
795.6478405315615,0.06273689021591847
795.6677740863788,0.061421104960121105
795.6877076411961,0.06005809123806034
795.7076411960134,0.05865011336326518
795.7275747508306,0.057199602348914254
795.7475083056479,0.055709172770789774
795.7674418604652,0.05418164314827223
795.7873754152824,0.052620060613444396
795.8073089700997,0.051027730812334735
795.827242524917,0.04940825419196225
795.8471760797343,0.04776557007583234
795.8671096345515,0.04610401021808941
795.8870431893688,0.044428363844994066
795.9069767441862,0.042743956518403514
795.9269102990033,0.041056745439361345
795.9468438538206,0.039373433951862886
795.9667774086379,0.03770160782779952
795.9867109634552,0.036049895101869955
796.0066445182725,0.034428149266644746
796.0265780730897,0.03284765173137859
796.0465116279071,0.031321322441512804
796.0664451827242,0.029863915985599156
796.0863787375416,0.028492162969144523
796.1063122923589,0.02722479257265126
796.126245847176,0.02608234492363551
796.1461794019934,0.02508666066485478
796.1661129568106,0.024259939013563506
796.186046511628,0.023623311607286326
796.2059800664452,0.023195008078803137
796.2259136212625,0.022988375932331582
796.2458471760798,0.023010186616959114
796.2657807308971,0.02325969475768348
796.2857142857143,0.02372874360326894
796.3056478405316,0.024402882786765664
796.3255813953489,0.0252631559426717
796.3455149501661,0.026288082532749123
796.3654485049834,0.02745542788797396
796.3853820598007,0.028743536801685884
796.4053156146181,0.030132185318306498
796.4252491694352,0.03160301957394008
796.4451827242526,0.03313969436299487
796.4651162790698,0.0347278211958979
796.485049833887,0.036354812022978904
796.5049833887044,0.03800967768432776
796.5249169435216,0.03968281741186527
796.544850498339,0.04136581939459143
796.5647840531561,0.043051281847916886
796.5847176079735,0.0447326577255083
796.6046511627908,0.04640412276040262
796.624584717608,0.048060464837080645
796.6445182724253,0.049696992039556694
796.6644518272425,0.05130945662300347
796.6843853820599,0.05289399233707666
796.7043189368771,0.054447062826811
796.7242524916944,0.05596541916467369
796.7441860465117,0.05744606488115029
796.764119601329,0.05888622714194002
796.7840531561462,0.060283332961135395
796.8039867109635,0.061634989542248435
796.8239202657808,0.06293896800664892
796.843853820598,0.06419318990590953
796.8637873754153,0.06539571602651863
796.8837209302326,0.06654473708577267
796.9036544850499,0.06763856599128593
796.9235880398671,0.06867563139587415
796.9435215946845,0.0696544723278283
796.9634551495017,0.0705737337156708
796.9833887043189,0.07143216265834618
797.0033222591362,0.07222860531774757
797.0232558139535,0.07296200433168167
797.0431893687709,0.07363139666288193
797.063122923588,0.07423591181400332
797.0830564784054,0.07477477035049619
797.1029900332226,0.07524728268319114
797.12292358804,0.07565284807066718
797.1428571428572,0.07599095380864568
797.1627906976744,0.07626117457955384
797.1827242524918,0.07646317194060588
797.2026578073089,0.07659669393323641
797.2225913621263,0.07666157480082819
797.2425249169436,0.07665773480513484
797.2624584717609,0.07658518013535989
797.2823920265781,0.07644400290680861
797.3023255813954,0.07623438124935675
797.3222591362127,0.07595657948884288
797.3421926910299,0.07561094842789323
797.3621262458472,0.07519792573590417
797.3820598006645,0.07471803646160838
797.4019933554817,0.07417189368576639
797.421926910299,0.07356019933596299
797.4418604651164,0.07288374519083113
797.4617940199336,0.07214341410698506
797.481727574751,0.07134018150919841
797.5016611295681,0.07047511719269738
797.5215946843854,0.06954938749658657
797.5415282392028,0.06856425791940324
797.5614617940199,0.0675210962625955
797.5813953488373,0.06642137640519
797.6013289036545,0.06526668283469378
797.6212624584718,0.06405871608550495
797.6411960132891,0.06279929926853033
797.6611295681063,0.061490385915425924
797.6810631229237,0.060134069409830994
797.7009966777408,0.05873259433850399
797.7209302325582,0.057288370169731304
797.7408637873755,0.05580398775866727
797.7607973421927,0.054282239292524084
797.78073089701,0.05272614242811802
797.8006644518273,0.0511389695439974
797.8205980066446,0.04952428323497913
797.8405315614618,0.04788597942092401
797.8604651162791,0.04622833972486705
797.8803986710964,0.044556095090828994
797.9003322259136,0.042874502937962126
797.9202657807309,0.04118944043844437
797.9401993355483,0.039507516669930444
797.9601328903655,0.037836206260172325
797.9800664451828,0.036184006417876176
798.0,0.03456061744219654
798.0199335548173,0.03297714315915235
798.0398671096347,0.0314463011341928
798.0598006644518,0.029982621521283812
798.0797342192692,0.028602596580291077
798.0996677740864,0.027324719697055497
798.1196013289037,0.02616932557170463
798.139534883721,0.025158120668808272
798.1594684385383,0.02431329303928846
798.1794019933556,0.023656139660045816
798.1993355481727,0.023205269850871478
798.2192691029901,0.022974625817753013
798.2392026578074,0.022971737548414337
798.2591362126246,0.023196683904872662
798.2790697674419,0.023642080664341883
798.2990033222592,0.02429409941901253
798.3189368770765,0.025134202265698912
798.3388704318938,0.026141121402319556
798.358803986711,0.02729266337059448
798.3787375415283,0.028567092499090257
798.3986710963455,0.02994403146571851
798.4186046511628,0.0314049390016406
798.4385382059802,0.032933275206018686
798.4584717607974,0.034514465739722236
798.4784053156147,0.03613575385410098
798.4983388704319,0.037786002012661656
798.5182724252493,0.039455481528416436
798.5382059800666,0.04113567166437913
798.5581395348837,0.042819078538043745
798.5780730897011,0.04449907748926941
798.5980066445183,0.046169778874282245
798.6179401993356,0.04782591541535131
798.6378737541529,0.04946274849466738
798.6578073089702,0.051075990638844174
798.6777408637874,0.052661741599528196
798.6976744186047,0.05421643572537898
798.717607973422,0.055736798646724026
798.7375415282393,0.05721981161056065
798.7574750830565,0.058662682087449125
798.7774086378738,0.06006281951718935
798.7973421926911,0.06141781526639241
798.8172757475083,0.06272542604192391
798.8372093023256,0.06398356014412859
798.8571428571429,0.06519026605794648
798.8770764119602,0.06634372297234775
798.8970099667774,0.06744223289381267
798.9169435215947,0.06848421408004238
798.936877076412,0.06946819556955003
798.9568106312292,0.0703928126225561
798.9767441860466,0.07125680292118645
798.9966777408638,0.07205900340349711
799.0166112956812,0.0727983476274346
799.0365448504983,0.07347386357874779
799.0564784053156,0.0740846718514139
799.076411960133,0.07462998414135834
799.0963455149501,0.07510910200440206
799.1162790697675,0.0755214158376816
799.1362126245847,0.07586640405117911
799.1561461794021,0.07614363240183836
799.1760797342193,0.07635275346819885
799.1960132890366,0.07649350624793755
799.2159468438539,0.0765657158647837
799.235880398671,0.07656929337495934
799.2558139534884,0.07650423566663907
799.2757475083057,0.07637062544913993
799.295681063123,0.07616863133162854
799.3156146179402,0.07589850799423242
799.3355481727575,0.07556059645759168
799.3554817275748,0.07515532446027884
799.3754152823922,0.07468320695708369
799.3953488372093,0.07414484675512953
799.4152823920266,0.07354093530941157
799.4352159468439,0.07287225370430843
799.4551495016611,0.0721396738537002
799.4750830564785,0.07134415995935461
799.4950166112957,0.07048677027535659
799.5149501661131,0.06956865923641692
799.5348837209302,0.06859108001957448
799.5548172757476,0.06755538762322423
799.5747508305649,0.0664630425646152
799.594684385382,0.0653156153181162
799.6146179401994,0.06411479164234744
799.6345514950166,0.06286237897574254
799.654485049834,0.06156031411910045
799.6744186046512,0.06021067247138664
799.6943521594685,0.058815679144108055
799.7142857142858,0.057377722352427156
799.734219269103,0.05589936957109634
799.7541528239203,0.0543833870541048
799.7740863787376,0.052832763453092416
799.7940199335549,0.051250738435721525
799.8139534883721,0.04964083740636312
799.8338870431894,0.0480069136708192
799.8538205980067,0.0463531996656568
799.873754152824,0.044684369184416185
799.8936877076412,0.04300561285927095
799.9136212624586,0.04132272945372394
799.9335548172758,0.03964223570480724
799.953488372093,0.037971497362625124
799.9734219269103,0.03631888343430733
799.9933554817276,0.03469394398575261
800.013289036545,0.03310760845896943
800.0332225913621,0.03157239525338357
800.0531561461795,0.03010261289147136
800.0730897009967,0.028714516968503467
800.0930232558139,0.027426364573075453
800.1129568106313,0.026258280907588107
800.1328903654485,0.025231829150129358
800.1528239202659,0.024369171048442613
800.172757475083,0.023691748121653332
800.1926910299004,0.023218525491683423
800.2126245847177,0.022964017948702738
800.232558139535,0.02293649945769719
800.2524916943522,0.023136870327441807
800.2724252491694,0.023558528328807497
800.2923588039868,0.024188285301956224
800.312292358804,0.025008043474654393
800.3322259136213,0.02599676787244567
800.3521594684386,0.02713232181555255
800.3720930232558,0.028392899401440293
800.3920265780731,0.029757975457743627
800.4119601328905,0.031208823321207318
800.4318936877077,0.03272870813496077
800.4518272425249,0.03430286816932368
800.4717607973422,0.03591837584586592
800.4916943521595,0.03756394296258309
800.5116279069769,0.039229710709452956
800.531561461794,0.04090704742332529
800.5514950166114,0.04258836537195609
800.5714285714286,0.04426696078062351
800.5913621262459,0.0459368773607488
800.6112956810632,0.04759279161014842
800.6312292358804,0.04922991732371085
800.6511627906978,0.05084392656306994
800.6710963455149,0.05243088446991669
800.6910299003323,0.053987195587654885
800.7109634551496,0.05550955968084926
800.7308970099668,0.05699493535966983
800.7508305647841,0.058440510104236676
800.7707641196014,0.05984367553271272
800.7906976744187,0.06120200696723205
800.8106312292359,0.06251324652563287
800.8305647840532,0.06377528911013944
800.8504983388705,0.06498617078035766
800.8704318936877,0.06614405909266428
800.890365448505,0.06724724506463028
800.9102990033224,0.06829413648515331
800.9302325581396,0.06928325234133714
800.9501661129569,0.07021321817385043
800.9700996677741,0.07108276220576903
800.9900332225914,0.07189071211699258
801.0099667774087,0.07263599235823688
801.0299003322259,0.07331762191707142
801.0498338870433,0.07393471246312562
801.0697674418604,0.0744864668121432
801.0897009966778,0.07497217765880466
801.1096345514951,0.07539122653690312
801.1295681063123,0.07574308297263155
801.1495016611296,0.07602730380308181
801.1694352159468,0.07624353263722643
801.1893687707642,0.07639149944140142
801.2093023255815,0.07647102023533513
801.2292358803987,0.07648199688853748
801.249169435216,0.07642441701012188
801.2691029900333,0.07629835392854221
801.2890365448505,0.07610396676059515
801.3089700996678,0.07584150057232882
801.3289036544851,0.07551128663747027
801.3488372093024,0.07511374280246486
801.3687707641196,0.0746493739706712
801.3887043189369,0.07411877272226698
801.4086378737543,0.07352262009081195
801.4285714285714,0.07286168652253061
801.4485049833888,0.07213683305015749
801.468438538206,0.07134901272013902
801.4883720930233,0.07049927231999344
801.5083056478406,0.06958875446244973
801.5282392026578,0.0686187000944261
801.5481727574752,0.06759045151296335
801.5681063122923,0.06650545598720148
801.5880398671097,0.06536527010604495
801.607973421927,0.06417156499636956
801.6279069767443,0.06292613258754903
801.6478405315615,0.061630893135871216
801.6677740863787,0.060287904269300446
801.6877076411961,0.0588993718704762
801.7076411960134,0.05746766318709629
801.7275747508306,0.05599532264653086
801.7475083056479,0.054485090959852656
801.7674418604652,0.05293992823328919
801.7873754152824,0.051363041967775025
801.8073089700997,0.04975792102400124
801.827242524917,0.04812837686524519
801.8471760797343,0.04647859366443307
801.8671096345515,0.044813189170232616
801.8870431893688,0.043137288552391656
801.9069767441861,0.041456613749258756
801.9269102990033,0.03977759104074653
801.9468438538207,0.03810747951884908
801.9667774086379,0.03645452256431361
801.9867109634553,0.034828122923875
802.0066445182724,0.03323903882188539
802.0265780730897,0.031699592702853635
802.0465116279071,0.030223874314411953
802.0664451827242,0.028827904413902823
802.0863787375416,0.027529703569188883
802.1063122923588,0.02634918385918425
802.1262458471762,0.025307756671595533
802.1461794019934,0.024427542994511126
802.1661129568107,0.023730108660798572
802.186046511628,0.02323475090424013
802.2059800664451,0.022956534585956978
802.2259136212625,0.02290446209473214
802.2458471760798,0.023080251087250148
802.2657807308971,0.02347808961149282
802.2857142857143,0.024085447347739132
802.3056478405316,0.024884688209899385
802.3255813953489,0.025855030471312823
802.3455149501661,0.02697441033250375
802.3654485049834,0.028220962433630342
802.3853820598007,0.029574019704691517
802.405315614618,0.031014672400439973
802.4252491694352,0.03252599062889598
802.4451827242526,0.03409302382105576
802.4651162790698,0.03570267147133684
802.4850498338872,0.03734349242187099
802.5049833887043,0.039005495515775944
802.5249169435216,0.04067993613607187
802.544850498339,0.04235913091961369
802.5647840531561,0.04403629544833947
802.5847176079735,0.04570540549572333
802.6046511627907,0.04736108025106727
802.6245847176081,0.04899848501783928
802.6445182724253,0.05061325064071197
802.6644518272426,0.05220140702639849
802.6843853820599,0.05375932839342087
802.704318936877,0.055283688207979007
802.7242524916944,0.056771422082648335
802.7441860465117,0.05821969720557776
802.764119601329,0.05962588712081876
802.7840531561462,0.060987550894092406
802.8039867109635,0.06230241587605621
802.8239202657808,0.06356836342076035
802.843853820598,0.06478341703604712
802.8637873754153,0.0659457325391197
802.8837209302326,0.06705358986887369
802.9036544850499,0.06810538626995707
802.9235880398671,0.06909963061484943
802.9435215946844,0.07003493867201518
802.9634551495017,0.07091002916199851
802.983388704319,0.07172372047104152
803.0033222591362,0.07247492791418805
803.0232558139536,0.07316266145862259
803.0431893687708,0.07378602383302432
803.063122923588,0.0743442089613559
803.0830564784054,0.0748365006702093
803.1029900332226,0.07526227162724095
803.12292358804,0.07562098247602282
803.1428571428571,0.07591218113860253
803.1627906976745,0.07613550226268315
803.1827242524918,0.07629066679489155
803.202657807309,0.07637748166582083
803.2225913621263,0.07639583957626937
803.2425249169435,0.07634571887746722
803.2624584717609,0.07622718354128039
803.2823920265781,0.07604038321964474
803.3023255813954,0.07578555339528259
803.3222591362127,0.07546301562919222
803.3421926910299,0.07507317791344187
803.3621262458472,0.07461653514152768
803.3820598006646,0.07409366971231397
803.4019933554817,0.07350525228801986
803.421926910299,0.07285204273168179
803.4418604651163,0.07213489125521844
803.4617940199336,0.07135473981610926
803.481727574751,0.07051262380845531
803.5016611295681,0.069609674103842
803.5215946843855,0.06864711950868388
803.5415282392026,0.0676262897184398
803.5614617940199,0.06654861886565168
803.5813953488373,0.06541564977895242
803.6013289036545,0.06422903909476084
803.6212624584718,0.06299056339357645
803.641196013289,0.06170212656984272
803.6611295681064,0.060365768689887474
803.6810631229237,0.058983676648811614
803.7009966777409,0.05755819700656711
803.7209302325582,0.056091851469116334
803.7408637873754,0.05458735558649266
803.7607973421927,0.053047641369194085
803.78073089701,0.05147588468346316
803.8006644518273,0.04987553847847401
803.8205980066446,0.04825037312886558
803.8405315614618,0.046604525445525916
803.8604651162791,0.04494255821230968
803.8803986710965,0.04326953243065685
803.9003322259136,0.04159109476141992
803.9202657807309,0.03991358286947177
803.9401993355482,0.0382441513619673
803.9601328903655,0.03659092051967963
803.9800664451828,0.034963148637841134
804.0,0.033371425854882564
804.0199335548174,0.03182788186485755
804.0398671096345,0.030346390543364323
804.0598006644519,0.028942739770432106
804.0797342192692,0.02763471363222661
804.0996677740864,0.026442007883729413
804.1196013289037,0.025385874206060813
804.1395348837209,0.024488379048040056
804.1594684385383,0.023771192917160854
804.1794019933556,0.023253921713331398
804.1993355481728,0.022952157526587264
804.2192691029901,0.022875614679639507
804.2392026578074,0.023026822785349177
804.2591362126246,0.0234007672394182
804.2790697674419,0.023985592398723082
804.2990033222592,0.024764145248274406
804.3189368770765,0.025715918022715632
804.3388704318937,0.026818936428021856
804.358803986711,0.028051286967074658
804.3787375415284,0.029392167074683322
804.3986710963455,0.03082248655183091
804.4186046511629,0.032325120585265134
804.4385382059801,0.033884928417889974
804.4584717607974,0.03548863455776014
804.4784053156147,0.03712464260198004
804.4983388704319,0.03878282680455638
804.5182724252493,0.04045432753982801
804.5382059800664,0.0421313640031723
804.5581395348838,0.04380706957614086
804.5780730897011,0.045475350775557005
804.5980066445183,0.0471307683758529
804.6179401993356,0.0487684382660374
804.6378737541528,0.050383949305843626
804.6578073089702,0.051973295528732595
804.6777408637874,0.053532820297643655
804.6976744186047,0.05505917033864607
804.717607973422,0.05654925789833389
804.7375415282393,0.058000229565089705
804.7574750830565,0.059409440551029404
804.7774086378738,0.06077443344913646
804.7973421926911,0.062092920660951886
804.8172757475083,0.06336276983916983
804.8372093023256,0.06458199181070223
804.8571428571429,0.06574873054465945
804.8770764119602,0.06686125480947834
804.8970099667774,0.06791795122828748
804.9169435215948,0.0689173184941511
804.936877076412,0.0698579625492681
804.9568106312292,0.07073859256687272
804.9767441860465,0.0715580176028838
804.9966777408638,0.07231514380713991
805.0166112956812,0.07300897210323086
805.0365448504983,0.07363859626129722
805.0564784053157,0.07420320130107358
805.0764119601329,0.07470206217317191
805.0963455149503,0.07513454267552241
805.1162790697675,0.07550009456940072
805.1362126245847,0.07579825686582989
805.1561461794021,0.07602865525873784
805.1760797342192,0.07619100168587921
805.1960132890366,0.07628509400277086
805.2159468438539,0.07631081575873555
805.2358803986712,0.0762681360674419
805.2558139534884,0.07615710956767288
805.2757475083057,0.07597787647312744
805.295681063123,0.07573066271313802
805.3156146179402,0.07541578016924107
805.3355481727575,0.07503362701596575
805.3554817275748,0.0745846881775376
805.375415282392,0.07406953591614951
805.3953488372093,0.07348883057169811
805.4152823920267,0.07284332147783902
805.4352159468439,0.07213384808482283
805.4551495016613,0.07136134132621448
805.4750830564784,0.07052682527440497
805.4950166112957,0.06963141913911274
805.5149501661131,0.06867633967417881
805.5348837209302,0.06766290407133144
805.5548172757476,0.06659253343591413
805.5747508305648,0.06546675695906973
805.5946843853822,0.06428721692529415
805.6146179401994,0.06305567472329643
805.6345514950167,0.06177401806469615
805.654485049834,0.06044426965935959
805.6744186046511,0.0590685976512608
805.6943521594685,0.05764932818648909
805.7142857142858,0.056188960568682104
805.734219269103,0.0546901855605036
805.7541528239203,0.053155907516574834
805.7740863787376,0.05158927118864929
805.7940199335549,0.04999369423230499
805.8139534883721,0.04837290667022749
805.8338870431894,0.04673099883213696
805.8538205980067,0.045072479592246834
805.873754152824,0.04340234704805157
805.8936877076412,0.04172617409548859
805.9136212624585,0.04005021158588419
805.9335548172758,0.03838151176927562
805.9534883720931,0.03672807430448189
805.9734219269103,0.035099015856226365
805.9933554817276,0.03350476157266192
806.0132890365448,0.031957251591522566
806.0332225913621,0.030470146858567502
806.0531561461795,0.0290590044598064
806.0730897009967,0.02774137228539909
806.093023255814,0.02653672697199649
806.1129568106312,0.025466153148514664
806.1328903654486,0.024551649616250074
806.1528239202659,0.023814972525417547
806.172757475083,0.02327601328768382
806.1926910299004,0.022950868117254903
806.2126245847176,0.022849945902626526
806.232558139535,0.022976581548955623
806.2524916943522,0.02332656363055377
806.2724252491695,0.02388872720449586
806.2923588039868,0.024646423483307544
806.312292358804,0.025579439631899393
806.3322259136213,0.026665907997181014
806.3521594684386,0.02788387881584106
806.3720930232558,0.02921242089285758
806.3920265780731,0.030632266533526017
806.4119601328904,0.03212609632157941
806.4318936877077,0.0336785780712019
806.451827242525,0.03527625928808585
806.4717607973422,0.036907386039169855
806.4916943521596,0.03856169572995143
806.5116279069767,0.040230211644535774
806.531561461794,0.04190505369673616
806.5514950166114,0.043579271482077055
806.5714285714286,0.045246700916062026
806.5913621262459,0.0469018432292276
806.6112956810631,0.048539763953705614
806.6312292358805,0.05015600918005555
806.6511627906978,0.05174653641658191
806.671096345515,0.05330765762866131
806.6910299003323,0.054835992351098366
806.7109634551495,0.056328429088355565
806.7308970099668,0.057782093514740944
806.7508305647841,0.059194322247272335
806.7707641196014,0.06056264118531522
806.7906976744187,0.061884747595569015
806.8106312292359,0.06315849527291924
806.8305647840532,0.06438188223144853
806.8504983388706,0.0655530404808668
806.8704318936877,0.06667022752525083
806.890365448505,0.06773181928717227
806.9102990033223,0.06873630421388217
806.9302325581396,0.06968227836579302
806.9501661129569,0.07056844132276167
806.9700996677741,0.07139359277252283
806.9900332225915,0.07215662966908128
807.0099667774086,0.07285654386819908
807.0299003322259,0.07349242016296265
807.0498338870433,0.07406343465545759
807.0697674418604,0.07456885341161108
807.0897009966778,0.0750080313551741
807.109634551495,0.07538041136461891
807.1295681063124,0.0756855235431523
807.1495016611296,0.07592298463764785
807.1694352159469,0.07609249758701202
807.1893687707642,0.07619385118496765
807.2093023255813,0.07622691984578808
807.2292358803987,0.07619166346512472
807.249169435216,0.07608812737133838
807.2691029900333,0.07591644236572431
807.2890365448505,0.07567682485324743
807.3089700996678,0.07536957706840834
807.3289036544851,0.07499508740410601
807.3488372093025,0.0745538308549431
807.3687707641196,0.07404636959007806
807.3887043189369,0.07347335367505071
807.4086378737542,0.07283552196683894
807.4285714285714,0.07213370321193968
807.4485049833888,0.07136881738376875
807.468438538206,0.07054187730333197
807.4883720930234,0.06965399059623471
807.5083056478405,0.0687063620499748
807.5282392026579,0.06770029644855477
807.5481727574752,0.0666372019773779
807.5681063122923,0.06551859431058021
807.5880398671097,0.06434610151656665
807.6079734219269,0.06312146994626262
807.6279069767443,0.061846571303956946
807.6478405315615,0.060523411144091835
807.6677740863788,0.059154139091113056
807.6877076411961,0.057741061145459384
807.7076411960134,0.056286654520789736
807.7275747508306,0.054793585558062505
807.7475083056479,0.053264731386260485
807.7674418604652,0.05170320615132247
807.7873754152824,0.05011239281924624
807.8073089700997,0.0484959817807076
807.827242524917,0.046858017744909636
807.8471760797343,0.04520295670726586
807.8671096345515,0.043535735096688295
807.8870431893689,0.04186185352243526
807.9069767441861,0.0401874777839747
807.9269102990033,0.0385195598571952
807.9468438538206,0.03686598120898242
807.9667774086379,0.035235719647744836
807.9867109634553,0.03363903838958271
808.0066445182724,0.03208769119639725
808.0265780730898,0.030595129059189468
808.046511627907,0.02917668046534381
808.0664451827244,0.027849657625848782
808.0863787375416,0.026633315651825966
808.1063122923588,0.025548565327320333
808.1262458471762,0.024617325361954937
808.1461794019933,0.023861419138944722
808.1661129568107,0.023301000762561353
808.186046511628,0.02295264726861458
808.2059800664452,0.022827443925308
808.2259136212625,0.02292952301954302
808.2458471760797,0.023255480873157146
808.2657807308971,0.023794858398743814
808.2857142857143,0.024531531904932326
808.3056478405316,0.02544560467078088
808.3255813953489,0.026515333314568686
808.3455149501661,0.027718744232461737
808.3654485049834,0.029034784940428937
808.3853820598008,0.030444013550209505
808.405315614618,0.03192891657714041
808.4252491694352,0.033473969282635574
808.4451827242525,0.03506554020261732
808.4651162790698,0.036691715595736626
808.4850498338872,0.03834209374388235
808.5049833887043,0.04000757873316287
808.5249169435217,0.04168018932621982
808.5448504983389,0.043352889717998735
808.5647840531562,0.04501944385167391
808.5847176079735,0.04667429226176813
808.6046511627907,0.048312449161362736
808.6245847176081,0.04992941707094431
808.6445182724252,0.051521116307890705
808.6644518272426,0.05308382688646578
808.6843853820599,0.05461414068950057
808.7043189368771,0.05610892209522928
808.7242524916944,0.05756527554298577
808.7441860465117,0.058980518785991254
808.764119601329,0.06035216080448492
808.7840531561462,0.06167788354073099
808.8039867109635,0.06295552677205954
808.8239202657808,0.0641830755649706
808.843853820598,0.06535864985605515
808.8637873754153,0.06648049578905987
808.8837209302326,0.06754697850507761
808.9036544850499,0.06855657613752034
808.9235880398672,0.06950787480804908
808.9435215946844,0.07039956445574283
808.9634551495017,0.07123043536111756
808.9833887043189,0.0719993752505996
809.0033222591362,0.07270536688685794
809.0232558139536,0.07334748606642544
809.0431893687708,0.07392489995944232
809.0631229235881,0.07443686573754882
809.0830564784053,0.07488272944500463
809.1029900332227,0.07526192507617081
809.12292358804,0.07557397382884154
809.1428571428571,0.07581848350873044
809.1627906976745,0.07599514806517406
809.1827242524917,0.07610374724257017
809.202657807309,0.07614414633577771
809.2225913621263,0.07611629604118879
809.2425249169436,0.07602023239857786
809.2624584717609,0.0758560768218332
809.282392026578,0.07562403621976925
809.3023255813954,0.07532440321135882
809.3222591362127,0.07495755644290517
809.3421926910299,0.07452396101807425
809.3621262458472,0.0740241690556335
809.3820598006645,0.07345882039370003
809.4019933554817,0.07282864346415263
809.4219269102991,0.07213445636650086
809.4418604651163,0.07137716817648168
809.4617940199336,0.07055778053266792
809.4817275747508,0.06967738955278852
809.5016611295681,0.06873718814258224
809.5215946843855,0.06773846877247985
809.5415282392026,0.0666826268131988
809.56146179402,0.06557116453996768
809.5813953488372,0.06440569593834973
809.6013289036546,0.06318795247247914
809.6212624584718,0.061919790011322584
809.641196013289,0.06060319715093958
809.6611295681064,0.0592403052230955
809.6810631229235,0.05783340034527372
809.7009966777409,0.05638493794691612
809.7209302325582,0.05489756030509637
809.7408637873755,0.053374117744053914
809.7607973421927,0.05181769430132387
809.78073089701,0.050231638843793974
809.8006644518273,0.048619602833715886
809.8205980066446,0.04698558620070126
809.8405315614618,0.04533399306853417
809.8604651162791,0.04366969940449073
809.8803986710964,0.041998134975875956
809.9003322259136,0.04032538225297845
809.920265780731,0.03865829497641835
809.9401993355482,0.037004638803759156
809.9601328903656,0.03537325541436132
809.9800664451827,0.03377424911189965
810.0,0.03221919044616784
810.0199335548174,0.030721323455401954
810.0398671096345,0.02929575032564949
810.0598006644519,0.02795954832191351
810.0797342192691,0.026731748991148697
810.0996677740865,0.02563308301470233
810.1196013289037,0.024685377221824248
810.139534883721,0.02391050445327424
810.1594684385383,0.023328859062793784
810.1794019933554,0.022957475470852917
810.1993355481728,0.022808096383498008
810.2192691029901,0.022885642342179324
810.2392026578074,0.02318752070575015
810.2591362126246,0.02370399247618385
810.2790697674419,0.024419479578775508
810.2990033222592,0.025314422762619294
810.3189368770766,0.026367221024835994
810.3388704318937,0.027555889903319968
810.358803986711,0.028859263453436437
810.3787375415283,0.030257729253851597
810.3986710963455,0.0317335805147027
810.4186046511629,0.0332710989459684
810.4385382059801,0.0348564722006677
810.4584717607975,0.036477624461235876
810.4784053156146,0.03812401259677129
810.4983388704319,0.03978641936197061
810.5182724252493,0.04145676046916643
810.5382059800664,0.04312791306900892
810.5581395348838,0.044793567734588174
810.578073089701,0.04644810312876675
810.5980066445184,0.048086481163255396
810.6179401993356,0.049704159970578886
810.6378737541529,0.051297021997182106
810.6578073089702,0.05286131474089269
810.6777408637873,0.05439360196205663
810.6976744186047,0.05589072352044022
810.717607973422,0.057349762292765734
810.7375415282393,0.05876801689409165
810.7574750830565,0.06014297915537426
810.7774086378738,0.061472315500806965
810.7973421926911,0.06275385152707466
810.8172757475083,0.06398555921549552
810.8372093023256,0.06516554631332666
810.8571428571429,0.06629204750587958
810.8770764119602,0.06736341706998104
810.8970099667774,0.0683781227555033
810.9169435215947,0.06933474068693374
810.936877076412,0.07023195111385021
810.9568106312294,0.07106853486926402
810.9767441860465,0.0718433704191937
810.9966777408639,0.07255543140691373
811.0166112956811,0.07320378461193773
811.0365448504983,0.073787588257237
811.0564784053157,0.07430609060966092
811.0764119601329,0.0747586288278521
811.0963455149503,0.07514462801991609
811.1162790697674,0.07546360047982398
811.1362126245848,0.07571514507724636
811.1561461794021,0.07589894678041256
811.1760797342193,0.07601477629611322
811.1960132890366,0.07606248981462536
811.2159468438538,0.07604202885103076
811.2358803986712,0.07595342017757356
811.2558139534884,0.07579677584489061
811.2757475083057,0.0755722932930252
811.295681063123,0.07528025555608447
811.3156146179402,0.07492103156787137
811.3355481727575,0.07449507657890354
811.3554817275749,0.07400293269922717
811.375415282392,0.07344522958539249
811.3953488372093,0.07282268529471393
811.4152823920266,0.0721361073352641
811.4352159468439,0.07138639394637354
811.4551495016613,0.07057453565173082
811.4750830564784,0.06970161713597257
811.4950166112958,0.06876881950601575
811.514950166113,0.067777423011076
811.5348837209303,0.06672881031039651
811.5548172757476,0.06562447039617893
811.5747508305648,0.06446600330177936
811.5946843853822,0.0632551257525911
811.6146179401993,0.06199367795089622
811.6345514950167,0.06068363172742623
811.654485049834,0.05932710034354576
811.6744186046512,0.057926350291030215
811.6943521594685,0.05648381551446108
811.7142857142857,0.055002114577206045
811.734219269103,0.053484071410492426
811.7541528239203,0.05193274042992168
811.7740863787376,0.05035143698050533
811.7940199335549,0.04874377428370545
811.8139534883721,0.04711370831126744
811.8338870431894,0.04546559229930954
811.8538205980067,0.04380424293280239
811.873754152824,0.042135020548988066
811.8936877076412,0.04046392597345507
811.9136212624585,0.038797716707117444
811.9335548172758,0.03714404493385816
811.953488372093,0.03551161888440277
811.9734219269103,0.033910386929935685
811.9933554817277,0.0323517395523517
812.0132890365448,0.030848716860299847
812.0332225913622,0.029416197128078796
812.0531561461794,0.028071023609905033
812.0730897009967,0.02683200260020615
812.093023255814,0.02571967893636072
812.1129568106312,0.024755776423811066
812.1328903654486,0.02396220022910328
812.1528239202657,0.023359562926060295
812.1727574750831,0.022965332810190215
812.1926910299004,0.022791890391292577
812.2126245847177,0.02284493415606507
812.232558139535,0.02312268449777484
812.2524916943521,0.02361613576950915
812.2724252491695,0.0243102756251049
812.2923588039868,0.025185903766095002
812.312292358804,0.026221580132715694
812.3322259136213,0.02739532294371913
812.3521594684386,0.028685861121405375
812.3720930232558,0.030073415744448478
812.3920265780732,0.03154008772217958
812.4119601328904,0.033069964349122495
812.4318936877077,0.03464905054238353
812.4518272425249,0.03626510615395418
812.4717607973422,0.03790744433853687
812.4916943521596,0.0395667243610036
812.5116279069767,0.0412347569547899
812.5315614617941,0.0429043305531269
812.5514950166113,0.04456906093406932
812.5714285714287,0.04622326368927462
812.5913621262459,0.04786184742617598
812.6112956810631,0.04948022505410807
812.6312292358805,0.05107424045407253
812.6511627906976,0.05264010803002075
812.671096345515,0.05417436293930426
812.6910299003323,0.05567382012267583
812.7109634551496,0.057135540559676054
812.7308970099668,0.05855680344715903
812.750830564784,0.05993508323171666
812.7707641196014,0.06126803062185568
812.7906976744187,0.0625534568670815
812.8106312292359,0.06378932072297532
812.8305647840532,0.06497371762877088
812.8504983388705,0.06610487071102317
812.8704318936877,0.06718112329762607
812.8903654485051,0.06820093268355001
812.9102990033223,0.06916286493614941
812.9302325581396,0.07006559056543941
812.9501661129568,0.07090788091545575
812.9700996677741,0.07168860515780989
812.9900332225915,0.07240672778905718
813.0099667774086,0.07306130655023986
813.029900332226,0.07365149070101075
813.0498338870432,0.07417651959206019
813.0697674418606,0.07463572148941128
813.0897009966778,0.07502851261195428
813.109634551495,0.07535439635063904
813.1295681063124,0.07561296264339608
813.1495016611295,0.0758038874850442
813.1694352159469,0.07592693255566586
813.1893687707642,0.07598194495504426
813.2093023255815,0.07596885703408791
813.2292358803987,0.07588768631776055
813.249169435216,0.07573853551681659
813.2691029900333,0.07552159262903856
813.2890365448505,0.07523713113348503
813.3089700996678,0.074885510284676
813.3289036544851,0.07446717551680783
813.3488372093024,0.07398265897191704
813.3687707641196,0.07343258016986982
813.388704318937,0.07281764684281844
813.4086378737542,0.07213865596183665
813.4285714285716,0.07139649498982874
813.4485049833887,0.07059214340186476
813.468438538206,0.06972667452277058
813.4883720930234,0.06880125774200398
813.5083056478405,0.06781716117814761
813.5282392026579,0.0667757548801999
813.5481727574751,0.0656785146709674
813.5681063122925,0.06452702675971829
813.5880398671097,0.06332299327827423
813.607973421927,0.06206823892752722
813.6279069767443,0.060764718962113363
813.6478405315614,0.059414528790739524
813.6677740863788,0.05801991553142188
813.6877076411961,0.05658329193696051
813.7076411960134,0.05510725319975356
813.7275747508306,0.05359459726083515
813.7475083056479,0.05204834938960121
813.7674418604652,0.050471791973542304
813.7873754152824,0.04886850066543504
813.8073089700997,0.04724238828208683
813.827242524917,0.045597758133390294
813.8471760797343,0.04393936877425823
813.8671096345515,0.04227251249171745
813.8870431893688,0.04060311011368847
813.9069767441861,0.03893782485436484
813.9269102990035,0.03728419771325207
813.9468438538206,0.035650806105955904
813.9667774086379,0.03404744541061095
813.9867109634552,0.03248532916321081
814.0066445182724,0.030977296581946114
814.0265780730898,0.029538004502129032
814.046511627907,0.02818406329056473
814.0664451827244,0.026934052633267556
814.0863787375415,0.025808326280394596
814.1063122923589,0.024828494503883303
814.1262458471762,0.024016478315018377
814.1461794019933,0.023393086926459816
814.1661129568107,0.022976198986396756
814.1860465116279,0.022778812546695282
814.2059800664452,0.022807392586474764
814.2259136212625,0.02306097323102762
814.2458471760798,0.023531294426510526
814.2657807308971,0.024203929197390592
814.2857142857143,0.025060057758926023
814.3056478405316,0.026078419992500664
814.3255813953489,0.027237050892576203
814.3455149501661,0.028514583085667563
814.3654485049834,0.029891075570652716
814.3853820598007,0.03134843821439222
814.405315614618,0.03287056317617333
814.4252491694353,0.034443270850632916
814.4451827242525,0.03605415452236941
814.4651162790699,0.03769238131956517
814.485049833887,0.039348484834608184
814.5049833887043,0.0410141688640518
814.5249169435217,0.04268213142090972
814.5448504983389,0.04434591203576053
814.5647840531562,0.04599976200510446
814.5847176079734,0.047638535608266336
814.6046511627908,0.049257599678387595
814.6245847176081,0.05085275882169287
814.6445182724253,0.052420193758484404
814.6644518272426,0.05395641055234968
814.6843853820598,0.05545819881600405
814.7043189368771,0.05692259729016971
814.7242524916944,0.058346865467524725
814.7441860465117,0.05972846017037646
814.764119601329,0.061065016189740993
814.7840531561462,0.062354330257908985
814.8039867109635,0.06359434776121398
814.8239202657808,0.064783151709595
814.843853820598,0.06591895356833645
814.8637873754153,0.06700008562976503
814.8837209302326,0.06802499466089242
814.9036544850499,0.06899223661049159
814.9235880398671,0.0699004721975722
814.9435215946844,0.07074846323446156
814.9634551495018,0.07153506956327864
814.9833887043189,0.07225924650543825
815.0033222591363,0.07292004274110353
815.0232558139535,0.07351659854950704
815.0431893687708,0.0740481443529452
815.0631229235881,0.074513999516969
815.0830564784053,0.07491357136746078
815.1029900332227,0.07524635439231746
815.1229235880398,0.07551192960128124
815.1428571428572,0.07570996402264979
815.1627906976745,0.07584021031994101
815.1827242524917,0.07590250651570161
815.202657807309,0.07589677581306575
815.2225913621262,0.07582302650915601
815.2425249169436,0.07568135199738739
815.2624584717609,0.0754719308589747
815.2823920265781,0.07519502704687606
815.3023255813954,0.07485099016868269
815.3222591362127,0.07444025587819511
815.3421926910299,0.07396334638916618
815.3621262458472,0.07342087112865531
815.3820598006645,0.07281352755198976
815.4019933554817,0.07214210214654378
815.421926910299,0.07140747165756883
815.4418604651163,0.07061060457644026
815.4617940199337,0.06975256294004503
815.4817275747508,0.06883450450015005
815.5016611295682,0.06785768533353008
815.5215946843854,0.06682346297823306
815.5415282392026,0.06573330019911648
815.56146179402,0.06458876950701656
815.5813953488372,0.06339155858250176
815.6013289036546,0.0621434767871233
815.6212624584717,0.06084646298485702
815.6411960132891,0.05950259494510303
815.6611295681064,0.0581141006588994
815.6810631229237,0.05668337197421007
815.7009966777409,0.05521298104789839
815.7209302325581,0.05370570022491843
815.7408637873755,0.052164526093761376
815.7607973421927,0.05059270863617155
815.78073089701,0.04899378659315492
815.8006644518273,0.04737163041124332
815.8205980066446,0.04573049441349971
815.8405315614618,0.04407508015062702
815.8604651162792,0.042410613207955916
815.8803986710964,0.04074293602610012
815.9003322259136,0.03907861944371748
815.9202657807309,0.03742509551937872
815.9401993355482,0.03579081344042682
815.9601328903656,0.03418541849003725
815.9800664451827,0.03261995035576327
816.0000000000001,0.03110705041544424
816.0199335548173,0.02966115661266818
816.0398671096347,0.028298647725255716
816.0598006644519,0.027037875789839495
816.0797342192691,0.025898998705416194
816.0996677740865,0.024903503322002585
816.1196013289036,0.024073310669626282
816.139534883721,0.023429405498235845
816.1594684385383,0.02299005333116504
816.1794019933556,0.022768848938496945
816.1993355481728,0.02277301123792344
816.21926910299,0.023002387481951003
816.2392026578074,0.023449474387344744
816.2591362126246,0.024100449460557387
816.2790697674419,0.024936895020833127
816.2990033222592,0.025937750297039985
816.3189368770765,0.027081081706652868
816.3388704318937,0.028345434937568605
816.3588039867111,0.029710711730286794
816.3787375415283,0.031158632434777705
816.3986710963455,0.03267289350945216
816.4186046511628,0.03423912911295909
816.4385382059801,0.03584476374676212
816.4584717607975,0.03747881619186565
816.4784053156146,0.039131692162060215
816.498338870432,0.040794986529823024
816.5182724252492,0.042461305155250643
816.5382059800666,0.044124109841108816
816.5581395348838,0.045777586339991946
816.578073089701,0.04741653355789404
816.5980066445184,0.04903627138067552
816.6179401993355,0.05063256441526333
816.6378737541529,0.05220155909591802
816.6578073089702,0.05373973189122582
816.6777408637874,0.05524384666812515
816.6976744186047,0.056710919579705386
816.717607973422,0.058138190122477944
816.7375415282393,0.059523097249493485
816.7574750830565,0.06086325962827598
816.7774086378738,0.06215645930028174
816.7973421926911,0.0634006281360472
816.8172757475083,0.06459383659231947
816.8372093023256,0.06573428436837092
816.8571428571429,0.06682029263238329
816.8770764119602,0.06785029754858096
816.8970099667775,0.06882284488417406
816.9169435215947,0.06973658551435172
816.936877076412,0.07059027167577374
816.9568106312292,0.07138275384477967
816.9767441860465,0.07211297813821736
816.9966777408639,0.07277998415192713
817.0166112956811,0.07338290316671886
817.0365448504984,0.07392095666334998
817.0564784053156,0.07439345509819113
817.076411960133,0.0747997968995023
817.0963455149503,0.07513946765130494
817.1162790697674,0.0754120394378898
817.1362126245848,0.07561717032714409
817.156146179402,0.0757546039753857
817.1760797342193,0.07582416934042721
817.1960132890366,0.0758257804932142
817.2159468438539,0.07575943652168066
817.2358803986712,0.07562522152363217
817.2558139534884,0.07542330468860559
817.2757475083057,0.0751539404715583
817.295681063123,0.07481746886462283
817.3156146179402,0.0744143157762106
817.3355481727575,0.07394499353059598
817.3554817275748,0.0734101015048765
817.375415282392,0.07281032692487
817.3953488372094,0.07214644584640932
817.4152823920266,0.07141932435467428
817.4352159468439,0.07062992002095256
817.4551495016611,0.06977928366465584
817.4750830564784,0.06886856147807026
817.4950166112958,0.06789899758327479
817.514950166113,0.06687193710477209
817.5348837209303,0.06578882985874697
817.5548172757475,0.06465123478082065
817.5747508305649,0.06346082523986711
817.5946843853822,0.062219395416944295
817.6146179401993,0.06092886796711872
817.6345514950167,0.0595913032295321
817.6544850498339,0.05820891030993517
817.6744186046512,0.056784060432420486
817.6943521594685,0.055319303046650226
817.7142857142858,0.05381738528711804
817.734219269103,0.052281275516494266
817.7541528239203,0.05071419185029959
817.7740863787376,0.04911963675989044
817.7940199335549,0.04750143908833233
817.8139534883721,0.045863805089768034
817.8338870431894,0.044211380410779225
817.8538205980067,0.042549325252858664
817.873754152824,0.04088340524381517
817.8936877076412,0.0392201007168392
817.9136212624585,0.03756673698785532
817.9335548172759,0.03593163755620717
817.953488372093,0.03432430046625618
817.9734219269103,0.03275559462786809
817.9933554817276,0.031237966634994705
818.0132890365448,0.029785638153117622
818.0332225913622,0.028414757831766255
818.0531561461794,0.02714344931518602
818.0730897009968,0.025991670347944817
818.0930232558139,0.024980775077261645
818.1129568106313,0.024132669383253424
818.1328903654486,0.02346849295958161
818.1528239202657,0.023006874827341522
818.1727574750831,0.02276198515452929
818.1926910299003,0.022741783188742915
818.2126245847177,0.022946927404785985
818.232558139535,0.023370681362042622
818.2524916943522,0.023999845568979713
818.2724252491695,0.024816426016060007
818.2923588039868,0.02579958106615382
818.312292358804,0.026927423754421666
818.3322259136213,0.028178422716297773
818.3521594684386,0.02953232767074273
818.3720930232558,0.0309706712570876
818.3920265780731,0.03247695383170965
818.4119601328904,0.03403662168369497
818.4318936877078,0.035636928340957434
818.4518272425249,0.03726674191031134
818.4717607973423,0.0389163379983211
818.4916943521595,0.040577200537170156
818.5116279069767,0.04224184147123596
818.5315614617941,0.04390364336685585
818.5514950166113,0.04555672515877419
818.5714285714287,0.047195829312613395
818.5913621262458,0.04881622787737046
818.6112956810632,0.05041364472066269
818.6312292358805,0.05198419137541553
818.6511627906976,0.05352431420325387
818.671096345515,0.055030750898718644
818.6910299003322,0.05650049467105579
818.7109634551496,0.05793076472249335
818.7308970099668,0.059318981886713584
818.7508305647841,0.06066274849742347
818.7707641196014,0.06195983172800551
818.7906976744187,0.06320814978353362
818.8106312292359,0.06440576044104557
818.8305647840532,0.0655508515267203
818.8504983388705,0.06664173299400697
818.8704318936877,0.06767683032781628
818.890365448505,0.06865467904922794
818.9102990033223,0.0695739201354017
818.9302325581397,0.0704332962020655
818.9501661129568,0.07123164832239946
818.9700996677742,0.0719679133781356
818.9900332225914,0.07264112185639988
819.0099667774086,0.07325039602059269
819.029900332226,0.0737949483958981
819.0498338870432,0.0742740805199623
819.0697674418606,0.0746871819179602
819.0897009966777,0.07503372926841784
819.1096345514951,0.07531328573211907
819.1295681063124,0.07552550042187911
819.1495016611296,0.07567010799537677
819.1694352159469,0.07574692835743162
819.1893687707641,0.07575586646160723
819.2093023255815,0.07569691220451105
819.2292358803987,0.07557014040928609
819.249169435216,0.07537571089783453
819.2691029900333,0.07511386865439178
819.2890365448505,0.07478494408621422
819.3089700996678,0.07438935339045032
819.3289036544852,0.07392759903973847
819.3488372093024,0.07340027040311772
819.3687707641196,0.07280804452312734
819.3887043189369,0.07215168707512737
819.4086378737542,0.07143205354059437
819.4285714285716,0.07065009063308679
819.4485049833887,0.06980683802358315
819.4684385382061,0.06890343042159619
819.4883720930233,0.06794110007992646
819.5083056478406,0.06692117980502278
819.5282392026579,0.06584510657160428
819.5481727574751,0.06471442586089367
819.5681063122925,0.06353079686691589
819.5880398671096,0.062295998745966856
819.607973421927,0.061011938122329655
819.6279069767443,0.059680658109687604
819.6478405315615,0.05830434916526716
819.6677740863788,0.056885362164431866
819.687707641196,0.055426224171000286
819.7076411960134,0.05392965748632206
819.7275747508306,0.05239860269240771
819.7475083056479,0.05083624656608887
819.7674418604652,0.049246055936783904
819.7873754152824,0.04763181879348261
819.8073089700997,0.045997694218331595
819.827242524917,0.04434827302875699
819.8471760797343,0.04268865133031799
819.8671096345515,0.041024519477363845
819.8870431893688,0.03936226912739794
819.9069767441861,0.03770912100733871
819.9269102990033,0.03607327542255302
819.9468438538206,0.03446408599218361
819.966777408638,0.03289225389049671
819.9867109634552,0.031370033986070245
820.0066445182725,0.02991143433849276
820.0265780730897,0.028532375079893577
820.046511627907,0.027250751000467498
820.0664451827244,0.026086315829059736
820.0863787375415,0.025060282322324257
820.1063122923589,0.02419452669911991
820.126245847176,0.02351032353646285
820.1461794019934,0.02302664212886016
820.1661129568107,0.022758206291223857
820.186046511628,0.022713700987023425
820.2059800664452,0.022894592715684208
820.2259136212624,0.023294920808353752
820.2458471760798,0.023902126644178748
820.2657807308971,0.024698661375299743
820.2857142857143,0.02566392263446514
820.3056478405316,0.026776085809495698
820.3255813953489,0.028013552906513223
820.3455149501661,0.029355927289289305
820.3654485049835,0.03078455598707644
820.3853820598007,0.03228274302828842
820.405315614618,0.03383574528607396
820.4252491694352,0.0354306431541092
820.4451827242525,0.03705615173395838
820.4651162790699,0.03870241427488377
820.485049833887,0.04036080172369277
820.5049833887044,0.04202373031605505
820.5249169435216,0.04368450184460276
820.544850498339,0.04533716712663675
820.5647840531562,0.046976411098144065
820.5847176079734,0.04859745706282039
820.6046511627908,0.050195987393077575
820.624584717608,0.051768078092038344
820.6445182724253,0.0533101448914333
820.6644518272426,0.054818898877727396
820.6843853820599,0.056291309952549516
820.7043189368771,0.057724576719443615
820.7242524916944,0.059116101637377516
820.7441860465117,0.06046347049152374
820.764119601329,0.0617644354061994
820.7840531561462,0.06301690076821637
820.8039867109635,0.06421891154566065
820.8239202657808,0.06536864358222223
820.843853820598,0.06646439552402177
820.8637873754153,0.06750458209829789
820.8837209302326,0.06848772851386462
820.9036544850499,0.06941246579423396
820.9235880398671,0.07027752688768533
820.9435215946844,0.07108174342564096
820.9634551495017,0.07182404302312702
820.9833887043189,0.07250344703310756
821.0033222591363,0.07311906868169848
821.0232558139535,0.07367011152356126
821.0431893687709,0.07415586816717896
821.063122923588,0.07457571922839766
821.0830564784053,0.07492913247779677
821.1029900332227,0.07521566215379845
821.1229235880398,0.07543494841869527
821.1428571428572,0.07558671693935523
821.1627906976744,0.07567077857853968
821.1827242524918,0.07568702918645762
821.202657807309,0.0756354494854782
821.2225913621263,0.07551610504422007
821.2425249169436,0.0753291463401971
821.2624584717607,0.07507480891333869
821.2823920265781,0.07475341361578497
821.3023255813954,0.07436536696664243
821.3222591362127,0.07391116162383972
821.3421926910299,0.07339137698923663
821.3621262458472,0.0728066799673448
821.3820598006645,0.07215782590298887
821.4019933554819,0.07144565972917523
821.421926910299,0.07067111736278897
821.4418604651163,0.069835227394075
821.4617940199336,0.06893911312493567
821.4817275747508,0.06798399502268222
821.5016611295682,0.06697119366936544
821.5215946843854,0.06590213330334514
821.5415282392028,0.0647783460699335
821.5614617940199,0.06360147712248573
821.5813953488373,0.062373290745199025
821.6013289036546,0.06109567770614757
821.6212624584717,0.05977066409427456
821.6411960132891,0.05840042195018586
821.6611295681063,0.056987282069900065
821.6810631229237,0.05553374944600476
821.7009966777409,0.0540425219159163
821.7209302325582,0.05251651271643165
821.7408637873755,0.050958877801569435
821.7607973421927,0.0493730489724215
821.78073089701,0.04776277409633932
821.8006644518273,0.04613216595994755
821.8205980066446,0.04448576160186853
821.8405315614618,0.04282859429042476
821.8604651162791,0.04116628061146637
821.8803986710964,0.03950512533697338
821.9003322259138,0.03785224671455767
821.9202657807309,0.03621572430361602
821.9401993355483,0.03460477006869737
821.9601328903655,0.03302992046008558
821.9800664451827,0.03150324167759534
822.0000000000001,0.030038530898413587
822.0199335548173,0.028651481486744228
822.0398671096347,0.027359759182311143
822.0598006644518,0.026182910260352393
822.0797342192692,0.025141997977000008
822.0996677740865,0.02425885503384955
822.1196013289036,0.023554871386409975
822.139534883721,0.023049333581399833
822.1594684385382,0.02275749696440604
822.1794019933556,0.0226887566479045
822.1993355481728,0.022845382677837527
822.2192691029901,0.02322219790992854
822.2392026578074,0.023807301752379672
822.2591362126246,0.0245836118771716
822.2790697674419,0.025530785638722832
822.2990033222592,0.02662707704353962
822.3189368770765,0.027850832435664538
822.3388704318937,0.029181514933188477
822.358803986711,0.030600288364160302
822.3787375415283,0.03209026038936747
822.3986710963457,0.03363649701448048
822.4186046511628,0.035225903372606546
822.4385382059802,0.03684703922751241
822.4584717607974,0.0384899132006713
822.4784053156146,0.04014578118000414
822.498338870432,0.04180696186904072
822.5182724252492,0.04346667472047081
822.5382059800666,0.045118901108469514
822.5581395348837,0.046758267327493185
822.5780730897011,0.048379947008171026
822.5980066445184,0.04997958025570815
822.6179401993356,0.051553206901385915
822.6378737541529,0.053097211512951506
822.6578073089701,0.05460827812378181
822.6777408637874,0.056083352956435684
822.6976744186047,0.05751961370493746
822.717607973422,0.05891444419284026
822.7375415282393,0.0602654134375445
822.7574750830565,0.061570258329560576
822.7774086378738,0.06282686928138782
822.7973421926911,0.06403327832017093
822.8172757475083,0.06518764919534613
822.8372093023256,0.06628826915102524
822.8571428571429,0.06733354207660472
822.8770764119602,0.06832198280092025
822.8970099667774,0.06925221233677137
822.9169435215947,0.07012295391716582
822.9368770764121,0.07093302969200255
822.9568106312292,0.07168135797691093
822.9767441860466,0.07236695096424607
822.9966777408638,0.07298891282199378
823.0166112956811,0.07354643811844326
823.0365448504984,0.07403881052165248
823.0564784053156,0.07446540173100163
823.076411960133,0.07482567060588148
823.0963455149501,0.0751191624627272
823.1162790697675,0.07534550851708219
823.1362126245848,0.07550442545201126
823.156146179402,0.07559571509842448
823.1760797342193,0.07561926421641038
823.1960132890365,0.07557504437042456
823.2159468438539,0.07546311189388281
823.2358803986712,0.07528360794236487
823.2558139534884,0.07503675863709178
823.2757475083057,0.07472287530397852
823.295681063123,0.07434235481641702
823.3156146179402,0.07389568005363492
823.3355481727575,0.07338342049026211
823.3554817275748,0.07280623293695676
823.375415282392,0.07216486245691146
823.3953488372093,0.07146014348870693
823.4152823920266,0.07069300121238795
823.435215946844,0.06986445320378665
823.4551495016611,0.06897561143089642
823.4750830564785,0.06802768465768458
823.4950166112957,0.06702198133363635
823.514950166113,0.06595991306384094
823.5348837209303,0.06484299877390703
823.5548172757475,0.06367286970805469
823.5747508305649,0.06245127542804032
823.594684385382,0.06118009101688261
823.6146179401994,0.05986132573540624
823.6345514950167,0.058497133434788
823.654485049834,0.057089825095528964
823.6744186046512,0.055641883946928664
823.6943521594684,0.05415598372380507
823.7142857142858,0.052635010743709416
823.734219269103,0.051082090642317654
823.7541528239203,0.049500620792306674
823.7740863787376,0.0478943096552301
823.7940199335549,0.046267224578693075
823.8139534883721,0.044623849848951534
823.8338870431894,0.04296915712716354
823.8538205980067,0.04130869070196756
823.873754152824,0.039648670211200034
823.8936877076412,0.03799611348950285
823.9136212624585,0.036358981752634405
823.9335548172758,0.03474634803785559
823.953488372093,0.033168587051059656
823.9734219269104,0.0316375793742304
823.9933554817276,0.030166914070081763
824.013289036545,0.02877205961181484
824.0332225913621,0.027470452741956804
824.0531561461794,0.02628142924922135
824.0730897009968,0.02522589534113073
824.0930232558139,0.024325626997467313
824.1129568106313,0.02360211062217925
824.1328903654485,0.023074927243618426
824.1528239202659,0.022759841321353263
824.1727574750831,0.02266694165233627
824.1926910299004,0.02279929608768073
824.2126245847177,0.023152517554968766
824.2325581395348,0.023715379881851746
824.2524916943522,0.024471288429158057
824.2724252491695,0.025400181004550274
824.2923588039868,0.02648040701877714
824.312292358804,0.02769026867097818
824.3322259136213,0.029009095399683285
824.3521594684386,0.030417870563020723
824.3720930232558,0.031899505612238546
824.3920265780731,0.03343887433676748
824.4119601328904,0.03502270452211334
824.4318936877077,0.036639398262868515
824.4518272425249,0.038278827263120235
824.4717607973423,0.03993213025025749
824.4916943521595,0.04159152654175817
824.5116279069769,0.04325015165480092
824.531561461794,0.044901916168251024
824.5514950166113,0.04654138660003757
824.5714285714287,0.04816368596030949
824.5913621262458,0.04976441129846776
824.6112956810632,0.051339565618190613
824.6312292358804,0.05288550177762767
824.6511627906978,0.054398876302599916
824.671096345515,0.05587661135720811
824.6910299003323,0.057315863408602764
824.7109634551496,0.05871399737871526
824.7308970099667,0.06006856529336924
824.7508305647841,0.06137728862063559
824.7707641196014,0.06263804363936845
824.7906976744187,0.06384884930097878
824.8106312292359,0.06500785714646408
824.8305647840532,0.06611334292113037
824.8504983388705,0.06716369959458333
824.8704318936879,0.0681574315462806
824.890365448505,0.06909314971979959
824.9102990033223,0.06996956758374112
824.9302325581396,0.07078549776553941
824.9501661129568,0.07153984924760849
824.9700996677742,0.07223162503427817
824.9900332225914,0.07285992021353885
825.0099667774087,0.07342392035059499
825.0299003322259,0.07392290016091543
825.0498338870433,0.07435622241946886
825.0697674418606,0.07472333707040396
825.0897009966777,0.07502378050773197
825.1096345514951,0.07525717500324983
825.1295681063123,0.07542322826248078
825.1495016611296,0.07552173309386709
825.1694352159469,0.07555256717989792
825.1893687707642,0.07551569294259676
825.2093023255815,0.07541115749878027
825.2292358803987,0.07523909270369543
825.249169435216,0.07499971528464888
825.2691029900333,0.07469332706936463
825.2890365448505,0.0743203153169887
825.3089700996678,0.07388115316314052
825.3289036544851,0.07337640019419252
825.3488372093024,0.0728067031701511
825.3687707641197,0.07217279692038753
825.3887043189369,0.07147550544194893
825.4086378737543,0.07071574323665428
825.4285714285714,0.06989451693090454
825.4485049833887,0.06901292723104924
825.4684385382061,0.06807217127822668
825.4883720930233,0.06707354547940916
825.5083056478406,0.06601844890751628
825.5282392026578,0.06490838738237445
825.5481727574752,0.06374497836806658
825.5681063122925,0.0625299568506531
825.5880398671096,0.06126518239579124
825.607973421927,0.059952647628913495
825.6279069767442,0.058594488434292394
825.6478405315615,0.05719299623529318
825.6677740863788,0.05575063279941352
825.6877076411961,0.05427004811247172
825.7076411960134,0.0527541019894858
825.7275747508306,0.05120589024115492
825.7475083056479,0.04962877639825271
825.7674418604652,0.04802643021623617
825.7873754152824,0.046402874440735584
825.8073089700997,0.04476254160861661
825.827242524917,0.04311034297605643
825.8471760797343,0.04145175197285101
825.8671096345515,0.039792904815933984
825.8870431893688,0.038140720950695
825.9069767441862,0.03650304560624916
825.9269102990033,0.03488881557633438
825.9468438538206,0.033308246768473264
825.9667774086379,0.03177303718872083
825.9867109634552,0.03029657059117028
826.0066445182725,0.028894092551869182
826.0265780730897,0.027582811103948706
826.0465116279071,0.02638184890346262
826.0664451827242,0.025311948106600604
826.0863787375416,0.024394815412667272
826.1063122923589,0.02365201533525818
826.126245847176,0.023103400908907924
826.1461794019934,0.0227652230539633
826.1661129568106,0.02264824694717482
826.186046511628,0.022756331262143863
826.2059800664452,0.023085884315326807
826.2259136212625,0.023626369920256976
826.2458471760798,0.024361702048084383
826.2657807308971,0.02527211993255896
826.2857142857143,0.02633608568000849
826.3056478405316,0.02753186941613553
826.3255813953489,0.02883867393581824
826.3455149501661,0.030237305195198343
826.3654485049834,0.03171047880362525
826.3853820598007,0.03324287509665476
826.4053156146181,0.034821042469650745
826.4252491694352,0.036433223020755606
826.4451827242526,0.038069149229304836
826.4651162790698,0.03971984053281168
826.485049833887,0.04137741497823549
826.5049833887044,0.043034922521975834
826.5249169435216,0.04468620156852332
826.544850498339,0.04632575770073814
826.5647840531561,0.047948662340816406
826.5847176079735,0.0495504686768338
826.6046511627908,0.05112714221497425
826.6245847176081,0.05267500354650869
826.6445182724253,0.05419068122546128
826.6644518272425,0.05567107297005124
826.6843853820599,0.05711331369647647
826.7043189368771,0.05851474915325168
826.7242524916944,0.059872914146138496
826.7441860465117,0.061185514528155495
826.764119601329,0.062450412281857555
826.7840531561462,0.0636656131452536
826.8039867109635,0.0648292563342514
826.8239202657808,0.06593960599645755
826.843853820598,0.06699504409779307
826.8637873754153,0.06799406449734334
826.8837209302326,0.06893526800947408
826.9036544850499,0.0698173582879199
826.9235880398671,0.07063913839547915
826.9435215946845,0.07139950794645683
826.9634551495017,0.07209746072865025
826.9833887043189,0.07273208272729971
827.0033222591362,0.0733025504868421
827.0232558139535,0.0738081297571402
827.0431893687709,0.07424817437998764
827.063122923588,0.07462212537940602
827.0830564784054,0.07492951022576523
827.1029900332226,0.07516994224931044
827.12292358804,0.07534312018353889
827.1428571428572,0.07544882782304863
827.1627906976744,0.0754869337844439
827.1827242524918,0.07545739136207975
827.2026578073089,0.0753602384739338
827.2225913621263,0.07519559769576248
827.2425249169436,0.07496367638492069
827.2624584717609,0.07466476689814494
827.2823920265781,0.07429924691093318
827.3023255813954,0.07386757984947401
827.3222591362127,0.07337031544991551
827.3421926910299,0.07280809046380948
827.3621262458472,0.07218162953347408
827.3820598006645,0.07149174626618403
827.4019933554817,0.07073934454292717
827.421926910299,0.06992542010434132
827.4418604651164,0.0690510624659518
827.4617940199336,0.06811745722500356
827.481727574751,0.06712588883427756
827.5016611295681,0.06607774393362958
827.5215946843854,0.06497451534884001
827.5415282392028,0.06381780689033728
827.5614617940199,0.06260933911231321
827.5813953488373,0.06135095622747328
827.6013289036545,0.0600446344146778
827.6212624584718,0.058692491809354014
827.6411960132891,0.057296800530713225
827.6611295681064,0.05586000117964244
827.6810631229237,0.05438472033901019
827.7009966777408,0.05287379172900964
827.7209302325582,0.05133028181788261
827.7408637873755,0.04975752086793327
827.7607973421927,0.04815914061245692
827.78073089701,0.04653912001314188
827.8006644518273,0.04490184083764345
827.8205980066446,0.04325215511202204
827.8405315614618,0.04159546681337682
827.8604651162791,0.039937830413665894
827.8803986710964,0.038286068950693315
827.9003322259136,0.03664791397904829
827.9202657807309,0.0350321686889388
827.9401993355483,0.03344889310077826
827.9601328903655,0.031909605674307125
827.9800664451828,0.03042748769272559
828.0,0.02901756393558768
828.0199335548173,0.0276968142344161
828.0398671096347,0.026484145835241436
828.0598006644518,0.02540013036866003
828.0797342192692,0.02446639333346087
828.0996677740864,0.02370455961910726
828.1196013289037,0.023134732127631532
828.139534883721,0.02277362541307806
828.1594684385383,0.0226326629466979
828.1794019933556,0.02271648602716286
828.1993355481727,0.02302230242623303
828.2192691029901,0.023540280631786144
828.2392026578074,0.024254863840168155
828.2591362126246,0.025146613883982084
828.2790697674419,0.026194123346053172
828.2990033222592,0.027375642907621414
828.3189368770765,0.02867025623804316
828.3388704318938,0.030058595310566708
828.358803986711,0.031523180481984714
828.3787375415283,0.03304849751616808
828.3986710963455,0.03462091342580773
828.4186046511628,0.03622850799249248
828.4385382059802,0.03786087214717952
828.4584717607974,0.03950890388096407
828.4784053156147,0.041164618055186855
828.4983388704319,0.04282097741028638
828.5182724252493,0.04447174676992826
828.5382059800666,0.046111369599420984
828.5581395348837,0.047734864744993055
828.5780730897011,0.04933774071065515
828.5980066445183,0.05091592482075935
828.6179401993356,0.05246570483041919
828.6378737541529,0.053983680847686726
828.6578073089702,0.05546672574925499
828.6777408637874,0.056911952569379684
828.6976744186047,0.058316687605692655
828.717607973422,0.059678448210567635
828.7375415282393,0.06099492442537853
828.7574750830565,0.06226396377027089
828.7774086378738,0.06348355862928093
828.7973421926911,0.06465183577407868
828.8172757475083,0.06576704765346758
828.8372093023256,0.066827565143945
828.8571428571429,0.06783187151151816
828.8770764119603,0.06877855737985811
828.8970099667774,0.06966631653604778
828.9169435215947,0.07049394243483884
828.936877076412,0.07126032528642409
828.9568106312292,0.07196444963253174
828.9767441860466,0.07260539233189457
828.9966777408638,0.07318232088961524
829.0166112956812,0.07369449207605445
829.0365448504983,0.07414125079019289
829.0564784053156,0.07452202913025674
829.076411960133,0.07483634564095233
829.0963455149501,0.07508380471242769
829.1162790697675,0.07526409611082259
829.1362126245847,0.07537699462481459
829.1561461794021,0.07542235981605232
829.1760797342193,0.07540013586519982
829.1960132890366,0.0753103515083818
829.2159468438539,0.0751531200619203
829.235880398671,0.07492863953636743
829.2558139534884,0.07463719284384124
829.2757475083057,0.07427914810592083
829.295681063123,0.07385495907265881
829.3156146179402,0.07336516566706663
829.3355481727575,0.07281039467347356
829.3554817275748,0.0721913605928032
829.3754152823922,0.07150886669328597
829.3953488372093,0.07076380629121856
829.4152823920266,0.06995716430388417
829.4352159468439,0.0690900191253564
829.4551495016611,0.06816354488639369
829.4750830564785,0.06717901417215244
829.4950166112957,0.06613780128663344
829.5149501661131,0.0650413861711212
829.5348837209302,0.06389135910638434
829.5548172757476,0.06268942635579232
829.5747508305649,0.061437416940226065
829.594684385382,0.060137290777034724
829.6146179401994,0.05879114846636837
829.6345514950166,0.05740124307112511
829.654485049834,0.05596999431454913
829.6744186046512,0.05450000571525097
829.6943521594685,0.05299408529751542
829.7142857142858,0.05145527065904645
829.734219269103,0.04988685935437923
829.7541528239203,0.04829244576321827
829.7740863787376,0.046675965862789735
829.7940199335549,0.04504175160939996
829.8139534883721,0.04339459694724027
829.8338870431894,0.04173983777533536
829.8538205980067,0.04008344845995867
829.873754152824,0.03843215757166808
829.8936877076412,0.03679358525819962
829.9136212624586,0.035176403702344795
829.9335548172758,0.033590519912743845
829.953488372093,0.03204727581725489
829.9734219269103,0.030559653092043285
829.9933554817276,0.029142457918096536
830.013289036545,0.027812442638989725
830.0332225913621,0.026588297164469307
830.0531561461795,0.02549041663646511
830.0730897009967,0.024540334063143193
830.093023255814,0.02375971759214686
830.1129568106313,0.02316889822971752
830.1328903654485,0.022785031223851757
830.1528239202659,0.022620179535526856
830.172757475083,0.022679757707315215
830.1926910299004,0.022961775766601467
830.2126245847177,0.023457120634434833
830.232558139535,0.02415078498060206
830.2524916943522,0.025023674565681844
830.2724252491694,0.026054530700787636
830.2923588039868,0.02722159781066501
830.312292358804,0.02850384845166732
830.3322259136213,0.029881744398804932
830.3521594684386,0.03133761157989253
830.3720930232558,0.03285574019820121
830.3920265780731,0.03442231394706674
830.4119601328905,0.03602524798188292
830.4318936877077,0.037653989346932114
830.4518272425249,0.03929931240378853
830.4717607973422,0.04095312688244092
830.4916943521595,0.04260830662191021
830.5116279069769,0.04425854143083032
830.531561461794,0.04589821145006901
830.5514950166114,0.047522281940970725
830.5714285714286,0.04912621588306632
830.5913621262459,0.050705901719814914
830.6112956810632,0.05225759378861624
830.6312292358804,0.053777863267232044
830.6511627906978,0.055263557786684195
830.6710963455149,0.056711768161366576
830.6910299003323,0.0581198009546548
830.7109634551496,0.05948515582736166
830.7308970099668,0.06080550680846346
830.7508305647841,0.06207868678612977
830.7707641196014,0.06330267464687347
830.7906976744187,0.06447558459641126
830.8106312292359,0.06559565728145418
830.8305647840532,0.06666125240137917
830.8504983388705,0.06767084255473099
830.8704318936877,0.06862300811148563
830.890365448505,0.06951643293890271
830.9102990033224,0.07034990083908182
830.9302325581396,0.07112229258093698
830.9501661129569,0.07183258342955502
830.9700996677741,0.0724798410924236
830.9900332225914,0.0730632240158187
831.0099667774087,0.07358197997582198
831.0299003322259,0.07403544491814061
831.0498338870433,0.07442304200870542
831.0697674418604,0.0747442808637485
831.0897009966778,0.07499875693395223
831.1096345514951,0.07518615102209607
831.1295681063124,0.07530622891800025
831.1495016611296,0.07535884113855286
831.1694352159468,0.0753439227639439
831.1893687707642,0.07526149336466897
831.2093023255815,0.07511165701686394
831.2292358803987,0.07489460240662282
831.249169435216,0.0746106030269855
831.2691029900333,0.07426001747449075
831.2890365448505,0.07384328985545234
831.3089700996678,0.07336095031592618
831.3289036544851,0.07281361571323602
831.3488372093024,0.0722019904516144
831.3687707641196,0.07152686750977277
831.3887043189369,0.07078912969434317
831.4086378737543,0.06998975116035053
831.4285714285714,0.06912979924842466
831.4485049833888,0.06821043669868394
831.468438538206,0.06723292431355979
831.4883720930233,0.06619862415648718
831.5083056478406,0.06510900339168267
831.5282392026578,0.06396563889184335
831.5481727574752,0.06277022276776588
831.5681063122923,0.06152456900645352
831.5880398671097,0.06023062144509605
831.607973421927,0.05889046335782886
831.6279069767443,0.05750632899394792
831.6478405315615,0.05608061748199638
831.6677740863787,0.05461590960785905
831.6877076411961,0.05311498809017633
831.7076411960134,0.05158086211775569
831.7275747508306,0.050016797085596615
831.7475083056479,0.04842635067338495
831.7674418604652,0.046813416655287945
831.7873754152824,0.04518227811236857
831.8073089700997,0.04353767202914153
831.827242524917,0.041884867570365664
831.8471760797343,0.040229760600035414
831.8671096345515,0.038578987121157586
831.8870431893688,0.0369400580982509
831.9069767441861,0.03532151725895755
831.9269102990033,0.03373312143851025
831.9468438538207,0.03218603902946998
831.9667774086379,0.030693054985568496
831.9867109634553,0.029268759175297678
832.0066445182724,0.027929677360286745
832.0265780730897,0.026694280521540718
832.0465116279071,0.02558278184279479
832.0664451827242,0.024616611171510264
832.0863787375416,0.023817463420352493
832.1063122923588,0.023205876347539272
832.1262458471762,0.022799422902097636
832.1461794019934,0.022610786072916923
832.1661129568107,0.022646143116735053
832.186046511628,0.022904307840070814
832.2059800664451,0.023376898377246588
832.2259136212625,0.02404947669277596
832.2458471760798,0.02490331391455496
832.2657807308971,0.025917318783557946
832.2857142857143,0.027069743214836135
832.3056478405316,0.028339457170031845
832.3255813953489,0.029706756390709136
832.3455149501663,0.031153773446364188
832.3654485049834,0.032664602129112576
832.3853820598007,0.03422524093815824
832.405315614618,0.03582343810712904
832.4252491694352,0.03744849444242953
832.4451827242526,0.0390910584670515
832.4651162790698,0.04074293280335872
832.4850498338872,0.042396900672921886
832.5049833887043,0.044046575406989426
832.5249169435216,0.045686272590222746
832.544850498339,0.047310902868840383
832.5647840531561,0.04891588283943832
832.5847176079735,0.05049706135044628
832.6046511627907,0.052050658727457885
832.6245847176081,0.05357321672320651
832.6445182724253,0.05506155731030984
832.6644518272426,0.05651274873816949
832.6843853820599,0.057924077546578905
832.704318936877,0.059293025461601284
832.7242524916944,0.06061725029488069
832.7441860465117,0.06189457012946891
832.764119601329,0.06312295020777603
832.7840531561462,0.06430049204525179
832.8039867109635,0.06542542438098832
832.8239202657808,0.06649609564757081
832.843853820598,0.06751096769996545
832.8637873754153,0.06846861058991649
832.8837209302326,0.06936769821032768
832.9036544850499,0.07020700466477335
832.9235880398671,0.070985401242586
832.9435215946844,0.07170185390057739
832.9634551495017,0.0723554211692891
832.983388704319,0.0729452524157206
833.0033222591362,0.07347058640602659
833.0232558139536,0.07393075012133249
833.0431893687708,0.07432515778794424
833.063122923588,0.0746533100900162
833.0830564784054,0.0749147935386659
833.1029900332226,0.07510927997645149
833.12292358804,0.07523652620071004
833.1428571428571,0.07529637369298725
833.1627906976745,0.07528874844543426
833.1827242524918,0.07521366087836799
833.202657807309,0.0750712058462079
833.2225913621263,0.0748615627321327
833.2425249169435,0.07458499563483052
833.2624584717609,0.07424185365381107
833.2823920265781,0.07383257128319387
833.3023255813954,0.07335766892731223
833.3222591362127,0.07281775355575902
833.3421926910299,0.07221351951972223
833.3621262458472,0.07154574955688099
833.3820598006646,0.07081531601803871
833.4019933554817,0.07002318235579723
833.421926910299,0.06917040492395765
833.4418604651163,0.06825813514638358
833.4617940199336,0.06728762212596177
833.481727574751,0.0662602157790271
833.5016611295681,0.06517737059802489
833.5215946843855,0.06404065016683222
833.5415282392026,0.06285173257918075
833.56146179402,0.061612416943049905
833.5813953488373,0.06032463119316472
833.6013289036545,0.058990441482682066
833.6212624584718,0.05761206348501204
833.641196013289,0.056191876011065546
833.6611295681064,0.054732437438471074
833.6810631229237,0.053236505562138235
833.7009966777409,0.05170706161350144
833.7209302325582,0.050147339364172365
833.7408637873754,0.048560860432715305
833.7607973421927,0.04695147715400353
833.78073089701,0.045323424648721765
833.8006644518273,0.04368138403849308
833.8205980066446,0.042030559067444496
833.8405315614618,0.04037676866553426
833.8604651162791,0.038726558127935
833.8803986710965,0.03708733141610963
833.9003322259136,0.035467506310931936
833.9202657807309,0.03387669227480774
833.9401993355482,0.03232588714119393
833.9601328903655,0.030827682041769527
833.9800664451828,0.029396452898103952
834.0,0.028048499975178647
834.0199335548174,0.02680207404956494
834.0398671096345,0.025677201353166496
834.0598006644519,0.02469519851141247
834.0797342192692,0.023877771339517666
834.0996677740864,0.023245643439091915
834.1196013289037,0.02281678247159975
834.1395348837209,0.02260447139840168
834.1594684385383,0.022615638551298927
834.1794019933556,0.022849901756776793
834.1993355481728,0.02329962211774359
834.2192691029901,0.023950950227132665
834.2392026578074,0.024785544081461476
834.2591362126246,0.02578249897910038
834.2790697674419,0.02692008862923422
834.2990033222592,0.028177089433516777
834.3189368770765,0.029533635659497424
834.3388704318937,0.03097166784923935
834.358803986711,0.03247508268136457
834.3787375415284,0.03402969165458744
834.3986710963455,0.03562307380293309
834.4186046511629,0.037244381332784446
834.4385382059801,0.03888413469428558
834.4584717607974,0.04053402739540038
834.4784053156147,0.0421867502934398
834.4983388704319,0.04383583875132707
834.5182724252493,0.045475542540446307
834.5382059800664,0.04710071663986383
834.5581395348838,0.04870673038638698
834.5780730897011,0.050289392303840795
834.5980066445184,0.05184488809911587
834.6179401993356,0.05336972959454503
834.6378737541528,0.05486071268275953
834.6578073089702,0.05631488269571329
834.6777408637874,0.05772950585419554
834.6976744186047,0.05910204570122175
834.717607973422,0.060430143621857633
834.7375415282393,0.06171160271727859
834.7574750830565,0.06294437443613096
834.7774086378738,0.06412654747663485
834.7973421926911,0.06525633856242265
834.8172757475083,0.06633208476765051
834.8372093023256,0.06735223712580951
834.8571428571429,0.06831535530434499
834.8770764119602,0.06922010316586147
834.8970099667774,0.07006524506826424
834.9169435215948,0.07084964278186127
834.936877076412,0.07157225292249092
834.9568106312292,0.07223212481702193
834.9767441860465,0.07282839873182982
834.9966777408638,0.07336030440658636
835.0166112956812,0.07382715984568054
835.0365448504983,0.07422837032765972
835.0564784053157,0.07456342760020024
835.0764119601329,0.07483190923392817
835.0963455149503,0.07503347811361354
835.1162790697675,0.07516788204968736
835.1362126245847,0.07523495349700778
835.1561461794021,0.07523460937137524
835.1760797342192,0.07516685095760334
835.1960132890366,0.07503176390607107
835.2159468438539,0.07482951831781454
835.2358803986712,0.07456036892104899
835.2558139534884,0.07422465534547691
835.2757475083057,0.0738228025036297
835.295681063123,0.07335532109248262
835.3156146179402,0.07282280823220356
835.3355481727575,0.07222594826358186
835.3554817275748,0.07156551373066482
835.375415282392,0.0708423665811034
835.3953488372093,0.0700574596236764
835.4152823920267,0.06921183829064975
835.4352159468439,0.06830664276246116
835.4551495016613,0.06734311052406076
835.4750830564784,0.06632257943626681
835.4950166112957,0.06524649142305297
835.5149501661131,0.0641163968963404
835.5348837209302,0.06293396006568494
835.5548172757476,0.061700965311792484
835.5747508305648,0.06041932484110248
835.5946843853822,0.05909108788666305
835.6146179401994,0.05771845177886599
835.6345514950167,0.05630377528225026
835.654485049834,0.054849594683840375
835.6744186046511,0.05335864322852244
835.6943521594685,0.05183387463204775
835.7142857142858,0.050278491566912
835.734219269103,0.048695980215229924
835.7541528239203,0.04709015221911145
835.7740863787376,0.045465195632976775
835.7940199335549,0.043825736787503525
835.8139534883721,0.042176915290382685
835.8338870431894,0.040524474671296766
835.8538205980067,0.0388748713380139
835.873754152824,0.037235404386121544
835.8936877076412,0.03561436811435703
835.9136212624585,0.03402122737427537
835.9335548172758,0.03246681239381591
835.9534883720931,0.030963523394045882
835.9734219269103,0.02952552478651957
835.9933554817276,0.028168892591614304
836.0132890365448,0.026911656405976203
836.0332225913621,0.025773650974102925
836.0531561461795,0.024776070234522878
836.0730897009967,0.023940615677003545
836.093023255814,0.02328817631124875
836.1129568106312,0.022837091582274996
836.1328903654486,0.022601223838783394
836.1528239202659,0.022588239782102962
836.172757475083,0.02279856021597075
836.1926910299004,0.023225299899462166
836.2126245847176,0.023855216839644675
836.232558139535,0.024670377414519034
836.2524916943522,0.025650083006898975
836.2724252491695,0.026772643977247535
836.2923588039868,0.02801675272824019
836.312292358804,0.029362387021922152
836.3322259136213,0.03079129697753279
836.3521594684386,0.03228718161627614
836.3720930232558,0.033835663705187556
836.3920265780731,0.03542415082266656
836.4119601328904,0.03704164420398934
836.4318936877077,0.0386785339678804
836.451827242525,0.04032640247075177
836.4717607973422,0.041977846427828015
836.4916943521596,0.04362632171374394
836.5116279069767,0.04526601100383331
836.531561461794,0.04689171253573738
836.5514950166114,0.048498747490808514
836.5714285714286,0.050082883322964906
836.5913621262459,0.051640270500356994
836.6112956810631,0.05316739039864648
836.6312292358805,0.054661012399896104
836.6511627906978,0.05611815855864453
836.671096345515,0.05753607447501239
836.6910299003323,0.05891220525545173
836.7109634551495,0.06024417564483181
836.7308970099668,0.061529773581980036
836.7508305647841,0.06276693656894623
836.7707641196014,0.0639537403570886
836.7906976744187,0.06508838954439881
836.8106312292359,0.06616920975292503
836.8305647840532,0.06719464111504345
836.8504983388706,0.06816323284621457
836.8704318936877,0.06907363872139807
836.890365448505,0.06992461330441038
836.9102990033223,0.07071500880591296
836.9302325581396,0.07144377246700115
836.9501661129569,0.07210994438315887
836.9700996677741,0.07271265569782645
836.9900332225915,0.07325112710675898
837.0099667774086,0.073724667624588
837.029900332226,0.07413267357315272
837.0498338870433,0.07447462775845128
837.0697674418604,0.07475009880892766
837.0897009966778,0.07495874065320554
837.109634551495,0.07510029211962625
837.1295681063124,0.07517457664427657
837.1495016611296,0.0751815020775204
837.1694352159469,0.0751210605825696
837.1893687707642,0.0749933286226957
837.2093023255813,0.07479846703672216
837.2292358803987,0.07453672120551175
837.249169435216,0.0742084213152801
837.2691029900333,0.07381398272678452
837.2890365448505,0.0733539064630594
837.3089700996678,0.07282877983222402
837.3289036544851,0.07223927720630724
837.3488372093025,0.0715861609820627
837.3687707641196,0.07087028275553586
837.3887043189369,0.07009258474905783
837.4086378737542,0.06925410153728545
837.4285714285714,0.06835596212866199
837.4485049833888,0.06739939247012468
837.468438538206,0.06638571845681829
837.4883720930234,0.06531636954547773
837.5083056478405,0.0641928830906615
837.5282392026579,0.06301690954804363
837.5481727574752,0.06179021871979397
837.5681063122923,0.06051470725476771
837.5880398671097,0.05919240766272638
837.6079734219269,0.0578254991591219
837.6279069767443,0.05641632072778425
837.6478405315615,0.05496738687605859
837.6677740863788,0.053481406664509026
837.6877076411961,0.051961306725308326
837.7076411960134,0.050410259144579195
837.7275747508306,0.04883171527869581
837.7475083056479,0.04722944680671106
837.7674418604652,0.04560759559071395
837.7873754152824,0.04397073421810509
837.8073089700997,0.0423239394154995
837.827242524917,0.040672880812333105
837.8471760797343,0.039023927710805616
837.8671096345515,0.03738427643533212
837.8870431893689,0.03576210022355973
837.9069767441861,0.03416672203894878
837.9269102990033,0.03260880743280601
837.9468438538206,0.03110056863370902
837.9667774086379,0.029655961043649037
837.9867109634553,0.028290837845228574
838.0066445182724,0.027023006763721196
838.0265780730898,0.025872106960763735
838.046511627907,0.02485920080640727
838.0664451827244,0.024005970873085328
838.0863787375416,0.02333345164314626
838.1063122923588,0.022860331529124252
838.1262458471762,0.02260103121642219
838.1461794019933,0.02256394205029905
838.1661129568107,0.022750285489482346
838.186046511628,0.023153939529773578
838.2059800664452,0.023762287770084125
838.2259136212625,0.02455782644184736
838.2458471760797,0.025520082909979643
838.2657807308971,0.02662741959088742
838.2857142857143,0.027858454984508122
838.3056478405316,0.02919301573933324
838.3255813953489,0.03061266344379198
838.3455149501661,0.03210089908677547
838.3654485049834,0.033643155054790735
838.3853820598008,0.03522666524063553
838.405315614618,0.036840277530704645
838.4252491694352,0.038474249430327685
838.4451827242525,0.040120050077059134
838.4651162790698,0.04177018023495149
838.4850498338872,0.043418014741038104
838.5049833887043,0.04505766786557629
838.5249169435217,0.04668388000790088
838.5448504983389,0.048291923279012744
838.5647840531562,0.04987752330149532
838.5847176079735,0.051436794671314054
838.6046511627907,0.052966187790072145
838.6245847176081,0.054462445089429504
838.6445182724252,0.05592256497889146
838.6644518272426,0.057343772129850236
838.6843853820599,0.0587234929533411
838.7043189368771,0.06005933533594646
838.7242524916944,0.0613490718698862
838.7441860465117,0.06259062595460431
838.764119601329,0.06378206026216285
838.7840531561462,0.064921567152392
838.8039867109635,0.06600746069949422
838.8239202657808,0.06703817005324338
838.843853820598,0.06801223390785713
838.8637873754153,0.06892829589185884
838.8837209302326,0.06978510072528113
838.9036544850499,0.07058149101732546
838.9235880398672,0.07131640459947149
838.9435215946844,0.07198887230711142
838.9634551495017,0.07259801613748154
838.9833887043189,0.07314304772410535
839.0033222591362,0.0736232670779728
839.0232558139536,0.07403806155443761
839.0431893687708,0.07438690501180091
839.0631229235881,0.0746693571338921
839.0830564784053,0.07488506289402803
839.1029900332227,0.07503375214254214
839.12292358804,0.07511523930388919
839.1428571428571,0.07512942317315215
839.1627906976745,0.07507628680510632
839.1827242524917,0.07495589749202664
839.202657807309,0.07476840682971739
839.2225913621263,0.0745140508739669
839.2425249169436,0.07419315039303304
839.2624584717609,0.07380611122481658
839.2823920265781,0.07335342475094744
839.3023255813954,0.07283566850394137
839.3222591362127,0.07225350692770785
839.3421926910299,0.07160769231700032
839.3621262458472,0.07089906596669264
839.3820598006645,0.07012855956880902
839.4019933554817,0.0692971969030341
839.4219269102991,0.06840609587577236
839.4418604651163,0.06745647097432793
839.4617940199336,0.06644963621620922
839.4817275747508,0.06538700869018026
839.5016611295681,0.06427011280579462
839.5215946843855,0.06310058539254704
839.5415282392026,0.06188018181989922
839.56146179402,0.060610783346409104
839.5813953488372,0.05929440595139328
839.6013289036546,0.05793321095879294
839.6212624584718,0.056529517831875674
839.641196013289,0.05508581960270286
839.6611295681064,0.053604801505398446
839.6810631229235,0.05208936351129972
839.7009966777409,0.0505426476215925
839.7209302325582,0.048968070964052916
839.7408637873755,0.04736936596800648
839.7607973421927,0.04575062915734953
839.78073089701,0.04411638040022806
839.8006644518273,0.042471634769342674
839.8205980066446,0.040821989460866154
839.8405315614618,0.0391737284153464
839.8604651162791,0.03753394723887824
839.8803986710964,0.03591070048560446
839.9003322259136,0.034313171913904095
839.920265780731,0.032751865300745024
839.9401993355482,0.031238807802930143
839.9601328903656,0.029787748369610192
839.9800664451827,0.028414318895672707
840.0,0.02713610481185669
840.0199335548174,0.025972546023840287
840.0398671096345,0.024944565020836865
840.0598006644519,0.024073811501709754
840.0797342192691,0.023381446009609622
840.0996677740865,0.0228864832719318
840.1196013289037,0.022603880858798452
840.139534883721,0.022542740063264684
840.1594684385383,0.022705079406179624
840.1794019933554,0.023085548557978695
840.1993355481728,0.023672174219953757
840.2192691029901,0.02444790385382083
840.2392026578074,0.025392511043124087
840.2591362126246,0.026484426204664235
840.2790697674419,0.027702204575005062
840.2990033222592,0.029025527518545084
840.3189368770766,0.030435770286379928
840.3388704318937,0.03191623564023171
840.358803986711,0.033452164026984456
840.3787375415283,0.03503061345445061
840.3986710963455,0.036640276078107714
840.4186046511629,0.038271274485555486
840.4385382059801,0.03991496249826625
840.4584717607975,0.04156374308857729
840.4784053156146,0.043210908476866795
840.498338870432,0.044850503192643346
840.5182724252493,0.04647720867693092
840.5382059800664,0.04808624703587136
840.5581395348838,0.04967330128280409
840.578073089701,0.05123444949436825
840.5980066445184,0.052766110559311984
840.6179401993356,0.05426499950960931
840.6378737541529,0.05572809073427613
840.6578073089702,0.05715258766139087
840.6777408637873,0.05853589774228333
840.6976744186047,0.05987561178257075
840.717607973422,0.061169486839759514
840.7375415282393,0.0624154320513683
840.7574750830565,0.06361149687496673
840.7774086378738,0.06475586131727407
840.7973421926911,0.06584682780678576
840.8172757475083,0.06688281442739534
840.8372093023256,0.06786234928115623
840.8571428571429,0.06878406578991639
840.8770764119602,0.06964669877890889
840.8970099667774,0.07044908121288522
840.9169435215947,0.07119014147775227
840.936877076412,0.07186890111905181
840.9568106312294,0.07248447296362251
840.9767441860465,0.07303605956350076
840.9966777408639,0.07352295191132252
841.0166112956811,0.07394452838534107
841.0365448504983,0.07430025388936179
841.0564784053157,0.07458967915932811
841.0764119601329,0.07481244021337922
841.0963455149503,0.07496825792713235
841.1162790697674,0.07505693771979555
841.1362126245848,0.07507836934058869
841.1561461794021,0.07503252674821995
841.1760797342193,0.07491946807935575
841.1960132890366,0.07473933570515687
841.2159468438538,0.07449235637782516
841.2358803986712,0.07417884147236345
841.2558139534884,0.07379918733188148
841.2757475083057,0.07335387572827597
841.295681063123,0.07284347445393549
841.3156146179402,0.07226863806434967
841.3355481727575,0.07163010879651484
841.3554817275749,0.07092871769343738
841.375415282392,0.07016538597181662
841.3953488372093,0.06934112667767717
841.4152823920266,0.06845704668394097
841.4352159468439,0.06751434909508615
841.4551495016613,0.06651433613727832
841.4750830564784,0.06545841262863732
841.4950166112958,0.06434809014386536
841.514950166113,0.06318499201146027
841.5348837209303,0.06197085931113721
841.5548172757476,0.06070755807509404
841.5747508305648,0.05939708794117917
841.5946843853822,0.058041592560684925
841.6146179401993,0.05664337213106447
841.6345514950167,0.05520489850710024
841.654485049834,0.05372883344675655
841.6744186046512,0.05221805067408787
841.6943521594685,0.050675662595819584
841.7142857142857,0.04910505269498519
841.734219269103,0.04750991484852782
841.7541528239203,0.04589430107701268
841.7740863787376,0.0442626795301979
841.7940199335549,0.04262000482652956
841.8139534883721,0.04097180316351029
841.8338870431894,0.039324274826737726
841.8538205980067,0.03768441671550895
841.873754152824,0.036060167034910225
841.8936877076412,0.034460572981004974
841.9136212624585,0.032895979430451874
841.9335548172758,0.03137823138779235
841.953488372093,0.02992087395536485
841.9734219269103,0.0285393194226742
841.9933554817277,0.027250930755745827
842.0132890365448,0.02607494533583
842.0332225913622,0.025032138013340238
842.0531561461794,0.024144112290736708
842.0730897009967,0.023432135904493046
842.093023255814,0.022915527455618926
842.1129568106312,0.02260975960931541
842.1328903654486,0.02252462799214571
842.1528239202657,0.02266294333738189
842.1727574750831,0.023020134253785875
842.1926910299004,0.02358488733026421
842.2126245847177,0.02434062248475995
842.232558139535,0.025267380060510804
842.2524916943521,0.026343674948996997
842.2724252491695,0.027548010312626894
842.2923588039868,0.02885992851261244
842.312292358804,0.030260620971804604
842.3322259136213,0.031733192221306605
842.3521594684386,0.03326268930694318
842.3720930232558,0.03483599218751692
842.3920265780732,0.03644163490387875
842.4119601328904,0.038069602800353305
842.4318936877077,0.039711132255483214
842.4518272425249,0.041358526577799926
842.4717607973422,0.043004993761797033
842.4916943521596,0.044644507233468494
842.5116279069767,0.04627168833196789
842.5315614617941,0.047881708204014856
842.5514950166113,0.04947020645899847
842.5714285714287,0.05103322399301289
842.5913621262459,0.052567147631528026
842.6112956810631,0.05406866454789348
842.6312292358805,0.05553472472713914
842.6511627906976,0.05696251003278249
842.671096345515,0.05834940868658517
842.6910299003323,0.059692994185850064
842.7109634551496,0.06099100786132731
842.7308970099668,0.06224134442595089
842.7508305647841,0.06344203998473713
842.7707641196014,0.0645912620738811
842.7906976744187,0.06568730137621326
842.8106312292359,0.06672856482453718
842.8305647840532,0.06771356985621117
842.8504983388705,0.06864093962469987
842.8704318936877,0.06950939900806928
842.8903654485051,0.07031777128242266
842.9102990033223,0.07106497535103905
842.9302325581396,0.07175002343883025
842.9501661129568,0.07237201917707368
842.9700996677741,0.07293015601616534
842.9900332225915,0.07342371591479233
843.0099667774086,0.0738520682626614
843.029900332226,0.07421466900149074
843.0498338870432,0.07451105991529348
843.0697674418606,0.07474086806637116
843.0897009966778,0.07490380535815987
843.109634551495,0.07499966821026122
843.1295681063124,0.07502833733468109
843.1495016611295,0.07498977760568971
843.1694352159469,0.074884038018956
843.1893687707642,0.0747112517385985
843.2093023255815,0.07447163623391377
843.2292358803987,0.07416549351053996
843.249169435216,0.07379321044403461
843.2691029900333,0.07335525922732343
843.2890365448505,0.07285219794725568
843.3089700996678,0.07228467130961148
843.3289036544851,0.07165341153684805
843.3488372093024,0.07095923946832487
843.3687707641196,0.07020306589919921
843.388704318937,0.06938589320189037
843.4086378737542,0.06850881728299354
843.4285714285716,0.06757302993940356
843.4485049833887,0.06657982169055936
843.468438538206,0.06553058517932656
843.4883720930234,0.06442681925354504
843.5083056478405,0.06327013386347319
843.5282392026579,0.06206225593916826
843.5481727574751,0.06080503644717135
843.5681063122925,0.059500458869004944
843.5880398671097,0.0581506493977339
843.607973421927,0.05675788921450168
843.6279069767443,0.055324629288555104
843.6478405315614,0.053853508244496605
843.6677740863788,0.052347373963780884
843.6877076411961,0.05080930973836976
843.7076411960134,0.04924266597748611
843.7275747508306,0.0476510986873938
843.7475083056479,0.04603861620141057
843.7674418604652,0.04440963592918931
843.7873754152824,0.0427690532076434
843.8073089700997,0.04112232463851174
843.827242524917,0.03947556852261905
843.8471760797343,0.03783568502325417
843.8671096345515,0.03621049828800218
843.8870431893688,0.034608921552837284
843.9069767441861,0.03304114363826901
843.9269102990035,0.03151883031137723
843.9468438538206,0.030055325476518378
843.966777408638,0.028665823621868185
843.9867109634552,0.027367465316780037
844.0066445182724,0.026179282536594056
844.0265780730898,0.025121895274045954
844.046511627907,0.02421684814159135
844.0664451827244,0.02348549776393614
844.0863787375415,0.022947444431163408
844.1063122923589,0.022618653839283926
844.1262458471762,0.022509599470761813
844.1461794019933,0.02262387818334682
844.1661129568107,0.022957703586207787
844.1860465116279,0.023500438159133656
844.2059800664452,0.024235995294121262
844.2259136212625,0.025144702902788536
844.2458471760798,0.026205177343141966
844.2657807308971,0.027395881448069308
844.2857142857143,0.028696225321406983
844.3056478405316,0.030087219396947164
844.3255813953489,0.03155177017487323
844.3455149501661,0.033074729944342074
844.3654485049834,0.03464279849160205
844.3853820598007,0.036244349360251255
844.405315614618,0.03786922830590092
844.4252491694353,0.0395085521080524
844.4451827242525,0.041154522507602743
844.4651162790699,0.042800261633455974
844.485049833887,0.04443967041775449
844.5049833887043,0.046067308930222414
844.5249169435217,0.047678296383140494
844.5448504983389,0.04926822816999765
844.5647840531562,0.05083310733081112
844.5847176079734,0.05236928806540936
844.6046511627908,0.05387342921968039
844.6245847176081,0.05534245598301101
844.6445182724253,0.05677352832626071
844.6644518272426,0.05816401496606105
844.6843853820598,0.059511471859291135
844.7043189368771,0.06081362441386793
844.7242524916944,0.0620683527520913
844.7441860465117,0.06327367948544037
844.764119601329,0.06442775955966143
844.7840531561462,0.06552887180978423
844.8039867109635,0.06657541193044186
844.8239202657808,0.06756588662006656
844.843853820598,0.06849890870052193
844.8637873754153,0.06937319304903465
844.8837209302326,0.07018755320763305
844.9036544850499,0.07094089855876669
844.9235880398671,0.07163223197491957
844.9435215946844,0.07226064786565177
844.9634551495018,0.07282533055868975
844.9833887043189,0.07332555296228944
845.0033222591363,0.07376067546533349
845.0232558139535,0.07413014503903201
845.0431893687708,0.0744334945106651
845.0631229235881,0.07467034198525546
845.0830564784053,0.07484039039584418
845.1029900332227,0.0749434271673066
845.1229235880398,0.07497932398233326
845.1428571428572,0.07494803664164076
845.1627906976745,0.07484960501370949
845.1827242524918,0.07468415307247595
845.202657807309,0.07445188902423593
845.2225913621262,0.07415310552831651
845.2425249169436,0.07378818001910696
845.2624584717609,0.0733575751404829
845.2823920265781,0.07286183930742136
845.3023255813954,0.07230160741374103
845.3222591362127,0.07167760170957027
845.3421926910299,0.07099063287775689
845.3621262458472,0.07024160134453758
845.3820598006645,0.06943149886751257
845.4019933554817,0.06856141045271212
845.421926910299,0.06763251666322405
845.4418604651163,0.06664609639465711
845.4617940199337,0.06560353020814445
845.4817275747508,0.06450630433053028
845.5016611295682,0.06335601545414418
845.5215946843854,0.06215437649675217
845.5415282392026,0.06090322351669476
845.56146179402,0.05960452402064637
845.5813953488372,0.05826038695346089
845.6013289036546,0.05687307472432133
845.6212624584717,0.055445017702615576
845.6411960132891,0.05397883171510018
845.6611295681064,0.05247733919655635
845.6810631229237,0.05094359479344312
845.7009966777409,0.0493809163994524
845.7209302325581,0.04779292281666248
845.7408637873755,0.04618357948884951
845.7607973421927,0.04455725404178291
845.78073089701,0.042918783677249
845.8006644518273,0.04127355677313667
845.8205980066446,0.03962761127981966
845.8405315614618,0.03798775255523258
845.8604651162792,0.03636169293845778
845.8803986710964,0.03475821426675693
845.9003322259136,0.0331873521174467
845.9202657807309,0.03166059592692474
845.9401993355482,0.030191091087060078
845.9601328903656,0.028793816200464045
845.9800664451827,0.027485689731693134
846.0000000000001,0.02628553573834785
846.0199335548173,0.025213812659754243
846.0398671096347,0.024291994148290502
846.0598006644519,0.023541507989461207
846.0797342192691,0.02298221427706778
846.0996677740865,0.02263054946103402
846.1196013289036,0.022497647595923848
846.139534883721,0.022587884360850834
846.1594684385383,0.022898263202944632
846.1794019933556,0.02341883765926797
846.1993355481728,0.02413403534720111
846.2192691029901,0.025024492783511904
846.2392026578074,0.026068945287604346
846.2591362126246,0.027245827666975996
846.2790697674419,0.02853442499203807
846.2990033222592,0.02991556989125319
846.3189368770765,0.03137197124891705
846.3388704318937,0.03288828535635389
846.3588039867111,0.034451029749515825
846.3787375415283,0.0360484150962333
846.3986710963455,0.03767014519940594
846.4186046511628,0.03930721505460148
846.4385382059801,0.040951722899441344
846.4584717607975,0.042596703326692
846.4784053156146,0.04423598335630846
846.498338870432,0.045864060596526805
846.5182724252492,0.04747600132928408
846.5382059800666,0.049067355902652474
846.5581395348838,0.050634088810346596
846.578073089701,0.05217252105199747
846.5980066445184,0.053679282667108384
846.6179401993355,0.05515127364931309
846.6378737541529,0.05658563174178307
846.6578073089702,0.057979705874641255
846.6777408637874,0.05933103422734509
846.6976744186047,0.060637326084809005
846.717607973422,0.06189644680913786
846.7375415282393,0.0631064053743472
846.7574750830565,0.0642653440132692
846.7774086378738,0.06537152960875756
846.7973421926911,0.06642334652828083
846.8172757475083,0.06741929065539745
846.8372093023256,0.06835796441566269
846.8571428571429,0.06923807263040459
846.8770764119602,0.07005841906090945
846.8970099667775,0.07081790352948499
846.9169435215947,0.07151551952332973
846.936877076412,0.07215035220318533
846.9568106312292,0.07272157675209326
846.9767441860465,0.0732284570105656
846.9966777408639,0.07367034435354534
847.0166112956811,0.07404667677251459
847.0365448504984,0.07435697813241333
847.0564784053156,0.07460085757877033
847.076411960133,0.07477800907527209
847.0963455149503,0.07488821105618758
847.1162790697674,0.0749313261820488
847.1362126245848,0.07490730119011005
847.156146179402,0.07481616683478358
847.1760797342193,0.07465803791586363
847.1960132890366,0.07443311339575516
847.2159468438539,0.07414167660974649
847.2358803986712,0.07378409557662169
847.2558139534884,0.07336082342022315
847.2757475083057,0.07287239891645168
847.295681063123,0.07231944718393997
847.3156146179402,0.07170268054171908
847.3355481727575,0.07102289956217592
847.3554817275748,0.07028099435409779
847.375415282392,0.06947794611781274
847.3953488372094,0.06861482902320833
847.4152823920266,0.0676928124718116
847.435215946844,0.0667131638166553
847.4551495016611,0.06567725162882652
847.4750830564784,0.06458654961794598
847.4950166112958,0.06344264133636937
847.514950166113,0.0622472258241863
847.5348837209303,0.061002124385926504
847.5548172757475,0.0597092887311574
847.5747508305649,0.05837081076232984
847.5946843853822,0.05698893435599776
847.6146179401993,0.055566069561348866
847.6345514950167,0.05410480973574403
847.6544850498339,0.05260795225470895
847.6744186046512,0.05107852357819865
847.6943521594685,0.04951980963035459
847.7142857142858,0.04793539266069843
847.734219269103,0.04632919600322511
847.7541528239203,0.04470553843454256
847.7740863787376,0.04306920014199018
847.7940199335549,0.04142550262116014
847.8139534883721,0.03978040507111309
847.8338870431894,0.038140619935582355
847.8538205980067,0.03651374995194776
847.873754152824,0.034908448079098466
847.8936877076412,0.03333459943163685
847.9136212624585,0.031803520011049434
847.9335548172759,0.030328159413063552
847.953488372093,0.028923282372671985
847.9734219269103,0.027605585751459664
847.9933554817276,0.026393683529992683
848.0132890365448,0.02530786640527234
848.0332225913622,0.024369525615840052
848.0531561461794,0.02360014297082442
848.0730897009968,0.023019816821242135
848.0930232558139,0.022645431942163917
848.1129568106313,0.022488764929070683
848.1328903654486,0.022554961791905997
848.1528239202657,0.02284181941034459
848.1727574750831,0.023340096655387402
848.1926910299003,0.024034755795378993
848.2126245847177,0.024906763175051784
848.232558139535,0.025934991056043726
848.2524916943522,0.02709785908682928
848.2724252491695,0.028374535019031567
848.2923588039868,0.029745677218878958
848.312292358804,0.03119379759753558
848.3322259136213,0.032703355330711004
848.3521594684386,0.03426068367788021
848.3720930232558,0.03585382805985306
848.3920265780731,0.037472347945844475
848.4119601328904,0.03910711433427154
848.4318936877078,0.0407501199919942
848.4518272425249,0.04239431027389634
848.4717607973423,0.04403343684095969
848.4916943521595,0.04566193362295773
848.5116279069767,0.04727481295422414
848.5315614617941,0.04886757928993373
848.5514950166113,0.05043615787225905
848.5714285714287,0.051976835913603525
848.5913621262458,0.053486214157806584
848.6112956810632,0.05496116699408699
848.6312292358805,0.05639880959574079
848.6511627906978,0.05779647081903994
848.671096345515,0.05915167082405785
848.6910299003322,0.06046210256832961
848.7109634551496,0.061725616480693926
848.7308970099668,0.06294020775070422
848.7508305647841,0.06410400577322506
848.7707641196014,0.06521526537232838
848.7906976744187,0.06627235949733491
848.8106312292359,0.06727377313927815
848.8305647840532,0.06821809826113776
848.8504983388705,0.06910402957189828
848.8704318936877,0.06993036100421328
848.890365448505,0.07069598277977852
848.9102990033223,0.07139987896658745
848.9302325581397,0.07204112544846486
848.9501661129568,0.07261888824088508
848.9700996677742,0.07313242209836184
848.9900332225914,0.0735810693679649
849.0099667774086,0.07396425905140995
849.029900332226,0.07428150604489818
849.0498338870432,0.0745324105315032
849.0697674418606,0.07471665750580245
849.0897009966777,0.07483401641486442
849.1096345514951,0.07488434090343096
849.1295681063124,0.07486756865469338
849.1495016611296,0.0747837213212814
849.1694352159469,0.07463290454416169
849.1893687707641,0.0744153080601845
849.2093023255815,0.07413120590205662
849.2292358803987,0.07378095669766924
849.249169435216,0.07336500407904967
849.2691029900333,0.07288387721486789
849.2890365448505,0.07233819148445328
849.3089700996678,0.07172864931593706
849.3289036544852,0.07105604121625252
849.3488372093024,0.07032124702708138
849.3687707641196,0.06952523744779293
849.3887043189369,0.06866907587521019
849.4086378737542,0.06775392062008963
849.4285714285716,0.06678102757252755
849.4485049833887,0.06575175340339463
849.4684385382061,0.06466755940683296
849.4883720930233,0.06353001611085517
849.5083056478406,0.062340808809839145
849.5282392026579,0.06110174420575917
849.5481727574751,0.0598147583853416
849.5681063122925,0.0584819264102211
849.5880398671096,0.0571054738587096
849.607973421927,0.05568779073367729
849.6279069767443,0.05423144824455094
849.6478405315615,0.052739219086722286
849.6677740863788,0.0512141019826723
849.6877076411961,0.049659351420940655
849.7076411960134,0.048078513735589655
849.7275747508306,0.046475470913145245
849.7475083056479,0.044854493794708086
849.7674418604652,0.043220306648744725
849.7873754152824,0.0415781654003994
849.8073089700997,0.03993395206207277
849.827242524917,0.03829428801552593
849.8471760797343,0.0366666685614455
849.8671096345515,0.03505962025951522
849.8870431893688,0.03348288050854569
849.9069767441861,0.0319475947570442
849.9269102990033,0.03046651954639856
849.9468438538206,0.029054207854974794
849.966777408638,0.027727135639863308
849.9867109634552,0.02650370498088763
850.0066445182725,0.02540403313407346
850.0265780730897,0.02444941807799046
850.046511627907,0.02366137910860405
850.0664451827244,0.023060231663256454
850.0863787375415,0.02266328632075162
850.1063122923589,0.022482943499348384
850.126245847176,0.02252510989372154
850.1461794019934,0.022788378153985437
850.1661129568107,0.02326422582164665
850.186046511628,0.023938169855914994
850.2059800664452,0.024791527793849844
850.2259136212624,0.02580332728663413
850.2458471760798,0.02695198625340119
850.2657807308971,0.02821656334439832
850.2857142857143,0.029577546580735345
850.3056478405316,0.031017251783867304
850.3255813953489,0.03251994002885409
850.3455149501661,0.034071758330009
850.3654485049835,0.0356605845005719
850.3853820598007,0.03727583127978419
850.405315614618,0.03890824342798309
850.4252491694352,0.040549706241913376
850.4451827242525,0.0421930741053294
850.4651162790699,0.043832021844548215
850.485049833887,0.04546091846850354
850.5049833887044,0.04707472132490533
850.5249169435216,0.04866888811015211
850.544850498339,0.05023930409430218
850.5647840531562,0.0517822221027574
850.5847176079734,0.053294213083783175
850.6046511627908,0.05477212540476439
850.624584717608,0.056213051319637865
850.6445182724253,0.05761429931741017
850.6644518272426,0.05897337129171071
850.6843853820599,0.06028794366403466
850.7043189368771,0.06155585175323587
850.7242524916944,0.06277507681436967
850.7441860465117,0.06394373527659253
850.764119601329,0.0650600697963125
850.7840531561462,0.06612244181172815
850.8039867109635,0.06712932534191661
850.8239202657808,0.06807930181947117
850.843853820598,0.06897105578320759
850.8637873754153,0.06980337128795358
850.8837209302326,0.07057512891318424
850.90365448505,0.07128530327271657
850.9235880398671,0.07193296094434856
850.9435215946844,0.07251725875215013
850.9634551495017,0.07303744234553872
850.9833887043189,0.07349284502891137
851.0033222591363,0.07388288680336555
851.0232558139535,0.07420707358919165
851.0431893687709,0.07446499660325295
851.063122923588,0.07465633187052516
851.0830564784053,0.07478083985349598
851.1029900332227,0.07483836518677976
851.1229235880398,0.07482883650811079
851.1428571428572,0.07475226637991418
851.1627906976744,0.07460875129885965
851.1827242524918,0.07439847179378684
851.202657807309,0.07412169261548263
851.2225913621263,0.0737787630248717
851.2425249169436,0.07337011718948638
851.2624584717607,0.0728962747017561
851.2823920265781,0.07235784123664057
851.3023255813954,0.07175550937059885
851.3222591362127,0.07109005958908232
851.3421926910299,0.07036236151586854
851.3621262458472,0.06957337540447506
851.3820598006645,0.06872415394043208
851.4019933554819,0.0678158444130522
851.421926910299,0.06684969132753453
851.4418604651163,0.06582703954259052
851.4617940199336,0.06474933803661133
851.4817275747508,0.06361814442659744
851.5016611295682,0.062435130390576424
851.5215946843854,0.061202088176252646
851.5415282392028,0.059920938418228
851.5614617940199,0.058593739534831164
851.5813953488373,0.057222699035740995
851.6013289036546,0.05581018714565885
851.6212624584717,0.05435875324078608
851.6411960132891,0.05287114570737735
851.6611295681063,0.05135033596971477
851.6810631229237,0.04979954760294236
851.7009966777409,0.04822229164862822
851.7209302325582,0.046622409491052376
851.7408637873755,0.04500412492893545
851.7607973421927,0.043372107382897956
851.78073089701,0.04173154849041049
851.8006644518273,0.04008825460805978
851.8205980066446,0.03844875786957012
851.8405315614618,0.03682044826254567
851.8604651162791,0.03521172838545775
851.8803986710964,0.033632190633679844
851.9003322259138,0.03209281276826419
851.9202657807309,0.030606161038407326
851.9401993355483,0.029186578861270036
851.9601328903655,0.02785032217164032
851.9800664451827,0.0266155796440342
852.0000000000001,0.025502289868147274
852.0199335548173,0.02453164731426597
852.0398671096347,0.023725192836462815
852.0598006644518,0.02310343819691195
852.0797342192692,0.022684097221584935
852.0996677740865,0.022480174807975463
852.1196013289037,0.022498327569790384
852.139534883721,0.022737944999931627
852.1594684385382,0.023191235659108696
852.1794019933556,0.023844290791339578
852.1993355481728,0.02467880058513047
852.2192691029901,0.02567396697291056
852.2392026578074,0.026808220136835273
852.2591362126246,0.028060518357366917
852.2790697674419,0.029411183616476332
852.2990033222592,0.03084233678309932
852.3189368770765,0.03233803998911801
852.3388704318937,0.03388425209885553
852.358803986711,0.03546868097178923
852.3787375415283,0.03708059020733662
852.3986710963457,0.038710596059848855
852.4186046511628,0.04035047432473325
852.4385382059802,0.04199298664956744
852.4584717607974,0.043631729520995886
852.4784053156146,0.04526100575881636
852.498338870432,0.046875716662907095
852.5182724252492,0.0484712722862272
852.5382059800666,0.05004351719045363
852.5581395348837,0.051588669201130075
852.5780730897011,0.05310326896026724
852.5980066445184,0.0545841383869707
852.6179401993356,0.05602834645886084
852.6378737541529,0.05743318099806998
852.6578073089701,0.05879612537950732
852.6777408637874,0.06011483927560743
852.6976744186047,0.061387142714821034
852.717607973422,0.0626110028644976
852.7375415282393,0.06378452305768956
852.7574750830565,0.06490593367188344
852.7774086378738,0.06597358453916215
852.7973421926911,0.06698593862545564
852.8172757475083,0.06794156676355449
852.8372093023256,0.0688391432628467
852.8571428571429,0.06967744224990001
852.8770764119602,0.07045533461915843
852.8970099667774,0.07117178549421391
852.9169435215947,0.07182585211674987
852.9368770764121,0.07241668209463768
852.9568106312292,0.07294351195223177
852.9767441860466,0.07340566593556683
852.9966777408638,0.0738025550334934
853.0166112956811,0.07413367618239447
853.0365448504984,0.07439861162841246
853.0564784053156,0.07459702842567978
853.076411960133,0.07472867805395184
853.0963455149501,0.07479339614263183
853.1162790697675,0.07479110229187025
853.1362126245848,0.07472179998470437
853.1561461794021,0.07458557658726568
853.1760797342193,0.07438260343717149
853.1960132890365,0.07411313602316508
853.2159468438539,0.0737775142622907
853.2358803986712,0.07337616288406025
853.2558139534884,0.072909591934799
853.2757475083057,0.0723783974190991
853.295681063123,0.07178326210000466
853.3156146179402,0.07112495648439465
853.3355481727575,0.07040434002627237
853.3554817275748,0.06962236258721158
853.375415282392,0.06878006620190062
853.3953488372093,0.06787858720613829
853.4152823920266,0.06691915879665565
853.435215946844,0.06590311410633691
853.4551495016611,0.06483188989554538
853.4750830564785,0.06370703098138134
853.4950166112957,0.06253019555231608
853.514950166113,0.0613031615471152
853.5348837209303,0.06002783431554667
853.5548172757475,0.05870625582616187
853.5747508305649,0.05734061574489032
853.594684385382,0.0559332647808748
853.6146179401994,0.05448673078513681
853.6345514950167,0.05300373819787621
853.654485049834,0.05148723157495529
853.6744186046512,0.04994040408887829
853.6943521594684,0.048366732097838615
853.7142857142858,0.04677001711243117
853.734219269103,0.045154436762114
853.7541528239203,0.043524606666671156
853.7740863787376,0.04188565543024689
853.7940199335549,0.04024331525128669
853.8139534883721,0.03860403079180173
853.8338870431894,0.036975088808968125
853.8538205980067,0.03536477033681523
853.873754152824,0.033782525444229106
853.8936877076412,0.0322391670515859
853.9136212624585,0.03074707389358966
853.9335548172758,0.029320382097863522
853.953488372093,0.027975128630393344
853.9734219269104,0.02672928755872412
853.9933554817276,0.02560261403723296
854.013289036545,0.02461618936635514
854.0332225913621,0.023791560643009975
854.0531561461794,0.023149415632998473
854.0730897009968,0.022707848873326036
854.0930232558139,0.02248044983399176
854.1129568106313,0.022474613202388083
854.1328903654485,0.022690525116768157
854.1528239202659,0.02312113647330064
854.1727574750831,0.023753131888461388
854.1926910299004,0.024568595707018644
854.2126245847177,0.02554692345399011
854.2325581395348,0.026666572127284467
854.2524916943522,0.027906408893937758
854.2724252491695,0.02924659440635106
854.2923588039868,0.030669055985457848
854.312292358804,0.032157656130044315
854.3322259136213,0.033698163720109135
854.3521594684386,0.03527811433341123
854.372093023256,0.03688662000822503
854.3920265780731,0.03851416619866654
854.4119601328904,0.040152417135834506
854.4318936877077,0.04179403993401937
854.4518272425249,0.04343255120539144
854.4717607973423,0.04506218628602154
854.4916943521595,0.046677789343977115
854.5116279069769,0.048274721885024977
854.531561461794,0.049848787010071456
854.5514950166113,0.051396166918626786
854.5714285714287,0.05291337142464229
854.5913621262458,0.054397195563343846
854.6112956810632,0.05584468467145651
854.6312292358804,0.05725310559823833
854.6511627906978,0.05861992294228997
854.671096345515,0.05994277940950893
854.6910299003323,0.06121947955376106
854.7109634551496,0.06244797629825362
854.7308970099667,0.06362635974676227
854.7508305647841,0.06475284788427607
854.7707641196014,0.0658257788396909
854.7906976744187,0.06684360444274434
854.8106312292359,0.06780488485542274
854.8305647840532,0.06870828409702305
854.8504983388705,0.06955256631406329
854.8704318936879,0.07033659267201312
854.890365448505,0.07105931876707429
854.9102990033223,0.07171979247372151
854.9302325581396,0.07231715215789493
854.9501661129568,0.07285062519799192
854.9700996677742,0.0733195267652088
854.9900332225914,0.07372325882362211
855.0099667774087,0.07406130931698154
855.0299003322259,0.07433325151538622
855.0498338870433,0.0745387435001089
855.0697674418606,0.07467752776931966
855.0897009966777,0.07474943095135768
855.1096345514951,0.07475436361590906
855.1295681063123,0.07469232017667501
855.1495016611296,0.07456337888228849
855.1694352159469,0.07436770189513667
855.1893687707642,0.0741055354610082
855.2093023255815,0.07377721017534007
855.2292358803987,0.07338314135530306
855.249169435216,0.07292382953033047
855.2691029900333,0.07239986106775834
855.2890365448505,0.07181190895449059
855.3089700996678,0.07116073376076851
855.3289036544851,0.07044718481780524
855.3488372093024,0.06967220164799073
855.3687707641197,0.06883681569432766
855.3887043189369,0.06794215240561488
855.4086378737543,0.0669894337450282
855.4285714285714,0.06597998120419303
855.4485049833887,0.0649152194212371
855.4684385382061,0.06379668052227906
855.4883720930233,0.06262600933051965
855.5083056478406,0.061404969618194125
855.5282392026578,0.060135451614223616
855.5481727574752,0.058819481026969364
855.5681063122925,0.05745922989890097
855.5880398671097,0.05605702968074866
855.607973421927,0.05461538699996245
855.6279069767442,0.05313700270602035
855.6478405315615,0.051624794906840306
855.6677740863788,0.05008192687183348
855.6877076411961,0.04851184087151521
855.7076411960134,0.046918299255090515
855.7275747508306,0.045305434336243504
855.7475083056479,0.04367780895753215
855.7674418604652,0.04204048991630717
855.7873754152824,0.04039913671807261
855.8073089700997,0.03876010829237154
855.827242524917,0.037130590208168106
855.8471760797343,0.035518744290678944
855.8671096345515,0.03393388092311268
855.8870431893688,0.03238665101098142
855.9069767441862,0.03088924856333192
855.9269102990033,0.029455604758318862
855.9468438538206,0.028101538806100907
855.9667774086379,0.026844809252700608
855.9867109634552,0.02570498348732662
856.0066445182725,0.024703020553834207
856.0265780730897,0.02386045909327275
856.0465116279071,0.023198143022269132
856.0664451827242,0.02273452512644107
856.0863787375416,0.022483759041296195
856.1063122923589,0.02245396464619492
856.126245847176,0.02264612325843182
856.1461794019934,0.023053938351982137
856.1661129568106,0.023664706437058012
856.186046511628,0.02446092751404931
856.2059800664452,0.02542221040431364
856.2259136212625,0.026527054030173178
856.2458471760798,0.027754244236167364
856.2657807308971,0.02908378547299153
856.2857142857143,0.03049741319916257
856.3056478405316,0.03197878975363382
856.3255813953489,0.033513492275297006
856.3455149501661,0.03508888175460072
856.3654485049834,0.03669391623790267
856.3853820598007,0.038318948059468186
856.4053156146181,0.039955527791498566
856.4252491694352,0.04159622618551862
856.4451827242526,0.043234478414243736
856.4651162790698,0.044864451008551416
856.485049833887,0.04648092989766218
856.5049833887044,0.048079227116689535
856.5249169435216,0.04965510353706198
856.544850498339,0.051204705092358194
856.5647840531561,0.052724510235375506
856.5847176079735,0.05421128667240982
856.6046511627908,0.055662055726903664
856.6245847176081,0.057074062962759506
856.6445182724253,0.058444753939267055
856.6644518272425,0.05977175417371154
856.6843853820599,0.061052852557330096
856.7043189368771,0.062285987609497995
856.7242524916944,0.06346923606877396
856.7441860465117,0.06460080341159269
856.764119601329,0.06567901596448883
856.7840531561462,0.06670231433617337
856.8039867109635,0.06766924794517215
856.8239202657808,0.06857847045853298
856.843853820598,0.06942873598967034
856.8637873754153,0.07021889592990399
856.8837209302326,0.07094789630981319
856.9036544850499,0.07161477560451754
856.9235880398671,0.07221866291137662
856.9435215946845,0.07275877644100281
856.9634551495017,0.07323442227241327
856.9833887043189,0.07364499333161538
857.0033222591362,0.073989968560131
857.0232558139535,0.07426891224596095
857.0431893687709,0.07448147349474998
857.063122923588,0.07462738582344075
857.0830564784054,0.07470646686271457
857.1029900332226,0.07471861815818438
857.12292358804,0.07466382506355221
857.1428571428572,0.07454215672218005
857.1627906976744,0.07435376613647648
857.1827242524918,0.07409889032756689
857.2026578073089,0.0737778505907806
857.2225913621263,0.07339105285574903
857.2425249169436,0.07293898816339979
857.2624584717609,0.0724222332759887
857.2823920265781,0.07184145144064874
857.3023255813954,0.0711973933318518
857.3222591362127,0.07049089820397067
857.3421926910299,0.06972289529174651
857.3621262458472,0.06889440550445872
857.3820598006645,0.06800654346899766
857.4019933554817,0.06706051998837445
857.421926910299,0.06605764499581068
857.4418604651164,0.06499933110112384
857.4617940199336,0.0638870978461717
857.481727574751,0.06272257681070245
857.5016611295681,0.0615075177400395
857.5215946843854,0.060243795902910534
857.5415282392028,0.05893342093326669
857.5614617940199,0.05757854746590728
857.5813953488373,0.05618148794497253
857.6013289036545,0.05474472806962143
857.6212624584718,0.05327094544637219
857.6411960132891,0.051763032146621764
857.6611295681064,0.05022412202534674
857.6810631229237,0.04865762384786674
857.7009966777408,0.04706726149843277
857.7209302325582,0.045457122809369435
857.7408637873755,0.04383171884668642
857.7607973421927,0.04219605580028937
857.78073089701,0.040555721916075836
857.8006644518273,0.038916992094007945
857.8205980066446,0.03728695271705601
857.840531561462,0.03567364871623377
857.8604651162791,0.03408625339309062
857.8803986710964,0.032535258441165296
857.9003322259136,0.031032675939598714
857.9202657807309,0.029592234518260607
857.9401993355483,0.028229536992434547
857.9601328903655,0.02696212574374683
857.9800664451828,0.025809376488488765
858.0,0.024792117489066474
858.0199335548173,0.02393186484970564
858.0398671096347,0.023249599278439035
858.0598006644518,0.02276410947200258
858.0797342192692,0.022490092386988857
858.0996677740864,0.022436379223385546
858.1196013289037,0.02260474374793198
858.139534883721,0.022989651143115696
858.1594684385383,0.023579027708213473
858.1794019933556,0.024355810540145215
858.1993355481727,0.025299841822703513
858.2192691029901,0.026389678060954148
858.2392026578074,0.027604034111172026
858.2591362126246,0.02892276378303246
858.2790697674419,0.030327412653414897
858.2990033222592,0.03180144254881348
858.3189368770765,0.03333023719507232
858.3388704318938,0.03490098071655042
858.358803986711,0.03650247472981471
858.3787375415283,0.03812493610524921
858.3986710963455,0.03975979963006754
858.4186046511628,0.04139953783099895
858.4385382059802,0.04303750284569904
858.4584717607974,0.044667791051099554
858.4784053156147,0.04628512900689638
858.4983388704319,0.04788477833410822
858.5182724252493,0.04946245688913622
858.5382059800666,0.051014273685797376
858.5581395348837,0.05253667527099588
858.5780730897011,0.054026401567459394
858.5980066445183,0.055480449504975195
858.6179401993356,0.056896043042941734
858.6378737541529,0.058270608432770786
858.6578073089702,0.05960175377641635
858.6777408637874,0.06088725211051454
858.6976744186047,0.06212502738758381
858.717607973422,0.06331314284211075
858.7375415282393,0.06444979132352309
858.7574750830565,0.06553328725466717
858.7774086378738,0.0665620599364912
858.7973421926911,0.06753464796975743
858.8172757475083,0.06844969460564237
858.8372093023256,0.0693059438700699
858.8571428571429,0.07010223733381478
858.8770764119603,0.07083751142249178
858.8970099667774,0.07151079517870382
858.9169435215947,0.07212120840357046
858.936877076412,0.07266796011725046
858.9568106312292,0.07315034728834685
858.9767441860466,0.07356775379065458
858.9966777408638,0.07391964955310239
859.0166112956812,0.07420558987475431
859.0365448504983,0.07442521488207682
859.0564784053157,0.0745782491104231
859.076411960133,0.07466450119547416
859.0963455149501,0.07468386366440782
859.1162790697675,0.07463631281948781
859.1362126245847,0.07452190871032055
859.1561461794021,0.0743407951938182
859.1760797342193,0.07409320008395634
859.1960132890366,0.07377943539664049
859.2159468438539,0.07339989769794686
859.235880398671,0.07295506856782857
859.2558139534884,0.07244551519475421
859.2757475083057,0.07187189112147561
859.295681063123,0.07123493716658888
859.3156146179402,0.07053548255249273
859.3355481727575,0.06977444627671643
859.3554817275748,0.06895283877144544
859.3754152823922,0.06807176390545522
859.3953488372093,0.06713242139344035
859.4152823920266,0.0661361096914439
859.4352159468439,0.06508422947297246
859.4551495016611,0.0639782878002532
859.4750830564785,0.06281990312897953
859.4950166112957,0.061610811314391126
859.5149501661131,0.06035287282248118
859.5348837209302,0.05904808139480796
859.5548172757476,0.05769857446988054
859.5747508305649,0.05630664573188645
859.594684385382,0.05487476024077511
859.6146179401994,0.0534055727005021
859.6345514950166,0.05190194954847151
859.654485049834,0.050366995703261766
859.6744186046512,0.04880408699465229
859.6943521594685,0.047216909522845726
859.7142857142858,0.04560950745458943
859.734219269103,0.04398634105764913
859.7541528239203,0.04235235708721746
859.7740863787376,0.04071307393174825
859.7940199335549,0.039074684128735354
859.8139534883721,0.03744417683790589
859.8338870431894,0.03582948236982757
859.8538205980067,0.03423963951106561
859.873754152824,0.03268498352134662
859.8936877076412,0.031177347348709812
859.9136212624586,0.029730259530032513
859.9335548172758,0.028359107983734103
859.953488372093,0.02708121854087275
859.9734219269103,0.025915771742028856
859.9933554817276,0.024883457091519276
860.013289036545,0.024005754692676746
860.0332225913621,0.023303763201252378
860.0531561461795,0.02279658506114641
860.0730897009967,0.02249943933093194
860.093023255814,0.022421853719968392
860.1129568106313,0.022566390462014547
860.1328903654485,0.022928284433132735
860.1528239202659,0.023496108932459386
860.172757475083,0.024253259481030298
860.1926910299004,0.02517983202093048
860.2126245847177,0.026254456839426194
860.232558139535,0.02745578868983587
860.2524916943522,0.02876353674861606
860.2724252491695,0.03015905900133286
860.2923588039868,0.03162561659480342
860.312292358804,0.03314839826252352
860.3322259136213,0.03471440901541776
860.3521594684386,0.03631229159779833
860.3720930232558,0.03793212504873148
860.3920265780731,0.039565226213173016
860.4119601328905,0.04120396749824806
860.4318936877077,0.04284161637991432
860.4518272425249,0.04447219770460728
860.4717607973422,0.04609037750774539
860.4916943521595,0.047691366032357844
860.5116279069769,0.04927083731709775
860.531561461794,0.05082486278789016
860.5514950166114,0.05234985652913861
860.5714285714286,0.05384253021551512
860.5913621262459,0.055299855994597996
860.6112956810632,0.056719035895357525
860.6312292358804,0.0580974765870578
860.6511627906978,0.05943276852486265
860.6710963455149,0.0607226686947995
860.6910299003323,0.06196508631608596
860.7109634551496,0.0631580709774093
860.7308970099668,0.0642998027801824
860.7508305647841,0.06538858414009455
860.7707641196014,0.06642283296166111
860.7906976744187,0.06740107695192388
860.8106312292359,0.06832194888105048
860.8305647840532,0.06918418263172697
860.8504983388705,0.06998660990658476
860.8704318936877,0.07072815748578187
860.890365448505,0.07140784494522975
860.9102990033224,0.07202478276119022
860.9302325581396,0.07257817073975412
860.9501661129569,0.07306729672000167
860.9700996677741,0.07349153550856151
860.9900332225914,0.07385034801061452
861.0099667774087,0.07414328052863486
861.0299003322259,0.07436996420563542
861.0498338870433,0.07453011459422099
861.0697674418604,0.0746235313370259
861.0897009966778,0.07465009794766378
861.1096345514951,0.07460978168479446
861.1295681063124,0.07450263351502841
861.1495016611296,0.07432878816348522
861.1694352159468,0.07408846425375612
861.1893687707642,0.07378196454218403
861.2093023255815,0.07340967625449918
861.2292358803987,0.07297207153631093
861.249169435216,0.07246970803272401
861.2691029900333,0.07190322961656934
861.2890365448505,0.07127336728947298
861.3089700996679,0.07058094028567148
861.3289036544851,0.06982685741474032
861.3488372093024,0.06901211868723862
861.3687707641196,0.06813781727622319
861.3887043189369,0.06720514187847935
861.4086378737543,0.06621537955241026
861.4285714285714,0.06516991912539537
861.4485049833888,0.06407025528257074
861.468438538206,0.06291799347261212
861.4883720930233,0.06171485579475856
861.5083056478406,0.060462688066590935
861.5282392026578,0.059163468315611555
861.5481727574752,0.0578193169911241
861.5681063122923,0.056432509258903446
861.5880398671097,0.05500548982271015
861.607973421927,0.05354089081715563
861.6279069767443,0.0520415534395537
861.6478405315615,0.05051055413967412
861.6677740863787,0.04895123636886246
861.6877076411961,0.047367249109117354
861.7076411960134,0.0457625936591254
861.7275747508306,0.04414168044487424
861.7475083056479,0.04250939793358384
861.7674418604652,0.040871196027829855
861.7873754152824,0.03923318653466224
861.8073089700997,0.037602263314353006
861.827242524917,0.03598624429011676
861.8471760797343,0.03439403626247155
861.8671096345515,0.03283582080909797
861.8870431893688,0.03132325454514349
861.9069767441861,0.029869668417312492
861.9269102990033,0.028490237071806486
861.9468438538207,0.02720206964502796
861.9667774086379,0.026024148387033076
861.9867109634553,0.024977016601276585
862.0066445182724,0.024082105540427542
862.0265780730897,0.02336061349949851
862.0465116279071,0.022831934725191155
862.0664451827242,0.022511788846551563
862.0863787375416,0.022410384383496778
862.1063122923588,0.022531066816787865
862.1262458471762,0.022869847525573694
862.1461794019934,0.023415963277612084
862.1661129568107,0.024153289176076266
862.186046511628,0.025062195611586013
862.2059800664451,0.02612140338354261
862.2259136212625,0.027309518585174157
862.2458471760798,0.02860611222874227
862.2657807308971,0.02999235732286805
862.2857142857143,0.031451314364630494
862.3056478405316,0.0329679756165899
862.3255813953489,0.034529164765345524
862.3455149501663,0.03612336323851322
862.3654485049834,0.03774050985426883
862.3853820598007,0.0393718013270903
862.405315614618,0.04100950801675558
862.4252491694352,0.0426468110794525
862.4451827242526,0.044277662426312356
862.4651162790698,0.04589666638914908
862.4850498338872,0.04749898084820401
862.5049833887043,0.04908023520414619
862.5249169435217,0.05063646261221297
862.544850498339,0.05216404412555634
862.5647840531561,0.05365966269624908
862.5847176079735,0.055120265292733804
862.6046511627907,0.056543031680651376
862.6245847176081,0.057925348667098676
862.6445182724253,0.059264788824072566
862.6644518272426,0.06055909288690836
862.6843853820599,0.061806155171597474
862.704318936877,0.06300401147631597
862.7242524916944,0.06415082903091447
862.7441860465117,0.06524489813821603
862.764119601329,0.06628462521573482
862.7840531561462,0.06726852699908407
862.8039867109635,0.06819522571079162
862.8239202657808,0.06906344503317868
862.843853820598,0.06987200675189678
862.8637873754153,0.07061982796004035
862.8837209302326,0.07130591873157441
862.9036544850499,0.07192938018831471
862.9235880398671,0.0724894028977415
862.9435215946844,0.07298526554946301
862.9634551495017,0.07341633386713944
862.983388704319,0.07378205972021427
863.0033222591362,0.07408198040617567
863.0232558139536,0.07431571807950345
863.0431893687708,0.07448297930818992
863.063122923588,0.07458355474298296
863.0830564784054,0.07461731888809889
863.1029900332226,0.07458422996567297
863.12292358804,0.07448432986932361
863.1428571428571,0.07431774420534816
863.1627906976745,0.07408468242291281
863.1827242524918,0.07378543803790923
863.202657807309,0.07342038895806384
863.2225913621263,0.07298999792048007
863.2425249169435,0.07249481305642524
863.2624584717609,0.0719354686023326
863.2823920265781,0.07131268578078469
863.3023255813954,0.0706272738806194
863.3222591362127,0.06988013157162501
863.3421926910299,0.06907224849696088
863.3621262458472,0.0682047071950511
863.3820598006646,0.06727868541369177
863.4019933554817,0.0662954588915975
863.421926910299,0.0652564046983832
863.4418604651163,0.0641630052425732
863.4617940199336,0.06301685308055416
863.481727574751,0.061819656686968
863.5016611295681,0.060573247382208165
863.5215946843855,0.05927958765449014
863.5415282392026,0.05794078116675837
863.56146179402,0.05655908480293659
863.5813953488373,0.05513692318776018
863.6013289036545,0.05367690621259654
863.6212624584718,0.0521818502201647
863.641196013289,0.050654803648862747
863.6611295681064,0.04909907811647884
863.6810631229237,0.047518286137882775
863.7009966777409,0.04591638692343698
863.7209302325582,0.044297741992476276
863.7408637873755,0.04266718264551928
863.7607973421927,0.0410300916409432
863.78073089701,0.03939250165287907
863.8006644518273,0.03776121312751351
863.8205980066446,0.036143933793416606
863.8405315614618,0.03454944095584937
863.8604651162791,0.03298776523431014
863.8803986710965,0.03147038970537134
863.9003322259136,0.030010450269675824
863.9202657807309,0.028622910042450454
863.9401993355482,0.027324661549369113
863.9601328903655,0.026134486006248188
863.9800664451828,0.025072773591907
864.0,0.024160894468516637
864.0199335548174,0.02342012881392565
864.0398671096345,0.022870140996337978
864.0598006644519,0.022527129432807706
864.0797342192692,0.022401966922157988
864.0996677740864,0.022498775754427346
864.1196013289037,0.02281434942015067
864.1395348837209,0.023338603826526118
864.1594684385383,0.024055914589667847
864.1794019933556,0.024946947495450192
864.1993355481728,0.025990531102764305
864.2192691029901,0.027165234850447036
864.2392026578074,0.028450498530449952
864.2591362126246,0.029827313127658628
864.2790697674419,0.0312785387286313
864.2990033222592,0.03278896975557614
864.3189368770765,0.034345246401568344
864.3388704318937,0.03593568633404322
864.358803986711,0.037550085739822325
864.3787375415284,0.03917951898417591
864.3986710963455,0.04081615241864135
864.4186046511629,0.04245307918978666
864.4385382059801,0.044084176839876595
864.4584717607974,0.04570398679275002
864.4784053156147,0.047307613559724744
864.4983388704319,0.0488906410652691
864.5182724252493,0.05044906349620034
864.5382059800664,0.05197922829325067
864.5581395348838,0.05347778920100019
864.5780730897011,0.05494166760330721
864.5980066445184,0.056368020662475704
864.6179401993356,0.057754215037433033
864.6378737541528,0.059097805175706224
864.6578073089702,0.060396515357641775
864.6777408637874,0.06164822482253765
864.6976744186047,0.06285095543031599
864.717607973422,0.06400286141312007
864.7375415282393,0.06510222085292793
864.7574750830565,0.06614742858771569
864.7774086378738,0.0671369903022405
864.7973421926911,0.06806951760319979
864.8172757475083,0.06894372391404548
864.8372093023256,0.0697584210533494
864.8571428571429,0.07051251638438792
864.8770764119602,0.07120501044285822
864.8970099667774,0.07183499496557134
864.9169435215948,0.07240165125593813
864.936877076412,0.07290424883323306
864.9568106312292,0.07334214432150657
864.9767441860465,0.07371478054169195
864.9966777408638,0.0740216857770916
865.0166112956812,0.07426247318783163
865.0365448504983,0.07443684035464151
865.0564784053157,0.07454456893683141
865.0764119601329,0.0745855244326175
865.0963455149503,0.07455965603396299
865.1162790697675,0.07446699657076397
865.1362126245847,0.07430766254268216
865.1561461794021,0.07408185423968057
865.1760797342192,0.07378985595550117
865.1960132890366,0.0734320363014261
865.2159468438539,0.07300884863102418
865.2358803986712,0.07252083159038214
865.2558139534884,0.07196860981215097
865.2757475083057,0.07135289477684416
865.295681063123,0.07067448586960551
865.3156146179402,0.06993427166751165
865.3355481727575,0.06913323149930928
865.3554817275748,0.06827243732861075
865.375415282392,0.06735305602170916
865.3953488372093,0.06637635207396997
865.4152823920267,0.06534369088381084
865.4352159468439,0.06425654268166825
865.4551495016613,0.06311648724399876
865.4750830564784,0.06192521954971932
865.4950166112957,0.06068455657019248
865.5149501661131,0.0593964454255857
865.5348837209302,0.05806297319121939
865.5548172757476,0.056686378700874264
865.5747508305648,0.05526906677162661
865.5946843853822,0.05381362537085342
865.6146179401994,0.05232284636388371
865.6345514950167,0.050799750625296035
865.654485049834,0.04924761847227728
865.6744186046511,0.047670026589165956
865.6943521594685,0.04607089286042172
865.7142857142858,0.04445453081299513
865.734219269103,0.042825715677116516
865.7541528239203,0.04118976437934147
865.7740863787376,0.039552632024517864
865.7940199335549,0.037921027492277534
865.8139534883721,0.03630255046914191
865.8338870431894,0.03470585121745381
865.8538205980067,0.03314081209327231
865.873754152824,0.031618745421731924
865.8936877076412,0.03015259463706453
865.9136212624585,0.028757113171827112
865.9335548172758,0.02744897723914202
865.9534883720931,0.026246764631403748
865.9734219269103,0.025170705982577216
865.9933554817277,0.02424209872862194
866.0132890365448,0.02348228774000417
866.0332225913621,0.022911186128858715
866.0531561461795,0.022545449127256065
866.0730897009967,0.022396596505193496
866.093023255814,0.022469519730957257
866.1129568106312,0.02276179879226658
866.1328903654486,0.02326404355466397
866.1528239202659,0.023961150792019964
866.172757475083,0.02483410284813927
866.1926910299004,0.025861853790823203
866.2126245847176,0.02702294897681818
866.232558139535,0.028296704409801192
866.2524916943522,0.02966393235785522
866.2724252491695,0.03110729295797642
866.2923588039868,0.03261138154071905
866.312292358804,0.03416265268364526
866.3322259136213,0.03574925785456883
866.3521594684386,0.03736084817906299
866.3720930232558,0.03898837342433318
866.3920265780731,0.04062389393964431
866.4119601328904,0.042260413139851155
866.4318936877077,0.043891732735561156
866.451827242525,0.04551233001275459
866.4717607973422,0.04711725508587688
866.4916943521596,0.048702045546641155
866.5116279069767,0.05026265590040098
866.531561461794,0.05179539938156294
866.5514950166114,0.05329690003179117
866.5714285714286,0.05476405323614809
866.5913621262459,0.056193993206325746
866.6112956810631,0.05758406616101573
866.6312292358805,0.05893180817687366
866.6511627906978,0.06023492687069971
866.671096345515,0.061491286227986795
866.6910299003323,0.06269889401957995
866.7109634551495,0.06385589135110246
866.7308970099668,0.06496054397345269
866.7508305647841,0.06601123505049804
866.7707641196014,0.06700645913492843
866.7906976744187,0.06794481714788021
866.8106312292359,0.06882501219402984
866.8305647840532,0.06964584607348623
866.8504983388706,0.07040621637578043
866.8704318936877,0.07110511406100437
866.890365448505,0.07174162144934573
866.9102990033223,0.07231491055376146
866.9302325581396,0.07282424170148201
866.9501661129569,0.07326896239943863
866.9700996677741,0.07364850640647343
866.9900332225915,0.07396239298172409
867.0099667774086,0.07421022628434354
867.029900332226,0.07439169490444275
867.0498338870433,0.07450657150954856
867.0697674418604,0.07455471259457679
867.0897009966778,0.0745360583269077
867.109634551495,0.07445063248124
867.1295681063124,0.07429854246205497
867.1495016611296,0.07407997941454746
867.1694352159469,0.07379521842784136
867.1893687707642,0.0734446188375176
867.2093023255815,0.07302862463778056
867.2292358803987,0.07254776501728523
867.249169435216,0.07200265503665378
867.2691029900333,0.07139399647027413
867.2890365448505,0.07072257884034967
867.3089700996678,0.06998928067717611
867.3289036544851,0.06919507104695848
867.3488372093025,0.06834101139696185
867.3687707641196,0.06742825777806259
867.3887043189369,0.06645806351706293
867.4086378737542,0.06543178242600765
867.4285714285714,0.06435087265374101
867.4485049833888,0.0632169013070038
867.468438538206,0.06203154999517202
867.4883720930234,0.060796621485852465
867.5083056478405,0.059514047698929644
867.5282392026579,0.058185899316807344
867.5481727574752,0.056814397350056244
867.5681063122923,0.055401927073817435
867.5880398671097,0.05395105484401497
867.6079734219269,0.052464548417756975
867.6279069767443,0.050945401543658175
867.6478405315615,0.04939686375957197
867.6677740863788,0.047822476541901214
867.6877076411961,0.04622611719464476
867.7076411960134,0.044612052146258054
867.7275747508306,0.042985001628780974
867.7475083056479,0.04135021802063729
867.7674418604652,0.03971358038784843
867.7873754152824,0.03808170785366375
867.8073089700997,0.036462094175369324
867.827242524917,0.03486326498614468
867.8471760797343,0.033294957042847184
867.8671096345515,0.03176831469644428
867.8870431893689,0.030296091524296413
867.9069767441861,0.02889283322258162
867.9269102990033,0.027575000191176487
867.9468438538206,0.026360964747897356
867.9667774086379,0.025270792049485236
867.9867109634553,0.024325695766739305
868.0066445182724,0.02354706885045689
868.0265780730898,0.022955052120738544
868.046511627907,0.022566735520198503
868.0664451827244,0.022394267764707
868.0863787375416,0.02244330070517458
868.1063122923588,0.02271220397317092
868.1262458471762,0.023192295307641848
868.1461794019933,0.023869012939535868
868.1661129568107,0.024723677106267807
868.186046511628,0.02573538561801792
868.2059800664452,0.026882672890727197
868.2259136212625,0.028144739072679184
868.2458471760798,0.029502221390867587
868.2657807308971,0.030937580728287346
868.2857142857143,0.032435212199850474
868.3056478405316,0.03398138269879386
868.3255813953489,0.03556407506117211
868.3455149501661,0.0371727929035833
868.3654485049834,0.038798359116725405
868.3853820598008,0.04043272602025502
868.405315614618,0.042068805542685966
868.4252491694352,0.04370032207049778
868.4451827242525,0.045321687495876804
868.4651162790698,0.04692789648618711
868.4850498338872,0.04851443942509049
868.5049833887043,0.05007723040775655
868.5249169435217,0.0516125478553482
868.5448504983389,0.05311698560040335
868.5647840531562,0.05458741260600169
868.5847176079735,0.05602093977850309
868.6046511627907,0.05741489259812058
868.6245847176081,0.058766788519020674
868.6445182724252,0.06007431828152144
868.6644518272426,0.06133533043652468
868.6843853820599,0.06254781851181138
868.7043189368771,0.06370991035497532
868.7242524916944,0.0648198592732238
868.7441860465117,0.06587603665973454
868.764119601329,0.06687692585216129
868.7840531561462,0.06782111701470396
868.8039867109635,0.06870730287194328
868.8239202657808,0.06953427515287502
868.843853820598,0.0703009216281865
868.8637873754153,0.07100622364388375
868.8837209302326,0.07164925407098319
868.9036544850499,0.07222917560463493
868.9235880398672,0.07274523935740615
868.9435215946844,0.07319678370077547
868.9634551495017,0.0735832333170739
868.9833887043189,0.07390409843051
869.0033222591362,0.07415897419190895
869.0232558139536,0.07434754019660185
869.0431893687708,0.07446956011928542
869.0631229235881,0.07452488145350651
869.0830564784053,0.07451343534692868
869.1029900332227,0.07443523652682714
869.12292358804,0.07429038331321108
869.1428571428571,0.07407905772018174
869.1627906976745,0.07380152564901014
869.1827242524917,0.07345813717950482
869.202657807309,0.07304932696983069
869.2225913621263,0.07257561477816396
869.2425249169436,0.07203760612387314
869.2624584717609,0.07143599311029082
869.2823920265781,0.07077155543635535
869.3023255813954,0.07004516163047117
869.3222591362127,0.06925777054696679
869.3421926910299,0.0684104331739971
869.3621262458472,0.06750429481169751
869.3820598006645,0.06654059769153076
869.4019933554817,0.06552068412229232
869.4219269102991,0.06444600026578726
869.4418604651163,0.06331810066701407
869.4617940199337,0.062138653689549336
869.4817275747508,0.060909448039545004
869.5016611295681,0.05963240060102044
869.5215946843855,0.05830956585420561
869.5415282392026,0.0569431472087562
869.56146179402,0.055535510658080454
869.5813953488372,0.05408920125260943
869.6013289036546,0.05260696300253281
869.6212624584718,0.05109176295890658
869.641196013289,0.04954682039014946
869.6611295681064,0.047975642173591036
869.6810631229235,0.04638206576164427
869.7009966777409,0.04477031135827718
869.7209302325582,0.04314504524569631
869.7408637873755,0.041511456509769444
869.7607973421927,0.03987534967553219
869.78073089701,0.038243255883335985
869.8006644518273,0.03662256503457265
869.8205980066446,0.035021680508241164
869.8405315614618,0.033450196094779595
869.8604651162791,0.031919090935575614
869.8803986710964,0.030440931385481373
869.9003322259136,0.029030057439869885
869.920265780731,0.02770271437301907
869.9401993355482,0.026477067298959513
869.9601328903656,0.025373010436574035
869.9800664451827,0.024411663240803388
870.0,0.02361445071754721
870.0199335548174,0.02300172073564114
870.0398671096345,0.022590975769855828
870.0598006644519,0.02239497479880964
870.0797342192691,0.022420120128779586
870.0996677740865,0.022665572930652283
870.1196013289037,0.023123371778704164
870.139534883721,0.02377951625472296
870.1594684385383,0.024615685952878993
870.1794019933554,0.02561114112290052
870.1993355481728,0.026744418950813715
870.2192691029901,0.02799461217537589
870.2392026578074,0.02934218704203318
870.2591362126246,0.030769406123189274
870.2790697674419,0.03226046333111873
870.2990033222592,0.03380143586529359
870.3189368770766,0.0353801355087297
870.3388704318937,0.03698591590517921
870.358803986711,0.038609470761418206
870.3787375415283,0.04024264230686408
870.3986710963455,0.041878249196157014
870.4186046511629,0.04350993696899354
870.4385382059801,0.045132050841316745
870.4584717607975,0.046739528960482266
870.4784053156146,0.04832781360760817
870.498338870432,0.04989277772293528
870.5182724252493,0.051430664294167115
870.5382059800664,0.052938036427434464
870.5581395348838,0.05441173623150082
870.578073089701,0.05584885094506238
870.5980066445184,0.05724668500522831
870.6179401993356,0.05860273698678927
870.6378737541529,0.05991468053616613
870.6578073089702,0.06118034858510283
870.6777408637874,0.062397720261113995
870.6976744186047,0.0635649100194949
870.717607973422,0.06468015860879893
870.7375415282393,0.06574182555282457
870.7574750830565,0.06674838288938371
870.7774086378738,0.06769840995279734
870.7973421926911,0.06859058902475096
870.8172757475083,0.06942370170917803
870.8372093023256,0.07019662591163447
870.8571428571429,0.07090833332449548
870.8770764119602,0.07155788733599888
870.8970099667774,0.07214444129521991
870.9169435215947,0.07266723707651603
870.936877076412,0.07312560389675028
870.9568106312294,0.07351895734650168
870.9767441860465,0.07384679860348269
870.9966777408639,0.07410871380205447
871.0166112956811,0.07430437353786974
871.0365448504983,0.07443353249100713
871.0564784053157,0.07449602915481512
871.0764119601329,0.07449178566139462
871.0963455149503,0.07442080769760616
871.1162790697674,0.07428318450895939
871.1362126245848,0.07407908899139705
871.1561461794021,0.07380877787428076
871.1760797342193,0.0734725920008335
871.1960132890366,0.07307095671567362
871.2159468438538,0.07260438237256389
871.2358803986712,0.07207346497953483
871.2558139534884,0.07147888700296336
871.2757475083057,0.07082141835723323
871.295681063123,0.07010191761265737
871.3156146179402,0.06932133346121622
871.3355481727575,0.06848070648790945
871.3554817275749,0.06758117130544528
871.375415282392,0.06662395912167073
871.3953488372093,0.06561040082351771
871.4152823920266,0.06454193067845372
871.4352159468439,0.0634200907755111
871.4551495016613,0.06224653635372685
871.4750830564784,0.06102304219726621
871.4950166112958,0.059751510315404606
871.514950166113,0.05843397917305412
871.5348837209303,0.05707263479669963
871.5548172757476,0.05566982415283969
871.5747508305648,0.054228071285932954
871.5946843853822,0.05275009681287753
871.6146179401993,0.05123884150636368
871.6345514950167,0.049697494864142114
871.654485049834,0.04812952975992466
871.6744186046512,0.04653874450727874
871.6943521594685,0.04492931394025801
871.7142857142858,0.043305851416336395
871.734219269103,0.04167348395693734
871.7541528239203,0.040037943011989464
871.7740863787376,0.0384056734762341
871.7940199335549,0.03678396342945459
871.8139534883721,0.035181096332621904
871.8338870431894,0.03360652561010019
871.8538205980067,0.03207106794316349
871.873754152824,0.03058710511845526
871.8936877076412,0.0291687735471904
871.9136212624585,0.027832104241745495
871.9335548172758,0.026595053689255063
871.953488372093,0.025477340165607945
871.9734219269103,0.024499979037604678
871.9933554817277,0.023684411935064383
872.0132890365448,0.023051173525219827
872.0332225913622,0.02261815661849144
872.0531561461794,0.02239871117612537
872.0730897009967,0.0223999789376882
872.093023255814,0.022621913250471765
872.1129568106312,0.023057285486311613
872.1328903654486,0.02369267600566131
872.1528239202657,0.024510145302341826
872.1727574750831,0.025489135203453257
872.1926910299004,0.026608199944484073
872.2126245847177,0.027846333824943004
872.232558139535,0.029183836567213014
872.2524916943521,0.030602773637921087
872.2724252491695,0.032087136906829884
872.2923588039868,0.03362281193604078
872.312292358804,0.03519743704892969
872.3322259136213,0.03680021343828324
872.3521594684386,0.038421703291236835
872.3720930232558,0.040053636653048244
872.3920265780732,0.04168873708374059
872.4119601328904,0.0433205697229307
872.4318936877077,0.044943411800829496
872.4518272425249,0.046552143848651695
872.4717607973422,0.048142159130882836
872.4916943521596,0.049709288671722335
872.5116279069767,0.05124973939152254
872.5315614617941,0.05276004314144377
872.5514950166113,0.05423701473423513
872.5714285714287,0.05567771737077347
872.5913621262459,0.05707943413398453
872.6112956810631,0.058439644456943225
872.6312292358805,0.05975600467021672
872.6511627906976,0.061026331897938935
872.671096345515,0.06224859070690162
872.6910299003323,0.06342088202302093
872.7109634551496,0.06454143391878034
872.7308970099668,0.06560859394782985
872.7508305647841,0.06662082276148269
872.7707641196014,0.06757668878955356
872.7906976744187,0.06847486380662629
872.8106312292359,0.06931411923626452
872.8305647840532,0.07009332307140843
872.8504983388705,0.07081143731015296
872.8704318936877,0.07146751582334034
872.8903654485051,0.07206070258470527
872.9102990033223,0.07259023020600607
872.9302325581397,0.07305541872941437
872.9501661129568,0.07345567463771466
872.9700996677741,0.07379049004975857
872.9900332225915,0.07405944207453612
873.0099667774086,0.07426219230237312
873.029900332226,0.07439848641616088
873.0498338870432,0.07446815390953526
873.0697674418606,0.07447110790239071
873.0897009966778,0.07440734504751062
873.109634551495,0.07427694552508886
873.1295681063124,0.07408007312508039
873.1495016611295,0.0738169754201609
873.1694352159469,0.07348798403531638
873.1893687707642,0.07309351502330763
873.2093023255815,0.07263406935870247
873.2292358803987,0.07211023356724196
873.249169435216,0.07152268051150865
873.2691029900333,0.07087217035903955
873.2890365448505,0.0701595517648036
873.3089700996678,0.06938576330681133
873.3289036544851,0.0685518352216502
873.3488372093024,0.0676588914965502
873.3687707641196,0.0667081523859556
873.388704318937,0.06570093743468537
873.4086378737542,0.06463866910663338
873.4285714285716,0.0635228771385842
873.4485049833887,0.06235520376383995
873.468438538206,0.061137409981281005
873.4883720930234,0.05987138308326497
873.5083056478405,0.05855914570250841
873.5282392026579,0.0572028666955913
873.5481727574751,0.055804874251646736
873.5681063122925,0.05436767170243147
873.5880398671097,0.05289395661765867
873.607973421927,0.05138664390182283
873.6279069767443,0.04984889376994622
873.6478405315614,0.04828414567449969
873.6677740863788,0.04669615948714321
873.6877076411961,0.045089065507620145
873.7076411960134,0.043467425171084956
873.7275747508306,0.04183630463570527
873.7475083056479,0.040201363710844006
873.7674418604652,0.03856896274730537
873.7873754152824,0.036946289998923486
873.8073089700997,0.03534151130592254
873.827242524917,0.03376394229366249
873.8471760797343,0.032224239915387455
873.8671096345515,0.03073460405920232
873.8870431893688,0.029308969742077428
873.9069767441861,0.027963154742419036
873.9269102990035,0.026714905787949623
873.9468438538206,0.025583760645510035
873.966777408638,0.024590621289051554
873.9867109634552,0.023756931139881914
874.0066445182724,0.023103391851598203
874.0265780730898,0.022648264409407707
874.046511627907,0.022405469941565555
874.0664451827244,0.022382877544632314
874.0863787375415,0.02258123211851085
874.1063122923589,0.022994048751779874
874.1262458471762,0.02360850748508035
874.1461794019934,0.02440707128464793
874.1661129568107,0.02536938310762445
874.1860465116279,0.026474029083987057
874.2059800664452,0.02769991457924719
874.2259136212625,0.02902717766525857
874.2458471760798,0.0304376881829456
874.2657807308971,0.03191523527724674
874.2857142857143,0.03344551100212304
874.3056478405316,0.03501597783338296
874.3255813953489,0.03661568202247212
874.3455149501661,0.038235051873668886
874.3654485049834,0.03986570312094198
874.3853820598007,0.04150026237541038
874.405315614618,0.043132212792214
874.4252491694353,0.04475576227883127
874.4451827242525,0.046365732630482
874.4651162790699,0.0479574671609246
874.485049833887,0.049526754200396594
874.5049833887043,0.051069763954112564
874.5249169435217,0.05258299647811037
874.5448504983389,0.05406323883778795
874.5647840531562,0.05550752981813223
874.5847176079734,0.05691313083014513
874.6046511627908,0.05827750189728938
874.6245847176081,0.05959828180765809
874.6445182724253,0.060873271685418395
874.6644518272426,0.06210042137280602
874.6843853820598,0.06327781812640249
874.7043189368771,0.06440367722276065
874.7242524916944,0.06547633414245249
874.7441860465117,0.06649423806174014
874.764119601329,0.06745594642968133
874.7840531561462,0.0683601204480058
874.8039867109635,0.06920552130329603
874.8239202657808,0.06999100702717707
874.843853820598,0.07071552988167899
874.8637873754153,0.07137813418460043
874.8837209302326,0.07197795450413137
874.9036544850499,0.0725142141640802
874.9235880398671,0.07298622401102228
874.9435215946844,0.07339338140306896
874.9634551495018,0.07373516938705889
874.9833887043189,0.07401115603691359
875.0033222591363,0.07422099393121236
875.0232558139535,0.07436441975238522
875.0431893687708,0.07444125399404633
875.0631229235881,0.07445140076656691
875.0830564784053,0.07439484769418671
875.1029900332227,0.07427166590027955
875.1229235880398,0.07408201008020761
875.1428571428572,0.07382611866440743
875.1627906976745,0.07350431407720485
875.1827242524918,0.07311700310038385
875.202657807309,0.07266467735371182
875.2225913621262,0.07214791390877102
875.2425249169436,0.0715673760566026
875.2624584717609,0.07092381425462604
875.2823920265781,0.07021806728417768
875.3023255813954,0.06945106365654564
875.3222591362127,0.06862382331342912
875.3421926910299,0.06773745967718586
875.3621262458472,0.06679318211759624
875.3820598006645,0.06579229891546953
875.4019933554817,0.06473622082008128
875.421926910299,0.06362646531756369
875.4418604651163,0.06246466175193466
875.4617940199337,0.061252557470716805
875.4817275747508,0.05999202520405092
875.5016611295682,0.058685071931839417
875.5215946843854,0.057333849549674874
875.5415282392026,0.055940667713713525
875.56146179402,0.05450800933013369
875.5813953488372,0.05303854926025608
875.6013289036546,0.051535176941744816
875.6212624584717,0.05000102378424402
875.6411960132891,0.04843949638856007
875.6611295681064,0.04685431686602441
875.6810631229237,0.04524957179911954
875.7009966777409,0.04362977168089009
875.7209302325581,0.04199992298115029
875.7408637873755,0.04036561527245356
875.7607973421927,0.038733126028368675
875.78073089701,0.03710954563417878
875.8006644518273,0.035502924567842965
875.8205980066446,0.0339224431887752
875.8405315614618,0.032378601434819666
875.8604651162792,0.030883419976297725
875.8803986710964,0.02945063469171576
875.9003322259136,0.028095851306294092
875.9202657807309,0.02683660593132323
875.9401993355482,0.025692251681080438
875.9601328903656,0.024683568387829334
875.9800664451827,0.02383198703322954
876.0000000000001,0.023158356910068574
876.0199335548173,0.02268128510480628
876.0398671096347,0.022415243623479394
876.0598006644519,0.02236881583302681
876.0797342192691,0.022543536303798458
876.0996677740865,0.02293367367709197
876.1196013289036,0.023527025989119904
876.139534883721,0.02430648022904235
876.1594684385383,0.025251900423348378
876.1794019933556,0.026341920002122148
876.1993355481728,0.027555365446866664
876.2192691029901,0.02887221848040138
876.2392026578074,0.030274155087563568
876.2591362126246,0.03174476117458078
876.2790697674419,0.03326953349659877
876.2990033222592,0.03483575631685145
876.3189368770765,0.036432318445100385
876.3388704318937,0.038049511912893005
876.3588039867111,0.039678835982684284
876.3787375415283,0.04131281842859234
876.3986710963457,0.04294485880532288
876.4186046511628,0.04456909433255839
876.4385382059801,0.046180286925536905
876.4584717607975,0.047773728992681334
876.4784053156146,0.0493451653752322
876.498338870432,0.05089072890116145
876.5182724252492,0.052406887279404395
876.5382059800666,0.053890399366875306
876.5581395348838,0.05533827914640874
876.578073089701,0.05674776603255845
876.5980066445184,0.05811630036563656
876.6179401993355,0.05944150315985846
876.6378737541529,0.060721159343036554
876.6578073089702,0.06195320386559663
876.6777408637874,0.06313571017194211
876.6976744186047,0.0642668806202905
876.717607973422,0.06534503851302316
876.7375415282393,0.06636862146089055
876.7574750830565,0.0673361758542291
876.7774086378738,0.06824635225467812
876.7973421926911,0.06909790155387396
876.8172757475083,0.06988967177215846
876.8372093023256,0.07062060539261966
876.8571428571429,0.07128973714330238
876.8770764119602,0.07189619215566428
876.8970099667775,0.07243918443932186
876.9169435215947,0.07291801562346656
876.936877076412,0.0733320739238157
876.9568106312292,0.07368083330123391
876.9767441860465,0.07396385278411878
876.9966777408639,0.07418077593212617
877.0166112956811,0.07433133042317629
877.0365448504984,0.07441532774985841
877.0564784053156,0.07443266301491004
877.076411960133,0.07438331481887688
877.0963455149503,0.0742673452360202
877.1162790697674,0.07408489987780148
877.1362126245848,0.07383620804606954
877.156146179402,0.07352158298130786
877.1760797342193,0.07314142221437879
877.1960132890366,0.07269620803380365
877.2159468438539,0.07218650808429607
877.2358803986712,0.07161297611666816
877.2558139534884,0.07097635291399557
877.2757475083057,0.07027746742465234
877.295681063123,0.0695172381393468
877.3156146179402,0.06869667475718065
877.3355481727575,0.06781688019496286
877.3554817275748,0.06687905300509094
877.375415282392,0.06588449028084616
877.3953488372094,0.06483459114402745
877.4152823920266,0.06373086092966108
877.435215946844,0.06257491620659074
877.4551495016611,0.06136849080223934
877.4750830564784,0.060113443036115474
877.4950166112958,0.05881176441103514
877.514950166113,0.057465590066286265
877.5348837209303,0.056077211364382776
877.5548172757475,0.05464909106706384
877.5747508305649,0.053183881658861246
877.5946843853822,0.05168444750340908
877.6146179401994,0.05015389167195967
877.6345514950167,0.048595588470791054
877.6544850498339,0.047013222917411994
877.6744186046512,0.04541083867601365
877.6943521594685,0.04379289625605626
877.7142857142858,0.042164343588123966
877.734219269103,0.04053070138159855
877.7541528239203,0.0388981658650995
877.7740863787376,0.037273731474947655
877.7940199335549,0.03566533554661676
877.8139534883721,0.03408202567199191
877.8338870431894,0.03253414746475574
877.8538205980067,0.0310335450653531
877.873754152824,0.029593757528398608
877.8936877076412,0.02823017984871288
877.9136212624585,0.02696013692482911
877.9335548172759,0.025802793481063978
877.953488372093,0.02477879900227714
877.9734219269103,0.02390955840138519
877.9933554817276,0.02321604975180045
878.0132890365448,0.02271720430441563
878.0332225913622,0.02242802424199898
878.0531561461794,0.022357793152189505
878.0730897009968,0.022508832142326525
878.0930232558139,0.022876172122966974
878.1129568106313,0.023448246795711756
878.1328903654486,0.0242083886471473
878.1528239202657,0.025136703067875823
878.1727574750831,0.026211886747392468
878.1926910299003,0.027412697886566834
878.2126245847177,0.028718967604473265
878.232558139535,0.030112180103466647
878.2524916943522,0.03157571771696115
878.2724252491695,0.03309488019825242
878.2923588039868,0.03465677126058335
878.312292358804,0.03625011976401383
878.3322259136213,0.03786507905188873
878.3521594684386,0.03949302972195451
878.3720930232558,0.04112639878918263
878.3920265780731,0.04275850055987061
878.4119601328904,0.044383400172322604
878.4318936877078,0.04599579849309169
878.4518272425249,0.04759093604975165
878.4717607973423,0.04916451338195062
878.4916943521595,0.05071262526373552
878.5116279069767,0.052231706492808144
878.5315614617941,0.053718487246432224
878.5514950166113,0.05516995631067925
878.5714285714287,0.05658333077220022
878.5913621262458,0.057956031008766666
878.6112956810632,0.059285660024490865
878.6312292358805,0.060569986350309434
878.6511627906978,0.06180692987413711
878.671096345515,0.062994550082338
878.6910299003322,0.06413103628984289
878.7109634551496,0.06521469951349185
878.7308970099668,0.06624396570612152
878.7508305647841,0.06721737011965871
878.7707641196014,0.06813355260690301
878.7906976744187,0.06899125370515481
878.8106312292359,0.06978931137231623
878.8305647840533,0.07052665826847124
878.8504983388705,0.07120231949416105
878.8704318936877,0.07181541071194592
878.890365448505,0.07236513659007013
878.9102990033223,0.07285078951767278
878.9302325581397,0.0732717485495433
878.9501661129568,0.07362747854579173
878.9700996677742,0.07391752947804843
878.9900332225914,0.07414153587911813
879.0099667774086,0.07429921641761243
879.029900332226,0.0743903735833242
879.0498338870432,0.07441489347256713
879.0697674418606,0.07437274566626025
879.0897009966777,0.07426398319655438
879.1096345514951,0.07408874260091391
879.1295681063124,0.07384724406553589
879.1495016611296,0.07353979166306363
879.1694352159469,0.07316677369272434
879.1893687707641,0.07272866313449963
879.2093023255815,0.07222601823265558
879.2292358803987,0.07165948322820265
879.249169435216,0.07102978926467733
879.2691029900333,0.07033775549711595
879.2890365448505,0.06958429044070917
879.3089700996678,0.06877039360308972
879.3289036544852,0.06789715745349305
879.3488372093024,0.06696576979280193
879.3687707641196,0.06597751660167399
879.3887043189369,0.06493378545977892
879.4086378737542,0.06383606964858486
879.4285714285716,0.06268597307356438
879.4485049833887,0.061485216170681006
879.4684385382061,0.06023564299731657
879.4883720930233,0.058939229751424196
879.5083056478406,0.057598095016440684
879.5282392026579,0.056214512095675476
879.5481727574751,0.054790923881683745
879.5681063122925,0.053329960806849576
879.5880398671096,0.05183446254515067
879.607973421927,0.05030750428634886
879.6279069767443,0.048752428587152764
879.6478405315615,0.04717288402308093
879.6677740863788,0.045572872121303266
879.6877076411961,0.043956804345037445
879.7076411960134,0.042329571209565535
879.7275747508306,0.04069662590521573
879.7475083056479,0.039064085014074525
879.7674418604652,0.03743884890581787
879.7873754152824,0.03582874395457526
879.8073089700997,0.03424268744797774
879.827242524917,0.032690873343657986
879.8471760797343,0.03118497194348166
879.8671096345516,0.029738327844950337
879.8870431893688,0.02836612676677802
879.9069767441861,0.02708548204479596
879.9269102990033,0.02591536666555376
879.9468438538206,0.024876292090681856
879.966777408638,0.02398962413602061
879.9867109634552,0.02327645130667967
880.0066445182725,0.02275600726478429
880.0265780730897,0.0224438033186708
880.046511627907,0.022349808313798653
880.0664451827244,0.0224771255218795
880.0863787375415,0.022821555687183505
880.1063122923589,0.023372185142742526
880.126245847176,0.024112813215451508
880.1461794019934,0.02502380727657575
880.1661129568107,0.02608394377875814
880.186046511628,0.027271923806562657
880.2059800664452,0.02856743407902462
880.2259136212624,0.02995176940833657
880.2458471760798,0.03140810841245288
880.2657807308971,0.032921552235533544
880.2857142857143,0.03447902173576195
880.3056478405316,0.036069083310438385
880.3255813953489,0.037681749174660925
880.3455149501661,0.03930827903562061
880.3654485049835,0.040940997192686575
880.3853820598007,0.04257313102332114
880.405315614618,0.04419867216179939
880.4252491694352,0.045812259232127873
880.4451827242525,0.04740907988410679
880.4651162790699,0.04898478952528209
880.485049833887,0.05053544418412656
880.5049833887044,0.052057445170589474
880.5249169435216,0.053547493500797606
880.544850498339,0.05500255236093092
880.5647840531562,0.05641981617115785
880.5847176079734,0.05779668506143417
880.6046511627908,0.05913074378451095
880.624584717608,0.06041974426979114
880.6445182724253,0.06166159116837041
880.6644518272426,0.06285432985969205
880.6843853820599,0.06399613648781904
880.7043189368771,0.06508530967445368
880.7242524916944,0.06612026362012169
880.7441860465117,0.06709952235692415
880.764119601329,0.06802171495848003
880.7840531561462,0.06888557154701405
880.8039867109635,0.06968991996553277
880.8239202657808,0.07043368300590903
880.843853820598,0.07111587610237301
880.8637873754153,0.07173560541541141
880.8837209302326,0.0722920662437981
880.90365448505,0.07278454171306986
880.9235880398671,0.07321240169768789
880.9435215946844,0.07357510194145121
880.9634551495017,0.07387218334718443
880.9833887043189,0.07410327141212399
881.0033222591363,0.07426807579005759
881.0232558139535,0.07436638996546371
881.0431893687709,0.07439809102868401
881.063122923588,0.07436313954436963
881.0830564784054,0.07426157950881043
881.1029900332227,0.0740935383946482
881.1229235880398,0.0738592272845912
881.1428571428572,0.07355894109867787
881.1627906976744,0.07319305892298403
881.1827242524918,0.07276204445085074
881.202657807309,0.07226644655164507
881.2225913621263,0.07170689998610326
881.2425249169436,0.07108412629206565
881.2624584717607,0.07039893486988616
881.2823920265781,0.06965222430318194
881.3023255813954,0.06884498395805724
881.3222591362127,0.06797829591290383
881.3421926910299,0.06705333728153556
881.3621262458472,0.06607138300531196
881.3820598006645,0.06503380920537742
881.4019933554819,0.06394209720520723
881.421926910299,0.0627978383564727
881.4418604651163,0.0616027398297134
881.4617940199336,0.06035863156571806
881.4817275747508,0.05906747462629626
881.5016611295682,0.05773137123543963
881.5215946843854,0.056352576866835695
881.5415282392028,0.05493351481340459
881.5614617940199,0.05347679377315536
881.5813953488373,0.051985229106604754
881.6013289036546,0.05046186856907455
881.6212624584717,0.04891002350075274
881.6411960132891,0.04733330667267058
881.6611295681063,0.045735678239002674
881.6810631229237,0.04412150153333717
881.7009966777409,0.04249561075493348
881.7209302325582,0.04086339289024292
881.7408637873755,0.039230886440015926
881.7607973421927,0.03760489955270147
881.78073089701,0.03599314978386282
881.8006644518273,0.034404426544521576
881.8205980066446,0.03284877477966313
881.8405315614618,0.03133769364382222
881.8604651162791,0.029884335690027793
881.8803986710964,0.028503678936761558
881.9003322259138,0.02721262503960318
881.9202657807309,0.026029952272821115
881.9401993355483,0.02497602691484107
881.9601328903655,0.024072163253942666
881.9800664451827,0.023339542406018016
882.0000000000001,0.022797678919255698
882.0199335548173,0.022462571887236035
882.0398671096347,0.022344859589798205
882.0598006644518,0.022448421867799623
882.0797342192692,0.022769835683284986
882.0996677740865,0.023298856205951363
882.1196013289037,0.0240197707572745
882.139534883721,0.024913229591064862
882.1594684385382,0.025958105959810178
882.1794019933556,0.027133055563435683
882.1993355481728,0.02841762739726487
882.2192691029901,0.029792929609361626
882.2392026578074,0.031241937163179665
882.2591362126246,0.03274955109054046
882.2790697674419,0.03430250712705287
882.2990033222593,0.035889206691901716
882.3189368770765,0.03749951840857405
882.3388704318937,0.039124578835473794
882.358803986711,0.04075660756541592
882.3787375415283,0.042388743333710115
882.3986710963457,0.044014902818387
882.4186046511628,0.04562966118135676
882.4385382059802,0.047228152175900526
882.4584717607974,0.04880598522854624
882.4784053156146,0.05035917691526714
882.498338870432,0.05188409446905698
882.5182724252492,0.05337740925288464
882.5382059800666,0.054836058441158034
882.5581395348837,0.056257213441729834
882.5780730897011,0.05763825384537662
882.5980066445184,0.05897674590718545
882.6179401993356,0.06027042474602881
882.6378737541529,0.06151717959826595
882.6578073089701,0.06271504158445329
882.6777408637874,0.0638621735475405
882.6976744186047,0.06495686160216708
882.717607973422,0.06599750810014456
882.7375415282393,0.06698262577054317
882.7574750830565,0.0679108328359045
882.7774086378738,0.06878084894120273
882.7973421926911,0.06959149176082083
882.8172757475083,0.07034167417205203
882.8372093023256,0.0710304019029144
882.8571428571429,0.07165677157764813
882.8770764119602,0.07221996909650713
882.8970099667774,0.07271926829701057
882.9169435215947,0.0731540298530443
882.9368770764121,0.07352370037569034
882.9568106312292,0.07382781168616641
882.9767441860466,0.07406598023667653
882.9966777408638,0.07423790665987766
883.0166112956811,0.07434337543170937
883.0365448504984,0.07438225463623784
883.0564784053156,0.0743544958244743
883.076411960133,0.07426013396236494
883.0963455149501,0.07409928746616236
883.1162790697675,0.07387215832647373
883.1362126245848,0.07357903232523313
883.1561461794021,0.07322027935303063
883.1760797342193,0.07279635383765397
883.1960132890365,0.07230779529828157
883.2159468438539,0.0717552290439883
883.2358803986712,0.07113936703984813
883.2558139534884,0.07046100896915267
883.2757475083057,0.06972104352683917
883.295681063123,0.06892044998626108
883.3156146179402,0.06806030009042191
883.3355481727576,0.0671417603291281
883.3554817275748,0.0661660946762224
883.375415282392,0.0651346678762298
883.3953488372093,0.06404894938822898
883.4152823920266,0.06291051811745627
883.435215946844,0.06172106809251954
883.4551495016611,0.06048241528024157
883.4750830564785,0.05919650577157734
883.4950166112957,0.05786542562349039
883.514950166113,0.05649141270490072
883.5348837209303,0.05507687097304867
883.5548172757475,0.053624387702667344
883.5747508305649,0.052136754309001394
883.594684385382,0.050616991550312976
883.6146179401994,0.04906838007176702
883.6345514950167,0.04749449746338626
883.654485049834,0.04589926325350954
883.6744186046512,0.044286993542468976
883.6943521594684,0.042662467288699976
883.7142857142858,0.04103100656157836
883.734219269103,0.03939857331304661
883.7541528239203,0.03777188527942474
883.7740863787376,0.03615855330227813
883.7940199335549,0.03456724130767048
883.8139534883721,0.03300784784520882
883.8338870431894,0.03149170361005392
883.8538205980067,0.03003177156338657
883.873754152824,0.0286428237113008
883.8936877076412,0.027341550130497824
883.9136212624585,0.026146531765498752
883.9335548172758,0.02507798305292704
883.953488372093,0.024157154916347044
883.9734219269104,0.02340530380522385
883.9933554817276,0.022842203898466314
884.013289036545,0.022484320505617637
884.0332225913621,0.022342944711589468
884.0531561461794,0.02242272612982919
884.0730897009968,0.02272102311970023
884.0930232558139,0.023228275076673324
884.1129568106313,0.02392927822416819
884.1328903654485,0.024804986846722336
884.1528239202659,0.02583438855250111
884.1727574750831,0.02699610596068166
884.1926910299004,0.028269557505808316
884.2126245847177,0.029635667746726588
884.2325581395348,0.031077208269423836
884.2524916943522,0.032578878603095086
884.2724252491695,0.03412722713624851
884.2923588039868,0.035710487795283914
884.312292358804,0.03731838312678244
884.3322259136213,0.03894192425005364
884.3521594684386,0.04057322402576138
884.372093023256,0.04220533080046697
884.3920265780731,0.043832084813643715
884.4119601328904,0.04544799651935305
884.4318936877077,0.047048144733262263
884.4518272425249,0.04862809203325427
884.4717607973423,0.050183814820197896
884.4916943521595,0.051711645647901996
884.5116279069769,0.053208225723402454
884.531561461794,0.05467046578851358
884.5514950166114,0.05609551388548907
884.5714285714287,0.05748072876836939
884.5913621262458,0.05882365794306911
884.6112956810632,0.060122019504561156
884.6312292358804,0.06137368709286459
884.6511627906978,0.06257667741446958
884.671096345515,0.06372913987827968
884.6910299003323,0.06482934797759886
884.7109634551496,0.06587569211706598
884.7308970099667,0.06686667363771147
884.7508305647841,0.06780089983748933
884.7707641196014,0.06867707982052527
884.7906976744187,0.06949402103754661
884.8106312292359,0.07025062640371298
884.8305647840532,0.07094589189983026
884.8504983388705,0.07157890457873148
884.8704318936879,0.07214884091215207
884.890365448505,0.07265496542424975
884.9102990033223,0.07309662956724983
884.9302325581396,0.0734732708023194
884.9501661129568,0.0737844118554521
884.9700996677742,0.07402966012358556
884.9900332225914,0.07420870721120111
885.0099667774087,0.07432132858170212
885.0299003322259,0.07436738331187587
885.0498338870433,0.07434681394098562
885.0697674418606,0.07425964640939814
885.0897009966777,0.07410599008466635
885.1096345514951,0.07388603787597235
885.1295681063123,0.07360006644082226
885.1495016611296,0.07324843649124156
885.1694352159469,0.07283159320971085
885.1893687707642,0.07235006678909234
885.2093023255815,0.07180447311456115
885.2292358803987,0.07119551461036887
885.249169435216,0.07052398127940686
885.2691029900333,0.06979075196975332
885.2890365448505,0.06899679590965212
885.3089700996678,0.06814317456091945
885.3289036544851,0.06723104385103881
885.3488372093024,0.06626165685663037
885.3687707641197,0.06523636702575558
885.3887043189369,0.06415663204484522
885.4086378737543,0.06302401847785256
885.4285714285714,0.061840207332486456
885.4485049833887,0.06060700074133884
885.4684385382061,0.05932632998648569
885.4883720930233,0.0580002651463247
885.5083056478406,0.05663102670529171
885.5282392026578,0.055220999543390506
885.5481727574752,0.05377274981667291
885.5681063122925,0.0522890453554402
885.5880398671097,0.050772880348935005
885.607973421927,0.04922750525739563
885.6279069767442,0.04765646309969763
885.6478405315615,0.04606363350899751
885.6677740863788,0.044453286229009695
885.6877076411961,0.04283014602892225
885.7076411960134,0.04119947132009024
885.7275747508306,0.03956714900612571
885.7475083056479,0.037939808184430636
885.7674418604652,0.03632495504920252
885.7873754152824,0.03473113039695603
885.8073089700997,0.033168088971744704
885.827242524917,0.03164699569100939
885.8471760797343,0.03018062641108963
885.8671096345515,0.02878354891642755
885.8870431893688,0.027472242012011667
885.9069767441862,0.026265087036238227
885.9269102990033,0.025182140411721458
885.9468438538206,0.024244578447498884
885.9667774086379,0.02347371620631635
885.9867109634552,0.02288956655137258
886.0066445182725,0.02250903926895586
886.0265780730897,0.022344060870568703
886.0465116279071,0.022400042770019984
886.0664451827242,0.022675128679348202
886.0863787375416,0.02316045673942336
886.1063122923589,0.02384135267681173
886.126245847176,0.024699096159604438
886.1461794019934,0.025712807210248746
886.1661129568106,0.026861088246921416
886.186046511628,0.028123234806290136
886.2059800664452,0.029479991297048442
886.2259136212625,0.030913926433805
886.2458471760798,0.03240953697492187
886.2657807308971,0.03395318178605285
886.2857142857143,0.035532924790051185
886.3056478405316,0.0371383399507694
886.3255813953489,0.0387603106265745
886.3455149501661,0.04039084088559788
886.3654485049834,0.04202288690531013
886.3853820598007,0.04365021097376465
886.4053156146181,0.04526725756468391
886.4252491694352,0.04686904949223265
886.4451827242526,0.048451101598790965
886.4651162790698,0.050009349371521634
886.485049833887,0.05154009006953089
886.5049833887044,0.053039934230094225
886.5249169435216,0.05450576573245719
886.544850498339,0.05593470889238992
886.5647840531561,0.05732410132329398
886.5847176079735,0.058671471525060394
886.6046511627908,0.05997452035097091
886.6245847176081,0.061231105659262305
886.6445182724253,0.06243922958400219
886.6644518272425,0.06359702796431083
886.6843853820599,0.06470276155550075
886.7043189368771,0.06575480871449024
886.7242524916944,0.06675165930741932
886.7441860465117,0.06769190963252564
886.764119601329,0.06857425818803436
886.7840531561462,0.06939750214465239
886.8039867109635,0.0701605344066709
886.8239202657808,0.07086234116558125
886.843853820598,0.0715019998666153
886.8637873754153,0.07207867752203025
886.8837209302326,0.07259162931640402
886.9036544850499,0.07304019745833548
886.9235880398671,0.07342381024105814
886.9435215946845,0.07374198128092688
886.9634551495017,0.0739943089086201
886.9833887043189,0.07418047569262953
887.0033222591362,0.07430024807911441
887.0232558139535,0.07435347613580602
887.0431893687709,0.07434009339137336
887.063122923588,0.07426011676466648
887.0830564784054,0.07411364658149266
887.1029900332226,0.07390086667948051
887.12292358804,0.07362204460468755
887.1428571428572,0.07327753190666524
887.1627906976744,0.0728677645420673
887.1827242524918,0.07239326340044062
887.2026578073089,0.07185463496993157
887.2225913621263,0.07125257216503326
887.2425249169436,0.07058785534389218
887.2624584717609,0.0698613535484925
887.2823920265781,0.06907402600849344
887.3023255813954,0.06822692395748306
887.3222591362127,0.0673211928209774
887.3421926910299,0.06635807484713081
887.3621262458472,0.06533891226608679
887.3820598006645,0.06426515108143825
887.4019933554817,0.06313834561891937
887.421926910299,0.061960163983925565
887.4418604651164,0.06073239461172541
887.4617940199336,0.059456954134212106
887.481727574751,0.058135896835887026
887.5016611295681,0.05677142603242119
887.5215946843854,0.05536590777971802
887.5415282392028,0.053921887413299695
887.5614617940199,0.05244210953127612
887.5813953488373,0.05092954217267369
887.6013289036545,0.04938740611187926
887.6212624584718,0.04781921039308281
887.6411960132891,0.04622879546888769
887.6611295681064,0.04462038558365889
887.6810631229237,0.04299865234590358
887.7009966777408,0.041368791740775665
887.7209302325582,0.03973661709253817
887.7408637873755,0.038108670597589066
887.7607973421927,0.03649235583171981
887.78073089701,0.03489609278081078
887.8006644518273,0.033329494944557496
887.8205980066446,0.031803564135308604
887.840531561462,0.030330891620674236
887.8604651162791,0.02892584284837128
887.8803986710964,0.027604685852013176
887.9003322259136,0.026385600412754402
887.9202657807309,0.025288479238148726
887.9401993355483,0.02433441335282195
887.9601328903655,0.02354476028023593
887.9800664451828,0.02293975096668392
888.0,0.022536717823759028
888.0199335548174,0.022348204720078264
888.0398671096347,0.022380375751817574
888.0598006644518,0.022632162699818985
888.0797342192692,0.023095416049427227
888.0996677740864,0.023756011265385495
888.1196013289037,0.024595574912666358
888.139534883721,0.02559337797057816
888.1594684385383,0.026728016113722334
888.1794019933556,0.027978670156704955
888.1993355481727,0.029325908176754685
888.2192691029901,0.03075209676546227
888.2392026578074,0.032241528773893774
888.2591362126246,0.033780371423950385
888.2790697674419,0.03535651613149994
888.2990033222592,0.03695938575298986
888.3189368770765,0.038579733532953984
888.3388704318938,0.04020945265170983
888.358803986711,0.0418414053032285
888.3787375415283,0.0434692742801512
888.3986710963455,0.045087436776144456
888.4186046511628,0.04669085851666162
888.4385382059802,0.04827500570211824
888.4584717607974,0.04983577215096802
888.4784053156147,0.051369419198471614
888.4983388704319,0.05287252618701801
888.5182724252493,0.05434194969395837
888.5382059800666,0.055774789939891135
888.5581395348837,0.05716836308718791
888.5780730897011,0.058520178367465654
888.5980066445183,0.05982791916989445
888.6179401993356,0.061089427381665784
888.6378737541529,0.062302690402761526
888.6578073089702,0.06346583036395281
888.6777408637874,0.06457709516346653
888.6976744186047,0.06563485100781982
888.717607973422,0.06663757619956888
888.7375415282393,0.06758385596044092
888.7574750830565,0.06847237811620913
888.7774086378738,0.069301929499897
888.7973421926911,0.07007139295495338
888.8172757475083,0.07077974484036229
888.8372093023256,0.07142605295649371
888.8571428571429,0.0720094748242384
888.8770764119603,0.07252925626143424
888.8970099667774,0.07298473021025112
888.9169435215947,0.0733753157771124
888.936877076412,0.07370051745355699
888.9568106312292,0.07395992449220201
888.9767441860466,0.07415321041702119
888.9966777408638,0.07428013265142445
889.0166112956812,0.07434053225161812
889.0365448504983,0.07433433373608975
889.0564784053157,0.074261545005489
889.076411960133,0.07412225735007585
889.0963455149501,0.07391664554510537
889.1162790697675,0.0736449680373607
889.1362126245847,0.07330756722925448
889.1561461794021,0.07290486987025617
889.1760797342193,0.07243738756880787
889.1960132890366,0.07190571744200033
889.2159468438539,0.07131054292472729
889.2358803986712,0.07065263476505482
889.2558139534884,0.06993285223864493
889.2757475083057,0.06915214462191573
889.295681063123,0.06831155297202333
889.3156146179402,0.0674122122714992
889.3355481727575,0.06645535400736105
889.3554817275748,0.06544230926870188
889.3754152823922,0.06437451246426788
889.3953488372093,0.06325350578253316
889.4152823920266,0.062080944542753216
889.4352159468439,0.06085860361705969
889.4551495016611,0.05958838514263202
889.4750830564785,0.05827232779097009
889.4950166112957,0.056912617920320666
889.5149501661131,0.05551160301035095
889.5348837209302,0.0540718078680122
889.5548172757476,0.0525959542044672
889.5747508305649,0.0510869843183597
889.594684385382,0.04954808978650093
889.6146179401994,0.04798274626186337
889.6345514950166,0.04639475571536815
889.654485049834,0.044788297730446104
889.6744186046512,0.04316799176091179
889.6943521594685,0.041538972570953
889.7142857142858,0.039906981343536055
889.734219269103,0.03827847507713806
889.7541528239203,0.0366607567207963
889.7740863787376,0.03506212773201234
889.7940199335549,0.03349206289768191
889.8139534883721,0.03196140358605842
889.8338870431894,0.03048255901629137
889.8538205980067,0.029069694270218965
889.873754152824,0.02773886729137825
889.8936877076412,0.02650805466235412
889.9136212624586,0.025396980130118412
889.9335548172758,0.024426639336385832
889.953488372093,0.023618416688893838
889.9734219269103,0.02299274099465369
889.9933554817276,0.02256734538300939
890.013289036545,0.0223553723786315
890.0332225913621,0.02236372853029292
890.0531561461795,0.022592135154154713
890.0730897009967,0.023033167710134382
890.093023255814,0.02367327120951043
890.1129568106313,0.02449444074143025
890.1328903654485,0.025476117247100683
890.1528239202659,0.026596903693009443
890.172757475083,0.02783587487258607
890.1926910299004,0.029173426745367582
890.2126245847177,0.030591724784279614
890.232558139535,0.032074856938340966
890.2524916943522,0.033608796726164146
890.2724252491695,0.03518126056415973
890.2923588039868,0.036781517659649286
890.312292358804,0.038400188759939044
890.3322259136213,0.040029054027371114
890.3521594684386,0.04166087982352395
890.3720930232558,0.043289267870034266
890.3920265780731,0.04490852675300789
890.4119601328905,0.04651356399821255
890.4318936877077,0.04809979623752307
890.4518272425249,0.04966307484893505
890.4717607973422,0.051199624600762696
890.4916943521595,0.05270599310385735
890.5116279069769,0.054179009184705904
890.531561461794,0.05561574859212083
890.5514950166114,0.0570135057203918
890.5714285714286,0.05836977026505624
890.5913621262459,0.05968220792411017
890.6112956810632,0.06094864442046005
890.6312292358804,0.06216705225496199
890.6511627906978,0.06333553970863888
890.6710963455149,0.0644523417010169
890.6910299003323,0.06551581218340011
890.7109634551496,0.06652441780412607
890.7308970099668,0.06747673262996062
890.7508305647841,0.06837143374619065
890.7707641196014,0.0692072975891214
890.7906976744187,0.06998319689015317
890.8106312292359,0.07069809813143352
890.8305647840532,0.07135105943021322
890.8504983388705,0.07194122878310232
890.8704318936877,0.07246784261314099
890.890365448505,0.07293022457239019
890.9102990033224,0.07332778456078766
890.9302325581396,0.07366001792903432
890.9501661129569,0.07392650483914218
890.9700996677741,0.07412690976122985
890.9900332225914,0.0742609810897677
891.0099667774087,0.07432855086618338
891.0299003322259,0.07432953459849687
891.0498338870433,0.07426393117171898
891.0697674418604,0.07413182284605356
891.0897009966778,0.07393337534278542
891.1096345514951,0.07366883802083377
891.1295681063124,0.07333854415005524
891.1495016611296,0.0729429112905882
891.1694352159468,0.07248244179111808
891.1893687707642,0.07195772342282489
891.2093023255815,0.07136943017021447
891.2292358803987,0.07071832320502393
891.249169435216,0.07000525207527271
891.2691029900333,0.0692311561484538
891.2890365448505,0.06839706635582549
891.3089700996679,0.06750410729465212
891.3289036544851,0.06655349975665036
891.3488372093024,0.0655465637651356
891.3687707641196,0.06448472222017866
891.3887043189369,0.06336950527190295
891.4086378737543,0.062202555567261654
891.4285714285714,0.06098563454668221
891.4485049833888,0.059720630004994585
891.468438538206,0.05840956517792964
891.4883720930234,0.05705460967329566
891.5083056478406,0.055658092637272095
891.5282392026578,0.05422251863410512
891.5481727574752,0.05275058682594435
891.5681063122923,0.051245214172177755
891.5880398671097,0.049709563529714076
891.607973421927,0.04814707773103548
891.6279069767443,0.04656152094894425
891.6478405315615,0.04495702892591188
891.6677740863787,0.04333816994499954
891.6877076411961,0.04171001872855268
891.7076411960134,0.040078245726016405
891.7275747508306,0.03844922440672078
891.7475083056479,0.036830159047601084
891.7674418604652,0.03522923482331327
891.7873754152824,0.03365579030893474
891.8073089700997,0.032120509075614104
891.827242524917,0.030635620853819694
891.8471760797343,0.029215092408434163
891.8671096345515,0.02787477244338318
891.8870431893688,0.026632432995939502
891.9069767441861,0.025507624046745773
891.9269102990033,0.024521236317775346
891.9468438538207,0.023694666106920902
891.9667774086379,0.023048520269181985
891.9867109634553,0.022600910742223822
892.0066445182724,0.022365559434503825
892.0265780730897,0.022350104043604362
892.0465116279071,0.02255505563232766
892.0664451827242,0.02297372625072562
892.0863787375416,0.023593149777714994
892.1063122923588,0.024395711518942886
892.1262458471762,0.02536104182098728
892.1461794019934,0.02646776555405334
892.1661129568107,0.027694860727903794
892.186046511628,0.029022555808719826
892.2059800664451,0.030432816425105955
892.2259136212625,0.03190952478148619
892.2458471760798,0.03343845870176749
892.2657807308971,0.03500715712534961
892.2857142857143,0.0366047330535383
892.3056478405316,0.03822167232332623
892.3255813953489,0.03984963991396916
892.3455149501663,0.04148130447093677
892.3654485049834,0.04311018503716078
892.3853820598007,0.0447305202353887
892.405315614618,0.04633715825638517
892.4252491694352,0.04792546521642105
892.4451827242526,0.04949124926410265
892.4651162790698,0.051030697943443025
892.4850498338872,0.05254032658523395
892.5049833887043,0.05401693580635712
892.5249169435217,0.055457576499041025
892.544850498339,0.05685952096566923
892.5647840531561,0.05822023909219148
892.5847176079735,0.05953737865360364
892.6046511627907,0.06080874901125327
892.6245847176081,0.06203230759842283
892.6445182724253,0.06320614870201037
892.6644518272426,0.06432849413872999
892.6843853820599,0.06539768549762637
892.7043189368771,0.06641217768028584
892.7242524916944,0.06737053351833695
892.7441860465117,0.06827141928701326
892.764119601329,0.06911360096550251
892.7840531561462,0.06989594112072048
892.8039867109635,0.07061739631250609
892.8239202657808,0.07127701493564831
892.843853820598,0.07187393542861259
892.8637873754153,0.07240738479066432
892.8837209302326,0.07287667735918218
892.9036544850499,0.07328121380708527
892.9235880398671,0.07362048032744499
892.9435215946844,0.07389404797832057
892.9634551495017,0.07410157216590606
892.983388704319,0.07424279224875692
893.0033222591362,0.07431753124956801
893.0232558139536,0.0743256956648319
893.0431893687708,0.0742672753657805
893.063122923588,0.07414234358729706
893.0830564784054,0.07395105700436808
893.1029900332226,0.07369365589873106
893.12292358804,0.07337046442146052
893.1428571428571,0.07298189096041453
893.1627906976745,0.07252842862508128
893.1827242524918,0.07201065586499467
893.202657807309,0.07142923724260242
893.2225913621263,0.07078492438607775
893.2425249169435,0.07007855715351201
893.2624584717609,0.06931106504663882
893.2823920265781,0.06848346892021254
893.3023255813954,0.06759688304260815
893.3222591362127,0.0666525175746955
893.3421926910299,0.06565168154768002
893.3621262458472,0.06459578643734543
893.3820598006646,0.06348635045233662
893.4019933554817,0.062325003678839266
893.421926910299,0.061113494254379945
893.4418604651163,0.0598536957807054
893.4617940199336,0.05854761623139313
893.481727574751,0.057197408666590635
893.5016611295681,0.05580538413673068
893.5215946843855,0.05437402724325472
893.5415282392026,0.05290601493011162
893.56146179402,0.05140423920995856
893.5813953488373,0.04987183468721329
893.6013289036545,0.04831221193218391
893.6212624584718,0.04672909798810312
893.641196013289,0.04512658555842573
893.6611295681064,0.04350919271787791
893.6810631229237,0.041881935300546395
893.7009966777409,0.040250414400354956
893.7209302325582,0.03862092159255565
893.7408637873755,0.03700056439996299
893.7607973421927,0.0353974139231873
893.78073089701,0.03382067499504583
893.8006644518273,0.0322808760204059
893.8205980066446,0.030790069816002567
893.8405315614618,0.029362026949232307
893.8604651162791,0.02801238789277733
893.8803986710965,0.02675871907151193
893.9003322259136,0.02562039231792536
893.920265780731,0.02461818444832652
893.9401993355482,0.023773489243096902
893.9601328903655,0.023107072230114628
893.9800664451828,0.022637402296416902
894.0,0.022378760951631212
894.0199335548174,0.0223395047057448
894.0398671096345,0.02252093332349687
894.0598006644519,0.02291710600379082
894.0797342192692,0.02351566426649693
894.0996677740864,0.0242994053401666
894.1196013289037,0.02524816883179937
894.1395348837209,0.026340616700038875
894.1594684385383,0.027555639955713293
894.1794019933556,0.028873304622041386
894.1993355481728,0.030275378041986403
894.2192691029901,0.03174553599588639
894.2392026578074,0.033269358696825346
894.2591362126246,0.03483420514876124
894.2790697674419,0.0364290295770379
894.2990033222592,0.03804418046629585
894.3189368770765,0.03967120541275554
894.3388704318937,0.041302673426863806
894.358803986711,0.042932019232579506
894.3787375415284,0.04455341010460682
894.3986710963455,0.046161633738601854
894.4186046511629,0.04775200476718846
894.4385382059801,0.04932028730306269
894.4584717607974,0.05086263099400467
894.4784053156147,0.05237551833009037
894.4983388704319,0.053855721249805505
894.5182724252493,0.055300265395648154
894.5382059800664,0.05670640064733397
894.5581395348838,0.05807157680191791
894.5780730897011,0.05939342347466163
894.5980066445184,0.06066973346398577
894.6179401993356,0.06189844896363363
894.6378737541528,0.06307765011902264
894.6578073089702,0.06420554551733577
894.6777408637874,0.06528046427609724
894.6976744186047,0.06630084945562816
894.717607973422,0.06726525257050653
894.7375415282393,0.06817232901481805
894.7574750830565,0.06902083424882938
894.7774086378738,0.06980962062128743
894.7973421926911,0.07053763472307749
894.8172757475083,0.07120391518614261
894.8372093023256,0.0718075908559224
894.8571428571429,0.07234787927800054
894.8770764119602,0.0728240854496239
894.8970099667774,0.07323560079533316
894.9169435215948,0.07358190233295091
894.936877076412,0.07386255200244314
894.9568106312294,0.07407719613525746
894.9767441860465,0.07422556504632047
894.9966777408638,0.07430747273487516
895.0166112956812,0.07432281668412381
895.0365448504983,0.07427157775263803
895.0564784053157,0.07415382015398475
895.0764119601329,0.07396969152376921
895.0963455149503,0.07371942307646506
895.1162790697675,0.0734033298573913
895.1362126245847,0.07302181109841838
895.1561461794021,0.07257535068951591
895.1760797342192,0.07206451778201473
895.1960132890366,0.07148996754373997
895.2159468438539,0.07085244209113606
895.2358803986712,0.07015277162903234
895.2558139534884,0.06939187583553597
895.2757475083057,0.06857076553708903
895.295681063123,0.06769054472831977
895.3156146179402,0.06675241300224577
895.3355481727575,0.06575766847009124
895.3554817275748,0.06470771126597126
895.375415282392,0.06360404775196023
895.3953488372093,0.06244829556273238
895.4152823920267,0.06124218965911889
895.4352159468439,0.05998758959600936
895.4551495016613,0.058686488254961734
895.4750830564784,0.05734102234706268
895.4950166112957,0.055953485059866
895.5149501661131,0.05452634130604074
895.5348837209302,0.05306224613523388
895.5548172757476,0.051564066997505036
895.5747508305648,0.050034910702134394
895.5946843853822,0.048478156103404474
895.6146179401994,0.04689749376894691
895.6345514950167,0.04529697414753726
895.654485049834,0.04368106604686067
895.6744186046511,0.04205472754137826
895.6943521594685,0.040423491718310396
895.7142857142858,0.03879356986067246
895.734219269103,0.037171974618939584
895.7541528239203,0.0355666651916687
895.7740863787376,0.03398671510691448
895.7940199335549,0.03244250021586955
895.8139534883721,0.03094589900754752
895.8338870431894,0.029510488034828
895.8538205980067,0.02815170069452883
895.873754152824,0.02688689699719188
895.8936877076412,0.02573526665323189
895.9136212624585,0.024717464126706536
895.9335548172758,0.02385486686136288
895.9534883720931,0.023168380145716958
895.9734219269103,0.022676808057868574
895.9933554817277,0.022394971476778824
896.0132890365448,0.022331932400511782
896.0332225913621,0.02248977699902576
896.0531561461795,0.022863321083105514
896.0730897009967,0.023440831979039487
896.093023255814,0.024205540505731423
896.1129568106312,0.025137515767688887
896.1328903654486,0.026215472564097186
896.1528239202659,0.027418225248542004
896.1727574750831,0.02872568289296514
896.1926910299004,0.030119416412401734
896.2126245847176,0.03158289465798257
896.232558139535,0.0331014983987113
896.2524916943522,0.034662404268215145
896.2724252491695,0.036254405135199536
896.2923588039868,0.03786770966185984
896.312292358804,0.03949374582663685
896.3322259136213,0.04112498105063364
896.3521594684386,0.04275476406542901
896.3720930232558,0.04437718938364529
896.3920265780731,0.045986983020365364
896.4119601328904,0.04757940713503647
896.4318936877077,0.049150180980018776
896.451827242525,0.0506954156199126
896.4717607973422,0.05221156013106398
896.4916943521596,0.05369535729446669
896.5116279069767,0.05514380710121288
896.531561461794,0.056554136670441485
896.5514950166114,0.05792377542509458
896.5714285714286,0.059250334578987825
896.5913621262459,0.06053159016201573
896.6112956810631,0.06176546895285286
896.6312292358805,0.06295003680501514
896.6511627906978,0.0640834889468444
896.671096345515,0.06516414191273884
896.6910299003323,0.06619042682527927
896.7109634551495,0.06716088379831903
896.7308970099668,0.0680741572721054
896.7508305647841,0.06892899212480745
896.7707641196014,0.06972423043199015
896.7906976744187,0.07045880876782051
896.8106312292359,0.07113175595989912
896.8305647840532,0.07174219122478363
896.8504983388706,0.07228932262351101
896.8704318936877,0.07277244578687206
896.890365448505,0.07319094286879772
896.9102990033223,0.0735442816934284
896.9302325581396,0.07383201506775593
896.9501661129569,0.07405378023685011
896.9700996677741,0.07420929846354025
896.9900332225915,0.07429837471818657
897.0099667774086,0.07432089746818209
897.029900332226,0.07427683855983092
897.0498338870433,0.07416625318864822
897.0697674418604,0.0739892799570583
897.0897009966778,0.07374614102143787
897.109634551495,0.07343714233359032
897.1295681063124,0.07306267398488257
897.1495016611296,0.07262321066469124
897.1694352159469,0.0721193122487103
897.1893687707642,0.07155162453669062
897.2093023255815,0.07092088016423514
897.2292358803987,0.0702278997186211
897.249169435216,0.06947359309535363
897.2691029900333,0.0686589611396256
897.2890365448505,0.06778509762616534
897.3089700996678,0.06685319164179272
897.3289036544851,0.06586453044828666
897.3488372093025,0.06482050291904173
897.3687707641196,0.06372260366248042
897.388704318937,0.06257243796880821
897.4086378737542,0.06137172774580734
897.4285714285714,0.06012231864479827
897.4485049833888,0.05882618862196383
897.468438538206,0.057485458233915855
897.4883720930234,0.05610240303335937
897.5083056478405,0.054679468512577635
897.5282392026579,0.053219288143941425
897.5481727574752,0.05172470519093173
897.5681063122923,0.05019879911519944
897.5880398671097,0.048644917589326084
897.6079734219269,0.047066715344965836
897.6279069767443,0.04546820134336019
897.6478405315615,0.04385379604589829
897.6677740863788,0.04222840087153442
897.6877076411961,0.04059748222102374
897.7076411960134,0.038967172654319225
897.7275747508306,0.03734439179547077
897.7475083056479,0.03573698907633801
897.7674418604652,0.03415390912493981
897.7873754152824,0.032605377831387415
897.8073089700997,0.031103101950254026
897.827242524917,0.02966046625961607
897.8471760797343,0.028292698372370022
897.8671096345515,0.027016951333766345
897.8870431893689,0.02585222915021747
897.9069767441861,0.024819056013893656
897.9269102990033,0.02393877980143051
897.9468438538206,0.023232427135245735
897.9667774086379,0.02271911567466997
897.9867109634553,0.02241418504799811
898.0066445182724,0.02232738847685142
898.0265780730898,0.02246159499644081
898.046511627907,0.022812385361645773
898.0664451827244,0.023368670203595832
898.0863787375416,0.024114135505058344
898.1063122923588,0.025029100455041187
898.1262458471762,0.02609234900498516
898.1461794019933,0.027282629758452102
898.1661129568107,0.028579700784354886
898.186046511628,0.029964938741483173
898.2059800664452,0.03142160523271421
898.2259136212625,0.03293487984049308
898.2458471760798,0.03449175442153507
898.2657807308971,0.03608085789894711
898.2857142857143,0.037692256615373045
898.3056478405316,0.03931725666214465
898.3255813953489,0.040948221880913356
898.3455149501661,0.04257841330389916
898.3654485049834,0.044201851237680924
898.3853820598008,0.045813198805435454
898.405315614618,0.047407664681980426
898.4252491694353,0.04898092241649302
898.4451827242525,0.05052904378819704
898.4651162790698,0.05204844387394138
898.4850498338872,0.05353583580762267
898.5049833887043,0.0549881935185037
898.5249169435217,0.05640272101999396
898.5448504983389,0.05777682706958661
898.5647840531562,0.05910810423285329
898.5847176079735,0.06039431156127877
898.6046511627907,0.06163336023927891
898.6245847176081,0.06282330167493284
898.6445182724252,0.06396231760571514
898.6644518272426,0.06504871186902145
898.6843853820599,0.06608090355115859
898.7043189368771,0.06705742127978088
898.7242524916944,0.06797689846703614
898.7441860465117,0.06883806934434082
898.764119601329,0.06963976565783786
898.7840531561462,0.07038091391596443
898.8039867109635,0.07106053309944409
898.8239202657808,0.0716777327590551
898.843853820598,0.07223171143947717
898.8637873754153,0.0727217553778172
898.8837209302326,0.07314723743433449
898.9036544850499,0.07350761622023626
898.9235880398672,0.07380243539381605
898.9435215946844,0.074031323101414
898.9634551495017,0.07419399154453202
898.9833887043189,0.07429023665847188
899.0033222591362,0.07431993789157153
899.0232558139536,0.07428305807751158
899.0431893687708,0.07417964339631175
899.0631229235881,0.07400982342265205
899.0830564784053,0.07377381126323332
899.1029900332227,0.07347190378784735
899.12292358804,0.07310448196203416
899.1428571428571,0.07267201129270288
899.1627906976745,0.07217504240163101
899.1827242524917,0.07161421174617746
899.202657807309,0.07099024251106038
899.2225913621263,0.07030394570071145
899.2425249169436,0.06955622146803245
899.2624584717609,0.0687480607228569
899.2823920265781,0.06788054707264218
899.3023255813954,0.06695485915826858
899.3222591362127,0.06597227346113824
899.3421926910299,0.06493416767310958
899.3621262458472,0.06384202473998697
899.3820598006645,0.0626974377123777
899.4019933554817,0.06150211556612189
899.4219269102991,0.06025789018938794
899.4418604651163,0.05896672477623499
899.4617940199337,0.05763072391940425
899.4817275747508,0.05625214576012376
899.5016611295681,0.05483341663307778
899.5215946843855,0.05337714874375875
899.5415282392026,0.05188616153708632
899.56146179402,0.050363507564987475
899.5813953488372,0.04881250384109521
899.6013289036546,0.047236769886774374
899.6212624584718,0.04564027392607374
899.6411960132891,0.044027388974653844
899.6611295681064,0.042402960876188486
899.6810631229235,0.04077239063712386
899.7009966777409,0.03914173363141487
899.7209302325582,0.0375178182671955
899.7408637873755,0.035908386308409736
899.7607973421927,0.03432225585450038
899.78073089701,0.032769505405395014
899.8006644518273,0.03126167257815861
899.8205980066446,0.029811952666222427
899.8405315614618,0.02843536891704747
899.8604651162791,0.02714886709682313
899.8803986710964,0.025971262302134958
899.9003322259136,0.0249229410474238
899.920265780731,0.024025208998931537
899.9401993355482,0.023299196191541246
899.9601328903656,0.02276431244992902
899.9800664451827,0.022436395204290156
-900.0,0.022325873745477853
-899.9800664451827,0.022436395204290964
-899.9601328903656,0.02276431244993155
-899.9401993355482,0.023299196191543622
-899.920265780731,0.024025208998930687
-899.9003322259136,0.02492294104742412
-899.8803986710964,0.02597126230213328
-899.8604651162791,0.02714886709682601
-899.8405315614618,0.028435368917048315
-899.8205980066446,0.0298119526662194
-899.8006644518273,0.03126167257815868
-899.78073089701,0.03276950540539471
-899.7607973421927,0.03432225585450252
-899.7408637873755,0.035908386308408334
-899.7209302325582,0.03751781826719738
-899.7009966777409,0.03914173363141648
-899.6810631229235,0.04077239063712515
-899.6611295681064,0.04240296087618887
-899.6411960132891,0.04402738897465255
-899.6212624584718,0.04564027392607306
-899.6013289036546,0.047236769886773784
-899.5813953488372,0.048812503841095964
-899.56146179402,0.05036350756499009
-899.5415282392026,0.05188616153708404
-899.5215946843855,0.05337714874375704
-899.5016611295681,0.05483341663307532
-899.4817275747508,0.05625214576012669
-899.4617940199337,0.0576307239194042
-899.4418604651163,0.058966724776230564
-899.4219269102991,0.06025789018938637
-899.4019933554817,0.06150211556612497
-899.3820598006645,0.06269743771237675
-899.3621262458472,0.06384202473998929
-899.3421926910299,0.06493416767311384
-899.3222591362127,0.06597227346114048
-899.3023255813954,0.06695485915827316
-899.2823920265781,0.06788054707264563
-899.2624584717609,0.06874806072286155
-899.2425249169436,0.06955622146803306
-899.2225913621263,0.07030394570071649
-899.202657807309,0.07099024251105902
-899.1827242524917,0.07161421174617957
-899.1627906976745,0.07217504240163243
-899.1428571428571,0.07267201129270488
-899.12292358804,0.07310448196203666
-899.1029900332227,0.07347190378784312
-899.0830564784053,0.0737738112632342
-899.0631229235881,0.07400982342265017
-899.0431893687708,0.07417964339631213
-899.0232558139536,0.07428305807751572
-899.0033222591362,0.07431993789157408
-898.9833887043189,0.07429023665847513
-898.9634551495017,0.0741939915445365
-898.9435215946844,0.0740313231014154
-898.9235880398672,0.07380243539381688
-898.9036544850499,0.07350761622023479
-898.8837209302326,0.07314723743433628
-898.8637873754153,0.07272175537782243
-898.843853820598,0.07223171143948212
-898.8239202657808,0.07167773275905612
-898.8039867109635,0.07106053309944778
-898.7840531561462,0.0703809139159673
-898.764119601329,0.06963976565783687
-898.7441860465117,0.0688380693443412
-898.7242524916944,0.0679768984670397
-898.7043189368771,0.06705742127978329
-898.6843853820599,0.06608090355115782
-898.6644518272426,0.06504871186902586
-898.6445182724252,0.06396231760571684
-898.6245847176081,0.06282330167493584
-898.6046511627907,0.061633360239281024
-898.5847176079735,0.060394311561281104
-898.5647840531562,0.05910810423285586
-898.5448504983389,0.05777682706958439
-898.5249169435217,0.0564027210199972
-898.5049833887043,0.054988193518501864
-898.4850498338872,0.053535835807622945
-898.4651162790698,0.05204844387394227
-898.4451827242525,0.05052904378819395
-898.4252491694353,0.048980922416493676
-898.405315614618,0.04740766468198083
-898.3853820598008,0.04581319880543539
-898.3654485049834,0.04420185123768302
-898.3455149501661,0.04257841330390052
-898.3255813953489,0.04094822188091318
-898.3056478405316,0.039317256662145354
-898.2857142857143,0.03769225661537368
-898.2657807308971,0.036080857898948916
-898.2458471760798,0.03449175442153586
-898.2259136212625,0.03293487984049548
-898.2059800664452,0.0314216052327153
-898.186046511628,0.029964938741481005
-898.1661129568107,0.028579700784359254
-898.1461794019933,0.027282629758453397
-898.1262458471762,0.02609234900498816
-898.1063122923588,0.02502910045504508
-898.0863787375416,0.024114135505060454
-898.0664451827244,0.023368670203596998
-898.046511627907,0.022812385361645867
-898.0265780730898,0.022461594996442267
-898.0066445182724,0.022327388476852932
-897.9867109634553,0.022414185047999254
-897.9667774086379,0.022719115674669443
-897.9468438538206,0.023232427135244173
-897.9269102990033,0.023938779801430946
-897.9069767441861,0.02481905601389276
-897.8870431893689,0.025852229150218908
-897.8671096345515,0.027016951333767726
-897.8471760797343,0.028292698372368825
-897.827242524917,0.029660466259616294
-897.8073089700997,0.031103101950252277
-897.7873754152824,0.03260537783138614
-897.7674418604652,0.03415390912494063
-897.7475083056479,0.03573698907633649
-897.7275747508306,0.03734439179546952
-897.7076411960134,0.03896717265432002
-897.6877076411961,0.04059748222102529
-897.6677740863788,0.04222840087153542
-897.6478405315615,0.043853796045899666
-897.6279069767443,0.04546820134335801
-897.6079734219269,0.04706671534496383
-897.5880398671097,0.048644917589326354
-897.5681063122923,0.05019879911519806
-897.5481727574752,0.05172470519092678
-897.5282392026579,0.053219288143941106
-897.5083056478405,0.05467946851257604
-897.4883720930234,0.05610240303336065
-897.468438538206,0.057485458233917576
-897.4485049833888,0.0588261886219621
-897.4285714285714,0.0601223186448004
-897.4086378737542,0.06137172774580356
-897.388704318937,0.06257243796880829
-897.3687707641196,0.06372260366247764
-897.3488372093025,0.06482050291904473
-897.3289036544851,0.06586453044828831
-897.3089700996678,0.06685319164179013
-897.2890365448505,0.06778509762616376
-897.2691029900333,0.06865896113962539
-897.249169435216,0.06947359309535278
-897.2292358803987,0.07022789971862071
-897.2093023255815,0.07092088016423485
-897.1893687707642,0.07155162453669235
-897.1694352159469,0.07211931224870961
-897.1495016611296,0.07262321066468787
-897.1295681063124,0.07306267398488116
-897.109634551495,0.07343714233359412
-897.0897009966778,0.07374614102143975
-897.0697674418604,0.07398927995705715
-897.0498338870433,0.07416625318864786
-897.029900332226,0.07427683855983074
-897.0099667774086,0.07432089746818213
-896.9900332225915,0.07429837471818546
-896.9700996677741,0.07420929846353733
-896.9501661129569,0.07405378023685243
-896.9302325581396,0.0738320150677559
-896.9102990033223,0.0735442816934272
-896.890365448505,0.07319094286879674
-896.8704318936877,0.07277244578686984
-896.8504983388706,0.07228932262351011
-896.8305647840532,0.0717421912247835
-896.8106312292359,0.07113175595989968
-896.7906976744187,0.07045880876781964
-896.7707641196014,0.06972423043199075
-896.7508305647841,0.06892899212480455
-896.7308970099668,0.06807415727210611
-896.7109634551495,0.06716088379831837
-896.6910299003323,0.06619042682527725
-896.671096345515,0.06516414191273619
-896.6511627906978,0.06408348894684492
-896.6312292358805,0.06295003680501726
-896.6112956810631,0.06176546895285229
-896.5913621262459,0.06053159016201462
-896.5714285714286,0.059250334578987304
-896.5514950166114,0.05792377542509187
-896.531561461794,0.056554136670442
-896.5116279069767,0.05514380710120878
-896.4916943521596,0.053695357294464764
-896.4717607973422,0.052211560131065225
-896.451827242525,0.05069541561991364
-896.4318936877077,0.04915018098001501
-896.4119601328904,0.047579407135034446
-896.3920265780731,0.0459869830203669
-896.3720930232558,0.04437718938364238
-896.3521594684386,0.04275476406542505
-896.3322259136213,0.04112498105063229
-896.312292358804,0.03949374582663651
-896.2923588039868,0.03786770966185992
-896.2724252491695,0.036254405135196656
-896.2524916943522,0.03466240426821013
-896.232558139535,0.033101498398710884
-896.2126245847176,0.03158289465798068
-896.1926910299004,0.03011941641240017
-896.1727574750831,0.028725682892962262
-896.1528239202659,0.02741822524853769
-896.1328903654486,0.026215472564094178
-896.1129568106312,0.02513751576768723
-896.093023255814,0.024205540505730882
-896.0730897009967,0.023440831979043775
-896.0531561461795,0.022863321083100522
-896.0332225913621,0.022489776999021032
-896.0132890365448,0.022331932400509437
-895.9933554817277,0.02239497147677613
-895.9734219269103,0.02267680805786499
-895.9534883720931,0.023168380145713464
-895.9335548172758,0.023854866861356922
-895.9136212624585,0.024717464126704912
-895.8936877076412,0.025735266653231854
-895.873754152824,0.026886896997193495
-895.8538205980067,0.02815170069452506
-895.8338870431894,0.029510488034829745
-895.8139534883721,0.03094589900754802
-895.7940199335549,0.03244250021587111
-895.7740863787376,0.0339867151069165
-895.7541528239203,0.035566665191668345
-895.734219269103,0.037171974618940576
-895.7142857142858,0.03879356986067145
-895.6943521594685,0.040423491718310604
-895.6744186046511,0.04205472754137843
-895.654485049834,0.04368106604686302
-895.6345514950167,0.04529697414753683
-895.6146179401994,0.04689749376894833
-895.5946843853822,0.04847815610340699
-895.5747508305648,0.050034910702133166
-895.5548172757476,0.05156406699750106
-895.5348837209302,0.05306224613523473
-895.5149501661131,0.054526341306040046
-895.4950166112957,0.05595348505986938
-895.4750830564784,0.05734102234706289
-895.4551495016613,0.05868648825495581
-895.4352159468439,0.05998758959600895
-895.4152823920267,0.061242189659117104
-895.3953488372093,0.06244829556272809
-895.375415282392,0.0636040477519588
-895.3554817275748,0.06470771126596915
-895.3355481727575,0.06575766847008692
-895.3156146179402,0.06675241300224659
-895.295681063123,0.06769054472831593
-895.2757475083057,0.06857076553708953
-895.2558139534884,0.06939187583553603
-895.2358803986712,0.07015277162903372
-895.2159468438539,0.07085244209113473
-895.1960132890366,0.07148996754373908
-895.1760797342192,0.07206451778201277
-895.1561461794021,0.07257535068951007
-895.1362126245847,0.07302181109841624
-895.1162790697675,0.0734033298573911
-895.0963455149503,0.07371942307646542
-895.0764119601329,0.07396969152376881
-895.0564784053157,0.07415382015397964
-895.0365448504983,0.07427157775263309
-895.0166112956812,0.07432281668412594
-894.9966777408638,0.07430747273487132
-894.9767441860465,0.07422556504631947
-894.9568106312294,0.07407719613526018
-894.936877076412,0.0738625520024435
-894.9169435215948,0.07358190233294688
-894.8970099667774,0.07323560079533299
-894.8770764119602,0.07282408544962415
-894.8571428571429,0.07234787927799904
-894.8372093023256,0.07180759085592153
-894.8172757475083,0.07120391518614105
-894.7973421926911,0.0705376347230726
-894.7774086378738,0.06980962062128337
-894.7574750830565,0.0690208342488268
-894.7375415282393,0.06817232901481618
-894.717607973422,0.0672652525705021
-894.6976744186047,0.06630084945562625
-894.6777408637874,0.06528046427609341
-894.6578073089702,0.06420554551733575
-894.6378737541528,0.06307765011901277
-894.6179401993356,0.061898448963628415
-894.5980066445184,0.060669733463982516
-894.5780730897011,0.05939342347466199
-894.5581395348838,0.05807157680191403
-894.5382059800664,0.05670640064732851
-894.5182724252493,0.05530026539564613
-894.4983388704319,0.05385572124980346
-894.4784053156147,0.052375518330086156
-894.4584717607974,0.05086263099399945
-894.4385382059801,0.04932028730305922
-894.4186046511629,0.04775200476718596
-894.3986710963455,0.046161633738604546
-894.3787375415284,0.044553410104606075
-894.358803986711,0.042932019232570985
-894.3388704318937,0.041302673426857076
-894.3189368770765,0.03967120541275414
-894.2990033222592,0.03804418046629399
-894.2790697674419,0.036429029577034776
-894.2591362126246,0.03483420514875798
-894.2392026578074,0.03326935869682653
-894.2192691029901,0.031745535995889904
-894.1993355481728,0.03027537804198915
-894.1794019933556,0.028873304622043898
-894.1594684385383,0.027555639955712703
-894.1395348837209,0.026340616700030902
-894.1196013289037,0.02524816883179618
-894.0996677740864,0.024299405340173545
-894.0797342192692,0.023515664266494048
-894.0598006644519,0.022917106003797084
-894.0398671096345,0.022520933323493784
-894.0199335548174,0.02233950470574776
-894.0,0.02237876095162687
-893.9800664451828,0.0226374022964157
-893.9601328903655,0.023107072230117657
-893.9401993355482,0.02377348924309681
-893.920265780731,0.024618184448329455
-893.9003322259136,0.025620392317927135
-893.8803986710965,0.026758719071520373
-893.8604651162791,0.028012387892775353
-893.8405315614618,0.029362026949235343
-893.8205980066446,0.030790069816005114
-893.8006644518273,0.032280876020414455
-893.78073089701,0.03382067499504998
-893.7607973421927,0.035397413923186065
-893.7408637873755,0.03700056439996772
-893.7209302325582,0.038620921592557714
-893.7009966777409,0.04025041440035433
-893.6810631229237,0.041881935300547846
-893.6611295681064,0.043509192717881714
-893.641196013289,0.04512658555842532
-893.6212624584718,0.04672909798810063
-893.6013289036545,0.048312211932182145
-893.5813953488373,0.04987183468721669
-893.56146179402,0.0514042392099616
-893.5415282392026,0.052906014930119906
-893.5215946843855,0.054374027243252056
-893.5016611295681,0.05580538413673405
-893.481727574751,0.0571974086665926
-893.4617940199336,0.05854761623139208
-893.4418604651163,0.059853695780707164
-893.421926910299,0.061113494254382124
-893.4019933554817,0.06232500367884071
-893.3820598006646,0.06348635045233884
-893.3621262458472,0.064595786437346
-893.3421926910299,0.06565168154768405
-893.3222591362127,0.06665251757469806
-893.3023255813954,0.067596883042612
-893.2823920265781,0.0684834689202111
-893.2624584717609,0.06931106504663657
-893.2425249169435,0.07007855715351487
-893.2225913621263,0.07078492438608049
-893.202657807309,0.07142923724260249
-893.1827242524918,0.07201065586499625
-893.1627906976745,0.07252842862508453
-893.1428571428571,0.07298189096041839
-893.12292358804,0.0733704644214642
-893.1029900332226,0.07369365589873389
-893.0830564784054,0.07395105700437216
-893.063122923588,0.0741423435873031
-893.0431893687708,0.07426727536578244
-893.0232558139536,0.07432569566483316
-893.0033222591362,0.07431753124957093
-892.983388704319,0.07424279224875582
-892.9634551495017,0.07410157216590958
-892.9435215946844,0.07389404797832105
-892.9235880398671,0.07362048032744971
-892.9036544850499,0.07328121380708691
-892.8837209302326,0.07287667735918194
-892.8637873754153,0.0724073847906645
-892.843853820598,0.071873935428615
-892.8239202657808,0.07127701493565508
-892.8039867109635,0.07061739631250391
-892.7840531561462,0.06989594112071797
-892.764119601329,0.06911360096550025
-892.7441860465117,0.06827141928701397
-892.7242524916944,0.0673705335183399
-892.7043189368771,0.06641217768029002
-892.6843853820599,0.06539768549762871
-892.6644518272426,0.06432849413873251
-892.6445182724253,0.06320614870201352
-892.6245847176081,0.06203230759842379
-892.6046511627907,0.06080874901125601
-892.5847176079735,0.059537378653606435
-892.5647840531561,0.058220239092192747
-892.544850498339,0.05685952096566771
-892.5249169435217,0.055457576499041226
-892.5049833887043,0.0540169358063602
-892.4850498338872,0.05254032658523874
-892.4651162790698,0.05103069794344265
-892.4451827242526,0.04949124926410061
-892.4252491694352,0.04792546521642288
-892.405315614618,0.04633715825638538
-892.3853820598007,0.04473052023539227
-892.3654485049834,0.04311018503715943
-892.3455149501663,0.04148130447093565
-892.3255813953489,0.039849639913969746
-892.3056478405316,0.03822167232332283
-892.2857142857143,0.036604733053533456
-892.2657807308971,0.03500715712535109
-892.2458471760798,0.03343845870176784
-892.2259136212625,0.03190952478148787
-892.2059800664451,0.030432816425103405
-892.186046511628,0.029022555808720152
-892.1661129568107,0.027694860727902844
-892.1461794019934,0.02646776555405354
-892.1262458471762,0.025361041820987033
-892.1063122923588,0.024395711518940155
-892.0863787375416,0.023593149777717187
-892.0664451827242,0.02297372625072603
-892.0465116279071,0.022555055632329044
-892.0265780730897,0.022350104043605504
-892.0066445182724,0.022365559434506233
-891.9867109634553,0.022600910742223052
-891.9667774086379,0.023048520269180535
-891.9468438538207,0.023694666106920233
-891.9269102990033,0.02452123631777498
-891.9069767441861,0.025507624046748206
-891.8870431893688,0.026632432995940987
-891.8671096345515,0.02787477244338673
-891.8471760797343,0.029215092408436515
-891.827242524917,0.03063562085381991
-891.8073089700997,0.032120509075612244
-891.7873754152824,0.033655790308935014
-891.7674418604652,0.03522923482331143
-891.7475083056479,0.03683015904760051
-891.7275747508306,0.03844922440672389
-891.7076411960134,0.04007824572601687
-891.6877076411961,0.04171001872855578
-891.6677740863787,0.04333816994500272
-891.6478405315615,0.04495702892590856
-891.6279069767443,0.04656152094894353
-891.607973421927,0.04814707773103988
-891.5880398671097,0.0497095635297153
-891.5681063122923,0.051245214172177464
-891.5481727574752,0.05275058682594468
-891.5282392026578,0.05422251863410547
-891.5083056478406,0.05565809263727048
-891.4883720930234,0.05705460967330013
-891.468438538206,0.05840956517792893
-891.4485049833888,0.05972063000499835
-891.4285714285714,0.06098563454668206
-891.4086378737543,0.06220255556726075
-891.3887043189369,0.06336950527190453
-891.3687707641196,0.06448472222018352
-891.3488372093024,0.06554656376513612
-891.3289036544851,0.06655349975665129
-891.3089700996679,0.06750410729465123
-891.2890365448505,0.0683970663558287
-891.2691029900333,0.06923115614845639
-891.249169435216,0.0700052520752752
-891.2292358803987,0.0707183232050257
-891.2093023255815,0.0713694301702199
-891.1893687707642,0.07195772342282664
-891.1694352159468,0.07248244179111835
-891.1495016611296,0.07294291129058944
-891.1295681063124,0.07333854415005576
-891.1096345514951,0.0736688380208343
-891.0897009966778,0.07393337534278653
-891.0697674418604,0.07413182284605616
-891.0498338870433,0.07426393117171783
-891.0299003322259,0.07432953459849678
-891.0099667774087,0.07432855086618549
-890.9900332225914,0.074260981089767
-890.9700996677741,0.07412690976123104
-890.9501661129569,0.0739265048391422
-890.9302325581396,0.07366001792903362
-890.9102990033224,0.07332778456078637
-890.890365448505,0.07293022457239161
-890.8704318936877,0.07246784261314045
-890.8504983388705,0.07194122878309837
-890.8305647840532,0.07135105943021289
-890.8106312292359,0.07069809813143312
-890.7906976744187,0.06998319689015049
-890.7707641196014,0.0692072975891188
-890.7508305647841,0.06837143374619176
-890.7308970099668,0.06747673262996311
-890.7109634551496,0.06652441780412731
-890.6910299003323,0.06551581218340026
-890.6710963455149,0.06445234170101533
-890.6511627906978,0.0633355397086375
-890.6312292358804,0.06216705225495865
-890.6112956810632,0.06094864442045848
-890.5913621262459,0.05968220792411243
-890.5714285714286,0.05836977026505485
-890.5514950166114,0.05701350572039281
-890.531561461794,0.05561574859212021
-890.5116279069769,0.054179009184705
-890.4916943521595,0.052705993103861135
-890.4717607973422,0.05119962460076358
-890.4518272425249,0.04966307484893421
-890.4318936877077,0.048099796237524244
-890.4119601328905,0.04651356399821373
-890.3920265780731,0.044908526753005204
-890.3720930232558,0.04328926787002997
-890.3521594684386,0.041660879823524524
-890.3322259136213,0.040029054027367734
-890.312292358804,0.03840018875993943
-890.2923588039868,0.03678151765964948
-890.2724252491695,0.035181260564161716
-890.2524916943522,0.03360879672616841
-890.232558139535,0.03207485693834296
-890.2126245847177,0.030591724784279597
-890.1926910299004,0.029173426745369286
-890.172757475083,0.02783587487258667
-890.1528239202659,0.026596903693004884
-890.1328903654485,0.025476117247097516
-890.1129568106313,0.024494440741430153
-890.093023255814,0.023673271209513916
-890.0730897009967,0.023033167710131273
-890.0531561461795,0.02259213515415368
-890.0332225913621,0.022363728530290523
-890.013289036545,0.022355372378633907
-889.9933554817276,0.02256734538301153
-889.9734219269103,0.022992740994655435
-889.953488372093,0.023618416688895076
-889.9335548172758,0.024426639336389156
-889.9136212624586,0.02539698013011852
-889.8936877076412,0.02650805466235593
-889.873754152824,0.027738867291377964
-889.8538205980067,0.02906969427022091
-889.8338870431894,0.030482559016290975
-889.8139534883721,0.031961403586059076
-889.7940199335549,0.03349206289768526
-889.7740863787376,0.03506212773201264
-889.7541528239203,0.03666075672079747
-889.734219269103,0.03827847507713617
-889.7142857142858,0.03990698134353956
-889.6943521594685,0.041538972570950385
-889.6744186046512,0.04316799176091117
-889.654485049834,0.04478829773044356
-889.6345514950166,0.04639475571536996
-889.6146179401994,0.04798274626186321
-889.594684385382,0.0495480897865035
-889.5747508305649,0.05108698431835763
-889.5548172757476,0.052595954204464536
-889.5348837209302,0.054071807868012293
-889.5149501661131,0.055511603010349346
-889.4950166112957,0.056912617920323226
-889.4750830564785,0.05827232779096825
-889.4551495016611,0.05958838514262937
-889.4352159468439,0.06085860361705899
-889.4152823920266,0.06208094454275651
-889.3953488372093,0.06325350578253063
-889.3754152823922,0.06437451246426562
-889.3554817275748,0.06544230926870198
-889.3355481727575,0.06645535400736083
-889.3156146179402,0.06741221227150264
-889.295681063123,0.06831155297202396
-889.2757475083057,0.06915214462191531
-889.2558139534884,0.06993285223864011
-889.2358803986712,0.07065263476505321
-889.2159468438539,0.07131054292472681
-889.1960132890366,0.07190571744200017
-889.1760797342193,0.0724373875688081
-889.1561461794021,0.07290486987025652
-889.1362126245847,0.07330756722925387
-889.1162790697675,0.07364496803736034
-889.0963455149501,0.07391664554510824
-889.076411960133,0.0741222573500772
-889.0564784053157,0.07426154500548741
-889.0365448504983,0.07433433373608787
-889.0166112956812,0.0743405322516138
-888.9966777408638,0.07428013265142408
-888.9767441860466,0.07415321041701722
-888.9568106312292,0.07395992449220333
-888.936877076412,0.07370051745355806
-888.9169435215947,0.07337531577710987
-888.8970099667774,0.0729847302102484
-888.8770764119603,0.07252925626143455
-888.8571428571429,0.0720094748242384
-888.8372093023256,0.07142605295649658
-888.8172757475083,0.07077974484035879
-888.7973421926911,0.07007139295495148
-888.7774086378738,0.06930192949989683
-888.7574750830565,0.06847237811620714
-888.7375415282393,0.06758385596043877
-888.717607973422,0.06663757619956959
-888.6976744186047,0.06563485100782283
-888.6777408637874,0.06457709516346541
-888.6578073089702,0.06346583036395415
-888.6378737541529,0.062302690402759264
-888.6179401993356,0.06108942738166725
-888.5980066445183,0.05982791916989932
-888.5780730897011,0.05852017836746094
-888.5581395348837,0.0571683630871881
-888.5382059800666,0.055774789939893085
-888.5182724252493,0.05434194969395899
-888.4983388704319,0.05287252618702375
-888.4784053156147,0.05136941919846909
-888.4584717607974,0.04983577215096996
-888.4385382059802,0.04827500570211714
-888.4186046511628,0.04669085851666428
-888.3986710963455,0.04508743677614166
-888.3787375415283,0.04346927428015255
-888.358803986711,0.04184140530322824
-888.3388704318938,0.04020945265170942
-888.3189368770765,0.038579733532956594
-888.2990033222592,0.03695938575299242
-888.2790697674419,0.035356516131497075
-888.2591362126246,0.03378037142395379
-888.2392026578074,0.03224152877389466
-888.2192691029901,0.030752096765465038
-888.1993355481727,0.02932590817675748
-888.1794019933556,0.02797867015670416
-888.1594684385383,0.026728016113725613
-888.139534883721,0.025593377970581158
-888.1196013289037,0.02459557491267074
-888.0996677740864,0.023756011265392056
-888.0797342192692,0.023095416049431782
-888.0598006644518,0.02263216269982338
-888.0398671096347,0.022380375751819687
-888.0199335548174,0.022348204720083285
-888.0,0.022536717823768263
-887.9800664451828,0.022939750966689668
-887.9601328903655,0.023544760280243705
-887.9401993355483,0.02433441335283217
-887.9202657807309,0.025288479238151793
-887.9003322259136,0.02638560041275432
-887.8803986710964,0.027604685852013013
-887.8604651162791,0.028925842848374208
-887.840531561462,0.030330891620675222
-887.8205980066446,0.03180356413530828
-887.8006644518273,0.03332949494456224
-887.78073089701,0.03489609278081552
-887.7607973421927,0.036492355831725914
-887.7408637873755,0.03810867059758947
-887.7209302325582,0.03973661709254475
-887.7009966777408,0.04136879174077448
-887.6810631229237,0.04299865234590447
-887.6611295681064,0.044620385583662686
-887.6411960132891,0.04622879546889265
-887.6212624584718,0.047819210393085905
-887.6013289036545,0.049387406111880645
-887.5813953488373,0.05092954217267509
-887.5614617940199,0.05244210953127958
-887.5415282392028,0.05392188741330102
-887.5215946843854,0.05536590777971656
-887.5016611295681,0.05677142603241878
-887.481727574751,0.05813589683588541
-887.4617940199336,0.05945695413421295
-887.4418604651164,0.06073239461172333
-887.421926910299,0.061960163983923504
-887.4019933554817,0.06313834561891989
-887.3820598006645,0.06426515108143996
-887.3621262458472,0.06533891226608723
-887.3421926910299,0.06635807484712904
-887.3222591362127,0.06732119282097505
-887.3023255813954,0.06822692395748396
-887.2823920265781,0.06907402600849295
-887.2624584717609,0.069861353548492
-887.2425249169436,0.07058785534388773
-887.2225913621263,0.07125257216503421
-887.2026578073089,0.07185463496992923
-887.1827242524918,0.07239326340043938
-887.1627906976744,0.07286776454206419
-887.1428571428572,0.07327753190666308
-887.12292358804,0.07362204460468419
-887.1029900332226,0.07390086667947905
-887.0830564784054,0.07411364658148734
-887.063122923588,0.0742601167646682
-887.0431893687709,0.07434009339137422
-887.0232558139535,0.07435347613580197
-887.0033222591362,0.07430024807911374
-886.9833887043189,0.07418047569263016
-886.9634551495017,0.07399430890861831
-886.9435215946845,0.07374198128092642
-886.9235880398671,0.07342381024106258
-886.9036544850499,0.07304019745833869
-886.8837209302326,0.07259162931640377
-886.8637873754153,0.0720786775220321
-886.843853820598,0.07150199986661475
-886.8239202657808,0.07086234116558283
-886.8039867109635,0.07016053440666896
-886.7840531561462,0.06939750214464926
-886.764119601329,0.06857425818803532
-886.7441860465117,0.0676919096325274
-886.7242524916944,0.06675165930742004
-886.7043189368771,0.0657548087144894
-886.6843853820599,0.06470276155550145
-886.6644518272425,0.06359702796431263
-886.6445182724253,0.06243922958400331
-886.6245847176081,0.06123110565925657
-886.6046511627908,0.059974520350972824
-886.5847176079735,0.058671471525057486
-886.5647840531561,0.05732410132329351
-886.544850498339,0.05593470889238683
-886.5249169435216,0.05450576573245788
-886.5049833887044,0.05303993423009542
-886.485049833887,0.051540090069528886
-886.4651162790698,0.05000934937152108
-886.4451827242526,0.04845110159879172
-886.4252491694352,0.04686904949223329
-886.4053156146181,0.04526725756468424
-886.3853820598007,0.043650210973764064
-886.3654485049834,0.04202288690531185
-886.3455149501661,0.040390840885597065
-886.3255813953489,0.03876031062657436
-886.3056478405316,0.03713833995077077
-886.2857142857143,0.035532924790050636
-886.2657807308971,0.03395318178605504
-886.2458471760798,0.03240953697492117
-886.2259136212625,0.030913926433803977
-886.2059800664452,0.029479991297049552
-886.186046511628,0.028123234806286927
-886.1661129568106,0.026861088246918203
-886.1461794019934,0.02571280721025003
-886.126245847176,0.02469909615960149
-886.1063122923589,0.02384135267681212
-886.0863787375416,0.023160456739421065
-886.0664451827242,0.022675128679348806
-886.0465116279071,0.022400042770019855
-886.0265780730897,0.02234406087057038
-886.0066445182725,0.02250903926895493
-885.9867109634552,0.022889566551373114
-885.9667774086379,0.023473716206317607
-885.9468438538206,0.024244578447499027
-885.9269102990033,0.025182140411724972
-885.9069767441862,0.02626508703624167
-885.8870431893688,0.02747224201201673
-885.8671096345515,0.02878354891642915
-885.8471760797343,0.0301806264110895
-885.827242524917,0.031646995691009754
-885.8073089700997,0.03316808897174766
-885.7873754152824,0.034731130396960005
-885.7674418604652,0.03632495504920203
-885.7475083056479,0.0379398081844278
-885.7275747508306,0.03956714900612587
-885.7076411960134,0.04119947132008962
-885.6877076411961,0.042830146028924286
-885.6677740863788,0.04445328622900641
-885.6478405315615,0.046063633508994895
-885.6279069767442,0.047656463099697816
-885.607973421927,0.04922750525739719
-885.5880398671097,0.05077288034893458
-885.5681063122925,0.052289045355438366
-885.5481727574752,0.05377274981667328
-885.5282392026578,0.05522099954339431
-885.5083056478406,0.056631026705292686
-885.4883720930233,0.058000265146326085
-885.4684385382061,0.059326329986487646
-885.4485049833887,0.060607000741341684
-885.4285714285714,0.061840207332487095
-885.4086378737543,0.06302401847785219
-885.3887043189369,0.06415663204484601
-885.3687707641197,0.06523636702575783
-885.3488372093024,0.0662616568566297
-885.3289036544851,0.06723104385103738
-885.3089700996678,0.06814317456091959
-885.2890365448505,0.06899679590965249
-885.2691029900333,0.06979075196975194
-885.249169435216,0.07052398127940662
-885.2292358803987,0.07119551461036956
-885.2093023255815,0.07180447311456055
-885.1893687707642,0.0723500667890923
-885.1694352159469,0.07283159320971135
-885.1495016611296,0.07324843649124246
-885.1295681063123,0.07360006644082272
-885.1096345514951,0.07388603787597194
-885.0897009966777,0.07410599008467043
-885.0697674418606,0.07425964640939992
-885.0498338870433,0.07434681394098641
-885.0299003322259,0.07436738331187995
-885.0099667774087,0.0743213285817034
-884.9900332225914,0.07420870721120108
-884.9700996677742,0.07402966012358657
-884.9501661129568,0.07378441185545255
-884.9302325581396,0.07347327080231991
-884.9102990033223,0.07309662956724895
-884.890365448505,0.07265496542425268
-884.8704318936879,0.07214884091214929
-884.8504983388705,0.0715789045787319
-884.8305647840532,0.07094589189983208
-884.8106312292359,0.07025062640371467
-884.7906976744187,0.06949402103754719
-884.7707641196014,0.06867707982052797
-884.7508305647841,0.06780089983749078
-884.7308970099667,0.06686667363771454
-884.7109634551496,0.06587569211706822
-884.6910299003323,0.06482934797760054
-884.671096345515,0.06372913987827912
-884.6511627906978,0.06257667741446905
-884.6312292358804,0.061373687092863234
-884.6112956810632,0.06012201950456082
-884.5913621262458,0.05882365794306809
-884.5714285714287,0.05748072876837372
-884.5514950166114,0.05609551388548963
-884.531561461794,0.054670465788512666
-884.5116279069769,0.05320822572340214
-884.4916943521595,0.05171164564789794
-884.4717607973423,0.05018381482019555
-884.4518272425249,0.04862809203325178
-884.4318936877077,0.04704814473325923
-884.4119601328904,0.045447996519351185
-884.3920265780731,0.04383208481364301
-884.372093023256,0.042205330800464486
-884.3521594684386,0.040573224025761606
-884.3322259136213,0.03894192425005278
-884.312292358804,0.037318383126782345
-884.2923588039868,0.03571048779528287
-884.2724252491695,0.03412722713624704
-884.2524916943522,0.03257887860309214
-884.2325581395348,0.031077208269421217
-884.2126245847177,0.029635667746723066
-884.1926910299004,0.028269557505808254
-884.1727574750831,0.026996105960678887
-884.1528239202659,0.02583438855249985
-884.1328903654485,0.02480498684672053
-884.1129568106313,0.023929278224166736
-884.0930232558139,0.023228275076671207
-884.0730897009968,0.022721023119700784
-884.0531561461794,0.022422726129824856
-884.0332225913621,0.022342944711586075
-884.013289036545,0.022484320505616474
-883.9933554817276,0.022842203898465325
-883.9734219269104,0.02340530380522261
-883.953488372093,0.024157154916343695
-883.9335548172758,0.025077983052927383
-883.9136212624585,0.026146531765499432
-883.8936877076412,0.02734155013049594
-883.873754152824,0.02864282371129951
-883.8538205980067,0.03003177156338642
-883.8338870431894,0.03149170361005204
-883.8139534883721,0.033007847845209125
-883.7940199335549,0.03456724130766438
-883.7740863787376,0.03615855330227751
-883.7541528239203,0.037771885279424905
-883.734219269103,0.03939857331304871
-883.7142857142858,0.04103100656157318
-883.6943521594684,0.042662467288703085
-883.6744186046512,0.04428699354247125
-883.654485049834,0.04589926325351129
-883.6345514950167,0.047494497463387506
-883.6146179401994,0.04906838007176777
-883.594684385382,0.05061699155031196
-883.5747508305649,0.05213675430900011
-883.5548172757475,0.05362438770266817
-883.5348837209303,0.055076870973048725
-883.514950166113,0.05649141270490002
-883.4950166112957,0.05786542562348911
-883.4750830564785,0.059196505771580234
-883.4551495016611,0.0604824152802415
-883.435215946844,0.061721068092516936
-883.4152823920266,0.06291051811745801
-883.3953488372093,0.06404894938822886
-883.375415282392,0.0651346678762276
-883.3554817275748,0.06616609467622352
-883.3355481727576,0.06714176032912995
-883.3156146179402,0.06806030009042724
-883.295681063123,0.06892044998626284
-883.2757475083057,0.06972104352683796
-883.2558139534884,0.07046100896915437
-883.2358803986712,0.07113936703985262
-883.2159468438539,0.07175522904399398
-883.1960132890365,0.07230779529828033
-883.1760797342193,0.07279635383765615
-883.1561461794021,0.07322027935303572
-883.1362126245848,0.07357903232523906
-883.1162790697675,0.0738721583264796
-883.0963455149501,0.07409928746616443
-883.076411960133,0.07426013396236734
-883.0564784053156,0.07435449582447487
-883.0365448504984,0.07438225463623556
-883.0166112956811,0.0743433754317131
-882.9966777408638,0.07423790665988216
-882.9767441860466,0.07406598023667935
-882.9568106312292,0.073827811686167
-882.9368770764121,0.07352370037569199
-882.9169435215947,0.07315402985304516
-882.8970099667774,0.07271926829701264
-882.8770764119602,0.0722199690965079
-882.8571428571429,0.07165677157764969
-882.8372093023256,0.07103040190291426
-882.8172757475083,0.07034167417206037
-882.7973421926911,0.06959149176082262
-882.7774086378738,0.06878084894120372
-882.7574750830565,0.06791083283590539
-882.7375415282393,0.06698262577054608
-882.717607973422,0.0659975081001438
-882.6976744186047,0.06495686160216779
-882.6777408637874,0.06386217354754078
-882.6578073089701,0.06271504158445193
-882.6378737541529,0.061517179598266525
-882.6179401993356,0.060270424746028874
-882.5980066445184,0.058976745907187496
-882.5780730897011,0.05763825384537908
-882.5581395348837,0.05625721344172884
-882.5382059800666,0.05483605844115873
-882.5182724252492,0.053377409252886567
-882.498338870432,0.05188409446905564
-882.4784053156146,0.05035917691526957
-882.4584717607974,0.04880598522854787
-882.4385382059802,0.04722815217590028
-882.4186046511628,0.045629661181359416
-882.3986710963457,0.044014902818390225
-882.3787375415283,0.04238874333371074
-882.358803986711,0.0407566075654166
-882.3388704318937,0.03912457883547401
-882.3189368770765,0.037499518408574226
-882.2990033222593,0.035889206691897706
-882.2790697674419,0.034302507127053246
-882.2591362126246,0.032749551090539175
-882.2392026578074,0.03124193716318078
-882.2192691029901,0.02979292960936118
-882.1993355481728,0.02841762739726404
-882.1794019933556,0.02713305556343499
-882.1594684385382,0.02595810595981136
-882.139534883721,0.024913229591064734
-882.1196013289037,0.024019770757274385
-882.0996677740865,0.02329885620595018
-882.0797342192692,0.022769835683285198
-882.0598006644518,0.022448421867799214
-882.0398671096347,0.022344859589800276
-882.0199335548173,0.022462571887238006
-882.0000000000001,0.022797678919256766
-881.9800664451827,0.023339542406020403
-881.9601328903655,0.024072163253944543
-881.9401993355483,0.024976026914837392
-881.9202657807309,0.02602995227282043
-881.9003322259138,0.02721262503959863
-881.8803986710964,0.028503678936756923
-881.8604651162791,0.02988433569002688
-881.8405315614618,0.03133769364382012
-881.8205980066446,0.03284877477966367
-881.8006644518273,0.034404426544520306
-881.78073089701,0.03599314978386398
-881.7607973421927,0.03760489955270243
-881.7408637873755,0.039230886440017515
-881.7209302325582,0.040863392890243856
-881.7009966777409,0.042495610754935055
-881.6810631229237,0.04412150153333477
-881.6611295681063,0.045735678239003166
-881.6411960132891,0.04733330667267138
-881.6212624584717,0.04891002350075534
-881.6013289036546,0.050461868569072595
-881.5813953488373,0.05198522910660807
-881.5614617940199,0.05347679377315546
-881.5415282392028,0.05493351481340446
-881.5215946843854,0.05635257686683719
-881.5016611295682,0.057731371235442905
-881.4817275747508,0.05906747462629951
-881.4617940199336,0.06035863156572133
-881.4418604651163,0.0616027398297124
-881.421926910299,0.06279783835647414
-881.4019933554819,0.06394209720520946
-881.3820598006645,0.06503380920538022
-881.3621262458472,0.0660713830053093
-881.3421926910299,0.0670533372815377
-881.3222591362127,0.06797829591290788
-881.3023255813954,0.06884498395805842
-881.2823920265781,0.06965222430318699
-881.2624584717607,0.07039893486988781
-881.2425249169436,0.07108412629206912
-881.2225913621263,0.07170689998610737
-881.202657807309,0.07226644655164643
-881.1827242524918,0.07276204445085208
-881.1627906976744,0.073193058922986
-881.1428571428572,0.07355894109867749
-881.1229235880398,0.0738592272845924
-881.1029900332227,0.07409353839465102
-881.0830564784054,0.07426157950881263
-881.063122923588,0.07436313954437211
-881.0431893687709,0.07439809102868579
-881.0232558139535,0.0743663899654648
-881.0033222591363,0.0742680757900617
-880.9833887043189,0.07410327141212955
-880.9634551495017,0.07387218334718378
-880.9435215946844,0.07357510194145007
-880.9235880398671,0.0732124016976918
-880.90365448505,0.07278454171307086
-880.8837209302326,0.07229206624379676
-880.8637873754153,0.07173560541541488
-880.843853820598,0.07111587610237834
-880.8239202657808,0.07043368300590917
-880.8039867109635,0.06968991996553255
-880.7840531561462,0.06888557154701491
-880.764119601329,0.06802171495848058
-880.7441860465117,0.06709952235692646
-880.7242524916944,0.06612026362012144
-880.7043189368771,0.0650853096744542
-880.6843853820599,0.06399613648781981
-880.6644518272426,0.06285432985969405
-880.6445182724253,0.061661591168369376
-880.624584717608,0.06041974426979382
-880.6046511627908,0.05913074378451546
-880.5847176079734,0.057796685061435295
-880.5647840531562,0.05641981617115329
-880.544850498339,0.05500255236093279
-880.5249169435216,0.053547493500800715
-880.5049833887044,0.052057445170588884
-880.485049833887,0.05053544418412571
-880.4651162790699,0.0489847895252858
-880.4451827242525,0.04740907988411109
-880.4252491694352,0.04581225923212716
-880.405315614618,0.04419867216179723
-880.3853820598007,0.04257313102332187
-880.3654485049835,0.04094099719269323
-880.3455149501661,0.03930827903562119
-880.3255813953489,0.037681749174661064
-880.3056478405316,0.03606908331044152
-880.2857142857143,0.034479021735765565
-880.2657807308971,0.03292155223553612
-880.2458471760798,0.031408108412452264
-880.2259136212624,0.029951769408336333
-880.2059800664452,0.02856743407902891
-880.186046511628,0.02727192380656486
-880.1661129568107,0.026083943778755076
-880.1461794019934,0.025023807276574234
-880.126245847176,0.024112813215452375
-880.1063122923589,0.023372185142743054
-880.0863787375415,0.02282155568718168
-880.0664451827244,0.022477125521879995
-880.046511627907,0.022349808313798857
-880.0265780730897,0.022443803318671095
-880.0066445182725,0.02275600726478398
-879.9867109634552,0.023276451306680317
-879.966777408638,0.023989624136022538
-879.9468438538206,0.024876292090683733
-879.9269102990033,0.025915366665555998
-879.9069767441861,0.02708548204479843
-879.8870431893688,0.028366126766776325
-879.8671096345516,0.02973832784495243
-879.8471760797343,0.031184971943483086
-879.827242524917,0.03269087334366021
-879.8073089700997,0.03424268744797976
-879.7873754152824,0.0358287439545738
-879.7674418604652,0.03743884890581985
-879.7475083056479,0.03906408501407701
-879.7275747508306,0.040696625905215895
-879.7076411960134,0.042329571209565584
-879.6877076411961,0.04395680434503718
-879.6677740863788,0.04557287212130288
-879.6478405315615,0.047172884023078565
-879.6279069767443,0.048752428587151064
-879.607973421927,0.050307504286346574
-879.5880398671096,0.0518344625451479
-879.5681063122925,0.053329960806847154
-879.5481727574751,0.054790923881685216
-879.5282392026579,0.05621451209567563
-879.5083056478406,0.05759809501644143
-879.4883720930233,0.05893922975142148
-879.4684385382061,0.060235642997314015
-879.4485049833887,0.06148521617068503
-879.4285714285716,0.06268597307356166
-879.4086378737542,0.06383606964858002
-879.3887043189369,0.06493378545977985
-879.3687707641196,0.06597751660166933
-879.3488372093024,0.06696576979280033
-879.3289036544852,0.06789715745348952
-879.3089700996678,0.06877039360308912
-879.2890365448505,0.06958429044070999
-879.2691029900333,0.07033775549711725
-879.249169435216,0.07102978926467562
-879.2292358803987,0.07165948322820344
-879.2093023255815,0.07222601823265525
-879.1893687707641,0.07272866313450065
-879.1694352159469,0.07316677369272352
-879.1495016611296,0.07353979166306228
-879.1295681063124,0.073847244065534
-879.1096345514951,0.07408874260091189
-879.0897009966777,0.07426398319655049
-879.0697674418606,0.07437274566626025
-879.0498338870432,0.07441489347256813
-879.029900332226,0.07439037358332581
-879.0099667774086,0.07429921641761443
-878.9900332225914,0.07414153587911976
-878.9700996677742,0.07391752947805039
-878.9501661129568,0.07362747854578881
-878.9302325581397,0.07327174854954176
-878.9102990033223,0.07285078951767154
-878.890365448505,0.07236513659007114
-878.8704318936877,0.07181541071194439
-878.8504983388705,0.07120231949416056
-878.8305647840533,0.07052665826846873
-878.8106312292359,0.06978931137231573
-878.7906976744187,0.06899125370515304
-878.7707641196014,0.06813355260690557
-878.7508305647841,0.06721737011965861
-878.7308970099668,0.06624396570612068
-878.7109634551496,0.06521469951349247
-878.6910299003322,0.06413103628984629
-878.671096345515,0.06299455008234166
-878.6511627906978,0.06180692987413792
-878.6312292358805,0.060569986350309725
-878.6112956810632,0.05928566002448837
-878.5913621262458,0.057956031008767915
-878.5714285714287,0.056583330772201484
-878.5514950166113,0.05516995631068092
-878.5315614617941,0.053718487246437574
-878.5116279069767,0.052231706492810524
-878.4916943521595,0.050712625263734115
-878.4717607973423,0.04916451338194886
-878.4518272425249,0.04759093604975313
-878.4318936877078,0.04599579849309399
-878.4119601328904,0.04438340017232099
-878.3920265780731,0.042758500559869385
-878.3720930232558,0.0411263987891816
-878.3521594684386,0.03949302972195545
-878.3322259136213,0.037865079051888594
-878.312292358804,0.036250119764015674
-878.2923588039868,0.034656771260583336
-878.2724252491695,0.03309488019824986
-878.2524916943522,0.03157571771695605
-878.232558139535,0.030112180103465558
-878.2126245847177,0.028718967604470663
-878.1926910299003,0.0274126978865641
-878.1727574750831,0.026211886747391538
-878.1528239202657,0.025136703067875493
-878.1328903654486,0.024208388647147604
-878.1129568106313,0.023448246795711423
-878.0930232558139,0.022876172122965985
-878.0730897009968,0.022508832142327854
-878.0531561461794,0.02235779315218804
-878.0332225913622,0.022428024242001746
-878.0132890365448,0.02271720430441596
-877.9933554817276,0.02321604975180272
-877.9734219269103,0.023909558401387556
-877.953488372093,0.024778799002277883
-877.9335548172759,0.025802793481061695
-877.9136212624585,0.026960136924830708
-877.8936877076412,0.028230179848713247
-877.873754152824,0.02959375752839964
-877.8538205980067,0.031033545065350176
-877.8338870431894,0.032534147464757635
-877.8139534883721,0.03408202567199283
-877.7940199335549,0.03566533554661771
-877.7740863787376,0.037273731474948675
-877.7541528239203,0.03889816586509787
-877.734219269103,0.04053070138160147
-877.7142857142858,0.04216434358812536
-877.6943521594685,0.04379289625605837
-877.6744186046512,0.0454108386760148
-877.6544850498339,0.04701322291741405
-877.6345514950167,0.0485955884707921
-877.6146179401994,0.05015389167195928
-877.5946843853822,0.051684447503407824
-877.5747508305649,0.05318388165886107
-877.5548172757475,0.054649091067061215
-877.5348837209303,0.05607721136438348
-877.514950166113,0.057465590066286945
-877.4950166112958,0.058811764411038664
-877.4750830564784,0.06011344303611615
-877.4551495016611,0.06136849080224418
-877.435215946844,0.06257491620658823
-877.4152823920266,0.06373086092966193
-877.3953488372094,0.0648345911440288
-877.375415282392,0.0658844902808454
-877.3554817275748,0.06687905300509032
-877.3355481727575,0.0678168801949635
-877.3156146179402,0.06869667475718233
-877.295681063123,0.06951723813934825
-877.2757475083057,0.07027746742465694
-877.2558139534884,0.07097635291399994
-877.2358803986712,0.0716129761166703
-877.2159468438539,0.07218650808429923
-877.1960132890366,0.07269620803380661
-877.1760797342193,0.07314142221437912
-877.156146179402,0.07352158298130677
-877.1362126245848,0.07383620804607052
-877.1162790697674,0.07408489987780192
-877.0963455149503,0.07426734523602219
-877.076411960133,0.07438331481887872
-877.0564784053156,0.07443266301491194
-877.0365448504984,0.0744153277498591
-877.0166112956811,0.07433133042317558
-876.9966777408639,0.07418077593212571
-876.9767441860465,0.0739638527841197
-876.9568106312292,0.07368083330123566
-876.936877076412,0.07333207392381814
-876.9169435215947,0.0729180156234643
-876.8970099667775,0.07243918443932373
-876.8770764119602,0.07189619215566229
-876.8571428571429,0.07128973714329968
-876.8372093023256,0.07062060539261898
-876.8172757475083,0.0698896717721576
-876.7973421926911,0.06909790155387487
-876.7774086378738,0.06824635225468235
-876.7574750830565,0.06733617585422873
-876.7375415282393,0.06636862146089109
-876.717607973422,0.06534503851302369
-876.6976744186047,0.06426688062029165
-876.6777408637874,0.0631357101719401
-876.6578073089702,0.061953203865594386
-876.6378737541529,0.060721159343032946
-876.6179401993355,0.05944150315986005
-876.5980066445184,0.05811630036563686
-876.578073089701,0.0567477660325599
-876.5581395348838,0.05533827914640835
-876.5382059800666,0.053890399366874384
-876.5182724252492,0.05240688727940226
-876.498338870432,0.05089072890116142
-876.4784053156146,0.049345165375232314
-876.4584717607975,0.0477737289926822
-876.4385382059801,0.04618028692553768
-876.4186046511628,0.04456909433255673
-876.3986710963457,0.04294485880532222
-876.3787375415283,0.04131281842859134
-876.3588039867111,0.03967883598268374
-876.3388704318937,0.03804951191289299
-876.3189368770765,0.0364323184450964
-876.2990033222592,0.034835756316848064
-876.2790697674419,0.03326953349659806
-876.2591362126246,0.03174476117457884
-876.2392026578074,0.030274155087560293
-876.2192691029901,0.02887221848040003
-876.1993355481728,0.0275553654468682
-876.1794019933556,0.02634192000212202
-876.1594684385383,0.025251900423347545
-876.139534883721,0.024306480229042957
-876.1196013289036,0.023527025989119203
-876.0996677740865,0.02293367367709243
-876.0797342192691,0.022543536303798923
-876.0598006644519,0.022368815833028844
-876.0398671096347,0.02241524362347958
-876.0199335548173,0.02268128510480725
-876.0000000000001,0.023158356910064643
-875.9800664451827,0.023831987033231472
-875.9601328903656,0.024683568387828637
-875.9401993355482,0.025692251681082957
-875.9202657807309,0.02683660593132159
-875.9003322259136,0.028095851306293447
-875.8803986710964,0.029450634691717013
-875.8604651162792,0.030883419976301483
-875.8405315614618,0.03237860143482133
-875.8205980066446,0.0339224431887779
-875.8006644518273,0.03550292456784227
-875.78073089701,0.03710954563418003
-875.7607973421927,0.03873312602837328
-875.7408637873755,0.040365615272454435
-875.7209302325581,0.041999922981151516
-875.7009966777409,0.043629771680891966
-875.6810631229237,0.0452495717991191
-875.6611295681064,0.046854316866023656
-875.6411960132891,0.048439496388560904
-875.6212624584717,0.050001023784246784
-875.6013289036546,0.051535176941744476
-875.5813953488372,0.05303854926025637
-875.56146179402,0.05450800933013332
-875.5415282392026,0.05594066771371547
-875.5215946843854,0.057333849549672744
-875.5016611295682,0.0586850719318395
-875.4817275747508,0.05999202520405084
-875.4617940199337,0.061252557470715854
-875.4418604651163,0.06246466175193286
-875.421926910299,0.06362646531756568
-875.4019933554817,0.06473622082008182
-875.3820598006645,0.06579229891546882
-875.3621262458472,0.06679318211759712
-875.3421926910299,0.06773745967718511
-875.3222591362127,0.06862382331342605
-875.3023255813954,0.06945106365654931
-875.2823920265781,0.07021806728418094
-875.2624584717609,0.07092381425462477
-875.2425249169436,0.07156737605660253
-875.2225913621262,0.07214791390877319
-875.202657807309,0.07266467735371243
-875.1827242524918,0.07311700310038392
-875.1627906976745,0.07350431407720381
-875.1428571428572,0.07382611866440579
-875.1229235880398,0.07408201008020823
-875.1029900332227,0.07427166590028002
-875.0830564784053,0.07439484769418889
-875.0631229235881,0.07445140076656995
-875.0431893687708,0.07444125399404826
-875.0232558139535,0.07436441975238316
-875.0033222591363,0.07422099393121172
-874.9833887043189,0.07401115603691108
-874.9634551495018,0.07373516938705638
-874.9435215946844,0.07339338140307117
-874.9235880398671,0.07298622401102152
-874.9036544850499,0.07251421416408094
-874.8837209302326,0.07197795450412992
-874.8637873754153,0.07137813418459797
-874.843853820598,0.07071552988167361
-874.8239202657808,0.0699910070271762
-874.8039867109635,0.06920552130329564
-874.7840531561462,0.06836012044800345
-874.764119601329,0.06745594642967875
-874.7441860465117,0.06649423806173879
-874.7242524916944,0.065476334142451
-874.7043189368771,0.06440367722275915
-874.6843853820598,0.06327781812640013
-874.6644518272426,0.062100421372804145
-874.6445182724253,0.06087327168541986
-874.6245847176081,0.059598281807659345
-874.6046511627908,0.05827750189728724
-874.5847176079734,0.056913130830141496
-874.5647840531562,0.05550752981813196
-874.5448504983389,0.05406323883779195
-874.5249169435217,0.052582996478109774
-874.5049833887043,0.05106976395411316
-874.485049833887,0.0495267542003958
-874.4651162790699,0.047957467160925464
-874.4451827242525,0.046365732630480605
-874.4252491694353,0.044755762278831705
-874.405315614618,0.043132212792219585
-874.3853820598007,0.041500262375408686
-874.3654485049834,0.03986570312094001
-874.3455149501661,0.03823505187366852
-874.3255813953489,0.03661568202247262
-874.3056478405316,0.035015977833383234
-874.2857142857143,0.03344551100212343
-874.2657807308971,0.031915235277244505
-874.2458471760798,0.03043768818294783
-874.2259136212625,0.029027177665259824
-874.2059800664452,0.027699914579248048
-874.1860465116279,0.026474029083986945
-874.1661129568107,0.02536938310762363
-874.1461794019934,0.024407071284649275
-874.1262458471762,0.023608507485082524
-874.1063122923589,0.0229940487517778
-874.0863787375415,0.022581232118511377
-874.0664451827244,0.022382877544631107
-874.046511627907,0.022405469941563384
-874.0265780730898,0.022648264409406982
-874.0066445182724,0.02310339185159827
-873.9867109634552,0.023756931139884654
-873.966777408638,0.02459062128905436
-873.9468438538206,0.025583760645508248
-873.9269102990035,0.026714905787952208
-873.9069767441861,0.027963154742420813
-873.8870431893688,0.029308969742079215
-873.8671096345515,0.03073460405920042
-873.8471760797343,0.03222423991538608
-873.827242524917,0.033763942293659574
-873.8073089700997,0.035341511305918616
-873.7873754152824,0.03694628999892171
-873.7674418604652,0.03856896274730453
-873.7475083056479,0.04020136371084256
-873.7275747508306,0.041836304635702655
-873.7076411960134,0.043467425171080064
-873.6877076411961,0.04508906550761718
-873.6677740863788,0.04669615948714591
-873.6478405315614,0.048284145674498936
-873.6279069767443,0.04984889376994639
-873.607973421927,0.051386643901819275
-873.5880398671097,0.052893956617656696
-873.5681063122925,0.05436767170242853
-873.5481727574751,0.05580487425164823
-873.5282392026579,0.057202866695588425
-873.5083056478405,0.0585591457025086
-873.4883720930234,0.0598713830832619
-873.468438538206,0.061137409981279776
-873.4485049833887,0.06235520376383736
-873.4285714285716,0.06352287713858043
-873.4086378737542,0.06463866910662774
-873.388704318937,0.06570093743468496
-873.3687707641196,0.06670815238595357
-873.3488372093024,0.0676588914965499
-873.3289036544851,0.0685518352216499
-873.3089700996678,0.06938576330681029
-873.2890365448505,0.070159551764803
-873.2691029900333,0.07087217035904046
-873.249169435216,0.07152268051150906
-873.2292358803987,0.0721102335672445
-873.2093023255815,0.07263406935870241
-873.1893687707642,0.07309351502330508
-873.1694352159469,0.07348798403531552
-873.1495016611295,0.07381697542015701
-873.1295681063124,0.0740800731250805
-873.109634551495,0.07427694552508685
-873.0897009966778,0.07440734504750941
-873.0697674418606,0.07447110790239113
-873.0498338870432,0.07446815390953647
-873.029900332226,0.07439848641616094
-873.0099667774086,0.07426219230237274
-872.9900332225915,0.07405944207453881
-872.9700996677741,0.07379049004975712
-872.9501661129568,0.07345567463771352
-872.9302325581397,0.07305541872941426
-872.9102990033223,0.07259023020600835
-872.8903654485051,0.07206070258470683
-872.8704318936877,0.07146751582333924
-872.8504983388705,0.0708114373101526
-872.8305647840532,0.07009332307140993
-872.8106312292359,0.0693141192362643
-872.7906976744187,0.06847486380662798
-872.7707641196014,0.06757668878955679
-872.7508305647841,0.06662082276148369
-872.7308970099668,0.06560859394782766
-872.7109634551496,0.064541433918781
-872.6910299003323,0.06342088202302115
-872.671096345515,0.062248590706904035
-872.6511627906976,0.06102633189793816
-872.6312292358805,0.059756004670216675
-872.6112956810631,0.058439644456944
-872.5913621262459,0.057079434133986084
-872.5714285714287,0.05567771737077376
-872.5514950166113,0.05423701473423605
-872.5315614617941,0.05276004314144713
-872.5116279069767,0.051249739391520575
-872.4916943521596,0.04970928867171931
-872.4717607973422,0.04814215913088613
-872.4518272425249,0.046552143848650425
-872.4318936877077,0.044943411800833596
-872.4119601328904,0.04332056972293282
-872.3920265780732,0.04168873708373825
-872.3720930232558,0.04005363665304908
-872.3521594684386,0.0384217032912371
-872.3322259136213,0.03680021343828661
-872.312292358804,0.03519743704893236
-872.2923588039868,0.03362281193603851
-872.2724252491695,0.03208713690682846
-872.2524916943521,0.030602773637921146
-872.232558139535,0.029183836567215193
-872.2126245847177,0.027846333824937737
-872.1926910299004,0.02660819994448132
-872.1727574750831,0.025489135203451054
-872.1528239202657,0.024510145302342957
-872.1328903654486,0.023692676005658716
-872.1129568106312,0.02305728548631123
-872.093023255814,0.022621913250471703
-872.0730897009967,0.022399978937688317
-872.0531561461794,0.022398711176125925
-872.0332225913622,0.022618156618489895
-872.0132890365448,0.02305117352522184
-871.9933554817277,0.023684411935061534
-871.9734219269103,0.0244999790376031
-871.953488372093,0.02547734016560616
-871.9335548172758,0.026595053689255563
-871.9136212624585,0.027832104241745644
-871.8936877076412,0.02916877354719114
-871.873754152824,0.03058710511845526
-871.8538205980067,0.03207106794316283
-871.8338870431894,0.03360652561009913
-871.8139534883721,0.03518109633262205
-871.7940199335549,0.03678396342945659
-871.7740863787376,0.03840567347623514
-871.7541528239203,0.04003794301199091
-871.734219269103,0.04167348395693736
-871.7142857142858,0.043305851416334945
-871.6943521594685,0.04492931394025857
-871.6744186046512,0.0465387445072783
-871.654485049834,0.04812952975992442
-871.6345514950167,0.04969749486413711
-871.6146179401993,0.05123884150636026
-871.5946843853822,0.05275009681287426
-871.5747508305648,0.05422807128593128
-871.5548172757476,0.055669824152835105
-871.5348837209303,0.05707263479669633
-871.514950166113,0.05843397917305542
-871.4950166112958,0.05975151031540295
-871.4750830564784,0.06102304219727011
-871.4551495016613,0.062246536353724034
-871.4352159468439,0.06342009077550945
-871.4152823920266,0.06454193067845515
-871.3953488372093,0.06561040082351843
-871.375415282392,0.0666239591216737
-871.3554817275749,0.0675811713054415
-871.3355481727575,0.06848070648790863
-871.3156146179402,0.069321333461213
-871.295681063123,0.07010191761265935
-871.2757475083057,0.07082141835723313
-871.2558139534884,0.07147888700296405
-871.2358803986712,0.07207346497953371
-871.2159468438538,0.07260438237256157
-871.1960132890366,0.07307095671567368
-871.1760797342193,0.07347259200083354
-871.1561461794021,0.07380877787427859
-871.1362126245848,0.07407908899139741
-871.1162790697674,0.07428318450895766
-871.0963455149503,0.07442080769760595
-871.0764119601329,0.07449178566139046
-871.0564784053157,0.07449602915481802
-871.0365448504983,0.07443353249100669
-871.0166112956811,0.07430437353786915
-870.9966777408639,0.07410871380205307
-870.9767441860465,0.07384679860348525
-870.9568106312294,0.07351895734650166
-870.936877076412,0.07312560389675125
-870.9169435215947,0.07266723707651511
-870.8970099667774,0.07214444129521759
-870.8770764119602,0.07155788733599813
-870.8571428571429,0.07090833332449438
-870.8372093023256,0.07019662591163355
-870.8172757475083,0.06942370170917922
-870.7973421926911,0.06859058902475257
-870.7774086378738,0.06769840995279643
-870.7574750830565,0.06674838288938552
-870.7375415282393,0.06574182555282344
-870.717607973422,0.06468015860879722
-870.6976744186047,0.06356491001949523
-870.6777408637874,0.06239772026111484
-870.6578073089702,0.06118034858510242
-870.6378737541529,0.05991468053616867
-870.6179401993356,0.05860273698679023
-870.5980066445184,0.05724668500522685
-870.578073089701,0.05584885094506189
-870.5581395348838,0.05441173623150642
-870.5382059800664,0.05293803642743223
-870.5182724252493,0.051430664294167205
-870.498338870432,0.04989277772293776
-870.4784053156146,0.04832781360760846
-870.4584717607975,0.046739528960482675
-870.4385382059801,0.04513205084131399
-870.4186046511629,0.04350993696899333
-870.3986710963455,0.04187824919615611
-870.3787375415283,0.04024264230685763
-870.358803986711,0.03860947076141498
-870.3388704318937,0.03698591590517515
-870.3189368770766,0.03538013550873171
-870.2990033222592,0.03380143586529502
-870.2790697674419,0.03226046333112434
-870.2591362126246,0.030769406123188747
-870.2392026578074,0.02934218704203403
-870.2192691029901,0.027994612175376785
-870.1993355481728,0.026744418950813587
-870.1794019933554,0.0256111411229024
-870.1594684385383,0.024615685952876873
-870.139534883721,0.023779516254723097
-870.1196013289037,0.02312337177870145
-870.0996677740865,0.0226655729306521
-870.0797342192691,0.022420120128781338
-870.0598006644519,0.022394974798812677
-870.0398671096345,0.022590975769857014
-870.0199335548174,0.02300172073564181
-870.0,0.02361445071754983
-869.9800664451827,0.024411663240805594
-869.9601328903656,0.025373010436572502
-869.9401993355482,0.026477067298955246
-869.920265780731,0.027702714373019074
-869.9003322259136,0.02903005743987206
-869.8803986710964,0.03044093138547967
-869.8604651162791,0.03191909093557102
-869.8405315614618,0.03345019609477817
-869.8205980066446,0.035021680508238125
-869.8006644518273,0.036622565034570884
-869.78073089701,0.03824325588333497
-869.7607973421927,0.03987534967552818
-869.7408637873755,0.0415114565097652
-869.7209302325582,0.04314504524569508
-869.7009966777409,0.044770311358277005
-869.6810631229235,0.04638206576164453
-869.6611295681064,0.04797564217359007
-869.641196013289,0.049546820390151014
-869.6212624584718,0.05109176295890649
-869.6013289036546,0.05260696300252937
-869.5813953488372,0.05408920125261052
-869.56146179402,0.055535510658083875
-869.5415282392026,0.05694314720875174
-869.5215946843855,0.05830956585420599
-869.5016611295681,0.059632400601019514
-869.4817275747508,0.06090944803954484
-869.4617940199337,0.062138653689549427
-869.4418604651163,0.06331810066701424
-869.4219269102991,0.06444600026578755
-869.4019933554817,0.06552068412228967
-869.3820598006645,0.06654059769153045
-869.3621262458472,0.06750429481169314
-869.3421926910299,0.06841043317399774
-869.3222591362127,0.06925777054696718
-869.3023255813954,0.07004516163046724
-869.2823920265781,0.07077155543635376
-869.2624584717609,0.07143599311028997
-869.2425249169436,0.07203760612387616
-869.2225913621263,0.07257561477816335
-869.202657807309,0.07304932696983203
-869.1827242524917,0.07345813717950182
-869.1627906976745,0.07380152564900862
-869.1428571428571,0.07407905772018326
-869.12292358804,0.07429038331320663
-869.1029900332227,0.07443523652682883
-869.0830564784053,0.07451343534693347
-869.0631229235881,0.07452488145350274
-869.0431893687708,0.07446956011928485
-869.0232558139536,0.07434754019660014
-869.0033222591362,0.07415897419190745
-868.9833887043189,0.07390409843050927
-868.9634551495017,0.07358323331707695
-868.9435215946844,0.07319678370077555
-868.9235880398672,0.07274523935740586
-868.9036544850499,0.07222917560463722
-868.8837209302326,0.07164925407098387
-868.8637873754153,0.07100622364388273
-868.843853820598,0.07030092162818516
-868.8239202657808,0.0695342751528755
-868.8039867109635,0.06870730287194127
-868.7840531561462,0.06782111701470458
-868.764119601329,0.06687692585216405
-868.7441860465117,0.0658760366597304
-868.7242524916944,0.06481985927322469
-868.7043189368771,0.06370991035497314
-868.6843853820599,0.06254781851181117
-868.6644518272426,0.06133533043652191
-868.6445182724252,0.06007431828151842
-868.6245847176081,0.05876678851901558
-868.6046511627907,0.0574148925981176
-868.5847176079735,0.05602093977850391
-868.5647840531562,0.0545874126060026
-868.5448504983389,0.05311698560040036
-868.5249169435217,0.05161254785534959
-868.5049833887043,0.05007723040775464
-868.4850498338872,0.048514439425093314
-868.4651162790698,0.04692789648618617
-868.4451827242525,0.04532168749587582
-868.4252491694352,0.04370032207049744
-868.405315614618,0.04206880554268633
-868.3853820598008,0.04043272602025418
-868.3654485049834,0.038798359116720624
-868.3455149501661,0.03717279290357993
-868.3255813953489,0.03556407506116851
-868.3056478405316,0.0339813826987934
-868.2857142857143,0.0324352121998506
-868.2657807308971,0.03093758072828992
-868.2458471760798,0.02950222139086615
-868.2259136212625,0.0281447390726784
-868.2059800664452,0.02688267289072385
-868.186046511628,0.025735385618016502
-868.1661129568107,0.02472367710627044
-868.1461794019933,0.023869012939534574
-868.1262458471762,0.023192295307637063
-868.1063122923588,0.02271220397317365
-868.0863787375416,0.022443300705177555
-868.0664451827244,0.022394267764705593
-868.046511627907,0.02256673552019717
-868.0265780730898,0.0229550521207375
-868.0066445182724,0.023547068850456623
-867.9867109634553,0.024325695766739458
-867.9667774086379,0.025270792049483015
-867.9468438538206,0.026360964747899767
-867.9269102990033,0.027575000191174658
-867.9069767441861,0.028892833222580672
-867.8870431893689,0.030296091524295736
-867.8671096345515,0.03176831469644348
-867.8471760797343,0.03329495704284803
-867.827242524917,0.03486326498614338
-867.8073089700997,0.036462094175372155
-867.7873754152824,0.03808170785366586
-867.7674418604652,0.039713580387846156
-867.7475083056479,0.0413502180206377
-867.7275747508306,0.04298500162877907
-867.7076411960134,0.04461205214625855
-867.6877076411961,0.046226117194643986
-867.6677740863788,0.04782247654190013
-867.6478405315615,0.04939686375957214
-867.6279069767443,0.050945401543657315
-867.6079734219269,0.0524645484177558
-867.5880398671097,0.05395105484401634
-867.5681063122923,0.05540192707381897
-867.5481727574752,0.05681439735005761
-867.5282392026579,0.05818589931680782
-867.5083056478405,0.05951404769893102
-867.4883720930234,0.06079662148585376
-867.468438538206,0.06203154999517371
-867.4485049833888,0.06321690130700323
-867.4285714285714,0.06435087265374233
-867.4086378737542,0.06543178242600994
-867.3887043189369,0.06645806351706236
-867.3687707641196,0.06742825777806156
-867.3488372093025,0.06834101139696401
-867.3289036544851,0.06919507104695939
-867.3089700996678,0.06998928067717634
-867.2890365448505,0.07072257884035119
-867.2691029900333,0.07139399647027565
-867.249169435216,0.07200265503665328
-867.2292358803987,0.07254776501728555
-867.2093023255815,0.07302862463777965
-867.1893687707642,0.07344461883751768
-867.1694352159469,0.07379521842784667
-867.1495016611296,0.07407997941454761
-867.1295681063124,0.07429854246205513
-867.109634551495,0.0744506324812406
-867.0897009966778,0.07453605832691136
-867.0697674418604,0.074554712594578
-867.0498338870433,0.07450657150954809
-867.029900332226,0.07439169490444561
-867.0099667774086,0.07421022628434494
-866.9900332225915,0.0739623929817249
-866.9700996677741,0.07364850640647375
-866.9501661129569,0.07326896239944297
-866.9302325581396,0.07282424170148455
-866.9102990033223,0.07231491055376313
-866.890365448505,0.07174162144934633
-866.8704318936877,0.07110511406100466
-866.8504983388706,0.07040621637578416
-866.8305647840532,0.069645846073487
-866.8106312292359,0.068825012194029
-866.7906976744187,0.06794481714788018
-866.7707641196014,0.06700645913492947
-866.7508305647841,0.06601123505049532
-866.7308970099668,0.06496054397345132
-866.7109634551495,0.06385589135110557
-866.6910299003323,0.06269889401958309
-866.671096345515,0.06149128622798572
-866.6511627906978,0.06023492687069884
-866.6312292358805,0.05893180817687625
-866.6112956810631,0.05758406616101686
-866.5913621262459,0.056193993206326155
-866.5714285714286,0.0547640532361477
-866.5514950166114,0.05329690003179287
-866.531561461794,0.05179539938156471
-866.5116279069767,0.050262655900402305
-866.4916943521596,0.048702045546644354
-866.4717607973422,0.04711725508587804
-866.451827242525,0.045512330012755946
-866.4318936877077,0.0438917327355626
-866.4119601328904,0.04226041313985156
-866.3920265780731,0.0406238939396487
-866.3720930232558,0.038988373424335976
-866.3521594684386,0.03736084817906447
-866.3322259136213,0.03574925785457006
-866.312292358804,0.03416265268364638
-866.2923588039868,0.03261138154071854
-866.2724252491695,0.031107292957980048
-866.2524916943522,0.02966393235785533
-866.232558139535,0.02829670440980129
-866.2126245847176,0.02702294897681766
-866.1926910299004,0.025861853790823442
-866.172757475083,0.0248341028481398
-866.1528239202659,0.02396115079201787
-866.1328903654486,0.023264043554664323
-866.1129568106312,0.022761798792266637
-866.093023255814,0.022469519730953815
-866.0730897009967,0.022396596505192098
-866.0531561461795,0.022545449127255594
-866.0332225913621,0.022911186128860804
-866.0132890365448,0.0234822877400047
-865.9933554817277,0.024242098728619037
-865.9734219269103,0.02517070598257744
-865.9534883720931,0.02624676463140292
-865.9335548172758,0.027448977239143465
-865.9136212624585,0.028757113171826196
-865.8936877076412,0.030152594637060808
-865.873754152824,0.031618745421732056
-865.8538205980067,0.033140812093270335
-865.8338870431894,0.03470585121745623
-865.8139534883721,0.03630255046914114
-865.7940199335549,0.037921027492278526
-865.7740863787376,0.03955263202452129
-865.7541528239203,0.04118976437934162
-865.734219269103,0.04282571567711518
-865.7142857142858,0.04445453081299743
-865.6943521594685,0.04607089286042099
-865.6744186046511,0.047670026589165186
-865.654485049834,0.049247618472276496
-865.6345514950167,0.0507997506252952
-865.6146179401994,0.052322846363879974
-865.5946843853822,0.0538136253708494
-865.5747508305648,0.05526906677162624
-865.5548172757476,0.05668637870087546
-865.5348837209302,0.058062973191219676
-865.5149501661131,0.05939644542558333
-865.4950166112957,0.060684556570192456
-865.4750830564784,0.061925219549717546
-865.4551495016613,0.06311648724400051
-865.4352159468439,0.06425654268166553
-865.4152823920267,0.06534369088380908
-865.3953488372093,0.06637635207396808
-865.375415282392,0.06735305602170556
-865.3554817275748,0.06827243732861052
-865.3355481727575,0.06913323149931105
-865.3156146179402,0.06993427166750708
-865.295681063123,0.07067448586960164
-865.2757475083057,0.07135289477684409
-865.2558139534884,0.07196860981215358
-865.2358803986712,0.07252083159037746
-865.2159468438539,0.07300884863102895
-865.1960132890366,0.07343203630142298
-865.1760797342192,0.07378985595550185
-865.1561461794021,0.0740818542396807
-865.1362126245847,0.07430766254267876
-865.1162790697675,0.07446699657076555
-865.0963455149503,0.07455965603396265
-865.0764119601329,0.07458552443261428
-865.0564784053157,0.07454456893682898
-865.0365448504983,0.07443684035464165
-865.0166112956812,0.07426247318783037
-864.9966777408638,0.07402168577709406
-864.9767441860465,0.07371478054168472
-864.9568106312292,0.07334214432150445
-864.936877076412,0.07290424883323092
-864.9169435215948,0.07240165125593387
-864.8970099667774,0.0718349949655661
-864.8770764119602,0.0712050104428575
-864.8571428571429,0.07051251638438354
-864.8372093023256,0.0697584210533474
-864.8172757475083,0.06894372391404459
-864.7973421926911,0.0680695176031972
-864.7774086378738,0.06713699030223459
-864.7574750830565,0.06614742858771837
-864.7375415282393,0.0651022208529246
-864.717607973422,0.06400286141311577
-864.6976744186047,0.06285095543031902
-864.6777408637874,0.06164822482253744
-864.6578073089702,0.06039651535764195
-864.6378737541528,0.05909780517570617
-864.6179401993356,0.057754215037432124
-864.5980066445184,0.05636802066246881
-864.5780730897011,0.054941667603300215
-864.5581395348838,0.05347778920099896
-864.5382059800664,0.05197922829324836
-864.5182724252493,0.05044906349620004
-864.4983388704319,0.04889064106526804
-864.4784053156147,0.04730761355972534
-864.4584717607974,0.045703986792753615
-864.4385382059801,0.04408417683987407
-864.4186046511629,0.04245307918978817
-864.3986710963455,0.04081615241863628
-864.3787375415284,0.039179518984172206
-864.358803986711,0.037550085739818474
-864.3388704318937,0.03593568633404049
-864.3189368770765,0.034345246401566956
-864.2990033222592,0.03278896975557367
-864.2790697674419,0.03127853872862544
-864.2591362126246,0.029827313127655075
-864.2392026578074,0.028450498530453287
-864.2192691029901,0.02716523485044376
-864.1993355481728,0.025990531102761023
-864.1794019933556,0.024946947495444318
-864.1594684385383,0.024055914589667302
-864.1395348837209,0.02333860382651718
-864.1196013289037,0.022814349420147515
-864.0996677740864,0.022498775754425094
-864.0797342192692,0.02240196692215971
-864.0598006644519,0.02252712943280909
-864.0398671096345,0.022870140996335706
-864.0199335548174,0.02342012881393042
-864.0,0.024160894468519316
-863.9800664451828,0.02507277359190817
-863.9601328903655,0.026134486006246342
-863.9401993355482,0.027324661549368627
-863.9202657807309,0.028622910042457324
-863.9003322259136,0.030010450269669725
-863.8803986710965,0.0314703897053651
-863.8604651162791,0.032987765234308505
-863.8405315614618,0.034549440955842774
-863.8205980066446,0.03614393379341649
-863.8006644518273,0.03776121312751455
-863.78073089701,0.03939250165288595
-863.7607973421927,0.04103009164094996
-863.7408637873755,0.042667182645521266
-863.7209302325582,0.044297741992473064
-863.7009966777409,0.04591638692343873
-863.6810631229237,0.047518286137883704
-863.6611295681064,0.049099078116488004
-863.641196013289,0.05065480364886481
-863.6212624584718,0.05218185022016735
-863.6013289036545,0.05367690621259766
-863.5813953488373,0.05513692318775941
-863.56146179402,0.056559084802934055
-863.5415282392026,0.05794078116676251
-863.5215946843855,0.05927958765448748
-863.5016611295681,0.060573247382205334
-863.481727574751,0.06181965668696432
-863.4617940199336,0.06301685308055399
-863.4418604651163,0.0641630052425761
-863.421926910299,0.06525640469838333
-863.4019933554817,0.06629545889160197
-863.3820598006646,0.06727868541369426
-863.3621262458472,0.06820470719505121
-863.3421926910299,0.0690722484969606
-863.3222591362127,0.06988013157162781
-863.3023255813954,0.07062727388062161
-863.2823920265781,0.07131268578078703
-863.2624584717609,0.07193546860232768
-863.2425249169435,0.07249481305642573
-863.2225913621263,0.07298999792048261
-863.202657807309,0.07342038895806392
-863.1827242524918,0.07378543803790791
-863.1627906976745,0.07408468242291272
-863.1428571428571,0.07431774420534475
-863.12292358804,0.07448432986932545
-863.1029900332226,0.07458422996567002
-863.0830564784054,0.07461731888809862
-863.063122923588,0.07458355474298603
-863.0431893687708,0.07448297930819328
-863.0232558139536,0.07431571807950305
-863.0033222591362,0.07408198040617513
-862.983388704319,0.07378205972021086
-862.9634551495017,0.07341633386714212
-862.9435215946844,0.07298526554946771
-862.9235880398671,0.07248940289774211
-862.9036544850499,0.07192938018831035
-862.8837209302326,0.071305918731573
-862.8637873754153,0.07061982796003888
-862.843853820598,0.06987200675189817
-862.8239202657808,0.06906344503318022
-862.8039867109635,0.06819522571078979
-862.7840531561462,0.06726852699908219
-862.764119601329,0.06628462521573356
-862.7441860465117,0.06524489813821331
-862.7242524916944,0.06415082903091296
-862.704318936877,0.06300401147631463
-862.6843853820599,0.06180615517159528
-862.6644518272426,0.060559092886906744
-862.6445182724253,0.05926478882407396
-862.6245847176081,0.05792534866709619
-862.6046511627907,0.0565430316806539
-862.5847176079735,0.05512026529273623
-862.5647840531561,0.05365966269624599
-862.544850498339,0.052164044125563705
-862.5249169435217,0.05063646261220868
-862.5049833887043,0.049080235204145915
-862.4850498338872,0.047498980848208604
-862.4651162790698,0.04589666638914896
-862.4451827242526,0.04427766242631471
-862.4252491694352,0.04264681107945237
-862.405315614618,0.0410095080167532
-862.3853820598007,0.039371801327093094
-862.3654485049834,0.03774050985426782
-862.3455149501663,0.036123363238513576
-862.3255813953489,0.03452916476534665
-862.3056478405316,0.03296797561658921
-862.2857142857143,0.03145131436463179
-862.2657807308971,0.029992357322864406
-862.2458471760798,0.028606112228745244
-862.2259136212625,0.027309518585173994
-862.2059800664451,0.026121403383542765
-862.186046511628,0.025062195611589618
-862.1661129568107,0.02415328917607618
-862.1461794019934,0.023415963277610172
-862.1262458471762,0.022869847525576484
-862.1063122923588,0.02253106681679004
-862.0863787375416,0.022410384383495387
-862.0664451827242,0.02251178884655323
-862.0465116279071,0.022831934725190614
-862.0265780730897,0.023360613499499965
-862.0066445182724,0.024082105540429333
-861.9867109634553,0.024977016601278712
-861.9667774086379,0.026024148387031227
-861.9468438538207,0.027202069645030906
-861.9269102990033,0.02849023707180947
-861.9069767441861,0.02986966841731229
-861.8870431893688,0.031323254545148616
-861.8671096345515,0.032835820809097166
-861.8471760797343,0.03439403626247541
-861.827242524917,0.03598624429011778
-861.8073089700997,0.037602263314353374
-861.7873754152824,0.039233186534665045
-861.7674418604652,0.04087119602783231
-861.7475083056479,0.04250939793358455
-861.7275747508306,0.04414168044487759
-861.7076411960134,0.045762593659128534
-861.6877076411961,0.04736724910911693
-861.6677740863787,0.048951236368861784
-861.6478405315615,0.0505105541396761
-861.6279069767443,0.05204155343955552
-861.607973421927,0.05354089081715661
-861.5880398671097,0.05500548982271317
-861.5681063122923,0.05643250925890095
-861.5481727574752,0.05781931699112774
-861.5282392026578,0.05916346831561223
-861.5083056478406,0.06046268806658666
-861.4883720930233,0.061714855794756635
-861.468438538206,0.06291799347261293
-861.4485049833888,0.06407025528257013
-861.4285714285714,0.06516991912539528
-861.4086378737543,0.06621537955241374
-861.3887043189369,0.06720514187848128
-861.3687707641196,0.06813781727622442
-861.3488372093024,0.0690121186872395
-861.3289036544851,0.06982685741474048
-861.3089700996679,0.07058094028567467
-861.2890365448505,0.07127336728947548
-861.2691029900333,0.07190322961656952
-861.249169435216,0.07246970803272819
-861.2292358803987,0.07297207153631378
-861.2093023255815,0.07340967625450225
-861.1893687707642,0.0737819645421851
-861.1694352159468,0.07408846425375602
-861.1495016611296,0.07432878816348581
-861.1295681063124,0.07450263351503116
-861.1096345514951,0.07460978168479579
-861.0897009966778,0.07465009794766575
-861.0697674418604,0.07462353133702894
-861.0498338870433,0.0745301145942213
-861.0299003322259,0.07436996420563514
-861.0099667774087,0.074143280528635
-860.9900332225914,0.07385034801061315
-860.9700996677741,0.07349153550856284
-860.9501661129569,0.07306729672000278
-860.9302325581396,0.07257817073975376
-860.9102990033224,0.07202478276119115
-860.890365448505,0.0714078449452282
-860.8704318936877,0.07072815748578476
-860.8504983388705,0.06998660990658236
-860.8305647840532,0.06918418263172867
-860.8106312292359,0.06832194888105471
-860.7906976744187,0.06740107695192281
-860.7707641196014,0.06642283296166449
-860.7508305647841,0.06538858414009345
-860.7308970099668,0.06429980278018353
-860.7109634551496,0.06315807097741026
-860.6910299003323,0.06196508631608594
-860.6710963455149,0.060722668694796714
-860.6511627906978,0.05943276852486582
-860.6312292358804,0.05809747658705783
-860.6112956810632,0.05671903589535824
-860.5913621262459,0.055299855994601625
-860.5714285714286,0.05384253021551794
-860.5514950166114,0.0523498565291365
-860.531561461794,0.050824862787891854
-860.5116279069769,0.049270837317099254
-860.4916943521595,0.04769136603235458
-860.4717607973422,0.04609037750774489
-860.4518272425249,0.04447219770460809
-860.4318936877077,0.04284161637991406
-860.4119601328905,0.0412039674982492
-860.3920265780731,0.03956522621317408
-860.3720930232558,0.03793212504873246
-860.3521594684386,0.03631229159779722
-860.3322259136213,0.03471440901541997
-860.312292358804,0.03314839826252258
-860.2923588039868,0.03162561659480604
-860.2724252491695,0.030159059001332183
-860.2524916943522,0.02876353674861561
-860.232558139535,0.027455788689835336
-860.2126245847177,0.02625445683942501
-860.1926910299004,0.025179832020929944
-860.172757475083,0.024253259481030763
-860.1528239202659,0.023496108932460066
-860.1328903654485,0.022928284433134015
-860.1129568106313,0.0225663904620151
-860.093023255814,0.022421853719969714
-860.0730897009967,0.02249943933093141
-860.0531561461795,0.022796585061143244
-860.0332225913621,0.02330376320125307
-860.013289036545,0.024005754692673718
-859.9933554817276,0.02488345709151804
-859.9734219269103,0.025915771742029595
-859.953488372093,0.027081218540873652
-859.9335548172758,0.028359107983735695
-859.9136212624586,0.02973025953003352
-859.8936877076412,0.03117734734870963
-859.873754152824,0.03268498352134651
-859.8538205980067,0.03423963951106408
-859.8338870431894,0.03582948236982525
-859.8139534883721,0.037444176837907045
-859.7940199335549,0.039074684128735784
-859.7740863787376,0.04071307393174733
-859.7541528239203,0.042352357087219066
-859.734219269103,0.043986341057647066
-859.7142857142858,0.04560950745459065
-859.6943521594685,0.047216909522844304
-859.6744186046512,0.04880408699465207
-859.654485049834,0.050366995703262876
-859.6345514950166,0.05190194954847032
-859.6146179401994,0.05340557270049902
-859.594684385382,0.05487476024077165
-859.5747508305649,0.05630664573189035
-859.5548172757476,0.05769857446988711
-859.5348837209302,0.05904808139480716
-859.5149501661131,0.06035287282248174
-859.4950166112957,0.06161081131439055
-859.4750830564785,0.0628199031289815
-859.4551495016611,0.06397828780024853
-859.4352159468439,0.06508422947297163
-859.4152823920266,0.06613610969144332
-859.3953488372093,0.06713242139343685
-859.3754152823922,0.06807176390545258
-859.3554817275748,0.06895283877144545
-859.3355481727575,0.06977444627671248
-859.3156146179402,0.07053548255249713
-859.295681063123,0.07123493716659075
-859.2757475083057,0.07187189112147424
-859.2558139534884,0.07244551519475538
-859.235880398671,0.07295506856783275
-859.2159468438539,0.07339989769794945
-859.1960132890366,0.0737794353966398
-859.1760797342193,0.07409320008395731
-859.1561461794021,0.07434079519381621
-859.1362126245847,0.07452190871032266
-859.1162790697675,0.07463631281948696
-859.0963455149501,0.07468386366440938
-859.076411960133,0.07466450119547918
-859.0564784053157,0.07457824911042123
-859.0365448504983,0.07442521488207994
-859.0166112956812,0.07420558987475341
-858.9966777408638,0.07391964955310427
-858.9767441860466,0.07356775379065304
-858.9568106312292,0.0731503472883481
-858.936877076412,0.07266796011725245
-858.9169435215947,0.07212120840357113
-858.8970099667774,0.07151079517870385
-858.8770764119603,0.0708375114224918
-858.8571428571429,0.07010223733381764
-858.8372093023256,0.06930594387007276
-858.8172757475083,0.06844969460564504
-858.7973421926911,0.06753464796976098
-858.7774086378738,0.06656205993648845
-858.7574750830565,0.0655332872546696
-858.7375415282393,0.06444979132352184
-858.717607973422,0.06331314284211201
-858.6976744186047,0.06212502738758286
-858.6777408637874,0.06088725211051388
-858.6578073089702,0.05960175377642041
-858.6378737541529,0.05827060843276861
-858.6179401993356,0.05689604304294291
-858.5980066445183,0.055480449504980045
-858.5780730897011,0.054026401567462815
-858.5581395348837,0.052536675270995765
-858.5382059800666,0.05101427368579857
-858.5182724252493,0.04946245688913587
-858.4983388704319,0.04788477833410718
-858.4784053156147,0.04628512900689126
-858.4584717607974,0.04466779105109867
-858.4385382059802,0.04303750284569975
-858.4186046511628,0.04139953783099892
-858.3986710963455,0.03975979963006411
-858.3787375415283,0.03812493610524674
-858.358803986711,0.03650247472981616
-858.3388704318938,0.0349009807165499
-858.3189368770765,0.03333023719507305
-858.2990033222592,0.03180144254881082
-858.2790697674419,0.03032741265341606
-858.2591362126246,0.02892276378302922
-858.2392026578074,0.027604034111178614
-858.2192691029901,0.026389678060956608
-858.1993355481727,0.025299841822702306
-858.1794019933556,0.024355810540143786
-858.1594684385383,0.023579027708218455
-858.139534883721,0.02298965114311504
-858.1196013289037,0.022604743747932296
-858.0996677740864,0.022436379223384314
-858.0797342192692,0.022490092386988098
-858.0598006644518,0.022764109471999843
-858.0398671096347,0.023249599278436405
-858.0199335548173,0.02393186484970604
-858.0,0.024792117489069
-857.9800664451828,0.025809376488489185
-857.9601328903655,0.0269621257437435
-857.9401993355483,0.028229536992432223
-857.9202657807309,0.02959223451826478
-857.9003322259136,0.031032675939596327
-857.8803986710964,0.032535258441163076
-857.8604651162791,0.03408625339309259
-857.840531561462,0.035673648716233575
-857.8205980066446,0.03728695271705336
-857.8006644518273,0.03891699209400855
-857.78073089701,0.04055572191607489
-857.7607973421927,0.04219605580028693
-857.7408637873755,0.043831718846683645
-857.7209302325582,0.04545712280937285
-857.7009966777408,0.0470672614984296
-857.6810631229237,0.04865762384787
-857.6611295681064,0.05022412202534645
-857.6411960132891,0.051763032146617934
-857.6212624584718,0.05327094544637988
-857.6013289036545,0.05474472806962126
-857.5813953488373,0.05618148794497481
-857.5614617940199,0.057578547465909784
-857.5415282392028,0.0589334209332645
-857.5215946843854,0.060243795902907384
-857.5016611295681,0.061507517740037564
-857.481727574751,0.06272257681070209
-857.4617940199336,0.06388709784616796
-857.4418604651164,0.06499933110112284
-857.421926910299,0.06605764499580827
-857.4019933554817,0.06706051998837118
-857.3820598006645,0.06800654346899641
-857.3621262458472,0.0688944055044571
-857.3421926910299,0.0697228952917438
-857.3222591362127,0.07049089820396949
-857.3023255813954,0.07119739333184881
-857.2823920265781,0.07184145144064556
-857.2624584717609,0.0724222332759876
-857.2425249169436,0.0729389881633977
-857.2225913621263,0.07339105285574739
-857.2026578073089,0.0737778505907783
-857.1827242524918,0.0740988903275664
-857.1627906976744,0.07435376613647462
-857.1428571428572,0.0745421567221773
-857.12292358804,0.07466382506355025
-857.1029900332226,0.07471861815818319
-857.0830564784054,0.07470646686271314
-857.063122923588,0.0746273858234333
-857.0431893687709,0.07448147349474898
-857.0232558139535,0.07426891224595816
-857.0033222591362,0.0739899685601313
-856.9833887043189,0.07364499333161283
-856.9634551495017,0.07323442227241587
-856.9435215946845,0.07275877644100048
-856.9235880398671,0.07221866291137434
-856.9036544850499,0.0716147756045148
-856.8837209302326,0.07094789630981606
-856.8637873754153,0.0702188959299
-856.843853820598,0.06942873598967204
-856.8239202657808,0.0685784704585282
-856.8039867109635,0.06766924794517025
-856.7840531561462,0.0667023143361729
-856.764119601329,0.0656790159644861
-856.7441860465117,0.06460080341158911
-856.7242524916944,0.0634692360687703
-856.7043189368771,0.062285987609496565
-856.6843853820599,0.061052852557325094
-856.6644518272425,0.05977175417370534
-856.6445182724253,0.058444753939264654
-856.6245847176081,0.05707406296275595
-856.6046511627908,0.055662055726902734
-856.5847176079735,0.054211286672410514
-856.5647840531561,0.05272451023537069
-856.544850498339,0.051204705092354155
-856.5249169435216,0.04965510353706156
-856.5049833887044,0.04807922711668978
-856.485049833887,0.046480929897661664
-856.4651162790698,0.04486445100855039
-856.4451827242526,0.043234478414240954
-856.4252491694352,0.04159622618551607
-856.4053156146181,0.03995552779149802
-856.3853820598007,0.0383189480594654
-856.3654485049834,0.036693916237901435
-856.3455149501661,0.035088881754599684
-856.3255813953489,0.03351349227529822
-856.3056478405316,0.0319787897536357
-856.2857142857143,0.03049741319916017
-856.2657807308971,0.029083785472992327
-856.2458471760798,0.02775424423616792
-856.2259136212625,0.026527054030174236
-856.2059800664452,0.025422210404314884
-856.186046511628,0.024460927514048377
-856.1661129568106,0.02366470643705837
-856.1461794019934,0.0230539383519847
-856.126245847176,0.022646123258429986
-856.1063122923589,0.022453964646193297
-856.0863787375416,0.022483759041299036
-856.0664451827242,0.022734525126443878
-856.0465116279071,0.02319814302226895
-856.0265780730897,0.023860459093272852
-856.0066445182725,0.02470302055383707
-855.9867109634552,0.0257049834873276
-855.9667774086379,0.026844809252701662
-855.9468438538206,0.02810153880610148
-855.9269102990033,0.029455604758322037
-855.9069767441862,0.03088924856333233
-855.8870431893688,0.032386651010983016
-855.8671096345515,0.03393388092311444
-855.8471760797343,0.03551874429068142
-855.827242524917,0.037130590208167724
-855.8073089700997,0.038760108292370865
-855.7873754152824,0.04039913671807141
-855.7674418604652,0.04204048991630564
-855.7475083056479,0.04367780895753074
-855.7275747508306,0.04530543433624359
-855.7076411960134,0.04691829925509306
-855.6877076411961,0.04851184087151518
-855.6677740863788,0.05008192687183034
-855.6478405315615,0.051624794906839105
-855.6279069767442,0.053137002706020994
-855.607973421927,0.05461538699996555
-855.5880398671097,0.05605702968074817
-855.5681063122925,0.05745922989890427
-855.5481727574752,0.05881948102696885
-855.5282392026578,0.0601354516142254
-855.5083056478406,0.061404969618196144
-855.4883720930233,0.06262600933052104
-855.4684385382061,0.06379668052228119
-855.4485049833887,0.06491521942124023
-855.4285714285714,0.06597998120418815
-855.4086378737543,0.0669894337450294
-855.3887043189369,0.06794215240561585
-855.3687707641197,0.06883681569433162
-855.3488372093024,0.06967220164798778
-855.3289036544851,0.07044718481780707
-855.3089700996678,0.07116073376076838
-855.2890365448505,0.07181190895448888
-855.2691029900333,0.07239986106775662
-855.249169435216,0.07292382953033184
-855.2292358803987,0.07338314135530519
-855.2093023255815,0.07377721017534171
-855.1893687707642,0.07410553546100752
-855.1694352159469,0.07436770189513758
-855.1495016611296,0.07456337888229164
-855.1295681063123,0.07469232017667582
-855.1096345514951,0.07475436361590461
-855.0897009966777,0.07474943095135582
-855.0697674418606,0.07467752776932067
-855.0498338870433,0.0745387435001123
-855.0299003322259,0.07433325151538688
-855.0099667774087,0.07406130931698462
-854.9900332225914,0.07372325882362685
-854.9700996677742,0.07331952676520748
-854.9501661129568,0.07285062519799125
-854.9302325581396,0.0723171521578968
-854.9102990033223,0.0717197924737217
-854.890365448505,0.07105931876707956
-854.8704318936879,0.07033659267201499
-854.8504983388705,0.06955256631406788
-854.8305647840532,0.0687082840970256
-854.8106312292359,0.06780488485542818
-854.7906976744187,0.06684360444274712
-854.7707641196014,0.06582577883969096
-854.7508305647841,0.06475284788428112
-854.7308970099667,0.0636263597467654
-854.7109634551496,0.06244797629825502
-854.6910299003323,0.06121947955376309
-854.671096345515,0.05994277940951069
-854.6511627906978,0.05861992294228974
-854.6312292358804,0.05725310559824103
-854.6112956810632,0.05584468467145845
-854.5913621262458,0.054397195563349585
-854.5714285714287,0.05291337142464615
-854.5514950166113,0.051396166918626904
-854.531561461794,0.04984878701007739
-854.5116279069769,0.048274721885023485
-854.4916943521595,0.0466777893439805
-854.4717607973423,0.04506218628602449
-854.4518272425249,0.04343255120539311
-854.4318936877077,0.041794039934023496
-854.4119601328904,0.040152417135839884
-854.3920265780731,0.0385141661986709
-854.372093023256,0.036886620008229114
-854.3521594684386,0.03527811433341434
-854.3322259136213,0.03369816372011273
-854.312292358804,0.032157656130046605
-854.2923588039868,0.030669055985460058
-854.2724252491695,0.029246594406353545
-854.2524916943522,0.02790640889393891
-854.2325581395348,0.026666572127290247
-854.2126245847177,0.025546923453993054
-854.1926910299004,0.024568595707022006
-854.1727574750831,0.023753131888462155
-854.1528239202659,0.023121136473301784
-854.1328903654485,0.022690525116767613
-854.1129568106313,0.02247461320238993
-854.0930232558139,0.022480449833994186
-854.0730897009968,0.022707848873329696
-854.0531561461794,0.02314941563299904
-854.0332225913621,0.023791560643008355
-854.013289036545,0.024616189366357462
-853.9933554817276,0.02560261403723215
-853.9734219269104,0.02672928755872633
-853.953488372093,0.02797512863039225
-853.9335548172758,0.02932038209786584
-853.9136212624585,0.030747073893592047
-853.8936877076412,0.03223916705158644
-853.873754152824,0.03378252544422984
-853.8538205980067,0.03536477033682057
-853.8338870431894,0.03697508880897123
-853.8139534883721,0.03860403079180251
-853.7940199335549,0.04024331525128875
-853.7740863787376,0.04188565543024514
-853.7541528239203,0.04352460666667071
-853.734219269103,0.04515443676211228
-853.7142857142858,0.04677001711243636
-853.6943521594684,0.04836673209783347
-853.6744186046512,0.049940404088872514
-853.654485049834,0.05148723157495758
-853.6345514950167,0.05300373819787387
-853.6146179401994,0.05448673078513527
-853.594684385382,0.05593326478087264
-853.5747508305649,0.057340615744890154
-853.5548172757475,0.058706255826158904
-853.5348837209303,0.06002783431554527
-853.514950166113,0.061303161547111504
-853.4950166112957,0.06253019555231662
-853.4750830564785,0.06370703098137781
-853.4551495016611,0.0648318898955429
-853.435215946844,0.06590311410633475
-853.4152823920266,0.06691915879665479
-853.3953488372093,0.067878587206137
-853.375415282392,0.06878006620190358
-853.3554817275748,0.06962236258721369
-853.3355481727575,0.07040434002627122
-853.3156146179402,0.07112495648439714
-853.295681063123,0.07178326209999973
-853.2757475083057,0.07237839741910129
-853.2558139534884,0.07290959193479696
-853.2358803986712,0.07337616288405893
-853.2159468438539,0.07377751426228842
-853.1960132890365,0.07411313602316702
-853.1760797342193,0.07438260343717167
-853.1561461794021,0.07458557658726275
-853.1362126245848,0.07472179998470298
-853.1162790697675,0.07479110229187438
-853.0963455149501,0.07479339614263486
-853.076411960133,0.07472867805395124
-853.0564784053156,0.07459702842567822
-853.0365448504984,0.07439861162841646
-853.0166112956811,0.07413367618239858
-852.9966777408638,0.07380255503349156
-852.9767441860466,0.07340566593556669
-852.9568106312292,0.07294351195223123
-852.9368770764121,0.07241668209463982
-852.9169435215947,0.0718258521167515
-852.8970099667774,0.071171785494211
-852.8770764119602,0.0704553346191558
-852.8571428571429,0.0696774422498953
-852.8372093023256,0.06883914326284553
-852.8172757475083,0.06794156676354629
-852.7973421926911,0.06698593862545296
-852.7774086378738,0.06597358453916166
-852.7574750830565,0.06490593367188029
-852.7375415282393,0.06378452305768789
-852.717607973422,0.06261100286450301
-852.6976744186047,0.06138714271482301
-852.6777408637874,0.06011483927561053
-852.6578073089701,0.05879612537950426
-852.6378737541529,0.05743318099807103
-852.6179401993356,0.05602834645886442
-852.5980066445184,0.05458413838697428
-852.5780730897011,0.05310326896026389
-852.5581395348837,0.051588669201137353
-852.5382059800666,0.05004351719046292
-852.5182724252492,0.04847127228622815
-852.498338870432,0.04687571666290035
-852.4784053156146,0.0452610057588205
-852.4584717607974,0.043631729520989544
-852.4385382059802,0.04199298664956615
-852.4186046511628,0.04035047432473259
-852.3986710963457,0.03871059605985508
-852.3787375415283,0.03708059020734105
-852.358803986711,0.03546868097178971
-852.3388704318937,0.03388425209885469
-852.3189368770765,0.03233803998912109
-852.2990033222592,0.030842336783101644
-852.2790697674419,0.02941118361647065
-852.2591362126246,0.028060518357366657
-852.2392026578074,0.026808220136831932
-852.2192691029901,0.025673966972907688
-852.1993355481728,0.024678800585129727
-852.1794019933556,0.023844290791333222
-852.1594684385382,0.023191235659105087
-852.139534883721,0.022737944999927664
-852.1196013289037,0.022498327569792375
-852.0996677740865,0.02248017480797625
-852.0797342192692,0.022684097221591783
-852.0598006644518,0.023103438196913535
-852.0398671096347,0.023725192836458832
-852.0199335548173,0.024531647314261745
-852.0000000000001,0.02550228986814247
-851.9800664451827,0.026615579644028404
-851.9601328903655,0.02785032217164159
-851.9401993355483,0.029186578861269585
-851.9202657807309,0.030606161038400106
-851.9003322259138,0.03209281276825918
-851.8803986710964,0.033632190633672794
-851.8604651162791,0.03521172838545705
-851.8405315614618,0.036820448262542264
-851.8205980066446,0.03844875786956357
-851.8006644518273,0.040088254608055394
-851.78073089701,0.041731548490411656
-851.7607973421927,0.04337210738289809
-851.7408637873755,0.04500412492893424
-851.7209302325582,0.04662240949105179
-851.7009966777409,0.04822229164862599
-851.6810631229237,0.04979954760294128
-851.6611295681063,0.05135033596971398
-851.6411960132891,0.052871145707376825
-851.6212624584717,0.05435875324078973
-851.6013289036546,0.055810187145657025
-851.5813953488373,0.057222699035742904
-851.5614617940199,0.05859373953483065
-851.5415282392028,0.05992093841823086
-851.5215946843854,0.06120208817625444
-851.5016611295682,0.06243513039057607
-851.4817275747508,0.06361814442659522
-851.4617940199336,0.06474933803661066
-851.4418604651163,0.06582703954259501
-851.421926910299,0.0668496913275315
-851.4019933554819,0.06781584441305612
-851.3820598006645,0.06872415394043663
-851.3621262458472,0.06957337540447414
-851.3421926910299,0.07036236151587064
-851.3222591362127,0.07109005958908207
-851.3023255813954,0.07175550937060289
-851.2823920265781,0.07235784123664078
-851.2624584717607,0.07289627470175518
-851.2425249169436,0.0733701171894857
-851.2225913621263,0.07377876302487577
-851.202657807309,0.07412169261548353
-851.1827242524918,0.07439847179378581
-851.1627906976744,0.07460875129885934
-851.1428571428572,0.07475226637991976
-851.1229235880398,0.07482883650810743
-851.1029900332227,0.07483836518677738
-851.0830564784053,0.07478083985349328
-851.063122923588,0.07465633187052724
-851.0431893687709,0.07446499660324786
-851.0232558139535,0.07420707358919455
-851.0033222591363,0.07388288680335992
-850.9833887043189,0.07349284502891043
-850.9634551495017,0.07303744234554259
-850.9435215946844,0.07251725875214397
-850.9235880398671,0.07193296094434999
-850.90365448505,0.07128530327271826
-850.8837209302326,0.07057512891318257
-850.8637873754153,0.06980337128795576
-850.843853820598,0.06897105578320621
-850.8239202657808,0.06807930181947035
-850.8039867109635,0.06712932534191601
-850.7840531561462,0.0661224418117258
-850.764119601329,0.06506006979631246
-850.7441860465117,0.06394373527659628
-850.7242524916944,0.06277507681436861
-850.7043189368771,0.0615558517532341
-850.6843853820599,0.06028794366403206
-850.6644518272426,0.05897337129171001
-850.6445182724253,0.057614299317409176
-850.624584717608,0.05621305131963224
-850.6046511627908,0.054772125404769535
-850.5847176079734,0.053294213083782814
-850.5647840531562,0.05178222210275494
-850.544850498339,0.050239304094304736
-850.5249169435216,0.04866888811015179
-850.5049833887044,0.047074721324906206
-850.485049833887,0.045460918468501615
-850.4651162790699,0.043832021844546674
-850.4451827242525,0.042193074105330006
-850.4252491694352,0.0405497062419157
-850.405315614618,0.03890824342798207
-850.3853820598007,0.03727583127978142
-850.3654485049835,0.035660584500576784
-850.3455149501661,0.03407175833000686
-850.3255813953489,0.03251994002885221
-850.3056478405316,0.031017251783866124
-850.2857142857143,0.029577546580738804
-850.2657807308971,0.028216563344401365
-850.2458471760798,0.026951986253403188
-850.2259136212624,0.025803327286636514
-850.2059800664452,0.02479152779384876
-850.186046511628,0.023938169855916208
-850.1661129568107,0.023264225821650032
-850.1461794019934,0.022788378153985888
-850.126245847176,0.02252510989371908
-850.1063122923589,0.02248294349934772
-850.0863787375415,0.022663286320750535
-850.0664451827244,0.0230602316632561
-850.046511627907,0.023661379108606637
-850.0265780730897,0.024449418077989095
-850.0066445182725,0.02540403313407463
-849.9867109634552,0.02650370498088697
-849.966777408638,0.027727135639861
-849.9468438538206,0.02905420785497317
-849.9269102990033,0.030466519546399787
-849.9069767441861,0.031947594757040794
-849.8870431893688,0.033482880508545164
-849.8671096345515,0.03505962025951297
-849.8471760797343,0.036666668561444224
-849.827242524917,0.03829428801552567
-849.8073089700997,0.03993395206207246
-849.7873754152824,0.041578165400398596
-849.7674418604652,0.043220306648742414
-849.7475083056479,0.04485449379470508
-849.7275747508306,0.046475470913146556
-849.7076411960134,0.04807851373558717
-849.6877076411961,0.049659351420941515
-849.6677740863788,0.051214101982668896
-849.6478405315615,0.05273921908672136
-849.6279069767443,0.05423144824455155
-849.607973421927,0.0556877907336775
-849.5880398671096,0.05710547385870959
-849.5681063122925,0.058481926410220875
-849.5481727574751,0.0598147583853424
-849.5282392026579,0.06110174420575963
-849.5083056478406,0.06234080880983841
-849.4883720930233,0.06353001611085704
-849.4684385382061,0.06466755940683634
-849.4485049833887,0.06575175340339465
-849.4285714285716,0.06678102757252563
-849.4086378737542,0.06775392062008992
-849.3887043189369,0.06866907587521179
-849.3687707641196,0.06952523744779307
-849.3488372093024,0.07032124702707979
-849.3289036544852,0.07105604121625618
-849.3089700996678,0.07172864931593412
-849.2890365448505,0.07233819148445492
-849.2691029900333,0.0728838772148662
-849.249169435216,0.0733650040790497
-849.2292358803987,0.07378095669766939
-849.2093023255815,0.07413120590205552
-849.1893687707641,0.07441530806018487
-849.1694352159469,0.07463290454416167
-849.1495016611296,0.07478372132128241
-849.1295681063124,0.07486756865469363
-849.1096345514951,0.07488434090342996
-849.0897009966777,0.0748340164148642
-849.0697674418606,0.07471665750580454
-849.0498338870432,0.07453241053150324
-849.029900332226,0.07428150604490011
-849.0099667774086,0.07396425905140835
-848.9900332225914,0.0735810693679667
-848.9700996677742,0.07313242209836486
-848.9501661129568,0.07261888824088365
-848.9302325581397,0.07204112544846472
-848.9102990033223,0.07139987896658948
-848.890365448505,0.07069598277977718
-848.8704318936877,0.06993036100421063
-848.8504983388705,0.0691040295718993
-848.8305647840532,0.06821809826113466
-848.8106312292359,0.06727377313927543
-848.7906976744187,0.06627235949733574
-848.7707641196014,0.06521526537232727
-848.7508305647841,0.06410400577322706
-848.7308970099668,0.06294020775070576
-848.7109634551496,0.06172561648068935
-848.6910299003322,0.06046210256833018
-848.671096345515,0.05915167082405928
-848.6511627906978,0.05779647081904122
-848.6312292358805,0.056398809595742505
-848.6112956810632,0.05496116699408708
-848.5913621262458,0.05348621415780623
-848.5714285714287,0.05197683591360762
-848.5514950166113,0.05043615787226031
-848.5315614617941,0.04886757928993365
-848.5116279069767,0.04727481295422593
-848.4916943521595,0.04566193362295814
-848.4717607973423,0.044033436840956855
-848.4518272425249,0.042394310273899616
-848.4318936877078,0.040750119991998755
-848.4119601328904,0.03910711433427349
-848.3920265780731,0.037472347945844475
-848.3720930232558,0.03585382805985438
-848.3521594684386,0.03426068367788021
-848.3322259136213,0.032703355330711635
-848.312292358804,0.031193797597535523
-848.2923588039868,0.02974567721887981
-848.2724252491695,0.028374535019033847
-848.2524916943522,0.027097859086830024
-848.232558139535,0.025934991056041096
-848.2126245847177,0.02490676317504927
-848.1926910299003,0.024034755795380836
-848.1727574750831,0.023340096655386767
-848.1528239202657,0.022841819410343155
-848.1328903654486,0.022554961791908686
-848.1129568106313,0.022488764929069777
-848.0930232558139,0.022645431942161988
-848.0730897009968,0.023019816821241587
-848.0531561461794,0.02360014297082496
-848.0332225913622,0.024369525615846464
-848.0132890365448,0.02530786640527626
-847.9933554817276,0.02639368352999084
-847.9734219269103,0.027605585751461156
-847.953488372093,0.028923282372670663
-847.9335548172759,0.0303281594130632
-847.9136212624585,0.03180352001104555
-847.8936877076412,0.033334599431633534
-847.873754152824,0.03490844807909927
-847.8538205980067,0.036513749951949066
-847.8338870431894,0.0381406199355816
-847.8139534883721,0.03978040507111276
-847.7940199335549,0.04142550262116026
-847.7740863787376,0.04306920014198587
-847.7541528239203,0.04470553843453927
-847.734219269103,0.04632919600322632
-847.7142857142858,0.04793539266069751
-847.6943521594685,0.04951980963035424
-847.6744186046512,0.05107852357819465
-847.6544850498339,0.05260795225470632
-847.6345514950167,0.0541048097357451
-847.6146179401993,0.05556606956134768
-847.5946843853822,0.05698893435599588
-847.5747508305649,0.058370810762331936
-847.5548172757475,0.059709288731156704
-847.5348837209303,0.0610021243859229
-847.514950166113,0.062247225824188894
-847.4950166112958,0.06344264133637115
-847.4750830564784,0.06458654961794487
-847.4551495016611,0.06567725162882201
-847.435215946844,0.06671316381665363
-847.4152823920266,0.0676928124718099
-847.3953488372094,0.06861482902320692
-847.375415282392,0.06947794611780929
-847.3554817275748,0.07028099435409695
-847.3355481727575,0.07102289956217674
-847.3156146179402,0.0717026805417192
-847.295681063123,0.07231944718393606
-847.2757475083057,0.07287239891644864
-847.2558139534884,0.07336082342022232
-847.2358803986712,0.07378409557661603
-847.2159468438539,0.07414167660974796
-847.1960132890366,0.07443311339575455
-847.1760797342193,0.07465803791586073
-847.156146179402,0.0748161668347854
-847.1362126245848,0.07490730119011219
-847.1162790697674,0.07493132618204636
-847.0963455149503,0.07488821105618616
-847.076411960133,0.07477800907526873
-847.0564784053156,0.07460085757877007
-847.0365448504984,0.07435697813241357
-847.0166112956811,0.07404667677251428
-846.9966777408639,0.073670344353544
-846.9767441860465,0.07322845701056566
-846.9568106312292,0.07272157675209058
-846.936877076412,0.07215035220318103
-846.9169435215947,0.07151551952333074
-846.8970099667775,0.07081790352948027
-846.8770764119602,0.07005841906090586
-846.8571428571429,0.06923807263040578
-846.8372093023256,0.06835796441566588
-846.8172757475083,0.06741929065539666
-846.7973421926911,0.06642334652828126
-846.7774086378738,0.06537152960875613
-846.7574750830565,0.06426534401327047
-846.7375415282393,0.06310640537435055
-846.717607973422,0.061896446809137175
-846.6976744186047,0.060637326084809186
-846.6777408637874,0.05933103422734855
-846.6578073089702,0.057979705874644266
-846.6378737541529,0.056585631741786574
-846.6179401993355,0.05515127364931272
-846.5980066445184,0.053679282667106296
-846.578073089701,0.052172521051995505
-846.5581395348838,0.050634088810347366
-846.5382059800666,0.0490673559026508
-846.5182724252492,0.04747600132928346
-846.498338870432,0.04586406059652735
-846.4784053156146,0.044235983356308586
-846.4584717607975,0.04259670332669561
-846.4385382059801,0.04095172289944404
-846.4186046511628,0.03930721505460146
-846.3986710963455,0.03767014519940712
-846.3787375415283,0.03604841509623811
-846.3588039867111,0.03445102974951621
-846.3388704318937,0.0328882853563516
-846.3189368770765,0.03137197124891932
-846.2990033222592,0.02991556989125455
-846.2790697674419,0.028534424992034086
-846.2591362126246,0.02724582766697529
-846.2392026578074,0.02606894528760424
-846.2192691029901,0.025024492783516282
-846.1993355481728,0.02413403534720311
-846.1794019933556,0.023418837659266962
-846.1594684385383,0.02289826320294032
-846.139534883721,0.022587884360851174
-846.1196013289036,0.022497647595920208
-846.0996677740865,0.022630549461038475
-846.0797342192691,0.022982214277071873
-846.0598006644519,0.023541507989463632
-846.0398671096347,0.024291994148289434
-846.0199335548173,0.025213812659752192
-846.0000000000001,0.026285535738346594
-845.9800664451827,0.027485689731691413
-845.9601328903656,0.02879381620046879
-845.9401993355482,0.03019109108706012
-845.9202657807309,0.031660595926927486
-845.9003322259136,0.03318735211744382
-845.8803986710964,0.03475821426675948
-845.8604651162792,0.03636169293845937
-845.8405315614618,0.0379877525552309
-845.8205980066446,0.039627611279819425
-845.8006644518273,0.04127355677313979
-845.78073089701,0.04291878367725137
-845.7607973421927,0.04455725404178227
-845.7408637873755,0.04618357948884873
-845.7209302325581,0.04779292281666424
-845.7009966777409,0.04938091639945283
-845.6810631229237,0.05094359479344417
-845.6611295681064,0.05247733919655635
-845.6411960132891,0.0539788317151003
-845.6212624584717,0.05544501770261471
-845.6013289036546,0.05687307472432291
-845.5813953488372,0.058260386953461
-845.56146179402,0.059604524020646484
-845.5415282392026,0.06090322351669855
-845.5215946843854,0.062154376496751665
-845.5016611295682,0.06335601545414499
-845.4817275747508,0.06450630433053232
-845.4617940199337,0.06560353020814404
-845.4418604651163,0.06664609639465724
-845.421926910299,0.06763251666322533
-845.4019933554817,0.06856141045271102
-845.3820598006645,0.06943149886751046
-845.3621262458472,0.0702416013445379
-845.3421926910299,0.07099063287775856
-845.3222591362127,0.07167760170956772
-845.3023255813954,0.07230160741373969
-845.2823920265781,0.07286183930742121
-845.2624584717609,0.07335757514048272
-845.2425249169436,0.07378818001910604
-845.2225913621262,0.07415310552831715
-845.202657807309,0.07445188902423712
-845.1827242524918,0.07468415307247761
-845.1627906976745,0.0748496050137106
-845.1428571428572,0.0749480366416401
-845.1229235880398,0.07497932398233949
-845.1029900332227,0.07494342716730797
-845.0830564784053,0.07484039039584557
-845.0631229235881,0.07467034198525616
-845.0431893687708,0.0744334945106673
-845.0232558139535,0.07413014503903008
-845.0033222591363,0.07376067546533226
-844.9833887043189,0.07332555296229108
-844.9634551495018,0.07282533055869024
-844.9435215946844,0.07226064786565443
-844.9235880398671,0.07163223197491793
-844.9036544850499,0.0709408985587694
-844.8837209302326,0.07018755320763204
-844.8637873754153,0.06937319304903493
-844.843853820598,0.06849890870052082
-844.8239202657808,0.06756588662006688
-844.8039867109635,0.06657541193044186
-844.7840531561462,0.06552887180978419
-844.764119601329,0.06442775955966278
-844.7441860465117,0.0632736794854409
-844.7242524916944,0.06206835275209203
-844.7043189368771,0.06081362441387211
-844.6843853820598,0.05951147185929076
-844.6644518272426,0.05816401496606199
-844.6445182724253,0.056773528326262174
-844.6245847176081,0.055342455983010685
-844.6046511627908,0.053873429219682245
-844.5847176079734,0.052369288065407874
-844.5647840531562,0.050833107330812956
-844.5448504983389,0.04926822816999925
-844.5249169435217,0.047678296383140854
-844.5049833887043,0.04606730893022685
-844.485049833887,0.04443967041775653
-844.4651162790699,0.04280026163345622
-844.4451827242525,0.041154522507604485
-844.4252491694353,0.03950855210805226
-844.405315614618,0.03786922830590083
-844.3853820598007,0.036244349360254204
-844.3654485049834,0.034642798491600346
-844.3455149501661,0.033074729944342456
-844.3255813953489,0.03155177017487029
-844.3056478405316,0.0300872193969476
-844.2857142857143,0.02869622532140901
-844.2657807308971,0.027395881448065408
-844.2458471760798,0.02620517734314453
-844.2259136212625,0.02514470290279159
-844.2059800664452,0.02423599529412201
-844.1860465116279,0.023500438159135783
-844.1661129568107,0.022957703586208914
-844.1461794019933,0.022623878183347452
-844.1262458471762,0.022509599470765574
-844.1063122923589,0.022618653839284273
-844.0863787375415,0.022947444431162773
-844.0664451827244,0.02348549776393391
-844.046511627907,0.02421684814159265
-844.0265780730898,0.025121895274048445
-844.0066445182724,0.026179282536595478
-843.9867109634552,0.027367465316782292
-843.966777408638,0.028665823621871027
-843.9468438538206,0.030055325476519557
-843.9269102990035,0.03151883031137603
-843.9069767441861,0.033041143638271285
-843.8870431893688,0.03460892155283969
-843.8671096345515,0.036210498288002706
-843.8471760797343,0.03783568502325564
-843.827242524917,0.03947556852261903
-843.8073089700997,0.04112232463850923
-843.7873754152824,0.042769053207644146
-843.7674418604652,0.044409635929191
-843.7475083056479,0.0460386162014101
-843.7275747508306,0.047651098687393804
-843.7076411960134,0.049242665977486756
-843.6877076411961,0.05080930973837102
-843.6677740863788,0.05234737396378083
-843.6478405315614,0.05385350824449581
-843.6279069767443,0.05532462928855445
-843.607973421927,0.056757889214501527
-843.5880398671097,0.05815064939773524
-843.5681063122925,0.059500458869005415
-843.5481727574751,0.06080503644716828
-843.5282392026579,0.06206225593917089
-843.5083056478405,0.06327013386347266
-843.4883720930234,0.06442681925354936
-843.468438538206,0.06553058517932486
-843.4485049833887,0.06657982169055611
-843.4285714285716,0.06757302993940362
-843.4086378737542,0.06850881728298848
-843.388704318937,0.06938589320189238
-843.3687707641196,0.0702030658991965
-843.3488372093024,0.07095923946832498
-843.3289036544851,0.07165341153684827
-843.3089700996678,0.07228467130961024
-843.2890365448505,0.07285219794725602
-843.2691029900333,0.07335525922732412
-843.249169435216,0.07379321044403554
-843.2292358803987,0.07416549351054322
-843.2093023255815,0.07447163623391434
-843.1893687707642,0.07471125173859769
-843.1694352159469,0.0748840380189547
-843.1495016611295,0.07498977760568991
-843.1295681063124,0.07502833733468228
-843.109634551495,0.07499966821026247
-843.0897009966778,0.07490380535816017
-843.0697674418606,0.07474086806637169
-843.0498338870432,0.07451105991529548
-843.029900332226,0.07421466900149082
-843.0099667774086,0.07385206826266577
-842.9900332225915,0.07342371591479545
-842.9700996677741,0.07293015601616601
-842.9501661129568,0.07237201917707253
-842.9302325581396,0.07175002343883205
-842.9102990033223,0.07106497535104135
-842.8903654485051,0.07031777128242081
-842.8704318936877,0.06950939900806753
-842.8504983388705,0.06864093962469542
-842.8305647840532,0.06771356985621298
-842.8106312292359,0.06672856482454152
-842.7906976744187,0.06568730137621365
-842.7707641196014,0.06459126207388356
-842.7508305647841,0.06344203998473752
-842.7308970099668,0.062241344425949925
-842.7109634551496,0.06099100786133019
-842.6910299003323,0.05969299418585319
-842.671096345515,0.058349408686587306
-842.6511627906976,0.05696251003278302
-842.6312292358805,0.05553472472714107
-842.6112956810631,0.05406866454789139
-842.5913621262459,0.05256714763153137
-842.5714285714287,0.051033223993016616
-842.5514950166113,0.04947020645900342
-842.5315614617941,0.0478817082040207
-842.5116279069767,0.046271688331967924
-842.4916943521596,0.044644507233469605
-842.4717607973422,0.04300499376180078
-842.4518272425249,0.0413585265778018
-842.4318936877077,0.039711132255482534
-842.4119601328904,0.03806960280035327
-842.3920265780732,0.03644163490387573
-842.3720930232558,0.034835992187515055
-842.3521594684386,0.03326268930693934
-842.3322259136213,0.031733192221308125
-842.312292358804,0.03026062097180658
-842.2923588039868,0.02885992851261172
-842.2724252491695,0.02754801031262875
-842.2524916943521,0.026343674948995827
-842.232558139535,0.025267380060513007
-842.2126245847177,0.024340622484759645
-842.1926910299004,0.023584887330261147
-842.1727574750831,0.023020134253785456
-842.1528239202657,0.0226629433373814
-842.1328903654486,0.022524627992148487
-842.1129568106312,0.02260975960931595
-842.093023255814,0.022915527455614825
-842.0730897009967,0.02343213590449182
-842.0531561461794,0.024144112290737176
-842.0332225913622,0.02503213801333928
-842.0132890365448,0.02607494533583159
-841.9933554817277,0.027250930755745712
-841.9734219269103,0.028539319422672085
-841.953488372093,0.029920873955364486
-841.9335548172758,0.03137823138779103
-841.9136212624585,0.03289597943044844
-841.8936877076412,0.03446057298100908
-841.873754152824,0.03606016703490843
-841.8538205980067,0.037684416715506826
-841.8338870431894,0.03932427482673845
-841.8139534883721,0.040971803163510574
-841.7940199335549,0.0426200048265306
-841.7740863787376,0.04426267953019426
-841.7541528239203,0.045894301077011534
-841.734219269103,0.04750991484852498
-841.7142857142857,0.04910505269498507
-841.6943521594685,0.05067566259581673
-841.6744186046512,0.052218050674085296
-841.654485049834,0.05372883344675527
-841.6345514950167,0.05520489850710259
-841.6146179401993,0.056643372131065274
-841.5946843853822,0.05804159256068184
-841.5747508305648,0.059397087941177526
-841.5548172757476,0.06070755807509598
-841.5348837209303,0.06197085931113601
-841.514950166113,0.06318499201145936
-841.4950166112958,0.06434809014386278
-841.4750830564784,0.06545841262863407
-841.4551495016613,0.0665143361372753
-841.4352159468439,0.06751434909508588
-841.4152823920266,0.06845704668394208
-841.3953488372093,0.06934112667767298
-841.375415282392,0.07016538597181658
-841.3554817275749,0.07092871769343542
-841.3355481727575,0.07163010879651667
-841.3156146179402,0.07226863806434869
-841.295681063123,0.0728434744539352
-841.2757475083057,0.0733538757282763
-841.2558139534884,0.07379918733187622
-841.2358803986712,0.07417884147236078
-841.2159468438538,0.07449235637782502
-841.1960132890366,0.07473933570515691
-841.1760797342193,0.07491946807935766
-841.1561461794021,0.07503252674821574
-841.1362126245848,0.07507836934058794
-841.1162790697674,0.0750569377197944
-841.0963455149503,0.07496825792713319
-841.0764119601329,0.07481244021338085
-841.0564784053157,0.07458967915932772
-841.0365448504983,0.07430025388936252
-841.0166112956811,0.07394452838533797
-840.9966777408639,0.07352295191132342
-840.9767441860465,0.07303605956350108
-840.9568106312294,0.07248447296362281
-840.936877076412,0.07186890111905224
-840.9169435215947,0.07119014147774949
-840.8970099667774,0.07044908121287972
-840.8770764119602,0.06964669877890747
-840.8571428571429,0.06878406578991983
-840.8372093023256,0.06786234928115496
-840.8172757475083,0.06688281442739652
-840.7973421926911,0.06584682780678604
-840.7774086378738,0.0647558613172726
-840.7574750830565,0.06361149687496416
-840.7375415282393,0.06241543205136726
-840.717607973422,0.06116948683976408
-840.6976744186047,0.05987561178257282
-840.6777408637873,0.05853589774228336
-840.6578073089702,0.05715258766139139
-840.6378737541529,0.055728090734278465
-840.6179401993356,0.054264999509611445
-840.5980066445184,0.052766110559310936
-840.578073089701,0.05123444949436791
-840.5581395348838,0.04967330128280526
-840.5382059800664,0.048086247035867974
-840.5182724252493,0.04647720867693091
-840.498338870432,0.044850503192641125
-840.4784053156146,0.04321090847686763
-840.4584717607975,0.041563743088577666
-840.4385382059801,0.03991496249826123
-840.4186046511629,0.038271274485555756
-840.3986710963455,0.03664027607810954
-840.3787375415283,0.03503061345445243
-840.358803986711,0.033452164026987176
-840.3388704318937,0.03191623564023378
-840.3189368770766,0.030435770286380344
-840.2990033222592,0.029025527518546923
-840.2790697674419,0.02770220457500061
-840.2591362126246,0.026484426204663947
-840.2392026578074,0.025392511043123463
-840.2192691029901,0.024447903853822454
-840.1993355481728,0.02367217421995434
-840.1794019933554,0.02308554855798212
-840.1594684385383,0.022705079406179586
-840.139534883721,0.022542740063269555
-840.1196013289037,0.022603880858805048
-840.0996677740865,0.022886483271933475
-840.0797342192691,0.023381446009608495
-840.0598006644519,0.024073811501708193
-840.0398671096345,0.02494456502083495
-840.0199335548174,0.025972546023844228
-840.0,0.02713610481185433
-839.9800664451827,0.028414318895672745
-839.9601328903656,0.0297877483696089
-839.9401993355482,0.031238807802927964
-839.920265780731,0.032751865300744504
-839.9003322259136,0.03431317191390346
-839.8803986710964,0.03591070048560803
-839.8604651162791,0.0375339472388794
-839.8405315614618,0.03917372841534627
-839.8205980066446,0.040821989460868326
-839.8006644518273,0.04247163476934347
-839.78073089701,0.04411638040022446
-839.7607973421927,0.04575062915735031
-839.7408637873755,0.0473693659680084
-839.7209302325582,0.04896807096405298
-839.7009966777409,0.05054264762159049
-839.6810631229235,0.052089363511298954
-839.6611295681064,0.05360480150540035
-839.641196013289,0.05508581960270087
-839.6212624584718,0.05652951783187916
-839.6013289036546,0.0579332109587959
-839.5813953488372,0.05929440595139419
-839.56146179402,0.06061078334640842
-839.5415282392026,0.06188018181989714
-839.5215946843855,0.06310058539254078
-839.5016611295681,0.06427011280580008
-839.4817275747508,0.06538700869018081
-839.4617940199336,0.06644963621620709
-839.4418604651163,0.06745647097432868
-839.4219269102991,0.06840609587576699
-839.4019933554817,0.06929719690303013
-839.3820598006645,0.07012855956880723
-839.3621262458472,0.07089906596668928
-839.3421926910299,0.07160769231700298
-839.3222591362127,0.07225350692770721
-839.3023255813954,0.07283566850393974
-839.2823920265781,0.07335342475095144
-839.2624584717609,0.07380611122481771
-839.2425249169436,0.07419315039303188
-839.2225913621263,0.07451405087396709
-839.202657807309,0.07476840682971451
-839.1827242524917,0.07495589749202539
-839.1627906976745,0.07507628680510156
-839.1428571428571,0.07512942317315426
-839.12292358804,0.07511523930388908
-839.1029900332227,0.0750337521425444
-839.0830564784053,0.07488506289402673
-839.0631229235881,0.07466935713389024
-839.0431893687708,0.07438690501180235
-839.0232558139536,0.07403806155443698
-839.0033222591362,0.07362326707797008
-838.9833887043189,0.07314304772410438
-838.9634551495017,0.07259801613748187
-838.9435215946844,0.07198887230710968
-838.9235880398672,0.0713164045994715
-838.9036544850499,0.07058149101732498
-838.8837209302326,0.06978510072527877
-838.8637873754153,0.06892829589185778
-838.843853820598,0.06801223390785852
-838.8239202657808,0.06703817005324525
-838.8039867109635,0.06600746069948925
-838.7840531561462,0.06492156715238971
-838.764119601329,0.06378206026215899
-838.7441860465117,0.06259062595460646
-838.7242524916944,0.0613490718698833
-838.7043189368771,0.060059335335948025
-838.6843853820599,0.058723492953338084
-838.6644518272426,0.057343772129850756
-838.6445182724252,0.05592256497889185
-838.6245847176081,0.05446244508942859
-838.6046511627907,0.05296618779007392
-838.5847176079735,0.05143679467131247
-838.5647840531562,0.049877523301495086
-838.5448504983389,0.04829192327901348
-838.5249169435217,0.046683880007904216
-838.5049833887043,0.045057667865575204
-838.4850498338872,0.043418014741038964
-838.4651162790698,0.041770180234953026
-838.4451827242525,0.04012005007706034
-838.4252491694352,0.03847424943032804
-838.405315614618,0.036840277530702716
-838.3853820598008,0.035226665240636806
-838.3654485049834,0.033643155054791034
-838.3455149501661,0.03210089908677642
-838.3255813953489,0.03061266344379216
-838.3056478405316,0.02919301573933281
-838.2857142857143,0.027858454984509427
-838.2657807308971,0.026627419590888886
-838.2458471760797,0.02552008290998167
-838.2259136212625,0.024557826441847445
-838.2059800664452,0.023762287770084725
-838.186046511628,0.02315393952977399
-838.1661129568107,0.02275028548948232
-838.1461794019933,0.022563942050302814
-838.1262458471762,0.022601031216424046
-838.1063122923588,0.022860331529124173
-838.0863787375416,0.023333451643147214
-838.0664451827244,0.024005970873086604
-838.046511627907,0.024859200806407803
-838.0265780730898,0.02587210696076247
-838.0066445182724,0.02702300676372325
-837.9867109634553,0.028290837845228463
-837.9667774086379,0.02965596104365291
-837.9468438538206,0.031100568633710475
-837.9269102990033,0.032608807432806614
-837.9069767441861,0.03416672203895135
-837.8870431893689,0.035762100223559745
-837.8671096345515,0.03738427643532923
-837.8471760797343,0.03902392771080304
-837.827242524917,0.04067288081233205
-837.8073089700997,0.042323939415497856
-837.7873754152824,0.04397073421810359
-837.7674418604652,0.04560759559071118
-837.7475083056479,0.04722944680670975
-837.7275747508306,0.048831715278694614
-837.7076411960134,0.05041025914457622
-837.6877076411961,0.051961306725311025
-837.6677740863788,0.053481406664508825
-837.6478405315615,0.05496738687605888
-837.6279069767443,0.05641632072778463
-837.6079734219269,0.057825499159122606
-837.5880398671097,0.05919240766272818
-837.5681063122923,0.06051470725477006
-837.5481727574752,0.06179021871979364
-837.5282392026579,0.06301690954804556
-837.5083056478405,0.06419288309066293
-837.4883720930234,0.06531636954548019
-837.468438538206,0.06638571845681439
-837.4485049833888,0.06739939247012497
-837.4285714285714,0.06835596212866205
-837.4086378737542,0.06925410153728333
-837.3887043189369,0.0700925847490537
-837.3687707641196,0.07087028275553556
-837.3488372093025,0.07158616098205796
-837.3289036544851,0.07223927720630682
-837.3089700996678,0.07282877983222463
-837.2890365448505,0.07335390646306096
-837.2691029900333,0.07381398272678559
-837.249169435216,0.07420842131527826
-837.2292358803987,0.07453672120551078
-837.2093023255813,0.07479846703672216
-837.1893687707642,0.0749933286226973
-837.1694352159469,0.0751210605825704
-837.1495016611296,0.07518150207751971
-837.1295681063124,0.0751745766442768
-837.109634551495,0.07510029211962722
-837.0897009966778,0.07495874065320453
-837.0697674418604,0.07475009880893013
-837.0498338870433,0.07447462775844946
-837.029900332226,0.07413267357315433
-837.0099667774086,0.07372466762459
-836.9900332225915,0.07325112710675914
-836.9700996677741,0.07271265569782741
-836.9501661129569,0.07210994438316248
-836.9302325581396,0.07144377246700134
-836.9102990033223,0.07071500880591372
-836.890365448505,0.06992461330440972
-836.8704318936877,0.0690736387213956
-836.8504983388706,0.06816323284621395
-836.8305647840532,0.06719464111504253
-836.8106312292359,0.06616920975292614
-836.7906976744187,0.06508838954439886
-836.7707641196014,0.06395374035708852
-836.7508305647841,0.06276693656894687
-836.7308970099668,0.06152977358197867
-836.7109634551495,0.06024417564483462
-836.6910299003323,0.05891220525545328
-836.671096345515,0.057536074475012244
-836.6511627906978,0.0561181585586452
-836.6312292358805,0.054661012399896354
-836.6112956810631,0.05316739039864367
-836.5913621262459,0.051640270500357334
-836.5714285714286,0.05008288332296628
-836.5514950166114,0.04849874749080921
-836.531561461794,0.046891712535738046
-836.5116279069767,0.045266011003831805
-836.4916943521596,0.043626321713745995
-836.4717607973422,0.04197784642783034
-836.451827242525,0.04032640247075078
-836.4318936877077,0.038678533967878514
-836.4119601328904,0.03704164420399034
-836.3920265780731,0.0354241508226695
-836.3720930232558,0.03383566370518973
-836.3521594684386,0.03228718161627629
-836.3322259136213,0.030791296977534965
-836.312292358804,0.029362387021926256
-836.2923588039868,0.028016752728238954
-836.2724252491695,0.026772643977248732
-836.2524916943522,0.025650083006899287
-836.232558139535,0.024670377414521365
-836.2126245847176,0.02385521683964532
-836.1926910299004,0.023225299899464875
-836.172757475083,0.022798560215971413
-836.1528239202659,0.022588239782105786
-836.1328903654486,0.022601223838784507
-836.1129568106312,0.022837091582273383
-836.093023255814,0.023288176311248788
-836.0730897009967,0.02394061567700477
-836.0531561461795,0.024776070234520563
-836.0332225913621,0.02577365097410659
-836.0132890365448,0.026911656405978028
-835.9933554817276,0.028168892591613176
-835.9734219269103,0.02952552478651962
-835.9534883720931,0.030963523394044942
-835.9335548172758,0.03246681239381375
-835.9136212624585,0.034021227374274134
-835.8936877076412,0.0356143681143559
-835.873754152824,0.037235404386119456
-835.8538205980067,0.0388748713380161
-835.8338870431894,0.04052447467129635
-835.8139534883721,0.04217691529038086
-835.7940199335549,0.043825736787501866
-835.7740863787376,0.04546519563297673
-835.7541528239203,0.047090152219110164
-835.734219269103,0.048695980215233026
-835.7142857142858,0.050278491566911394
-835.6943521594685,0.05183387463204749
-835.6744186046511,0.05335864322852367
-835.654485049834,0.0548495946838443
-835.6345514950167,0.056303775282250286
-835.6146179401994,0.05771845177886548
-835.5946843853822,0.05909108788666278
-835.5747508305648,0.060419324841104044
-835.5548172757476,0.061700965311791436
-835.5348837209302,0.06293396006568522
-835.5149501661131,0.06411639689634151
-835.4950166112957,0.06524649142305494
-835.4750830564784,0.06632257943626459
-835.4551495016613,0.06734311052405918
-835.4352159468439,0.06830664276246419
-835.4152823920267,0.06921183829065211
-835.3953488372093,0.070057459623676
-835.375415282392,0.07084236658110445
-835.3554817275748,0.07156551373066596
-835.3355481727575,0.07222594826358043
-835.3156146179402,0.07282280823220094
-835.295681063123,0.07335532109248194
-835.2757475083057,0.07382280250362863
-835.2558139534884,0.07422465534547669
-835.2358803986712,0.07456036892104853
-835.2159468438539,0.07482951831781111
-835.1960132890366,0.07503176390607284
-835.1760797342192,0.07516685095760348
-835.1561461794021,0.07523460937137519
-835.1362126245847,0.07523495349700732
-835.1162790697675,0.0751678820496861
-835.0963455149503,0.07503347811361068
-835.0764119601329,0.07483190923393068
-835.0564784053157,0.0745634276002001
-835.0365448504983,0.07422837032765685
-835.0166112956812,0.07382715984567881
-834.9966777408638,0.07336030440658532
-834.9767441860465,0.07282839873182992
-834.9568106312292,0.0722321248170216
-834.936877076412,0.07157225292248777
-834.9169435215948,0.07084964278185688
-834.8970099667774,0.07006524506826464
-834.8770764119602,0.06922010316586
-834.8571428571429,0.06831535530434166
-834.8372093023256,0.06735223712580422
-834.8172757475083,0.06633208476764907
-834.7973421926911,0.06525633856242118
-834.7774086378738,0.06412654747663617
-834.7574750830565,0.06294437443613218
-834.7375415282393,0.06171160271728114
-834.717607973422,0.06043014362185683
-834.6976744186047,0.05910204570122104
-834.6777408637874,0.05772950585419462
-834.6578073089702,0.056314882695714774
-834.6378737541528,0.054860712682761846
-834.6179401993356,0.05336972959454492
-834.5980066445184,0.051844888099115916
-834.5780730897011,0.05028939230384143
-834.5581395348838,0.04870673038638558
-834.5382059800664,0.04710071663986492
-834.5182724252493,0.045475542540445245
-834.4983388704319,0.04383583875132634
-834.4784053156147,0.042186750293441495
-834.4584717607974,0.040534027395399394
-834.4385382059801,0.03888413469428309
-834.4186046511629,0.03724438133278359
-834.3986710963455,0.03562307380293154
-834.3787375415284,0.034029691654586414
-834.358803986711,0.03247508268136115
-834.3388704318937,0.030971667849236106
-834.3189368770765,0.029533635659498864
-834.2990033222592,0.02817708943351773
-834.2790697674419,0.026920088629232793
-834.2591362126246,0.025782498979101204
-834.2392026578074,0.024785544081467496
-834.2192691029901,0.02395095022713248
-834.1993355481728,0.023299622117742783
-834.1794019933556,0.022849901756778486
-834.1594684385383,0.022615638551299937
-834.1395348837209,0.022604471398402014
-834.1196013289037,0.022816782471598587
-834.0996677740864,0.02324564343909483
-834.0797342192692,0.02387777133951435
-834.0598006644519,0.024695198511412594
-834.0398671096345,0.025677201353163415
-834.0199335548174,0.02680207404956148
-834.0,0.028048499975179726
-833.9800664451828,0.029396452898101093
-833.9601328903655,0.030827682041763466
-833.9401993355482,0.03232588714119151
-833.9202657807309,0.03387669227480806
-833.9003322259136,0.03546750631093551
-833.8803986710965,0.037087331416109114
-833.8604651162791,0.038726558127934366
-833.8405315614618,0.04037676866553326
-833.8205980066446,0.04203055906744507
-833.8006644518273,0.043681384038491734
-833.78073089701,0.045323424648721
-833.7607973421927,0.04695147715400188
-833.7408637873754,0.04856086043271058
-833.7209302325582,0.05014733936416727
-833.7009966777409,0.05170706161350399
-833.6810631229237,0.053236505562140365
-833.6611295681064,0.054732437438467785
-833.641196013289,0.0561918760110649
-833.6212624584718,0.0576120634850089
-833.6013289036545,0.058990441482679803
-833.5813953488373,0.06032463119316296
-833.56146179402,0.06161241694305029
-833.5415282392026,0.06285173257917763
-833.5215946843855,0.06404065016683129
-833.5016611295681,0.06517737059802484
-833.481727574751,0.06626021577902413
-833.4617940199336,0.06728762212596358
-833.4418604651163,0.06825813514638773
-833.421926910299,0.06917040492396172
-833.4019933554817,0.07002318235579696
-833.3820598006646,0.07081531601804177
-833.3621262458472,0.07154574955688663
-833.3421926910299,0.07221351951972008
-833.3222591362127,0.0728177535557602
-833.3023255813954,0.0733576689273128
-833.2823920265781,0.07383257128319622
-833.2624584717609,0.07424185365381311
-833.2425249169435,0.07458499563482926
-833.2225913621263,0.07486156273212811
-833.202657807309,0.0750712058462095
-833.1827242524918,0.07521366087836957
-833.1627906976745,0.07528874844543842
-833.1428571428571,0.07529637369298782
-833.12292358804,0.07523652620070839
-833.1029900332226,0.07510927997644906
-833.0830564784054,0.07491479353866597
-833.063122923588,0.07465331009001612
-833.0431893687708,0.07432515778794276
-833.0232558139536,0.07393075012133207
-833.0033222591362,0.07347058640602264
-832.983388704319,0.0729452524157192
-832.9634551495017,0.0723554211692905
-832.9435215946844,0.07170185390057668
-832.9235880398671,0.07098540124258411
-832.9036544850499,0.07020700466477388
-832.8837209302326,0.06936769821032915
-832.8637873754153,0.06846861058991507
-832.843853820598,0.06751096769996551
-832.8239202657808,0.06649609564757204
-832.8039867109635,0.06542542438099068
-832.7840531561462,0.06430049204525191
-832.764119601329,0.06312295020777499
-832.7441860465117,0.061894570129465865
-832.7242524916944,0.06061725029488235
-832.704318936877,0.059293025461605336
-832.6843853820599,0.05792407754658196
-832.6644518272426,0.056512748738169465
-832.6445182724253,0.055061557310312516
-832.6245847176081,0.05357321672320599
-832.6046511627907,0.05205065872745709
-832.5847176079735,0.05049706135044492
-832.5647840531561,0.04891588283944162
-832.544850498339,0.047310902868842826
-832.5249169435216,0.04568627259022095
-832.5049833887043,0.04404657540698964
-832.4850498338872,0.042396900672925154
-832.4651162790698,0.040742932803361574
-832.4451827242526,0.03909105846705323
-832.4252491694352,0.03744849444243027
-832.405315614618,0.03582343810712912
-832.3853820598007,0.03422524093815738
-832.3654485049834,0.03266460212911122
-832.3455149501663,0.031153773446363112
-832.3255813953489,0.02970675639071249
-832.3056478405316,0.028339457170034405
-832.2857142857143,0.02706974321483586
-832.2657807308971,0.025917318783559674
-832.2458471760798,0.02490331391455694
-832.2259136212625,0.02404947669277798
-832.2059800664451,0.0233768983772476
-832.186046511628,0.022904307840071355
-832.1661129568107,0.022646143116738484
-832.1461794019934,0.022610786072914352
-832.1262458471762,0.0227994229020987
-832.1063122923588,0.023205876347543022
-832.0863787375416,0.023817463420356382
-832.0664451827242,0.024616611171512794
-832.0465116279071,0.02558278184279402
-832.0265780730897,0.026694280521541897
-832.0066445182724,0.027929677360289312
-831.9867109634553,0.029268759175301837
-831.9667774086379,0.030693054985566542
-831.9468438538207,0.03218603902946969
-831.9269102990033,0.03373312143851283
-831.9069767441861,0.03532151725895901
-831.8870431893688,0.036940058098251134
-831.8671096345515,0.03857898712115903
-831.8471760797343,0.04022976060003663
-831.827242524917,0.041884867570367044
-831.8073089700997,0.043537672029145956
-831.7873754152824,0.045182278112368635
-831.7674418604652,0.04681341665528838
-831.7475083056479,0.048426350673385646
-831.7275747508306,0.05001679708559829
-831.7076411960134,0.05158086211775489
-831.6877076411961,0.05311498809017494
-831.6677740863787,0.05461590960786055
-831.6478405315615,0.05608061748199869
-831.6279069767443,0.05750632899394888
-831.607973421927,0.0588904633578308
-831.5880398671097,0.060230621445099435
-831.5681063122923,0.06152456900645623
-831.5481727574752,0.06277022276776696
-831.5282392026578,0.06396563889184631
-831.5083056478406,0.0651090033916836
-831.4883720930233,0.06619862415648985
-831.468438538206,0.06723292431356082
-831.4485049833888,0.06821043669868561
-831.4285714285714,0.0691297992484236
-831.4086378737543,0.06998975116035461
-831.3887043189369,0.07078912969434596
-831.3687707641196,0.0715268675097721
-831.3488372093024,0.07220199045161482
-831.3289036544851,0.0728136157132393
-831.3089700996678,0.07336095031592786
-831.2890365448505,0.0738432898554522
-831.2691029900333,0.07426001747449272
-831.249169435216,0.07461060302698815
-831.2292358803987,0.07489460240662131
-831.2093023255815,0.07511165701686325
-831.1893687707642,0.07526149336466745
-831.1694352159468,0.07534392276394405
-831.1495016611296,0.07535884113855161
-831.1295681063124,0.07530622891799982
-831.1096345514951,0.07518615102209228
-831.0897009966778,0.07499875693395347
-831.0697674418604,0.07474428086374735
-831.0498338870433,0.07442304200870827
-831.0299003322259,0.0740354449181455
-831.0099667774087,0.07358197997582075
-830.9900332225914,0.07306322401581612
-830.9700996677741,0.07247984109242489
-830.9501661129569,0.07183258342955388
-830.9302325581396,0.07112229258093611
-830.9102990033224,0.07034990083908219
-830.890365448505,0.06951643293890432
-830.8704318936877,0.06862300811148374
-830.8504983388705,0.06767084255472842
-830.8305647840532,0.06666125240138032
-830.8106312292359,0.06559565728145386
-830.7906976744187,0.06447558459640677
-830.7707641196014,0.06330267464687007
-830.7508305647841,0.06207868678613032
-830.7308970099668,0.060805506808464915
-830.7109634551496,0.05948515582735993
-830.6910299003323,0.058119800954655784
-830.6710963455149,0.05671176816136523
-830.6511627906978,0.05526355778668235
-830.6312292358804,0.0537778632672364
-830.6112956810632,0.052257593788616434
-830.5913621262459,0.050705901719816274
-830.5714285714286,0.0491262158830684
-830.5514950166114,0.047522281940971835
-830.531561461794,0.04589821145006671
-830.5116279069769,0.044258541430831175
-830.4916943521595,0.04260830662191106
-830.4717607973422,0.04095312688244386
-830.4518272425249,0.039299312403787895
-830.4318936877077,0.03765398934693328
-830.4119601328905,0.036025247981883834
-830.3920265780731,0.034422313947065755
-830.3720930232558,0.032855740198205134
-830.3521594684386,0.03133761157989428
-830.3322259136213,0.029881744398806857
-830.312292358804,0.02850384845166748
-830.2923588039868,0.02722159781066388
-830.2724252491694,0.026054530700790682
-830.2524916943522,0.025023674565681976
-830.232558139535,0.024150784980602972
-830.2126245847177,0.023457120634434888
-830.1926910299004,0.022961775766601238
-830.172757475083,0.02267975770731666
-830.1528239202659,0.02262017953552575
-830.1328903654485,0.0227850312238519
-830.1129568106313,0.023168898229715563
-830.093023255814,0.023759717592149805
-830.0730897009967,0.024540334063143526
-830.0531561461795,0.02549041663646586
-830.0332225913621,0.026588297164468703
-830.013289036545,0.027812442638987172
-829.9933554817276,0.029142457918096637
-829.9734219269103,0.030559653092043493
-829.953488372093,0.03204727581725501
-829.9335548172758,0.03359051991274255
-829.9136212624586,0.03517640370234592
-829.8936877076412,0.0367935852581989
-829.873754152824,0.03843215757166658
-829.8538205980067,0.04008344845995534
-829.8338870431894,0.04173983777533432
-829.8139534883721,0.04339459694723832
-829.7940199335549,0.04504175160940028
-829.7740863787376,0.04667596586279061
-829.7541528239203,0.048292445763216944
-829.734219269103,0.049886859354381384
-829.7142857142858,0.05145527065904746
-829.6943521594685,0.052994085297517445
-829.6744186046512,0.054500005715254825
-829.654485049834,0.055969994314548854
-829.6345514950166,0.05740124307112648
-829.6146179401994,0.0587911484663692
-829.594684385382,0.06013729077703374
-829.5747508305649,0.0614374169402308
-829.5548172757476,0.06268942635579543
-829.5348837209302,0.0638913591063852
-829.5149501661131,0.06504138617111999
-829.4950166112957,0.06613780128662916
-829.4750830564785,0.06717901417214796
-829.4551495016611,0.06816354488639237
-829.4352159468439,0.06909001912535394
-829.4152823920266,0.06995716430388292
-829.3953488372093,0.070763806291217
-829.3754152823922,0.07150886669328628
-829.3554817275748,0.07219136059280404
-829.3355481727575,0.07281039467347418
-829.3156146179402,0.07336516566706845
-829.295681063123,0.07385495907265653
-829.2757475083057,0.07427914810592208
-829.2558139534884,0.07463719284384468
-829.235880398671,0.07492863953636698
-829.2159468438539,0.07515312006191961
-829.1960132890366,0.07531035150837972
-829.1760797342193,0.07540013586519871
-829.1561461794021,0.07542235981605368
-829.1362126245847,0.07537699462481642
-829.1162790697675,0.07526409611082396
-829.0963455149501,0.07508380471242569
-829.076411960133,0.07483634564095547
-829.0564784053156,0.07452202913025746
-829.0365448504983,0.0741412507901901
-829.0166112956812,0.07369449207605044
-828.9966777408638,0.07318232088961216
-828.9767441860466,0.07260539233189386
-828.9568106312292,0.07196444963253343
-828.936877076412,0.07126032528642591
-828.9169435215947,0.07049394243483917
-828.8970099667774,0.06966631653604641
-828.8770764119603,0.06877855737985566
-828.8571428571429,0.06783187151151912
-828.8372093023256,0.06682756514394426
-828.8172757475083,0.06576704765346626
-828.7973421926911,0.06465183577408065
-828.7774086378738,0.06348355862928345
-828.7574750830565,0.06226396377027162
-828.7375415282393,0.060994924425378676
-828.717607973422,0.05967844821056745
-828.6976744186047,0.05831668760569348
-828.6777408637874,0.05691195256938106
-828.6578073089702,0.055466725749252904
-828.6378737541529,0.05398368084769106
-828.6179401993356,0.052465704830419575
-828.5980066445183,0.050915924820757075
-828.5780730897011,0.04933774071065302
-828.5581395348837,0.04773486474499095
-828.5382059800666,0.04611136959942143
-828.5182724252493,0.04447174676992725
-828.4983388704319,0.04282097741029048
-828.4784053156147,0.04116461805518832
-828.4584717607974,0.039508903880963384
-828.4385382059802,0.03786087214718037
-828.4186046511628,0.036228507992494226
-828.3986710963455,0.03462091342580882
-828.3787375415283,0.03304849751616881
-828.358803986711,0.031523180481989266
-828.3388704318938,0.030058595310566944
-828.3189368770765,0.02867025623804327
-828.2990033222592,0.027375642907620994
-828.2790697674419,0.02619412334605524
-828.2591362126246,0.02514661388398415
-828.2392026578074,0.02425486384016727
-828.2192691029901,0.02354028063178292
-828.1993355481727,0.023022302426231434
-828.1794019933556,0.022716486027160608
-828.1594684385383,0.02263266294669668
-828.139534883721,0.022773625413079125
-828.1196013289037,0.02313473212763386
-828.0996677740864,0.02370455961910646
-828.0797342192692,0.02446639333346405
-828.0598006644518,0.025400130368664064
-828.0398671096347,0.026484145835245745
-828.0199335548173,0.0276968142344186
-828.0,0.02901756393558673
-827.9800664451828,0.030427487692721022
-827.9601328903655,0.0319096056743044
-827.9401993355483,0.033448893100776964
-827.9202657807309,0.03503216868893904
-827.9003322259136,0.03664791397904625
-827.8803986710964,0.03828606895068814
-827.8604651162791,0.039937830413666546
-827.8405315614618,0.04159546681337504
-827.8205980066446,0.04325215511201871
-827.8006644518273,0.04490184083764247
-827.78073089701,0.0465391200131428
-827.7607973421927,0.04815914061245422
-827.7408637873755,0.04975752086792813
-827.7209302325582,0.05133028181788205
-827.7009966777408,0.052873791729009016
-827.6810631229237,0.05438472033900937
-827.6611295681064,0.05586000117964401
-827.6411960132891,0.05729680053071339
-827.6212624584718,0.05869249180935419
-827.6013289036545,0.060044634414678284
-827.5813953488373,0.0613509562274721
-827.5614617940199,0.06260933911231298
-827.5415282392028,0.0638178068903353
-827.5215946843854,0.064974515348842
-827.5016611295681,0.0660777439336286
-827.481727574751,0.06712588883427367
-827.4617940199336,0.06811745722500002
-827.4418604651164,0.06905106246595036
-827.421926910299,0.06992542010434392
-827.4019933554817,0.07073934454292782
-827.3820598006645,0.07149174626618186
-827.3621262458472,0.07218162953346736
-827.3421926910299,0.07280809046381316
-827.3222591362127,0.07337031544991506
-827.3023255813954,0.0738675798494759
-827.2823920265781,0.07429924691093136
-827.2624584717609,0.07466476689814583
-827.2425249169436,0.07496367638491802
-827.2225913621263,0.07519559769576274
-827.2026578073089,0.075360238473934
-827.1827242524918,0.0754573913620833
-827.1627906976744,0.07548693378444195
-827.1428571428572,0.07544882782304795
-827.12292358804,0.07534312018353534
-827.1029900332226,0.07516994224931212
-827.0830564784054,0.07492951022576344
-827.063122923588,0.0746221253794063
-827.0431893687709,0.0742481743799874
-827.0232558139535,0.07380812975713948
-827.0033222591362,0.07330255048684094
-826.9833887043189,0.07273208272729849
-826.9634551495017,0.07209746072865152
-826.9435215946845,0.07139950794645746
-826.9235880398671,0.07063913839547695
-826.9036544850499,0.06981735828791635
-826.8837209302326,0.06893526800947272
-826.8637873754153,0.06799406449734197
-826.843853820598,0.06699504409779236
-826.8239202657808,0.06593960599645363
-826.8039867109635,0.06482925633425314
-826.7840531561462,0.06366561314525454
-826.764119601329,0.06245041228185877
-826.7441860465117,0.06118551452815876
-826.7242524916944,0.05987291414614137
-826.7043189368771,0.05851474915325573
-826.6843853820599,0.05711331369647571
-826.6644518272425,0.05567107297005063
-826.6445182724253,0.05419068122545668
-826.6245847176081,0.05267500354650563
-826.6046511627908,0.05112714221497122
-826.5847176079735,0.04955046867683176
-826.5647840531561,0.04794866234081466
-826.544850498339,0.04632575770074069
-826.5249169435216,0.0446862015685214
-826.5049833887044,0.043034922521975306
-826.485049833887,0.04137741497823604
-826.4651162790698,0.0397198405328112
-826.4451827242526,0.03806914922930418
-826.4252491694352,0.03643322302075372
-826.4053156146181,0.03482104246964704
-826.3853820598007,0.03324287509665507
-826.3654485049834,0.03171047880362412
-826.3455149501661,0.03023730519519599
-826.3255813953489,0.028838673935819292
-826.3056478405316,0.027531869416138447
-826.2857142857143,0.02633608568000558
-826.2657807308971,0.025272119932558772
-826.2458471760798,0.024361702048087148
-826.2259136212625,0.023626369920255658
-826.2059800664452,0.023085884315328046
-826.186046511628,0.02275633126214083
-826.1661129568106,0.022648246947171817
-826.1461794019934,0.022765223053959994
-826.126245847176,0.023103400908906817
-826.1063122923589,0.023652015335255135
-826.0863787375416,0.024394815412666124
-826.0664451827242,0.025311948106601208
-826.0465116279071,0.026381848903460615
-826.0265780730897,0.02758281110394748
-826.0066445182725,0.028894092551870088
-825.9867109634552,0.030296570591170947
-825.9667774086379,0.031773037188719384
-825.9468438538206,0.03330824676847495
-825.9269102990033,0.034888815576334775
-825.9069767441862,0.03650304560624892
-825.8870431893688,0.03814072095069524
-825.8671096345515,0.03979290481593296
-825.8471760797343,0.041451751972851156
-825.827242524917,0.04311034297605676
-825.8073089700997,0.0447625416086173
-825.7873754152824,0.0464028744407366
-825.7674418604652,0.04802643021623496
-825.7475083056479,0.04962877639825294
-825.7275747508306,0.05120589024115561
-825.7076411960134,0.052754101989485144
-825.6877076411961,0.05427004811246919
-825.6677740863788,0.05575063279941239
-825.6478405315615,0.057192996235291775
-825.6279069767442,0.05859448843429607
-825.607973421927,0.05995264762890825
-825.5880398671096,0.06126518239578914
-825.5681063122925,0.06252995685065309
-825.5481727574752,0.06374497836806652
-825.5282392026578,0.06490838738237256
-825.5083056478406,0.06601844890751185
-825.4883720930233,0.06707354547940889
-825.4684385382061,0.06807217127822585
-825.4485049833887,0.06901292723105096
-825.4285714285714,0.06989451693090414
-825.4086378737543,0.07071574323665561
-825.3887043189369,0.07147550544194607
-825.3687707641197,0.07217279692038481
-825.3488372093024,0.07280670317015062
-825.3289036544851,0.0733764001941915
-825.3089700996678,0.07388115316314227
-825.2890365448505,0.07432031531698698
-825.2691029900333,0.07469332706936553
-825.249169435216,0.07499971528464876
-825.2292358803987,0.07523909270369666
-825.2093023255815,0.07541115749878075
-825.1893687707642,0.07551569294259651
-825.1694352159469,0.07555256717989838
-825.1495016611296,0.07552173309386823
-825.1295681063123,0.07542322826248168
-825.1096345514951,0.07525717500324956
-825.0897009966777,0.07502378050773495
-825.0697674418606,0.07472333707040352
-825.0498338870433,0.07435622241946704
-825.0299003322259,0.07392290016091356
-825.0099667774087,0.07342392035059635
-824.9900332225914,0.07285992021354235
-824.9700996677742,0.07223162503427878
-824.9501661129568,0.0715398492476085
-824.9302325581396,0.07078549776554019
-824.9102990033223,0.06996956758374138
-824.890365448505,0.06909314971980102
-824.8704318936879,0.06815743154628033
-824.8504983388705,0.06716369959458578
-824.8305647840532,0.06611334292113158
-824.8106312292359,0.0650078571464638
-824.7906976744187,0.06384884930097907
-824.7707641196014,0.06263804363936992
-824.7508305647841,0.0613772886206375
-824.7308970099667,0.06006856529337136
-824.7109634551496,0.058713997378713884
-824.6910299003323,0.05731586340860229
-824.671096345515,0.055876611357206174
-824.6511627906978,0.054398876302602144
-824.6312292358804,0.05288550177762893
-824.6112956810632,0.051339565618187956
-824.5913621262458,0.04976441129846917
-824.5714285714287,0.04816368596031221
-824.5514950166113,0.04654138660003683
-824.531561461794,0.04490191616825248
-824.5116279069769,0.04325015165480125
-824.4916943521595,0.041591526541759856
-824.4717607973423,0.039932130250255
-824.4518272425249,0.03827882726312175
-824.4318936877077,0.03663939826287073
-824.4119601328904,0.03502270452211284
-824.3920265780731,0.03343887433676869
-824.3720930232558,0.031899505612238116
-824.3521594684386,0.030417870563022986
-824.3322259136213,0.029009095399687972
-824.312292358804,0.027690268670978603
-824.2923588039868,0.026480407018780214
-824.2724252491695,0.025400181004551044
-824.2524916943522,0.024471288429155538
-824.2325581395348,0.023715379881852516
-824.2126245847177,0.02315251755497111
-824.1926910299004,0.022799296087682976
-824.1727574750831,0.022666941652335588
-824.1528239202659,0.02275984132134978
-824.1328903654485,0.023074927243618943
-824.1129568106313,0.023602110622181104
-824.0930232558139,0.024325626997471886
-824.0730897009968,0.02522589534113069
-824.0531561461794,0.026281429249222773
-824.0332225913621,0.027470452741956433
-824.013289036545,0.028772059611813883
-823.9933554817276,0.03016691407007994
-823.9734219269104,0.031637579374229556
-823.953488372093,0.03316858705106493
-823.9335548172758,0.034746348037858976
-823.9136212624585,0.03635898175263089
-823.8936877076412,0.03799611348950126
-823.873754152824,0.03964867021119765
-823.8538205980067,0.04130869070196812
-823.8338870431894,0.04296915712716309
-823.8139534883721,0.04462384984895101
-823.7940199335549,0.04626722457869374
-823.7740863787376,0.04789430965523014
-823.7541528239203,0.04950062079230531
-823.734219269103,0.05108209064231681
-823.7142857142858,0.05263501074371575
-823.6943521594684,0.054155983723806346
-823.6744186046512,0.05564188394692296
-823.654485049834,0.0570898250955257
-823.6345514950167,0.05849713343478764
-823.6146179401994,0.059861325735403516
-823.594684385382,0.06118009101688129
-823.5747508305649,0.06245127542804146
-823.5548172757475,0.06367286970805414
-823.5348837209303,0.06484299877390644
-823.514950166113,0.06595991306383561
-823.4950166112957,0.06702198133363498
-823.4750830564785,0.06802768465769013
-823.4551495016611,0.06897561143089544
-823.435215946844,0.06986445320378298
-823.4152823920266,0.07069300121238903
-823.3953488372093,0.07146014348870697
-823.375415282392,0.07216486245691248
-823.3554817275748,0.07280623293695582
-823.3355481727575,0.07338342049026311
-823.3156146179402,0.07389568005363577
-823.295681063123,0.07434235481641265
-823.2757475083057,0.0747228753039778
-823.2558139534884,0.07503675863709233
-823.2358803986712,0.07528360794236974
-823.2159468438539,0.07546311189388373
-823.1960132890365,0.07557504437042138
-823.1760797342193,0.07561926421641298
-823.156146179402,0.07559571509842335
-823.1362126245848,0.07550442545201004
-823.1162790697675,0.07534550851708184
-823.0963455149501,0.07511916246272653
-823.076411960133,0.07482567060587729
-823.0564784053156,0.07446540173100324
-823.0365448504984,0.07403881052165472
-823.0166112956811,0.07354643811844219
-822.9966777408638,0.072988912821998
-822.9767441860466,0.07236695096424355
-822.9568106312292,0.07168135797690446
-822.9368770764121,0.07093302969200355
-822.9169435215947,0.07012295391716467
-822.8970099667774,0.0692522123367734
-822.8770764119602,0.06832198280092378
-822.8571428571429,0.06733354207660541
-822.8372093023256,0.06628826915102204
-822.8172757475083,0.06518764919534807
-822.7973421926911,0.06403327832016992
-822.7774086378738,0.06282686928138724
-822.7574750830565,0.0615702583295672
-822.7375415282393,0.06026541343754423
-822.717607973422,0.05891444419283457
-822.6976744186047,0.05751961370493927
-822.6777408637874,0.056083352956432436
-822.6578073089701,0.054608278123778595
-822.6378737541529,0.05309721151294982
-822.6179401993356,0.05155320690138712
-822.5980066445184,0.0499795802557063
-822.5780730897011,0.0483799470081693
-822.5581395348837,0.04675826732749494
-822.5382059800666,0.045118901108466516
-822.5182724252492,0.04346667472047668
-822.498338870432,0.04180696186903775
-822.4784053156146,0.040145781179997515
-822.4584717607974,0.03848991320066928
-822.4385382059802,0.03684703922751629
-822.4186046511628,0.03522590337260358
-822.3986710963457,0.03363649701447539
-822.3787375415283,0.03209026038936151
-822.358803986711,0.03060028836415978
-822.3388704318937,0.029181514933185312
-822.3189368770765,0.02785083243566501
-822.2990033222592,0.02662707704353644
-822.2790697674419,0.02553078563872871
-822.2591362126246,0.024583611877172562
-822.2392026578074,0.023807301752365232
-822.2192691029901,0.023222197909924632
-822.1993355481728,0.022845382677842814
-822.1794019933556,0.022688756647901716
-822.1594684385382,0.022757496964402612
-822.139534883721,0.02304933358139863
-822.1196013289036,0.023554871386407245
-822.0996677740865,0.02425885503384755
-822.0797342192692,0.025141997976996566
-822.0598006644518,0.02618291026035391
-822.0398671096347,0.027359759182305567
-822.0199335548173,0.028651481486740106
-822.0000000000001,0.030038530898411877
-821.9800664451827,0.03150324167759289
-821.9601328903655,0.03302992046008152
-821.9401993355483,0.03460477006869612
-821.9202657807309,0.0362157243036166
-821.9003322259138,0.03785224671455922
-821.8803986710964,0.03950512533697798
-821.8604651162791,0.04116628061146515
-821.8405315614618,0.04282859429042395
-821.8205980066446,0.044485761601866465
-821.8006644518273,0.04613216595994506
-821.78073089701,0.04776277409634331
-821.7607973421927,0.049373048972419814
-821.7408637873755,0.050958877801565584
-821.7209302325582,0.05251651271643198
-821.7009966777409,0.05404252191591713
-821.6810631229237,0.055533749445997795
-821.6611295681063,0.05698728206989946
-821.6411960132891,0.05840042195018609
-821.6212624584717,0.05977066409427241
-821.6013289036546,0.061095677706140133
-821.5813953488373,0.062373290745195334
-821.5614617940199,0.0636014771224829
-821.5415282392028,0.064778346069929
-821.5215946843854,0.06590213330334074
-821.5016611295682,0.06697119366936448
-821.4817275747508,0.06798399502268264
-821.4617940199336,0.06893911312493457
-821.4418604651163,0.06983522739407493
-821.421926910299,0.07067111736279308
-821.4019933554819,0.07144565972917331
-821.3820598006645,0.07215782590299086
-821.3621262458472,0.07280667996734062
-821.3421926910299,0.07339137698924372
-821.3222591362127,0.07391116162383966
-821.3023255813954,0.0743653669666394
-821.2823920265781,0.07475341361578614
-821.2624584717607,0.07507480891333491
-821.2425249169436,0.07532914634019862
-821.2225913621263,0.07551610504422139
-821.202657807309,0.07563544948547625
-821.1827242524918,0.07568702918645792
-821.1627906976744,0.07567077857853739
-821.1428571428572,0.07558671693935333
-821.1229235880398,0.07543494841869422
-821.1029900332227,0.07521566215379528
-821.0830564784053,0.07492913247779441
-821.063122923588,0.07457571922839663
-821.0431893687709,0.07415586816717973
-821.0232558139535,0.07367011152355869
-821.0033222591363,0.07311906868169872
-820.9833887043189,0.07250344703310467
-820.9634551495017,0.07182404302312516
-820.9435215946844,0.0710817434256383
-820.9235880398671,0.07027752688768144
-820.9036544850499,0.06941246579423589
-820.8837209302326,0.06848772851386312
-820.8637873754153,0.06750458209830172
-820.843853820598,0.06646439552402571
-820.8239202657808,0.06536864358222129
-820.8039867109635,0.06421891154566119
-820.7840531561462,0.06301690076821712
-820.764119601329,0.061764435406200406
-820.7441860465117,0.06046347049152255
-820.7242524916944,0.05911610163737625
-820.7043189368771,0.057724576719446585
-820.6843853820599,0.05629130995254845
-820.6644518272426,0.05481889887772623
-820.6445182724253,0.05331014489143017
-820.624584717608,0.05176807809203562
-820.6046511627908,0.05019598739307842
-820.5847176079734,0.04859745706281656
-820.5647840531562,0.04697641109814613
-820.544850498339,0.04533716712663501
-820.5249169435216,0.043684501844601584
-820.5049833887044,0.042023730316054456
-820.485049833887,0.04036080172369126
-820.4651162790699,0.038702414274880304
-820.4451827242525,0.03705615173396092
-820.4252491694352,0.035430643154106295
-820.405315614618,0.03383574528607207
-820.3853820598007,0.032282743028288145
-820.3654485049835,0.030784555987078157
-820.3455149501661,0.02935592728929109
-820.3255813953489,0.02801355290651316
-820.3056478405316,0.02677608580949885
-820.2857142857143,0.02566392263446598
-820.2657807308971,0.024698661375299934
-820.2458471760798,0.023902126644173082
-820.2259136212624,0.02329492080835139
-820.2059800664452,0.022894592715686977
-820.186046511628,0.022713700987022252
-820.1661129568107,0.02275820629122003
-820.1461794019934,0.02302664212885976
-820.126245847176,0.0235103235364654
-820.1063122923589,0.02419452669911858
-820.0863787375415,0.025060282322318852
-820.0664451827244,0.026086315829059188
-820.046511627907,0.027250751000468303
-820.0265780730897,0.028532375079894933
-820.0066445182725,0.02991143433848906
-819.9867109634552,0.03137003398607256
-819.966777408638,0.032892253890496846
-819.9468438538206,0.03446408599218391
-819.9269102990033,0.0360732754225559
-819.9069767441861,0.03770912100733738
-819.8870431893688,0.03936226912740118
-819.8671096345515,0.04102451947736321
-819.8471760797343,0.04268865133031082
-819.827242524917,0.044348273028751786
-819.8073089700997,0.04599769421833062
-819.7873754152824,0.047631818793479254
-819.7674418604652,0.049246055936781385
-819.7475083056479,0.05083624656608899
-819.7275747508306,0.05239860269240886
-819.7076411960134,0.053929657486326714
-819.687707641196,0.05542622417100228
-819.6677740863788,0.05688536216443321
-819.6478405315615,0.05830434916527122
-819.6279069767443,0.059680658109687236
-819.607973421927,0.06101193812232586
-819.5880398671096,0.06229599874596828
-819.5681063122925,0.0635307968669144
-819.5481727574751,0.06471442586089422
-819.5282392026579,0.06584510657160293
-819.5083056478406,0.06692117980502359
-819.4883720930233,0.06794110007992589
-819.4684385382061,0.06890343042159315
-819.4485049833887,0.06980683802358516
-819.4285714285716,0.07065009063308775
-819.4086378737542,0.07143205354059214
-819.3887043189369,0.07215168707512543
-819.3687707641196,0.07280804452312938
-819.3488372093024,0.07340027040311761
-819.3289036544852,0.07392759903973685
-819.3089700996678,0.07438935339044846
-819.2890365448505,0.07478494408621238
-819.2691029900333,0.07511386865439153
-819.249169435216,0.07537571089783968
-819.2292358803987,0.07557014040929148
-819.2093023255815,0.0756969122045137
-819.1893687707641,0.07575586646160884
-819.1694352159469,0.07574692835743554
-819.1495016611296,0.07567010799537587
-819.1295681063124,0.0755255004218792
-819.1096345514951,0.07531328573212093
-819.0897009966777,0.07503372926841874
-819.0697674418606,0.07468718191795959
-819.0498338870432,0.07427408051996186
-819.029900332226,0.07379494839589959
-819.0099667774086,0.07325039602059474
-818.9900332225914,0.07264112185639895
-818.9700996677742,0.07196791337813899
-818.9501661129568,0.07123164832239873
-818.9302325581397,0.07043329620206712
-818.9102990033223,0.06957392013540174
-818.890365448505,0.06865467904922429
-818.8704318936877,0.06767683032781945
-818.8504983388705,0.0666417329940071
-818.8305647840532,0.06555085152671893
-818.8106312292359,0.06440576044104344
-818.7906976744187,0.06320814978353367
-818.7707641196014,0.061959831728008403
-818.7508305647841,0.060662748497428025
-818.7308970099668,0.059318981886715
-818.7109634551496,0.05793076472249459
-818.6910299003322,0.05650049467105701
-818.671096345515,0.055030750898718284
-818.6511627906976,0.053524314203253126
-818.6312292358805,0.05198419137541754
-818.6112956810632,0.05041364472066405
-818.5913621262458,0.04881622787737274
-818.5714285714287,0.04719582931261125
-818.5514950166113,0.04555672515877423
-818.5315614617941,0.043903643366858675
-818.5116279069767,0.042241841471237315
-818.4916943521595,0.04057720053717102
-818.4717607973423,0.038916337998325355
-818.4518272425249,0.0372667419103141
-818.4318936877078,0.03563692834096042
-818.4119601328904,0.03403662168369699
-818.3920265780731,0.03247695383171225
-818.3720930232558,0.030970671257091575
-818.3521594684386,0.02953232767074496
-818.3322259136213,0.02817842271629925
-818.312292358804,0.026927423754427304
-818.2923588039868,0.02579958106615864
-818.2724252491695,0.024816426016061415
-818.2524916943522,0.023999845568980705
-818.232558139535,0.023370681362041863
-818.2126245847177,0.022946927404788674
-818.1926910299003,0.02274178318874429
-818.1727574750831,0.022761985154529894
-818.1528239202657,0.023006874827340516
-818.1328903654486,0.023468492959583042
-818.1129568106313,0.024132669383255534
-818.0930232558139,0.024980775077264133
-818.0730897009968,0.025991670347943904
-818.0531561461794,0.02714344931518579
-818.0332225913622,0.028414757831765457
-818.0132890365448,0.029785638153115558
-817.9933554817276,0.031237966634993883
-817.9734219269103,0.03275559462787046
-817.953488372093,0.03432430046625328
-817.9335548172759,0.03593163755620489
-817.9136212624585,0.037566736987855585
-817.8936877076412,0.03922010071683788
-817.873754152824,0.04088340524381367
-817.8538205980067,0.04254932525285867
-817.8338870431894,0.04421138041078066
-817.8139534883721,0.045863805089766174
-817.7940199335549,0.04750143908833391
-817.7740863787376,0.04911963675988619
-817.7541528239203,0.050714191850297304
-817.734219269103,0.05228127551649373
-817.7142857142858,0.05381738528712002
-817.6943521594685,0.05531930304665467
-817.6744186046512,0.056784060432420784
-817.6544850498339,0.058208910309931694
-817.6345514950167,0.059591303229535944
-817.6146179401993,0.06092886796712289
-817.5946843853822,0.06221939541694504
-817.5747508305649,0.06346082523986692
-817.5548172757475,0.06465123478081847
-817.5348837209303,0.06578882985874623
-817.514950166113,0.06687193710477021
-817.4950166112958,0.06789899758327864
-817.4750830564784,0.06886856147806963
-817.4551495016611,0.06977928366465347
-817.4352159468439,0.07062992002095053
-817.4152823920266,0.07141932435467335
-817.3953488372094,0.07214644584640985
-817.375415282392,0.0728103269248669
-817.3554817275748,0.07341010150486985
-817.3355481727575,0.07394499353058959
-817.3156146179402,0.07441431577620945
-817.295681063123,0.07481746886462415
-817.2757475083057,0.07515394047155655
-817.2558139534884,0.0754233046886029
-817.2358803986712,0.0756252215236312
-817.2159468438539,0.07575943652167541
-817.1960132890366,0.0758257804932125
-817.1760797342193,0.07582416934042173
-817.156146179402,0.07575460397538321
-817.1362126245848,0.07561717032714389
-817.1162790697674,0.07541203943788903
-817.0963455149503,0.07513946765129977
-817.076411960133,0.07479979689949895
-817.0564784053156,0.07439345509819138
-817.0365448504984,0.07392095666334939
-817.0166112956811,0.07338290316672229
-816.9966777408639,0.07277998415192369
-816.9767441860465,0.0721129781382159
-816.9568106312292,0.07138275384477871
-816.936877076412,0.07059027167577123
-816.9169435215947,0.06973658551435456
-816.8970099667775,0.06882284488417555
-816.8770764119602,0.06785029754857926
-816.8571428571429,0.06682029263237735
-816.8372093023256,0.06573428436837014
-816.8172757475083,0.06459383659232026
-816.7973421926911,0.0634006281360456
-816.7774086378738,0.0621564593002818
-816.7574750830565,0.06086325962827496
-816.7375415282393,0.059523097249491036
-816.717607973422,0.05813819012247814
-816.6976744186047,0.05671091957970511
-816.6777408637874,0.05524384666812333
-816.6578073089702,0.05373973189122596
-816.6378737541529,0.052201559095913994
-816.6179401993355,0.05063256441525881
-816.5980066445184,0.04903627138067054
-816.578073089701,0.04741653355789547
-816.5581395348838,0.045777586339992224
-816.5382059800666,0.044124109841108816
-816.5182724252492,0.04246130515524876
-816.498338870432,0.04079498652982557
-816.4784053156146,0.03913169216205565
-816.4584717607975,0.03747881619186315
-816.4385382059801,0.035844763746761765
-816.4186046511628,0.03423912911295925
-816.3986710963455,0.03267289350945195
-816.3787375415283,0.031158632434777712
-816.3588039867111,0.029710711730283203
-816.3388704318937,0.02834543493756657
-816.3189368770765,0.027081081706649555
-816.2990033222592,0.02593775029704386
-816.2790697674419,0.024936895020832156
-816.2591362126246,0.024100449460556044
-816.2392026578074,0.023449474387341206
-816.21926910299,0.023002387481954777
-816.1993355481728,0.022773011237922768
-816.1794019933556,0.02276884893849576
-816.1594684385383,0.022990053331166313
-816.139534883721,0.023429405498240432
-816.1196013289036,0.024073310669624697
-816.0996677740865,0.02490350332200081
-816.0797342192691,0.025898998705418647
-816.0598006644519,0.027037875789843246
-816.0398671096347,0.028298647725255803
-816.0199335548173,0.02966115661266904
-816.0000000000001,0.03110705041544621
-815.9800664451827,0.032619950355766265
-815.9601328903656,0.03418541849004037
-815.9401993355482,0.03579081344042819
-815.9202657807309,0.037425095519381446
-815.9003322259136,0.039078619443718945
-815.8803986710964,0.040742936026102544
-815.8604651162792,0.04241061320795391
-815.8405315614618,0.04407508015062692
-815.8205980066446,0.04573049441349672
-815.8006644518273,0.047371630411245126
-815.78073089701,0.04899378659315494
-815.7607973421927,0.050592708636175605
-815.7408637873755,0.0521645260937614
-815.7209302325581,0.05370570022492217
-815.7009966777409,0.05521298104790048
-815.6810631229237,0.056683371974208925
-815.6611295681064,0.058114100658902684
-815.6411960132891,0.05950259494510391
-815.6212624584717,0.06084646298485447
-815.6013289036546,0.06214347678712112
-815.5813953488372,0.06339155858250065
-815.56146179402,0.06458876950701947
-815.5415282392026,0.0657333001991145
-815.5215946843854,0.06682346297823308
-815.5016611295682,0.06785768533352915
-815.4817275747508,0.06883450450015527
-815.4617940199337,0.06975256294004636
-815.4418604651163,0.07061060457643822
-815.421926910299,0.07140747165756954
-815.4019933554817,0.07214210214654472
-815.3820598006645,0.07281352755198824
-815.3621262458472,0.07342087112865453
-815.3421926910299,0.07396334638916748
-815.3222591362127,0.07444025587819662
-815.3023255813954,0.07485099016868454
-815.2823920265781,0.07519502704687549
-815.2624584717609,0.07547193085897304
-815.2425249169436,0.0756813519973903
-815.2225913621262,0.075823026509159
-815.202657807309,0.07589677581306618
-815.1827242524917,0.07590250651569824
-815.1627906976745,0.07584021031993861
-815.1428571428572,0.07570996402264886
-815.1229235880398,0.07551192960128064
-815.1029900332227,0.07524635439231651
-815.0830564784053,0.0749135713674604
-815.0631229235881,0.07451399951696827
-815.0431893687708,0.074048144352947
-815.0232558139535,0.073516598549506
-815.0033222591363,0.07292004274110561
-814.9833887043189,0.07225924650544055
-814.9634551495018,0.07153506956327726
-814.9435215946844,0.07074846323446005
-814.9235880398671,0.06990047219757414
-814.9036544850499,0.06899223661049249
-814.8837209302326,0.06802499466089217
-814.8637873754153,0.06700008562976767
-814.843853820598,0.06591895356833195
-814.8239202657808,0.06478315170959327
-814.8039867109635,0.06359434776121764
-814.7840531561462,0.06235433025791256
-814.764119601329,0.061065016189745344
-814.7441860465117,0.05972846017037954
-814.7242524916944,0.058346865467525384
-814.7043189368771,0.05692259729016885
-814.6843853820598,0.05545819881600371
-814.6644518272426,0.05395641055235213
-814.6445182724253,0.05242019375848293
-814.6245847176081,0.05085275882169304
-814.6046511627908,0.049257599678388844
-814.5847176079734,0.047638535608267696
-814.5647840531562,0.04599976200510714
-814.5448504983389,0.04434591203576205
-814.5249169435217,0.0426821314209121
-814.5049833887043,0.04101416886405171
-814.485049833887,0.03934848483460656
-814.4651162790699,0.03769238131956559
-814.4451827242525,0.036054154522365926
-814.4252491694353,0.034443270850630606
-814.405315614618,0.03287056317617282
-814.3853820598007,0.03134843821439146
-814.3654485049834,0.029891075570653836
-814.3455149501661,0.028514583085668177
-814.3255813953489,0.027237050892576928
-814.3056478405316,0.02607841999250046
-814.2857142857143,0.02506005775892801
-814.2657807308971,0.024203929197389368
-814.2458471760798,0.023531294426511716
-814.2259136212625,0.023060973231029687
-814.2059800664452,0.02280739258647345
-814.1860465116279,0.022778812546692975
-814.1661129568107,0.022976198986394438
-814.1461794019933,0.023393086926460777
-814.1262458471762,0.02401647831502157
-814.1063122923589,0.02482849450388271
-814.0863787375415,0.025808326280393572
-814.0664451827244,0.026934052633270943
-814.046511627907,0.028184063290564422
-814.0265780730898,0.029538004502125025
-814.0066445182724,0.03097729658194725
-813.9867109634552,0.03248532916321261
-813.9667774086379,0.03404744541061563
-813.9468438538206,0.035650806105955744
-813.9269102990035,0.0372841977132535
-813.9069767441861,0.03893782485437105
-813.8870431893688,0.04060311011368843
-813.8671096345515,0.04227251249171866
-813.8471760797343,0.04393936877425843
-813.827242524917,0.045597758133395595
-813.8073089700997,0.04724238828208522
-813.7873754152824,0.04886850066543459
-813.7674418604652,0.050471791973542256
-813.7475083056479,0.05204834938960205
-813.7275747508306,0.053594597260832766
-813.7076411960134,0.05510725319975278
-813.6877076411961,0.05658329193696036
-813.6677740863788,0.05801991553142654
-813.6478405315614,0.05941452879073772
-813.6279069767443,0.06076471896211187
-813.607973421927,0.062068238927528066
-813.5880398671097,0.06332299327827337
-813.5681063122925,0.06452702675971586
-813.5481727574751,0.065678514670962
-813.5282392026579,0.06677575488019843
-813.5083056478405,0.06781716117814775
-813.4883720930234,0.06880125774200437
-813.468438538206,0.06972667452276538
-813.4485049833887,0.07059214340186232
-813.4285714285716,0.07139649498982754
-813.4086378737542,0.07213865596183655
-813.388704318937,0.07281764684281972
-813.3687707641196,0.07343258016986862
-813.3488372093024,0.07398265897191335
-813.3289036544851,0.07446717551680743
-813.3089700996678,0.07488551028467211
-813.2890365448505,0.07523713113348231
-813.2691029900333,0.07552159262903947
-813.249169435216,0.07573853551681754
-813.2292358803987,0.07588768631775995
-813.2093023255815,0.07596885703408658
-813.1893687707642,0.07598194495504161
-813.1694352159469,0.07592693255566763
-813.1495016611295,0.07580388748504464
-813.1295681063124,0.07561296264339586
-813.109634551495,0.07535439635064077
-813.0897009966778,0.07502851261195397
-813.0697674418606,0.07463572148940968
-813.0498338870432,0.07417651959205705
-813.029900332226,0.07365149070100806
-813.0099667774086,0.0730613065502392
-812.9900332225915,0.07240672778905859
-812.9700996677741,0.07168860515781394
-812.9501661129568,0.07090788091545636
-812.9302325581396,0.07006559056544047
-812.9102990033223,0.06916286493614852
-812.8903654485051,0.06820093268355032
-812.8704318936877,0.06718112329762606
-812.8504983388705,0.06610487071102644
-812.8305647840532,0.06497371762876974
-812.8106312292359,0.06378932072297425
-812.7906976744187,0.06255345686708245
-812.7707641196014,0.06126803062185429
-812.750830564784,0.059935083231716445
-812.7308970099668,0.05855680344715779
-812.7109634551496,0.057135540559674375
-812.6910299003323,0.05567382012267727
-812.671096345515,0.054174362939302646
-812.6511627906976,0.052640108030019415
-812.6312292358805,0.05107424045407496
-812.6112956810631,0.049480225054104696
-812.5913621262459,0.04786184742617608
-812.5714285714287,0.04622326368927239
-812.5514950166113,0.04456906093406908
-812.5315614617941,0.042904330553123975
-812.5116279069767,0.0412347569547873
-812.4916943521596,0.039566724361004314
-812.4717607973422,0.03790744433853674
-812.4518272425249,0.036265106153952495
-812.4318936877077,0.03464905054238661
-812.4119601328904,0.03306996434911737
-812.3920265780732,0.0315400877221758
-812.3720930232558,0.030073415744446372
-812.3521594684386,0.02868586112140181
-812.3322259136213,0.027395322943721358
-812.312292358804,0.026221580132713806
-812.2923588039868,0.025185903766095984
-812.2724252491695,0.024310275625107094
-812.2524916943521,0.023616135769506
-812.232558139535,0.02312268449777274
-812.2126245847177,0.02284493415606166
-812.1926910299004,0.022791890391288493
-812.1727574750831,0.02296533281019104
-812.1528239202657,0.023359562926056322
-812.1328903654486,0.023962200229105272
-812.1129568106312,0.024755776423813085
-812.093023255814,0.02571967893636064
-812.0730897009967,0.02683200260020234
-812.0531561461794,0.02807102360990306
-812.0332225913622,0.02941619712808061
-812.0132890365448,0.03084871686029979
-811.9933554817277,0.03235173955235142
-811.9734219269103,0.03391038692993411
-811.953488372093,0.03551161888439989
-811.9335548172758,0.037144044933852614
-811.9136212624585,0.03879771670711664
-811.8936877076412,0.04046392597345685
-811.873754152824,0.04213502054899101
-811.8538205980067,0.0438042429327995
-811.8338870431894,0.045465592299314565
-811.8139534883721,0.047113708311267995
-811.7940199335549,0.0487437742837051
-811.7740863787376,0.05035143698050316
-811.7541528239203,0.05193274042992643
-811.734219269103,0.053484071410498595
-811.7142857142857,0.05500211457720622
-811.6943521594685,0.05648381551446099
-811.6744186046512,0.057926350291033615
-811.654485049834,0.05932710034354709
-811.6345514950167,0.06068363172743065
-811.6146179401993,0.06199367795089496
-811.5946843853822,0.06325512575258975
-811.5747508305648,0.06446600330177998
-811.5548172757476,0.06562447039617585
-811.5348837209303,0.06672881031039807
-811.514950166113,0.06777742301107637
-811.4950166112958,0.06876881950601554
-811.4750830564784,0.06970161713597009
-811.4551495016613,0.07057453565172911
-811.4352159468439,0.07138639394637179
-811.4152823920266,0.07213610733526389
-811.3953488372093,0.07282268529471583
-811.375415282392,0.07344522958539312
-811.3554817275749,0.07400293269922441
-811.3355481727575,0.07449507657890535
-811.3156146179402,0.0749210315678734
-811.295681063123,0.07528025555608527
-811.2757475083057,0.07557229329301972
-811.2558139534884,0.07579677584488646
-811.2358803986712,0.07595342017756972
-811.2159468438538,0.07604202885102948
-811.1960132890366,0.0760624898146237
-811.1760797342193,0.07601477629611159
-811.1561461794021,0.07589894678041254
-811.1362126245848,0.07571514507724482
-811.1162790697674,0.07546360047982557
-811.0963455149503,0.07514462801991316
-811.0764119601329,0.0747586288278502
-811.0564784053157,0.07430609060965844
-811.0365448504983,0.07378758825723652
-811.0166112956811,0.07320378461193722
-810.9966777408639,0.07255543140691431
-810.9767441860465,0.07184337041919273
-810.9568106312294,0.07106853486926168
-810.936877076412,0.07023195111384606
-810.9169435215947,0.06933474068693428
-810.8970099667774,0.06837812275550034
-810.8770764119602,0.0673634170699763
-810.8571428571429,0.06629204750587743
-810.8372093023256,0.06516554631332358
-810.8172757475083,0.06398555921549413
-810.7973421926911,0.06275385152707413
-810.7774086378738,0.06147231550080579
-810.7574750830565,0.060142979155373706
-810.7375415282393,0.058768016894091536
-810.717607973422,0.05734976229276209
-810.6976744186047,0.055890723520443074
-810.6777408637873,0.054393601962054644
-810.6578073089702,0.05286131474089
-810.6378737541529,0.051297021997180364
-810.6179401993356,0.049704159970576534
-810.5980066445184,0.04808648116325441
-810.578073089701,0.046448103128772046
-810.5581395348838,0.044793567734588514
-810.5382059800664,0.043127913069010565
-810.5182724252493,0.04145676046916632
-810.4983388704319,0.03978641936197276
-810.4784053156146,0.03812401259677667
-810.4584717607975,0.03647762446123756
-810.4385382059801,0.03485647220066948
-810.4186046511629,0.03327109894596523
-810.3986710963455,0.031733580514698455
-810.3787375415283,0.030257729253850767
-810.358803986711,0.0288592634534376
-810.3388704318937,0.027555889903319232
-810.3189368770766,0.026367221024842246
-810.2990033222592,0.025314422762612417
-810.2790697674419,0.02441947957877703
-810.2591362126246,0.023703992476186233
-810.2392026578074,0.0231875207057528
-810.2192691029901,0.022885642342180972
-810.1993355481728,0.022808096383497966
-810.1794019933554,0.022957475470860696
-810.1594684385383,0.02332885906279892
-810.139534883721,0.02391050445327548
-810.1196013289037,0.02468537722183329
-810.0996677740865,0.02563308301470446
-810.0797342192691,0.026731748991156542
-810.0598006644519,0.027959548321918767
-810.0398671096345,0.029295750325653895
-810.0199335548174,0.030721323455407203
-810.0,0.03221919044617243
-809.9800664451827,0.03377424911190483
-809.9601328903656,0.03537325541436438
-809.9401993355482,0.037004638803758934
-809.920265780731,0.03865829497642245
-809.9003322259136,0.04032538225298376
-809.8803986710964,0.04199813497587178
-809.8604651162791,0.043669699404492314
-809.8405315614618,0.04533399306853738
-809.8205980066446,0.04698558620070968
-809.8006644518273,0.048619602833715865
-809.78073089701,0.05023163884380088
-809.7607973421927,0.05181769430132525
-809.7408637873755,0.053374117744049904
-809.7209302325582,0.05489756030509812
-809.7009966777409,0.056384937946921065
-809.6810631229235,0.057833400345275565
-809.6611295681064,0.05924030522309582
-809.641196013289,0.060603197150939175
-809.6212624584718,0.06191979001132175
-809.6013289036546,0.06318795247247988
-809.5813953488372,0.0644056959383502
-809.56146179402,0.06557116453996237
-809.5415282392026,0.06668262681319904
-809.5215946843855,0.06773846877248195
-809.5016611295681,0.06873718814258385
-809.4817275747508,0.06967738955279155
-809.4617940199336,0.07055778053266802
-809.4418604651163,0.07137716817648478
-809.4219269102991,0.07213445636649822
-809.4019933554817,0.07282864346415324
-809.3820598006645,0.07345882039370162
-809.3621262458472,0.07402416905564006
-809.3421926910299,0.07452396101807189
-809.3222591362127,0.07495755644289939
-809.3023255813954,0.0753244032113607
-809.282392026578,0.07562403621976954
-809.2624584717609,0.07585607682182995
-809.2425249169436,0.07602023239857666
-809.2225913621263,0.07611629604119102
-809.202657807309,0.07614414633577837
-809.1827242524917,0.07610374724256948
-809.1627906976745,0.07599514806517212
-809.1428571428571,0.07581848350873009
-809.12292358804,0.07557397382884451
-809.1029900332227,0.07526192507616945
-809.0830564784053,0.07488272944499745
-809.0631229235881,0.07443686573755005
-809.0431893687708,0.0739248999594435
-809.0232558139536,0.07334748606641893
-809.0033222591362,0.07270536688685605
-808.9833887043189,0.07199937525059935
-808.9634551495017,0.07123043536111857
-808.9435215946844,0.07039956445574636
-808.9235880398672,0.06950787480804582
-808.9036544850499,0.0685565761375209
-808.8837209302326,0.06754697850507917
-808.8637873754153,0.06648049578905747
-808.843853820598,0.06535864985605218
-808.8239202657808,0.06418307556497395
-808.8039867109635,0.06295552677206173
-808.7840531561462,0.061677883540731955
-808.764119601329,0.060352160804484724
-808.7441860465117,0.058980518785991795
-808.7242524916944,0.05756527554298851
-808.7043189368771,0.05610892209522777
-808.6843853820599,0.05461414068949986
-808.6644518272426,0.05308382688646284
-808.6445182724252,0.051521116307890705
-808.6245847176081,0.04992941707094534
-808.6046511627907,0.04831244916136448
-808.5847176079735,0.046674292261771715
-808.5647840531562,0.04501944385167243
-808.5448504983389,0.0433528897179973
-808.5249169435217,0.04168018932622052
-808.5049833887043,0.04000757873316434
-808.4850498338872,0.03834209374387974
-808.4651162790698,0.03669171559573532
-808.4451827242525,0.035065540202616714
-808.4252491694352,0.03347396928263536
-808.405315614618,0.031928916577143515
-808.3853820598008,0.03044401355020827
-808.3654485049834,0.029034784940426484
-808.3455149501661,0.027718744232463247
-808.3255813953489,0.026515333314571527
-808.3056478405316,0.025445604670781573
-808.2857142857143,0.024531531904932628
-808.2657807308971,0.02379485839874514
-808.2458471760797,0.023255480873155245
-808.2259136212625,0.0229295230195447
-808.2059800664452,0.02282744392530787
-808.186046511628,0.022952647268612524
-808.1661129568107,0.023301000762557086
-808.1461794019933,0.023861419138944278
-808.1262458471762,0.024617325361952578
-808.1063122923588,0.025548565327321287
-808.0863787375416,0.026633315651826858
-808.0664451827244,0.027849657625846524
-808.046511627907,0.029176680465341744
-808.0265780730898,0.030595129059189305
-808.0066445182724,0.032087691196399606
-807.9867109634553,0.033639038389584555
-807.9667774086379,0.03523571964774425
-807.9468438538206,0.036865981208981595
-807.9269102990033,0.038519559857194324
-807.9069767441861,0.04018747778397416
-807.8870431893689,0.0418618535224329
-807.8671096345515,0.04353573509669134
-807.8471760797343,0.04520295670726975
-807.827242524917,0.04685801774490753
-807.8073089700997,0.04849598178070726
-807.7873754152824,0.05011239281924433
-807.7674418604652,0.05170320615132371
-807.7475083056479,0.053264731386259374
-807.7275747508306,0.05479358555805974
-807.7076411960134,0.056286654520791325
-807.6877076411961,0.057741061145460494
-807.6677740863788,0.05915413909111271
-807.6478405315615,0.060523411144091294
-807.6279069767443,0.06184657130395644
-807.6079734219269,0.06312146994626497
-807.5880398671097,0.06434610151656495
-807.5681063122923,0.06551859431057767
-807.5481727574752,0.066637201977379
-807.5282392026579,0.06770029644855594
-807.5083056478405,0.06870636204997559
-807.4883720930234,0.06965399059623534
-807.468438538206,0.07054187730333536
-807.4485049833888,0.07136881738376934
-807.4285714285714,0.07213370321194011
-807.4086378737542,0.07283552196683726
-807.3887043189369,0.07347335367504775
-807.3687707641196,0.07404636959008024
-807.3488372093025,0.07455383085494383
-807.3289036544851,0.07499508740410568
-807.3089700996678,0.07536957706840901
-807.2890365448505,0.07567682485324889
-807.2691029900333,0.07591644236572263
-807.249169435216,0.0760881273713376
-807.2292358803987,0.07619166346512682
-807.2093023255813,0.07622691984578882
-807.1893687707642,0.07619385118496823
-807.1694352159469,0.07609249758700933
-807.1495016611296,0.0759229846376468
-807.1295681063124,0.07568552354315301
-807.109634551495,0.07538041136461672
-807.0897009966778,0.07500803135517202
-807.0697674418604,0.07456885341161243
-807.0498338870433,0.07406343465545805
-807.0299003322259,0.07349242016296269
-807.0099667774086,0.07285654386819729
-806.9900332225915,0.07215662966908229
-806.9700996677741,0.07139359277252369
-806.9501661129569,0.07056844132276123
-806.9302325581396,0.0696822783657903
-806.9102990033223,0.0687363042138814
-806.890365448505,0.06773181928717317
-806.8704318936877,0.06667022752525151
-806.8504983388706,0.0655530404808653
-806.8305647840532,0.06438188223144803
-806.8106312292359,0.06315849527292239
-806.7906976744187,0.06188474759556948
-806.7707641196014,0.06056264118531235
-806.7508305647841,0.05919432224727574
-806.7308970099668,0.05778209351474227
-806.7109634551495,0.05632842908835533
-806.6910299003323,0.0548359923510969
-806.671096345515,0.053307657628660285
-806.6511627906978,0.05174653641658242
-806.6312292358805,0.05015600918005692
-806.6112956810631,0.04853976395370735
-806.5913621262459,0.04690184322922705
-806.5714285714286,0.04524670091605972
-806.5514950166114,0.043579271482075986
-806.531561461794,0.041905053696734286
-806.5116279069767,0.040230211644536
-806.4916943521596,0.038561695729952265
-806.4717607973422,0.036907386039168766
-806.451827242525,0.035276259288083735
-806.4318936877077,0.033678578071201726
-806.4119601328904,0.03212609632157635
-806.3920265780731,0.030632266533528168
-806.3720930232558,0.029212420892854585
-806.3521594684386,0.027883878815841964
-806.3322259136213,0.02666590799718093
-806.312292358804,0.02557943963189822
-806.2923588039868,0.024646423483310205
-806.2724252491695,0.023888727204498143
-806.2524916943522,0.023326563630554294
-806.232558139535,0.022976581548954406
-806.2126245847176,0.022849945902626203
-806.1926910299004,0.022950868117254275
-806.172757475083,0.023276013287685002
-806.1528239202659,0.023814972525418768
-806.1328903654486,0.024551649616249532
-806.1129568106312,0.025466153148515278
-806.093023255814,0.02653672697199518
-806.0730897009967,0.02774137228539894
-806.0531561461795,0.029059004459808583
-806.0332225913621,0.030470146858565108
-806.0132890365448,0.03195725159152699
-805.9933554817276,0.033504761572660524
-805.9734219269103,0.03509901585622602
-805.9534883720931,0.036728074304482
-805.9335548172758,0.03838151176927546
-805.9136212624585,0.04005021158588293
-805.8936877076412,0.04172617409548956
-805.873754152824,0.04340234704805152
-805.8538205980067,0.04507247959224734
-805.8338870431894,0.046730998832137195
-805.8139534883721,0.04837290667022541
-805.7940199335549,0.04999369423230286
-805.7740863787376,0.05158927118865153
-805.7541528239203,0.05315590751657674
-805.734219269103,0.054690185560503285
-805.7142857142858,0.056188960568681695
-805.6943521594685,0.057649328186491045
-805.6744186046511,0.05906859765126468
-805.654485049834,0.06044426965936209
-805.6345514950167,0.061774018064698864
-805.6146179401994,0.06305567472330112
-805.5946843853822,0.06428721692529402
-805.5747508305648,0.06546675695906845
-805.5548172757476,0.06659253343591211
-805.5348837209302,0.0676629040713385
-805.5149501661131,0.06867633967417917
-805.4950166112957,0.06963141913911212
-805.4750830564784,0.07052682527440489
-805.4551495016613,0.07136134132621805
-805.4352159468439,0.0721338480848251
-805.4152823920267,0.07284332147784087
-805.3953488372093,0.07348883057169624
-805.375415282392,0.07406953591615044
-805.3554817275748,0.07458468817753548
-805.3355481727575,0.07503362701596518
-805.3156146179402,0.07541578016924522
-805.295681063123,0.07573066271314322
-805.2757475083057,0.07597787647313307
-805.2558139534884,0.07615710956767026
-805.2358803986712,0.07626813606744239
-805.2159468438539,0.07631081575873645
-805.1960132890366,0.07628509400277005
-805.1760797342192,0.07619100168587889
-805.1561461794021,0.07602865525874093
-805.1362126245847,0.0757982568658312
-805.1162790697675,0.0755000945693992
-805.0963455149503,0.07513454267552455
-805.0764119601329,0.07470206217317278
-805.0564784053157,0.07420320130107554
-805.0365448504983,0.07363859626129722
-805.0166112956812,0.07300897210322979
-804.9966777408638,0.07231514380713865
-804.9767441860465,0.07155801760288102
-804.9568106312292,0.07073859256687128
-804.936877076412,0.06985796254926573
-804.9169435215948,0.0689173184941532
-804.8970099667774,0.06791795122828546
-804.8770764119602,0.06686125480947655
-804.8571428571429,0.06574873054465946
-804.8372093023256,0.06458199181070277
-804.8172757475083,0.06336276983916667
-804.7973421926911,0.06209292066095329
-804.7774086378738,0.06077443344913387
-804.7574750830565,0.05940944055102954
-804.7375415282393,0.05800022956509101
-804.717607973422,0.05654925789833288
-804.6976744186047,0.05505917033864706
-804.6777408637874,0.053532820297642426
-804.6578073089702,0.05197329552873252
-804.6378737541528,0.0503839493058428
-804.6179401993356,0.04876843826603639
-804.5980066445183,0.04713076837585274
-804.5780730897011,0.0454753507755595
-804.5581395348838,0.04380706957614179
-804.5382059800664,0.04213136400316607
-804.5182724252493,0.040454327539827147
-804.4983388704319,0.03878282680455978
-804.4784053156147,0.03712464260197867
-804.4584717607974,0.03548863455775657
-804.4385382059801,0.03388492841789027
-804.4186046511629,0.032325120585263455
-804.3986710963455,0.030822486551830036
-804.3787375415284,0.029392167074677268
-804.358803986711,0.02805128696707597
-804.3388704318937,0.026818936428021554
-804.3189368770765,0.025715918022714942
-804.2990033222592,0.024764145248270263
-804.2790697674419,0.023985592398724564
-804.2591362126246,0.023400767239420372
-804.2392026578074,0.023026822785348375
-804.2192691029901,0.022875614679636454
-804.1993355481728,0.02295215752659016
-804.1794019933556,0.023253921713330346
-804.1594684385383,0.023771192917161458
-804.1395348837209,0.024488379048038973
-804.1196013289037,0.025385874206060602
-804.0996677740864,0.026442007883735782
-804.0797342192692,0.02763471363222886
-804.0598006644519,0.028942739770435155
-804.0398671096345,0.030346390543365832
-804.0199335548174,0.03182788186485917
-804.0,0.033371425854880815
-803.9800664451828,0.03496314863784134
-803.9601328903655,0.036590920519678764
-803.9401993355482,0.03824415136196519
-803.9202657807309,0.03991358286947324
-803.9003322259136,0.041591094761415474
-803.8803986710965,0.04326953243065343
-803.8604651162791,0.04494255821231427
-803.8405315614618,0.04660452544552616
-803.8205980066446,0.04825037312886789
-803.8006644518273,0.04987553847847752
-803.78073089701,0.05147588468346218
-803.7607973421927,0.053047641369195805
-803.7408637873754,0.05458735558649353
-803.7209302325582,0.05609185146911657
-803.7009966777409,0.05755819700656751
-803.6810631229237,0.05898367664881138
-803.6611295681064,0.06036576868988502
-803.641196013289,0.061702126569839554
-803.6212624584718,0.06299056339357782
-803.6013289036545,0.06422903909476248
-803.5813953488373,0.06541564977895281
-803.5614617940199,0.06654861886565287
-803.5415282392026,0.0676262897184386
-803.5215946843855,0.06864711950868276
-803.5016611295681,0.0696096741038409
-803.481727574751,0.07051262380845792
-803.4617940199336,0.0713547398161099
-803.4418604651163,0.07213489125521738
-803.421926910299,0.07285204273167828
-803.4019933554817,0.07350525228801723
-803.3820598006646,0.07409366971231184
-803.3621262458472,0.07461653514152981
-803.3421926910299,0.07507317791344026
-803.3222591362127,0.07546301562919397
-803.3023255813954,0.07578555339528593
-803.2823920265781,0.07604038321964468
-803.2624584717609,0.07622718354128312
-803.2425249169435,0.07634571887746612
-803.2225913621263,0.07639583957627061
-803.202657807309,0.07637748166581912
-803.1827242524918,0.07629066679488888
-803.1627906976745,0.07613550226268286
-803.1428571428571,0.07591218113860146
-803.12292358804,0.07562098247602106
-803.1029900332226,0.07526227162723825
-803.0830564784054,0.0748365006702127
-803.063122923588,0.07434420896136018
-803.0431893687708,0.07378602383302307
-803.0232558139536,0.07316266145862343
-803.0033222591362,0.07247492791418565
-802.983388704319,0.07172372047104021
-802.9634551495017,0.07091002916200087
-802.9435215946844,0.07003493867201391
-802.9235880398671,0.06909963061485261
-802.9036544850499,0.06810538626996121
-802.8837209302326,0.06705358986887343
-802.8637873754153,0.06594573253911779
-802.843853820598,0.06478341703605194
-802.8239202657808,0.06356836342076407
-802.8039867109635,0.06230241587605708
-802.7840531561462,0.060987550894094834
-802.764119601329,0.059625887120822875
-802.7441860465117,0.05821969720557862
-802.7242524916944,0.05677142208264563
-802.704318936877,0.05528368820798024
-802.6843853820599,0.053759328393421145
-802.6644518272426,0.05220140702639861
-802.6445182724253,0.05061325064070934
-802.6245847176081,0.04899848501784124
-802.6046511627907,0.0473610802510665
-802.5847176079735,0.04570540549572773
-802.5647840531561,0.044036295448338425
-802.544850498339,0.04235913091961208
-802.5249169435216,0.04067993613607275
-802.5049833887043,0.039005495515779164
-802.4850498338872,0.03734349242186876
-802.4651162790698,0.03570267147133565
-802.4451827242526,0.03409302382105882
-802.4252491694352,0.03252599062889681
-802.405315614618,0.03101467240044031
-802.3853820598007,0.029574019704690535
-802.3654485049834,0.028220962433631556
-802.3455149501661,0.02697441033250251
-802.3255813953489,0.02585503047131343
-802.3056478405316,0.024884688209894677
-802.2857142857143,0.02408544734773774
-802.2657807308971,0.023478089611494043
-802.2458471760798,0.02308025108724866
-802.2259136212625,0.022904462094729676
-802.2059800664451,0.022956534585955483
-802.186046511628,0.023234750904239154
-802.1661129568107,0.023730108660797344
-802.1461794019934,0.02442754299451062
-802.1262458471762,0.025307756671594978
-802.1063122923588,0.02634918385918476
-802.0863787375416,0.02752970356919079
-802.0664451827242,0.028827904413902435
-802.0465116279071,0.0302238743144118
-802.0265780730897,0.03169959270285479
-802.0066445182724,0.03323903882188614
-801.9867109634553,0.034828122923874334
-801.9667774086379,0.03645452256431586
-801.9468438538207,0.03810747951885051
-801.9269102990033,0.03977759104074922
-801.9069767441861,0.04145661374925951
-801.8870431893688,0.043137288552388575
-801.8671096345515,0.04481318917023213
-801.8471760797343,0.04647859366443132
-801.827242524917,0.04812837686524542
-801.8073089700997,0.04975792102400336
-801.7873754152824,0.05136304196777205
-801.7674418604652,0.052939928233289926
-801.7475083056479,0.0544850909598532
-801.7275747508306,0.05599532264653026
-801.7076411960134,0.05746766318709326
-801.6877076411961,0.05889937187047427
-801.6677740863787,0.0602879042693013
-801.6478405315615,0.06163089313587058
-801.6279069767443,0.06292613258754534
-801.607973421927,0.06417156499636784
-801.5880398671097,0.06536527010604286
-801.5681063122923,0.06650545598720309
-801.5481727574752,0.0675904515129635
-801.5282392026578,0.06861870009442754
-801.5083056478406,0.06958875446245268
-801.4883720930233,0.07049927231999505
-801.468438538206,0.07134901272014094
-801.4485049833888,0.07213683305015917
-801.4285714285714,0.07286168652253
-801.4086378737543,0.07352262009080981
-801.3887043189369,0.0741187727222661
-801.3687707641196,0.07464937397067058
-801.3488372093024,0.07511374280246357
-801.3289036544851,0.07551128663746846
-801.3089700996678,0.07584150057232947
-801.2890365448505,0.076103966760596
-801.2691029900333,0.07629835392854219
-801.249169435216,0.07642441701012542
-801.2292358803987,0.07648199688854052
-801.2093023255815,0.07647102023533532
-801.1893687707642,0.07639149944140015
-801.1694352159468,0.07624353263722743
-801.1495016611296,0.07602730380308181
-801.1295681063123,0.07574308297263134
-801.1096345514951,0.07539122653690357
-801.0897009966778,0.0749721776588056
-801.0697674418604,0.07448646681214306
-801.0498338870433,0.07393471246312754
-801.0299003322259,0.07331762191707297
-801.0099667774087,0.07263599235823655
-800.9900332225914,0.07189071211699499
-800.9700996677741,0.07108276220577357
-800.9501661129569,0.07021321817384914
-800.9302325581396,0.06928325234133748
-800.9102990033224,0.06829413648515037
-800.890365448505,0.06724724506462765
-800.8704318936877,0.06614405909266408
-800.8504983388705,0.06498617078036187
-800.8305647840532,0.06377528911014588
-800.8106312292359,0.06251324652563761
-800.7906976744187,0.061202006967230674
-800.7707641196014,0.05984367553271613
-800.7508305647841,0.05844051010424002
-800.7308970099668,0.05699493535967183
-800.7109634551496,0.05550955968084776
-800.6910299003323,0.053987195587654274
-800.6710963455149,0.052430884469919774
-800.6511627906978,0.050843926563068284
-800.6312292358804,0.049229917323711604
-800.6112956810632,0.04759279161014792
-800.5913621262459,0.045936877360747634
-800.5714285714286,0.04426696078062248
-800.5514950166114,0.042588365371956156
-800.531561461794,0.04090704742332476
-800.5116279069769,0.03922971070945384
-800.4916943521595,0.03756394296258289
-800.4717607973422,0.035918375845861786
-800.4518272425249,0.03430286816932041
-800.4318936877077,0.03272870813496209
-800.4119601328905,0.031208823321203994
-800.3920265780731,0.029757975457742197
-800.3720930232558,0.028392899401439818
-800.3521594684386,0.02713232181555478
-800.3322259136213,0.025996767872444874
-800.312292358804,0.025008043474653185
-800.2923588039868,0.02418828530195635
-800.2724252491694,0.023558528328806328
-800.2524916943522,0.02313687032744119
-800.232558139535,0.022936499457694385
-800.2126245847177,0.022964017948701655
-800.1926910299004,0.02321852549168585
-800.172757475083,0.02369174812165368
-800.1528239202659,0.024369171048443102
-800.1328903654485,0.02523182915012984
-800.1129568106313,0.026258280907584596
-800.0930232558139,0.02742636457307007
-800.0730897009967,0.028714516968498756
-800.0531561461795,0.030102612891469472
-800.0332225913621,0.03157239525338019
-800.013289036545,0.033107608458967486
-799.9933554817276,0.034693943985747384
-799.9734219269103,0.0363188834343039
-799.953488372093,0.0379714973626241
-799.9335548172758,0.039642235704802894
-799.9136212624586,0.04132272945372308
-799.8936877076412,0.04300561285927254
-799.873754152824,0.04468436918441575
-799.8538205980067,0.046353199665652906
-799.8338870431894,0.048006913670819454
-799.8139534883721,0.04964083740635987
-799.7940199335549,0.051250738435723794
-799.7740863787376,0.05283276345309498
-799.7541528239203,0.054383387054106246
-799.734219269103,0.05589936957109786
-799.7142857142858,0.05737772235242888
-799.6943521594685,0.058815679144106923
-799.6744186046512,0.06021067247138728
-799.654485049834,0.06156031411910077
-799.6345514950166,0.06286237897574305
-799.6146179401994,0.06411479164234572
-799.594684385382,0.06531561531811489
-799.5747508305649,0.06646304256461114
-799.5548172757476,0.06755538762322498
-799.5348837209302,0.0685910800195757
-799.5149501661131,0.06956865923641459
-799.4950166112957,0.0704867702753609
-799.4750830564785,0.07134415995935481
-799.4551495016611,0.07213967385370171
-799.4352159468439,0.07287225370430672
-799.4152823920266,0.07354093530941468
-799.3953488372093,0.07414484675512786
-799.3754152823922,0.07468320695708436
-799.3554817275748,0.07515532446028
-799.3355481727575,0.07556059645759045
-799.3156146179402,0.0758985079942313
-799.295681063123,0.0761686313316294
-799.2757475083057,0.076370625449141
-799.2558139534884,0.07650423566664612
-799.235880398671,0.07656929337496458
-799.2159468438539,0.07656571586478905
-799.1960132890366,0.07649350624794
-799.1760797342193,0.07635275346819824
-799.1561461794021,0.07614363240183672
-799.1362126245847,0.07586640405117843
-799.1162790697675,0.07552141583767973
-799.0963455149501,0.07510910200439992
-799.076411960133,0.07462998414136034
-799.0564784053156,0.07408467185141361
-799.0365448504983,0.07347386357875253
-799.0166112956812,0.07279834762743768
-798.9966777408638,0.07205900340350047
-798.9767441860466,0.07125680292118924
-798.9568106312292,0.07039281262256039
-798.936877076412,0.06946819556954707
-798.9169435215947,0.0684842140800374
-798.8970099667774,0.06744223289381157
-798.8770764119602,0.06634372297234728
-798.8571428571429,0.06519026605794608
-798.8372093023256,0.06398356014412761
-798.8172757475083,0.06272542604191933
-798.7973421926911,0.06141781526639511
-798.7774086378738,0.06006281951719363
-798.7574750830565,0.0586626820874482
-798.7375415282393,0.05721981161055618
-798.717607973422,0.055736798646722555
-798.6976744186047,0.0542164357253778
-798.6777408637874,0.05266174159952848
-798.6578073089702,0.051075990638840774
-798.6378737541529,0.049462748494667315
-798.6179401993356,0.04782591541534872
-798.5980066445183,0.04616977887428516
-798.5780730897011,0.044499077489273
-798.5581395348837,0.042819078538041046
-798.5382059800666,0.04113567166438459
-798.5182724252493,0.039455481528417775
-798.4983388704319,0.03778600201266389
-798.4784053156147,0.03613575385410341
-798.4584717607974,0.034514465739724526
-798.4385382059802,0.03293327520601635
-798.4186046511628,0.031404939001640084
-798.3986710963455,0.029944031465718664
-798.3787375415283,0.028567092499089935
-798.358803986711,0.02729266337059666
-798.3388704318938,0.026141121402318453
-798.3189368770765,0.02513420226569866
-798.2990033222592,0.024294099419014257
-798.2790697674419,0.023642080664342213
-798.2591362126246,0.023196683904872163
-798.2392026578074,0.022971737548415676
-798.2192691029901,0.022974625817753537
-798.1993355481727,0.023205269850872765
-798.1794019933556,0.023656139660049126
-798.1594684385383,0.02431329303929185
-798.139534883721,0.025158120668807966
-798.1196013289037,0.02616932557170947
-798.0996677740864,0.02732471969705527
-798.0797342192692,0.028602596580295077
-798.0598006644518,0.029982621521289467
-798.0398671096347,0.03144630113419433
-798.0199335548173,0.03297714315915182
-798.0,0.034560617442201576
-797.9800664451828,0.036184006417878174
-797.9601328903655,0.03783620626017188
-797.9401993355483,0.039507516669931624
-797.9202657807309,0.04118944043844482
-797.9003322259136,0.04287450293796448
-797.8803986710964,0.04455609509082961
-797.8604651162791,0.046228339724865286
-797.8405315614618,0.047885979420925075
-797.8205980066446,0.04952428323498197
-797.8006644518273,0.051138969544000386
-797.78073089701,0.05272614242811864
-797.7607973421927,0.054282239292523946
-797.7408637873755,0.055803987758667996
-797.7209302325582,0.05728837016973618
-797.7009966777408,0.05873259433850395
-797.6810631229237,0.06013406940983275
-797.6611295681063,0.06149038591542145
-797.6411960132891,0.06279929926853371
-797.6212624584718,0.06405871608550327
-797.6013289036545,0.06526668283469012
-797.5813953488373,0.06642137640518987
-797.5614617940199,0.0675210962625919
-797.5415282392028,0.06856425791940507
-797.5215946843854,0.0695493874965853
-797.5016611295681,0.07047511719269732
-797.481727574751,0.0713401815091977
-797.4617940199336,0.07214341410698788
-797.4418604651164,0.07288374519083192
-797.421926910299,0.07356019933596342
-797.4019933554817,0.07417189368576203
-797.3820598006645,0.07471803646160906
-797.3621262458472,0.07519792573590407
-797.3421926910299,0.07561094842789472
-797.3222591362127,0.07595657948884231
-797.3023255813954,0.07623438124935844
-797.2823920265781,0.07644400290680868
-797.2624584717609,0.07658518013535923
-797.2425249169436,0.07665773480513492
-797.2225913621263,0.07666157480082592
-797.2026578073089,0.07659669393323602
-797.1827242524918,0.07646317194060355
-797.1627906976744,0.07626117457955597
-797.1428571428572,0.07599095380864561
-797.12292358804,0.07565284807066568
-797.1029900332226,0.07524728268319322
-797.0830564784054,0.07477477035049675
-797.063122923588,0.07423591181400216
-797.0431893687709,0.07363139666288095
-797.0232558139535,0.07296200433168264
-797.0033222591362,0.07222860531774788
-796.9833887043189,0.07143216265834434
-796.9634551495017,0.07057373371566976
-796.9435215946845,0.06965447232782755
-796.9235880398671,0.0686756313958752
-796.9036544850499,0.06763856599128745
-796.8837209302326,0.06654473708577234
-796.8637873754153,0.06539571602652057
-796.843853820598,0.06419318990591136
-796.8239202657808,0.0629389680066452
-796.8039867109635,0.061634989542249295
-796.7840531561462,0.06028333296113589
-796.764119601329,0.0588862271419402
-796.7441860465117,0.05744606488115132
-796.7242524916944,0.05596541916467832
-796.7043189368771,0.054447062826811395
-796.6843853820599,0.05289399233707802
-796.6644518272425,0.05130945662300447
-796.6445182724253,0.04969699203955816
-796.624584717608,0.04806046483708186
-796.6046511627908,0.04640412276040457
-796.5847176079735,0.04473265772551133
-796.5647840531561,0.043051281847914936
-796.544850498339,0.04136581939459187
-796.5249169435216,0.03968281741186518
-796.5049833887044,0.03800967768432868
-796.485049833887,0.036354812022977946
-796.4651162790698,0.03472782119589806
-796.4451827242526,0.033139694362994535
-796.4252491694352,0.031603019573939524
-796.4053156146181,0.030132185318309315
-796.3853820598007,0.02874353680168557
-796.3654485049834,0.027455427887974223
-796.3455149501661,0.02628808253275176
-796.3255813953489,0.025263155942671048
-796.3056478405316,0.024402882786770358
-796.2857142857143,0.023728743603268505
-796.2657807308971,0.023259694757687736
-796.2458471760798,0.023010186616959586
-796.2259136212625,0.022988375932335586
-796.2059800664452,0.023195008078802877
-796.186046511628,0.02362331160728675
-796.1661129568106,0.02425993901356243
-796.1461794019934,0.025086660664853468
-796.126245847176,0.02608234492363975
-796.1063122923589,0.027224792572652527
-796.0863787375416,0.028492162969145543
-796.0664451827242,0.029863915985597882
-796.0465116279071,0.031321322441512964
-796.0265780730897,0.03284765173137972
-796.0066445182725,0.03442814926664641
-795.9867109634552,0.03604989510187414
-795.9667774086379,0.037701607827803116
-795.9468438538206,0.03937343395186423
-795.9269102990033,0.04105674543936135
-795.9069767441862,0.042743956518402994
-795.8870431893688,0.044428363844996537
-795.8671096345515,0.04610401021809007
-795.8471760797343,0.04776557007583398
-795.827242524917,0.04940825419196452
-795.8073089700997,0.05102773081233539
-795.7873754152824,0.05262006061344393
-795.7674418604652,0.05418164314827188
-795.7475083056479,0.05570917277079106
-795.7275747508306,0.057199602348916266
-795.7076411960134,0.058650113363266455
-795.6877076411961,0.060058091238059545
-795.6677740863788,0.06142110496012168
-795.6478405315615,0.06273689021591912
-795.6279069767442,0.06400333541904231
-795.607973421927,0.06521847011687887
-795.5880398671096,0.06638045535936493
-795.5681063122925,0.06748757568941996
-795.5481727574752,0.0685382324762628
-795.5282392026578,0.06953093836318827
-795.5083056478406,0.07046431264204349
-795.4883720930233,0.07133707739963056
-795.4684385382061,0.07214805430844323
-795.4485049833887,0.07289616195607769
-795.4285714285714,0.07358041362569993
-795.4086378737542,0.07419991545514995
-795.3887043189369,0.0747538649142814
-795.3687707641197,0.07524154955065099
-795.3488372093024,0.07566234596215718
-795.3289036544851,0.07601571896259489
-795.3089700996678,0.07630122091212536
-795.2890365448505,0.07651849119017175
-795.2691029900333,0.07666725579265235
-795.249169435216,0.07674732703981565
-795.2292358803987,0.07675860338438895
-795.2093023255815,0.07670106931338189
-795.1893687707642,0.07657479533985939
-795.1694352159469,0.07637993808435091
-795.1495016611296,0.07611674044841966
-795.1295681063123,0.07578553188630059
-795.1096345514951,0.0753867287836394
-795.0897009966777,0.07492083495617963
-795.0697674418606,0.07438844228497936
-795.0498338870433,0.07379023150946173
-795.0299003322259,0.0731269732044072
-795.0099667774087,0.0723995289732062
-794.9900332225914,0.07160885289632883
-794.9700996677742,0.07075599328242445
-794.9501661129568,0.06984209477893055
-794.9302325581396,0.06886840091104603
-794.9102990033223,0.06783625713179521
-794.890365448505,0.0667471144832193
-794.8704318936879,0.06560253398934976
-794.8504983388705,0.0644041919272226
-794.8305647840532,0.0631538861532233
-794.8106312292359,0.06185354370047414
-794.7906976744187,0.06050522991002932
-794.7707641196014,0.059111159416947605
-794.7508305647841,0.05767370938412412
-794.7308970099667,0.05619543546546639
-794.7109634551496,0.05467909108936714
-794.6910299003323,0.05312765078792903
-794.671096345515,0.05154433846141973
-794.6511627906978,0.049932661666696916
-794.6312292358804,0.04829645325534847
-794.6112956810632,0.046639921964764436
-794.5913621262458,0.044967713876399695
-794.5714285714287,0.04328498698433838
-794.5514950166113,0.041597501421987856
-794.531561461794,0.03991172809499743
-794.5116279069769,0.03823497841265977
-794.4916943521595,0.0365755572323342
-794.4717607973423,0.0349429395865621
-794.4518272425249,0.03334796854374472
-794.4318936877077,0.031803065614203124
-794.4119601328904,0.030322435063804446
-794.3920265780731,0.028922227834561998
-794.3720930232558,0.027620608663096635
-794.3521594684386,0.026437643045001492
-794.3322259136213,0.025394896021180783
-794.312292358804,0.02451462844639407
-794.2923588039868,0.023818513864789698
-794.2724252491695,0.023325905377540528
-794.2524916943522,0.023051856385149852
-794.2325581395348,0.023005285555935076
-794.2126245847177,0.02318776397269324
-794.1926910299003,0.023593292241561998
-794.1727574750831,0.024209139214488036
-794.1528239202659,0.025017478972694147
-794.1328903654485,0.02599736655980807
-794.1129568106313,0.02712660741122412
-794.0930232558139,0.02838323643441929
-794.0730897009968,0.029746512609031453
-794.0531561461794,0.031197471758560826
-794.0332225913621,0.032719143408755015
-794.013289036545,0.03429654579456117
-793.9933554817276,0.0359165533780782
-793.9734219269104,0.03756770393648481
-793.953488372093,0.0392399877780279
-793.9335548172758,0.0409246433680271
-793.9136212624585,0.042613971476356094
-793.8936877076412,0.044301172523897266
-793.873754152824,0.04598020762308531
-793.8538205980067,0.04764568168169481
-793.8338870431894,0.04929274603268307
-793.8139534883721,0.05091701782381438
-793.7940199335549,0.05251451351980652
-793.7740863787376,0.0540815941443084
-793.7541528239203,0.05561492021449552
-793.734219269103,0.057111414642308116
-793.7142857142858,0.05856823216844207
-793.6943521594684,0.05998273414882618
-793.6744186046512,0.06135246772742543
-793.654485049834,0.06267514860710617
-793.6345514950167,0.06394864677613517
-793.6146179401994,0.06517097466692673
-793.594684385382,0.06634027732029171
-793.5747508305649,0.06745482420665376
-793.5548172757475,0.06851300241924543
-793.5348837209303,0.0695133110055732
-793.514950166113,0.07045435624507279
-793.4950166112957,0.07133484771496286
-793.4750830564785,0.07215359501369636
-793.4551495016611,0.07290950503412993
-793.435215946844,0.0736015796969995
-793.4152823920266,0.07422891407049467
-793.3953488372093,0.07479069481451092
-793.375415282392,0.07528619889836838
-793.3554817275748,0.07571479254988633
-793.3355481727575,0.07607593040087633
-793.3156146179402,0.07636915480047915
-793.295681063123,0.07659409527326518
-793.2757475083057,0.07675046810353134
-793.2558139534884,0.07683807603158319
-793.2358803986712,0.07685680805141439
-793.2159468438539,0.07680663930262331
-793.1960132890365,0.07668763105267183
-793.1760797342193,0.07649993076872266
-793.156146179402,0.0762437722813392
-793.1362126245848,0.07591947604547782
-793.1162790697675,0.07552744950763336
-793.0963455149501,0.0750681875913864
-793.076411960133,0.07454227331769563
-793.0564784053156,0.07395037858059839
-793.0365448504984,0.07329326510399337
-793.0166112956811,0.07257178561107144
-792.9966777408638,0.07178688524474094
-792.9767441860466,0.07093960328532825
-792.9568106312292,0.07003107522163986
-792.9368770764121,0.06906253524272833
-792.9169435215947,0.06803531923166631
-792.8970099667774,0.0669508683593919
-792.8770764119602,0.06581073339703553
-792.8571428571429,0.06461657989012584
-792.8372093023256,0.06337019436853115
-792.8172757475083,0.06207349180355375
-792.7973421926911,0.060728524569745285
-792.7774086378738,0.059337493225983855
-792.7574750830565,0.057902759500745755
-792.7375415282393,0.0564268619532373
-792.717607973422,0.05491253488928889
-792.6976744186047,0.05336273124250625
-792.6777408637874,0.051780650292220363
-792.6578073089701,0.05016977128509937
-792.6378737541529,0.048533894260804136
-792.6179401993356,0.04687718965542361
-792.5980066445184,0.04520425856534087
-792.5780730897011,0.04352020588295361
-792.5581395348837,0.04183072882700517
-792.5382059800666,0.040142223608299755
-792.5182724252492,0.03846191295439325
-792.498338870432,0.03679799671329347
-792.4784053156146,0.03515982634359726
-792.4584717607974,0.03355810110112424
-792.4385382059802,0.032005078141109276
-792.4186046511628,0.030514779209302803
-792.3986710963457,0.029103161576258054
-792.3787375415283,0.02778819940370644
-792.358803986711,0.026589795042576247
-792.3388704318937,0.02552941419146761
-792.3189368770765,0.024629329414928024
-792.2990033222592,0.023911387924108005
-792.2790697674419,0.023395317824664696
-792.2591362126246,0.02309675604937591
-792.2392026578074,0.02302537146535665
-792.2192691029901,0.023183561008895733
-792.1993355481728,0.023566109763544736
-792.1794019933556,0.024160924061026098
-792.1594684385382,0.024950605810209154
-792.139534883721,0.025914418595354007
-792.1196013289036,0.027030189005027478
-792.0996677740865,0.02827583786055819
-792.0797342192692,0.029630428267091717
-792.0598006644518,0.03107476216437255
-792.0398671096347,0.03259162785712311
-792.0199335548173,0.03416581373129586
-792.0000000000001,0.03578398544999405
-791.9800664451827,0.03743449671756101
-791.9601328903655,0.039107178592160806
-791.9401993355482,0.04079313331538049
-791.9202657807309,0.042484545836389526
-791.9003322259138,0.04417451832832578
-791.8803986710964,0.04585692852112878
-791.8604651162791,0.04752631037190867
-791.8405315614618,0.04917775458679669
-791.8205980066446,0.05080682622560539
-791.8006644518273,0.0524094967141179
-791.78073089701,0.05398208785376564
-791.7607973421927,0.0555212257425306
-791.7408637873755,0.057023802844821364
-791.7209302325582,0.05848694674459595
-791.7009966777409,0.05990799437425558
-791.6810631229237,0.06128447073054555
-791.6611295681063,0.06261407127051788
-791.6411960132891,0.06389464732993495
-791.6212624584717,0.06512419402833378
-791.6013289036546,0.06630084022395491
-791.5813953488373,0.06742284016198057
-791.5614617940199,0.06848856652438347
-791.5415282392028,0.06949650464241951
-791.5215946843854,0.07044524767541772
-791.5016611295682,0.07133349259422452
-791.4817275747508,0.07216003683595248
-791.4617940199336,0.07292377551968963
-791.4418604651163,0.07362369913192306
-791.421926910299,0.07425889160585579
-791.4019933554819,0.07482852873175266
-791.3820598006645,0.07533187684622683
-791.3621262458472,0.0757682917571971
-791.3421926910299,0.07613721786897945
-791.3222591362127,0.07643818747815777
-791.3023255813954,0.07667082021663607
-791.2823920265781,0.07683482262280118
-791.2624584717607,0.0769299878261197
-791.2425249169436,0.07695619533420549
-791.2225913621263,0.07691341091480466
-791.202657807309,0.07680168656853242
-791.1827242524918,0.07662116059112639
-791.1627906976744,0.07637205772730614
-791.1428571428572,0.07605468942126946
-791.1229235880398,0.0756694541722846
-791.1029900332227,0.07521683800734588
-791.0830564784053,0.07469741508669782
-791.063122923588,0.07411184846253124
-791.0431893687709,0.07346089101582727
-791.0232558139535,0.07274538660244123
-791.0033222591363,0.0719662714459014
-790.9833887043189,0.07112457582242145
-790.9634551495017,0.07022142609307168
-790.9435215946844,0.06925804714924524
-790.9235880398671,0.06823576535119642
-790.9036544850499,0.06715601205583481
-790.8837209302326,0.06602032784995261
-790.8637873754153,0.0648303676295085
-790.843853820598,0.06358790669544646
-790.8239202657808,0.062294848073306694
-790.8039867109635,0.06095323130906745
-790.7840531561462,0.05956524304936761
-790.764119601329,0.05813322978333651
-790.7441860465117,0.05665971320795113
-790.7242524916943,0.05514740878399685
-790.7043189368771,0.05359924817857198
-790.6843853820599,0.05201840644796567
-790.6644518272426,0.05040833500651568
-790.6445182724253,0.04877280165655046
-790.624584717608,0.047115939224405934
-790.6046511627908,0.04544230465335564
-790.5847176079734,0.04375695073321646
-790.5647840531562,0.0420655129630346
-790.544850498339,0.040374314277652736
-790.5249169435216,0.03869049038756102
-790.5049833887044,0.037022138047448146
-790.485049833887,0.03537848728091014
-790.4651162790699,0.033770095801857594
-790.4451827242525,0.03220905861528213
-790.4252491694352,0.030709216721457957
-790.405315614618,0.029286334461893833
-790.3853820598007,0.02795819423734526
-790.3654485049835,0.02674453096414841
-790.3455149501661,0.025666702337122187
-790.3255813953489,0.02474697870821208
-790.3056478405316,0.02400736203528232
-790.2857142857143,0.023467933744435645
-790.2657807308971,0.023144894285165838
-790.2458471760798,0.023048649941352882
-790.2259136212624,0.02318242232277189
-790.2059800664452,0.023541792272202506
-790.186046511628,0.02411532412636909
-790.1661129568107,0.02488607176427814
-790.1461794019934,0.02583352965770982
-790.126245847176,0.02693556272769567
-790.1063122923589,0.028169988722300632
-790.0863787375415,0.0295156803939477
-790.0664451827244,0.0309532072424848
-790.046511627907,0.032465115183577455
-790.0265780730897,0.03403596015975995
-790.0066445182725,0.03565219583948993
-789.9867109634552,0.03730198856824951
-789.966777408638,0.038975007058823556
-789.9468438538206,0.040662214555259056
-789.9269102990033,0.042355677774569105
-789.9069767441861,0.04404839858485287
-789.8870431893688,0.045734169598459766
-789.8671096345515,0.04740745236807962
-789.8471760797343,0.04906327575884583
-789.827242524917,0.05069715172926565
-789.8073089700997,0.05230500581953126
-789.7873754152824,0.053883119899822036
-789.7674418604652,0.055428085053106625
-789.7475083056479,0.0569367627935897
-789.7275747508306,0.05840625312238819
-789.7076411960134,0.05983386818536949
-789.687707641196,0.061217110521170126
-789.6677740863788,0.06255365507328213
-789.6478405315615,0.06384133429308977
-789.6279069767443,0.06507812578528592
-789.607973421927,0.06626214204867838
-789.5880398671096,0.06739162194740314
-789.5681063122925,0.06846492361423319
-789.5481727574751,0.0694805185414116
-789.5282392026579,0.07043698665836381
-789.5083056478405,0.07133301223092826
-789.4883720930233,0.07216738044587018
-789.4684385382061,0.07293897456794236
-789.4485049833887,0.07364677357620596
-789.4285714285716,0.0742898502021754
-789.4086378737542,0.07486736930565405
-789.3887043189369,0.07537858653489543
-789.3687707641196,0.07582284722706546
-789.3488372093024,0.076199585512436
-789.3289036544852,0.0765083235925303
-789.3089700996678,0.07674867116784469
-789.2890365448505,0.07692032499566842
-789.2691029900333,0.07702306856284827
-789.249169435216,0.07705677186212392
-789.2292358803987,0.07702139126414892
-789.2093023255815,0.07691696948059945
-789.1893687707641,0.07674363561691508
-789.1694352159469,0.07650160531635514
-789.1495016611296,0.07619118100001948
-789.1295681063124,0.0758127522111023
-789.1096345514951,0.07536679607474119
-789.0897009966777,0.07485387788905089
-789.0697674418606,0.07427465186700985
-789.0498338870432,0.07362986205377219
-789.029900332226,0.072920343449774
-789.0099667774086,0.07214702337639928
-788.9900332225914,0.07131092312888658
-788.9700996677742,0.07041315997034894
-788.9501661129568,0.06945494953178541
-788.9302325581397,0.06843760869643448
-788.9102990033223,0.06736255906275929
-788.890365448505,0.06623133110011639
-788.8704318936877,0.06504556913494419
-788.8504983388705,0.06380703733471167
-788.8305647840532,0.06251762689279275
-788.8106312292359,0.06117936466158927
-788.7906976744187,0.059794423536089804
-788.7707641196014,0.05836513495714833
-788.7508305647841,0.05689400398721483
-788.7308970099668,0.05538372751388616
-788.7109634551496,0.05383721626290161
-788.6910299003322,0.05225762145724753
-788.671096345515,0.0506483671468437
-788.6511627906976,0.04901318945942252
-788.6312292358805,0.04735618428875238
-788.6112956810632,0.045681865239861
-788.5913621262458,0.04399523397883827
-788.5714285714287,0.042301865456467636
-788.5514950166113,0.04060801072391662
-788.5315614617941,0.03892072011062384
-788.5116279069767,0.03724798916557852
-788.4916943521595,0.03559892859283672
-788.4717607973422,0.03398395682487961
-788.4518272425249,0.032415008938103625
-788.4318936877078,0.03090574702654922
-788.4119601328904,0.02947174338573515
-788.3920265780731,0.028130587717922262
-788.3720930232558,0.026901843595483317
-788.3521594684386,0.025806752552885146
-788.3322259136213,0.02486756936318791
-788.312292358804,0.024106432254065738
-788.2923588039868,0.023543754384576253
-788.2724252491695,0.02319627925294581
-788.2524916943522,0.02307513676041739
-788.232558139535,0.023184370689207125
-788.2126245847177,0.02352036774048552
-788.1926910299003,0.024072370115866056
-788.1727574750831,0.024823907775479957
-788.1528239202657,0.02575472887954374
-788.1328903654486,0.026842754534325254
-788.1129568106313,0.028065711089739626
-788.0930232558139,0.02940228699030648
-788.0730897009968,0.03083282108988373
-788.0531561461794,0.032339615945310804
-788.0332225913622,0.03390699254856287
-788.0132890365448,0.03552118939386391
-787.9933554817276,0.037170182157604155
-787.9734219269103,0.03884347406825571
-787.953488372093,0.04053188654831308
-787.9335548172759,0.04222736562155383
-787.9136212624585,0.043922810748253556
-787.8936877076412,0.045611927648087386
-787.873754152824,0.04728910398137529
-787.8538205980067,0.04894930552922808
-787.8338870431894,0.050587990111408104
-787.8139534883721,0.052201036515883516
-787.7940199335549,0.05378468595593647
-787.7740863787376,0.05533549389000842
-787.7541528239203,0.056850290367968744
-787.734219269103,0.05832614737248655
-787.7142857142858,0.0597603518919551
-787.6943521594685,0.06115038368929489
-787.6744186046512,0.062493896921059805
-787.6544850498339,0.06378870491755359
-787.6345514950167,0.065032767562561
-787.6146179401993,0.06622418081500883
-787.5946843853822,0.06736116799912745
-787.5747508305649,0.06844207255783116
-787.5548172757475,0.06946535201921551
-787.5348837209303,0.07042957297088462
-787.514950166113,0.07133340687313137
-787.4950166112958,0.072175626571678
-787.4750830564784,0.07295510339480606
-787.4551495016611,0.0736708047395074
-787.4352159468439,0.07432179206763385
-787.4152823920266,0.07490721924642689
-787.3953488372094,0.0754263311790351
-787.375415282392,0.07587846267987652
-787.3554817275748,0.07626303755763068
-787.3355481727575,0.07657956787527818
-787.3156146179402,0.07682765336221387
-787.295681063123,0.0770069809585431
-787.2757475083057,0.07711732447583505
-787.2558139534883,0.0771585443626112
-787.2358803986712,0.07713058756632217
-787.2159468438539,0.07703348748681936
-787.1960132890366,0.07686736401956253
-787.1760797342193,0.07663242368988188
-787.156146179402,0.07632895988268486
-787.1362126245848,0.07595735317538943
-787.1162790697674,0.07551807178520481
-787.0963455149503,0.07501167214584288
-787.076411960133,0.07443879963286205
-787.0564784053156,0.07380018946178973
-787.0365448504984,0.07309666778861794
-787.0166112956811,0.07232915304884384
-786.9966777408639,0.07149865757885303
-786.9767441860465,0.07060628957244178
-786.9568106312292,0.06965325543628695
-786.936877076412,0.06864086262108063
-786.9169435215947,0.06757052302097248
-786.8970099667775,0.06644375705313466
-786.8770764119602,0.06526219855268804
-786.8571428571429,0.06402760064697283
-786.8372093023256,0.06274184280830433
-786.8172757475083,0.061406939327729726
-786.7973421926911,0.06002504950581846
-786.7774086378738,0.0585984899223011
-786.7574750830565,0.057129749228187914
-786.7375415282393,0.05562150600413061
-786.717607973422,0.05407665035304136
-786.6976744186047,0.05249831004626626
-786.6777408637874,0.0508898822276122
-786.6578073089702,0.049255071901238554
-786.6378737541529,0.04759793869155524
-786.6179401993355,0.045922953663401926
-786.5980066445184,0.04423506831817087
-786.578073089701,0.04253979820669295
-786.5581395348838,0.04084332386251051
-786.5382059800666,0.0391526118415727
-786.5182724252492,0.037475558346285166
-786.498338870432,0.035821156852422986
-786.4784053156146,0.03419968875952265
-786.4584717607975,0.03262293145028477
-786.4385382059801,0.031104370010278912
-786.4186046511628,0.029659385703330918
-786.3986710963455,0.028305374831615143
-786.3787375415283,0.027061726080566617
-786.3588039867111,0.025949557161657894
-786.3388704318937,0.02499109445970993
-786.3189368770765,0.024208594460701303
-786.2990033222592,0.023622780613087594
-786.2790697674419,0.02325091860493537
-786.2591362126246,0.023104847187778325
-786.2392026578074,0.023189428503772577
-786.21926910299,0.023501863990991637
-786.1993355481728,0.024032092844221184
-786.1794019933556,0.02476414512190064
-786.1594684385383,0.025678045890782843
-786.139534883721,0.026751790960898136
-786.1196013289036,0.027963027633056154
-786.0996677740865,0.029290266631180967
-786.0797342192691,0.03071361832601524
-786.0598006644519,0.03221514115867948
-786.0398671096345,0.03377891876037306
-786.0199335548173,0.035390971293221524
-786.0000000000001,0.037039080432782444
-785.9800664451827,0.038712580741585984
-785.9601328903656,0.040402148946243464
-785.9401993355482,0.042099607866007596
-785.9202657807309,0.04379775240419507
-785.9003322259136,0.04549019957194135
-785.8803986710964,0.04717126161418924
-785.8604651162792,0.048835839955477016
-785.8405315614618,0.05047933721469738
-785.8205980066446,0.052097584540441125
-785.8006644518273,0.05368678174646496
-785.78073089701,0.05524344804303692
-785.7607973421927,0.05676438148988779
-785.7408637873755,0.05824662560588346
-785.7209302325581,0.05968744184281693
-785.7009966777409,0.06108428686347554
-785.6810631229237,0.06243479375827661
-785.6611295681064,0.06373675649484876
-785.6411960132891,0.0649881170257723
-785.6212624584717,0.0661869545860199
-785.6013289036546,0.06733147679790621
-785.5813953488372,0.06842001227109751
-785.56146179402,0.06945100444195515
-785.5415282392026,0.07042300644219002
-785.5215946843854,0.07133467682407571
-785.5016611295682,0.07218477599986832
-785.4817275747508,0.07297216327764407
-785.4617940199337,0.07369579439625067
-785.4418604651163,0.0743547194785427
-785.421926910299,0.0749480813358841
-785.4019933554817,0.07547511406836019
-785.3820598006645,0.07593514191459047
-785.3621262458472,0.0763275783130657
-785.3421926910299,0.07665192514372883
-785.3222591362127,0.07690777212425991
-785.3023255813954,0.077094796340557
-785.2823920265781,0.07721276189537629
-785.2624584717609,0.07726151966282283
-785.2425249169436,0.07724100714019377
-785.2225913621262,0.07715124839178432
-785.202657807309,0.07699235408256248
-785.1827242524917,0.07676452160268214
-785.1627906976745,0.07646803528692257
-785.1428571428572,0.07610326673642613
-785.1229235880398,0.07567067525356241
-785.1029900332227,0.0751708084045269
-785.0830564784053,0.07460430272841322
-785.0631229235881,0.07397188461641555
-785.0431893687708,0.073274371390142
-785.0232558139535,0.0725126726144896
-785.0033222591362,0.07168779168805679
-784.9833887043189,0.07080082776289572
-784.9634551495018,0.06985297805622366
-784.9435215946844,0.06884554062935118
-784.9235880398671,0.06777991772478434
-784.9036544850499,0.06665761977115803
-784.8837209302326,0.0654802701886497
-784.8637873754153,0.06424961115571828
-784.843853820598,0.06296751053236586
-784.8239202657808,0.06163597017771582
-784.8039867109635,0.060257135951866964
-784.7840531561462,0.05883330975679262
-784.764119601329,0.057366964050504385
-784.7441860465117,0.055860759367599225
-784.7242524916944,0.054317565500099654
-784.7043189368771,0.052740487141576524
-784.6843853820598,0.051132894978539886
-784.6644518272426,0.0494984634312153
-784.6445182724253,0.04784121650410611
-784.6245847176081,0.046165583503577426
-784.6046511627908,0.0444764667058357
-784.5847176079734,0.042779323387330356
-784.5647840531562,0.04108026490419905
-784.5448504983389,0.03938617561823919
-784.5249169435217,0.03770485421584653
-784.5049833887043,0.0360451790109406
-784.485049833887,0.034417296604894475
-784.4651162790699,0.03283282893154311
-784.4451827242525,0.03130508601848846
-784.4252491694353,0.02984925923439767
-784.405315614618,0.028482551003387563
-784.3853820598007,0.027224171933149112
-784.3654485049834,0.026095108731902
-784.3455149501661,0.025117547142790783
-784.3255813953489,0.024313844383662436
-784.3056478405316,0.02370501293754374
-784.2857142857143,0.02330881949385498
-784.2657807308971,0.023137795972075447
-784.2458471760798,0.02319761776507868
-784.2259136212625,0.023486308671870047
-784.2059800664452,0.02399452321227018
-784.1860465116279,0.024706815401937688
-784.1661129568107,0.025603510809593936
-784.1461794019933,0.02666269912274013
-784.1262458471762,0.02786196162643389
-784.1063122923589,0.029179638473010278
-784.0863787375415,0.030595614101239805
-784.0664451827244,0.03209170230768618
-784.046511627907,0.03365174705973167
-784.0265780730898,0.035261547057214106
-784.0066445182724,0.03690868662460412
-783.9867109634552,0.038582328435252694
-783.9667774086379,0.04027300159522174
-783.9468438538206,0.041972403157106326
-783.9269102990035,0.043673221271026914
-783.9069767441861,0.04536898238199924
-783.8870431893688,0.047053921760779355
-783.8671096345515,0.048722875172491915
-783.8471760797343,0.05037118894774259
-783.827242524917,0.05199464568753305
-783.8073089700997,0.05358940304605933
-783.7873754152824,0.055151943347284675
-783.7674418604652,0.05667903212300615
-783.7475083056479,0.058167683972930546
-783.7275747508306,0.05961513442479365
-783.7076411960134,0.0610188167097916
-783.6877076411961,0.06237634256709828
-783.6677740863788,0.06368548635501407
-783.6478405315614,0.0649441718803409
-783.6279069767443,0.06615046146633077
-783.607973421927,0.06730254686811644
-783.5880398671097,0.06839874171592206
-783.5681063122925,0.06943747522432951
-783.5481727574751,0.07041728695289277
-783.5282392026579,0.07133682244143305
-783.5083056478405,0.07219482957450751
-783.4883720930234,0.07299015555467181
-783.468438538206,0.07372174438507961
-783.4485049833887,0.07438863477889347
-783.4285714285716,0.07498995842700876
-783.4086378737542,0.07552493856732669
-783.388704318937,0.0759928888085003
-783.3687707641196,0.07639321216917716
-783.3488372093024,0.07672540030078835
-783.3289036544851,0.07698903286769143
-783.3089700996678,0.07718377706367036
-783.2890365448505,0.0773093872482092
-783.2691029900333,0.0773657046899271
-783.249169435216,0.07735265740817918
-783.2292358803987,0.07727026010713968
-783.2093023255815,0.07711861419995646
-783.1893687707642,0.07689790792353149
-783.1694352159469,0.07660841654775731
-783.1495016611295,0.07625050268618899
-783.1295681063124,0.07582461671864378
-783.109634551495,0.07533129733982842
-783.0897009966778,0.074771172252455
-783.0697674418606,0.07414495902780649
-783.0498338870432,0.07345346616224199
-783.029900332226,0.07269759436438436
-783.0099667774086,0.07187833811509406
-782.9900332225915,0.07099678755114136
-782.9700996677741,0.07005413073395592
-782.9501661129568,0.06905165637734784
-782.9302325581396,0.06799075712342785
-782.9102990033223,0.06687293347433788
-782.8903654485051,0.06569979850989179
-782.8704318936877,0.06447308354886391
-782.8504983388705,0.06319464494534058
-782.8305647840532,0.061866472253180066
-782.8106312292359,0.06049069804283695
-782.7906976744187,0.059069609718028424
-782.7707641196014,0.05760566375785255
-782.750830564784,0.056101502906332985
-782.7308970099668,0.0545599769502011
-782.7109634551496,0.05298416787142114
-782.6910299003323,0.05137742033876135
-782.671096345515,0.049743378717013904
-782.6511627906976,0.04808603202682512
-782.6312292358805,0.04640976858165435
-782.6112956810631,0.04471944235299751
-782.5913621262459,0.0430204534461826
-782.5714285714286,0.041318845354638076
-782.5514950166113,0.03962142179744008
-782.5315614617941,0.03793588574693246
-782.5116279069767,0.03627100239622211
-782.4916943521596,0.03463678576810247
-782.4717607973422,0.033044704599147615
-782.4518272425249,0.03150789585672313
-782.4318936877077,0.03004136226453416
-782.4119601328904,0.02866211210223971
-782.3920265780732,0.027389175047011074
-782.3720930232558,0.026243400093729295
-782.3521594684386,0.025246920643974366
-782.3322259136213,0.024422177623059725
-782.312292358804,0.02379045152492843
-782.2923588039868,0.023369988582894127
-782.2724252491695,0.0231739973415749
-782.2524916943521,0.02320896005824058
-782.232558139535,0.02347372923333244
-782.2126245847177,0.023959692183703616
-782.1926910299004,0.024651950516974247
-782.1727574750831,0.025531154233295
-782.1528239202657,0.026575506713210618
-782.1328903654486,0.0277625369525231
-782.1129568106312,0.029070422261606034
-782.093023255814,0.030478824106326304
-782.0730897009967,0.031969311353689064
-782.0531561461794,0.03352548612213017
-782.0332225913622,0.03513292255310553
-782.0132890365448,0.03677900425451841
-781.9933554817277,0.03845271874684239
-781.9734219269103,0.04014444454066892
-781.953488372093,0.04184575030844551
-781.9335548172758,0.04354921520289659
-781.9136212624585,0.0452482732028071
-781.8936877076412,0.046937081009253916
-781.873754152824,0.048610407394109954
-781.8538205980067,0.05026354128632866
-781.8338870431894,0.05189221580955298
-781.8139534883721,0.05349254568043269
-781.7940199335549,0.055060975683745544
-781.7740863787376,0.05659423827320586
-781.7541528239203,0.05808931866376747
-781.734219269103,0.05954342606308905
-781.7142857142857,0.06095396993214678
-781.6943521594685,0.0623185403676877
-781.6744186046512,0.06363489186690091
-781.654485049834,0.06490092987180246
-781.6345514950167,0.06611469960235793
-781.6146179401993,0.06727437677802767
-781.5946843853822,0.0683782599005128
-781.5747508305648,0.06942476383002222
-781.5548172757476,0.07041241443545745
-781.5348837209302,0.0713398441377576
-781.514950166113,0.07220578819776664
-781.4950166112958,0.0730090816255428
-781.4750830564784,0.07374865660951138
-781.4551495016613,0.07442354038106405
-781.4352159468439,0.0750328534447566
-781.4152823920266,0.07557580811599615
-781.3953488372093,0.07605170731816058
-781.375415282392,0.07645994359935775
-781.3554817275749,0.07679999833599926
-781.3355481727575,0.07707144109656246
-781.3156146179402,0.07727392914385484
-781.295681063123,0.07740720705874987
-781.2757475083057,0.07747110647243657
-781.2558139534884,0.07746554589765536
-781.2358803986712,0.07739053065308592
-781.2159468438538,0.0772461528778817
-781.1960132890366,0.0770325916367948
-781.1760797342193,0.07675011311926917
-781.1561461794021,0.07639907093914748
-781.1362126245848,0.07597990654511136
-781.1162790697674,0.075493149755606
-781.0963455149503,0.07493941943617514
-781.0764119601329,0.07431942434172832
-781.0564784053157,0.07363396415160525
-781.0365448504983,0.07288393073149942
-781.0166112956811,0.07207030966357122
-780.9966777408639,0.0711941820946847
-780.9767441860465,0.07025672696298815
-780.9568106312294,0.06925922367537456
-780.936877076412,0.06820305532340827
-780.9169435215947,0.06708971254320473
-780.8970099667774,0.06592079814701575
-780.8770764119602,0.06469803268113289
-780.8571428571429,0.06342326109777167
-780.8372093023256,0.06209846076954998
-780.8172757475083,0.060725751124918514
-780.7973421926911,0.059307405245212
-780.7774086378738,0.057845863840248424
-780.7574750830565,0.05634375211380021
-780.7375415282393,0.05480390014663506
-780.717607973422,0.05322936756777524
-780.6976744186047,0.051623473458746974
-780.6777408637873,0.04998983264650315
-780.6578073089702,0.048332399790728994
-780.6378737541529,0.04665552296183473
-780.6179401993356,0.044964008728338285
-780.5980066445184,0.04326320110580146
-780.578073089701,0.041559077014545566
-780.5581395348838,0.03985836105464915
-780.5382059800664,0.03816866225783055
-780.5182724252493,0.03649863471154381
-780.4983388704319,0.03485816206292525
-780.4784053156146,0.03325856210680952
-780.4584717607975,0.03171280079005034
-780.4385382059801,0.030235693546935803
-780.4186046511629,0.028844054446223365
-780.3986710963455,0.027556729705799657
-780.3787375415283,0.02639442435459263
-780.358803986711,0.025379208302306167
-780.3388704318937,0.024533589674058085
-780.3189368770765,0.023879096222077675
-780.2990033222592,0.023434432056708036
-780.2790697674419,0.023213465001529304
-780.2591362126246,0.023223476539199157
-780.2392026578074,0.0234641529041345
-780.2192691029901,0.02392763076112947
-780.1993355481728,0.02459958265283298
-780.1794019933554,0.025461007227964575
-780.1594684385383,0.026490242001282114
-780.139534883721,0.027664778106099946
-780.1196013289037,0.028962638339555414
-780.0996677740865,0.030363264581584084
-780.0797342192691,0.03184798074482454
-780.0598006644519,0.03340014504288208
-780.0398671096345,0.03500510400367583
-780.0199335548174,0.036650037141305734
-780.0,0.03832375352068296
-779.9800664451827,0.04001647803185021
-779.9601328903656,0.041719648301709905
-779.9401993355482,0.04342573219267803
-779.920265780731,0.045128069273735034
-779.9003322259136,0.04682073604331901
-779.8803986710964,0.04849843291444854
-779.8604651162791,0.050156390274424846
-779.8405315614618,0.0517902908176402
-779.8205980066446,0.053396205526923375
-779.8006644518273,0.05497054097967904
-779.78073089701,0.05650999598884119
-779.7607973421927,0.05801152590848827
-779.7408637873755,0.05947231322141333
-779.7209302325582,0.06088974327236792
-779.7009966777409,0.06226138421830222
-779.6810631229235,0.06358497043822736
-779.6611295681064,0.0648583887858811
-779.641196013289,0.06607966718252009
-779.6212624584718,0.06724696514004923
-779.6013289036546,0.06835856587962488
-779.5813953488372,0.06941286977198301
-779.56146179402,0.07040838887455957
-779.5415282392026,0.07134374238095177
-779.5215946843855,0.07221765283042883
-779.5016611295681,0.07302894295193502
-779.4817275747508,0.07377653303858753
-779.4617940199336,0.0744594387665457
-779.4418604651163,0.07507676938685869
-779.4219269102991,0.07562772623090391
-779.4019933554817,0.076111601480365
-779.3820598006645,0.0765277771609888
-779.3621262458472,0.07687572432667492
-779.3421926910299,0.07715500240647824
-779.3222591362127,0.07736525869241097
-779.3023255813954,0.07750622795050532
-779.282392026578,0.0775777321416528
-779.2624584717609,0.07757968024251852
-779.2425249169436,0.07751206815999949
-779.2225913621263,0.07737497873627573
-779.202657807309,0.07716858184423633
-779.1827242524917,0.07689313457647337
-779.1627906976745,0.07654898153416288
-779.1428571428571,0.0761365552254655
-779.12292358804,0.07565637658693301
-779.1029900332226,0.07510905564531804
-779.0830564784053,0.07449529234179045
-779.0631229235881,0.07381587754597602
-779.0431893687708,0.07307169429304627
-779.0232558139536,0.07226371928448416
-779.0033222591362,0.07139302470154336
-778.9833887043189,0.07046078039042637
-778.9634551495017,0.06946825649044489
-778.9435215946844,0.06841682659104452
-778.9235880398672,0.06730797152123726
-778.9036544850499,0.06614328389677938
-778.8837209302326,0.06492447357665766
-778.8637873754153,0.06365337421305757
-778.843853820598,0.06233195111868164
-778.8239202657808,0.06096231072455838
-778.8039867109635,0.059546711961894545
-778.7840531561462,0.05808757997659798
-778.764119601329,0.056587522677373756
-778.7441860465117,0.05504935073225691
-778.7242524916944,0.053476101768623864
-778.7043189368771,0.051871069702447585
-778.6843853820599,0.05023784032970116
-778.6644518272426,0.04858033455919328
-778.6445182724252,0.046902860952718936
-778.6245847176081,0.045210179559210986
-778.6046511627907,0.04350757936426718
-778.5847176079735,0.04180097198000447
-778.5647840531562,0.040097004383849076
-778.5448504983389,0.03840319341182326
-778.5249169435217,0.036728084034541926
-778.5049833887043,0.0350814317085193
-778.4850498338872,0.03347440554348072
-778.4651162790698,0.03191980254259979
-778.4451827242525,0.030432252303775883
-778.4252491694352,0.029028374806943476
-778.405315614618,0.02772683059209744
-778.3853820598008,0.026548174914015548
-778.3654485049834,0.02551440358451036
-778.3455149501661,0.02464807594981434
-778.3255813953489,0.02397094657614333
-778.3056478405316,0.023502155633049245
-778.2857142857143,0.023256212132310695
-778.2657807308971,0.023241187919327673
-778.2458471760797,0.023457606667664364
-778.2259136212625,0.023898369960914462
-778.2059800664452,0.0245497442595956
-778.186046511628,0.025393101316355526
-778.1661129568107,0.026406933827519942
-778.1461794019933,0.027568710196331832
-778.1262458471762,0.028856307652442972
-778.1063122923588,0.03024895232499284
-778.0863787375416,0.03172772342457132
-778.0664451827242,0.03327573334522587
-778.046511627907,0.03487809799434113
-778.0265780730898,0.036521789407092796
-778.0066445182724,0.03819543485270048
-777.9867109634553,0.03988910252565805
-777.9667774086379,0.04159409628956784
-777.9468438538206,0.0433027703740589
-777.9269102990033,0.045008367950471
-777.9069767441861,0.046704883643264195
-777.8870431893689,0.04838694810842208
-777.8671096345515,0.05004973202438805
-777.8471760797343,0.05168886668170785
-777.827242524917,0.05330037851421827
-777.8073089700997,0.054880635208265145
-777.7873754152824,0.0564263013602669
-777.7674418604652,0.05793430197659423
-777.7475083056479,0.05940179240138228
-777.7275747508306,0.06082613350962746
-777.7076411960134,0.062204871214715345
-777.6877076411961,0.06353571951504564
-777.6677740863788,0.06481654644799206
-777.6478405315615,0.06604536243669566
-777.6279069767443,0.06722031061021067
-777.6079734219269,0.0683396587542022
-777.5880398671097,0.0694017926121212
-777.5681063122923,0.07040521030684903
-777.5481727574752,0.0713485176940829
-777.5282392026579,0.07223042449181426
-777.5083056478405,0.0730497410575569
-777.4883720930234,0.0738053757069965
-777.468438538206,0.07449633248616945
-777.4485049833888,0.0751217093241361
-777.4285714285714,0.07568069650549028
-777.4086378737542,0.07617257541262551
-777.3887043189369,0.07659671749606267
-777.3687707641196,0.07695258343861718
-777.3488372093025,0.07723972248539486
-777.3289036544851,0.07745777191687582
-777.3089700996678,0.07760645664705978
-777.2890365448505,0.07768558893284629
-777.2691029900333,0.07769506818439734
-777.249169435216,0.07763488086977101
-777.2292358803987,0.07750510051032454
-777.2093023255813,0.0773058877665319
-777.1893687707642,0.0770374906169393
-777.1694352159469,0.07670024463624674
-777.1495016611296,0.07629457338189068
-777.1295681063124,0.07582098890205605
-777.109634551495,0.07528009238219717
-777.0897009966778,0.0746725749515406
-777.0697674418604,0.07399921867638393
-777.0498338870433,0.07326089777279825
-777.0299003322259,0.0724585800786322
-777.0099667774086,0.07159332883273889
-776.9900332225915,0.07066630481956773
-776.9700996677741,0.0696787689489207
-776.9501661129569,0.06863208535517586
-776.9302325581396,0.06752772511764525
-776.9102990033223,0.0663672707249129
-776.890365448505,0.06515242143192809
-776.8704318936877,0.06388499969036993
-776.8504983388705,0.06256695887183401
-776.8305647840532,0.061200392551466344
-776.8106312292359,0.05978754567904479
-776.7906976744187,0.058330828037741214
-776.7707641196014,0.05683283048137004
-776.7508305647841,0.05529634455249248
-776.7308970099668,0.053724386220941146
-776.7109634551495,0.05212022465012319
-776.6910299003323,0.05048741710152756
-776.671096345515,0.04882985133053732
-776.6511627906978,0.047151797109671066
-776.6312292358805,0.045457968833736054
-776.6112956810631,0.04375360149701021
-776.5913621262459,0.04204454264397153
-776.5714285714286,0.04033736309863683
-776.5514950166114,0.03863948921787353
-776.531561461794,0.03695935881758895
-776.5116279069767,0.03530660132960954
-776.4916943521596,0.03369223943376191
-776.4717607973422,0.032128903298809734
-776.451827242525,0.030631038229122557
-776.4318936877077,0.02921507041558656
-776.4119601328904,0.027899472798050072
-776.3920265780731,0.026704645479924932
-776.3720930232558,0.025652500106892115
-776.3521594684386,0.024765631806682568
-776.3322259136213,0.02406600185805393
-776.312292358804,0.023573164578016118
-776.2923588039868,0.023302251391437753
-776.2724252491695,0.023262114453643734
-776.2524916943522,0.02345411724087083
-776.232558139535,0.023871940790025064
-776.2126245847176,0.02450246803287987
-776.1926910299004,0.02532746846697058
-776.172757475083,0.02632561160129574
-776.1528239202659,0.02747435895043821
-776.1328903654486,0.028751451756626654
-776.1129568106312,0.030135904701954194
-776.093023255814,0.03160855284193166
-776.0730897009967,0.033152260989902094
-776.0531561461795,0.03475191148168867
-776.0332225913621,0.03639426548465233
-776.0132890365448,0.038067765096473326
-775.9933554817276,0.03976231869150354
-775.9734219269103,0.041469093599507505
-775.9534883720931,0.043180328024541026
-775.9335548172758,0.04488916670723953
-775.9136212624585,0.04658952068751487
-775.8936877076412,0.04827594943286558
-775.873754152824,0.04994356271765002
-775.8538205980067,0.05158793943071572
-775.8338870431894,0.05320506062245845
-775.8139534883721,0.054791254388411835
-775.7940199335549,0.056343150519525265
-775.7740863787376,0.057857643176547346
-775.7541528239203,0.05933186014196116
-775.734219269103,0.06076313745973819
-775.7142857142858,0.06214899848947883
-775.6943521594685,0.06348713658097545
-775.6744186046511,0.06477540072242347
-775.654485049834,0.06601178363545741
-775.6345514950166,0.06719441188746583
-775.6146179401994,0.06832153767059336
-775.5946843853822,0.06939153196055714
-775.5747508305648,0.07040287882021116
-775.5548172757476,0.07135417065469833
-775.5348837209302,0.0722441042591269
-775.5149501661131,0.07307147752752202
-775.4950166112957,0.07383518671446487
-775.4750830564784,0.07453422415954598
-775.4551495016613,0.07516767640000047
-775.4352159468439,0.07573472260964113
-775.4152823920267,0.07623463331282047
-775.3953488372093,0.07666676933083935
-775.375415282392,0.07703058092584096
-775.3554817275748,0.07732560711345006
-775.3355481727575,0.07755147512088222
-775.3156146179402,0.07770789997202059
-775.295681063123,0.07779468418515456
-775.2757475083057,0.07781171757268755
-775.2558139534884,0.0777589771358718
-775.2358803986712,0.07763652705057873
-775.2159468438539,0.07744451874348458
-775.1960132890366,0.07718319106102872
-775.1760797342192,0.07685287053684628
-775.1561461794021,0.07645397176658823
-775.1362126245847,0.07598699790276384
-775.1162790697675,0.07545254128616898
-775.0963455149503,0.07485128423498684
-775.0764119601329,0.07418400001764726
-775.0564784053157,0.07345155404165549
-775.0365448504983,0.07265490529720403
-775.0166112956812,0.07179510810292909
-774.9966777408638,0.07087331421056053
-774.9767441860465,0.06989077533721393
-774.9568106312292,0.06884884620790935
-774.936877076412,0.06774898820812236
-774.9169435215948,0.06659277376690682
-774.8970099667774,0.06538189161649845
-774.8770764119602,0.06411815310543097
-774.8571428571429,0.06280349978041655
-774.8372093023256,0.06144001249932069
-774.8172757475083,0.0600299223957045
-774.7973421926911,0.05857562408705627
-774.7774086378738,0.057079691607598224
-774.7574750830565,0.055544897655786726
-774.7375415282393,0.05397423688101048
-774.717607973422,0.052370954098624384
-774.6976744186047,0.05073857852186727
-774.6777408637874,0.049080965337886806
-774.6578073089702,0.047402346234491965
-774.6378737541528,0.04570739080015922
-774.6179401993356,0.04400128105578412
-774.5980066445183,0.042289801694795626
-774.5780730897011,0.04057944883033418
-774.5581395348838,0.03887756002828576
-774.5382059800664,0.03719246788504163
-774.5182724252493,0.0355336779534815
-774.4983388704319,0.033912068734960985
-774.4784053156147,0.03234010570112879
-774.4584717607974,0.030832051488330743
-774.4385382059801,0.029404138965186902
-774.4186046511629,0.028074651832028372
-774.3986710963455,0.026863830080943788
-774.3787375415284,0.02579349165344951
-774.358803986711,0.024886252565999568
-774.3388704318937,0.024164261083298832
-774.3189368770765,0.023647463719409092
-774.2990033222592,0.023351594914265247
-774.2790697674419,0.023286275927771084
-774.2591362126246,0.023453711051509205
-774.2392026578074,0.023848374220807204
-774.2192691029901,0.024457786892782926
-774.1993355481728,0.02526414108102339
-774.1794019933556,0.026246305296324553
-774.1594684385383,0.02738175071617823
-774.1395348837209,0.028648092826326976
-774.1196013289037,0.03002413965482822
-774.0996677740864,0.03149048296172587
-774.0797342192692,0.03302973838522535
-774.0598006644519,0.03462655180271195
-774.0398671096345,0.036267470125534225
-774.0199335548174,0.03794074687022797
-774.0,0.03963612741731042
-773.9800664451828,0.041344639738921794
-773.9601328903655,0.04305840356971222
-773.9401993355482,0.04477046314043291
-773.9202657807309,0.04647464415581003
-773.9003322259136,0.04816543342921992
-773.8803986710965,0.049837878607105486
-773.8604651162791,0.05148750515484312
-773.8405315614618,0.05311024788514817
-773.8205980066446,0.05470239458656579
-773.8006644518273,0.056260539642016036
-773.78073089701,0.05778154585738125
-773.7607973421927,0.05926251302105291
-773.7408637873754,0.060700751976802934
-773.7209302325582,0.06209376321353098
-773.7009966777409,0.06343921915880502
-773.6810631229237,0.06473494951404285
-773.6611295681064,0.06597892909177794
-773.641196013289,0.06716926771540106
-773.6212624584718,0.06830420182237017
-773.6013289036545,0.06938208747750761
-773.5813953488373,0.07040139455574955
-773.5614617940199,0.07136070189687745
-773.5415282392026,0.07225869326956369
-773.5215946843855,0.07309415401056564
-773.5016611295681,0.07386596822808708
-773.481727574751,0.07457311647746427
-773.4617940199336,0.07521467383294017
-773.4418604651163,0.07578980829227983
-773.421926910299,0.07629777946184908
-773.4019933554817,0.0767379374786308
-773.3820598006645,0.07710972213343509
-773.3621262458472,0.07741266216585567
-773.3421926910299,0.0776463747071732
-773.3222591362127,0.07781056485213173
-773.3023255813954,0.0779050253448525
-773.2823920265781,0.07792963636785893
-773.2624584717609,0.07788436542677872
-773.2425249169435,0.07776926732647846
-773.2225913621263,0.07758448423759529
-773.202657807309,0.07733024585560283
-773.1827242524918,0.07700686965762246
-773.1627906976745,0.07661476126563828
-773.1428571428571,0.07615441492831979
-773.12292358804,0.0756264141376091
-773.1029900332226,0.07503143240063366
-773.0830564784054,0.07437023419256937
-773.063122923588,0.07364367612185564
-773.0431893687708,0.07285270834608727
-773.0232558139536,0.07199837628475189
-773.0033222591362,0.071081822684793
-772.983388704319,0.0701042901062334
-772.9634551495017,0.06906712390907997
-772.9435215946844,0.0679717758393512
-772.9235880398671,0.06681980833253796
-772.9036544850499,0.06561289967758986
-772.8837209302326,0.0643528502150822
-772.8637873754153,0.06304158978058107
-772.843853820598,0.061681186650365406
-772.8239202657808,0.06027385830356649
-772.8039867109635,0.05882198438501151
-772.7840531561462,0.05732812233984232
-772.764119601329,0.05579502629804484
-772.7441860465117,0.05422566991874765
-772.7242524916944,0.05262327406550707
-772.704318936877,0.050991340379561066
-772.6843853820599,0.04933369205293178
-772.6644518272426,0.04765452337883709
-772.6445182724253,0.0459584599699745
-772.6245847176081,0.04425063187142941
-772.6046511627907,0.042536762118617684
-772.5847176079735,0.04082327352983977
-772.5647840531561,0.039117416540057515
-772.544850498339,0.03742742043410961
-772.5249169435216,0.03576266901051751
-772.5049833887043,0.034133898837589306
-772.4850498338872,0.03255341285101397
-772.4651162790698,0.03103529272036647
-772.4451827242526,0.029595578615552672
-772.4252491694352,0.02825236362759211
-772.405315614618,0.027025723080719447
-772.3853820598007,0.025937372195696078
-772.3654485049834,0.02500993353762129
-772.3455149501661,0.02426572303464893
-772.3255813953489,0.023725057462307495
-772.3056478405316,0.023404254316819646
-772.2857142857143,0.023313691646333925
-772.2657807308971,0.0234564142158034
-772.2458471760798,0.023827701164891954
-772.2259136212625,0.024415733961025563
-772.2059800664451,0.02520315197701523
-772.186046511628,0.02616904544350968
-772.1661129568106,0.027290912461673103
-772.1461794019934,0.028546253658070894
-772.1262458471762,0.029913675709723114
-772.1063122923588,0.031373528272104344
-772.0863787375416,0.03290817639421148
-772.0664451827242,0.034502026680958066
-772.0465116279071,0.036141408405000436
-772.0265780730897,0.03781438306059137
-772.0066445182724,0.039510529812054884
-771.9867109634553,0.04122073439664908
-771.9667774086379,0.04293699558390108
-771.9468438538207,0.04465225496856221
-771.9269102990033,0.046360251128480336
-771.9069767441861,0.04805539672237425
-771.8870431893688,0.0497326760155144
-771.8671096345515,0.05138756000358037
-771.8471760797343,0.05301593638703053
-771.827242524917,0.054614051914422757
-771.8073089700997,0.05617846494406478
-771.7873754152824,0.0577060064061624
-771.7674418604652,0.059193747652875064
-771.7475083056479,0.060638973950512806
-771.7275747508306,0.0620391625935062
-771.7076411960134,0.06339196480782655
-771.6877076411961,0.06469519076556068
-771.6677740863787,0.06594679715836244
-771.6478405315615,0.06714487687959984
-771.6279069767443,0.06828765044774496
-771.607973421927,0.06937345887076196
-771.5880398671097,0.07040075770531741
-771.5681063122923,0.07136811210882513
-771.5481727574752,0.07227419271802517
-771.5282392026578,0.07311777221682712
-771.5083056478406,0.07389772248016606
-771.4883720930233,0.07461301219984026
-771.468438538206,0.07526270491455267
-771.4485049833888,0.0758459573794662
-771.4285714285714,0.0763620182218286
-771.4086378737543,0.07681022683806839
-771.3887043189369,0.07719001249593782
-771.3687707641196,0.07750089361143282
-771.3488372093024,0.07774247717622297
-771.3289036544851,0.07791445831593835
-771.3089700996678,0.07801661996410349
-771.2890365448505,0.07804883264032379
-771.2691029900333,0.07801105432491827
-771.249169435216,0.0779033304253562
-771.2292358803987,0.07772579383319174
-771.2093023255815,0.07747866507321385
-771.1893687707642,0.07716225254974715
-771.1694352159468,0.07677695289838403
-771.1495016611296,0.07632325145495578
-771.1295681063123,0.07580172285748639
-771.1096345514951,0.07521303180118542
-771.0897009966778,0.07455793397162182
-771.0697674418604,0.07383727718679872
-771.0498338870433,0.07305200278571873
-771.0299003322259,0.07220314730879084
-771.0099667774087,0.07129184452494094
-770.9900332225914,0.07031932787148915
-770.9700996677741,0.06928693338643338
-770.9501661129568,0.06819610322924419
-770.9302325581396,0.06704838990615347
-770.9102990033224,0.06584546134040242
-770.890365448505,0.06458910695766618
-770.8704318936877,0.06328124499363674
-770.8504983388705,0.061923931275833934
-770.8305647840532,0.06051936978741558
-770.8106312292359,0.05906992538961831
-770.7906976744187,0.05757813916429494
-770.7707641196014,0.05604674694299315
-770.7508305647841,0.05447870171805014
-770.7308970099668,0.05287720078933906
-770.7109634551496,0.05124571869256422
-770.6910299003323,0.049588047185982226
-770.6710963455149,0.04790834384414607
-770.6511627906978,0.04621119111764546
-770.6312292358804,0.04450166805331666
-770.6112956810632,0.04278543719842177
-770.5913621262459,0.04106884946638078
-770.5714285714286,0.039359069793292
-770.5514950166114,0.03766422603294474
-770.531561461794,0.035993582332101176
-770.5116279069769,0.0343577355633569
-770.4916943521595,0.032768828307588545
-770.4717607973422,0.031240763037990067
-770.4518272425249,0.02978938799618648
-770.4318936877077,0.028432604550667293
-770.4119601328905,0.027190319190640164
-770.3920265780731,0.026084135911438534
-770.3720930232558,0.025136670043189337
-770.3521594684386,0.024370386285688644
-770.3322259136213,0.023805949806612707
-770.312292358804,0.023460240701475586
-770.2923588039868,0.023344380424718328
-770.2724252491694,0.023462252519287807
-770.2524916943522,0.0238099524500037
-770.232558139535,0.024376342540824818
-770.2126245847177,0.025144534378146607
-770.1926910299004,0.026093863127123303
-770.172757475083,0.027201871778931207
-770.1528239202659,0.028445957679345765
-770.1328903654485,0.02980453198796639
-770.1129568106313,0.03125770379699931
-770.0930232558139,0.032787586346824354
-770.0730897009967,0.03437834423793818
-770.0531561461795,0.03601608573234788
-770.0332225913621,0.03768867683164257
-770.013289036545,0.03938552721370524
-769.9933554817276,0.041097377449849905
-769.9734219269103,0.042816102796230604
-769.953488372093,0.044534540037532266
-769.9335548172758,0.04624633879117431
-769.9136212624585,0.047945836024862416
-769.8936877076412,0.04962795133934486
-769.873754152824,0.05128810018926772
-769.8538205980067,0.052922122267370544
-769.8338870431894,0.0545262225319548
-769.8139534883721,0.05609692268584345
-769.7940199335549,0.05763102125079906
-769.7740863787376,0.05912556069072014
-769.7541528239203,0.06057780030884337
-769.734219269103,0.061985193874421377
-769.7142857142858,0.0633453711264991
-769.6943521594685,0.06465612246024474
-769.6744186046512,0.06591538623035814
-769.654485049834,0.06712123821042691
-769.6345514950166,0.0682718828323834
-769.6146179401994,0.06936564589853084
-769.594684385382,0.07040096851440283
-769.5747508305649,0.07137640203583204
-769.5548172757476,0.07229060386009013
-769.5348837209302,0.07314233392089449
-769.5149501661131,0.07393045177135263
-769.4950166112957,0.07465391415892798
-769.4750830564785,0.07531177301282269
-769.4551495016611,0.07590317377778474
-769.4352159468439,0.07642735403956448
-769.4152823920266,0.07688364239667997
-769.3953488372093,0.0772714575409774
-769.3754152823922,0.07759030751627631
-769.3554817275748,0.07783978912998563
-769.3355481727575,0.07801958749768635
-769.3156146179402,0.07812947570492319
-769.295681063123,0.07816931457448356
-769.2757475083057,0.0781390525307913
-769.2558139534884,0.07803872555669576
-769.235880398671,0.07786845724075799
-769.2159468438539,0.07762845891650455
-769.1960132890366,0.07731902989836939
-769.1760797342193,0.07694055782198127
-769.1561461794021,0.0764935191005018
-769.1362126245847,0.07597847951208332
-769.1162790697675,0.07539609493829207
-769.0963455149501,0.07474711227784053
-769.076411960133,0.07403237056595433
-769.0564784053156,0.07325280233610468
-769.0365448504983,0.07240943526861986
-769.0166112956812,0.0715033941800742
-768.9966777408638,0.07053590341823979
-768.9767441860466,0.06950828974082186
-768.9568106312292,0.06842198577218564
-768.936877076412,0.06727853415198276
-768.9169435215947,0.06607959251346616
-768.8970099667774,0.06482693945837488
-768.8770764119602,0.06352248173139781
-768.8571428571429,0.062168262841320515
-768.8372093023256,0.060766473430494926
-768.8172757475083,0.05931946376175904
-768.7973421926911,0.05782975877486627
-768.7774086378738,0.05630007626746332
-768.7574750830565,0.05473334888196981
-768.7375415282393,0.053132750734751474
-768.717607973422,0.05150172971289512
-768.6976744186046,0.04984404669070771
-768.6777408637874,0.048163823186165335
-768.6578073089702,0.04646559928480664
-768.6378737541529,0.04475440399322397
-768.6179401993356,0.043035840517589435
-768.5980066445183,0.04131618923061641
-768.5780730897011,0.0396025311737975
-768.5581395348837,0.03790289462283476
-768.5382059800666,0.03622642615246389
-768.5182724252493,0.0345835851669791
-768.4983388704319,0.03298635608982848
-768.4784053156147,0.031448464031156635
-768.4584717607974,0.029985566212088074
-768.4385382059802,0.028615371409152414
-768.4186046511628,0.027357613484618716
-768.3986710963455,0.02623377720522675
-768.3787375415283,0.025266457440926985
-768.358803986711,0.02447824922599365
-768.3388704318938,0.02389014436642273
-768.3189368770765,0.023519564664511775
-768.2990033222592,0.023378360582037107
-768.2790697674419,0.023471251397845675
-768.2591362126246,0.023795158795667452
-768.2392026578074,0.024339646094557056
-768.2192691029901,0.025088321896888588
-768.1993355481727,0.026020789977753773
-768.1794019933556,0.027114656884206282
-768.1594684385383,0.02834722895398683
-768.139534883721,0.029696728214256802
-768.1196013289037,0.031143025105208607
-768.0996677740864,0.032667980048783865
-768.0797342192692,0.03425551300098883
-768.0598006644518,0.03589150785745852
-768.0398671096347,0.03756363163017785
-768.0199335548173,0.03926112119323079
-768.0,0.040974568966927506
-767.9800664451828,0.042695724092492525
-767.9601328903655,0.04441731632173475
-767.9401993355483,0.04613290443524936
-767.9202657807309,0.04783674813672529
-767.9003322259136,0.04952370104817328
-767.8803986710964,0.051189121986078424
-767.8604651162791,0.05282880171867654
-767.8405315614618,0.05443890264596045
-767.8205980066446,0.05601590916970293
-767.8006644518273,0.05755658685826021
-767.78073089701,0.05905794882504048
-767.7607973421927,0.06051722801611284
-767.7408637873755,0.06193185433765026
-767.7209302325582,0.06329943575038531
-767.7009966777408,0.06461774261987724
-767.6810631229237,0.06588469474331239
-767.6611295681063,0.06709835058096986
-767.6411960132891,0.06825689830737547
-767.6212624584718,0.06935864836745678
-767.6013289036545,0.07040202728021656
-767.5813953488373,0.07138557247839807
-767.5614617940199,0.07230792801026287
-767.5415282392028,0.07316784096009644
-767.5215946843854,0.07396415846897864
-767.5016611295681,0.07469582525770302
-767.4817275747508,0.07536188157062587
-767.4617940199336,0.07596146147288475
-767.4418604651164,0.07649379144517411
-767.421926910299,0.07695818922954063
-767.4019933554817,0.07735406288804066
-767.3820598006645,0.07768091004264648
-767.3621262458472,0.0779383172708583
-767.3421926910299,0.07812595963630749
-767.3222591362127,0.07824360033828862
-767.3023255813954,0.0782910904678968
-767.2823920265781,0.07826836886225516
-767.2624584717609,0.07817546205146536
-767.2425249169436,0.07801248429630343
-767.2225913621263,0.07777963771769204
-767.2026578073089,0.07747721252217443
-767.1827242524918,0.0771055873310407
-767.1627906976744,0.07666522962405377
-767.1428571428572,0.07615669631273861
-767.12292358804,0.07558063446236257
-767.1029900332226,0.07493778218665828
-767.0830564784054,0.07422896974480825
-767.063122923588,0.07345512087679187
-767.0431893687709,0.07261725442082585
-767.0232558139535,0.07171648626570216
-767.0033222591362,0.07075403170162552
-766.9833887043189,0.06973120824637938
-766.9634551495017,0.06864943903921304
-766.9435215946845,0.06751025691430462
-766.9235880398671,0.06631530928882184
-766.9036544850499,0.0650663640294642
-766.8837209302326,0.06376531649640721
-766.8637873754153,0.06241419800696458
-766.843853820598,0.06101518601465516
-766.8239202657808,0.059570616365291776
-766.8039867109635,0.05808299807321917
-766.7840531561462,0.056555031161349426
-766.764119601329,0.05498962823255523
-766.7441860465117,0.053389940592158035
-766.7242524916944,0.05175938992616529
-766.7043189368771,0.050101706763464676
-766.6843853820599,0.048420977213980594
-766.6644518272425,0.046721699779034356
-766.6445182724253,0.04500885436374147
-766.624584717608,0.04328798595784888
-766.6046511627908,0.0415653057321224
-766.5847176079735,0.039847812410097425
-766.5647840531561,0.038143436514681654
-766.544850498339,0.03646120910482229
-766.5249169435216,0.034811454332134124
-766.5049833887044,0.03320600067289328
-766.485049833887,0.031658397764435714
-766.4651162790698,0.030184112843367018
-766.4451827242525,0.02880066145619168
-766.4252491694352,0.027527601407467996
-766.4053156146181,0.026386290722487625
-766.3853820598007,0.02539929114450312
-766.3654485049834,0.024589310081039057
-766.3455149501661,0.02397764438500831
-766.3255813953489,0.02358223630002112
-766.3056478405316,0.02341564993084493
-766.2857142857143,0.023483435915262214
-766.2657807308971,0.023783350785098786
-766.2458471760798,0.024305678217443717
-766.2259136212625,0.025034548515656316
-766.2059800664452,0.025949858161798928
-766.186046511628,0.02702929661541549
-766.1661129568106,0.02825009218539054
-766.1461794019934,0.029590284723207856
-766.126245847176,0.031029508318329152
-766.1063122923589,0.03254936978959834
-766.0863787375416,0.03413354191061276
-766.0664451827242,0.03576768087710621
-766.0465116279071,0.03743925119088318
-766.0265780730897,0.039137313558692564
-766.0066445182725,0.04085230921063102
-765.9867109634552,0.04257585851748635
-765.9667774086379,0.04430058192568165
-765.9468438538206,0.04601994545881454
-765.9269102990033,0.04772812994606654
-765.9069767441862,0.049419921684871186
-765.8870431893688,0.05109062173001693
-765.8671096345515,0.05273597098644353
-765.8471760797343,0.05435208850963445
-765.827242524917,0.05593542073963928
-765.8073089700997,0.05748269973394655
-765.7873754152824,0.0589909087828093
-765.7674418604652,0.06045725407228927
-765.7475083056479,0.061879141300238784
-765.7275747508306,0.06325415635154197
-765.7076411960134,0.06458004930410856
-765.6877076411961,0.06585472117260388
-765.6677740863788,0.0670762129065443
-765.6478405315615,0.06824269624878658
-765.6279069767442,0.0693524661322559
-765.607973421927,0.07040393435139004
-765.5880398671096,0.07139562429201447
-765.5681063122925,0.07232616654176392
-765.5481727574752,0.0731942952344118
-765.5282392026578,0.0739988450070784
-765.5083056478406,0.07473874847000177
-765.4883720930233,0.07541303410588156
-765.4684385382061,0.07602082452977292
-765.4485049833887,0.07656133505245573
-765.4285714285714,0.07703387249980796
-765.4086378737542,0.07743783424904783
-765.3887043189369,0.07777270744962207
-765.3687707641197,0.07803806840243674
-765.3488372093024,0.07823358207631961
-765.3289036544851,0.07835900174505962
-765.3089700996678,0.07841416873233421
-765.2890365448505,0.07839901225561184
-765.2691029900333,0.07831354936327903
-765.249169435216,0.07815788496271785
-765.2292358803986,0.07793221193995623
-765.2093023255815,0.07763681137488153
-765.1893687707642,0.07727205285917359
-765.1694352159469,0.07683839492765601
-765.1495016611296,0.07633638561756734
-765.1295681063123,0.07576666317439562
-765.1096345514951,0.07512995692783904
-765.0897009966777,0.07442708836681208
-765.0697674418606,0.07365897244889869
-765.0498338870433,0.07282661918714176
-765.0299003322259,0.07193113556599301
-765.0099667774087,0.07097372784888635
-764.9900332225914,0.06995570435276867
-764.9700996677742,0.06887847878036871
-764.9501661129568,0.06774357421985888
-764.9302325581396,0.06655262794446501
-764.9102990033223,0.0653073971727092
-764.890365448505,0.06400976598441196
-764.8704318936879,0.062661753629993
-764.8504983388705,0.06126552452289977
-764.8305647840532,0.05982340026960255
-764.8106312292359,0.05833787417130939
-764.7906976744187,0.05681162873005136
-764.7707641196014,0.05524755681330049
-764.7508305647841,0.053648787280120375
-764.7308970099667,0.05201871605384858
-764.7109634551496,0.05036104384544585
-764.6910299003323,0.0486798219920143
-764.671096345515,0.04697950817562315
-764.6511627906978,0.045265034119806924
-764.6312292358804,0.04354188770051932
-764.6112956810632,0.0418162122002836
-764.5913621262458,0.04009492557395856
-764.5714285714287,0.03838586238922609
-764.5514950166113,0.036697940221296424
-764.531561461794,0.0350413501714225
-764.5116279069769,0.033427766988483404
-764.4916943521595,0.03187056677859013
-764.4717607973423,0.03038502794915887
-764.4518272425249,0.028988472397837767
-764.4318936877077,0.027700278787714576
-764.4119601328904,0.026541671368386765
-764.3920265780731,0.02553516664701835
-764.3720930232558,0.024703566937974073
-764.3521594684386,0.024068452756544588
-764.3322259136213,0.02364826521112564
-764.312292358804,0.023456265774305513
-764.2923588039868,0.023498830747883122
-764.2724252491695,0.02377455884332419
-764.2524916943522,0.02427447261659799
-764.2325581395348,0.024983248572419004
-764.2126245847177,0.025881100375877618
-764.1926910299003,0.02694582043457048
-764.1727574750831,0.028154572724711183
-764.1528239202659,0.029485222470954812
-764.1328903654485,0.030917170123815136
-764.1129568106313,0.03243176835565847
-764.0930232558139,0.03401244033281441
-764.0730897009968,0.03564461124619168
-764.0531561461794,0.03731553954628423
-764.0332225913621,0.039014106363947226
-764.0132890365448,0.04073059864563289
-763.9933554817276,0.04245650528158247
-763.9734219269104,0.0441843350897328
-763.953488372093,0.04590745937184046
-763.9335548172758,0.04761997843365724
-763.9136212624585,0.04931660986976624
-763.8936877076412,0.050992595822649
-763.873754152824,0.052643626372640154
-763.8538205980067,0.05426577642584559
-763.8338870431894,0.055855453784453266
-763.8139534883721,0.0574093564247371
-763.7940199335549,0.05892443733046492
-763.7740863787376,0.060397875515895316
-763.7541528239203,0.0618270521178336
-763.734219269103,0.06320953064137098
-763.7142857142858,0.06454304061338509
-763.6943521594684,0.06582546403635024
-763.6744186046512,0.06705482414762909
-763.654485049834,0.06822927608069795
-763.6345514950167,0.06934709909879118
-763.6146179401994,0.07040669013111425
-763.594684385382,0.07140655839039237
-763.5747508305649,0.07234532088988715
-763.5548172757475,0.0732216987098824
-763.5348837209303,0.07403451388987956
-763.514950166113,0.07478268684409169
-763.4950166112957,0.0754652342152947
-763.4750830564785,0.07608126709660636
-763.4551495016611,0.07662998956279761
-763.435215946844,0.07711069746266834
-763.4152823920266,0.07752277743246244
-763.3953488372093,0.07786570609730294
-763.375415282392,0.07813904943382974
-763.3554817275748,0.07834246227220489
-763.3355481727575,0.07847568792053172
-763.3156146179402,0.07853855789840322
-763.295681063123,0.07853099177039147
-763.2757475083057,0.0784529970733202
-763.2558139534884,0.07830466933467771
-763.2358803986712,0.07808619218250143
-763.2159468438539,0.07779783755036555
-763.1960132890365,0.07743996598423598
-763.1760797342193,0.07701302706161715
-763.156146179402,0.07651755993692898
-763.1362126245848,0.07595419403150938
-763.1162790697675,0.07532364989106201
-763.0963455149501,0.07462674023909394
-763.076411960133,0.07386437126091253
-763.0564784053156,0.07303754416028285
-763.0365448504984,0.07214735703968242
-763.0166112956811,0.07119500716537523
-762.9966777408638,0.07018179369130005
-762.9767441860465,0.06910912093082162
-762.9568106312292,0.06797850228403857
-762.9368770764121,0.06679156495059378
-762.9169435215947,0.06555005558569942
-762.8970099667774,0.0642558470906993
-762.8770764119602,0.0629109467710069
-762.8571428571429,0.06151750614569791
-762.8372093023256,0.06007783275590935
-762.8172757475083,0.058594404397642526
-762.7973421926911,0.05706988630079559
-762.7774086378738,0.05550715189531731
-762.7574750830565,0.05390930795142992
-762.7375415282393,0.052279725059227206
-762.717607973422,0.05062207462844134
-762.6976744186047,0.04894037384559756
-762.6777408637874,0.047239040322861886
-762.6578073089701,0.045522958503630175
-762.6378737541529,0.0437975602310606
-762.6179401993356,0.04206892218840284
-762.5980066445184,0.04034388308402923
-762.5780730897011,0.03863018330016955
-762.5581395348837,0.03693662893568275
-762.5382059800666,0.035273280228886525
-762.5182724252492,0.03365166042758309
-762.498338870432,0.03208497409413208
-762.4784053156146,0.030588312073074993
-762.4584717607974,0.029178802401742546
-762.4385382059802,0.02787564185098388
-762.4186046511628,0.026699914326689306
-762.3986710963457,0.02567407954475956
-762.3787375415283,0.02482101777104018
-762.358803986711,0.024162572047515336
-762.3388704318937,0.023717660520996876
-762.3189368770765,0.02350022490266041
-762.2990033222592,0.023517460167438237
-762.2790697674419,0.023768813212212844
-762.2591362126246,0.024246063085853548
-762.2392026578074,0.02493445674123707
-762.2192691029901,0.02581454983559038
-762.1993355481728,0.02686425842443288
-762.1794019933556,0.028060696573418878
-762.1594684385382,0.029381563041129252
-762.139534883721,0.030806027782270165
-762.1196013289036,0.03231518903747288
-762.0996677740865,0.03389221806544158
-762.0797342192692,0.03552230578274943
-762.0598006644518,0.03719250103038911
-762.0398671096347,0.0388915019109473
-762.0199335548173,0.04060943793963853
-762.0000000000001,0.04233766376079938
-761.9800664451827,0.04406857418929619
-761.9601328903655,0.04579544379455413
-761.9401993355482,0.047512290670688934
-761.9202657807309,0.0492137622979339
-761.9003322259138,0.05089504072801616
-761.8803986710964,0.052551764232300964
-761.8604651162791,0.054179962743463296
-761.8405315614618,0.05577600473382498
-761.8205980066446,0.05733655351495095
-761.8006644518273,0.05885853126976311
-761.78073089701,0.060339089419791256
-761.7607973421926,0.061775584180338725
-761.7408637873755,0.0631655563663004
-761.7209302325582,0.06450671468458453
-761.7009966777409,0.06579692189111436
-761.6810631229237,0.06703418330558879
-761.6611295681063,0.0682166372708984
-761.6411960132891,0.06934254721983499
-761.6212624584717,0.07041029507295751
-761.6013289036546,0.07141837574131932
-761.5813953488373,0.0723653925479248
-761.5614617940199,0.07325005341461023
-761.5415282392028,0.0740711676878731
-761.5215946843854,0.07482764349880683
-761.5016611295682,0.07551848557052966
-761.4817275747508,0.07614279340098891
-761.4617940199336,0.07669975976155162
-761.4418604651163,0.0771886694618522
-761.421926910299,0.07760889833983796
-761.4019933554819,0.0779599124434806
-761.3820598006645,0.07824126737639794
-761.3621262458472,0.07845260778527421
-761.3421926910299,0.07859366697136035
-761.3222591362127,0.07866426661257624
-761.3023255813954,0.07866431658645433
-761.2823920265781,0.07859381488751382
-761.2624584717607,0.07845284763598663
-761.2425249169436,0.07824158917796376
-761.2225913621263,0.07796030228019091
-761.202657807309,0.07760933842597907
-761.1827242524918,0.07718913822223754
-761.1627906976744,0.07670023193121978
-761.1428571428572,0.07614324014481968
-761.1229235880398,0.07551887462392265
-761.1029900332227,0.07482793933055118
-761.0830564784053,0.07407133168685395
-761.063122923588,0.07325004410221375
-761.0431893687709,0.07236516581841448
-761.0232558139535,0.0714178851329915
-761.0033222591363,0.0704094920734025
-760.9833887043189,0.06934138160944327
-760.9634551495017,0.068215057509503
-760.9435215946844,0.06703213696828841
-760.9235880398671,0.06579435616059942
-760.9036544850499,0.06450357690888057
-760.8837209302326,0.0631617946928691
-760.8637873754153,0.06177114827989155
-760.843853820598,0.060333931316188305
-760.8239202657808,0.05885260629625561
-760.8039867109635,0.05732982142150884
-760.7840531561462,0.05576843097625209
-760.764119601329,0.05417151999198105
-760.7441860465117,0.05254243414621097
-760.7242524916943,0.05088481605357564
-760.7043189368771,0.049202649359528845
-760.6843853820599,0.04750031234048668
-760.6644518272426,0.04578264304294974
-760.6445182724253,0.04405501833705921
-760.624584717608,0.042323449571402584
-760.6046511627908,0.04059469770320192
-760.5847176079734,0.03887641067128153
-760.5647840531562,0.037177285080307855
-760.5448504983389,0.035507252476875306
-760.5249169435216,0.03387768683770099
-760.5049833887044,0.03230162320971525
-760.485049833887,0.030793966243732103
-760.4651162790699,0.029371650101206213
-760.4451827242525,0.02805368722906803
-760.4252491694352,0.026861015074908696
-760.405315614618,0.025816025557997897
-760.3853820598007,0.024941660465270337
-760.3654485049835,0.024260004517850427
-760.3455149501661,0.02379043088488831
-760.3255813953489,0.023547543591736834
-760.3056478405316,0.023539348026431626
-760.2857142857143,0.023766143928042768
-760.2657807308971,0.024220483483118522
-760.2458471760798,0.02488820801556314
-760.2259136212624,0.02575024026772358
-760.2059800664452,0.026784641289306625
-760.186046511628,0.02796849039061147
-760.1661129568107,0.029279328656189638
-760.1461794019934,0.03069609914069641
-760.126245847176,0.03219964564324116
-760.1063122923589,0.03377288535117921
-760.0863787375415,0.03540077167990501
-760.0664451827244,0.037070140289356415
-760.046511627907,0.03876950275917937
-760.0265780730897,0.040488827971666405
-760.0066445182725,0.04221933350406554
-759.9867109634552,0.04395329774124828
-759.966777408638,0.04568389646317704
-759.9468438538206,0.04740506382392513
-759.9269102990033,0.049111375743802914
-759.9069767441861,0.05079795297688419
-759.8870431893688,0.052460380977442975
-759.8671096345515,0.054094643861049084
-759.8471760797343,0.05569707006183775
-759.827242524917,0.05726428762963197
-759.8073089700997,0.05879318744096086
-759.7873754152824,0.06028089289426138
-759.7674418604652,0.06172473491500288
-759.7475083056479,0.063122231310792
-759.7275747508306,0.06447106969400866
-759.7076411960134,0.06576909333481175
-759.687707641196,0.0670142894255975
-759.6677740863788,0.06820477933384791
-759.6478405315615,0.06933881049799918
-759.6279069767443,0.07041474968382479
-759.607973421927,0.07143107736965507
-759.5880398671096,0.07238638307013803
-759.5681063122925,0.07327936144179928
-759.5481727574751,0.07410880904089316
-759.5282392026579,0.07487362162669886
-759.5083056478405,0.07557279192140624
-759.4883720930233,0.07620540775317547
-759.4684385382061,0.07677065052130046
-759.4485049833887,0.07726779393288864
-759.4285714285716,0.07769620296916914
-759.4086378737542,0.07805533304699135
-759.3887043189369,0.07834472934719758
-759.3687707641196,0.07856402628712794
-759.3488372093024,0.07871294711906889
-759.3289036544852,0.07879130364073485
-759.3089700996678,0.07879899600758077
-759.2890365448505,0.07873601264016654
-759.2691029900333,0.07860243022323946
-759.249169435216,0.07839841379611218
-759.2292358803987,0.07812421693733065
-759.2093023255815,0.07778018204975996
-759.1893687707641,0.0773667407555904
-759.1694352159469,0.0768844144146547
-759.1495016611296,0.07633381478328219
-759.1295681063124,0.07571564483577922
-759.1096345514951,0.0750306997756703
-759.0897009966777,0.07427986827012706
-759.0697674418606,0.07346413394801858
-759.0498338870432,0.07258457721061581
-759.029900332226,0.07164237741401275
-759.0099667774086,0.07063881549448325
-758.9900332225914,0.06957527712264773
-758.9700996677742,0.06845325649003385
-758.9501661129568,0.06727436085332457
-758.9302325581397,0.06604031598786778
-758.9102990033223,0.06475297273460587
-758.890365448505,0.06341431486433148
-758.8704318936877,0.06202646853225599
-758.8504983388705,0.060591713656655825
-758.8305647840532,0.05911249763005848
-758.8106312292359,0.057591451864119333
-758.7906976744187,0.05603141178341452
-758.7707641196014,0.05443544102371962
-758.7508305647841,0.05280686076207461
-758.7308970099668,0.05114928531380024
-758.7109634551496,0.04946666538034033
-758.6910299003322,0.047763340621543283
-758.671096345515,0.046044103552528706
-758.6511627906976,0.0443142771092878
-758.6312292358805,0.04257980854640866
-758.6112956810632,0.04084738253867393
-758.5913621262458,0.039124556295864414
-758.5714285714287,0.037419918885033716
-758.5514950166113,0.035743275314743965
-758.5315614617941,0.0341058525216174
-758.5116279069767,0.03252051810153745
-758.4916943521595,0.031001991975803948
-758.4717607973422,0.029567014599224388
-758.4518272425249,0.028234411968394515
-758.4318936877078,0.027024969398321344
-758.4119601328904,0.0259610005503298
-758.3920265780731,0.025065492838555074
-758.3720930232558,0.02436075214056669
-758.3521594684386,0.023866584500840792
-758.3322259136213,0.02359823759989014
-758.312292358804,0.023564517741160505
-758.2923588039866,0.02376658079568716
-758.2724252491695,0.02419776770322514
-758.2524916943522,0.024844537686394635
-758.232558139535,0.025688205896908057
-758.2126245847177,0.026707000350366786
-758.1926910299003,0.02787798149510066
-758.1727574750831,0.02917854218384398
-758.1528239202657,0.03058740264094752
-758.1328903654486,0.03208515250782055
-758.1129568106313,0.03365445288601076
-758.0930232558139,0.03528001651331135
-758.0730897009968,0.036948462287794685
-758.0531561461794,0.03864811173077213
-758.0332225913622,0.04036876983608732
-758.0132890365448,0.04210151423635117
-757.9933554817276,0.043838504406250436
-757.9734219269103,0.045572815231616444
-757.953488372093,0.04729829515688524
-757.9335548172759,0.0490094470620077
-757.9136212624585,0.05070132916725463
-757.8936877076412,0.05236947307736828
-757.873754152824,0.05400981622695585
-757.8538205980067,0.05561864628695904
-757.8338870431894,0.05719255543457251
-757.8139534883721,0.05872840272278029
-757.7940199335549,0.060223283086960885
-757.7740863787376,0.061674501786333276
-757.7541528239203,0.06307955329732702
-757.734219269103,0.06443610385741202
-757.7142857142858,0.06574197700685355
-757.6943521594685,0.06699514159685681
-757.6744186046512,0.06819370183097158
-757.6544850498339,0.06933588898618422
-757.6345514950167,0.07042005452448695
-757.6146179401993,0.07144466435794897
-757.5946843853822,0.07240829407257085
-757.5747508305649,0.07330962495061794
-757.5548172757475,0.07414744065911524
-757.5348837209303,0.07492062449511473
-757.514950166113,0.07562815709711974
-757.4950166112958,0.07626911454745589
-757.4750830564784,0.07684266680332907
-757.4551495016611,0.0773480764047618
-757.4352159468439,0.0777846974166417
-757.4152823920266,0.07815197456963087
-757.3953488372094,0.07844944257096627
-757.375415282392,0.07867672556177949
-757.3554817275748,0.07883353670230768
-757.3355481727575,0.07891967787057723
-757.3156146179402,0.07893503946397173
-757.295681063123,0.07887960029658551
-757.2757475083057,0.07875342758854192
-757.2558139534883,0.07855667704667724
-757.2358803986712,0.07828959303912843
-757.2159468438539,0.07795250886961613
-757.1960132890366,0.07754584716066533
-757.1760797342193,0.07707012035855808
-757.156146179402,0.07652593137704748
-757.1362126245848,0.07591397440119527
-757.1162790697674,0.07523503587810541
-757.0963455149503,0.07448999572717427
-757.0764119601329,0.07367982880959907
-757.0564784053156,0.07280560670527489
-757.0365448504984,0.07186849985498053
-757.0166112956811,0.07086978013784385
-756.9966777408639,0.06981082396833976
-756.9767441860465,0.06869311601449803
-756.9568106312292,0.06751825366019241
-756.936877076412,0.06628795236036204
-756.9169435215947,0.0650040520696586
-756.8970099667775,0.06366852496412574
-756.8770764119602,0.06228348472359914
-756.8571428571429,0.060851197701844315
-756.8372093023256,0.05937409638488227
-756.8172757475083,0.05785479562847698
-756.7973421926911,0.056296112277630095
-756.7774086378738,0.05470108890841297
-756.7574750830565,0.05307302260107938
-756.7375415282393,0.05141549985733531
-756.717607973422,0.049732439019471136
-756.6976744186047,0.04802814183532536
-756.6777408637874,0.04630735613672713
-756.6578073089702,0.04457535194389354
-756.6378737541529,0.04283801363443618
-756.6179401993355,0.04110195104313768
-756.5980066445184,0.03937463233748105
-756.578073089701,0.037664540977490654
-756.5581395348838,0.03598135756876858
-756.5382059800666,0.034336164237318736
-756.5182724252492,0.032741663223859185
-756.498338870432,0.031212391272059947
-756.4784053156146,0.029764895473318856
-756.4584717607975,0.028417813539154523
-756.4385382059801,0.027191773404463576
-756.4186046511628,0.026109000548499673
-756.3986710963455,0.025192512664529
-756.3787375415283,0.02446481662270008
-756.3588039867111,0.023946129122103435
-756.3388704318937,0.023652322166770993
-756.3189368770765,0.023592992276100233
-756.2990033222592,0.02377015336311984
-756.2790697674419,0.0241779496502275
-756.2591362126246,0.024803481319088872
-756.2392026578074,0.02562848143080896
-756.21926910299,0.0266313675394845
-756.1993355481728,0.027789197866151104
-756.1794019933556,0.029079227142166313
-756.1594684385383,0.030479957327053036
-756.139534883721,0.03197172450054522
-756.1196013289036,0.033536931826505176
-756.0996677740865,0.03516004824739632
-756.0797342192691,0.036827472313708275
-756.0598006644519,0.038527331914220184
-756.0398671096345,0.04024926484519796
-756.0199335548173,0.04198420586021308
-756.0000000000001,0.04372419298948251
-755.9800664451827,0.04546219807147899
-755.9601328903656,0.04719198202931568
-755.9401993355482,0.04890797318639535
-755.9202657807309,0.0506051659630264
-755.9003322259136,0.052279037057069586
-755.8803986710964,0.053925476337615214
-755.8604651162791,0.05554072997021205
-755.8405315614618,0.057121353634305
-755.8205980066446,0.05866417403039414
-755.8006644518273,0.060166257180931125
-755.78073089701,0.06162488229417907
-755.7607973421927,0.06303752018450003
-755.7408637873755,0.06440181542819101
-755.7209302325581,0.06571557158640538
-755.7009966777409,0.06697673895092719
-755.6810631229237,0.06818340436911687
-755.6611295681064,0.06933378278611121
-755.6411960132891,0.07042621020827175
-755.6212624584717,0.07145913784530614
-755.6013289036546,0.07243112723197959
-755.5813953488372,0.07334084616534903
-755.56146179402,0.07418706532232217
-755.5415282392026,0.07496865544566267
-755.5215946843854,0.07568458500584938
-755.5016611295682,0.07633391826189977
-755.4817275747508,0.07691581365757466
-755.4617940199337,0.07742952249998766
-755.4418604651163,0.07787438787689159
-755.421926910299,0.07824984377657268
-755.4019933554817,0.0785554143807532
-755.3820598006645,0.07879071350647288
-755.3621262458472,0.07895544417783454
-755.3421926910299,0.07904939831274234
-755.3222591362127,0.07907245651360878
-755.3023255813954,0.07902458795461127
-755.2823920265781,0.07890585036124877
-755.2624584717609,0.07871639008130353
-755.2425249169436,0.07845644224938944
-755.2225913621262,0.07812633105058003
-755.202657807309,0.07772647009187228
-755.1827242524917,0.07725736289403005
-755.1627906976745,0.0767196035203094
-755.1428571428572,0.07611387736298979
-755.1229235880398,0.07544096211389005
-755.1029900332227,0.07470172895086057
-755.0830564784053,0.07389714397928909
-755.0631229235881,0.07302826997572553
-755.0431893687708,0.07209626849063336
-755.0232558139535,0.07110240237881298
-755.0033222591362,0.07004803884028071
-754.9833887043189,0.06893465307139361
-754.9634551495018,0.06776383264679982
-754.9435215946844,0.06653728277818721
-754.9235880398671,0.06525683262696547
-754.9036544850499,0.06392444288618174
-754.8837209302326,0.06254221489409682
-754.8637873754153,0.06111240160007587
-754.843853820598,0.059637420775097726
-754.8239202657808,0.05811987094815808
-754.8039867109635,0.056562550659117666
-754.7840531561462,0.05496848175358539
-754.764119601329,0.05334093761051161
-754.7441860465117,0.05168347739373168
-754.7242524916944,0.04999998765935895
-754.7043189368771,0.04829473293344808
-754.6843853820598,0.04657241719552888
-754.6644518272426,0.04483825854830364
-754.6445182724253,0.04309807968619096
-754.6245847176081,0.04135841702041331
-754.6046511627908,0.03962665133536792
-754.5847176079734,0.037911162388384025
-754.5647840531562,0.03622150849744996
-754.5448504983389,0.03456862920367706
-754.5249169435217,0.032965063515611494
-754.5049833887043,0.03142516663182393
-754.485049833887,0.029965292787048646
-754.4651162790699,0.028603889851324046
-754.4451827242525,0.027361423544903715
-754.4252491694353,0.026260021769989313
-754.405315614618,0.025322717703878683
-754.3853820598007,0.02457219943552573
-754.3654485049834,0.024029072079726745
-754.3455149501661,0.023709812022636674
-754.3255813953489,0.02362479413858473
-754.3056478405316,0.023776890905479117
-754.2857142857143,0.024161063218045037
-754.2657807308971,0.024765074737705162
-754.2458471760798,0.02557110205205641
-754.2259136212625,0.02655777539948361
-754.2059800664452,0.027702168150395643
-754.1860465116279,0.028981407710693092
-754.1661129568107,0.03037378285815738
-754.1461794019933,0.031859377038288415
-754.1262458471762,0.03342033380196305
-754.1063122923589,0.0350408752459999
-754.0863787375415,0.03670717598747262
-754.0664451827244,0.03840716667158972
-754.046511627907,0.04013031453482368
-754.0265780730898,0.04186740845997735
-754.0066445182724,0.04361036244357694
-753.9867109634552,0.045352043073934596
-753.9667774086379,0.04708612189812172
-753.9468438538206,0.04880695113014682
-753.9269102990035,0.05050946009348502
-753.9069767441861,0.052189069496149494
-753.8870431893688,0.053841620735876526
-753.8671096345515,0.05546331771307537
-753.8471760797343,0.057050678969692355
-753.827242524917,0.05860049831266237
-753.8073089700997,0.06010981239151262
-753.7873754152824,0.061575873970359955
-753.7674418604652,0.06299612986346521
-753.7475083056479,0.06436820269358456
-753.7275747508306,0.06568987578841357
-753.7076411960134,0.06695908065762482
-753.6877076411961,0.06817388659628498
-753.6677740863788,0.06933249204395174
-753.6478405315614,0.07043321739654382
-753.6279069767443,0.07147449902272537
-753.6079734219269,0.07245488428111434
-753.5880398671097,0.07337302737052352
-753.5681063122925,0.07422768587498751
-753.5481727574751,0.07501771788919123
-753.5282392026579,0.07574207962965808
-753.5083056478405,0.07639982345318622
-753.4883720930234,0.07699009621737797
-753.468438538206,0.07751213792932851
-753.4485049833887,0.0779652806376519
-753.4285714285716,0.07834894753094535
-753.4086378737542,0.07866265221242905
-753.388704318937,0.07890599812612119
-753.3687707641196,0.07907867811490965
-753.3488372093024,0.07918047409516994
-753.3289036544851,0.07921125683651756
-753.3089700996678,0.07917098583884588
-753.2890365448505,0.07905970930211739
-753.2691029900333,0.07887756418760249
-753.249169435216,0.07862477637244307
-753.2292358803987,0.07830166090264484
-753.2093023255815,0.07790862235297379
-753.1893687707642,0.07744615530582326
-753.1694352159469,0.07691484496516744
-753.1495016611295,0.07631536792603694
-753.1295681063124,0.07564849312517716
-753.109634551495,0.07491508300418602
-753.0897009966778,0.07411609492346023
-753.0697674418606,0.07325258287322159
-753.0498338870432,0.07232569953746319
-753.029900332226,0.07133669877823393
-753.0099667774086,0.0702869386214483
-752.9900332225915,0.06917788484217621
-752.9700996677741,0.0680111152677427
-752.9501661129568,0.06678832494190078
-752.9302325581396,0.06551133232376233
-752.9102990033223,0.06418208673265857
-752.8903654485051,0.06280267729629029
-752.8704318936877,0.06137534371638572
-752.8504983388705,0.05990248923645268
-752.8305647840532,0.058386696283168255
-752.8106312292359,0.05683074536014582
-752.7906976744187,0.05523763790507205
-752.7707641196014,0.05361062398305743
-752.750830564784,0.05195323588614999
-752.7308970099668,0.050269328945538386
-752.7109634551496,0.048563131141732274
-752.6910299003323,0.04683930341621148
-752.671096345515,0.04510301293266735
-752.6511627906976,0.04336002187322153
-752.6312292358805,0.0416167946162979
-752.6112956810631,0.039880626195053955
-752.5913621262459,0.038159794541944646
-752.5714285714286,0.03646373778205079
-752.5514950166113,0.03480325509130988
-752.5315614617941,0.03319072439230259
-752.5116279069767,0.03164032104482053
-752.4916943521596,0.030168207087188967
-752.4717607973422,0.028792639256689814
-752.4518272425249,0.027533916623564577
-752.4318936877077,0.02641406063807078
-752.4119601328904,0.025456105724500234
-752.3920265780731,0.024682901835530305
-752.3720930232558,0.024115420297985427
-752.3521594684386,0.023770721392578416
-752.3322259136213,0.02365994536998936
-752.312292358804,0.02378682240679769
-752.2923588039868,0.02414714227000057
-752.2724252491695,0.024729354009456517
-752.2524916943521,0.025516103412026984
-752.232558139535,0.02648625708801753
-752.2126245847177,0.02761692167418147
-752.1926910299004,0.028885108748680024
-752.1727574750831,0.030268899530150568
-752.1528239202657,0.0317481261085569
-752.1328903654486,0.03330467093765553
-752.1129568106312,0.034922506295084976
-752.093023255814,0.03658757928363727
-752.0730897009967,0.03828761965941962
-752.0531561461794,0.04001192068432866
-752.0332225913622,0.041751122320960746
-752.0132890365448,0.043497011887133404
-751.9933554817277,0.04524234846770658
-751.9734219269103,0.046980712334918295
-751.953488372093,0.04870637800302561
-751.9335548172758,0.05041420837029934
-751.9136212624585,0.05209956704560547
-751.8936877076412,0.053758246027758104
-751.873754152824,0.05538640617416525
-751.8538205980067,0.05698052823458281
-751.8338870431894,0.058537372568818614
-751.8139534883721,0.06005394598309229
-751.7940199335549,0.06152747439548302
-751.7740863787376,0.06295538027478516
-751.7541528239203,0.06433526399166407
-751.734219269103,0.06566488838067502
-751.7142857142857,0.06694216594217779
-751.6943521594685,0.06816514821890464
-751.6744186046512,0.06933201696768247
-751.654485049834,0.07044107681618454
-751.6345514950167,0.07149074915069682
-751.6146179401993,0.07247956702641725
-751.5946843853822,0.07340617092876482
-751.5747508305648,0.07426930524421042
-751.5548172757476,0.07506781532382724
-751.5348837209302,0.07580064504267686
-751.514950166113,0.07646683477489094
-751.4950166112958,0.07706551971784219
-751.4750830564784,0.07759592851022921
-751.4551495016613,0.07805738209829619
-751.4352159468439,0.07844929281247914
-751.4152823920266,0.07877116362340654
-751.3953488372093,0.07902258755210556
-751.375415282392,0.07920324721415971
-751.3554817275748,0.07931291448203835
-751.3355481727575,0.07935145025376207
-751.3156146179402,0.07931880431967372
-751.295681063123,0.07921501532239163
-751.2757475083057,0.07904021080831328
-751.2558139534884,0.07879460737226714
-751.2358803986712,0.07847851089992502
-751.2159468438538,0.07809231691623536
-751.1960132890366,0.07763651105149315
-751.1760797342193,0.07711166964070668
-751.1561461794021,0.07651846047631164
-751.1362126245848,0.07585764373925986
-751.1162790697674,0.07513007313921549
-751.0963455149503,0.07433669730142865
-751.0764119601329,0.07347856144571896
-751.0564784053157,0.07255680941234167
-751.0365448504983,0.0715726861009712
-751.0166112956811,0.07052754040244116
-750.9966777408639,0.069422828719453
-750.9767441860465,0.06826011919231005
-750.9568106312294,0.06704109677030413
-750.936877076412,0.06576756929909196
-750.9169435215947,0.06444147483120849
-750.8970099667774,0.06306489041200394
-750.8770764119602,0.06164004264909276
-750.8571428571429,0.06016932044222287
-750.8372093023256,0.05865529033564616
-750.8172757475083,0.057100715060202464
-750.7973421926911,0.055508575961637045
-750.7774086378738,0.05388210017080207
-750.7574750830565,0.052224793564588645
-750.7375415282393,0.050540480799099764
-750.717607973422,0.0488333539717692
-750.6976744186047,0.04710803178388071
-750.6777408637873,0.04536963141923189
-750.6578073089702,0.043623855696036495
-750.6378737541529,0.04187709832530795
-750.6179401993356,0.040136570193572516
-750.5980066445184,0.03841044925952886
-750.578073089701,0.03670805552854326
-750.5581395348838,0.03504005002313657
-750.5382059800664,0.0334186517454066
-750.5182724252493,0.03185785799012235
-750.4983388704319,0.030373639403209425
-750.4784053156146,0.028984060550209613
-750.4584717607975,0.027709249801016907
-750.4385382059801,0.026571113789348896
-750.4186046511629,0.02559267451070666
-750.3986710963455,0.02479692487097039
-750.3787375415283,0.024205180292014503
-750.358803986711,0.023835063979318206
-750.3388704318937,0.023698467511541917
-750.3189368770765,0.02379997651214412
-750.2990033222592,0.024136220584687146
-750.2790697674419,0.024696355392158573
-750.2591362126246,0.025463521585043815
-750.2392026578074,0.02641684634011891
-750.2192691029901,0.027533488413464428
-750.1993355481728,0.02879035577004759
-750.1794019933554,0.030165328253407047
-750.1594684385383,0.031637988248266996
-750.1395348837209,0.03318995583353894
-750.1196013289037,0.034804950580725996
-750.0996677740865,0.03646868850799197
-750.0797342192691,0.03816869480480254
-750.0598006644519,0.03989408529180786
-750.0398671096345,0.04163534790395091
-750.0199335548174,0.04338414057868387
-750.0,0.045133112592640315
-749.9800664451827,0.04687575099938699
-749.9601328903656,0.04860625098465276
-749.9401993355482,0.05031940766074255
-749.920265780731,0.05201052640120409
-749.9003322259136,0.053675348855941656
-749.8803986710964,0.05530999204298145
-749.8604651162791,0.05691089824979023
-749.8405315614618,0.058474793822733594
-749.8205980066446,0.05999865524369944
-749.8006644518273,0.06147968117389641
-749.78073089701,0.06291526938378887
-749.7607973421927,0.0643029976870318
-749.7408637873755,0.0656406081599721
-749.7209302325582,0.0669259940617884
-749.7009966777409,0.06815718897882579
-749.6810631229235,0.06933235780454189
-749.6611295681064,0.07044978923750564
-749.641196013289,0.0715078895375788
-749.6212624584718,0.07250517732687178
-749.6013289036546,0.07344027926007676
-749.5813953488372,0.07431192641948581
-749.56146179402,0.07511895131523938
-749.5415282392026,0.07586028539179412
-749.5215946843855,0.07653495695868687
-749.5016611295681,0.07714208947757609
-749.4817275747508,0.07768090014905918
-749.4617940199336,0.07815069875256443
-749.4418604651163,0.07855088670072556
-749.4219269102991,0.07888095627638901
-749.4019933554817,0.07914049002654207
-749.3820598006645,0.07932916029236521
-749.3621262458472,0.07944672885905288
-749.3421926910299,0.07949304671329964
-749.3222591362127,0.07946805389967415
-749.3023255813954,0.07937177947072263
-749.282392026578,0.07920434152875891
-749.2624584717609,0.07896594736053472
-749.2425249169436,0.07865689366925586
-749.2225913621263,0.07827756691159334
-749.202657807309,0.0778284437511328
-749.1827242524917,0.07731009164335129
-749.1627906976745,0.07672316957183584
-749.1428571428571,0.07606842896010031
-749.12292358804,0.07534671478923378
-749.1029900332226,0.07455896695818835
-749.0830564784053,0.0737062219312593
-749.0631229235881,0.07278961472657622
-749.0431893687708,0.07181038131059966
-749.0232558139536,0.070769861476818
-749.0033222591362,0.06966950230302518
-748.9833887043189,0.06851086230120881
-748.9634551495017,0.06729561639785785
-748.9435215946844,0.06602556191198503
-748.9235880398671,0.06470262573387149
-748.9036544850499,0.06332887295200976
-748.8837209302326,0.06190651723022336
-748.8637873754153,0.06043793330444182
-748.843853820598,0.0589256720519526
-748.8239202657808,0.05737247868889853
-748.8039867109635,0.05578131477870749
-748.7840531561462,0.05415538488989279
-748.764119601329,0.052498168931477025
-748.7441860465117,0.05081346142317502
-748.7242524916944,0.04910541922834574
-748.7043189368771,0.04737861958988479
-748.6843853820599,0.045638130651746364
-748.6644518272426,0.04388959699453295
-748.6445182724252,0.042139343002161246
-748.6245847176081,0.040394496992114906
-748.6046511627907,0.03866313877356798
-748.5847176079735,0.036954472283077085
-748.5647840531562,0.03527902259167024
-748.5448504983389,0.033648851962180884
-748.5249169435217,0.032077781459371436
-748.5049833887043,0.030581591275178132
-748.4850498338872,0.029178153004053617
-748.4651162790698,0.027887420636193278
-748.4451827242525,0.026731178123693296
-748.4252491694352,0.02573242192000706
-748.405315614618,0.024914269441450282
-748.3853820598008,0.02429835822372234
-748.3654485049834,0.023902853008853607
-748.3455149501661,0.023740381636391965
-748.3255813953489,0.02381638154811434
-748.3056478405316,0.02412833187123431
-748.2857142857143,0.024666115351450933
-748.2657807308971,0.02541339309232357
-748.2458471760797,0.026349577500279293
-748.2259136212625,0.027451899032614933
-748.2059800664452,0.02869717498640448
-748.186046511628,0.03006309059743911
-748.1661129568107,0.03152898058796436
-748.1461794019933,0.03307620160671468
-748.1262458471762,0.03468821772914731
-748.1063122923588,0.036350510334852267
-748.0863787375416,0.038050396339914555
-748.0664451827242,0.03977681060601776
-748.046511627907,0.04152008587467332
-748.0265780730898,0.04327174794397215
-748.0066445182724,0.04502433392498456
-747.9867109634553,0.0467712356627542
-747.9667774086379,0.04850656734630288
-747.9468438538206,0.050225054908106304
-747.9269102990033,0.051921944322513916
-747.9069767441861,0.05359292591759303
-747.8870431893688,0.05523407205656191
-747.8671096345515,0.05684178587874193
-747.8471760797343,0.05841275913762269
-747.827242524917,0.05994393749879556
-747.8073089700997,0.061432491946645185
-747.7873754152824,0.06287579519273268
-747.7674418604652,0.06427140218227656
-747.7475083056479,0.06561703396278802
-747.7275747508306,0.0669105643156533
-747.7076411960134,0.06815000866269583
-747.6877076411961,0.06933351484977286
-747.6677740863788,0.07045935548238541
-747.6478405315615,0.07152592154715326
-747.6279069767443,0.0725317171009768
-747.6079734219269,0.07347535484829887
-747.5880398671097,0.07435555245863586
-747.5681063122923,0.07517112950205074
-747.5481727574752,0.07592100490159778
-747.5282392026579,0.07660419481877156
-747.5083056478405,0.07721981090260298
-747.4883720930234,0.07776705884455622
-747.468438538206,0.0782452371915578
-747.4485049833888,0.07865373637759074
-747.4285714285714,0.07899203794142347
-747.4086378737542,0.07925971390390162
-747.3887043189369,0.07945642628363421
-747.3687707641196,0.07958192673419466
-747.3488372093025,0.0796360562902436
-747.3289036544851,0.07961874521343265
-747.3089700996678,0.07953001293259812
-747.2890365448505,0.07936996807580389
-747.2691029900333,0.0791388085951376
-747.249169435216,0.07883682198828439
-747.2292358803987,0.0784643856243151
-747.2093023255813,0.07802196718458988
-747.1893687707642,0.07751012523363764
-747.1694352159469,0.07692950993900516
-747.1495016611296,0.07628086396420591
-747.1295681063124,0.07556502356416718
-747.109634551495,0.07478291991939284
-747.0897009966778,0.07393558075247544
-747.0697674418604,0.07302413227993106
-747.0498338870433,0.07204980156297733
-747.0299003322259,0.0710139193341733
-747.0099667774086,0.06991792339246035
-746.9900332225915,0.06876336267860493
-746.9700996677741,0.06755190216620968
-746.9501661129569,0.06628532873241812
-746.9302325581396,0.06496555820749488
-746.9102990033223,0.06359464384586123
-746.890365448505,0.0621747865147469
-746.8704318936877,0.06070834696252778
-746.8504983388705,0.05919786061057089
-746.8305647840532,0.05764605541322321
-746.8106312292359,0.05605587345494312
-746.7906976744187,0.05443049710626023
-746.7707641196014,0.05277338074659727
-746.7508305647841,0.05108828928696684
-746.7308970099668,0.04937934499255993
-746.7109634551495,0.04765108441388938
-746.6910299003323,0.045908527576494856
-746.6710963455149,0.044157261927857246
-746.6511627906978,0.04240354384042701
-746.6312292358805,0.04065442061335944
-746.6112956810631,0.038917875703602445
-746.5913621262459,0.03720299900683779
-746.5714285714286,0.035520181832965014
-746.5514950166114,0.03388133189909551
-746.531561461794,0.03230009593047867
-746.5116279069767,0.03079206472886533
-746.4916943521596,0.02937491634563818
-746.4717607973422,0.028068427068808553
-746.451827242525,0.026894250791919944
-746.4318936877077,0.02587534587526657
-746.4119601328904,0.02503493629120616
-746.3920265780731,0.024394959890444535
-746.3720930232558,0.0239741012084877
-746.3521594684386,0.023785708313964263
-746.3322259136213,0.02383606547590819
-746.312292358804,0.02412350971787653
-746.2923588039868,0.024638670512836393
-746.2724252491695,0.02536575486325647
-746.2524916943522,0.026284485494952405
-746.232558139535,0.02737218486724742
-746.2126245847176,0.02860559329776956
-746.1926910299004,0.029962208786852365
-746.172757475083,0.03142112085089206
-746.1528239202659,0.03296342189210783
-746.1328903654486,0.034572317808034554
-746.1129568106312,0.036233051808559257
-746.093023255814,0.037932728803492785
-746.0730897009967,0.03966009912775477
-746.0531561461795,0.04140533710520474
-746.0332225913621,0.043159833577365886
-746.0132890365448,0.04491601107896475
-745.9933554817276,0.046667164209572724
-745.9734219269103,0.048407324453024966
-745.9534883720931,0.05013114713410027
-745.9335548172758,0.05183381763572119
-745.9136212624585,0.05351097396759391
-745.8936877076412,0.05515864300319649
-745.873754152824,0.05677318803163237
-745.8538205980067,0.05835126562064401
-745.8338870431894,0.059889790116367234
-745.8139534883721,0.06138590439701363
-745.7940199335549,0.06283695574678852
-745.7740863787376,0.06424047592438963
-745.7541528239203,0.06559416467219978
-745.734219269103,0.06689587605232661
-745.7142857142858,0.06814360710973472
-745.6943521594685,0.06933548845484215
-745.6744186046511,0.07046977643289087
-745.654485049834,0.07154484660764769
-745.6345514950166,0.07255918833618008
-745.6146179401994,0.07351140025093346
-745.5946843853822,0.0744001864979837
-745.5747508305648,0.07522435360637629
-745.5548172757476,0.07598280788526307
-745.5348837209302,0.0766745532631034
-745.5149501661131,0.07729868949793443
-745.4950166112957,0.07785441069972471
-745.4750830564784,0.0783410041159183
-745.4551495016611,0.0787578491398562
-745.4352159468439,0.07910441650874507
-745.4152823920267,0.07938026766408829
-745.3953488372093,0.07958505425275636
-745.375415282392,0.0797185177513375
-745.3554817275748,0.07978048920077477
-745.3355481727575,0.07977088904169924
-745.3156146179402,0.07968972704468286
-745.295681063123,0.07953710233248319
-745.2757475083057,0.07931320349499991
-745.2558139534884,0.07901830880049124
-745.2358803986712,0.07865278651019095
-745.2159468438539,0.07821709530688863
-745.1960132890366,0.07771178485177951
-745.1760797342192,0.077137496488322
-745.1561461794021,0.07649496411653965
-745.1362126245847,0.07578501526664849
-745.1162790697675,0.07500857240754139
-745.0963455149503,0.07416665453291704
-745.0764119601329,0.07326037907706624
-745.0564784053157,0.07229096422275341
-745.0365448504983,0.07125973167673381
-745.0166112956812,0.0701681100037556
-744.9966777408638,0.06901763862889884
-744.9767441860465,0.06780997264101819
-744.9568106312292,0.0665468885581815
-744.936877076412,0.06523029125058571
-744.9169435215948,0.06386222225875664
-744.8970099667774,0.06244486979743654
-744.8770764119602,0.060980580800083374
-744.8571428571429,0.0594718754389015
-744.8372093023256,0.05792146465422063
-744.8172757475083,0.05633227134875051
-744.7973421926911,0.054707456052027904
-744.7774086378738,0.05305044804323662
-744.7574750830565,0.05136498314171429
-744.7375415282393,0.049655149637449936
-744.717607973422,0.04792544413917259
-744.6976744186047,0.04618083945710946
-744.6777408637874,0.04442686698871897
-744.6578073089702,0.04266971638625216
-744.6378737541528,0.04091635545462538
-744.6179401993356,0.03917467306881691
-744.5980066445183,0.03745364708796226
-744.5780730897011,0.035763537238072074
-744.5581395348838,0.03411609889325732
-744.5382059800664,0.03252480637965096
-744.5182724252493,0.031005062289404025
-744.4983388704319,0.029574350774213796
-744.4784053156147,0.02825226744020881
-744.4584717607974,0.027060329221614096
-744.4385382059801,0.02602144439458259
-744.4186046511628,0.02515892603957865
-744.3986710963455,0.024494990750055005
-744.3787375415284,0.02404882081996755
-744.358803986711,0.02383446760729973
-744.3388704318937,0.023859055874159697
-744.3189368770765,0.024121787566599252
-744.2990033222592,0.02461405763609052
-744.2790697674419,0.025320644215546036
-744.2591362126246,0.026221605820975463
-744.2392026578074,0.027294377920335827
-744.2192691029901,0.028515638294173615
-744.1993355481728,0.029862705706004095
-744.1794019933556,0.03131442735861818
-744.1594684385383,0.03285163084764034
-744.1395348837209,0.034457261330547655
-744.1196013289037,0.03611632034596405
-744.0996677740864,0.037815697041746886
-744.0797342192692,0.039543953609323064
-744.0598006644519,0.04129110267209898
-744.0398671096345,0.04304839723892917
-744.0199335548174,0.04480814280292408
-744.0,0.046563534633151535
-743.9800664451828,0.048308519758505926
-743.9601328903655,0.05003768143332669
-743.9401993355482,0.051746143227768306
-743.9202657807309,0.05342948981248471
-743.9003322259136,0.05508370171620403
-743.8803986710965,0.05670510165916428
-743.8604651162791,0.05829031041666223
-743.8405315614618,0.059836210500710474
-743.8205980066446,0.06133991624441472
-743.8006644518273,0.06279874912808545
-743.78073089701,0.06421021739898128
-743.7607973421927,0.0655719992122437
-743.7408637873754,0.0668819286642756
-743.7209302325582,0.06813798420654582
-743.7009966777409,0.06933827902245952
-743.6810631229237,0.07048105302656898
-743.6611295681064,0.07156466620731904
-743.641196013289,0.0725875930847417
-743.6212624584718,0.0735484180952584
-743.6013289036545,0.07444583174881317
-743.5813953488373,0.07527862743058994
-743.5614617940199,0.07604569874164824
-743.5415282392026,0.07674603729081497
-743.5215946843855,0.07737873086533448
-743.5016611295681,0.07794296191992423
-743.481727574751,0.07843800633431008
-743.4617940199336,0.07886323239794471
-743.4418604651163,0.07921809998786954
-743.421926910299,0.07950215991196218
-743.4019933554817,0.07971505339510189
-743.3820598006645,0.07985651169051142
-743.3621262458472,0.07992635580274352
-743.3421926910299,0.07992449631238344
-743.3222591362127,0.07985093329620939
-743.3023255813954,0.0797057563397348
-743.2823920265781,0.07948914464222785
-743.2624584717609,0.07920136721771448
-743.2425249169435,0.0788427831985033
-743.2225913621263,0.07841384225151861
-743.2026578073089,0.07791508512138802
-743.1827242524918,0.07734714431852266
-743.1627906976745,0.07671074497500693
-743.1428571428571,0.07600670589686948
-743.12292358804,0.07523594084724575
-743.1029900332226,0.07439946010269928
-743.0830564784054,0.07349837233358436
-743.063122923588,0.0725338868698268
-743.0431893687708,0.07150731642623981
-743.0232558139536,0.07042008037661604
-743.0033222591362,0.06927370868435652
-742.983388704319,0.06806984661996493
-742.9634551495017,0.0668102604232823
-742.9435215946844,0.06549684410213283
-742.9235880398671,0.06413162760072666
-742.9036544850499,0.06271678662241209
-742.8837209302326,0.061254654454799044
-742.8637873754153,0.05974773622349073
-742.843853820598,0.05819872609756555
-742.8239202657808,0.05661052808919997
-742.8039867109635,0.054986281236714285
-742.7840531561462,0.053329390139729455
-742.764119601329,0.051643562032430465
-742.7441860465117,0.049932851839976936
-742.7242524916944,0.04820171696476542
-742.704318936877,0.04645508388687069
-742.6843853820599,0.04469842901580283
-742.6644518272426,0.04293787655083108
-742.6445182724253,0.041180316300305886
-742.6245847176081,0.03943354430045981
-742.6046511627907,0.03770642835406029
-742.5847176079735,0.0360090987658789
-742.5647840531561,0.0343531607758805
-742.544850498339,0.03275191829618461
-742.5249169435216,0.03122058699838072
-742.5049833887043,0.029776456981526367
-742.4850498338872,0.028438940518988338
-742.4651162790698,0.027229411148524497
-742.4451827242526,0.026170715627747886
-742.4252491694352,0.025286239219230962
-742.405315614618,0.024598455955090342
-742.3853820598007,0.024127023622726566
-742.3654485049834,0.02388667908084693
-742.3455149501661,0.023885379931959057
-742.3255813953489,0.024123198697108626
-742.3056478405316,0.024592313597917168
-742.2857142857143,0.02527809884283343
-742.2657807308971,0.02616097454085131
-742.2458471760798,0.027218510864772092
-742.2259136212625,0.028427338263352947
-742.2059800664451,0.02976460490920056
-742.186046511628,0.031208919041620035
-742.1661129568106,0.03274084316379887
-742.1461794019934,0.034343059262970474
-742.1262458471762,0.03600032374182178
-742.1063122923588,0.037699306211391545
-742.0863787375416,0.03942837705532067
-742.0664451827242,0.04117738385513066
-742.0465116279071,0.04293743885131731
-742.0265780730897,0.04470072797462418
-742.0066445182724,0.0464603450294584
-741.9867109634552,0.04821015079767634
-741.9667774086379,0.04994465496476922
-741.9468438538207,0.05165891803688929
-741.9269102990033,0.05334847030012066
-741.9069767441861,0.055009245062871935
-741.8870431893688,0.05663752374075039
-741.8671096345515,0.05822989069578663
-741.8471760797343,0.05978319607942774
-741.827242524917,0.06129452523085329
-741.8073089700997,0.06276117344167412
-741.7873754152824,0.06418062511578257
-741.7674418604652,0.06555053653304385
-741.7475083056479,0.06686872157261387
-741.7275747508306,0.06813313987146244
-741.7076411960134,0.0693418869906017
-741.6877076411961,0.07049318624014751
-741.6677740863787,0.0715853818777985
-741.6478405315615,0.07261693344679011
-741.6279069767443,0.07358641106113463
-741.607973421927,0.07449249147986084
-741.5880398671097,0.07533395483956133
-741.5681063122923,0.07610968193725264
-741.5481727574752,0.07681865197394938
-741.5282392026578,0.07745994068479949
-741.5083056478406,0.07803271879414353
-741.4883720930233,0.07853625074443302
-741.468438538206,0.07896989365676596
-741.4485049833888,0.07933309648825862
-741.4285714285714,0.07962539935773216
-741.4086378737543,0.07984643301678003
-741.3887043189369,0.07999591844785704
-741.3687707641196,0.08007366657547235
-741.3488372093024,0.08007957808012513
-741.3289036544851,0.08001364330839045
-741.3089700996678,0.07987594227561241
-741.2890365448505,0.07966664476113622
-741.2691029900333,0.07938601049902651
-741.249169435216,0.07903438947065716
-741.2292358803987,0.07861222230893952
-741.2093023255815,0.07812004082780699
-741.1893687707642,0.07755846869470319
-741.1694352159468,0.07692822226846821
-741.1495016611296,0.07623011163045221
-741.1295681063123,0.07546504184293042
-741.1096345514951,0.07463401447605088
-741.0897009966778,0.07373812945342836
-741.0697674418604,0.07277858727658096
-741.0498338870433,0.07175669170099382
-741.0299003322259,0.07067385295135732
-741.0099667774087,0.06953159158187036
-740.9900332225914,0.06833154310939363
-740.9700996677741,0.06707546357442824
-740.9501661129568,0.06576523621793308
-740.9302325581396,0.06440287950283001
-740.9102990033224,0.06299055675919463
-740.890365448505,0.06153058779438693
-740.8704318936877,0.06002546288584671
-740.8504983388705,0.058477859669253944
-740.8305647840532,0.05689066355158814
-740.8106312292359,0.05526699242267099
-740.7906976744187,0.05361022661472356
-740.7707641196014,0.051924045273060625
-740.7508305647841,0.050212470556013473
-740.7308970099668,0.048479921380311757
-740.7109634551496,0.04673127876340946
-740.6910299003323,0.04497196516828805
-740.6710963455149,0.04320804058475985
-740.6511627906978,0.04144631829617592
-740.6312292358804,0.03969450321617179
-740.6112956810632,0.03796135504673617
-740.5913621262459,0.03625687681807484
-740.5714285714286,0.03459252584832377
-740.5514950166114,0.03298143766037339
-740.531561461794,0.03143864239480736
-740.5116279069769,0.029981236137470092
-740.4916943521595,0.028628445493024138
-740.4717607973422,0.02740149461626795
-740.4518272425249,0.026323157863572696
-740.4318936877077,0.0254168762887277
-740.4119601328905,0.02470536036541672
-740.3920265780731,0.0242087209401883
-740.3720930232558,0.023942361795953947
-740.3521594684386,0.02391506443385622
-740.3322259136213,0.024127776206736704
-740.312292358804,0.024573475374610715
-740.2923588039868,0.025238156806452694
-740.2724252491694,0.02610262828654225
-740.2524916943522,0.027144617058655025
-740.232558139535,0.028340722215118408
-740.2126245847177,0.02966793065127525
-740.1926910299004,0.03110461547353397
-740.172757475083,0.032631074099635636
-740.1528239202659,0.034229723061331666
-740.1328903654485,0.035885070205336426
-740.1129568106313,0.03758356181585719
-740.0930232558139,0.039313372758386624
-740.0730897009967,0.04106418217261562
-740.0531561461795,0.042826958534725845
-740.0332225913621,0.044593765635910665
-740.013289036545,0.04635759363153694
-739.9933554817276,0.048112215221106924
-739.9734219269103,0.04985206498618474
-739.953488372093,0.05157213908704766
-739.9335548172758,0.05326791235421119
-739.9136212624585,0.054935269979048774
-739.8936877076412,0.05657045131932553
-739.873754152824,0.05817000368841062
-739.8538205980067,0.059730744338639286
-739.8338870431894,0.06124972915636393
-739.8139534883721,0.06272422685117995
-739.7940199335549,0.06415169764455363
-739.7740863787376,0.06552977564691455
-739.7541528239203,0.0668562542634515
-739.7342192691029,0.06812907409113947
-739.7142857142858,0.06934631286933732
-739.6943521594685,0.07050617712658419
-739.6744186046512,0.07160699523141666
-739.654485049834,0.0726472116078484
-739.6345514950166,0.07362538191875542
-739.6146179401994,0.07454016905531921
-739.594684385382,0.07539033979887215
-739.5747508305649,0.0761747620446748
-739.5548172757476,0.07689240249611048
-739.5348837209302,0.07754232475342217
-739.5149501661131,0.07812368773404597
-739.4950166112957,0.07863574437227112
-739.4750830564785,0.07907784055514869
-739.4551495016611,0.07944941425889501
-739.4352159468439,0.07974999485676115
-739.4152823920266,0.07997920257465384
-739.3953488372093,0.0801367480758235
-739.3754152823922,0.08022243216006203
-739.3554817275748,0.08023614556680785
-739.3355481727575,0.08017786887502197
-739.3156146179402,0.08004767249607637
-739.295681063123,0.07984571675914236
-739.2757475083057,0.0795722520917197
-739.2558139534884,0.07922761930132369
-739.235880398671,0.07881224996782517
-739.2159468438539,0.07832666695940334
-739.1960132890366,0.07777148508975264
-739.1760797342193,0.07714741193817126
-739.1561461794021,0.07645524885996229
-739.1362126245847,0.07569589222039326
-739.1162790697675,0.07487033489290167
-739.0963455149501,0.07397966807047456
-739.076411960133,0.07302508344951071
-739.0564784053156,0.07200787585749488
-739.0365448504983,0.07092944641052101
-739.0166112956812,0.06979130630454952
-738.9966777408638,0.06859508136579996
-738.9767441860466,0.06734251751244802
-738.9568106312292,0.06603548731191301
-738.936877076412,0.06467599785834152
-738.9169435215947,0.06326620024374578
-738.8970099667774,0.06180840095741721
-738.8770764119602,0.06030507562302903
-738.8571428571429,0.05875888557588793
-738.8372093023256,0.05717269789737629
-738.8172757475083,0.05554960966462837
-738.7973421926911,0.05389297734629111
-738.7774086378738,0.05220645248504342
-738.7574750830565,0.050494025058303645
-738.7375415282393,0.048760076203298836
-738.717607973422,0.047009442325109695
-738.6976744186046,0.04524749296130321
-738.6777408637874,0.043480225112455945
-738.6578073089702,0.041714376982558476
-738.6378737541529,0.03995756405181001
-738.6179401993356,0.03821843985197917
-738.5980066445183,0.03650688226820182
-738.5780730897011,0.03483420290987476
-738.5581395348837,0.03321337097044355
-738.5382059800666,0.031659232541945054
-738.5182724252492,0.030188689917793204
-738.4983388704319,0.028820781999228152
-738.4784053156147,0.02757657800892367
-738.4584717607974,0.02647876956477708
-738.4385382059802,0.025550837666807758
-738.4186046511628,0.024815708576328584
-738.3986710963455,0.024293923654878865
-738.3787375415283,0.024001534307758643
-738.358803986711,0.02394813573808736
-738.3388704318938,0.024135552975263336
-738.3189368770765,0.024557580001508574
-738.2990033222592,0.025200856496795074
-738.2790697674419,0.026046604226595986
-738.2591362126246,0.027072730518755424
-738.2392026578074,0.028255819859494578
-738.2192691029901,0.029572707868088216
-738.1993355481727,0.031001536851885295
-738.1794019933556,0.03252233946236917
-738.1594684385383,0.03411726464901388
-738.139534883721,0.03577056833547834
-738.1196013289037,0.03746846967828557
-738.0996677740864,0.03919894427003096
-738.0797342192692,0.04095149935030759
-738.0598006644518,0.04271695657414218
-738.0398671096347,0.04448725495856564
-738.0199335548173,0.04625527877426622
-738.0,0.048014710758748844
-737.9800664451828,0.04975990881703024
-737.9601328903655,0.05148580345019787
-737.9401993355483,0.053187812936065476
-737.9202657807309,0.054861773430558446
-737.9003322259136,0.05650388146237252
-737.8803986710964,0.05811064664595681
-737.8604651162791,0.059678852783570956
-737.8405315614618,0.06120552583943432
-737.8205980066446,0.06268790753916302
-737.8006644518273,0.06412343357533488
-737.78073089701,0.06550971558861071
-737.7607973421927,0.06684452624813447
-737.7408637873755,0.06812578688081351
-737.7209302325582,0.06935155720112966
-737.7009966777408,0.0705200267754076
-737.6810631229237,0.07162950792160126
-737.6611295681063,0.07267842979934976
-737.6411960132891,0.07366533348925183
-737.6212624584718,0.07458886789553565
-737.6013289036545,0.07544778633562814
-737.5813953488373,0.07624094370353182
-737.5614617940199,0.07696729411351669
-737.5415282392028,0.0776258889465825
-737.5215946843854,0.07821587523528377
-737.5016611295681,0.07873649433355702
-737.4817275747508,0.07918708082742186
-737.4617940199336,0.07956706165005707
-737.4418604651164,0.0798759553714525
-737.421926910299,0.08011337163835386
-737.4019933554817,0.08027901074530508
-737.3820598006645,0.08037266332171474
-737.3621262458472,0.08039421012398584
-737.3421926910299,0.08034362192511299
-737.3222591362127,0.08022095949774134
-737.3023255813953,0.0800263736896854
-737.2823920265781,0.07976010559436639
-737.2624584717609,0.07942248682168113
-737.2425249169436,0.07901393987842392
-737.2225913621263,0.07853497867112923
-737.2026578073089,0.0779862091480063
-737.1827242524918,0.07736833010163727
-737.1627906976744,0.07668213415888062
-737.1428571428572,0.07592850899094218
-737.12292358804,0.07510843878318368
-737.1029900332226,0.0742230060129993
-737.0830564784054,0.07327339359378601
-737.063122923588,0.07226088745514228
-737.0431893687709,0.07118687964371871
-737.0232558139535,0.07005287204667929
-737.0033222591362,0.0688604808609779
-736.9833887043189,0.06761144195756513
-736.9634551495017,0.06630761732152604
-736.9435215946845,0.06495100278827588
-736.9235880398671,0.06354373734411903
-736.9036544850499,0.062088114319104416
-736.8837209302326,0.06058659487355266
-736.8637873754153,0.05904182427074102
-736.843853820598,0.05745665154040027
-736.8239202657808,0.05583415327600144
-736.8039867109635,0.054177662478347856
-736.7840531561462,0.052490803563849796
-736.764119601329,0.05077753490312267
-736.7441860465117,0.04904220054581447
-736.7242524916944,0.047289593117951924
-736.7043189368771,0.04552503023289547
-736.6843853820599,0.04375444709919531
-736.6644518272425,0.041984508261537615
-736.6445182724253,0.04022274142890446
-736.624584717608,0.03847769586802664
-736.6046511627908,0.036759126430168834
-736.5847176079735,0.03507820122746396
-736.5647840531561,0.03344772521424747
-736.544850498339,0.03188236200207287
-736.5249169435216,0.030398820483492038
-736.5049833887044,0.029015950109320163
-736.485049833887,0.027754660044656192
-736.4651162790698,0.026637549369815668
-736.4451827242525,0.025688123740551395
-736.4252491694352,0.02492950492848006
-736.4053156146181,0.024382642213667552
-736.3853820598007,0.02406421466050735
-736.3654485049834,0.023984619761263103
-736.3455149501661,0.024146561643430722
-736.3255813953489,0.024544664553047674
-736.3056478405316,0.02516623662180409
-736.2857142857143,0.025992940066849834
-736.265780730897,0.027002885933462912
-736.2458471760798,0.028172661629698822
-736.2259136212625,0.029478962206513432
-736.2059800664452,0.03089970403245164
-736.186046511628,0.03241465564397194
-736.1661129568106,0.03400569645426677
-736.1461794019934,0.03565682715865144
-736.126245847176,0.0373540359789377
-736.1063122923589,0.03908509543767343
-736.0863787375416,0.04083933735806155
-736.0664451827242,0.0426074334556646
-736.0465116279071,0.044381195280364
-736.0265780730897,0.046153398930220045
-736.0066445182725,0.04791763525574517
-735.9867109634552,0.04966818387430497
-735.9667774086379,0.051399908282236
-735.9468438538206,0.053108169080629666
-735.9269102990033,0.05478875244934039
-735.9069767441862,0.056437811298318735
-735.8870431893688,0.058051816877488456
-735.8671096345515,0.05962751897536067
-735.8471760797343,0.061161913154115684
-735.827242524917,0.0626522137444484
-735.8073089700997,0.06409583155613262
-735.7873754152824,0.06549035545328934
-735.7674418604652,0.06683353710150103
-735.7475083056479,0.06812327832287114
-735.7275747508306,0.06935762059969611
-735.7076411960134,0.07053473635194461
-735.6877076411961,0.07165292168240185
-735.6677740863788,0.0727105903384597
-735.6478405315615,0.07370626868481303
-735.6279069767442,0.07463859151744583
-735.607973421927,0.07550629857921706
-735.5880398671096,0.07630823166152068
-735.5681063122925,0.07704333219637702
-735.5481727574752,0.07771063925963587
-735.5282392026578,0.07830928791955563
-735.5083056478406,0.07883850787614707
-735.4883720930233,0.07929762234614567
-735.4684385382061,0.07968604715632491
-735.4485049833887,0.0800032900145814
-735.4285714285714,0.08024894993393066
-735.4086378737542,0.08042271678965002
-735.3887043189369,0.0805243709940609
-735.3687707641197,0.08055378327754936
-735.3488372093024,0.08051091456784158
-735.3289036544851,0.080395815963139
-735.3089700996678,0.0802086287978306
-735.2890365448505,0.07994958480279711
-735.2691029900333,0.079619006365579
-735.249169435216,0.07921730689909301
-735.2292358803986,0.07874499133133142
-735.2093023255815,0.07820265673241755
-735.1893687707642,0.0775909931000489
-735.1694352159469,0.07691078432937351
-735.1495016611296,0.0761629093994158
-735.1295681063123,0.07534834381512277
-735.1096345514951,0.07446816135223971
-735.0897009966777,0.07352353616214653
-735.0697674418606,0.07251574530541965
-735.0498338870432,0.07144617179704868
-735.0299003322259,0.07031630826341728
-735.0099667774087,0.06912776133190471
-734.9900332225914,0.06788225689951885
-734.9700996677742,0.06658164645808418
-734.9501661129568,0.06522791469192615
-734.9302325581396,0.06382318861117559
-734.9102990033223,0.062369748542153464
-734.890365448505,0.06087004136838007
-734.8704318936879,0.05932669650481178
-734.8504983388705,0.057742545197956414
-734.8305647840532,0.056120643880050974
-734.8106312292359,0.05446430247173147
-734.7906976744187,0.052777118729965
-734.7707641196014,0.05106301998103099
-734.7508305647841,0.04932631386503062
-734.7308970099667,0.04757175004564522
-734.7109634551496,0.04580459519364222
-734.6910299003323,0.04403072390013433
-734.671096345515,0.04225672844521617
-734.6511627906978,0.04049005040203948
-734.6312292358804,0.038739136651797755
-734.6112956810632,0.03701362110372543
-734.5913621262458,0.03532453058024684
-734.5714285714287,0.033684507913234255
-734.5514950166113,0.032108035880539544
-734.531561461794,0.030611630525780236
-734.5116279069769,0.029213950376765732
-734.4916943521595,0.027935739825416125
-734.4717607973423,0.026799496144986355
-734.4518272425249,0.02582873491738859
-734.4318936877077,0.025046753554468205
-734.4119601328904,0.024474886661860644
-734.3920265780731,0.024130420403052848
-734.3720930232558,0.024024541973394407
-734.3521594684386,0.024160834591506437
-734.3322259136213,0.024534766112604613
-734.312292358804,0.025134336175839534
-734.2923588039868,0.025941674022856617
-734.2724252491695,0.026935118639912093
-734.2524916943522,0.02809127866273822
-734.2325581395348,0.029386720006294813
-734.2126245847177,0.030799138510185765
-734.1926910299003,0.03230803959975024
-734.1727574750831,0.03389503138557374
-734.1528239202659,0.035543856100467286
-734.1328903654485,0.03724026722342086
-734.1129568106313,0.038971830369509866
-734.0930232558139,0.04072769837161633
-734.0730897009968,0.04249838982556764
-734.0531561461794,0.044275586061767985
-734.0332225913621,0.046051952664247615
-734.0132890365448,0.047820986625142406
-733.9933554817276,0.049576887623607374
-733.9734219269104,0.051314450772563615
-733.953488372093,0.053028977844824035
-733.9335548172758,0.05471620408064721
-733.9136212624585,0.056372237962648834
-733.8936877076412,0.05799351169491244
-733.873754152824,0.05957674047544652
-733.8538205980067,0.06111888897357353
-733.8338870431894,0.06261714370500447
-733.8139534883721,0.06406889023505186
-733.7940199335549,0.06547169433800468
-733.7740863787376,0.06682328640280563
-733.7541528239203,0.06812154850719666
-733.734219269103,0.06936450368983842
-733.7142857142858,0.07055030703658552
-733.6943521594684,0.07167723826729526
-733.6744186046512,0.07274369556642285
-733.654485049834,0.0737481904466425
-733.6345514950167,0.07468934347210228
-733.6146179401994,0.07556588069840953
-733.594684385382,0.0763766307111652
-733.5747508305649,0.07712052216525293
-733.5548172757475,0.07779658174389605
-733.5348837209303,0.07840393247017144
-733.514950166113,0.07894179231520276
-733.4950166112957,0.07940947305691494
-733.4750830564785,0.07980637935107479
-733.4551495016611,0.08013200798347493
-733.435215946844,0.08038594727770511
-733.4152823920266,0.08056787663813413
-733.3953488372093,0.0806775662122814
-733.375415282392,0.08071487666053263
-733.3554817275748,0.0806797590250483
-733.3355481727575,0.0805722546929251
-733.3156146179402,0.08039249545209932
-733.295681063123,0.08014070364155343
-733.2757475083057,0.07981719240084201
-733.2558139534884,0.07942236602722492
-733.2358803986712,0.07895672045238605
-733.2159468438539,0.07842084385482082
-733.1960132890365,0.07781541742829307
-733.1760797342193,0.07714121633195219
-733.156146179402,0.0763991108535922
-733.1362126245848,0.07559006782435167
-733.1162790697675,0.07471515233121534
-733.0963455149501,0.07377552978337146
-733.076411960133,0.07277246840002077
-733.0564784053156,0.07170734220097376
-733.0365448504984,0.07058163459835602
-733.0166112956811,0.06939694270805605
-732.9966777408638,0.06815498252458319
-732.9767441860465,0.06685759513350285
-732.9568106312292,0.0655067541733227
-732.9368770764121,0.06410457480474725
-732.9169435215947,0.06265332450267845
-732.8970099667774,0.061155436056561104
-732.8770764119602,0.059613523252214556
-732.8571428571429,0.05803039981596234
-732.8372093023256,0.05640910233470744
-732.8172757475083,0.05475291802885271
-732.7973421926911,0.0530654184532864
-732.7774086378738,0.051350500441112445
-732.7574750830565,0.04961243588725203
-732.7375415282393,0.047855932293498556
-732.717607973422,0.046086206350419254
-732.6976744186047,0.044309073184013156
-732.6777408637874,0.042531054179469785
-732.6578073089701,0.040759506382790016
-732.6378737541529,0.03900277614322271
-732.6179401993356,0.03727037849956457
-732.5980066445184,0.03557320118607643
-732.5780730897011,0.03392372705123298
-732.5581395348837,0.03233625975799556
-732.5382059800666,0.03082712320357537
-732.5182724252492,0.02941478378152762
-732.498338870432,0.028119816790916012
-732.4784053156146,0.026964608948774497
-732.4584717607974,0.025972671598938058
-732.4385382059802,0.025167458358574046
-732.4186046511628,0.02457066662309559
-732.3986710963457,0.02420016856357883
-732.3787375415283,0.02406792736589917
-732.358803986711,0.02417840390436734
-732.3388704318937,0.02452792174207752
-732.3189368770765,0.02510519442109026
-732.2990033222592,0.02589284481758043
-732.2790697674419,0.026869464638467795
-732.2591362126246,0.02801170282835389
-732.2392026578074,0.029296008340157782
-732.2192691029901,0.030699862467344328
-732.1993355481728,0.032202508901866066
-732.1794019933556,0.033785282888780396
-732.1594684385382,0.03543166504538247
-732.139534883721,0.03712717030411527
-732.1196013289036,0.038859153497342085
-732.0996677740865,0.04061658483666338
-732.0797342192692,0.042389826555446916
-732.0598006644518,0.04417042695206505
-732.0398671096347,0.04595093870064768
-732.0199335548173,0.04772476291605861
-732.0000000000001,0.049486017648276946
-731.9800664451827,0.051229428214205994
-731.9601328903655,0.052950236378546685
-731.9401993355482,0.054644125454986696
-731.9202657807309,0.05630715867075319
-731.9003322259138,0.05793572848667026
-731.8803986710964,0.05952651492007982
-731.8604651162791,0.06107645124543901
-731.8405315614618,0.06258269573405645
-731.8205980066446,0.0640426083372056
-731.8006644518273,0.06545373141939634
-731.78073089701,0.06681377381411423
-731.7607973421926,0.06812059761027478
-731.7408637873755,0.06937220718724256
-731.7209302325582,0.07056674010527722
-731.7009966777409,0.07170245953033448
-731.6810631229237,0.07277774793034306
-731.6611295681063,0.07379110182728407
-731.6411960132891,0.07474112742761653
-731.6212624584717,0.07562653698493094
-731.6013289036546,0.0764461457739136
-731.5813953488372,0.077198869575712
-731.5614617940199,0.07788372259184588
-731.5415282392028,0.07849981571781893
-731.5215946843854,0.07904635511953793
-731.5016611295682,0.07952264106522697
-731.4817275747508,0.07992806697382225
-731.4617940199336,0.0802621186478311
-731.4418604651163,0.0805243736645756
-731.421926910299,0.08071450090481425
-731.4019933554819,0.08083226020246025
-731.3820598006645,0.08087750210292287
-731.3621262458472,0.08085016772151601
-731.3421926910299,0.08075028869661614
-731.3222591362127,0.08057798723572043
-731.3023255813954,0.08033347625562906
-731.2823920265781,0.08001705962136392
-731.2624584717607,0.07962913249182679
-731.2425249169436,0.07917018178373589
-731.2225913621263,0.07864078676947986
-731.202657807309,0.07804161982887921
-731.1827242524918,0.0773734473798792
-731.1627906976744,0.07663713101901291
-731.1428571428572,0.07583362890919358
-731.1229235880398,0.07496399746044305
-731.1029900332227,0.07402939335847276
-731.0830564784053,0.07303107600754473
-731.063122923588,0.0719704104674253
-731.0431893687709,0.07084887098108607
-731.0232558139535,0.06966804520939865
-731.0033222591363,0.06842963931401076
-730.9833887043189,0.06713548405921323
-730.9634551495017,0.06578754214057272
-730.9435215946844,0.06438791699345492
-730.9235880398671,0.06293886339045976
-730.9036544850499,0.061442800205947896
-730.8837209302326,0.05990232581134718
-730.8637873754153,0.05832023667051562
-730.843853820598,0.05669954983464754
-730.8239202657808,0.055043530196141346
-730.8039867109635,0.05335572355598703
-730.7840531561462,0.05163999679414758
-730.764119601329,0.04990058671143853
-730.7441860465117,0.04814215943222514
-730.7242524916943,0.04636988261040237
-730.7043189368771,0.04458951303728496
-730.6843853820599,0.042807502548138865
-730.6644518272426,0.04103112524390429
-730.6445182724253,0.03926862876938189
-730.624584717608,0.0375294113433964
-730.6046511627908,0.03582422380566135
-730.5847176079734,0.034165391178907184
-730.5647840531562,0.03256703979580036
-730.5448504983389,0.031045302250509742
-730.5249169435216,0.02961845183973152
-730.5049833887044,0.028306890831689503
-730.485049833887,0.027132887147986312
-730.4651162790699,0.02611993429788626
-730.4451827242525,0.02529162312931385
-730.4252491694352,0.024669991400152292
-730.405315614618,0.024273475731404367
-730.3853820598007,0.024114800510904942
-730.3654485049834,0.024199301410661518
-730.3455149501661,0.024524168507816132
-730.3255813953489,0.02507885090808444
-730.3056478405316,0.025846491701674575
-730.2857142857143,0.026805960614528997
-730.2657807308971,0.027933966751538773
-730.2458471760798,0.02920685503495193
-730.2259136212624,0.0306018987911827
-730.2059800664452,0.03209808175216847
-730.186046511628,0.03367646495430612
-730.1661129568107,0.035320264338057
-730.1461794019934,0.03701475249586989
-730.126245847176,0.03874706956702037
-730.1063122923589,0.04050599945444079
-730.0863787375415,0.04228174472355586
-730.0664451827244,0.04406571776693784
-730.046511627907,0.04585035589732865
-730.0265780730897,0.047628962284886125
-730.0066445182725,0.04939557161800326
-729.9867109634552,0.05114483797011799
-729.966777408638,0.05287194188895619
-729.9468438538206,0.054572513750565294
-729.9269102990033,0.05624257067877496
-729.9069767441861,0.05787846467715394
-729.8870431893688,0.05947683997845997
-729.8671096345515,0.06103459794881661
-729.8471760797343,0.06254886817604784
-729.827242524917,0.06401698461978346
-729.8073089700997,0.0654364659078739
-729.7873754152824,0.06680499903371294
-729.7674418604652,0.06812042584793043
-729.7475083056479,0.06938073185056692
-729.7275747508306,0.07058403688103566
-729.7076411960134,0.07172858737709593
-729.687707641196,0.07281274993366188
-729.6677740863788,0.07383500594071561
-729.6478405315615,0.07479394711883702
-729.6279069767443,0.07568827180269126
-729.607973421927,0.07651678184903908
-729.5880398671096,0.07727838006692136
-729.5681063122925,0.0779720680854215
-729.5481727574751,0.0785969445885765
-729.5282392026579,0.07915220385930939
-729.5083056478405,0.07963713458394137
-729.4883720930233,0.08005111887746941
-729.4684385382061,0.08039363149674292
-729.4485049833887,0.08066423921482846
-729.4285714285716,0.08086260033506058
-729.4086378737542,0.08098846432790582
-729.3887043189369,0.08104167157777957
-729.3687707641196,0.08102215323087923
-729.3488372093024,0.0809299311382598
-729.3289036544851,0.08076511789206728
-729.3089700996678,0.08052791695566573
-729.2890365448505,0.0802186228920955
-729.2691029900333,0.07983762169827373
-729.249169435216,0.0793853912563558
-729.2292358803987,0.07886250191723469
-729.2093023255815,0.07826961723586291
-729.1893687707641,0.07760749488279779
-729.1694352159469,0.07687698776227843
-729.1495016611296,0.07607904537358476
-729.1295681063124,0.07521471546050922
-729.1096345514951,0.07428514600287296
-729.0897009966777,0.07329158761520205
-729.0697674418606,0.07223539643108909
-729.0498338870432,0.0711180375679787
-729.029900332226,0.06994108928663258
-729.0099667774086,0.06870624798371132
-728.9900332225914,0.06741533418517043
-728.9700996677742,0.06607029974424852
-728.9501661129568,0.06467323649235418
-728.9302325581397,0.06322638664578809
-728.9102990033223,0.061732155339149435
-728.890365448505,0.06019312573988584
-728.8704318936877,0.05861207730193298
-728.8504983388705,0.05699200784411623
-728.8305647840532,0.055336160295649583
-728.8106312292359,0.05364805514274818
-728.7906976744187,0.05193152984142277
-728.7707641196014,0.05019078673633211
-728.7508305647841,0.04843045134326681
-728.7308970099668,0.04665564320447803
-728.7109634551496,0.044872061885433114
-728.6910299003322,0.04308609099203028
-728.671096345515,0.04130492323586954
-728.6511627906976,0.03953670935851564
-728.6312292358805,0.037790732787439676
-728.6112956810632,0.03607760965159041
-728.5913621262458,0.03440950932075329
-728.5714285714287,0.032800382641591234
-728.5514950166113,0.03126617188040584
-728.5315614617941,0.029824956510399406
-728.5116279069767,0.028496962198661196
-728.4916943521595,0.027304330331160816
-728.4717607973422,0.026270523554573964
-728.4518272425249,0.025419251455882
-728.4318936877078,0.02477286988583572
-728.4119601328904,0.024350357956909704
-728.3920265780731,0.024165185448174066
-728.3720930232558,0.024223558560090893
-728.3521594684386,0.024523543356226647
-728.3322259136213,0.025055345358233876
-728.312292358804,0.02580265434909332
-728.2923588039866,0.02674464384922923
-728.2724252491695,0.027858103737167798
-728.2524916943522,0.029119288607531837
-728.232558139535,0.030505271018211277
-728.2126245847177,0.03199477693240454
-728.1926910299003,0.03356859207152737
-728.1727574750831,0.0352096647408012
-728.1528239202657,0.036903021415858245
-728.1328903654486,0.03863558360024259
-728.1129568106312,0.04039594514539615
-728.0930232558139,0.04217414558009467
-728.0730897009968,0.043961458455337686
-728.0531561461794,0.045750203214289555
-728.0332225913622,0.04753358296526944
-728.0132890365448,0.04930554726023843
-727.9933554817276,0.05106067744599493
-727.9734219269103,0.05279409161463483
-727.953488372093,0.054501366168768585
-727.9335548172759,0.05617847126030184
-727.9136212624585,0.05782171770458559
-727.8936877076412,0.05942771333174074
-727.873754152824,0.060993327074294
-727.8538205980067,0.06251565938770973
-727.8338870431894,0.06399201785399615
-727.8139534883721,0.0654198970304962
-727.7940199335549,0.0667969617798801
-727.7740863787376,0.06812103345988407
-727.7541528239203,0.06939007846677554
-727.734219269103,0.07060219872001659
-727.7142857142858,0.07175562375149136
-727.6943521594685,0.07284870412360697
-727.6744186046512,0.0738799059504188
-727.6544850498339,0.07484780633600399
-727.6345514950167,0.07575108957708813
-727.6146179401993,0.07658854400350103
-727.5946843853822,0.07735905935202333
-727.5747508305649,0.07806162458690184
-727.5548172757475,0.07869532609527229
-727.5348837209303,0.07925934619786122
-727.514950166113,0.07975296192554676
-727.4950166112958,0.08017554402099922
-727.4750830564784,0.08052655613179886
-727.4551495016611,0.08080555416763222
-727.4352159468439,0.08101218579948008
-727.4152823920266,0.08114619008344238
-727.3953488372094,0.08120739719590232
-727.375415282392,0.08119572827064098
-727.3554817275748,0.08111119533183536
-727.3355481727575,0.08095390132038423
-727.3156146179402,0.08072404021405162
-727.295681063123,0.08042189724547104
-727.2757475083057,0.08004784922505982
-727.2558139534883,0.07960236497987459
-727.2358803986712,0.07908600592299807
-727.2159468438539,0.07849942677262647
-727.1960132890366,0.0778433764448252
-727.1760797342193,0.07711869914950986
-727.156146179402,0.07632633572589836
-727.1362126245848,0.07546732526124746
-727.1162790697674,0.07454280704591372
-727.0963455149503,0.07355402292872208
-727.0764119601329,0.07250232014963796
-727.0564784053156,0.07138915474282
-727.0365448504984,0.0702160956222529
-727.0166112956811,0.0689848294857074
-726.9966777408639,0.06769716670178717
-726.9767441860465,0.06635504837973066
-726.9568106312292,0.064960554865747
-726.936877076412,0.06351591596277918
-726.9169435215947,0.06202352323741158
-726.8970099667774,0.060485944859217405
-726.8770764119602,0.058905943519716106
-726.8571428571429,0.05728649810259862
-726.8372093023256,0.05563082993136696
-726.8172757475083,0.05394243460779486
-726.7973421926911,0.0522251206824756
-726.7774086378738,0.0504830566690669
-726.7574750830565,0.048720828228315416
-726.7375415282393,0.046943507697647144
-726.717607973422,0.04515673850437592
-726.6976744186047,0.04336683732146457
-726.6777408637874,0.0415809170007051
-726.6578073089702,0.039807033155279385
-726.6378737541529,0.03805435642737733
-726.6179401993355,0.03633337040749682
-726.5980066445184,0.03465609099713791
-726.578073089701,0.03303629545525846
-726.5581395348838,0.031489736818342204
-726.5382059800666,0.030034300233397915
-726.5182724252492,0.028690031549572878
-726.498338870432,0.02747893836433637
-726.4784053156146,0.026424440001188598
-726.4584717607975,0.025550346797287016
-726.4385382059801,0.024879310630802044
-726.4186046511628,0.02443083081118409
-726.3986710963455,0.024219105732496766
-726.3787375415283,0.024251206460019097
-726.3588039867111,0.024526083145697986
-726.3388704318937,0.025034717698833527
-726.3189368770765,0.025761372900498562
-726.2990033222592,0.026685552273059642
-726.2790697674419,0.02778414783251303
-726.2591362126246,0.029033338333414368
-726.2392026578074,0.030410003406003368
-726.21926910299,0.03189261387683905
-726.1993355481728,0.03346167930068308
-726.1794019933556,0.035099877503873306
-726.1594684385383,0.03679198509180618
-726.139534883721,0.038524700960749385
-726.1196013289036,0.04028642511330331
-726.0996677740865,0.04206703060958255
-726.0797342192691,0.043857649160256564
-726.0598006644519,0.04565047977298357
-726.0398671096345,0.04743862332632611
-726.0199335548173,0.049215942417457616
-726.0000000000001,0.05097694414674131
-725.9800664451827,0.05271668288141455
-725.9601328903656,0.05443067998944052
-725.9401993355482,0.05611485776125677
-725.9202657807309,0.0577654850755622
-725.9003322259136,0.05937913272733035
-725.8803986710964,0.06095263667816484
-725.8604651162791,0.062483067792125375
-725.8405315614618,0.06396770687916538
-725.8205980066446,0.06540402408506962
-725.8006644518273,0.0667896618450177
-725.78073089701,0.06812242076401132
-725.7607973421927,0.06940024790553968
-725.7408637873755,0.07062122706609837
-725.7209302325581,0.07178357069053244
-725.7009966777409,0.07288561314622681
-725.6810631229237,0.0739258051246329
-725.6611295681064,0.074902708980344
-725.6411960132891,0.07581499485086622
-725.6212624584717,0.07666143742814885
-725.6013289036546,0.07744091327466812
-725.5813953488372,0.07815239859580411
-725.56146179402,0.07879496739477677
-725.5415282392026,0.07936778994944818
-725.5215946843854,0.07987013156031336
-725.5016611295682,0.08030135152805808
-725.4817275747508,0.08066090232615328
-725.4617940199337,0.08094832894058852
-725.4418604651163,0.08116326835393681
-725.421926910299,0.08130544915593829
-725.4019933554817,0.08137469126684108
-725.3820598006645,0.0813709057637274
-725.3621262458472,0.08129409480332712
-725.3421926910299,0.08114435163842253
-725.3222591362127,0.0809218607280755
-725.3023255813954,0.08062689794515543
-725.2823920265781,0.0802598308881148
-725.2624584717609,0.07982111930746062
-725.2425249169436,0.07931131566119833
-725.2225913621262,0.07873106581797543
-725.202657807309,0.07808110993125973
-725.1827242524917,0.07736228351367282
-725.1627906976745,0.07657551874691379
-725.1428571428572,0.07572184607030577
-725.1229235880398,0.07480239610009767
-725.1029900332227,0.07381840194222794
-725.0830564784053,0.07277120197430864
-725.0631229235881,0.07166224318806286
-725.0431893687708,0.0704930852024434
-725.0232558139535,0.06926540508075422
-725.0033222591362,0.06798100311321026
-724.9833887043189,0.06664180976118214
-724.9634551495018,0.06524989400184011
-724.9435215946844,0.06380747336474848
-724.9235880398671,0.06231692601663047
-724.9036544850499,0.06078080533118125
-724.8837209302326,0.05920185747993438
-724.8637873754153,0.057583042702816195
-724.843853820598,0.055927561067889923
-724.8239202657808,0.05423888371417886
-724.8039867109635,0.05252079079495838
-724.7840531561462,0.05077741760553545
-724.764119601329,0.04901331069008464
-724.7441860465117,0.04723349607025853
-724.7242524916944,0.045443562101979654
-724.7043189368771,0.04364975979802276
-724.6843853820598,0.04185912365382874
-724.6644518272426,0.040079615902643015
-724.6445182724252,0.038320296384265914
-724.6245847176081,0.03659151831008817
-724.6046511627908,0.03490514630655387
-724.5847176079734,0.033274785991910014
-724.5647840531562,0.03171600238508007
-724.5448504983389,0.03024648601617971
-724.5249169435217,0.028886100038956777
-724.5049833887043,0.0276567114844553
-724.485049833887,0.026581684457152775
-724.4651162790699,0.025684912575420847
-724.4451827242525,0.02498932192748314
-724.4252491694353,0.024514909453172154
-724.405315614618,0.024276584479159934
-724.3853820598007,0.02428227589980368
-724.3654485049834,0.024531824655797344
-724.3455149501661,0.025017008065045837
-724.3255813953489,0.025722687964490072
-724.3056478405316,0.026628724469135157
-724.2857142857143,0.027712133832295906
-724.2657807308971,0.028949034251590608
-724.2458471760798,0.030316120935596033
-724.2259136212625,0.031791612670411834
-724.2059800664452,0.033355742265739084
-724.1860465116279,0.03499091435256897
-724.1661129568107,0.03668165194340187
-724.1461794019933,0.038414427330240045
-724.1262458471762,0.040177442816200656
-724.1063122923589,0.041960401497103214
-724.0863787375415,0.043754290180878105
-724.0664451827244,0.04555118481478339
-724.046511627907,0.047344081827769925
-724.0265780730898,0.04912675499929459
-724.0066445182724,0.05089363562590594
-723.9867109634552,0.05263971304932074
-723.9667774086379,0.05436045251560111
-723.9468438538206,0.056051727542553755
-723.9269102990035,0.057709764305877764
-723.9069767441861,0.059331095917969166
-723.8870431893688,0.06091252481979231
-723.8671096345515,0.06245109181461573
-723.8471760797343,0.06394405053717314
-723.827242524917,0.0653888463732452
-723.8073089700997,0.06678309902750118
-723.7873754152824,0.06812458808695679
-723.7674418604652,0.0694112410487261
-723.7475083056479,0.0706411233792294
-723.7275747508306,0.07181243025165701
-723.7076411960134,0.07292347967267919
-723.6877076411961,0.0739727067617511
-723.6677740863788,0.07495865898844169
-723.6478405315614,0.07587999220761289
-723.6279069767443,0.07673546736027177
-723.6079734219269,0.07752394773077663
-723.5880398671097,0.07824439666982452
-723.5681063122925,0.07889587570812996
-723.5481727574751,0.07947754299853506
-723.5282392026579,0.07998865203484475
-723.5083056478405,0.08042855060473479
-723.4883720930234,0.08079667994151357
-723.468438538206,0.08109257404596924
-723.4485049833887,0.08131585915507267
-723.4285714285714,0.08146625333910114
-723.4086378737542,0.0815435662130331
-723.388704318937,0.08154769875191337
-723.3687707641196,0.08147864320345588
-723.3488372093024,0.08133648309451853
-723.3289036544851,0.08112139333135462
-723.3089700996678,0.08083364039679028
-723.2890365448505,0.0804735826509001
-723.2691029900333,0.08004167074524793
-723.249169435216,0.0795384481645947
-723.2292358803987,0.0789645519142574
-723.2093023255815,0.07832071337608537
-723.1893687707642,0.07760775936142505
-723.1694352159469,0.0768266133959871
-723.1495016611295,0.075978297278735
-723.1295681063124,0.0750639329660234
-723.109634551495,0.0740847448425664
-723.0897009966778,0.07304206245359599
-723.0697674418606,0.07193732378783707
-723.0498338870432,0.07077207921948765
-723.029900332226,0.06954799624002943
-723.0099667774086,0.06826686513840245
-722.9900332225915,0.06693060582197756
-722.9700996677741,0.06554127601257449
-722.9501661129568,0.06410108110332657
-722.9302325581396,0.0626123860258581
-722.9102990033223,0.061077729555837526
-722.8903654485051,0.05949984158244752
-722.8704318936877,0.05788166398729737
-722.8504983388705,0.056226375926297166
-722.8305647840532,0.05453742448894992
-722.8106312292359,0.0528185619291678
-722.7906976744187,0.05107389092423388
-722.7707641196014,0.049307919625551616
-722.750830564784,0.04752562861051792
-722.7308970099668,0.04573255221003151
-722.7109634551496,0.04393487702589528
-722.6910299003323,0.042139560674984256
-722.671096345515,0.04035447373254057
-722.6511627906976,0.038588567195245824
-722.6312292358805,0.03685206604021844
-722.6112956810631,0.03515668581799323
-722.5913621262459,0.03351586249645354
-722.5714285714286,0.03194497439551309
-722.5514950166113,0.03046151733807178
-722.5315614617941,0.029085169230461613
-722.5116279069767,0.027837650221601725
-722.4916943521596,0.026742257861727
-722.4717607973422,0.025822952116277595
-722.4518272425249,0.025102911755348845
-722.4318936877077,0.02460260857333703
-722.4119601328904,0.024337644302441352
-722.3920265780731,0.02431679728545072
-722.3720930232558,0.024540804524414244
-722.3521594684386,0.0250022567478572
-722.3322259136213,0.025686640582746823
-722.312292358804,0.026574199657955867
-722.2923588039868,0.027642097281879108
-722.2724252491695,0.028866407183024294
-722.2524916943521,0.030223649341598522
-722.232558139535,0.031691794087343524
-722.2126245847177,0.03325079719901844
-722.1926910299004,0.03488278753627872
-722.1727574750831,0.03657203083461012
-722.1528239202657,0.0383047687633375
-722.1328903654486,0.04006900202352428
-722.1129568106312,0.04185426018752819
-722.093023255814,0.04365138203352791
-722.0730897009967,0.045452317763568256
-722.0531561461794,0.047249957084022506
-722.0332225913622,0.04903798304810592
-722.0132890365448,0.050810749552578784
-721.9933554817277,0.05256317958080144
-721.9734219269103,0.05429068114288668
-721.953488372093,0.05598907805064466
-721.9335548172758,0.05765455299203481
-721.9136212624585,0.05928360073421537
-721.8936877076412,0.060872989635050355
-721.873754152824,0.06241972995700196
-721.8538205980067,0.06392104774746608
-721.8338870431894,0.06537436327623143
-721.8139534883721,0.06677727320799991
-721.7940199335549,0.06812753584107038
-721.7740863787376,0.06942305886780341
-721.7541528239203,0.07066188921338101
-721.734219269103,0.07184220459103643
-721.7142857142857,0.07296230647792208
-721.6943521594685,0.07402061426924675
-721.6744186046512,0.07501566041153973
-721.654485049834,0.07594608635124406
-721.6345514950167,0.07681063916336368
-721.6146179401993,0.07760816874836819
-721.5946843853822,0.07833762550475246
-721.5747508305648,0.07899805840051408
-721.5548172757476,0.07958861337980971
-721.5348837209302,0.08010853205201249
-721.514950166113,0.08055715061948587
-721.4950166112958,0.08093389900800549
-721.4750830564784,0.08123830017045706
-721.4551495016613,0.08146996953986377
-721.4352159468439,0.08162861461283834
-721.4152823920266,0.08171403464885986
-721.3953488372093,0.08172612047458452
-721.375415282392,0.08166485438613447
-721.3554817275748,0.08153031014563036
-721.3355481727575,0.08132265307145116
-721.3156146179402,0.08104214022513793
-721.295681063123,0.08068912070104338
-721.2757475083057,0.08026403602846384
-721.2558139534884,0.07976742069978064
-721.2358803986712,0.07919990284227738
-721.2159468438538,0.0785622050561694
-721.1960132890366,0.07785514544658871
-721.1760797342192,0.07707963888376963
-721.1561461794021,0.07623669853282788
-721.1362126245848,0.0753274377033336
-721.1162790697674,0.0743530720792463
-721.0963455149503,0.07331492240214509
-721.0764119601329,0.07221441769582267
-721.0564784053157,0.07105309913844424
-721.0365448504983,0.06983262471066923
-721.0166112956811,0.06855477477533256
-720.9966777408639,0.06722145877753519
-720.9767441860465,0.06583472329489094
-720.9568106312294,0.06439676171822203
-720.936877076412,0.06290992590536808
-720.9169435215947,0.06137674022779968
-720.8970099667774,0.05979991852518708
-720.8770764119602,0.05818238460057421
-720.8571428571429,0.056527297034134075
-720.8372093023256,0.05483807927080071
-720.8172757475083,0.05311845615305244
-720.7973421926911,0.051372498328488746
-720.7774086378738,0.04960467626511514
-720.7574750830565,0.04781992595043132
-720.7375415282393,0.04602372871649284
-720.717607973422,0.044222207980318805
-720.6976744186047,0.04242224593238657
-720.6777408637873,0.04063162318548005
-720.6578073089702,0.038859183828218215
-720.6378737541529,0.03711502673257301
-720.6179401993356,0.03541072057536381
-720.5980066445184,0.03375953370307378
-720.578073089701,0.032176659153521255
-720.5581395348838,0.030679398141339877
-720.5382059800664,0.029287241085049133
-720.5182724252493,0.028021755384895305
-720.4983388704319,0.02690616125691476
-720.4784053156146,0.025964468626804595
-720.4584717607975,0.025220087746265284
-720.4385382059801,0.024693942341019202
-720.4186046511629,0.024402307240528612
-720.3986710963455,0.024354800543106844
-720.3787375415283,0.024553059136530563
-720.358803986711,0.024990504077640623
-720.3388704318937,0.02565327211662444
-720.3189368770765,0.02652201759164607
-720.2990033222592,0.02757407438002994
-720.2790697674419,0.02878548864052761
-720.2591362126246,0.03013261502701001
-720.2392026578074,0.03159317950889955
-720.2192691029901,0.033146860860565903
-720.1993355481728,0.03477550974866449
-720.1794019933554,0.03646313099442704
-720.1594684385383,0.038195731608800326
-720.1395348837209,0.0399611067379508
-720.1196013289037,0.04174860880806974
-720.0996677740865,0.0435489253752785
-720.0797342192691,0.045353878150541815
-720.0598006644519,0.047156247790466496
-720.0398671096345,0.04894962466672782
-720.0199335548174,0.05072828364083848
-720.0,0.052487079971891025
-719.9800664451827,0.054221363292514486
-719.9601328903655,0.05592690675239798
-719.9401993355482,0.0575998487481434
-719.920265780731,0.059236645023314306
-719.9003322259136,0.06083402927717681
-719.8803986710964,0.06238898074047404
-719.8604651162791,0.06389869745198369
-719.8405315614618,0.06536057420177996
-719.8205980066446,0.06677218429855923
-719.8006644518273,0.0681312644755516
-719.78073089701,0.06943570237714483
-719.7607973421927,0.07068352617187539
-719.7408637873755,0.07187289592108219
-719.7209302325582,0.07300209640034924
-719.7009966777409,0.07406953112549294
-719.6810631229235,0.07507371737941444
-719.6611295681064,0.07601328207208081
-719.641196013289,0.0768869582952933
-719.6212624584718,0.0776935824579488
-719.6013289036546,0.07843209190704606
-719.5813953488372,0.07910152295601665
-719.56146179402,0.07970100925514023
-719.5415282392026,0.08022978045019875
-719.5215946843855,0.08068716108454312
-719.5016611295681,0.08107256970780188
-719.4817275747508,0.08138551816103504
-719.4617940199336,0.08162561101379154
-719.4418604651163,0.08179254513371563
-719.4219269102991,0.08188610937346835
-719.4019933554817,0.08190618436391128
-719.3820598006645,0.08185274240598472
-719.3621262458472,0.08172584745725274
-719.3421926910299,0.08152565521220598
-719.3222591362127,0.08125241327889661
-719.3023255813954,0.0809064614576419
-719.282392026578,0.08048823213120945
-719.2624584717609,0.07999825077951171
-719.2425249169436,0.07943713663616926
-719.2225913621263,0.0788056035087764
-719.202657807309,0.07810446079031907
-719.1827242524917,0.0773346146950751
-719.1627906976745,0.07649706975975824
-719.1428571428571,0.07559293065916552
-719.12292358804,0.07462340439579361
-719.1029900332226,0.07358980293504448
-719.0830564784053,0.07249354637249213
-719.0631229235881,0.07133616673748357
-719.0431893687708,0.0701193125591731
-719.0232558139536,0.0688447543476099
-719.0033222591362,0.06751439117522959
-718.9833887043189,0.0661302585841161
-718.9634551495017,0.06469453809402986
-718.9435215946844,0.06320956864701525
-718.9235880398671,0.061677860400285965
-718.9036544850499,0.06010211137210951
-718.8837209302326,0.05848522756112791
-718.8637873754153,0.05683034730145488
-718.843853820598,0.05514087079031887
-718.8239202657808,0.053420495936931364
-718.8039867109635,0.05167326193577548
-718.7840531561462,0.049903602266692985
-718.764119601329,0.04811640916483969
-718.7441860465116,0.04631711196983163
-718.7242524916944,0.04451177211729465
-718.7043189368771,0.04270719779823009
-718.6843853820599,0.04091108133203146
-718.6644518272426,0.03913216180981748
-718.6445182724252,0.037380414110517894
-718.6245847176081,0.035667262239929914
-718.6046511627907,0.03400580898607318
-718.5847176079735,0.032411063612376646
-718.5647840531562,0.030900133002475273
-718.5448504983389,0.029492318144516787
-718.5249169435217,0.028209028258949106
-718.5049833887043,0.027073395996041572
-718.4850498338872,0.026109465412061716
-718.4651162790698,0.02534085740346042
-718.4451827242525,0.024788924616423545
-718.4252491694352,0.024470594953038098
-718.405315614618,0.02439631529914008
-718.3853820598008,0.024568624789642966
-718.3654485049834,0.024981790581131733
-718.3455149501661,0.025622624401383194
-718.3255813953489,0.02647221870814852
-718.3056478405316,0.027508102132546043
-718.2857142857143,0.028706310979352934
-718.2657807308971,0.03004304520800391
-718.2458471760797,0.03149579106003019
-718.2259136212625,0.03304395066521981
-718.2059800664452,0.034669094244475535
-718.186046511628,0.03635496212333686
-718.1661129568107,0.03808732260605056
-718.1461794019933,0.03985376128250835
-718.1262458471762,0.04164344974658822
-718.1063122923588,0.04344692107410359
-718.0863787375416,0.04525586567686541
-718.0664451827242,0.04706295277908987
-718.046511627907,0.04886167806773946
-718.0265780730898,0.05064623569304189
-718.0066445182724,0.0524114117899685
-717.9867109634553,0.05415249644391806
-717.9667774086379,0.05586521116288463
-717.9468438538206,0.057545649229119866
-717.9269102990033,0.05919022666812689
-717.9069767441861,0.060795641931706085
-717.8870431893688,0.062358842716721145
-717.8671096345515,0.06387699862267666
-717.8471760797343,0.06534747858826602
-717.827242524917,0.06676783224339244
-717.8073089700997,0.0681357744741005
-717.7873754152824,0.06944917262862056
-717.7674418604652,0.07070603589913756
-717.7475083056479,0.07190450649940519
-717.7275747508306,0.0730428523280352
-717.7076411960132,0.0741194608634087
-717.6877076411961,0.07513283408157949
-717.6677740863788,0.07608158422558597
-717.6478405315615,0.07696443028470092
-717.6279069767443,0.07778019506661289
-717.6079734219269,0.07852780276574069
-717.5880398671097,0.07920627694739628
-717.5681063122923,0.07981473888125801
-717.5481727574752,0.0803524061688733
-717.5282392026579,0.08081859161954141
-717.5083056478405,0.08121270233682416
-717.4883720930234,0.08153423898476683
-717.468438538206,0.08178279520877503
-717.4485049833888,0.0819580571910465
-717.4285714285714,0.08205980332503585
-717.4086378737542,0.08208790399732803
-717.3887043189369,0.08204232146907794
-717.3687707641196,0.08192310985247842
-717.3488372093025,0.08173041518110553
-717.3289036544851,0.08146447557635049
-717.3089700996678,0.08112562151524506
-717.2890365448505,0.08071427620879984
-717.2691029900333,0.08023095610346509
-717.249169435216,0.07967627152253356
-717.2292358803987,0.07905092746908972
-717.2093023255813,0.07835572461704661
-717.1893687707642,0.07759156052320534
-717.1694352159469,0.07675943110029869
-717.1495016611296,0.07586043239926415
-717.1295681063124,0.07489576275927304
-717.109634551495,0.07386672539575158
-717.0897009966778,0.07277473151140647
-717.0697674418604,0.07162130403253263
-717.0498338870433,0.07040808209444328
-717.0299003322259,0.06913682642585588
-717.0099667774086,0.06780942581402577
-716.9900332225915,0.06642790487182386
-716.9700996677741,0.06499443337637838
-716.9501661129569,0.06351133750867435
-716.9302325581396,0.061981113397669235
-716.9102990033223,0.06040644346382057
-716.890365448505,0.058790216170029
-716.8704318936877,0.05713554992745476
-716.8504983388705,0.055445822074523546
-716.8305647840532,0.0537247040558263
-716.8106312292359,0.05197620417775402
-716.7906976744187,0.050204719613384366
-716.7707641196014,0.04841509966659077
-716.7508305647841,0.04661272267151483
-716.7308970099668,0.044803589263379635
-716.7109634551495,0.04299443503559451
-716.6910299003323,0.04119286565690852
-716.6710963455149,0.0394075171065706
-716.6511627906978,0.03764824236453348
-716.6312292358805,0.03592632296639674
-716.6112956810631,0.034254698234216605
-716.5913621262459,0.03264819524849474
-716.5714285714286,0.031123727006891568
-716.5514950166114,0.02970040340898867
-716.531561461794,0.028399470485986008
-716.5116279069767,0.027243963631331792
-716.4916943521595,0.02625794576716962
-716.4717607973422,0.025465227994066413
-716.451827242525,0.024887568838324256
-716.4318936877077,0.024542528599612708
-716.4119601328904,0.02444137074983065
-716.3920265780731,0.024587537560303137
-716.3720930232558,0.024976156853700335
-716.3521594684386,0.025594739632385146
-716.3322259136213,0.026424844035669342
-716.312292358804,0.027444218275336805
-716.2923588039868,0.028628907336586004
-716.2724252491695,0.029954967866176213
-716.2524916943522,0.03139965157134318
-716.232558139535,0.03294208465174022
-716.2126245847176,0.03456355481406513
-716.1926910299004,0.036247534372037045
-716.172757475083,0.037979548867295376
-716.1528239202659,0.03974697028562447
-716.1328903654486,0.041538785639339965
-716.1129568106312,0.043345370199003995
-716.093023255814,0.04515828020599778
-716.0730897009967,0.046970071012909086
-716.0531561461795,0.0487741415697821
-716.0332225913621,0.05056460359796556
-716.0132890365448,0.05233617267359066
-715.9933554817276,0.05408407813607405
-715.9734219269103,0.05580398884815816
-715.9534883720931,0.057491952134790636
-715.9335548172758,0.059144343592441265
-715.9136212624585,0.06075782582278608
-715.8936877076412,0.06232931447521704
-715.873754152824,0.06385595026964336
-715.8538205980067,0.06533507591357048
-715.8338870431894,0.06676421702843585
-715.8139534883721,0.0681410663650457
-715.7940199335549,0.06946347072224647
-715.7740863787376,0.07072942009174929
-715.7541528239203,0.0719370386401558
-715.734219269103,0.07308457721037281
-715.7142857142858,0.0741704070822837
-715.6943521594685,0.07519301477917933
-715.6744186046511,0.07615099774433738
-715.654485049834,0.07704306074298456
-715.6345514950166,0.07786801286996343
-715.6146179401994,0.07862476506417206
-715.5946843853822,0.07931232804760217
-715.5747508305648,0.07992981062099377
-715.5548172757476,0.08047641825956067
-715.5348837209302,0.08095145196210382
-715.5149501661131,0.08135430731485731
-715.4950166112957,0.08168447373846405
-715.4750830564784,0.08194153389226846
-715.4551495016611,0.08212516321542661
-715.4352159468439,0.0822351295886639
-715.4152823920267,0.0822712931047735
-715.3953488372093,0.08223360593944794
-715.375415282392,0.08212211231767584
-715.3554817275748,0.08193694857412544
-715.3355481727575,0.08167834330937031
-715.3156146179402,0.08134661764693828
-715.295681063123,0.08094218559991102
-715.2757475083056,0.08046555455926734
-715.2558139534884,0.07991732592044967
-715.2358803986712,0.07929819586910428
-715.2159468438539,0.07860895635215898
-715.1960132890366,0.07785049626645187
-715.1760797342192,0.07702380290407145
-715.1561461794021,0.07612996370191309
-715.1362126245847,0.07517016835278832
-715.1162790697675,0.07414571134714208
-715.0963455149503,0.07305799502881863
-715.0764119601329,0.07190853326533657
-715.0564784053157,0.07069895585421651
-715.0365448504983,0.06943101381246049
-715.0166112956812,0.06810658572758636
-714.9966777408638,0.06672768538715719
-714.9767441860465,0.06529647095135797
-714.9568106312292,0.06381525599162104
-714.936877076412,0.06228652279092523
-714.9169435215948,0.060712938390933516
-714.8970099667774,0.05909737398211567
-714.8770764119602,0.05744292836932331
-714.8571428571429,0.05575295641337392
-714.8372093023256,0.05403110355345951
-714.8172757475083,0.05228134776164968
-714.7973421926911,0.05050805057212173
-714.7774086378738,0.048716019162318505
-714.7574750830565,0.04691058182883204
-714.7375415282393,0.04509767956535402
-714.717607973422,0.043283976744890804
-714.6976744186047,0.041476994002031184
-714.6777408637874,0.039685266064629444
-714.6578073089702,0.03791852608864845
-714.6378737541528,0.03618791533631914
-714.6179401993356,0.03450621178174874
-714.5980066445183,0.03288806199087525
-714.5780730897011,0.03135018567817319
-714.5581395348838,0.029911500267681357
-714.5382059800664,0.02859308399973659
-714.5182724252493,0.027417865851689358
-714.4983388704319,0.026409912917688343
-714.4784053156147,0.025593206488318036
-714.4584717607974,0.024989887956447243
-714.4385382059801,0.024618128760652117
-714.4186046511628,0.024489995569941497
-714.3986710963455,0.02460983320575668
-714.3787375415284,0.024973643463116264
-714.358803986711,0.025569660279525213
-714.3388704318937,0.026379935123062727
-714.3189368770765,0.027382461221783293
-714.2990033222592,0.028553311593719287
-714.2790697674419,0.029868411723413785
-714.2591362126246,0.031304784563263834
-714.2392026578073,0.032841281473949345
-714.2192691029901,0.034458905779937654
-714.1993355481728,0.03614085834239902
-714.1794019933556,0.03787241788232901
-714.1594684385383,0.039640738689436496
-714.1395348837209,0.04143461938257726
-714.1196013289037,0.043244274034889
-714.0996677740864,0.045061121781845244
-714.0797342192692,0.046877601607322766
-714.0598006644519,0.048687013622120204
-714.0398671096345,0.05048338535847333
-714.0199335548174,0.052261360363244795
-714.0,0.054016106001389966
-713.9800664451828,0.055743237462129634
-713.9601328903655,0.05743875524974607
-713.9401993355482,0.059098993803732076
-713.9202657807309,0.06072057925889668
-713.9003322259136,0.06230039469176118
-713.8803986710965,0.0638355514924536
-713.8604651162791,0.06532336574916439
-713.8405315614618,0.06676133873810416
-713.8205980066446,0.06814714078077928
-713.8006644518273,0.0694785978681988
-713.78073089701,0.07075368056299931
-713.7607973421927,0.07197049478116607
-713.7408637873754,0.07312727412767417
-713.7209302325582,0.07422237351980644
-713.7009966777409,0.07525426387945919
-713.6810631229237,0.07622152771486762
-713.6611295681064,0.07712285544345092
-713.641196013289,0.07795704233355678
-713.6212624584718,0.07872298596376454
-713.6013289036545,0.07941968411580147
-713.5813953488373,0.08004623303153745
-713.5614617940199,0.0806018259762593
-713.5415282392026,0.08108575206040224
-713.5215946843855,0.08149739528030517
-713.5016611295681,0.08183623374550046
-713.481727574751,0.08210183906618355
-713.4617940199336,0.08229387587968157
-713.4418604651163,0.08241210149938391
-713.421926910299,0.08245636567365093
-713.4019933554817,0.08242661044600964
-713.3820598006645,0.08232287011138674
-713.3621262458472,0.08214527126653794
-713.3421926910299,0.08189403295607736
-713.3222591362127,0.08156946691884612
-713.3023255813954,0.08117197794285146
-713.2823920265781,0.0807020643406667
-713.2624584717609,0.0801603185613391
-713.2425249169435,0.07954742795921327
-713.2225913621263,0.07886417574534185
-713.2026578073089,0.07811144215305049
-713.1827242524918,0.07729020585611529
-713.1627906976745,0.07640154568609664
-713.1428571428571,0.07544664270526547
-713.12292358804,0.07442678270283047
-713.1029900332226,0.07334335919644386
-713.0830564784054,0.07219787703766396
-713.063122923588,0.07099195674066294
-713.0431893687708,0.06972733967855572
-713.0232558139535,0.06840589432248094
-713.0033222591362,0.06702962373627391
-712.983388704319,0.06560067458616987
-712.9634551495017,0.06412134798237908
-712.9435215946844,0.0625941125404136
-712.9235880398671,0.061021620137809734
-712.9036544850499,0.05940672495061084
-712.8837209302326,0.05775250648768796
-712.8637873754153,0.056062297505795444
-712.843853820598,0.054339717888814226
-712.8239202657808,0.05258871581720424
-712.8039867109635,0.050813617840781165
-712.7840531561462,0.049019189799557966
-712.764119601329,0.04721071090170749
-712.7441860465117,0.04539406363654573
-712.7242524916944,0.04357584250935403
-712.704318936877,0.04176348471088169
-712.6843853820599,0.03996542555263011
-712.6644518272426,0.038191280421547825
-712.6445182724253,0.036452052497145684
-712.6245847176081,0.0347603605451869
-712.6046511627907,0.0331306723557684
-712.5847176079735,0.031579515110801114
-712.5647840531561,0.030125612629983773
-712.544850498339,0.028789871154856688
-712.5249169435216,0.027595104609302163
-712.5049833887043,0.026565370140199957
-712.4850498338872,0.025724799667964954
-712.4651162790698,0.025095894519483693
-712.4451827242526,0.024697415497348867
-712.4252491694352,0.024542217941503727
-712.405315614618,0.02463554716456847
-712.3853820598007,0.024974290929801555
-712.3654485049834,0.025547429055925507
-712.3455149501661,0.02633753400301891
-712.3255813953489,0.027322870022881536
-712.3056478405316,0.02847955833338621
-712.2857142857143,0.029783406193708235
-712.2657807308971,0.031211214191467825
-712.2458471760798,0.032741560338853226
-712.2259136212625,0.03435516192719451
-712.2059800664451,0.03603494501045728
-712.186046511628,0.03776593743460768
-712.1661129568106,0.039535071659676804
-712.1461794019934,0.04133095403698403
-712.1262458471762,0.043143633982306126
-712.1063122923588,0.044964390524332265
-712.0863787375416,0.04678554372222642
-712.0664451827242,0.04860029269380518
-712.0465116279071,0.050402578978263016
-712.0265780730897,0.05218697258607095
-712.0066445182724,0.05394857764868578
-711.9867109634552,0.05568295462821891
-711.9667774086379,0.05738605632390337
-711.9468438538207,0.059054175272904644
-711.9269102990033,0.06068390051193788
-711.9069767441861,0.062272082007174864
-711.8870431893688,0.06381580135863447
-711.8671096345515,0.0653123476385237
-711.8471760797343,0.06675919743382189
-711.827242524917,0.06815399833651353
-711.8073089700997,0.06949455526596986
-711.7873754152824,0.07077881912257869
-711.7674418604652,0.07200487736421353
-711.7475083056479,0.07317094617220186
-711.7275747508306,0.07427536393397395
-711.7076411960134,0.07531658581864034
-711.6877076411961,0.07629317926157854
-711.6677740863787,0.07720382020640372
-711.6478405315615,0.07804728997925713
-711.6279069767443,0.07882247269169546
-711.607973421927,0.07952835308649685
-711.5880398671097,0.08016401475511369
-711.5681063122923,0.08072863866775778
-711.5481727574752,0.08122150196721961
-711.5282392026578,0.08164197698600727
-711.5083056478406,0.08198953045357277
-711.4883720930233,0.08226372286661736
-711.468438538206,0.08246420800070549
-711.4485049833888,0.08259073254612152
-711.4285714285714,0.08264313585508688
-711.4086378737543,0.0826213497911732
-711.3887043189369,0.08252539867537427
-711.3687707641196,0.0823553993265081
-711.3488372093024,0.082111561197114
-711.3289036544851,0.08179418660916671
-711.3089700996678,0.08140367109747772
-711.2890365448505,0.08094050387233556
-711.2691029900333,0.08040526841688536
-711.249169435216,0.07979864323931597
-711.2292358803987,0.0791214028049254
-711.2093023255815,0.07837441867900222
-711.1893687707642,0.07755866091824819
-711.1694352159468,0.0766751997565348
-711.1495016611296,0.07572520764025646
-711.1295681063123,0.07470996167989914
-711.1096345514951,0.07363084659829557
-711.0897009966778,0.0724893582724182
-711.0697674418604,0.07128710798592454
-711.0498338870433,0.07002582753409546
-711.0299003322259,0.06870737535306023
-711.0099667774087,0.06733374388219555
-710.9900332225914,0.06590706841411813
-710.9700996677741,0.06442963774306289
-710.9501661129568,0.06290390699194127
-710.9302325581396,0.061332513084482884
-710.9102990033224,0.059718293435158935
-710.890365448505,0.058064308561029995
-710.8704318936877,0.05637386948088435
-710.8504983388705,0.05465057096441626
-710.8305647840532,0.052898331932340496
-710.8106312292359,0.05112144459168053
-710.7906976744187,0.04932463421845068
-710.7707641196013,0.047513131863125536
-710.7508305647841,0.04569276262640109
-710.7308970099668,0.04387005247435389
-710.7109634551496,0.042052356718194565
-710.6910299003323,0.04024801306244488
-710.6710963455149,0.03846652115917873
-710.6511627906978,0.036718748287732514
-710.6312292358804,0.03501715616297141
-710.6112956810632,0.0333760356019442
-710.5913621262459,0.03181172214283648
-710.5714285714286,0.03034274511747808
-710.5514950166114,0.02898983493980048
-710.531561461794,0.027775682353787523
-710.5116279069769,0.02672432101561898
-710.4916943521595,0.025860014393319426
-710.4717607973422,0.02520560094729682
-710.4518272425249,0.024780408619858068
-710.4318936877077,0.024598065811796296
-710.4119601328905,0.024664714803750088
-710.3920265780731,0.02497813996715137
-710.3720930232558,0.025528089156438807
-710.3521594684386,0.02629768343156483
-710.3322259136213,0.027265484607215135
-710.312292358804,0.028407683076868077
-710.2923588039868,0.02969998161446902
-710.2724252491694,0.03111896546865537
-710.2524916943522,0.03264294121650217
-710.232558139535,0.034252338700208905
-710.2126245847177,0.0359298059093319
-710.1926910299004,0.037660115770422914
-710.172757475083,0.03942997474143511
-710.1528239202659,0.041227792970583266
-710.1328903654485,0.04304345168802297
-710.1129568106313,0.04486808674845466
-710.0930232558139,0.046693896669986946
-710.0730897009967,0.048513977371139654
-710.0531561461795,0.050322182549276395
-710.0332225913621,0.052113007133671715
-710.013289036545,0.05388149073184527
-709.9933554817276,0.0556231379991325
-709.9734219269103,0.05733385312375371
-709.953488372093,0.059009885977283315
-709.9335548172758,0.0606477878522105
-709.9136212624585,0.06224437505446882
-709.8936877076412,0.06379669892323395
-709.873754152824,0.06530202110927147
-709.8538205980067,0.06675779315890576
-709.8338870431894,0.06816163962798075
-709.8139534883721,0.06951134409505867
-709.7940199335549,0.07080483756033124
-709.7740863787376,0.07204018881198507
-709.7541528239203,0.07321559641834974
-709.7342192691029,0.0743293820665993
-709.7142857142858,0.07537998501879033
-709.6943521594685,0.07636595749709367
-709.6744186046512,0.07728596084301799
-709.654485049834,0.07813876232264928
-709.6345514950166,0.07892323247191163
-709.6146179401994,0.07963834289415717
-709.594684385382,0.08028316443719845
-709.5747508305649,0.08085686568950658
-709.5548172757475,0.08135871174547683
-709.5348837209302,0.08178806319847239
-709.5149501661131,0.08214437532758426
-709.4950166112957,0.08242719745044406
-709.4750830564785,0.08263617241970335
-709.4551495016611,0.08277103624564061
-709.4352159468439,0.08283161783150533
-709.4152823920266,0.08281783881208633
-709.3953488372093,0.08272971348949168
-709.3754152823922,0.08256734886356475
-709.3554817275748,0.08233094475765144
-709.3355481727575,0.0820207940436919
-709.3156146179402,0.08163728297423166
-709.295681063123,0.08118089163238032
-709.2757475083057,0.0806521945149231
-709.2558139534884,0.08005186126806793
-709.235880398671,0.07938065760048449
-709.2159468438539,0.07863944640385714
-709.1960132890366,0.07782918911804602
-709.1760797342193,0.07695094738576948
-709.1561461794021,0.07600588505106312
-709.1362126245847,0.07499527056700181
-709.1162790697675,0.07392047989163775
-709.0963455149501,0.07278299996732047
-709.076411960133,0.07158443289845128
-709.0564784053156,0.07032650096677108
-709.0365448504983,0.06901105265279026
-709.0166112956812,0.06764006986843334
-708.9966777408638,0.06621567665041295
-708.9767441860466,0.06474014961918012
-708.9568106312292,0.06321593057635828
-708.936877076412,0.061645641697939804
-708.9169435215947,0.06003210388465038
-708.8970099667774,0.058378358959821776
-708.8770764119602,0.05668769656311946
-708.8571428571429,0.05496368678238561
-708.8372093023256,0.0532102197999092
-708.8172757475083,0.05143155410873814
-708.7973421926911,0.04963237517909651
-708.7774086378738,0.04781786681645987
-708.7574750830565,0.04599379782762062
-708.7375415282393,0.04416662694414165
-708.717607973422,0.04234362913620042
-708.6976744186046,0.040533046285012315
-708.6777408637874,0.038744264320422855
-708.6578073089702,0.03698801679439456
-708.6378737541529,0.03527661054291097
-708.6179401993356,0.03362416127113435
-708.5980066445183,0.032046813891778506
-708.5780730897011,0.03056290259837976
-708.5581395348837,0.029192978513803935
-708.5382059800666,0.027959601575539568
-708.5182724252492,0.026886768981921178
-708.4983388704319,0.025998857166389062
-708.4784053156147,0.025319019103755072
-708.4584717607974,0.024867127269061744
-708.4385382059802,0.02465756648641689
-708.4186046511628,0.02469737103060147
-708.3986710963455,0.024985231123357942
-708.3787375415283,0.025511683940541794
-708.358803986711,0.026260426619175332
-708.3388704318937,0.02721034556214194
-708.3189368770765,0.02833772211307343
-708.2990033222592,0.029618169118691567
-708.2790697674419,0.031028064174811538
-708.2591362126246,0.032545444783680745
-708.2392026578074,0.034150452175728443
-708.2192691029901,0.035825453128604176
-708.1993355481727,0.037554961622001885
-708.1794019933556,0.03932545390389489
-708.1594684385383,0.04112513992338023
-708.139534883721,0.04294372912815032
-708.1196013289037,0.044772211064450056
-708.0996677740864,0.046602660031630015
-708.0797342192692,0.04842806648884791
-708.0598006644518,0.05024219439695796
-708.0398671096347,0.052039462020635016
-708.0199335548173,0.05381484312082104
-708.0,0.05556378543971714
-707.9800664451828,0.057282143626423344
-707.9601328903655,0.05896612410530367
-707.9401993355483,0.06061223976324771
-707.9202657807309,0.06221727268333346
-707.9003322259136,0.06377824346250166
-707.8803986710964,0.06529238591565856
-707.8604651162791,0.06675712618943644
-707.8405315614618,0.06817006549047916
-707.8205980066446,0.06952896578174779
-707.8006644518273,0.0708317379205424
-707.78073089701,0.07207643180955668
-707.7607973421927,0.07326122821113662
-707.7408637873755,0.07438443193851499
-707.7209302325582,0.07544446618956484
-707.7009966777408,0.07643986783028968
-707.6810631229237,0.07736928346943832
-707.6611295681063,0.07823146619306483
-707.6411960132891,0.07902527285089975
-707.6212624584718,0.07974966180456007
-707.6013289036545,0.08040369106334412
-707.5813953488373,0.08098651674572219
-707.5614617940199,0.08149739181548515
-707.5415282392028,0.08193566505013211
-707.5215946843854,0.08230078020681138
-707.5016611295681,0.08259227535723515
-707.4817275747508,0.08280978236879685
-707.4617940199336,0.08295302651369667
-707.4418604651164,0.08302182619227799
-707.421926910299,0.08301609276060119
-707.4019933554817,0.08293583045591636
-707.3820598006645,0.08278113641702282
-707.3621262458472,0.0825522007999237
-707.3421926910299,0.08224930699238954
-707.3222591362127,0.08187283193463359
-707.3023255813953,0.08142324655673261
-707.2823920265781,0.08090111634765866
-707.2624584717609,0.08030710207484275
-707.2425249169436,0.07964196067845322
-707.2225913621263,0.0789065463700042
-707.2026578073089,0.07810181197169984
-707.1827242524918,0.07722881054054367
-707.1627906976744,0.07628869733061037
-707.1428571428572,0.07528273215765241
-707.12292358804,0.07421228224368513
-707.1029900332226,0.07307882563497355
-707.0830564784054,0.07188395530640146
-707.063122923588,0.07062938408868907
-707.0431893687709,0.06931695058419364
-707.0232558139535,0.06794862627214714
-707.0033222591362,0.06652652404851547
-706.9833887043189,0.06505290849917227
-706.9634551495017,0.06353020827225711
-706.9435215946845,0.06196103099792567
-706.9235880398671,0.06034818130603863
-706.9036544850499,0.058694682618356975
-706.8837209302326,0.057003803547154314
-706.8637873754153,0.05527908992216047
-706.843853820598,0.05352440369818381
-706.8239202657808,0.05174397027065232
-706.8039867109635,0.04994243604727213
-706.7840531561462,0.04812493848348222
-706.764119601329,0.04629719116622439
-706.7441860465117,0.04446558687367302
-706.7242524916944,0.042637321747855915
-706.7043189368771,0.040820543604472286
-706.6843853820599,0.039024526641599784
-706.6644518272425,0.03725987284512419
-706.6445182724253,0.035538736355450254
-706.624584717608,0.033875059679601464
-706.6046511627908,0.03228479824361871
-706.5847176079735,0.030786090673126813
-706.5647840531561,0.02939930568734267
-706.544850498339,0.02814686527832897
-706.5249169435216,0.027052717793675025
-706.5049833887044,0.02614133456912853
-706.485049833887,0.025436160702483324
-706.4651162790698,0.024957590278187024
-706.4451827242525,0.02472074693858376
-706.4252491694352,0.024733550548166273
-706.4053156146181,0.024995604987985268
-706.3853820598007,0.025498257098090213
-706.3654485049834,0.02622580736286132
-706.3455149501661,0.02715749423648484
-706.3255813953489,0.028269712573362714
-706.3056478405316,0.029538000682248194
-706.2857142857143,0.030938536877146556
-706.265780730897,0.032449092417158924
-706.2458471760798,0.03404951903084089
-706.2259136212625,0.035721899258771
-706.2059800664452,0.03745048413052337
-706.186046511628,0.039221515444090777
-706.1661129568106,0.04102299889385249
-706.1461794019934,0.042844468479329406
-706.126245847176,0.04467676423548093
-706.1063122923589,0.04651183350254901
-706.0863787375415,0.04834255896522041
-706.0664451827242,0.05016261290606762
-706.0465116279071,0.051966335302083104
-706.0265780730897,0.05374863271192436
-706.0066445182725,0.05550489483080397
-705.9867109634552,0.057230925817845536
-705.9667774086379,0.05892288784967891
-705.9468438538206,0.06057725473056703
-705.9269102990033,0.06219077374501788
-705.9069767441862,0.06376043425539688
-705.8870431893688,0.06528344181712487
-705.8671096345515,0.06675719681029615
-705.8471760797343,0.068179276772638
-705.827242524917,0.06954742177103863
-705.8073089700997,0.07085952227223777
-705.7873754152824,0.07211360907339964
-705.7674418604652,0.07330784493409088
-705.7475083056479,0.0744405176166265
-705.7275747508306,0.0755100340945742
-705.7076411960134,0.07651491573219873
-705.6877076411961,0.07745379427239421
-705.6677740863788,0.07832540849907184
-705.6478405315615,0.0791286014631578
-705.6279069767442,0.07986231818042755
-705.607973421927,0.08052560372503878
-705.5880398671096,0.08111760165563914
-705.5681063122925,0.08163755272166402
-705.5481727574752,0.08208479380666467
-705.5282392026578,0.08245875707285993
-705.5083056478406,0.08275896927795091
-705.4883720930233,0.08298505124048092
-705.4684385382061,0.08313671743534752
-705.4485049833887,0.08321377570489143
-705.4285714285714,0.08321612707542303
-705.4086378737542,0.0831437656722713
-705.3887043189369,0.08299677873008572
-705.3687707641197,0.08277534669836527
-705.3488372093024,0.08247974344556917
-705.3289036544851,0.08211033656848055
-705.3089700996678,0.08166758781734047
-705.2890365448505,0.08115205365086693
-705.2691029900333,0.0805643859399229
-705.249169435216,0.07990533284329343
-705.2292358803986,0.07917573988474348
-705.2093023255815,0.07837655126692536
-705.1893687707642,0.07750881146552527
-705.1694352159469,0.07657366715586802
-705.1495016611296,0.0755723695352793
-705.1295681063123,0.07450627711717982
-705.1096345514951,0.07337685908889333
-705.0897009966777,0.07218569934391318
-705.0697674418606,0.0709345013228145
-705.0498338870432,0.06962509382524999
-705.0299003322259,0.068259437990361
-705.0099667774087,0.06683963568594609
-704.9900332225914,0.06536793959957221
-704.9700996677742,0.0638467653901934
-704.9501661129568,0.062278706339971845
-704.9302325581396,0.06066655104588494
-704.9102990033223,0.05901330481445898
-704.890365448505,0.05732221557525258
-704.8704318936877,0.05559680531519917
-704.8504983388705,0.05384090826237167
-704.8305647840532,0.05205871731866543
-704.8106312292359,0.05025484055783785
-704.7906976744187,0.04843436996280894
-704.7707641196014,0.046602964954259196
-704.7508305647841,0.044766953614839976
-704.7308970099667,0.04293345474569489
-704.7109634551496,0.04111052382881541
-704.6910299003323,0.039307325297999775
-704.671096345515,0.03753433172131859
-704.6511627906978,0.03580354673489061
-704.6312292358804,0.034128741608617
-704.6112956810632,0.032525683532583845
-704.5913621262458,0.031012315343912755
-704.5714285714287,0.02960882058234569
-704.5514950166113,0.028337476630721264
-704.531561461794,0.02722217116430133
-704.5116279069769,0.02628745289404153
-704.4916943521595,0.02555703692140052
-704.4717607973423,0.025051815766631402
-704.4518272425249,0.024787633380695413
-704.4318936877077,0.024773287408886773
-704.4119601328904,0.025009301737640512
-704.3920265780731,0.025487852198804357
-704.3720930232558,0.02619386960889207
-704.3521594684386,0.02710697232133286
-704.3322259136213,0.028203692031148562
-704.312292358804,0.02945950874040555
-704.2923588039868,0.030850410560808936
-704.2724252491695,0.032353905836008
-704.2524916943522,0.033949556194753386
-704.2325581395348,0.03561915705094457
-704.2126245847177,0.03734669251263807
-704.1926910299003,0.039118165659317666
-704.1727574750831,0.04092137381676049
-704.1528239202659,0.042745671801288423
-704.1328903654485,0.04458174686450814
-704.1129568106313,0.046421416583256776
-704.0930232558139,0.04825745349632105
-704.0730897009968,0.050083436217949556
-704.0531561461794,0.051893624773678974
-704.0332225913621,0.05368285713017936
-704.0132890365448,0.05544646377362889
-703.9933554817276,0.057180197398891866
-703.9734219269104,0.058880175115027855
-703.953488372093,0.06054283095048463
-703.9335548172758,0.062164876802110657
-703.9136212624585,0.0637432702941299
-703.8936877076412,0.06527518828939399
-703.873754152824,0.06675800502662986
-703.8538205980067,0.06818927404812308
-703.8338870431894,0.06956671323839475
-703.8139534883721,0.07088819242093503
-703.7940199335549,0.07215172306292739
-703.7740863787376,0.07335544972056905
-703.7541528239203,0.07449764292486297
-703.734219269103,0.07557669326196771
-703.7142857142858,0.0765911064461023
-703.6943521594684,0.07753949921882512
-703.6744186046512,0.07842059593752129
-703.6544850498339,0.07923322573971607
-703.6345514950167,0.0799763201893421
-703.6146179401994,0.08064891132708102
-703.594684385382,0.08125013006027271
-703.5747508305649,0.08177920483878806
-703.5548172757475,0.08223546057264776
-703.5348837209303,0.08261831775486315
-703.514950166113,0.08292729175968384
-703.4950166112957,0.08316199229202509
-703.4750830564785,0.08332212296901885
-703.4551495016611,0.08340748101880595
-703.435215946844,0.08341795708579292
-703.4152823920266,0.08335353513526768
-703.3953488372093,0.08321429245355783
-703.375415282392,0.08300039974348823
-703.3554817275748,0.0827121213180231
-703.3355481727575,0.08234981539850167
-703.3156146179402,0.08191393452746958
-703.295681063123,0.08140502610998863
-703.2757475083057,0.08082373310156006
-703.2558139534884,0.08017079486574154
-703.2358803986712,0.07944704822992911
-703.2159468438539,0.07865342877432197
-703.1960132890365,0.07779097239655482
-703.1760797342193,0.07686081720334324
-703.156146179402,0.07586420579125265
-703.1362126245848,0.07480248799129516
-703.1162790697675,0.07367712416757596
-703.0963455149501,0.07248968917887441
-703.076411960133,0.07124187713475104
-703.0564784053156,0.06993550710575472
-703.0365448504984,0.06857252998134652
-703.0166112956811,0.06715503671131134
-702.9966777408638,0.06568526821825785
-702.9767441860465,0.06416562733292143
-702.9568106312292,0.06259869318332381
-702.9368770764121,0.06098723856680161
-702.9169435215947,0.0593342509553222
-702.8970099667774,0.05764295793361229
-702.8770764119602,0.05591685805288967
-702.8571428571429,0.05415975830537648
-702.8372093023256,0.05237581969158379
-702.8172757475083,0.05056961266558922
-702.7973421926911,0.048746184598293364
-702.7774086378738,0.04691114177779405
-702.7574750830565,0.0450707488261783
-702.7375415282393,0.043232048665923804
-702.717607973422,0.04140300615117812
-702.6976744186047,0.03959267789579372
-702.6777408637874,0.03781140918395488
-702.6578073089701,0.03607105534433224
-702.6378737541529,0.034385218413031333
-702.6179401993355,0.03276947869915152
-702.5980066445184,0.031241583228322774
-702.5780730897011,0.02982152790779725
-702.5581395348837,0.028531439309326254
-702.5382059800666,0.027395133180417735
-702.5182724252492,0.026437218629434902
-702.498338870432,0.025681658954186167
-702.4784053156146,0.02514982174945035
-702.4584717607974,0.024858251923466877
-702.4385382059802,0.02481661571798784
-702.4186046511628,0.025026361882028992
-702.3986710963457,0.025480513480891944
-702.3787375415283,0.026164658282108056
-702.358803986711,0.027058822714766444
-702.3388704318937,0.02813969939402128
-702.3189368770765,0.029382727098457424
-702.2990033222592,0.0307637135498292
-702.2790697674419,0.03225990802628431
-702.2591362126246,0.033850581772439756
-702.2392026578074,0.035517240336232846
-702.2192691029901,0.03724359697347426
-702.1993355481728,0.03901541175268897
-702.1794019933556,0.04082026946046512
-702.1594684385382,0.042647341925789846
-702.139534883721,0.04448716027477679
-702.1196013289036,0.04633140945156843
-702.0996677740865,0.04817274942009328
-702.0797342192692,0.050004663086813325
-702.0598006644518,0.05182132882032458
-702.0398671096347,0.053617514570738135
-702.0199335548173,0.05538849042419971
-702.0000000000001,0.0571299566130478
-701.9800664451827,0.05883798433898004
-701.9601328903655,0.06050896714497722
-701.9401993355482,0.06213958093733766
-701.9202657807309,0.06372675108705912
-701.9003322259138,0.0652676253216593
-701.8803986710964,0.06675955135548538
-701.8604651162791,0.06820005840189144
-701.8405315614618,0.06958684187072328
-701.8205980066446,0.07091775068441208
-701.8006644518273,0.07219077675122004
-701.78073089701,0.07340404621944888
-701.7607973421926,0.07455581220495681
-701.7408637873755,0.07564444874029543
-701.7209302325582,0.07666844573858538
-701.7009966777409,0.07762640480206456
-701.6810631229237,0.07851703573496889
-701.6611295681063,0.07933915364474901
-701.6411960132891,0.08009167653556783
-701.6212624584717,0.08077362331455282
-701.6013289036546,0.08138411214460714
-701.5813953488372,0.08192235908924754
-701.5614617940199,0.08238767700396311
-701.5415282392028,0.08277947463687461
-701.5215946843854,0.08309725590804623
-701.5016611295682,0.08334061934269767
-701.4817275747508,0.08350925763857224
-701.4617940199336,0.08360295735220978
-701.4418604651163,0.08362159869286764
-701.421926910299,0.08356515541655672
-701.4019933554817,0.08343369481607228
-701.3820598006645,0.08322737780634731
-701.3621262458472,0.0829464591076648
-701.3421926910299,0.08259128753284385
-701.3222591362127,0.08216230638793358
-701.3023255813954,0.08166005399992667
-701.2823920265781,0.08108516438919187
-701.2624584717607,0.08043836810917583
-701.2425249169436,0.07972049328129813
-701.2225913621263,0.07893246685933362
-701.202657807309,0.07807531616506679
-701.1827242524918,0.07715017074558912
-701.1627906976744,0.0761582646132067
-701.1428571428572,0.07510093894140936
-701.1229235880398,0.0739796453054642
-701.1029900332227,0.072795949574558
-701.0830564784053,0.07155153658470345
-701.063122923588,0.07024821574908116
-701.0431893687709,0.06888792779575025
-701.0232558139535,0.06747275286415326
-701.0033222591363,0.06600492024248511
-700.9833887043189,0.06448682009090881
-700.9634551495017,0.06292101757319442
-700.9435215946844,0.061310269915652756
-700.9235880398671,0.059657547030772216
-700.9036544850499,0.05796605648964639
-700.8837209302326,0.0562392738067964
-700.8637873754153,0.054480979219723474
-700.843853820598,0.05269530240799077
-700.8239202657808,0.05088677690621355
-700.8039867109635,0.04906040631701843
-700.7840531561462,0.047221744809912695
-700.764119601329,0.0453769947588271
-700.7441860465117,0.04353312464471381
-700.7242524916943,0.041698010373836705
-700.7043189368771,0.03988060266061567
-700.6843853820599,0.03809112162362928
-700.6644518272426,0.036341276483612
-700.6445182724253,0.034644502083661384
-700.624584717608,0.03301619330321483
-700.6046511627908,0.03147390151987741
-700.5847176079734,0.03003743286431223
-700.5647840531562,0.028728757343861662
-700.5448504983389,0.02757160808314817
-700.5249169435216,0.026590638171510236
-700.5049833887044,0.025810037646469677
-700.485049833887,0.025251625691767393
-700.4651162790699,0.024932628046756347
-700.4451827242525,0.02486356902645499
-700.4252491694352,0.02504682559249802
-700.405315614618,0.025476285132860634
-700.3853820598007,0.026138218537860997
-700.3654485049834,0.027013088756618446
-700.3455149501661,0.02807777412928572
-700.3255813953489,0.0293076901525672
-700.3056478405316,0.03067847472593241
-700.2857142857143,0.03216712245970016
-700.2657807308971,0.03375261426478765
-700.2458471760798,0.03541616324893525
-700.2259136212624,0.03714120793439291
-700.2059800664452,0.038913261066683115
-700.1860465116279,0.0407196906674977
-700.1661129568107,0.042549481705095885
-700.1461794019934,0.04439300576697757
-700.126245847176,0.04624181222895379
-700.1063122923589,0.048088445992327235
-700.0863787375415,0.04992629216563018
-700.0664451827244,0.05174944571217628
-700.046511627907,0.053552603105173555
-700.0265780730897,0.05533097280991426
-700.0066445182725,0.0570802015733186
-699.9867109634552,0.05879631382948626
-699.966777408638,0.060475661909255136
-699.9468438538206,0.06211488511138323
-699.9269102990033,0.0637108760267279
-699.9069767441861,0.06526075279477248
-699.8870431893688,0.06676183621405879
-699.8671096345515,0.06821163082836475
-699.8471760797343,0.06960780927449128
-699.827242524917,0.07094819931065582
-699.8073089700997,0.07223077305273742
-699.7873754152824,0.07345363803257197
-699.7674418604652,0.07461502976351986
-699.7475083056479,0.07571330555517645
-699.7275747508306,0.07674693936570329
-699.7076411960134,0.07771451751750003
-699.687707641196,0.07861473513273087
-699.6677740863788,0.07944639316997683
-699.6478405315615,0.08020839596381336
-699.6279069767443,0.08089974918586483
-699.607973421927,0.08151955815985104
-699.5880398671096,0.08206702647455755
-699.5681063122925,0.08254145484845918
-699.5481727574751,0.08294224020769277
-699.5282392026579,0.08326887494609377
-699.5083056478405,0.08352094634183409
-699.4883720930233,0.08369813611041652
-699.4684385382061,0.08380022007821479
-699.4485049833887,0.0838270679649448
-699.4285714285716,0.08377864326701581
-699.4086378737542,0.08365500323739879
-699.3887043189369,0.08345629896084947
-699.3687707641196,0.08318277552677218
-699.3488372093024,0.0828347723053863
-699.3289036544851,0.0824127233364161
-699.3089700996678,0.08191715784337292
-699.2890365448505,0.08134870089072035
-699.2691029900333,0.08070807420591206
-699.249169435216,0.07999609719372387
-699.2292358803987,0.07921368817651442
-699.2093023255815,0.07836186590133896
-699.1893687707641,0.07744175136350614
-699.1694352159469,0.07645457000636251
-699.1495016611295,0.07540165436950136
-699.1295681063124,0.0742844472723353
-699.1096345514951,0.07310450563808521
-699.0897009966777,0.0718635050850458
-699.0697674418606,0.07056324543886701
-699.0498338870432,0.06920565735237633
-699.029900332226,0.06779281025993801
-699.0099667774086,0.06632692194307276
-698.9900332225914,0.06481037004569719
-698.9700996677742,0.0632457059534214
-698.9501661129568,0.0616356715455044
-698.9302325581397,0.05998321944456784
-698.9102990033223,0.05829153753267578
-698.890365448505,0.05656407867876959
-698.8704318936877,0.05480459683716662
-698.8504983388705,0.053017190935441966
-698.8305647840532,0.051206358275093254
-698.8106312292359,0.04937705951775765
-698.7906976744187,0.04753479770894662
-698.7707641196014,0.045685714164509984
-698.7508305647841,0.04383670433616525
-698.7308970099668,0.041995556836209445
-698.7109634551496,0.040171118375886376
-698.6910299003322,0.03837348600944981
-698.671096345515,0.036614225049226644
-698.6511627906976,0.0349066052189294
-698.6312292358805,0.03326583750839035
-698.6112956810632,0.03170927798619027
-698.5913621262458,0.03025654115729973
-698.5714285714287,0.02892943514605808
-698.5514950166113,0.027751600311996694
-698.5315614617941,0.02674771787961773
-698.5116279069767,0.025942183555723926
-698.4916943521595,0.025357244564360108
-698.4717607973422,0.025010786643047005
-698.4518272425249,0.024914180359266166
-698.4318936877078,0.02507073271795114
-698.4119601328904,0.025475211303537207
-698.3920265780731,0.026114595772167456
-698.3720930232558,0.026969814241579026
-698.3521594684386,0.02801795627927989
-698.3322259136213,0.029234432904323895
-698.312292358804,0.030594723538818987
-698.2923588039866,0.03207557309659227
-698.2724252491695,0.03365567256218453
-698.2524916943522,0.03531594020947445
-698.232558139535,0.0370395360047122
-698.2126245847177,0.038811721043583394
-698.1926910299003,0.04061964230382109
-698.1727574750831,0.042452093950325696
-698.1528239202657,0.04429928454698532
-698.1328903654486,0.04615262489807771
-698.1129568106312,0.04800454229427729
-698.0930232558139,0.04984832190411196
-698.0730897009968,0.051677973493290424
-698.0531561461794,0.053488120560944485
-698.0332225913622,0.05527390870015388
-698.0132890365448,0.05703093012410424
-697.9933554817276,0.058755161618062775
-697.9734219269103,0.06044291355664277
-697.953488372093,0.062090787999502975
-697.9335548172758,0.06369564421832875
-697.9136212624585,0.06525457030165487
-697.8936877076412,0.06676485973219698
-697.873754152824,0.0682239920361888
-697.8538205980067,0.06962961677271721
-697.8338870431894,0.07097954026729508
-697.8139534883721,0.07227171460519656
-697.7940199335549,0.07350422848918242
-697.7740863787376,0.07467529963911383
-697.7541528239203,0.07578326846910696
-697.734219269103,0.0768265928256217
-697.7142857142858,0.07780384360811105
-697.6943521594685,0.07871370112540776
-697.6744186046512,0.07955495206629166
-697.6544850498339,0.08032648698392844
-697.6345514950167,0.08102729821072957
-697.6146179401993,0.08165647813472023
-697.5946843853822,0.08221321778001651
-697.5747508305649,0.08269680564409401
-697.5548172757475,0.08310662675259589
-697.5348837209303,0.08344216189971705
-697.514950166113,0.08370298704795329
-697.4950166112958,0.08388877286648705
-697.4750830564784,0.08399928439177055
-697.4551495016611,0.0840343807984238
-697.4352159468439,0.08399401527183074
-697.4152823920266,0.0838782349777549
-697.3953488372094,0.0836871811274477
-697.375415282392,0.08342108914018934
-697.3554817275748,0.0830802889084884
-697.3355481727575,0.08266520517492146
-697.3156146179402,0.08217635803310859
-697.295681063123,0.08161436356980842
-697.2757475083057,0.08097993466960504
-697.2558139534883,0.08027388200895745
-697.2358803986712,0.07949711527273949
-697.2159468438539,0.07865064463332187
-697.1960132890366,0.07773558254096506
-697.1760797342193,0.07675314588416708
-697.156146179402,0.07570465859098852
-697.1362126245848,0.0745915547566276
-697.1162790697674,0.07341538240049203
-697.0963455149503,0.07217780797731656
-697.0764119601329,0.07088062179327348
-697.0564784053156,0.06952574451005226
-697.0365448504984,0.06811523495982308
-697.0166112956811,0.06665129954244325
-696.9966777408639,0.06513630353673736
-696.9767441860465,0.06357278473243075
-696.9568106312292,0.06196346988128136
-696.936877076412,0.06031129458029781
-696.9169435215947,0.05861942734073741
-696.8970099667774,0.0568912987693147
-696.8770764119602,0.05513063699947283
-696.8571428571429,0.05334151076447653
-696.8372093023256,0.051528381805639296
-696.8172757475083,0.04969616865479102
-696.7973421926911,0.047850324209116696
-696.7774086378738,0.045996929894566906
-696.7574750830565,0.044142809521517924
-696.7375415282393,0.042295666036441415
-696.7176079734219,0.04046424401921364
-696.6976744186047,0.03865851954328452
-696.6777408637874,0.036889916210132975
-696.6578073089702,0.03517154072647059
-696.6378737541529,0.0335184218147587
-696.6179401993355,0.03194772073895994
-696.5980066445184,0.03047885881121794
-696.578073089701,0.02913347737519408
-696.5581395348838,0.027935114427842227
-696.5382059800666,0.026908464060664602
-696.5182724252492,0.026078106997484835
-696.498338870432,0.025466694948999797
-696.4784053156146,0.02509275217847481
-696.4584717607975,0.024968482431209468
-696.4385382059801,0.025098123058293717
-696.4186046511628,0.025477336437920883
-696.3986710963455,0.026093836022872137
-696.3787375415283,0.02692904388406612
-696.3588039867111,0.027960286984007002
-696.3388704318937,0.029162991532718056
-696.3189368770765,0.03051249061853368
-696.2990033222592,0.03198528503067946
-696.2790697674419,0.03355977661507594
-696.2591362126246,0.035216586615681784
-696.2392026578074,0.03693859268985081
-696.21926910299,0.038710799947566
-696.1993355481728,0.04052012999273169
-696.1794019933556,0.04235518217550969
-696.1594684385383,0.04420599847878115
-696.139534883721,0.046063848063498544
-696.1196013289036,0.04792103800036741
-696.0996677740865,0.04977075132269862
-696.0797342192691,0.05160691076128781
-696.0598006644519,0.053424065306325035
-696.0398671096345,0.05521729639595233
-696.0199335548173,0.05698214063533156
-696.0000000000001,0.05871452625810813
-695.9800664451827,0.060410720920682275
-695.9601328903656,0.062067288797224576
-695.9401993355482,0.06368105528874049
-695.9202657807309,0.06524907795951282
-695.9003322259136,0.06676862256755511
-695.8803986710964,0.06823714326613177
-695.8604651162791,0.06965226622554924
-695.8405315614618,0.07101177606457817
-695.8205980066446,0.0723136045949141
-695.8006644518273,0.07355582147343386
-695.78073089701,0.07473662643183482
-695.7607973421927,0.07585434281294919
-695.7408637873755,0.07690741219188087
-695.7209302325581,0.07789438989941783
-695.7009966777409,0.07881394129738285
-695.6810631229235,0.07966483868167454
-695.6611295681064,0.08044595871020692
-695.6411960132891,0.0811562802706049
-695.6212624584717,0.08179488271699016
-695.6013289036546,0.08236094441724243
-695.5813953488372,0.08285374156231548
-695.56146179402,0.08327264719742834
-695.5415282392026,0.08361713044234599
-695.5215946843854,0.0838867558739855
-695.5016611295682,0.0840811830498149
-695.4817275747508,0.08420016615546101
-695.4617940199337,0.08424355376371814
-695.4418604651163,0.0842112886963792
-695.421926910299,0.08410340798353196
-695.4019933554817,0.08392004291853386
-695.3820598006645,0.08366141921022852
-695.3621262458472,0.08332785723730719
-695.3421926910299,0.08291977241332811
-695.3222591362127,0.08243767567458717
-695.3023255813954,0.08188217410737321
-695.2823920265781,0.08125397173546342
-695.2624584717609,0.08055387049430253
-695.2425249169436,0.079782771424179
-695.2225913621262,0.07894167612173987
-695.202657807309,0.07803168849777925
-695.1827242524917,0.07705401689889468
-695.1627906976745,0.07600997666271507
-695.1428571428572,0.0749009931905113
-695.1229235880398,0.07372860563855183
-695.1029900332227,0.07249447135058114
-695.0830564784053,0.07120037117946539
-695.0631229235881,0.069848215877848
-695.0431893687708,0.0684400537762608
-695.0232558139535,0.06697808001515243
-695.0033222591362,0.06546464765628222
-694.9833887043189,0.06390228107205312
-694.9634551495018,0.062293692101845155
-694.9435215946844,0.060641799576079486
-694.9235880398671,0.05894975294707871
-694.9036544850499,0.05722096093515774
-694.8837209302326,0.05545912630598904
-694.8637873754153,0.053668288145212614
-694.843853820598,0.05185287329359883
-694.8239202657808,0.05001775894855638
-694.8039867109635,0.048168348815909735
-694.7840531561462,0.04631066557825678
-694.764119601329,0.044451462768226965
-694.7441860465117,0.0425983592687561
-694.7242524916944,0.04075999937539462
-694.7043189368771,0.038946240245257335
-694.6843853820598,0.037168365962148786
-694.6644518272426,0.03543932234276174
-694.6445182724252,0.03377395753948435
-694.6245847176081,0.03218923867115903
-694.6046511627908,0.030704392558399726
-694.5847176079734,0.02934088927308695
-694.5647840531562,0.02812215538724812
-694.5448504983389,0.027072883173854548
-694.5249169435217,0.026217818169588812
-694.5049833887043,0.02557999307044155
-694.485049833887,0.02517854862356059
-694.4651162790698,0.025026507474101237
-694.4451827242525,0.025129036094808176
-694.4252491694353,0.025482704924140592
-694.405315614618,0.026075985548513925
-694.3853820598007,0.02689082284223357
-694.3654485049834,0.02790480795981768
-694.3455149501661,0.029093402833827258
-694.3255813953489,0.030431807180765342
-694.3056478405316,0.0318962838638801
-694.2857142857143,0.033464946782023414
-694.2657807308971,0.035118118167806106
-694.2458471760798,0.03683838969683203
-694.2259136212625,0.03861050615409001
-694.2059800664452,0.04042115939100338
-694.1860465116279,0.04225874986318042
-694.1661129568107,0.04411314934176561
-694.1461794019933,0.0459754822027212
-694.1262458471762,0.047837932624568716
-694.1063122923589,0.0496935792557603
-694.0863787375415,0.05153625590860248
-694.0664451827244,0.0533604354906922
-694.046511627907,0.05516113397024418
-694.0265780730898,0.05693383124334901
-694.0066445182724,0.05867440606709398
-693.9867109634552,0.06037908259929243
-693.9667774086379,0.06204438646688801
-693.9468438538206,0.06366710863598957
-693.9269102990035,0.06524427566252596
-693.9069767441861,0.06677312516194173
-693.8870431893688,0.0682510855513942
-693.8671096345515,0.06967575929474837
-693.8471760797343,0.07104490902439319
-693.827242524917,0.07235644603056321
-693.8073089700997,0.07360842070314995
-693.7873754152824,0.07479901458725977
-693.7674418604652,0.07592653377530546
-693.7475083056479,0.07698940340839866
-693.7275747508306,0.07798616310024666
-693.7076411960134,0.07891546312959233
-693.6877076411961,0.07977606127410812
-693.6677740863788,0.08056682018060563
-693.6478405315614,0.08128670518445845
-693.6279069767443,0.08193478250590225
-693.6079734219269,0.08251021776338802
-693.5880398671097,0.08301227475428961
-693.5681063122925,0.08344031446198816
-693.5481727574751,0.08379379425568785
-693.5282392026579,0.08407226725542442
-693.5083056478405,0.08427538184040123
-693.4883720930234,0.08440288128319447
-693.468438538206,0.08445460349693065
-693.4485049833887,0.08443048088610837
-693.4285714285714,0.08433054029556154
-693.4086378737542,0.08415490305527215
-693.388704318937,0.08390378512231184
-693.3687707641196,0.08357749732438176
-693.3488372093024,0.08317644571314176
-693.3289036544851,0.08270113203914894
-693.3089700996678,0.08215215436438426
-693.2890365448505,0.08153020783291166
-693.2691029900333,0.08083608562544911
-693.2491694352159,0.08007068012951428
-693.2292358803987,0.0792349843639303
-693.2093023255815,0.07833009370451631
-693.1893687707642,0.07735720796774684
-693.1694352159469,0.07631763392067412
-693.1495016611295,0.07521278829959038
-693.1295681063124,0.0740442014368753
-693.109634551495,0.07281352161621925
-693.0897009966778,0.07152252030166184
-693.0697674418606,0.07017309841682678
-693.0498338870432,0.0687672938888753
-693.029900332226,0.06730729071851826
-693.0099667774086,0.0657954298953532
-692.9900332225915,0.0642342225494481
-692.9700996677741,0.0626263658186255
-692.9501661129568,0.060974762020636036
-692.9302325581396,0.059282541854626135
-692.9102990033223,0.057553092522924475
-692.8903654485051,0.05579009186765116
-692.8704318936877,0.053997549862779375
-692.8504983388705,0.052179859095237716
-692.8305647840532,0.050341856207933446
-692.8106312292359,0.04848889665403225
-692.7906976744187,0.046626945498104796
-692.7707641196014,0.04476268733469075
-692.750830564784,0.0429036585599014
-692.7308970099668,0.04105840500689013
-692.7109634551496,0.03923666696118748
-692.6910299003323,0.03744959117573566
-692.671096345515,0.03570996472483595
-692.6511627906976,0.0340324569567365
-692.6312292358805,0.032433841649843594
-692.6112956810631,0.03093315008960262
-692.5913621262459,0.0295516769767388
-692.5714285714286,0.02831272892007953
-692.5514950166113,0.02724098227301976
-692.5315614617941,0.026361327654333064
-692.5116279069767,0.025697155349324857
-692.4916943521596,0.025268200045568668
-692.4717607973422,0.025088287859269504
-692.4518272425249,0.02516351163764101
-692.4318936877077,0.02549136176443017
-692.4119601328904,0.02606109152176588
-692.3920265780731,0.0268551974304407
-692.3720930232558,0.02785156222435527
-692.3521594684386,0.029025704950074394
-692.3322259136213,0.0303527057523672
-692.312292358804,0.031808596421368775
-692.2923588039868,0.03337120452938992
-692.2724252491695,0.0350205515495464
-692.2524916943521,0.03673893959481078
-692.232558139535,0.038510848788828274
-692.2126245847176,0.04032273680611578
-692.1926910299004,0.04216280105987121
-692.1727574750831,0.04402073940489872
-692.1528239202657,0.045887528219327185
-692.1328903654486,0.04775522605313761
-692.1129568106312,0.04961680486437658
-692.093023255814,0.05146600761578524
-692.0730897009967,0.05329722951885344
-692.0531561461794,0.055105419723684386
-692.0332225913622,0.056886000288705475
-692.0132890365448,0.05863479954664371
-691.9933554817277,0.06034799735742511
-691.9734219269103,0.06202208012329991
-691.953488372093,0.06365380379803814
-691.9335548172758,0.06524016343413773
-691.9136212624585,0.06677836807724422
-691.8936877076412,0.06826582003736809
-691.873754152824,0.06970009774755467
-691.8538205980067,0.07107894156830422
-691.8338870431894,0.07240024201549235
-691.8139534883721,0.07366202998653217
-691.7940199335549,0.07486246863764964
-691.7740863787376,0.07599984662825267
-691.7541528239203,0.07707257249978887
-691.734219269103,0.07807916999770838
-691.7142857142857,0.07901827417908885
-691.6943521594685,0.07988862817577912
-691.6744186046512,0.08068908050554918
-691.654485049834,0.08141858284210775
-691.6345514950167,0.08207618817005106
-691.6146179401993,0.08266104926350008
-691.5946843853822,0.08317241743762284
-691.5747508305648,0.08360964153107042
-691.5548172757476,0.08397216708489007
-691.5348837209302,0.08425953568965433
-691.514950166113,0.08447138447837454
-691.4950166112958,0.08460744574718702
-691.4750830564784,0.08466754669045211
-691.4551495016613,0.08465160924053314
-691.4352159468439,0.08455965000628973
-691.4152823920266,0.08439178030777424
-691.3953488372093,0.08414820630785025
-691.375415282392,0.08382922924499892
-691.3554817275748,0.083435245775087
-691.3355481727575,0.08296674843343557
-691.3156146179402,0.0824243262329013
-691.295681063123,0.0818086654178598
-691.2757475083057,0.08112055039952622
-691.2558139534884,0.08036086490345183
-691.2358803986712,0.07953059336740488
-691.2159468438538,0.07863082263560407
-691.1960132890366,0.07766274400496209
-691.1760797342192,0.07662765569058151
-691.1561461794021,0.07552696579138092
-691.1362126245848,0.07436219585360923
-691.1162790697674,0.0731349851502892
-691.0963455149503,0.07184709581926446
-691.0764119601329,0.07050041903320328
-691.0564784053157,0.06909698241186427
-691.0365448504983,0.0676389589332505
-691.0166112956811,0.06612867765666142
-690.9966777408638,0.06456863664118033
-690.9767441860465,0.06296151852967662
-690.9568106312294,0.06131020937604396
-690.936877076412,0.0596178214259647
-690.9169435215947,0.05788772072490309
-690.8970099667774,0.05612356062684225
-690.8770764119602,0.05432932251944167
-690.8571428571429,0.05250936536977543
-690.8372093023256,0.05066848603091699
-690.8172757475083,0.04881199262404813
-690.7973421926911,0.046945793700055485
-690.7774086378738,0.045076506231376205
-690.7574750830565,0.043211585678422045
-690.7375415282393,0.041359481208711
-690.717607973422,0.03952981826034635
-690.6976744186047,0.03773360843407207
-690.6777408637873,0.0359834822268103
-690.6578073089702,0.03429393201147493
-690.6378737541529,0.032681539167148554
-690.6179401993356,0.031165138643766077
-690.5980066445184,0.02976584605008323
-690.578073089701,0.028506840008042895
-690.5581395348838,0.027412767437860263
-690.5382059800664,0.026508644809161586
-690.5182724252493,0.025818196759842173
-690.4983388704319,0.02536172894389591
-690.4784053156146,0.02515385442679548
-690.4584717607975,0.025201588171619153
-690.4385382059801,0.025503350963868687
-690.4186046511629,0.02604920048562642
-690.3986710963455,0.02682221366074759
-690.3787375415283,0.027800592733124185
-690.358803986711,0.028959936104607033
-690.3388704318937,0.03027521900178712
-690.3189368770765,0.03172224967393588
-690.2990033222592,0.03327857144064294
-690.2790697674419,0.0349239035191757
-690.2591362126246,0.03664025498303528
-690.2392026578074,0.038411836967974566
-690.2192691029901,0.040224868504436226
-690.1993355481728,0.04206733974827663
-690.1794019933554,0.04392877085911977
-690.1594684385383,0.045799986932358504
-690.1395348837209,0.04767291808773033
-690.1196013289037,0.04954042723039545
-690.0996677740865,0.051396164493918005
-690.0797342192691,0.05323444573944316
-690.0598006644519,0.0550501519168144
-690.0398671096345,0.05683864609008382
-690.0199335548174,0.058595705196516384
-690.0,0.06031746397950095
-689.9800664451827,0.06200036892306012
-689.9601328903655,0.06364114037780229
-689.9401993355482,0.06523674138644446
-689.920265780731,0.06678435198815431
-689.9003322259136,0.06828134800672347
-689.8803986710964,0.06972528351314955
-689.8604651162791,0.07111387630466114
-689.8405315614618,0.0724449958647499
-689.8205980066446,0.07371665336844148
-689.8006644518273,0.07492699337685906
-689.7807308970099,0.07607428693039989
-689.7607973421927,0.07715692580205682
-689.7408637873755,0.07817341771509528
-689.7209302325582,0.07912238236382992
-689.7009966777409,0.08000254810441425
-689.6810631229235,0.08081274920551305
-689.6611295681064,0.08155192356783439
-689.641196013289,0.08221911083677466
-689.6212624584718,0.08281345084554075
-689.6013289036546,0.08333418233688324
-689.5813953488372,0.0837806419203384
-689.56146179402,0.08415226322977595
-689.5415282392026,0.08444857625237148
-689.5215946843855,0.0846692068057434
-689.5016611295681,0.08481387614494224
-689.4817275747508,0.08488240068527987
-689.4617940199336,0.08487469183094941
-689.4418604651163,0.08479075590303814
-689.4219269102991,0.08463069416398428
-689.4019933554817,0.08439470293895131
-689.3820598006645,0.08408307383794336
-689.3621262458472,0.08369619408605446
-689.3421926910299,0.08323454697288635
-689.3222591362127,0.08269871243628894
-689.3023255813954,0.08208936780001022
-689.282392026578,0.08140728868992785
-689.2624584717609,0.08065335015935125
-689.2425249169436,0.07982852806073212
-689.2225913621263,0.07893390070891437
-689.202657807309,0.07797065089068919
-689.1827242524917,0.07694006828657232
-689.1627906976745,0.07584355238440049
-689.1428571428571,0.07468261598066206
-689.12292358804,0.07345888938547673
-689.1029900332226,0.07217412547143778
-689.0830564784053,0.07083020573632967
-689.0631229235881,0.06942914758628728
-689.0431893687708,0.06797311309103866
-689.0232558139536,0.06646441951848334
-689.0033222591362,0.0649055520245812
-688.9833887043189,0.06329917895969112
-688.9634551495017,0.06164817035776244
-688.9435215946844,0.05995562030479432
-688.9235880398671,0.058224874043392744
-688.9036544850499,0.05645956086627736
-688.8837209302326,0.05466363408975226
-688.8637873754153,0.05284141968260614
-688.843853820598,0.05099767545781098
-688.8239202657808,0.049137663107536596
-688.8039867109635,0.047267235752673144
-688.7840531561462,0.04539294403604976
-688.764119601329,0.04352216400804497
-688.7441860465116,0.04166324994179318
-688.7242524916944,0.03982571443052934
-688.7043189368771,0.03802043609128779
-688.6843853820599,0.03625989102199703
-688.6644518272426,0.03455839650537403
-688.6445182724252,0.03293234258864451
-688.6245847176081,0.03140036731544867
-688.6046511627907,0.029983403844313472
-688.5847176079735,0.028704495287183465
-688.5647840531562,0.02758824620187185
-688.5448504983389,0.026659780195832726
-688.5249169435217,0.025943133229311056
-688.5049833887043,0.025459158585502604
-688.4850498338872,0.02522323872445611
-688.4651162790698,0.0252433049736524
-688.4451827242525,0.025518717510312525
-688.4252491694352,0.026040360186980176
-688.405315614618,0.026791918925154264
-688.3853820598008,0.02775194390733409
-688.3654485049834,0.028896135973576462
-688.3455149501661,0.030199380956735224
-688.3255813953489,0.03163727180465493
-688.3056478405316,0.03318707013780375
-688.2857142857143,0.034828191693220184
-688.2657807308971,0.03654234914503103
-688.2458471760797,0.03831348033145097
-688.2259136212625,0.040127561131873365
-688.2059800664452,0.04197237016334837
-688.186046511628,0.04383724603623748
-688.1661129568107,0.0457128592047419
-688.1461794019933,0.04759100848956118
-688.1262458471762,0.049464445321810865
-688.1063122923588,0.05132672497616421
-688.0863787375416,0.05317208226705067
-688.0664451827242,0.05499532852683073
-688.046511627907,0.05679176663927045
-688.0265780730898,0.058557121150927136
-688.0066445182724,0.060287480849968045
-687.9867109634553,0.06197925159197175
-687.9667774086379,0.06362911751966317
-687.9468438538206,0.06523400914797484
-687.9269102990033,0.0667910770630863
-687.9069767441861,0.06829767021517012
-687.8870431893688,0.06975131797482888
-687.8671096345515,0.07114971527850948
-687.8471760797343,0.07249071031405967
-687.827242524917,0.07377229429954675
-687.8073089700997,0.0749925929907609
-687.7873754152824,0.07614985961946615
-687.7674418604652,0.0772424690182376
-687.7475083056479,0.07826891273134359
-687.7275747508306,0.07922779494666873
-687.7076411960132,0.08011782911239083
-687.6877076411961,0.08093783512586933
-687.6677740863788,0.08168673700146567
-687.6478405315615,0.08236356093993512
-687.6279069767443,0.08296743373528723
-687.6079734219269,0.08349758146598595
-687.5880398671097,0.08395332842652291
-687.5681063122923,0.08433409626314999
-687.5481727574752,0.08463940328426987
-687.5282392026578,0.0848688639216039
-687.5083056478405,0.08502218832317344
-687.4883720930234,0.08509918206374749
-687.468438538206,0.0850997459621578
-687.4485049833888,0.08502387599871968
-687.4285714285714,0.08487166332947337
-687.4086378737542,0.08464329439728929
-687.3887043189369,0.0843390511433503
-687.3687707641196,0.08395931132596798
-687.3488372093025,0.08350454895747615
-687.3289036544851,0.08297533487383099
-687.3089700996678,0.08237233745609904
-687.2890365448505,0.08169632352796981
-687.2691029900333,0.08094815945920357
-687.249169435216,0.08012881251155202
-687.2292358803987,0.07923935247160906
-687.2093023255813,0.07828095362426367
-687.1893687707642,0.07725489713161035
-687.1694352159469,0.07616257389538482
-687.1495016611296,0.07500548799721578
-687.1295681063124,0.07378526083056522
-687.109634551495,0.07250363606196347
-687.0897009966778,0.07116248558846994
-687.0697674418604,0.06976381669412926
-687.0498338870433,0.06830978065234791
-687.0299003322259,0.06680268307554826
-687.0099667774086,0.06524499638101279
-686.9900332225915,0.0636393748249753
-686.9700996677741,0.06198867266049978
-686.9501661129569,0.06029596610191426
-686.9302325581396,0.05856457993603396
-686.9102990033223,0.05679811981278798
-686.890365448505,0.05500051148206877
-686.8704318936877,0.05317604852370829
-686.8504983388705,0.05132945044583903
-686.8305647840532,0.04946593339729527
-686.8106312292359,0.047591296132516316
-686.7906976744187,0.045712024234281244
-686.7707641196014,0.04383541584359406
-686.7508305647841,0.04196973208519671
-686.7308970099668,0.040124374688428784
-686.7109634551495,0.038310091443871486
-686.6910299003323,0.036539206240054974
-686.6710963455149,0.0348258632065728
-686.6511627906978,0.03318626224549837
-686.6312292358805,0.03163884414263735
-686.6112956810631,0.03020435659833192
-686.5913621262459,0.02890570018204227
-686.5714285714286,0.02776742474432064
-686.5514950166114,0.026814742856216548
-686.531561461794,0.026071979024537024
-686.5116279069767,0.025560510529368058
-686.4916943521595,0.025296470699461098
-686.4717607973422,0.025288700002462836
-686.451827242525,0.025537505491357335
-686.4318936877077,0.02603461794346
-686.4119601328904,0.02676436062408374
-686.3920265780731,0.02770566052385403
-686.3720930232558,0.02883434482759947
-686.3521594684386,0.0301252263815192
-686.3322259136213,0.03155369180371629
-686.3122923588039,0.03309672407515034
-686.2923588039868,0.03473343452127005
-686.2724252491695,0.03644523618839338
-686.2524916943522,0.03821578933303485
-686.232558139535,0.04003082214143188
-686.2126245847176,0.04187789734560038
-686.1926910299004,0.04374616807784209
-686.172757475083,0.045626146718691925
-686.1528239202659,0.04750949785323076
-686.1328903654486,0.049388858957854484
-686.1129568106312,0.05125768836778808
-686.093023255814,0.05311013811155823
-686.0730897009967,0.054940948451091785
-686.0531561461795,0.056745360874360974
-686.0332225913621,0.05851904651742629
-686.0132890365448,0.060258047354200456
-685.9933554817276,0.06195872788472227
-685.9734219269103,0.06361773542500054
-685.9534883720931,0.06523196743239607
-685.9335548172758,0.06679854458366255
-685.9136212624585,0.068314788559532
-685.8936877076412,0.06977820368468614
-685.873754152824,0.07118646173116891
-685.8538205980067,0.07253738932255363
-685.8338870431894,0.07382895748077563
-685.8139534883721,0.07505927294197659
-685.7940199335549,0.07622657093608859
-685.7740863787376,0.07732920918009473
-685.7541528239203,0.078365662879592
-685.734219269103,0.07933452056973624
-685.7142857142858,0.08023448065612061
-685.6943521594685,0.08106434854041143
-685.6744186046511,0.08182303423527403
-685.654485049834,0.08250955038953214
-685.6345514950166,0.08312301065795173
-685.6146179401994,0.08366262836124425
-685.5946843853822,0.08412771539136377
-685.5747508305648,0.08451768132503654
-685.5548172757476,0.08483203271517471
-685.5348837209302,0.08507037253572655
-685.5149501661131,0.08523239976049084
-685.4950166112957,0.08531790906095954
-685.4750830564784,0.08532679061220895
-685.4551495016611,0.08525902999965651
-685.4352159468439,0.08511470822304901
-685.4152823920267,0.08489400179726819
-685.3953488372093,0.08459718295324478
-685.375415282392,0.08422461994546306
-685.3554817275748,0.08377677747637605
-685.3355481727575,0.08325421725210785
-685.3156146179402,0.08265759868799474
-685.295681063123,0.08198767978764245
-685.2757475083056,0.08124531822484703
-685.2558139534884,0.08043147266421205
-685.2358803986712,0.07954720436408559
-685.2159468438539,0.07859367911455138
-685.1960132890366,0.07757216957418069
-685.1760797342192,0.07648405808225654
-685.1561461794021,0.07533084003908065
-685.1362126245847,0.07411412796614941
-685.1162790697675,0.07283565638138677
-685.0963455149501,0.0714972876533739
-685.0764119601329,0.07010101903344938
-685.0564784053157,0.06864899110810478
-685.0365448504983,0.06714349796735777
-685.0166112956812,0.06558699945081696
-684.9966777408638,0.06398213591499188
-684.9767441860465,0.062331746066342134
-684.9568106312292,0.060638888529855536
-684.936877076412,0.058906867976734875
-684.9169435215948,0.057139266824353725
-684.8970099667774,0.05533998375111317
-684.8770764119602,0.05351328054528173
-684.8571428571429,0.051663839130941885
-684.8372093023256,0.04979683098216846
-684.8172757475083,0.04791800153041661
-684.7973421926911,0.046033772545028245
-684.7774086378738,0.0441513657330612
-684.7574750830565,0.04227895079107463
-684.7375415282393,0.04042582054254045
-684.717607973422,0.0386025940954382
-684.6976744186047,0.03682144532556335
-684.6777408637874,0.03509634719194306
-684.6578073089702,0.03344331074746974
-684.6378737541528,0.03188057937426132
-684.6179401993356,0.03042871264049638
-684.5980066445183,0.029110462016032103
-684.5780730897011,0.027950310877547332
-684.5581395348838,0.0269735431383618
-684.5382059800664,0.026204749373301896
-684.5182724252493,0.025665806999407022
-684.4983388704319,0.025373580784740293
-684.4784053156147,0.025337811672798895
-684.4584717607974,0.025559759546341685
-684.4385382059801,0.026032021776143832
-684.4186046511628,0.026739586990794987
-684.3986710963455,0.027661788246435375
-684.3787375415284,0.028774603787069617
-684.358803986711,0.03005279077480818
-684.3388704318937,0.031471539228148236
-684.3189368770765,0.03300755708080744
-684.2990033222592,0.03463965062918973
-684.2790697674419,0.03634893020834078
-684.2591362126246,0.03811877424195054
-684.2392026578073,0.039934658648741725
-684.2192691029901,0.04178392586514703
-684.1993355481728,0.04365553954061488
-684.1794019933556,0.04553985047369576
-684.1594684385383,0.04742838600741378
-684.1395348837209,0.04931366712125559
-684.1196013289037,0.05118905307773468
-684.0996677740864,0.05304861133587973
-684.0797342192692,0.05488700959715706
-684.0598006644518,0.056699426707487774
-684.0398671096345,0.05848147934708815
-684.0199335548174,0.06022916179544461
-684.0,0.06193879645236616
-683.9800664451828,0.06360699317368705
-683.9601328903655,0.06523061581710389
-683.9401993355482,0.06680675468317407
-683.9202657807309,0.06833270377863863
-683.9003322259136,0.06980594202926699
-683.8803986710965,0.07122411773265482
-683.8604651162791,0.07258503567395695
-683.8405315614618,0.07388664643499673
-683.8205980066446,0.07512703751372232
-683.8006644518273,0.07630442594131524
-683.78073089701,0.07741715214066038
-683.7607973421927,0.07846367481600897
-683.7408637873754,0.07944256670082461
-683.7209302325582,0.08035251102105939
-683.7009966777409,0.08119229855603985
-683.6810631229237,0.08196082519933363
-683.6611295681064,0.08265708993863485
-683.641196013289,0.08328019318760917
-683.6212624584718,0.0838293354140584
-683.6013289036545,0.08430381601836978
-683.5813953488373,0.08470303242432534
-683.5614617940199,0.08502647935116757
-683.5415282392026,0.08527374824187556
-683.5215946843855,0.08544452682752711
-683.5016611295681,0.08553859881235541
-683.481727574751,0.08555584366806403
-683.4617940199336,0.08549623652989524
-683.4418604651163,0.08535984819022951
-683.421926910299,0.08514684518919723
-683.4019933554817,0.08485749000496368
-683.3820598006645,0.08449214135003037
-683.3621262458472,0.08405125458335763
-683.3421926910299,0.08353538225224266
-683.3222591362127,0.08294517478217475
-683.3023255813954,0.08228138133773884
-683.2823920265781,0.08154485088332677
-683.2624584717609,0.08073653347885923
-683.2425249169435,0.07985748185331758
-683.2225913621263,0.07890885330791886
-683.2026578073089,0.07789191201142436
-683.1827242524918,0.07680803176305424
-683.1627906976745,0.07565869931388731
-683.1428571428571,0.07444551835663127
-683.12292358804,0.07317021431644508
-683.1029900332226,0.07183464010378295
-683.0830564784054,0.07044078302453813
-683.063122923588,0.0689907730853165
-683.0431893687708,0.06748689298396225
-683.0232558139535,0.06593159014019173
-683.0033222591362,0.0643274912012633
-682.983388704319,0.06267741955676878
-682.9634551495017,0.06098441651911932
-682.9435215946844,0.0592517669775382
-682.9235880398671,0.057483030519083926
-682.9036544850499,0.05568207923598768
-682.8837209302326,0.0538531437107385
-682.8637873754153,0.05200086899024094
-682.843853820598,0.05013038272583184
-682.8239202657808,0.04824737805000311
-682.8039867109635,0.04635821414294039
-682.7840531561462,0.04447003772863221
-682.764119601329,0.04259092877029544
-682.7441860465117,0.040730073120747216
-682.7242524916944,0.03889796333501824
-682.704318936877,0.03710662547801485
-682.6843853820599,0.035369863361952844
-682.6644518272426,0.03370350058892977
-682.6445182724253,0.03212558318669183
-682.6245847176081,0.03065648023803481
-682.6046511627907,0.02931878801874808
-682.5847176079735,0.028136912238152168
-682.5647840531561,0.027136191096213225
-682.544850498339,0.026341459093992874
-682.5249169435216,0.025775069760787354
-682.5049833887043,0.025454599035268883
-682.4850498338872,0.025390678262500493
-682.4651162790698,0.025585524551816438
-682.4451827242526,0.026032620374840356
-682.4252491694352,0.026717647328906656
-682.405315614618,0.02762037411847811
-682.3853820598007,0.02871695554619106
-682.3654485049834,0.02998211129792165
-682.3455149501661,0.031390845307230034
-682.3255813953489,0.03291959461436632
-682.3056478405316,0.03454686020691458
-682.2857142857143,0.0362534467869395
-682.2657807308971,0.03802244673731687
-682.2458471760798,0.03983907910827193
-682.2259136212625,0.04169046156803167
-682.2059800664451,0.043565364202970684
-682.186046511628,0.04545397264507083
-682.1661129568106,0.04734767391806079
-682.1461794019934,0.04923886989981711
-682.1262458471762,0.05112081859316359
-682.1063122923588,0.05298750105871086
-682.0863787375416,0.054833510909594096
-682.0664451827242,0.05665396307192318
-682.0465116279071,0.058444418698702205
-682.0265780730897,0.060200823473180086
-682.0066445182724,0.061919456932302296
-681.9867109634552,0.06359689082327499
-681.9667774086379,0.0652299548495482
-681.9468438538207,0.06681570845815372
-681.9269102990033,0.0683514175683447
-681.9069767441861,0.06983453534641171
-681.8870431893688,0.07126268629893621
-681.8671096345515,0.07263365309289214
-681.8471760797343,0.07394536562107673
-681.827242524917,0.07519589192044057
-681.8073089700997,0.07638343062265487
-681.7873754152824,0.07750630467465933
-681.7674418604652,0.07856295611368938
-681.7475083056479,0.07955194171979377
-681.7275747508306,0.08047192939971456
-681.7076411960134,0.08132169518155022
-681.6877076411961,0.08210012072024402
-681.6677740863787,0.08280619123121599
-681.6478405315615,0.08343899378339094
-681.6279069767442,0.08399771589480555
-681.607973421927,0.0844816443836174
-681.5880398671097,0.08489016443572059
-681.5681063122923,0.08522275885710742
-681.5481727574752,0.08547900748519667
-681.5282392026578,0.085658586738514
-681.5083056478406,0.08576126928876278
-681.4883720930233,0.08578692384348191
-681.468438538206,0.08573551503122415
-681.4485049833888,0.08560710338482566
-681.4285714285714,0.08540184542172238
-681.4086378737543,0.08511999382372776
-681.3887043189369,0.08476189772214132
-681.3687707641196,0.08432800309769808
-681.3488372093024,0.08381885330884556
-681.3289036544851,0.08323508976606765
-681.3089700996678,0.08257745277490758
-681.2890365448505,0.08184678257583451
-681.2691029900333,0.08104402061546703
-681.249169435216,0.08017021109119872
-681.2292358803987,0.0792265028201224
-681.2093023255815,0.07821415149368877
-681.1893687707642,0.07713452239211777
-681.1694352159468,0.07598909364801303
-681.1495016611296,0.07477946016694632
-681.1295681063123,0.07350733833544754
-681.1096345514951,0.07217457167435021
-681.0897009966778,0.07078313762925467
-681.0697674418604,0.06933515573146849
-681.0498338870433,0.0678328974141127
-681.0299003322259,0.06627879783150073
-681.0099667774087,0.06467547010831899
-680.9900332225914,0.06302572254242031
-680.9700996677741,0.061332579404991885
-680.9501661129568,0.059599306130336975
-680.9302325581396,0.057829439869555736
-680.9102990033224,0.05602682660455859
-680.890365448505,0.05419566628637591
-680.8704318936877,0.05234056777789145
-680.8504983388705,0.05046661574336046
-680.8305647840532,0.048579452021107944
-680.8106312292359,0.04668537440438471
-680.7906976744187,0.04479145606049713
-680.7707641196013,0.04290568888874164
-680.7508305647841,0.04103715368315835
-680.7308970099668,0.039196218560086545
-680.7109634551496,0.03739476397788389
-680.6910299003323,0.03564642666263202
-680.6710963455149,0.033966844258970556
-680.6511627906978,0.032373865674367536
-680.6312292358804,0.03088766746087153
-680.6112956810632,0.029530685055912668
-680.5913621262458,0.028327235876122906
-680.5714285714286,0.027302695931235507
-680.5514950166114,0.026482121883763393
-680.531561461794,0.02588831925207454
-680.5116279069769,0.02553955410846004
-680.4916943521595,0.025447336756023134
-680.4717607973422,0.025614844353061748
-680.4518272425249,0.02603646174826992
-680.4318936877077,0.02669859061121765
-680.4119601328905,0.027581465135207872
-680.3920265780731,0.028661442936672835
-680.3720930232558,0.02991322534273515
-680.3521594684386,0.031311641523757164
-680.3322259136213,0.0328328623681761
-680.312292358804,0.03445508363508025
-680.2923588039868,0.03615880164919253
-680.2724252491694,0.03792681859722519
-680.2524916943522,0.03974409203794746
-680.232558139535,0.04159751033851082
-680.2126245847177,0.043475645866570864
-680.1926910299004,0.04536851542576223
-680.172757475083,0.04726736257131589
-680.1528239202659,0.049164467410963156
-680.1328903654485,0.05105298444595209
-680.1129568106313,0.05292680646315788
-680.0930232558139,0.054780451420735954
-680.0730897009967,0.05660896901506067
-680.0531561461795,0.058407863773828075
-680.0332225913621,0.060173031860154255
-680.013289036545,0.06190070916711554
-679.9933554817276,0.06358742866956335
-679.9734219269103,0.06522998534931096
-679.953488372093,0.0668254073117926
-679.9335548172758,0.06837093196620839
-679.9136212624585,0.06986398635104425
-679.8936877076412,0.0713021708586807
-679.873754152824,0.07268324575240771
-679.8538205980067,0.07400511998215989
-679.8338870431894,0.0752658418966705
-679.8139534883721,0.0764635915235696
-679.7940199335549,0.07759667414854451
-679.7740863787376,0.07866351497306615
-679.7541528239203,0.07966265466929733
-679.7342192691029,0.08059274568272069
-679.7142857142858,0.0814525491589847
-679.6943521594685,0.08224093239279065
-679.6744186046512,0.08295686671416423
-679.654485049834,0.0835994257418144
-679.6345514950166,0.0841677839454283
-679.6146179401994,0.08466121546866903
-679.594684385382,0.08507909317309041
-679.5747508305649,0.08542088787036269
-679.5548172757475,0.08568616771638175
-679.5348837209302,0.08587459774594365
-679.5149501661131,0.0859859395317061
-679.4950166112957,0.08602005095497381
-679.4750830564785,0.0859768860799297
-679.4551495016611,0.0858564951265002
-679.4352159468439,0.08565902454038246
-679.4152823920266,0.08538471716231037
-679.3953488372093,0.08503391250207702
-679.375415282392,0.084607047126415
-679.3554817275748,0.08410465517379599
-679.3355481727575,0.08352736901347836
-679.3156146179402,0.08287592007089593
-679.295681063123,0.08215113984699186
-679.2757475083057,0.08135396116535344
-679.2558139534884,0.08048541968843888
-679.235880398671,0.07954665575281535
-679.2159468438539,0.07853891658386652
-679.1960132890366,0.07746355896260146
-679.1760797342193,0.076322052432476
-679.1561461794021,0.07511598315206512
-679.1362126245847,0.07384705852174295
-679.1162790697675,0.07251711273936587
-679.0963455149501,0.07112811347327005
-679.076411960133,0.06968216988166284
-679.0564784053156,0.06818154225761659
-679.0365448504983,0.06662865364128114
-679.0166112956812,0.06502610381761939
-678.9966777408638,0.06337668621335701
-678.9767441860466,0.06168340832440211
-678.9568106312292,0.059949516450710526
-678.936877076412,0.058178525693984316
-678.9169435215947,0.05637425639221426
-678.8970099667774,0.05454087842795581
-678.8770764119602,0.05268296515959495
-678.8571428571429,0.05080555908367416
-678.8372093023256,0.048914251729982136
-678.8172757475083,0.0470152806849672
-678.7973421926911,0.04511564696093062
-678.7774086378738,0.043223256036754656
-678.7574750830565,0.04134708553520187
-678.7375415282393,0.039497381230727976
-678.717607973422,0.037685880178598516
-678.6976744186046,0.035926054110469445
-678.6777408637874,0.03423335629312354
-678.6578073089702,0.03262543892009195
-678.6378737541529,0.031122284259251867
-678.6179401993356,0.029746161699434854
-678.5980066445183,0.028521290297411277
-678.5780730897011,0.027473067981284623
-678.5581395348837,0.026626752221253117
-678.5382059800666,0.026005576365327986
-678.5182724252492,0.025628474886666308
-678.4983388704319,0.02550782428168226
-678.4784053156147,0.025647763000050186
-678.4584717607974,0.02604359425327974
-678.4385382059802,0.026682466303433704
-678.4186046511628,0.027545108866241806
-678.3986710963455,0.028608109354889603
-678.3787375415283,0.029846170770299076
-678.358803986711,0.03123395967238587
-678.3388704318937,0.03274738615519874
-678.3189368770765,0.034364341213099586
-678.2990033222592,0.0360650102424912
-678.2790697674419,0.03783190114045521
-678.2591362126246,0.03964970533361691
-678.2392026578074,0.04150507729590153
-678.2192691029901,0.04338638744432057
-678.1993355481727,0.04528348001346458
-678.1794019933556,0.04718745186681301
-678.1594684385382,0.049090458607508526
-678.139534883721,0.050985548936508175
-678.1196013289037,0.05286652544355127
-678.0996677740864,0.05472782882499913
-678.0797342192692,0.05656444220406301
-678.0598006644518,0.05837181235738289
-678.0398671096347,0.060145784981042644
-678.0199335548173,0.061882551524188756
-678.0,0.06357860550969785
-677.9800664451828,0.06523070661706439
-677.9601328903655,0.06683585111090436
-677.9401993355483,0.06839124745832739
-677.9202657807309,0.0698942961936678
-677.9003322259136,0.0713425732650358
-677.8803986710964,0.07273381624061095
-677.8604651162791,0.07406591286844359
-677.8405315614618,0.07533689157736213
-677.8205980066446,0.07654491358239228
-677.8006644518273,0.07768826631915099
-677.78073089701,0.07876535798142088
-677.7607973421927,0.07977471297616434
-677.7408637873755,0.08071496814293183
-677.7209302325582,0.08158486961134725
-677.7009966777408,0.0823832701920625
-677.6810631229237,0.08310912721456712
-677.6611295681063,0.08376150073999267
-677.6411960132891,0.084339552089344
-677.6212624584718,0.08484254263785407
-677.6013289036545,0.08526983283469482
-677.5813953488373,0.08562088141468585
-677.5614617940199,0.08589524477476934
-677.5415282392028,0.08609257649351958
-677.5215946843854,0.08621262697669989
-677.5016611295681,0.08625524321604489
-677.4817275747508,0.08622036865247991
-677.4617940199336,0.08610804313846757
-677.4418604651164,0.08591840299775055
-677.421926910299,0.08565168118415846
-677.4019933554817,0.08530820754456468
-677.3820598006645,0.08488840919480849
-677.3621262458472,0.08439281102120391
-677.3421926910299,0.08382203632448118
-677.3222591362127,0.08317680762782605
-677.3023255813953,0.08245794767596454
-677.2823920265781,0.08166638065864698
-677.2624584717609,0.08080313369889336
-677.2425249169436,0.07986933865519934
-677.2225913621263,0.0788662342969018
-677.2026578073089,0.07779516892430367
-677.1827242524918,0.07665760351965747
-677.1627906976744,0.07545511553322426
-677.1428571428572,0.07418940343002436
-677.1229235880398,0.07286229214974516
-677.1029900332226,0.07147573966448315
-677.0830564784054,0.07003184485916694
-677.063122923588,0.06853285700880052
-677.0431893687709,0.06698118718748908
-677.0232558139535,0.06537942201963332
-677.0033222591362,0.06373034027705139
-676.9833887043189,0.0620369329411171
-676.9634551495017,0.06030242749172835
-676.9435215946845,0.05853031736025096
-676.9235880398671,0.05672439769806461
-676.9036544850499,0.05488880887129229
-676.8837209302326,0.05302808940018745
-676.8637873754153,0.05114724041726315
-676.843853820598,0.04925180411090072
-676.8239202657808,0.04734795901944812
-676.8039867109635,0.04544263537801628
-676.7840531561462,0.04354365386327689
-676.764119601329,0.041659890790226105
-676.7441860465117,0.03980147167069633
-676.7242524916944,0.03797999235822243
-676.7043189368771,0.03620876170989312
-676.6843853820599,0.03450305027504073
-676.6644518272425,0.032880314103194794
-676.6445182724253,0.03136033970503143
-676.624584717608,0.02996522563211311
-676.6046511627908,0.028719083064956647
-676.5847176079735,0.02764731655145259
-676.5647840531561,0.02677536345872777
-676.544850498339,0.02612686082707237
-676.5249169435216,0.025721389170150107
-676.5049833887044,0.025572177136307505
-676.485049833887,0.025684324118948096
-676.4651162790698,0.026054066321176933
-676.4451827242525,0.026669324442628525
-676.4252491694352,0.02751135387157453
-676.4053156146181,0.028556999490915846
-676.3853820598007,0.029780986922883574
-676.3654485049834,0.031157833123062677
-676.3455149501661,0.03266319339355258
-676.3255813953489,0.034274654837368884
-676.3056478405316,0.03597208958439639
-676.2857142857143,0.03773770722302762
-676.265780730897,0.03955592839655291
-676.2458471760798,0.04141316903776282
-676.2259136212625,0.043297593306147124
-676.2059800664452,0.04519886904772366
-676.186046511628,0.04710794313639537
-676.1661129568106,0.04901684386959493
-676.1461794019934,0.05091851179166638
-676.126245847176,0.05280665732301003
-676.1063122923589,0.054675642250431755
-676.0863787375415,0.0565203817466654
-676.0664451827242,0.0583362636833258
-676.0465116279071,0.06011908231925502
-676.0265780730897,0.061864983840208866
-676.0066445182725,0.06357042162138861
-675.9867109634552,0.06523211944581746
-675.9667774086379,0.06684704122673538
-675.9468438538206,0.06841236604760102
-675.9269102990033,0.06992546755411645
-675.9069767441861,0.07138389691310784
-675.8870431893688,0.07278536870022946
-675.8671096345515,0.07412774919741318
-675.8471760797343,0.07540904667736308
-675.827242524917,0.0766274033299207
-675.8073089700997,0.07778108854826096
-675.7873754152824,0.07886849334339098
-675.7674418604652,0.079888125696865
-675.7475083056479,0.08083860669504084
-675.7275747508306,0.08171866731556514
-675.7076411960134,0.0825271457590323
-675.6877076411961,0.08326298523724576
-675.6677740863788,0.08392523214449578
-675.6478405315615,0.08451303455101293
-675.6279069767442,0.08502564096799804
-675.607973421927,0.08546239934266237
-675.5880398671096,0.08582275624890522
-675.5681063122925,0.0861062562459144
-675.5481727574752,0.08631254138215982
-675.5282392026578,0.08644135082735996
-675.5083056478406,0.08649252061910821
-675.4883720930233,0.08646598351494454
-675.4684385382061,0.08636176894415039
-675.4485049833887,0.08618000305718113
-675.4285714285714,0.08592090887397003
-675.4086378737542,0.08558480653597511
-675.3887043189369,0.08517211367018829
-675.3687707641197,0.08468334587752412
-675.3488372093024,0.08411911736182594
-675.3289036544851,0.08348014172080882
-675.3089700996678,0.08276723292526865
-675.2890365448505,0.08198130651920815
-675.2691029900333,0.08112338108063265
-675.249169435216,0.08019457999124346
-675.2292358803986,0.07919613357322154
-675.2093023255815,0.07812938166338379
-675.1893687707642,0.07699577670941792
-675.1694352159469,0.07579688749045074
-675.1495016611296,0.07453440358542592
-675.1295681063123,0.0732101407389189
-675.1096345514951,0.07182604730577768
-675.0897009966777,0.07038421199526466
-675.0697674418606,0.06888687318368125
-675.0498338870432,0.06733643012416651
-675.0299003322259,0.06573545645613517
-675.0099667774087,0.06408671650852318
-674.9900332225914,0.062393185003831626
-674.9700996677742,0.060658070910159435
-674.9501661129568,0.05888484636025195
-674.9302325581396,0.05707728176738827
-674.9102990033223,0.05523948852263409
-674.890365448505,0.05337597096164292
-674.8704318936877,0.05149168964124736
-674.8504983388705,0.049592138357376685
-674.8305647840532,0.0476834377379164
-674.8106312292359,0.045772448594913605
-674.7906976744187,0.043866908395747
-674.7707641196014,0.04197559398673066
-674.7508305647841,0.040108512677510554
-674.7308970099667,0.03827712131653559
-674.7109634551496,0.03649456802972248
-674.6910299003322,0.03477594238252264
-674.671096345515,0.03313850500266781
-674.6511627906978,0.03160184543594559
-674.6312292358804,0.030187887012910086
-674.6112956810632,0.028920624059597826
-674.5913621262458,0.027825453038985953
-674.5714285714287,0.026927970773425527
-674.5514950166113,0.026252193935033426
-674.531561461794,0.025818326160247027
-674.5116279069769,0.025640432984658096
-674.4916943521595,0.02572457281163567
-674.4717607973423,0.026067928055060984
-674.4518272425249,0.026659216940092934
-674.4318936877077,0.02748025072293126
-674.4119601328904,0.02850816008379248
-674.3920265780731,0.029717715129955746
-674.3720930232558,0.031083297095727904
-674.3521594684386,0.03258031316880059
-674.3322259136213,0.03418604787033523
-674.312292358804,0.03588005795737635
-674.2923588039868,0.03764425077659437
-674.2724252491695,0.03946277153209829
-674.2524916943522,0.041321792913936575
-674.2325581395348,0.043209268442036826
-674.2126245847177,0.0451146856740676
-674.1926910299003,0.047028838120020844
-674.1727574750831,0.04894362390183375
-674.1528239202659,0.05085187299133308
-674.1328903654485,0.05274720161678976
-674.1129568106313,0.05462389096535504
-674.0930232558139,0.05647678684663052
-674.0730897009968,0.0583012170439747
-674.0531561461794,0.06009292338449606
-674.0332225913621,0.06184800595099873
-674.0132890365448,0.06356287725844961
-673.9933554817276,0.0652342245852516
-673.9734219269104,0.0668589789709206
-673.953488372093,0.06843428966372551
-673.9335548172758,0.06995750302779095
-673.9136212624585,0.0714261451043933
-673.8936877076412,0.07283790717298938
-673.873754152824,0.07419063377976508
-673.8538205980067,0.07548231280027524
-673.8338870431894,0.07671106718247421
-673.8139534883721,0.07787514808098626
-673.7940199335549,0.07897292914561423
-673.7740863787376,0.08000290176931377
-673.7541528239203,0.0809636711352875
-673.734219269103,0.08185395293074835
-673.7142857142858,0.0826725706179625
-673.6943521594684,0.0834184531717465
-673.6744186046512,0.08409063320836802
-673.6544850498339,0.0846882454433038
-673.6345514950167,0.0852105254264216
-673.6146179401994,0.0856568085116968
-673.594684385382,0.08602652902655086
-673.5747508305649,0.08631921961209713
-673.5548172757475,0.08653451071139755
-673.5348837209303,0.08667213018761197
-673.514950166113,0.08673190305831326
-673.4950166112957,0.08671375133625929
-673.4750830564785,0.08661769397058726
-673.4551495016611,0.08644384688589694
-673.435215946844,0.0861924231201199
-673.4152823920266,0.08586373306561322
-673.3953488372093,0.08545818482144675
-673.375415282392,0.0849762846687252
-673.3554817275748,0.08441863768495692
-673.3355481727575,0.083785948518061
-673.3156146179402,0.0830790223460214
-673.295681063123,0.08229876605404535
-673.2757475083057,0.08144618966838406
-673.2558139534884,0.08052240809401962
-673.2358803986712,0.07952864321356076
-673.2159468438539,0.07846622641624663
-673.1960132890365,0.07733660164041223
-673.1760797342193,0.07614132902970883
-673.156146179402,0.07488208932456232
-673.1362126245848,0.0735606891356105
-673.1162790697675,0.07217906727738259
-673.0963455149501,0.07073930237867672
-673.076411960133,0.06924362203374147
-673.0564784053156,0.06769441381662239
-673.0365448504984,0.06609423855364659
-673.0166112956811,0.06444584633847114
-672.9966777408638,0.06275219588519297
-672.9767441860465,0.06101647795211265
-672.9568106312292,0.059242143737605814
-672.9368770764121,0.057432939356333194
-672.9169435215947,0.05559294775484165
-672.8970099667774,0.05372663972469811
-672.8770764119602,0.051838936019823346
-672.8571428571429,0.04993528297428572
-672.8372093023256,0.04802174442184076
-672.8172757475083,0.046105113081459266
-672.7973421926911,0.044193044778351974
-672.7774086378738,0.04229421870385602
-672.7574750830565,0.040418526005533875
-672.7375415282393,0.03857728671611606
-672.717607973422,0.03678349039313543
-672.6976744186047,0.035052047418478186
-672.6777408637874,0.03340002386328498
-672.6578073089701,0.03184681135420035
-672.6378737541529,0.03041415400955411
-672.6179401993355,0.029125920853271627
-672.5980066445184,0.028007486159521394
-672.5780730897011,0.02708458626532518
-672.5581395348837,0.026381593553048734
-672.5382059800666,0.025919311385700052
-672.5182724252492,0.025712625761515034
-672.498338870432,0.0257685505862122
-672.4784053156146,0.026085226244050512
-672.4584717607974,0.0266521927288853
-672.4385382059801,0.02745184732196497
-672.4186046511628,0.028461635433312867
-672.3986710963457,0.02965639442364096
-672.3787375415283,0.031010384580172492
-672.358803986711,0.03249877235283763
-672.3388704318937,0.034098541449624584
-672.3189368770765,0.03578893139741558
-672.2990033222592,0.03755154346502301
-672.2790697674419,0.03937024276259752
-672.2591362126246,0.041230953984475835
-672.2392026578074,0.04312141555399997
-672.2192691029901,0.04503093075969887
-672.1993355481728,0.04695013629558868
-672.1794019933556,0.04887079716834085
-672.1594684385382,0.050785630300560346
-672.139534883721,0.052688155654005996
-672.1196013289036,0.054572572082779915
-672.0996677740865,0.0564336545847369
-672.0797342192692,0.058266669641933694
-672.0598006644518,0.060067305630556775
-672.0398671096347,0.06183161567039133
-672.0199335548173,0.06355597068665297
-672.0000000000001,0.06523702083073517
-671.9800664451827,0.06687166373419426
-671.9601328903655,0.0684570183485258
-671.9401993355482,0.06999040335481709
-671.9202657807309,0.0714693193172432
-671.9003322259138,0.07289143390913404
-671.8803986710964,0.07425456966588198
-671.8604651162791,0.0755566938201682
-671.8405315614618,0.07679590985714245
-671.8205980066446,0.07797045049309805
-671.8006644518273,0.07907867183493744
-671.78073089701,0.0801190485208623
-671.7607973421926,0.08109016967824663
-671.7408637873755,0.08199073556299168
-671.7209302325582,0.08281955476849913
-671.7009966777409,0.08357554191126351
-671.6810631229237,0.08425771571635218
-671.6611295681063,0.08486519743877709
-671.6411960132891,0.0853972095680283
-671.6212624584717,0.08585307477202767
-671.6013289036546,0.08623221504458423
-671.5813953488372,0.08653415102700486
-671.5614617940199,0.08675850148027386
-671.5415282392028,0.08690498288917402
-671.5215946843854,0.0869734091840625
-671.5016611295682,0.0869636915703158
-671.4817275747508,0.08687583845880327
-671.4617940199336,0.08670995549455597
-671.4418604651163,0.08646624568424571
-671.421926910299,0.08614500962637539
-671.4019933554817,0.08574664585192587
-671.3820598006645,0.08527165128678141
-671.3621262458472,0.08472062185158284
-671.3421926910299,0.0840942532190923
-671.3222591362127,0.08339334175455576
-671.3023255813954,0.08261878567031918
-671.2823920265781,0.08177158643302972
-671.2624584717607,0.08085285046996776
-671.2425249169436,0.07986379123060822
-671.2225913621262,0.07880573167134267
-671.202657807309,0.07768010724505926
-671.1827242524918,0.07648846949425911
-671.1627906976744,0.07523249036690643
-671.1428571428572,0.07391396739925297
-671.1229235880398,0.07253482994054905
-671.1029900332227,0.07109714663224911
-671.0830564784053,0.06960313440074553
-671.063122923588,0.06805516928010938
-671.0431893687709,0.06645579945210513
-671.0232558139535,0.06480776097879538
-671.0033222591363,0.0631139968116533
-670.9833887043189,0.06137767979555464
-670.9634551495017,0.05960224055193034
-670.9435215946844,0.0577914013280942
-670.9235880398671,0.05594921714667261
-670.9036544850499,0.054080125883650305
-670.8837209302326,0.05218900924842724
-670.8637873754153,0.05028126702671391
-670.843853820598,0.04836290735448205
-670.8239202657808,0.0464406561650982
-670.8039867109635,0.0445220891842933
-670.7840531561462,0.04261578973804092
-670.764119601329,0.04073153483225833
-670.7441860465117,0.03888050986579211
-670.7242524916943,0.037075548007734015
-670.7043189368771,0.03533138231858937
-670.6843853820599,0.03366488531245256
-670.6644518272426,0.03209524998301682
-670.6445182724253,0.030644037621477112
-670.624584717608,0.029334984017468455
-670.6046511627908,0.028193427747569527
-670.5847176079734,0.0272452252388226
-670.5647840531562,0.026515080842451206
-670.5448504983389,0.026024373832403913
-670.5249169435216,0.025788793133839177
-670.5049833887044,0.025816303078092316
-670.485049833887,0.02610601226816154
-670.4651162790699,0.026648305779220605
-670.4451827242525,0.027426196957394237
-670.4252491694352,0.028417475437199767
-670.405315614618,0.029597069504253518
-670.3853820598007,0.030939134189779553
-670.3654485049834,0.03241860331746804
-670.3455149501661,0.034012162043224374
-670.3255813953489,0.0356987310810576
-670.3056478405316,0.03745960189966319
-670.2857142857143,0.03927835487165712
-670.2657807308971,0.04114066189644407
-670.2458471760798,0.0430340417709126
-670.2259136212624,0.044947609452830446
-670.2059800664452,0.04687184128971144
-670.1860465116279,0.048798366161981514
-670.1661129568107,0.050719785404239125
-670.1461794019934,0.052629520584371564
-670.126245847176,0.05452168644559056
-670.1063122923589,0.056390985688300324
-670.0863787375415,0.058232622249421
-670.0664451827244,0.06004223000951806
-670.046511627907,0.06181581424409536
-670.0265780730897,0.0635497035414619
-670.0066445182724,0.06524051028888694
-669.9867109634552,0.06688509816332708
-669.966777408638,0.06848055534748325
-669.9468438538206,0.07002417242908214
-669.9269102990033,0.07151342413605064
-669.9069767441861,0.07294595421915116
-669.8870431893688,0.07431956292221624
-669.8671096345515,0.07563219658440942
-669.8471760797343,0.07688193900281015
-669.827242524917,0.0780670042517443
-669.8073089700997,0.0791857307100191
-669.7873754152824,0.0802365760918532
-669.7674418604652,0.08121811331329747
-669.7475083056479,0.08212902705549474
-669.7275747508306,0.08296811091007121
-669.7076411960134,0.08373426501168792
-669.687707641196,0.084426494079028
-669.6677740863788,0.08504390579897725
-669.6478405315615,0.08558570949986459
-669.6279069767443,0.08605121506903107
-669.607973421927,0.08643983207796911
-669.5880398671096,0.086751069084911
-669.5681063122925,0.0869845330906442
-669.5481727574751,0.08713992912832037
-669.5282392026579,0.08721705997262237
-669.5083056478405,0.0872158259576217
-669.4883720930233,0.08713622489650749
-669.4684385382061,0.08697835209983659
-669.4485049833887,0.08674240049257181
-669.4285714285716,0.08642866083345005
-669.4086378737542,0.08603752204405614
-669.3887043189369,0.0855694716584894
-669.3687707641196,0.08502509640886764
-669.3488372093024,0.08440508296633441
-669.3289036544851,0.08371021886237251
-669.3089700996678,0.08294139362122634
-669.2890365448505,0.08209960014098111
-669.2691029900333,0.08118593636898146
-669.249169435216,0.08020160732681228
-669.2292358803987,0.07914792755143289
-669.2093023255815,0.07802632403284694
-669.1893687707641,0.0768383397452042
-669.1694352159469,0.07558563788847278
-669.1495016611295,0.0742700069822629
-669.1295681063124,0.07289336698362331
-669.1096345514951,0.0714577766374926
-669.0897009966777,0.06996544231404976
-669.0697674418606,0.06841872864345203
-669.0498338870432,0.06682017132797242
-669.029900332226,0.06517249259764839
-669.0099667774086,0.06347861988214973
-668.9900332225914,0.061741708403450425
-668.9700996677741,0.05996516855641887
-668.9501661129568,0.058152699143825155
-668.9302325581397,0.056308327774745245
-668.9102990033223,0.054436460025805156
-668.890365448505,0.05254193930556625
-668.8704318936877,0.05063011974745233
-668.8504983388705,0.04870695486571369
-668.8305647840532,0.04677910509247579
-668.8106312292359,0.04485406757165246
-668.7906976744187,0.04294033152842113
-668.7707641196014,0.04104756182630288
-668.7508305647841,0.039186811402108786
-668.7308970099668,0.037370759229906965
-668.7109634551496,0.03561396296698291
-668.6910299003322,0.033933102695778504
-668.671096345515,0.032347172292730736
-668.6511627906976,0.030877546971419596
-668.6312292358805,0.029547821862500573
-668.6112956810632,0.028383286935979284
-668.5913621262458,0.027409899828722162
-668.5714285714287,0.026652673358709193
-668.5514950166113,0.02613353855670004
-668.5315614617941,0.025868968700810586
-668.5116279069767,0.025867871929123428
-668.4916943521595,0.026130333762754317
-668.4717607973422,0.02664760665559138
-668.4518272425249,0.027403349851000094
-668.4318936877078,0.028375727204215388
-668.4119601328904,0.02953978247916935
-668.3920265780731,0.030869582067502052
-668.3720930232558,0.03233983603478258
-668.3521594684386,0.03392693376121035
-668.3322259136213,0.035609475857535704
-668.312292358804,0.03736844039550562
-668.2923588039866,0.03918711838392559
-668.2724252491695,0.04105092408431705
-668.2524916943522,0.0429471520646498
-668.232558139535,0.04486472480861453
-668.2126245847177,0.04679395470688077
-668.1926910299003,0.04872633143000664
-668.1727574750831,0.050654338122337904
-668.1528239202657,0.05257129577647091
-668.1328903654486,0.05447123320141446
-668.1129568106312,0.05634877927656439
-668.0930232558139,0.0581990741185256
-668.0730897009968,0.06001769604153242
-668.0531561461794,0.061800601574025185
-668.0332225913622,0.06354407620232867
-668.0132890365448,0.06524469389754903
-667.9933554817276,0.06689928382292637
-667.9734219269103,0.06850490290979835
-667.953488372093,0.07005881323323947
-667.9335548172758,0.07155846331818798
-667.9136212624585,0.07300147266982003
-667.8936877076412,0.07438561895402705
-667.873754152824,0.07570882736080606
-667.8538205980067,0.07696916176957487
-667.8338870431894,0.07816481740518981
-667.8139534883721,0.079294114729779
-667.7940199335549,0.08035549436120795
-667.7740863787376,0.08134751284594907
-667.7541528239202,0.0822688391443734
-667.734219269103,0.08311825171110726
-667.7142857142858,0.08389463607325706
-667.6943521594685,0.0845969828259691
-667.6744186046512,0.0852243859784643
-667.6544850498339,0.0857760415953367
-667.6345514950167,0.08625124668716791
-667.6146179401993,0.08664939831285563
-667.5946843853822,0.0869699928627887
-667.5747508305649,0.08721262549798076
-667.5548172757475,0.08737698972537325
-667.5348837209303,0.08746287709412748
-667.514950166113,0.08747017700183096
-667.4950166112958,0.08739887660335752
-667.4750830564784,0.08724906081866493
-667.4551495016611,0.08702091243938027
-667.4352159468439,0.08671471233742756
-667.4152823920266,0.08633083978253575
-667.3953488372094,0.08586977287935418
-667.375415282392,0.0853320891387476
-667.3554817275748,0.08471846620264889
-667.3355481727575,0.08402968274664235
-667.3156146179402,0.08326661959053436
-667.295681063123,0.0824302610537305
-667.2757475083057,0.08152169660028809
-667.2558139534883,0.08054212282790735
-667.2358803986712,0.07949284586626222
-667.2159468438539,0.07837528426367031
-667.1960132890366,0.07719097245731746
-667.1760797342193,0.07594156494203688
-667.156146179402,0.07462884127680706
-667.1362126245848,0.07325471209759081
-667.1162790697674,0.07182122634145763
-667.0963455149503,0.07033057993145447
-667.0764119601329,0.0687851262269929
-667.0564784053156,0.06718738861246903
-667.0365448504984,0.06554007568139425
-667.0166112956811,0.0638460995776918
-666.9966777408639,0.06210859818516586
-666.9767441860465,0.06033096201561073
-666.9568106312292,0.05851686684168787
-666.936877076412,0.05667031335922074
-666.9169435215947,0.05479567544957632
-666.8970099667774,0.05289775894961353
-666.8770764119602,0.050981873219239665
-666.8571428571429,0.04905391820677458
-666.8372093023256,0.04712049010432708
-666.8172757475083,0.045189008966272
-666.7973421926911,0.043267871655670406
-666.7774086378738,0.041366632870240644
-666.7574750830565,0.03949621524378778
-666.7375415282393,0.03766914575743761
-666.7176079734219,0.035899808631857336
-666.6976744186047,0.03420469275782951
-666.6777408637874,0.03260259262420136
-666.6578073089702,0.031114694462345757
-666.6378737541529,0.029764445809103875
-666.6179401993355,0.028577075710562904
-666.5980066445184,0.02757862469053752
-666.578073089701,0.02679439081393216
-666.5581395348838,0.026246832443912273
-666.5382059800664,0.025953187667645473
-666.5182724252492,0.02592330030074359
-666.498338870432,0.026158239906499774
-666.4784053156146,0.02665014752874508
-666.4584717607975,0.027383357855740188
-666.4385382059801,0.02833643941191972
-666.4186046511628,0.029484576864268894
-666.3986710963455,0.030801765524753548
-666.3787375415283,0.032262501355820115
-666.3588039867111,0.03384288128293173
-666.3388704318937,0.0355211848378091
-666.3189368770765,0.037278073237898036
-666.2990033222592,0.03909654352662464
-666.2790697674419,0.04096174744355236
-666.2591362126246,0.042860750652424034
-666.2392026578074,0.044782278936062035
-666.21926910299,0.046716477035689825
-666.1993355481728,0.04865469225315804
-666.1794019933556,0.0505892868743438
-666.1594684385383,0.052513479078737074
-666.139534883721,0.05442120987043399
-666.1196013289036,0.056307032744754515
-666.0996677740865,0.058166022689913416
-666.0797342192691,0.059993701355907605
-666.0598006644519,0.061785975598753325
-666.0398671096345,0.06353908701896066
-666.0199335548173,0.06524957050375706
-666.0000000000001,0.06691422013038906
-665.9800664451827,0.06853006108520165
-665.9601328903656,0.07009432650196194
-665.9401993355482,0.07160443832783936
-665.9202657807309,0.07305799149251246
-665.9003322259136,0.07445274079156786
-665.8803986710964,0.07578659000503243
-665.8604651162791,0.07705758286047845
-665.8405315614618,0.07826389552174026
-665.8205980066446,0.0794038303420788
-665.8006644518273,0.0804758106674135
-665.78073089701,0.08147837651342613
-665.7607973421927,0.0824101809710437
-665.7408637873755,0.08326998722021153
-665.7209302325581,0.08405666605254063
-665.7009966777409,0.08476919382032552
-665.6810631229235,0.0854066507436668
-665.6611295681064,0.08596821951901996
-665.6411960132891,0.08645318418228971
-665.6212624584717,0.08686092918783994
-665.6013289036546,0.08719093867190361
-665.5813953488372,0.08744279587467686
-665.56146179402,0.0876161827008662
-665.5415282392026,0.08771087940291654
-665.5215946843854,0.08772676437542093
-665.5016611295681,0.08766381405303864
-665.4817275747508,0.0875221029077584
-665.4617940199337,0.08730180354506757
-665.4418604651163,0.08700318690180785
-665.421926910299,0.08662662255230408
-665.4019933554817,0.08617257913293525
-665.3820598006645,0.08564162489946046
-665.3621262458472,0.08503442843590285
-665.3421926910299,0.08435175953871049
-665.3222591362127,0.08359449030580411
-665.3023255813954,0.08276359646665693
-665.2823920265781,0.08186015899752669
-665.2624584717609,0.08088536607504823
-665.2425249169436,0.07984051543250817
-665.2225913621262,0.07872701719643264
-665.202657807309,0.07754639729698515
-665.1827242524917,0.07630030156521816
-665.1627906976745,0.0749905006538024
-665.1428571428572,0.07361889594686581
-665.1229235880398,0.07218752666011842
-665.1029900332227,0.07069857837616558
-665.0830564784053,0.06915439331403332
-665.0631229235881,0.06755748269860026
-665.0431893687708,0.06591054167851253
-665.0232558139535,0.0642164673434285
-665.0033222591362,0.06247838051827922
-664.9833887043189,0.06069965216867805
-664.9634551495018,0.05888393544373195
-664.9435215946844,0.05703520461678734
-664.9235880398671,0.0551578024665551
-664.9036544850499,0.05325649797352898
-664.8837209302326,0.05133655658648805
-664.8637873754153,0.04940382572439644
-664.843853820598,0.047464838578617545
-664.8239202657808,0.04552693958217126
-664.8039867109635,0.04359843495008304
-664.7840531561462,0.041688771169221074
-664.764119601329,0.039808742717143686
-664.7441860465117,0.037970726792243205
-664.7242524916944,0.0361889361912362
-664.7043189368771,0.034479669962841256
-664.6843853820598,0.032861523143900555
-664.6644518272426,0.03135549041434844
-664.6445182724252,0.0299848652626083
-664.6245847176081,0.028774804083388787
-664.6046511627908,0.027751412538564033
-664.5847176079734,0.026940251045118463
-664.5647840531562,0.026364280668583314
-664.5448504983389,0.02604148385311959
-664.5249169435217,0.02598263047466663
-664.5049833887043,0.026189779647931795
-664.485049833887,0.026655981042450497
-664.4651162790698,0.027366273955886585
-664.4451827242525,0.028299662413530578
-664.4252491694353,0.02943149825654592
-664.405315614618,0.030735724231032012
-664.3853820598007,0.03218663266637821
-664.3654485049834,0.03376003193008919
-664.3455149501661,0.035433879839927275
-664.3255813953489,0.037188517459976415
-664.3056478405316,0.03900664330344025
-664.2857142857142,0.040873141669840865
-664.2657807308971,0.0427748445742686
-664.2458471760798,0.04470027679019018
-664.2259136212625,0.04663941163509033
-664.2059800664452,0.04858345080801242
-664.1860465116279,0.0505246330019629
-664.1661129568107,0.052456071288839716
-664.1461794019933,0.054371616949336385
-664.1262458471762,0.056265746491747905
-664.1063122923589,0.05813346843480693
-664.0863787375415,0.059970246638967016
-664.0664451827244,0.06177193733972851
-664.046511627907,0.06353473744907215
-664.0265780730898,0.06525514208692165
-664.0066445182724,0.0669299096590966
-663.9867109634552,0.06855603310219925
-663.9667774086379,0.0701307161706388
-663.9468438538206,0.07165135385102357
-663.9269102990035,0.0731155161607719
-663.9069767441861,0.07452093472684027
-663.8870431893688,0.07586549165327301
-663.8671096345515,0.07714721027707622
-663.8471760797343,0.07836424748551679
-663.827242524917,0.079514887327165
-663.8073089700997,0.08059753569721341
-663.7873754152824,0.08161071591642627
-663.7674418604652,0.08255306505496358
-663.7475083056479,0.08342333087797385
-663.7275747508306,0.08422036931136184
-663.7076411960134,0.08494314234323283
-663.6877076411961,0.08559071629112969
-663.6677740863788,0.0861622603771508
-663.6478405315614,0.08665704556287235
-663.6279069767443,0.08707444360460584
-663.6079734219269,0.08741392629653959
-663.5880398671097,0.08767506487553063
-663.5681063122925,0.08785752956661351
-663.5481727574751,0.08796108925296722
-663.5282392026579,0.0879856112583923
-663.5083056478405,0.08793106123414043
-663.4883720930234,0.08779750314566903
-663.468438538206,0.08758509935830401
-663.4485049833887,0.08729411082441783
-663.4285714285714,0.0869248973781905
-663.4086378737542,0.08647791814781404
-663.388704318937,0.08595373209897826
-663.3687707641196,0.085352998728026
-663.3488372093024,0.0846764789279191
-663.3289036544851,0.08392503605613137
-663.3089700996678,0.08309963723986345
-663.2890365448505,0.08220135496190834
-663.2691029900333,0.08123136897946823
-663.2491694352159,0.0801909686391254
-663.2292358803987,0.07908155566420329
-663.2093023255815,0.07790464750641857
-663.1893687707642,0.07666188137288088
-663.1694352159469,0.07535501906262605
-663.1495016611295,0.07398595277534799
-663.1295681063124,0.07255671208984377
-663.109634551495,0.07106947235258357
-663.0897009966778,0.06952656476982133
-663.0697674418604,0.06793048856207949
-663.0498338870432,0.06628392562102864
-663.029900332226,0.0645897582090286
-663.0099667774086,0.06285109036605284
-662.9900332225915,0.061071273841988856
-662.9700996677741,0.05925393956112678
-662.9501661129568,0.057403035855686464
-662.9302325581396,0.05552287498295143
-662.9102990033223,0.053618189768728404
-662.8903654485051,0.05169420259674942
-662.8704318936877,0.04975670937403701
-662.8504983388705,0.047812181508419635
-662.8305647840532,0.045867889255379636
-662.8106312292359,0.04393204987074425
-662.7906976744187,0.042014003562477246
-662.7707641196014,0.040124418783998264
-662.750830564784,0.03827552516516718
-662.7308970099668,0.03648136613088307
-662.7109634551496,0.03475805233696927
-662.6910299003323,0.03312397949583087
-662.671096345515,0.031599948484903786
-662.6511627906976,0.03020909275273418
-662.6312292358805,0.028976484895788197
-662.6112956810631,0.027928278548656846
-662.5913621262459,0.027090273949594727
-662.5714285714286,0.026485910097796144
-662.5514950166113,0.026133892507591135
-662.5315614617941,0.02604590605332599
-662.5116279069767,0.02622500328087635
-662.4916943521596,0.026665161279251483
-662.4717607973422,0.02735215265434134
-662.4518272425249,0.028265448087170325
-662.4318936877077,0.029380593689700207
-662.4119601328904,0.0306714991217379
-662.3920265780731,0.03211226439269102
-662.3720930232558,0.03367841381427478
-662.3521594684386,0.0353475832197122
-662.3322259136213,0.037099790394411074
-662.312292358804,0.038917430801642915
-662.2923588039868,0.0407851163520379
-662.2724252491695,0.04268944059863516
-662.2524916943521,0.04461872291364126
-662.232558139535,0.04656276133243822
-662.2126245847176,0.04851260863931278
-662.1926910299004,0.05046037713120175
-662.1727574750831,0.052399072418894514
-662.1528239202657,0.05432245409139128
-662.1328903654486,0.056224920025422336
-662.1129568106312,0.05810141089455871
-662.093023255814,0.05994733161572079
-662.0730897009967,0.0617584868320515
-662.0531561461794,0.06353102794452199
-662.0332225913621,0.06526140960580908
-662.0132890365448,0.06694635395105608
-661.9933554817277,0.06858282115075513
-661.9734219269103,0.07016798513201883
-661.953488372093,0.07169921352970285
-661.9335548172758,0.07317405110495419
-661.9136212624585,0.07459020601153489
-661.8936877076412,0.07594553840605504
-661.873754152824,0.07723805099146155
-661.8538205980067,0.07846588115863379
-661.8338870431894,0.07962729445192533
-661.8139534883721,0.08072067913358098
-661.7940199335549,0.08174454166229718
-661.7740863787376,0.08269750293332273
-661.7541528239203,0.0835782951543629
-661.734219269103,0.08438575925306743
-661.7142857142857,0.0851188427297852
-661.6943521594685,0.08577659788403859
-661.6744186046512,0.08635818035544343
-661.654485049834,0.08686284792980736
-661.6345514950167,0.08728995957011781
-661.6146179401993,0.0876389746390381
-661.5946843853822,0.08790945228601135
-661.5747508305648,0.08810105097747525
-661.5548172757476,0.0882135281533648
-661.5348837209302,0.08824673999748972
-661.514950166113,0.08820064131321095
-661.4950166112958,0.08807528549955394
-661.4750830564784,0.08787082462642873
-661.4551495016613,0.08758750961109057
-661.4352159468439,0.08722569050166022
-661.4152823920266,0.08678581687701416
-661.3953488372093,0.08626843837664638
-661.375415282392,0.08567420537824204
-661.3554817275748,0.08500386984577747
-661.3355481727575,0.08425828637655099
-661.3156146179402,0.08343841348191867
-661.295681063123,0.08254531514432045
-661.2757475083057,0.08158016270190811
-661.2558139534884,0.08054423712290103
-661.2358803986712,0.07943893174460817
-661.2159468438538,0.07826575556737683
-661.1960132890366,0.07702633721258725
-661.1760797342192,0.07572242967654501
-661.1561461794021,0.07435591603994086
-661.1362126245848,0.07292881632687821
-661.1162790697674,0.07144329574948591
-661.0963455149503,0.069901674625954
-661.0764119601329,0.06830644032422531
-661.0564784053157,0.06666026166291274
-661.0365448504983,0.06496600629938917
-661.0166112956811,0.06322676175699583
-660.9966777408638,0.06144586089367541
-660.9767441860465,0.059626912799624926
-660.9568106312294,0.0577738403376447
-660.936877076412,0.05589092581322043
-660.9169435215947,0.05398286658524583
-660.8970099667774,0.05205484280193071
-660.8770764119602,0.050112599856305284
-660.8571428571429,0.04816254856755541
-660.8372093023256,0.04621188643255063
-660.8172757475083,0.04426874341081334
-660.7973421926911,0.04234235533931085
-660.7774086378738,0.040443266762888855
-660.7574750830565,0.03858356195809067
-660.7375415282393,0.03677711706476403
-660.717607973422,0.0350398558873386
-660.6976744186047,0.0333899751231925
-660.6777408637873,0.0318480799022254
-660.6578073089702,0.03043713809379607
-660.6378737541529,0.029182127926945006
-660.6179401993356,0.028109234443337287
-660.5980066445184,0.027244475580599208
-660.578073089701,0.026611743437311257
-660.5581395348838,0.02623044455644537
-660.5382059800664,0.026113166353281772
-660.5182724252493,0.02626395704289555
-660.4983388704319,0.02667773861406351
-660.4784053156146,0.02734104511899447
-660.4584717607975,0.02823384529578787
-660.4385382059801,0.029331907412454807
-660.4186046511629,0.030609128487343533
-660.3986710963455,0.03203942838594901
-660.3787375415283,0.03359805249722141
-660.358803986711,0.035262314785502145
-660.3388704318937,0.037011906821281
-660.3189368770765,0.03882891655239924
-660.2990033222592,0.04069767852547471
-660.2790697674419,0.042604542950602634
-660.2591362126246,0.04453761932335162
-660.2392026578074,0.04648652645356304
-660.2192691029901,0.048442164819680895
-660.1993355481728,0.05039651744938889
-660.1794019933554,0.05234248007870475
-660.1594684385383,0.054273718585902256
-660.1395348837209,0.056184550529253925
-660.1196013289037,0.05806984732632096
-660.0996677740865,0.05992495376740079
-660.0797342192691,0.061745621907306654
-660.0598006644519,0.06352795679351779
-660.0398671096345,0.0652683718948888
-660.0199335548174,0.06696355246268024
-660.0,0.06861042537320138
-659.9800664451827,0.07020613426843697
-659.9601328903655,0.07174801903186706
-659.9401993355482,0.07323359881713182
-659.920265780731,0.07466055799401607
-659.9003322259136,0.07602673449482351
-659.8803986710964,0.07733011014017219
-659.8604651162791,0.07856880260060418
-659.8405315614618,0.07974105871292216
-659.8205980066446,0.08084524892093262
-659.8006644518273,0.08187986265104143
-659.7807308970099,0.08284350446675587
-659.7607973421927,0.08373489087314753
-659.7408637873755,0.08455284766473942
-659.7209302325582,0.0852963077284356
-659.7009966777409,0.08596430922829913
-659.6810631229235,0.08655599411142281
-659.6611295681064,0.0870706068846581
-659.641196013289,0.08750749362075637
-659.6212624584718,0.08786610115975718
-659.6013289036545,0.08814597647812925
-659.5813953488372,0.08834676620334163
-659.56146179402,0.08846821625672731
-659.5415282392026,0.08851017161158387
-659.5215946843855,0.08847257615759468
-659.5016611295681,0.08835547266622704
-659.4817275747508,0.08815900285548504
-659.4617940199336,0.08788340755572442
-659.4418604651163,0.08752902698190296
-659.4219269102991,0.08709630112135386
-659.4019933554817,0.08658577025010901
-659.3820598006645,0.08599807559515053
-659.3621262458472,0.08533396016485582
-659.3421926910299,0.08459426977550963
-659.3222591362127,0.0837799543079658
-659.3023255813954,0.08289206923630281
-659.282392026578,0.08193177747882396
-659.2624584717609,0.08090035163253603
-659.2425249169436,0.07979917666465693
-659.2225913621263,0.0786297531498941
-659.202657807309,0.07739370116068985
-659.1827242524917,0.07609276493989786
-659.1627906976745,0.07472881851288396
-659.1428571428571,0.07330387242932887
-659.12292358804,0.07182008186652106
-659.1029900332226,0.07027975637671839
-659.0830564784053,0.068685371624046
-659.0631229235881,0.06703958353441147
-659.0431893687708,0.06534524537826861
-659.0232558139536,0.06360542842561227
-659.0033222591362,0.06182344696014857
-658.9833887043189,0.06000288862138009
-658.9634551495017,0.05814765126554683
-658.9435215946844,0.05626198780527566
-658.9235880398671,0.054350560807451424
-658.9036544850499,0.05241850899890669
-658.8837209302326,0.05047152823851896
-658.8637873754153,0.048515969930700835
-658.843853820598,0.04655896020932383
-658.8239202657808,0.04460854337590469
-658.8039867109635,0.0426738527813513
-658.7840531561462,0.0407653111613877
-658.764119601329,0.03889485965465713
-658.7441860465116,0.03707620923439473
-658.7242524916944,0.03532509848142325
-658.7043189368771,0.03365952555932633
-658.6843853820599,0.03209989819727975
-658.6644518272426,0.030669013582204023
-658.6445182724252,0.02939174557206853
-658.6245847176081,0.028294294651260387
-658.6046511627907,0.027402874769897455
-658.5847176079735,0.026741806278379625
-658.5647840531561,0.02633117401400813
-658.5448504983389,0.026184454117555295
-658.5249169435217,0.02630669105280206
-658.5049833887043,0.0266937678038889
-658.4850498338872,0.027333007354692407
-658.4651162790698,0.02820490807679827
-658.4451827242525,0.02928548903931397
-658.4252491694352,0.03054865603917408
-658.405315614618,0.03196816186884729
-658.3853820598008,0.03351897879488375
-658.3654485049834,0.035178099446072836
-658.3455149501661,0.0369248864535686
-658.3255813953489,0.03874111585302207
-658.3056478405316,0.04061083983379233
-658.2857142857143,0.04252016031857801
-658.2657807308971,0.044456972368607066
-658.2458471760797,0.04641071153949578
-658.2259136212625,0.04837212253269881
-658.2059800664452,0.05033305616218418
-658.186046511628,0.05228629581405663
-658.1661129568107,0.05422541158483222
-658.1461794019933,0.056144638983910866
-658.1262458471762,0.05803877872584792
-658.1063122923588,0.05990311426122415
-658.0863787375416,0.0617333440356838
-658.0664451827242,0.06352552588007929
-658.046511627907,0.06527603134562951
-658.0265780730898,0.06698150817212656
-658.0066445182724,0.06863884940148586
-657.9867109634553,0.07024516792248915
-657.9667774086379,0.07179777545886847
-657.9468438538206,0.07329416519804652
-657.9269102990033,0.07473199740855013
-657.9069767441861,0.0761090875158902
-657.8870431893688,0.07742339620517598
-657.8671096345515,0.07867302119824036
-657.8471760797343,0.07985619041720363
-657.827242524917,0.08097125629840762
-657.8073089700997,0.08201669106264128
-657.7873754152824,0.08299108278195312
-657.7674418604652,0.08389313211099525
-657.7475083056479,0.08472164957390349
-657.7275747508306,0.08547555331621316
-657.7076411960132,0.08615386724696902
-657.6877076411961,0.08675571950879783
-657.6677740863788,0.08728034122457783
-657.6478405315615,0.08772706547814073
-657.6279069767443,0.08809532649421632
-657.6079734219269,0.08838465898911373
-657.5880398671097,0.08859469766949714
-657.5681063122923,0.08872517686129071
-657.5481727574752,0.08877593025538223
-657.5282392026578,0.08874689076063655
-657.5083056478405,0.08863809045856327
-657.4883720930234,0.08844966065752893
-657.468438538206,0.0881818320479381
-657.4485049833888,0.08783493496331299
-657.4285714285714,0.08740939975604084
-657.4086378737542,0.0869057573002738
-657.3887043189369,0.08632463963908045
-657.3687707641196,0.08566678079750063
-657.3488372093024,0.08493301778882117
-657.3289036544851,0.0841242918475888
-657.3089700996678,0.0832416499303096
-657.2890365448505,0.08228624653345355
-657.2691029900333,0.08125934588871836
-657.249169435216,0.08016232460783762
-657.2292358803987,0.07899667486420572
-657.2093023255813,0.07776400821656289
-657.1893687707642,0.07646606020201187
-657.1694352159469,0.07510469585242693
-657.1495016611296,0.07368191632126078
-657.1295681063124,0.07219986684819028
-657.109634551495,0.07066084633896774
-657.0897009966778,0.06906731889955356
-657.0697674418604,0.06742192773986778
-657.0498338870433,0.06572751195719478
-657.0299003322259,0.06398712682632525
-657.0099667774086,0.06220406836825017
-656.9900332225915,0.0603819031477529
-656.9700996677741,0.05852450446839122
-656.9501661129569,0.05663609639805444
-656.9302325581396,0.05472130737350046
-656.9102990033223,0.05278523549877006
-656.890365448505,0.050833528060008
-656.8704318936877,0.04887247819946009
-656.8504983388705,0.04690914205965091
-656.8305647840532,0.044951479897011794
-656.8106312292359,0.04300852443692689
-656.7906976744187,0.041090578687173036
-656.7707641196014,0.03920944286036568
-656.7508305647841,0.03737866490764365
-656.7308970099668,0.03561379989170722
-656.7109634551495,0.033932648083421765
-656.6910299003323,0.032355418434847114
-656.6710963455149,0.030904732767493587
-656.6511627906978,0.029605351120060432
-656.6312292358805,0.028483474062772577
-656.6112956810631,0.027565490339997466
-656.5913621262459,0.026876123757893118
-656.5714285714286,0.026436114100991132
-656.5514950166114,0.026259811122485273
-656.531561461794,0.026353254461580516
-656.5116279069767,0.02671330275353624
-656.4916943521595,0.027328094659821695
-656.4717607973422,0.02817868986140603
-656.451827242525,0.0292413875949019
-656.4318936877077,0.030490124830344818
-656.4119601328904,0.03189850127447762
-656.3920265780731,0.03344122256743787
-656.3720930232558,0.035094960977974515
-656.3521594684386,0.03683874770237717
-656.3322259136213,0.038654042545902725
-656.3122923588039,0.04052461033364979
-656.2923588039868,0.04243629969367521
-656.2724252491695,0.04437678661176504
-656.2524916943522,0.04633531927322505
-656.232558139535,0.048302483048858154
-656.2126245847176,0.05026999352078227
-656.1926910299004,0.05223051918642753
-656.172757475083,0.05417753223561534
-656.1528239202659,0.05610518435334433
-656.1328903654485,0.0580082040666289
-656.1129568106312,0.05988181224215101
-656.093023255814,0.061721652669755794
-656.0730897009967,0.06352373507909635
-656.0531561461795,0.06528438835212504
-656.0332225913621,0.06700022207463975
-656.0132890365448,0.06866809490140496
-655.9933554817276,0.07028508848930702
-655.9734219269103,0.07184848598492188
-655.9534883720931,0.07335575424299874
-655.9335548172758,0.07480452910687338
-655.9136212624585,0.07619260320694209
-655.8936877076412,0.07751791583453847
-655.873754152824,0.07877854452995521
-655.8538205980067,0.0799726980894727
-655.8338870431894,0.08109871074937529
-655.8139534883721,0.0821550373482975
-655.7940199335549,0.08314024930418727
-655.7740863787376,0.08405303127080571
-655.7541528239203,0.08489217836215043
-655.734219269103,0.08565659385219455
-655.7142857142858,0.08634528727329241
-655.6943521594685,0.08695737284967034
-655.6744186046511,0.08749206821330538
-655.654485049834,0.08794869335869958
-655.6345514950166,0.08832666980085586
-655.6146179401994,0.08862551990719689
-655.5946843853822,0.08884486638016964
-655.5747508305648,0.08898443187202695
-655.5548172757476,0.08904403871793104
-655.5348837209302,0.0890236087774518
-655.5149501661131,0.08892316337836818
-655.4950166112957,0.08874282336043239
-655.4750830564784,0.08848280921977564
-655.4551495016611,0.08814344135902442
-655.4352159468439,0.0877251404509656
-655.4152823920267,0.087228427928294
-655.3953488372093,0.08665392661579256
-655.375415282392,0.08600236152624803
-655.3554817275748,0.08527456084680778
-655.3355481727575,0.08447145714870087
-655.3156146179402,0.08359408886047487
-655.295681063123,0.08264360205356307
-655.2757475083056,0.08162125259893543
-655.2558139534884,0.08052840876612681
-655.2358803986712,0.07936655435012194
-655.2159468438539,0.07813729242969922
-655.1960132890366,0.07684234988218817
-655.1760797342192,0.07548358280598304
-655.1561461794021,0.07406298303445338
-655.1362126245847,0.07258268596453443
-655.1162790697675,0.07104497997223563
-655.0963455149501,0.06945231774788456
-655.0764119601329,0.06780732995849516
-655.0564784053157,0.06611284173764119
-655.0365448504983,0.06437189261790491
-655.0166112956812,0.06258776066297038
-654.9966777408638,0.06076399173149888
-654.9767441860465,0.058904435019380856
-654.9568106312292,0.05701328628718222
-654.936877076412,0.055095140490540845
-654.9169435215948,0.05315505589390502
-654.8970099667774,0.051198632153929245
-654.8770764119602,0.049232105282175476
-654.8571428571429,0.04726246277771691
-654.8372093023256,0.0452975824393842
-654.8172757475083,0.04334639820290443
-654.7973421926911,0.041419095409922675
-654.7774086378738,0.03952733555343445
-654.7574750830565,0.037684505729205994
-654.7375415282393,0.03590597925877389
-654.717607973422,0.03420935931164964
-654.6976744186047,0.03261465495049945
-654.6777408637874,0.03114430835507424
-654.6578073089702,0.02982295684269547
-654.6378737541528,0.028676786324710518
-654.6179401993356,0.027732339620274417
-654.5980066445183,0.027014719306283914
-654.5780730897011,0.026545296230354336
-654.5581395348838,0.026339277405474208
-654.5382059800664,0.0264036949250366
-654.5182724252493,0.026736396233513073
-654.4983388704319,0.027326361583683942
-654.4784053156147,0.028155243657272983
-654.4584717607974,0.0291996519002255
-654.4385382059801,0.030433577819344484
-654.4186046511628,0.031830482960283686
-654.3986710963455,0.03336481355819539
-654.3787375415284,0.03501292296681111
-654.358803986711,0.03675350870121898
-654.3388704318937,0.03856771010947216
-654.3189368770765,0.0404389996386539
-654.2990033222592,0.04235296755514545
-654.2790697674419,0.044297066045376844
-654.2591362126246,0.04626035172023713
-654.2392026578073,0.04823324698250148
-654.2192691029901,0.05020732908929903
-654.1993355481728,0.05217514904564698
-654.1794019933556,0.054130078954654604
-654.1594684385383,0.056066184855270686
-654.1395348837209,0.05797812156409757
-654.1196013289037,0.0598610460879131
-654.0996677740864,0.06171054648778582
-654.0797342192692,0.06352258348577088
-654.0598006644518,0.06529344252472624
-654.0398671096345,0.0670196943787178
-654.0199335548174,0.06869816274984611
-654.0,0.07032589757361185
-653.9800664451828,0.07190015299289534
-653.9601328903655,0.07341836915546371
-653.9401993355482,0.07487815714872559
-653.9202657807309,0.07627728651381788
-653.9003322259136,0.07761367488488072
-653.8803986710964,0.07888537938333337
-653.8604651162791,0.08009058946441905
-653.8405315614618,0.0812276209682199
-653.8205980066446,0.08229491117140775
-653.8006644518273,0.0832910146722454
-653.78073089701,0.08421459997047588
-653.7607973421927,0.0850644466277524
-653.7408637873754,0.0858394429139967
-653.7209302325582,0.08653858386108937
-653.7009966777409,0.08716096965892008
-653.6810631229237,0.0877058043398061
-653.6611295681064,0.08817239470675403
-653.641196013289,0.08856014946895328
-653.6212624584718,0.08886857855462174
-653.6013289036545,0.0890972925770946
-653.5813953488373,0.08924600243523571
-653.5614617940199,0.08931451903378584
-653.5415282392026,0.08930275311316703
-653.5215946843855,0.08921071518246884
-653.5016611295681,0.08903851555249799
-653.481727574751,0.08878636446967882
-653.4617940199336,0.08845457235501852
-653.4418604651163,0.08804355015596609
-653.421926910299,0.08755380982304266
-653.4019933554817,0.08698596492724313
-653.3820598006645,0.08634073143908524
-653.3621262458472,0.08561892869535759
-653.3421926910299,0.08482148058585136
-653.3222591362127,0.08394941699970355
-653.3023255813954,0.08300387557889469
-653.2823920265781,0.08198610383717514
-653.2624584717609,0.08089746171389975
-653.2425249169435,0.07973942464727421
-653.2225913621263,0.07851358726846792
-653.2026578073089,0.07722166783954801
-653.1827242524918,0.07586551358378857
-653.1627906976745,0.07444710708877116
-653.1428571428571,0.07296857400146554
-653.12292358804,0.07143219228253526
-653.1029900332226,0.06984040334641929
-653.0830564784054,0.06819582548701696
-653.063122923588,0.06650127007977126
-653.0431893687708,0.06475976116344592
-653.0232558139535,0.06297455914424291
-653.0033222591362,0.06114918953660026
-652.983388704319,0.05928747786559564
-652.9634551495017,0.05739359211204935
-652.9435215946844,0.05547209438760578
-652.9235880398671,0.05352800388606384
-652.9036544850499,0.05156687356091267
-652.8837209302326,0.04959488340476815
-652.8637873754153,0.04761895359885489
-652.843853820598,0.04564688104795783
-652.8239202657808,0.04368750271053744
-652.8039867109635,0.04175088830541476
-652.7840531561462,0.03984856280661593
-652.764119601329,0.037993754641562676
-652.7441860465117,0.036201657234314615
-652.7242524916944,0.03448967758646084
-652.704318936877,0.032877624010724645
-652.6843853820599,0.03138775516006564
-652.6644518272425,0.030044577260982728
-652.6445182724253,0.028874247430534898
-652.6245847176081,0.02790344236060004
-652.6046511627907,0.027157618871078065
-652.5847176079735,0.02665875451455726
-652.5647840531561,0.02642289602132155
-652.544850498339,0.026458063570958673
-652.5249169435216,0.026763105018674658
-652.5049833887043,0.027327867196499572
-652.4850498338872,0.028134627409102955
-652.4651162790698,0.0291603359840819
-652.4451827242526,0.03037906329632277
-652.4252491694352,0.03176414861946279
-652.405315614618,0.033289786767481205
-652.3853820598007,0.03493201412806525
-652.3654485049834,0.036669192564028855
-652.3455149501661,0.03848213684816533
-652.3255813953489,0.04035402203917434
-652.3056478405316,0.04227017492024885
-652.2857142857143,0.04421781907375177
-652.2657807308971,0.04618581524425854
-652.2458471760798,0.04816441914474205
-652.2259136212625,0.05014506653798484
-652.2059800664451,0.05212018826661594
-652.186046511628,0.05408305411065749
-652.1661129568106,0.05602764259408923
-652.1461794019934,0.057948533260806935
-652.1262458471762,0.0598408179490036
-652.1063122923588,0.061700027890896986
-652.0863787375416,0.06352207387197727
-652.0664451827242,0.06530319710740413
-652.0465116279071,0.06703992888610263
-652.0265780730897,0.06872905737879444
-652.0066445182724,0.07036760029895973
-651.9867109634552,0.07195278234970323
-651.9667774086379,0.07348201658937722
-651.9468438538207,0.0749528890117796
-651.9269102990033,0.07636314576847592
-651.9069767441861,0.0777106825676924
-651.8870431893688,0.0789935358698827
-651.8671096345515,0.08020987556993467
-651.8471760797343,0.08135799891177642
-651.827242524917,0.08243632542696627
-651.8073089700997,0.08344339272542745
-651.7873754152824,0.08437785299691908
-651.7674418604652,0.08523847010596541
-651.7475083056479,0.08602411718355214
-651.7275747508306,0.08673377463508067
-651.7076411960134,0.08736652849808801
-651.6877076411961,0.08792156909447917
-651.6677740863787,0.08839818993172519
-651.6478405315615,0.08879578681538787
-651.6279069767442,0.08911385714245444
-651.607973421927,0.08935199935062374
-651.5880398671097,0.08950991250414446
-651.5681063122923,0.08958739600109791
-651.5481727574752,0.08958434939154193
-651.5282392026578,0.08950077229940455
-651.5083056478406,0.0893367644449559
-651.4883720930233,0.08909252576806827
-651.468438538206,0.08876835665617015
-651.4485049833887,0.08836465828431347
-651.4285714285714,0.08788193307884866
-651.4086378737543,0.08732078532026367
-651.3887043189369,0.0866819219055412
-651.3687707641196,0.0859661532955792
-651.3488372093024,0.08517439467942207
-651.3289036544851,0.08430766739392477
-651.3089700996678,0.08336710064599735
-651.2890365448505,0.08235393359417965
-651.2691029900333,0.08126951785828965
-651.249169435216,0.08011532053981969
-651.2292358803987,0.07889292785305022
-651.2093023255815,0.07760404948747021
-651.1893687707642,0.0762505238476398
-651.1694352159468,0.07483432434745375
-651.1495016611296,0.0733575669742248
-651.1295681063123,0.07182251938481153
-651.1096345514951,0.07023161185426736
-651.0897009966778,0.06858745046940307
-651.0697674418604,0.06689283304865581
-651.0498338870433,0.06515076838009153
-651.0299003322259,0.06336449950603598
-651.0099667774087,0.0615375319510788
-650.9900332225914,0.05967366799742977
-650.9700996677741,0.05777704836296165
-650.9501661129568,0.05585220293957919
-650.9302325581396,0.05390411260400764
-650.9102990033224,0.051938284514732015
-650.890365448505,0.049960843736107215
-650.8704318936877,0.0479786444332483
-650.8504983388705,0.04599940415465269
-650.8305647840532,0.04403186466832693
-650.8106312292359,0.04208598209226649
-650.7906976744187,0.04017314707281736
-650.7707641196013,0.03830643157143868
-650.7508305647841,0.036500851018612564
-650.7308970099668,0.03477361731469829
-650.7109634551496,0.03314433740342949
-650.6910299003323,0.03163508290776687
-650.6710963455149,0.03027022112315423
-650.6511627906978,0.029075866858675553
-650.6312292358804,0.028078811034468854
-650.6112956810632,0.027304840416758323
-650.5913621262458,0.026776514527630756
-650.5714285714286,0.026510701168183586
-650.5514950166114,0.026516402622851636
-650.531561461794,0.02679347716385863
-650.5116279069769,0.027332662173381494
-650.4916943521595,0.02811689103312202
-650.4717607973422,0.02912348618570997
-650.4518272425249,0.030326622144450855
-650.4318936877077,0.0316995327662365
-650.4119601328904,0.03321617020633444
-650.3920265780731,0.034852256357220925
-650.3720930232558,0.0365858157475279
-650.3521594684386,0.038397334573862185
-650.3322259136213,0.04026968550351846
-650.312292358804,0.04218792666125241
-650.2923588039868,0.04413904813920419
-650.2724252491694,0.04611171043443536
-650.2524916943522,0.04809599876221362
-650.232558139535,0.050083204143935696
-650.2126245847177,0.05206563452233036
-650.1926910299004,0.054036455060616086
-650.172757475083,0.055989554850843365
-650.1528239202659,0.057919436562028734
-650.1328903654485,0.05982112552208922
-650.1129568106313,0.06169009500696791
-650.0930232558139,0.06352220491409155
-650.0730897009967,0.06531365142353811
-650.0531561461795,0.06706092565006415
-650.0332225913621,0.06876077964119912
-650.013289036545,0.07041019837674356
-649.9933554817276,0.07200637667464993
-649.9734219269103,0.0735467001134607
-649.953488372093,0.07502872924876967
-649.9335548172758,0.07645018653641826
-649.9136212624585,0.0778089454847893
-649.8936877076412,0.07910302164680119
-649.873754152824,0.0803305651335718
-649.8538205980067,0.08148985438940233
-649.8338870431894,0.08257929101431374
-649.8139534883721,0.08359739545835514
-649.7940199335549,0.08454280344265636
-649.7740863787376,0.08541426298740282
-649.7541528239203,0.08621063194749783
-649.7342192691029,0.08693087597374938
-649.7142857142858,0.08757406683136451
-649.6943521594685,0.08813938101928356
-649.6744186046512,0.08862609864365648
-649.654485049834,0.08903360250696046
-649.6345514950166,0.08936137738136687
-649.6146179401994,0.08960900944097408
-649.594684385382,0.0897761858326969
-649.5747508305649,0.08986269437044357
-649.5548172757475,0.0898684233413149
-649.5348837209302,0.08979336141641059
-649.5149501661131,0.08963759766260994
-649.4950166112957,0.08940132165525166
-649.4750830564785,0.08908482369504461
-649.4551495016611,0.08868849513650018
-649.4352159468439,0.08821282883872561
-649.4152823920266,0.08765841975387803
-649.3953488372093,0.08702596567307877
-649.375415282392,0.08631626815483141
-649.3554817275748,0.08553023366697186
-649.3355481727575,0.08466887498027627
-649.3156146179402,0.08373331285979714
-649.295681063123,0.08272477810986477
-649.2757475083057,0.08164461404020266
-649.2558139534884,0.08049427943449614
-649.235880398671,0.07927535211954526
-649.2159468438539,0.0779895332536127
-649.1960132890365,0.07663865247739049
-649.1760797342193,0.07522467410150036
-649.1561461794021,0.07374970454197215
-649.1362126245847,0.07221600126118001
-649.1162790697675,0.07062598352871946
-649.0963455149501,0.06898224538726769
-649.076411960133,0.06728757129576117
-649.0564784053156,0.06554495503037397
-649.0365448504983,0.06375762255785448
-649.0166112956812,0.0619290597610285
-648.9966777408638,0.06006304609939891
-648.9767441860466,0.05816369553533204
-648.9568106312292,0.05623550635381929
-648.936877076412,0.05428342185433038
-648.9169435215947,0.05231290429204243
-648.8970099667774,0.05033002487436098
-648.8770764119602,0.04834157302984493
-648.8571428571429,0.04635518846411615
-648.8372093023256,0.0443795195167897
-648.8172757475083,0.04242441070564695
-648.7973421926911,0.0405011205294321
-648.7774086378738,0.0386225666968714
-648.7574750830565,0.03680358860020153
-648.7375415282393,0.0350612042243731
-648.717607973422,0.03341481874541771
-648.6976744186046,0.03188631360718325
-648.6777408637874,0.0304999098323359
-648.6578073089702,0.029281667004505046
-648.6378737541529,0.028258471177079903
-648.6179401993356,0.027456415016980554
-648.5980066445183,0.02689861494822196
-648.5780730897011,0.02660274013992127
-648.5581395348837,0.026578767403112127
-648.5382059800666,0.026827573804805473
-648.5182724252492,0.027340810164425085
-648.4983388704319,0.02810209716472845
-648.4784053156147,0.029089161132015096
-648.4584717607974,0.030276306943155987
-648.4385382059802,0.03163668090297381
-648.4186046511628,0.033144002099943615
-648.3986710963455,0.03477368096886222
-648.3787375415283,0.03650340334431396
-648.358803986711,0.03831332298373402
-648.3388704318937,0.04018600517840231
-648.3189368770765,0.0421062341701254
-648.2990033222592,0.044060761593241606
-648.2790697674419,0.04603804322455162
-648.2591362126246,0.0480279898842153
-648.2392026578074,0.050021744523561576
-648.2192691029901,0.05201148937648399
-648.1993355481727,0.05399028263465584
-648.1794019933556,0.055951921989831406
-648.1594684385382,0.057890831591044314
-648.139534883721,0.05980196887850067
-648.1196013289037,0.06168074801480259
-648.0996677740864,0.06352297703305561
-648.0797342192692,0.06532480625032817
-648.0598006644518,0.06708268590088845
-648.0398671096347,0.06879333130277192
-648.0199335548173,0.07045369417816458
-648.0,0.07206093900398845
-647.9800664451827,0.07361242347964654
-647.9601328903655,0.0751056823702301
-647.9401993355483,0.07653841412293931
-647.9202657807309,0.07790846976653598
-647.9003322259136,0.07921384369460827
-647.8803986710964,0.08045266600654706
-647.8604651162791,0.0816231961393942
-647.8405315614618,0.08272381757153643
-647.8205980066446,0.08375303341821387
-647.8006644518273,0.08470946277026027
-647.78073089701,0.08559183765344916
-647.7607973421927,0.08639900050686956
-647.7408637873755,0.08712990209621445
-647.7209302325582,0.08778359979212871
-647.7009966777408,0.0883592561558991
-647.6810631229237,0.08885613778457822
-647.6611295681063,0.08927361437620134
-647.6411960132891,0.08961115798276947
-647.6212624584718,0.08986834242505966
-647.6013289036545,0.09004484284835876
-647.5813953488373,0.0901404354032639
-647.5614617940199,0.09015499703983425
-647.5415282392028,0.09008850540719669
-647.5215946843854,0.08994103885460485
-647.5016611295681,0.0897127765334611
-647.4817275747508,0.089403998603323
-647.4617940199336,0.08901508654866824
-647.4418604651164,0.08854652361700725
-647.421926910299,0.0879988953930948
-647.4019933554817,0.0873728905286186
-647.3820598006645,0.08666930165187475
-647.3621262458472,0.08588902648784444
-647.3421926910299,0.08503306922610553
-647.3222591362127,0.08410254218180596
-647.3023255813953,0.08309866780471295
-647.2823920265781,0.08202278110255011
-647.2624584717609,0.08087633255862225
-647.2425249169436,0.07966089164015602
-647.2225913621263,0.07837815101383708
-647.2026578073089,0.077029931609531
-647.1827242524918,0.07561818870298945
-647.1627906976744,0.07414501922509058
-647.1428571428572,0.07261267055048791
-647.1229235880398,0.07102355107429359
-647.1029900332226,0.06938024295462546
-647.0830564784054,0.06768551748441959
-647.063122923588,0.06594235366201294
-647.0431893687709,0.06415396066131568
-647.0232558139535,0.062323805064710386
-647.0033222591362,0.060455643921119705
-646.9833887043189,0.05855356493514099
-646.9634551495017,0.05662203538607737
-646.9435215946844,0.054665961722046456
-646.9235880398671,0.05269076217019743
-646.9036544850499,0.05070245513310743
-646.8837209302326,0.048707766560569195
-646.8637873754153,0.04671425980510237
-646.843853820598,0.04473049151627948
-646.8239202657808,0.0427661965921284
-646.8039867109635,0.04083250355424157
-646.7840531561462,0.03894217808416348
-646.764119601329,0.03710988554409524
-646.7441860465117,0.035352451309284855
-646.7242524916944,0.033689078610519854
-646.7043189368771,0.032141455919574555
-646.6843853820599,0.030733651150561495
-646.6644518272425,0.029491656360678135
-646.6445182724253,0.028442434234027217
-646.624584717608,0.027612359614741972
-646.6046511627908,0.027025080519238364
-646.5847176079735,0.02669904680336866
-646.5647840531561,0.02664520065305843
-646.544850498339,0.026865444624173562
-646.5249169435216,0.02735236465910971
-646.5049833887044,0.028090299603493032
-646.485049833887,0.02905741186960007
-646.4651162790698,0.030228163825531004
-646.4451827242525,0.03157563308751553
-646.4252491694352,0.033073316111982456
-646.4053156146181,0.034696315501651864
-646.3853820598007,0.036421977379665
-646.3654485049834,0.03823011935529072
-646.3455149501661,0.04010299438904173
-646.3255813953489,0.04202510757385733
-646.3056478405316,0.04398296704270006
-646.2857142857143,0.04596481929174447
-646.265780730897,0.047960396762037484
-646.2458471760798,0.049960690927065204
-646.2259136212625,0.05195775543362862
-646.2059800664452,0.053944539087998934
-646.186046511628,0.05591474616363002
-646.1661129568106,0.05786272060315736
-646.1461794019934,0.05978335054743492
-646.126245847176,0.061671989860365595
-646.1063122923589,0.0635243937110813
-646.0863787375415,0.06533666570626803
-646.0664451827242,0.06710521447723623
-646.0465116279071,0.06882671799266447
-646.0265780730897,0.07049809418179244
-646.0066445182725,0.07211647671505216
-645.9867109634552,0.07367919500508915
-645.9667774086379,0.07518375766715155
-645.9468438538206,0.076627838820779
-645.9269102990033,0.07800926672998881
-645.9069767441861,0.0793260143725798
-645.8870431893688,0.08057619160408211
-645.8671096345515,0.08175803864293427
-645.8471760797343,0.08286992065246576
-645.827242524917,0.08391032323514719
-645.8073089700997,0.08487784868705373
-645.7873754152824,0.08577121288696747
-645.7674418604652,0.0865892427160698
-645.7475083056479,0.08733087392220286
-645.7275747508305,0.08799514935716021
-645.7076411960134,0.08858121752795374
-645.6877076411961,0.08908833141294856
-645.6677740863788,0.08951584750261886
-645.6478405315615,0.08986322503179009
-645.6279069767442,0.09013002537659694
-645.607973421927,0.09031591159484662
-645.5880398671096,0.09042064809324908
-645.5681063122925,0.09044410040929204
-645.5481727574752,0.0903862350995961
-645.5282392026578,0.09024711973018322
-645.5083056478406,0.09002692296783307
-645.4883720930233,0.08972591477517473
-645.4684385382061,0.08934446671591925
-645.4485049833887,0.0888830523803513
-645.4285714285714,0.08834224794550012
-645.4086378737542,0.08772273288879258
-645.3887043189369,0.0870252908792562
-645.3687707641197,0.08625081087610222
-645.3488372093024,0.08540028847129377
-645.3289036544851,0.08447482752070863
-645.3089700996678,0.08347564211782196
-645.2890365448505,0.08240405897500251
-645.2691029900333,0.08126152029109635
-645.249169435216,0.0800495871999933
-645.2292358803986,0.07876994391469969
-645.2093023255815,0.07742440270537942
-645.1893687707642,0.07601490987912442
-645.1694352159469,0.07454355296536545
-645.1495016611296,0.07301256935503286
-645.1295681063123,0.07142435669654719
-645.1096345514951,0.06978148541933542
-645.0897009966777,0.06808671383951007
-645.0697674418606,0.06634300640650434
-645.0498338870432,0.06455355577802134
-645.0299003322259,0.0627218095700567
-645.0099667774087,0.06085150282436239
-644.9900332225914,0.05894669747500581
-644.9700996677742,0.057011830384218025
-644.9501661129568,0.05505177185963381
-644.9302325581396,0.0530718969577349
-644.9102990033223,0.051078172307439294
-644.890365448505,0.04907726161349487
-644.8704318936877,0.04707665333848586
-644.8504983388705,0.045084814152678516
-644.8305647840532,0.043111371289545244
-644.8106312292359,0.04116732544723047
-644.7906976744187,0.03926529250848404
-644.7707641196014,0.037419765853413445
-644.7508305647841,0.03564737965602508
-644.7308970099667,0.03396713522343272
-644.7109634551496,0.03240052559337192
-644.6910299003322,0.030971459217421962
-644.671096345515,0.029705848928207157
-644.6511627906978,0.028630716140703182
-644.6312292358804,0.027772694521597065
-644.6112956810632,0.027155938210686636
-644.5913621262458,0.026799656186193534
-644.5714285714287,0.026715745351489066
-644.5514950166113,0.026907138770509903
-644.531561461794,0.027367377946432025
-644.5116279069767,0.02808155032059884
-644.4916943521595,0.029028286978361153
-644.4717607973423,0.030182235794610133
-644.4518272425249,0.03151642557259297
-644.4318936877077,0.033004141439517715
-644.4119601328904,0.03462018240399966
-644.3920265780731,0.036341554219489536
-644.3720930232558,0.03814773480023725
-644.3521594684386,0.04002065985252881
-644.3322259136213,0.04194455001001985
-644.312292358804,0.043905664779411796
-644.2923588039868,0.04589203672191996
-644.2724252491695,0.04789321582264271
-644.2524916943522,0.049900038584399724
-644.2325581395348,0.05190442711415243
-644.2126245847177,0.053899218355284884
-644.1926910299003,0.05587802109146109
-644.1727574750831,0.057835097327972144
-644.1528239202659,0.059765264457767274
-644.1328903654485,0.06166381483013115
-644.1129568106313,0.06352644972528133
-644.0930232558139,0.0653492251711465
-644.0730897009968,0.06712850745611218
-644.0531561461794,0.06886093656501363
-644.0332225913621,0.0705433960864893
-644.0132890365448,0.07217298840856302
-643.9933554817276,0.07374701424066017
-643.9734219269104,0.07526295568120966
-643.953488372093,0.07671846219646296
-643.9335548172758,0.07811133899487505
-643.9136212624585,0.07943953737693282
-643.8936877076412,0.08070114671773547
-643.873754152824,0.08189438780185632
-643.8538205980067,0.08301760728056652
-643.8338870431894,0.08406927306240337
-643.8139534883721,0.08504797048134353
-643.7940199335549,0.08595239911390386
-643.7740863787376,0.08678137013883168
-643.7541528239203,0.08753380415111424
-643.734219269103,0.08820872935730899
-643.7142857142858,0.08880528009154666
-643.6943521594684,0.08932269560206052
-643.6744186046512,0.08976031906693005
-643.6544850498339,0.09011759680511038
-643.6345514950167,0.09039407765524456
-643.6146179401994,0.09058941250033808
-643.594684385382,0.09070335392115936
-643.5747508305649,0.09073575596577592
-643.5548172757475,0.09068657402647595
-643.5348837209303,0.09055586481918795
-643.514950166113,0.09034378646417007
-643.4950166112957,0.09005059867022876
-643.4750830564784,0.08967666302842607
-643.4551495016611,0.08922244342513302
-643.435215946844,0.08868850658825751
-643.4152823920266,0.0880755227851288
-643.3953488372093,0.08738426669546116
-643.375415282392,0.08661561848875836
-643.3554817275748,0.08577056514199757
-643.3355481727575,0.08485020204144327
-643.3156146179402,0.08385573492154869
-643.295681063123,0.08278848220497874
-643.2757475083057,0.08164987782097972
-643.2558139534884,0.08044147459526599
-643.2358803986712,0.07916494832388059
-643.2159468438539,0.07782210266709845
-643.1960132890365,0.07641487502818622
-643.1760797342193,0.07494534361720004
-643.156146179402,0.07341573594352571
-643.1362126245848,0.0718284390345659
-643.1162790697675,0.07018601174437493
-643.0963455149501,0.06849119959842317
-643.076411960133,0.06674695272256664
-643.0564784053156,0.06495644753054546
-643.0365448504984,0.0631231130006687
-643.0166112956811,0.06125066256437071
-642.9966777408638,0.059343132864437834
-642.9767441860465,0.057404930924874926
-642.9568106312292,0.05544089161176155
-642.9368770764121,0.05345634765394618
-642.9169435215947,0.05145721492081551
-642.8970099667774,0.04945009608608965
-642.8770764119602,0.047442406163595414
-642.8571428571429,0.04544252353216381
-642.8372093023256,0.04345996969515546
-642.8172757475083,0.0415056196680809
-642.7973421926911,0.03959194176813507
-642.7774086378738,0.037733259480322995
-642.7574750830565,0.03594601728300869
-642.7375415282393,0.03424901476861893
-642.717607973422,0.03266354739051554
-642.6976744186047,0.031213358240113516
-642.6777408637874,0.0299242698035999
-642.6578073089701,0.028823344911875756
-642.6378737541529,0.027937453069372217
-642.6179401993355,0.02729122893274463
-642.5980066445184,0.02690461818133562
-642.5780730897011,0.026790460272753242
-642.5581395348837,0.02695272207475603
-642.5382059800666,0.027385919753446352
-642.5182724252492,0.028075919261514263
-642.498338870432,0.029001853279389117
-642.4784053156146,0.030138584094378435
-642.4584717607974,0.03145911262665964
-642.4385382059801,0.03293652490516127
-642.4186046511628,0.034545321253650015
-642.3986710963457,0.03626216680487591
-642.3787375415283,0.03806619642807847
-642.358803986711,0.039939023705801324
-642.3388704318937,0.041864579471200994
-642.3189368770765,0.04382886940586001
-642.2990033222592,0.045819707391092354
-642.2790697674419,0.0478264567872422
-642.2591362126245,0.049839795548083765
-642.2392026578074,0.05185151121219721
-642.2192691029901,0.053854326317286344
-642.1993355481728,0.05584175203051624
-642.1794019933556,0.05780796664256987
-642.1594684385382,0.059747715311352353
-642.139534883721,0.06165622762349682
-642.1196013289036,0.06352914991861774
-642.0996677740865,0.06536248975520753
-642.0797342192692,0.06715257032008426
-642.0598006644518,0.06889599296402263
-642.0398671096347,0.07058960637414047
-642.0199335548173,0.07223048116878815
-642.0000000000001,0.0738158889280361
-641.9800664451827,0.07534328485814748
-641.9601328903655,0.07681029343924925
-641.9401993355482,0.07821469652701674
-641.9202657807309,0.07955442347755783
-641.9003322259138,0.08082754294401875
-641.8803986710964,0.08203225605738348
-641.8604651162791,0.08316689075588773
-641.8405315614618,0.08422989706939932
-641.8205980066446,0.08521984319911181
-641.8006644518273,0.08613541226102729
-641.78073089701,0.08697539958409967
-641.7607973421926,0.08773871047290716
-641.7408637873755,0.08842435835995675
-641.7209302325582,0.08903146328563902
-641.7009966777409,0.08955925065447261
-641.6810631229237,0.09000705022527813
-641.6611295681063,0.09037429530055198
-641.6411960132891,0.09066052208677092
-641.6212624584717,0.0908653692030367
-641.6013289036546,0.09098857732051047
-641.5813953488372,0.09102998891934351
-641.5614617940199,0.0909895481541091
-641.5415282392028,0.09086730082228163
-641.5215946843854,0.0906633944342544
-641.5016611295682,0.0903780783866613
-641.4817275747508,0.09001170424468068
-641.4617940199336,0.08956472614269895
-641.4418604651163,0.08903770131678118
-641.421926910299,0.0884312907869764
-641.4019933554817,0.08774626021231734
-641.3820598006645,0.08698348094735255
-641.3621262458472,0.086143931335367
-641.3421926910299,0.08522869828130207
-641.3222591362127,0.0842389791564879
-641.3023255813954,0.08317608409807783
-641.2823920265781,0.08204143877909433
-641.2624584717607,0.08083658774063422
-641.2425249169436,0.07956319839678594
-641.2225913621262,0.07822306584590558
-641.202657807309,0.07681811865020484
-641.1827242524918,0.07535042578021155
-641.1627906976744,0.07382220496336125
-641.1428571428572,0.07223583272876481
-641.1229235880398,0.07059385650509302
-641.1029900332227,0.06889900920942697
-641.0830564784053,0.06715422686472988
-641.063122923588,0.06536266990755538
-641.0431893687708,0.06352774900074447
-641.0232558139535,0.06165315635446974
-641.0033222591363,0.05974290379015361
-640.9833887043189,0.05780136906123854
-640.9634551495017,0.05583335227786488
-640.9435215946844,0.053844144668447946
-640.9235880398671,0.05183961233845804
-640.9036544850499,0.049826298123402474
-640.8837209302326,0.04781154500622305
-640.8637873754153,0.045803644738113033
-640.843853820598,0.04381201500501648
-640.8239202657808,0.04184740726684558
-640.8039867109635,0.03992214451291254
-640.7840531561462,0.03805038245870197
-640.764119601329,0.03624837748981572
-640.7441860465117,0.03453472788135114
-640.7242524916943,0.03293052966736085
-640.7043189368771,0.03145935514820745
-640.6843853820599,0.030146925942606245
-640.6644518272426,0.029020329616003888
-640.6445182724253,0.02810664897692858
-640.624584717608,0.027430973563826875
-640.6046511627908,0.027013962589011842
-640.5847176079734,0.026869384460813075
-640.5647840531562,0.027002241406346918
-640.5448504983389,0.027408041922701073
-640.5249169435216,0.02807345973353012
-640.5049833887044,0.028978162244514234
-640.485049833887,0.03009725586792556
-640.4651162790699,0.031403735587793344
-640.4451827242525,0.03287050148749636
-640.4252491694352,0.03447176079477457
-640.405315614618,0.03618383818967314
-640.3853820598007,0.037985522353383164
-640.3654485049834,0.03985809993650803
-640.3455149501661,0.04178520660455336
-640.3255813953489,0.0437525889444274
-640.3056478405316,0.04574783732442688
-640.2857142857143,0.04776012422133029
-640.2657807308971,0.049779965377840525
-640.2458471760798,0.05179901066158736
-640.2259136212624,0.05380986559841295
-640.2059800664452,0.05580594155880863
-640.1860465116279,0.05778133129711453
-640.1661129568107,0.05973070621216631
-640.1461794019934,0.06164923184947652
-640.126245847176,0.06353249853123334
-640.1063122923589,0.06537646443495747
-640.0863787375415,0.06717740886994963
-640.0664451827244,0.06893189388828516
-640.046511627907,0.0706367327024779
-640.0265780730897,0.07228896366375885
-640.0066445182724,0.07388582878798014
-639.9867109634552,0.07542475600646237
-639.966777408638,0.07690334447392255
-639.9468438538206,0.07831935239047862
-639.9269102990033,0.07967068689589164
-639.9069767441861,0.08095539567548668
-639.8870431893688,0.08217165998310069
-639.8671096345515,0.08331778883952581
-639.8471760797343,0.08439221420803764
-639.827242524917,0.08539348698357405
-639.8073089700997,0.0863202736607246
-639.7873754152824,0.08717135356891904
-639.7674418604652,0.08794561658250058
-639.7475083056479,0.08864206122901662
-639.7275747508306,0.0892597931322998
-639.7076411960134,0.08979802373770862
-639.687707641196,0.09025606927619867
-639.6677740863788,0.0906333499315335
-639.6478405315615,0.09092938918172816
-639.6279069767443,0.09114381329139251
-639.607973421927,0.09127635093688814
-639.5880398671096,0.09132683295056747
-639.5681063122925,0.09129519217451176
-639.5481727574751,0.09118146341807408
-639.5282392026579,0.09098578351711298
-639.5083056478405,0.09070839149649347
-639.4883720930233,0.09034962884102239
-639.4684385382061,0.08990993988381303
-639.4485049833887,0.08938987232518393
-639.4285714285716,0.08879007789951454
-639.4086378737542,0.08811131321262161
-639.3887043189369,0.0873544407776699
-639.3687707641196,0.08652043028432224
-639.3488372093024,0.0856103601432777
-639.3289036544851,0.08462541935738623
-639.3089700996678,0.08356690978119345
-639.2890365448505,0.0824362488434855
-639.2691029900333,0.08123497282284572
-639.249169435216,0.07996474078483533
-639.2292358803987,0.07862733931216027
-639.2093023255815,0.07722468818684643
-639.1893687707641,0.07575884721755052
-639.1694352159469,0.0742320244469606
-639.1495016611295,0.07264658602581543
-639.1295681063124,0.07100506810411292
-639.1096345514951,0.06931019116892324
-639.0897009966777,0.06756487735649212
-639.0697674418606,0.06577227138753328
-639.0498338870432,0.06393576592505468
-639.029900332226,0.062059032339188885
-639.0099667774086,0.06014605809039857
-638.9900332225914,0.05820119221771465
-638.9700996677741,0.056229200747104725
-638.9501661129568,0.05423533421715047
-638.9302325581397,0.05222540994540187
-638.9102990033223,0.05020591209913984
-638.890365448505,0.04818411302251099
-638.8704318936877,0.04616821947530167
-638.8504983388705,0.04416754721187071
-638.8305647840532,0.04219272624257898
-638.8106312292359,0.040255936460312614
-638.7906976744185,0.03837116796043903
-638.7707641196014,0.03655449071536315
-638.7508305647841,0.03482430224113109
-638.7308970099668,0.033201497598689955
-638.7109634551496,0.03170947329493659
-638.6910299003322,0.03037384012608433
-638.671096345515,0.029221694326284943
-638.6511627906976,0.028280309939522845
-638.6312292358805,0.027575205776493163
-638.6112956810632,0.027127730749350668
-638.5913621262458,0.0269525672494002
-638.5714285714287,0.0270557527126903
-638.5514950166113,0.027433804184278387
-638.5315614617941,0.028074231719390448
-638.5116279069767,0.02895727075550157
-638.4916943521595,0.03005830234943992
-638.4717607973422,0.03135033854158618
-638.4518272425249,0.03280610758528949
-638.4318936877078,0.03439952991871878
-638.4119601328904,0.036106590383319155
-638.3920265780731,0.03790572855088875
-638.3720930232558,0.03977789939765218
-638.3521594684386,0.04170643802591371
-638.3322259136213,0.043676826581181154
-638.312292358804,0.04567642698901579
-638.2923588039866,0.047694216484954165
-638.2724252491695,0.049720544846249555
-638.2524916943522,0.0517469210851342
-638.232558139535,0.05376583103886016
-638.2126245847177,0.055770584041428185
-638.1926910299003,0.057755185439170964
-638.1727574750831,0.05971423130636385
-638.1528239202657,0.061642821834454825
-638.1328903654486,0.06353649022273984
-638.1129568106312,0.06539114433246794
-638.0930232558139,0.06720301879960647
-638.0730897009968,0.06896863569619617
-638.0531561461794,0.07068477217306711
-638.0332225913622,0.07234843380493519
-638.0132890365448,0.07395683259842556
-637.9933554817276,0.07550736881841187
-637.9734219269103,0.07699761594734404
-637.953488372093,0.07842530822042625
-637.9335548172758,0.07978833028330833
-637.9136212624585,0.08108470860253443
-637.8936877076412,0.08231260432666714
-637.873754152824,0.08347030735052734
-637.8538205980067,0.08455623137923944
-637.8338870431894,0.08556890982459865
-637.8139534883721,0.08650699239581777
-637.7940199335549,0.08736924227021393
-637.7740863787376,0.08815453374946049
-637.7541528239202,0.08886185032277764
-637.734219269103,0.08949028307232607
-637.7142857142858,0.09003902936669576
-637.6943521594685,0.09050739179831677
-637.6744186046512,0.0908947773280324
-637.6544850498339,0.09120069660724758
-637.6345514950167,0.09142476345370527
-637.6146179401993,0.09156669446212348
-637.5946843853822,0.09162630873550921
-637.5747508305648,0.09160352772715952
-637.5548172757475,0.09149837518706504
-637.5348837209303,0.09131097721045091
-637.514950166113,0.09104156238939662
-637.4950166112958,0.09069046207243585
-637.4750830564784,0.09025811074078033
-637.4551495016611,0.08974504651373
-637.4352159468439,0.08915191180032705
-637.4152823920266,0.08847945411928868
-637.3953488372094,0.08772852711466728
-637.375415282392,0.08690009180128538
-637.3554817275748,0.08599521808133932
-637.3355481727575,0.08501508658250485
-637.3156146179402,0.08396099087820331
-637.295681063123,0.08283434016354504
-637.2757475083057,0.0816366624751706
-637.2558139534883,0.08036960856193968
-637.2358803986712,0.0790349565353762
-637.2159468438539,0.07763461745626475
-637.1960132890366,0.0761706420469638
-637.1760797342193,0.07464522876014008
-637.156146179402,0.07306073348537559
-637.1362126245848,0.07141968123752739
-637.1162790697674,0.069724780248391
-637.0963455149503,0.06797893897930966
-637.0764119601329,0.06618528669134453
-637.0564784053156,0.06434719835726416
-637.0365448504984,0.062468324881000764
-637.0166112956811,0.0605526298136612
-636.9966777408639,0.05860443402545605
-636.9767441860465,0.0566284701172344
-636.9568106312292,0.054629948733261186
-636.936877076412,0.05261463936134412
-636.9169435215947,0.050588968649961326
-636.8970099667774,0.04856013967362056
-636.8770764119602,0.04653627581270424
-636.8571428571429,0.04452659275288667
-636.8372093023256,0.042541601144359856
-636.8172757475083,0.04059334001353912
-636.7973421926911,0.038695636013317554
-636.7774086378738,0.03686437446287473
-636.7574750830565,0.03511775284079622
-636.7375415282393,0.033476463963397506
-636.7176079734219,0.031963723971582175
-636.6976744186047,0.03060502345642187
-636.6777408637874,0.02942745188982124
-636.6578073089702,0.028458452988635023
-636.6378737541529,0.027723949314879925
-636.6179401993355,0.027245955049900232
-636.5980066445184,0.027040050270958554
-636.578073089701,0.027113305734134167
-636.5581395348838,0.027463261694842034
-636.5382059800664,0.028078292263704757
-636.5182724252492,0.028939234272493484
-636.498338870432,0.03002177467918984
-636.4784053156146,0.03129896660118081
-636.4584717607975,0.03274338155785153
-636.4385382059801,0.03432866025462791
-636.4186046511628,0.036030448788358094
-636.3986710963455,0.037826834950127904
-636.3787375415283,0.039698437386620614
-636.3588039867111,0.04162828522835832
-636.3388704318937,0.04360159076641882
-636.3189368770765,0.04560548246509094
-636.2990033222592,0.047628737867805804
-636.2790697674419,0.049661536944054466
-636.2591362126246,0.05169524458779684
-636.2392026578074,0.053722224203251075
-636.21926910299,0.05573568079094888
-636.1993355481728,0.05772953036977438
-636.1794019933556,0.05969829208425605
-636.1594684385383,0.06163699942603319
-636.139534883721,0.06354112733892113
-636.1196013289036,0.06540653241010526
-636.0996677740865,0.06722940378767131
-636.0797342192691,0.06900622286673753
-636.0598006644519,0.07073373013620862
-636.0398671096345,0.07240889787389058
-636.0199335548173,0.07402890762274264
-636.0000000000001,0.07559113158163311
-635.9800664451827,0.07709311720698282
-635.9601328903656,0.0785325744537129
-635.9401993355482,0.07990736519032068
-635.9202657807309,0.08121549440894313
-635.9003322259136,0.0824551029206314
-635.8803986710964,0.08362446128203774
-635.8604651162791,0.08472196474517411
-635.8405315614618,0.08574612905882387
-635.8205980066446,0.08669558698008237
-635.8006644518273,0.08756908537903423
-635.78073089701,0.08836548283983287
-635.7607973421927,0.08908374767784469
-635.7408637873755,0.08972295630634908
-635.7209302325581,0.09028229189767115
-635.7009966777409,0.09076104329319767
-635.6810631229235,0.09115860412490713
-635.6611295681064,0.09147447211783698
-635.6411960132891,0.0917082485489033
-635.6212624584717,0.09185963784281351
-635.6013289036546,0.0919284472902684
-635.5813953488372,0.09191458687803239
-635.56146179402,0.09181806922423291
-635.5415282392026,0.0916390096160212
-635.5215946843854,0.09137762615039655
-635.5016611295681,0.09103423998253138
-635.4817275747508,0.09060927568990293
-635.4617940199337,0.09010326176435493
-635.4418604651163,0.08951683124875613
-635.421926910299,0.0888507225397371
-635.4019933554817,0.08810578038336285
-635.3820598006645,0.08728295709728434
-635.3621262458472,0.08638331405980412
-635.3421926910299,0.0854080235155396
-635.3222591362126,0.08435837075714006
-635.3023255813954,0.08323575675532083
-635.2823920265781,0.08204170132406458
-635.2624584717609,0.08077784692591382
-635.2425249169436,0.07944596324420826
-635.2225913621262,0.07804795267576013
-635.202657807309,0.07658585693027019
-635.1827242524917,0.0750618649630341
-635.1627906976745,0.07347832251718575
-635.1428571428572,0.07183774361313049
-635.1229235880398,0.07014282439871972
-635.1029900332227,0.06839645986817808
-635.0830564784053,0.06660176407432736
-635.0631229235881,0.0647620946033659
-635.0431893687708,0.06288108225987042
-635.0232558139535,0.06096266712858779
-635.0033222591362,0.05901114244607859
-634.9833887043189,0.05703120803449639
-634.9634551495018,0.05502803542405789
-634.9435215946844,0.05300734721281373
-634.9235880398671,0.050975513658590536
-634.9036544850499,0.04893966991109171
-634.8837209302326,0.04690785755686647
-634.8637873754153,0.044889194049339984
-634.843853820598,0.04289407274581941
-634.8239202657808,0.040934394026389806
-634.8039867109635,0.03902382329514022
-634.7840531561462,0.03717806304065896
-634.764119601329,0.03541511156468509
-634.7441860465117,0.03375545841783413
-634.7242524916944,0.03222213519504982
-634.7043189368771,0.030840503434981285
-634.6843853820598,0.029637631025981263
-634.6644518272426,0.028641110302759676
-634.6445182724252,0.02787724218507263
-634.6245847176081,0.027368681163969455
-634.6046511627908,0.027131887445888448
-634.5847176079734,0.027174961512929714
-634.5647840531562,0.027496479921027252
-634.5448504983389,0.028085707675311117
-634.5249169435217,0.028924116380612677
-634.5049833887043,0.029987730883752856
-634.485049833887,0.0312496704558633
-634.4651162790698,0.03268236600444566
-634.4451827242525,0.03425918635494434
-634.4252491694353,0.035955440468562916
-634.405315614618,0.037748861956161825
-634.3853820598007,0.03961972857686632
-634.3654485049834,0.04155075806935795
-634.3455149501661,0.043526887387145496
-634.3255813953489,0.045535006419268144
-634.3056478405316,0.047563688465256986
-634.2857142857142,0.049602939748638435
-634.2657807308971,0.05164397769626261
-634.2458471760798,0.05367904046041181
-634.2259136212625,0.05570122634782513
-634.2059800664452,0.05770436007736896
-634.1860465116279,0.05968288221434018
-634.1661129568107,0.06163175816797406
-634.1461794019933,0.06354640346339382
-634.1262458471762,0.06542262243039067
-634.1063122923588,0.06725655789337281
-634.0863787375415,0.06904464985572344
-634.0664451827244,0.07078360152916939
-634.046511627907,0.07247035136136197
-634.0265780730898,0.07410204996631292
-634.0066445182724,0.0756760410679674
-633.9867109634552,0.07718984573486178
-633.9667774086379,0.07864114931919516
-633.9468438538206,0.08002779062311269
-633.9269102990035,0.08134775290330468
-633.9069767441861,0.08259915639620335
-633.8870431893688,0.08378025210372722
-633.8671096345515,0.08488941662597223
-633.8471760797343,0.08592514786526569
-633.827242524917,0.08688606145660009
-633.8073089700997,0.0877708878047242
-633.7873754152824,0.08857846962874162
-633.7674418604652,0.0893077599320598
-633.7475083056479,0.0899578203295354
-633.7275747508306,0.09052781967545186
-633.7076411960134,0.09101703294559792
-633.6877076411961,0.09142484033520314
-633.6677740863788,0.09175072654126587
-633.6478405315614,0.09199428020419145
-633.6279069767443,0.09215519348861428
-633.6079734219269,0.09223326178837206
-633.5880398671097,0.09222838354446299
-633.5681063122925,0.09214056016911537
-633.5481727574751,0.09196989607259792
-633.5282392026579,0.09171659879319266
-633.5083056478405,0.0913809792342949
-633.4883720930234,0.09096345201654782
-633.468438538206,0.09046453595669815
-633.4485049833887,0.08988485468943408
-633.4285714285714,0.08922513745311414
-633.4086378737542,0.08848622006585889
-633.388704318937,0.08766904612464478
-633.3687707641196,0.08677466846742242
-633.3488372093024,0.08580425094676587
-633.3289036544851,0.08475907057375114
-633.3089700996678,0.08364052010288663
-633.2890365448505,0.0824501111435935
-633.2691029900333,0.08118947790129513
-633.2491694352159,0.07986038167280958
-633.2292358803987,0.07846471624684698
-633.2093023255815,0.07700451439258217
-633.1893687707642,0.07548195565884751
-633.1694352159469,0.0738993757551411
-633.1495016611295,0.07225927784583094
-633.1295681063124,0.0705643461635717
-633.109634551495,0.06881746244019078
-633.0897009966778,0.06702172576797336
-633.0697674418604,0.06518047664591577
-633.0498338870432,0.06329732614072191
-633.029900332226,0.061376191307412585
-633.0099667774086,0.05942133827630904
-632.9900332225915,0.05743743472799769
-632.9700996677741,0.05542961384777776
-632.9501661129568,0.053403552270859064
-632.9302325581396,0.051365564977517514
-632.9102990033223,0.049322720520933006
-632.890365448505,0.04728298026241657
-632.8704318936877,0.04525536524468172
-632.8504983388705,0.04325015359116494
-632.8305647840532,0.04127910926241282
-632.8106312292359,0.039355738642360055
-632.7906976744187,0.03749556329589335
-632.7707641196014,0.03571638337093794
-632.750830564784,0.03403848440737499
-632.7308970099668,0.03248470969455362
-632.7109634551496,0.03108028343911072
-632.6910299003323,0.02985223777543436
-632.671096345515,0.028828293163280318
-632.6511627906976,0.028035103679154655
-632.6312292358805,0.027495938692582548
-632.6112956810631,0.02722811973404098
-632.5913621262459,0.027240771641818484
-632.5714285714286,0.027533518631993062
-632.5514950166113,0.028096542352881438
-632.5315614617941,0.028911982386827777
-632.5116279069767,0.029956234059261202
-632.4916943521596,0.031202508871096078
-632.4717607973422,0.03262311426507341
-632.4518272425249,0.03419115586543621
-632.4318936877077,0.03588160766318018
-632.4119601328904,0.0376718470024634
-632.3920265780731,0.03954180633036784
-632.3720930232558,0.04147388659229918
-632.3521594684386,0.04345274387556376
-632.3322259136213,0.04546502430455992
-632.312292358804,0.047499092298549574
-632.2923588039868,0.04954477631461654
-632.2724252491695,0.05159314288904186
-632.2524916943521,0.05363630203828755
-632.232558139535,0.05566724295980209
-632.2126245847176,0.05767969705360392
-632.1926910299004,0.05966802461791218
-632.1727574750831,0.06162712156519973
-632.1528239202657,0.06355234281243044
-632.1328903654486,0.06543943942697365
-632.1129568106312,0.06728450705570127
-632.093023255814,0.0690839435804519
-632.0730897009967,0.07083441430789926
-632.0531561461794,0.07253282331172946
-632.0332225913621,0.07417628980265181
-632.0132890365448,0.0757621286130679
-631.9933554817277,0.07728783405512032
-631.9734219269103,0.07875106655006671
-631.953488372093,0.08014964153943871
-631.9335548172758,0.08148152027891088
-631.9136212624585,0.08274480218922013
-631.8936877076412,0.08393771849739116
-631.873754152824,0.08505862694951592
-631.8538205980067,0.08610600741503993
-631.8338870431894,0.0870784582341535
-631.8139534883721,0.08797469318561092
-631.7940199335549,0.08879353897354177
-631.7740863787376,0.08953393314906177
-631.7541528239203,0.09019492239696954
-631.734219269103,0.0907756611297462
-631.7142857142857,0.09127541034111655
-631.6943521594685,0.09169353667981794
-631.6744186046512,0.09202951171144387
-631.654485049834,0.09228291134245453
-631.6345514950167,0.09245341538575998
-631.6146179401993,0.09254080725213983
-631.5946843853822,0.09254497375603822
-631.5747508305648,0.09246590502825268
-631.5548172757476,0.09230369453184109
-631.5348837209302,0.0920585391812591
-631.514950166113,0.09173073956826329
-631.4950166112958,0.09132070030211227
-631.4750830564784,0.09082893047535821
-631.4551495016613,0.09025604427102978
-631.4352159468439,0.0896027617316166
-631.4152823920266,0.08886990971577681
-631.3953488372093,0.08805842307484284
-631.375415282392,0.08716934608833823
-631.3554817275748,0.08620383420620702
-631.3355481727575,0.08516315615542679
-631.3156146179402,0.08404869648066358
-631.295681063123,0.08286195860291272
-631.2757475083057,0.08160456849757544
-631.2558139534884,0.08027827911431994
-631.2358803986712,0.07888497568705391
-631.2159468438538,0.07742668211370932
-631.1960132890366,0.07590556862435956
-631.1760797342192,0.07432396100394625
-631.1561461794021,0.07268435169503323
-631.1362126245848,0.0709894131788736
-631.1162790697674,0.06924201412387565
-631.0963455149503,0.06744523890272276
-631.0764119601329,0.0656024112184832
-631.0564784053157,0.06371712275194781
-631.0365448504983,0.061793267953577466
-631.0166112956811,0.05983508636119955
-630.9966777408638,0.05784721413456106
-630.9767441860465,0.05583474686364837
-630.9568106312294,0.053803316124614725
-630.936877076412,0.0517591827061349
-630.9169435215947,0.04970934986203245
-630.8970099667774,0.04766170026238997
-630.8770764119602,0.04562516032440845
-630.8571428571429,0.04360989496242612
-630.8372093023256,0.04162753391922072
-630.8172757475083,0.039691426783937174
-630.7973421926911,0.037816916143007216
-630.7774086378738,0.03602160512255341
-630.7574750830565,0.034325574722779306
-630.7375415282393,0.03275147652706047
-630.717607973422,0.031324389646328867
-630.6976744186047,0.030071296917045947
-630.6777408637873,0.029020027019378287
-630.6578073089702,0.028197562274048536
-630.6378737541528,0.02762776119110778
-630.6179401993356,0.027328786774086327
-630.5980066445184,0.027310781257675124
-630.578073089701,0.02757442627304957
-630.5581395348838,0.02811084482934822
-630.5382059800664,0.02890287753521469
-630.5182724252493,0.029927323393925082
-630.4983388704319,0.031157513220375344
-630.4784053156146,0.032565649172084335
-630.4584717607975,0.03412458317564887
-630.4385382059801,0.03580895696006292
-630.4186046511629,0.037595789804579095
-630.3986710963455,0.039464664521136554
-630.3787375415283,0.0413976598441109
-630.358803986711,0.043379145385737415
-630.3388704318937,0.045395518208720835
-630.3189368770765,0.04743492910238162
-630.2990033222592,0.04948702462964869
-630.2790697674419,0.05154271691690723
-630.2591362126246,0.05359398487806433
-630.2392026578074,0.05563370611559541
-630.2192691029901,0.057655516633183676
-630.1993355481728,0.05965369472530595
-630.1794019933554,0.061623065352905466
-630.1594684385383,0.06355892160187517
-630.1395348837209,0.06545696024438076
-630.1196013289037,0.06731322887283442
-630.0996677740865,0.06912408249843019
-630.0797342192691,0.0708861478787342
-630.0598006644519,0.07259629415597062
-630.0398671096345,0.07425160865163945
-630.0199335548174,0.07584937688004605
-630.0,0.07738706601987266
-629.9800664451827,0.07886231122584897
-629.9601328903655,0.08027290427814222
-629.9401993355482,0.08161678416019497
-629.920265780731,0.08289202923089166
-629.9003322259136,0.08409685071775018
-629.8803986710964,0.08522958730672614
-629.8604651162791,0.08628870064430595
-629.8405315614618,0.08727277159983776
-629.8205980066446,0.08818049716239688
-629.8006644518273,0.0890106878684094
-629.7807308970099,0.08976226567378269
-629.7607973421927,0.0904342621991595
-629.7408637873755,0.09102581728923574
-629.7209302325582,0.09153617783705578
-629.7009966777409,0.09196469683314336
-629.6810631229235,0.09231083260639203
-629.6611295681064,0.09257414823013346
-629.641196013289,0.09275431107214724
-629.6212624584718,0.09285109247237812
-629.6013289036545,0.09286436753634816
-629.5813953488372,0.0927941150363952
-629.56146179402,0.09264041741663558
-629.5415282392026,0.09240346090121059
-629.5215946843855,0.09208353570904435
-629.5016611295681,0.09168103638219088
-629.4817275747508,0.09119646223869683
-629.4617940199336,0.09063041796525227
-629.4418604651163,0.0899836143696996
-629.421926910299,0.08925686931862947
-629.4019933554817,0.08845110889164065
-629.3820598006645,0.08756736879066804
-629.3621262458472,0.08660679605134278
-629.3421926910299,0.08557065111295267
-629.3222591362127,0.08446031031557386
-629.3023255813954,0.08327726890682799
-629.282392026578,0.08202314465797861
-629.2624584717609,0.0806996822096852
-629.2425249169436,0.07930875829304954
-629.2225913621263,0.07785238800258046
-629.202657807309,0.07633273233563764
-629.1827242524917,0.07475210725989637
-629.1627906976745,0.07311299462817702
-629.1428571428571,0.0714180553316476
-629.12292358804,0.06967014517131018
-629.1029900332226,0.06787233403761342
-629.0830564784053,0.06602792912471472
-629.0631229235881,0.06414050307419093
-629.0431893687708,0.06221392815076469
-629.0232558139536,0.060252417805725704
-629.0033222591362,0.058260577289253324
-628.9833887043189,0.05624346533417345
-628.9634551495017,0.05420666934762143
-628.9435215946844,0.05215639699659811
-628.9235880398671,0.05009958751440288
-628.9036544850499,0.048044046394142066
-628.8837209302326,0.045998607193355794
-628.8637873754153,0.043973323626814484
-628.843853820598,0.04197969341716105
-628.8239202657808,0.040030911602775165
-628.8039867109635,0.03814214379695017
-628.7840531561462,0.036330797364351824
-628.764119601329,0.034616748467164414
-628.7441860465116,0.03302245394842244
-628.7242524916944,0.03157284057339191
-628.7043189368771,0.03029482895317772
-628.6843853820599,0.029216336658608334
-628.6644518272426,0.028364649616426582
-628.6445182724252,0.027764189410637997
-628.6245847176081,0.02743393956949236
-628.6046511627907,0.027385051067975296
-628.5847176079735,0.027619270937651548
-628.5647840531561,0.02812868704616667
-628.5448504983389,0.028896873764913827
-628.5249169435217,0.029901067500830523
-628.5049833887043,0.031114746472004372
-628.4850498338872,0.032510026817028685
-628.4651162790698,0.03405951717458453
-628.4451827242525,0.03573753034745144
-628.4252491694352,0.03752072611524487
-628.405315614618,0.03938833349438517
-628.3853820598007,0.041322103621550296
-628.3654485049834,0.043306113980911005
-628.3455149501661,0.04532650719583588
-628.3255813953489,0.047371215583173226
-628.3056478405316,0.04942969959218456
-628.2857142857143,0.051492713336022046
-628.2657807308971,0.053552101585590345
-628.2458471760797,0.055600627799669025
-628.2259136212625,0.057631830455022036
-628.2059800664452,0.059639904061415366
-628.186046511628,0.06161960113668833
-628.1661129568107,0.06356615168213728
-628.1461794019933,0.06547519711653231
-628.1262458471762,0.06734273607970252
-628.1063122923588,0.06916507994536984
-628.0863787375416,0.07093881626304839
-628.0664451827242,0.07266077867339421
-628.046511627907,0.07432802211201352
-628.0265780730898,0.07593780233938484
-628.0066445182724,0.0774875590157335
-627.9867109634553,0.07897490168674043
-627.9667774086379,0.08039759816441786
-627.9468438538206,0.08175356488338881
-627.9269102990033,0.08304085888982507
-627.9069767441861,0.08425767118281038
-627.8870431893688,0.08540232117818987
-627.8671096345515,0.08647325210592838
-627.8471760797343,0.08746902718527667
-627.827242524917,0.08838832644899779
-627.8073089700997,0.0892299441103443
-627.7873754152824,0.08999278638452883
-627.7674418604652,0.09067586969160245
-627.7475083056479,0.09127831918018939
-627.7275747508306,0.09179936752193986
-627.7076411960132,0.09223835393541942
-627.6877076411961,0.09259472340561128
-627.6677740863788,0.09286802607166955
-627.6478405315615,0.09305791676109611
-627.6279069767443,0.09316415465349524
-627.6079734219269,0.09318660306147387
-627.5880398671097,0.09312522932031064
-627.5681063122923,0.09298010478188451
-627.5481727574752,0.09275140491203206
-627.5282392026578,0.09243940949420096
-627.5083056478405,0.09204450294598643
-627.4883720930234,0.0915671747591733
-627.468438538206,0.0910080200780776
-627.4485049833888,0.09036774043570554
-627.4285714285714,0.08964714467260033
-627.4086378737542,0.08884715006912615
-627.3887043189369,0.08796878372907505
-627.3687707641196,0.08701318426063835
-627.3488372093024,0.08598160381034049
-627.3289036544851,0.08487541051737801
-627.3089700996678,0.08369609146941066
-627.2890365448505,0.082445256257752
-627.2691029900333,0.08112464125030874
-627.249169435216,0.0797361147253219
-627.2292358803987,0.07828168303943184
-627.2093023255813,0.07676349804082484
-627.1893687707642,0.07518386598429519
-627.1694352159468,0.07354525826168604
-627.1495016611296,0.07185032433157446
-627.1295681063124,0.07010190731904273
-627.109634551495,0.06830306286440932
-627.0897009966778,0.06645708193358604
-627.0697674418604,0.06456751846811785
-627.0498338870433,0.062638222956737
-627.0299003322259,0.06067338325925178
-627.0099667774086,0.05867757431444308
-626.9900332225915,0.056655818720420525
-626.9700996677741,0.054613660586675855
-626.9501661129569,0.052557255506445605
-626.9302325581396,0.05049347994609023
-626.9102990033223,0.048430063707910004
-626.890365448505,0.04637574922627861
-626.8704318936877,0.04434048099871029
-626.8504983388705,0.042335626906599644
-626.8305647840532,0.04037422968255328
-626.8106312292359,0.03847128001068283
-626.7906976744187,0.03664399085755608
-626.7707641196014,0.03491203345095841
-626.7508305647841,0.0332976671961943
-626.7308970099668,0.03182565975373082
-626.7109634551495,0.030522857193793048
-626.6910299003323,0.02941724725265742
-626.6710963455149,0.028536395177049513
-626.6511627906978,0.02790525935358517
-626.6312292358805,0.027543621930837547
-626.6112956810631,0.027463632381953047
-626.5913621262459,0.027668109395736325
-626.5714285714286,0.02815012794830931
-626.5514950166114,0.028894028537293077
-626.531561461794,0.029877519172941666
-626.5116279069767,0.031074254545280223
-626.4916943521595,0.032456285124882356
-626.4717607973422,0.03399598758599653
-626.451827242525,0.0356673497747238
-626.4318936877077,0.03744667089951012
-626.4119601328904,0.03931282217660762
-626.3920265780731,0.04124722177805954
-626.3720930232558,0.04323364934922132
-626.3521594684386,0.04525798760205448
-626.3322259136213,0.04730794543244896
-626.3122923588039,0.04937279285314831
-626.2923588039868,0.051443122266714894
-626.2724252491695,0.05351064117848603
-626.2524916943522,0.0555679962848809
-626.232558139535,0.05760862634636247
-626.2126245847176,0.05962664025804611
-626.1926910299004,0.061616716562448194
-626.172757475083,0.0635740208891058
-626.1528239202659,0.06549413821728027
-626.1328903654485,0.06737301731289642
-626.1129568106312,0.0692069251259891
-626.093023255814,0.07099240932282641
-626.0730897009967,0.07272626745869973
-626.0531561461795,0.07440552157505034
-626.0332225913621,0.07602739723284205
-626.0132890365448,0.07758930618035245
-625.9933554817276,0.07908883200429744
-625.9734219269103,0.08052371823533086
-625.953488372093,0.0818918584770434
-625.9335548172758,0.08319128820700857
-625.9136212624585,0.08442017796254393
-625.8936877076412,0.085576827675417
-625.873754152824,0.08665966196192805
-625.8538205980067,0.08766722620871198
-625.8338870431894,0.08859818332260051
-625.8139534883721,0.08945131103547145
-625.7940199335549,0.09022549967383661
-625.7740863787376,0.090919750318355
-625.7541528239203,0.09153317329113321
-625.734219269103,0.09206498691965095
-625.7142857142858,0.09251451653484695
-625.6943521594685,0.09288119366877115
-625.6744186046511,0.09316455542365756
-625.654485049834,0.09336424398994274
-625.6345514950166,0.09348000629586516
-625.6146179401994,0.09351169377566643
-625.5946843853822,0.09345926224755273
-625.5747508305648,0.09332277189654609
-625.5548172757476,0.09310238736093902
-625.5348837209302,0.09279837792481785
-625.5149501661131,0.09241111782291973
-625.4950166112957,0.0919410866679113
-625.4750830564784,0.09138887001458838
-625.4551495016611,0.09075516007994835
-625.4352159468439,0.0900407566434764
-625.4152823920267,0.08924656815784955
-625.3953488372093,0.08837361310723678
-625.375415282392,0.08742302165831738
-625.3554817275748,0.08639603765887462
-625.3355481727575,0.08529402105004026
-625.3156146179402,0.08411845077197132
-625.295681063123,0.08287092825927195
-625.2757475083056,0.08155318164236333
-625.2558139534884,0.08016707079551046
-625.2358803986712,0.07871459340187105
-625.2159468438539,0.07719789224270696
-625.1960132890366,0.07561926396284048
-625.1760797342192,0.07398116962020537
-625.1561461794021,0.07228624739625497
-625.1362126245847,0.07053732792926956
-625.1162790697675,0.06873745283862003
-625.0963455149501,0.0668898971391393
-625.0764119601329,0.0649981964071834
-625.0564784053157,0.06306617975995665
-625.0365448504983,0.06109800995434678
-625.0166112956812,0.05909823220792903
-624.9966777408638,0.0570718336968785
-624.9767441860465,0.05502431609278659
-624.9568106312292,0.05296178394940684
-624.936877076412,0.050891052204202314
-624.9169435215947,0.04881977643810603
-624.8970099667774,0.04675660968260116
-624.8770764119602,0.04471138918795862
-624.8571428571429,0.042695355171094164
-624.8372093023256,0.040721400322719196
-624.8172757475083,0.03880434249880579
-624.7973421926911,0.03696120175171684
-624.7774086378738,0.035211444495499414
-624.7574750830565,0.033577130348356736
-624.7375415282393,0.03208286160452087
-624.717607973422,0.030755398094844854
-624.6976744186047,0.02962277960910505
-624.6777408637874,0.02871282679621966
-624.6578073089702,0.028051008386922472
-624.6378737541528,0.02765788228546477
-624.6179401993356,0.02754658457593695
-624.5980066445183,0.027721010001918907
-624.5780730897011,0.02817524147083798
-624.5581395348838,0.028894417423797066
-624.5382059800664,0.02985675203189867
-624.5182724252493,0.031036106465148393
-624.4983388704319,0.032404486983369625
-624.4784053156147,0.03393405058999845
-624.4584717607974,0.03559846484428705
-624.4385382059801,0.037373667737297354
-624.4186046511628,0.039238168887868755
-624.3986710963455,0.041173048196611585
-624.3787375415284,0.04316178173225739
-624.358803986711,0.04518998675190841
-624.3388704318937,0.04724514369345401
-624.3189368770765,0.04931632772008816
-624.2990033222592,0.05139396574256076
-624.2790697674419,0.053469624803887096
-624.2591362126246,0.05553583215565102
-624.2392026578073,0.057585924598797744
-624.2192691029901,0.059613923538870524
-624.1993355481728,0.06161443197343978
-624.1794019933556,0.06358254984207759
-624.1594684385383,0.0655138045726653
-624.1395348837209,0.0674040941144291
-624.1196013289037,0.06924964018962883
-624.0996677740864,0.07104694989102463
-624.0797342192692,0.07279278409204726
-624.0598006644518,0.0744841314208825
-624.0398671096345,0.07611818678410649
-624.0199335548174,0.07769233361654103
-624.0,0.07920412918915819
-623.9800664451828,0.08065129243198076
-623.9601328903655,0.08203169383000271
-623.9401993355482,0.08334334703158607
-623.9202657807309,0.08458440187469873
-623.9003322259136,0.08575313858924567
-623.8803986710964,0.08684796297720382
-623.8604651162791,0.08786740240692008
-623.8405315614618,0.08881010248672888
-623.8205980066446,0.08967482430621991
-623.8006644518273,0.09046044215268524
-623.78073089701,0.09116594162618495
-623.7607973421927,0.09179041808965288
-623.7408637873754,0.09233307540151481
-623.7209302325582,0.09279322488742106
-623.7009966777408,0.09317028451556528
-623.6810631229237,0.09346377824668298
-623.6611295681064,0.09367333553563525
-623.641196013289,0.0937986909666058
-623.6212624584718,0.09383968400837234
-623.6013289036545,0.09379625888052126
-623.5813953488373,0.09366846452510352
-623.5614617940199,0.09345645468213785
-623.5415282392026,0.0931604880710711
-623.5215946843855,0.09278092868394937
-623.5016611295681,0.09231824620012814
-623.481727574751,0.09177301653639829
-623.4617940199336,0.09114592255122142
-623.4418604651163,0.09043775492672224
-623.421926910299,0.08964941325812553
-623.4019933554817,0.08878190738712997
-623.3820598006645,0.08783635902353419
-623.3621262458472,0.08681400370901139
-623.3421926910299,0.08571619318800451
-623.3222591362127,0.08454439826417488
-623.3023255813954,0.08330021223705873
-623.2823920265781,0.08198535503319021
-623.2624584717609,0.08060167816989347
-623.2425249169435,0.07915117071924385
-623.2225913621263,0.07763596647555819
-623.2026578073089,0.07605835257405573
-623.1827242524918,0.07442077986292855
-623.1627906976745,0.07272587539862542
-623.1428571428571,0.07097645751781205
-623.12292358804,0.06917555404344834
-623.1029900332226,0.0673264243109631
-623.0830564784054,0.06543258585983142
-623.063122923588,0.0634978468322944
-623.0431893687708,0.06152634536143893
-623.0232558139535,0.059522597522501226
-623.0033222591362,0.05749155576889974
-622.983388704319,0.055438680177973286
-622.9634551495017,0.0533700252793851
-622.9435215946844,0.051292345698111225
-622.9235880398671,0.0492132242393529
-622.9036544850499,0.04714122622739185
-622.8837209302326,0.045086083613099036
-622.8637873754153,0.04305891111195999
-622.843853820598,0.04107245364171164
-622.8239202657808,0.039141358372019625
-622.8039867109635,0.03728245402671707
-622.7840531561462,0.03551500252335413
-622.764119601329,0.033860861672142695
-622.7441860465117,0.03234446262485478
-622.7242524916944,0.030992467896903513
-622.704318936877,0.02983295187140633
-622.6843853820599,0.02889396713569175
-622.6644518272425,0.02820146625201593
-622.6445182724253,0.02777675920957932
-622.6245847176081,0.027633955296738125
-622.6046511627907,0.02777802790142832
-622.5847176079735,0.028204087226398583
-622.5647840531561,0.02889810084664108
-622.544850498339,0.029838823927208973
-622.5249169435216,0.031000355010710284
-622.5049833887043,0.03235467868516766
-622.485049833887,0.033873745540307525
-622.4651162790698,0.035530908217140986
-622.4451827242526,0.03730174326473179
-622.4252491694352,0.03916439510689858
-622.405315614618,0.04109960011506518
-622.3853820598007,0.04309052500385431
-622.3654485049834,0.045122515948038816
-622.3455149501661,0.04718281979025984
-622.3255813953489,0.04926031233069528
-622.3056478405316,0.05134525111452236
-622.2857142857143,0.05342905944429388
-622.2657807308971,0.05550414237468819
-622.2458471760798,0.05756373244539458
-622.2259136212625,0.05960176164870222
-622.2059800664451,0.061612755827215045
-622.186046511628,0.0635917478789484
-622.1661129568106,0.06553420654084757
-622.1461794019934,0.06743597797974495
-622.1262458471762,0.06929323786688658
-622.1063122923588,0.07110245201528477
-622.0863787375416,0.07286034400654189
-622.0664451827242,0.07456386852511862
-622.0465116279071,0.07621018935855157
-622.0265780730897,0.07779666121837508
-622.0066445182724,0.07932081469576087
-621.9867109634552,0.08078034379450465
-621.9667774086379,0.08217309558787925
-621.9468438538207,0.08349706162950295
-621.9269102990033,0.08475037081596001
-621.9069767441861,0.08593128345354265
-621.8870431893688,0.08703818632563377
-621.8671096345515,0.08806958859330312
-621.8471760797343,0.0890241183907996
-621.827242524917,0.08990052000166308
-621.8073089700997,0.09069765152080024
-621.7873754152824,0.09141448292404458
-621.7674418604652,0.09205009448015122
-621.7475083056479,0.09260367545139296
-621.7275747508306,0.09307452303837563
-621.7076411960134,0.09346204153250531
-621.6877076411961,0.0937657416465307
-621.6677740863787,0.09398523999937473
-621.6478405315615,0.09412025873665071
-621.6279069767442,0.09417062527289449
-621.607973421927,0.09413627214582834
-621.5880398671097,0.09401723697674622
-621.5681063122923,0.09381366253508916
-621.5481727574752,0.09352579690877852
-621.5282392026578,0.0931539937858288
-621.5083056478406,0.09269871285649481
-621.4883720930233,0.09216052034958123
-621.468438538206,0.09154008972094785
-621.4485049833887,0.0908382025175038
-621.4285714285714,0.09005574944570856
-621.4086378737543,0.08919373168036708
-621.3887043189369,0.0882532624573683
-621.3687707641196,0.08723556900321087
-621.3488372093024,0.08614199486525366
-621.3289036544851,0.08497400271977483
-621.3089700996678,0.08373317775087148
-621.2890365448505,0.08242123171258274
-621.2691029900333,0.08104000780993507
-621.249169435216,0.07959148656363538
-621.2292358803987,0.07807779285804106
-621.2093023255815,0.07650120441574901
-621.1893687707642,0.07486416199546674
-621.1694352159468,0.0731692816762134
-621.1495016611296,0.07141936967293742
-621.1295681063123,0.06961744023054285
-621.1096345514951,0.06776673726932063
-621.0897009966778,0.06587076061136017
-621.0697674418604,0.06393329780999801
-621.0498338870433,0.061958462840976176
-621.0299003322259,0.059950743200834516
-621.0099667774087,0.057915057301167076
-620.9900332225914,0.05585682444684358
-620.9700996677741,0.053782050132920874
-620.9501661129568,0.05169742985796184
-620.9302325581396,0.04961047506236076
-620.9102990033224,0.04752966502073758
-620.890365448505,0.045464628293110335
-620.8704318936877,0.04342635622107928
-620.8504983388705,0.04142744819582017
-620.8305647840532,0.03948238284835601
-620.8106312292359,0.03760779921775039
-620.7906976744187,0.03582275518546202
-620.7707641196013,0.03414890499941202
-620.7508305647841,0.03261050331214173
-620.7308970099668,0.03123410481172639
-620.7109634551496,0.030047801633911003
-620.6910299003323,0.029079855309882267
-620.6710963455149,0.02835667574299997
-620.6511627906978,0.027900300657827472
-620.6312292358804,0.027725797761799193
-620.6112956810632,0.02783921997934165
-620.5913621262458,0.02823672277419601
-620.5714285714286,0.02890513344473227
-620.5514950166114,0.029823783280607707
-620.531561461794,0.030967040009275387
-620.5116279069769,0.03230689021264234
-620.4916943521595,0.033815092329011476
-620.4717607973422,0.035464690176460915
-620.4518272425249,0.03723089906964801
-620.4318936877077,0.0390914948347836
-620.4119601328904,0.04102686509043818
-620.3920265780731,0.0430198613593905
-620.3720930232558,0.04505555299986979
-620.3521594684386,0.04712094799936848
-620.3322259136213,0.0492047181603499
-620.312292358804,0.051296947677521576
-620.2923588039868,0.05338891273719442
-620.2724252491694,0.05547289336153323
-620.2524916943522,0.057542015456748426
-620.2325581395348,0.05959011961937201
-620.2126245847177,0.06161165287809502
-620.1926910299004,0.0636015796971106
-620.172757475083,0.06555530894913995
-620.1528239202659,0.067468634024773
-620.1328903654485,0.0693376836974806
-620.1129568106313,0.07115888177456146
-620.0930232558139,0.07292891391914079
-620.0730897009967,0.074644700327318
-620.0531561461795,0.07630337319085513
-620.0332225913621,0.07790225807777984
-620.013289036545,0.07943885852638517
-619.9933554817276,0.08091084328081542
-619.9734219269103,0.0823160357026248
-619.953488372093,0.08365240497903889
-619.9335548172758,0.0849180588178558
-619.9136212624585,0.08611123737512057
-619.8936877076412,0.08723030820701437
-619.873754152824,0.08827376207437575
-619.8538205980067,0.0892402094581291
-619.8338870431894,0.09012837766873227
-619.8139534883721,0.09093710845247795
-619.7940199335549,0.09166535601449803
-619.7740863787376,0.09231218539170356
-619.7541528239203,0.0928767711207008
-619.7342192691029,0.09335839615494693
-619.7142857142858,0.09375645099396125
-619.6943521594685,0.09407043299396499
-619.6744186046512,0.0942999458356261
-619.654485049834,0.09444469912963471
-619.6345514950166,0.09450450814575155
-619.6146179401994,0.09447929365489219
-619.594684385382,0.09436908187826236
-619.5747508305649,0.0941740045408539
-619.5548172757475,0.09389429903075695
-619.5348837209302,0.09353030866917494
-619.5149501661131,0.0930824831001821
-619.4950166112957,0.09255137881329792
-619.4750830564785,0.09193765981651132
-619.4551495016611,0.09124209848246663
-619.4352159468439,0.09046557659636874
-619.4152823920266,0.08960908664061243
-619.3953488372093,0.08867373335906407
-619.375415282392,0.0876607356529338
-619.3554817275748,0.08657142887104292
-619.3355481727575,0.08540726757034275
-619.3156146179402,0.0841698288381127
-619.295681063123,0.08286081628618491
-619.2757475083057,0.08148206485084339
-619.2558139534884,0.08003554655994617
-619.235880398671,0.07852337746363529
-619.2159468438539,0.07694782596745221
-619.1960132890365,0.07531132285930899
-619.1760797342193,0.07361647338658502
-619.1561461794021,0.07186607182034464
-619.1362126245847,0.07006311904325796
-619.1162790697675,0.06821084382182006
-619.0963455149501,0.0663127285766403
-619.076411960133,0.06437254065385598
-619.0564784053156,0.062394370333004316
-619.0365448504983,0.06038267708915791
-619.0166112956811,0.05834234596522648
-618.9966777408638,0.05627875630614089
-618.9767441860466,0.05419786555096677
-618.9568106312292,0.05210631124576471
-618.936877076412,0.05001153486411134
-618.9169435215947,0.047921931276362975
-618.8970099667774,0.045847027551897034
-618.8770764119602,0.04379769378701324
-618.8571428571429,0.04178638611257427
-618.8372093023256,0.03982741682280211
-618.8172757475083,0.03793723702714614
-618.7973421926911,0.03613470123140315
-618.7774086378738,0.034441258690781865
-618.7574750830565,0.03288098267586548
-618.7375415282393,0.03148031014787474
-618.717607973422,0.030267334812653864
-618.6976744186046,0.02927050464440072
-618.6777408637874,0.028516660417284657
-618.6578073089702,0.02802854250916351
-618.6378737541529,0.027822160745157833
-618.6179401993356,0.02790464654323967
-618.5980066445183,0.028273216885588637
-618.5780730897011,0.02891558847014911
-618.5581395348837,0.02981170389820001
-618.5382059800666,0.03093623268280379
-618.5182724252492,0.03226118816517733
-618.4983388704319,0.03375815194478821
-618.4784053156147,0.035399865920375896
-618.4584717607974,0.037161184904033466
-618.4385382059802,0.03901951300469437
-618.4186046511628,0.04095488397598751
-618.3986710963455,0.04294982831627912
-618.3787375415283,0.044989132780770644
-618.358803986711,0.04705956116405084
-618.3388704318937,0.049149576551789635
-618.3189368770765,0.051249085722539785
-618.2990033222592,0.053349214298037115
-618.2790697674419,0.05544211436948135
-618.2591362126246,0.0575208027842826
-618.2392026578074,0.059579026716269
-618.2192691029901,0.061611152684447314
-618.1993355481727,0.06361207529650768
-618.1794019933556,0.06557714236249297
-618.1594684385382,0.06750209348207838
-618.139534883721,0.06938300966696921
-618.1196013289037,0.07121627197829873
-618.0996677740864,0.07299852752201683
-618.0797342192692,0.0747266614509783
-618.0598006644518,0.0763977738757891
-618.0398671096347,0.07800916079324548
-618.0199335548173,0.07955829830931699
-618.0,0.08104282956944002
-617.9800664451827,0.08246055391852258
-617.9601328903655,0.08380941790139948
-617.9401993355483,0.08508750778577649
-617.9202657807309,0.08629304334734009
-617.9003322259136,0.08742437270325583
-617.8803986710964,0.08847996801824407
-617.8604651162791,0.08945842193805148
-617.8405315614618,0.09035844463048501
-617.8205980066446,0.09117886133470184
-617.8006644518272,0.09191861033645131
-617.78073089701,0.09257674130115208
-617.7607973421927,0.09315241390821216
-617.7408637873755,0.09364489674005413
-617.7209302325582,0.09405356638742528
-617.7009966777408,0.09437790673979946
-617.6810631229237,0.09461750843563796
-617.6611295681063,0.09477206845285152
-617.6411960132891,0.09484138982432545
-617.6212624584718,0.09482538146782926
-617.6013289036545,0.09472405812367822
-617.5813953488373,0.09453754039722648
-617.5614617940199,0.0942660549070384
-617.5415282392028,0.09390993454344979
-617.5215946843854,0.09346961884598308
-617.5016611295681,0.09294565451231364
-617.4817275747508,0.09233869605600567
-617.4617940199336,0.09164950663516543
-617.4418604651164,0.0908789590800169
-617.421926910299,0.09002803715376449
-617.4019933554817,0.08909783708886265
-617.3820598006645,0.08808956944978584
-617.3621262458472,0.08700456138403859
-617.3421926910299,0.08584425933590364
-617.3222591362127,0.08461023231287283
-617.3023255813953,0.08330417581331448
-617.2823920265781,0.08192791654650818
-617.2624584717609,0.08048341810405255
-617.2425249169436,0.0789727877753995
-617.2225913621263,0.07739828474213024
-617.2026578073089,0.07576232993716273
-617.1827242524918,0.07406751791872074
-617.1627906976744,0.07231663118785633
-617.1428571428572,0.07051265747623028
-617.1229235880398,0.06865881065233266
-617.1029900332226,0.0667585560445613
-617.0830564784054,0.06481564116553681
-617.063122923588,0.06283413305009748
-617.0431893687709,0.06081846369733009
-617.0232558139535,0.058773485440521155
-617.0033222591362,0.05670453846019545
-616.9833887043189,0.05461753309794993
-616.9634551495017,0.0525190500976266
-616.9435215946844,0.05041646233716534
-616.9235880398671,0.04831808189879898
-616.9036544850499,0.04623333623209247
-616.8837209302326,0.04417297629161795
-616.8637873754153,0.042149317202133316
-616.843853820598,0.04017650713770008
-616.8239202657808,0.03827081109741329
-616.8039867109635,0.036450881016059096
-616.7840531561462,0.03473795998760467
-616.7641196013288,0.03315593542938734
-616.7441860465117,0.031731117238041
-616.7242524916944,0.030491585146288563
-616.7043189368771,0.029465951601171044
-616.6843853820599,0.028681461906854822
-616.6644518272425,0.02816153345417392
-616.6445182724253,0.02792310056763972
-616.624584717608,0.02797437035005123
-616.6046511627908,0.028313635955230863
-616.5847176079735,0.028929532287382393
-616.5647840531561,0.029802648517617394
-616.544850498339,0.03090798934656285
-616.5249169435216,0.03221762075678529
-616.5049833887044,0.03370296388577114
-616.485049833887,0.03533646642733969
-616.4651162790698,0.037092623935226054
-616.4451827242525,0.03894846594008262
-616.4252491694352,0.040883667297909404
-616.4053156146181,0.04288043161993377
-616.3853820598007,0.044923257184298133
-616.3654485049834,0.04699865814416369
-616.3455149501661,0.049094884035452424
-616.3255813953489,0.051201660048230783
-616.3056478405316,0.05330995769662743
-616.2857142857143,0.05541179816078811
-616.265780730897,0.05750008673489853
-616.2458471760798,0.05956847508533237
-616.2259136212625,0.061611247477533146
-616.2059800664452,0.06362322720003037
-616.186046511628,0.06559969976857069
-616.1661129568106,0.06753634994964197
-616.1461794019934,0.06942921010606427
-616.126245847176,0.0712746177930812
-616.1063122923589,0.07306918090438472
-616.0863787375415,0.07480974898089995
-616.0664451827242,0.0764933895548267
-616.0465116279071,0.0781173686138907
-616.0265780730897,0.07967913444343966
-616.0066445182725,0.08117630424349
-615.9867109634552,0.08260665303064484
-615.9667774086379,0.08396810442537629
-615.9468438538206,0.08525872299867077
-615.9269102990033,0.08647670791094833
-615.9069767441861,0.08762038762425343
-615.8870431893688,0.08868821550738491
-615.8671096345515,0.08967876618541282
-615.8471760797343,0.09059073251063937
-615.827242524917,0.09142292305346537
-615.8073089700997,0.09217426002876773
-615.7873754152824,0.09284377758807433
-615.7674418604652,0.09343062041960182
-615.7475083056479,0.09393404260841941
-615.7275747508305,0.0943534067173899
-615.7076411960134,0.09468818305683997
-615.6877076411961,0.09493794911705998
-615.6677740863788,0.0951023891432935
-615.6478405315615,0.09518129383760394
-615.6279069767442,0.09517456017641612
-615.607973421927,0.0950821913366356
-615.5880398671096,0.09490429672702136
-615.5681063122925,0.09464109212530196
-615.5481727574751,0.09429289992525482
-615.5282392026578,0.09386014950186922
-615.5083056478406,0.09334337770687005
-615.4883720930233,0.09274322951130436
-615.4684385382061,0.0920604588169475
-615.4485049833887,0.09129592946379485
-615.4285714285714,0.09045061646753143
-615.4086378737542,0.08952560752828623
-615.3887043189369,0.08852210486081284
-615.3687707641197,0.08744142740687348
-615.3488372093024,0.08628501350305212
-615.3289036544851,0.08505442409240538
-615.3089700996678,0.0837513465866509
-615.2890365448505,0.08237759950784743
-615.2691029900333,0.08093513806575314
-615.249169435216,0.07942606086025396
-615.2292358803986,0.0778526179394058
-615.2093023255815,0.07621722049395821
-615.1893687707642,0.07452245253200675
-615.1694352159469,0.07277108495452517
-615.1495016611296,0.07096609254879378
-615.1295681063123,0.06911067453566885
-615.1096345514951,0.06720827945422686
-615.0897009966777,0.06526263534968019
-615.0697674418606,0.0632777864545992
-615.0498338870432,0.06125813782681797
-615.0299003322259,0.05920850973615935
-615.0099667774087,0.05713420397909022
-614.9900332225914,0.05504108474036141
-614.9700996677742,0.05293567709137818
-614.9501661129568,0.05082528666266528
-614.9302325581396,0.048718144340287754
-614.9102990033223,0.04662357980173778
-614.890365448505,0.04455222694628191
-614.8704318936877,0.04251626214390931
-614.8504983388705,0.04052967169105441
-614.8305647840532,0.03860853637196112
-614.8106312292359,0.03677130651283044
-614.7906976744187,0.03503901815449375
-614.7707641196014,0.03343536881890043
-614.7508305647841,0.031986532586136075
-614.7308970099667,0.03072056034925561
-614.7109634551496,0.029666207646222492
-614.6910299003322,0.028851098177523855
-614.671096345515,0.02829930022710596
-614.6511627906978,0.028028653723896752
-614.6312292358804,0.02804843684130873
-614.6112956810632,0.028358031824588365
-614.5913621262458,0.028947019540150318
-614.5714285714287,0.029796670886932972
-614.5514950166113,0.030882359839835807
-614.531561461794,0.03217623197088202
-614.5116279069767,0.03364956539584177
-614.4916943521595,0.03527452215476012
-614.4717607973423,0.03702524033399042
-614.4518272425249,0.038878372316692285
-614.4318936877077,0.040813229136074124
-614.4119601328904,0.04281168164609964
-614.3920265780731,0.04485793370437549
-614.3720930232558,0.046938244278027834
-614.3521594684386,0.049040644418327756
-614.3322259136212,0.05115467345802857
-614.312292358804,0.05327114517441018
-614.2923588039868,0.05538194678226408
-614.2724252491695,0.05747986946543618
-614.2524916943522,0.05955846724590102
-614.2325581395348,0.06161194034843939
-614.2126245847177,0.06363503924416335
-614.1926910299003,0.06562298589351474
-614.1727574750831,0.06757140916324794
-614.1528239202659,0.06947629186013503
-614.1328903654485,0.0713339272570386
-614.1129568106313,0.07314088336635309
-614.0930232558139,0.07489397353659491
-614.0730897009968,0.07659023221433277
-614.0531561461794,0.07822689493185793
-614.0332225913621,0.07980138175826058
-614.0132890365448,0.08131128359507589
-613.9933554817276,0.08275435081334115
-613.9734219269104,0.08412848382232914
-613.953488372093,0.08543172523529008
-613.9335548172758,0.08666225335858611
-613.9136212624585,0.08781837677947262
-613.8936877076412,0.08889852986783003
-613.873754152824,0.0899012690396042
-613.8538205980067,0.09082526965602859
-613.8338870431894,0.09166932345460965
-613.8139534883721,0.09243233642548462
-613.7940199335549,0.09311332706170763
-613.7740863787376,0.09371142492422213
-613.7541528239203,0.09422586947247082
-613.734219269103,0.09465600912044186
-613.7142857142858,0.09500130048515135
-613.6943521594684,0.09526130780103616
-613.6744186046512,0.09543570247918849
-613.6544850498339,0.09552426279533616
-613.6345514950167,0.09552687369486154
-613.6146179401994,0.09544352670728627
-613.594684385382,0.09527431996645472
-613.5747508305649,0.0950194583366029
-613.5548172757475,0.09467925364794022
-613.5348837209303,0.09425412504971205
-613.514950166113,0.09374459949234872
-613.4950166112957,0.09315131235512135
-613.4750830564784,0.092475008240476
-613.4551495016611,0.09171654196179697
-613.435215946844,0.09087687975783497
-613.4152823920266,0.08995710077431701
-613.3953488372093,0.08895839886214527
-613.375415282392,0.08788208475179654
-613.3554817275748,0.08672958867595901
-613.3355481727575,0.08550246352735759
-613.3156146179402,0.08420238865659632
-613.2956810631229,0.08283117443691793
-613.2757475083057,0.0813907677491107
-613.2558139534884,0.0798832585729743
-613.2358803986712,0.07831088791153012
-613.2159468438539,0.07667605732399692
-613.1960132890365,0.07498134040478781
-613.1760797342193,0.07322949662172361
-613.156146179402,0.07142348802066834
-613.1362126245848,0.06956649942086673
-613.1162790697675,0.06766196286964002
-613.0963455149501,0.06571358730440875
-613.076411960133,0.06372539458997421
-613.0564784053156,0.06170176336791825
-613.0365448504984,0.059647482478916894
-613.0166112956811,0.0575678161012823
-612.9966777408638,0.055468583186181426
-612.9767441860465,0.0533562542417793
-612.9568106312292,0.05123806897567663
-612.9368770764121,0.04912217864338596
-612.9169435215947,0.04701781697102721
-612.8970099667774,0.04493550286498496
-612.8770764119602,0.04288727617817055
-612.8571428571429,0.04088696358091386
-612.8372093023256,0.03895046358972587
-612.8172757475083,0.03709602600730578
-612.7973421926911,0.03534447915897281
-612.7774086378738,0.03371932699926377
-612.7574750830565,0.032246599559776545
-612.7375415282393,0.03095430464283549
-612.717607973422,0.02987132004512882
-612.6976744186047,0.029025621937942246
-612.6777408637874,0.028441902942641418
-612.6578073089701,0.028138888486246676
-612.6378737541529,0.028126921444779164
-612.6179401993355,0.02840648435757443
-612.5980066445184,0.028968130751370055
-612.5780730897011,0.029793848312689355
-612.5581395348837,0.03085941509740889
-612.5382059800666,0.03213708434764948
-612.5182724252492,0.03359800974024245
-612.498338870432,0.035214077120784275
-612.4784053156146,0.0369590694984884
-612.4584717607974,0.03880925986282213
-612.4385382059801,0.04074359061984691
-612.4186046511628,0.04274359398900684
-612.3986710963457,0.04479317338692041
-612.3787375415283,0.046878326942013986
-612.358803986711,0.0489868621704334
-612.3388704318937,0.051108128168312346
-612.3189368770765,0.05323277724743294
-612.2990033222592,0.05535255951639922
-612.2790697674419,0.05746014941800939
-612.2591362126245,0.05954900113091453
-612.2392026578074,0.06161322900036355
-612.2192691029901,0.06364750913865032
-612.1993355481728,0.06564699865394966
-612.1794019933556,0.06760726941676935
-612.1594684385382,0.06952425374552766
-612.139534883721,0.07139419983309245
-612.1196013289036,0.07321363512368932
-612.0996677740865,0.07497933617776197
-612.0797342192691,0.07668830383605928
-612.0598006644518,0.0783377427178766
-612.0398671096347,0.07992504427076255
-612.0199335548173,0.08144777273622351
-612.0000000000001,0.08290365351509635
-611.9800664451827,0.08429056351196684
-611.9601328903655,0.08560652311554161
-611.9401993355482,0.08684968953404003
-611.9202657807309,0.08801835125552092
-611.9003322259138,0.08911092344363865
-611.8803986710964,0.0901259441128169
-611.8604651162791,0.09106207095402721
-611.8405315614618,0.09191807870438919
-611.8205980066446,0.09269285697229605
-611.8006644518273,0.09338540844486597
-611.78073089701,0.09399484741691956
-611.7607973421926,0.09452039859145252
-611.7408637873755,0.09496139611012637
-611.7209302325582,0.09531728278019937
-611.7009966777409,0.09558760947036112
-611.6810631229237,0.09577203465396557
-611.6611295681063,0.0958703240829028
-611.6411960132891,0.09588235057989362
-611.6212624584717,0.09580809394122813
-611.6013289036546,0.09564764094574744
-611.5813953488372,0.09540118546977475
-611.5614617940199,0.09506902871131362
-611.5415282392028,0.09465157953098803
-611.5215946843854,0.09414935492101063
-611.5016611295682,0.09356298061804795
-611.4817275747508,0.0928931918807176
-611.4617940199336,0.09214083445788623
-611.4418604651163,0.09130686578039598
-611.421926910299,0.09039235641604502
-611.4019933554817,0.08939849183622749
-611.3820598006645,0.08832657455302563
-611.3621262458472,0.08717802669744201
-611.3421926910299,0.08595439312429799
-611.3222591362127,0.08465734514693414
-611.3023255813954,0.0832886850262477
-611.2823920265781,0.08185035136496625
-611.2624584717607,0.08034442559003424
-611.2425249169436,0.0787731397454894
-611.2225913621262,0.07713888586684914
-611.202657807309,0.07544422726816409
-611.1827242524918,0.07369191214731025
-611.1627906976744,0.07188489000743996
-611.1428571428572,0.07002633150710319
-611.1229235880398,0.0681196524934225
-611.1029900332227,0.06616854314843756
-611.0830564784053,0.0641770033950428
-611.063122923588,0.06214938597316445
-611.0431893687708,0.060090448916109776
-611.0232558139535,0.058005419534974206
-611.0033222591363,0.0559000724528408
-610.9833887043189,0.053780824703002925
-610.9634551495017,0.051654851370929324
-610.9435215946844,0.049530225621300425
-610.9235880398671,0.047416087023250404
-610.9036544850499,0.04532284152999195
-610.8837209302326,0.04326239470301162
-610.8637873754153,0.04124841584915135
-610.843853820598,0.039296623218068316
-610.8239202657808,0.03742506729900708
-610.8039867109635,0.03565436827172235
-610.7840531561462,0.034007833226492236
-610.764119601329,0.03251134044626961
-610.7441860465117,0.031192841033407075
-610.7242524916943,0.030081314811587954
-610.7043189368771,0.029205064785298118
-610.6843853820599,0.028589381017908824
-610.6644518272426,0.028253853193367123
-610.6445182724253,0.02820988077926672
-610.624584717608,0.02845905601687022
-610.6046511627908,0.02899293059098193
-610.5847176079734,0.02979424378594886
-610.5647840531562,0.030839213154641314
-610.5448504983389,0.03210022876986705
-610.5249169435216,0.033548339588943044
-610.5049833887044,0.03515516565018215
-610.485049833887,0.03689413790251539
-610.4651162790699,0.038741148043801965
-610.4451827242525,0.040674765189234185
-610.4252491694352,0.04267617705392809
-610.405315614618,0.04472898052628795
-610.3853820598007,0.04681890714281744
-610.3654485049834,0.048933535724152065
-610.3455149501661,0.05106202064462709
-610.3255813953489,0.05319484892627879
-610.3056478405316,0.05532363034767801
-610.2857142857143,0.05744091990928431
-610.2657807308971,0.05954006968836297
-610.2458471760798,0.061615106262577615
-610.2259136212624,0.06366062980322836
-610.2059800664452,0.06567173123552772
-610.1860465116279,0.06764392430921606
-610.1661129568107,0.06957308989875349
-610.1461794019934,0.07145543030002126
-610.126245847176,0.07328743168584345
-610.1063122923589,0.07506583321918649
-610.0863787375415,0.07678760160309066
-610.0664451827244,0.0784499100763289
-610.046511627907,0.08005012105099502
-610.0265780730897,0.08158577173959138
-610.0066445182724,0.08305456224157004
-609.9867109634552,0.08445434565768634
-609.966777408638,0.08578311988015166
-609.9468438538206,0.08703902077047858
-609.9269102990033,0.08822031648906352
-609.9069767441861,0.08932540278230128
-609.8870431893688,0.09035279906740294
-609.8671096345515,0.09130114518279148
-609.8471760797343,0.0921691986948905
-609.827242524917,0.09295583267078897
-609.8073089700997,0.0936600338417256
-609.7873754152824,0.09428090109534726
-609.7674418604652,0.09481764424521497
-609.7475083056479,0.09526958303529419
-609.7275747508306,0.09563614634472634
-609.7076411960134,0.0959168715648307
-609.687707641196,0.09611140412597576
-609.6677740863788,0.09621949715710246
-609.6478405315615,0.09624101126517211
-609.6279069767443,0.09617591442602232
-609.607973421927,0.09602428198204302
-609.5880398671096,0.09578629674596574
-609.5681063122925,0.09546224921372144
-609.5481727574751,0.09505253789333339
-609.5282392026579,0.09455766976078495
-609.5083056478405,0.093978260858292
-609.4883720930233,0.09331503705515297
-609.4684385382061,0.09256883499690041
-609.4485049833887,0.09174060327467266
-609.4285714285716,0.09083140385392115
-609.4086378737542,0.08984241381010966
-609.3887043189369,0.08877492742906212
-609.3687707641196,0.08763035874156239
-609.3488372093024,0.0864102445762731
-609.3289036544851,0.08511624823232611
-609.3089700996678,0.0837501638940815
-609.2890365448505,0.08231392193629625
-609.2691029900333,0.08080959529948742
-609.249169435216,0.07923940715382632
-609.2292358803987,0.077605740117922
-609.2093023255815,0.07591114735748916
-609.1893687707641,0.07415836596220492
-609.1694352159469,0.07235033308938027
-609.1495016611295,0.07049020547556326
-609.1295681063124,0.06858138305639191
-609.1096345514951,0.06662753760742104
-609.0897009966777,0.06463264753105269
-609.0697674418606,0.06260104017461246
-609.0498338870432,0.060537443378961414
-609.029900332226,0.058447048330415995
-609.0099667774086,0.0563355862192064
-608.9900332225914,0.05420942168007819
-608.9700996677741,0.05207566646340704
-608.9501661129568,0.04994231716826381
-608.9302325581397,0.0478184209878607
-608.9102990033223,0.04571427295345874
-608.890365448505,0.04364164656413281
-608.8704318936877,0.04161405605265095
-608.8504983388705,0.03964704147146631
-608.8305647840532,0.03775845534391193
-608.8106312292359,0.03596870951454366
-608.7906976744185,0.03430091128995104
-608.7707641196014,0.032780780032439005
-608.7508305647841,0.03143619717145568
-608.7308970099668,0.030296224925559636
-608.7109634551496,0.029389467791765492
-608.6910299003322,0.028741786052986832
-608.671096345515,0.02837361126544939
-608.6511627906976,0.028297389571226086
-608.6312292358805,0.028515830395798757
-608.6112956810631,0.029021507709045286
-608.5913621262458,0.029797946800820294
-608.5714285714287,0.030821840657161915
-608.5514950166113,0.03206574640839414
-608.5315614617941,0.033500629191037114
-608.5116279069767,0.03509785462059659
-608.4916943521595,0.03683050530203634
-608.4717607973422,0.038674090155430996
-608.4518272425249,0.04060680053187415
-608.4318936877078,0.04260947381659755
-608.4119601328904,0.044665394242270055
-608.3920265780731,0.04676002091824976
-608.3720930232558,0.048880698712379766
-608.3521594684386,0.051016382695191834
-608.3322259136213,0.05315739068559409
-608.312292358804,0.055295188829742395
-608.2923588039866,0.057422209917100356
-608.2724252491695,0.05953170160865274
-608.2524916943522,0.061617600778873446
-608.232558139535,0.06367443003627754
-608.2126245847177,0.06569721275943978
-608.1926910299003,0.06768140342535421
-608.1727574750831,0.06962283048601639
-608.1528239202657,0.07151764950400459
-608.1328903654486,0.07336230466130324
-608.1129568106312,0.07515349710020597
-608.0930232558139,0.07688815884237414
-608.0730897009968,0.07856343126839134
-608.0531561461794,0.08017664733218771
-608.0332225913622,0.08172531684060699
-608.0132890365448,0.08320711425378122
-607.9933554817276,0.08461986856347532
-607.9734219269103,0.08596155488810493
-607.953488372093,0.08723028748904085
-607.9335548172758,0.08842431396617322
-607.9136212624585,0.08954201043362034
-607.8936877076412,0.09058187751194474
-607.873754152824,0.09154253700133758
-607.8538205980067,0.09242272912404025
-607.8338870431894,0.09322131024322595
-607.8139534883721,0.09393725098154562
-607.7940199335549,0.09456963467570687
-607.7740863787376,0.09511765611435086
-607.7541528239202,0.0955806205158967
-607.734219269103,0.0959579427107129
-607.7142857142858,0.09624914649885337
-607.6943521594685,0.09645386416028978
-607.6744186046512,0.09657183609982685
-607.6544850498339,0.09660291061350822
-607.6345514950167,0.09654704376746424
-607.6146179401993,0.09640429938423785
-607.5946843853822,0.09617484913538023
-607.5747508305648,0.09585897274298268
-607.5548172757475,0.09545705829656938
-607.5348837209303,0.09496960269602231
-607.514950166113,0.09439721223536698
-607.4950166112958,0.09374060334722506
-607.4750830564784,0.09300060353307013
-607.4551495016611,0.092178152510559
-607.4352159468439,0.0912743036164383
-607.4152823920266,0.09029022551173761
-607.3953488372093,0.08922720424602064
-607.375415282392,0.08808664574910276
-607.3554817275748,0.08687007883283832
-607.3355481727575,0.08557915880269565
-607.3156146179402,0.08421567179954892
-607.295681063123,0.08278154001732717
-607.2757475083057,0.08127882797324269
-607.2558139534883,0.07970975004510643
-607.2358803986712,0.07807667953731573
-607.2159468438539,0.07638215959469777
-607.1960132890366,0.07462891635519968
-607.1760797342193,0.0728198748211001
-607.156146179402,0.07095817803862432
-607.1362126245848,0.06904721031247667
-607.1162790697674,0.06709062535103562
-607.0963455149503,0.06509238044636409
-607.0764119601329,0.06305677804895132
-607.0564784053156,0.06098851640644885
-607.0365448504984,0.05889275130440099
-607.0166112956811,0.05677517137384317
-606.9966777408639,0.05464208990235584
-606.9767441860465,0.052500556564071495
-606.9568106312292,0.0503584928868236
-606.936877076412,0.04822485543722955
-606.9169435215947,0.04610983032696498
-606.8970099667774,0.04402506120261866
-606.8770764119602,0.04198390951498485
-606.8571428571429,0.04000173923263741
-606.8372093023256,0.03809620637378527
-606.8172757475083,0.03628751447835573
-606.7973421926911,0.03459856851725864
-606.7774086378738,0.033054922299289094
-606.7574750830565,0.03168437529187693
-606.7375415282393,0.030516053179106085
-606.7176079734219,0.029578837078709955
-606.6976744186047,0.028899130176361074
-606.6777408637874,0.028498182623772343
-606.6578073089702,0.028389475715785015
-606.6378737541529,0.02857684171144256
-606.6179401993355,0.02905389959539039
-606.5980066445184,0.029804994562174378
-606.578073089701,0.03080733135938907
-606.5581395348838,0.03203366535604381
-606.5382059800664,0.033454899860725806
-606.5182724252492,0.035042158384085295
-606.498338870432,0.036768179551853276
-606.4784053156146,0.03860808838823555
-606.4584717607975,0.04053969415928029
-606.4385382059801,0.042543478106081285
-606.4186046511628,0.04460240561007746
-606.3986710963455,0.04670165741384043
-606.3787375415283,0.0488283390606121
-606.358803986711,0.050971201624926014
-606.3388704318937,0.053120389710069695
-606.3189368770765,0.05526722244171688
-606.2990033222592,0.05740400755739504
-606.2790697674419,0.0595238859267409
-606.2591362126246,0.06162070273580278
-606.2392026578074,0.06368890136776932
-606.21926910299,0.06572343625747842
-606.1993355481728,0.06771970142971895
-606.1794019933556,0.069673471912893
-606.1594684385383,0.07158085568131316
-606.139534883721,0.07343825419116327
-606.1196013289036,0.07524232992785966
-606.0996677740865,0.07698997967713557
-606.0797342192691,0.07867831247443038
-606.0598006644519,0.08030463138495814
-606.0398671096345,0.08186641842642711
-606.0199335548173,0.08336132207581999
-606.0000000000001,0.08478714690555389
-605.9800664451827,0.08614184497841215
-605.9601328903656,0.08742350869813423
-605.9401993355482,0.08863036486756286
-605.9202657807309,0.08976076975023325
-605.9003322259136,0.09081320496761398
-605.8803986710964,0.09178627409319534
-605.8604651162791,0.09267869982894877
-605.8405315614618,0.09348932166915153
-605.8205980066446,0.09421709397289516
-605.8006644518273,0.09486108438005982
-605.78073089701,0.09542047251687401
-605.7607973421927,0.09589454894645319
-605.7408637873755,0.09628271432792349
-605.7209302325581,0.0965844787544335
-605.7009966777409,0.09679946124645432
-605.6810631229235,0.096927389381853
-605.6611295681064,0.09696809904903596
-605.6411960132891,0.09692153431367566
-605.6212624584717,0.09678774739358899
-605.6013289036546,0.0965668987401284
-605.5813953488372,0.09625925722836898
-605.56146179402,0.0958652004621041
-605.5415282392026,0.09538521520387995
-605.5215946843854,0.09481989794446465
-605.5016611295681,0.09416995563114144
-605.4817275747508,0.09343620657926438
-605.4617940199337,0.09261958159794456
-605.4418604651163,0.09172112536750537
-605.421926910299,0.09074199811469981
-605.4019933554817,0.08968347764142824
-605.3820598006645,0.0885469617743029
-605.3621262458472,0.08733397131614998
-605.3421926910299,0.08604615359768582
-605.3222591362126,0.0846852867475264
-605.3023255813954,0.08325328482392871
-605.2823920265781,0.0817522039816822
-605.2624584717609,0.08018424988520985
-605.2425249169436,0.07855178662447446
-605.2225913621262,0.07685734744747426
-605.202657807309,0.0751036476929162
-605.1827242524917,0.07329360039412604
-605.1627906976745,0.07143033513300276
-605.1428571428571,0.06951722085707972
-605.1229235880398,0.06755789353858337
-605.1029900332227,0.06555628975938158
-605.0830564784053,0.06351668755666627
-605.0631229235881,0.06144375616921341
-605.0431893687708,0.059342616687687706
-605.0232558139535,0.05721891603566338
-605.0033222591362,0.055078917178552594
-604.9833887043189,0.05292960894193845
-604.9634551495018,0.05077883924070601
-604.9435215946844,0.048635475724041914
-604.9235880398671,0.0465095975444093
-604.9036544850499,0.044412720667076966
-604.8837209302326,0.042358056026809
-604.8637873754153,0.040360793624077754
-604.843853820598,0.03843839448827874
-604.8239202657808,0.03661085402775932
-604.8039867109635,0.034900872592898355
-604.7840531561462,0.03333383222448679
-604.764119601329,0.031937438691060305
-604.7441860465117,0.03074086279307381
-604.7242524916944,0.029773237779731104
-604.7043189368771,0.029061482301317745
-604.6843853820598,0.02862764097162773
-604.6644518272426,0.028486217188215986
-604.6445182724252,0.0286421699484974
-604.6245847176081,0.02909018467358616
-604.6046511627908,0.029815459955913403
-604.5847176079734,0.030795749154185984
-604.5647840531562,0.0320040381623113
-604.5448504983389,0.033411191698712775
-604.5249169435217,0.03498810454826006
-604.5049833887043,0.03670717646216582
-604.485049833887,0.03854314787291988
-604.4651162790698,0.040473441815959355
-604.4451827242525,0.0424781775860516
-604.4252491694353,0.04453999543663209
-604.405315614618,0.04664379167849622
-604.3853820598007,0.04877642701966604
-604.3654485049834,0.05092644371146205
-604.3455149501661,0.053083809006120995
-604.3255813953489,0.05523969151306375
-604.3056478405316,0.05738627098470598
-604.2857142857142,0.05951657904641862
-604.2657807308971,0.06162436714532288
-604.2458471760798,0.06370399772224053
-604.2259136212625,0.06575035482571139
-604.2059800664452,0.06775877081094503
-604.1860465116279,0.06972496624982838
-604.1661129568107,0.0716450006467043
-604.1461794019933,0.07351523197444115
-604.1262458471762,0.07533228340629995
-604.1063122923588,0.07709301592115181
-604.0863787375415,0.07879450570839189
-604.0664451827244,0.08043402550183436
-604.046511627907,0.08200902913609982
-604.0265780730898,0.08351713875200593
-604.0066445182724,0.08495613418425585
-603.9867109634552,0.08632394415098928
-603.9667774086379,0.08761863893450135
-603.9468438538206,0.08883842429841228
-603.9269102990033,0.08998163643225696
-603.9069767441861,0.09104673775134796
-603.8870431893688,0.09203231340982682
-603.8671096345515,0.09293706840952409
-603.8471760797343,0.09375982520734447
-603.827242524917,0.09449952174062368
-603.8073089700997,0.09515520980360877
-603.7873754152824,0.09572605371986817
-603.7674418604652,0.09621132926494823
-603.7475083056479,0.09661042280188387
-603.7275747508306,0.0969228305991284
-603.7076411960134,0.09714815830653074
-603.6877076411961,0.0972861205703236
-603.6677740863788,0.09733654077281792
-603.6478405315614,0.0972993508868641
-603.6279069767443,0.09717459143917562
-603.6079734219269,0.09696241158050907
-603.5880398671097,0.0966630692644947
-603.5681063122925,0.09627693154079474
-603.5481727574751,0.09580447497233206
-603.5282392026579,0.09524628619065938
-603.5083056478405,0.09460306260819161
-603.4883720930234,0.09387561331142072
-603.468438538206,0.0930648601652424
-603.4485049833887,0.09217183916534032
-603.4285714285714,0.0911977020839675
-603.4086378737542,0.09014371846372647
-603.388704318937,0.08901127802562467
-603.3687707641196,0.08780189357129949
-603.3488372093024,0.0865172044757003
-603.3289036544851,0.08515898088669838
-603.3089700996678,0.08372912877237751
-603.2890365448505,0.08222969598658231
-603.2691029900333,0.0806628795599362
-603.2491694352159,0.07903103446860067
-603.2292358803987,0.07733668418872486
-603.2093023255815,0.0755825334133601
-603.1893687707642,0.07377148339417833
-603.1694352159469,0.07190665047610241
-603.1495016611295,0.06999138852465174
-603.1295681063124,0.06802931610848534
-603.109634551495,0.06602434950096675
-603.0897009966778,0.06398074281117398
-603.0697674418604,0.061903136855003586
-603.0498338870432,0.05979661873590416
-603.029900332226,0.05766679452370422
-603.0099667774086,0.05551987788927824
-602.9900332225915,0.05336279804105067
-602.9700996677741,0.05120333074549542
-602.9501661129568,0.049050256454384315
-602.9302325581396,0.04691354934086998
-602.9102990033223,0.04480459989489019
-602.890365448505,0.04273647086217019
-602.8704318936877,0.04072418049495455
-602.8504983388705,0.03878499652184994
-602.8305647840532,0.03693870666343571
-602.8106312292359,0.03520780476792229
-602.7906976744187,0.03361749544734598
-602.7707641196014,0.03219537970976023
-602.750830564784,0.030970655797265295
-602.7308970099668,0.029972685026593792
-602.7109634551496,0.029228873911901238
-602.6910299003323,0.028762036373095917
-602.671096345515,0.028587683008378585
-602.6511627906976,0.028711901238144533
-602.6312292358805,0.02913046247466657
-602.6112956810631,0.02982945126556135
-602.5913621262459,0.030787206552563524
-602.5714285714286,0.03197697792346137
-602.5514950166113,0.033369615928567756
-602.5315614617941,0.03493580112063786
-602.5116279069767,0.03664760033738408
-602.4916943521596,0.03847936928678479
-602.4717607973422,0.04040814094498747
-602.4518272425249,0.04241366700085274
-602.4318936877077,0.04447825633664947
-602.4119601328904,0.0465865147394984
-602.3920265780731,0.04872505251609438
-602.3720930232558,0.05088219820208498
-602.3521594684386,0.05304773749863736
-602.3322259136213,0.055212684944148056
-602.312292358804,0.05736908932118275
-602.2923588039868,0.059509870513999
-602.2724252491695,0.06162868414350993
-602.2524916943521,0.06371980996054882
-602.232558139535,0.06577806015948298
-602.2126245847176,0.06779870418755705
-602.1926910299004,0.06977740710986774
-602.1727574750831,0.07171017906463516
-602.1528239202657,0.0735933337717723
-602.1328903654486,0.07542345442685436
-602.1129568106312,0.07719736562233225
-602.093023255814,0.07891211019321691
-602.0730897009967,0.08056493009279667
-602.0531561461794,0.08215325057306995
-602.0332225913621,0.08367466708076633
-602.0132890365448,0.08512693439007732
-601.9933554817277,0.08650795758160032
-601.9734219269103,0.08781578454879006
-601.953488372093,0.08904859977060436
-601.9335548172758,0.09020471913615719
-601.9136212624585,0.0912825856447833
-601.8936877076412,0.09228076583601161
-601.873754152824,0.09319794682921112
-601.8538205980067,0.09403293387312985
-601.8338870431894,0.09478464832294536
-601.8139534883721,0.0954521259763436
-601.7940199335549,0.0960345157119831
-601.7740863787376,0.09653107838362224
-601.7541528239203,0.09694118593148672
-601.734219269103,0.0972643206796982
-601.7142857142857,0.09750007479460775
-601.6943521594685,0.09764814988438264
-601.6744186046511,0.09770835672508456
-601.654485049834,0.0976806151026989
-601.6345514950167,0.09756495376485436
-601.6146179401993,0.09736151047969888
-601.5946843853822,0.0970705322033806
-601.5747508305648,0.0966923753614418
-601.5548172757476,0.09622750625334289
-601.5348837209302,0.095676501593838
-601.514950166113,0.09504004920936693
-601.4950166112958,0.09431894891319212
-601.4750830564784,0.0935141135886209
-601.4551495016613,0.09262657051684109
-601.4352159468439,0.0916574629935793
-601.4152823920266,0.09060805228860659
-601.3953488372093,0.0894797200130265
-601.375415282392,0.08827397097296359
-601.3554817275748,0.08699243660434643
-601.3355481727575,0.08563687910331158
-601.3156146179402,0.08420919639056472
-601.295681063123,0.08271142807737326
-601.2757475083057,0.08114576263676514
-601.2558139534884,0.07951454602777808
-601.2358803986712,0.07782029207519099
-601.2159468438538,0.0760656949747853
-601.1960132890366,0.07425364437777421
-601.1760797342192,0.07238724361228742
-601.1561461794021,0.07046983172853297
-601.1362126245848,0.06850501021411015
-601.1162790697674,0.06649667542355449
-601.0963455149503,0.06444905800860455
-601.0764119601329,0.062366770931087265
-601.0564784053157,0.06025486799425298
-601.0365448504983,0.05811891524330417
-601.0166112956811,0.05596507805300333
-600.9966777408638,0.053800227211951525
-600.9767441860465,0.05163206776363024
-600.9568106312294,0.04946929463913768
-600.936877076412,0.04732177896705816
-600.9169435215947,0.045200787925793115
-600.8970099667774,0.04311923836912833
-600.8770764119602,0.04109197901908999
-600.8571428571429,0.039136086042265456
-600.8372093023256,0.037271140053375666
-600.8172757475083,0.035519426783513254
-600.7973421926911,0.03390596818544818
-600.7774086378738,0.032458250037787545
-600.7574750830565,0.031205481022388938
-600.7375415282393,0.030177227008451324
-600.717607973422,0.02940135488926158
-600.6976744186047,0.028901422134334293
-600.6777408637873,0.028693930289403518
-600.6578073089702,0.02878609514599001
-600.6378737541528,0.029174792182063414
-600.6179401993356,0.029847023781528675
-600.5980066445184,0.030781751708613574
-600.578073089701,0.03195252335386767
-600.5581395348838,0.03333020069645482
-600.5382059800664,0.03488526560440009
-600.5182724252493,0.03658945872140184
-600.4983388704319,0.038416751340875584
-600.4784053156146,0.04034378273916688
-600.4584717607974,0.04234993135565337
-600.4385382059801,0.04441716837460537
-600.4186046511629,0.04652980283633707
-600.3986710963455,0.04867418893418359
-600.3787375415283,0.05083843645371351
-600.358803986711,0.05301214521595483
-600.3388704318937,0.05518617202079948
-600.3189368770765,0.057352431600099174
-600.2990033222592,0.059503729519356854
-600.2790697674419,0.061633623418595664
-600.2591362126246,0.06373630855502228
-600.2392026578074,0.06580652375449103
-600.2192691029901,0.0678394742793011
-600.1993355481728,0.06983076860525811
-600.1794019933554,0.07177636658134831
-600.1594684385383,0.073672536882233
-600.1395348837209,0.07551582204111054
-600.1196013289037,0.07730300966812025
-600.0996677740865,0.0790311087215098
-600.0797342192691,0.08069732991288589
-600.0598006644519,0.08229906950153307
-600.0398671096345,0.08383389587295843
-600.0199335548174,0.08529953840988506
-600.0,0.08669387825523213
-599.9800664451827,0.08801494063969093
-599.9601328903655,0.08926088850626121
-599.9401993355482,0.0904300172118477
-599.920265780731,0.09152075012506539
-599.9003322259136,0.09253163497106028
-599.8803986710964,0.09346134080016152
-599.8604651162791,0.09430865547821032
-599.8405315614618,0.09507248361415613
-599.8205980066446,0.09575184485465878
-599.8006644518273,0.0963458724878569
-599.7807308970099,0.09685381230828606
-599.7607973421927,0.09727502170359384
-599.7408637873755,0.097608968930954
-599.7209302325582,0.09785523255742115
-599.7009966777409,0.09801350104387584
-599.6810631229235,0.09808357245723873
-599.6611295681064,0.09806535429989603
-599.641196013289,0.09795886344971137
-599.6212624584718,0.09776422620755831
-599.6013289036545,0.0974816784534715
-599.5813953488372,0.09711156591624998
-599.56146179402,0.09665434456541383
-599.5415282392026,0.09611058113865384
-599.5215946843855,0.09548095382265513
-599.5016611295681,0.09476625311029226
-599.4817275747508,0.09396738286316164
-599.4617940199336,0.09308536161507244
-599.4418604651163,0.09212132416023334
-599.421926910299,0.09107652347889929
-599.4019933554817,0.0899523330645953
-599.3820598006645,0.08875024973006215
-599.3621262458472,0.08747189698516279
-599.3421926910299,0.08611902909922522
-599.3222591362127,0.08469353598395207
-599.3023255813954,0.08319744906153073
-599.282392026578,0.08163294831821781
-599.2624584717609,0.0800023707866494
-599.2425249169435,0.07830822075408102
-599.2225913621263,0.07655318205981121
-599.202657807309,0.07474013292725001
-599.1827242524917,0.07287216387814986
-599.1627906976745,0.07095259940283695
-599.1428571428571,0.06898502421733191
-599.12292358804,0.06697331513191196
-599.1029900332226,0.06492167979416635
-599.0830564784053,0.0628347038600289
-599.0631229235881,0.06071740849557876
-599.0431893687708,0.05857532052254063
-599.0232558139536,0.056414557985606004
-599.0033222591362,0.0542419344138943
-598.9833887043189,0.05206508551178858
-598.9634551495017,0.04989262232166276
-598.9435215946844,0.047734314816646986
-598.9235880398671,0.04560130898656178
-598.9036544850499,0.04350637806384587
-598.8837209302326,0.041464203462643956
-598.8637873754153,0.03949167158691194
-598.843853820598,0.03760815668000624
-598.8239202657808,0.035835735028838536
-598.8039867109635,0.034199241157966506
-598.7840531561462,0.03272603578809668
-598.764119601329,0.03144532178464553
-598.7441860465116,0.030386846708325994
-598.7242524916944,0.02957891059548608
-598.7043189368771,0.029045788240652536
-598.6843853820599,0.028804954613178318
-598.6644518272426,0.028864752066343154
-598.6445182724252,0.029223176604991408
-598.6245847176081,0.02986817945240562
-598.6046511627907,0.030779382499867648
-598.5847176079735,0.031930665836867024
-598.5647840531561,0.03329292955451273
-598.5448504983389,0.0348364734003626
-598.5249169435217,0.03653271929668916
-598.5049833887043,0.038355254885191474
-598.4850498338872,0.040280322306083104
-598.4651162790698,0.042286921139441824
-598.4451827242525,0.04435667847859734
-598.4252491694352,0.04647360027971444
-598.405315614618,0.04862377878110144
-598.3853820598007,0.05079509985723743
-598.3654485049834,0.05297697300548963
-598.3455149501661,0.055160093520637166
-598.3255813953489,0.057336238919463
-598.3056478405316,0.059498097801846214
-598.2857142857143,0.061639127615444454
-598.2657807308971,0.06375343727395962
-598.2458471760797,0.06583569068266927
-598.2259136212625,0.06788102761131755
-598.2059800664451,0.06988499883896122
-598.186046511628,0.07184351298187115
-598.1661129568107,0.07375279286042766
-598.1461794019933,0.07560933964697251
-598.1262458471762,0.07740990336201097
-598.1063122923588,0.07915145855516283
-598.0863787375416,0.08083118422718401
-598.0664451827242,0.08244644722782171
-598.046511627907,0.08399478850842391
-598.0265780730898,0.08547391172442641
-598.0066445182724,0.08688167377660286
-597.9867109634553,0.08821607695527363
-597.9667774086379,0.08947526241288407
-597.9468438538206,0.09065750473946578
-597.9269102990033,0.09176120745556968
-597.9069767441861,0.09278489926985828
-597.8870431893688,0.09372723097498577
-597.8671096345515,0.0945869728772773
-597.8471760797343,0.0953630126735897
-597.827242524917,0.09605435370354524
-597.8073089700997,0.09666011351773202
-597.7873754152824,0.09717952271272354
-597.7674418604652,0.09761192399258459
-597.7475083056479,0.09795677142384711
-597.7275747508306,0.09821362985751092
-597.7076411960132,0.09838217449704412
-597.6877076411961,0.09846219059650294
-597.6677740863788,0.09845357327727229
-597.6478405315615,0.09835632745617741
-597.6279069767443,0.0981705678816657
-597.6079734219269,0.09789651927860164
-597.5880398671097,0.09753451660613982
-597.5681063122923,0.09708500543716705
-597.5481727574752,0.09654854247201324
-597.5282392026578,0.0959257962038387
-597.5083056478405,0.09521754775817565
-597.4883720930234,0.09442469193501371
-597.468438538206,0.09354823848842399
-597.4485049833888,0.09258931368661487
-597.4285714285714,0.09154916220436257
-597.4086378737542,0.0904291494107983
-597.3887043189369,0.08923076412848416
-597.3687707641196,0.08795562195535095
-597.3488372093024,0.08660546926023992
-597.3289036544851,0.08518218798570765
-597.3089700996678,0.08368780142012931
-597.2890365448505,0.08212448113567848
-597.2691029900333,0.08049455533136303
-597.249169435216,0.07880051887292076
-597.2292358803987,0.07704504538630993
-597.2093023255813,0.07523100184218436
-597.1893687707642,0.07336146616868973
-597.1694352159468,0.07143974855409908
-597.1495016611296,0.06946941725452238
-597.1295681063124,0.06745432991243186
-597.109634551495,0.06539867162582814
-597.0897009966778,0.0633070012936727
-597.0697674418604,0.06118430810755412
-597.0498338870433,0.05903608046523513
-597.0299003322259,0.05686839004418144
-597.0099667774086,0.05468799426919204
-596.9900332225914,0.052502460882558194
-596.9700996677741,0.050320318661464115
-596.9501661129569,0.04815123830453747
-596.9302325581396,0.046006246731217386
-596.9102990033223,0.043897975828425105
-596.890365448505,0.04184094195102617
-596.8704318936877,0.03985184360487244
-596.8504983388705,0.037949849525769665
-596.8305647840532,0.03615682545319661
-596.8106312292359,0.03449741405741436
-596.7906976744187,0.03299884162876939
-596.7707641196014,0.03169028945291592
-596.7508305647841,0.030601664264625357
-596.7308970099668,0.029761671912131006
-596.7109634551495,0.029195277475884886
-596.6910299003323,0.02892091023514686
-596.6710963455149,0.028948035274741938
-596.6511627906978,0.029275783804683046
-596.6312292358805,0.02989308597772695
-596.6112956810631,0.030780261302409906
-596.5913621262459,0.031911558505406924
-596.5714285714286,0.03325794389099977
-596.5514950166114,0.03478955301099491
-596.531561461794,0.036477497598524186
-596.5116279069767,0.03829498310499483
-596.4916943521595,0.04021785148365453
-596.4717607973422,0.042224718003871356
-596.451827242525,0.04429685928923432
-596.4318936877077,0.0464179718075563
-596.4119601328904,0.04857387989544155
-596.3920265780731,0.05075224023801304
-596.3720930232558,0.05294226745030693
-596.3521594684386,0.055134491449542765
-596.3322259136213,0.05732054927918312
-596.3122923588039,0.059493009845233154
-596.2923588039868,0.061645228121767065
-596.2724252491695,0.06377122476970426
-596.2524916943522,0.06586558717134912
-596.232558139535,0.06792338825353382
-596.2126245847176,0.06994011995479214
-596.1926910299004,0.07191163868420823
-596.172757475083,0.07383412057236258
-596.1528239202659,0.07570402470947374
-596.1328903654485,0.07751806289940104
-596.1129568106312,0.07927317473414751
-596.093023255814,0.08096650701946935
-596.0730897009967,0.08259539676561681
-596.0531561461795,0.08415735710525685
-596.0332225913621,0.08565006562033246
-596.0132890365448,0.08707135465580187
-595.9933554817276,0.08841920327569046
-595.9734219269103,0.08969173057979761
-595.953488372093,0.09088719014977781
-595.9335548172758,0.09200396543458514
-595.9136212624585,0.09304056591856781
-595.8936877076412,0.09399562394279366
-595.873754152824,0.09486789207256137
-595.8538205980067,0.09565624092227645
-595.8338870431894,0.0963596573642579
-595.8139534883721,0.09697724306052508
-595.7940199335549,0.09750821326723391
-595.7740863787375,0.09795189587032044
-595.7541528239203,0.09830773061865114
-595.734219269103,0.09857526852721861
-595.7142857142858,0.09875417142892419
-595.6943521594685,0.0988442116583887
-595.6744186046511,0.09884527185576687
-595.654485049834,0.098757344882926
-595.6345514950166,0.0985805338481639
-595.6146179401994,0.09831505223962915
-595.5946843853822,0.09796122417151053
-595.5747508305648,0.09751948475104286
-595.5548172757476,0.0969903805785969
-595.5348837209302,0.09637457039779403
-595.5149501661131,0.09567282591765579
-595.4950166112957,0.09488603283452944
-595.4750830564784,0.09401519208818944
-595.4551495016611,0.0930614213942368
-595.4352159468439,0.09202595710384875
-595.4152823920267,0.09091015645282408
-595.3953488372093,0.08971550027450761
-595.375415282392,0.08844359626683439
-595.3554817275748,0.08709618292212486
-595.3355481727575,0.08567513425134571
-595.3156146179402,0.0841824654617986
-595.295681063123,0.08262033978167233
-595.2757475083056,0.08099107666635362
-595.2558139534884,0.07929716167308483
-595.2358803986712,0.07754125835441993
-595.2159468438539,0.07572622259977907
-595.1960132890366,0.07385511995270494
-595.1760797342192,0.07193124655295009
-595.1561461794021,0.06995815450368018
-595.1362126245847,0.06793968265079658
-595.1162790697675,0.06587999399143067
-595.0963455149501,0.06378362121001073
-595.0764119601329,0.06165552217925731
-595.0564784053157,0.05950114766495315
-595.0365448504983,0.05732652393244863
-595.0166112956812,0.055138353450219973
-594.9966777408638,0.052944137370038245
-594.9767441860465,0.05075232382614983
-594.9568106312292,0.048572486130448254
-594.936877076412,0.04641553427185047
-594.9169435215947,0.04429396111496599
-594.8970099667774,0.04222212029430569
-594.8770764119602,0.04021652444046114
-594.8571428571429,0.03829613790641112
-594.8372093023256,0.03648261518504017
-594.8172757475083,0.034800403248926894
-594.7973421926911,0.03327658534981445
-594.7774086378738,0.031940306301518465
-594.7574750830565,0.030821610273030275
-594.7375415282391,0.02994958194410766
-594.717607973422,0.029349849202319596
-594.6976744186047,0.02904177512437912
-594.6777408637874,0.02903594158630162
-594.6578073089702,0.02933262750709981
-594.6378737541528,0.02992177053383451
-594.6179401993356,0.030784424780418398
-594.5980066445183,0.031895243963770734
-594.5780730897011,0.03322528963106705
-594.5581395348838,0.03474455208714262
-594.5382059800664,0.036423842263838775
-594.5182724252493,0.038235985477274755
-594.4983388704319,0.040156420791614265
-594.4784053156147,0.0421633738796818
-594.4584717607974,0.04423776456428982
-594.4385382059801,0.04636297340227124
-594.4186046511628,0.048524550831976945
-594.3986710963455,0.05070991901056403
-594.3787375415284,0.05290809305261662
-594.358803986711,0.05510943357202899
-594.3388704318937,0.05730543383553716
-594.3189368770765,0.059488540289892894
-594.2990033222592,0.06165200312464017
-594.2790697674419,0.06378975281511154
-594.2591362126246,0.06589629859990812
-594.2392026578073,0.06796664519831229
-594.2192691029901,0.06999622455357225
-594.1993355481728,0.07198083988467202
-594.1794019933556,0.07391661979035825
-594.1594684385383,0.07579998055247382
-594.1395348837209,0.07762759512735597
-594.1196013289037,0.07939636759741309
-594.0996677740864,0.08110341208695783
-594.0797342192692,0.08274603533491637
-594.0598006644518,0.08432172226924967
-594.0398671096345,0.08582812405101038
-594.0199335548174,0.08726304815463072
-594.0,0.0886244501310306
-593.9800664451828,0.08991042676447596
-593.9601328903655,0.09111921038602397
-593.9401993355482,0.09224916414878206
-593.9202657807309,0.0932987781043026
-593.9003322259136,0.09426666594752921
-593.8803986710964,0.0951515623205599
-593.8604651162791,0.09595232058436579
-593.8405315614618,0.09666791098306618
-593.8205980066446,0.09729741913846385
-593.8006644518273,0.09784004482314868
-593.78073089701,0.09829510096981095
-593.7607973421927,0.09866201288194112
-593.7408637873754,0.09894031761794916
-593.7209302325582,0.09912966352638755
-593.7009966777408,0.09922980991520088
-593.6810631229237,0.09924062684249634
-593.6611295681064,0.0991620950206263
-593.641196013289,0.09899430582938921
-593.6212624584718,0.0987374614380768
-593.6013289036545,0.09839187504000227
-593.5813953488373,0.09795797120713104
-593.5614617940199,0.09743628637666768
-593.5415282392026,0.09682746948613385
-593.5215946843854,0.09613228277825787
-593.5016611295681,0.0953516028030917
-593.481727574751,0.09448642165095814
-593.4617940199336,0.09353784845758371
-593.4418604651163,0.09250711123174855
-593.421926910299,0.09139555906616995
-593.4019933554817,0.09020466480514842
-593.3820598006645,0.08893602825753984
-593.3621262458472,0.08759138006207474
-593.3421926910299,0.08617258633429412
-593.3222591362127,0.08468165425160686
-593.3023255813954,0.08312073876641238
-593.2823920265781,0.08149215067811168
-593.2624584717609,0.07979836634563553
-593.2425249169435,0.07804203938445015
-593.2225913621263,0.07622601476984976
-593.2026578073089,0.07435334586414935
-593.1827242524918,0.07242731500519851
-593.1627906976745,0.07045145844144989
-593.1428571428571,0.06842959658246174
-593.12292358804,0.06636587075950337
-593.1029900332226,0.06426478796761681
-593.0830564784054,0.06213127539468182
-593.063122923588,0.059970746939476544
-593.0431893687708,0.057789184376754975
-593.0232558139535,0.05559323632524734
-593.0033222591362,0.05339033866711667
-592.983388704319,0.05118886045504404
-592.9634551495017,0.048998279430431876
-592.9435215946844,0.04682939071060156
-592.9235880398671,0.04469455037478951
-592.9036544850499,0.04260795159328514
-592.8837209302326,0.04058592308141019
-592.8637873754153,0.038647225916849735
-592.843853820598,0.03681330271102447
-592.8239202657808,0.035108401079804195
-592.8039867109635,0.033559452954935114
-592.7840531561462,0.0321955522251174
-592.764119601329,0.031046859176508186
-592.7441860465117,0.030142810505831088
-592.7242524916944,0.029509669058125847
-592.704318936877,0.029167710156718093
-592.6843853820599,0.029128625037851158
-592.6644518272425,0.029393851448533567
-592.6445182724253,0.02995436242080061
-592.6245847176081,0.03079198397394114
-592.6046511627907,0.031881812283161635
-592.5847176079735,0.03319503463200677
-592.5647840531561,0.034701516402554373
-592.544850498339,0.03637177814725109
-592.5249169435216,0.03817826773388908
-592.5049833887043,0.04009601892295549
-592.485049833887,0.04210286254806987
-592.4651162790698,0.04417935519451806
-592.4451827242526,0.046308554903571705
-592.4252491694352,0.04847573200857503
-592.405315614618,0.05066806859003434
-592.3853820598007,0.05287437544878749
-592.3654485049834,0.05508483979577936
-592.3455149501661,0.0572908076663953
-592.3255813953489,0.05948460015333539
-592.3056478405315,0.0616593602407139
-592.2857142857143,0.06380892619258483
-592.2657807308971,0.06592772740455033
-592.2458471760798,0.0680106989574297
-592.2259136212625,0.0700532115882031
-592.2059800664451,0.07205101429508623
-592.186046511628,0.07400018726221891
-592.1661129568106,0.07589710320186445
-592.1461794019934,0.07773839556187175
-592.1262458471762,0.0795209323370267
-592.1063122923588,0.08124179446104098
-592.0863787375416,0.0828982579498105
-592.0664451827242,0.08448777912311758
-592.0465116279071,0.0860079823581984
-592.0265780730897,0.08745664993047866
-592.0066445182724,0.08883171357860237
-591.9867109634552,0.09013124749728764
-591.9667774086379,0.0913534625147271
-591.9468438538207,0.09249670125477692
-591.9269102990033,0.09355943411933819
-591.9069767441861,0.0945402559549643
-591.8870431893688,0.09543788329129972
-591.8671096345515,0.09625115205824884
-591.8471760797343,0.09697901570467875
-591.827242524917,0.09762054365473712
-591.8073089700997,0.09817492004890215
-591.7873754152824,0.09864144272628533
-591.7674418604652,0.09901952241243321
-591.7475083056479,0.09930868208391055
-591.7275747508306,0.09950855648665405
-591.7076411960134,0.0996188917904128
-591.6877076411961,0.09963954536624275
-591.6677740863787,0.09957048567839322
-591.6478405315615,0.09941179228588524
-591.6279069767442,0.09916365595316409
-591.607973421927,0.09882637887295709
-591.5880398671097,0.09840037500859418
-591.5681063122923,0.09788617056725253
-591.5481727574752,0.09728440462003049
-591.5282392026578,0.09659582988992522
-591.5083056478406,0.09582131373433811
-591.4883720930233,0.09496183935517598
-591.468438538206,0.09401850727722726
-591.4485049833887,0.0929925371441351
-591.4285714285714,0.09188526989179967
-591.4086378737543,0.09069817037144443
-591.3887043189369,0.0894328305094699
-591.3687707641196,0.08809097310934781
-591.3488372093024,0.08667445642261117
-591.3289036544851,0.0851852796428963
-591.3089700996678,0.08362558950956682
-591.2890365448505,0.0819976882479001
-591.2691029900332,0.08030404312236122
-591.249169435216,0.07854729794090506
-591.2292358803987,0.07673028692432297
-591.2093023255815,0.0748560514489613
-591.1893687707642,0.07292786028835854
-591.1694352159468,0.07094923412454215
-591.1495016611296,0.0689239752799808
-591.1295681063123,0.06685620384282988
-591.1096345514951,0.06475040163042332
-591.0897009966778,0.06261146576494338
-591.0697674418604,0.06044477402694685
-591.0498338870433,0.05825626460490758
-591.0299003322259,0.05605253335659491
-591.0099667774087,0.05384095219844266
-590.9900332225914,0.05162981264873009
-590.9700996677741,0.04942849868713791
-590.9501661129568,0.04724769262410362
-590.9302325581396,0.04509961602011929
-590.9102990033224,0.042998303907910936
-590.890365448505,0.04095990318392003
-590.8704318936877,0.03900297299558317
-590.8504983388705,0.03714874381975274
-590.8305647840532,0.03542126082490022
-590.8106312292359,0.03384729711337714
-590.7906976744187,0.03245588212030398
-590.7707641196013,0.03127727183815044
-590.7508305647841,0.03034122873808761
-590.7308970099668,0.029674622624391113
-590.7109634551496,0.029298618396462115
-590.6910299003323,0.029226007261644503
-590.6710963455149,0.029459394691030063
-590.6511627906978,0.029990815245819216
-590.6312292358804,0.030802903363559283
-590.6112956810632,0.031871235320821846
-590.5913621262458,0.03316715541456666
-590.5714285714286,0.03466042539297724
-590.5514950166114,0.03632128669834466
-590.531561461794,0.03812181304299373
-590.5116279069769,0.04003663083319196
-590.4916943521595,0.04204317099827804
-590.4717607973422,0.04412162050511365
-590.4518272425249,0.046254708261974864
-590.4318936877077,0.048427418245131866
-590.4119601328904,0.05062668685395123
-590.3920265780731,0.05284111570768375
-590.3720930232558,0.05506071446681468
-590.3521594684386,0.05727667844139163
-590.3322259136213,0.05948120044421082
-590.312292358804,0.06166731380945109
-590.2923588039868,0.06382876254670788
-590.2724252491694,0.06595989449681752
-590.2524916943522,0.06805557366251713
-590.2325581395348,0.07011110835785687
-590.2126245847177,0.07212219232606787
-590.1926910299004,0.07408485645198973
-590.172757475083,0.07599542911635367
-590.1528239202659,0.07785050359764858
-590.1328903654485,0.07964691122561565
-590.1129568106313,0.0813816992351721
-590.0930232558139,0.08305211246872991
-590.0730897009967,0.08465557823567452
-590.0531561461794,0.08618969376790461
-590.0332225913621,0.0876522158146688
-590.013289036545,0.08904105200448288
-589.9933554817276,0.09035425366973393
-589.9734219269103,0.09159000988458792
-589.953488372093,0.09274664251130134
-589.9335548172758,0.09382260208621125
-589.9136212624585,0.09481646440607196
-589.8936877076412,0.09572692769957719
-589.873754152824,0.09655281028863107
-589.8538205980067,0.09729304866038505
-589.8338870431894,0.09794669588441612
-589.8139534883721,0.09851292032101701
-589.7940199335549,0.0989910045758204
-589.7740863787376,0.09938034466422248
-589.7541528239203,0.09968044935604446
-589.7342192691029,0.09989093967665626
-589.7142857142858,0.10001154854637376
-589.6943521594685,0.10004212054450622
-589.6744186046512,0.0999826117888945
-589.654485049834,0.09983308992581065
-589.6345514950166,0.09959373422917746
-589.6146179401994,0.09926483581176208
-589.594684385382,0.09884679795529425
-589.5747508305649,0.0983401365704149
-589.5548172757475,0.09774548080197817
-589.5348837209302,0.09706357380030059
-589.5149501661131,0.09629527368430686
-589.4950166112957,0.09544155472919393
-589.4750830564785,0.0945035088184135
-589.4551495016611,0.09348234720850684
-589.4352159468439,0.09237940266563006
-589.4152823920266,0.09119613204482195
-589.3953488372093,0.08993411939762073
-589.375415282392,0.08859507971162629
-589.3554817275748,0.08718086340689801
-589.3355481727575,0.08569346174054268
-589.3156146179402,0.08413501330285268
-589.295681063123,0.08250781182801446
-589.2757475083057,0.08081431559106803
-589.2558139534884,0.0790571587230416
-589.235880398671,0.0772391648507816
-589.2159468438539,0.07536336356056304
-589.1960132890365,0.07343301029947652
-589.1760797342193,0.07145161047118039
-589.1561461794021,0.06942294865925232
-589.1362126245847,0.06735112412948258
-589.1162790697675,0.06524059402978871
-589.0963455149501,0.06309622603064102
-589.076411960133,0.060923362535802356
-589.0564784053156,0.058727899041550666
-589.0365448504983,0.05651637971996348
-589.0166112956811,0.05429611380825285
-588.9966777408638,0.05207531681614259
-588.9767441860466,0.049863280745710434
-588.9568106312292,0.04767057713920703
-588.936877076412,0.04550929528228306
-588.9169435215947,0.043393314385905365
-588.8970099667774,0.0413386016401421
-588.8770764119602,0.03936351567325366
-588.8571428571429,0.037489074721434715
-588.8372093023256,0.03573911867595088
-588.8172757475083,0.03414025469220676
-588.7973421926911,0.03272143471332386
-588.7774086378738,0.03151299048760351
-588.7574750830565,0.030544984202888023
-588.7375415282393,0.029844864227118045
-588.717607973422,0.029434661197790413
-588.6976744186046,0.029328255119324388
-588.6777408637874,0.02952942623119086
-588.6578073089702,0.03003129554202492
-588.6378737541529,0.03081734224327208
-588.6179401993356,0.03186366116138973
-588.5980066445183,0.033141786247278315
-588.5780730897011,0.034621398341949175
-588.5581395348837,0.036272472232906916
-588.5382059800666,0.038066711582077695
-588.5182724252492,0.03997833385035178
-588.4983388704319,0.041984365188667175
-588.4784053156147,0.04406461657962686
-588.4584717607974,0.04620148109548931
-588.4385382059802,0.04837964996962082
-588.4186046511628,0.0505858081663465
-588.3986710963455,0.05280834310885095
-588.3787375415283,0.05503708262480723
-588.358803986711,0.057263067685542984
-588.3388704318937,0.059478359794709806
-588.3189368770765,0.06167588010362523
-588.2990033222592,0.06384927624917014
-588.2790697674419,0.0659928127421619
-588.2591362126246,0.06810128101391179
-588.2392026578074,0.07016992569336605
-588.2192691029901,0.07219438419592315
-588.1993355481727,0.07417063718951367
-588.1794019933556,0.0760949679332015
-588.1594684385382,0.07796392885097606
-588.139534883721,0.07977431400915123
-588.1196013289037,0.08152313641749376
-588.0996677740864,0.08320760927853683
-588.0797342192692,0.08482513047514005
-588.0598006644518,0.08637326971998946
-588.0398671096347,0.08784975789810268
-588.0199335548173,0.08925247822025381
-588.0,0.09057945887500787
-587.9800664451827,0.09182886692350509
-587.9601328903655,0.09299900322698613
-587.9401993355483,0.09408829823389413
-587.9202657807309,0.09509530848394353
-587.9003322259136,0.0960187137110211
-587.8803986710964,0.09685731444724133
-587.8604651162791,0.0976100300470745
-587.8405315614618,0.09827589706452997
-587.8205980066446,0.09885406792780639
-587.8006644518272,0.09934380986566343
-587.78073089701,0.09974450404791879
-587.7607973421927,0.10005564490973545
-587.7408637873755,0.10027683963520541
-587.7209302325582,0.10040780778144534
-587.7009966777408,0.10044838102895139
-587.6810631229237,0.10039850304870446
-587.6611295681063,0.10025822948027496
-587.6411960132891,0.10002772801956178
-587.6212624584718,0.09970727861838147
-587.6013289036545,0.09929727380240885
-587.5813953488373,0.09879821911793206
-587.5614617940199,0.09821073372260154
-587.5415282392028,0.09753555114005658
-587.5215946843854,0.09677352020412576
-587.5016611295681,0.09592560622427997
-587.4817275747508,0.09499289241171288
-587.4617940199336,0.09397658161351
-587.4418604651164,0.09287799841297423
-587.421926910299,0.09169859166575871
-587.4019933554817,0.09043993755624974
-587.3820598006645,0.08910374327582328
-587.3621262458472,0.08769185144601425
-587.3421926910299,0.08620624543523532
-587.3222591362127,0.08464905574938901
-587.3023255813953,0.08302256771545811
-587.2823920265781,0.08132923072510229
-587.2624584717609,0.07957166936410946
-587.2425249169436,0.0777526968271098
-587.2225913621263,0.07587533110741852
-587.2026578073089,0.07394281456476241
-587.1827242524918,0.07195863761353172
-587.1627906976744,0.06992656744756445
-587.1428571428572,0.06785068293163243
-587.1229235880398,0.06573541705265533
-587.1029900332226,0.06358560864294276
-587.0830564784054,0.06140656546958481
-587.063122923588,0.05920414122857565
-587.0431893687709,0.05698482947838704
-587.0232558139535,0.0547558780595451
-587.0033222591362,0.052525427995034554
-586.9833887043189,0.050302681090871625
-586.9634551495017,0.048098100161969734
-586.9435215946844,0.04592364447576846
-586.9235880398671,0.04379303977089817
-586.9036544850499,0.04172207571431256
-586.8837209302326,0.03972891195836464
-586.8637873754153,0.03783435461779276
-586.843853820598,0.036062035828128496
-586.8239202657808,0.03443839017408582
-586.8039867109635,0.03299227966969714
-586.7840531561462,0.0317540924448745
-586.7641196013288,0.030754164638441387
-586.7441860465117,0.030020494459411927
-586.7242524916944,0.029575953264105385
-586.7043189368771,0.029435496748751674
-586.6843853820599,0.029604084821156076
-586.6644518272425,0.030075948240381963
-586.6445182724253,0.03083544671926093
-586.624584717608,0.031859232584883025
-586.6046511627908,0.033119063270315545
-586.5847176079734,0.0345845628146344
-586.5647840531561,0.036225453012308506
-586.544850498339,0.038013072454339505
-586.5249169435216,0.039921228601894856
-586.5049833887044,0.04192653822200083
-586.485049833887,0.04400843003325581
-586.4651162790698,0.04614895454561308
-586.4451827242525,0.048332503783374746
-586.4252491694352,0.05054550541807076
-586.4053156146181,0.05277612755428277
-586.3853820598007,0.05501401180249572
-586.3654485049834,0.057250041090374806
-586.3455149501661,0.0594761425034154
-586.3255813953489,0.06168512240890221
-586.3056478405316,0.06387052989494044
-586.2857142857143,0.06602654431822318
-586.265780730897,0.06814788300422067
-586.2458471760798,0.07022972559989808
-586.2259136212625,0.07226765209067791
-586.2059800664452,0.07425759198501156
-586.186046511628,0.07619578260890487
-586.1661129568106,0.07807873482839173
-586.1461794019934,0.07990320483221507
-586.126245847176,0.08166617086484826
-586.1063122923589,0.0833648140104943
-586.0863787375415,0.08499650229870219
-586.0664451827242,0.08655877753959841
-586.0465116279071,0.08804934440741227
-586.0265780730897,0.08946606137991665
-586.0066445182725,0.09080693321338368
-585.9867109634552,0.09207010469059378
-585.9667774086379,0.09325385542643473
-585.9468438538206,0.09435659555368345
-585.9269102990033,0.09537686214268878
-585.9069767441861,0.09631331623393732
-585.8870431893688,0.09716474038340239
-585.8671096345515,0.0979300366376642
-585.8471760797343,0.09860822487003894
-585.827242524917,0.09919844142082357
-585.8073089700997,0.09969993799470492
-585.7873754152824,0.10011208077682276
-585.7674418604652,0.10043434973619406
-585.7475083056479,0.10066633809143
-585.7275747508305,0.10080775191920495
-585.7076411960134,0.10085840989077241
-585.6877076411961,0.10081824312639803
-585.6677740863788,0.10068729516163585
-585.6478405315615,0.10046572202350824
-585.6279069767442,0.10015379241848436
-585.607973421927,0.09975188803827167
-585.5880398671096,0.09926050399352494
-585.5681063122925,0.09868024939009794
-585.5481727574751,0.09801184806735172
-585.5282392026578,0.09725613952352821
-585.5083056478406,0.09641408005943713
-585.4883720930233,0.09548674417890322
-585.4684385382061,0.09447532629287014
-585.4485049833887,0.09338114278399988
-585.4285714285714,0.09220563450047349
-585.4086378737542,0.09095036976188059
-585.3887043189369,0.08961704797731605
-585.3687707641196,0.08820750399649074
-585.3488372093024,0.08672371334014013
-585.3289036544851,0.08516779848694432
-585.3089700996678,0.08354203643230458
-585.2890365448505,0.08184886778122795
-585.2691029900333,0.0800909076956141
-585.249169435216,0.0782709590879174
-585.2292358803986,0.07639202854236529
-585.2093023255815,0.07445734555534304
-585.1893687707642,0.07247038582390315
-585.1694352159469,0.07043489948154455
-585.1495016611296,0.06835494539063176
-585.1295681063123,0.0662349328592976
-585.1096345514951,0.06407967246493963
-585.0897009966777,0.0618944380431522
-585.0697674418606,0.0596850423413063
-585.0498338870432,0.057457929330331226
-585.0299003322259,0.05522028668466268
-585.0099667774087,0.052980182404844964
-584.9900332225914,0.050746729820977735
-584.9700996677742,0.04853028499984585
-584.9501661129568,0.04634267939264797
-584.9302325581396,0.04419748757999645
-584.9102990033223,0.04211032389447036
-584.890365448505,0.04009915063335043
-584.8704318936877,0.038184562102242726
-584.8504983388705,0.03638998056171445
-584.8305647840532,0.03474166196871813
-584.8106312292359,0.03326836674209811
-584.7906976744187,0.03200052089469729
-584.7707641196014,0.030968709491498245
-584.7508305647841,0.030201452113890605
-584.7308970099667,0.029722435274498433
-584.7109634551496,0.0295476758930433
-584.6910299003322,0.0296833166707851
-584.671096345515,0.030124719910113725
-584.6511627906978,0.030857160912224738
-584.6312292358804,0.03185788867398287
-584.6112956810632,0.03309891878270656
-584.5913621262458,0.03454984361804005
-584.5714285714287,0.036180146542736824
-584.5514950166113,0.037960806670117864
-584.531561461794,0.03986522073134124
-584.5116279069767,0.04186959160467535
-584.4916943521595,0.04395295942268496
-584.4717607973423,0.04609702528830057
-584.4518272425249,0.048285875402148785
-584.4318936877077,0.050505674134221364
-584.4119601328904,0.05274436500881195
-584.3920265780731,0.054991398913539775
-584.3720930232558,0.05723749692526501
-584.3521594684386,0.059474448518060406
-584.3322259136212,0.06169494260546798
-584.312292358804,0.06389242749546514
-584.2923588039868,0.06606099552220264
-584.2724252491695,0.0681952883353578
-584.2524916943522,0.07029041927463729
-584.2325581395348,0.07234190977049267
-584.2126245847177,0.07434563721106408
-584.1926910299003,0.07629779216305961
-584.1727574750831,0.07819484321916179
-584.1528239202657,0.08003350806654558
-584.1328903654485,0.08181072963620376
-584.1129568106313,0.08352365640888536
-584.0930232558139,0.08516962612841307
-584.0730897009968,0.08674615231431035
-584.0531561461794,0.08825091307938919
-584.0332225913621,0.0896817418496424
-584.0132890365448,0.09103661965749431
-583.9933554817276,0.09231366873925548
-583.9734219269104,0.09351114721569107
-583.953488372093,0.09462744467386577
-583.9335548172758,0.09566107850033914
-583.9136212624585,0.09661069084162456
-583.8936877076412,0.09747504608939174
-583.873754152824,0.09825302880533104
-583.8538205980067,0.09894364201526222
-583.8338870431894,0.09954600581411303
-583.8139534883721,0.10005935623372852
-583.7940199335549,0.1004830443338766
-583.7740863787376,0.10081653548440196
-583.7541528239203,0.10105940881271676
-583.734219269103,0.10121135679632362
-583.7142857142858,0.1012721849852734
-583.6943521594684,0.10124181184380708
-583.6744186046512,0.10112026870464456
-583.6544850498339,0.10090769983358731
-583.6345514950167,0.10060436260586324
-583.6146179401994,0.1002106277998263
-583.594684385382,0.0997269800176808
-583.5747508305649,0.09915401824739216
-583.5548172757475,0.09849245658484336
-583.5348837209303,0.09774312514066187
-583.514950166113,0.09690697116239169
-583.4950166112957,0.095985060409772
-583.4750830564784,0.09497857882914883
-583.4551495016611,0.09388883458298666
-583.435215946844,0.09271726050198396
-583.4152823920266,0.09146541704135522
-583.3953488372093,0.09013499583970261
-583.375415282392,0.08872782399935988
-583.3554817275748,0.08724586923194427
-583.3355481727575,0.08569124604341123
-583.3156146179402,0.08406622317017678
-583.2956810631229,0.08237323252408112
-583.2757475083057,0.0806148799607464
-583.2558139534884,0.07879395825629791
-583.2358803986712,0.07691346276494826
-583.2159468438539,0.07497661033822692
-583.1960132890365,0.0729868622213587
-583.1760797342193,0.07094795180942468
-583.156146179402,0.06886391835225451
-583.1362126245848,0.06673914795114996
-583.1162790697674,0.06457842349976962
-583.0963455149501,0.0623869855932908
-583.076411960133,0.06017060686571029
-583.0564784053156,0.05793568270771104
-583.0365448504984,0.055689341837206155
-583.0166112956811,0.05343958067406544
-582.9966777408638,0.05119542577023832
-582.9767441860465,0.048967128404849035
-582.9568106312292,0.04676639440598535
-582.9368770764121,0.044606649522655625
-582.9169435215947,0.04250333499227188
-582.8970099667774,0.040474217493398114
-582.8770764119602,0.038539680051231255
-582.8571428571429,0.03672293329057303
-582.8372093023256,0.035050049014888965
-582.8172757475083,0.0335496750746878
-582.7973421926911,0.03225225761907654
-582.7774086378738,0.0311886061909073
-582.7574750830565,0.03038773333202237
-582.7375415282393,0.02987411437948638
-582.717607973422,0.02966481138857837
-582.6976744186047,0.029767150925583574
-582.6777408637874,0.030177646855343458
-582.6578073089701,0.030882524244901337
-582.6378737541529,0.031859668082017754
-582.6179401993355,0.03308138768573511
-582.5980066445184,0.03451727011042535
-582.5780730897011,0.0361365759449797
-582.5581395348837,0.03790993122975254
-582.5382059800666,0.03981032173378273
-582.5182724252492,0.04181353218414015
-582.498338870432,0.04389820787280385
-582.4784053156146,0.046045693615110295
-582.4584717607974,0.048239763085855085
-582.4385382059801,0.050466311238305604
-582.4186046511628,0.052713051648059055
-582.3986710963457,0.05496923987634826
-582.3787375415283,0.05722543125684848
-582.358803986711,0.05947327438689189
-582.3388704318937,0.0617053379968009
-582.3189368770765,0.06391496733406729
-582.2990033222592,0.06609616580194243
-582.2790697674419,0.06824349777193552
-582.2591362126245,0.07035200892491075
-582.2392026578074,0.07241716099001907
-582.2192691029901,0.07443477825681571
-582.1993355481728,0.07640100369230414
-582.1794019933556,0.07831226288874224
-582.1594684385382,0.08016523439815568
-582.139534883721,0.08195682528190518
-582.1196013289036,0.08368415092552833
-582.0996677740865,0.08534451834918877
-582.0797342192691,0.08693541238903363
-582.0598006644518,0.08845448424188763
-582.0398671096347,0.08989954195980404
-582.0199335548173,0.09126854255695324
-582.0000000000001,0.09255958545257763
-581.9800664451827,0.0937709070234067
-581.9601328903655,0.0949008760789465
-581.9401993355482,0.09594799010598107
-581.9202657807309,0.0969108721551468
-581.9003322259136,0.09778826826451119
-581.8803986710964,0.09857904533296652
-581.8604651162791,0.09928218937125402
-581.8405315614618,0.09989680407091515
-581.8205980066446,0.10042210964171809
-581.8006644518273,0.10085744187714235
-581.78073089701,0.10120225141476018
-581.7607973421926,0.10145610316508966
-581.7408637873755,0.10161867588798032
-581.7209302325582,0.1016897619007544
-581.7009966777409,0.10166926690687815
-581.6810631229237,0.10155720993821869
-581.6611295681063,0.10135372340799204
-581.6411960132891,0.10105905327549357
-581.6212624584717,0.100673559327751
-581.6013289036546,0.10019771558737556
-581.5813953488372,0.09963211086028025
-581.5614617940199,0.09897744944188998
-581.5415282392028,0.09823455200569828
-581.5215946843854,0.09740435670425017
-581.5016611295682,0.09648792051965956
-581.4817275747508,0.09548642090882888
-581.4617940199336,0.09440115779848855
-581.4418604651163,0.09323355599632266
-581.421926910299,0.09198516809854715
-581.4019933554817,0.09065767799059382
-581.3820598006645,0.0892529050579666
-581.3621262458472,0.08777280924847178
-581.3421926910299,0.08621949715727138
-581.3222591362127,0.08459522934263121
-581.3023255813954,0.08290242912573038
-581.2823920265781,0.08114369318341673
-581.2624584717607,0.07932180431219069
-581.2425249169436,0.07743974682721014
-581.2225913621262,0.07550072516656581
-581.202657807309,0.07350818640322483
-581.1827242524918,0.07146584753094994
-581.1627906976744,0.06937772859325383
-581.1428571428572,0.06724819297397237
-581.1229235880398,0.06508199647270092
-581.1029900332227,0.06288434715462343
-581.0830564784053,0.06066097839567299
-581.063122923588,0.058418238034072284
-581.0431893687708,0.05616319706140391
-581.0232558139535,0.05390378177928757
-581.0033222591363,0.05164893368004253
-580.9833887043189,0.04940880123719711
-580.9634551495017,0.04719496687357508
-580.9435215946844,0.04502070986520797
-580.9235880398671,0.04290130064179626
-580.9036544850499,0.040854312077234695
-580.8837209302326,0.038899916571433005
-580.8637873754153,0.03706111154869475
-580.843853820598,0.035363779410166364
-580.8239202657808,0.03383644479712556
-580.8039867109635,0.03250955653522188
-580.7840531561462,0.03141412422926861
-580.764119601329,0.030579624455135738
-580.7441860465117,0.030031293743173086
-580.7242524916943,0.029787221158527704
-580.7043189368771,0.029855915905371958
-580.6843853820598,0.03023506163175713
-580.6644518272426,0.030911866675353762
-580.6445182724253,0.03186489192041113
-580.624584717608,0.03306677747185071
-580.6046511627908,0.03448713319347906
-580.5847176079734,0.03609501421228295
-580.5647840531562,0.037860701165438666
-580.5448504983389,0.039756769459931014
-580.5249169435216,0.04175858187541429
-580.5049833887044,0.04384438281110617
-580.485049833887,0.04599515394732363
-580.4651162790699,0.04819434966671675
-580.4451827242525,0.050427589277851695
-580.4252491694352,0.05268235090782018
-580.405315614618,0.05494769005523464
-580.3853820598007,0.0572139922930657
-580.3654485049834,0.05947276196309817
-580.3455149501661,0.06171644478225832
-580.3255813953489,0.06393828056903048
-580.3056478405316,0.06613218181072497
-580.2857142857143,0.06829263393187461
-580.2657807308971,0.07041461354530969
-580.2458471760798,0.07249352148265348
-580.2259136212624,0.07452512791320964
-580.2059800664452,0.0765055273260298
-580.1860465116279,0.07843110155273814
-580.1661129568107,0.08029848934754984
-580.1461794019934,0.08210456132033521
-580.126245847176,0.08384639924689113
-580.1063122923589,0.08552127896546595
-580.0863787375415,0.08712665621793178
-580.0664451827244,0.08866015491421016
-580.046511627907,0.09011955739551876
-580.0265780730897,0.09150279634992738
-580.0066445182724,0.0928079480968527
-579.9867109634552,0.09403322700789535
-579.966777408638,0.09517698087286086
-579.9468438538206,0.09623768705327491
-579.9269102990033,0.09721394929319359
-579.9069767441861,0.0981044950795771
-579.8870431893688,0.09890817346290447
-579.8671096345515,0.09962395326406108
-579.8471760797343,0.10025092160633543
-579.827242524917,0.10078828272177108
-579.8073089700997,0.10123535699045763
-579.7873754152824,0.10159158017869407
-579.7674418604652,0.10185650284881076
-579.7475083056479,0.10202978991905708
-579.7275747508306,0.1021112203572039
-579.7076411960134,0.10210068699607718
-579.687707641196,0.10199819646364035
-579.6677740863788,0.1018038692242052
-579.6478405315614,0.1015179397315508
-579.6279069767443,0.10114075669855946
-579.607973421927,0.1006727834922305
-579.5880398671096,0.10011459866739378
-579.5681063122925,0.09946689665709169
-579.5481727574751,0.09873048864313501
-579.5282392026579,0.09790630363618756
-579.5083056478405,0.09699538980188724
-579.4883720930233,0.09599891607735556
-579.4684385382061,0.09491817413228631
-579.4485049833887,0.09375458073979127
-579.4285714285716,0.09250968063604488
-579.4086378737542,0.09118514996384303
-579.3887043189369,0.089782800415079
-579.3687707641196,0.08830458421119108
-579.3488372093024,0.0867526000899129
-579.3289036544851,0.08512910050286648
-579.3089700996678,0.08343650027276772
-579.2890365448505,0.08167738701390573
-579.2691029900333,0.07985453368725944
-579.249169435216,0.07797091374582067
-579.2292358803987,0.07602971942992137
-579.2093023255815,0.07403438390210595
-579.1893687707641,0.07198860807193289
-579.1694352159469,0.06989639316010436
-579.1495016611295,0.06776208029669072
-579.1295681063124,0.06559039874772428
-579.1096345514951,0.06338652472576153
-579.0897009966777,0.06115615316677529
-579.0697674418606,0.058905585342661625
-579.0498338870432,0.05664183570312092
-579.029900332226,0.054372761844803066
-579.0099667774086,0.05210722186858832
-578.9900332225914,0.04985526337719304
-578.9700996677741,0.04762834756921427
-578.9501661129568,0.045439609593074484
-578.9302325581397,0.043304151389138554
-578.9102990033223,0.04123935394733816
-578.890365448505,0.0392651799233809
-578.8704318936877,0.03740441237471962
-578.8504983388705,0.03568273967139611
-578.8305647840532,0.03412855346102088
-578.8106312292359,0.03277228880723337
-578.7906976744185,0.031645131934942894
-578.7707641196014,0.03077699509719296
-578.7508305647841,0.030193848165602735
-578.7308970099668,0.029914787907972012
-578.7109634551496,0.02994950306285064
-578.6910299003322,0.030296863366596375
-578.671096345515,0.03094509265960854
-578.6511627906976,0.031873467310972924
-578.6312292358805,0.03305499574869535
-578.6112956810631,0.034459339654643206
-578.5913621262458,0.03605536688526952
-578.5714285714287,0.037813021010762796
-578.5514950166113,0.03970446807463646
-578.5315614617941,0.04170464528412011
-578.5116279069767,0.04379139010926567
-578.4916943521595,0.04594531417514896
-578.4717607973422,0.04814954569344344
-578.4518272425249,0.05038942197810991
-578.4318936877077,0.052652180093196214
-578.4119601328904,0.054926670638246335
-578.3920265780731,0.0572031053244623
-578.3720930232558,0.05947284079167101
-578.3521594684386,0.06172819685970287
-578.3322259136213,0.06396230550775603
-578.312292358804,0.06616898629002195
-578.2923588039866,0.06834264399065723
-578.2724252491695,0.07047818472674908
-578.2524916943522,0.07257094722216867
-578.232558139535,0.07461664649393998
-578.2126245847177,0.07661132766720728
-578.1926910299003,0.07855132804716168
-578.1727574750831,0.0804332459234162
-578.1528239202657,0.08225391486958925
-578.1328903654486,0.08401038253510386
-578.1129568106312,0.08569989311660788
-578.0930232558139,0.08731987284976574
-578.0730897009968,0.08886791798600864
-578.0531561461794,0.09034178481832084
-578.0332225913622,0.09173938140054305
-578.0132890365448,0.09305876066922099
-577.9933554817276,0.09429811472956605
-577.9734219269103,0.09545577010934941
-577.953488372093,0.0965301838191832
-577.9335548172758,0.09751994008563185
-577.9136212624585,0.09842374764680809
-577.8936877076412,0.09924043751890137
-577.873754152824,0.09996896115787904
-577.8538205980067,0.10060838895355091
-577.8338870431894,0.10115790900420854
-577.8139534883721,0.10161682612904308
-577.7940199335549,0.10198456108363299
-577.7740863787376,0.102260649950327
-577.7541528239202,0.10244474368132422
-577.734219269103,0.10253660777748887
-577.7142857142858,0.10253612209056959
-577.6943521594685,0.10244328074096566
-577.6744186046512,0.10225819214717917
-577.6544850498339,0.10198107916726931
-577.6345514950167,0.10161227935647808
-577.6146179401993,0.101152245349554
-577.5946843853822,0.10060154538048983
-577.5747508305648,0.0999608639573445
-577.5548172757475,0.09923100271496146
-577.5348837209303,0.09841288147450634
-577.514950166113,0.09750753954550974
-577.4950166112958,0.09651613731414603
-577.4750830564784,0.0954399581709003
-577.4551495016611,0.09428041084181636
-577.4352159468439,0.09303903220100558
-577.4152823920266,0.09171749065799711
-577.3953488372093,0.09031759023311302
-577.375415282392,0.08884127545742991
-577.3554817275748,0.08729063726306197
-577.3355481727575,0.08566792006460455
-577.3156146179402,0.08397553027641114
-577.295681063123,0.08221604656382975
-577.2757475083057,0.08039223219341148
-577.2558139534883,0.07850704992923173
-577.2358803986712,0.07656368002514602
-577.2159468438538,0.0745655419897613
-577.1960132890366,0.07251632095900126
-577.1760797342193,0.0704199997063474
-577.156146179402,0.06828089756201369
-577.1362126245848,0.06610371780700584
-577.1162790697674,0.06389360546411356
-577.0963455149503,0.0616562178296899
-577.0764119601329,0.059397810574159556
-577.0564784053156,0.05712534276445669
-577.0365448504984,0.05484660467622422
-577.0166112956811,0.05257037265430403
-576.9966777408639,0.05030659533089406
-576.9767441860465,0.048066614829398245
-576.9568106312292,0.04586342449418507
-576.936877076412,0.04371196009664143
-576.9169435215947,0.04162941271079643
-576.8970099667774,0.03963553625354755
-576.8770764119602,0.03775289848988162
-576.8571428571429,0.0360069895245492
-576.8372093023256,0.0344260587854335
-576.8172757475083,0.033040511796897584
-576.7973421926911,0.03188168854626378
-576.7774086378738,0.030979908808800048
-576.7574750830565,0.03036184743649747
-576.7375415282393,0.030047588244763782
-576.7176079734219,0.030047994499010747
-576.6976744186047,0.030363136524813598
-576.6777408637874,0.03098228486895415
-576.6578073089702,0.031885471014504556
-576.6378737541529,0.03304611016141327
-576.6179401993355,0.03443394613045204
-576.5980066445184,0.03601767896906674
-576.578073089701,0.03776692449187237
-576.5581395348838,0.03965344099399419
-576.5382059800664,0.04165173679285445
-576.5182724252492,0.043739236481113816
-576.498338870432,0.04589617466237573
-576.4784053156146,0.048105346382539035
-576.4584717607975,0.05035180046745685
-576.4385382059801,0.05262252715697229
-576.4186046511628,0.05490616717838807
-576.3986710963455,0.0571927541587715
-576.3787375415283,0.05947349348498556
-576.358803986711,0.06174057610755593
-576.3388704318937,0.06398702368187005
-576.3189368770765,0.06620656074987953
-576.2990033222592,0.06839350971043198
-576.2790697674419,0.07054270471413102
-576.2591362126246,0.07264942113095882
-576.2392026578074,0.07470931776343222
-576.21926910299,0.07671838946140541
-576.1993355481728,0.07867292821618453
-576.1794019933554,0.08056949116755895
-576.1594684385383,0.08240487425220469
-576.139534883721,0.08417609046278096
-576.1196013289036,0.08588035188257298
-576.0996677740865,0.08751505481850554
-576.0797342192691,0.08907776748246794
-576.0598006644519,0.09056621977341665
-576.0398671096345,0.09197829479517444
-576.0199335548173,0.09331202181147126
-576.0000000000001,0.09456557039347337
-575.9800664451827,0.09573724555875184
-575.9601328903656,0.0968254837358739
-575.9401993355482,0.09782884941789141
-575.9202657807309,0.09874603239152216
-575.9003322259136,0.09957584544823156
-575.8803986710964,0.10031722249960796
-575.8604651162791,0.10096921703263384
-575.8405315614618,0.10153100085175976
-575.8205980066446,0.10200186306389154
-575.8006644518273,0.10238120927063361
-575.78073089701,0.10266856093883849
-575.7607973421927,0.10286355492656447
-575.7408637873755,0.10296594314678938
-575.7209302325581,0.10297559235618715
-575.7009966777409,0.10289248406039861
-575.6810631229235,0.10271671453165268
-575.6611295681064,0.10244849493849814
-575.6411960132891,0.10208815159148205
-575.6212624584717,0.10163612631277168
-575.6013289036546,0.10109297694210898
-575.5813953488372,0.10045937799613643
-575.56146179402,0.09973612150357788
-575.5415282392026,0.09892411804441732
-575.5215946843854,0.098024398028275
-575.5016611295681,0.09703811325482259
-575.4817275747508,0.09596653880858652
-575.4617940199337,0.09481107535115633
-575.4418604651163,0.09357325188738502
-575.421926910299,0.09225472909741844
-575.4019933554817,0.09085730334603764
-575.3820598006645,0.08938291150356052
-575.3621262458472,0.08783363674123597
-575.3421926910299,0.08621171549861224
-575.3222591362126,0.084519545863245
-575.3023255813954,0.08275969765582179
-575.2823920265781,0.08093492457905217
-575.2624584717609,0.0790481788696287
-575.2425249169436,0.07710262899297338
-575.2225913621262,0.07510168104530604
-575.202657807309,0.07304900468249842
-575.1827242524917,0.07094856458698176
-575.1627906976745,0.06880465872087348
-575.1428571428571,0.06662196490333447
-575.1229235880398,0.06440559760111435
-575.1029900332227,0.06216117723813948
-575.0830564784053,0.05989491481051089
-575.0631229235881,0.057613715119208896
-575.0431893687708,0.055325302456269314
-575.0232558139535,0.05303837299634978
-575.0033222591362,0.050762778251879054
-574.9833887043189,0.048509743376121454
-574.9634551495017,0.04629212220471228
-574.9435215946844,0.04412468666474324
-574.9235880398671,0.04202443994578962
-574.9036544850499,0.04001092839147836
-574.8837209302326,0.03810650385395405
-574.8637873754153,0.03633645443759444
-574.843853820598,0.03472887884160641
-574.8239202657808,0.03331413816249833
-574.8039867109635,0.03212370418094577
-574.7840531561462,0.03118827661108217
-574.764119601329,0.030535206801675097
-574.7441860465117,0.030185543926503064
-574.7242524916944,0.03015131900641775
-574.7043189368771,0.03043381556347029
-574.6843853820598,0.03102338073496808
-574.6644518272426,0.031900840389625415
-574.6445182724252,0.03304005545721647
-574.6245847176081,0.0344108831895958
-574.6046511627908,0.035981876299462354
-574.5847176079734,0.037722332952213215
-574.5647840531562,0.03960360580739745
-574.5448504983389,0.04159977120989609
-574.5249169435217,0.043687834975145855
-574.5049833887043,0.045847647656622754
-574.485049833887,0.048061664023634446
-574.4651162790698,0.050314637787480465
-574.4451827242525,0.05259330647354965
-574.4252491694353,0.0548860958483735
-574.405315614618,0.057182857134324507
-574.3853820598007,0.05947464083344975
-574.3654485049834,0.06175350598933926
-574.3455149501661,0.064012361397016
-574.3255813953489,0.06624483446601434
-574.3056478405316,0.06844516343275676
-574.2857142857142,0.0706081089855587
-574.2657807308971,0.07272888187489668
-574.2458471760798,0.07480308361148152
-574.2259136212625,0.07682665784684732
-574.2059800664452,0.07879585046200158
-574.1860465116279,0.08070717675478177
-574.1661129568107,0.08255739441899249
-574.1461794019933,0.08434348125609524
-574.1262458471762,0.08606261676124935
-574.1063122923588,0.08771216688783233
-574.0863787375415,0.08928967142552044
-574.0664451827244,0.09079283353221015
-574.046511627907,0.0922195110451412
-574.0265780730898,0.09356770926475554
-574.0066445182724,0.09483557496030319
-573.9867109634552,0.09602139139089123
-573.9667774086379,0.09712357417205687
-573.9468438538206,0.09814066784761077
-573.9269102990033,0.09907134305073718
-573.9069767441861,0.09991439415830172
-573.8870431893688,0.1006687373587582
-573.8671096345515,0.10133340906772167
-573.8471760797343,0.10190756463667924
-573.827242524917,0.10239047730994871
-573.8073089700997,0.10278153739317557
-573.7873754152824,0.10308025160362747
-573.7674418604652,0.10328624257869524
-573.7475083056478,0.10339924852432779
-573.7275747508306,0.10341912299009715
-573.7076411960134,0.1033458347619282
-573.6877076411961,0.10317946786778369
-573.6677740863788,0.1029202216956874
-573.6478405315614,0.10256841122747475
-573.6279069767443,0.10212446739584241
-573.6079734219269,0.10158893757658446
-573.5880398671097,0.10096248623269713
-573.5681063122925,0.10024589573219699
-573.5481727574751,0.09944006736733313
-573.5282392026579,0.09854602260961388
-573.5083056478405,0.09756490464290188
-573.4883720930234,0.09649798022583088
-573.468438538206,0.09534664194581181
-573.4485049833887,0.09411241093956733
-573.4285714285714,0.09279694017100118
-573.4086378737542,0.09140201837562706
-573.388704318937,0.08992957480388926
-573.3687707641196,0.08838168492341866
-573.3488372093024,0.0867605772744564
-573.3289036544851,0.08506864171461917
-573.3089700996678,0.08330843934102135
-573.2890365448505,0.081482714441774
-573.2691029900333,0.07959440890827889
-573.2491694352159,0.07764667963832184
-573.2292358803987,0.07564291958237054
-573.2093023255815,0.07358678323747385
-573.1893687707642,0.07148221758165146
-573.1694352159469,0.0693334996741249
-573.1495016611295,0.06714528243200016
-573.1295681063124,0.06492265043969779
-573.109634551495,0.06267118805927956
-573.0897009966778,0.0603970625865542
-573.0697674418604,0.05810712572370444
-573.0498338870432,0.055809037170269124
-573.029900332226,0.05351141457363747
-573.0099667774086,0.05122401423776576
-572.9900332225915,0.04895794651571419
-572.9700996677741,0.04672592810075937
-572.9501661129568,0.044542569481781195
-572.9302325581396,0.04242468809409983
-572.9102990033223,0.0403916240005977
-572.890365448505,0.03846551268760753
-572.8704318936877,0.036671436737712663
-572.8504983388705,0.03503733585236025
-572.8305647840532,0.03359351199895344
-572.8106312292359,0.03237154674348784
-572.7906976744187,0.0314024916204124
-572.7707641196014,0.03071434468797481
-572.750830564784,0.030329096651591902
-572.7308970099668,0.030259936897813363
-572.7109634551495,0.030509372403940624
-572.6910299003323,0.0310688554943594
-572.671096345515,0.03192004584213869
-572.6511627906976,0.033037290432429034
-572.6312292358805,0.03439059324351626
-572.6112956810631,0.03594838216924415
-572.5913621262459,0.03767964953026115
-572.5714285714286,0.03955534568095
-572.5514950166113,0.04154911267623485
-572.5315614617941,0.043637532067529794
-572.5116279069767,0.0458000635000456
-572.4916943521596,0.04801881437458651
-572.4717607973422,0.05027823659431282
-572.4518272425249,0.052564808969773516
-572.4318936877077,0.05486673709142638
-572.4119601328904,0.05717368532811839
-572.3920265780731,0.05947654554330357
-572.3720930232558,0.061767241724291044
-572.3521594684386,0.06403856716882189
-572.3322259136213,0.06628404994472181
-572.312292358804,0.06849784227031729
-572.2923588039868,0.07067462980675894
-572.2724252491695,0.07280955735870773
-572.2524916943521,0.0748981680144171
-572.232558139535,0.0769363532570207
-572.2126245847176,0.07892031201928228
-572.1926910299004,0.08084651702812463
-572.1727574750831,0.08271168709575973
-572.1528239202657,0.08451276426877366
-572.1328903654486,0.08624689495315846
-572.1129568106312,0.08791141430031263
-572.093023255814,0.08950383327360252
-572.0730897009967,0.09102182792346382
-572.0531561461794,0.09246323048624298
-572.0332225913621,0.09382602199239709
-572.0132890365448,0.09510832612643669
-571.9933554817277,0.09630840412697057
-571.9734219269103,0.09742465055271252
-571.953488372093,0.09845558977053474
-571.9335548172758,0.09939987304678838
-571.9136212624585,0.10025627614335086
-571.8936877076412,0.10102369733687214
-571.873754152824,0.10170115579361412
-571.8538205980067,0.10228779024402206
-571.8338870431894,0.10278285791091674
-571.8139534883721,0.10318573365373387
-571.7940199335549,0.1034959092980603
-571.7740863787376,0.10371299312634664
-571.7541528239203,0.10383670951075316
-571.734219269103,0.10386689867430211
-571.7142857142857,0.10380351657087396
-571.6943521594685,0.10364663487888418
-571.6744186046511,0.10339644110756084
-571.654485049834,0.10305323881870439
-571.6345514950167,0.10261744797123784
-571.6146179401993,0.10208960539984772
-571.5946843853822,0.10147036544398895
-571.5747508305648,0.10076050074853318
-571.5548172757476,0.09996090326326569
-571.5348837209302,0.09907258547492752
-571.514950166113,0.09809668191334417
-571.4950166112957,0.0970344509820151
-571.4750830564784,0.09588727717440947
-571.4551495016613,0.09465667374973474
-571.4352159468439,0.09334428595734896
-571.4152823920266,0.09195189491749099
-571.3953488372093,0.09048142228822983
-571.375415282392,0.08893493587624149
-571.3554817275748,0.08731465638216744
-571.3355481727575,0.0856229655128004
-571.3156146179402,0.08386241574315212
-571.295681063123,0.08203574207403616
-571.2757475083057,0.08014587620912964
-571.2558139534884,0.07819596367175516
-571.2358803986712,0.07618938450199521
-571.2159468438538,0.07412977832394815
-571.1960132890366,0.07202107475753007
-571.1760797342192,0.06986753037827795
-571.1561461794021,0.06767377370843429
-571.1362126245848,0.06544486006358893
-571.1162790697674,0.0631863384855941
-571.0963455149503,0.06090433346531862
-571.0764119601329,0.05860564468392048
-571.0564784053157,0.05629786853901693
-571.0365448504983,0.053989545682266
-571.0166112956811,0.051690339000362316
-570.9966777408638,0.04941124609222911
-570.9767441860465,0.047164848757467376
-570.9568106312294,0.04496559835868667
-570.936877076412,0.04283012866526199
-570.9169435215947,0.040777574805338536
-570.8970099667774,0.03882985565407822
-570.8770764119602,0.03701184518063502
-570.8571428571429,0.0353513165274291
-570.8372093023256,0.033878498817047936
-570.8172757475083,0.032625062538252876
-570.7973421926911,0.031622383953584327
-570.7774086378738,0.03089907855594096
-570.7574750830565,0.030478054432616836
-570.7375415282393,0.03037364880004098
-570.717607973422,0.030589600832686737
-570.6976744186047,0.031118495416473775
-570.6777408637873,0.03194286498379934
-570.6578073089702,0.03303758321300436
-570.6378737541528,0.03437283486596592
-570.6179401993356,0.035916946350596286
-570.5980066445184,0.03763861655956493
-570.578073089701,0.03950839719605027
-570.5581395348838,0.04149949377700731
-570.5382059800664,0.043588057999133435
-570.5182724252493,0.045753151543763686
-570.4983388704319,0.047976527119734734
-570.4784053156146,0.050242327899718976
-570.4584717607974,0.05253676777230651
-570.4385382059801,0.054847826759553416
-570.4186046511629,0.05716497778146477
-570.3986710963455,0.05947895019074527
-570.3787375415283,0.06178152967490325
-570.358803986711,0.06406539132335186
-570.3388704318937,0.06632396159514933
-570.3189368770765,0.06855130479000669
-570.2990033222592,0.07074202994240719
-570.2790697674418,0.07289121455824037
-570.2591362126246,0.07499434215218591
-570.2392026578074,0.07704725105324331
-570.2192691029901,0.07904609239602362
-570.1993355481728,0.0809872955984431
-570.1794019933554,0.08286753994543504
-570.1594684385383,0.0846837311597171
-570.1395348837209,0.08643298205305515
-570.1196013289037,0.08811259652331921
-570.0996677740865,0.08972005630113285
-570.0797342192691,0.09125300996116917
-570.0598006644519,0.09270926380312418
-570.0398671096345,0.09408677427960586
-570.0199335548174,0.09538364170655544
-570.0,0.09659810503920217
-569.9800664451827,0.09772853753483936
-569.9601328903655,0.09877344315500523
-569.9401993355482,0.09973145358521679
-569.920265780731,0.10060132577124732
-569.9003322259136,0.10138193988855258
-569.8803986710964,0.10207229767531362
-569.8604651162791,0.10267152107203434
-569.8405315614618,0.10317885112033255
-569.8205980066446,0.1035936470822892
-569.8006644518273,0.10391538574881576
-569.7807308970099,0.10414366091217966
-569.7607973421927,0.10427818298296646
-569.7408637873755,0.1043187787371462
-569.7209302325582,0.10426539118314129
-569.7009966777409,0.10411807954339573
-569.6810631229235,0.10387701934882065
-569.6611295681064,0.10354250264866267
-569.641196013289,0.10311493834249648
-569.6212624584718,0.1025948526454067
-569.6013289036545,0.10198288970202542
-569.5813953488372,0.10127981237022171
-569.56146179402,0.10048650320114327
-569.5415282392026,0.09960396564858
-569.5215946843855,0.09863332554851223
-569.5016611295681,0.09757583291842446
-569.4817275747508,0.0964328641364312
-569.4617940199336,0.09520592457300682
-569.4418604651163,0.09389665176287675
-569.421926910299,0.09250681922301579
-569.4019933554817,0.09103834104463929
-569.3820598006645,0.08949327741394003
-569.3621262458472,0.08787384124939626
-569.3421926910299,0.08618240618373045
-569.3222591362127,0.08442151616868034
-569.3023255813954,0.08259389704233763
-569.282392026578,0.08070247047519792
-569.2624584717609,0.07875037080603271
-569.2425249169435,0.07674096539650514
-569.2225913621263,0.07467787927973187
-569.202657807309,0.07256502505977509
-569.1827242524917,0.07040663924323091
-569.1627906976745,0.06820732645993069
-569.1428571428571,0.06597211336518453
-569.12292358804,0.06370651441734394
-569.1029900332226,0.06141661219312002
-569.0830564784053,0.059109155426960235
-569.0631229235881,0.05679167850394163
-569.0431893687708,0.054472646614975966
-569.0232558139536,0.052161631032269215
-569.0033222591362,0.049869518672502125
-568.9833887043189,0.04760875874011647
-568.9634551495017,0.04539364587263621
-568.9435215946844,0.043240632413409336
-568.9235880398671,0.04116865014810604
-568.9036544850499,0.03919940147693199
-568.8837209302326,0.03735754922172049
-568.8637873754153,0.0356706931584658
-568.843853820598,0.034168976757092864
-568.8239202657808,0.03288413946988403
-568.8039867109635,0.03184785578540257
-568.7840531561462,0.031089329229530442
-568.764119601329,0.030632359976439573
-568.7441860465116,0.03049242044546122
-568.7242524916944,0.03067448827445236
-568.7043189368771,0.03117230623746901
-568.6843853820599,0.03196931746074688
-568.6644518272426,0.03304096304458408
-568.6445182724252,0.034357643440979684
-568.6245847176081,0.03588760802753603
-568.6046511627907,0.0375992757155083
-568.5847176079735,0.03946280397810596
-568.5647840531561,0.04145096003225638
-568.5448504983389,0.043539460389273636
-568.5249169435217,0.04570696181806728
-568.5049833887043,0.047934855028304496
-568.4850498338872,0.0502069675095911
-568.4651162790698,0.052509241972158796
-568.4451827242525,0.05482942742450524
-568.4252491694352,0.05715680069372026
-568.405315614618,0.05948192470806055
-568.3853820598007,0.06179644357800546
-568.3654485049834,0.06409291144720787
-568.3455149501661,0.0663646508787242
-568.3255813953489,0.06860563633807894
-568.3056478405316,0.07081039862260138
-568.2857142857143,0.07297394657863536
-568.2657807308971,0.07509170299071867
-568.2458471760797,0.07715945204435948
-568.2259136212625,0.07917329622376355
-568.2059800664451,0.08112962089838718
-568.186046511628,0.08302506517956298
-568.1661129568107,0.08485649789695042
-568.1461794019933,0.0866209977631373
-568.1262458471762,0.08831583697128713
-568.1063122923588,0.08993846761325927
-568.0863787375416,0.09148651042022674
-568.0664451827242,0.09295774542003701
-568.046511627907,0.09435010418009628
-568.0265780730897,0.09566166336448437
-568.0066445182724,0.09689063938263043
-567.9867109634553,0.09803538394628698
-567.9667774086379,0.09909438038365657
-567.9468438538206,0.10006624058574382
-567.9269102990033,0.10094970248149233
-567.9069767441861,0.10174362795601685
-567.8870431893688,0.10244700114099484
-567.8671096345515,0.10305892701838398
-567.8471760797343,0.10357863028913844
-567.827242524917,0.10400545446710212
-567.8073089700997,0.10433886116580539
-567.7873754152824,0.10457842955240407
-567.7674418604652,0.10472385594851566
-567.7475083056479,0.10477495356290623
-567.7275747508306,0.10473165234559395
-567.7076411960132,0.10459399895714401
-567.6877076411961,0.10436215685126633
-567.6677740863788,0.10403640647276935
-567.6478405315615,0.10361714557710702
-567.6279069767443,0.10310488968216772
-567.6079734219269,0.10250027266747794
-567.5880398671097,0.10180404754121232
-567.5681063122923,0.10101708740096026
-567.5481727574752,0.10014038662080833
-567.5282392026578,0.09917506230471593
-567.5083056478405,0.09812235605498974
-567.4883720930234,0.09698363611493235
-567.468438538206,0.09576039995718921
-567.4485049833888,0.09445427740403131
-567.4285714285714,0.09306703438370871
-567.4086378737542,0.09160057744869578
-567.3887043189369,0.0900569592080507
-567.3687707641196,0.08843838485849191
-567.3488372093024,0.08674722003844026
-567.3289036544851,0.0849860002783913
-567.3089700996678,0.08315744238135417
-567.2890365448505,0.08126445814221783
-567.2691029900333,0.07931017090791506
-567.249169435216,0.07729793559587451
-567.2292358803987,0.07523136293192646
-567.2093023255813,0.07311434884706555
-567.1893687707642,0.07095111019282765
-567.1694352159468,0.06874622820615722
-567.1495016611296,0.06650470148486469
-567.1295681063124,0.06423201063095603
-567.109634551495,0.06193419718321353
-567.0897009966778,0.059617959982610935
-567.0697674418604,0.057290772661886626
-567.0498338870433,0.054961026446793654
-567.0299003322259,0.05263820274661355
-567.0099667774086,0.05033307980341532
-566.9900332225914,0.048057976447930376
-566.9700996677741,0.04582703290712955
-566.9501661129569,0.043656522250230624
-566.9302325581396,0.04156517443887763
-566.9102990033223,0.0395744754988428
-566.890365448505,0.037708874603056455
-566.8704318936877,0.03599579147620618
-566.8504983388705,0.03446527132740617
-566.8305647840532,0.03314910279972827
-566.8106312292358,0.032079232081365164
-566.7906976744187,0.03128542082766488
-566.7707641196014,0.03079233484554868
-566.7508305647841,0.03061656744395321
-566.7308970099668,0.030764339307360333
-566.7109634551495,0.031230575451327593
-566.6910299003323,0.031999667818963906
-566.6710963455149,0.033047666940070226
-566.6511627906978,0.03434522574574914
-566.6312292358805,0.035860542954210636
-566.6112956810631,0.0375617724974883
-566.5913621262459,0.03941868308904936
-566.5714285714286,0.04140360245823794
-566.5514950166114,0.04349180681355098
-566.531561461794,0.04566154103874786
-566.5116279069767,0.04789382637744161
-566.4916943521595,0.05017216745947728
-566.4717607973422,0.052482229316817494
-566.451827242525,0.05481152426157112
-566.4318936877077,0.057149128164994734
-566.4119601328904,0.059485433422121335
-566.3920265780731,0.06181193911879692
-566.3720930232558,0.0641210755683656
-566.3521594684386,0.06640605902448067
-566.3322259136213,0.06866077209503077
-566.3122923588039,0.07087966563752228
-566.2923588039868,0.07305767839909363
-566.2724252491695,0.07519017121002709
-566.2524916943522,0.07727287306490468
-566.232558139535,0.07930183689521057
-566.2126245847176,0.08127340323918088
-566.1926910299004,0.08318417035057087
-566.172757475083,0.08503096956401261
-566.1528239202659,0.08681084495926636
-566.1328903654485,0.08852103654835891
-566.1129568106312,0.09015896635619713
-566.093023255814,0.09172222688300635
-566.0730897009967,0.09320857153212168
-566.0531561461795,0.09461590666287367
-566.0332225913621,0.09594228499030213
-566.0132890365448,0.09718590010319506
-565.9933554817276,0.09834508191248162
-565.9734219269103,0.09941829287499529
-565.953488372093,0.10040412486456111
-565.9335548172758,0.10130129658436753
-565.9136212624585,0.1021086514327607
-565.8936877076412,0.10282515574982505
-565.873754152824,0.10344989738440563
-565.8538205980067,0.10398208453194455
-565.8338870431894,0.10442104480235594
-565.8139534883721,0.10476622448474156
-565.7940199335549,0.10501718798236245
-565.7740863787375,0.10517361739702635
-565.7541528239203,0.10523531224721115
-565.734219269103,0.10520218930894801
-565.7142857142858,0.10507428257281562
-565.6943521594685,0.10485174331462525
-565.6744186046511,0.10453484028141653
-565.654485049834,0.10412395999865418
-565.6345514950166,0.10361960720870328
-565.6146179401994,0.10302240545541022
-565.594684385382,0.10233309783457667
-565.5747508305648,0.10155254793577416
-565.5548172757476,0.10068174100749307
-565.5348837209302,0.09972178538475839
-565.5149501661131,0.09867391422732222
-565.4950166112957,0.09753948762641718
-565.4750830564784,0.09631999515055217
-565.4551495016611,0.09501705891504345
-565.4352159468439,0.09363243727788663
-565.4152823920267,0.09216802928557481
-565.3953488372093,0.09062588001871552
-565.375415282392,0.08900818701883878
-565.3554817275748,0.08731730801694627
-565.3355481727575,0.08555577023236681
-565.3156146179402,0.08372628156992976
-565.295681063123,0.08183174411697548
-565.2757475083056,0.07987527043320762
-565.2558139534884,0.07786020323956147
-565.2358803986712,0.07579013925359507
-565.2159468438539,0.07366895809348885
-565.1960132890366,0.07150085738941002
-565.1760797342192,0.06929039550747018
-565.1561461794021,0.0670425436165202
-565.1362126245847,0.06476274921882444
-565.1162790697675,0.06245701372534564
-565.0963455149501,0.0601319871761543
-565.0764119601329,0.0577950837578464
-565.0564784053157,0.05545462228137529
-565.0365448504983,0.05311999611106419
-565.0166112956812,0.0508018769045134
-564.9966777408638,0.0485124554458327
-564.9767441860465,0.04626572000525876
-564.9568106312292,0.04407776671829138
-564.936877076412,0.041967125500176686
-564.9169435215947,0.039955066459031255
-564.8970099667774,0.03806582309447895
-564.8770764119602,0.03632662899724643
-564.8571428571429,0.03476741918359238
-564.8372093023256,0.03342001231050172
-564.8172757475083,0.03231659996500847
-564.7973421926911,0.031487471501492365
-564.7774086378738,0.0309581303322399
-564.7574750830565,0.030746273790844138
-564.7375415282391,0.030859367242547526
-564.717607973422,0.031293539845063986
-564.6976744186047,0.032034169245273234
-564.6777408637874,0.03305795755537512
-564.6578073089702,0.03433584813170117
-564.6378737541528,0.035836016990567106
-564.6179401993356,0.03752636962045602
-564.5980066445183,0.03937629266966467
-564.5780730897011,0.041357674046849105
-564.5581395348837,0.04344534507293694
-564.5382059800664,0.045617132069153354
-564.5182724252493,0.047853679484569256
-564.4983388704319,0.0501381619560666
-564.4784053156147,0.05245596032801978
-564.4584717607974,0.054794344497743036
-564.4385382059801,0.057142184471449996
-564.4186046511628,0.059489697953940046
-564.3986710963455,0.06182823551284083
-564.3787375415284,0.0641501007049613
-564.358803986711,0.06644840102422835
-564.3388704318937,0.068716925165276
-564.3189368770765,0.0709500423151801
-564.2990033222592,0.07314261965809624
-564.2790697674419,0.07528995482495586
-564.2591362126246,0.07738772055371566
-564.2392026578073,0.0794319193048561
-564.2192691029901,0.08141884598850078
-564.1993355481728,0.08334505730430798
-564.1794019933556,0.08520734647864493
-564.1594684385383,0.08700272241459676
-564.1395348837209,0.08872839245737228
-564.1196013289037,0.09038174812812291
-564.0996677740864,0.09196035330079283
-564.0797342192692,0.09346193439407512
-564.0598006644518,0.09488437222933542
-564.0398671096345,0.09622569526873825
-564.0199335548174,0.09748407399919429
-564.0,0.09865781626936229
-563.9800664451828,0.09974536342070982
-563.9601328903655,0.10074528708135642
-563.9401993355482,0.10165628651407713
-563.9202657807309,0.10247718642834772
-563.9003322259136,0.1032069351819628
-563.8803986710964,0.10384460331041581
-563.8604651162791,0.10438938233316039
-563.8405315614618,0.10484058379478703
-563.8205980066446,0.10519763850715078
-563.8006644518273,0.10546009596494198
-563.78073089701,0.10562762391332066
-563.7607973421927,0.10570000805118258
-563.7408637873754,0.10567715185865222
-563.7209302325582,0.10555907654161037
-563.7009966777408,0.10534592109037132
-563.6810631229237,0.1050379424537303
-563.6611295681064,0.10463551583377369
-563.641196013289,0.1041391351111235
-563.6212624584718,0.10354941341496843
-563.6013289036545,0.10286708385719588
-563.5813953488373,0.1020930004554654
-563.5614617940199,0.1012281392766619
-563.5415282392026,0.10027359983915782
-563.5215946843854,0.09923060682108553
-563.5016611295681,0.0981005121317968
-563.481727574751,0.09688479741568655
-563.4617940199336,0.09558507707181015
-563.4418604651163,0.09420310189018581
-563.421926910299,0.09274076342640247
-563.4019933554817,0.09120009926187253
-563.3820598006645,0.08958329932813586
-563.3621262458472,0.08789271351205351
-563.3421926910298,0.08613086080576283
-563.3222591362127,0.08430044032380693
-563.3023255813954,0.08240434458179821
-563.2823920265781,0.0804456755208262
-563.2624584717609,0.0784277638729338
-563.2425249169435,0.07635419260144191
-563.2225913621263,0.07422882532155683
-563.2026578073089,0.07205584081927527
-563.1827242524918,0.06983977504862524
-563.1627906976745,0.06758557230708448
-563.1428571428571,0.06529864767465474
-563.12292358804,0.06298496325677319
-563.1029900332226,0.06065112128853114
-563.0830564784054,0.05830447771184324
-563.063122923588,0.055953280362293356
-563.0431893687708,0.053606836264248336
-563.0232558139535,0.05127571247370335
-563.0033222591362,0.048971973966925285
-562.983388704319,0.04670945946374917
-562.9634551495017,0.044504090533932096
-562.9435215946844,0.04237419897705324
-562.9235880398671,0.04034083978818976
-562.9036544850499,0.0384280293964486
-562.8837209302326,0.03666281016455107
-562.8637873754153,0.03507499637314834
-562.843853820598,0.03369641923511988
-562.8239202657808,0.03255949123033369
-562.8039867109635,0.031695000405105075
-562.7840531561462,0.031129260292867725
-562.764119601329,0.03088105476325944
-562.7441860465117,0.03095909389737264
-562.7242524916944,0.0313607309523278
-562.704318936877,0.03207236457566596
-562.6843853820599,0.03307138974132963
-562.6644518272425,0.03432907795045684
-562.6445182724253,0.0358136105920023
-562.6245847176081,0.037492661417680435
-562.6046511627907,0.03933524177508099
-562.5847176079735,0.04131279935716471
-562.5647840531561,0.043399715854739444
-562.544850498339,0.045573392147052784
-562.5249169435216,0.047814088355598625
-562.5049833887043,0.05010464180927759
-562.485049833887,0.05243014250766369
-562.4651162790698,0.05477761210262463
-562.4451827242526,0.05713570974631154
-562.4252491694352,0.05949447424353516
-562.405315614618,0.06184510411886662
-562.3853820598007,0.06417977323128306
-562.3654485049834,0.06649147786154129
-562.3455149501661,0.06877391074058853
-562.3255813953489,0.07102135766542782
-562.3056478405315,0.07322861280803379
-562.2857142857143,0.07539090937169023
-562.2657807308971,0.07750386278993354
-562.2458471760798,0.07956342415217091
-562.2259136212625,0.0815658419616398
-562.2059800664451,0.08350763068495581
-562.186046511628,0.08538554484381347
-562.1661129568106,0.0871965576368012
-562.1461794019934,0.08893784327165276
-562.126245847176,0.09060676234312356
-562.1063122923588,0.09220084971671522
-562.0863787375416,0.09371780447870456
-562.0664451827242,0.09515548159407988
-562.0465116279071,0.09651188497896733
-562.0265780730897,0.09778516174715701
-562.0066445182724,0.0989735974329123
-561.9867109634552,0.10007561202703587
-561.9667774086379,0.10108975669163195
-561.9468438538207,0.1020147110421349
-561.9269102990033,0.10284928090433286
-561.9069767441861,0.10359239646997978
-561.8870431893688,0.1042431107876961
-561.8671096345515,0.10480059853684497
-561.8471760797343,0.10526415504153674
-561.827242524917,0.10563319548962304
-561.8073089700997,0.10590725432857596
-561.7873754152824,0.10608598481598672
-561.7674418604652,0.10616915870783454
-561.7475083056479,0.10615666607240273
-561.7275747508306,0.10604851522224862
-561.7076411960134,0.10584483276085423
-561.6877076411961,0.1055458637447039
-561.6677740863787,0.10515197196578879
-561.6478405315615,0.10466364036373287
-561.6279069767442,0.10408147158143016
-561.607973421927,0.10340618868302313
-561.5880398671097,0.1026386360585641
-561.5681063122923,0.10177978054607509
-561.5481727574752,0.10083071280886709
-561.5282392026578,0.09979264901442265
-561.5083056478406,0.09866693287115674
-561.4883720930233,0.09745503809099022
-561.468438538206,0.09615857135996667
-561.4485049833887,0.09477927591600006
-561.4285714285714,0.09331903585358026
-561.4086378737543,0.09177988130018504
-561.3887043189369,0.09016399463997161
-561.3687707641196,0.08847371799783432
-561.3488372093024,0.08671156224328394
-561.3289036544851,0.08488021783084018
-561.3089700996678,0.08298256786451942
-561.2890365448505,0.08102170386186233
-561.2691029900332,0.07900094480216709
-561.249169435216,0.07692386017946923
-561.2292358803987,0.07479429794907881
-561.2093023255815,0.07261641846556555
-561.1893687707642,0.07039473576731725
-561.1694352159468,0.06813416787766402
-561.1495016611296,0.06584009817279
-561.1295681063123,0.06351845031638506
-561.1096345514951,0.0611757797753306
-561.0897009966777,0.05881938548672283
-561.0697674418604,0.05645744578378459
-561.0498338870433,0.05409918308156804
-561.0299003322259,0.051755061831223824
-561.0099667774087,0.049437023437701864
-560.9900332225914,0.047158759454010164
-560.9700996677741,0.044936019205206505
-560.9501661129568,0.042786938233286935
-560.9302325581396,0.04073235712781582
-560.9102990033224,0.03879607373095006
-560.890365448505,0.03700493393809284
-560.8704318936877,0.035388620551387986
-560.8504983388705,0.03397895954324698
-560.8305647840532,0.03280855914277913
-560.8106312292359,0.03190867593079769
-560.7906976744187,0.03130640427722475
-560.7707641196013,0.031021594796734584
-560.7508305647841,0.03106420007597758
-560.7308970099668,0.03143281603931466
-560.7109634551496,0.03211489769319123
-560.6910299003323,0.03308857568857934
-560.6710963455149,0.034325489879455294
-560.6511627906978,0.03579385782277507
-560.6312292358804,0.03746114062518628
-560.6112956810632,0.03929598287189592
-560.5913621262458,0.04126939278223359
-560.5714285714286,0.043355298284150814
-560.5514950166114,0.04553066816729178
-560.531561461794,0.04777537068187686
-560.5116279069769,0.05007189838349925
-560.4916943521595,0.0524050435497558
-560.4717607973422,0.054761573510655914
-560.4518272425249,0.057129931329347045
-560.4318936877077,0.05949997246844452
-560.4119601328904,0.061862739671942245
-560.3920265780731,0.06421027396890018
-560.3720930232558,0.06653545780420748
-560.3521594684386,0.0688318857456379
-560.3322259136213,0.07109375834956068
-560.312292358804,0.07331579521172994
-560.2923588039868,0.07549316377872724
-560.2724252491694,0.07762142104331761
-560.2524916943522,0.07969646574579049
-560.2325581395348,0.08171449913481206
-560.2126245847177,0.08367199270397169
-560.1926910299004,0.08556566161965565
-560.172757475083,0.08739244279972196
-560.1528239202659,0.0891494768004521
-560.1328903654485,0.09083409282864727
-560.1129568106313,0.09244379632407251
-560.0930232558139,0.09397625866102818
-560.0730897009967,0.09542930860080315
-560.0531561461794,0.0968009251939734
-560.0332225913621,0.09808923188583195
-560.013289036545,0.09929249162191782
-559.9933554817276,0.10040910278662567
-559.9734219269103,0.10143759583673488
-559.953488372093,0.10237663051579181
-559.9335548172758,0.10322499355464346
-559.9136212624585,0.10398159677983805
-559.8936877076412,0.10464547556505044
-559.873754152824,0.10521578757180061
-559.8538205980067,0.10569181173555706
-559.8338870431894,0.10607294746108407
-559.8139534883721,0.1063587139981186
-559.7940199335549,0.10654874997446792
-559.7740863787376,0.10664281306889464
-559.7541528239203,0.10664077981131727
-559.7342192691029,0.10654264550205644
-559.7142857142858,0.10634852424633097
-559.6943521594685,0.10605864910435746
-559.6744186046512,0.10567337236155461
-559.654485049834,0.10519316592756411
-559.6345514950166,0.10461862187767766
-559.6146179401994,0.10395045315476786
-559.594684385382,0.10318949445574939
-559.5747508305649,0.10233670333256652
-559.5548172757475,0.10139316154488204
-559.5348837209302,0.10036007671005756
-559.5149501661131,0.09923878430570021
-559.4950166112957,0.09803075009165384
-559.4750830564785,0.0967375730323928
-559.4551495016611,0.09536098881719904
-559.4352159468439,0.09390287409608404
-559.4152823920266,0.09236525157381846
-559.3953488372093,0.09075029613466279
-559.375415282392,0.0890603422074609
-559.3554817275748,0.08729789262590897
-559.3355481727575,0.08546562929546188
-559.3156146179402,0.08356642604740935
-559.295681063123,0.08160336414731928
-559.2757475083057,0.07957975103189331
-559.2558139534884,0.07749914298180832
-559.235880398671,0.07536537260313118
-559.2159468438539,0.07318258219534939
-559.1960132890365,0.07095526433670003
-559.1760797342193,0.06868831132744882
-559.1561461794021,0.06638707550651679
-559.1362126245847,0.06405744290131998
-559.1162790697675,0.06170592318218211
-559.0963455149501,0.059339759449320226
-559.076411960133,0.056967061928545816
-559.0564784053156,0.054596970074114584
-559.0365448504983,0.052239847647172585
-559.0166112956811,0.049907514644283946
-558.9966777408638,0.047613517783906836
-558.9767441860466,0.045373436461196216
-558.9568106312292,0.04320521189241841
-558.936877076412,0.041129471172109744
-558.9169435215947,0.039169792433130575
-558.8970099667774,0.03735282051124688
-558.8770764119602,0.03570809691753137
-558.8571428571429,0.03426742574600328
-558.8372093023256,0.033063587013836666
-558.8172757475083,0.03212827651501578
-558.7973421926911,0.031489340230616426
-558.7774086378738,0.031167674773984803
-558.7574750830565,0.031174471265419047
-558.7375415282393,0.031509584943390956
-558.717607973422,0.03216156117742781
-558.6976744186046,0.033109308695901264
-558.6777408637874,0.034324876317147
-558.6578073089701,0.03577654937543611
-558.6378737541529,0.03743159624883039
-558.6179401993356,0.03925830390526691
-558.5980066445183,0.04122724216477749
-558.5780730897011,0.043311881162711244
-558.5581395348837,0.045488750902996346
-558.5382059800666,0.04773732009196231
-558.5182724252492,0.05003972888802451
-558.4983388704319,0.05238046481195203
-558.4784053156147,0.054746034654252894
-558.4584717607974,0.05712466003520159
-558.4385382059802,0.05950600853694112
-558.4186046511628,0.06188096331004933
-558.3986710963455,0.06424142936393801
-558.3787375415283,0.06658017264168316
-558.358803986711,0.06889068731662641
-558.3388704318937,0.07116708683102078
-558.3189368770765,0.07340401462435739
-558.2990033222592,0.07559657104658195
-558.2790697674419,0.07774025350634998
-558.2591362126246,0.07983090741272077
-558.2392026578074,0.08186468591008218
-558.2192691029901,0.0838380167785789
-558.1993355481727,0.0857475751792216
-558.1794019933556,0.08759026117425596
-558.1594684385382,0.0893631811563892
-558.139534883721,0.0910636324850045
-558.1196013289037,0.09268909075918264
-558.0996677740864,0.09423719926404536
-558.0797342192692,0.0957057602122387
-558.0598006644518,0.09709272747162918
-558.0398671096347,0.09839620052584228
-558.0199335548173,0.09961441945952437
-558.0,0.10074576079691587
-557.9800664451827,0.10178873405208545
-557.9601328903655,0.10274197887388496
-557.9401993355483,0.10360426268859989
-557.9202657807309,0.10437447875994847
-557.9003322259136,0.10505164460000407
-557.8803986710964,0.10563490067599951
-557.8604651162791,0.10612350936780303
-557.8405315614618,0.10651685413911019
-557.8205980066446,0.10681443889249839
-557.8006644518272,0.10701588748469584
-557.78073089701,0.10712094338391127
-557.7607973421927,0.1071294694560402
-557.7408637873755,0.10704144787105326
-557.7209302325582,0.10685698012528218
-557.7009966777408,0.10657628717949795
-557.6810631229237,0.10619970971678881
-557.6611295681063,0.10572770852863118
-557.6411960132891,0.1051608650420821
-557.6212624584717,0.10449988200597611
-557.6013289036545,0.10374558435931328
-557.5813953488373,0.10289892031148669
-557.5614617940199,0.10196096267071515
-557.5415282392028,0.10093291046554001
-557.5215946843854,0.09981609091365415
-557.5016611295681,0.09861196180405439
-557.4817275747508,0.09732211437189527
-557.4617940199336,0.09594827676211493
-557.4418604651164,0.0944923181976694
-557.421926910299,0.0929562539925589
-557.4019933554817,0.09134225157937531
-557.3820598006645,0.08965263775736253
-557.3621262458472,0.08788990741171601
-557.3421926910299,0.0860567340099644
-557.3222591362127,0.08415598224949512
-557.3023255813953,0.08219072331500435
-557.2823920265781,0.08016425330975552
-557.2624584717609,0.07808011555523633
-557.2425249169436,0.07594212761621831
-557.2225913621263,0.07375441410945639
-557.2026578073089,0.07152144660294985
-557.1827242524918,0.06924809221731812
-557.1627906976744,0.0669396729103124
-557.1428571428572,0.06460203786483684
-557.1229235880398,0.06224165190846255
-557.1029900332226,0.05986570344961928
-557.0830564784054,0.05748223597321164
-557.063122923588,0.055100307586773034
-557.0431893687709,0.05273018323630222
-557.0232558139535,0.05038356362957536
-557.0033222591362,0.048073852941059765
-556.9833887043189,0.045816462920814434
-556.9634551495017,0.04362914238982727
-556.9435215946844,0.04153230591127474
-556.9235880398671,0.03954931092753068
-556.9036544850499,0.037706596884064573
-556.8837209302326,0.03603355457859225
-556.8637873754153,0.03456195005021044
-556.843853820598,0.03332471150533507
-556.8239202657808,0.03235394460164235
-556.8039867109635,0.03167821697265394
-556.7840531561462,0.031319448932663356
-556.7641196013288,0.03129006410497607
-556.7441860465117,0.03159119182632227
-556.7242524916944,0.03221250089224909
-556.7043189368771,0.03313372079594997
-556.6843853820599,0.03432735120591109
-556.6644518272425,0.03576177855521095
-556.6445182724253,0.03740410004254678
-556.624584717608,0.03922225542025991
-556.6046511627908,0.04118637799022091
-556.5847176079734,0.04326947648403452
-556.5647840531561,0.04544763556364537
-556.544850498339,0.04769991668498693
-556.5249169435216,0.050008099857680864
-556.5049833887044,0.052356360642558664
-556.485049833887,0.054730938896022686
-556.4651162790698,0.05711982927308449
-556.4451827242525,0.059512506785024906
-556.4252491694352,0.061899691043093584
-556.405315614618,0.06427314773289033
-556.3853820598007,0.06662552353261657
-556.3654485049834,0.06895020990770151
-556.3455149501661,0.0712412312435912
-556.3255813953489,0.0734931531850149
-556.3056478405316,0.07570100759603013
-556.2857142857143,0.07786023111608224
-556.265780730897,0.07996661480526704
-556.2458471760798,0.08201626282372496
-556.2259136212625,0.08400555847166949
-556.2059800664452,0.08593113623231104
-556.186046511628,0.08778985871793275
-556.1661129568106,0.08957879762866983
-556.1461794019934,0.09129521800228851
-556.126245847176,0.0929365651692693
-556.1063122923589,0.09450045393690522
-556.0863787375415,0.09598465961416704
-556.0664451827242,0.09738711056001155
-556.0465116279071,0.09870588199523268
-556.0265780730897,0.09993919086423074
-556.0066445182725,0.10108539157089555
-555.9867109634552,0.1021429724434034
-555.9667774086379,0.10311055280792684
-555.9468438538206,0.10398688057185214
-555.9269102990033,0.10477083023419717
-555.9069767441861,0.10546140125499515
-555.8870431893688,0.10605771672730122
-555.8671096345515,0.10655902230537738
-555.8471760797343,0.10696468535115962
-555.827242524917,0.10727419426819705
-555.8073089700997,0.10748715799878066
-555.7873754152824,0.1076033056653915
-555.7674418604652,0.107622486342717
-555.7475083056479,0.10754466895103248
-555.7275747508305,0.10736994226622489
-555.7076411960134,0.10709851504575298
-555.6877076411961,0.10673071627427579
-555.6677740863788,0.1062669955368104
-555.6478405315615,0.10570792353188097
-555.6279069767442,0.10505419274207484
-555.607973421927,0.10430661828470106
-555.5880398671096,0.1034661389715078
-555.5681063122925,0.10253381861327351
-555.5481727574751,0.10151084761327878
-555.5282392026578,0.10039854490307018
-555.5083056478406,0.09919836028539304
-555.4883720930233,0.09791187726243948
-555.4684385382061,0.09654081644388018
-555.4485049833887,0.09508703964872785
-555.4285714285714,0.09355255483887198
-555.4086378737542,0.09193952205122341
-555.3887043189369,0.09025026053106194
-555.3687707641196,0.08848725731303003
-555.3488372093024,0.08665317755036972
-555.3289036544851,0.08475087695998848
-555.3089700996678,0.08278341683397111
-555.2890365448505,0.08075408217137782
-555.2691029900333,0.07866640361246588
-555.249169435216,0.07652418401671111
-555.2292358803986,0.07433153072385533
-555.2093023255815,0.07209289478129965
-555.1893687707641,0.0698131187210048
-555.1694352159469,0.06749749483305345
-555.1495016611296,0.06515183631704029
-555.1295681063123,0.06278256419620878
-555.1096345514951,0.06039681343629277
-555.0897009966777,0.058002562276413316
-555.0697674418606,0.05560878925193566
-555.0498338870432,0.053225662570738054
-555.0299003322259,0.05086476602835425
-555.0099667774087,0.048539363875594654
-554.9900332225914,0.046264702928354856
-554.9700996677742,0.04405834209580276
-554.9501661129568,0.04194048508895203
-554.9302325581396,0.039934268591474864
-554.9102990033223,0.038065923455069595
-554.890365448505,0.03636468164835147
-554.8704318936877,0.034862256324237804
-554.8504983388705,0.033591701360113434
-554.8305647840532,0.03258550326930887
-554.8106312292359,0.03187292045900434
-554.7906976744187,0.0314768721829096
-554.7707641196014,0.03141100480220708
-554.7508305647841,0.031677732406253274
-554.7308970099667,0.032267876845232996
-554.7109634551496,0.033162029059808626
-554.6910299003322,0.034333180959463985
-554.671096345515,0.03574985398932436
-554.6511627906978,0.03737899683073722
-554.6312292358804,0.03918821361754308
-554.6112956810632,0.04114720405938681
-554.5913621262458,0.04322851269472263
-554.5714285714287,0.04540777289963629
-554.5514950166113,0.04766363162046017
-554.531561461794,0.049977501294376774
-554.5116279069767,0.05233323856425371
-554.4916943521595,0.05471681014598351
-554.4717607973423,0.057115978355676805
-554.4518272425249,0.05952002106393823
-554.4318936877077,0.061919490496520006
-554.4119601328904,0.0643060097950005
-554.3920265780731,0.06667210368074301
-554.3720930232558,0.06901105865877404
-554.3521594684386,0.07131680816734758
-554.3322259136212,0.0735838384630673
-554.312292358804,0.07580711157377085
-554.2923588039868,0.07798200221818895
-554.2724252491695,0.08010424611886631
-554.2524916943522,0.08216989759676466
-554.2325581395348,0.08417529472738972
-554.2126245847177,0.0861170306623277
-554.1926910299003,0.08799192998571688
-554.1727574750831,0.0897970291899049
-554.1528239202657,0.09152956052866124
-554.1328903654485,0.09318693864602927
-554.1129568106313,0.0947667494914232
-554.0930232558139,0.09626674112229255
-554.0730897009968,0.09768481606856243
-554.0531561461794,0.09901902499201597
-554.0332225913621,0.10026756142153334
-554.0132890365448,0.1014287573837292
-553.9933554817276,0.10250107978022195
-553.9734219269104,0.10348312738835365
-553.953488372093,0.10437362838359492
-553.9335548172758,0.1051714382991326
-553.9136212624585,0.10587553835275687
-553.8936877076412,0.10648503408327503
-553.873754152824,0.10699915424874838
-553.8538205980067,0.10741724994764694
-553.8338870431894,0.10773879393129808
-553.8139534883721,0.10796338008249341
-553.7940199335549,0.10809072304075924
-553.7740863787376,0.10812065796002292
-553.7541528239203,0.10805314038885407
-553.734219269103,0.10788824626803852
-553.7142857142858,0.1076261720444892
-553.6943521594684,0.1072672349045886
-553.6744186046512,0.10681187313445945
-553.6544850498339,0.10626064661921339
-553.6345514950167,0.10561423749798768
-553.6146179401994,0.10487345099706435
-553.594684385382,0.10403921646936792
-553.5747508305649,0.10311258867552835
-553.5548172757475,0.10209474934969481
-553.5348837209303,0.10098700910274422
-553.514950166113,0.09979080972659948
-553.4950166112957,0.09850772697652735
-553.4750830564784,0.0971394739245026
-553.4551495016611,0.09568790499572052
-553.435215946844,0.09415502082388554
-553.4152823920266,0.09254297408954316
-553.3953488372093,0.09085407654055394
-553.375415282392,0.08909080743710691
-553.3554817275748,0.08725582371666402
-553.3355481727575,0.0853519722399839
-553.3156146179402,0.08338230456098189
-553.2956810631229,0.08135009476437537
-553.2757475083057,0.07925886104092099
-553.2558139534884,0.07711239182646933
-553.2358803986712,0.0749147775252373
-553.2159468438539,0.0726704490774925
-553.1960132890365,0.07038422492688337
-553.1760797342193,0.06806136830101028
-553.156146179402,0.06570765714770917
-553.1362126245848,0.0633294695688393
-553.1162790697674,0.060933888149847494
-553.0963455149501,0.058528827155356816
-553.076411960133,0.056123187055545136
-553.0564784053156,0.053727041079267006
-553.0365448504984,0.051351858112699635
-553.0166112956811,0.049010764671500714
-552.9966777408638,0.04671884486253673
-552.9767441860465,0.044493469642293774
-552.9568106312292,0.042354633019424756
-552.936877076412,0.04032525037377251
-552.9169435215947,0.038431340419515764
-552.8970099667774,0.03670196807663311
-552.8770764119602,0.03516877899689253
-552.8571428571429,0.03386493075843852
-552.8372093023256,0.03282326248991281
-552.8172757475083,0.032073693258904995
-552.7973421926911,0.03164011706200783
-552.7774086378738,0.03153739362007268
-552.7574750830565,0.03176923294574714
-552.7375415282393,0.03232764059993838
-552.717607973422,0.033194111314805895
-552.6976744186047,0.034342172659852344
-552.6777408637874,0.035740516924670715
-552.6578073089701,0.03735596834843333
-552.6378737541529,0.03915580778847107
-552.6179401993355,0.04110930441769653
-552.5980066445184,0.04318853547112093
-552.5780730897011,0.045368676506547856
-552.5581395348837,0.04762795199441745
-552.5382059800666,0.04994739865170964
-552.5182724252492,0.05231054656325918
-552.498338870432,0.05470308248665211
-552.4784053156146,0.05711253049397901
-552.4584717607974,0.0595279662921584
-552.4385382059801,0.06193977049334533
-552.4186046511628,0.0643394201551008
-552.3986710963457,0.06671931508329558
-552.3787375415283,0.0690726343476072
-552.358803986711,0.07139321836313015
-552.3388704318937,0.0736754722497794
-552.3189368770765,0.07591428671864725
-552.2990033222592,0.07810497330667134
-552.2790697674419,0.0802432113175807
-552.2591362126245,0.0823250042996073
-552.2392026578074,0.0843466442916286
-552.2192691029901,0.08630468240238708
-552.1993355481728,0.0881959045601235
-552.1794019933556,0.09001731149135478
-552.1594684385382,0.09176610216625909
-552.139534883721,0.0934396600920633
-552.1196013289036,0.09503554195169298
-552.0996677740865,0.09655146817807174
-552.0797342192691,0.09798531512964644
-552.0598006644518,0.09933510859316637
-552.0398671096347,0.10059901838894772
-552.0199335548173,0.10177535389349832
-552.0000000000001,0.10286256032682187
-551.9800664451827,0.1038592156783247
-551.9601328903655,0.10476402816671995
-551.9401993355482,0.10557583414746445
-551.9202657807309,0.10629359639607558
-551.9003322259136,0.10691640270801382
-551.8803986710964,0.10744346476621996
-551.8604651162791,0.10787411723636008
-551.8405315614618,0.108207817057246
-551.8205980066446,0.10844414290052443
-551.8006644518273,0.10858279477949727
-551.78073089701,0.10862359379213982
-551.7607973421926,0.10856648198798513
-551.7408637873755,0.10841152235325235
-551.7209302325581,0.10815889891251883
-551.7009966777409,0.10780891694981182
-551.6810631229237,0.10736200335604544
-551.6611295681063,0.1068187071144077
-551.6411960132891,0.10617969994004724
-551.6212624584717,0.10544577709584114
-551.6013289036546,0.10461785841189572
-551.5813953488372,0.10369698954340753
-551.5614617940199,0.10268434350924936
-551.5415282392028,0.10158122256306772
-551.5215946843854,0.10038906045952868
-551.5016611295682,0.099109425191471
-551.4817275747508,0.0977440222894007
-551.4617940199336,0.09629469879366537
-551.4418604651163,0.0947634480328375
-551.421926910299,0.09315241536967933
-551.4019933554817,0.0914639051106776
-551.3820598006645,0.08970038881732105
-551.3621262458472,0.08786451530951735
-551.3421926910299,0.08595912271603068
-551.3222591362127,0.08398725300689386
-551.3023255813954,0.08195216954203631
-551.2823920265781,0.07985737829393195
-551.2624584717607,0.0777066535555366
-551.2425249169436,0.07550406913543543
-551.2225913621262,0.07325403627770628
-551.202657807309,0.07096134983410064
-551.1827242524918,0.06863124456915355
-551.1627906976744,0.0662694639021706
-551.1428571428572,0.06388234388496455
-551.1229235880398,0.06147691576929294
-551.1029900332227,0.059061031095553565
-551.0830564784053,0.05664351374865703
-551.063122923588,0.0542343437039637
-551.0431893687708,0.05184487690149441
-551.0232558139535,0.049488104266861295
-551.0033222591363,0.04717894938161628
-550.9833887043189,0.04493459717999082
-550.9634551495017,0.04277483311972538
-550.9435215946844,0.04072235078786837
-550.9235880398671,0.03880295335286357
-550.9036544850499,0.03704553068959894
-550.8837209302326,0.03548164660183786
-550.8637873754153,0.034144540573794215
-550.843853820598,0.03306737593755473
-550.8239202657808,0.032280701482696156
-550.8039867109635,0.03180936011037651
-550.7840531561462,0.03166941328898034
-550.764119601329,0.03186587596767248
-550.7441860465117,0.03239196680411675
-550.7242524916943,0.03323012675171687
-550.7043189368771,0.034354463772560566
-550.6843853820598,0.03573387881634688
-550.6644518272426,0.03733509779067246
-550.6445182724253,0.0391250922952779
-550.624584717608,0.04107270519072418
-550.6046511627908,0.043149543991501456
-550.5847176079734,0.045330320234426444
-550.5647840531562,0.04759282803562485
-550.5448504983389,0.04991772018930713
-550.5249169435216,0.05228819245425482
-550.5049833887044,0.054689644654857095
-550.485049833887,0.057109356553040835
-550.4651162790699,0.05953619651739023
-550.4451827242525,0.061960369182035915
-550.4252491694352,0.06437320186119339
-550.405315614618,0.06676696638377354
-550.3853820598007,0.06913473182150064
-550.3654485049834,0.0714702434159046
-550.3455149501661,0.0737678233385942
-550.3255813953489,0.07602228945003084
-550.3056478405316,0.07822888879902032
-550.2857142857143,0.08038324315076525
-550.2657807308971,0.08248130431447269
-550.2458471760798,0.08451931745258631
-550.2259136212624,0.08649379089576337
-550.2059800664452,0.0884014712680681
-550.1860465116279,0.09023932295443493
-550.1661129568107,0.09200451112652519
-550.1461794019934,0.0936943876911442
-550.126245847176,0.09530647964459377
-550.1063122923589,0.09683847941227569
-550.0863787375415,0.09828823683000534
-550.0664451827244,0.099653752485915
-550.046511627907,0.10093317219215076
-550.0265780730897,0.10212478239651486
-550.0066445182724,0.10322700637746018
-549.9867109634552,0.1042384010930555
-549.966777408638,0.10515765457674275
-549.9468438538206,0.10598358379129026
-549.9269102990033,0.10671513286733954
-549.9069767441861,0.10735137166577696
-549.8870431893688,0.10789149461384362
-549.8671096345515,0.10833481977381777
-549.8471760797343,0.10868078811085086
-549.827242524917,0.10892896293335759
-549.8073089700997,0.10907902948503972
-549.7873754152824,0.10913079467299908
-549.7674418604652,0.10908418692113801
-549.7475083056479,0.10893925614265489
-549.7275747508306,0.1086961738294702
-549.7076411960134,0.10835523326107217
-549.687707641196,0.10791684983914746
-549.6677740863788,0.1073815615592435
-549.6478405315614,0.10675002963527118
-549.6279069767443,0.10602303929814641
-549.607973421927,0.10520150079562769
-549.5880398671096,0.10428645062730701
-549.5681063122925,0.10327905305646237
-549.5481727574751,0.10218060194959151
-549.5282392026579,0.10099252300532699
-549.5083056478405,0.09971637644721013
-549.4883720930233,0.0983538602703229
-549.468438538206,0.09690681415041445
-549.4485049833887,0.09537722414673513
-549.4285714285716,0.09376722835749562
-549.4086378737542,0.09207912372056722
-549.3887043189369,0.09031537419367165
-549.3687707641196,0.08847862059948519
-549.3488372093024,0.08657169248439785
-549.3289036544851,0.08459762241827398
-549.3089700996678,0.08255966326000684
-549.2890365448505,0.08046130903485013
-549.2691029900333,0.07830632022019204
-549.249169435216,0.07609875442359544
-549.2292358803987,0.0738430036683946
-549.2093023255815,0.0715438397872913
-549.1893687707641,0.06920646977210636
-549.1694352159469,0.06683660334560218
-549.1495016611295,0.06444053551157836
-549.1295681063124,0.06202524739261049
-549.1096345514951,0.05959852924705904
-549.0897009966777,0.0571691300889897
-549.0697674418606,0.05474693865400839
-549.0498338870432,0.05234320025560955
-549.029900332226,0.049970772817411926
-549.0099667774086,0.047644422132048996
-548.9900332225914,0.0453811497324671
-548.9700996677741,0.04320053453617811
-548.9501661129568,0.04112504890378422
-548.9302325581397,0.039180278308727806
-548.9102990033223,0.03739493100350806
-548.890365448505,0.03580047603089512
-548.8704318936877,0.034430214128599604
-548.8504983388705,0.033317604780118054
-548.8305647840532,0.03249379455509405
-548.8106312292359,0.03198454665357433
-548.7906976744185,0.03180710828993928
-548.7707641196014,0.03196780320087209
-548.7508305647841,0.032461087852407776
-548.7308970099668,0.03327038870441324
-548.7109634551496,0.034370437578757226
-548.6910299003322,0.03573038218614552
-548.671096345515,0.037316877409192595
-548.6511627906976,0.03909660112755171
-548.6312292358805,0.041037975581972724
-548.6112956810631,0.04311213740146753
-548.5913621262458,0.045293328901222125
-548.5714285714287,0.04755890674410566
-548.5514950166113,0.04988913220094983
-548.5315614617941,0.05226685940401739
-548.5116279069767,0.054677194636980384
-548.4916943521595,0.05710716757838626
-548.4717607973422,0.05954543432054501
-548.4518272425249,0.06198201934869147
-548.4318936877077,0.06440809673436092
-548.4119601328904,0.06681580740130556
-548.3920265780731,0.06919810797246524
-548.3720930232558,0.07154864645970577
-548.3521594684386,0.07386166035457309
-548.3322259136213,0.07613189320096049
-548.312292358804,0.07835452631119011
-548.2923588039866,0.08052512284189929
-548.2724252491695,0.08263958193959556
-548.2524916943521,0.08469410108712858
-548.232558139535,0.08668514513351981
-548.2126245847177,0.08860942077771528
-548.1926910299003,0.09046385551100818
-548.1727574750831,0.09224558021219972
-548.1528239202657,0.09395191474191361
-548.1328903654486,0.09558035600528803
-548.1129568106312,0.09712856805075144
-548.0930232558139,0.09859437385220354
-548.0730897009968,0.09997574848590549
-548.0531561461794,0.10127081346526742
-548.0332225913622,0.1024778320387342
-548.0132890365448,0.10359520529014837
-547.9933554817276,0.10462146890888871
-547.9734219269103,0.10555529051994214
-547.953488372093,0.1063954674830195
-547.9335548172758,0.1071409250852655
-547.9136212624585,0.10779071506530469
-547.8936877076412,0.10834401441710778
-547.873754152824,0.10880012443151343
-547.8538205980067,0.10915846994109561
-547.8338870431894,0.10941859874080104
-547.8139534883721,0.1095801811628362
-547.7940199335549,0.1096430097897291
-547.7740863787376,0.10960699929406081
-547.7541528239202,0.1094721863981781
-547.734219269103,0.10923872995139078
-547.7142857142858,0.10890691112653016
-547.6943521594685,0.10847713374184731
-547.6744186046512,0.10794992471903375
-547.6544850498339,0.10732593469274411
-547.6345514950167,0.10660593879226601
-547.6146179401993,0.10579083762199691
-547.5946843853822,0.10488165847393069
-547.5747508305648,0.10387955681316098
-547.5548172757475,0.10278581808639962
-547.5348837209303,0.10160185991416176
-547.514950166113,0.10032923473992829
-547.4950166112958,0.09896963302486494
-547.4750830564784,0.09752488709494175
-547.4551495016611,0.09599697576961844
-547.4352159468439,0.09438802992838836
-547.4152823920266,0.09270033920464531
-547.3953488372093,0.0909363600371988
-547.375415282392,0.08909872535999955
-547.3554817275748,0.08719025627286893
-547.3355481727575,0.08521397611305853
-547.3156146179402,0.08317312744320465
-547.295681063123,0.08107119259010429
-547.2757475083057,0.07891191851667465
-547.2558139534883,0.07669934699318924
-547.2358803986712,0.07443785126125715
-547.2159468438538,0.07213218066436146
-547.1960132890366,0.06978751506117628
-547.1760797342193,0.06740953124997415
-547.156146179402,0.06500448411799241
-547.1362126245848,0.06257930578033039
-547.1162790697674,0.06014172655904031
-547.0963455149503,0.057700422200680015
-547.0764119601329,0.0552651920893601
-547.0564784053156,0.05284717309397435
-547.0365448504983,0.050459092580713065
-547.0166112956811,0.04811556115315879
-546.9966777408639,0.04583339945744601
-546.9767441860465,0.04363198184280831
-546.9568106312292,0.041533560094068694
-546.936877076412,0.03956350011933963
-546.9169435215947,0.03775032251770664
-546.8970099667774,0.03612538950963206
-546.8770764119602,0.034722043533546035
-546.8571428571429,0.033574013306285413
-546.8372093023256,0.03271301203676202
-546.8172757475083,0.032165694709541066
-546.7973421926911,0.031950477544121864
-546.7774086378738,0.03207499567135941
-546.7574750830565,0.032534966973040085
-546.7375415282393,0.033314842289665934
-546.7176079734219,0.03439002117240323
-546.6976744186047,0.035729937111544575
-546.6777408637874,0.03730120226592626
-546.6578073089702,0.039070217082541846
-546.6378737541529,0.04100498925985348
-546.6179401993355,0.043076183428284204
-546.5980066445184,0.045257567298324974
-546.578073089701,0.04752605266750947
-546.5581395348838,0.04986150131908795
-546.5382059800664,0.05224641809572931
-546.5182724252492,0.05466560879933777
-546.498338870432,0.05710584695932349
-546.4784053156146,0.05955557120469756
-546.4584717607975,0.06200462149278814
-546.4385382059801,0.06444401498092178
-546.4186046511628,0.06686575861801256
-546.3986710963455,0.06926269401126825
-546.3787375415283,0.07162836979148045
-546.358803986711,0.07395693695998112
-546.3388704318937,0.07624306321332178
-546.3189368770765,0.07848186282511793
-546.2990033222592,0.08066883922832721
-546.2790697674419,0.08279983794510058
-546.2591362126246,0.0848710079432593
-546.2392026578074,0.08687876985895364
-546.21926910299,0.08881978982112916
-546.1993355481728,0.09069095785446371
-546.1794019933554,0.09248937003206946
-546.1594684385383,0.09421231370621001
-546.139534883721,0.09585725527149155
-546.1196013289036,0.09742183001647278
-546.0996677740865,0.09890383370148505
-546.0797342192691,0.10030121556622236
-546.0598006644519,0.1016120725241026
-546.0398671096345,0.10283464434347264
-546.0199335548173,0.10396730965094461
-546.0,0.1050085826207101
-545.9800664451827,0.10595711023729198
-545.9601328903656,0.10681167003841235
-545.9401993355482,0.10757116826080522
-545.9202657807309,0.1082346383249241
-545.9003322259136,0.10880123960583969
-545.8803986710964,0.10927025644699781
-545.8604651162791,0.10964109738149184
-545.8405315614618,0.10991329453259371
-545.8205980066446,0.11008650317124206
-545.8006644518273,0.11016050141365186
-545.78073089701,0.11013519004724434
-545.7607973421927,0.11001059247746688
-545.7408637873755,0.10978685479265395
-545.7209302325581,0.10946424594820993
-545.7009966777409,0.10904315807586137
-545.6810631229235,0.1085241069280806
-545.6611295681064,0.10790773247266382
-545.6411960132891,0.10719479965766161
-545.6212624584717,0.10638619937266044
-545.6013289036546,0.10548294963904115
-545.5813953488372,0.10448619706948453
-545.56146179402,0.10339721864584404
-545.5415282392026,0.10221742387516165
-545.5215946843854,0.10094835739582884
-545.5016611295681,0.09959170212111794
-545.4817275747508,0.09814928302523936
-545.4617940199337,0.09662307169902008
-545.4418604651163,0.09501519182888588
-545.421926910299,0.0933279257855852
-545.4019933554817,0.09156372254907678
-545.3820598006645,0.08972520724544993
-545.3621262458472,0.08781519263271641
-545.3421926910299,0.08583669294807039
-545.3222591362126,0.08379294062299225
-545.3023255813954,0.08168740648940646
-545.2823920265781,0.07952382424520492
-545.2624584717609,0.07730622012772237
-545.2425249169436,0.07503894896736403
-545.2225913621262,0.07272673806897748
-545.202657807309,0.07037474070556547
-545.1827242524917,0.06798860141580712
-545.1627906976745,0.06557453577689261
-545.1428571428571,0.06313942787260583
-545.1229235880398,0.06069094926508904
-545.1029900332227,0.0582377038408799
-545.0830564784053,0.05578940329624225
-545.0631229235881,0.053357077983917624
-545.0431893687708,0.050953326878266966
-545.0232558139535,0.04859260769923613
-545.0033222591362,0.046291562431308865
-544.9833887043189,0.0440693625796189
-544.9634551495017,0.04194803985519736
-544.9435215946844,0.039952738760132306
-544.9235880398671,0.03811178650896749
-544.9036544850499,0.03645642708181129
-544.8837209302326,0.03502002604922395
-544.8637873754153,0.033836555624537704
-544.843853820598,0.03293826558899041
-544.8239202657808,0.03235267480649222
-544.8039867109635,0.03209935173116084
-544.7840531561461,0.03218724503434415
-544.764119601329,0.03261335724445391
-544.7441860465117,0.03336320262669348
-544.7242524916944,0.03441289313309513
-544.7043189368771,0.035732188193517915
-544.6843853820598,0.03728768661186584
-544.6644518272426,0.039045528397065474
-544.6445182724252,0.040973313047976405
-544.6245847176081,0.04304123197474602
-544.6046511627908,0.045222572545536924
-544.5847176079734,0.04749379380285462
-544.5647840531562,0.04983434956835018
-544.5448504983389,0.052226387245615756
-544.5249169435217,0.054654404778981154
-544.5049833887043,0.05710491310972444
-544.485049833887,0.05956612790439466
-544.4651162790698,0.0620276999565941
-544.4451827242525,0.06448048562896987
-544.4252491694353,0.06691635465681373
-544.405315614618,0.0693280309283968
-544.3853820598007,0.07170896143219806
-544.3654485049834,0.07405320878067005
-544.3455149501661,0.07635536322076712
-544.3255813953489,0.07861047062732578
-544.3056478405316,0.08081397354749231
-544.2857142857142,0.08296166287906512
-544.2657807308971,0.08504963820804022
-544.2458471760798,0.08707427520063446
-544.2259136212625,0.08903219874958855
-544.2059800664452,0.09092026082227776
-544.1860465116279,0.09273552215856609
-544.1661129568107,0.09447523712779272
-544.1461794019933,0.09613684118425733
-544.1262458471762,0.09771794046497653
-544.1063122923588,0.09921630315761223
-544.0863787375415,0.10062985233428731
-544.0664451827244,0.10195666000180613
-544.046511627907,0.1031949421631298
-544.0265780730898,0.10434305472115837
-544.0066445182724,0.10539949008516887
-543.9867109634552,0.10636287436448845
-543.9667774086379,0.10723196505377366
-543.9468438538206,0.10800564913067977
-543.9269102990033,0.10868294150029195
-543.9069767441861,0.10926298373229078
-543.8870431893688,0.10974504304624216
-543.8671096345515,0.11012851150883819
-543.8471760797343,0.11041290541384212
-543.827242524917,0.11059786482182597
-543.8073089700997,0.11068315324217974
-543.7873754152824,0.11066865744499733
-543.7674418604652,0.11055438739489294
-543.7475083056478,0.1103404763034561
-543.7275747508306,0.11002718080113778
-543.7076411960134,0.10961488123380986
-543.6877076411961,0.10910408209371475
-543.6677740863788,0.10849541259930712
-543.6478405315614,0.1077896274436135
-543.6279069767443,0.10698760773658783
-543.6079734219269,0.10609036217348126
-543.5880398671097,0.10509902846876834
-543.5681063122923,0.1040148751039042
-543.5481727574751,0.1028393034477222
-543.5282392026579,0.10157385032034444
-543.5083056478405,0.10022019108639348
-543.4883720930234,0.0987801433810727
-543.468438538206,0.09725567159402564
-543.4485049833887,0.09564889226232001
-543.4285714285714,0.09396208055585283
-543.4086378737542,0.09219767807785
-543.388704318937,0.09035830225165442
-543.3687707641196,0.08844675762490452
-543.3488372093024,0.08646604949648976
-543.3289036544851,0.08441940036375145
-543.3089700996678,0.0823102698020602
-543.2890365448505,0.08014237853123782
-543.2691029900333,0.07791973760041497
-543.2491694352159,0.07564668384232959
-543.2292358803987,0.07332792301898049
-543.2093023255815,0.07096858241207829
-543.1893687707642,0.06857427501297274
-543.1694352159469,0.06615117794165584
-543.1495016611295,0.06370612826952358
-543.1295681063124,0.061246740011092954
-543.109634551495,0.05878154662444066
-543.0897009966778,0.05632017378742956
-543.0697674418604,0.05387354724398743
-543.0498338870432,0.05145413968314737
-543.029900332226,0.049076258136181106
-543.0099667774086,0.04675636797365977
-542.9900332225915,0.04451343931947865
-542.9700996677741,0.042369283949895184
-542.9501661129568,0.04034882263696503
-542.9302325581396,0.03848018285082933
-542.9102990033223,0.03679447809535019
-542.890365448505,0.03532507741577868
-542.8704318936877,0.03410616929510764
-542.8504983388705,0.03317050799308596
-542.8305647840532,0.03254644577956733
-542.8106312292359,0.03225468378636737
-542.7906976744187,0.03230548409227356
-542.7707641196014,0.03269715620916899
-542.750830564784,0.033416317892744914
-542.7308970099668,0.03443984093582845
-542.7109634551495,0.03573785462285514
-542.6910299003323,0.037276977602181315
-542.671096345515,0.039023109677703394
-542.6511627906976,0.040943450848664915
-542.6312292358805,0.04300771957075981
-542.6112956810631,0.04518871791605639
-542.5913621262459,0.04746244456685214
-542.5714285714286,0.04980793687432202
-542.5514950166113,0.05220697643479954
-542.531561461794,0.05464374564845317
-542.5116279069767,0.05710448608463597
-542.4916943521596,0.05957718460338733
-542.4717607973422,0.06205129787221461
-542.4518272425249,0.06451751727907261
-542.4318936877077,0.06696757183741815
-542.4119601328904,0.06939406477372574
-542.3920265780731,0.0717903389613904
-542.3720930232558,0.07415036653920873
-542.3521594684386,0.07646865853890024
-542.3322259136213,0.07874019093296947
-542.312292358804,0.08096034409455452
-542.2923588039868,0.08312485318618885
-542.2724252491695,0.08522976744736718
-542.2524916943521,0.08727141673082742
-542.232558139535,0.08924638395021005
-542.2126245847176,0.09115148235673062
-542.1926910299004,0.09298373676859362
-542.1727574750831,0.09474036804323385
-542.1528239202657,0.09641878021602832
-542.1328903654486,0.09801654983673963
-542.1129568106312,0.09953141712146565
-542.093023255814,0.10096127860765113
-542.0730897009967,0.10230418105597242
-542.0531561461794,0.10355831638865391
-542.0332225913621,0.10472201749080094
-542.0132890365448,0.1057937547316195
-541.9933554817277,0.10677213308700752
-541.9734219269103,0.1076558897655754
-541.953488372093,0.10844389225679274
-541.9335548172758,0.1091351367340506
-541.9136212624585,0.10972874675704852
-541.8936877076412,0.11022397222791465
-541.873754152824,0.11062018856364965
-541.8538205980067,0.11091689605506912
-541.8338870431894,0.11111371938826148
-541.8139534883721,0.11121040731068724
-541.7940199335549,0.1112068324286997
-541.7740863787376,0.11110299112822854
-541.7541528239203,0.11089900361462611
-541.734219269103,0.11059511407216666
-541.7142857142857,0.11019169094790073
-541.6943521594685,0.10968922736917876
-541.6744186046511,0.10908834170875067
-541.654485049834,0.10838977831674533
-541.6345514950167,0.10759440844424933
-541.6146179401993,0.10670323139009044
-541.5946843853822,0.10571737590943743
-541.5747508305648,0.10463810193189753
-541.5548172757476,0.10346680264678985
-541.5348837209302,0.10220500702541667
-541.514950166113,0.10085438286475798
-541.4950166112957,0.09941674045443749
-541.4750830564784,0.09789403698995754
-541.4551495016613,0.09628838188108423
-541.4352159468439,0.0946020431356032
-541.4152823920266,0.09283745503755148
-541.3953488372093,0.09099722738644433
-541.375415282392,0.08908415662302896
-541.3554817275748,0.0871012392398321
-541.3355481727575,0.0850516879653452
-541.3156146179401,0.08293895132299448
-541.295681063123,0.08076673730593655
-541.2757475083057,0.07853904208250799
-541.2558139534884,0.0762601848626452
-541.2358803986712,0.07393485032185206
-541.2159468438538,0.07156814030569769
-541.1960132890366,0.06916563693305633
-541.1760797342192,0.06673347968631345
-541.1561461794021,0.06427845961797204
-541.1362126245848,0.06180813439499225
-541.1162790697674,0.05933096848750201
-541.0963455149503,0.05685650326639129
-541.0764119601329,0.05439556186614308
-541.0564784053157,0.051960492964016225
-541.0365448504983,0.04956545537480659
-541.0166112956811,0.04722674033927624
-540.9966777408638,0.04496311872348908
-540.9767441860465,0.04279618347336284
-540.9568106312294,0.0407506306645392
-540.936877076412,0.0388543834812062
-540.9169435215947,0.03713841499150923
-540.8970099667774,0.035636080636536525
-540.8770764119602,0.03438176042724541
-540.8571428571429,0.033408682748233935
-540.8372093023256,0.03274600304931943
-540.8172757475083,0.032415533860500875
-540.7973421926911,0.03242884701861133
-540.7774086378738,0.03278557692593986
-540.7574750830565,0.0334734807045794
-540.7375415282393,0.03447023430844586
-540.717607973422,0.03574637896031872
-540.6976744186047,0.0372685855585365
-540.6777408637873,0.03900253377697066
-540.6578073089702,0.04091503296487059
-540.6378737541528,0.042975329155422536
-540.6179401993356,0.0451557344680694
-540.5980066445184,0.04743177991929627
-540.578073089701,0.04978207817612813
-540.5581395348838,0.05218803694856003
-540.5382059800664,0.054633515687387675
-540.5182724252493,0.05710448007709184
-540.4983388704319,0.0595886825846058
-540.4784053156146,0.062075381030682206
-540.4584717607974,0.06455509787292357
-540.4385382059801,0.06701941810101392
-540.4186046511629,0.069460821525047
-540.3986710963455,0.07187254460135405
-540.3787375415283,0.07424846706461512
-540.358803986711,0.07658301910465276
-540.3388704318937,0.07887110541303724
-540.3189368770765,0.08110804301295586
-540.2990033222592,0.08328951032150905
-540.2790697674418,0.0854115053575736
-540.2591362126246,0.0874703113982274
-540.2392026578074,0.08946246870840276
-540.2192691029901,0.0913847512303488
-540.1993355481728,0.0932341473319349
-540.1794019933554,0.09500784388379062
-540.1594684385383,0.09670321307284035
-540.1395348837209,0.09831780147061935
-540.1196013289037,0.0998493209636614
-540.0996677740864,0.10129564122505218
-540.0797342192691,0.10265478346429333
-540.0598006644519,0.10392491523934942
-540.0398671096345,0.10510434615302279
-540.0199335548174,0.10619152428678458
-540.0,0.10718503325063936
-539.9800664451827,0.10808358974842115
-539.9601328903655,0.10888604157529397
-539.9401993355482,0.10959136597843311
-539.920265780731,0.11019866832391831
-539.9003322259136,0.11070718102297541
-539.8803986710964,0.11111626267925301
-539.8604651162791,0.11142539742618877
-539.8405315614618,0.11163419443004503
-539.8205980066446,0.111742387539787
-539.8006644518273,0.11174983507015912
-539.7807308970099,0.11165651970908125
-539.7607973421927,0.11146254854492882
-539.7408637873755,0.11116815321367852
-539.7209302325582,0.11077369017015866
-539.7009966777409,0.11027964109226605
-539.6810631229235,0.1096866134316143
-539.6611295681064,0.10899534112934399
-539.641196013289,0.10820668552137108
-539.6212624584718,0.10732163646390443
-539.6013289036545,0.1063413137173547
-539.5813953488372,0.10526696863534205
-539.56146179402,0.10409998621562598
-539.5415282392026,0.10284188758162888
-539.5215946843855,0.10149433297771596
-539.5016611295681,0.10005912537831566
-539.4817275747508,0.09853821483210636
-539.4617940199336,0.09693370368762506
-539.4418604651163,0.09524785287767044
-539.421926910299,0.093483089477948
-539.4019933554817,0.09164201580203848
-539.3820598006645,0.08972742035272004
-539.3621262458472,0.08774229102100592
-539.3421926910299,0.08568983101325292
-539.3222591362127,0.08357347809683416
-539.3023255813954,0.08139692789227918
-539.282392026578,0.07916416211026873
-539.2624584717609,0.07687948284363263
-539.2425249169435,0.07454755428611719
-539.2225913621263,0.0721734535708402
-539.202657807309,0.06976273281103514
-539.1827242524917,0.06732149489008042
-539.1627906976745,0.06485648608529392
-539.1428571428571,0.062375209202138446
-539.12292358804,0.059886061490404
-539.1029900332226,0.05739850209913866
-539.0830564784053,0.05492325397924662
-539.063122923588,0.05247254455487788
-539.0431893687708,0.050060387445936584
-539.0232558139536,0.04770290286496804
-539.0033222591362,0.04541866522936878
-538.9833887043189,0.04322905050474927
-538.9634551495017,0.041158529883214674
-538.9435215946844,0.03923481847282458
-538.9235880398671,0.0374887395431512
-538.9036544850499,0.03595361806421971
-538.8837209302326,0.034664000304242736
-538.8637873754153,0.03365355671195705
-538.843853820598,0.03295221247242363
-538.8239202657808,0.032582865582839335
-538.8039867109635,0.032558388637285496
-538.7840531561462,0.03287975403853799
-538.764119601329,0.03353589111625156
-538.7441860465116,0.034505323574968653
-538.7242524916944,0.03575904793270907
-538.7043189368771,0.037263822208612234
-538.6843853820599,0.03898512883655066
-538.6644518272426,0.040889397953355736
-538.6445182724252,0.04294540579773257
-538.6245847176081,0.045124971442023355
-538.6046511627907,0.047403152029145315
-538.5847176079735,0.04975812806625827
-538.5647840531561,0.05217092577533568
-538.5448504983389,0.054625074549031614
-538.5249169435217,0.05710625784835288
-538.5049833887043,0.059601988254041685
-538.4850498338872,0.06210132006027856
-538.4651162790698,0.06459460284568576
-538.4451827242525,0.0670732742599831
-538.4252491694352,0.06952968791503601
-538.405315614618,0.07195697151327055
-538.3853820598007,0.07434891041586807
-538.3654485049834,0.07669985230335492
-538.3455149501661,0.07900462916672712
-538.3255813953489,0.0812584934627824
-538.3056478405316,0.08345706581366888
-538.2857142857143,0.08559629210554663
-538.2657807308971,0.08767240824129606
-538.2458471760797,0.08968191113269666
-538.2259136212625,0.09162153478699557
-538.2059800664451,0.0934882305613211
-538.186046511628,0.09527915083423562
-538.1661129568107,0.0969916354856642
-538.1461794019933,0.09862320069007051
-538.1262458471762,0.10017152961954168
-538.1063122923588,0.10163446472728935
-538.0863787375416,0.10301000134152315
-538.0664451827242,0.10429628234804757
-538.046511627907,0.1054915937790432
-538.0265780730897,0.10659436115731095
-538.0066445182724,0.10760314647154462
-537.9867109634553,0.10851664567942294
-537.9667774086379,0.10933368665315665
-537.9468438538206,0.11005322749674137
-537.9269102990033,0.11067435517649842
-537.9069767441861,0.1111962844166629
-537.8870431893688,0.1116183568208796
-537.8671096345515,0.11194004018752648
-537.8471760797343,0.11216092799386775
-537.827242524917,0.1122807390293778
-537.8073089700997,0.11229931716408556
-537.7873754152824,0.11221663124245816
-537.7674418604652,0.1120327750979607
-537.7475083056479,0.11174796768766396
-537.7275747508306,0.11136255335082391
-537.7076411960132,0.1108770021997565
-537.6877076411961,0.11029191065596866
-537.6677740863788,0.10960800214985009
-537.6478405315615,0.10882612800758823
-537.6279069767443,0.1079472685555711
-537.6079734219269,0.10697253447968211
-537.5880398671097,0.10590316848543431
-537.5681063122923,0.10474054731476279
-537.5481727574752,0.10348618418716571
-537.5282392026578,0.102141731746868
-537.5083056478405,0.10070898561468605
-537.4883720930234,0.09918988866375193
-537.468438538206,0.09758653616312958
-537.4485049833888,0.0959011819638675
-537.4285714285714,0.0941362459392756
-537.4086378737542,0.09229432293723731
-537.3887043189369,0.09037819355901196
-537.3687707641196,0.08839083714928649
-537.3488372093024,0.08633544746927298
-537.3289036544851,0.08421545163305712
-537.3089700996678,0.08203453302197927
-537.2890365448505,0.07979665905938743
-537.2691029900333,0.07750611493601013
-537.249169435216,0.07516754463320967
-537.2292358803987,0.0727860009074465
-537.2093023255813,0.07036700628322273
-537.1893687707642,0.06791662756063162
-537.1694352159468,0.06544156687703713
-537.1495016611296,0.0629492729542493
-537.1295681063124,0.06044807676596149
-537.109634551495,0.0579473563703581
-537.0897009966778,0.055457735861592715
-537.0697674418604,0.052991322916613334
-537.0498338870433,0.05056198757731887
-537.0299003322259,0.0481856805953579
-537.0099667774086,0.04588078114088926
-536.9900332225914,0.04366844847723984
-536.9700996677741,0.0415729273721601
-536.9501661129569,0.03962172020357028
-536.9302325581396,0.037845491060005454
-536.9102990033223,0.03627751878340745
-536.890365448505,0.03495249336949491
-536.8704318936877,0.03390449960414126
-536.8504983388705,0.033164204594273224
-536.8305647840532,0.0327555721884313
-536.8106312292358,0.03269277301425588
-536.7906976744187,0.03297813622640644
-536.7707641196014,0.03360180080307158
-536.7508305647841,0.034543185062911756
-536.7308970099668,0.035773785932941206
-536.7109634551495,0.03726048364067704
-536.6910299003323,0.0389685851528043
-536.6710963455149,0.04086415076487831
-536.6511627906978,0.042915486971028954
-536.6312292358804,0.045093913989011344
-536.6112956810631,0.04737400629476231
-536.5913621262459,0.04973350244838999
-536.5714285714286,0.05215303760302739
-536.5514950166114,0.05461580233913542
-536.531561461794,0.057107190215125794
-536.5116279069767,0.05961446735506783
-536.4916943521595,0.062126478988426784
-536.4717607973422,0.064633397186354
-536.451827242525,0.0671265084057127
-536.4318936877077,0.06959803685536384
-536.4119601328904,0.07204099881391368
-536.3920265780731,0.07444908303744813
-536.3720930232558,0.07681655282333671
-536.3521594684386,0.07913816587972262
-536.3322259136213,0.08140910875250217
-536.3122923588039,0.08362494311855535
-536.2923588039868,0.08578156173999738
-536.2724252491695,0.08787515228482015
-536.2524916943522,0.08990216755868334
-536.232558139535,0.091859300970138
-536.2126245847176,0.09374346627611863
-536.1926910299004,0.09555178083589264
-536.172757475083,0.09728155174742426
-536.1528239202659,0.0989302643574239
-536.1328903654485,0.10049557273063921
-536.1129568106312,0.1019752917398308
-536.093023255814,0.10336739049932958
-536.0730897009967,0.104669986914557
-536.0531561461795,0.1058813431602097
-536.0332225913621,0.10699986193251931
-536.0132890365448,0.1080240833478601
-535.9933554817276,0.10895268238199773
-535.9734219269103,0.10978446676231192
-535.953488372093,0.11051837524050097
-535.9335548172758,0.11115347618579352
-535.9136212624585,0.11168896644923354
-535.8936877076412,0.11212417045869173
-535.873754152824,0.11245853951176224
-535.8538205980067,0.11269165124055305
-535.8338870431894,0.11282320922826951
-535.8139534883721,0.1128530427625754
-535.7940199335549,0.11278110671589184
-535.7740863787375,0.11260748154711644
-535.7541528239203,0.11233237342376931
-535.734219269103,0.1119561144679378
-535.7142857142858,0.11147916313394497
-535.6943521594685,0.1109021047301713
-535.6744186046511,0.11022565210288758
-535.654485049834,0.10945064650517394
-535.6345514950166,0.10857805868061934
-535.6146179401994,0.10760899019852002
-535.594684385382,0.10654467508571809
-535.5747508305648,0.10538648181003782
-535.5548172757476,0.10413591568184997
-535.5348837209302,0.10279462175423715
-535.5149501661131,0.10136438831878809
-535.4950166112957,0.09984715111437477
-535.4750830564784,0.09824499839057149
-535.4551495016611,0.09656017699749662
-535.4352159468439,0.09479509971033906
-535.4152823920267,0.09295235404212049
-535.3953488372093,0.09103471285387058
-535.375415282392,0.08904514714022634
-535.3554817275748,0.08698684145427829
-535.3355481727575,0.08486321254144595
-535.3156146179402,0.08267793188459052
-535.295681063123,0.08043495302690455
-535.2757475083056,0.07813854474329283
-535.2558139534884,0.07579333138359516
-535.2358803986712,0.07340434202184004
-535.2159468438539,0.07097707042398498
-535.1960132890366,0.06851754829985024
-535.1760797342192,0.06603243483389394
-535.1561461794021,0.06352912608036392
-535.1362126245847,0.06101588841880513
-535.1162790697675,0.05850202079865091
-535.0963455149501,0.0559980507623031
-535.0764119601329,0.05351596886231581
-535.0564784053157,0.051069504441748514
-535.0365448504983,0.04867444176226741
-535.0166112956812,0.046348967470175466
-534.9966777408638,0.04411402598836594
-534.9767441860465,0.04199363565488456
-534.9568106312292,0.040015082756195614
-534.936877076412,0.03820886355211407
-534.9169435215947,0.03660819480906446
-534.8970099667774,0.035247885794231
-534.8770764119602,0.03416240369886229
-534.8571428571429,0.03338312286010398
-534.8372093023256,0.03293504407499382
-534.8172757475083,0.032833622812577616
-534.7973421926911,0.033082554088695273
-534.7774086378738,0.033673217167850565
-534.7574750830565,0.03458596898372373
-534.7375415282391,0.03579285287595865
-534.717607973422,0.03726090988975789
-534.6976744186047,0.03895529808476648
-534.6777408637874,0.040841722245443274
-534.6578073089702,0.042888023654988165
-534.6378737541528,0.045065021611663286
-534.6179401993356,0.04734680210485117
-534.5980066445183,0.04971065425282472
-534.5780730897011,0.05213681429402803
-534.5581395348837,0.05460812654165822
-534.5382059800664,0.05710968793917587
-534.5182724252493,0.05962851230049034
-534.4983388704319,0.06215323078301185
-534.4784053156147,0.06467383371415808
-534.4584717607974,0.06718145279426509
-534.4385382059801,0.06966817983692018
-534.4186046511628,0.07212691718246685
-534.3986710963455,0.074551254862975
-534.3787375415283,0.07693536999957755
-534.358803986711,0.07927394449213367
-534.3388704318937,0.08156209767004041
-534.3189368770765,0.08379533114000144
-534.2990033222592,0.0859694835641359
-534.2790697674419,0.08808069352263805
-534.2591362126246,0.0901253689643038
-534.2392026578073,0.09210016203331203
-534.2192691029901,0.09400194829199346
-534.1993355481728,0.09582780954581932
-534.1794019933556,0.09757501962707686
-534.1594684385383,0.09924103261420529
-534.1395348837209,0.10082347306104203
-534.1196013289037,0.10232012788828612
-534.0996677740864,0.1037289396524738
-534.0797342192692,0.10504800095899454
-534.0598006644518,0.10627554982678204
-534.0398671096345,0.1074099658462009
-534.0199335548174,0.10844976699907606
-534.0,0.10939360703238969
-533.9800664451828,0.11024027329585817
-533.9601328903655,0.11098868496896876
-533.9401993355482,0.11163789161591574
-533.9202657807309,0.11218707201780186
-533.9003322259136,0.11263553324056788
-533.8803986710964,0.11298270990488629
-533.8604651162791,0.11322816363129126
-533.8405315614618,0.1133715826395779
-533.8205980066446,0.11341278148700994
-533.8006644518273,0.11335170093481725
-533.78073089701,0.11318840793697879
-533.7607973421927,0.11292309574984571
-533.7408637873754,0.11255608416546016
-533.7209302325582,0.1120878198760126
-533.7009966777408,0.11151887698153408
-533.6810631229237,0.11084995765794785
-533.6611295681064,0.11008189300825749
-533.641196013289,0.10921564412580613
-533.6212624584718,0.10825230340570362
-533.6013289036545,0.10719309614883543
-533.5813953488373,0.10603938251241232
-533.5614617940199,0.10479265987264672
-533.5415282392026,0.10345456567861575
-533.5215946843854,0.1020268808929668
-533.5016611295681,0.10051153413479541
-533.481727574751,0.09891060666425955
-533.4617940199336,0.09722633837777894
-533.4418604651163,0.09546113501882811
-533.421926910299,0.09361757685353866
-533.4019933554817,0.09169842911508713
-533.3820598006645,0.0897066545885642
-533.3621262458472,0.087645428791823
-533.3421926910298,0.08551815831233317
-533.3222591362127,0.08332850298960512
-533.3023255813954,0.08108040279436102
-533.2823920265781,0.07877811045587726
-533.2624584717609,0.07642623113740762
-533.2425249169435,0.07402977076503116
-533.2225913621263,0.07159419498807876
-533.2026578073089,0.06912550119668429
-533.1827242524918,0.06663030654619032
-533.1627906976744,0.0641159555275658
-533.1428571428571,0.061590651239101124
-533.12292358804,0.05906361506790731
-533.1029900332226,0.05654527979822611
-533.0830564784054,0.05404752088638531
-533.063122923588,0.05158392917507747
-533.0431893687708,0.049170124646462844
-533.0232558139535,0.046824103328745086
-533.0033222591362,0.044566595839868516
-532.983388704319,0.04242139333195143
-532.9634551495017,0.04041556209013286
-532.9435215946844,0.03857942171310757
-532.9235880398671,0.03694611128472992
-532.9036544850499,0.03555053584484789
-532.8837209302326,0.03442751457335377
-532.8637873754153,0.03360909618346761
-532.843853820598,0.033121291373461356
-532.8239202657808,0.03298082897641561
-532.8039867109635,0.03319278066892997
-532.7840531561462,0.03374979855488941
-532.764119601329,0.034633224396160844
-532.7441860465117,0.035815696199261386
-532.7242524916944,0.03726445629040306
-532.704318936877,0.03894454150301507
-532.6843853820599,0.040821315738825595
-532.6644518272425,0.04286215920648153
-532.6445182724253,0.04503738735517957
-532.6245847176081,0.047320590763569745
-532.6046511627907,0.049688600443595986
-532.5847176079735,0.0521212447502531
-532.5647840531561,0.05460101325809293
-532.544850498339,0.057112698696734444
-532.5249169435216,0.05964305596148557
-532.5049833887043,0.062180496496996356
-532.485049833887,0.06471482412429574
-532.4651162790698,0.06723701178825024
-532.4451827242526,0.06973901555585901
-532.4252491694352,0.072213621018498
-532.405315614618,0.07465431712073572
-532.3853820598007,0.07705519281187044
-532.3654485049834,0.07941085248993097
-532.3455149501661,0.08171634682207472
-532.3255813953489,0.08396711610274203
-532.3056478405315,0.08615894381959203
-532.2857142857143,0.08828791852905274
-532.2657807308971,0.09035040250185304
-532.2458471760798,0.09234300589213605
-532.2259136212625,0.09426256542188272
-532.2059800664451,0.0961061267642138
-532.186046511628,0.0978709299638985
-532.1661129568106,0.09955439735751599
-532.1461794019934,0.10115412355567625
-532.126245847176,0.10266786713015358
-532.1063122923588,0.10409354371360315
-532.0863787375416,0.10542922027209344
-532.0664451827242,0.10667311035309497
-532.0465116279071,0.10782357014630035
-532.0265780730897,0.10887909522278459
-532.0066445182724,0.10983831784136983
-531.9867109634552,0.11070000472994636
-531.9667774086379,0.1114630552655482
-531.9468438538206,0.11212649998999859
-531.9269102990033,0.11268949940910554
-531.9069767441861,0.11315134303276668
-531.8870431893688,0.11351144862132143
-531.8671096345515,0.11376936161045564
-531.8471760797343,0.11392475469308896
-531.827242524917,0.11397742754212661
-531.8073089700997,0.11392730666290891
-531.7873754152824,0.11377444536893638
-531.7674418604652,0.11351902387883231
-531.7475083056479,0.11316134953703573
-531.7275747508306,0.11270185716510366
-531.7076411960134,0.1121411095552951
-531.6877076411961,0.11147979812304798
-531.6677740863787,0.11071874374062103
-531.6478405315615,0.10985889778017731
-531.6279069767442,0.10890134340185087
-531.607973421927,0.10784729713030126
-531.5880398671097,0.10669811077300981
-531.5681063122923,0.1054552737446736
-531.5481727574752,0.10412041587564354
-531.5282392026578,0.10269531079848995
-531.5083056478406,0.10118188002624284
-531.4883720930233,0.09958219785962523
-531.468438538206,0.09789849728945539
-531.4485049833887,0.09613317709586233
-531.4285714285714,0.09428881038938693
-531.4086378737543,0.09236815489296413
-531.3887043189369,0.09037416532996231
-531.3687707641196,0.08831000836611162
-531.3488372093024,0.08617908065541609
-531.3289036544851,0.08398503066751689
-531.3089700996678,0.08173178513246249
-531.2890365448505,0.0794235811356695
-531.2691029900332,0.07706500513979571
-531.249169435216,0.07466104051080487
-531.2292358803987,0.07221712549255861
-531.2093023255815,0.06973922401591562
-531.1893687707642,0.06723391224760074
-531.1694352159468,0.06470848437145374
-531.1495016611296,0.06217108171555013
-531.1295681063123,0.059630849910282654
-531.1096345514951,0.05709812911519951
-531.0897009966777,0.05458468216549205
-531.0697674418604,0.052103964190383455
-531.0498338870433,0.04967143387779733
-531.0299003322259,0.04730489956053045
-531.0099667774087,0.0450248804111799
-530.9900332225914,0.04285494133664779
-530.9700996677741,0.04082192682489764
-530.9501661129568,0.03895597349052541
-530.9302325581396,0.03729012987268463
-530.9102990033223,0.03585937587906904
-530.890365448505,0.03469885404321144
-530.8704318936877,0.03384125472819479
-530.8504983388705,0.033313569264388804
-530.8305647840532,0.03313378371955773
-530.8106312292359,0.03330835096057628
-530.7906976744187,0.03383122204091838
-530.7707641196013,0.034684764524815385
-530.7508305647841,0.03584225600641492
-530.7308970099668,0.03727117906207147
-530.7109634551496,0.038936476816513556
-530.6910299003323,0.040803187514147084
-530.6710963455149,0.042838235355958314
-530.6511627906978,0.04501143002618306
-530.6312292358804,0.047295860744486995
-530.6112956810632,0.04966789264309183
-530.5913621262458,0.052106938019235834
-530.5714285714286,0.05459512393759851
-530.5514950166114,0.057116931928712276
-530.531561461794,0.059658851896627306
-530.5116279069769,0.062209070399293596
-530.4916943521595,0.06475720039454272
-530.4717607973422,0.06729405242530273
-530.4518272425249,0.06981144376655457
-530.4318936877077,0.0723020407154405
-530.4119601328904,0.07475922899585466
-530.3920265780731,0.07717700758967702
-530.3720930232558,0.0795499018733278
-530.3521594684386,0.08187289255720533
-530.3322259136213,0.08414135751306956
-530.312292358804,0.08635102409452788
-530.2923588039868,0.08849792999856687
-530.2724252491694,0.09057839108436992
-530.2524916943522,0.09258897486724377
-530.2325581395348,0.09452647865043799
-530.2126245847177,0.09638791145528326
-530.1926910299004,0.09817047906919137
-530.172757475083,0.09987157165900078
-530.1528239202659,0.10148875349998114
-530.1328903654485,0.10301975445352328
-530.1129568106313,0.1044624628934534
-530.0930232558139,0.1058149198346459
-530.0730897009967,0.1070753140614996
-530.0531561461794,0.10824197808932108
-530.0332225913621,0.10931338482075502
-530.013289036545,0.11028814478317303
-529.9933554817276,0.11116500385247612
-529.9734219269103,0.11194284138508998
-529.953488372093,0.11262066869342995
-529.9335548172758,0.11319762781135952
-529.9136212624585,0.11367299050587902
-529.8936877076412,0.11404615749941514
-529.873754152824,0.1143166578741131
-529.8538205980067,0.11448414863592277
-529.8338870431894,0.11454841442160045
-529.8139534883721,0.11450936733695145
-529.7940199335549,0.11436704691935037
-529.7740863787376,0.11412162022198787
-529.7541528239203,0.11377338202186961
-529.7342192691029,0.11332275515795441
-529.7142857142858,0.1127702910107015
-529.6943521594684,0.11211667013906729
-529.6744186046512,0.11136270309665865
-529.654485049834,0.11050933145491605
-529.6345514950166,0.10955762906794995
-529.6146179401994,0.10850880362201758
-529.594684385382,0.1073641985218373
-529.5747508305649,0.1061252951771897
-529.5548172757475,0.10479371576645052
-529.5348837209302,0.10337122656967081
-529.5149501661131,0.10185974198299425
-529.4950166112957,0.10026132934947768
-529.4750830564785,0.09857821476991793
-529.4551495016611,0.09681279009191032
-529.4352159468439,0.09496762131838726
-529.4152823920266,0.09304545872932918
-529.3953488372093,0.09104924907584451
-529.375415282392,0.08898215028659373
-529.3554817275748,0.08684754922707491
-529.3355481727575,0.08464908317725492
-529.3156146179402,0.08239066584858176
-529.295681063123,0.0800765189547984
-529.2757475083057,0.07771121059043767
-529.2558139534884,0.07529970196665654
-529.235880398671,0.07284740441527293
-529.2159468438539,0.0703602490078114
-529.1960132890365,0.06784477165040212
-529.1760797342193,0.06530821710039375
-529.1561461794021,0.06275866597489534
-529.1362126245847,0.060205189409902285
-529.1162790697675,0.05765803642190702
-529.0963455149501,0.055128858921783284
-529.076411960133,0.052630978191206705
-529.0564784053156,0.05017969353473265
-529.0365448504983,0.04779262728638619
-529.0166112956811,0.04549008818056579
-528.9966777408638,0.0432954144035334
-528.9767441860466,0.0412352254853325
-528.9568106312292,0.03933946759552188
-528.936877076412,0.03764108517862088
-528.9169435215947,0.03617511209230591
-528.8970099667774,0.03497698639831489
-528.8770764119602,0.03408000902094354
-528.8571428571429,0.03351212499799
-528.8372093023256,0.033292564422834785
-528.8172757475083,0.033429169336326205
-528.7973421926911,0.03391721981127269
-528.7774086378738,0.03474015442988671
-528.7574750830565,0.03587193931864014
-528.7375415282393,0.037280339488751875
-528.717607973422,0.03893023388485945
-528.6976744186046,0.04078635106512551
-528.6777408637874,0.04281516398511623
-528.6578073089701,0.04498597363064276
-528.6378737541529,0.04727136051239402
-528.6179401993356,0.049647214576268396
-528.5980066445183,0.052092522387039195
-528.5780730897011,0.05458903935117644
-528.5581395348837,0.05712092760007859
-528.5382059800666,0.05967440492885889
-528.5182724252492,0.062237426949987004
-528.4983388704319,0.06479941065925082
-528.4784053156146,0.06735099993223266
-528.4584717607974,0.06988386969137457
-528.4385382059802,0.07239056396581577
-528.4186046511628,0.07486436276859794
-528.3986710963455,0.07729917302055331
-528.3787375415283,0.07968943930714632
-528.358803986711,0.08203007087772206
-528.3388704318937,0.08431638189396296
-528.3189368770765,0.0865440424658937
-528.2990033222592,0.0887090384678352
-528.2790697674419,0.09080763850497184
-528.2591362126246,0.09283636671141349
-528.2392026578074,0.09479198031271473
-528.2192691029901,0.09667145108920641
-528.1993355481727,0.09847195004047546
-528.1794019933556,0.10019083468282623
-528.1594684385382,0.10182563851768703
-528.139534883721,0.1033740622938792
-528.1196013289037,0.10483396675547366
-528.0996677740864,0.10620336662239065
-528.0797342192692,0.10748042559602618
-528.0598006644518,0.10866345221838451
-528.0398671096347,0.10975089644346758
-528.0199335548173,0.11074134680372669
-528.0,0.1116335280747993
-527.9800664451827,0.11242629935809442
-527.9601328903655,0.11311865251497022
-527.9401993355483,0.11370971089755373
-527.9202657807309,0.11419872833129846
-527.9003322259136,0.11458508831254208
-527.8803986710964,0.11486830339177934
-527.8604651162791,0.11504801471947038
-527.8405315614618,0.11512399173703061
-527.8205980066446,0.11509613200064438
-527.8006644518272,0.11496446113038415
-527.78073089701,0.11472913288165404
-527.7607973421927,0.11439042934045383
-527.7408637873755,0.11394876124839277
-527.7209302325582,0.11340466846821828
-527.7009966777408,0.1127588206054578
-527.6810631229237,0.11201201780735942
-527.6611295681063,0.11116519176629783
-527.6411960132891,0.11021940696177691
-527.6212624584717,0.10917586218322158
-527.6013289036545,0.10803589238479788
-527.5813953488373,0.10680097093485887
-527.5614617940199,0.10547271233529978
-527.5415282392028,0.10405287550207924
-527.5215946843854,0.10254336771690815
-527.5016611295681,0.10094624938304647
-527.4817275747508,0.09926373974616749
-527.4617940199336,0.09749822377538778
-527.4418604651163,0.09565226044160034
-527.421926910299,0.09372859268205493
-527.4019933554817,0.09173015940425962
-527.3820598006645,0.08966010996154024
-527.3621262458472,0.08752182163149234
-527.3421926910299,0.08531892075101484
-527.3222591362127,0.08305530831448904
-527.3023255813953,0.0807351910314165
-527.2823920265781,0.07836311907527445
-527.2624584717609,0.07594403204593363
-527.2425249169436,0.07348331502388324
-527.2225913621263,0.07098686702441022
-527.2026578073089,0.06846118466884532
-527.1827242524918,0.0659134644717922
-527.1627906976744,0.0633517277709722
-527.1428571428572,0.06078497292900333
-527.1229235880398,0.05822335986794873
-527.1029900332226,0.055678431973584824
-527.0830564784054,0.0531633794170648
-527.063122923588,0.050693345109668206
-527.0431893687709,0.048285768415652755
-527.0232558139535,0.04596075026861333
-527.0033222591362,0.04374140362075271
-526.9833887043189,0.041654122176057407
-526.9634551495017,0.0397286567414072
-526.9435215946844,0.03799783668677274
-526.9235880398671,0.0364967310537446
-526.9036544850499,0.035261046638832116
-526.8837209302326,0.03432466289341802
-526.8637873754153,0.033716448027081784
-526.843853820598,0.03345685663967051
-526.8239202657808,0.03355511986056259
-526.8039867109635,0.034007868707157475
-526.7840531561462,0.03479965144574745
-526.7641196013288,0.0359051676422365
-526.7441860465117,0.03729250537238557
-526.7242524916944,0.0389265092182153
-526.7043189368771,0.0407716153806902
-526.6843853820599,0.042793852142634106
-526.6644518272425,0.04496201073904084
-526.6445182724253,0.04724815738027781
-526.624584717608,0.04962769908042122
-526.6046511627908,0.05207918834628296
-526.5847176079734,0.05458400092826754
-526.5647840531561,0.05712597233289344
-526.544850498339,0.05969104195142496
-526.5249169435216,0.06226692908615147
-526.5049833887044,0.06484285025772794
-526.485049833887,0.06740927890380106
-526.4651162790698,0.06995774445247709
-526.4451827242525,0.07248066604613315
-526.4252491694352,0.07497121579860944
-526.405315614618,0.07742320673320754
-526.3853820598007,0.07983100109479871
-526.3654485049834,0.08218943535568254
-526.3455149501661,0.08449375884194679
-526.3255813953489,0.086739583450067
-526.3056478405316,0.08892284238916949
-526.2857142857143,0.0910397562726956
-526.265780730897,0.09308680520235665
-526.2458471760798,0.09506070574662358
-526.2259136212624,0.0969583919253665
-526.2059800664452,0.09877699948111611
-526.186046511628,0.1005138528529221
-526.1661129568106,0.10216645437774373
-526.1461794019934,0.10373247533208431
-526.126245847176,0.10520974849719468
-526.1063122923589,0.10659626198825407
-526.0863787375415,0.10789015413418042
-526.0664451827242,0.10908970923228749
-526.0465116279071,0.1101933540326611
-526.0265780730897,0.11119965483217965
-526.0066445182725,0.1121073150788233
-525.9867109634552,0.11291517340385085
-525.9667774086379,0.11362220201383161
-525.9468438538206,0.11422750538613075
-525.9269102990033,0.11473031922175718
-525.9069767441861,0.11513000961780938
-525.8870431893688,0.11542607242934425
-525.8671096345515,0.11561813279668635
-525.8471760797343,0.11570594482022702
-525.827242524917,0.1156893913696767
-525.8073089700997,0.1155684840197714
-525.7873754152824,0.11534336310890886
-525.7674418604652,0.11501429792172926
-525.7475083056479,0.11458168700111003
-525.7275747508305,0.11404605859988187
-525.7076411960134,0.11340807128733339
-525.6877076411961,0.11266851473115286
-525.6677740863788,0.11182831068146896
-525.6478405315615,0.11088851419044551
-525.6279069767442,0.10985031510880569
-525.607973421927,0.10871503990985491
-525.5880398671096,0.10748415390238153
-525.5681063122925,0.10615926390674521
-525.5481727574751,0.10474212148380295
-525.5282392026578,0.10323462682506733
-525.5083056478406,0.10163883343490475
-525.4883720930233,0.09995695376315736
-525.4684385382061,0.09819136598014794
-525.4485049833887,0.09634462212735569
-525.4285714285714,0.09441945792784341
-525.4086378737542,0.09241880460357386
-525.3887043189369,0.09034580312461345
-525.3687707641196,0.08820382141210435
-525.3488372093024,0.08599647513734238
-525.3289036544851,0.08372765290917993
-525.3089700996678,0.08140154682839627
-525.2890365448505,0.07902268961889046
-525.2691029900333,0.07659599983134706
-525.249169435216,0.07412683696526025
-525.2292358803986,0.07162106877921107
-525.2093023255815,0.06908515356279908
-525.1893687707641,0.06652624072215237
-525.1694352159469,0.06395229366030764
-525.1495016611296,0.06137223954967842
-525.1295681063123,0.05879615105949789
-525.1096345514951,0.05623546515067673
-525.0897009966777,0.053703243201427185
-525.0697674418606,0.051214474146481795
-525.0498338870432,0.04878641664419703
-525.0299003322259,0.04643896547050107
-525.0099667774086,0.04419500857552106
-524.9900332225914,0.04208071143929885
-524.9700996677742,0.04012562279548679
-524.9501661129568,0.03836244394861912
-524.9302325581396,0.03682625820503357
-524.9102990033223,0.035553012107162364
-524.890365448505,0.03457712949935004
-524.8704318936877,0.033928369465697265
-524.8504983388705,0.0336283906136655
-524.8305647840532,0.03368781350587721
-524.8106312292359,0.034104644409863966
-524.7906976744187,0.034864584307659305
-524.7707641196014,0.03594311680174167
-524.7508305647841,0.03730869958208355
-524.7308970099667,0.03892617781394011
-524.7109634551496,0.0407597164186088
-524.6910299003322,0.04277490784181953
-524.671096345515,0.044940033509277
-524.6511627906978,0.04722663980792356
-524.6312292358804,0.04960964255170862
-524.6112956810632,0.052067151015655073
-524.5913621262458,0.05458015230718265
-524.5714285714287,0.05713214706948227
-524.5514950166113,0.05970878902553089
-524.531561461794,0.062297554910393106
-524.5116279069767,0.06488745545464177
-524.4916943521595,0.06746878917755501
-524.4717607973423,0.07003293624848088
-524.4518272425249,0.07257218776095252
-524.4318936877077,0.07507960526835857
-524.4119601328904,0.07754890564882742
-524.3920265780731,0.07997436689931725
-524.3720930232558,0.08235075108750799
-524.3521594684386,0.08467324130638793
-524.3322259136212,0.08693739003097808
-524.312292358804,0.08913907675392557
-524.2923588039868,0.09127447317550752
-524.2724252491695,0.09334001455172938
-524.2524916943522,0.09533237607103223
-524.2325581395348,0.0972484533458076
-524.2126245847177,0.09908534627872155
-524.1926910299003,0.10084034570316162
-524.1727574750831,0.10251092230978064
-524.1528239202657,0.10409471746093729
-524.1328903654485,0.10558953556787137
-524.1129568106313,0.10699333776393069
-524.0930232558139,0.10830423665498326
-524.0730897009968,0.10952049196643268
-524.0531561461794,0.11064050693808282
-524.0332225913621,0.11166282534355586
-524.0132890365448,0.11258612903242933
-523.9933554817276,0.11340923591053399
-523.9734219269103,0.11413109828855741
-523.953488372093,0.11475080154121417
-523.9335548172758,0.11526756302950673
-523.9136212624585,0.11568073124738701
-523.8936877076412,0.11598978516157411
-523.873754152824,0.11619433371998156
-523.8538205980067,0.11629411550986009
-523.8338870431894,0.11628899855227513
-523.8139534883721,0.11617898022413486
-523.7940199335549,0.1159641873038367
-523.7740863787376,0.1156448761411211
-523.7541528239203,0.11522143295599055
-523.734219269103,0.11469437427661659
-523.7142857142858,0.11406434753073792
-523.6943521594684,0.11333213181081314
-523.6744186046512,0.11249863883882084
-523.6544850498339,0.1115649141636756
-523.6345514950167,0.11053213863184286
-523.6146179401994,0.10940163018092211
-523.594684385382,0.10817484601652583
-523.5747508305649,0.10685338524564451
-523.5548172757475,0.10543899205474841
-523.5348837209303,0.10393355953927733
-523.514950166113,0.10233913431330334
-523.4950166112957,0.10065792205521067
-523.4750830564784,0.09889229417828024
-523.4551495016611,0.09704479585556931
-523.435215946844,0.09511815567860037
-523.4152823920266,0.09311529729096797
-523.3953488372093,0.09103935341466436
-523.375415282392,0.08889368278196443
-523.3554817275748,0.08668189060385578
-523.3355481727575,0.0844078533532535
-523.3156146179402,0.08207574882411706
-523.2956810631229,0.07969009265491951
-523.2757475083057,0.07725578278557947
-523.2558139534884,0.07477815366184293
-523.2358803986712,0.07226304241900162
-523.2159468438539,0.0697168697748293
-523.1960132890365,0.06714673893610099
-523.1760797342193,0.06456055645357064
-523.156146179402,0.061967179587587067
-523.1362126245848,0.05937659524331074
-523.1162790697674,0.056800135652415255
-523.0963455149501,0.05425073526085854
-523.076411960133,0.05174323093969747
-523.0564784053156,0.049294702370727805
-523.0365448504984,0.04692483928269533
-523.0166112956811,0.0446563043807296
-522.9966777408638,0.042515032188361924
-522.9767441860465,0.040530362564717703
-522.9568106312292,0.03873485600988581
-522.936877076412,0.03716358980987899
-522.9169435215947,0.035852722190155194
-522.8970099667774,0.034837188215411485
-522.8770764119602,0.03414760620537692
-522.8571428571429,0.03380681843987492
-522.8372093023256,0.03382683511093365
-522.8172757475083,0.03420706210088597
-522.7973421926911,0.03493439689459972
-522.7774086378738,0.035985159254505156
-522.7574750830564,0.03732822495455376
-522.7375415282393,0.038928476466098344
-522.717607973422,0.04074982975718106
-522.6976744186047,0.042757450874752655
-522.6777408637874,0.044919111420343674
-522.6578073089701,0.047205832093881656
-522.6378737541529,0.0495920286904497
-522.6179401993355,0.05205535745170993
-522.5980066445184,0.05457640723497996
-522.5780730897011,0.05713833501457149
-522.5581395348837,0.05972650108614945
-522.5382059800666,0.062328132941749666
-522.5182724252492,0.06493202985922326
-522.498338870432,0.06752831067386066
-522.4784053156146,0.07010820229964122
-522.4584717607974,0.0726638644311012
-522.4385382059801,0.0751882452478656
-522.4186046511628,0.07767496311234613
-522.3986710963457,0.08011820976689477
-522.3787375415283,0.08251267116658159
-522.358803986711,0.08485346270854001
-522.3388704318937,0.08713607618533675
-522.3189368770765,0.08935633627857538
-522.2990033222592,0.09151036481853582
-522.2790697674419,0.09359455137308936
-522.2591362126245,0.0956055290037178
-522.2392026578074,0.09754015424850196
-522.2192691029901,0.09939549057079364
-522.1993355481728,0.10116879465611237
-522.1794019933556,0.10285750505527635
-522.1594684385382,0.1044592327647217
-522.139534883721,0.10597175340991498
-522.1196013289036,0.10739300075792126
-522.0996677740865,0.10872106133442545
-522.0797342192691,0.10995416995990244
-522.0598006644518,0.1110907060522026
-522.0398671096347,0.1121291905691685
-522.0199335548173,0.11306828348664388
-522.0000000000001,0.1139067817253527
-521.9800664451827,0.11464361745475596
-521.9601328903655,0.1152778567147896
-521.9401993355482,0.1158086983066561
-521.9202657807309,0.11623547291288595
-521.9003322259136,0.11655764241454421
-521.8803986710964,0.11677479938017357
-521.8604651162791,0.11688666670696014
-521.8405315614618,0.11689309739998956
-521.8205980066446,0.11679407448039375
-521.8006644518273,0.11658971101786132
-521.78073089701,0.11628025028752904
-521.7607973421926,0.11586606605582885
-521.7408637873755,0.1153476630045056
-521.7209302325581,0.114725677307026
-521.7009966777409,0.11400087737694826
-521.6810631229237,0.1131741648136805
-521.6611295681063,0.1122465755779504
-521.6411960132891,0.11121928143679584
-521.6212624584717,0.11009359172706451
-521.6013289036546,0.10887095549679286
-521.5813953488372,0.10755296409645583
-521.5614617940199,0.10614135430697924
-521.5415282392026,0.10463801210950206
-521.5215946843854,0.10304497722366075
-521.5016611295682,0.10136444856777015
-521.4817275747508,0.09959879082669752
-521.4617940199336,0.09775054235322271
-521.4418604651163,0.09582242467759301
-521.421926910299,0.09381735396082974
-521.4019933554817,0.09173845480239179
-521.3820598006645,0.08958907690613692
-521.3621262458472,0.08737281522466564
-521.3421926910299,0.08509353434644029
-521.3222591362127,0.08275539806989712
-521.3023255813954,0.08036290533182439
-521.2823920265781,0.0779209339334429
-521.2624584717607,0.07543479384671996
-521.2425249169436,0.07291029229576483
-521.2225913621262,0.07035381330006585
-521.202657807309,0.06777241493709159
-521.1827242524918,0.06517394821252499
-521.1627906976744,0.06256720206356094
-521.1428571428572,0.05996207954667908
-521.1229235880398,0.05736981044228006
-521.1029900332227,0.054803204915444124
-521.0830564784053,0.05227695075426286
-521.063122923588,0.0498079518251059
-521.0431893687708,0.047415695820585094
-521.0232558139535,0.04512262244262528
-521.0033222591363,0.042954435698889105
-520.9833887043189,0.040940263680928825
-520.9634551495017,0.0391125178934791
-520.9435215946844,0.037506254148521385
-520.9235880398671,0.036157818669995345
-520.9036544850499,0.035102627368575716
-520.8837209302326,0.03437212610227825
-520.8637873754153,0.033990316694552485
-520.843853820598,0.0339705917702789
-520.8239202657808,0.034313771537394164
-520.8039867109635,0.03500798386631526
-520.7840531561462,0.036030428415630734
-520.764119601329,0.03735044154295492
-520.7441860465117,0.03893297621760474
-520.7242524916943,0.04074172020728026
-520.7043189368771,0.04274142237891633
-520.6843853820598,0.044899345112824764
-520.6644518272426,0.047185978640362246
-520.6445182724253,0.049575231218977674
-520.624584717608,0.05204429761939957
-520.6046511627908,0.05457336017781606
-520.5847176079734,0.05714522465093816
-520.5647840531562,0.059744951299981655
-520.5448504983389,0.06235951273582851
-520.5249169435216,0.06497749204473119
-520.5049833887043,0.06758882442839774
-520.485049833887,0.07018458026592884
-520.4651162790699,0.07275678513084609
-520.4451827242525,0.0752982715650835
-520.4252491694352,0.07780255752500904
-520.405315614618,0.08026374691167745
-520.3853820598007,0.08267644822713509
-520.3654485049834,0.08503570803221172
-520.3455149501661,0.08733695645917267
-520.3255813953489,0.08957596253326738
-520.3056478405316,0.09174879747793593
-520.2857142857143,0.09385180452521603
-520.2657807308971,0.09588157403551698
-520.2458471760798,0.09783492295955805
-520.2259136212624,0.0997088778593913
-520.2059800664452,0.10150066085351236
-520.1860465116279,0.10320767797002546
-520.1661129568107,0.10482750948755461
-520.1461794019934,0.1063579019204462
-520.126245847176,0.10779676136722888
-520.1063122923589,0.10914214799133864
-520.0863787375415,0.1103922714440843
-520.0664451827244,0.11154548707307145
-520.046511627907,0.11260029278640903
-520.0265780730897,0.1135553264654083
-520.0066445182724,0.11440936383692281
-519.9867109634552,0.11516131673170042
-519.966777408638,0.11581023166802142
-519.9468438538206,0.11635528871045903
-519.9269102990033,0.11679580056299282
-519.9069767441861,0.11713121186326886
-519.8870431893688,0.1173610986518763
-519.8671096345515,0.11748516799635939
-519.8471760797343,0.11750325775524154
-519.827242524917,0.11741533647224382
-519.8073089700997,0.11722150339570761
-519.7873754152824,0.11692198862267521
-519.7674418604652,0.11651715337177337
-519.7475083056479,0.11600749039361082
-519.7275747508306,0.11539362453245713
-519.7076411960134,0.11467631345816463
-519.687707641196,0.11385644859333002
-519.6677740863788,0.1129350562672589
-519.6478405315614,0.11191329913596543
-519.6279069767443,0.11079247791627263
-519.607973421927,0.10957403349249796
-519.5880398671096,0.10825954946655725
-519.5681063122925,0.10685075523704163
-519.5481727574751,0.10534952971063438
-519.5282392026579,0.10375790577061277
-519.5083056478405,0.10207807565348784
-519.4883720930233,0.10031239741653458
-519.468438538206,0.0984634027183748
-519.4485049833887,0.09653380618290362
-519.4285714285716,0.09452651667634063
-519.4086378737542,0.09244465090124944
-519.3887043189369,0.09029154980274406
-519.3687707641196,0.08807079839616437
-519.3488372093024,0.08578624976727943
-519.3289036544851,0.08344205417254534
-519.3089700996678,0.08104269438613458
-519.2890365448504,0.07859302871181682
-519.2691029900333,0.0760983434115643
-519.249169435216,0.07356441670897615
-519.2292358803987,0.07099759701191427
-519.2093023255815,0.06840489856486481
-519.1893687707641,0.06579411837214673
-519.1694352159469,0.06317397887855952
-519.1495016611295,0.060554301446243325
-519.1295681063124,0.057946215905896305
-519.1096345514951,0.05536241098315806
-519.0897009966777,0.05281742849457973
-519.0697674418606,0.050327999688748785
-519.0498338870432,0.04791341313000413
-519.029900332226,0.04559588745871437
-519.0099667774086,0.0434008960415667
-518.9900332225914,0.041357351396883735
-518.9700996677741,0.039497506489058164
-518.9501661129568,0.03785637829586072
-518.9302325581397,0.0364704747774371
-518.9102990033223,0.03537565898854101
-518.890365448505,0.03460416864003958
-518.8704318936877,0.034181136767532636
-518.8504983388705,0.03412132771029126
-518.8305647840532,0.034426988986713064
-518.8106312292359,0.035087513581648
-518.7906976744185,0.0360810281472821
-518.7707641196014,0.037377377119723214
-518.7508305647841,0.03894162257081359
-518.7308970099668,0.04073724964700909
-518.7109634551496,0.042728602963571075
-518.6910299003322,0.04488243878004972
-518.671096345515,0.04716871352740235
-518.6511627906976,0.04956082106721514
-518.6312292358805,0.052035486384749446
-518.6112956810631,0.05457247681211012
-518.5913621262458,0.057154238938687894
-518.5714285714287,0.059765525891680986
-518.5514950166113,0.06239304924039136
-518.5315614617941,0.06502517062487118
-518.5116279069767,0.06765163717469357
-518.4916943521595,0.07026335900224823
-518.4717607973422,0.07285222442593668
-518.4518272425249,0.07541094771419456
-518.4318936877077,0.07793294419340628
-518.4119601328904,0.0804122280382074
-518.3920265780731,0.08284332869074672
-518.3720930232558,0.08522122249720762
-518.3521594684386,0.08754127673911188
-518.3322259136213,0.08979920374989342
-518.312292358804,0.09199102323887844
-518.2923588039866,0.09411303130148405
-518.2724252491695,0.09616177488512558
-518.2524916943521,0.09813403071575008
-518.232558139535,0.10002678787951194
-518.2126245847177,0.1018372334065728
-518.1926910299003,0.10356274032650618
-518.1727574750831,0.10520085776331035
-518.1528239202657,0.10674930271724119
-518.1328903654486,0.10820595324469923
-518.1129568106312,0.10956884279913096
-518.0930232558139,0.11083615553783434
-518.0730897009967,0.11200622243369189
-518.0531561461794,0.11307751805898378
-518.0332225913622,0.11404865793103626
-518.0132890365448,0.11491839632865307
-517.9933554817276,0.11568562450379186
-517.9734219269103,0.11634936922610732
-517.953488372093,0.11690879160893197
-517.9335548172758,0.11736318617476428
-517.9136212624585,0.11771198012608652
-517.8936877076412,0.11795473279450862
-517.873754152824,0.1180911352473532
-517.8538205980067,0.11812101003615859
-517.8338870431894,0.1180443110768394
-517.8139534883721,0.11786112365583518
-517.7940199335549,0.11757166456141045
-517.7740863787376,0.11717628234352613
-517.7541528239202,0.11667545771072328
-517.734219269103,0.11606980407711165
-517.7142857142858,0.11536006827809943
-517.6943521594685,0.11454713147913596
-517.6744186046512,0.11363201030847904
-517.6544850498339,0.1126158582525999
-517.6345514950167,0.1114999673612884
-517.6146179401993,0.1102857703202137
-517.5946843853822,0.10897484296055832
-517.5747508305648,0.1075689072899553
-517.5548172757475,0.10606983514644729
-517.5348837209303,0.10447965259844928
-517.514950166113,0.10280054523915305
-517.4950166112958,0.10103486455541198
-517.4750830564784,0.09918513558957809
-517.4551495016611,0.09725406616015479
-517.4352159468439,0.095244557965695
-517.4152823920266,0.09315971996870757
-517.3953488372093,0.0910028845465735
-517.375415282392,0.08877762700794999
-517.3554817275748,0.08648778921268661
-517.3355481727575,0.08413750820637868
-517.3156146179402,0.08173125099591881
-517.295681063123,0.07927385685926734
-517.2757475083057,0.07677058891090899
-517.2558139534883,0.0742271970447536
-517.2358803986712,0.07164999485654608
-517.2159468438538,0.0690459537093002
-517.1960132890366,0.06642281773452198
-517.1760797342193,0.0637892442149649
-517.156146179402,0.06115497436978624
-517.1362126245848,0.058531039856947076
-517.1162790697674,0.05593000993824345
-517.0963455149503,0.05336628254576591
-517.0764119601329,0.05085641831526652
-517.0564784053156,0.04841950823558146
-517.0365448504983,0.04607755034407533
-517.0166112956811,0.043855785707878216
-516.9966777408639,0.04178290601858306
-516.9767441860465,0.039890994989433305
-516.9568106312292,0.03821501275401482
-516.936877076412,0.036791602824370065
-516.9169435215947,0.03565704261313825
-516.8970099667774,0.03484432772218205
-516.8770764119602,0.034379696494707394
-516.8571428571429,0.03427927735375951
-516.8372093023256,0.034546761914892546
-516.8172757475083,0.035172847487679446
-516.7973421926911,0.03613663962156286
-516.7774086378738,0.03740854279697935
-516.7574750830565,0.038953770258774535
-516.7375415282393,0.040735632196787636
-516.7176079734219,0.04271808261688545
-516.6976744186047,0.0448673743790761
-516.6777408637874,0.04715292568369892
-516.6578073089702,0.04954760766267062
-516.6378737541529,0.05202766560266192
-516.6179401993355,0.054572441788732044
-516.5980066445184,0.05716401425981034
-516.578073089701,0.059786820640394193
-516.5581395348838,0.062427304199846094
-516.5382059800664,0.06507359894168373
-516.5182724252492,0.06771525869389157
-516.498338870432,0.07034302890509715
-516.4784053156146,0.07294865694598496
-516.4584717607975,0.07552473570671422
-516.4385382059801,0.07806457526532042
-516.4186046511628,0.08056209785226569
-516.3986710963455,0.08301175196153428
-516.3787375415283,0.08540844210720606
-516.358803986711,0.08774747132564531
-516.3388704318937,0.09002449404812266
-516.3189368770765,0.09223547741193916
-516.2990033222592,0.09437666944464192
-516.2790697674419,0.09644457285513733
-516.2591362126246,0.09843592340775234
-516.2392026578074,0.10034767205062205
-516.21926910299,0.10217697012675744
-516.1993355481728,0.10392115712230608
-516.1794019933554,0.10557775050798072
-516.1594684385383,0.10714443731112896
-516.139534883721,0.10861906712180461
-516.1196013289036,0.10999964628947347
-516.0996677740865,0.11128433310997331
-516.0797342192691,0.11247143383762932
-516.0598006644519,0.11355939938606727
-516.0398671096345,0.11454682260473466
-516.0199335548173,0.11543243603763899
-516.0,0.11621511008686844
-515.9800664451827,0.1168938515167941
-515.9601328903656,0.11746780224625591
-515.9401993355482,0.1179362383855113
-515.9202657807309,0.1182985694828927
-515.9003322259136,0.11855433795324
-515.8803986710964,0.1187032186665303
-515.8604651162791,0.11874501868042069
-515.8405315614618,0.11867967710603433
-515.8205980066444,0.11850726510061534
-515.8006644518273,0.11822798598574434
-515.78073089701,0.1178421754941092
-515.7607973421927,0.1173503021527393
-515.7408637873755,0.11675296781528423
-515.7209302325581,0.11605090836148994
-515.7009966777409,0.11524499458758773
-515.6810631229235,0.1143362333180007
-515.6611295681064,0.11332576877617313
-515.6411960132891,0.11221488426100407
-515.6212624584717,0.11100500418553347
-515.6013289036546,0.10969769654640664
-515.5813953488372,0.10829467590713317
-515.56146179402,0.10679780699524552
-515.5415282392026,0.10520910903433545
-515.5215946843854,0.10353076095716757
-515.5016611295681,0.10176510767700002
-515.4817275747508,0.09991466763211483
-515.4617940199337,0.09798214186491834
-515.4418604651163,0.09597042495480437
-515.421926910299,0.0938826181947287
-515.4019933554817,0.09172204549016603
-515.3820598006645,0.08949227256853207
-515.3621262458472,0.08719713022412802
-515.3421926910299,0.08484074249360053
-515.3222591362126,0.0824275608683406
-515.3023255813954,0.0799624059124715
-515.2823920265781,0.07745051797788548
-515.2624584717609,0.0748976191022136
-515.2425249169436,0.07230998864976709
-515.2225913621262,0.06969455581197959
-515.202657807309,0.067059012711495
-515.1827242524917,0.0644119525127623
-515.1627906976745,0.06176303753881317
-515.1428571428571,0.05912320273770763
-515.1229235880398,0.05650489957473398
-515.1029900332227,0.053922383908474786
-515.0830564784053,0.05139204756521595
-515.0631229235881,0.04893278544841749
-515.0431893687708,0.046566375619846334
-515.0232558139535,0.04431782571154634
-515.0033222591362,0.04221560235449892
-514.9833887043189,0.0402916109446325
-514.9634551495017,0.03858073907401219
-514.9435215946844,0.03711974245572721
-514.9235880398671,0.03594528299984838
-514.9036544850499,0.035091082570217265
-514.8837209302326,0.03458445995477155
-514.8637873754153,0.03444289946741966
-514.843853820598,0.03467155177382703
-514.8239202657808,0.035262455415805985
-514.8039867109635,0.036195744735815535
-514.7840531561461,0.03744243484365883
-514.764119601329,0.03896793138017346
-514.7441860465117,0.040735396670959316
-514.7242524916944,0.04270840725824314
-514.7043189368771,0.04485271482866154
-514.6843853820598,0.047137194439723896
-514.6644518272426,0.049534185730271976
-514.6445182724252,0.05201944402934669
-514.6245847176081,0.054571876282455384
-514.6046511627907,0.0571731824381265
-514.5847176079734,0.0598074761724191
-514.5647840531562,0.06246092518270393
-514.5448504983389,0.06512142967856058
-514.5249169435217,0.06777834502265818
-514.5049833887043,0.07042224768961435
-514.485049833887,0.07304474050890455
-514.4651162790698,0.07563829199262638
-514.4451827242525,0.07819610445837645
-514.4252491694353,0.080712006079337
-514.405315614618,0.08318036261379103
-514.3853820598007,0.08559600522211396
-514.3654485049834,0.08795417139129658
-514.3455149501661,0.09025045652441134
-514.3255813953489,0.09248077420718635
-514.3056478405316,0.0946413235406975
-514.2857142857142,0.0967285622369918
-514.2657807308971,0.09873918442391919
-514.2458471760798,0.10067010230665008
-514.2259136212625,0.10251843099495397
-514.2059800664452,0.10428147593530925
-514.1860465116279,0.10595672249136677
-514.1661129568107,0.10754182730021325
-514.1461794019933,0.10903461109969405
-514.1262458471762,0.11043305277679194
-514.1063122923588,0.11173528443141269
-514.0863787375415,0.11293958728605971
-514.0664451827244,0.11404438830135909
-514.046511627907,0.11504825738152666
-514.0265780730898,0.11594990507386316
-514.0066445182724,0.11674818068274058
-513.9867109634552,0.11744207073245287
-513.9667774086379,0.11803069772463874
-513.9468438538206,0.11851331914599424
-513.9269102990033,0.11888932669013325
-513.9069767441861,0.11915824566485858
-513.8870431893688,0.11931973456234511
-513.8671096345515,0.11937358477555472
-513.8471760797343,0.11931972044928592
-513.827242524917,0.11915819845922433
-513.8073089700997,0.11888920851694323
-513.7873754152824,0.11851307340353955
-513.7674418604652,0.11803024933917466
-513.7475083056478,0.11744132650073774
-513.7275747508306,0.1167470297051615
-513.7076411960134,0.11594821928160327
-513.6877076411961,0.11504589216230458
-513.6677740863788,0.11404118322919199
-513.6478405315614,0.11293536696197537
-513.6279069767443,0.11172985944340479
-513.6079734219269,0.11042622078918919
-513.5880398671097,0.10902615808429457
-513.5681063122923,0.10753152892414507
-513.5481727574751,0.10594434567982951
-513.5282392026579,0.10426678063127495
-513.5083056478405,0.10250117214265672
-513.4883720930234,0.10065003209156022
-513.468438538206,0.09871605480914135
-513.4485049833887,0.096702127844987
-513.4285714285714,0.0946113449402509
-513.4086378737542,0.09244702167941043
-513.3887043189369,0.090212714398733
-513.3687707641196,0.08791224306369176
-513.3488372093024,0.08554971899465716
-513.3289036544851,0.08312957852783591
-513.3089700996678,0.08065662395594696
-513.2890365448505,0.07813607341091797
-513.2691029900333,0.0755736217391876
-513.2491694352159,0.07297551488841503
-513.2292358803987,0.07034864087572408
-513.2093023255815,0.06770064103308471
-513.1893687707642,0.06504004588916253
-513.1694352159469,0.06237644066304807
-513.1495016611295,0.05972066573584599
-513.1295681063124,0.0570850572936372
-513.109634551495,0.05448373199565492
-513.0897009966778,0.051932915989865915
-513.0697674418604,0.049451311234780596
-513.0498338870432,0.04706047847417319
-513.029900332226,0.044785193220594925
-513.0099667774086,0.04265369567531602
-512.9900332225915,0.0406977070169093
-512.9700996677741,0.038952029766925016
-512.9501661129568,0.037453511086082934
-512.9302325581396,0.03623916867815624
-512.9102990033223,0.03534341774783572
-512.890365448505,0.03479462819626785
-512.8704318936877,0.03461162449487448
-512.8504983388705,0.034801021912566656
-512.8305647840532,0.03535622781286076
-512.8106312292359,0.03625844777694768
-512.7906976744187,0.03747935344317288
-512.7707641196014,0.03898458205349318
-512.750830564784,0.04073717512868507
-512.7308970099668,0.04270034605410252
-512.7109634551495,0.04483934929810102
-512.6910299003323,0.04712251376067353
-512.671096345515,0.04952164067283267
-512.6511627906976,0.05201198684536268
-512.6312292358805,0.05457201510303371
-512.6112956810631,0.05718303908460397
-512.5913621262459,0.059828841213248746
-512.5714285714286,0.062495307322251725
-512.5514950166113,0.06517009850813758
-512.531561461794,0.06784236722011637
-512.5116279069767,0.0705025172589861
-512.4916943521596,0.07314200384053203
-512.4717607973422,0.0757531685440429
-512.4518272425249,0.07832910379545412
-512.4318936877077,0.08086354192399405
-512.4119601328904,0.08335076444538524
-512.3920265780731,0.08578552788650698
-512.3720930232558,0.0881630030897224
-512.3521594684385,0.09047872548498086
-512.3322259136213,0.09272855428436722
-512.312292358804,0.09490863894124245
-512.2923588039868,0.09701539153258623
-512.2724252491695,0.09904546398045512
-512.2524916943521,0.10099572923506724
-512.232558139535,0.10286326570904558
-512.2126245847176,0.1046453443858906
-512.1926910299004,0.10633941813338296
-512.1727574750831,0.10794311283908414
-512.1528239202657,0.10945422005491376
-512.1328903654486,0.11087069089389716
-512.1129568106312,0.112190630968117
-512.093023255814,0.11341229619376496
-512.0730897009967,0.11453408931954916
-512.0531561461794,0.11555455705973604
-512.0332225913621,0.1164723877331049
-512.0132890365448,0.11728640932656018
-511.99335548172763,0.11799558791573563
-511.9734219269103,0.11859902638712715
-511.9534883720931,0.11909596341601957
-511.93355481727576,0.11948577266319899
-511.91362126245855,0.11976796216074921
-511.8936877076412,0.1199421738636431
-511.87375415282395,0.12000818334981296
-511.8538205980066,0.11996589965647364
-511.8338870431894,0.11981536524548855
-511.8139534883722,0.11955675609527161
-511.79401993355486,0.11919038192132907
-511.7740863787376,0.11871668653229861
-511.75415282392026,0.11813624833317377
-511.73421926910305,0.11744978099273409
-511.7142857142857,0.11665813429787483
-511.6943521594685,0.11576229522397798
-511.6744186046511,0.11476338925779281
-511.6544850498339,0.1136626820177693
-511.6345514950167,0.11246158122657435
-511.61461794019937,0.11116163910229511
-511.59468438538215,0.10976455524877167
-511.57475083056477,0.10827218014199194
-511.55481727574755,0.10668651932992591
-511.5348837209302,0.10500973848745822
-511.514950166113,0.10324416949794442
-511.4950166112957,0.10139231776956063
-511.4750830564784,0.0994568710395612
-511.4551495016612,0.09744070997485176
-511.43521594684387,0.09534692094635572
-511.41528239202665,0.09317881143915549
-511.3953488372093,0.09093992866694975
-511.37541528239205,0.08863408209056121
-511.3554817275747,0.08626537070444665
-511.3355481727575,0.08383821615928949
-511.3156146179402,0.0813574030415683
-511.29568106312297,0.07882812794386787
-511.2757475083057,0.07625605934194793
-511.25581395348837,0.0736474107569122
-511.23588039867116,0.07100903022675031
-511.2159468438538,0.06834850973452698
-511.1960132890366,0.06567431890813556
-511.17607973421923,0.0629959679400589
-511.156146179402,0.0603242051090383
-511.1362126245847,0.05767125420174175
-511.1162790697675,0.0550510959602411
-511.09634551495026,0.05247979444423027
-511.0764119601329,0.049975862323355824
-511.05647840531566,0.04756064625913935
-511.03654485049833,0.045258691603650154
-511.0166112956811,0.0430980114591359
-510.9966777408638,0.041110137603504654
-510.9767441860465,0.03932977558718067
-510.9568106312293,0.037793843589463146
-510.936877076412,0.03653968607587966
-510.91694352159476,0.035602377279523666
-510.89700996677743,0.03501130618173839
-510.87707641196016,0.034786617896620006
-510.85714285714283,0.03493639383019427
-510.8372093023256,0.03545543465105025
-510.8172757475083,0.03632605827247323
-510.7973421926911,0.037520639257230565
-510.7774086378738,0.039005087435229804
-510.7574750830565,0.040742352860287455
-510.73754152823926,0.04269530221782116
-510.71760797342193,0.04482869841400253
-510.6976744186047,0.047110322359007244
-510.6777408637874,0.049511430692955063
-510.6578073089701,0.052006773542076126
-510.6378737541528,0.05457436099461955
-510.6179401993356,0.05719511218146771
-510.59800664451836,0.059852470905561055
-510.57807308970104,0.06253203473595871
-510.55813953488376,0.06522122020837434
-510.53820598006644,0.06790897227565874
-510.5182724252492,0.07058551823250814
-510.4983388704319,0.07324216248247176
-510.4784053156147,0.0758711169998648
-510.45847176079735,0.07846536207949775
-510.4385382059801,0.08101853232092467
-510.41860465116287,0.08352482340000944
-510.39867109634554,0.08597891584785443
-510.3787375415283,0.08837591269170211
-510.358803986711,0.09071128837468162
-510.3388704318937,0.0929808468502261
-510.3189368770764,0.09518068714483341
-510.2990033222592,0.09730717500900726
-510.27906976744185,0.09935691954040579
-510.25913621262464,0.10132675387667298
-510.23920265780737,0.10321371922690956
-510.21926910299004,0.10501505164864539
-510.1993355481728,0.10672817108779617
-510.1794019933555,0.10835067228820346
-510.1594684385383,0.10988031724911977
-510.1395348837209,0.11131502896691595
-510.1196013289037,0.1126528862442697
-510.09966777408636,0.11389211938823078
-510.07973421926914,0.11503110664964057
-510.0598006644519,0.1160683712820244
-510.03986710963454,0.11700257911883269
-510.0199335548173,0.11783253658548887
-510.0,0.11855718907692477
-509.9800664451828,0.11917561964364609
-509.96013289036546,0.11968704793934933
-509.9401993355482,0.12009082939197631
-509.92026578073086,0.12038645456761425
-509.90033222591364,0.12057354870327168
-509.88039867109643,0.12065187139033574
-509.8604651162791,0.12062131639598474
-509.84053156146183,0.1204819116147938
-509.8205980066445,0.1202338191474305
-509.8006644518273,0.11987733550810208
-509.78073089700996,0.1194128919670869
-509.76079734219275,0.11884105503957473
-509.7408637873755,0.1181625271373066
-509.72093023255815,0.11737814740514925
-509.70099667774093,0.1164888927711723
-509.6810631229236,0.11549587924600102
-509.6611295681064,0.11440036351561782
-509.641196013289,0.11320374488147311
-509.6212624584718,0.11190756761336776
-509.60132890365446,0.11051352379417934
-509.58139534883725,0.10902345675208651
-509.56146179402003,0.10743936519564375
-509.54152823920265,0.10576340819123904
-509.52159468438543,0.1039979111517619
-509.5016611295681,0.10214537304131018
-509.4817275747509,0.10020847504488134
-509.46179401993356,0.09819009100652089
-509.4418604651163,0.09609330000679696
-509.42192691029896,0.09392140153410088
-509.40199335548175,0.09167793380815813
-509.38205980066454,0.08936669594349138
-509.3621262458472,0.08699177480156382
-509.34219269102994,0.08455757758076364
-509.3222591362126,0.08206887144197864
-509.3023255813954,0.07953083177497001
-509.28239202657807,0.07694910108724007
-509.26245847176085,0.07432986095322354
-509.2425249169435,0.07167992000192056
-509.22259136212625,0.06900682154091532
-509.20265780730904,0.06631897508530661
-509.1827242524917,0.0636258167089119
-509.1627906976745,0.060938003608073346
-509.14285714285717,0.05826764826755289
-509.1229235880399,0.05562859660364463
-509.10299003322257,0.05303675150395315
-509.08305647840535,0.050510436779807114
-509.063122923588,0.04807078442552673
-509.0431893687708,0.04574210718817673
-509.02325581395354,0.04355218552954775
-509.0033222591362,0.041532351574609876
-508.983388704319,0.03971719721770815
-508.96345514950167,0.03814368743517182
-508.94352159468446,0.03684946249949429
-508.9235880398671,0.03587022220691457
-508.90365448504986,0.03523634691057774
-508.8837209302325,0.03496929093734224
-508.8637873754153,0.03507861486498478
-508.8438538205981,0.035560550972058805
-508.82392026578077,0.03639858498711997
-508.8039867109635,0.03756585377132432
-508.7840531561462,0.03902859071697967
-508.76411960132896,0.04074969002214227
-508.74418604651163,0.042691690847968325
-508.7242524916944,0.04481887009274685
-508.70431893687714,0.04709845684406909
-508.6843853820598,0.04950115390462716
-508.6644518272426,0.05200119305196527
-508.6445182724253,0.05457611950167707
-508.62458471760806,0.05720644637213438
-508.6046511627907,0.05987526849948989
-508.58471760797346,0.06256788617342936
-508.56478405315613,0.06527146366328065
-508.5448504983389,0.06797473191305352
-508.5249169435217,0.07066773623962948
-508.5049833887043,0.07334162564726053
-508.4850498338871,0.07598847865819264
-508.4651162790698,0.07860116020205908
-508.44518272425256,0.08117320441991636
-508.42524916943523,0.08369871883430402
-508.40531561461796,0.08617230600846533
-508.38538205980063,0.08858899946327049
-508.3654485049834,0.09094421119539114
-508.3455149501662,0.09323368863145629
-508.3255813953489,0.0954534792620282
-508.3056478405316,0.09759990153452802
-508.2857142857143,0.09966952085660916
-508.26578073089706,0.10165912978109556
-508.24584717607974,0.10356573162032934
-508.2259136212625,0.10538652687980933
-508.20598006644514,0.10711890201500826
-508.1860465116279,0.10876042010694803
-508.1661129568107,0.11030881312600477
-508.1461794019934,0.11176197551307306
-508.12624584717616,0.11311795885548284
-508.1063122923588,0.11437496747426483
-508.08637873754157,0.11553135477147147
-508.06644518272424,0.11658562021230583
-508.046511627907,0.11753640683843243
-508.0265780730897,0.11838249922665302
-508.0066445182724,0.11912282182192176
-507.9867109634552,0.11975643758603573
-507.9667774086379,0.1202825469139032
-507.94684385382067,0.12070048677811906
-507.92691029900334,0.12100973007033171
-507.90697674418607,0.12120988511457437
-507.88704318936874,0.12130069533374029
-507.8671096345515,0.12128203905579676
-507.8471760797342,0.12115392945137599
-507.827242524917,0.12091651459917237
-507.8073089700997,0.12057007768024132
-507.7873754152824,0.1201150373071023
-507.76744186046517,0.1195519479983101
-507.74750830564784,0.11888150081451448
-507.7275747508306,0.11810452417757131
-507.7076411960133,0.11722198490072984
-507.687707641196,0.11623498946494996
-507.6677740863787,0.11514478558475166
-507.6478405315615,0.11395276411666756
-507.62790697674427,0.11266046137462411
-507.60797342192694,0.11126956193016495
-507.58803986710967,0.10978190199168518
-507.56810631229234,0.10819947347621053
-507.54817275747513,0.10652442891111535
-507.5282392026578,0.10475908733198969
-507.5083056478406,0.10290594137813079
-507.4883720930233,0.1009676658306432
-507.468438538206,0.09894712789159109
-507.4485049833888,0.09684739956893056
-507.42857142857144,0.09467177261391359
-507.40863787375423,0.09242377655981486
-507.3887043189369,0.09010720053767195
-507.36877076411963,0.08772611970289942
-507.3488372093023,0.08528492730331312
-507.3289036544851,0.08278837366343507
-507.3089700996679,0.08024161366206717
-507.28903654485055,0.07765026465089307
-507.2691029900333,0.0750204772113436
-507.24916943521595,0.07235902168161293
-507.22923588039873,0.06967339400159428
-507.2093023255814,0.06697194509550662
-507.1893687707642,0.06426403867433157
-507.1694352159468,0.061560242848221286
-507.1495016611296,0.05887256101495226
-507.1295681063124,0.056214706623403034
-507.10963455149505,0.05360242372027503
-507.08970099667783,0.05105384923219375
-507.06976744186045,0.04858990151978122
-507.04983388704323,0.04623465986759237
-507.0299003322259,0.044015667917772144
-507.0099667774087,0.04196404870649211
-506.99003322259136,0.04011426356542163
-506.9700996677741,0.038503298108581066
-506.9501661129569,0.037169053017341976
-506.93023255813955,0.03614781258732934
-506.91029900332234,0.0354709100267299
-506.890365448505,0.035161084455412814
-506.87043189368774,0.03522937568863038
-506.8504983388704,0.03567347568098958
-506.8305647840532,0.03647808797426221
-506.81063122923587,0.03761717082475643
-506.79069767441865,0.0390573360326478
-506.7707641196014,0.04076146378682994
-506.75083056478405,0.0426917918318328
-506.73089700996684,0.04481212312307253
-506.7109634551495,0.0470891366414345
-506.6910299003323,0.049492976558261535
-506.6710963455149,0.05199734807938892
-506.6511627906977,0.05457932200999606
-506.63122923588037,0.05721899588646009
-506.61129568106315,0.05989910666168282
-506.59136212624594,0.06260464938335865
-506.57142857142856,0.06532252912185076
-506.55149501661134,0.06804125686686313
-506.531561461794,0.07075069090124764
-506.5116279069768,0.07344182054669955
-506.49169435215947,0.07610658724764628
-506.4717607973422,0.0787377374948944
-506.45182724252487,0.08132870235737596
-506.43189368770766,0.08387349897238554
-506.41196013289044,0.08636665001975466
-506.3920265780731,0.0888031178606177
-506.37209302325584,0.09117825060951525
-506.3521594684385,0.0934877379117913
-506.3322259136213,0.09572757461885788
-506.312292358804,0.09789403089868921
-506.29235880398676,0.09998362759935962
-506.2724252491695,0.10199311590959151
-506.25249169435216,0.10391946054247415
-506.23255813953494,0.10575982581458462
-506.2126245847176,0.10751156411045523
-506.1926910299004,0.1091722063165271
-506.1727574750831,0.11073945388496483
-506.1528239202658,0.11221117224895266
-506.1328903654485,0.11358538536093955
-506.11295681063126,0.11486027116546538
-506.09302325581405,0.11603415785124958
-506.0730897009967,0.11710552075400917
-506.05315614617945,0.11807297980367051
-506.0332225913621,0.11893529742787404
-506.0132890365449,0.11969137683889919
-505.9933554817276,0.12034026064376954
-505.97342192691036,0.1208811297281078
-505.95348837209303,0.12131330237334705
-505.93355481727576,0.12163623357486303
-505.91362126245855,0.12184951453529441
-505.8936877076412,0.12195287231357974
-505.873754152824,0.1219461696156327
-505.8538205980067,0.12182940471768998
-505.8338870431894,0.12160271151825797
-505.8139534883721,0.12126635971925297
-505.79401993355486,0.12082075514165097
-505.77408637873754,0.12026644018596921
-505.7541528239203,0.11960409445295742
-505.73421926910305,0.11883453554560444
-505.7142857142857,0.11795872007983123
-505.6943521594685,0.11697774493836452
-505.6744186046512,0.11589284881037275
-505.65448504983397,0.11470541406912173
-505.6345514950166,0.11341696905095618
-505.61461794019937,0.11202919081236075
-505.59468438538204,0.11054390845778242
-505.5747508305648,0.10896310715012747
-505.5548172757476,0.10728893293912786
-505.5348837209302,0.10552369857131134
-505.514950166113,0.10366989047983853
-505.4950166112957,0.10173017719539938
-505.47508305647847,0.09970741947172784
-505.45514950166114,0.09760468248455363
-505.43521594684387,0.09542525054325018
-505.41528239202654,0.09317264485481755
-505.3953488372093,0.09085064500437398
-505.3754152823921,0.08846331497170963
-505.3554817275748,0.0860150346965858
-505.3355481727575,0.08351053844576307
-505.3156146179402,0.0809549615316448
-505.29568106312297,0.0783538972976509
-505.27574750830564,0.07571346672870835
-505.2558139534884,0.07304040357417842
-505.23588039867116,0.07034215848229325
-505.2159468438538,0.06762702631868994
-505.1960132890366,0.06490430151524682
-505.1760797342193,0.06218446683656532
-505.15614617940207,0.05947942109787452
-505.1362126245847,0.05680275063841783
-505.1162790697675,0.05417004691141522
-505.09634551495014,0.0515992670161323
-505.07641196013293,0.04911112324957997
-505.0564784053157,0.04672946885493269
-505.03654485049833,0.04448161671801399
-505.0166112956811,0.04239848357590746
-504.9966777408638,0.04051439709776531
-504.9767441860466,0.03886635165653522
-504.95681063122925,0.03749248563992716
-504.936877076412,0.036429634909692164
-504.91694352159465,0.03571004728791754
-504.89700996677743,0.03535771235961733
-504.8770764119602,0.0353851292023746
-504.8571428571429,0.03579145031718223
-504.8372093023256,0.03656261763147305
-504.8172757475083,0.0376734431360408
-504.7973421926911,0.039090951012342896
-504.77740863787375,0.040778035353464054
-504.75747508305653,0.04269665100359934
-504.7375415282392,0.04481013638501073
-504.71760797342193,0.04708462282461527
-504.6976744186047,0.0494896938748235
-504.6777408637874,0.05199852383628223
-504.6578073089702,0.054587703871677246
-504.63787375415285,0.05723691067277103
-504.6179401993356,0.0599285184653029
-504.59800664451825,0.06264721281377447
-504.57807308970104,0.06537963598431322
-504.5581395348837,0.06811407600012728
-504.5382059800665,0.07084020161641442
-504.5182724252492,0.07354884041522002
-504.4983388704319,0.07623179506498375
-504.4784053156147,0.07888169221040764
-504.45847176079735,0.08149185867450366
-504.43853820598014,0.08405622022213068
-504.4186046511628,0.08656921881102778
-504.39867109634554,0.08902574492226864
-504.3787375415282,0.091421082162151
-504.358803986711,0.0937508618438813
-504.3388704318938,0.0960110256891278
-504.31893687707645,0.09819779514425178
-504.2990033222592,0.10030764609469148
-504.27906976744185,0.102337287993813
-504.25913621262464,0.1042836466101306
-504.2392026578073,0.10614384974741264
-504.2192691029901,0.10791521541311228
-504.1993355481727,0.10959524200786996
-504.1794019933555,0.11118160018699849
-504.1594684385383,0.11267212610818055
-504.13953488372096,0.11406481583057086
-504.11960132890374,0.11535782067202159
-504.09966777408636,0.11654944336504143
-504.07973421926914,0.11763813487956916
-504.0598006644518,0.1186224918034742
-504.0398671096346,0.11950125419046037
-504.0199335548174,0.12027330380045223
-504.0,0.12093766267081002
-503.9800664451828,0.12149349196748666
-503.96013289036546,0.12194009107463155
-503.94019933554824,0.12227689688922648
-503.9202657807309,0.12250348329419804
-503.90033222591364,0.12261956078980524
-503.8803986710963,0.12262497626852162
-503.8604651162791,0.12251971292390734
-503.8405315614619,0.1223038902888397
-503.82059800664456,0.12197776440315539
-503.8006644518273,0.12154172811556295
-503.78073089700996,0.12099631152958497
-503.76079734219275,0.12034218260846863
-503.7408637873754,0.1195801479595291
-503.7209302325582,0.1187111538248079
-503.7009966777408,0.1177362873117548
-503.6810631229236,0.11665677790589288
-503.6611295681064,0.115473999316741
-503.64119601328906,0.11418947171935327
-503.62126245847185,0.11280486446697227
-503.60132890365446,0.11132199936607652
-503.58139534883725,0.10974285462392054
-503.5614617940199,0.10806956960174545
-503.5415282392027,0.10630445053459599
-503.5215946843854,0.1044499774131195
-503.5016611295681,0.10250881226428812
-503.4817275747509,0.10048380911997705
-503.46179401993356,0.09837802602604287
-503.44186046511635,0.09619473952376723
-503.421926910299,0.09393746213387272
-503.40199335548175,0.09160996349572556
-503.3820598006644,0.0892162959667597
-503.3621262458472,0.08676082567690177
-503.3421926910299,0.08424827026864773
-503.32225913621266,0.08168374484552646
-503.3023255813954,0.07907281801083635
-503.28239202657807,0.07642158031592687
-503.26245847176085,0.07373672795971874
-503.2425249169435,0.07102566518911761
-503.2225913621263,0.06829662952365803
-503.202657807309,0.06555884461224196
-503.1827242524917,0.06282270610195988
-503.1627906976744,0.0601000061131984
-503.14285714285717,0.05740420131872675
-503.12292358803995,0.05475072742246289
-503.1029900332226,0.052157357709517696
-503.08305647840535,0.049644593249279785
-503.063122923588,0.04723605440033944
-503.0431893687708,0.044958814087930364
-503.0232558139535,0.04284357036903815
-503.00332225913627,0.040924500964132145
-502.98338870431894,0.039238588711074204
-502.96345514950167,0.03782418686689137
-502.94352159468446,0.03671866163105545
-502.9235880398671,0.035955163123989595
-502.9036544850499,0.03555893697667559
-502.8837209302326,0.03554397169444765
-502.8637873754153,0.03591093474911839
-502.843853820598,0.036647076032237554
-502.82392026578077,0.037728131512395624
-502.80398671096356,0.039121595222814914
-502.78405315614623,0.04079041240642714
-502.76411960132896,0.04269627143683912
-502.74418604651163,0.044802045841115246
-502.7242524916944,0.04707330780155393
-502.7043189368771,0.049479062835818724
-502.6843853820599,0.05199193484362165
-502.6644518272425,0.05458801618788614
-502.6445182724253,0.05724654518930792
-502.62458471760806,0.059949517986883916
-502.60465116279073,0.06268129755652192
-502.5847176079735,0.06542825236153646
-502.56478405315613,0.06817843831780498
-502.5448504983389,0.07092132709453725
-502.5249169435216,0.07364757829541348
-502.5049833887044,0.07634885066035124
-502.48504983388705,0.0790176467223334
-502.4651162790698,0.08164718551432044
-502.44518272425256,0.08423129847031165
-502.42524916943523,0.08676434434331773
-502.405315614618,0.08924113963859794
-502.3853820598007,0.09165690167395159
-502.3654485049834,0.09400720190823426
-502.3455149501661,0.0962879276229921
-502.3255813953489,0.09849525040725828
-502.30564784053155,0.10062560019278367
-502.28571428571433,0.10267564382690934
-502.26578073089706,0.10464226736369203
-502.24584717607974,0.10652256140894514
-502.2259136212625,0.10831380897968951
-502.2059800664452,0.11001347543853206
-502.186046511628,0.11161920014418016
-502.1661129568106,0.11312878952435587
-502.1461794019934,0.11454021132992329
-502.12624584717605,0.11585158987171645
-502.10631229235884,0.11706120207638525
-502.0863787375416,0.11816747422588703
-502.06644518272424,0.11916897926862825
-502.046511627907,0.12006443460951832
-502.0265780730897,0.12085270030213292
-502.0066445182725,0.1215327775795621
-501.98671096345515,0.12210380767174711
-501.9667774086379,0.12256507086659398
-501.94684385382055,0.12291598578046879
-501.92691029900334,0.12315610881063827
-501.9069767441861,0.12328513374868758
-501.8870431893688,0.123302891539491
-501.8671096345515,0.12320935017564699
-501.8471760797342,0.12300461472211284
-501.827242524917,0.12268892747066548
-501.80730897009965,0.12226266822849152
-501.78737541528244,0.12172635475020224
-501.76744186046517,0.12108064332763255
-501.74750830564784,0.1203263295574544
-501.7275747508306,0.11946434931284046
-501.7076411960133,0.118495779952234
-501.6877076411961,0.1174218418065124
-501.66777408637876,0.11624389999492298
-501.6478405315615,0.11496346663119034
-501.62790697674416,0.11358220349418785
-501.60797342192694,0.11210192525293342
-501.5880398671097,0.11052460335445204
-501.5681063122924,0.10885237070555898
-501.54817275747513,0.10708752730712912
-501.5282392026578,0.10523254703294385
-501.5083056478406,0.10329008578653508
-501.48837209302326,0.10126299132009459
-501.46843853820604,0.0991543150623903
-501.4485049833887,0.09696732638026123
-501.42857142857144,0.09470552979494691
-501.40863787375423,0.09237268579459267
-501.3887043189369,0.0899728360339926
-501.3687707641197,0.08751033389887967
-501.34883720930236,0.08498988164379696
-501.3289036544851,0.08241657559972498
-501.30897009966776,0.07979596130091038
-501.28903654485055,0.07713410081130898
-501.2691029900332,0.07443765504729573
-501.249169435216,0.0717139844961438
-501.22923588039873,0.0689712724026124
-501.2093023255814,0.06621867518882417
-501.1893687707642,0.06346650547112906
-501.16943521594686,0.0607264533125154
-501.14950166112965,0.0580118508731765
-501.12956810631226,0.05533798364178798
-501.10963455149505,0.05272244668950575
-501.0897009966777,0.05018553491956398
-501.0697674418605,0.047750639280262366
-501.0498338870433,0.045444592957929006
-501.0299003322259,0.04329786989202348
-501.0099667774087,0.041344483696644445
-500.99003322259136,0.039621379649142384
-500.97009966777415,0.038167086090178534
-500.9501661129568,0.037019447478814006
-500.93023255813955,0.036212458722935284
-500.9102990033222,0.035772570916354586
-500.890365448505,0.035715232641941874
-500.8704318936878,0.03604262796498297
-500.85049833887047,0.036743347127723966
-500.8305647840532,0.03779410311512936
-500.81063122923587,0.03916291896311528
-500.79069767441865,0.040812843932225285
-500.7707641196013,0.04270533979866376
-500.7508305647841,0.04480284084984333
-500.7308970099667,0.0470703736955402
-500.7109634551495,0.04947637063343102
-500.6910299003323,0.05199290438275469
-500.67109634551497,0.054595564579962175
-500.65116279069775,0.05726314576841557
-500.63122923588037,0.059977260146573584
-500.61129568106315,0.0627219423828068
-500.5913621262458,0.06548328184588127
-500.5714285714286,0.06824909759807747
-500.5514950166114,0.07100866004220095
-500.531561461794,0.07375245715899224
-500.5116279069768,0.07647200059847337
-500.49169435215947,0.079159666044145
-500.47176079734226,0.08180856236603364
-500.4518272425249,0.08441242460566044
-500.43189368770766,0.08696552651362974
-500.41196013289033,0.08946260904489516
-500.3920265780731,0.0918988218429675
-500.3720930232559,0.0942696752861445
-500.3521594684386,0.09657100112494583
-500.3322259136213,0.09879892011519327
-500.312292358804,0.10094981535715924
-500.29235880398676,0.10302031029840189
-500.27242524916943,0.10500725055700845
-500.2524916943522,0.10690768888177608
-500.2325581395349,0.10871887269445281
-500.2126245847176,0.11043823376210271
-500.1926910299004,0.11206337963086602
-500.1727574750831,0.1135920865191931
-500.15282392026586,0.11502229342288367
-500.13289036544853,0.11635209722803788
-500.11295681063126,0.11757974866383693
-500.09302325581393,0.11870364895622346
-500.0730897009967,0.11972234706757298
-500.0531561461794,0.1206345374270741
-500.0332225913622,0.12143905807312162
-500.0132890365449,0.12213488914244637
-499.9933554817276,0.12272115165252544
-499.97342192691036,0.12319710653325429
-499.95348837209303,0.12356215387244303
-499.9335548172758,0.1238158323468987
-499.9136212624585,0.12395781881730052
-499.8936877076412,0.1239879280707606
-499.8737541528239,0.12390611270037101
-499.8538205980067,0.12371246311594333
-499.83388704318946,0.12340720768501576
-499.81395348837214,0.12299071300791849
-499.79401993355486,0.12246348433570903
-499.77408637873754,0.12182616614478903
-499.7541528239203,0.1210795428878374
-499.734219269103,0.12022453994643514
-499.7142857142858,0.11926222481816647
-499.6943521594684,0.11819380857842704
-499.6744186046512,0.11702064766675901
-499.65448504983397,0.1157442460579589
-499.63455149501664,0.11436625789131805
-499.6146179401994,0.11288849064636458
-499.59468438538204,0.11131290897203837
-499.5747508305648,0.10964163929827914
-499.5548172757475,0.1078769753862778
-499.5348837209303,0.10602138500641554
-499.51495016611295,0.10407751797371892
-499.4950166112957,0.10204821582023807
-499.47508305647847,0.0999365234458101
-499.45514950166114,0.0977457031646347
-499.4352159468439,0.09547925166028888
-499.4152823920266,0.0931409204796231
-499.3953488372093,0.09073474084301758
-499.375415282392,0.08826505373151358
-499.3554817275748,0.08573654643897823
-499.33554817275757,0.08315429705971145
-499.31561461794024,0.0805238287297435
-499.29568106312297,0.07785117586470072
-499.27574750830564,0.07514296514737123
-499.2558139534884,0.07240651461584145
-499.2358803986711,0.06964995487507591
-499.2159468438539,0.06688237715488544
-499.1960132890365,0.06411401356069185
-499.1760797342193,0.0613564551946988
-499.15614617940207,0.058622913462796335
-499.13621262458474,0.05592852811181062
-499.11627906976753,0.053290721163875156
-499.09634551495014,0.05072958703574909
-499.07641196013293,0.04826829301428765
-499.0564784053156,0.04593343749775177
-499.0365448504984,0.0437552730185724
-499.01661129568106,0.041767647486339814
-498.9966777408638,0.04000746027209184
-498.9767441860466,0.038513397720156606
-498.95681063122925,0.037323756693890764
-498.93687707641203,0.03647334583866021
-498.9169435215947,0.03598979318176673
-498.89700996677743,0.035889991063128346
-498.8770764119601,0.03617764302680116
-498.8571428571429,0.03684270182778756
-498.83720930232556,0.03786289177315253
-498.81727574750835,0.03920680103698949
-498.7973421926911,0.04083761239027678
-498.77740863787375,0.0427165798758105
-498.75747508305653,0.04480570692541689
-498.7375415282392,0.0470694749230122
-498.717607973422,0.049475738240368855
-498.69767441860466,0.05199601118474419
-498.6777408637874,0.05460537265991358
-498.65780730897006,0.057282165687991944
-498.63787375415285,0.06000761156065629
-498.61794019933564,0.06276541063610049
-498.5980066445183,0.06554136815080447
-498.57807308970104,0.06832306215210841
-498.5581395348837,0.07109955836917582
-498.5382059800665,0.07386117038059228
-498.51827242524917,0.07659926047966138
-498.49833887043195,0.07930607564628628
-498.4784053156146,0.08197461306323187
-498.45847176079735,0.08459851011761539
-498.43853820598014,0.08717195450397498
-498.4186046511628,0.08968961073874247
-498.3986710963456,0.09214656003424417
-498.37873754152827,0.09453825103603357
-498.358803986711,0.09686045939501438
-498.33887043189367,0.09910925453228309
-498.31893687707645,0.1012809722691887
-498.2990033222591,0.10337219224989007
-498.2790697674419,0.10537971928863742
-498.25913621262464,0.10730056793877117
-498.2392026578073,0.10913194971271449
-498.2192691029901,0.11087126248836433
-498.19933554817277,0.11251608172296045
-498.17940199335555,0.11406415316421137
-498.15946843853817,0.1155133868042807
-498.13953488372096,0.11686185186732932
-498.11960132890374,0.11810777265801747
-498.0996677740864,0.11924952512850684
-498.0797342192692,0.12028563404583673
-498.0598006644518,0.12121477066216142
-498.0398671096346,0.12203575080687844
-498.01993355481727,0.12274753333381008
-498.00000000000006,0.12334921886840587
-497.98006644518273,0.12384004880980029
-497.96013289036546,0.1242194045512588
-497.94019933554824,0.12448680688982691
-497.9202657807309,0.12464191560262172
-497.9003322259137,0.1246845291730005
-497.8803986710964,0.12461458465526326
-497.8604651162791,0.12443215767154388
-497.8405315614618,0.1241374625394064
-497.82059800664456,0.12373085253346523
-497.80066445182723,0.12321282028935052
-497.78073089701,0.12258399836324715
-497.76079734219275,0.12184515996617223
-497.7408637873754,0.1209972198978
-497.7209302325582,0.12004123571191784
-497.7009966777409,0.11897840915309844
-497.68106312292366,0.11781008791352868
-497.6611295681063,0.11653776776936486
-497.64119601328906,0.11516309516872689
-497.62126245847173,0.11368787035845841
-497.6013289036545,0.11211405115488454
-497.5813953488373,0.11044375748563254
-497.5614617940199,0.1086792768562857
-497.5415282392027,0.1068230709280457
-497.5215946843854,0.10487778343241456
-497.50166112956816,0.10284624969807267
-497.48172757475083,0.10073150812555229
-497.46179401993356,0.09853681402036686
-497.44186046511624,0.09626565628857897
-497.421926910299,0.09392177761440472
-497.4019933554818,0.09150919888393787
-497.3820598006645,0.08903224879890662
-497.3621262458472,0.08649559984778778
-497.3421926910299,0.08390431207927955
-497.32225913621266,0.08126388646525091
-497.30232558139534,0.07858033005875331
-497.2823920265781,0.0758602356565323
-497.2624584717608,0.07311087926821676
-497.2425249169435,0.07034033936427982
-497.2225913621263,0.06755764258169009
-497.202657807309,0.06477294121160611
-497.18272425249177,0.06199772817794235
-497.16279069767444,0.05924509496026498
-497.14285714285717,0.05653003634307095
-497.12292358803984,0.053869801843343786
-497.1029900332226,0.051284285359224815
-497.0830564784054,0.04879642933271752
-497.0631229235881,0.046432594137476184
-497.0431893687708,0.04422280432256991
-497.0232558139535,0.042200730583399494
-497.00332225913627,0.04040320843209294
-496.98338870431894,0.038869057298075535
-496.9634551495017,0.037636996441568704
-496.9435215946844,0.03674261876919333
-496.9235880398671,0.036214709574755775
-496.9036544850499,0.036071605160456564
-496.8837209302326,0.03631855429872064
-496.86378737541537,0.036946920642544206
-496.84385382059804,0.03793549984417078
-496.82392026578077,0.03925350303648379
-496.80398671096344,0.040864291495704474
-496.78405315614623,0.042728939264666976
-496.7641196013289,0.044809030412949216
-496.7441860465117,0.04706850030400706
-496.7242524916944,0.0494746168455398
-496.7043189368771,0.0519983234603515
-496.6843853820599,0.05461417457257243
-496.66445182724254,0.05730004826911141
-496.64451827242533,0.06003676268529202
-496.62458471760795,0.06280767311473093
-496.60465116279073,0.06559829144408645
-496.5847176079734,0.06839594691863288
-496.5647840531562,0.07118949406795697
-496.544850498339,0.0739690666194794
-496.5249169435216,0.07672587296250905
-496.5049833887044,0.07945202757210056
-496.48504983388705,0.08214041275559023
-496.46511627906983,0.08478456555946574
-496.4451827242525,0.08737858534657787
-496.42524916943523,0.08991705825518818
-496.4053156146179,0.0923949954023591
-496.3853820598007,0.09480778226332272
-496.3654485049835,0.09715113713874506
-496.34551495016615,0.09942107701922094
-496.3255813953489,0.10161388948028426
-496.30564784053155,0.10372610950359418
-496.28571428571433,0.10575450033112443
-496.265780730897,0.10769603762894231
-496.2458471760798,0.1095478963735217
-496.2259136212624,0.11130743998281761
-496.2059800664452,0.11297221130250625
-496.186046511628,0.11453992512865263
-496.16611295681065,0.1160084620054222
-496.14617940199344,0.11737586308286385
-496.12624584717605,0.11864032585760885
-496.10631229235884,0.11980020065012653
-496.0863787375415,0.1208539876974606
-496.0664451827243,0.12180033476122226
-496.04651162790697,0.12263803516780133
-496.0265780730897,0.12336602621220678
-496.0066445182725,0.1239833878689437
-495.98671096345515,0.12448934176355861
-495.96677740863794,0.12488325036727814
-495.9468438538206,0.12516461638465848
-495.92691029900334,0.12533308231086426
-495.906976744186,0.12538843014113582
-495.8870431893688,0.12533058122044602
-495.8671096345516,0.12515959622641223
-495.84717607973425,0.12487567528350267
-495.827242524917,0.1244791582112825
-495.80730897009965,0.12397052491452026
-495.78737541528244,0.12335039592796865
-495.7674418604651,0.12261953313426259
-495.7475083056479,0.12177884067938652
-495.72757475083057,0.12082936611698449
-495.7076411960133,0.11977230182053486
-495.6877076411961,0.11860898671141022
-495.66777408637876,0.11734090836130916
-495.64784053156154,0.11596970554005748
-495.6279069767442,0.11449717129455564
-495.60797342192694,0.1129252566624877
-495.5880398671096,0.1112560751459907
-495.5681063122924,0.10949190809659977
-495.5481727574751,0.10763521119476062
-495.52823920265786,0.1056886222464319
-495.5083056478406,0.10365497056733217
-495.48837209302326,0.10153728828511058
-495.46843853820604,0.09933882396320916
-495.4485049833887,0.09706305904178911
-495.4285714285715,0.09471372770478796
-495.4086378737542,0.09229484092388125
-495.3887043189369,0.08981071560665005
-495.3687707641196,0.08726600999577996
-495.34883720930236,0.08466576673890122
-495.32890365448515,0.08201546538502663
-495.3089700996678,0.07932108647571215
-495.28903654485055,0.07658918989623334
-495.2691029900332,0.0738270107388659
-495.249169435216,0.07104257659756513
-495.2292358803987,0.068244850924417
-495.20930232558146,0.06544390774293002
-495.1893687707641,0.06265114344549809
-495.16943521594686,0.05987953124546721
-495.14950166112965,0.057143922469567
-495.1295681063123,0.05446139517530276
-495.1096345514951,0.05185164281510668
-495.0897009966777,0.049337381260778496
-495.0697674418605,0.04694472808997447
-495.0498338870432,0.04470347031126011
-495.02990033222596,0.042647084920582376
-495.00996677740864,0.04081231806585243
-494.99003322259136,0.03923808674839023
-494.97009966777415,0.03796348891406013
-494.9501661129568,0.03702485616503498
-494.9302325581396,0.036452094783421526
-494.9102990033223,0.03626497106633443
-494.890365448505,0.03647029630614997
-494.8704318936877,0.037060892913646185
-494.85049833887047,0.0380166953469315
-494.83056478405314,0.03930760875913875
-494.8106312292359,0.04089723373502073
-494.79069767441865,0.04274650747745934
-494.7707641196013,0.044816619359384226
-494.7508305647841,0.04707096811941673
-494.7308970099668,0.0494762339448278
-494.71096345514957,0.0520027817461737
-494.6910299003322,0.054624630706422386
-494.67109634551497,0.057319182219792784
-494.65116279069775,0.06006683976846642
-494.6312292358804,0.06285060299182456
-494.6112956810632,0.06565568100856571
-494.5913621262458,0.0684691460602589
-494.5714285714286,0.07127963442280759
-494.5514950166113,0.07407709394608765
-494.53156146179407,0.07685257398184621
-494.51162790697674,0.07959805212813782
-494.49169435215947,0.08230629208675781
-494.47176079734226,0.08497072737142776
-494.4518272425249,0.08758536627042168
-494.4318936877077,0.09014471417571071
-494.4119601328904,0.09264371005380766
-494.3920265780731,0.09507767441581644
-494.3720930232558,0.09744226663750734
-494.3521594684386,0.09973344988853639
-494.33222591362124,0.10194746226358457
-494.31229235880403,0.10408079297831854
-494.29235880398676,0.10613016271080021
-494.27242524916943,0.10809250734371952
-494.2524916943522,0.10996496450340107
-494.2325581395349,0.1117448624042073
-494.2126245847177,0.11342971059770768
-494.19269102990035,0.11501719229889928
-494.1727574750831,0.1165051580209724
-494.15282392026575,0.11789162029767017
-494.13289036544853,0.11917474931140266
-494.1129568106313,0.12035286927670814
-494.093023255814,0.12142445545487081
-494.0730897009967,0.12238813169672288
-494.0531561461794,0.12324266842840761
-494.0332225913622,0.12398698100969606
-494.01328903654485,0.12462012840662763
-493.99335548172763,0.12514131213094895
-493.9734219269103,0.12554987540748697
-493.95348837209303,0.12584530253857898
-493.9335548172758,0.12602721844123774
-493.9136212624585,0.12609538833895276
-493.8936877076413,0.12604971759540815
-493.87375415282395,0.12589025168269796
-493.8538205980067,0.12561717628141475
-493.83388704318935,0.12523081751490922
-493.81395348837214,0.12473164232498513
-493.7940199335548,0.1241202590013324
-493.7740863787376,0.12339741788265488
-493.7541528239203,0.12256401225326372
-493.734219269103,0.1216210794658935
-493.7142857142858,0.12056980232898751
-493.69435215946845,0.1194115108056519
-493.67441860465124,0.11814768408192103
-493.65448504983385,0.11677995307413361
-493.63455149501664,0.11531010345989036
-493.6146179401994,0.11374007933473662
-493.5946843853821,0.11207198761767923
-493.5747508305649,0.11030810335471634
-493.5548172757475,0.10845087610065514
-493.5348837209303,0.10650293759835447
-493.51495016611295,0.10446711102150989
-493.49501661129574,0.10234642210600757
-493.4750830564784,0.10014411256680146
-493.45514950166114,0.09786365628750128
-493.4352159468439,0.09550877888133426
-493.4152823920266,0.0930834813613288
-493.3953488372094,0.09059206883106291
-493.37541528239205,0.08803918532283343
-493.3554817275748,0.08542985617826178
-493.33554817275746,0.08276953969735436
-493.31561461794024,0.0800641901879592
-493.2956810631229,0.07732033503835298
-493.2757475083057,0.07454516901696766
-493.2558139534884,0.07174666966778899
-493.2358803986711,0.06893373838508618
-493.2159468438539,0.06611637243444353
-493.19601328903656,0.06330587366440898
-493.17607973421934,0.06051509959042627
-493.15614617940196,0.057758761325239674
-493.13621262458474,0.05505376944236046
-493.1162790697674,0.0524196216170226
-493.0963455149502,0.049878812287176263
-493.076411960133,0.04745722129460927
-493.0564784053156,0.045184402072115305
-493.0365448504984,0.0430936391809655
-493.01661129568106,0.041221585871716905
-492.99667774086384,0.03960724633434705
-492.9767441860465,0.03829007913906012
-492.95681063122925,0.037307130840719224
-492.9368770764119,0.036689405111296265
-492.9169435215947,0.036458083309880845
-492.8970099667775,0.03662154036980931
-492.87707641196016,0.03717407640610022
-492.8571428571429,0.03809679608331911
-492.83720930232556,0.039360332862563095
-492.81727574750835,0.04092855503949027
-492.797342192691,0.042762280849452
-492.7774086378738,0.04482231204009092
-492.7574750830565,0.047071509399282244
-492.7375415282392,0.049475958847201774
-492.717607973422,0.052005437774301944
-492.69767441860466,0.05463342057215973
-492.67774086378745,0.057336822965910285
-492.6578073089701,0.06009562590664468
-492.63787375415285,0.06289246675377856
-492.6179401993355,0.0657122464357512
-492.5980066445183,0.06854177583036282
-492.578073089701,0.07136946949200447
-492.55813953488376,0.0741850866516789
-492.5382059800665,0.07697951546195947
-492.51827242524917,0.07974459493869579
-492.49833887043195,0.08247296882914414
-492.4784053156146,0.08515796604155453
-492.4584717607974,0.08779350293051012
-492.4385382059801,0.09037400344731668
-492.4186046511628,0.09289433384040631
-492.3986710963456,0.09534974918699334
-492.37873754152827,0.0977358495434567
-492.35880398671105,0.10004854392209533
-492.3388704318937,0.10228402064518508
-492.31893687707645,0.1044387229056665
-492.2990033222591,0.10650932858802312
-492.2790697674419,0.10849273358308799
-492.2591362126246,0.11038603797533597
-492.23920265780737,0.11218653459725336
-492.2192691029901,0.11389169953887729
-492.19933554817277,0.11549918427576415
-492.17940199335555,0.11700680913939616
-492.1594684385382,0.1184125579032244
-492.139534883721,0.11971457329746825
-492.1196013289036,0.12091115329842278
-492.0996677740864,0.12200074806468811
-492.0797342192691,0.12298195741470228
-492.05980066445187,0.12385352875810468
-492.03986710963466,0.12461435540859114
-492.01993355481727,0.12526347521858872
-492.00000000000006,0.12580006948675612
-491.98006644518273,0.12622346209845256
-491.9601328903655,0.1265331188672642
-491.9401993355482,0.12672864705243367
-491.9202657807309,0.1268097950333888
-491.9003322259136,0.12677645212804936
-491.8803986710964,0.12662864854673528
-491.86046511627916,0.12636655547871897
-491.84053156146183,0.12599048531302423
-491.82059800664456,0.12550089200033257
-491.80066445182723,0.12489837156775632
-491.78073089701,0.12418366280385089
-491.7607973421927,0.12335764813719235
-491.7408637873755,0.12242135473853041
-491.7209302325581,0.12137595588416976
-491.7009966777409,0.12022277262693813
-491.68106312292366,0.11896327583149817
-491.66112956810633,0.11759908864268798
-491.6411960132891,0.11613198947013806
-491.62126245847173,0.11456391558971281
-491.6013289036545,0.11289696748309037
-491.5813953488372,0.11113341406227237
-491.56146179402,0.10927569895669981
-491.54152823920265,0.1073264480784605
-491.5215946843854,0.10528847872774126
-491.50166112956816,0.10316481055803778
-491.48172757475083,0.10095867879178169
-491.4617940199336,0.09867355016533824
-491.4418604651163,0.09631314219191006
-491.421926910299,0.09388144646770416
-491.4019933554817,0.09138275691677072
-491.3820598006645,0.08882170408200492
-491.36212624584715,0.08620329683310753
-491.34219269102994,0.08353297318785619
-491.32225913621266,0.08081666234291099
-491.30232558139534,0.07806086049448781
-491.2823920265781,0.07527272360461296
-491.2624584717608,0.07246018092961988
-491.2425249169436,0.06963207384546954
-491.22259136212625,0.06679832520334866
-491.202657807309,0.06397014496726208
-491.18272425249177,0.06116027790878874
-491.16279069767444,0.05838329809184428
-491.1428571428572,0.05565595178724766
-491.1229235880399,0.052997543709445184
-491.1029900332226,0.05043034864028962
-491.0830564784053,0.04798000832614056
-491.0631229235881,0.045675838481579356
-491.04318936877075,0.043550921100105514
-491.02325581395354,0.041641797922952764
-491.00332225913627,0.03998753130972803
-490.98338870431894,0.03862790122016617
-490.9634551495017,0.03760062395061661
-490.9435215946844,0.03693775868199867
-490.9235880398672,0.03666187591689804
-490.90365448504986,0.03678291508303748
-490.8837209302326,0.03729668456511441
-490.86378737541526,0.038185512229488155
-490.84385382059804,0.03942082134809951
-490.8239202657808,0.040966804129583104
-490.8039867109635,0.04278420212637269
-490.78405315614623,0.04483345546601225
-490.7641196013289,0.047076898747115056
-490.7441860465117,0.049480025029680984
-490.72425249169436,0.052012019148142706
-490.70431893687714,0.054645802308532436
-490.68438538205976,0.057357794908098864
-490.66445182724254,0.06012754570382363
-490.64451827242533,0.06293732077608875
-490.624584717608,0.06577170481936655
-490.6046511627908,0.06861724033134968
-490.5847176079734,0.07146211411191311
-490.5647840531562,0.07429589162633293
-490.54485049833886,0.07710929545231632
-490.52491694352165,0.07989402230505126
-490.5049833887043,0.08264259281181562
-490.48504983388705,0.08534822857197831
-490.46511627906983,0.08800475168754379
-490.4451827242525,0.09060650266989459
-490.4252491694353,0.09314827331599462
-490.40531561461796,0.09562525175726543
-490.3853820598007,0.09803297740391285
-490.36544850498336,0.10036730393927318
-490.34551495016615,0.10262436887226374
-490.3255813953488,0.10480056844265696
-490.3056478405316,0.10689253690483773
-490.28571428571433,0.10889712940152982
-490.265780730897,0.11081140778805516
-490.2458471760798,0.11263262888731344
-490.22591362126246,0.11435823475195026
-490.20598006644525,0.11598584458758
-490.18604651162786,0.11751324805348623
-490.16611295681065,0.11893839970777888
-490.14617940199344,0.12025941440518145
-490.1262458471761,0.12147456348897889
-490.1063122923589,0.12258227164622806
-490.0863787375415,0.12358111431779667
-490.0664451827243,0.12446981557344833
-490.04651162790697,0.12524724637771106
-490.02657807308975,0.12591242318525575
-490.0066445182724,0.1264645068153878
-489.98671096345515,0.126902801564755
-489.96677740863794,0.12722675452517024
-489.9468438538206,0.1274359550808248
-489.9269102990034,0.12753013456505946
-489.90697674418607,0.12750916606289123
-489.8870431893688,0.12737306435048945
-489.86710963455147,0.12712198596798607
-489.84717607973425,0.12675622942686807
-489.8272425249169,0.12627623555815298
-489.8073089700997,0.12568258801268037
-489.78737541528244,0.12497601393033309
-489.7674418604651,0.12415738480098146
-489.7475083056479,0.12322771754654581
-489.72757475083057,0.12218817586111821
-489.70764119601336,0.12104007185484397
-489.687707641196,0.11978486805725345
-489.66777408637876,0.11842417984791088
-489.6478405315614,0.11695977839621353
-489.6279069767442,0.11539359420944174
-489.607973421927,0.11372772140865922
-489.58803986710967,0.11196442287702285
-489.5681063122924,0.11010613645541965
-489.5481727574751,0.10815548239782373
-489.52823920265786,0.10611527234423918
-489.50830564784053,0.10398852012592007
-489.4883720930233,0.10177845478711636
-489.468438538206,0.09948853629460491
-489.4485049833887,0.09712247451383775
-489.4285714285715,0.09468425216494177
-489.4086378737542,0.09217815263892125
-489.38870431893696,0.08960879376286682
-489.36877076411963,0.08698116886177727
-489.34883720930236,0.08430069678503738
-489.32890365448503,0.08157328295934572
-489.3089700996678,0.07880539400791046
-489.2890365448505,0.07600414904491101
-489.2691029900333,0.07317743141194928
-489.249169435216,0.07033402534280371
-489.2292358803987,0.0674837827561312
-489.20930232558146,0.06463782593120188
-489.18936877076413,0.06180879192524442
-489.1694352159469,0.059011123702085326
-489.14950166112953,0.056261410124401244
-489.1295681063123,0.053578770678992776
-489.109634551495,0.05098526871002009
-489.0897009966778,0.048506315811331746
-489.06976744186056,0.04617099628440987
-489.0498338870432,0.044012192100473524
-489.02990033222596,0.0420663294414171
-489.00996677740864,0.04037251516790395
-488.9900332225914,0.03897082541547009
-488.9700996677741,0.03789961058464338
-488.9501661129568,0.03719194514606152
-488.9302325581396,0.03687175411486898
-488.9102990033223,0.03695052319425302
-488.89036544850507,0.03742557317777354
-488.87043189368774,0.038280479283514954
-488.85049833887047,0.03948748968483587
-488.83056478405314,0.041011155886666005
-488.8106312292359,0.042812170863075365
-488.7906976744186,0.04485063104506422
-488.7707641196014,0.047088353306872624
-488.7508305647841,0.04949023929261289
-488.7308970099668,0.05202487836400695
-488.71096345514957,0.05466463340573517
-488.69102990033224,0.05738542357935394
-488.671096345515,0.06016635961820036
-488.65116279069764,0.0629893310009263
-488.6312292358804,0.06583860153792598
-488.6112956810631,0.06870044138804511
-488.5913621262459,0.07156280627546158
-488.57142857142867,0.07441506513317178
-488.5514950166113,0.07724777266363787
-488.53156146179407,0.080052481364629
-488.51162790697674,0.0828215871382225
-488.4916943521595,0.0855482029207503
-488.4717607973422,0.08822605540888134
-488.4518272425249,0.09084940068263951
-488.4318936877076,0.0934129552253071
-488.4119601328904,0.09591183946399003
-488.39202657807317,0.09834153148753118
-488.37209302325584,0.10069782904245697
-488.3521594684386,0.10297681827106732
-488.33222591362124,0.10517484795116683
-488.31229235880403,0.10728850823470965
-488.2923588039867,0.10931461307406258
-488.2724252491695,0.11125018567814499
-488.25249169435216,0.11309244646398156
-488.2325581395349,0.11483880306821824
-488.2126245847177,0.11648684206300676
-488.19269102990035,0.1180343220848764
-488.17275747508313,0.11947916813733939
-488.1528239202658,0.12081946687023193
-488.13289036544853,0.12205346267318531
-488.1129568106312,0.12317955444887986
-488.093023255814,0.12419629295480988
-488.07308970099666,0.12510237862139606
-488.05315614617945,0.12589665977032719
-488.0332225913622,0.1265781311700701
-488.01328903654485,0.12714593287696455
-487.99335548172763,0.12759934931962771
-487.9734219269103,0.12793780859275192
-487.9534883720931,0.12816088193357272
-487.93355481727576,0.12826828336050353
-487.9136212624585,0.12825986945938847
-487.89368770764116,0.1281356393080254
-487.87375415282395,0.12789573453469075
-487.85382059800673,0.12754043951150792
-487.8338870431894,0.1270701816881757
-487.81395348837214,0.12648553207700744
-487.7940199335548,0.12578720590547926
-487.7740863787376,0.1249760634585112
-487.75415282392026,0.12405311113930005
-487.73421926910305,0.1230195027848796
-487.7142857142858,0.12187654128135361
-487.69435215946845,0.12062568053364282
-487.67441860465124,0.11926852785637296
-487.6544850498339,0.11780684686659938
-487.6345514950167,0.11624256097598111
-487.6146179401993,0.11457775759989794
-487.5946843853821,0.11281469322622413
-487.57475083056477,0.11095579951550602
-487.55481727574755,0.10900369064193016
-487.53488372093034,0.10696117212853173
-487.51495016611295,0.10483125148634756
-487.49501661129574,0.10261715103530983
-487.4750830564784,0.10032232337020576
-487.4551495016612,0.09795047004070984
-487.43521594684387,0.0955055641463594
-487.4152823920266,0.09299187771160154
-487.39534883720927,0.09041401491065058
-487.37541528239205,0.08777695246637676
-487.35548172757484,0.08508608886257456
-487.3355481727575,0.0823473043965703
-487.31561461794024,0.07956703457103319
-487.2956810631229,0.07675235988684238
-487.2757475083057,0.0739111157529639
-487.25581395348837,0.07105202695069407
-487.23588039867116,0.06818487181670459
-487.21594684385377,0.06532068190127398
-487.19601328903656,0.062471983040155415
-487.17607973421934,0.059653083040819316
-487.156146179402,0.056880408637993096
-487.1362126245848,0.05417288855014151
-487.1162790697674,0.05155236810191605
-487.0963455149502,0.0490440208096944
-487.0764119601329,0.04667668991256719
-487.05647840531566,0.044483045600375706
-487.03654485049833,0.04249938447623494
-487.01661129568106,0.040764842230023586
-486.99667774086384,0.03931977605809813
-486.9767441860465,0.0382031605850733
-486.9568106312293,0.03744908809692709
-486.936877076412,0.03708286074117863
-486.9169435215947,0.03711755728133828
-486.8970099667774,0.037552078237653254
-486.87707641196016,0.03837132227794202
-486.85714285714283,0.039548432085335
-486.8372093023256,0.041048369399034015
-486.81727574750835,0.04283180584768672
-486.797342192691,0.0448584995332417
-486.7774086378738,0.047089738862449666
-486.7574750830565,0.049489813762670115
-486.73754152823926,0.05202669371346191
-486.71760797342193,0.054672158481206205
-486.69767441860466,0.057401602946357946
-486.67774086378745,0.06019367951000256
-486.6578073089701,0.06302988373855824
-486.6378737541529,0.06589414411016795
-486.6179401993356,0.06877244654043037
-486.5980066445183,0.07165250594090987
-486.578073089701,0.07452348677505313
-486.55813953488376,0.07737576940322753
-486.53820598006644,0.08020075682838261
-486.5182724252492,0.0829907159069246
-486.49833887043195,0.0857386473593133
-486.4784053156146,0.08843817953955989
-486.4584717607974,0.09108348165291202
-486.4385382059801,0.09366919282261592
-486.41860465116287,0.09619036404524023
-486.39867109634554,0.09864241062104907
-486.37873754152827,0.10102107310282964
-486.35880398671094,0.10332238518089616
-486.3388704318937,0.10554264722627554
-486.3189368770765,0.10767840445946886
-486.2990033222592,0.10972642890940452
-486.2790697674419,0.1116837044853935
-486.2591362126246,0.11354741461239877
-486.23920265780737,0.11531493198148583
-486.21926910299004,0.11698381004991557
-486.1993355481728,0.11855177599138148
-486.17940199335544,0.12001672485046491
-486.1594684385382,0.12137671469905169
-486.139534883721,0.12262996262772818
-486.1196013289037,0.12377484143407035
-486.09966777408647,0.12480987689374963
-486.0797342192691,0.12573374551982613
-486.05980066445187,0.1265452727320035
-486.03986710963454,0.12724343137111382
-486.0199335548173,0.12782734050588393
-486.0,0.12829626448840764
-485.98006644518273,0.1286496122234408
-485.9601328903655,0.12888693662382536
-485.9401993355482,0.1290079342308851
-485.920265780731,0.12901244498438627
-485.90033222591364,0.12890045213227236
-485.8803986710964,0.1286720822752298
-485.86046511627904,0.12832760554630807
-485.84053156146183,0.12786743593081062
-485.8205980066445,0.1272921317366883
-485.8006644518273,0.12660239623113229
-485.78073089701,0.12579907846516333
-485.7607973421927,0.12488317431417126
-485.7408637873755,0.1238558277701871
-485.72093023255815,0.1227183325298476
-485.70099667774093,0.12147213393205747
-485.68106312292355,0.12011883131095348
-485.66112956810633,0.11866018084366792
-485.641196013289,0.11709809898882645
-485.6212624584718,0.11543466663181061
-485.6013289036546,0.11367213407680687
-485.5813953488372,0.111812927055337
-485.56146179402,0.10985965395673668
-485.54152823920265,0.10781511453045817
-485.52159468438543,0.1056823103644885
-485.5016611295681,0.10346445751171345
-485.48172757475083,0.10116500171948495
-485.4617940199336,0.09878763682190522
-485.4418604651163,0.09633632698324382
-485.4219269102991,0.09381533364283336
-485.40199335548175,0.0912292482119403
-485.3820598006645,0.08858303182368124
-485.36212624584715,0.08588206374628292
-485.34219269102994,0.08313220045191591
-485.3222591362126,0.0803398477975907
-485.3023255813954,0.07751204933177941
-485.2823920265781,0.07465659438875653
-485.2624584717608,0.07178215035426241
-485.2425249169436,0.0688984242231037
-485.22259136212625,0.06601635919258715
-485.20265780730904,0.0631483722872743
-485.1827242524917,0.06030863841112805
-485.16279069767444,0.05751342392959574
-485.1428571428571,0.054781467495217874
-485.1229235880399,0.05213439516219438
-485.1029900332227,0.04959713780282035
-485.08305647840535,0.04719828776998754
-485.0631229235881,0.04497028587125701
-485.04318936877075,0.042949270961511576
-485.02325581395354,0.04117436664759628
-485.0033222591362,0.03968615765888204
-484.983388704319,0.03852418135850397
-484.96345514950167,0.037723489139157844
-484.9435215946844,0.037310719911786486
-484.9235880398672,0.03730053845878949
-484.90365448504986,0.037693458092182545
-484.88372093023264,0.03847576804783284
-484.8637873754153,0.03962159025988597
-484.84385382059804,0.04109638014534826
-484.8239202657807,0.04286085624856533
-484.8039867109635,0.04487448554806643
-484.7840531561462,0.04709805489019603
-484.76411960132896,0.04949525335814407
-484.7441860465117,0.052033430471613074
-484.72425249169436,0.05468377625831667
-484.70431893687714,0.05742115138789618
-484.6843853820598,0.06022373880386278
-484.6644518272426,0.06307262909097917
-484.6445182724252,0.06595140504520777
-484.624584717608,0.06884575900288042
-484.6046511627907,0.07174315682064453
-484.58471760797346,0.07463255130787362
-484.56478405315625,0.07750414226465309
-484.54485049833886,0.0803491778354113
-484.52491694352165,0.08315979120771774
-484.5049833887043,0.08592886689719753
-484.4850498338871,0.08864993146550473
-484.4651162790698,0.091317064250229
-484.4451827242525,0.09392482440820414
-484.4252491694352,0.09646819122604854
-484.40531561461796,0.09894251521312894
-484.38538205980075,0.10134347796142533
-484.3654485049834,0.10366705914254395
-484.34551495016615,0.10590950932525135
-484.3255813953488,0.10806732754998054
-484.3056478405316,0.11013724280002585
-484.2857142857143,0.11211619867241453
-484.26578073089706,0.11400134068241632
-484.2458471760798,0.11579000574101579
-484.22591362126246,0.11747971342900039
-484.20598006644525,0.11906815876004054
-484.1860465116279,0.12055320617980955
-484.1661129568107,0.12193288459337899
-484.1461794019933,0.12320538324928339
-484.1262458471761,0.12436904833857615
-484.1063122923588,0.12542238019157056
-484.08637873754157,0.1263640309751643
-484.06644518272435,0.12719280281038112
-484.04651162790697,0.12790764624372541
-484.02657807308975,0.12850765901772185
-484.0066445182724,0.1289920850960042
-483.9867109634552,0.12936031390690383
-483.9667774086379,0.12961187977695687
-483.9468438538206,0.1297464615322776
-483.9269102990033,0.12976388225190177
-483.90697674418607,0.1296641091623887
-483.88704318936885,0.12944725366839174
-483.8671096345515,0.1291135715187974
-483.84717607973425,0.12866346311307644
-483.8272425249169,0.12809747395762885
-483.8073089700997,0.12741629528734005
-483.7873754152824,0.12662076487344634
-483.76744186046517,0.12571186804527582
-483.74750830564784,0.12469073896081073
-483.72757475083057,0.12355866216944211
-483.70764119601336,0.12231707451999975
-483.687707641196,0.12096756747874604
-483.6677740863788,0.11951188993559314
-483.6478405315615,0.117951951593156
-483.6279069767442,0.11628982705294565
-483.6079734219269,0.1145277607367629
-483.58803986710967,0.11266817281039002
-483.56810631229234,0.11071366631209116
-483.54817275747513,0.1086670357319115
-483.52823920265786,0.10653127734151888
-483.50830564784053,0.10430960164040937
-483.4883720930233,0.10200544836668955
-483.468438538206,0.09962250462266035
-483.4485049833888,0.0971647267926058
-483.42857142857144,0.09463636708866241
-483.4086378737542,0.09204200575800478
-483.38870431893685,0.08938659023030995
-483.36877076411963,0.08667548278915041
-483.3488372093024,0.08391451872635244
-483.3289036544851,0.08111007739682946
-483.3089700996678,0.07826916914143149
-483.2890365448505,0.07539954168892933
-483.2691029900333,0.0725098103688195
-483.24916943521595,0.06960961721195925
-483.22923588039873,0.06670982466634613
-483.20930232558146,0.06382274996911867
-483.18936877076413,0.06096244573996093
-483.1694352159469,0.058145030296533264
-483.1495016611296,0.055389066198863135
-483.1295681063124,0.052715975504061985
-483.109634551495,0.05015046214204844
-483.0897009966778,0.047720882030250454
-483.06976744186045,0.04545945700206113
-483.04983388704323,0.04340217047191484
-483.029900332226,0.04158812317129762
-483.00996677740864,0.04005809876830139
-482.9900332225914,0.03885214894659737
-482.9700996677741,0.038006219519576945
-482.9501661129569,0.03754821581900919
-482.93023255813955,0.03749432803274617
-482.9102990033223,0.03784664530252222
-482.89036544850495,0.03859283999900499
-482.87043189368774,0.03970803117264057
-482.8504983388705,0.04115820041783063
-482.8305647840532,0.04290414917328772
-482.8106312292359,0.04490508514572667
-482.7906976744186,0.04712131809313658
-482.7707641196014,0.049515953219567435
-482.75083056478405,0.05205573091627336
-482.73089700996684,0.054711257887911584
-482.71096345514945,0.057456864089298315
-482.69102990033224,0.06027026469051557
-482.671096345515,0.06313214591272621
-482.6511627906977,0.06602574489195995
-482.6312292358805,0.06893646009465695
-482.6112956810631,0.07185150788211137
-482.5913621262459,0.07475962890959187
-482.57142857142856,0.07765084190478798
-482.55149501661134,0.08051623965243114
-482.531561461794,0.08334782119080114
-482.51162790697674,0.08613835437367996
-482.4916943521595,0.08888126353605513
-482.4717607973422,0.0915705377340391
-482.451827242525,0.09420065576201288
-482.43189368770766,0.09676652481573819
-482.4119601328904,0.0992634302454727
-482.39202657807306,0.10168699432490802
-482.37209302325584,0.104033142358442
-482.3521594684385,0.10629807477166674
-482.3322259136213,0.10847824409053398
-482.31229235880403,0.11057033592391365
-482.2923588039867,0.11257125323259838
-482.2724252491695,0.11447810330258165
-482.25249169435216,0.11628818694899204
-482.23255813953494,0.11799898956389933
-482.2126245847176,0.11960817369185227
-482.19269102990035,0.12111357287342828
-482.172757475083,0.12251318654332126
-482.1528239202658,0.12380517580692785
-482.1328903654486,0.12498785994986404
-482.11295681063126,0.1260597135601398
-482.093023255814,0.12701936416327905
-482.07308970099666,0.12786559028789224
-482.05315614617945,0.1285973198935395
-482.0332225913621,0.1292136291047623
-482.0132890365449,0.12971374120540324
-481.99335548172763,0.13009702585600455
-481.9734219269103,0.13036299850488983
-481.9534883720931,0.13051131997003132
-481.93355481727576,0.13054179617495426
-481.91362126245855,0.1304543780275601
-481.8936877076412,0.13024916143578594
-481.87375415282395,0.1299263874592448
-481.8538205980066,0.12948644260087216
-481.8338870431894,0.12892985924796907
-481.8139534883722,0.1282573162771072
-481.79401993355486,0.12746963984361645
-481.7740863787376,0.1265678043824828
-481.75415282392026,0.12555293385494679
-481.73421926910305,0.12442630328339907
-481.7142857142857,0.12318934062679411
-481.6943521594685,0.12184362906015121
-481.6744186046511,0.12039090973523692
-481.6544850498339,0.11883308511554128
-481.6345514950167,0.11717222299806826
-481.61461794019937,0.11541056135782161
-481.59468438538215,0.11355051417947638
-481.57475083056477,0.11159467847550224
-481.55481727574755,0.1095458427327048
-481.5348837209302,0.10740699708199136
-481.514950166113,0.10518134555113154
-481.4950166112957,0.1028723208409834
-481.4750830564784,0.10048360216599966
-481.4551495016612,0.09801913682458412
-481.43521594684387,0.09548316632039248
-481.41528239202665,0.09288025804952206
-481.3953488372093,0.09021534380982607
-481.37541528239205,0.08749376668801183
-481.3554817275747,0.08472133824961546
-481.3355481727575,0.08190440840853581
-481.3156146179402,0.07904995089631885
-481.29568106312297,0.07616566788968737
-481.2757475083057,0.0732601180742892
-481.25581395348837,0.07034287317632222
-481.23588039867116,0.06742470867156258
-481.2159468438538,0.06451783475736746
-481.1960132890366,0.061636173322766476
-481.17607973421923,0.058795684817985035
-481.156146179402,0.05601474433133255
-481.1362126245847,0.0533145568070783
-481.1162790697675,0.0507195842473907
-481.09634551495026,0.048257929261943035
-481.0764119601329,0.04596157619551911
-481.05647840531566,0.04386633365147499
-481.03654485049833,0.04201126106407293
-481.0166112956811,0.040437327055853504
-480.9966777408638,0.039185093836410216
-480.9767441860465,0.03829141580818835
-480.9568106312292,0.03778550457040894
-480.936877076412,0.037685144737123366
-480.91694352159476,0.037994094444716964
-480.89700996677743,0.038701512187546666
-480.87707641196016,0.03978360811550277
-480.85714285714283,0.041206959338863244
-480.8372093023256,0.04293248784962781
-480.8172757475083,0.044919149943471105
-480.7973421926911,0.04712676373229225
-480.7774086378738,0.049517822379242626
-480.7574750830565,0.0520584229339851
-480.73754152823926,0.05471855379233948
-480.71760797342193,0.0574719815358262
-480.6976744186047,0.06029592469790731
-480.6777408637874,0.06317064049145565
-480.6578073089701,0.06607899980673303
-480.6378737541528,0.0690060902787686
-480.6179401993356,0.0719388649099212
-480.59800664451836,0.07486584091569815
-480.57807308970104,0.07777684677511021
-480.55813953488376,0.08066281244533847
-480.53820598006644,0.0835155967229708
-480.5182724252492,0.08632784581166068
-480.4983388704319,0.08909287771711781
-480.4784053156147,0.09180458782225173
-480.45847176079735,0.0944573717388708
-480.4385382059801,0.09704606221266932
-480.41860465116287,0.09956587744830023
-480.39867109634554,0.10201237871725786
-480.3787375415283,0.10438143551942414
-480.358803986711,0.1066691969018236
-480.3388704318937,0.10887206780652892
-480.3189368770764,0.11098668953582022
-480.2990033222592,0.11300992359608802
-480.27906976744185,0.11493883832116585
-480.25913621262464,0.11677069778747971
-480.23920265780737,0.1185029526232948
-480.21926910299004,0.12013323238665996
-480.1993355481728,0.12165933924519916
-480.1794019933555,0.12307924273827685
-480.1594684385383,0.12439107544060037
-480.1395348837209,0.12559312937784536
-480.1196013289037,0.1266838530706017
-480.09966777408636,0.12766184910438463
-480.07973421926914,0.1285258721408755
-480.0598006644519,0.12927482730043857
-480.03986710963454,0.129907768858149
-480.0199335548173,0.13042389920618724
-480.0,0.13082256804426706
-479.9800664451828,0.13110327176767414
-479.9601328903655,0.13126565302923307
-479.9401993355482,0.13130950045773135
-479.9202657807309,0.13123474852094252
-479.90033222591364,0.13104147752662842
-479.8803986710964,0.13072991376008353
-479.8604651162791,0.13030042976174924
-479.8405315614618,0.12975354475361198
-479.82059800664456,0.12908992522858517
-479.8006644518273,0.12831038572270492
-479.78073089701,0.12741588979666355
-479.76079734219275,0.1264075512601432
-479.7408637873754,0.12528663568084966
-479.72093023255815,0.1240545622296405
-479.7009966777409,0.12271290592427758
-479.6810631229236,0.12126340034779697
-479.66112956810633,0.11970794093316399
-479.64119601328906,0.11804858892504153
-479.6212624584718,0.11628757615261755
-479.6013289036545,0.11442731077532871
-479.58139534883725,0.11247038419782607
-479.56146179402,0.11041957939233836
-479.54152823920265,0.10827788091856114
-479.5215946843854,0.10604848699504232
-479.5016611295681,0.10373482405538603
-479.48172757475083,0.10134056432105852
-479.4617940199336,0.09886964704515609
-479.4418604651163,0.09632630423424177
-479.421926910299,0.0937150918457952
-479.40199335548175,0.09104092769583413
-479.3820598006645,0.08830913760565524
-479.3621262458472,0.08552551168014128
-479.34219269102994,0.08269637305509504
-479.3222591362126,0.07982866198776817
-479.3023255813954,0.07693003879728672
-479.2823920265781,0.07400900987923749
-479.26245847176085,0.07107508177836848
-479.2425249169436,0.06813894900417349
-479.22259136212625,0.06521272170532354
-479.202657807309,0.06231019908017988
-479.1827242524917,0.059447192776350535
-479.16279069767444,0.05664190030554078
-479.14285714285717,0.05391531972913804
-479.1229235880399,0.051291680701310585
-479.1029900332226,0.048798839737235054
-479.08305647840535,0.04646854585412999
-479.0631229235881,0.04433642621719983
-479.0431893687708,0.042441479137762174
-479.0232558139535,0.04082482131485875
-479.0033222591362,0.03952747055661335
-478.98338870431894,0.03858712152475153
-478.96345514950167,0.038034222058572625
-478.94352159468446,0.03788809587202906
-478.9235880398671,0.03815414399115206
-478.90365448504986,0.03882301958235609
-478.8837209302326,0.03987206097232262
-478.8637873754153,0.041268492818444115
-478.84385382059804,0.04297341068790319
-478.82392026578077,0.04494556414701714
-478.80398671096344,0.04714431236548298
-478.78405315614623,0.04953155765560603
-478.76411960132896,0.05207276579440356
-478.7441860465117,0.05473731256470593
-478.7242524916944,0.057498402828758524
-478.7043189368771,0.060332757795049215
-478.6843853820598,0.06322020376195939
-478.66445182724254,0.06614324294152885
-478.6445182724253,0.06908664957647441
-478.624584717608,0.07203711083327026
-478.60465116279073,0.07498291819551026
-478.58471760797346,0.07791370782364658
-478.5647840531562,0.08082024500273538
-478.5448504983389,0.08369424665451076
-478.52491694352165,0.08652823588959269
-478.5049833887043,0.08931542310852597
-478.48504983388705,0.09204960888987238
-478.4651162790698,0.09472510465608401
-478.4451827242525,0.0973366678024721
-478.4252491694353,0.0998794485789469
-478.40531561461796,0.10234894652369454
-478.3853820598007,0.10474097466806973
-478.3654485049834,0.10705163007435245
-478.34551495016615,0.1092772695447359
-478.3255813953489,0.11141448956264739
-478.30564784053155,0.11346010970618628
-478.2857142857143,0.11541115891702912
-478.26578073089706,0.11726486412312807
-478.2458471760798,0.11901864080623431
-478.2259136212625,0.12067008517970981
-478.2059800664452,0.12221696770241171
-478.1860465116279,0.12365722770312995
-478.16611295681065,0.1249889689297706
-478.1461794019934,0.1262104558698014
-478.1262458471761,0.1273201107150593
-478.1063122923588,0.12831651086579066
-478.08637873754157,0.12919838688696494
-478.0664451827243,0.1299646208448867
-478.046511627907,0.13061424496491142
-478.02657807308975,0.13114644056160588
-478.0066445182724,0.1315605372020608
-477.98671096345515,0.13185601207082084
-477.9667774086379,0.1320324895119676
-477.9468438538206,0.13208974073014523
-477.92691029900334,0.13202768363797077
-477.90697674418607,0.1318463828426599
-477.8870431893688,0.13154604976978085
-477.8671096345515,0.13112704292724778
-477.84717607973425,0.13058986831766092
-477.827242524917,0.12993518001265814
-477.8073089700997,0.12916378090865296
-477.7873754152824,0.12827662368976678
-477.7674418604651,0.12727481203087646
-477.74750830564784,0.12615960208194957
-477.7275747508306,0.12493240428410032
-477.70764119601336,0.12359478557920815
-477.687707641196,0.12214847208765252
-477.66777408637876,0.12059535234467178
-477.6478405315615,0.11893748120450452
-477.6279069767442,0.11717708454425067
-477.60797342192694,0.11531656492689898
-477.5880398671096,0.11335850841687883
-477.5681063122924,0.1113056927826812
-477.54817275747513,0.10916109737205787
-477.52823920265786,0.10692791500820734
-477.5083056478406,0.1046095663332491
-477.48837209302326,0.1022097171219571
-477.468438538206,0.0997322992092174
-477.4485049833887,0.09718153582464689
-477.42857142857144,0.09456197231479073
-477.4086378737542,0.09187851346627511
-477.3887043189369,0.08913646893255048
-477.36877076411963,0.08634160862441906
-477.34883720930236,0.08350023036287048
-477.3289036544851,0.08061924262233325
-477.3089700996678,0.07770626581886535
-477.28903654485055,0.07476975631191793
-477.2691029900332,0.07181915805237986
-477.24916943521595,0.06886508752978415
-477.2292358803987,0.06591955815183016
-477.20930232558146,0.06299625005286061
-477.1893687707642,0.06011082989762408
-477.16943521594686,0.05728132136393353
-477.1495016611296,0.05452851878982461
-477.1295681063123,0.05187642118835686
-477.10963455149505,0.049352637851299515
-477.0897009966778,0.04698867648403778
-477.06976744186045,0.04481996935117746
-477.04983388704323,0.04288542989743951
-477.02990033222596,0.04122628699655496
-477.0099667774087,0.03988396693975891
-476.9900332225914,0.03889695219068438
-476.9700996677741,0.03829688050718551
-476.9501661129568,0.03810458885679042
-476.93023255813955,0.03832712670284802
-476.9102990033223,0.03895668002025341
-476.890365448505,0.0399717761800785
-476.87043189368774,0.04134035510723279
-476.85049833887047,0.0430237460659541
-476.8305647840532,0.04498053616787462
-476.8106312292359,0.047169652414578274
-476.79069767441865,0.04955241816818777
-476.7707641196013,0.052093669197898235
-476.75083056478405,0.05476216337401959
-476.7308970099668,0.05753053512021854
-476.7109634551495,0.06037499829583328
-476.6910299003323,0.063274938227259
-476.67109634551497,0.06621247903630618
-476.6511627906977,0.06917207310926342
-476.6312292358804,0.07214013434269782
-476.61129568106315,0.07510472204886631
-476.5913621262459,0.07805527453375324
-476.57142857142856,0.08098238766702971
-476.5514950166113,0.08387763243309555
-476.53156146179407,0.08673340536437482
-476.5116279069768,0.08954280625710706
-476.4916943521595,0.09229953829378873
-476.4717607973422,0.09499782645697322
-476.4518272425249,0.09763235082667233
-476.43189368770766,0.10019819197263573
-476.4119601328904,0.10269078617565437
-476.3920265780731,0.10510588864413052
-476.37209302325584,0.10743954324463717
-476.3521594684386,0.10968805755031656
-476.3322259136213,0.11184798224032381
-476.31229235880403,0.11391609406782605
-476.29235880398676,0.1158893817619608
-476.2724252491695,0.11776503434758596
-476.25249169435216,0.11954043146230461
-476.2325581395349,0.12121313532671736
-476.2126245847176,0.12278088408610424
-476.19269102990035,0.12424158629180175
-476.17275747508313,0.12559331633140342
-476.1528239202658,0.12683431065011497
-476.13289036544853,0.12796296463302692
-476.11295681063126,0.12897783004027347
-476.093023255814,0.12987761290580752
-476.0730897009967,0.13066117182588605
-476.0531561461794,0.1313275165764247
-476.0332225913621,0.13187580700915905
-476.01328903654485,0.13230535218611955
-475.99335548172763,0.13261560972001005
-475.97342192691036,0.13280618529498153
-475.95348837209303,0.13287683234888695
-475.93355481727576,0.13282745190385473
-475.9136212624585,0.13265809253721472
-475.8936877076412,0.13236895049033884
-475.87375415282395,0.1319603699176521
-475.8538205980067,0.1314328432837615
-475.8338870431894,0.13078701192143388
-475.81395348837214,0.13002366676953592
-475.79401993355486,0.12914374931596492
-475.7740863787376,0.1281483527779563
-475.7541528239203,0.12703872356005896
-475.734219269103,0.1258162630395871
-475.7142857142857,0.12448252974014294
-475.69435215946845,0.12303924196686157
-475.6744186046512,0.12148828099246833
-475.65448504983397,0.11983169490152248
-475.63455149501664,0.11807170322303946
-475.61461794019937,0.11621070250835104
-475.5946843853821,0.11425127304474345
-475.5747508305648,0.11219618693567576
-475.55481727574755,0.11004841782875972
-475.5348837209302,0.10781115263428666
-475.51495016611295,0.10548780565372799
-475.4950166112957,0.10308203563271268
-475.47508305647847,0.10059776637128473
-475.4551495016612,0.0980392116716291
-475.43521594684387,0.0954109055873522
-475.4152823920266,0.09271773916715419
-475.3953488372093,0.08996500517070917
-475.37541528239205,0.08715845258626484
-475.3554817275748,0.08430435321188313
-475.33554817275746,0.08140958308554208
-475.31561461794024,0.07848172217071668
-475.29568106312297,0.07552917641565496
-475.2757475083057,0.07256132707502079
-475.2558139534884,0.0695887129228435
-475.2358803986711,0.06662325151638074
-475.2159468438538,0.063678505635191
-475.19601328903656,0.060769999779488
-475.1760797342193,0.05791558806237399
-475.156146179402,0.055135867184200923
-475.13621262458474,0.05245461374382841
-475.1162790697675,0.049899200342720634
-475.0963455149502,0.04750090603768868
-475.07641196013293,0.04529498225614744
-475.05647840531566,0.04332027161924542
-475.03654485049833,0.04161812723935401
-475.01661129568106,0.04023039215538216
-474.9966777408638,0.03919634059016335
-474.9767441860465,0.038548801677583545
-474.9568106312293,0.038310128347417496
-474.936877076412,0.03848902583305948
-474.9169435215947,0.03907922500562537
-474.89700996677743,0.04006045525543072
-474.87707641196016,0.04140138009423319
-474.8571428571429,0.043063562302510384
-474.8372093023256,0.04500541742029077
-474.8172757475083,0.04718542457328514
-474.7973421926911,0.04956430927543116
-474.7774086378738,0.052106258212980684
-474.75747508305653,0.05477939407794106
-474.73754152823926,0.057555766355662986
-474.71760797342193,0.06041107003045939
-474.69767441860466,0.06332424067911455
-474.6777408637874,0.06627701788507849
-474.6578073089701,0.06925352759738324
-474.63787375415285,0.07223990730110433
-474.6179401993356,0.0752239820726263
-474.5980066445183,0.07819499108555791
-474.57807308970104,0.08114336007825607
-474.55813953488376,0.08406051377440672
-474.5382059800665,0.0869387220719115
-474.51827242524917,0.08977097428193787
-474.4983388704319,0.09255087641984927
-474.4784053156146,0.09527256732019213
-474.45847176079735,0.0979306500698667
-474.43853820598014,0.10052013588844536
-474.4186046511628,0.10303639812208414
-474.39867109634554,0.1054751344620356
-474.37873754152827,0.10783233586209273
-474.358803986711,0.11010426092313802
-474.3388704318937,0.11228741474931218
-474.31893687707645,0.11437853147054312
-474.2990033222591,0.11637455977825881
-474.27906976744185,0.1182726509436015
-474.25913621262464,0.12007014888562202
-474.23920265780737,0.1217645819358808
-474.2192691029901,0.12335365600992192
-474.19933554817277,0.1248352489476368
-474.1794019933555,0.12620740582646778
-474.1594684385382,0.12746833508565955
-474.13953488372096,0.12861640532783364
-474.1196013289037,0.12965014268707786
-474.0996677740864,0.13056822867187465
-474.07973421926914,0.13136949840710896
-474.05980066445187,0.13205293921252312
-474.0398671096346,0.13261768946635005
-474.0199335548173,0.13306303771238012
-474.0,0.1333884219769419
-473.98006644518273,0.13359342926968246
-473.96013289036546,0.13367779524823145
-473.9401993355482,0.13364140403297026
-473.920265780731,0.13348428816344574
-473.90033222591364,0.13320662869319144
-473.8803986710964,0.13280875542493992
-473.8604651162791,0.1322911472933529
-473.84053156146183,0.13165443290773635
-473.82059800664456,0.1308993912730788
-473.80066445182723,0.13002695271402334
-473.78073089700996,0.1290382000333561
-473.7607973421927,0.12793436994471066
-473.7408637873755,0.12671685482837877
-473.7209302325582,0.12538720486991883
-473.7009966777409,0.12394713065406378
-473.6810631229236,0.12239850630162705
-473.66112956810633,0.12074337325526402
-473.64119601328906,0.11898394484219744
-473.6212624584718,0.11712261176851446
-473.60132890365446,0.1151619487325103
-473.58139534883725,0.11310472238441426
-473.56146179402,0.11095390090913078
-473.5415282392027,0.1087126655693129
-473.52159468438543,0.10638442462133745
-473.5016611295681,0.10397283011017983
-473.48172757475083,0.10148179816527853
-473.46179401993356,0.09891553356438157
-473.4418604651163,0.09627855951288933
-473.421926910299,0.09357575381111541
-473.40199335548175,0.09081239286172535
-473.3820598006645,0.08799420531604162
-473.3621262458472,0.08512743758347496
-473.34219269102994,0.08221893394521174
-473.32225913621266,0.07927623462819018
-473.3023255813954,0.07630769590423823
-473.28239202657807,0.07332263705230599
-473.2624584717608,0.07033151978037527
-473.2425249169435,0.0673461662780015
-473.2225913621263,0.06438002212914046
-473.20265780730904,0.06144846925272764
-473.1827242524917,0.058569190806525756
-473.16279069767444,0.05576258287533813
-473.14285714285717,0.05305219416402825
-473.1229235880399,0.05046515130027313
-473.1029900332226,0.04803248988651229
-473.0830564784053,0.04578925819004762
-473.0631229235881,0.04377419640723647
-473.0431893687708,0.04202874058639371
-473.02325581395354,0.04059510215603411
-473.00332225913627,0.03951329916143789
-472.98338870431894,0.03881731714457448
-472.96345514950167,0.038531017475236795
-472.9435215946844,0.03866479091537185
-472.9235880398671,0.03921397903163038
-472.90365448504986,0.040159601692923534
-472.8837209302326,0.04147113750905861
-472.8637873754153,0.04311046015200547
-472.84385382059804,0.045035867610146454
-472.82392026578077,0.04720542085154793
-472.8039867109635,0.0495792572722688
-472.78405315614623,0.05212091035398346
-472.7641196013289,0.054797855323119156
-472.74418604651163,0.057581540568632274
-472.72425249169436,0.06044712499439543
-472.70431893687714,0.06337307781843382
-472.6843853820599,0.06634073890132373
-472.66445182724254,0.06933389431475064
-472.6445182724253,0.07233839346714617
-472.624584717608,0.07534181719092548
-472.60465116279073,0.07833319699491657
-472.58471760797346,0.08130278123152458
-472.56478405315613,0.08424184219678191
-472.54485049833886,0.08714251790372843
-472.52491694352165,0.0899976826960285
-472.5049833887044,0.0928008415812666
-472.4850498338871,0.09554604394122353
-472.4651162790698,0.09822781301295479
-472.4451827242525,0.10084108818447654
-472.42524916943523,0.10338117770122557
-472.40531561461796,0.10584371983705713
-472.3853820598007,0.10822465095783824
-472.3654485049834,0.11052017920839001
-472.34551495016615,0.11272676279759815
-472.3255813953489,0.1148410920522963
-472.3056478405316,0.11686007456767541
-472.28571428571433,0.11878082290797784
-472.265780730897,0.1206006444125741
-472.24584717607974,0.12231703274384066
-472.22591362126246,0.12392766087918511
-472.2059800664452,0.12543037530260856
-472.186046511628,0.1268231911944522
-472.16611295681065,0.12810428845313002
-472.1461794019934,0.12927200841148564
-472.1262458471761,0.13032485113405767
-472.10631229235884,0.13126147320110496
-472.08637873754157,0.1320806859015384
-472.06644518272424,0.13278145377049022
-472.04651162790697,0.1333628934187845
-472.0265780730897,0.13382427261131707
-472.0066445182725,0.13416500955987756
-471.9867109634552,0.13438467240323795
-471.9667774086379,0.13448297885400898
-471.9468438538206,0.1344597959976286
-471.92691029900334,0.13431514023446803
-471.90697674418607,0.13404917736126132
-471.8870431893688,0.13366222279324788
-471.8671096345515,0.13315474193366733
-471.84717607973425,0.13252735070252947
-471.827242524917,0.13178081624251256
-471.8073089700997,0.13091605782595298
-471.78737541528244,0.12993414799397113
-471.76744186046517,0.12883631396672565
-471.74750830564784,0.12762393937288247
-471.72757475083057,0.12629856635716621
-471.7076411960133,0.12486189813735721
-471.687707641196,0.12331580209720594
-471.6677740863788,0.12166231351968068
-471.6478405315615,0.1199036400867216
-471.6279069767442,0.11804216729795225
-471.60797342192694,0.11608046499305842
-471.58803986710967,0.11402129520178234
-471.5681063122924,0.1118676215940105
-471.5481727574751,0.10962262086200845
-471.5282392026578,0.10728969644095739
-471.50830564784053,0.10487249506559074
-471.4883720930233,0.10237492677494264
-471.46843853820604,0.09980118911946123
-471.4485049833887,0.09715579650203439
-471.42857142857144,0.09444361580556332
-471.4086378737542,0.09166990973456626
-471.3887043189369,0.08884038963899138
-471.36877076411963,0.08596128000731983
-471.34883720930236,0.08303939732548535
-471.32890365448503,0.08008224660600877
-471.3089700996678,0.07709813959525044
-471.28903654485055,0.07409633944003682
-471.2691029900333,0.07108723736541335
-471.249169435216,0.06808256752551095
-471.2292358803987,0.06509566632725183
-471.2093023255814,0.06214178162111859
-471.18936877076413,0.059238434206426174
-471.16943521594686,0.05640582747282768
-471.14950166112965,0.053667288180111065
-471.1295681063123,0.05104969890491786
-471.10963455149505,0.04858384666324415
-471.0897009966778,0.046304560315938444
-471.0697674418605,0.0442504455663148
-471.04983388704323,0.04246296938227776
-471.0299003322259,0.04098463845491713
-471.00996677740864,0.03985612538531594
-470.99003322259136,0.03911248007107042
-470.97009966777415,0.03877899773614173
-470.9501661129569,0.03886771785767969
-470.93023255813955,0.03937560446718978
-470.9102990033223,0.040285023822017325
-470.890365448505,0.041566352610857844
-470.87043189368774,0.04318186453890921
-470.85049833887047,0.04508981898623965
-470.83056478405314,0.047247919243245715
-470.81063122923587,0.04961575538976147
-470.79069767441865,0.052156231700984455
-470.7707641196014,0.05483618741536405
-470.7508305647841,0.05762647286816067
-470.7308970099668,0.060501708726673945
-470.7109634551495,0.06343989279332377
-470.69102990033224,0.06642195876036903
-470.67109634551497,0.06943134592266582
-470.6511627906977,0.07245360880060327
-470.6312292358804,0.07547607754934012
-470.61129568106315,0.07848757009247809
-470.5913621262459,0.08147815203220388
-470.5714285714286,0.0844389384209653
-470.55149501661134,0.08736193108491365
-470.531561461794,0.09023988556574115
-470.51162790697674,0.09306620244639588
-470.49169435215947,0.09583483860800357
-470.4717607973422,0.09854023471339862
-470.451827242525,0.10117725587724033
-470.43189368770766,0.10374114304877424
-470.4119601328904,0.1062274731035834
-470.3920265780731,0.10863212602567517
-470.37209302325584,0.1109512578729667
-470.3521594684386,0.113181278470766
-470.3322259136213,0.1153188329792541
-470.312292358804,0.11736078664329742
-470.2923588039867,0.11930421216246233
-470.2724252491695,0.12114637922356923
-470.2524916943522,0.12288474582209476
-470.23255813953494,0.12451695106614033
-470.2126245847176,0.12604080921186706
-470.19269102990035,0.12745430472330974
-470.1727574750831,0.12875558818597907
-470.1528239202658,0.12994297293305548
-470.13289036544853,0.1310149322674952
-470.11295681063126,0.13197009718327604
-470.093023255814,0.13280725450585681
-470.0730897009967,0.13352534538579877
-470.05315614617945,0.1341234640912967
-470.0332225913622,0.13460085705537714
-470.01328903654485,0.1349569221422281
-469.9933554817276,0.13519120810453222
-469.9734219269103,0.13530341421045206
-469.95348837209303,0.13529339002499002
-469.9335548172758,0.1351611353359939
-469.9136212624585,0.13490680022038726
-469.8936877076412,0.13453068525155606
-469.87375415282395,0.13403324185382853
-469.8538205980067,0.133415072815614
-469.8338870431894,0.13267693297830394
-469.81395348837214,0.13181973012444664
-469.7940199335548,0.13084452609555494
-469.77408637873754,0.1297525381778498
-469.7541528239203,0.12854514080317606
-469.73421926910305,0.12722386762312143
-469.7142857142858,0.12579041402655292
-469.69435215946845,0.12424664018577261
-469.6744186046512,0.1225945747342365
-469.6544850498339,0.12083641920002956
-469.63455149501664,0.11897455334541071
-469.61461794019937,0.11701154159432582
-469.59468438538204,0.11495014076843442
-469.5747508305648,0.11279330939994439
-469.55481727574755,0.11054421894808802
-469.5348837209303,0.10820626731902021
-469.514950166113,0.10578309517874192
-469.4950166112957,0.10327860566118677
-469.4750830564784,0.10069698821311815
-469.45514950166114,0.09804274749179082
-469.43521594684387,0.09532073844867937
-469.41528239202665,0.09253620900264739
-469.3953488372093,0.08969485204131639
-469.37541528239205,0.08680286890194723
-469.3554817275748,0.08386704698586095
-469.3355481727575,0.08089485476198777
-469.31561461794024,0.07789455811436723
-469.2956810631229,0.07487536276319327
-469.27574750830564,0.0718475882729502
-469.25581395348837,0.06882287980805984
-469.23588039867116,0.065814464014419
-469.2159468438539,0.06283745465428332
-469.19601328903656,0.059909210955987294
-469.1760797342193,0.05704974549016695
-469.156146179402,0.05428216632371325
-469.13621262458474,0.05163311683525947
-469.1162790697675,0.049133141959850114
-469.09634551495014,0.04681685905058031
-469.0764119601329,0.04472274794742319
-469.05647840531566,0.042892314939939634
-469.0365448504984,0.041368369396671226
-469.0166112956811,0.04019224524494827
-468.9966777408638,0.039400065118352076
-468.9767441860465,0.03901857189823097
-468.95681063122925,0.03906147612414965
-468.936877076412,0.03952739452871579
-468.9169435215947,0.04040007227893201
-468.89700996677743,0.04165081078225332
-468.87707641196016,0.04324229805512713
-468.8571428571429,0.045132754769160635
-468.8372093023256,0.047279514307538906
-468.81727574750835,0.0496415995109264
-468.7973421926911,0.052181262337805345
-468.77740863787375,0.054864683133245315
-468.7574750830565,0.057662093493489955
-468.7375415282392,0.06054755826780341
-468.717607973422,0.0634985895055479
-468.6976744186047,0.06649570337270903
-468.6777408637874,0.0695219835735263
-468.6578073089701,0.07256268300198927
-468.63787375415285,0.07560487604001487
-468.6179401993356,0.07863716320279891
-468.5980066445183,0.0816494244908366
-468.578073089701,0.08463261559512993
-468.5581395348837,0.08757860058597833
-468.5382059800665,0.09048001504178337
-468.5182724252492,0.09333015426004802
-468.49833887043195,0.09612288198013091
-468.4784053156146,0.09885255580879906
-468.45847176079735,0.10151396621955201
-468.4385382059801,0.10410228657806149
-468.4186046511628,0.10661303212968648
-468.39867109634554,0.10904202628165599
-468.37873754152827,0.11138537283359239
-468.358803986711,0.1136394330693836
-468.3388704318937,0.11580080683117298
-468.31893687707645,0.1178663168633974
-468.2990033222592,0.1198329958484958
-468.2790697674419,0.12169807566351355
-468.2591362126246,0.12345897847320328
-468.2392026578073,0.12511330934502152
-468.21926910299004,0.1266588501276859
-468.1993355481728,0.12809355438080178
-468.17940199335555,0.12941554318017395
-468.1594684385382,0.13062310165388494
-468.13953488372096,0.1317146761293309
-468.1196013289037,0.13268887179186836
-468.0996677740864,0.13354445077293595
-468.07973421926914,0.1342803305998618
-468.0598006644518,0.13489558295155063
-468.03986710963454,0.13538943267456469
-468.0199335548173,0.13576125702288802
-468.00000000000006,0.13601058509236705
-467.9800664451828,0.13613709742762656
-467.96013289036546,0.136140625785422
-467.9401993355482,0.13602115304403428
-467.9202657807309,0.135778813253729
-467.90033222591364,0.13541389182851885
-467.8803986710964,0.13492682588471377
-467.86046511627904,0.13431820473716238
-467.84053156146183,0.13358877056977028
-467.82059800664456,0.1327394193031897
-467.8006644518273,0.13177120168927725
-467.78073089701,0.13068532467000754
-467.7607973421927,0.12948315304717106
-467.7408637873754,0.1281662115198402
-467.72093023255815,0.1267361871588217
-467.7009966777409,0.1251949324018236
-467.68106312292366,0.12354446867066562
-467.66112956810633,0.12178699073279506
-467.64119601328906,0.1199248719550764
-467.6212624584718,0.11796067062870268
-467.6013289036545,0.11589713758236386
-467.58139534883725,0.11373722534742468
-467.5614617940199,0.11148409919663244
-467.54152823920265,0.10914115044921265
-467.5215946843854,0.1067120125237635
-467.50166112956816,0.10420058033043637
-467.4817275747509,0.1016110337312607
-467.46179401993356,0.09894786596826713
-467.4418604651163,0.09621591817269452
-467.421926910299,0.09342042133395585
-467.40199335548175,0.09056704743675717
-467.3820598006645,0.08766197188097358
-467.3621262458472,0.08471194979494755
-467.3421926910299,0.08172440944783008
-467.32225913621266,0.0787075666619058
-467.3023255813954,0.07567056490193012
-467.2823920265781,0.07262364651642705
-467.26245847176085,0.0695783612899529
-467.2425249169435,0.06654781876425278
-467.22259136212625,0.0635469901916107
-467.202657807309,0.06059306359992312
-467.1827242524917,0.057705849779531956
-467.1627906976745,0.0549082257064397
-467.14285714285717,0.052226581671327384
-467.1229235880399,0.04969120520564206
-467.1029900332226,0.047336485713839846
-467.08305647840535,0.04520076046693375
-467.0631229235881,0.04332555999805629
-467.04318936877075,0.04175398652411431
-467.0232558139535,0.040528036606509756
-467.0033222591362,0.03968492574679133
-466.983388704319,0.03925289042405724
-466.9634551495017,0.039247385818205194
-466.9435215946844,0.03966877536327376
-466.9235880398671,0.04050228176019155
-466.90365448504986,0.041720215919872905
-466.8837209302326,0.043285737649480314
-466.8637873754153,0.04515705484671173
-466.84385382059804,0.04729112938924359
-466.8239202657807,0.04964639604217292
-466.8039867109635,0.052184423075730534
-466.78405315614623,0.05487069693368494
-466.76411960132896,0.05767479632748237
-466.7441860465117,0.06057019942798291
-466.72425249169436,0.06353390592675877
-466.7043189368771,0.06654599221138657
-466.6843853820598,0.06958916814236112
-466.66445182724254,0.07264837019582118
-466.64451827242533,0.07571040507959026
-466.624584717608,0.07876364635946584
-466.60465116279073,0.08179778079272454
-466.58471760797346,0.08480359858319009
-466.5647840531562,0.08777282112329728
-466.5448504983389,0.09069796005990036
-466.5249169435216,0.09357220219221274
-466.5049833887043,0.09638931550391652
-466.48504983388705,0.09914357240757343
-466.46511627906983,0.10182968697647173
-466.44518272425256,0.10444276353661128
-466.42524916943523,0.1069782544902663
-466.40531561461796,0.10943192565107006
-466.3853820598007,0.11179982770241688
-466.3654485049834,0.11407827265833707
-466.34551495016615,0.11626381442072671
-466.3255813953488,0.11835323269913851
-466.30564784053155,0.12034351969758877
-466.28571428571433,0.12223186908352474
-466.26578073089706,0.12401566684350526
-466.2458471760798,0.1256924837018485
-466.22591362126246,0.1272600688366618
-466.2059800664452,0.12871634467473062
-466.1860465116279,0.1300594025850816
-466.16611295681065,0.13128749932236025
-466.1461794019934,0.13239905409684907
-466.12624584717605,0.13339264616910743
-466.10631229235884,0.13426701288495962
-466.08637873754157,0.1350210480809916
-466.0664451827243,0.13565380080337747
-466.046511627907,0.13616447429305104
-466.0265780730897,0.13655242519950578
-466.0066445182724,0.1368171629931991
-465.98671096345515,0.13695834955353536
-465.9667774086379,0.1369757989156162
-465.94684385382067,0.1368694771647507
-465.92691029900334,0.1366395024731058
-465.90697674418607,0.136286145278192
-465.8870431893688,0.13580982860811977
-465.8671096345515,0.13521112856399606
-465.84717607973425,0.13449077497552442
-465.827242524917,0.13364965225210818
-465.80730897009965,0.13268880045847825
-465.7873754152824,0.1316094166518499
-465.76744186046517,0.1304128565261562
-465.7475083056479,0.12910063641954259
-465.7275747508306,0.12767443575322945
-465.7076411960133,0.12613609998433375
-465.687707641196,0.12448764417249493
-465.66777408637876,0.12273125728088086
-465.6478405315615,0.12086930735725823
-465.6279069767442,0.118904347771611
-465.6079734219269,0.11683912472392541
-465.58803986710967,0.11467658628223261
-465.5681063122924,0.11241989326718581
-465.54817275747513,0.1100724323700646
-465.52823920265786,0.10763783197787856
-465.50830564784053,0.10511998128740478
-465.48837209302326,0.10252305342491032
-465.468438538206,0.09985153345627201
-465.4485049833887,0.09711025238170645
-465.4285714285715,0.09430442847041698
-465.4086378737542,0.09143971761432153
-465.3887043189369,0.08852227477979979
-465.36877076411963,0.08555882912507998
-465.34883720930236,0.08255677593823245
-465.3289036544851,0.07952428923982734
-465.3089700996678,0.07647045966810333
-465.2890365448505,0.07340546306948044
-465.2691029900332,0.07034076592810634
-465.249169435216,0.06728937412991615
-465.22923588039873,0.0642661310912418
-465.20930232558146,0.06128806913905456
-465.18936877076413,0.05837481278225079
-465.16943521594686,0.05554902190914794
-465.1495016611296,0.052836843747570056
-465.1295681063123,0.0502683106503193
-465.10963455149505,0.04787757309145364
-465.0897009966777,0.045702794764997785
-465.0697674418605,0.043785472281731255
-465.04983388704323,0.04216891052339007
-465.02990033222596,0.040895647989766
-465.0099667774087,0.04000385387229379
-464.99003322259136,0.03952312405902185
-464.9700996677741,0.03947055840429517
-464.9501661129568,0.0398482246754415
-464.93023255813955,0.04064284495717928
-464.91029900332234,0.04182781331815431
-464.890365448505,0.04336686302301285
-464.87043189368774,0.04521829493520875
-464.85049833887047,0.047338792731222434
-464.8305647840532,0.049686276514529705
-464.8106312292359,0.052221683732483155
-464.7906976744186,0.054909842187346465
-464.7707641196013,0.057719699448407887
-464.75083056478405,0.0606241591091702
-464.73089700996684,0.063599714094947
-464.71096345514957,0.066626002412022
-464.69102990033224,0.06968535889704411
-464.67109634551497,0.07276240093667238
-464.6511627906977,0.07584366410823837
-464.6312292358804,0.07891729123422783
-464.61129568106315,0.08197277197191888
-464.5913621262458,0.08500072728017033
-464.57142857142856,0.08799273230453876
-464.55149501661134,0.0909411714243348
-464.53156146179407,0.09383911985377219
-464.5116279069768,0.09668024698295333
-464.49169435215947,0.09945873743105248
-464.4717607973422,0.10216922649541613
-464.4518272425249,0.10480674729280752
-464.43189368770766,0.10736668740091886
-464.4119601328904,0.10984475322888859
-464.3920265780731,0.11223694068705949
-464.37209302325584,0.11453951100157878
-464.3521594684386,0.11674897074100805
-464.3322259136213,0.11886205529941406
-464.31229235880403,0.12087571522305876
-464.29235880398676,0.12278710488181489
-464.27242524916943,0.12459357307860622
-464.25249169435216,0.1262926552639108
-464.2325581395349,0.1278820670823446
-464.2126245847177,0.12935969902674196
-464.1926910299004,0.1307236120146459
-464.1727574750831,0.13197203373419025
-464.1528239202658,0.13310335563296063
-464.13289036544853,0.13411613044501183
-464.11295681063126,0.13500907016942382
-464.093023255814,0.135781044428734
-464.07308970099666,0.1364310791483467
-464.0531561461794,0.13695835550869115
-464.0332225913622,0.137362209131129
-464.0132890365449,0.1376421294666984
-463.99335548172763,0.13779775936372665
-463.9734219269103,0.13782889479679739
-463.95348837209303,0.13773548474534514
-463.93355481727576,0.13751763121567798
-463.9136212624585,0.13717558940551114
-463.8936877076412,0.1367097680154316
-463.87375415282395,0.13612072971712694
-463.8538205980067,0.1354091917938802
-463.8338870431894,0.1345760269750844
-463.81395348837214,0.13362226449326708
-463.79401993355486,0.13254909139978507
-463.7740863787376,0.13135785418424967
-463.75415282392026,0.13005006075283868
-463.734219269103,0.12862738283268044
-463.7142857142857,0.12709165888376422
-463.6943521594685,0.12544489761678757
-463.67441860465124,0.12368928223583842
-463.6544850498339,0.12182717554963979
-463.63455149501664,0.11986112612517662
-463.61461794019937,0.11779387569447673
-463.5946843853821,0.11562836807055182
-463.5747508305648,0.11336775988434156
-463.5548172757475,0.11101543352351771
-463.5348837209302,0.10857501273941159
-463.514950166113,0.10605038149496498
-463.49501661129574,0.10344570675874022
-463.47508305647847,0.10076546611542969
-463.45514950166114,0.09801448126908972
-463.43521594684387,0.09519795877199665
-463.4152823920266,0.09232153963058287
-463.3953488372093,0.08939135983343259
-463.37541528239205,0.0864141243277764
-463.3554817275747,0.08339719755149541
-463.3355481727575,0.08034871430991841
-463.31561461794024,0.07727771555867341
-463.29568106312297,0.07419431446468712
-463.2757475083057,0.0711098988526559
-463.25581395348837,0.06803737656446178
-463.2358803986711,0.06499146991284015
-463.2159468438538,0.061989063492343004
-463.19601328903656,0.05904960475665012
-463.17607973421934,0.05619554681657807
-463.156146179402,0.053452804703868526
-463.13621262458474,0.050851165919014736
-463.1162790697675,0.04842454988766163
-463.0963455149502,0.04621094932127687
-463.07641196013293,0.04425182066255031
-463.0564784053156,0.04259065306330103
-463.03654485049833,0.041270495234672966
-463.01661129568106,0.04033042825298435
-462.99667774086384,0.039801364336437474
-462.9767441860466,0.03970201589490375
-462.95681063122925,0.04003614402715039
-462.936877076412,0.04079198281783576
-462.9169435215947,0.04194403937074801
-462.89700996677743,0.04345665643385861
-462.87707641196016,0.045288259959429096
-462.8571428571429,0.047395278113702886
-462.83720930232556,0.049735128661357146
-462.81727574750835,0.052268122041896875
-462.7973421926911,0.05495842549444222
-462.7774086378738,0.05777435031169868
-462.75747508305653,0.06068821900532748
-462.7375415282392,0.063676011015492
-462.71760797342193,0.06671691966261574
-462.69767441860466,0.06979289915018995
-462.6777408637874,0.07288824293749417
-462.6578073089701,0.07598921137288944
-462.63787375415285,0.07908371309588087
-462.6179401993356,0.08216103778688166
-462.5980066445183,0.08521163475166504
-462.57807308970104,0.08822693086506546
-462.55813953488376,0.09119918152703922
-462.53820598006644,0.09412134890699511
-462.51827242524917,0.0969870025445975
-462.4983388704319,0.09979023817217092
-462.4784053156147,0.10252561134934043
-462.4584717607974,0.10518808312810352
-462.4385382059801,0.10777297549212524
-462.4186046511628,0.1102759347465161
-462.39867109634554,0.11269290138599901
-462.37873754152827,0.11502008525302321
-462.358803986711,0.11725394502539377
-462.3388704318937,0.11939117125602872
-462.3189368770764,0.12142867233412151
-462.2990033222592,0.12336356285466078
-462.2790697674419,0.12519315397805772
-462.25913621262464,0.12691494543751225
-462.23920265780737,0.12852661891376033
-462.21926910299004,0.13002603254630513
-462.19933554817277,0.13141121639104555
-462.1794019933555,0.13268036866721644
-462.1594684385382,0.13383185266374947
-462.13953488372096,0.1348641941975034
-462.1196013289037,0.1357760795342762
-462.0996677740864,0.1365663536991831
-462.07973421926914,0.13723401911563177
-462.05980066445187,0.13777823452347807
-462.0398671096346,0.1381983141360549
-462.01993355481727,0.13849372700418622
-462.0,0.1386640965623447
-461.98006644518273,0.13870920033860695
-461.9601328903655,0.13862896981605186
-461.94019933554824,0.1384234904386906
-461.9202657807309,0.1380930017604443
-461.90033222591364,0.13763789774105398
-461.8803986710964,0.13705872719808312
-461.8604651162791,0.13635619443006405
-461.84053156146183,0.1355311600318417
-461.8205980066445,0.13458464193001107
-461.80066445182723,0.13351781667389753
-461.78073089701,0.13233202102631275
-461.76079734219275,0.1310287539083256
-461.7408637873755,0.12960967876419516
-461.72093023255815,0.12807662642660445
-461.7009966777409,0.12643159857911596
-461.6810631229236,0.12467677193296103
-461.66112956810633,0.12281450325954409
-461.64119601328906,0.12084733544996659
-461.62126245847173,0.11877800480883276
-461.6013289036545,0.11660944983440077
-461.58139534883725,0.11434482179175422
-461.56146179402,0.11198749745354288
-461.5415282392027,0.10954109446686548
-461.5215946843854,0.10700948990923577
-461.5016611295681,0.10439684272662138
-461.48172757475083,0.10170762090868876
-461.46179401993356,0.09894663445865716
-461.44186046511635,0.09611907546701341
-461.421926910299,0.09323056691158282
-461.40199335548175,0.09028722219348542
-461.3820598006645,0.08729571789290676
-461.3621262458472,0.08426338280159283
-461.34219269102994,0.0811983069657221
-461.32225913621266,0.07810947524213335
-461.30232558139534,0.07500693068916413
-461.28239202657807,0.07190197387429174
-461.26245847176085,0.06880740466159073
-461.2425249169436,0.06573781282022087
-461.2225913621263,0.06270992210773821
-461.202657807309,0.05974298803346907
-461.1827242524917,0.05685924021853465
-461.16279069767444,0.054084343076832735
-461.14285714285717,0.05144781950400014
-461.1229235880399,0.048983337620973295
-461.10299003322257,0.04672869996073774
-461.08305647840535,0.044725307387309884
-461.0631229235881,0.04301682609298089
-461.0431893687708,0.04164682233020342
-461.02325581395354,0.04065531874716697
-461.0033222591362,0.040074602817168424
-460.98338870431894,0.03992508940869287
-460.96345514950167,0.04021234632198607
-460.9435215946844,0.04092623942923149
-460.9235880398671,0.04204249398504036
-460.90365448504986,0.04352613594618867
-460.8837209302326,0.04533575205116847
-460.8637873754153,0.047427516062300855
-460.84385382059804,0.04975831931901483
-460.82392026578077,0.05228780662504212
-460.8039867109635,0.054979440352731924
-460.7840531561462,0.057800851562489944
-460.7641196013289,0.060723741473394266
-460.7441860465117,0.06372354105283198
-460.7242524916944,0.06677896945367359
-460.70431893687714,0.06987157591152873
-460.6843853820598,0.07298531013056933
-460.66445182724254,0.07610614119756215
-460.6445182724253,0.07922173065495958
-460.624584717608,0.08232115781582121
-460.60465116279073,0.08539469196536126
-460.5847176079734,0.08843360495325096
-460.5647840531562,0.09143001772843642
-460.5448504983389,0.09437677496338975
-460.52491694352165,0.09726734270616849
-460.5049833887044,0.10009572480724399
-460.48504983388705,0.10285639460976112
-460.4651162790698,0.10554423903595572
-460.4451827242525,0.10815451274318577
-460.42524916943523,0.11068280046900487
-460.40531561461796,0.1131249860469627
-460.3853820598007,0.11547722686783134
-460.3654485049834,0.1177359327961662
-460.34551495016615,0.11989774874107485
-460.3255813953489,0.12195954023132068
-460.3056478405316,0.12391838146650704
-460.2857142857143,0.12577154541361185
-460.265780730897,0.12751649559671552
-460.24584717607974,0.12915087929129931
-460.2259136212625,0.13067252188579156
-460.20598006644525,0.13207942221487376
-460.1860465116279,0.13336974870306692
-460.16611295681065,0.13454183618516372
-460.1461794019934,0.13559418329287054
-460.1262458471761,0.13652545031630722
-460.10631229235884,0.13733445746460893
-460.0863787375415,0.13802018346346254
-460.06644518272424,0.13858176443842216
-460.046511627907,0.1390184930426802
-460.02657807308975,0.13932981779622156
-460.0066445182725,0.13951534261062826
-459.98671096345515,0.13957482648050462
-459.9667774086379,0.13950818332822632
-459.9468438538206,0.13931548199468355
-459.92691029900334,0.13899694637384283
-459.90697674418607,0.13855295569438042
-459.8870431893688,0.13798404495713984
-459.8671096345515,0.13729090554278106
-459.84717607973425,0.13647438601021183
-459.827242524917,0.13553549311294572
-459.8073089700997,0.13447539306834297
-459.78737541528244,0.13329541312309573
-459.7674418604651,0.1319970434683748
-459.74750830564784,0.13058193956984515
-459.72757475083057,0.12905192499141366
-459.70764119601336,0.1274089948083861
-459.6877076411961,0.12565531972529814
-459.66777408637876,0.12379325103792163
-459.6478405315615,0.12182532660812118
-459.6279069767442,0.11975427805584697
-459.60797342192694,0.11758303941650146
-459.58803986710967,0.11531475756565358
-459.56810631229234,0.11295280477983793
-459.5481727574751,0.11050079388471279
-459.52823920265786,0.10796259654434626
-459.5083056478406,0.10534236537334599
-459.4883720930233,0.10264456071257663
-459.468438538206,0.09987398310809169
-459.4485049833887,0.09703581278026821
-459.42857142857144,0.09413565767809243
-459.4086378737542,0.0911796120941948
-459.3887043189369,0.08817432828349062
-459.36877076411963,0.08512710409376037
-459.34883720930236,0.08204599028627026
-459.3289036544851,0.0789399219901943
-459.3089700996678,0.075818879556708
-459.28903654485055,0.07269408485933188
-459.2691029900333,0.06957823961877303
-459.24916943521595,0.06648581221526463
-459.2292358803987,0.0634333779680374
-459.2093023255814,0.060440013775910226
-459.18936877076413,0.05752773933157726
-459.1694352159469,0.05472198087373717
-459.1495016611296,0.05205200572768857
-459.1295681063123,0.049551232797350346
-459.10963455149505,0.04725726466702857
-459.0897009966778,0.04521141913301589
-459.0697674418605,0.04345748888233433
-459.0498338870432,0.04203948214450258
-459.0299003322259,0.040998267627509556
-459.0099667774087,0.04036740698319103
-458.9900332225914,0.04016893236479546
-458.97009966777415,0.04041016968698688
-458.9501661129568,0.04108261482259866
-458.93023255813955,0.0421632513142577
-458.9102990033223,0.04361785426313274
-458.890365448505,0.04540524426433516
-458.87043189368774,0.0474814068711877
-458.8504983388704,0.04980275939389167
-458.8305647840532,0.05232831844023237
-458.8106312292359,0.055020866038123936
-458.79069767441865,0.05784736772856628
-458.7707641196014,0.06077891131359683
-458.75083056478405,0.06379038269316428
-458.7308970099668,0.06686002749163594
-458.7109634551495,0.06996898899892391
-458.69102990033224,0.0731008713099335
-458.67109634551497,0.0762413499789107
-458.6511627906977,0.07937783703871959
-458.6312292358804,0.08249919903903398
-458.61129568106315,0.08559552295040038
-458.5913621262459,0.08865792344649676
-458.5714285714286,0.09167838503322331
-458.5514950166113,0.09464963305348455
-458.531561461794,0.09756502838316194
-458.51162790697674,0.10041848145104826
-458.4916943521595,0.10320438197194996
-458.47176079734226,0.10591754144137992
-458.4518272425249,0.10855314599602728
-458.43189368770766,0.11110671770258165
-458.4119601328904,0.11357408271079956
-458.3920265780731,0.11595134500858607
-458.37209302325584,0.11823486475926855
-458.3521594684386,0.12042124039607811
-458.33222591362124,0.12250729380487793
-458.31229235880403,0.1244900580513551
-458.29235880398676,0.12636676720959467
-458.2724252491695,0.1281348479297808
-458.2524916943522,0.12979191244824345
-458.2325581395349,0.131335752795937
-458.2126245847176,0.1327643360043995
-458.19269102990035,0.13407580014330533
-458.1727574750831,0.13526845105251475
-458.1528239202658,0.13634075965497744
-458.13289036544853,0.13729135975661255
-458.11295681063126,0.13811904625539406
-458.093023255814,0.1388227736955907
-458.0730897009967,0.1394016551146588
-458.05315614617945,0.13985496114015322
-458.0332225913621,0.14018211930246988
-458.01328903654485,0.14038271353682702
-457.9933554817276,0.140456483854546
-457.97342192691036,0.14040332616968362
-457.9534883720931,0.14022329227299374
-457.93355481727576,0.13991658995035927
-457.9136212624585,0.13948358324845822
-457.8936877076412,0.1389247928958094
-457.87375415282395,0.13824089689293537
-457.8538205980067,0.13743273129166325
-457.8338870431894,0.13650129119015564
-457.8139534883721,0.13544773197778132
-457.79401993355486,0.13427337087248314
-457.7740863787376,0.13297968880322636
-457.7541528239203,0.1315683327015476
-457.73421926910305,0.13004111828006543
-457.7142857142857,0.12840003339194442
-457.69435215946845,0.12664724208505063
-457.6744186046512,0.12478508948808337
-457.6544850498339,0.12281610769478991
-457.63455149501664,0.1207430228475159
-457.61461794019937,0.11856876366432662
-457.5946843853821,0.11629647170703881
-457.5747508305648,0.11392951375293002
-457.55481727574755,0.11147149671401109
-457.5348837209303,0.10892628564865231
-457.51495016611295,0.10629802553573596
-457.4950166112957,0.10359116763803108
-457.4750830564784,0.10081050147672123
-457.45514950166114,0.09796119368228914
-457.4352159468439,0.09504883528969092
-457.4152823920266,0.09207949942062074
-457.3953488372093,0.08905981175620496
-457.37541528239205,0.0859970367621174
-457.3554817275748,0.08289918329218879
-457.3355481727575,0.07977513395976223
-457.3156146179402,0.0766348034939979
-457.2956810631229,0.07348933210099054
-457.2757475083057,0.07035132043456534
-457.2558139534884,0.06723511277517828
-457.23588039867116,0.0641571337367325
-457.2159468438538,0.06113628009574813
-457.19601328903656,0.058194361253671
-457.1760797342193,0.0553565665181274
-457.156146179402,0.05265191096597813
-457.13621262458474,0.05011357007483711
-457.1162790697674,0.047778954936239806
-457.0963455149502,0.04568931133703129
-457.07641196013293,0.04388857192388768
-457.05647840531566,0.042421202890495724
-457.0365448504984,0.041328938575299685
-457.01661129568106,0.040646640148954125
-456.9966777408638,0.04039799028575051
-456.9767441860465,0.0405921136684738
-456.95681063122925,0.04122217915286485
-456.936877076412,0.04226646518489931
-456.9169435215947,0.04369151797153933
-456.89700996677743,0.04545639538211138
-456.87707641196016,0.04751688122571182
-456.8571428571429,0.04982889352719668
-456.8372093023256,0.05235078983035822
-456.81727574750835,0.05504464035712763
-456.797342192691,0.057876716283933614
-456.77740863787375,0.060817467318756376
-456.75747508305653,0.06384121417145051
-456.73754152823926,0.06692571308533843
-456.717607973422,0.07005168923335182
-456.69767441860466,0.07320239194234955
-456.6777408637874,0.07636319645689084
-456.6578073089701,0.07952126036164758
-456.63787375415285,0.08266523389940124
-456.6179401993356,0.08578501922757346
-456.59800664451825,0.08887157212023815
-456.57807308970104,0.09191673948590173
-456.55813953488376,0.09491312659824228
-456.5382059800665,0.0978539887204886
-456.5182724252492,0.10073314263291624
-456.4983388704319,0.10354489434553851
-456.4784053156146,0.106283979954758
-456.45847176079735,0.10894551717436532
-456.4385382059801,0.11152496554359723
-456.4186046511628,0.11401809369988197
-456.39867109634554,0.11642095241525842
-456.37873754152827,0.11872985234567304
-456.358803986711,0.1209413456433167
-456.3388704318937,0.12305221074310652
-456.31893687707645,0.1250594397636431
-456.2990033222592,0.12696022806661772
-456.27906976744185,0.1287519656021048
-456.2591362126246,0.1304322297346598
-456.23920265780737,0.13199877929933532
-456.2192691029901,0.13344954968128991
-456.1993355481728,0.1347826487485411
-456.1794019933555,0.1359963534969538
-456.1594684385382,0.1370891072909258
-456.13953488372096,0.13805951760321528
-456.1196013289037,0.13890635417410874
-456.0996677740864,0.13962854752411075
-456.0797342192691,0.1402251877661413
-456.05980066445187,0.14069552367334473
-456.0398671096346,0.14103896196731713
-456.0199335548173,0.14125506679915537
-456.00000000000006,0.14134355940257334
-455.98006644518273,0.14130431790452028
-455.96013289036546,0.14113737728449172
-455.9401993355482,0.1408429294791775
-455.9202657807309,0.14042132363461857
-455.90033222591364,0.13987306651340628
-455.8803986710964,0.13919882307026452
-455.8604651162791,0.1383994172152792
-455.84053156146183,0.13747583279092976
-455.82059800664456,0.13642921479628328
-455.8006644518273,0.13526087090034494
-455.78073089700996,0.13397227329626685
-455.7607973421927,0.13256506095950957
-455.7408637873754,0.1310410423866617
-455.72093023255815,0.12940219890758214
-455.70099667774093,0.12765068868294852
-455.6810631229236,0.12578885152252497
-455.66112956810633,0.12381921468786268
-455.64119601328906,0.12174449987768428
-455.6212624584718,0.11956763163653143
-455.6013289036545,0.11729174747944954
-455.5813953488372,0.11492021008982797
-455.5614617940199,0.11245662202718747
-455.5415282392027,0.10990484348084445
-455.52159468438543,0.10726901372855001
-455.50166112956816,0.10455357711288306
-455.48172757475083,0.10176331453990359
-455.46179401993356,0.09890338174346655
-455.4418604651163,0.09597935585609045
-455.421926910299,0.09299729219563838
-455.40199335548175,0.08996379363032611
-455.3820598006645,0.08688609543522773
-455.3621262458472,0.08377216920970189
-455.34219269102994,0.08063085018288751
-455.32225913621266,0.0774719930630594
-455.3023255813954,0.07430666240352436
-455.2823920265781,0.0711473640839513
-455.2624584717608,0.06800832459059912
-455.2425249169435,0.06490582367876158
-455.22259136212625,0.061858582600349855
-455.202657807309,0.05888820255009502
-455.18272425249177,0.05601963354067624
-455.16279069767444,0.053281628772383294
-455.14285714285717,0.050707099578245506
-455.1229235880399,0.04833322906565516
-455.1029900332226,0.04620113399339493
-455.08305647840535,0.04435480644187579
-455.063122923588,0.04283906839440134
-455.04318936877075,0.041696406167869016
-455.02325581395354,0.04096287529085624
-455.00332225913627,0.04066373833956188
-454.983388704319,0.04080990501875992
-454.96345514950167,0.04139626763252792
-454.9435215946844,0.04240250191470612
-454.9235880398671,0.043796053567155935
-454.90365448504986,0.045536344664664025
-454.8837209302326,0.04757906348050012
-454.8637873754153,0.049879706148487093
-454.84385382059804,0.052396020393175084
-454.82392026578077,0.05508939096981846
-454.8039867109635,0.05792540455742484
-454.78405315614623,0.06087387191255083
-454.76411960132896,0.06390854136897225
-454.74418604651163,0.06700666932111414
-454.72425249169436,0.07014855103659039
-454.7043189368771,0.07331706914705487
-454.6843853820598,0.07649728718176223
-454.6644518272426,0.0796760977229928
-454.6445182724253,0.08284192513370259
-454.624584717608,0.08598447818108385
-454.60465116279073,0.08909454611075478
-454.58471760797346,0.09216383147563313
-454.5647840531562,0.09518481350374113
-454.54485049833886,0.09815063656164968
-454.5249169435216,0.10105501910501785
-454.5049833887043,0.1038921792938933
-454.4850498338871,0.10665677414279304
-454.46511627906983,0.10934384966205167
-454.4451827242525,0.11194879993274967
-454.42524916943523,0.11446733345382426
-454.40531561461796,0.11689544542078557
-454.3853820598007,0.11922939485347034
-454.3654485049834,0.12146568569732251
-454.3455149501661,0.12360105118884579
-454.3255813953489,0.1256324409089198
-454.3056478405316,0.1275570100546564
-454.28571428571433,0.12937211054647124
-454.26578073089706,0.13107528365642174
-454.24584717607974,0.1326642538999714
-454.22591362126246,0.13413692397894658
-454.2059800664452,0.13549137060048697
-454.1860465116279,0.13672584102724822
-454.16611295681065,0.1378387502390244
-454.1461794019934,0.13882867860657153
-454.1262458471761,0.13969436999566293
-454.10631229235884,0.1404347302336172
-454.08637873754157,0.14104882588276235
-454.0664451827243,0.14153588327562402
-454.04651162790697,0.14189528777541988
-454.0265780730897,0.14212658323343544
-454.0066445182724,0.1422294716215197
-453.98671096345515,0.14220381282447211
-453.96677740863794,0.1420496245827948
-453.9468438538206,0.1417670825818668
-453.92691029900334,0.14135652068906665
-453.90697674418607,0.14081843134590474
-453.8870431893688,0.14015346612782806
-453.8671096345515,0.1393624364905771
-453.84717607973425,0.13844631472840813
-453.8272425249169,0.13740623517718734
-453.8073089700997,0.13624349570339336
-453.78737541528244,0.13495955953006936
-453.76744186046517,0.13355605746189675
-453.7475083056479,0.1320347905849316
-453.72757475083057,0.13039773353250136
-453.7076411960133,0.12864703842773223
-453.687707641196,0.12678503963620333
-453.66777408637876,0.12481425949022491
-453.6478405315615,0.12273741518014791
-453.6279069767442,0.12055742705001975
-453.60797342192694,0.11827742858603611
-453.58803986710967,0.11590077844981228
-453.5681063122924,0.1134310749867844
-453.54817275747513,0.11087217373755952
-453.5282392026578,0.10822820860135152
-453.50830564784053,0.10550361745170693
-453.48837209302326,0.10270317319337312
-453.468438538206,0.0998320214843105
-453.4485049833888,0.0968957266396997
-453.42857142857144,0.09390032759770016
-453.4086378737542,0.09085240627381136
-453.3887043189369,0.08775917117485556
-453.36877076411963,0.08462855979374406
-453.34883720930236,0.08146936406070399
-453.3289036544851,0.07829138395770571
-453.30897009966776,0.07510561523603308
-453.28903654485055,0.07192447784419857
-453.2691029900333,0.06876209184565378
-453.249169435216,0.0656346066736746
-453.22923588039873,0.06256058647127197
-453.2093023255814,0.059561447242571564
-453.18936877076413,0.05666192790028745
-453.16943521594686,0.05389055330297378
-453.1495016611296,0.051280008820020144
-453.1295681063123,0.04886729026359968
-453.10963455149505,0.04669342437916848
-453.0897009966778,0.04480249355943644
-453.0697674418605,0.04323969031603234
-453.04983388704323,0.04204824423405833
-453.02990033222596,0.04126536984344228
-453.00996677740864,0.04091785134255682
-452.99003322259136,0.041018312598052886
-452.9700996677741,0.041563298744896955
-452.9501661129568,0.042533822369489514
-452.9302325581396,0.043898182666594794
-452.9102990033223,0.04561613381624508
-452.890365448505,0.04764324767535906
-452.87043189368774,0.0499345860248918
-452.85049833887047,0.05244728054189301
-452.8305647840532,0.05514202890429408
-452.81063122923587,0.05798373503724743
-452.7906976744186,0.06094157480271857
-452.7707641196013,0.06398872967184627
-452.7508305647841,0.06710196248332817
-452.73089700996684,0.07026114516817081
-452.7109634551495,0.07344880015531845
-452.69102990033224,0.07664968544770363
-452.67109634551497,0.07985043437773943
-452.6511627906977,0.08303925067940143
-452.6312292358804,0.08620565445940942
-452.6112956810631,0.08934027265340423
-452.5913621262459,0.09243466719320426
-452.5714285714286,0.09548119454828034
-452.55149501661134,0.09847289106874589
-452.53156146179407,0.10140337939988542
-452.51162790697674,0.10426679203958544
-452.49169435215947,0.10705770881860822
-452.4717607973422,0.10977110568592101
-452.4518272425249,0.11240231268074538
-452.43189368770766,0.11494697938101449
-452.4119601328904,0.11740104644830789
-452.3920265780731,0.11976072215502354
-452.37209302325584,0.12202246299312731
-452.3521594684386,0.12418295763471551
-452.3322259136213,0.12623911365183585
-452.31229235880403,0.1281880465131533
-452.2923588039867,0.13002707046355177
-452.27242524916943,0.13175369096414685
-452.25249169435216,0.13336559842796947
-452.23255813953494,0.13486066303339292
-452.2126245847177,0.13623693043551954
-452.19269102990035,0.1374926182269405
-452.1727574750831,0.13862611302496755
-452.1528239202658,0.1396359680834799
-452.13289036544853,0.1405209013452541
-452.11295681063126,0.14127979386527534
-452.09302325581393,0.14191168854788083
-452.0730897009967,0.14241578915131162
-452.05315614617945,0.14279145952212743
-452.0332225913622,0.14303822303001187
-452.0132890365449,0.14315576218056186
-451.9933554817276,0.14314391838989027
-451.9734219269103,0.1430026919109282
-451.95348837209303,0.1427322419068947
-451.93355481727576,0.1423328866727711
-451.9136212624585,0.14180510401136406
-451.8936877076412,0.1411495317759573
-451.87375415282395,0.14036696859787656
-451.8538205980067,0.13945837482369167
-451.8338870431894,0.1384248736942246
-451.81395348837214,0.13726775280583534
-451.79401993355486,0.13598846590401625
-451.77408637873754,0.13458863507042285
-451.75415282392026,0.13307005337789513
-451.734219269103,0.13143468810330222
-451.7142857142858,0.12968468460721896
-451.6943521594685,0.12782237101176816
-451.6744186046512,0.1258502638356872
-451.6544850498339,0.12377107477903508
-451.63455149501664,0.12158771889109776
-451.61461794019937,0.11930332440544567
-451.5946843853821,0.11692124458844218
-451.57475083056477,0.11444507202456977
-451.55481727574755,0.11187865585766356
-451.5348837209303,0.10922612262641594
-451.514950166113,0.10649190148085298
-451.49501661129574,0.10368075475196857
-451.4750830564784,0.10079781507785682
-451.45514950166114,0.09784863057763385
-451.43521594684387,0.09483921992178995
-451.4152823920266,0.09177613958845593
-451.3953488372093,0.08866656613231377
-451.37541528239205,0.08551839693750608
-451.3554817275748,0.0823403736769091
-451.3355481727575,0.07914223353514885
-451.31561461794024,0.07593489410331462
-451.29568106312297,0.07273067856512667
-451.27574750830564,0.06954358805925184
-451.25581395348837,0.06638962734716146
-451.2358803986711,0.06328718713117376
-451.2159468438538,0.06025747987540963
-451.1960132890366,0.05732501317492804
-451.1760797342193,0.05451806193036528
-451.156146179402,0.05186906352926751
-451.13621262458474,0.04941480589218295
-451.1162790697675,0.0471962096320398
-451.0963455149502,0.04525744055010302
-451.0764119601329,0.043644070684363934
-451.0564784053156,0.042400105951951414
-451.03654485049833,0.04156398463952738
-451.0166112956811,0.041164112139027334
-450.99667774086384,0.041214954885900976
-450.9767441860465,0.04171485120729416
-450.95681063122925,0.04264627921861482
-450.936877076412,0.043978487109406106
-450.9169435215947,0.04567161218983705
-450.89700996677743,0.04768111753938883
-450.87707641196016,0.049961604715943096
-450.8571428571429,0.052469542917437204
-450.8372093023256,0.055164887362254646
-450.81727574750835,0.058011803191992506
-450.7973421926911,0.06097877959315392
-450.7774086378738,0.06403838590689849
-450.7574750830565,0.06716685322778435
-450.7375415282392,0.0703435986658659
-450.71760797342193,0.0735507588645541
-450.69767441860466,0.07677276569208165
-450.67774086378745,0.07999597670402421
-450.6578073089701,0.08320836177076689
-450.63787375415285,0.08639924173207808
-450.6179401993356,0.08955907269231587
-450.5980066445183,0.09267926909012315
-450.57807308970104,0.09575205906758608
-450.5581395348837,0.09877036641974021
-450.53820598006644,0.10172771425872335
-450.51827242524917,0.1046181463449189
-450.49833887043195,0.107436162765374
-450.4784053156147,0.11017666725927307
-450.45847176079735,0.11283492400540585
-450.4385382059801,0.1154065221075298
-450.4186046511628,0.11788734635446434
-450.39867109634554,0.12027355310630407
-450.37873754152827,0.12256155037840916
-450.358803986711,0.12474798137141888
-450.3388704318937,0.12682971083707467
-450.31893687707645,0.12880381378323486
-450.2990033222592,0.13066756611277808
-450.2790697674419,0.1324184368646455
-450.25913621262464,0.1340540817848621
-450.2392026578073,0.1355723380035487
-450.21926910299004,0.13697121963307252
-450.19933554817277,0.13824891413493623
-450.1794019933555,0.13940377932889453
-450.1594684385383,0.14043434093994672
-450.13953488372096,0.1413392905965694
-450.1196013289037,0.14211748420890968
-450.0996677740864,0.1427679406681672
-450.07973421926914,0.1432898408192908
-450.05980066445187,0.14368252666841266
-450.03986710963454,0.1439455007944601
-450.01993355481727,0.14407842594167652
-450.0,0.14408112477609966
-449.9800664451828,0.14395357979527526
-449.9601328903655,0.14369593338582948
-449.9401993355482,0.1433084880293915
-449.9202657807309,0.1427917066625849
-449.90033222591364,0.14214621320276447
-449.8803986710964,0.14137279325696797
-449.8604651162791,0.14047239503839093
-449.8405315614618,0.1394461305217097
-449.82059800664456,0.1382952768770094
-449.8006644518273,0.137021278231461
-449.78073089701,0.13562574781891013
-449.76079734219275,0.13411047059063663
-449.7408637873754,0.13247740637587224
-449.72093023255815,0.13072869369921175
-449.7009966777409,0.1288666543843977
-449.6810631229236,0.1268937991009641
-449.66112956810633,0.12481283404311011
-449.64119601328906,0.12262666897075153
-449.6212624584718,0.12033842689200794
-449.6013289036545,0.11795145572782574
-449.58139534883725,0.11546934237501236
-449.56146179402,0.11289592967807227
-449.54152823920265,0.11023533693720022
-449.5215946843854,0.10749198472562616
-449.5016611295681,0.10467062497153225
-449.48172757475083,0.10177637748675168
-449.4617940199336,0.09881477440762959
-449.4418604651163,0.09579181436471228
-449.421926910299,0.09271402863190821
-449.40199335548175,0.08958856203602293
-449.3820598006645,0.08642327204492643
-449.3621262458472,0.08322685019919165
-449.34219269102994,0.08000897088817187
-449.3222591362126,0.07678047333593212
-449.30232558139534,0.07355358341311659
-449.2823920265781,0.07034218224025097
-449.26245847176085,0.06716212795708225
-449.2425249169436,0.06403163454644911
-449.22259136212625,0.06097170561883147
-449.202657807309,0.058006609072216386
-449.1827242524917,0.055164356955429365
-449.16279069767444,0.052477119355824324
-449.14285714285717,0.04998144830895434
-449.1229235880399,0.04771811952522261
-449.1029900332226,0.0457313318381822
-449.08305647840535,0.044066977156645655
-449.0631229235881,0.04276977646299243
-449.0431893687708,0.0418793428717808
-449.0232558139535,0.04142568400970768
-449.0033222591362,0.041425134130532004
-448.98338870431894,0.04187789659532843
-448.96345514950167,0.04276802050491295
-448.94352159468446,0.04406581896970472
-448.9235880398671,0.04573191596392844
-448.90365448504986,0.04772174267888987
-448.8837209302326,0.04998948705383684
-448.8637873754153,0.05249097610471452
-448.84385382059804,0.055185423810489895
-448.82392026578077,0.05803624591468759
-448.80398671096344,0.06101122819602415
-448.7840531561462,0.06408230890123741
-448.76411960132896,0.06722516852464515
-448.7441860465117,0.07041875184677658
-448.7242524916944,0.07364479410110729
-448.7043189368771,0.07688738740795506
-448.6843853820598,0.08013260185441383
-448.66445182724254,0.08336816348784887
-448.6445182724253,0.0865831854316129
-448.624584717608,0.08976794579911758
-448.60465116279073,0.09291370546456748
-448.58471760797346,0.09601255908329562
-448.5647840531562,0.09905731349734712
-448.5448504983389,0.10204138852269459
-448.52491694352165,0.10495873594905943
-448.5049833887043,0.10780377332941658
-448.48504983388705,0.11057132977395766
-448.4651162790698,0.11325660149397848
-448.4451827242525,0.11585511527549339
-448.4252491694353,0.11836269841449454
-448.40531561461796,0.12077545392912299
-448.3853820598007,0.1230897400916256
-448.3654485049834,0.12530215350522728
-448.34551495016615,0.12740951509720214
-448.3255813953489,0.1294088585166663
-448.30564784053155,0.13129742051985993
-448.2857142857143,0.133072633001485
-448.265780730897,0.13473211639212107
-448.2458471760798,0.13627367419132272
-448.2259136212625,0.13769528844651846
-448.2059800664452,0.13899511602084783
-448.1860465116279,0.14017148552012662
-448.16611295681065,0.14122289477153094
-448.1461794019934,0.14214800876516287
-448.1262458471761,0.14294565798503636
-448.1063122923588,0.14361483706918146
-448.08637873754157,0.14415470374949238
-448.0664451827243,0.14456457803156209
-448.046511627907,0.14484394158297714
-448.02657807308975,0.1449924373057683
-448.0066445182724,0.14500986907548175
-447.98671096345515,0.14489620163519623
-447.9667774086379,0.14465156063874193
-447.9468438538206,0.14427623284278976
-447.92691029900334,0.1437706664531157
-447.90697674418607,0.14313547163605012
-447.8870431893688,0.14237142121216842
-447.8671096345515,0.14147945155574088
-447.84717607973425,0.14046066373082108
-447.827242524917,0.13931632490295898
-447.8073089700997,0.13804787007487687
-447.7873754152824,0.13665690420546908
-447.7674418604651,0.13514520478423872
-447.74750830564784,0.13351472494853894
-447.7275747508306,0.13176759724935638
-447.70764119601336,0.1299061381931873
-447.687707641196,0.1279328537143333
-447.66777408637876,0.12585044576440413
-447.6478405315615,0.1236618202454756
-447.6279069767442,0.12137009656217092
-447.60797342192694,0.11897861912819574
-447.5880398671096,0.11649097123723284
-447.56810631229234,0.1139109918006093
-447.54817275747513,0.111242795569024
-447.52823920265786,0.10849079759905321
-447.5083056478406,0.1056597429038268
-447.48837209302326,0.10275474245045493
-447.468438538206,0.09978131694486382
-447.4485049833887,0.09674545019018407
-447.42857142857144,0.09365365423187814
-447.4086378737542,0.0905130490249811
-447.3887043189369,0.08733145998834624
-447.36877076411963,0.08411753755018345
-447.34883720930236,0.08088090362260428
-447.3289036544851,0.0776323308142669
-447.3089700996678,0.07438396096795413
-447.28903654485055,0.071149570024799
-447.2691029900332,0.06794488576084104
-447.24916943521595,0.06478796270885029
-447.2292358803987,0.061699613041352054
-447.20930232558146,0.058703880933114086
-447.1893687707642,0.05582852745038144
-447.16943521594686,0.05310545901296367
-447.1495016611296,0.05057098127933827
-447.1295681063123,0.04826569295217119
-447.10963455149505,0.04623376425412268
-447.0897009966778,0.04452131021551049
-447.06976744186045,0.04317363630139396
-447.0498338870432,0.04223137877992947
-447.02990033222596,0.041726000104572725
-447.0099667774087,0.041675591106805694
-446.9900332225914,0.04208217088803629
-446.9700996677741,0.04293137985503913
-446.9501661129568,0.04419467290000484
-446.93023255813955,0.04583326849108187
-446.9102990033223,0.04780267885436841
-446.890365448505,0.0500567784000127
-446.87043189368774,0.05255083103618743
-446.85049833887047,0.05524336671464073
-446.8305647840532,0.05809709018728629
-446.8106312292359,0.061079107744056074
-446.79069767441865,0.06416074008510299
-446.7707641196013,0.06731712361922838
-446.75083056478405,0.07052673275409876
-446.7308970099668,0.07377090044623189
-446.7109634551495,0.07703337654617057
-446.6910299003323,0.08029994026005455
-446.67109634551497,0.08355806999576379
-446.6511627906977,0.0867966672407937
-446.6312292358804,0.09000582827469253
-446.61129568106315,0.09317665674213063
-446.5913621262459,0.09630111037620201
-446.57142857142856,0.09937187588103948
-446.5514950166113,0.10238226684448272
-446.531561461794,0.10532614039803809
-446.5116279069768,0.10819782910316218
-446.4916943521595,0.11099208519656228
-446.4717607973422,0.11370403487240285
-446.4518272425249,0.11632914072639752
-446.43189368770766,0.11886317084926509
-446.4119601328904,0.12130217334912848
-446.3920265780731,0.12364245531705985
-446.37209302325584,0.1258805654377386
-446.3521594684386,0.1280132795981063
-446.3322259136213,0.13003758896743664
-446.31229235880403,0.13195069011968208
-446.29235880398676,0.13374997684676815
-446.2724252491695,0.1354330333750677
-446.25249169435216,0.1369976287479916
-446.2325581395349,0.13844171217982434
-446.2126245847176,0.13976340921930067
-446.19269102990035,0.14096101858979232
-446.17275747508313,0.1420330095956203
-446.1528239202658,0.14297802000319385
-446.13289036544853,0.14379485432153932
-446.11295681063126,0.1444824824201213
-446.093023255814,0.14504003843315297
-446.0730897009967,0.14546681990947508
-446.0531561461794,0.14576228717523645
-446.0332225913621,0.1459260628843179
-446.01328903654485,0.14595793173809657
-445.99335548172763,0.14585784036210556
-445.97342192691036,0.14562589733324846
-445.95348837209303,0.1452623733566005
-445.93355481727576,0.14476770159650834
-445.9136212624585,0.1441424781724558
-445.8936877076412,0.1433874628361381
-445.87375415282395,0.14250357985271492
-445.8538205980067,0.14149191911643547
-445.83388704318935,0.1403537375389761
-445.81395348837214,0.13909046075797685
-445.79401993355486,0.1377036852243414
-445.7740863787376,0.1361951807392314
-445.7541528239203,0.13456689352703563
-445.734219269103,0.13282094994847354
-445.7142857142857,0.13095966097963674
-445.69435215946845,0.12898552760911905
-445.6744186046512,0.12690124733742894
-445.65448504983397,0.12470972200176264
-445.63455149501664,0.12241406719752147
-445.61461794019937,0.12001762362696035
-445.5946843853821,0.11752397077879215
-445.5747508305648,0.1149369434332474
-445.55481727574755,0.11226065160037416
-445.5348837209302,0.10949950463995485
-445.51495016611295,0.1066582404873761
-445.4950166112957,0.10374196112908403
-445.47508305647847,0.10075617574453963
-445.4551495016612,0.09770685327185455
-445.43521594684387,0.09460048657429727
-445.4152823920266,0.09144417090028573
-445.3953488372093,0.08824569995105139
-445.37541528239205,0.08501368360375099
-445.3554817275748,0.08175769216900272
-445.33554817275746,0.07848843294076664
-445.3156146179402,0.07521796560114281
-445.29568106312297,0.07195996352174679
-445.2757475083057,0.06873002767700767
-445.2558139534884,0.06554605789540213
-445.2358803986711,0.06242868106329606
-445.2159468438538,0.05940172533851602
-445.19601328903656,0.056492710024745846
-445.1760797342193,0.05373328820168954
-445.156146179402,0.051159529590831726
-445.13621262458474,0.04881186467585064
-445.1162790697675,0.046734439735376596
-445.0963455149502,0.04497359090830448
-445.07641196013293,0.04357519819050703
-445.05647840531566,0.04258090494530707
-445.03654485049833,0.04202361208086176
-445.01661129568106,0.04192315834458533
-444.9966777408638,0.042283383523581825
-444.9767441860465,0.04309153758535397
-444.9568106312293,0.044320242128078176
-444.936877076412,0.04593133276824219
-444.9169435215947,0.04788041665094177
-444.89700996677743,0.05012105780693569
-444.87707641196016,0.05260795116372892
-444.8571428571429,0.05529893107050048
-444.8372093023256,0.05815597724780817
-444.8172757475083,0.061145502352323286
-444.797342192691,0.06423819666320636
-444.7774086378738,0.0674086415037395
-444.75747508305653,0.0706348318960569
-444.73754152823926,0.07389769134392324
-444.71760797342193,0.07718062182739177
-444.69767441860466,0.08046910736061438
-444.6777408637874,0.08375037542544199
-444.6578073089701,0.08701311338412693
-444.63787375415285,0.09024723380423111
-444.6179401993356,0.09344368168656549
-444.5980066445183,0.09659427677660198
-444.57807308970104,0.09969158483604153
-444.55813953488376,0.10272881261391338
-444.5382059800665,0.1056997221160793
-444.51827242524917,0.10859856055029311
-444.4983388704319,0.11142000299436727
-444.4784053156146,0.11415910539559049
-444.45847176079735,0.11681126596957411
-444.43853820598014,0.11937219344038265
-444.4186046511628,0.12183788086467698
-444.39867109634554,0.12420458402470796
-444.37873754152827,0.12646880356839402
-444.358803986711,0.12862727023041137
-444.3388704318937,0.13067693259252106
-444.31893687707645,0.1326149469414778
-444.2990033222591,0.13443866886352912
-444.27906976744185,0.1361456462793311
-444.25913621262464,0.1377336136760457
-444.23920265780737,0.13920048733595813
-444.2192691029901,0.14054436139610646
-444.19933554817277,0.14176350460189507
-444.1794019933555,0.14285635764136814
-444.1594684385382,0.14382153096634903
-444.13953488372096,0.14465780302286024
-444.1196013289037,0.1453641188271144
-444.09966777408636,0.14593958883468106
-444.07973421926914,0.14638348806072538
-444.05980066445187,0.1466952554175281
-444.0398671096346,0.14687449324320861
-444.0199335548173,0.1469209670024167
-444.0,0.14683460514602467
-443.98006644518273,0.14661549912250674
-443.96013289036546,0.14626390353969695
-443.9401993355482,0.14578023648090446
-443.920265780731,0.1451650799853215
-443.90033222591364,0.14441918070860443
-443.8803986710964,0.1435434507859746
-443.8604651162791,0.14253896892746082
-443.84053156146183,0.14140698178278754
-443.82059800664456,0.1401489056228266
-443.80066445182723,0.13876632839501857
-443.78073089700996,0.1372610122229339
-443.7607973421927,0.13563489643478527
-443.7408637873755,0.1338901012237326
-443.7209302325582,0.13202893206393332
-443.7009966777409,0.1300538850324228
-443.6810631229236,0.12796765321824272
-443.66112956810633,0.12577313443886476
-443.64119601328906,0.12347344053109624
-443.6212624584718,0.12107190854208894
-443.60132890365446,0.1185721142179405
-443.5813953488372,0.11597788827691043
-443.56146179402,0.1132933360652936
-443.5415282392027,0.11052286133239582
-443.52159468438543,0.10767119503405684
-443.5016611295681,0.10474343028947686
-443.48172757475083,0.10174506488519323
-443.46179401993356,0.09868205305447512
-443.4418604651163,0.0955608686742423
-443.421926910299,0.09238858252955906
-443.40199335548175,0.0891729569101737
-443.3820598006645,0.08592256153078294
-443.3621262458472,0.08264691559543304
-443.34219269102994,0.0793566617123151
-443.32225913621266,0.07606377819495981
-443.3023255813954,0.07278183682543157
-443.28239202657807,0.06952631295281952
-443.2624584717608,0.0663149530431624
-443.2425249169435,0.06316820009460215
-443.2225913621263,0.0601096674491183
-443.20265780730904,0.0571666331614644
-443.1827242524917,0.05437049595085413
-443.16279069767444,0.051757085746888185
-443.14285714285717,0.04936665639833267
-443.1229235880399,0.04724331547263724
-443.1029900332226,0.04543359818992027
-443.0830564784053,0.04398393134198704
-443.063122923588,0.04293693755994814
-443.0431893687708,0.04232693802836835
-443.02325581395354,0.04217552163909015
-443.00332225913627,0.042488377476228814
-442.98338870431894,0.04325441657598844
-442.96345514950167,0.04444748940427886
-442.9435215946844,0.04603010659038639
-442.9235880398671,0.0479580128277154
-442.90365448504986,0.05018448524357434
-442.8837209302326,0.0526636560511134
-442.8637873754153,0.055352657879936616
-442.84385382059804,0.05821273205342656
-442.82392026578077,0.06120958107252749
-442.8039867109635,0.06431324783269278
-442.78405315614623,0.06749774270461013
-442.7641196013289,0.07074056725920959
-442.74418604651163,0.07402222347980024
-442.72425249169436,0.07732575532691058
-442.70431893687714,0.08063634318600094
-442.6843853820599,0.08394095664117383
-442.66445182724254,0.08722806317936431
-442.6445182724253,0.09048738690897895
-442.624584717608,0.09370971025529175
-442.60465116279073,0.09688671170444893
-442.58471760797346,0.10001083333686414
-442.56478405315613,0.10307517275424571
-442.54485049833886,0.1060733948764758
-442.52491694352165,0.10899965987977144
-442.5049833887044,0.11184856423543807
-442.4850498338871,0.11461509238473817
-442.4651162790698,0.11729457705928159
-442.4451827242525,0.11988266664119981
-442.42524916943523,0.12237529826785903
-442.40531561461796,0.12476867563523583
-442.3853820598007,0.12705925065378187
-442.36544850498336,0.12924370827100454
-442.34551495016615,0.13131895390315518
-442.3255813953489,0.13328210302169885
-442.3056478405316,0.13513047252322172
-442.28571428571433,0.13686157357832654
-442.265780730897,0.13847310570945406
-442.24584717607974,0.13996295189150132
-442.22591362126246,0.14132917450512844
-442.2059800664452,0.14257001200207986
-442.186046511628,0.14368387616610465
-442.16611295681065,0.1446693498730788
-442.1461794019934,0.14552518527072
-442.1262458471761,0.14625030231230798
-442.10631229235884,0.14684378759064617
-442.08637873754157,0.1473048934287289
-442.06644518272424,0.1476330371923644
-442.04651162790697,0.14782780079770033
-442.0265780730897,0.1478889303936189
-442.0066445182725,0.14781633620519055
-441.9867109634552,0.1476100925304298
-441.9667774086379,0.14727043788824243
-441.9468438538206,0.14679777532108557
-441.92691029900334,0.1461926728617162
-441.90697674418607,0.1454558641793305
-441.8870431893688,0.1445882494269053
-441.8671096345515,0.14359089631875957
-441.8471760797342,0.14246504147522968
-441.827242524917,0.14121209208059568
-441.8073089700997,0.13983362791095535
-441.78737541528244,0.13833140380116332
-441.76744186046517,0.13670735263460027
-441.74750830564784,0.13496358895727986
-441.72757475083057,0.1331024133386462
-441.7076411960133,0.13112631762721483
-441.687707641196,0.12903799128011015
-441.6677740863788,0.1268403289835868
-441.6478405315615,0.12453643982822583
-441.6279069767442,0.12212965835981038
-441.60797342192694,0.11962355789794545
-441.58803986710967,0.11702196660240397
-441.5681063122924,0.11432898687650712
-441.5481727574751,0.11154901883326417
-441.5282392026578,0.10868678871981384
-441.50830564784053,0.10574738340807863
-441.4883720930233,0.10273629232404577
-441.46843853820604,0.09965945851756998
-441.4485049833887,0.09652334098235972
-441.42857142857144,0.09333499083687169
-441.4086378737542,0.09010214458421233
-441.3887043189369,0.0868333383898485
-441.36877076411963,0.08353804814172115
-441.34883720930236,0.08022686094762234
-441.32890365448503,0.07691168457524644
-441.3089700996678,0.07360600193173536
-441.28903654485055,0.07032517758524717
-441.2691029900333,0.06708682177929826
-441.249169435216,0.0639112130534459
-441.2292358803987,0.06082177131074481
-441.2093023255814,0.05784555574797077
-441.18936877076413,0.055013732253464794
-441.16943521594686,0.05236190840750401
-441.14950166112965,0.04993016989798159
-441.1295681063123,0.04776257869520827
-441.10963455149505,0.04590584009715226
-441.0897009966778,0.044406872060393045
-441.0697674418605,0.043309195727951486
-441.04983388704323,0.0426484572003969
-441.0299003322259,0.04244790418460864
-441.00996677740864,0.042715008039445154
-440.99003322259136,0.04344031095866019
-440.97009966777415,0.04459889940880314
-440.9501661129569,0.04615399235976426
-440.93023255813955,0.04806151697234439
-440.9102990033223,0.050274508019699175
-440.890365448505,0.05274657246950291
-440.87043189368774,0.05543416952408359
-440.85049833887047,0.05829782187674296
-440.83056478405314,0.06130253486037572
-440.81063122923587,0.06441771205211196
-440.79069767441865,0.06761679756361014
-440.7707641196014,0.07087680198761027
-440.7508305647841,0.0741778068384893
-440.7308970099668,0.07750249821944998
-440.7109634551495,0.08083575250538874
-440.69102990033224,0.08416428067684252
-440.67109634551497,0.08747632945427072
-440.6511627906977,0.09076143349678702
-440.63122923588037,0.09401021161835185
-440.61129568106315,0.09721419999667
-440.5913621262459,0.10036571598769682
-440.5714285714286,0.10345774701968403
-440.55149501661134,0.10648385992327801
-440.531561461794,0.10943812686563818
-440.51162790697674,0.1123150647605766
-440.49169435215947,0.11510958561866659
-440.4717607973422,0.11781695578813828
-440.451827242525,0.12043276243389528
-440.43189368770766,0.12295288592131404
-440.4119601328904,0.12537347702848964
-440.3920265780731,0.12769093811644272
-440.37209302325584,0.12990190755172976
-440.3521594684386,0.1320032468081882
-440.3322259136213,0.13399202978066393
-440.312292358804,0.13586553392914802
-440.2923588039867,0.1376212329405112
-440.2724252491695,0.13925679065100277
-440.2524916943522,0.14077005601781437
-440.23255813953494,0.142159058965103
-440.2126245847176,0.1434220069600382
-440.19269102990035,0.14455728219936936
-440.1727574750831,0.14556343930761204
-440.1528239202658,0.14643920346499362
-440.13289036544853,0.14718346889792883
-440.1129568106312,0.14779529767658522
-440.093023255814,0.14827391877487456
-440.0730897009967,0.14861872735690332
-440.05315614617945,0.14882928426189812
-440.0332225913622,0.14890531566675455
-440.01328903654485,0.14884671291164117
-439.9933554817276,0.14865353248021776
-439.9734219269103,0.14832599613166086
-439.95348837209303,0.14786449118758296
-439.9335548172758,0.14726957098242216
-439.9136212624585,0.14654195549215102
-439.8936877076412,0.14568253216248844
-439.87375415282395,0.14469235696491584
-439.8538205980067,0.14357265571672093
-439.8338870431894,0.1423248257104545
-439.81395348837214,0.1409504377084402
-439.7940199335548,0.13945123837052384
-439.77408637873754,0.13782915319757869
-439.7541528239203,0.13608629009064568
-439.73421926910305,0.1342249436464454
-439.7142857142858,0.13224760033514016
-439.69435215946845,0.1301569447367206
-439.6744186046512,0.12795586705002981
-439.6544850498339,0.12564747213387817
-439.63455149501664,0.12323509039652684
-439.61461794019937,0.1207222909193266
-439.59468438538204,0.11811289728692187
-439.5747508305648,0.1154110067038629
-439.55481727574755,0.11262101311140646
-439.5348837209303,0.10974763518539817
-439.514950166113,0.10679595030457613
-439.4950166112957,0.10377143583908731
-439.4750830564784,0.10068001943273502
-439.45514950166114,0.09752814035432819
-439.43521594684387,0.09432282448743767
-439.41528239202665,0.09107177612807267
-439.3953488372093,0.0877834904744618
-439.37541528239205,0.08446739151652302
-439.3554817275748,0.08113400092888966
-439.3355481727575,0.07779514444568436
-439.31561461794024,0.0744642028433526
-439.2956810631229,0.07115641468015697
-439.27574750830564,0.06788923660812711
-439.25581395348837,0.06468276312233893
-439.23588039867116,0.061560198980920834
-439.2159468438539,0.05854836109745981
-439.19601328903656,0.05567815828531034
-439.1760797342193,0.05298495239051815
-439.156146179402,0.050508641239733684
-439.13621262458474,0.04829322959004269
-439.1162790697675,0.04638559560004035
-439.09634551495014,0.04483317368423031
-439.0764119601329,0.04368043996027732
-439.05647840531566,0.04296445920054985
-439.0365448504984,0.042710267876268665
-439.0166112956811,0.04292727349938424
-438.9966777408638,0.04360780447218121
-438.9767441860465,0.04472831332755534
-438.95681063122925,0.04625281291821195
-438.936877076412,0.048137447446609805
-438.9169435215947,0.05033499907531675
-438.89700996677743,0.05279850770143015
-438.87707641196016,0.05548370005355497
-438.8571428571429,0.05835031555541856
-438.8372093023256,0.061362599827363515
-438.81727574750835,0.06448926083510026
-438.7973421926911,0.06770312802357743
-438.77740863787375,0.07098068058798093
-438.7574750830565,0.07430154645544176
-438.7375415282392,0.0776480270501406
-438.717607973422,0.08100467315643409
-438.6976744186047,0.08435791983902803
-438.6777408637874,0.08769577916632572
-438.6578073089701,0.09100758519078153
-438.63787375415285,0.09428378411946492
-438.6179401993356,0.09751576253534111
-438.5980066445183,0.10069570713456114
-438.578073089701,0.10381649030516603
-438.5581395348837,0.1068715767686915
-438.5382059800665,0.10985494733594228
-438.5182724252492,0.112761036551693
-438.49833887043195,0.11558468161219952
-438.4784053156146,0.11832108044171463
-438.45847176079735,0.12096575722306677
-438.4385382059801,0.12351453400722741
-438.4186046511628,0.1259635072920661
-438.39867109634554,0.12830902867300317
-438.37873754152827,0.13054768883859247
-438.358803986711,0.13267630432050667
-438.3388704318937,0.13469190651701374
-438.31893687707645,0.13659173259716043
-438.2990033222592,0.13837321796384794
-438.2790697674419,0.14003399001160005
-438.2591362126246,0.14157186296147323
-438.2392026578073,0.14298483359347638
-438.21926910299004,0.1442710777282026
-438.1993355481728,0.1454289473347218
-438.17940199335555,0.14645696816322687
-438.1594684385382,0.14735383781825964
-438.13953488372096,0.14811842420325824
-438.1196013289037,0.14874976427960443
-438.0996677740864,0.14924706309390873
-438.07973421926914,0.14960969303651636
-438.0598006644518,0.1498371933022686
-438.03986710963454,0.14992926953158828
-438.0199335548173,0.14988579361678037
-438.00000000000006,0.14970680366413677
-437.9800664451828,0.149392504108555
-437.96013289036546,0.14894326598293214
-437.9401993355482,0.14835962735046157
-437.9202657807309,0.14764229391388978
-437.90033222591364,0.14679213982232955
-437.8803986710964,0.14581020870318226
-437.86046511627904,0.14469771495467545
-437.84053156146183,0.14345604534337908
-437.82059800664456,0.1420867609615226
-437.8006644518273,0.14059159961098153
-437.78073089701,0.13897247869514234
-437.7607973421927,0.13723149871685886
-437.7408637873754,0.13537094750123596
-437.72093023255815,0.13339330528676246
-437.7009966777409,0.1313012508582512
-437.6810631229236,0.12909766893188876
-437.66112956810633,0.1267856590475951
-437.64119601328906,0.12436854627936315
-437.6212624584718,0.12184989414266276
-437.6013289036545,0.11923352016279382
-437.58139534883725,0.11652351467357785
-437.5614617940199,0.11372426354695159
-437.54152823920265,0.11084047571800162
-437.5215946843854,0.10787721657427114
-437.50166112956816,0.10483994853363024
-437.4817275747509,0.10173458045278283
-437.46179401993356,0.0985675279029821
-437.4418604651163,0.09534578683545468
-437.421926910299,0.092077023750483
-437.40199335548175,0.08876968619091209
-437.3820598006645,0.08543313819934008
-437.3621262458472,0.08207782627803711
-437.3421926910299,0.07871548228557872
-437.32225913621266,0.07535937040583501
-437.3023255813954,0.07202458546206843
-437.2823920265781,0.0687284087360022
-437.26245847176085,0.06549072389552743
-437.2425249169435,0.062334487668822665
-437.22259136212625,0.05928623451834929
-437.202657807309,0.056376567645347715
-437.1827242524917,0.05364054564396623
-437.16279069767444,0.05111781256138825
-437.14285714285717,0.04885224457535315
-437.1229235880399,0.04689082283763062
-437.1029900332226,0.045281442350847134
-437.08305647840535,0.044069510527498815
-437.0631229235881,0.043293539875178186
-437.04318936877075,0.0429804523976298
-437.0232558139535,0.04314175556772276
-437.0033222591362,0.04377177328363549
-436.983388704319,0.04484854200710671
-436.9634551495017,0.04633705714723034
-436.9435215946844,0.04819381474696674
-436.9235880398671,0.05037141886948395
-436.90365448504986,0.05282236455822888
-436.8837209302326,0.05550163074366494
-436.8637873754153,0.05836813578207138
-436.84385382059804,0.06138531731030509
-436.8239202657807,0.06452113704856263
-436.8039867109635,0.06774776153211004
-436.78405315614623,0.0710410950572916
-436.76411960132896,0.0743802740362516
-436.7441860465117,0.07774718283122406
-436.72425249169436,0.08112601934017705
-436.7043189368771,0.08450291987504263
-436.6843853820598,0.08786564281768548
-436.66445182724254,0.09120330576789
-436.6445182724253,0.09450616912657797
-436.624584717608,0.0977654588670709
-436.60465116279073,0.10097322180869144
-436.58471760797346,0.10412220756110768
-436.5647840531562,0.10720577221600502
-436.5448504983389,0.11021779971132968
-436.5249169435216,0.11315263753692403
-436.5049833887043,0.1160050440781314
-436.48504983388705,0.1187701454128565
-436.46511627906983,0.12144339979984249
-436.44518272425256,0.12402056843732928
-436.42524916943523,0.12649769134551003
-436.40531561461796,0.1288710674460916
-436.3853820598007,0.13113723808844882
-436.3654485049834,0.13329297341294966
-436.34551495016615,0.13533526105532626
-436.3255813953488,0.13726129678706125
-436.30564784053155,0.13906847676010123
-436.28571428571433,0.14075439108365753
-436.26578073089706,0.14231681850896083
-436.2458471760798,0.14375372203707665
-436.22591362126246,0.14506324529704814
-436.2059800664452,0.14624370956785862
-436.1860465116279,0.14729361133965158
-436.16611295681065,0.1482116203276717
-436.1461794019934,0.14899657786751216
-436.12624584717605,0.14964749563313154
-436.10631229235884,0.1501635546300051
-436.08637873754157,0.1505441044249955
-436.0664451827243,0.15078866258304433
-436.046511627907,0.15089691428781435
-436.0265780730897,0.15086871213025704
-436.0066445182724,0.15070407605514036
-435.98671096345515,0.15040319346145437
-435.9667774086379,0.14996641945843628
-435.9468438538206,0.1493942772847367
-435.92691029900334,0.14868745890424973
-435.90697674418607,0.14784682579857641
-435.8870431893688,0.14687340998323653
-435.8671096345515,0.1457684152822859
-435.84717607973425,0.14453321890526627
-435.827242524917,0.1431693733803443
-435.80730897009965,0.1416786089097338
-435.7873754152824,0.14006283622751028
-435.76744186046517,0.1383241500567873
-435.7475083056479,0.1364648332835914
-435.7275747508306,0.13448736198897282
-435.7076411960133,0.13239441151078893
-435.687707641196,0.13018886374253721
-435.66777408637876,0.12787381592120445
-435.6478405315615,0.12545259121043598
-435.6279069767442,0.12292875145290337
-435.6079734219269,0.12030611254912722
-435.58803986710967,0.11758876302370548
-435.5681063122924,0.11478108646917146
-435.54817275747513,0.1118877887185428
-435.52823920265786,0.10891393079893316
-435.50830564784053,0.10586496896926116
-435.48837209302326,0.10274680345791472
-435.468438538206,0.09956583790395063
-435.4485049833887,0.09632905198377482
-435.42857142857144,0.09304409028811274
-435.4086378737542,0.08971937121173973
-435.3887043189369,0.08636422042968256
-435.36877076411963,0.08298903443051597
-435.34883720930236,0.07960548048106679
-435.3289036544851,0.07622674013109515
-435.3089700996678,0.07286780358102832
-435.2890365448505,0.06954582128188198
-435.2691029900332,0.06628051587791799
-435.249169435216,0.06309465015729443
-435.22923588039873,0.06001453214081784
-435.20930232558146,0.05707051278422938
-435.18936877076413,0.054297390409684024
-435.16943521594686,0.0517345760474675
-435.1495016611296,0.04942579974455185
-435.1295681063123,0.04741807110359596
-435.10963455149505,0.04575959781952525
-435.0897009966777,0.04449649177881368
-435.0697674418605,0.043668422199674296
-435.04983388704323,0.043303880545399
-435.02990033222596,0.04341618870445036
-435.0099667774087,0.04400146318770646
-434.99003322259136,0.045039232120450585
-434.9700996677741,0.0464954875723403
-434.9501661129568,0.048327169696037876
-434.93023255813955,0.050486838787363875
-434.9102990033223,0.052926590535124225
-434.890365448505,0.055600792580167535
-434.87043189368774,0.058467659806015614
-434.85049833887047,0.06148991778351572
-434.8305647840532,0.06463485745926685
-434.8106312292359,0.06787404043557303
-434.7906976744186,0.0711828399328579
-434.7707641196013,0.07453993360599068
-434.75083056478405,0.07792681304451944
-434.73089700996684,0.08132734115316441
-434.71096345514957,0.08472736859148666
-434.69102990033224,0.08811440958040026
-434.67109634551497,0.09147737213281623
-434.6511627906977,0.09480633573250614
-434.6312292358804,0.0980923691638908
-434.61129568106315,0.10132738169998504
-434.5913621262458,0.10450400169363692
-434.57142857142856,0.10761547752864126
-434.55149501661134,0.11065559674867051
-434.53156146179407,0.11361861994040622
-434.5116279069768,0.11649922659066611
-434.49169435215947,0.11929247066926765
-434.4717607973422,0.1219937441241082
-434.4518272425249,0.12459874682563972
-434.43189368770766,0.12710346178055745
-434.4119601328904,0.12950413466091126
-434.3920265780731,0.13179725687613814
-434.37209302325584,0.13397955156109614
-434.3521594684386,0.1360479619697059
-434.3322259136213,0.1379996418575626
-434.31229235880403,0.13983194751260714
-434.29235880398676,0.14154243115388981
-434.27242524916943,0.14312883546810623
-434.25249169435216,0.14458908909392856
-434.2325581395349,0.14592130289718844
-434.2126245847176,0.14712376690692083
-434.1926910299004,0.14819494780483708
-434.1727574750831,0.14913348687930192
-434.1528239202658,0.14993819837037622
-434.13289036544853,0.15060806814574113
-434.11295681063126,0.15114225265831868
-434.093023255814,0.15154007814610634
-434.07308970099666,0.15180104004311779
-434.0531561461794,0.1519248025777667
-434.0332225913622,0.15191119854174995
-434.0132890365449,0.15176022921875734
-433.99335548172763,0.15147206446836037
-433.9734219269103,0.15104704296600072
-433.95348837209303,0.150485672606199
-433.93355481727576,0.14978863108172594
-433.9136212624585,0.14895676665832072
-433.8936877076412,0.14799109917116768
-433.87375415282395,0.14689282127738146
-433.8538205980067,0.145663300007453
-433.8338870431894,0.14430407866883704
-433.81395348837214,0.1428168791666442
-433.79401993355486,0.14120360482048566
-433.7740863787376,0.1394663437731443
-433.75415282392026,0.1376073731065073
-433.734219269103,0.13562916380475445
-433.7142857142857,0.13353438673329435
-433.69435215946845,0.13132591983839806
-433.67441860465124,0.12900685681538626
-433.6544850498339,0.12658051754747185
-433.63455149501664,0.12405046068332662
-433.61461794019937,0.12142049880368305
-433.5946843853821,0.11869471672910756
-433.5747508305648,0.11587749364824611
-433.5548172757475,0.11297352990376114
-433.5348837209302,0.10998787947112726
-433.514950166113,0.10692598941184098
-433.49501661129574,0.10379374789001333
-433.47508305647847,0.1005975427228428
-433.45514950166114,0.09734433290654862
-433.43521594684387,0.09404173613403762
-433.4152823920266,0.0906981360105221
-433.3953488372093,0.08732281347860753
-433.37541528239205,0.08392610786114885
-433.3554817275747,0.08051961384663442
-433.3355481727575,0.07711642151409955
-433.31561461794024,0.07373140679462752
-433.29568106312297,0.07038157898232908
-433.2757475083057,0.06708648896011186
-433.25581395348837,0.06386869489606736
-433.2358803986711,0.0607542684947624
-433.2159468438538,0.05777330050871418
-433.19601328903656,0.05496032450089896
-433.1760797342193,0.05235451951467521
-433.156146179402,0.04999947855116852
-433.13621262458474,0.04794225975915646
-433.1162790697675,0.0462314178189289
-433.0963455149502,0.04491382056776987
-433.07641196013293,0.04403036437590336
-433.0564784053156,0.04361119827435351
-433.03654485049833,0.043671557705686995
-433.01661129568106,0.04420944922912479
-432.99667774086384,0.045205972373195936
-432.9767441860466,0.046628164589613
-432.95681063122925,0.04843342247705213
-432.936877076412,0.05057424219146823
-432.9169435215947,0.0530022766036985
-432.89700996677743,0.05567122658627379
-432.87707641196016,0.058538545309821124
-432.8571428571429,0.06156619142599714
-432.83720930232556,0.06472073686053317
-432.81727574750835,0.06797309772979397
-432.7973421926911,0.07129808312322325
-432.7774086378738,0.07467388554806273
-432.75747508305653,0.0780815830402117
-432.7375415282392,0.08150468729047383
-432.71760797342193,0.08492875071014733
-432.69767441860466,0.08834103360191303
-432.6777408637874,0.09173022683588018
-432.6578073089701,0.09508622311928441
-432.63787375415285,0.0983999294904634
-432.6179401993356,0.1016631141161684
-432.5980066445183,0.1048682812948952
-432.57807308970104,0.10800856948742978
-432.55813953488376,0.11107766807248469
-432.53820598006644,0.1140697493017812
-432.51827242524917,0.1169794125896394
-432.4983388704319,0.1198016388196436
-432.4784053156146,0.12253175279876136
-432.4584717607974,0.12516539235089957
-432.4385382059801,0.12769848283353397
-432.4186046511628,0.13012721609438707
-432.39867109634554,0.13244803307244127
-432.37873754152827,0.13465760939745083
-432.358803986711,0.1367528434625265
-432.3388704318937,0.13873084654094842
-432.3189368770764,0.1405889345963616
-432.2990033222592,0.14232462149846137
-432.2790697674419,0.14393561340721506
-432.25913621262464,0.14541980413037794
-432.23920265780737,0.14677527129285525
-432.21926910299004,0.1480002731844638
-432.19933554817277,0.14909324617549397
-432.1794019933555,0.15005280260877518
-432.1594684385382,0.15087772909263186
-432.13953488372096,0.15156698513280734
-432.1196013289037,0.1521197020527076
-432.0996677740864,0.15253518216116901
-432.07973421926914,0.15281289813554264
-432.05980066445187,0.1529524925954252
-432.0398671096346,0.15295377784934813
-432.01993355481727,0.15281673580283767
-432.0,0.15254151802253532
-431.98006644518273,0.15212844595671365
-431.96013289036546,0.15157801131843673
-431.94019933554824,0.15089087664371134
-431.9202657807309,0.15006787604332877
-431.90033222591364,0.14911001617402106
-431.8803986710964,0.14801847746240424
-431.8604651162791,0.14679461562378315
-431.84053156146183,0.14543996352802793
-431.8205980066445,0.1439562334764737
-431.80066445182723,0.1423453199675025
-431.78073089701,0.14060930304501695
-431.76079734219275,0.13875045234351321
-431.7408637873755,0.1367712319673432
-431.72093023255815,0.1346743063703728
-431.7009966777409,0.13246254743744254
-431.6810631229236,0.13013904301188092
-431.66112956810633,0.127707107166178
-431.64119601328906,0.12517029257809187
-431.62126245847173,0.1225324054552182
-431.6013289036545,0.1197975235511609
-431.58139534883725,0.11697001794141935
-431.56146179402,0.1140545793826288
-431.5415282392027,0.1110562502731558
-431.5215946843854,0.10798046347582052
-431.5016611295681,0.10483308956613725
-431.48172757475083,0.10162049444574553
-431.46179401993356,0.09834960972571563
-431.4418604651163,0.09502801885347473
-431.421926910299,0.09166406264218897
-431.40199335548175,0.08826696866561418
-431.3820598006645,0.08484700988473143
-431.3621262458472,0.0814156988110149
-431.34219269102994,0.07798602433455075
-431.32225913621266,0.07457273874785789
-431.30232558139534,0.07119270190265067
-431.28239202657807,0.06786528682376133
-431.26245847176085,0.06461284475045287
-431.2425249169436,0.06146121477055149
-431.2225913621263,0.05844024007389721
-431.202657807309,0.055584214669309344
-431.1827242524917,0.05293212743975747
-431.16279069767444,0.05052749663550028
-431.14285714285717,0.04841751420429519
-431.1229235880399,0.04665118955948147
-431.10299003322257,0.04527627164884714
-431.08305647840535,0.04433501585182789
-431.0631229235881,0.04385935148178329
-431.0431893687708,0.04386652276383455
-431.02325581395354,0.04435647781904957
-431.0033222591362,0.04531188657161761
-430.98338870431894,0.04670078041923396
-430.96345514950167,0.04848092286838482
-430.9435215946844,0.050604636154672464
-430.9235880398671,0.053023017729338616
-430.90365448504986,0.05568899906743078
-430.8837209302326,0.058559185881175764
-430.8637873754153,0.06159470300412844
-430.84385382059804,0.06476135407606066
-430.82392026578077,0.06802937534981168
-430.8039867109635,0.071372989144436
-430.7840531561462,0.07476988898828876
-430.7641196013289,0.07820073188941079
-430.74418604651163,0.08164867528601467
-430.7242524916944,0.08509897329526364
-430.70431893687714,0.08853863419859209
-430.6843853820598,0.09195613481754512
-430.66445182724254,0.09534118485574201
-430.6445182724253,0.09868453370379708
-430.624584717608,0.10197781261058671
-430.60465116279073,0.10521340594639482
-430.5847176079734,0.10838434621834424
-430.5647840531562,0.11148422839766406
-430.5448504983389,0.11450713991855525
-430.52491694352165,0.11744760338985297
-430.5049833887044,0.12030052962678264
-430.48504983388705,0.12306117907263972
-430.4651162790698,0.12572513005446348
-430.4451827242525,0.1282882526179398
-430.42524916943523,0.13074668692814628
-430.40531561461796,0.13309682541619036
-430.3853820598007,0.13533529800657115
-430.3654485049834,0.13745895988438425
-430.34551495016615,0.13946488136117988
-430.3255813953489,0.14135033947861872
-430.3056478405316,0.14311281105397558
-430.2857142857143,0.14474996692409955
-430.265780730897,0.14625966718722566
-430.24584717607974,0.14763995727685453
-430.22591362126246,0.14888906473074248
-430.20598006644525,0.1500053965414721
-430.1860465116279,0.15098753699481782
-430.16611295681065,0.1518342459184037
-430.1461794019934,0.1525444572769018
-430.1262458471761,0.15311727806177133
-430.10631229235884,0.1535519874335341
-430.0863787375415,0.1538480360832846
-430.06644518272424,0.15400504578791124
-430.046511627907,0.15402280914046518
-430.02657807308975,0.15390128944348183
-430.0066445182725,0.15364062075913615
-429.98671096345515,0.15324110811604527
-429.9667774086379,0.1527032278783316
-429.9468438538206,0.15202762828869648
-429.92691029900334,0.15121513020353672
-429.90697674418607,0.15026672804515595
-429.8870431893688,0.1491835910037312
-429.8671096345515,0.14796706453035566
-429.84717607973425,0.1466186721725059
-429.827242524917,0.14514011781466513
-429.8073089700997,0.14353328840071733
-429.78737541528244,0.14180025723061201
-429.7674418604651,0.1399432879433815
-429.74750830564784,0.1379648393217658
-429.72757475083057,0.13586757108208397
-429.7076411960133,0.1336543508473415
-429.6877076411961,0.13132826254378852
-429.66777408637876,0.12889261651292888
-429.6478405315615,0.12635096169494367
-429.6279069767442,0.12370710031849458
-429.60797342192694,0.12096510563026587
-429.58803986710967,0.11812934331961993
-429.56810631229234,0.11520449744638987
-429.5481727574751,0.11219560186987412
-429.52823920265786,0.10910807841478087
-429.5083056478406,0.10594778330622978
-429.4883720930233,0.10272106377420588
-429.468438538206,0.09943482718370716
-429.4485049833887,0.09609662560503669
-429.42857142857144,0.09271475941215278
-429.4086378737542,0.08929840429036619
-429.3887043189369,0.08585776693099587
-429.36877076411963,0.08240427563270088
-429.34883720930236,0.07895081287897068
-429.3289036544851,0.07551199743481628
-429.3089700996678,0.07210452306506349
-429.28903654485055,0.06874755865946519
-429.2691029900333,0.06546320872743643
-429.24916943521595,0.06227702131101165
-429.2292358803987,0.05921850860508576
-429.2093023255814,0.0563216092963947
-429.18936877076413,0.05362496680267031
-429.1694352159469,0.05117182513799508
-429.1495016611296,0.04900926857161183
-429.1295681063123,0.0471864927265475
-429.10963455149505,0.04575186534413825
-429.0897009966778,0.04474879673461522
-429.0697674418605,0.04421091108853801
-429.0498338870432,0.04415754110199742
-429.0299003322259,0.04459082875389715
-429.00996677740864,0.04549539785985019
-428.9900332225914,0.046840713068532665
-428.97009966777415,0.04858532143693194
-428.9501661129568,0.05068171029719394
-428.93023255813955,0.053080660866726484
-428.9102990033223,0.05573447888155
-428.890365448505,0.058598989287685206
-428.87043189368774,0.06163449509627244
-428.8504983388704,0.06480600883205867
-428.8305647840532,0.0680830444315021
-428.8106312292359,0.07143918586308158
-428.79069767441865,0.07485157365120593
-428.7707641196014,0.07830039123692069
-428.75083056478405,0.08176839284462618
-428.7308970099668,0.08524048984795368
-428.7109634551495,0.08870339881319624
-428.69102990033224,0.09214534743231484
-428.67109634551497,0.09555583159794867
-428.6511627906977,0.09892541609684943
-428.6312292358804,0.10224557171486494
-428.61129568106315,0.10550854233694557
-428.5913621262459,0.10870723655891737
-428.5714285714286,0.11183513923933984
-428.5514950166113,0.11488623923717423
-428.531561461794,0.117854970280636
-428.51162790697674,0.1207361624954614
-428.49169435215947,0.12352500259790045
-428.47176079734226,0.12621700114430104
-428.4518272425249,0.12880796554034477
-428.43189368770766,0.13129397776273388
-428.4119601328904,0.13367137594599338
-428.3920265780731,0.13593673914734788
-428.37209302325584,0.13808687473104972
-428.3521594684386,0.14011880791660758
-428.33222591362124,0.14202977311855672
-428.31229235880403,0.1438172067723222
-428.29235880398676,0.14547874139516392
-428.2724252491695,0.14701220067523676
-428.2524916943522,0.14841559541794447
-428.2325581395349,0.14968712020827843
-428.2126245847176,0.1508251506721454
-428.19269102990035,0.15182824124001348
-428.1727574750831,0.15269512333285637
-428.1528239202658,0.15342470390468985
-428.13289036544853,0.15401606428793915
-428.11295681063126,0.15446845929815783
-428.093023255814,0.15478131656360256
-428.0730897009967,0.15495423605304032
-428.05315614617945,0.15498698978223793
-428.0332225913621,0.15487952168623342
-428.01328903654485,0.1546319476504056
-427.9933554817276,0.15424455569957035
-427.9734219269103,0.1537178063500576
-427.9534883720931,0.15305233313591907
-427.93355481727576,0.15224894332674282
-427.9136212624585,0.15130861886146385
-427.8936877076412,0.15023251753033132
-427.87375415282395,0.14902197444560855
-427.8538205980067,0.14767850385164522
-427.8338870431894,0.14620380133626767
-427.8139534883721,0.14459974651915594
-427.79401993355486,0.1428684063086563
-427.7740863787376,0.14101203883776872
-427.7541528239203,0.13903309821306067
-427.73421926910305,0.13693424023830592
-427.7142857142857,0.13471832930854097
-427.69435215946845,0.13238844671201394
-427.6744186046512,0.12994790062859232
-427.6544850498339,0.12740023817639637
-427.63455149501664,0.124749259936385
-427.61461794019937,0.12199903748172183
-427.5946843853821,0.11915393455928618
-427.5747508305648,0.11621863272113504
-427.55481727574755,0.11319816239151605
-427.5348837209303,0.11009794058956539
-427.51495016611295,0.10692381682045454
-427.4950166112957,0.10368212901183242
-427.4750830564784,0.10037977182315297
-427.45514950166114,0.09702428020837763
-427.4352159468439,0.09362393178125603
-427.4152823920266,0.09018787232227427
-427.3953488372093,0.08672626966441002
-427.37541528239205,0.08325050214804237
-427.3554817275748,0.07977338871548935
-427.3355481727575,0.07630946825458546
-427.3156146179402,0.07287533548714646
-427.2956810631229,0.06949003861125229
-427.27574750830564,0.06617553847823794
-427.2558139534884,0.06295721780742432
-427.23588039867116,0.05986440813070636
-427.2159468438538,0.056930867134858947
-427.19601328903656,0.05419508554320614
-427.1760797342193,0.0517002307824943
-427.156146179402,0.04949345726102889
-427.13621262458474,0.0476242677788419
-427.1162790697674,0.0461416675613246
-427.0963455149502,0.0450900961884646
-427.07641196013293,0.044504582450186035
-427.05647840531566,0.04440611105431887
-427.0365448504984,0.0447984951123142
-427.01661129568106,0.045667787078363394
-426.9966777408638,0.04698443494876303
-426.9767441860465,0.04870744270327836
-426.95681063122925,0.05078927063925777
-426.936877076412,0.05318030937307581
-426.9169435215947,0.05583225218113274
-426.89700996677743,0.05870021278102843
-426.87707641196016,0.06174377215107932
-426.8571428571429,0.06492726312467986
-426.8372093023256,0.0682195885213244
-426.81727574750835,0.07159379822922127
-426.797342192691,0.07502657390777627
-426.77740863787375,0.07849770841392961
-426.7574750830565,0.08198962480171587
-426.73754152823926,0.08548695365558115
-426.717607973422,0.08897617280633029
-426.69767441860466,0.09244530598971408
-426.6777408637874,0.09588367376597695
-426.6578073089701,0.09928168910560926
-426.63787375415285,0.10263069030664085
-426.6179401993356,0.1059228046859371
-426.59800664451825,0.10915083742729131
-426.57807308970104,0.11230818089667693
-426.55813953488376,0.11538874057025872
-426.5382059800665,0.11838687443811546
-426.5182724252492,0.1212973433445755
-426.4983388704319,0.1241152702163595
-426.4784053156146,0.12683610652681077
-426.45847176079735,0.12945560466463532
-426.4385382059801,0.13196979513202062
-426.4186046511628,0.13437496770264798
-426.39867109634554,0.13666765583473395
-426.37873754152827,0.1388446237662159
-426.358803986711,0.1409028558250373
-426.3388704318937,0.1428395475728998
-426.31893687707645,0.14465209846956253
-426.2990033222592,0.14633810580055595
-426.27906976744185,0.14789535965639142
-426.2591362126246,0.1493218387884039
-426.2392026578073,0.1506157071965323
-426.2192691029901,0.1517753113293642
-426.1993355481728,0.15279917779736937
-426.1794019933555,0.15368601151752745
-426.1594684385382,0.15443469422201989
-426.13953488372096,0.1550442832757939
-426.1196013289037,0.15551401075850346
-426.0996677740864,0.15584328277529372
-426.0797342192691,0.15603167896894296
-426.05980066445187,0.15607895221317525
-426.0398671096346,0.15598502847342952
-426.0199335548173,0.15575000682771944
-426.00000000000006,0.15537415964604676
-425.98006644518273,0.15485793293301642
-425.96013289036546,0.15420194684413133
-425.9401993355482,0.15340699639286764
-425.9202657807309,0.1524740523723644
-425.90033222591364,0.15140426252329478
-425.8803986710964,0.15019895298796546
-425.8604651162791,0.14885963010057152
-425.84053156146183,0.14738798257482147
-425.82059800664456,0.1457858841636431
-425.8006644518273,0.14405539688137703
-425.78073089700996,0.14219877489794616
-425.7607973421927,0.1402184692371773
-425.7408637873754,0.1381171334391353
-425.72093023255815,0.13589763037989178
-425.70099667774093,0.13356304048329784
-425.6810631229236,0.13111667160967944
-425.66112956810633,0.1285620709687933
-425.64119601328906,0.1259030394811269
-425.6212624584718,0.12314364910734271
-425.6013289036545,0.12028826378427618
-425.5813953488372,0.11734156475422493
-425.5614617940199,0.11430858125888953
-425.54152823920265,0.11119472780054264
-425.52159468438543,0.10800584946072105
-425.50166112956816,0.1047482771256131
-425.48172757475083,0.10142889491129063
-425.46179401993356,0.09805522262716782
-425.4418604651163,0.09463551677679333
-425.421926910299,0.091178894377262
-425.40199335548175,0.08769548477204005
-425.3820598006645,0.0841966155683372
-425.3621262458472,0.08069503972994002
-425.34219269102994,0.07720521144769009
-425.32225913621266,0.07374361820779278
-425.3023255813954,0.07032917460780644
-425.2823920265781,0.0669836784302473
-425.2624584717608,0.06373231886081873
-425.2425249169435,0.06060420694918732
-425.22259136212625,0.05763286482166477
-425.202657807309,0.05485655830050744
-425.18272425249177,0.05231828687722387
-425.16279069767444,0.050065166576810816
-425.14285714285717,0.04814688995319871
-425.1229235880399,0.04661299066613941
-425.1029900332226,0.0455088634141404
-425.08305647840535,0.04487093289560197
-425.063122923588,0.0447219155375332
-425.04318936877075,0.045067465491815006
-425.0232558139535,0.04589529869645418
-425.00332225913627,0.0471771020190534
-424.983388704319,0.048872567165617976
-424.96345514950167,0.0509343028395887
-424.9435215946844,0.05331241880113111
-424.9235880398671,0.055958045747359846
-424.90365448504986,0.058825590214770115
-424.8837209302326,0.06187388482440297
-424.8637873754153,0.0650665391421565
-424.84385382059804,0.06837179360272479
-424.82392026578077,0.0717621112751105
-424.8039867109635,0.07521366438612118
-424.78405315614623,0.07870580868072898
-424.76411960132896,0.08222059430113599
-424.74418604651163,0.08574233417623098
-424.72425249169436,0.08925723514559537
-424.7043189368771,0.09275308891383843
-424.6843853820598,0.09621901632942559
-424.6644518272426,0.09964525738213306
-424.6445182724253,0.10302299948708235
-424.624584717608,0.10634423736935483
-424.60465116279073,0.10960165880118941
-424.58471760797346,0.1127885513817553
-424.5647840531562,0.11589872640086588
-424.54485049833886,0.11892645656156359
-424.5249169435216,0.12186642495001962
-424.5049833887043,0.12471368314465789
-424.4850498338871,0.12746361676502327
-424.46511627906983,0.1301119170900966
-424.4451827242525,0.13265455763986933
-424.42524916943523,0.1350877748257895
-424.40531561461796,0.13740805194499514
-424.3853820598007,0.1396121059292518
-424.3654485049834,0.1416968763685881
-424.3455149501661,0.1436595164171774
-424.3255813953489,0.14549738526010866
-424.3056478405316,0.14720804187677689
-424.28571428571433,0.14878923988332976
-424.26578073089706,0.1502389232744935
-424.24584717607974,0.1515552229162418
-424.22591362126246,0.15273645366645722
-424.2059800664452,0.1537811120217982
-424.1860465116279,0.15468787420671726
-424.16611295681065,0.15545559463547126
-424.1461794019934,0.15608330469033369
-424.1262458471761,0.15657021177019106
-424.10631229235884,0.1569156985727524
-424.08637873754157,0.1571193225819931
-424.0664451827243,0.15718081573967627
-424.04651162790697,0.1571000842865343
-424.0265780730897,0.15687720876494402
-424.0066445182724,0.15651244418103596
-423.98671096345515,0.15600622033013933
-423.96677740863794,0.15535914229556824
-423.9468438538206,0.15457199113715264
-423.92691029900334,0.15364572479282915
-423.90697674418607,0.1525814792241838
-423.8870431893688,0.15138056984534576
-423.8671096345515,0.1500444932843324
-423.84717607973425,0.1485749295373275
-423.8272425249169,0.14697374458949447
-423.80730897009965,0.1452429935917008
-423.78737541528244,0.14338492470126213
-423.76744186046517,0.14140198371727292
-423.7475083056479,0.13929681966846438
-423.72757475083057,0.1370722915447706
-423.7076411960133,0.13473147640419228
-423.687707641196,0.1322776791366442
-423.66777408637876,0.12971444422773093
-423.6478405315615,0.12704556994152316
-423.6279069767442,0.12427512543559442
-423.60797342192694,0.12140747143912609
-423.58803986710967,0.11844728527096622
-423.5681063122924,0.11539959115743623
-423.54817275747513,0.1122697970377868
-423.5282392026578,0.1090637393302922
-423.50830564784053,0.10578773748712862
-423.48837209302326,0.10244866060647027
-423.468438538206,0.09905400891208681
-423.4485049833888,0.09561201356891136
-423.42857142857144,0.09213175908575086
-423.4086378737542,0.08862333345608965
-423.3887043189369,0.0850980121620717
-423.36877076411963,0.08156848310563665
-423.34883720930236,0.07804912019772915
-423.3289036544851,0.07455631327400529
-423.30897009966776,0.07110886037607826
-423.2890365448505,0.06772842379870403
-423.2691029900333,0.06444004130808305
-423.249169435216,0.06127266506105712
-423.22923588039873,0.05825966833902689
-423.2093023255814,0.055439209521666664
-423.18936877076413,0.05285427239260009
-423.16943521594686,0.05055212142347196
-423.1495016611296,0.048582852536542466
-423.1295681063123,0.04699674954085018
-423.10963455149505,0.045840361832530284
-423.0897009966778,0.04515165019381762
-423.0697674418605,0.0449551097599679
-423.04983388704323,0.045258172251086984
-423.02990033222596,0.04605005082385772
-423.00996677740864,0.04730343289284986
-422.99003322259136,0.048978429849875896
-422.9700996677741,0.051027540763144405
-422.9501661129568,0.053400373803025925
-422.9302325581396,0.0560473260408032
-422.9102990033223,0.05892197584975325
-422.890365448505,0.06198232987265577
-422.87043189368774,0.06519123071866129
-422.85049833887047,0.06851623733186205
-422.8305647840532,0.07192922352681677
-422.81063122923587,0.07540586023872299
-422.7906976744186,0.07892508041958086
-422.7707641196013,0.08246857877744657
-422.7508305647841,0.08602036923843
-422.73089700996684,0.08956640623319727
-422.7109634551495,0.0930942672075276
-422.69102990033224,0.09659288985728888
-422.67109634551497,0.1000523563515266
-422.6511627906977,0.10346371693275598
-422.6312292358804,0.10681884602587367
-422.6112956810631,0.11011032494115087
-422.5913621262459,0.1133313462185988
-422.5714285714286,0.11647563553625646
-422.55149501661134,0.11953738786102129
-422.53156146179407,0.12251121515277372
-422.51162790697674,0.12539210345204804
-422.49169435215947,0.1281753776025804
-422.4717607973422,0.13085667219952446
-422.4518272425249,0.13343190762635648
-422.43189368770766,0.1358972702614723
-422.4119601328904,0.13824919611012068
-422.3920265780731,0.14048435725687253
-422.37209302325584,0.14259965064628852
-422.3521594684386,0.14459218878943353
-422.3322259136213,0.14645929206677705
-422.31229235880403,0.14819848235678557
-422.2923588039867,0.14980747776730344
-422.27242524916943,0.15128418828586196
-422.25249169435216,0.15262671219680207
-422.23255813953494,0.15383333313935366
-422.2126245847177,0.154902517702717
-422.19269102990035,0.1558329134718673
-422.1727574750831,0.1566233474532871
-422.1528239202658,0.15727282482253072
-422.13289036544853,0.1577805279463106
-422.11295681063126,0.15814581564155694
-422.09302325581393,0.15836822264189546
-422.07308970099666,0.15844745924961834
-422.05315614617945,0.1583834111579953
-422.0332225913622,0.15817613943488915
-422.0132890365449,0.15782588066503367
-421.9933554817276,0.15733304725400832
-421.9734219269103,0.15669822790333074
-421.95348837209303,0.15592218827213922
-421.93355481727576,0.15500587184804113
-421.9136212624585,0.15395040105699956
-421.8936877076412,0.15275707865059482
-421.87375415282395,0.15142738941860337
-421.8538205980067,0.1499630022858095
-421.8338870431894,0.14836577286506927
-421.81395348837214,0.1466377465539071
-421.79401993355486,0.14478116228031723
-421.77408637873754,0.1427984570254639
-421.75415282392026,0.14069227127757414
-421.734219269103,0.1384654556038258
-421.7142857142858,0.1361210785665873
-421.6943521594685,0.13366243625892843
-421.6744186046512,0.13109306379431138
-421.6544850498339,0.1284167491593635
-421.63455149501664,0.12563754993056506
-421.61461794019937,0.1227598134698454
-421.5946843853821,0.11978820135677419
-421.57475083056477,0.11672771899270434
-421.5548172757475,0.11358375153479733
-421.5348837209303,0.1103621075954453
-421.514950166113,0.10706907248911188
-421.49501661129574,0.1037114732385622
-421.4750830564784,0.1002967580827521
-421.45514950166114,0.09683309387454703
-421.43521594684387,0.09332948552840845
-421.4152823920266,0.08979592257224557
-421.3953488372093,0.08624355883863022
-421.37541528239205,0.08268493230246796
-421.3554817275748,0.07913423282236781
-421.3355481727575,0.07560762565397247
-421.31561461794024,0.07212363730495283
-421.29568106312297,0.06870360624986761
-421.27574750830564,0.06537219201009195
-421.25581395348837,0.06215791875797373
-421.2358803986711,0.05909369934375899
-421.2159468438538,0.05621723751184679
-421.1960132890366,0.05357113771506428
-421.1760797342193,0.05120247049311291
-421.156146179402,0.049161475130160635
-421.13621262458474,0.04749909130784668
-421.1162790697675,0.04626318595694845
-421.0963455149502,0.045493744181944865
-421.0764119601329,0.045217858048616076
-421.0564784053156,0.045445798855687614
-421.03654485049833,0.04616941838750016
-421.0166112956811,0.0473634382002498
-420.99667774086384,0.04898917248993394
-420.9767441860465,0.050999484302796785
-420.95681063122925,0.053343664468439356
-420.936877076412,0.05597133837928788
-420.9169435215947,0.05883507501891601
-420.89700996677743,0.061891799287909444
-420.87707641196016,0.0651033060826096
-420.85714285714283,0.06843619804041201
-420.8372093023256,0.07186150743309157
-420.81727574750835,0.07535418114972678
-420.7973421926911,0.07889253741285696
-420.7774086378738,0.08245775261642924
-420.7574750830565,0.0860334047277734
-420.7375415282392,0.0896050811962003
-420.71760797342193,0.09316004957823432
-420.69767441860466,0.0966869846200903
-420.67774086378745,0.10017574401226136
-420.6578073089701,0.1036171850286471
-420.63787375415285,0.1070030149636812
-420.6179401993356,0.11032566923731256
-420.5980066445183,0.11357821202098317
-420.57807308970104,0.11675425514090759
-420.5581395348837,0.11984789179912823
-420.53820598006644,0.12285364231026903
-420.51827242524917,0.12576640959319546
-420.49833887043195,0.12858144259587706
-420.4784053156147,0.13129430618588395
-420.45847176079735,0.13390085632301899
-420.4385382059801,0.13639721955784612
-420.4186046511628,0.13877977608217607
-420.39867109634554,0.14104514570300414
-420.37873754152827,0.14319017622839517
-420.358803986711,0.14521193384783565
-420.33887043189367,0.14710769516506714
-420.31893687707645,0.14887494060289583
-420.2990033222592,0.15051134894883633
-420.2790697674419,0.1520147928511638
-420.25913621262464,0.1533833351078359
-420.2392026578073,0.15461522561807112
-420.21926910299004,0.15570889888879172
-420.19933554817277,0.15666297200682422
-420.1794019933555,0.1574762430034159
-420.1594684385383,0.15814768955087075
-420.13953488372096,0.1586764679423266
-420.1196013289037,0.15906191231547664
-420.0996677740864,0.159303534089557
-420.07973421926914,0.15940102159253272
-420.05980066445187,0.1593542398623165
-420.03986710963454,0.1591632306122802
-420.01993355481727,0.1588282123576086
-420.0,0.15834958070489236
-419.9800664451828,0.15772790881371476
-419.9601328903655,0.15696394804518968
-419.9401993355482,0.1560586288194566
-419.9202657807309,0.15501306171133958
-419.90033222591364,0.1538285388220257
-419.8803986710964,0.15250653547394788
-419.8604651162791,0.15104871228718547
-419.8405315614618,0.14945691770851158
-419.8205980066445,0.14773319107947103
-419.8006644518273,0.14587976634801975
-419.78073089701,0.14389907655013906
-419.76079734219275,0.14179375921402979
-419.7408637873754,0.13956666287178754
-419.72093023255815,0.13722085490237157
-419.7009966777409,0.13475963097783117
-419.6810631229236,0.1321865264438033
-419.66112956810633,0.12950533003847436
-419.64119601328906,0.12672010044468332
-419.6212624584718,0.12383518628269594
-419.6013289036545,0.12085525029152451
-419.58139534883725,0.11778529862202829
-419.56146179402,0.11463071638411548
-419.54152823920265,0.11139731086401325
-419.5215946843854,0.10809136416880546
-419.5016611295681,0.104719697479202
-419.48172757475083,0.10128974961421397
-419.4617940199336,0.09780967324900385
-419.4418604651163,0.0942884528899649
-419.421926910299,0.09073604959760316
-419.40199335548175,0.08716357842543793
-419.3820598006645,0.0835835255225412
-419.3621262458472,0.08001001262788081
-419.34219269102994,0.07645911686992907
-419.3222591362126,0.07294925264050903
-419.30232558139534,0.06950161855172537
-419.2823920265781,0.06614070398466808
-419.26245847176085,0.0628948332332832
-419.2425249169436,0.05979669624432739
-419.22259136212625,0.05688376845842343
-419.202657807309,0.054198455487549785
-419.1827242524917,0.05178771724169771
-419.16279069767444,0.04970185652497299
-419.14285714285717,0.047992157004672444
-419.12292358803984,0.046707211828848474
-419.1029900332226,0.045888166622546085
-419.08305647840535,0.045563659638815104
-419.0631229235881,0.04574572079103704
-419.0431893687708,0.046427909422517094
-419.0232558139535,0.04758633773126139
-419.0033222591362,0.0491832181464256
-418.98338870431894,0.051171778028458056
-418.96345514950167,0.0535012113640193
-418.94352159468446,0.056120717561413645
-418.9235880398671,0.05898224857399166
-418.90365448504986,0.062042033778854075
-418.8837209302326,0.06526117123116842
-418.8637873754153,0.06860561063185992
-418.84385382059804,0.07204579686519542
-418.82392026578077,0.07555616145726732
-418.80398671096344,0.0791145771193091
-418.7840531561462,0.08270183815218138
-418.76411960132896,0.08630119582215362
-418.7441860465117,0.0898979581298747
-418.7242524916944,0.0934791529150503
-418.7043189368771,0.09703324833484502
-418.6843853820598,0.1005499229917405
-418.66445182724254,0.10401987786717112
-418.6445182724253,0.10743468286875486
-418.624584717608,0.11078665174196917
-418.6046511627907,0.11406874008490941
-418.58471760797346,0.11727446212025687
-418.5647840531562,0.1203978226774194
-418.5448504983389,0.12343326150980503
-418.52491694352165,0.12637560762629851
-418.5049833887043,0.12922004176636867
-418.48504983388705,0.13196206551166415
-418.4651162790698,0.1345974758185636
-418.4451827242525,0.13712234398978357
-418.4252491694353,0.13953299829019275
-418.40531561461796,0.14182600956160496
-418.3853820598007,0.14399817931154543
-418.3654485049834,0.14604652984737615
-418.34551495016615,0.14796829610501172
-418.3255813953489,0.14976091888426854
-418.30564784053155,0.1514220392539526
-418.2857142857143,0.1529494939311416
-418.265780730897,0.15434131147331717
-418.2458471760798,0.15559570914965623
-418.2259136212625,0.15671109038098874
-418.2059800664452,0.15768604265703287
-418.1860465116279,0.15851933585549746
-418.16611295681065,0.15920992090126093
-418.1461794019934,0.15975692871529343
-418.1262458471761,0.16015966941293996
-418.1063122923588,0.1604176317199067
-418.0863787375415,0.16053048258196898
-418.0664451827243,0.1604980669515856
-418.046511627907,0.16032040774090558
-418.02657807308975,0.15999770593716897
-418.0066445182724,0.15953034088234752
-417.98671096345515,0.15891887072523272
-417.9667774086379,0.1581640330605267
-417.9468438538206,0.1572667457762332
-417.92691029900334,0.15622810813832516
-417.90697674418607,0.15504940214978513
-417.8870431893688,0.15373209423071732
-417.8671096345515,0.15227783727719607
-417.84717607973425,0.15068847316914494
-417.827242524917,0.14896603581285875
-417.8073089700997,0.14711275482155478
-417.7873754152824,0.14513105995910727
-417.7674418604651,0.14302358649811947
-417.74750830564784,0.1407931816751721
-417.7275747508306,0.13844291246485396
-417.70764119601336,0.13597607494144096
-417.687707641196,0.13339620555568832
-417.66777408637876,0.1307070947261814
-417.6478405315615,0.1279128032341513
-417.6279069767442,0.12501768202179278
-417.60797342192694,0.12202639613262121
-417.5880398671096,0.11894395370521106
-417.56810631229234,0.11577574114745956
-417.54817275747513,0.1125275658882901
-417.52823920265786,0.10920570843974226
-417.5083056478406,0.10581698592018633
-417.48837209302326,0.10236882970469878
-417.468438538206,0.09886938049774224
-417.4485049833887,0.09532760487753504
-417.42857142857144,0.09175343824004581
-417.4086378737542,0.08815796004477842
-417.3887043189369,0.08455360825077138
-417.36877076411963,0.08095444064052286
-417.34883720930236,0.07737645098615711
-417.3289036544851,0.07383794701579852
-417.3089700996678,0.07035999365972566
-417.28903654485055,0.06696691705314517
-417.2691029900332,0.06368684908648611
-417.24916943521595,0.06055226452735573
-417.2292358803987,0.05760041786969646
-417.20930232558146,0.05487352193027182
-417.1893687707642,0.05241842957528803
-417.16943521594686,0.05028550738323868
-417.1495016611296,0.04852638032341557
-417.1295681063123,0.04719036509616484
-417.10963455149505,0.04631977139212246
-417.0897009966778,0.04594480137159463
-417.06976744186045,0.046079280996290134
-417.0498338870432,0.046718532625619424
-417.02990033222596,0.04784012238386055
-417.0099667774087,0.049407217546126266
-416.9900332225914,0.05137344768606233
-416.9700996677741,0.053687923979795785
-416.9501661129568,0.05629941177196324
-416.93023255813955,0.05915922161353081
-416.9102990033223,0.06222285344846129
-416.890365448505,0.06545067076397731
-416.8704318936877,0.06880793276838491
-416.85049833887047,0.07226446192499819
-416.8305647840532,0.07579414300988645
-416.8106312292359,0.07937437580913112
-416.79069767441865,0.08298554895988929
-416.7707641196013,0.08661056694440815
-416.75083056478405,0.09023444127925864
-416.7308970099668,0.09384394565373795
-416.7109634551495,0.09742732939175379
-416.6910299003323,0.10097408158997123
-416.67109634551497,0.10447473803577809
-416.6511627906977,0.10792072360426821
-416.6312292358804,0.11130422376050465
-416.61129568106315,0.11461807978473994
-416.5913621262459,0.11785570326652492
-416.57142857142856,0.1210110062275017
-416.5514950166113,0.12407834392020159
-416.531561461794,0.12705246791782493
-416.5116279069768,0.1299284875723012
-416.4916943521595,0.13270183829116697
-416.4717607973422,0.13536825538363803
-416.4518272425249,0.13792375246642635
-416.43189368770766,0.14036460361223654
-416.4119601328904,0.14268732857781774
-416.3920265780731,0.14488868057201393
-416.37209302325584,0.1469656361234841
-416.3521594684385,0.1489153866877097
-416.3322259136213,0.15073533169763947
-416.31229235880403,0.15242307281451487
-416.29235880398676,0.1539764091783183
-416.2724252491695,0.15539333349195103
-416.25249169435216,0.15667202880202893
-416.2325581395349,0.1578108658627614
-416.2126245847176,0.15880840098899945
-416.19269102990035,0.1596633743210015
-416.17275747508313,0.16037470843732168
-416.1528239202658,0.16094150726394874
-416.13289036544853,0.16136305523800312
-416.11295681063126,0.16163881669323438
-416.093023255814,0.16176843544227507
-416.0730897009967,0.1617517345379017
-416.0531561461794,0.16158871620206888
-416.0332225913621,0.16127956191776574
-416.01328903654485,0.16082463268492686
-415.99335548172763,0.16022446944780971
-415.97342192691036,0.15947979370756973
-415.95348837209303,0.15859150834068161
-415.93355481727576,0.1575606986511808
-415.9136212624585,0.1563886336929694
-415.8936877076412,0.1550767679078699
-415.87375415282395,0.15362674313571206
-415.8538205980067,0.15204039106560632
-415.83388704318935,0.1503197362121455
-415.81395348837214,0.14846699951811365
-415.79401993355486,0.1464846027064293
-415.7740863787376,0.14437517352970733
-415.7541528239203,0.14214155209682303
-415.734219269103,0.139786798493861
-415.7142857142857,0.1373142019632623
-415.69435215946845,0.13472729196222846
-415.6744186046512,0.13202985149202945
-415.6544850498339,0.1292259331775004
-415.63455149501664,0.12631987868471337
-415.61461794019937,0.12331634220055462
-415.5946843853821,0.12022031886694864
-415.5747508305648,0.1170371792740992
-415.55481727574755,0.11377271138116642
-415.5348837209302,0.11043317156263373
-415.51495016611295,0.10702534688846858
-415.4950166112957,0.10355663125323977
-415.47508305647847,0.1000351185893811
-415.4551495016612,0.09646971714633404
-415.43521594684387,0.0928702896921526
-415.4152823920266,0.08924782547376711
-415.3953488372093,0.08561465078372194
-415.37541528239205,0.08198468585246012
-415.3554817275748,0.0783737561709082
-415.33554817275746,0.07479996559655669
-415.3156146179402,0.07128413555289365
-415.29568106312297,0.06785030735990236
-415.2757475083057,0.06452629019668542
-415.2558139534884,0.06134421108427716
-415.2358803986711,0.05834098046083321
-415.2159468438538,0.05555852361583759
-415.19601328903656,0.05304354757372687
-415.1760797342193,0.050846535434405565
-415.156146179402,0.04901963654979462
-415.1362126245847,0.0476132352924603
-415.1162790697675,0.04667131612546568
-415.0963455149502,0.04622628625886209
-415.07641196013293,0.04629445740776508
-415.05647840531566,0.0468735440057656
-415.03654485049833,0.04794303473288212
-415.01661129568106,0.04946730468657256
-414.9966777408638,0.05140042504615354
-414.9767441860465,0.05369129592364835
-414.9568106312293,0.056288016431595804
-414.936877076412,0.05914097866686754
-414.9169435215947,0.06220467418135207
-414.89700996677743,0.06543847643999665
-414.87707641196016,0.06880673370441974
-414.8571428571429,0.07227846301387279
-414.8372093023256,0.07582685434785341
-414.8172757475083,0.07942871682579561
-414.797342192691,0.08306394081124754
-414.7774086378738,0.08671501165994898
-414.75747508305653,0.09036658811843816
-414.73754152823926,0.09400514601843739
-414.71760797342193,0.09761868193114326
-414.69767441860466,0.1011964691153317
-414.6777408637874,0.10472885770401125
-414.6578073089701,0.10820711162231746
-414.63787375415285,0.11162327565465828
-414.6179401993355,0.11497006709002058
-414.5980066445183,0.11824078732898138
-414.57807308970104,0.12142924967739231
-414.55813953488376,0.12452972026373321
-414.5382059800665,0.1275368696063404
-414.51827242524917,0.1304457328365865
-414.4983388704319,0.13325167697181012
-414.4784053156146,0.13595037394312473
-414.45847176079735,0.1385377783327124
-414.43853820598014,0.14101010897477942
-414.4186046511628,0.14336383373422432
-414.39867109634554,0.14559565690501283
-414.37873754152827,0.14770250877337693
-414.358803986711,0.14968153697344933
-414.3388704318937,0.1515300993302192
-414.31893687707645,0.1532457579385456
-414.2990033222591,0.1548262742713715
-414.27906976744185,0.15626960514611787
-414.25913621262464,0.15757389940784003
-414.23920265780737,0.15873749521220035
-414.2192691029901,0.15975891781141857
-414.19933554817277,0.1606368777633647
-414.1794019933555,0.1613702694981828
-414.1594684385382,0.1619581701888884
-414.13953488372096,0.1623998388828338
-414.1196013289037,0.16269471586000928
-414.09966777408636,0.16284242219218384
-414.07973421926914,0.16284275948410126
-414.05980066445187,0.16269570978472736
-414.0398671096346,0.1624014356629366
-414.0199335548173,0.16196028044805702
-414.0,0.16137276864216835
-413.98006644518273,0.16063960651718717
-413.96013289036546,0.15976168291684428
-413.9401993355482,0.15874007029081227
-413.9202657807309,0.15757602599665996
-413.90033222591364,0.1562709939144503
-413.8803986710964,0.1548266064296275
-413.8604651162791,0.153244686852243
-413.84053156146183,0.151527252355319
-413.82059800664456,0.1496765175325201
-413.80066445182723,0.14769489869652025
-413.78073089700996,0.14558501906438776
-413.7607973421927,0.14334971500733024
-413.7408637873755,0.140992043579291
-413.7209302325582,0.1385152915849919
-413.7009966777409,0.13592298650410714
-413.6810631229236,0.13321890965825364
-413.66112956810633,0.13040711209341982
-413.64119601328906,0.1274919337578946
-413.6212624584718,0.12447802668924866
-413.60132890365446,0.12137038309057291
-413.5813953488372,0.11817436938441736
-413.56146179402,0.11489576759334702
-413.5415282392027,0.11154082572069812
-413.52159468438543,0.10811631920966576
-413.5016611295681,0.10462962605901924
-413.48172757475083,0.10108881878694362
-413.46179401993356,0.09750277717406683
-413.4418604651163,0.09388132658676542
-413.421926910299,0.09023540766267626
-413.40199335548175,0.0865772841646324
-413.3820598006645,0.0829207967184801
-413.3621262458472,0.07928167061812258
-413.34219269102994,0.07567788529182115
-413.32225913621266,0.07213011027684942
-413.3023255813954,0.06866220578690542
-413.28239202657807,0.0653017722424974
-413.2624584717608,0.062080708241920565
-413.2425249169435,0.05903569522352984
-413.2225913621263,0.056208465345868944
-413.20265780730904,0.053645628900394725
-413.1827242524917,0.0513977570873714
-413.16279069767444,0.04951738294239148
-413.14285714285717,0.04805567978891749
-413.1229235880399,0.04705788981620115
-413.1029900332226,0.04655810866649042
-413.0830564784053,0.046574594191726916
-413.063122923588,0.04710698226002803
-413.0431893687708,0.04813635572047286
-413.02325581395354,0.049628141053573466
-413.00332225913627,0.05153685104823207
-412.98338870431894,0.053811287941012184
-412.96345514950167,0.056399061636180546
-412.9435215946844,0.05924984576437134
-412.9235880398671,0.06231731917025651
-412.90365448504986,0.06556004186619101
-412.8837209302326,0.06894160271711229
-412.8637873754153,0.07243033932950158
-412.84385382059804,0.07599884951259726
-412.82392026578077,0.07962343425049902
-412.8039867109635,0.08328355149962843
-412.78405315614623,0.08696131984097441
-412.7641196013289,0.09064108679119437
-412.74418604651163,0.09430906328393077
-412.72425249169436,0.09795301931519589
-412.70431893687714,0.10156203313096941
-412.6843853820599,0.10512628580956414
-412.66445182724254,0.10863689358471842
-412.6445182724253,0.11208577117046287
-412.624584717608,0.11546552036913693
-412.60465116279073,0.118769339217028
-412.58471760797346,0.12199094778353657
-412.56478405315613,0.1251245274708545
-412.54485049833886,0.12816467126718847
-412.52491694352165,0.13110634290055265
-412.5049833887044,0.13394484323951195
-412.4850498338871,0.13667578260798963
-412.4651162790698,0.13929505793848004
-412.4451827242525,0.14179883389338233
-412.42524916943523,0.14418352724905958
-412.40531561461796,0.14644579396898513
-412.3853820598007,0.14858251849835924
-412.36544850498336,0.15059080489767926
-412.34551495016615,0.15246796950183214
-412.3255813953489,0.154211534846722
-412.3056478405316,0.15581922465107362
-412.28571428571433,0.1572889596778487
-412.265780730897,0.15861885433018583
-412.24584717607974,0.15980721386177085
-412.22591362126246,0.16085253210229497
-412.2059800664452,0.16175348961602143
-412.1860465116279,0.16250895222596118
-412.16611295681065,0.16311796984865665
-412.1461794019934,0.1635797755951328
-412.1262458471761,0.16389378510281152
-412.10631229235884,0.1640595960713851
-412.08637873754157,0.16407698798304973
-412.06644518272424,0.1639459219942428
-412.04651162790697,0.16366654099245864
-412.0265780730897,0.16323916981796222
-412.0066445182725,0.16266431565649575
-411.9867109634552,0.16194266861539897
-411.9667774086379,0.1610751025024369
-411.9468438538206,0.16006267583384212
-411.92691029900334,0.1589066331063985
-411.90697674418607,0.15760840637749313
-411.8870431893688,0.15616961720751849
-411.8671096345515,0.15459207903160763
-411.8471760797342,0.15287780004184864
-411.827242524917,0.15102898667851133
-411.8073089700997,0.1490480478493726
-411.78737541528244,0.1469376000210758
-411.76744186046517,0.14470047335649477
-411.74750830564784,0.14233971910892737
-411.72757475083057,0.1398586185287969
-411.7076411960133,0.13726069359376805
-411.687707641196,0.13454971994154868
-411.66777408637876,0.1317297424689995
-411.6478405315615,0.12880509416620312
-411.6279069767442,0.1257804188848735
-411.60797342192694,0.1226606989035095
-411.58803986710967,0.1194512883556555
-411.5681063122924,0.11615795384227716
-411.5481727574751,0.11278692386745683
-411.5282392026578,0.10934494913274627
-411.50830564784053,0.10583937621621696
-411.4883720930233,0.10227823776468627
-411.46843853820604,0.09867036305624893
-411.4485049833887,0.09502551365115922
-411.42857142857144,0.09135454982695358
-411.4086378737542,0.08766963452893013
-411.3887043189369,0.08398448251600014
-411.36877076411963,0.08031466294405529
-411.34883720930236,0.07667796323136575
-411.32890365448503,0.07309481966210672
-411.3089700996678,0.06958881404987843
-411.28903654485055,0.06618722310007853
-411.2691029900333,0.06292158378191118
-411.249169435216,0.05982819889670533
-411.2292358803987,0.05694844755711543
-411.2093023255814,0.05432868619527047
-411.18936877076413,0.05201944246456299
-411.16943521594686,0.05007356057580865
-411.1495016611296,0.04854303129954422
-411.1295681063123,0.04747452415399161
-411.10963455149505,0.04690415468860985
-411.0897009966778,0.04685260293821202
-411.0697674418605,0.047321984710283316
-411.04983388704323,0.048295526643039544
-411.0299003322259,0.04974015962035243
-411.00996677740864,0.05161114078082989
-410.99003322259136,0.053857317887994166
-410.97009966777415,0.05642582113144461
-410.9501661129569,0.059265522179039555
-410.93023255813955,0.062329151065240236
-410.9102990033223,0.06557429713826818
-410.890365448505,0.06896363232894528
-410.87043189368774,0.07246466866252348
-410.85049833887047,0.0760492823433331
-410.83056478405314,0.07969315487221318
-410.81063122923587,0.08337521774654845
-410.79069767441865,0.087077144216996
-410.7707641196014,0.09078290537891996
-410.7508305647841,0.09447839333621269
-410.7308970099668,0.09815110692982959
-410.7109634551495,0.10178989251448968
-410.69102990033224,0.10538473154811688
-410.67109634551497,0.10892656717189879
-410.6511627906977,0.11240716285297771
-410.63122923588037,0.11581898719055994
-410.61129568106315,0.11915511998012926
-410.5913621262459,0.12240917551563575
-410.5714285714286,0.125575239864392
-410.55149501661134,0.12864781947587156
-410.531561461794,0.13162179899740725
-410.51162790697674,0.13449240658365852
-410.49169435215947,0.13725518531942352
-410.4717607973422,0.13990596964185154
-410.4518272425249,0.1424408658614278
-410.43189368770766,0.1448562360518398
-410.4119601328904,0.14714868471543213
-410.3920265780731,0.14931504774089988
-410.37209302325584,0.1513523832579552
-410.3521594684386,0.15325796406518832
-410.3322259136213,0.15502927136474048
-410.312292358804,0.15666398958473543
-410.2923588039867,0.1581600021080702
-410.2724252491695,0.15951538775813323
-410.2524916943522,0.1607284179173998
-410.23255813953494,0.16179755417654235
-410.2126245847176,0.1627214464293228
-410.19269102990035,0.16349893134378177
-410.1727574750831,0.16412903115268296
-410.1528239202658,0.1646109527173836
-410.13289036544853,0.1649440868284992
-410.1129568106312,0.1651280077153019
-410.093023255814,0.16516247274318294
-410.0730897009967,0.16504742228552888
-410.05315614617945,0.16478297976277156
-410.0332225913622,0.16436945184775467
-410.01328903654485,0.16380732884282617
-409.9933554817276,0.1630972852404862
-409.9734219269103,0.1622401804862402
-409.95348837209303,0.1612370599696081
-409.93355481727576,0.16008915627740006
-409.9136212624585,0.15879789075254255
-409.8936877076412,0.15736487541209332
-409.87375415282395,0.15579191529051703
-409.8538205980067,0.154081011288449
-409.8338870431894,0.15223436362429446
-409.81395348837214,0.15025437600634683
-409.7940199335548,0.14814366066776613
-409.77408637873754,0.14590504443630825
-409.7541528239203,0.1435415760472639
-409.73421926910305,0.1410565349521341
-409.7142857142858,0.13845344193030107
-409.69435215946845,0.13573607187821873
-409.6744186046512,0.13290846923397745
-409.6544850498339,0.12997496659855928
-409.63455149501664,0.12694020724398303
-409.61461794019937,0.12380917235938049
-409.59468438538204,0.120587214086824
-409.5747508305648,0.1172800956499124
-409.55481727574755,0.1138940401918075
-409.5348837209303,0.1104357903299761
-409.514950166113,0.1069126809194133
-409.4950166112957,0.10333272811123029
-409.4750830564784,0.09970473851486522
-409.45514950166114,0.09603844312708829
-409.43521594684387,0.09234466166638854
-409.4152823920266,0.08863550399420189
-409.3953488372093,0.08492461627985808
-409.37541528239205,0.08122748019189907
-409.3554817275748,0.07756177313101026
-409.3355481727575,0.07394779537624117
-409.31561461794024,0.07040896431304085
-409.2956810631229,0.06697236394232954
-409.27574750830564,0.06366931563441236
-409.25581395348837,0.060535898461735814
-409.23588039867116,0.05761328962603933
-409.2159468438539,0.0549477173584241
-409.19601328903656,0.052589733781209846
-409.1760797342193,0.050592464170008976
-409.156146179402,0.04900854835892982
-409.13621262458474,0.04788575291896216
-409.1162790697675,0.047261732974110376
-409.09634551495014,0.047159017445614765
-409.0764119601329,0.04758162694353276
-409.05647840531566,0.04851444874260535
-409.0365448504984,0.04992558972804618
-409.0166112956811,0.05177089356899545
-408.9966777408638,0.053999242561673266
-408.9767441860465,0.056557379516846154
-408.95681063122925,0.05939352512273198
-408.936877076412,0.062459634781166375
-408.9169435215947,0.06571250105286032
-408.89700996677743,0.06911403935098326
-408.87707641196016,0.07263107723473493
-408.8571428571429,0.07623488977921941
-408.8372093023256,0.07990063992942215
-408.81727574750835,0.08360681629213074
-408.7973421926911,0.08733471551391798
-408.77740863787375,0.09106798859504153
-408.7574750830565,0.09479225492202098
-408.7375415282392,0.09849477995052275
-408.71760797342193,0.10216420913038794
-408.6976744186047,0.10579034978035108
-408.6777408637874,0.10936399296256934
-408.6578073089701,0.11287676828059977
-408.63787375415285,0.11632102555785469
-408.6179401993356,0.11968973836262747
-408.5980066445183,0.12297642524999113
-408.578073089701,0.12617508536390512
-408.5581395348837,0.12928014568615193
-408.5382059800665,0.13228641774457273
-408.5182724252492,0.1351890620189093
-408.49833887043195,0.13798355862457942
-408.4784053156146,0.14066568312929456
-408.45847176079735,0.143231486576667
-408.4385382059801,0.14567727896681526
-408.4186046511628,0.1479996155844758
-408.39867109634554,0.15019528567815565
-408.37873754152827,0.1522613030845693
-408.358803986711,0.15419489846590914
-408.3388704318937,0.15599351288680757
-408.31893687707645,0.15765479250589404
-408.2990033222592,0.15917658419629332
-408.2790697674419,0.16055693194144416
-408.2591362126246,0.16179407387924102
-408.2392026578073,0.1628864398893329
-408.21926910299004,0.16383264963679064
-408.19933554817277,0.16463151100067167
-408.17940199335555,0.16528201882902702
-408.1594684385382,0.16578335397301075
-408.13953488372096,0.16613488256249181
-408.1196013289037,0.16633615549398623
-408.0996677740864,0.16638690810948073
-408.07973421926914,0.16628706005158692
-408.0598006644518,0.16603671528722827
-408.03986710963454,0.16563616229822223
-408.0199335548173,0.16508587444361206
-408.00000000000006,0.16438651050493966
-407.9800664451828,0.16353891543248217
-407.96013289036546,0.16254412131781149
-407.9401993355482,0.16140334862602193
-407.9202657807309,0.16011800773022156
-407.90033222591364,0.15868970080104447
-407.8803986710964,0.15712022411632953
-407.86046511627904,0.1554115708699719
-407.84053156146183,0.1535659345760454
-407.82059800664456,0.1515857131842231
-407.8006644518273,0.14947351404688833
-407.78073089701,0.14723215990754254
-407.7607973421927,0.1448646961159481
-407.7408637873754,0.14237439931904067
-407.72093023255815,0.13976478793049352
-407.7009966777409,0.13703963474783218
-407.6810631229236,0.13420298216828735
-407.66112956810633,0.1312591605559476
-407.64119601328906,0.12821281043991642
-407.6212624584718,0.12506890938089785
-407.6013289036545,0.12183280454131652
-407.58139534883725,0.11851025224089519
-407.5614617940199,0.11510746608800893
-407.54152823920265,0.1116311756616117
-407.5215946843854,0.10808869819524103
-407.50166112956816,0.10448802630163856
-407.4817275747509,0.10083793548896991
-407.46179401993356,0.09714811606688599
-407.4418604651163,0.09342933501289108
-407.421926910299,0.08969363441876924
-407.40199335548175,0.08595457414015995
-407.3820598006645,0.08222752696566084
-407.3621262458472,0.07853003449552602
-407.3421926910299,0.07488223004254543
-407.32225913621266,0.07130732963748779
-407.3023255813954,0.06783218103905596
-407.2823920265781,0.06448783962900116
-407.26245847176085,0.06131010413030612
-407.2425249169435,0.05833988919244126
-407.22259136212625,0.05562323502618646
-407.202657807309,0.053210667957501345
-407.1827242524917,0.05115556724683264
-407.16279069767444,0.04951123612782355
-407.14285714285717,0.04832661358944407
-407.1229235880399,0.047641044458674814
-407.1029900332226,0.047479129525534965
-407.08305647840535,0.047847065916397
-407.0631229235881,0.04873167920526914
-407.04318936877075,0.0501024891204277
-407.0232558139535,0.051916088599496577
-407.0033222591362,0.054121472687500546
-406.98338870431894,0.056665000500104944
-406.9634551495017,0.05949419183167843
-406.9435215946844,0.06256014637103498
-406.9235880398671,0.0658187659379988
-406.90365448504986,0.06923111501718282
-406.8837209302326,0.07276324897014413
-406.8637873754153,0.07638576398934514
-406.84385382059804,0.08007323757014083
-406.8239202657807,0.08380365893764014
-406.8039867109635,0.08755790096017768
-406.78405315614623,0.09131925539106232
-406.76411960132896,0.09507303649062346
-406.7441860465117,0.098806249505029
-406.72425249169436,0.10250731673951459
-406.7043189368771,0.10616585287939292
-406.6843853820598,0.10977248146729686
-406.66445182724254,0.11331868529211273
-406.6445182724253,0.11679668448213153
-406.624584717608,0.12019933712102412
-406.60465116279073,0.12352005813062641
-406.58471760797346,0.12675275295888033
-406.5647840531562,0.12989176327352542
-406.5448504983389,0.1329318224044792
-406.5249169435216,0.13586801871706342
-406.5049833887043,0.13869576545167842
-406.48504983388705,0.14141077584866338
-406.4651162790698,0.14400904260383598
-406.44518272425256,0.14648682088146367
-406.42524916943523,0.14884061425678044
-406.40531561461796,0.15106716307646909
-406.3853820598007,0.15316343481940342
-406.3654485049834,0.1551266161153805
-406.34551495016615,0.1569541061407115
-406.3255813953488,0.1586435111591842
-406.30564784053155,0.16019264001730893
-406.28571428571433,0.16159950043599777
-406.26578073089706,0.1628622959679296
-406.2458471760798,0.1639794235125876
-406.22591362126246,0.16494947129955298
-406.2059800664452,0.16577121726657398
-406.1860465116279,0.16644362777217234
-406.16611295681065,0.166965856593919
-406.1461794019934,0.16733724417350704
-406.12624584717605,0.16755731707836585
-406.10631229235884,0.1676257876572948
-406.08637873754157,0.16754255387481806
-406.0664451827243,0.16730769931554998
-406.046511627907,0.16692149335628906
-406.0265780730897,0.16638439150992324
-406.0066445182724,0.16569703595168572
-405.98671096345515,0.1648602562451087
-405.9667774086379,0.16387507029222095
-405.9468438538206,0.16274268554075177
-405.92691029900334,0.16146450048985223
-405.90697674418607,0.16004210654639686
-405.8870431893688,0.15847729029570273
-405.8671096345515,0.15677203626458516
-405.84717607973425,0.15492853027123482
-405.827242524917,0.15294916347625928
-405.80730897009965,0.1508365372730162
-405.7873754152824,0.14859346918433236
-405.76744186046517,0.14622299996777688
-405.7475083056479,0.14372840217458369
-405.7275747508306,0.1411131904602213
-405.7076411960133,0.13838113400952345
-405.687707641196,0.13553627151982064
-405.66777408637876,0.1325829292854803
-405.6478405315615,0.12952574305148196
-405.6279069767442,0.1263696844588435
-405.6079734219269,0.12312009309839379
-405.58803986710967,0.1197827154315208
-405.5681063122924,0.11636375213935572
-405.54817275747513,0.11286991583894437
-405.52823920265786,0.10930850157368029
-405.50830564784053,0.10568747306241928
-405.48837209302326,0.102015568394282
-405.468438538206,0.09830242969386019
-405.4485049833887,0.09455876224844889
-405.42857142857144,0.09079652964268702
-405.4086378737542,0.08702919247439383
-405.3887043189369,0.08327199898515893
-405.36877076411963,0.07954233595298611
-405.34883720930236,0.07586014658775939
-405.3289036544851,0.07224841742521992
-405.3089700996678,0.06873372584998726
-405.2890365448505,0.06534682013950305
-405.2691029900332,0.062123169788315
-405.24916943521595,0.05910337012538703
-405.22923588039873,0.056333210005762066
-405.20930232558146,0.05386312409099237
-405.18936877076413,0.051746685619316356
-405.16943521594686,0.050037821206710846
-405.1495016611296,0.04878664161709955
-405.1295681063123,0.04803424026524846
-405.10963455149505,0.047807419990960325
-405.0897009966777,0.04811474922733907
-405.0697674418605,0.04894522290575727
-405.04983388704323,0.05026999974145077
-405.02990033222596,0.0520466056119928
-405.0099667774087,0.05422426873775675
-404.99003322259136,0.05674902043445016
-404.9700996677741,0.05956768313303198
-404.9501661129568,0.06263046912343227
-404.93023255813955,0.06589233850323589
-404.9102990033223,0.0693134464693708
-404.890365448505,0.07285901806948797
-404.87043189368774,0.07649891691870574
-404.85049833887047,0.08020708762533832
-404.8305647840532,0.08396097927502376
-404.8106312292359,0.08774100654450732
-404.7906976744186,0.09153007319113464
-404.7707641196013,0.0953131644775819
-404.75083056478405,0.09907700567731938
-404.7308970099668,0.10280977960199797
-404.71096345514957,0.10650089476964576
-404.69102990033224,0.11014079598106445
-404.67109634551497,0.11372080988328657
-404.6511627906977,0.11723301913649703
-404.6312292358804,0.12067015984339638
-404.61129568106315,0.12402553784760344
-404.5913621262458,0.12729296032483237
-404.57142857142856,0.13046667977326185
-404.55149501661134,0.13354134806983273
-404.53156146179407,0.13651197871322496
-404.5116279069768,0.1393739157397482
-404.49169435215947,0.1421228080915373
-404.4717607973422,0.14475458845087608
-404.4518272425249,0.14726545574204622
-404.43189368770766,0.14965186065250224
-404.4119601328904,0.15191049364541462
-404.3920265780731,0.15403827503266926
-404.37209302325584,0.1560323467553506
-404.3521594684386,0.15789006558184507
-404.3322259136213,0.15960899748510718
-404.31229235880403,0.1611869130021267
-404.29235880398676,0.16262178341301706
-404.27242524916943,0.16391177760507153
-404.25249169435216,0.16505525951055228
-404.2325581395349,0.16605078602607204
-404.2126245847176,0.16689710533782678
-404.1926910299004,0.16759315559062593
-404.1727574750831,0.16813806385020458
-404.1528239202658,0.1685311453186028
-404.13289036544853,0.16877190277113338
-404.11295681063126,0.16886002619160298
-404.093023255814,0.16879539258936901
-404.07308970099666,0.16857806598887087
-404.0531561461794,0.16820829758863878
-404.0332225913622,0.16768652609313978
-404.0132890365449,0.16701337822748366
-403.99335548172763,0.1661896694515027
-403.9734219269103,0.16521640489738715
-403.95348837209303,0.16409478056271531
-403.93355481727576,0.1628261847998812
-403.9136212624585,0.1614122001530113
-403.8936877076412,0.15985460560529688
-403.87375415282395,0.15815537931370713
-403.8538205980067,0.156316701924016
-403.8338870431894,0.1543409605790952
-403.81395348837214,0.15223075375657308
-403.79401993355486,0.14998889710045146
-403.7740863787376,0.1476184304460074
-403.75415282392026,0.14512262627910905
-403.734219269103,0.14250499992332466
-403.7142857142857,0.1397693218114203
-403.69435215946845,0.13691963227741466
-403.67441860465124,0.13396025940216524
-403.6544850498339,0.13089584056813064
-403.63455149501664,0.12773134852934523
-403.61461794019937,0.12447212299276747
-403.5946843853821,0.12112390894246813
-403.5747508305648,0.11769290323377828
-403.5548172757475,0.11418581135143882
-403.5348837209302,0.1106099166820974
-403.51495016611295,0.106973165212987
-403.49501661129574,0.10328426925195577
-403.47508305647847,0.09955283457973184
-403.45514950166114,0.09578951638780363
-403.43521594684387,0.09200621038666003
-403.4152823920266,0.08821628648540648
-403.3953488372093,0.08443487321700946
-403.37541528239205,0.08067920116944849
-403.3554817275747,0.07696901226104147
-403.3355481727575,0.07332703734598485
-403.31561461794024,0.06977953501704097
-403.29568106312297,0.0663568660339192
-403.2757475083057,0.06309404573757345
-403.25581395348837,0.060031165944264844
-403.2358803986711,0.05721350577414979
-403.2159468438538,0.05469106533267853
-403.19601328903656,0.0525171870199014
-403.1760797342193,0.050745940675482326
-403.156146179402,0.049428133125697944
-403.13621262458474,0.04860622625512385
-403.1162790697675,0.04830904099809379
-403.0963455149502,0.04854759948996645
-403.07641196013293,0.0493134176092211
-403.0564784053156,0.05057984234510303
-403.03654485049833,0.0523059643115577
-403.01661129568106,0.05444184737652011
-402.9966777408638,0.05693369365929782
-402.9767441860466,0.059727993747859504
-402.95681063122925,0.06277431017887991
-402.936877076412,0.06602679424746259
-402.9169435215947,0.06944474796255196
-402.89700996677743,0.07299257057601592
-402.87707641196016,0.07663936582828156
-402.8571428571429,0.08035840045962156
-402.83720930232556,0.08412653020019807
-402.81727574750835,0.08792365604760292
-402.7973421926911,0.0917322395474707
-402.7774086378738,0.0955368859645155
-402.75747508305653,0.09932399374325214
-402.7375415282392,0.10308146379874739
-402.71760797342193,0.10679846048073414
-402.69767441860466,0.11046521600148197
-402.6777408637874,0.11407287083141335
-402.6578073089701,0.11761334356347024
-402.63787375415285,0.12107922478065479
-402.6179401993356,0.1244636904151691
-402.5980066445183,0.1277604309171997
-402.57807308970104,0.13096359324922544
-402.55813953488376,0.13406773329633073
-402.53820598006644,0.13706777675003998
-402.51827242524917,0.13995898690015296
-402.4983388704319,0.14273693807127733
-402.4784053156146,0.14539749368357285
-402.4584717607974,0.14793678811081656
-402.4385382059801,0.15035121166460405
-402.4186046511628,0.15263739815821303
-402.39867109634554,0.15479221460379886
-402.37873754152827,0.1568127526776279
-402.358803986711,0.15869632165316538
-402.3388704318937,0.16044044255516685
-402.3189368770764,0.16204284333089353
-402.2990033222591,0.16350145487014803
-402.2790697674419,0.1648144077346738
-402.25913621262464,0.16598002948170074
-402.23920265780737,0.16699684248623292
-402.21926910299004,0.16786356218353465
-402.19933554817277,0.16857909566731236
-402.1794019933555,0.16914254059114192
-402.1594684385382,0.1695531843312334
-402.13953488372096,0.16981050337761214
-402.1196013289037,0.16991416292889006
-402.0996677740864,0.1698640166733757
-402.07973421926914,0.1696601067460142
-402.05980066445187,0.16930266385721876
-402.0398671096346,0.16879210759627228
-402.01993355481727,0.16812904691839342
-402.0,0.1673142808314229
-401.98006644518273,0.16634879930542532
-401.96013289036546,0.1652337844364121
-401.94019933554824,0.16397061190439308
-401.9202657807309,0.16256085277604743
-401.90033222591364,0.16100627571416207
-401.8803986710964,0.15930884966957723
-401.8604651162791,0.1574707471477672
-401.84053156146183,0.15549434816153399
-401.8205980066445,0.15338224500440203
-401.80066445182723,0.15113724800771383
-401.78073089700996,0.14876239247837164
-401.76079734219275,0.14626094705606954
-401.7408637873755,0.14363642378008248
-401.72093023255815,0.14089259021876596
-401.7009966777409,0.13803348409294444
-401.6810631229236,0.13506343092123113
-401.66112956810633,0.13198706533552396
-401.64119601328906,0.1288093568650394
-401.62126245847173,0.12553564117461025
-401.6013289036545,0.12217165797694496
-401.58139534883725,0.1187235971312886
-401.56146179402,0.1151981548055232
-401.5415282392027,0.11160260203232063
-401.5215946843854,0.10794486854916667
-401.5016611295681,0.1042336454946579
-401.48172757475083,0.10047851135092745
-401.46179401993356,0.09669008647228992
-401.4418604651163,0.09288022259001555
-401.421926910299,0.08906223473657755
-401.40199335548175,0.085251183876586
-401.3820598006645,0.08146421874269837
-401.3621262458472,0.0777209841673616
-401.34219269102994,0.07404409919912203
-401.32225913621266,0.07045969921859196
-401.30232558139534,0.06699801861953862
-401.28239202657807,0.06369395956857682
-401.2624584717608,0.060587542520109276
-401.2425249169436,0.0577240625240088
-401.2225913621263,0.05515368823711712
-401.202657807309,0.05293016571358431
-401.1827242524917,0.05110828880505924
-401.16279069767444,0.049739965983698384
-401.14285714285717,0.04886912448082494
-401.1229235880399,0.0485262932832481
-401.10299003322257,0.04872422000115091
-401.08305647840535,0.04945589327258687
-401.0631229235881,0.050695659254868936
-401.0431893687708,0.05240303689133246
-401.02325581395354,0.05452798670752218
-401.0033222591362,0.05701620720569023
-400.98338870431894,0.059813445363055974
-400.96345514950167,0.06286842115660361
-400.9435215946844,0.06613444487089769
-400.9235880398671,0.06957003845152228
-400.90365448504986,0.07313890963519644
-400.8837209302326,0.07680956609728114
-400.8637873754153,0.08055476926406727
-400.84385382059804,0.0843509502063396
-400.82392026578077,0.08817765414314313
-400.8039867109635,0.09201704425384838
-400.7840531561462,0.09585347459099455
-400.7641196013289,0.09967313079137956
-400.74418604651163,0.10346373211276885
-400.7242524916944,0.10721428648733923
-400.70431893687714,0.1109148901840105
-400.6843853820598,0.11455656438489387
-400.66445182724254,0.11813112199828901
-400.6445182724253,0.12163105909097446
-400.624584717608,0.1250494663030748
-400.60465116279073,0.12837995646272177
-400.5847176079734,0.13161660533585962
-400.56478405315613,0.13475390303784976
-400.5448504983389,0.13778671411400714
-400.52491694352165,0.14071024468384224
-400.5049833887044,0.14352001535440934
-400.48504983388705,0.14621183885747802
-400.4651162790698,0.14878180156409895
-400.4451827242525,0.1512262481899349
-400.42524916943523,0.15354176913234846
-400.40531561461796,0.1557251899832764
-400.3853820598007,0.15777356284441146
-400.3654485049834,0.15968415913841638
-400.34551495016615,0.16145446366395877
-400.3255813953489,0.1630821696866362
-400.3056478405316,0.16456517489398
-400.2857142857143,0.16590157807239495
-400.265780730897,0.16708967638842356
-400.24584717607974,0.16812796317712078
-400.22591362126246,0.1690151261572433
-400.20598006644525,0.16975004600765678
-400.1860465116279,0.1703317952512024
-400.16611295681065,0.17075963740319758
-400.1461794019934,0.1710330263508359
-400.1262458471761,0.17115160593798248
-400.10631229235884,0.17111520973734293
-400.0863787375415,0.17092386099905602
-400.06644518272424,0.1705777727711319
-400.04651162790697,0.1700773481939724
-400.02657807308975,0.16942318097749215
-400.0066445182725,0.16861605607639765
-399.98671096345515,0.1676569505863045
-399.9667774086379,0.16654703489145126
-399.9468438538206,0.1652876741035441
-399.92691029900334,0.16388042984142592
-399.90697674418607,0.1623270624129232
-399.8870431893688,0.16062953347383335
-399.8671096345515,0.1587900092550873
-399.84717607973425,0.15681086446843084
-399.827242524917,0.15469468702385245
-399.8073089700997,0.15244428372000918
-399.78737541528244,0.1500626871025867
-399.7674418604651,0.14755316372704363
-399.74750830564784,0.14491922411268374
-399.72757475083057,0.14216463473774366
-399.7076411960133,0.1392934325020918
-399.6877076411961,0.13630994218017906
-399.66777408637876,0.13321879750582935
-399.6478405315615,0.13002496667912047
-399.6279069767442,0.1267337832710789
-399.60797342192694,0.12335098373402376
-399.58803986710967,0.11988275301541516
-399.56810631229234,0.11633578013534476
-399.5481727574751,0.1127173260383961
-399.5282392026578,0.10903530658767918
-399.5083056478406,0.1052983942502631
-399.4883720930233,0.1015161428424712
-399.468438538206,0.09769914066092258
-399.4485049833887,0.09385919839319526
-399.42857142857144,0.09000957929179544
-399.4086378737542,0.0861652800091812
-399.3887043189369,0.08234337082717189
-399.36877076411963,0.0785634030213078
-399.34883720930236,0.0748478874520569
-399.3289036544851,0.07122283995444961
-399.3089700996678,0.0677183722589035
-399.28903654485055,0.06436927718560474
-399.2691029900333,0.06121550813630362
-399.24916943521595,0.05830238181622438
-399.2292358803987,0.05568024459957915
-399.2093023255814,0.053403262569659965
-399.18936877076413,0.05152698315914639
-399.1694352159469,0.0501044669598946
-399.1495016611296,0.04918118489663429
-399.1295681063123,0.04878948181787271
-399.10963455149505,0.048943959606224004
-399.0897009966778,0.049639210314982134
-399.0697674418605,0.05085068799862703
-399.0498338870432,0.052538407983631775
-399.0299003322259,0.05465224799208695
-399.00996677740864,0.05713738114865799
-398.9900332225914,0.059938759079191814
-398.97009966777415,0.06300419110721171
-398.9501661129568,0.066286073243218
-398.93023255813955,0.06974207641296798
-398.9102990033223,0.07333515229507731
-398.890365448505,0.07703315604485055
-398.87043189368774,0.08080829558720413
-398.8504983388704,0.08463653680509847
-398.83056478405314,0.08849703532790335
-398.8106312292359,0.09237162786042316
-398.79069767441865,0.09624439388258789
-398.7707641196014,0.10010128677064155
-398.75083056478405,0.1039298278686934
-398.7308970099668,0.10771885504340738
-398.7109634551495,0.11145831710097931
-398.69102990033224,0.11513910615608891
-398.67109634551497,0.11875292108066596
-398.6511627906977,0.1222921562490535
-398.6312292358804,0.12574981080594277
-398.61129568106315,0.12911941456356169
-398.5913621262459,0.13239496737508283
-398.5714285714286,0.135570889440709
-398.5514950166113,0.13864198049822082
-398.531561461794,0.14160338624900334
-398.51162790697674,0.14445057069061448
-398.49169435215947,0.14717929328322224
-398.47176079734226,0.1497855900820544
-398.4518272425249,0.15226575813207116
-398.43189368770766,0.15461634255228524
-398.4119601328904,0.1568341258428478
-398.3920265780731,0.15891611903270106
-398.37209302325584,0.16085955435455385
-398.3521594684386,0.16266187918923275
-398.33222591362124,0.16432075106693259
-398.312292358804,0.16583403354975293
-398.29235880398676,0.16719979285036005
-398.2724252491695,0.16841629506657826
-398.2524916943522,0.1694820039326397
-398.2325581395349,0.17039557900509528
-398.2126245847176,0.17115587421619607
-398.19269102990035,0.17176193673992218
-398.1727574750831,0.17221300612670362
-398.1528239202658,0.1725085136721282
-398.13289036544853,0.17264808199347978
-398.11295681063126,0.1726315247952771
-398.093023255814,0.17245884681224047
-398.0730897009967,0.17213024392451629
-398.05315614617945,0.17164610344681575
-398.0332225913621,0.17100700459938975
-398.01328903654485,0.17021371917583267
-397.9933554817276,0.1692672124297555
-397.9734219269103,0.16816864421031638
-397.9534883720931,0.1669193703854831
-397.93355481727576,0.16552094460171188
-397.9136212624585,0.16397512044032836
-397.8936877076412,0.1622838540443138
-397.87375415282395,0.16044930730494936
-397.8538205980067,0.15847385171670272
-397.8338870431894,0.15636007303128244
-397.8139534883721,0.15411077686902638
-397.7940199335548,0.15172899547900529
-397.7740863787376,0.14921799587942314
-397.7541528239203,0.14658128965959025
-397.73421926910305,0.14382264478546047
-397.7142857142857,0.14094609982590667
-397.69435215946845,0.1379559811101454
-397.6744186046512,0.13485692344236552
-397.6544850498339,0.13165389514362003
-397.63455149501664,0.12835222837101254
-397.61461794019937,0.1249576558887112
-397.5946843853821,0.12147635574558727
-397.5747508305648,0.1179150056643546
-397.55481727574755,0.11428084938150272
-397.5348837209303,0.11058177771447074
-397.51495016611295,0.10682642778884266
-397.4950166112957,0.10302430464775089
-397.4750830564784,0.09918593038890947
-397.45514950166114,0.09532302700758064
-397.4352159468439,0.0914487401855462
-397.4152823920266,0.0875779121751976
-397.3953488372093,0.08372741231537084
-397.37541528239205,0.07991653289039843
-397.3554817275748,0.0761674547843263
-397.3355481727575,0.07250577964149035
-397.3156146179402,0.06896110982420664
-397.2956810631229,0.06556762982318094
-397.27574750830564,0.06236459755546379
-397.2558139534884,0.0593965872411917
-397.23588039867116,0.05671324063041336
-397.2159468438538,0.05436820181542147
-397.19601328903656,0.05241688610874996
-397.1760797342193,0.050912853606821615
-397.156146179402,0.04990290971894041
-397.13621262458474,0.049421626160971524
-397.1162790697674,0.049486545695399474
-397.09634551495014,0.05009550319249198
-397.07641196013293,0.05122697634100929
-397.05647840531566,0.05284334119977871
-397.0365448504984,0.054895943772483524
-397.01661129568106,0.057330538516953175
-396.9966777408638,0.060091938773413706
-396.9767441860465,0.06312732490453393
-396.95681063122925,0.06638818833883864
-396.936877076412,0.06983118497038115
-396.9169435215947,0.07341825046386857
-396.89700996677743,0.07711628608778887
-396.87707641196016,0.08089663823373436
-396.8571428571429,0.08473451302904261
-396.8372093023256,0.08860840569307363
-396.81727574750835,0.09249958349030682
-396.797342192691,0.09639163670098716
-396.77740863787375,0.10027009867629932
-396.7574750830565,0.10412212953528915
-396.73754152823926,0.10793625548271978
-396.717607973422,0.11170215525058393
-396.69767441860466,0.11541048570996626
-396.6777408637874,0.11905273966248278
-396.6578073089701,0.12262112988307741
-396.63787375415285,0.1261084944958382
-396.6179401993356,0.12950821965632223
-396.59800664451825,0.13281417627116773
-396.578073089701,0.13602066811275532
-396.55813953488376,0.13912238919812803
-396.5382059800665,0.14211438871495574
-396.5182724252492,0.14499204210973293
-396.4983388704319,0.14775102721978406
-396.4784053156146,0.1503873045439332
-396.45847176079735,0.15289710091759387
-396.4385382059801,0.15527689599504624
-396.4186046511628,0.15752341105157094
-396.39867109634554,0.15963359970692179
-396.37873754152827,0.16160464024309418
-396.358803986711,0.1634339292474589
-396.3388704318937,0.1651190763594987
-396.31893687707645,0.1666578999379694
-396.2990033222592,0.16804842349704385
-396.27906976744185,0.16928887278597257
-396.2591362126246,0.1703776734086302
-396.2392026578073,0.17131344889734088
-396.2192691029901,0.17209501917062398
-396.1993355481728,0.1727213993175569
-396.1794019933555,0.173191798662456
-396.1594684385382,0.1735056200735088
-396.13953488372096,0.17366245948735107
-396.1196013289037,0.1736621056295874
-396.0996677740864,0.1735045399183805
-396.0797342192691,0.1731899365449534
-396.0598006644518,0.17271866273164588
-396.0398671096346,0.1720912791747481
-396.0199335548173,0.1713085406862363
-396.00000000000006,0.17037139705582435
-395.98006644518273,0.16928099416264586
-395.96013289036546,0.16803867537477107
-395.9401993355482,0.16664598328462638
-395.9202657807309,0.16510466183994188
-395.90033222591364,0.1634166589432032
-395.8803986710964,0.16158412960833307
-395.8604651162791,0.15960943978209435
-395.84053156146183,0.1574951709601362
-395.82059800664456,0.15524412575479843
-395.8006644518273,0.15285933460455114
-395.78073089700996,0.1503440638551638
-395.7607973421927,0.14770182549177976
-395.7408637873754,0.14493638886150337
-395.72093023255815,0.14205179480076763
-395.70099667774093,0.13905237267409878
-395.6810631229236,0.13594276094586302
-395.66112956810633,0.13272793204945144
-395.64119601328906,0.1294132224969239
-395.6212624584718,0.12600436939502446
-395.6013289036545,0.12250755481193863
-395.5813953488372,0.1189294597866547
-395.5614617940199,0.11527733020495005
-395.54152823920265,0.1115590573002972
-395.52159468438543,0.10778327619209709
-395.50166112956816,0.10395948666174258
-395.48172757475083,0.1000982012920109
-395.46179401993356,0.09621112713519715
-395.4418604651163,0.0923113881555526
-395.421926910299,0.08841379663855137
-395.40199335548175,0.08453518221987778
-395.3820598006645,0.08069478649347525
-395.36212624584715,0.07691472812477143
-395.34219269102994,0.07322053602588972
-395.32225913621266,0.06964173330067314
-395.3023255813954,0.06621242783873801
-395.2823920265781,0.06297182118822696
-395.2624584717608,0.05996448139691977
-395.2425249169435,0.05724014037270318
-395.22259136212625,0.05485269195032973
-395.202657807309,0.052858034658672164
-395.18272425249177,0.05131051058098643
-395.16279069767444,0.0502580294120578
-395.14285714285717,0.04973653434113873
-395.1229235880399,0.04976505643921771
-395.1029900332226,0.05034281775203639
-395.08305647840535,0.05144936656828011
-395.063122923588,0.05304769587115968
-395.04318936877075,0.05508929286014434
-395.0232558139535,0.05751965348398143
-395.00332225913627,0.06028305842726186
-394.983388704319,0.06332600879573437
-394.96345514950167,0.06659927155190531
-394.9435215946844,0.07005880008088076
-394.9235880398671,0.07366588656686322
-394.90365448504986,0.0773868632889247
-394.8837209302326,0.08119258420228018
-394.8637873754153,0.08505783440030286
-394.843853820598,0.0889607511448683
-394.82392026578077,0.09288229767658661
-394.8039867109635,0.09680580545757184
-394.78405315614623,0.1007165864624017
-394.76411960132896,0.10460161024130157
-394.74418604651163,0.10844923770718246
-394.72425249169436,0.11224900303466116
-394.7043189368771,0.11599143557522923
-394.6843853820598,0.11966791465601707
-394.6644518272426,0.12327055120629718
-394.6445182724253,0.12679209118403648
-394.624584717608,0.13022583668525625
-394.60465116279073,0.13356558139289926
-394.58471760797346,0.13680555766323133
-394.5647840531562,0.1399403930710944
-394.54485049833886,0.1429650746587066
-394.5249169435216,0.14587491947258538
-394.5049833887043,0.1486655502459793
-394.4850498338871,0.15133287530223377
-394.46511627906983,0.15387307192935842
-394.4451827242525,0.15628257261608136
-394.42524916943523,0.15855805365210626
-394.40531561461796,0.16069642568592502
-394.3853820598007,0.16269482590667836
-394.3654485049834,0.16455061157568113
-394.3455149501661,0.16626135468166495
-394.3255813953488,0.16782483753288166
-394.3056478405316,0.1692390491317022
-394.28571428571433,0.17050218220387384
-394.26578073089706,0.1716126307767374
-394.24584717607974,0.1725689882190296
-394.22591362126246,0.1733700456706716
-394.2059800664452,0.17401479080376878
-394.1860465116279,0.17450240686770893
-394.16611295681065,0.17483227198090934
-394.1461794019934,0.17500395864051305
-394.1262458471761,0.17501723342927983
-394.10631229235884,0.17487205690609
-394.08637873754157,0.17456858367341846
-394.0664451827243,0.17410716262170758
-394.04651162790697,0.17348833735741714
-394.0265780730897,0.1727128468282118
-394.0066445182724,0.17178162616611367
-393.98671096345515,0.17069580777741108
-393.96677740863794,0.16945672271673062
-393.9468438538206,0.16806590239264096
-393.92691029900334,0.1665250806635635
-393.90697674418607,0.16483619639601915
-393.8870431893688,0.16300139657271473
-393.8671096345515,0.16102304005677273
-393.84717607973425,0.15890370214034297
-393.8272425249169,0.1566461800329147
-393.80730897009965,0.15425349947692013
-393.78737541528244,0.1517289227181073
-393.76744186046517,0.1490759581065355
-393.7475083056479,0.14629837166392626
-393.72757475083057,0.1434002010268421
-393.7076411960133,0.14038577226657178
-393.687707641196,0.13725972020025634
-393.66777408637876,0.13402701294924213
-393.6478405315615,0.1306929816774471
-393.62790697674416,0.12726335666337868
-393.60797342192694,0.12374431113563426
-393.58803986710967,0.12014251464673924
-393.5681063122924,0.11646519818997632
-393.54817275747513,0.11272023379641877
-393.5282392026578,0.10891623200306114
-393.50830564784053,0.10506266137397477
-393.48837209302326,0.10116999519022193
-393.468438538206,0.09724989148411055
-393.4485049833888,0.09331541371269393
-393.42857142857144,0.08938130038516937
-393.4086378737542,0.08546429254628037
-393.3887043189369,0.08158352754073477
-393.36877076411963,0.07776100480250286
-393.34883720930236,0.0740221225925094
-393.3289036544851,0.07039627056255979
-393.30897009966776,0.06691743725709975
-393.2890365448505,0.06362474857230795
-393.2691029900333,0.060562787945339897
-393.249169435216,0.05778146286743789
-393.22923588039873,0.05533509301216355
-393.2093023255814,0.05328035181911222
-393.18936877076413,0.05167278308616766
-393.16943521594686,0.05056193456684094
-393.1495016611296,0.04998571764999664
-393.1295681063123,0.04996522599532763
-393.109634551495,0.0505015233916871
-393.0897009966778,0.051575489114305026
-393.0697674418605,0.05315077468310579
-393.04983388704323,0.05517885965951486
-393.02990033222596,0.05760470376334832
-393.00996677740864,0.06037171632570717
-392.99003322259136,0.06342537441664271
-392.9700996677741,0.06671540445781832
-392.9501661129568,0.0701967864942941
-392.9302325581396,0.07382994746536972
-392.9102990033223,0.07758047459351929
-392.890365448505,0.0814185925045091
-392.87043189368774,0.08531856029800261
-392.85049833887047,0.08925807752836552
-392.8305647840532,0.09321774315488804
-392.81063122923587,0.09718058443504224
-392.7906976744186,0.10113165782844147
-392.7707641196013,0.10505771664091938
-392.7508305647841,0.10894693716464897
-392.73089700996684,0.11278869443867381
-392.7109634551495,0.11657337926830073
-392.69102990033224,0.1202922491320227
-392.67109634551497,0.1239373067176318
-392.6511627906977,0.12750120089377961
-392.6312292358804,0.13097714586648443
-392.6112956810631,0.13435885507137324
-392.5913621262458,0.1376404870162746
-392.5714285714286,0.14081660083000275
-392.55149501661134,0.14388211971068673
-392.53156146179407,0.14683230081786072
-392.51162790697674,0.1496627104341946
-392.49169435215947,0.15236920344723368
-392.4717607973422,0.15494790638197967
-392.4518272425249,0.15739520335870968
-392.43189368770766,0.15970772446669418
-392.4119601328904,0.16188233613704803
-392.3920265780731,0.1639161331732971
-392.37209302325584,0.16580643215905874
-392.3521594684386,0.1675507660114388
-392.3322259136213,0.16914687948926937
-392.31229235880403,0.17059272549829324
-392.2923588039867,0.17188646206256783
-392.27242524916943,0.17302644985405702
-392.25249169435216,0.17401125019099167
-392.23255813953494,0.17483962343172682
-392.2126245847177,0.17551052770382888
-392.19269102990035,0.17602311792000286
-392.1727574750831,0.1763767450422249
-392.1528239202658,0.17657095556441635
-392.13289036544853,0.1766054911917436
-392.11295681063126,0.17648028870223864
-392.09302325581393,0.17619547998289453
-392.07308970099666,0.1757513922394321
-392.05315614617945,0.17514854838530433
-392.0332225913622,0.17438766762240732
-392.0132890365449,0.17346966623315135
-391.9933554817276,0.17239565861113973
-391.9734219269103,0.17116695856654376
-391.95348837209303,0.16978508095159645
-391.93355481727576,0.16825174366294107
-391.9136212624585,0.1665688700903457
-391.8936877076412,0.16473859209644157
-391.87375415282395,0.16276325363013808
-391.8538205980067,0.16064541509788605
-391.8338870431894,0.1583878586428225
-391.81395348837214,0.15599359451334344
-391.79401993355486,0.15346586874091703
-391.77408637873754,0.15080817239378677
-391.75415282392026,0.1480242527310042
-391.734219269103,0.14511812665219495
-391.7142857142858,0.14209409692692548
-391.6943521594685,0.13895677179682314
-391.6744186046512,0.13571108868029744
-391.6544850498339,0.13236234288008297
-391.63455149501664,0.12891622240721115
-391.61461794019937,0.1253788503016984
-391.5946843853821,0.12175683616395526
-391.57475083056477,0.11805733902774887
-391.5548172757475,0.11428814422253801
-391.5348837209303,0.11045775751095897
-391.514950166113,0.1065755205630047
-391.49501661129574,0.10265175275189707
-391.4750830564784,0.0986979253196473
-391.45514950166114,0.09472687510963719
-391.43521594684387,0.09075306616729192
-391.4152823920266,0.08679290827871886
-391.3953488372093,0.08286514139236391
-391.375415282392,0.07899129282515302
-391.3554817275748,0.07519620842265821
-391.3355481727575,0.07150864654643431
-391.31561461794024,0.06796190059331461
-391.29568106312297,0.0645943760746355
-391.27574750830564,0.0614499865641732
-391.25581395348837,0.0585781481109172
-391.2358803986711,0.056033057277278406
-391.2159468438538,0.0538718760861551
-391.1960132890366,0.05215150027843391
-391.1760797342193,0.050923859994943255
-391.156146179402,0.05023024034622146
-391.13621262458474,0.050095769535963515
-391.1162790697675,0.05052561977468381
-391.0963455149502,0.05150418940752727
-391.0764119601329,0.052997558277985635
-391.0564784053156,0.054958357202733066
-391.03654485049833,0.057331542042814924
-391.0166112956811,0.060059669598772916
-390.99667774086384,0.06308686323485095
-390.9767441860465,0.06636128740411207
-390.95681063122925,0.06983635476410976
-390.936877076412,0.07347103721635787
-390.9169435215947,0.0772296336512159
-390.89700996677743,0.08108126103257635
-390.87707641196016,0.08499924305721489
-390.85714285714283,0.08896049733747825
-390.8372093023256,0.09294497226710843
-390.81727574750835,0.09693515431081684
-390.7973421926911,0.10091564951289951
-390.7774086378738,0.10487283453712888
-390.7574750830565,0.10879456898893491
-390.7375415282392,0.11266995987430564
-390.71760797342193,0.11648916947183435
-390.69767441860466,0.12024325888067787
-390.67774086378745,0.12392406065439385
-390.6578073089701,0.12752407504353447
-390.63787375415285,0.13103638536178217
-390.6179401993356,0.13445458883614417
-390.5980066445183,0.13777274000333756
-390.57807308970104,0.14098530428694594
-390.5581395348837,0.1440871198525272
-390.53820598006644,0.1470733662090239
-390.51827242524917,0.14993953832210535
-390.49833887043195,0.1526814252424348
-390.4784053156147,0.15529509244173048
-390.45847176079735,0.1577768672013673
-390.4385382059801,0.16012332651999994
-390.4186046511628,0.16233128710453243
-390.39867109634554,0.16439779708772106
-390.37873754152827,0.16632012917938524
-390.358803986711,0.168095775010039
-390.33887043189367,0.16972244046800206
-390.31893687707645,0.17119804186552728
-390.2990033222592,0.17252070279801357
-390.2790697674419,0.17368875158391517
-390.25913621262464,0.17470071919243418
-390.2392026578073,0.1755553375828233
-390.21926910299004,0.17625153839277238
-390.19933554817277,0.1767884519254985
-390.1794019933555,0.177165406395481
-390.1594684385382,0.17738192740182834
-390.13953488372096,0.17743773760656908
-390.1196013289037,0.17733275660264902
-390.0996677740864,0.1770671009633634
-390.07973421926914,0.17664108447204055
-390.05980066445187,0.17605521853730394
-390.03986710963454,0.17531021280635808
-390.01993355481727,0.1744069759960516
-390.0,0.1733466169691947
-389.9800664451828,0.17213044609256842
-389.9601328903655,0.17075997692260475
-389.9401993355482,0.16923692827618553
-389.9202657807309,0.16756322675681024
-389.90033222591364,0.16574100982198686
-389.8803986710964,0.16377262949551555
-389.8604651162791,0.16166065685044495
-389.8405315614618,0.15940788741428052
-389.8205980066445,0.15701734767999845
-389.8006644518273,0.1544923029447085
-389.78073089701,0.1518362667452117
-389.76079734219275,0.14905301221745923
-389.7408637873754,0.14614658577839737
-389.72093023255815,0.14312132361703445
-389.7009966777409,0.1399818715911528
-389.6810631229236,0.1367332092624869
-389.66112956810633,0.13338067897320666
-389.641196013289,0.12993002107861729
-389.6212624584718,0.12638741671599155
-389.6013289036545,0.12275953981988322
-389.58139534883725,0.11905362050539456
-389.56146179402,0.11527752244985257
-389.54152823920265,0.11143983752779857
-389.5215946843854,0.10755000170980837
-389.5016611295681,0.10361843712896379
-389.48172757475083,0.09965672623642509
-389.4617940199336,0.09567782505161686
-389.4418604651163,0.09169632352206877
-389.421926910299,0.08772876164798939
-389.40199335548175,0.08379400973126226
-389.3820598006645,0.07991371885935018
-389.3621262458472,0.07611284179205333
-389.34219269102994,0.0724202119930677
-389.3222591362126,0.06886914552349221
-389.30232558139534,0.06549799161218159
-389.2823920265781,0.062350497970514875
-389.26245847176085,0.05947577603295721
-389.2425249169436,0.056927562781091914
-389.22259136212625,0.054762420521695124
-389.202657807309,0.05303657169678273
-389.1827242524917,0.05180132905575262
-389.16279069767444,0.05109759222595852
-389.14285714285717,0.05095050344425249
-389.12292358803984,0.05136573085108523
-389.1029900332226,0.052328595211249995
-389.08305647840535,0.053806345672662195
-389.0631229235881,0.0557528003054
-389.0431893687708,0.05811392811811328
-389.0232558139535,0.06083301876470058
-389.0033222591362,0.0638546282644713
-388.98338870431894,0.06712709142629024
-388.96345514950167,0.07060379187328673
-388.94352159468446,0.07424353750759925
-388.9235880398671,0.0780103822990771
-388.90365448504986,0.08187315756567444
-388.8837209302326,0.08580488800190908
-388.8637873754153,0.08978219609612902
-388.84385382059804,0.09378474894465527
-388.82392026578077,0.09779477058861505
-388.80398671096344,0.10179662545075874
-388.7840531561462,0.10577646942592979
-388.76411960132896,0.10972196119981717
-388.7441860465117,0.11362202517506512
-388.7242524916944,0.11746665760346853
-388.7043189368771,0.12124676837577295
-388.6843853820598,0.12495405198368469
-388.66445182724254,0.1285808822287276
-388.6445182724253,0.13212022621319044
-388.624584717608,0.13556557397575827
-388.6046511627907,0.1389108808260657
-388.58471760797346,0.1421505200000065
-388.5647840531562,0.14527924371820233
-388.5448504983389,0.14829215110117738
-388.52491694352165,0.15118466169265105
-388.5049833887043,0.15395249358105617
-388.48504983388705,0.15659164530061084
-388.4651162790698,0.15909838084648914
-388.4451827242525,0.16146921726173374
-388.42524916943523,0.16370091435261916
-388.40531561461796,0.16579046616912438
-388.3853820598007,0.1677350939518003
-388.3654485049834,0.169532240299054
-388.34551495016615,0.17117956435167472
-388.3255813953489,0.1726749378265639
-388.30564784053155,0.17401644176066583
-388.2857142857143,0.17520236384998217
-388.265780730897,0.17623119628854367
-388.2458471760798,0.17710163402900203
-388.2259136212625,0.17781257340066445
-388.2059800664452,0.17836311103291433
-388.1860465116279,0.17875254304264013
-388.16611295681065,0.17898036445330678
-388.1461794019934,0.17904626882183206
-388.1262458471761,0.17895014805691664
-388.1063122923588,0.178692092419593
-388.0863787375415,0.17827239070368206
-388.0664451827243,0.17769153060055348
-388.046511627907,0.17695019925961428
-388.02657807308975,0.17604928406314135
-388.0066445182724,0.1749898736418966
-387.98671096345515,0.1737732591666652
-387.9667774086379,0.17240093596035883
-387.9468438538206,0.1708746054866304
-387.92691029900334,0.16919617778354584
-387.90697674418607,0.1673677744260839
-387.8870431893688,0.16539173211900157
-387.8671096345515,0.16327060704301
-387.84717607973425,0.16100718010283402
-387.827242524917,0.1586044632568303
-387.8073089700997,0.1560657071457645
-387.7873754152824,0.15339441028463602
-387.7674418604651,0.1505943301383276
-387.74750830564784,0.14766949647217156
-387.7275747508306,0.1446242274552555
-387.70764119601336,0.14146314910248436
-387.687707641196,0.1381912187754934
-387.66777408637876,0.1348137536305561
-387.6478405315615,0.13133646511103003
-387.6279069767442,0.12776550084445676
-387.60797342192694,0.12410749563206354
-387.5880398671096,0.12036963362804667
-387.56810631229234,0.11655972431415856
-387.54817275747513,0.11268629550244091
-387.52823920265786,0.10875870736259188
-387.5083056478406,0.1047872923821841
-387.48837209302326,0.10078352722106083
-387.468438538206,0.09676024357028544
-387.4485049833887,0.09273188624868689
-387.42857142857144,0.08871482760019099
-387.4086378737542,0.08472774727061722
-387.3887043189369,0.08079208468367682
-387.36877076411963,0.07693256633488935
-387.34883720930236,0.07317779865008744
-387.3289036544851,0.06956089548240359
-387.3089700996678,0.06612007183303859
-387.28903654485055,0.06289907637319361
-387.2691029900332,0.05994725290475185
-387.24916943521595,0.05731892579220386
-387.2292358803987,0.05507173438448737
-387.20930232558146,0.05326357386431011
-387.1893687707642,0.05194803953527026
-387.16943521594686,0.05116877917169666
-387.1495016611296,0.050953821975166284
-387.1295681063123,0.051311415360261424
-387.10963455149505,0.05222873074407579
-387.0897009966778,0.05367389701041534
-387.06976744186045,0.05560064547346604
-387.0498338870432,0.057954096045997466
-387.02990033222596,0.06067621864928803
-387.0099667774087,0.06371005408684463
-386.9900332225914,0.067002429005652
-386.9700996677741,0.07050534612421422
-386.9501661129568,0.07417641358542379
-386.93023255813955,0.07797867720024192
-386.9102990033223,0.08188013840427323
-386.890365448505,0.085853146663411
-386.8704318936877,0.08987377789050188
-386.85049833887047,0.09392125689759373
-386.8305647840532,0.09797744865613296
-386.8106312292359,0.10202642430759185
-386.79069767441865,0.1060540982337305
-386.7707641196013,0.1100479282818905
-386.75083056478405,0.11399667000016991
-386.7308970099668,0.11789017599867076
-386.7109634551495,0.1217192324777881
-386.69102990033224,0.12547542610391646
-386.67109634551497,0.1291510355424241
-386.6511627906977,0.13273894297605862
-386.6312292358804,0.13623256181153834
-386.61129568106315,0.1396257775051797
-386.5913621262459,0.14291289903501198
-386.57142857142856,0.1460886190289883
-386.5514950166113,0.14914798094715992
-386.531561461794,0.15208635202619156
-386.5116279069768,0.15489940094316348
-386.4916943521595,0.15758307935424687
-386.4717607973422,0.16013360662281842
-386.4518272425249,0.16254745717904973
-386.43189368770766,0.16482135005547593
-386.4119601328904,0.1669522402254268
-386.3920265780731,0.16893731143820162
-386.37209302325584,0.17077397029876012
-386.3521594684385,0.17245984138401363
-386.3322259136213,0.17399276322377294
-386.31229235880403,0.17537078500419515
-386.29235880398676,0.1765921638761168
-386.2724252491695,0.17765536277097
-386.25249169435216,0.17855904864429192
-386.2325581395349,0.17930209108114437
-386.2126245847176,0.17988356121027368
-386.19269102990035,0.18030273088439852
-386.1727574750831,0.18055907209351557
-386.1528239202658,0.18065225658646422
-386.13289036544853,0.18058215568358735
-386.11295681063126,0.1803488402706497
-386.093023255814,0.17995258097079553
-386.0730897009967,0.17939384849833082
-386.0531561461794,0.17867331420490337
-386.0332225913621,0.17779185083579768
-386.01328903654485,0.17675053352182135
-385.99335548172763,0.17555064104083812
-385.97342192691036,0.17419365739227452
-385.95348837209303,0.17268127373884448
-385.93355481727576,0.17101539078240865
-385.9136212624585,0.1691981216552872
-385.8936877076412,0.1672317954259448
-385.87375415282395,0.16511896133852288
-385.8538205980067,0.16286239393065619
-385.83388704318935,0.1604650992041569
-385.81395348837214,0.15793032205965898
-385.79401993355486,0.15526155525111013
-385.7740863787376,0.1524625501708656
-385.7541528239203,0.1495373298436518
-385.734219269103,0.1464902045914312
-385.7142857142857,0.14332579093457082
-385.69435215946845,0.14004903442381458
-385.6744186046512,0.1366652372582044
-385.6544850498339,0.13318009174445775
-385.63455149501664,0.1295997209042087
-385.61461794019937,0.1259307278482747
-385.5946843853821,0.12218025592746543
-385.5747508305648,0.11835606215393334
-385.55481727574755,0.11446660698440751
-385.5348837209302,0.11052116428442023
-385.51495016611295,0.10652995616284425
-385.4950166112957,0.10250431837448838
-385.4750830564784,0.09845690309726049
-385.4551495016612,0.09440192699230393
-385.43521594684387,0.09035547331622795
-385.4152823920266,0.08633585700941036
-385.3953488372093,0.08236406027803289
-385.37541528239205,0.07846424172512678
-385.3554817275748,0.07466431210678161
-385.33554817275746,0.07099655052855845
-385.3156146179402,0.06749820121382072
-385.29568106312297,0.06421193724726638
-385.2757475083057,0.06118600106402778
-385.2558139534884,0.058473739419817754
-385.2358803986711,0.056132173981246536
-385.2159468438538,0.054219255083413444
-385.19601328903656,0.05278963484224016
-385.1760797342193,0.05188924168999437
-385.156146179402,0.05154957516172001
-385.1362126245847,0.05178316522202412
-385.1162790697675,0.05258162478402042
-385.0963455149502,0.05391697414514277
-385.07641196013293,0.05574577060485883
-385.05647840531566,0.058014706124611876
-385.03654485049833,0.06066617764385433
-385.01661129568106,0.06364278697727004
-384.9966777408638,0.06689037304736137
-384.9767441860465,0.0703596739915399
-384.95681063122925,0.07400695199595482
-384.936877076412,0.07779394745466288
-384.9169435215947,0.08168746217005395
-384.89700996677743,0.08565877897512483
-384.87707641196016,0.08968304449369673
-384.8571428571429,0.09373868364826729
-384.8372093023256,0.0978068773783292
-384.8172757475083,0.10187111340767087
-384.797342192691,0.10591680845147702
-384.7774086378738,0.10993099494248047
-384.75747508305653,0.11390206349103237
-384.73754152823926,0.11781955222298507
-384.71760797342193,0.12167397490451415
-384.69767441860466,0.12545668083816025
-384.6777408637874,0.1291597406306661
-384.6578073089701,0.13277585296357977
-384.63787375415285,0.13629826839429102
-384.6179401993355,0.13972072696877127
-384.5980066445183,0.14303740704797505
-384.57807308970104,0.14624288325405307
-384.55813953488376,0.14933209184939458
-384.5382059800665,0.15230030218774396
-384.51827242524917,0.1551430931382284
-384.4983388704319,0.15785633359219545
-384.4784053156146,0.16043616633048832
-384.45847176079735,0.16287899466307196
-384.4385382059801,0.16518147136095165
-384.4186046511628,0.16734048948744387
-384.39867109634554,0.1693531748061749
-384.37873754152827,0.17121687950028935
-384.358803986711,0.17292917698389354
-384.3388704318937,0.17448785762472988
-384.31893687707645,0.175890925228418
-384.2990033222591,0.17713659416031793
-384.27906976744185,0.17822328700268147
-384.25913621262464,0.17914963266262027
-384.23920265780737,0.17991446486167129
-384.2192691029901,0.18051682095062666
-384.19933554817277,0.18095594100455353
-384.1794019933555,0.18123126716261476
-384.1594684385382,0.1813424431860979
-384.13953488372096,0.18128931421594285
-384.1196013289037,0.18107192671846817
-384.09966777408636,0.18069052861500762
-384.07973421926914,0.1801455695981485
-384.05980066445187,0.17943770164426567
-384.0398671096346,0.17856777973929566
-384.0199335548173,0.1775368628425513
-384.0,0.17634621512190327
-383.98006644518273,0.17499730750315626
-383.96013289036546,0.1734918195873746
-383.9401993355482,0.17183164200240025
-383.9202657807309,0.17001887926959128
-383.90033222591364,0.1680558532840409
-383.8803986710964,0.16594510752736574
-383.8604651162791,0.16368941215699484
-383.84053156146183,0.16129177014591847
-383.82059800664456,0.15875542468351017
-383.80066445182723,0.15608386809265118
-383.78073089700996,0.15328085257322646
-383.7607973421927,0.15035040314953696
-383.7408637873754,0.1472968332827468
-383.7209302325582,0.14412476371305788
-383.7009966777409,0.14083914522502158
-383.6810631229236,0.13744528619024682
-383.66112956810633,0.1339488859422313
-383.64119601328906,0.13035607528908535
-383.6212624584718,0.12667346578323857
-383.60132890365446,0.122908209758585
-383.5813953488372,0.11906807363176772
-383.56146179402,0.11516152756454592
-383.5415282392027,0.11119785531713942
-383.52159468438543,0.10718728900080052
-383.5016611295681,0.10314117445982084
-383.48172757475083,0.09907217414356259
-383.46179401993356,0.09499451546569396
-383.4418604651163,0.09092429356234692
-383.421926910299,0.08687983759998172
-383.40199335548175,0.08288214850320977
-383.3820598006645,0.07895541169381116
-383.3621262458472,0.07512757870293135
-383.34219269102994,0.07143099256302772
-383.32225913621266,0.06790299849564367
-383.3023255813954,0.06458642776961762
-383.28239202657807,0.061529765439323904
-383.2624584717608,0.05878671879105684
-383.2425249169435,0.05641482274658922
-383.22259136212625,0.05447271856172701
-383.20265780730904,0.05301592409867841
-383.1827242524917,0.05209135828467185
-383.16279069767444,0.05173153011103209
-383.14285714285717,0.0519498531598493
-383.1229235880399,0.0527385579233685
-383.1029900332226,0.05406993107962463
-383.0830564784053,0.055900442102678825
-383.063122923588,0.05817640940404147
-383.0431893687708,0.06083967448239105
-383.02325581395354,0.06383220375709393
-383.00332225913627,0.0670991985712603
-382.98338870431894,0.07059080529882746
-382.96345514950167,0.07426276306504784
-382.9435215946844,0.07807636371583475
-382.9235880398671,0.08199803109531119
-382.90365448504986,0.08599873225145505
-382.8837209302326,0.09005335047257561
-382.8637873754153,0.09414009044675503
-382.84385382059804,0.09823994774637525
-382.82392026578077,0.10233625268973237
-382.8039867109635,0.106414286922753
-382.78405315614623,0.11046096564310405
-382.7641196013289,0.1144645764951259
-382.74418604651163,0.11841456610135952
-382.72425249169436,0.12230136598453434
-382.7043189368771,0.1261162507361459
-382.6843853820599,0.1298512224287711
-382.66445182724254,0.13349891632180053
-382.6445182724253,0.13705252382433747
-382.624584717608,0.14050572944700107
-382.60465116279073,0.14385265910612022
-382.58471760797346,0.1470878376566587
-382.56478405315613,0.15020615394369533
-382.54485049833886,0.15320283199373408
-382.52491694352165,0.15607340723254548
-382.5049833887044,0.15881370682851634
-382.4850498338871,0.1614198334304065
-382.4651162790698,0.1638881517046054
-382.4451827242525,0.1662152771863963
-382.42524916943523,0.16839806704795268
-382.40531561461796,0.1704336124570014
-382.3853820598007,0.17231923225777213
-382.36544850498336,0.17405246775304758
-382.34551495016615,0.17563107840439976
-382.3255813953489,0.17705303829944344
-382.3056478405316,0.17831653326093855
-382.28571428571433,0.17941995849426043
-382.265780730897,0.1803619166878873
-382.24584717607974,0.18114121649698053
-382.22591362126246,0.18175687135301022
-382.2059800664452,0.18220809855367504
-382.1860465116279,0.18249431859734547
-382.16611295681065,0.1826151547348064
-382.1461794019934,0.18257043271918502
-382.1262458471761,0.18236018074229343
-382.10631229235884,0.1819846295526175
-382.08637873754157,0.1814442127572512
-382.06644518272424,0.18073956731687763
-382.04651162790697,0.17987153425030702
-382.0265780730897,0.17884115957281677
-382.0066445182724,0.1776496955009487
-381.9867109634552,0.1762986019659326
-381.9667774086379,0.1747895484887188
-381.9468438538206,0.17312441648203622
-381.92691029900334,0.17130530205931668
-381.90697674418607,0.1693345194478322
-381.8870431893688,0.1672146051236262
-381.8671096345515,0.16494832281063282
-381.8471760797342,0.16253866951623844
-381.827242524917,0.15998888281173973
-381.8073089700997,0.15730244961053472
-381.78737541528244,0.1544831167513464
-381.76744186046517,0.151534903760862
-381.74750830564784,0.14846211825326694
-381.72757475083057,0.14526937452721236
-381.7076411960133,0.14196161604931049
-381.687707641196,0.13854414267340878
-381.66777408637876,0.13502264364559707
-381.6478405315615,0.13140323769600679
-381.6279069767442,0.12769252183305546
-381.60797342192694,0.1238976308493214
-381.58803986710967,0.12002631003892152
-381.5681063122924,0.11608700423458718
-381.5481727574751,0.11208896701872988
-381.5282392026578,0.10804239486366365
-381.50830564784053,0.10395859201435363
-381.48837209302326,0.09985017311544868
-381.46843853820604,0.09573131181253237
-381.4485049833887,0.09161804461426751
-381.42857142857144,0.08752863975639953
-381.4086378737542,0.08348403984635959
-381.3887043189369,0.07950838323655365
-381.36877076411963,0.07562959993431238
-381.34883720930236,0.07188005957636047
-381.32890365448503,0.06829721615801537
-381.3089700996678,0.0649241404741003
-381.28903654485055,0.06180975229496878
-381.2691029900333,0.05900846536234978
-381.249169435216,0.05657886772617993
-381.2292358803987,0.054581045407600726
-381.2093023255814,0.05307232583842165
-381.18936877076413,0.052101663268921385
-381.16943521594686,0.051703568093409036
-381.1495016611296,0.051893094063438804
-381.1295681063123,0.05266346456589583
-381.10963455149505,0.053987176410785494
-381.0897009966778,0.05582018267167678
-381.0697674418605,0.058107759262153516
-381.04983388704323,0.060790429352969556
-381.0299003322259,0.06380878339641884
-381.00996677740864,0.06710673627407493
-380.99003322259136,0.07063331294483687
-380.9700996677741,0.07434331869807428
-380.9501661129569,0.07819729021870593
-380.93023255813955,0.08216105132341811
-380.9102990033223,0.0862050965144692
-380.890365448505,0.09030393776590837
-380.87043189368774,0.09443548713186915
-380.85049833887047,0.09858050790953027
-380.83056478405314,0.10272214410609973
-380.81063122923587,0.10684552594189613
-380.79069767441865,0.11093744365470577
-380.7707641196014,0.11498608004279551
-380.7508305647841,0.1189807922233702
-380.7308970099668,0.12291193397400123
-380.7109634551495,0.12677071121572892
-380.69102990033224,0.13054906441015937
-380.67109634551497,0.13423957275127657
-380.6511627906977,0.1378353759898983
-380.63122923588037,0.14133011052879732
-380.61129568106315,0.14471785708206153
-380.5913621262459,0.14799309772315378
-380.5714285714286,0.15115068057249464
-380.55149501661134,0.15418579071685154
-380.531561461794,0.1570939262252086
-380.51162790697674,0.15987087834368735
-380.49169435215947,0.16251271512580578
-380.4717607973422,0.1650157678936848
-380.4518272425249,0.16737662003744927
-380.43189368770766,0.1695920977499409
-380.4119601328904,0.1716592623663785
-380.3920265780731,0.1735754040373035
-380.37209302325584,0.17533803651096996
-380.3521594684386,0.17694489284035608
-380.3322259136213,0.17839392186199932
-380.312292358804,0.17968328532018962
-380.2923588039867,0.18081135553220518
-380.27242524916943,0.181776713508388
-380.2524916943522,0.18257814745649584
-380.23255813953494,0.18321465161280284
-380.2126245847176,0.18368542535392343
-380.19269102990035,0.1839898725530438
-380.1727574750831,0.18412760115328616
-380.1528239202658,0.1840984229387072
-380.13289036544853,0.1839023534910643
-380.1129568106312,0.18353961232739924
-380.093023255814,0.18301062322048628
-380.0730897009967,0.18231601471124984
-380.05315614617945,0.1814566208293638
-380.0332225913622,0.18043348204613283
-380.01328903654485,0.17924784649214726
-379.9933554817276,0.17790117148165058
-379.9734219269103,0.17639512539624
-379.95348837209303,0.17473158999300503
-379.93355481727576,0.17291266321654528
-379.9136212624585,0.17094066261155827
-379.8936877076412,0.1688181294528758
-379.87375415282395,0.16654783373447998
-379.8538205980067,0.16413278018847266
-379.8338870431894,0.16157621554096255
-379.81395348837214,0.15888163725568727
-379.7940199335548,0.1560528040701268
-379.77408637873754,0.15309374869511527
-379.75415282392026,0.15000879313107457
-379.73421926910305,0.14680256715580586
-379.7142857142858,0.14348003066544007
-379.69435215946845,0.14004650070825114
-379.6744186046512,0.13650768424860438
-379.6544850498339,0.1328697179455678
-379.63455149501664,0.12913921654032298
-379.61461794019937,0.12532333183320388
-379.59468438538204,0.12142982471363893
-379.5747508305648,0.11746715330337601
-379.55481727574755,0.11344458100619237
-379.5348837209303,0.10937230914153907
-379.514950166113,0.10526163987916384
-379.4950166112957,0.10112517636089759
-379.4750830564784,0.09697706810906832
-379.45514950166114,0.09283331087701299
-379.43521594684387,0.08871211058478623
-379.4152823920266,0.08463432012482815
-379.3953488372093,0.0806239542306025
-379.37541528239205,0.07670877893936844
-379.3554817275748,0.07292095477062652
-379.3355481727575,0.06929768135140602
-379.31561461794024,0.06588173962852359
-379.2956810631229,0.06272175150333666
-379.27574750830564,0.059871879834720976
-379.25581395348837,0.057390600025432156
-379.2358803986711,0.05533815112442152
-379.2159468438539,0.05377242263471813
-379.19601328903656,0.05274345025953784
-379.1760797342193,0.05228735368582551
-379.156146179402,0.05242117804498918
-379.13621262458474,0.05314023225575635
-379.1162790697675,0.05441885360910204
-379.09634551495014,0.056214323115029476
-379.0764119601329,0.058472616946255884
-379.05647840531566,0.061134369109263884
-379.0365448504984,0.06413982624506459
-379.0166112956811,0.06743226808794844
-378.9966777408638,0.07095993780307944
-378.9767441860465,0.07467681849882554
-378.95681063122925,0.07854265149800872
-378.936877076412,0.08252252835076253
-378.9169435215947,0.08658628955001943
-378.89700996677743,0.09070787362916888
-378.87707641196016,0.09486469511879206
-378.8571428571429,0.09903708786374509
-378.8372093023256,0.10320782566450702
-378.81727574750835,0.10736171916707675
-378.7973421926911,0.11148528183443347
-378.77740863787375,0.11556645564729864
-378.7574750830565,0.11959438703023369
-378.7375415282392,0.12355924429671328
-378.71760797342193,0.12745206906049447
-378.6976744186047,0.13126465526587275
-378.6777408637874,0.13498945060424658
-378.6578073089701,0.13861947605415414
-378.63787375415285,0.1421482600963554
-378.6179401993356,0.1455697848250122
-378.5980066445183,0.14887844171936754
-378.578073089701,0.15206899527750478
-378.5581395348837,0.1551365530642094
-378.53820598006644,0.1580765410048853
-378.5182724252492,0.16088468298143901
-378.49833887043195,0.16355698396475013
-378.4784053156146,0.1660897160617417
-378.45847176079735,0.16847940696981656
-378.4385382059801,0.17072283042420208
-378.4186046511628,0.17281699829798575
-378.39867109634554,0.17475915407555706
-378.37873754152827,0.1765467674689113
-378.358803986711,0.17817752998676162
-378.3388704318937,0.17964935129915852
-378.31893687707645,0.18096035626764723
-378.2990033222592,0.1821088825333734
-378.2790697674419,0.18309347857468883
-378.2591362126246,0.18391290216138714
-378.2392026578073,0.18456611914646937
-378.21926910299004,0.18505230254788213
-378.19933554817277,0.18537083188282802
-378.17940199335555,0.18552129272631174
-378.1594684385382,0.18550347647381757
-378.13953488372096,0.18531738029547806
-378.1196013289037,0.18496320727646837
-378.0996677740864,0.184441366745285
-378.07973421926914,0.1837524747988777
-378.0598006644518,0.1828973550407089
-378.03986710963454,0.18187703955602175
-378.01993355481727,0.18069277015684138
-378.00000000000006,0.17934599993906256
-377.9800664451828,0.17783839520465022
-377.96013289036546,0.17617183781461818
-377.9401993355482,0.174348428053097
-377.9202657807309,0.17237048809996589
-377.90033222591364,0.17024056623028747
-377.8803986710964,0.16796144188334927
-377.86046511627904,0.16553613177410584
-377.84053156146183,0.16296789725601982
-377.82059800664456,0.16026025318865691
-377.8006644518273,0.15741697861774748
-377.78073089701,0.1544421296423466
-377.7607973421927,0.15134005492653224
-377.7408637873754,0.14811541441570367
-377.72093023255815,0.1447732019452657
-377.7009966777409,0.14131877258879097
-377.6810631229236,0.1377578757917098
-377.66112956810633,0.1340966955855479
-377.64119601328906,0.13034189948911262
-377.6212624584718,0.1265006980921754
-377.6013289036545,0.1225809178015985
-377.58139534883725,0.11859108982974441
-377.5614617940199,0.11454055923987846
-377.54152823920265,0.11043961874913422
-377.5215946843854,0.10629967302947528
-377.5016611295681,0.10213344041368261
-377.4817275747509,0.09795520011936382
-377.46179401993356,0.09378109414499017
-377.4418604651163,0.08962949345235069
-377.421926910299,0.0855214371464594
-377.40199335548175,0.08148114970309983
-377.3820598006645,0.07753663253483611
-377.3621262458472,0.0737203086546382
-377.3421926910299,0.07006966768066057
-377.32225913621266,0.06662780676493461
-377.3023255813954,0.06344368681392402
-377.2823920265781,0.06057182686253215
-377.26245847176085,0.0580710684657992
-377.2425249169435,0.05600201951616515
-377.22259136212625,0.05442293526717031
-377.202657807309,0.05338420969740491
-377.1827242524917,0.05292230666555468
-377.16279069767444,0.053054586105650114
-377.14285714285717,0.05377661454999983
-377.1229235880399,0.05506289403122722
-377.1029900332226,0.0568707470288083
-377.08305647840535,0.059146056103417305
-377.0631229235881,0.061829237925832115
-377.04318936877075,0.0648602269267447
-377.0232558139535,0.06818193152687052
-377.0033222591362,0.07174219788436711
-376.98338870431894,0.07549461235876419
-376.9634551495017,0.07939853708259459
-376.9435215946844,0.08341871174282188
-376.9235880398671,0.08752465648996777
-376.90365448504986,0.09169002156984736
-376.8837209302326,0.09589196366960852
-376.8637873754153,0.10011058653834211
-376.84385382059804,0.10432845852272198
-376.8239202657807,0.10853020634024026
-376.80398671096344,0.11270217813588045
-376.78405315614623,0.11683216656706873
-376.76411960132896,0.12090918244221127
-376.7441860465117,0.124923270198499
-376.72425249169436,0.12886535763980306
-376.7043189368771,0.13272713355361795
-376.6843853820598,0.13650094793934853
-376.66445182724254,0.1401797305519853
-376.6445182724253,0.1437569242829305
-376.624584717608,0.14722643057297394
-376.60465116279073,0.1505825645995669
-376.58471760797346,0.15382001842108295
-376.5647840531562,0.15693383061422936
-376.5448504983389,0.15991936122339173
-376.5249169435216,0.1627722710667205
-376.5049833887043,0.16548850462439585
-376.48504983388705,0.1680642758794106
-376.4651162790698,0.17049605659731812
-376.44518272425256,0.17278056662491778
-376.42524916943523,0.17491476586344928
-376.40531561461796,0.17689584763289204
-376.3853820598007,0.17872123319384242
-376.3654485049834,0.18038856723402266
-376.34551495016615,0.18189571415976297
-376.3255813953488,0.18324075506040452
-376.30564784053155,0.1844219852362423
-376.2857142857143,0.1854379121998058
-376.26578073089706,0.18628725407625488
-376.2458471760798,0.18696893834226208
-376.22591362126246,0.18748210085455827
-376.2059800664452,0.1878260851294867
-376.1860465116279,0.18800044184387174
-376.16611295681065,0.18800492853577325
-376.1461794019934,0.18783950949121958
-376.12624584717605,0.18750435581004624
-376.10631229235884,0.1869998456509951
-376.08637873754157,0.18632656466314776
-376.0664451827243,0.18548530661792503
-376.046511627907,0.18447707426345444
-376.0265780730897,0.18330308043137877
-376.0066445182724,0.18196474943521102
-375.98671096345515,0.18046371880985373
-375.9667774086379,0.17880184145361974
-375.9468438538206,0.17698118824802225
-375.92691029900334,0.17500405124698698
-375.90697674418607,0.17287294754641525
-375.8870431893688,0.1705906239684722
-375.8671096345515,0.16816006272297188
-375.84717607973425,0.16558448824240246
-375.827242524917,0.1628673754287732
-375.80730897009965,0.1600124596015163
-375.7873754152824,0.15702374849860257
-375.7674418604651,0.15390553676070465
-375.7475083056479,0.1506624234248508
-375.7275747508306,0.1472993330738621
-375.7076411960133,0.14382154143800757
-375.687707641196,0.14023470643260255
-375.66777408637876,0.13654490585042575
-375.6478405315615,0.13275868322238057
-375.6279069767442,0.12888310372937362
-375.6079734219269,0.12492582251041184
-375.58803986710967,0.12089516828753874
-375.5681063122924,0.11680024593967855
-375.54817275747513,0.1126510625254369
-375.52823920265786,0.10845868229220769
-375.50830564784053,0.10423541740689116
-375.48837209302326,0.09999506244581882
-375.468438538206,0.09575318193958066
-375.4485049833887,0.09152746115807243
-375.42857142857144,0.08733813020531117
-375.4086378737542,0.08320846920091776
-375.3887043189369,0.07916539581875898
-375.36877076411963,0.07524012240884223
-375.34883720930236,0.07146884335654902
-375.3289036544851,0.06789336771071493
-375.3089700996678,0.06456154113116225
-375.2890365448505,0.0615272041952347
-375.2691029900332,0.058849327624428405
-375.24916943521595,0.05658990030836924
-375.22923588039873,0.0548102210321243
-375.20930232558146,0.053565578956942334
-375.18936877076413,0.05289894110133146
-375.16943521594686,0.05283500463438425
-375.1495016611296,0.053376355316465396
-375.1295681063123,0.05450305433446841
-375.10963455149505,0.05617580347109216
-375.0897009966777,0.05834157500159173
-375.06976744186045,0.06093997984557134
-375.04983388704323,0.06390888273735
-375.02990033222596,0.0671884803024314
-375.0099667774087,0.07072374121354796
-374.99003322259136,0.07446550956292373
-374.9700996677741,0.078370694882275
-374.9501661129568,0.08240192839872729
-374.93023255813955,0.08652696198931543
-374.9102990033223,0.0907179849767593
-374.890365448505,0.09495095696540484
-374.87043189368774,0.09920500422364151
-374.85049833887047,0.10346189697385186
-374.8305647840532,0.10770560864756049
-374.8106312292359,0.11192195033724803
-374.7906976744186,0.11609827066540439
-374.7707641196013,0.12022321081708129
-374.75083056478405,0.124286505215043
-374.7308970099668,0.12827881952590794
-374.71096345514957,0.13219161899226592
-374.69102990033224,0.13601706131112506
-374.67109634551497,0.1397479093516806
-374.6511627906977,0.14337745990845896
-374.6312292358804,0.14689948542877976
-374.61129568106315,0.1503081862564338
-374.5913621262458,0.15359815141770916
-374.57142857142856,0.15676432636369836
-374.5514950166113,0.15980198639216459
-374.53156146179407,0.16270671471888834
-374.5116279069768,0.1654743843651934
-374.49169435215947,0.16810114318569822
-374.4717607973422,0.17058340148617576
-374.4518272425249,0.17291782178251644
-374.43189368770766,0.17510131033331097
-374.4119601328904,0.17713101014419966
-374.3920265780731,0.17900429519583058
-374.37209302325584,0.18071876569039166
-374.3521594684386,0.18227224414779533
-374.3322259136213,0.1836627722114244
-374.31229235880403,0.18488860804799198
-374.29235880398676,0.1859482242460947
-374.27242524916943,0.18684030613503197
-374.25249169435216,0.18756375045995088
-374.2325581395349,0.18811766436160005
-374.2126245847176,0.1885013646197842
-374.1926910299004,0.1887143771289106
-374.1727574750831,0.18875643658273375
-374.1528239202658,0.1886274863529945
-374.13289036544853,0.18832767855414484
-374.11295681063126,0.1878573742934494
-374.093023255814,0.18721714411277623
-374.07308970099666,0.18640776863584718
-374.0531561461794,0.1854302394422008
-374.0332225913621,0.18428576019756568
-374.0132890365449,0.18297574807951072
-373.99335548172763,0.18150183554752303
-373.9734219269103,0.17986587251870512
-373.95348837209303,0.1780699290239547
-373.93355481727576,0.17611629843588242
-373.9136212624585,0.17400750137889873
-373.8936877076412,0.1717462904551352
-373.87375415282395,0.16933565594755748
-373.8538205980067,0.16677883269549057
-373.8338870431894,0.1640793083787162
-373.81395348837214,0.1612408334967377
-373.79401993355486,0.15826743339152394
-373.7740863787376,0.1551634227382938
-373.75415282392026,0.15193342302342988
-373.734219269103,0.14858238364568618
-373.7142857142857,0.1451156074230106
-373.69435215946845,0.14153878146937432
-373.67441860465124,0.13785801463358377
-373.6544850498339,0.1340798829766269
-373.63455149501664,0.13021148511951097
-373.61461794019937,0.12626050973629319
-373.5946843853821,0.1222353180162107
-373.5747508305648,0.11814504459399985
-373.5548172757475,0.11399972126617912
-373.5348837209302,0.10981042878260008
-373.51495016611295,0.10558948311317903
-373.49501661129574,0.1013506637807736
-373.47508305647847,0.09710949297359923
-373.45514950166114,0.09288357488918622
-373.43521594684387,0.08869300450975669
-373.4152823920266,0.08456085266401085
-373.3953488372093,0.08051372790328053
-373.37541528239205,0.07658240236264433
-373.3554817275747,0.0728024638690171
-373.33554817275746,0.06921491426118027
-373.31561461794024,0.06586656864094913
-373.29568106312297,0.06281002160125135
-373.2757475083057,0.060102849103106495
-373.25581395348837,0.05780565371211948
-373.2358803986711,0.05597862257234465
-373.2159468438538,0.05467655885224042
-373.19601328903656,0.053942911599411274
-373.1760797342193,0.05380401134174958
-373.156146179402,0.0542651201012
-373.13621262458474,0.05530960534403194
-373.1162790697675,0.056901530449650496
-373.0963455149502,0.05899076358494352
-373.07641196013293,0.061519035226655035
-373.0564784053156,0.06442548375008056
-373.03654485049833,0.06765083842014227
-373.01661129568106,0.07114004417151892
-372.9966777408638,0.07484355564559389
-372.9767441860466,0.07871768533116102
-372.95681063122925,0.08272437435357374
-372.936877076412,0.08683066625550928
-372.9169435215947,0.09100806813441917
-372.89700996677743,0.09523190674006506
-372.87707641196016,0.0994807346268739
-372.8571428571429,0.1037358091587692
-372.83720930232556,0.10798064903588084
-372.8172757475083,0.11220066384207912
-372.7973421926911,0.11638284818787219
-372.7774086378738,0.12051553095939702
-372.75747508305653,0.12458817055316146
-372.7375415282392,0.12859118796751895
-372.71760797342193,0.13251583080441814
-372.69767441860466,0.13635406239245076
-372.6777408637874,0.14009847128121697
-372.6578073089701,0.14374219724587128
-372.63787375415285,0.1472788706807276
-372.6179401993356,0.15070256286580172
-372.5980066445183,0.15400774508002876
-372.57807308970104,0.1571892549287822
-372.55813953488376,0.16024226856881177
-372.53820598006644,0.16316227776640493
-372.51827242524917,0.16594507092652072
-372.4983388704319,0.16858671739250783
-372.4784053156146,0.17108355444587217
-372.4584717607974,0.17343217653996823
-372.4385382059801,0.17562942638571474
-372.4186046511628,0.17767238757555176
-372.39867109634554,0.17955837848737458
-372.37873754152827,0.18128494725509328
-372.358803986711,0.18284986762965538
-372.3388704318937,0.18425113558474251
-372.3189368770764,0.18548696654656677
-372.2990033222591,0.18655579314822518
-372.2790697674419,0.1874562634267341
-372.25913621262464,0.1881872393958002
-372.23920265780737,0.18874779594019803
-372.21926910299004,0.18913721998880714
-372.19933554817277,0.18935500993306045
-372.1794019933555,0.18940087526649987
-372.1594684385382,0.18927473642905618
-372.13953488372096,0.18897672484749686
-372.1196013289037,0.18850718317060117
-372.0996677740864,0.18786666570519722
-372.07973421926914,0.18705593906647655
-372.05980066445187,0.18607598306408699
-372.0398671096346,0.18492799185390313
-372.01993355481727,0.1836133753949408
-372.0,0.18213376126141997
-371.98006644518273,0.1804909968722434
-371.96013289036546,0.17868715221436096
-371.94019933554824,0.17672452315312104
-371.9202657807309,0.1746056354425839
-371.90033222591364,0.17233324957247204
-371.8803986710964,0.1699103666169569
-371.8604651162791,0.16734023528526262
-371.84053156146183,0.16462636041617887
-371.8205980066445,0.16177251321040864
-371.80066445182723,0.15878274355815447
-371.78073089700996,0.15566139489802175
-371.76079734219275,0.15241312214042055
-371.7408637873755,0.14904291330960892
-371.72093023255815,0.14555611570903565
-371.7009966777409,0.14195846760255465
-371.6810631229236,0.13825613663922368
-371.66112956810633,0.13445576654294694
-371.64119601328906,0.13056453395592385
-371.62126245847173,0.12659021778213428
-371.60132890365446,0.1225412839452353
-371.58139534883725,0.11842698917292735
-371.56146179402,0.11425750826624753
-371.5415282392027,0.11004409031486932
-371.5215946843854,0.10579925046362948
-371.5016611295681,0.10153700505652619
-371.48172757475083,0.09727315912215194
-371.46179401993356,0.09302565588161808
-371.4418604651163,0.088814997608161
-371.421926910299,0.08466474457294618
-371.40199335548175,0.08060209196652542
-371.3820598006645,0.07665851036302844
-371.3621262458472,0.07287040874073886
-371.34219269102994,0.06927973423231489
-371.32225913621266,0.06593435410919371
-371.30232558139534,0.06288797327735758
-371.28239202657807,0.06019924177292316
-371.2624584717608,0.05792965093826177
-371.2425249169436,0.056139895897748565
-371.2225913621263,0.05488470430265476
-371.202657807309,0.05420672901149818
-371.1827242524917,0.054130793158979326
-371.16279069767444,0.054660134146491485
-371.14285714285717,0.05577590884612914
-371.1229235880399,0.057440134841156336
-371.10299003322257,0.05960105102001565
-371.0830564784053,0.06219927386405267
-371.0631229235881,0.06517330971080858
-371.0431893687708,0.06846363137302083
-371.02325581395354,0.07201517963346518
-371.0033222591362,0.07577855083101565
-370.98338870431894,0.07971026738016636
-370.96345514950167,0.08377249861792692
-370.9435215946844,0.08793250597591797
-370.9235880398671,0.09216198994905613
-370.90365448504986,0.09643644090147528
-370.8837209302326,0.10073454492068602
-370.8637873754153,0.10503766504522834
-370.84385382059804,0.10932940106962857
-370.82392026578077,0.11359522261459178
-370.8039867109635,0.11782216662426614
-370.7840531561462,0.12199858961920737
-370.7641196013289,0.12611396552810827
-370.74418604651163,0.1301587209776203
-370.7242524916944,0.13412410113108864
-370.70431893687714,0.1380020603352558
-370.6843853820598,0.14178517287332865
-370.66445182724254,0.14546656000800973
-370.6445182724253,0.14903983023205164
-370.624584717608,0.15249903024327405
-370.60465116279073,0.15583860464500518
-370.5847176079734,0.1590533627619713
-370.56478405315613,0.16213845127297372
-370.5448504983389,0.1650893316109445
-370.52491694352165,0.16790176127998072
-370.5049833887044,0.17057177839864632
-370.48504983388705,0.17309568890667168
-370.4651162790698,0.17547005597524606
-370.4451827242525,0.1776916912439185
-370.42524916943523,0.17975764757451804
-370.40531561461796,0.1816652130669246
-370.3853820598007,0.18341190612608335
-370.3654485049834,0.18499547140620995
-370.34551495016615,0.18641387648796093
-370.3255813953489,0.18766530916948246
-370.3056478405316,0.18874817527277774
-370.2857142857143,0.18966109688428534
-370.265780730897,0.1904029109634323
-370.24584717607974,0.19097266826540524
-370.22591362126246,0.1913696325354622
-370.20598006644525,0.19159327994171957
-370.1860465116279,0.1916432987220889
-370.16611295681065,0.1915195890288976
-370.1461794019934,0.19122226296237962
-370.1262458471761,0.1907516447912773
-370.10631229235884,0.1901082713661656
-370.0863787375415,0.18929289273834501
-370.06644518272424,0.1883064730049884
-370.04651162790697,0.18715019140956263
-370.02657807308975,0.1858254437357414
-370.0066445182725,0.18433384404362077
-369.98671096345515,0.18267722680877535
-369.9667774086379,0.18085764953874
-369.9468438538206,0.17887739595776675
-369.92691029900334,0.17673897987018394
-369.90697674418607,0.17444514983573942
-369.8870431893688,0.171998894818563
-369.86710963455147,0.16940345100512866
-369.84717607973425,0.16666231002818263
-369.827242524917,0.16377922888428287
-369.8073089700997,0.16075824189519541
-369.78737541528244,0.15760367514054519
-369.7674418604651,0.15432016388495254
-369.74750830564784,0.15091267364220118
-369.72757475083057,0.14738652566761537
-369.7076411960133,0.14374742785619898
-369.6877076411961,0.14000151225725582
-369.66777408637876,0.13615538070899874
-369.6478405315615,0.13221616046384305
-369.6279069767442,0.1281915721346569
-369.60797342192694,0.12409001286579696
-369.58803986710967,0.11992065834277194
-369.56810631229234,0.11569358812361238
-369.5481727574751,0.11141993981874143
-369.5282392026578,0.10711209886058135
-369.5083056478406,0.10278393194253098
-369.4883720930233,0.0984510735356031
-369.468438538206,0.09413127591305187
-369.4485049833887,0.0898448332344586
-369.42857142857144,0.08561508835755492
-369.4086378737542,0.08146902521931104
-369.3887043189369,0.07743793665436134
-369.36877076411963,0.0735581325098801
-369.3488372093023,0.06987160929490667
-369.3289036544851,0.06642653354124783
-369.3089700996678,0.06327729433994195
-369.28903654485055,0.060483769503434696
-369.2691029900333,0.058109370989182646
-369.24916943521595,0.05621748310484683
-369.2292358803987,0.05486620657830039
-369.2093023255814,0.05410193623730698
-369.18936877076413,0.05395307339300639
-369.1694352159469,0.054425657814973015
-369.1495016611296,0.05550240223959637
-369.1295681063123,0.05714547996492647
-369.10963455149505,0.05930207040941391
-369.0897009966778,0.06191091247031004
-369.0697674418605,0.06490825244939574
-369.0498338870432,0.06823227075382336
-369.0299003322259,0.07182580351200807
-369.00996677740864,0.07563763359086571
-368.9900332225914,0.07962278400126754
-368.97009966777415,0.08374221655944182
-368.9501661129568,0.08796223540759389
-368.93023255813955,0.0922537881250172
-368.9102990033223,0.09659177410809905
-368.890365448505,0.10095441440147707
-368.87043189368774,0.10532270379742283
-368.8504983388704,0.10967994777194827
-368.83056478405314,0.11401137792202994
-368.8106312292359,0.11830383601413255
-368.79069767441865,0.12254551604290528
-368.7707641196014,0.12672575435886993
-368.75083056478405,0.13083485914140466
-368.7308970099668,0.13486397184335167
-368.7109634551495,0.13880495451375716
-368.69102990033224,0.1426502980316231
-368.67109634551497,0.14639304723530042
-368.65116279069764,0.1500267397162554
-368.6312292358804,0.15354535568268673
-368.61129568106315,0.15694327681041853
-368.5913621262459,0.16021525240840936
-368.5714285714286,0.16335637155286567
-368.5514950166113,0.1663620401047262
-368.531561461794,0.16922796173306567
-368.51162790697674,0.1719501222327807
-368.49169435215947,0.17452477655796383
-368.47176079734226,0.17694843809872565
-368.4518272425249,0.17921786981514004
-368.43189368770766,0.1813300769111547
-368.4119601328904,0.1832823007875645
-368.3920265780731,0.18507201405876406
-368.37209302325584,0.1866969164555195
-368.3521594684386,0.18815493146652243
-368.33222591362124,0.18944420359714811
-368.312292358804,0.190563096144691
-368.29235880398676,0.19151018940730993
-368.2724252491695,0.19228427925862768
-368.2524916943522,0.19288437603289763
-368.2325581395349,0.1933097036766164
-368.2126245847176,0.19355969913215557
-368.19269102990035,0.19363401192761798
-368.1727574750831,0.1935325039551932
-368.1528239202658,0.19325524942739683
-368.1328903654485,0.19280253500798525
-368.11295681063126,0.1921748601211482
-368.093023255814,0.1913729374497723
-368.0730897009967,0.1903976936410339
-368.05315614617945,0.18925027024567967
-368.0332225913621,0.18793202492598582
-368.01328903654485,0.18644453297755925
-367.9933554817276,0.18478958922127903
-367.9734219269103,0.18296921033495778
-367.9534883720931,0.18098563770975765
-367.93355481727576,0.17884134093474552
-367.9136212624585,0.17653902203496982
-367.8936877076412,0.17408162061500732
-367.87375415282395,0.171472320092205
-367.8538205980067,0.16871455524298207
-367.8338870431894,0.16581202133419856
-367.8139534883721,0.1627686851708582
-367.7940199335548,0.15958879846538435
-367.7740863787376,0.15627691402540497
-367.7541528239203,0.1528379053716291
-367.73421926910305,0.14927699054083482
-367.7142857142857,0.14559976100936214
-367.69435215946845,0.14181221689976833
-367.6744186046512,0.13792080991989383
-367.6544850498339,0.1339324958461227
-367.63455149501664,0.12985479881998369
-367.6146179401993,0.1256958903048308
-367.5946843853821,0.12146468627355805
-367.5747508305648,0.11717096710177326
-367.55481727574755,0.1128255257510374
-367.5348837209303,0.10844035116372427
-367.51495016611295,0.10402885534286366
-367.4950166112957,0.0996061542796702
-367.4750830564784,0.09518941450604794
-367.45514950166114,0.09079827811849388
-367.4352159468439,0.08645537870491632
-367.4152823920266,0.08218695695870747
-367.3953488372093,0.07802357482132519
-367.37541528239205,0.07400090575096896
-367.3554817275748,0.07016053876016635
-367.3355481727575,0.06655066597846913
-367.3156146179402,0.0632264203575442
-367.2956810631229,0.060249496694384314
-367.27574750830564,0.057686562872055626
-367.2558139534884,0.0556059443878008
-367.23588039867116,0.054072298775015876
-367.2159468438538,0.05313962183544399
-367.19601328903656,0.052843863736093476
-367.1760797342193,0.05319720872691497
-367.156146179402,0.05418600061248587
-367.13621262458474,0.05577310522269475
-367.1162790697674,0.05790380805469023
-367.09634551495014,0.060513223232577386
-367.07641196013293,0.0635331952913427
-367.05647840531566,0.0668974840718872
-367.0365448504984,0.07054494703586234
-367.01661129568106,0.074421029455035
-366.9966777408638,0.07847808297042663
-366.9767441860465,0.08267499777772322
-366.95681063122925,0.08697650496266568
-366.936877076412,0.09135237377646148
-366.9169435215947,0.09577662821759293
-366.89700996677743,0.10022684174336707
-366.87707641196016,0.10468353061291992
-366.8571428571429,0.10912964612653256
-366.8372093023256,0.1135501566502405
-366.81727574750835,0.11793170695943127
-366.797342192691,0.12226234215436045
-366.77740863787375,0.12653128451811696
-366.7574750830565,0.1307287533081419
-366.73754152823926,0.13484581914839658
-366.717607973422,0.13887428622130754
-366.69767441860466,0.14280659677440544
-366.6777408637874,0.14663575354807043
-366.6578073089701,0.15035525661767682
-366.63787375415285,0.15395905185473982
-366.6179401993356,0.15744148877803987
-366.59800664451825,0.16079728601485493
-366.578073089701,0.16402150294789714
-366.55813953488376,0.16710951640520577
-366.5382059800665,0.17005700147299846
-366.5182724252492,0.17285991568882825
-366.4983388704319,0.17551448601316985
-366.4784053156146,0.17801719809029146
-366.45847176079735,0.1803647873993301
-366.4385382059801,0.18255423196913176
-366.4186046511628,0.18458274638896716
-366.39867109634554,0.18644777689475495
-366.37873754152827,0.1881469973491828
-366.358803986711,0.1896783059658004
-366.3388704318937,0.19103982265341612
-366.31893687707645,0.19222988687859602
-366.2990033222592,0.19324705596245337
-366.27906976744185,0.19409010374297286
-366.2591362126246,0.19475801954714642
-366.2392026578073,0.19525000742857043
-366.2192691029901,0.1955654856356986
-366.1993355481728,0.19570408628493652
-366.1794019933555,0.19566565522055487
-366.1594684385382,0.1954502520508063
-366.13953488372096,0.1950581503568801
-366.1196013289037,0.19448983807801748
-366.0996677740864,0.19374601808346464
-366.0797342192691,0.19282760894905063
-366.0598006644518,0.19173574596423837
-366.0398671096346,0.1904717824039179
-366.0199335548173,0.18903729110911874
-366.00000000000006,0.18743406643147958
-365.98006644518273,0.18566412660931567
-365.96013289036546,0.1837297166577652
-365.9401993355482,0.18163331187313297
-365.9202657807309,0.1793776220725067
-365.90033222591364,0.1769655967147915
-365.8803986710963,0.17440043107977385
-365.8604651162791,0.17168557371870452
-365.84053156146183,0.16882473543498894
-365.82059800664456,0.16582190010899842
-365.8006644518273,0.16268133774895105
-365.78073089700996,0.15940762023439903
-365.7607973421927,0.15600564032304953
-365.7408637873754,0.1524806346220114
-365.72093023255815,0.14883821138659245
-365.70099667774093,0.14508438421281578
-365.6810631229236,0.14122561294349373
-365.66112956810633,0.13726885342572478
-365.64119601328906,0.13322161815515277
-365.6212624584718,0.12909205033820162
-365.6013289036545,0.12488901451868395
-365.5813953488372,0.12062220767118935
-365.5614617940199,0.11630229557892414
-365.54152823920265,0.11194108039506918
-365.52159468438543,0.10755170651273176
-365.50166112956816,0.10314891316065625
-365.48172757475083,0.09874934330779994
-365.46179401993356,0.09437191910290438
-365.4418604651163,0.09003829343484236
-365.421926910299,0.08577338390979268
-365.40199335548175,0.08160598727860344
-365.3820598006645,0.07756945541483536
-365.36212624584715,0.0737023829844069
-365.34219269102994,0.07004920537632835
-365.32225913621266,0.06666052790837117
-365.3023255813954,0.06359290626460211
-365.2823920265781,0.060907696888378736
-365.2624584717608,0.05866855602121752
-365.2425249169435,0.0569372928338898
-365.22259136212625,0.055768185812339686
-365.202657807309,0.05520155073036984
-365.1827242524917,0.05525804811989694
-365.16279069767444,0.05593545222836817
-365.14285714285717,0.05720900272672314
-365.1229235880399,0.05903521290554566
-365.1029900332226,0.06135783657213703
-365.08305647840535,0.06411425721982124
-365.063122923588,0.06724092252686024
-365.04318936877075,0.07067717592059299
-365.0232558139535,0.07436747527890945
-365.00332225913627,0.07826233557757026
-364.983388704319,0.08231841857380293
-364.96345514950167,0.08649813425535097
-364.9435215946844,0.09076901420990513
-364.9235880398671,0.0951030194216214
-364.90365448504986,0.09947587244017923
-364.8837209302326,0.10386645662647519
-364.8637873754153,0.108256297309225
-364.843853820598,0.11262912472739993
-364.82392026578077,0.11697051153504262
-364.8039867109635,0.12126757499550168
-364.78405315614623,0.12550873367612686
-364.76411960132896,0.12968350924247118
-364.74418604651163,0.13378236516535383
-364.72425249169436,0.13779657544619378
-364.7043189368771,0.14171811767042172
-364.6843853820598,0.14553958575082623
-364.66445182724254,0.14925411860818488
-364.6445182724253,0.15285534176547413
-364.624584717608,0.15633731942365695
-364.60465116279073,0.15969451506353838
-364.58471760797346,0.16292175899983846
-364.5647840531562,0.1660142216186925
-364.54485049833886,0.16896739127345342
-364.5249169435216,0.17177705600840376
-364.5049833887043,0.17443928843569725
-364.4850498338871,0.17695043321598253
-364.46511627906983,0.17930709669350336
-364.4451827242525,0.1815061383176438
-364.42524916943523,0.18354466354848312
-364.40531561461796,0.18542001799724778
-364.3853820598007,0.18712978259613924
-364.3654485049834,0.18867176962769244
-364.3455149501661,0.1900440194732113
-364.3255813953488,0.19124479796440627
-364.3056478405316,0.19227259424250465
-364.28571428571433,0.1931261190466025
-364.26578073089706,0.193804303367276
-364.24584717607974,0.19430629741443162
-364.22591362126246,0.19463146985895693
-364.2059800664452,0.19477940731781224
-364.1860465116279,0.19474991406083594
-364.16611295681065,0.19454301192570927
-364.1461794019933,0.19415894043545007
-364.1262458471761,0.1935981571202859
-364.10631229235884,0.19286133805347092
-364.08637873754157,0.1919493786186207
-364.0664451827243,0.19086339453451112
-364.04651162790697,0.1896047231726351
-364.0265780730897,0.188174925213052
-364.0066445182724,0.18657578669587666
-363.98671096345515,0.18480932153918952
-363.96677740863794,0.182877774610078
-363.9468438538206,0.18078362545414356
-363.92691029900334,0.17852959281113498
-363.90697674418607,0.17611864007112973
-363.8870431893688,0.1735539818580881
-363.8671096345515,0.17083909196691396
-363.84717607973425,0.16797771292830563
-363.8272425249169,0.16497386753464802
-363.80730897009965,0.16183187273300687
-363.78737541528244,0.1585563563811839
-363.76744186046517,0.15515227747455962
-363.7475083056479,0.15162495059034486
-363.72757475083057,0.14798007546936606
-363.7076411960133,0.14422377287219104
-363.687707641196,0.14036262811766131
-363.66777408637876,0.1364037440511481
-363.6478405315615,0.13235480561374435
-363.62790697674416,0.1282241587111853
-363.60797342192694,0.12402090673374336
-363.58803986710967,0.11975502887656485
-363.5681063122924,0.1154375253694525
-363.54817275747513,0.11108059584572304
-363.5282392026578,0.10669785832717994
-363.50830564784053,0.10230461756953692
-363.48837209302326,0.09791819256075035
-363.468438538206,0.09355831330941287
-363.4485049833887,0.08924759579936678
-363.42857142857144,0.08501209952467405
-363.4086378737542,0.0808819616997312
-363.3887043189369,0.07689208194041597
-363.36877076411963,0.07308279519839633
-363.34883720930236,0.06950041249098242
-363.3289036544851,0.06619742458346695
-363.30897009966776,0.06323206011258793
-363.2890365448505,0.06066679885295531
-363.2691029900333,0.05856543645230472
-363.249169435216,0.05698849113149614
-363.22923588039873,0.0559872274011733
-363.2093023255814,0.05559728642067174
-363.18936877076413,0.055833527874175476
-363.16943521594686,0.0566877116218494
-363.1495016611296,0.05812983316982958
-363.1295681063123,0.06011263500375766
-363.109634551495,0.06257780922000156
-363.0897009966778,0.06546220369876989
-363.0697674418605,0.06870284472461537
-363.04983388704323,0.07224031972126121
-363.02990033222596,0.07602062656566091
-363.00996677740864,0.07999586363909103
-362.99003322259136,0.08412417283567956
-362.9700996677741,0.08836927164559776
-362.9501661129568,0.09269980593552213
-362.93023255813955,0.09708866420636515
-362.9102990033223,0.10151232900505128
-362.890365448505,0.10595029977952043
-362.87043189368774,0.11038459752811915
-362.85049833887047,0.11479934902616543
-362.8305647840532,0.11918044265662234
-362.81063122923587,0.12351524591617467
-362.7906976744186,0.12779237467208251
-362.7707641196013,0.13200150514948994
-362.7508305647841,0.13613322085731602
-362.73089700996684,0.140178887919823
-362.7109634551495,0.144130553435093
-362.69102990033224,0.14798086248135386
-362.67109634551497,0.15172299022919145
-362.6511627906977,0.1553505863051413
-362.6312292358804,0.15885772910950716
-362.6112956810631,0.16223888823969004
-362.5913621262458,0.16548889352977345
-362.5714285714286,0.1686029095043485
-362.55149501661134,0.17157641427436562
-362.53156146179407,0.17440518208640957
-362.51162790697674,0.17708526888396253
-362.49169435215947,0.17961300035751016
-362.4717607973422,0.18198496205526968
-362.4518272425249,0.18419799120343605
-362.43189368770766,0.1862491699467985
-362.4119601328904,0.18813581977160893
-362.3920265780731,0.18985549691374132
-362.37209302325584,0.19140598858927824
-362.3521594684386,0.19278530991286677
-362.3322259136213,0.19399170139225466
-362.31229235880403,0.19502362690713795
-362.2923588039867,0.1958797720968477
-362.27242524916943,0.19655904309530112
-362.25249169435216,0.19706056556386936
-362.23255813953494,0.1973836839832223
-362.2126245847177,0.19752796117472873
-362.19269102990035,0.19749317803024913
-362.1727574750831,0.19727933343745982
-362.1528239202658,0.1968866443947465
-362.13289036544853,0.19631554631781492
-362.11295681063126,0.19556669354684364
-362.09302325581393,0.1946409600712532
-362.07308970099666,0.19353944049709995
-362.05315614617945,0.19226345129105474
-362.0332225913622,0.1908145323450942
-362.0132890365449,0.1891944489171113
-361.9933554817276,0.18740519401615108
-361.9734219269103,0.1854489913159153
-361.95348837209303,0.1833282986985735
-361.93355481727576,0.18104581255253138
-361.9136212624585,0.17860447297364912
-361.8936877076412,0.17600747005102968
-361.87375415282395,0.17325825145673987
-361.8538205980067,0.17036053160544865
-361.8338870431894,0.16731830270780113
-361.81395348837214,0.16413584811212323
-361.79401993355486,0.16081775841692425
-361.77408637873754,0.15736895094632056
-361.75415282392026,0.15379469331636667
-361.734219269103,0.15010063199133478
-361.7142857142857,0.1462928269424358
-361.6943521594685,0.1423777937900768
-361.6744186046512,0.138362555147908
-361.6544850498339,0.13425470331045503
-361.63455149501664,0.13006247695645154
-361.61461794019937,0.12579485520138112
-361.5946843853821,0.12146167314996481
-361.57475083056477,0.11707376409572325
-361.5548172757475,0.1126431347017931
-361.5348837209303,0.1081831808583928
-361.514950166113,0.10370895337145006
-361.49501661129574,0.09923748399693814
-361.4750830564784,0.09478818317820194
-361.45514950166114,0.09038332035253781
-361.43521594684387,0.08604859437825604
-361.4152823920266,0.08181379292457823
-361.3953488372093,0.07771352142259169
-361.375415282392,0.07378794831365838
-361.3554817275748,0.07008345626851202
-361.3355481727575,0.06665300245328835
-361.31561461794024,0.0635558774253181
-361.29568106312297,0.06085643874392879
-361.27574750830564,0.05862135335967603
-361.25581395348837,0.05691503501432668
-361.2358803986711,0.05579343378154606
-361.2159468438538,0.05529711001873191
-361.19601328903656,0.05544528820122903
-361.1760797342193,0.05623277104586798
-361.156146179402,0.057630820845333934
-361.13621262458474,0.05959168076454841
-361.1162790697675,0.062055176811645976
-361.0963455149502,0.06495549493397908
-361.0764119601329,0.06822673513315862
-361.0564784053156,0.07180667252693447
-361.03654485049833,0.07563881574736883
-361.0166112956811,0.07967317439672965
-360.99667774086384,0.08386619779305712
-360.9767441860465,0.08818026216176134
-360.95681063122925,0.09258296457010716
-360.936877076412,0.09704637892343015
-360.9169435215947,0.10154635619765752
-360.89700996677743,0.10606190513800157
-360.87707641196016,0.1105746634786167
-360.85714285714283,0.11506845626808651
-360.8372093023256,0.11952893191544162
-360.81727574750835,0.1239432647101841
-360.7973421926911,0.1282999127795491
-360.7774086378738,0.13258842157307493
-360.7574750830565,0.1367992643921321
-360.7375415282392,0.14092371290599592
-360.71760797342193,0.1449537318797348
-360.69767441860466,0.14888189343845876
-360.6777408637874,0.15270130710475463
-360.6578073089701,0.15640556258985602
-360.63787375415285,0.15998868291822516
-360.6179401993356,0.16344508594474447
-360.5980066445183,0.16676955270618957
-360.57807308970104,0.16995720135309275
-360.5581395348837,0.17300346565049726
-360.53820598006644,0.17590407722936113
-360.51827242524917,0.1786550509245899
-360.49833887043195,0.18125267265922054
-360.4784053156147,0.18369348943339445
-360.45847176079735,0.18597430105671037
-360.4385382059801,0.18809215332703663
-360.4186046511628,0.19004433241143087
-360.39867109634554,0.19182836022731872
-360.37873754152827,0.19344199065756096
-360.358803986711,0.19488320646130883
-360.33887043189367,0.19615021676700523
-360.31893687707645,0.19724145505350876
-360.2990033222592,0.1981555775421444
-360.2790697674419,0.19889146193694884
-360.25913621262464,0.19944820646225808
-360.2392026578073,0.19982512915782166
-360.21926910299004,0.20002176740076674
-360.19933554817277,0.20003787763241093
-360.1794019933555,0.19987343527577028
-360.1594684385382,0.19952863483697075
-360.13953488372096,0.19900389019110645
-360.1196013289037,0.1982998350602655
-360.0996677740864,0.19741732369896803
-360.07973421926914,0.1963574318102256
-360.05980066445187,0.19512145772382192
-360.03986710963454,0.1937109238782145
-360.01993355481727,0.19212757865806807
-360.0,0.19037339865191555
-359.98006644518273,0.18845059140875806
-359.9601328903655,0.1863615987896535
-359.9401993355482,0.1841091010302692
-359.9202657807309,0.1816960216548337
-359.90033222591364,0.1791255334109095
-359.8803986710964,0.176401065429976
-359.8604651162791,0.17352631186188394
-359.8405315614618,0.17050524228405461
-359.8205980066445,0.16734211425151588
-359.8006644518273,0.16404148843380847
-359.78073089701,0.16060824688466918
-359.76079734219275,0.1570476151136015
-359.7408637873754,0.15336518878282435
-359.72093023255815,0.14956696604535513
-359.7009966777409,0.14565938678071694
-359.6810631229236,0.14164938028612548
-359.66112956810633,0.13754442335791647
-359.641196013289,0.13335261116853808
-359.6212624584718,0.1290827439292674
-359.6013289036545,0.1247444330496962
-359.58139534883725,0.12034823138249592
-359.56146179402,0.11590579318753252
-359.54152823920265,0.11143007065297288
-359.5215946843854,0.10693555511519497
-359.5016611295681,0.10243857237340286
-359.48172757475083,0.09795764237534385
-359.46179401993356,0.0935139134249843
-359.4418604651163,0.08913167877415931
-359.421926910299,0.08483897700647677
-359.40199335548175,0.08066826374451508
-359.3820598006645,0.07665711602691999
-359.3621262458472,0.07284888580456132
-359.34219269102994,0.06929314908553742
-359.3222591362126,0.06604570117658468
-359.30232558139534,0.06316774120055164
-359.2823920265781,0.06072381855471441
-359.26245847176085,0.05877817388219862
-359.2425249169436,0.05738941651075662
-359.22259136212625,0.05660409175084478
-359.202657807309,0.05645044140159095
-359.1827242524917,0.056934111566914136
-359.16279069767444,0.05803724508342547
-359.14285714285717,0.05972128435684498
-359.12292358803984,0.061932503302650176
-359.1029900332226,0.06460855255674713
-359.08305647840535,0.06768442858577145
-359.0631229235881,0.07109695095077077
-359.0431893687708,0.07478754826197631
-359.0232558139535,0.07870361021596947
-359.0033222591362,0.08279882823167949
-358.98338870431894,0.0870329245400886
-358.96345514950167,0.09137107113719539
-358.9435215946844,0.09578319508776055
-358.9235880398671,0.10024328371891358
-358.90365448504986,0.10472874702839917
-358.8837209302326,0.10921986036553365
-358.8637873754153,0.11369929140343883
-358.84385382059804,0.11815170592370834
-358.82392026578077,0.12256344297566334
-358.80398671096344,0.12692224900351368
-358.7840531561462,0.13121706104161077
-358.76411960132896,0.13543783021076253
-358.7441860465117,0.13957537805711584
-358.7242524916944,0.14362127953930628
-358.7043189368771,0.14756776759467108
-358.6843853820598,0.15140765517323865
-358.66445182724254,0.15513427142201477
-358.6445182724253,0.15874140934954872
-358.624584717608,0.16222328282345946
-358.6046511627907,0.16557449117301457
-358.58471760797346,0.1687899900044087
-358.5647840531562,0.17186506710451138
-358.5448504983389,0.17479532252301244
-358.52491694352165,0.1775766520943576
-358.5049833887043,0.18020523379812461
-358.48504983388705,0.18267751646697525
-358.4651162790698,0.18499021044018307
-358.4451827242525,0.18714027983281237
-358.42524916943523,0.18912493614884135
-358.40531561461796,0.19094163301434564
-358.3853820598007,0.19258806184559085
-358.3654485049834,0.19406214829927315
-358.34551495016615,0.1953620493783523
-358.3255813953489,0.196486151089434
-358.30564784053155,0.19743306656591128
-358.2857142857143,0.19820163458708862
-358.265780730897,0.1987909184368694
-358.24584717607974,0.19920020505737815
-358.2259136212625,0.19942900446319695
-358.2059800664452,0.19947704939132146
-358.1860465116279,0.1993442951702631
-358.16611295681065,0.1990309198000885
-358.1461794019934,0.19853732424272788
-358.1262458471761,0.19786413292987165
-358.1063122923588,0.19701219450362994
-358.0863787375415,0.19598258281359837
-358.0664451827243,0.19477659820310966
-358.046511627907,0.19339576912743472
-358.02657807308975,0.19184185415814503
-358.0066445182724,0.19011684444073138
-357.98671096345515,0.18822296668782254
-357.9667774086379,0.18616268680800416
-357.9468438538206,0.1839387142912502
-357.92691029900334,0.18155400749728148
-357.90697674418607,0.17901178002322465
-357.8870431893688,0.17631550836373908
-357.8671096345515,0.17346894112115419
-357.84717607973425,0.17047611007760596
-357.827242524917,0.16734134350786237
-357.8073089700997,0.16406928219350525
-357.7873754152824,0.1606648987005431
-357.7674418604651,0.15713352060784952
-357.74750830564784,0.15348085852942794
-357.72757475083057,0.14971303996682275
-357.70764119601336,0.14583665026820852
-357.687707641196,0.14185878226959678
-357.66777408637876,0.13778709656399682
-357.6478405315615,0.13362989480262602
-357.6279069767442,0.1293962089945712
-357.60797342192694,0.125095910454012
-357.5880398671096,0.12073984285897504
-357.56810631229234,0.11633998483028085
-357.54817275747513,0.11190964848415934
-357.52823920265786,0.10746372147067743
-357.5083056478406,0.10301896089115722
-357.48837209302326,0.09859434781541282
-357.468438538206,0.09421151019871865
-357.4485049833887,0.0898952186193927
-357.42857142857144,0.08567395141816529
-357.4086378737542,0.08158051041984289
-357.3887043189369,0.07765264108757451
-357.36877076411963,0.07393356649967452
-357.34883720930236,0.07047227893607885
-357.3289036544851,0.06732334848975034
-357.3089700996678,0.0645459235756367
-357.28903654485055,0.06220156120359756
-357.2691029900332,0.06035061742470821
-357.24916943521595,0.05904723989245568
-357.2292358803987,0.058333549182975404
-357.2093023255814,0.058234201874060317
-357.1893687707642,0.05875282799631477
-357.16943521594686,0.059871486887046826
-357.1495016611296,0.06155332633269917
-357.1295681063123,0.0637475650277512
-357.10963455149505,0.06639534009922071
-357.0897009966778,0.0694350744453988
-357.06976744186045,0.07280657059780285
-357.0498338870432,0.0764536326306451
-357.02990033222596,0.08032541084784475
-357.0099667774087,0.08437681979103834
-356.9900332225914,0.08856837518032283
-356.9700996677741,0.09286571951087806
-356.9501661129568,0.09723901846645981
-356.93023255813955,0.10166233780576071
-356.9102990033223,0.10611305929825897
-356.890365448505,0.11057136193773551
-356.8704318936877,0.11501977589880817
-356.85049833887047,0.11944280678820031
-356.8305647840532,0.12382662316792996
-356.8106312292359,0.1281587987639863
-356.79069767441865,0.13242810078646045
-356.7707641196013,0.13662431653767823
-356.75083056478405,0.14073811151127388
-356.7308970099668,0.1447609132458371
-356.7109634551495,0.14868481617817408
-356.69102990033224,0.1525025035987206
-356.67109634551497,0.1562071835358303
-356.6511627906977,0.15979253599514365
-356.6312292358804,0.16325266947023329
-356.61129568106315,0.1665820850376152
-356.5913621262459,0.1697756466697364
-356.57142857142856,0.17282855665737082
-356.5514950166113,0.17573633524030677
-356.531561461794,0.1784948037120104
-356.51162790697674,0.18110007039851533
-356.4916943521595,0.18354851902023792
-356.4717607973422,0.1858367990333372
-356.4518272425249,0.1879618176185235
-356.43189368770766,0.18992073304322216
-356.4119601328904,0.19171094917076012
-356.3920265780731,0.1933301109289608
-356.37209302325584,0.1947761005829409
-356.3521594684385,0.1960470346834958
-356.3322259136213,0.19714126158495102
-356.31229235880403,0.19805735944501046
-356.29235880398676,0.19879413463512505
-356.2724252491695,0.1993506205037151
-356.25249169435216,0.19972607644638513
-356.2325581395349,0.19991998724797022
-356.2126245847176,0.1999320626705746
-356.19269102990035,0.1997622372707681
-356.1727574750831,0.1994106704371692
-356.1528239202658,0.1988777466478757
-356.13289036544853,0.19816407595503813
-356.11295681063126,0.19727049471233415
-356.093023255814,0.19619806656978692
-356.0730897009967,0.19494808376972023
-356.0531561461794,0.19352206878834155
-356.0332225913621,0.19192177637925298
-356.01328903654485,0.1901491960888142
-355.9933554817276,0.18820655532928546
-355.97342192691036,0.18609632311437105
-355.95348837209303,0.18382121458421416
-355.93355481727576,0.18138419647340942
-355.9136212624585,0.17878849370827354
-355.8936877076412,0.17603759735849098
-355.87375415282395,0.17313527421621974
-355.8538205980067,0.17008557833455126
-355.83388704318935,0.16689286492926703
-355.81395348837214,0.1635618071372211
-355.79401993355486,0.16009741623539064
-355.7740863787376,0.15650506606223016
-355.7541528239203,0.1527905225547913
-355.734219269103,0.14895997952930617
-355.7142857142857,0.14502010210126579
-355.69435215946845,0.14097807947630725
-355.6744186046512,0.1368416892622438
-355.6544850498339,0.13261937597391446
-355.63455149501664,0.12832034704833176
-355.61461794019937,0.1239546904779974
-355.5946843853821,0.11953351912348571
-355.5747508305648,0.11506914788464219
-355.55481727574755,0.11057531116467637
-355.5348837209302,0.10606742935899015
-355.51495016611295,0.10156293422225691
-355.4950166112957,0.09708166346813803
-355.4750830564784,0.09264633399888168
-355.4551495016612,0.08828309925560895
-355.43521594684387,0.08402218682261954
-355.4152823920266,0.07989859368085724
-355.3953488372093,0.075952782811082
-355.37541528239205,0.07223126958687358
-355.3554817275748,0.0687869047901919
-355.33554817275746,0.06567855751456353
-355.3156146179402,0.06296980294372037
-355.29568106312297,0.060726193955462
-355.2757475083057,0.05901085095181769
-355.2558139534884,0.05787854531289273
-355.2358803986711,0.05736915415161578
-355.2159468438538,0.05750204172680683
-355.19601328903656,0.058273082539412775
-355.1760797342193,0.05965535512773755
-355.156146179402,0.061603255936601584
-355.1362126245847,0.06405865343894278
-355.1162790697675,0.06695733820487935
-355.0963455149502,0.07023443426356346
-355.07641196013293,0.07382817388675793
-355.05647840531566,0.0776820593363294
-355.03654485049833,0.0817457620007507
-355.01661129568106,0.08597518320278648
-354.9966777408638,0.09033203777612034
-354.9767441860465,0.0947832164383297
-354.95681063122925,0.09930008640015923
-354.936877076412,0.10385781829369664
-354.9169435215947,0.10843478114242004
-354.89700996677743,0.11301201975575971
-354.87707641196016,0.11757281424697738
-354.8571428571429,0.12210231439978202
-354.8372093023256,0.12658723900455154
-354.8172757475083,0.1310156299788843
-354.797342192691,0.13537665187001935
-354.77740863787375,0.13966042854343627
-354.75747508305653,0.14385791014703014
-354.73754152823926,0.14796076464013827
-354.71760797342193,0.15196128922634766
-354.69767441860466,0.1558523379141719
-354.6777408637874,0.15962726215900438
-354.6578073089701,0.1632798621332095
-354.63787375415285,0.16680434664927352
-354.6179401993355,0.17019530014468878
-354.5980066445183,0.17344765544425914
-354.57807308970104,0.17655667126104138
-354.55813953488376,0.1795179135935299
-354.5382059800665,0.18232724033406011
-354.51827242524917,0.18498078852974123
-354.4983388704319,0.187474963838879
-354.4784053156146,0.1898064318079714
-354.45847176079735,0.19197211066084757
-354.4385382059801,0.1939691653456176
-354.4186046511628,0.1957950026292405
-354.39867109634554,0.19744726706578367
-354.37873754152827,0.19892383769426322
-354.358803986711,0.20022282534682667
-354.3388704318937,0.20134257046855059
-354.31893687707645,0.20228164136772075
-354.2990033222591,0.2030388328300379
-354.27906976744185,0.20361316504298513
-354.2591362126246,0.20400388278756498
-354.23920265780737,0.2042104548643257
-354.2192691029901,0.2042325737293922
-354.19933554817277,0.20407015532421066
-354.1794019933555,0.2037233390903796
-354.1594684385382,0.20319248816826296
-354.13953488372096,0.20247818978538293
-354.1196013289037,0.20158125584817227
-354.09966777408636,0.200502723758575
-354.07973421926914,0.1992438574855557
-354.05980066445187,0.19780614893113224
-354.0398671096346,0.1961913196412095
-354.0199335548173,0.194401322923907
-354.0,0.19243834645232907
-353.98006644518273,0.19030481544567818
-353.96013289036546,0.18800339654270348
-353.9401993355482,0.185537002505538
-353.9202657807309,0.1829087979211084
-353.90033222591364,0.18012220610261281
-353.8803986710964,0.1771809174367743
-353.8604651162791,0.17408889947556727
-353.84053156146183,0.17085040913644478
-353.82059800664456,0.16747000745616936
-353.80066445182723,0.16395257744388714
-353.78073089700996,0.1603033457047053
-353.7607973421927,0.15652790866230404
-353.7408637873754,0.1526322644063449
-353.7209302325582,0.148622851438761
-353.7009966777409,0.14450659590579534
-353.6810631229236,0.14029096929693322
-353.66112956810633,0.13598405908869746
-353.64119601328906,0.13159465543506121
-353.6212624584718,0.12713235778613247
-353.60132890365446,0.12260770628126497
-353.5813953488372,0.11803234393855108
-353.56146179402,0.11341921705811486
-353.5415282392027,0.10878282284234446
-353.52159468438543,0.10413951489870268
-353.5016611295681,0.09950787875120932
-353.48172757475083,0.09490919016127715
-353.46179401993356,0.09036796781768461
-353.4418604651163,0.08591262675248965
-353.421926910299,0.0815762261813938
-353.40199335548175,0.07739727982350504
-353.3820598006645,0.07342055029995186
-353.3621262458472,0.06969767300421749
-353.34219269102994,0.06628734378761891
-353.32225913621266,0.06325466996390651
-353.3023255813954,0.06066917433295413
-353.28239202657807,0.05860096587892618
-353.2624584717608,0.05711490513925658
-353.2425249169435,0.056263297972527236
-353.22259136212625,0.05607859235621387
-353.20265780730904,0.056568193991482114
-353.1827242524917,0.05771321707725852
-353.16279069767444,0.05947164212719661
-353.14285714285717,0.06178471101712317
-353.1229235880399,0.0645844668451177
-353.1029900332226,0.06780052683048648
-353.0830564784053,0.07136503648162562
-353.063122923588,0.07521563287807048
-353.04318936877075,0.07929677462042013
-353.02325581395354,0.0835599611453142
-353.00332225913627,0.08796331091157222
-352.98338870431894,0.0924708376112707
-352.96345514950167,0.09705163625081319
-352.9435215946844,0.10167909550207765
-352.9235880398671,0.10633019086636457
-352.90365448504986,0.11098487713269314
-352.8837209302326,0.11562557959751912
-352.8637873754153,0.12023677472697385
-352.84385382059804,0.12480464783383333
-352.82392026578077,0.12931681513765925
-352.8039867109635,0.1337620986971804
-352.78405315614623,0.1381303443005987
-352.7641196013289,0.14241227404662082
-352.74418604651163,0.14659936685530792
-352.72425249169436,0.15068376144411513
-352.7043189368771,0.1546581773820144
-352.6843853820599,0.15851585071234325
-352.66445182724254,0.16225048134068626
-352.6445182724253,0.16585618994736173
-352.624584717608,0.16932748263192995
-352.60465116279073,0.17265922185235463
-352.58471760797346,0.17584660250335038
-352.56478405315613,0.17888513220228122
-352.54485049833886,0.18177061502906944
-352.5249169435216,0.18449913810866617
-352.5049833887044,0.18706706053823544
-352.4850498338871,0.18947100425252894
-352.4651162790698,0.19170784649429845
-352.4451827242525,0.19377471361626095
-352.42524916943523,0.19566897598926747
-352.40531561461796,0.19738824383094772
-352.3853820598007,0.19893036380137327
-352.36544850498336,0.2002934162390584
-352.34551495016615,0.20147571293289618
-352.3255813953489,0.20247579534409935
-352.3056478405316,0.20329243320811313
-352.28571428571433,0.20392462345977036
-352.265780730897,0.20437158943660613
-352.24584717607974,0.20463278032562657
-352.22591362126246,0.20470787082772418
-352.2059800664452,0.20459676102252447
-352.1860465116279,0.20429957642430954
-352.16611295681065,0.2038166682270974
-352.1461794019934,0.2031486137446446
-352.1262458471761,0.20229621705876966
-352.10631229235884,0.20126050989749494
-352.08637873754157,0.2000427527732372
-352.06644518272424,0.19864443642086235
-352.04651162790697,0.19706728358636647
-352.0265780730897,0.1953132512292603
-352.0066445182724,0.19338453321630114
-351.9867109634552,0.19128356360104057
-351.9667774086379,0.18901302060401967
-351.9468438538206,0.18657583143242384
-351.92691029900334,0.1839751781072379
-351.90697674418607,0.1812145045011098
-351.8870431893688,0.17829752483342634
-351.8671096345515,0.1752282339216882
-351.8471760797342,0.17201091955339126
-351.8272425249169,0.16865017742292907
-351.8073089700997,0.16515092917772112
-351.78737541528244,0.16151844424197512
-351.76744186046517,0.15775836624138445
-351.74750830564784,0.1538767450462242
-351.72757475083057,0.14988007569381656
-351.7076411960133,0.14577534575713583
-351.687707641196,0.14157009311047322
-351.66777408637876,0.1372724765252791
-351.6478405315615,0.1328913621319686
-351.6279069767442,0.12843642953281068
-351.60797342192694,0.1239183022722948
-351.58803986710967,0.11934870848533834
-351.5681063122924,0.1147406788525786
-351.5481727574751,0.11010879045820769
-351.5282392026578,0.10546946664718104
-351.50830564784053,0.10084134423109894
-351.48837209302326,0.09624571981630892
-351.46843853820604,0.09170708552693199
-351.4485049833887,0.08725375901362707
-351.42857142857144,0.08291860009313605
-351.4086378737542,0.07873978153999867
-351.3887043189369,0.0747615373522518
-351.36877076411963,0.071034740359359
-351.34883720930236,0.06761705830546146
-351.32890365448503,0.06457231443272855
-351.30897009966776,0.06196857996041788
-351.28903654485055,0.05987454939370425
-351.2691029900333,0.05835403466203044
-351.249169435216,0.057459051731264865
-351.2292358803987,0.0572228314851737
-351.2093023255814,0.05765469906091156
-351.18936877076413,0.058738553502958944
-351.16943521594686,0.06043550543659058
-351.1495016611296,0.06268971446967853
-351.1295681063123,0.0654355312604611
-351.10963455149505,0.0686041107152814
-351.0897009966778,0.07212840531923508
-351.0697674418605,0.07594627648078428
-351.04983388704323,0.08000200074901788
-351.0299003322259,0.08424664583327782
-351.00996677740864,0.08863776792369071
-350.99003322259136,0.09313876924110705
-350.9700996677741,0.09771813487864794
-350.9501661129569,0.10234867395512605
-350.93023255813955,0.10700682703348816
-350.9102990033223,0.11167206380135947
-350.890365448505,0.11632637425525393
-350.87043189368774,0.12095384650686052
-350.85049833887047,0.1255403202857751
-350.83056478405314,0.13007310439179337
-350.81063122923587,0.13454074707914554
-350.7906976744186,0.13893284971217146
-350.7707641196014,0.14323991553667487
-350.7508305647841,0.147453226836769
-350.7308970099668,0.1515647449991163
-350.7109634551495,0.15556702906264597
-350.69102990033224,0.15945316920066327
-350.67109634551497,0.16321673228627442
-350.6511627906977,0.16685171725770062
-350.63122923588037,0.17035251845155103
-350.61129568106315,0.17371389543211044
-350.5913621262459,0.17693094813116586
-350.5714285714286,0.1799990963409294
-350.55149501661134,0.18291406278475175
-350.531561461794,0.18567185913556158
-350.51162790697674,0.1882687744688171
-350.49169435215947,0.19070136573018584
-350.4717607973422,0.1929664498740299
-350.4518272425249,0.1950610973899892
-350.43189368770766,0.19698262698473792
-350.4119601328904,0.19872860122680866
-350.3920265780731,0.20029682299579696
-350.37209302325584,0.20168533260497737
-350.3521594684386,0.20289240548929713
-350.3322259136213,0.20391655037009176
-350.312292358804,0.20475650782414004
-350.2923588039867,0.20541124919861667
-350.27242524916943,0.20587997582567594
-350.2524916943522,0.2061621185010086
-350.23255813953494,0.20625733720025122
-350.2126245847176,0.2061655210159675
-350.19269102990035,0.2058867883060529
-350.1727574750831,0.20542148705256516
-350.1528239202658,0.2047701954376522
-350.13289036544853,0.20393372265150933
-350.1129568106312,0.20291310995585368
-350.09302325581393,0.20170963203542852
-350.0730897009967,0.20032479868028513
-350.05315614617945,0.1987603568530932
-350.0332225913622,0.19701829320861958
-350.01328903654485,0.19510083714787588
-349.9933554817276,0.1930104645069819
-349.9734219269103,0.19074990200227784
-349.95348837209303,0.1883221325778486
-349.93355481727576,0.18573040183253514
-349.9136212624585,0.1829782257395303
-349.8936877076412,0.18006939991667073
-349.87375415282395,0.1770080107595216
-349.8538205980067,0.1737984488161733
-349.8338870431894,0.17044542486461742
-349.81395348837214,0.16695398925474933
-349.7940199335548,0.16332955520229495
-349.77408637873754,0.15957792687744513
-349.75415282392026,0.15570533332410347
-349.73421926910305,0.15171846948595458
-349.7142857142858,0.14762454591474586
-349.69435215946845,0.14343134910714528
-349.6744186046512,0.1391473148769407
-349.6544850498339,0.1347816177351964
-349.63455149501664,0.13034427994102932
-349.61461794019937,0.12584630471382832
-349.59468438538204,0.12129983906642974
-349.57475083056477,0.11671837280570369
-349.55481727574755,0.112116981378513
-349.5348837209303,0.10751262124619534
-349.514950166113,0.10292448700566105
-349.4950166112957,0.09837443889545672
-349.4750830564784,0.09388750649083451
-349.45514950166114,0.08949246739190317
-349.43521594684387,0.08522248553111182
-349.4152823920266,0.08111576801376977
-349.3953488372093,0.07721615671804165
-349.37541528239205,0.07357350636426448
-349.3554817275748,0.07024361482077374
-349.3355481727575,0.06728737912887009
-349.31561461794024,0.06476879545388912
-349.2956810631229,0.06275148337618701
-349.27574750830564,0.06129369299713888
-349.25581395348837,0.06044228756970206
-349.2358803986711,0.06022684778307539
-349.2159468438539,0.060655455605136153
-349.19601328903656,0.06171348889539396
-349.1760797342193,0.06336583605386802
-349.156146179402,0.0655617842212958
-349.13621262458474,0.06824109957556482
-349.1162790697675,0.07133981665547932
-349.09634551495014,0.07479478623462604
-349.0764119601329,0.0785466763714055
-349.0564784053156,0.08254158036393294
-349.0365448504984,0.08673158783938847
-349.0166112956811,0.09107469100304144
-348.9966777408638,0.09553432489166115
-348.9767441860465,0.10007874738582388
-348.95681063122925,0.10468038488088113
-348.936877076412,0.1093152121522987
-348.9169435215947,0.11396219813131289
-348.89700996677743,0.11860282769865084
-348.87707641196016,0.1232206980286217
-348.8571428571429,0.1278011825485207
-348.8372093023256,0.132331153585241
-348.81727574750835,0.13679875461492633
-348.7973421926911,0.14119321375134325
-348.77740863787375,0.1455046911707683
-348.7574750830565,0.14972415429402694
-348.7375415282392,0.15384327559622782
-348.71760797342193,0.15785434883703353
-348.6976744186047,0.16175022028536787
-348.6777408637874,0.16552423216040504
-348.6578073089701,0.16917017604022938
-348.63787375415285,0.17268225441894164
-348.6179401993356,0.1760550489396251
-348.5980066445183,0.17928349410910277
-348.578073089701,0.1823628555246914
-348.5581395348837,0.18528871182316892
-348.53820598006644,0.1880569397073652
-348.5182724252492,0.1906637015226439
-348.49833887043195,0.19310543495025245
-348.4784053156146,0.19537884446118295
-348.45847176079735,0.1974808942366306
-348.4385382059801,0.19940880231215036
-348.4186046511628,0.2011600357443627
-348.39867109634554,0.20273230663365174
-348.37873754152827,0.20412356886471478
-348.35880398671094,0.2053320154507648
-348.3388704318937,0.20635607638705902
-348.31893687707645,0.20719441693638807
-348.2990033222592,0.2078459362837313
-348.2790697674419,0.20830976650963662
-348.2591362126246,0.2085852718430816
-348.2392026578073,0.20867204816428941
-348.21926910299004,0.20856992273711594
-348.19933554817277,0.20827895415889583
-348.17940199335555,0.2077994325238255
-348.1594684385382,0.20713187980396672
-348.13953488372096,0.2062770504599692
-348.1196013289037,0.20523593230222434
-348.0996677740864,0.20400974763225357
-348.07973421926914,0.20259995470412723
-348.0598006644518,0.2010082495570092
-348.03986710963454,0.19923656828280292
-348.01993355481727,0.19728708980768156
-348.00000000000006,0.1951622392839321
-347.9800664451828,0.19286469220915312
-347.96013289036546,0.19039737941462576
-347.9401993355482,0.18776349309465135
-347.9202657807309,0.1849664940846493
-347.90033222591364,0.18201012064000643
-347.8803986710964,0.1788983990215862
-347.86046511627904,0.17563565626012678
-347.8405315614618,0.1722265355538504
-347.82059800664456,0.16867601485506956
-347.8006644518273,0.16498942932813093
-347.78073089701,0.16117249851852564
-347.7607973421927,0.1572313592703412
-347.7408637873754,0.1531726056761385
-347.72093023255815,0.1490033376533081
-347.7009966777409,0.14473122012949843
-347.6810631229236,0.14036455530650452
-347.66112956810633,0.1359123710793583
-347.64119601328906,0.13138452944034956
-347.6212624584718,0.12679185962082914
-347.6013289036545,0.1221463218355493
-347.58139534883725,0.11746120879400436
-347.5614617940199,0.11275139358850922
-347.54152823920265,0.10803363402974142
-347.5215946843854,0.10332694468340049
-347.5016611295681,0.09865304817347818
-347.4817275747509,0.09403691564683381
-347.46179401993356,0.08950740067515796
-347.4418604651163,0.08509795803008659
-347.421926910299,0.08084741364969956
-347.40199335548175,0.0768007077773693
-347.3820598006645,0.07300946212594259
-347.3621262458472,0.06953212043282664
-347.3421926910299,0.0664332912286099
-347.3222591362126,0.06378182656474128
-347.3023255813954,0.061647196359898494
-347.2823920265781,0.06009399981847509
-347.26245847176085,0.05917508009703337
-347.2425249169435,0.058924547772887095
-347.22259136212625,0.05935262292160434
-347.202657807309,0.060444013369637145
-347.1827242524917,0.06216041452935836
-347.16279069767444,0.06444623005367436
-347.14285714285717,0.0672356663164187
-347.1229235880399,0.07045937699288322
-347.1029900332226,0.07404954203138484
-347.08305647840535,0.07794308289748805
-347.0631229235881,0.08208326312069975
-347.04318936877075,0.08642013568577023
-347.0232558139535,0.09091028685678876
-347.0033222591362,0.09551621944967063
-346.98338870431894,0.10020560045545895
-346.9634551495017,0.10495050338270685
-346.9435215946844,0.10972671134513357
-346.9235880398671,0.11451310766842561
-346.90365448504986,0.11929115899927169
-346.8837209302326,0.12404448504506821
-346.8637873754153,0.12875850455113116
-346.84385382059804,0.13342014600692265
-346.8239202657807,0.13801761213175398
-346.80398671096344,0.1425401884547819
-346.78405315614623,0.14697808776391455
-346.76411960132896,0.1513223236058338
-346.7441860465117,0.15556460726903154
-346.72425249169436,0.15969726374306034
-346.7043189368771,0.16371316302461505
-346.6843853820598,0.1676056638549402
-346.66445182724254,0.17136856754808935
-346.6445182724253,0.17499608002986142
-346.62458471760795,0.17848278057493874
-346.60465116279073,0.18182359602270626
-346.58471760797346,0.18501377948600098
-346.5647840531562,0.18804889275363593
-346.5448504983389,0.1909247917369229
-346.5249169435216,0.19363761443014874
-346.5049833887043,0.19618377095135417
-346.48504983388705,0.1985599353074976
-346.4651162790698,0.20076303859119043
-346.44518272425256,0.2027902633673944
-346.42524916943523,0.2046390390504124
-346.40531561461796,0.2063070381058344
-346.3853820598007,0.2077921729405148
-346.3654485049834,0.20909259336723898
-346.34551495016615,0.21020668455041025
-346.3255813953488,0.21113306535566922
-346.30564784053155,0.21187058704048134
-346.2857142857143,0.21241833223495152
-346.26578073089706,0.2127756141725557
-346.2458471760798,0.21294197614006274
-346.22591362126246,0.21291719112423652
-346.2059800664452,0.21270126164082492
-346.1860465116279,0.21229441973882845
-346.16611295681065,0.21169712718012995
-346.1461794019934,0.2109100758019445
-346.12624584717605,0.20993418807696881
-346.1063122923588,0.20877061789404072
-346.08637873754157,0.20742075159072626
-346.0664451827243,0.20588620927874
-346.046511627907,0.2041688465140472
-346.0265780730897,0.20227075637576006
-346.0066445182724,0.2001942720325632
-345.98671096345515,0.19794196989244844
-345.9667774086379,0.1955166734517944
-345.9468438538206,0.19292145798437701
-345.92691029900334,0.1901596562401527
-345.90697674418607,0.18723486535960673
-345.8870431893688,0.18415095525308886
-345.8671096345515,0.1809120787482828
-345.84717607973425,0.17752268387509607
-345.827242524917,0.1739875287392837
-345.80730897009965,0.17031169953799968
-345.7873754152824,0.1665006323975906
-345.7674418604651,0.1625601398731552
-345.7475083056479,0.15849644314910938
-345.7275747508306,0.15431621123138684
-345.7076411960133,0.15002660873869875
-345.687707641196,0.1456353542996145
-345.66777408637876,0.14115079206577355
-345.6478405315615,0.136581979484241
-345.6279069767442,0.13193879526352212
-345.6079734219269,0.12723207244871407
-345.5880398671096,0.1224737627190778
-345.5681063122924,0.11767713944837666
-345.54817275747513,0.1128570486990215
-345.52823920265786,0.1080302190488455
-345.50830564784053,0.10321564270601508
-345.48837209302326,0.0984350411840387
-345.468438538206,0.09371342777658681
-345.4485049833887,0.08907977416817789
-345.42857142857144,0.08456777626705735
-345.4086378737542,0.0802166891996511
-345.3887043189369,0.0760721553988353
-345.36877076411963,0.07218687349501376
-345.34883720930236,0.06862084322461698
-345.3289036544851,0.06544078208800594
-345.3089700996678,0.06271818953109969
-345.2890365448505,0.06052554181654598
-345.2691029900332,0.05893039735506476
-345.24916943521595,0.05798789552098702
-345.22923588039873,0.05773310847643703
-345.20930232558146,0.05817542449466874
-345.18936877076413,0.05929691938173673
-345.16943521594686,0.06105533533159365
-345.1495016611296,0.06339055820806516
-345.1295681063123,0.06623244265346552
-345.10963455149505,0.06950794868707426
-345.0897009966777,0.07314642554935796
-345.06976744186045,0.07708281243581526
-345.04983388704323,0.08125910649369117
-345.02990033222596,0.08562464125078707
-345.0099667774087,0.09013567226776995
-344.99003322259136,0.09475463232652928
-344.9700996677741,0.09944928394896121
-344.9501661129568,0.10419189516142381
-344.93023255813955,0.10895849801113579
-344.9102990033223,0.11372825046831478
-344.89036544850495,0.11848290176907617
-344.87043189368774,0.12320635168751672
-344.85049833887047,0.12788429078565805
-344.8305647840532,0.13250390839351148
-344.8106312292359,0.13705365621449317
-344.7906976744186,0.14152305711808524
-344.7707641196013,0.14590255041190045
-344.75083056478405,0.15018336647167244
-344.7308970099668,0.15435742497408347
-344.71096345514957,0.15841725211404675
-344.69102990033224,0.16235591311337214
-344.67109634551497,0.16616695707207005
-344.6511627906977,0.1698443718070993
-344.6312292358804,0.1733825467951458
-344.61129568106315,0.17677624271019335
-344.5913621262458,0.1800205663432389
-344.57142857142856,0.18311094992703217
-344.5514950166113,0.18604313407599019
-344.53156146179407,0.18881315370068333
-344.5116279069768,0.1914173263757846
-344.49169435215947,0.19385224273603358
-344.4717607973422,0.1961147585520662
-344.4518272425249,0.1982019882002653
-344.43189368770766,0.20011129929157373
-344.4119601328904,0.20184030826555194
-344.3920265780731,0.20338687678988612
-344.3720930232558,0.20474910883372308
-344.3521594684386,0.20592534830646478
-344.3322259136213,0.2069141771731411
-344.31229235880403,0.20771441397413898
-344.29235880398676,0.20832511269116488
-344.27242524916943,0.20874556191356733
-344.25249169435216,0.2089752842700647
-344.2325581395349,0.2090140361005486
-344.2126245847176,0.2088618073517588
-344.1926910299004,0.2085188216889013
-344.1727574750831,0.2079855368236629
-344.1528239202658,0.2072626450671098
-344.13289036544853,0.20635107412460185
-344.11295681063126,0.20525198815860346
-344.093023255814,0.2039667891549155
-344.07308970099666,0.2024971186389069
-344.0531561461794,0.20084485979998515
-344.0332225913621,0.19901214009697366
-344.0132890365449,0.19700133443290738
-343.99335548172763,0.19481506900717488
-343.9734219269103,0.19245622597554804
-343.95348837209303,0.18992794907588567
-343.93355481727576,0.18723365041019374
-343.9136212624585,0.18437701861349837
-343.8936877076412,0.1813620286885654
-343.87375415282395,0.1781929538450007
-343.8538205980066,0.1748743797541383
-343.8338870431894,0.17141122172151285
-343.81395348837214,0.16780874539012783
-343.79401993355486,0.16407259172625843
-343.7740863787376,0.16020880721195677
-343.75415282392026,0.1562238803831013
-343.734219269103,0.15212478611985986
-343.7142857142857,0.14791903943083318
-343.69435215946845,0.14361476088835784
-343.67441860465124,0.13922075638943068
-343.6544850498339,0.13474661455426087
-343.63455149501664,0.1302028258524781
-343.61461794019937,0.12560092848082868
-343.5946843853821,0.12095368710685415
-343.5747508305648,0.11627531180907563
-343.5548172757475,0.11158172579119127
-343.5348837209302,0.10689089150875533
-343.51495016611295,0.10222320528800799
-343.49501661129574,0.09760196952596656
-343.47508305647847,0.09305394770929658
-343.45514950166114,0.08860999838859072
-343.43521594684387,0.08430576616990008
-343.4152823920266,0.08018237546356916
-343.3953488372093,0.07628701990260325
-343.37541528239205,0.07267326235259015
-343.3554817275747,0.06940076088914626
-343.33554817275746,0.06653403938862106
-343.31561461794024,0.0641398883985606
-343.29568106312297,0.0622831144056986
-343.2757475083057,0.06102075638990062
-343.25581395348837,0.06039555204512975
-343.2358803986711,0.06043011779891165
-343.2159468438538,0.061123546024873146
-343.19601328903656,0.06245156285725211
-343.1760797342193,0.06437018996681973
-343.15614617940196,0.06682168722117458
-343.13621262458474,0.06974106534596687
-343.1162790697675,0.07306175378128744
-343.0963455149502,0.07671970492964736
-343.07641196013293,0.08065586182855577
-343.0564784053156,0.08481729123532653
-343.03654485049833,0.0891573977011822
-343.01661129568106,0.09363559240157755
-342.9966777408638,0.09821669196225348
-342.9767441860466,0.1028702244678029
-342.95681063122925,0.10756974418820987
-342.936877076412,0.11229220580558448
-342.9169435215947,0.11701741810300215
-342.89700996677743,0.1217275799700594
-342.87707641196016,0.12640689305324856
-342.8571428571429,0.13104124184349442
-342.83720930232556,0.1356179311621139
-342.8172757475083,0.14012547151709392
-342.7973421926911,0.14455340388431923
-342.7774086378738,0.14889215671241546
-342.75747508305653,0.15313292915293417
-342.7375415282392,0.15726759559143452
-342.71760797342193,0.16128862747190054
-342.69767441860466,0.16518902917014805
-342.6777408637874,0.16896228529652524
-342.6578073089701,0.1726023173139803
-342.6378737541528,0.17610344776564488
-342.6179401993356,0.17946037073295937
-342.5980066445183,0.18266812740798868
-342.57807308970104,0.18572208587362773
-342.55813953488376,0.18861792435435673
-342.53820598006644,0.19135161733584083
-342.51827242524917,0.19391942406084653
-342.4983388704319,0.19631787899757333
-342.4784053156146,0.1985437839479521
-342.4584717607974,0.20059420152178542
-342.4385382059801,0.20246644975037284
-342.4186046511628,0.20415809765224494
-342.39867109634554,0.20566696159602285
-342.37873754152827,0.20699110233208345
-342.358803986711,0.208128822587227
-342.3388704318937,0.20907866513530365
-342.3189368770764,0.20983941127276567
-342.2990033222591,0.21041007964205727
-342.2790697674419,0.21078992535745955
-342.25913621262464,0.21097843939901284
-342.23920265780737,0.2109753482494488
-342.21926910299004,0.21078061375815155
-342.19933554817277,0.21039443322448456
-342.1794019933555,0.2098172397010646
-342.1594684385382,0.2090497025258262
-342.13953488372096,0.2080927281001941
-342.1196013289036,0.20694746093962457
-342.0996677740864,0.20561528503279553
-342.07973421926914,0.2040978255563735
-342.05980066445187,0.20239695100482805
-342.0398671096346,0.20051477580891078
-342.01993355481727,0.19845366353304872
-342.0,0.1962162307614648
-341.98006644518273,0.1938053518062053
-341.96013289036546,0.19122416439808937
-341.94019933554824,0.18847607655562734
-341.9202657807309,0.1855647748677148
-341.90033222591364,0.18249423447627655
-341.8803986710964,0.17926873110630404
-341.8604651162791,0.17589285556659603
-341.84053156146183,0.17237153123803603
-341.8205980066445,0.16871003518245972
-341.80066445182723,0.16491402364960292
-341.78073089700996,0.16098956294003572
-341.76079734219275,0.15694316680729517
-341.7408637873755,0.15278184186456917
-341.72093023255815,0.1485131428143943
-341.7009966777409,0.1441452397614485
-341.6810631229236,0.13968700041892948
-341.66112956810633,0.1351480907015663
-341.64119601328906,0.1305390980358562
-341.62126245847173,0.12587168273059735
-341.60132890365446,0.1211587639433051
-341.58139534883725,0.11641474812372683
-341.56146179402,0.11165580922074755
-341.5415282392027,0.1069002311802051
-341.5215946843854,0.10216882388028367
-341.5016611295681,0.09748542277683145
-341.48172757475083,0.09287747860560246
-341.46179401993356,0.08837673387688359
-341.4418604651163,0.08401996343817376
-341.421926910299,0.07984972110784624
-341.40199335548175,0.07591497611925666
-341.3820598006645,0.07227143640721358
-341.3621262458472,0.06898124460791061
-341.34219269102994,0.06611162513556425
-341.32225913621266,0.06373202758803674
-341.30232558139534,0.061909470534462094
-341.28239202657807,0.060702255536768536
-341.2624584717608,0.060152974446901805
-341.2425249169436,0.06028247126486936
-341.2225913621263,0.06108660878569653
-341.202657807309,0.06253696488692903
-341.1827242524917,0.06458520554172721
-341.16279069767444,0.0671696566136738
-341.14285714285717,0.07022219677026696
-341.1229235880399,0.07367403443051858
-341.10299003322257,0.07745972754732335
-341.0830564784053,0.08151947513115822
-341.0631229235881,0.0858000599729026
-341.0431893687708,0.09025489928464558
-341.02325581395354,0.0948435902757821
-341.0033222591362,0.09953122389542168
-340.98338870431894,0.10428763608519295
-340.96345514950167,0.10908668953169356
-340.9435215946844,0.11390562954086184
-340.9235880398671,0.11872452869343401
-340.90365448504986,0.12352581948440422
-340.8837209302326,0.12829390688115969
-340.8637873754153,0.1330148500818768
-340.84385382059804,0.13767610251356685
-340.82392026578077,0.1422662999988573
-340.8039867109635,0.14677508834051622
-340.7840531561462,0.15119298296230774
-340.7641196013289,0.15551125453391537
-340.74418604651163,0.159721835631606
-340.7242524916944,0.16381724443080842
-340.70431893687714,0.16779052220395782
-340.6843853820598,0.17163518202778424
-340.66445182724254,0.17534516661196853
-340.6445182724253,0.17891481356804345
-340.624584717608,0.18233882676263166
-340.60465116279073,0.18561225265912187
-340.5847176079734,0.18873046075945535
-340.56478405315613,0.19168912742408503
-340.5448504983389,0.1944842224816531
-340.52491694352165,0.19711199814710473
-340.5049833887044,0.19956897985372427
-340.48504983388705,0.20185195867462669
-340.4651162790698,0.20395798506626922
-340.4451827242525,0.2058843637131376
-340.42524916943523,0.2076286492907563
-340.40531561461796,0.20918864299595452
-340.38538205980063,0.2105623897189608
-340.3654485049834,0.21174817575415272
-340.34551495016615,0.21274452696414764
-340.3255813953489,0.21355020732777388
-340.3056478405316,0.21416421781568057
-340.2857142857143,0.21458579554892065
-340.265780730897,0.21481441320614092
-340.24584717607974,0.21484977865415572
-340.22591362126246,0.2146918347852925
-340.20598006644525,0.21434075955276752
-340.1860465116279,0.2137969662031419
-340.16611295681065,0.21306110371268547
-340.1461794019934,0.21213405744231476
-340.1262458471761,0.21101695003417895
-340.10631229235884,0.2097111425819471
-340.0863787375415,0.20821823611691223
-340.06644518272424,0.2065400734630937
-340.04651162790697,0.20467874152770094
-340.02657807308975,0.2026365741079491
-340.0066445182725,0.20041615531312987
-339.98671096345515,0.19802032372151637
-339.9667774086379,0.19545217741672188
-339.9468438538206,0.19271508007826496
-339.92691029900334,0.1898126683373475
-339.90697674418607,0.1867488606534854
-339.8870431893688,0.18352786802159832
-339.86710963455147,0.1801542068861492
-339.84717607973425,0.176632714721003
-339.827242524917,0.17296856883566308
-339.8073089700997,0.16916730909498953
-339.78737541528244,0.1652348653971442
-339.7674418604651,0.16117759095115028
-339.74750830564784,0.15700230264145867
-339.72757475083057,0.15271633007461263
-339.7076411960133,0.1483275752883392
-339.687707641196,0.1438445855840525
-339.66777408637876,0.13927664254180427
-339.6478405315615,0.13463387101520705
-339.6279069767442,0.129927372804697
-339.60797342192694,0.12516939078603884
-339.58803986710967,0.1203735105216213
-339.56810631229234,0.11555490775617022
-339.5481727574751,0.1107306515594034
-339.5282392026578,0.10592007392455799
-339.5083056478406,0.10114521676798728
-339.4883720930233,0.09643136539877906
-339.468438538206,0.09180767171274035
-339.4485049833887,0.08730785743974184
-339.42857142857144,0.08297096289556184
-339.4086378737542,0.07884206330464234
-339.3887043189369,0.07497280588076848
-339.36877076411963,0.07142152353219534
-339.3488372093023,0.06825256664193323
-339.3289036544851,0.0655344055021052
-339.3089700996678,0.06333608267867309
-339.28903654485055,0.061721862940616885
-339.2691029900333,0.060744520018011165
-339.24916943521595,0.06043849744603531
-339.2292358803987,0.060814769327096535
-339.2093023255814,0.061859076703251206
-339.18936877076413,0.0635341686845323
-339.16943521594686,0.06578525622300112
-339.1495016611296,0.06854693319067892
-339.1295681063123,0.07174977909123852
-339.10963455149505,0.07532550176466325
-339.0897009966778,0.07921026854932413
-339.0697674418605,0.08334642813388765
-339.0498338870432,0.08768305815946853
-339.0299003322259,0.0921757798355073
-339.00996677740864,0.0967861848628498
-338.9900332225914,0.10148110592205628
-338.97009966777415,0.10623186775852536
-338.9501661129568,0.11101359031103454
-338.93023255813955,0.11580457452602537
-338.9102990033223,0.12058577837202866
-338.890365448505,0.12534037872568843
-338.87043189368774,0.1300534096106304
-338.8504983388704,0.13471146573077286
-338.83056478405314,0.13930246054195944
-338.8106312292359,0.14381542922358714
-338.79069767441865,0.14824036829323023
-338.7707641196014,0.1525681049771712
-338.75083056478405,0.1567901906854707
-338.7308970099668,0.1608988140003566
-338.7109634551495,0.16488672946950747
-338.69102990033224,0.1687471992180428
-338.67109634551497,0.17247394497714535
-338.65116279069764,0.17606110859639562
-338.6312292358804,0.17950321948277995
-338.61129568106315,0.182795167709355
-338.5913621262459,0.18593218177649612
-338.5714285714286,0.18890981020058928
-338.5514950166113,0.19172390625857022
-338.531561461794,0.194370615340416
-338.51162790697674,0.19684636446094766
-338.49169435215947,0.19914785356259215
-338.47176079734226,0.2012720483062536
-338.4518272425249,0.20321617410004814
-338.43189368770766,0.20497771115939104
-338.4119601328904,0.20655439042738125
-338.3920265780731,0.20794419021397573
-338.37209302325584,0.20914533343696112
-338.3521594684386,0.21015628536802286
-338.33222591362124,0.21097575180490238
-338.312292358804,0.21160267760496784
-338.29235880398676,0.2120362455286514
-338.2724252491695,0.21227587535205536
-338.2524916943522,0.2123212232182304
-338.2325581395349,0.21217218120557196
-338.2126245847176,0.2118288771001866
-338.19269102990035,0.21129167436734564
-338.1727574750831,0.210561172324821
-338.1528239202658,0.20963820652932644
-338.1328903654485,0.2085238493954713
-338.11295681063126,0.20721941107573594
-338.093023255814,0.20572644064006415
-338.0730897009967,0.20404672760468645
-338.05315614617945,0.20218230387275501
-338.0332225913621,0.20013544616405546
-338.01328903654485,0.19790867902874354
-337.9933554817276,0.1955047785607382
-337.9734219269103,0.192926776951455
-337.95348837209303,0.19017796805464737
-337.93355481727576,0.18726191417002636
-337.9136212624585,0.18418245429818686
-337.8936877076412,0.18094371417486568
-337.87375415282395,0.17755011846104782
-337.8538205980067,0.17400640555063263
-337.8338870431894,0.17031764556370305
-337.8139534883721,0.16648926222667063
-337.7940199335548,0.16252705950829588
-337.7740863787376,0.15843725409190906
-337.7541528239203,0.15422651503231538
-337.73421926910305,0.14990201228527025
-337.7142857142857,0.14547147622946213
-337.69435215946845,0.14094327084947345
-337.6744186046512,0.13632648394509397
-337.6544850498339,0.13163103861362568
-337.63455149501664,0.12686783135939586
-337.6146179401993,0.12204890355985612
-337.5946843853821,0.11718765469165303
-337.5747508305648,0.11229910769027854
-337.55481727574755,0.10740023900236562
-337.5348837209303,0.10251038804202507
-337.51495016611295,0.09765176230855266
-337.4950166112957,0.09285005418218589
-337.4750830564784,0.08813518114043341
-337.45514950166114,0.08354214881231924
-337.43521594684387,0.07911200923824546
-337.4152823920266,0.07489283490873841
-337.3953488372093,0.07094054006343904
-337.37541528239205,0.0673192446081706
-337.3554817275748,0.06410070111236359
-337.3355481727575,0.0613621474722548
-337.3156146179402,0.05918194538925116
-337.2956810631229,0.057632733139466825
-337.27574750830564,0.05677271771522816
-337.2558139534884,0.0566369655607438
-337.23588039867116,0.057231389955799364
-337.2159468438538,0.05853168944746245
-337.19601328903656,0.06048766395998508
-337.1760797342193,0.06303122270403952
-337.156146179402,0.06608537134952494
-337.13621262458474,0.06957190143480745
-337.1162790697674,0.07341669997375444
-337.09634551495014,0.07755267290198181
-337.07641196013293,0.08192083759701936
-337.05647840531566,0.08647025104272497
-337.0365448504984,0.09115732007311494
-337.01661129568106,0.09594486153478278
-336.9966777408638,0.10080112676903978
-336.9767441860465,0.10569889859617662
-336.95681063122925,0.11061470458537698
-336.936877076412,0.11552815532326612
-336.9169435215947,0.12042139943434417
-336.89700996677743,0.12527868036365525
-336.87707641196016,0.13008597849292483
-336.8571428571429,0.13483072320442002
-336.8372093023256,0.13950156151431337
-336.81727574750835,0.1440881721067008
-336.797342192691,0.148581115662971
-336.77740863787375,0.15297171416767594
-336.7574750830565,0.1572519533555747
-336.73754152823926,0.1614144036670723
-336.717607973422,0.16545215604024877
-336.69767441860466,0.1693587696286859
-336.6777408637874,0.1731282291346545
-336.6578073089701,0.17675490991940407
-336.63787375415285,0.1802335494240928
-336.6179401993356,0.18355922372759964
-336.59800664451825,0.1867273282984182
-336.578073089701,0.18973356218084575
-336.55813953488376,0.19257391500075152
-336.5382059800665,0.1952446562919867
-336.5182724252492,0.1977423267368964
-336.4983388704319,0.20006373098893415
-336.4784053156146,0.20220593180517757
-336.45847176079735,0.20416624526529586
-336.4385382059801,0.2059422368931519
-336.4186046511628,0.20753171852964913
-336.39867109634554,0.20893274583235014
-336.37873754152827,0.21014361629961756
-336.358803986711,0.21116286773571258
-336.3388704318937,0.2119892770891093
-336.31893687707645,0.21262185960986865
-336.2990033222592,0.2130598682836426
-336.27906976744185,0.21330279351039017
-336.2591362126246,0.21335036300520022
-336.2392026578073,0.213202541907411
-336.21926910299004,0.21285953309248684
-336.1993355481728,0.21232177768906949
-336.1794019933555,0.2115899558118838
-336.1594684385382,0.21066498752952056
-336.13953488372096,0.20954803409505554
-336.1196013289037,0.20824049947724288
-336.0996677740864,0.20674403224090773
-336.0797342192691,0.20506052783748058
-336.0598006644518,0.20319213138092188
-336.0398671096346,0.2011412410008149
-336.0199335548173,0.19891051188416461
-336.00000000000006,0.1965028611407376
-335.98006644518273,0.19392147365487158
-335.96013289036546,0.19116980912053877
-335.9401993355482,0.18825161049763547
-335.9202657807309,0.1851709141776358
-335.90033222591364,0.18193206220830022
-335.8803986710963,0.17853971700287796
-335.8604651162791,0.1749988790528357
-335.84053156146183,0.1713149082790555
-335.82059800664456,0.16749354980060038
-335.8006644518273,0.16354096507981622
-335.78073089700996,0.15946376962661926
-335.7607973421927,0.1552690787250913
-335.7408637873754,0.1509645629956793
-335.72093023255815,0.1465585160433194
-335.7009966777409,0.14205993698562996
-335.6810631229236,0.13747863132792607
-335.66112956810633,0.13282533447515216
-335.64119601328906,0.12811186316306863
-335.6212624584718,0.12335130125502114
-335.6013289036545,0.11855822765796019
-335.5813953488372,0.11374899546584659
-335.5614617940199,0.10894207261782173
-335.54152823920265,0.1041584549091872
-335.52159468438543,0.09942216126161887
-335.50166112956816,0.09476081722673249
-335.48172757475083,0.0902063232124835
-335.46179401993356,0.08579558487378988
-335.4418604651163,0.08157124877788353
-335.421926910299,0.0775823299890271
-335.40199335548175,0.07388453442208082
-335.3820598006645,0.07053997144040769
-335.36212624584715,0.06761584770988087
-335.34219269102994,0.06518169850901434
-335.32225913621266,0.06330485902405628
-335.3023255813954,0.062044317285675915
-335.2823920265781,0.06144381147388607
-335.2624584717608,0.0615257613281757
-335.2425249169435,0.06228784948838256
-335.22259136212625,0.06370342115566531
-335.202657807309,0.06572555738396912
-335.1827242524917,0.06829345098132672
-335.16279069767444,0.0713392521013356
-335.14285714285717,0.07479392122196729
-335.1229235880399,0.07859138867467846
-335.1029900332226,0.08267099439278895
-335.08305647840535,0.08697855462922066
-335.063122923588,0.09146650133933794
-335.04318936877075,0.09609348345968086
-335.0232558139535,0.10082371084843328
-335.0033222591362,0.10562621832732533
-334.983388704319,0.11047414944964776
-334.96345514950167,0.11534410835826553
-334.9435215946844,0.12021559748967794
-334.9235880398671,0.12507054220899122
-334.90365448504986,0.12989289537429335
-334.8837209302326,0.13466831165956591
-334.8637873754153,0.13938388091373202
-334.843853820598,0.1440279105476432
-334.82392026578077,0.14858974816776538
-334.8039867109635,0.15305963702047565
-334.78405315614623,0.15742859808397183
-334.76411960132896,0.16168833376706765
-334.74418604651163,0.1658311491250245
-334.72425249169436,0.16984988728902067
-334.7043189368771,0.17373787644686384
-334.6843853820598,0.17748888623027875
-334.66445182724254,0.18109709177984695
-334.6445182724253,0.18455704409186088
-334.624584717608,0.18786364551788337
-334.60465116279073,0.19101212950111304
-334.58471760797346,0.19399804380472394
-334.5647840531562,0.19681723662460696
-334.54485049833886,0.1994658450895746
-334.5249169435216,0.20194028574118375
-334.5049833887043,0.20423724665790172
-334.48504983388705,0.20635368094690845
-334.46511627906983,0.2082868013750293
-334.4451827242525,0.21003407594953918
-334.42524916943523,0.21159322429223626
-334.40531561461796,0.21296221467689572
-334.3853820598007,0.21413926162284527
-334.3654485049834,0.21512282395623236
-334.3455149501661,0.2159116032666104
-334.3255813953488,0.21650454270017006
-334.3056478405316,0.2169008260430259
-334.28571428571433,0.21709987705832143
-334.26578073089706,0.21710135905067351
-334.24584717607974,0.21690517463994635
-334.22591362126246,0.2165114657347926
-334.2059800664452,0.21592061370427504
-334.1860465116279,0.21513323975386123
-334.16611295681065,0.21415020552029004
-334.1461794019933,0.21297261390844363
-334.1262458471761,0.211601810202666
-334.10631229235884,0.21003938349549695
-334.08637873754157,0.20828716848833645
-334.0664451827243,0.2063472477323005
-334.04651162790697,0.2042219543931323
-334.0265780730897,0.20191387564282381
-334.0066445182724,0.1994258568027061
-333.98671096345515,0.1967610063896349
-333.9667774086379,0.19392270224912325
-333.9468438538206,0.1909145989989637
-333.92691029900334,0.1877406370550077
-333.90697674418607,0.18440505357065565
-333.8870431893688,0.18091239569519882
-333.8671096345515,0.17726753664805758
-333.84717607973425,0.17347569522053674
-333.8272425249169,0.16954245946033797
-333.80730897009965,0.16547381547480108
-333.78737541528244,0.16127618251690706
-333.76744186046517,0.1569564558066126
-333.7475083056479,0.15252205890600865
-333.72757475083057,0.14798100793109126
-333.7076411960133,0.14334199047252816
-333.687707641196,0.13861446284422385
-333.66777408637876,0.13380877022021007
-333.6478405315615,0.12893629539807017
-333.62790697674416,0.12400964337984498
-333.60797342192694,0.11904287071205144
-333.58803986710967,0.11405177055434103
-333.5681063122924,0.10905422663230174
-333.54817275747513,0.10407065125426664
-333.5282392026578,0.0991245237295098
-333.50830564784053,0.09424304440881034
-333.48837209302326,0.08945791355587854
-333.468438538206,0.08480622877053964
-333.4485049833887,0.08033146231566407
-333.42857142857144,0.07608441977975507
-333.4086378737542,0.07212398170650737
-333.3887043189369,0.0685172833222031
-333.36877076411963,0.06533881111702729
-333.34883720930236,0.06266776106352336
-333.3289036544851,0.06058306960565024
-333.30897009966776,0.05915601081283945
-333.2890365448505,0.05844125309180383
-333.2691029900332,0.05846847949394599
-333.249169435216,0.059237284245348125
-333.22923588039873,0.060717284925889306
-333.2093023255814,0.06285340182093406
-333.18936877076413,0.06557430120724124
-333.16943521594686,0.06880129366390574
-333.1495016611296,0.07245563299064829
-333.1295681063123,0.07646337507025071
-333.109634551495,0.08075793404362223
-333.0897009966778,0.08528093255677618
-333.0697674418605,0.08998199620907456
-333.04983388704323,0.09481800451254974
-333.02990033222596,0.09975213526281194
-333.00996677740864,0.10475289512812051
-332.99003322259136,0.1097932316892709
-332.9700996677741,0.11484976382298294
-332.9501661129568,0.1199021359242633
-332.93023255813955,0.1249324865129878
-332.9102990033223,0.12992501602537396
-332.890365448505,0.13486563758933767
-332.87043189368774,0.1397416957748645
-332.85049833887047,0.14454174033117137
-332.8305647840532,0.1492553440886827
-332.81063122923587,0.1538729562078482
-332.7906976744186,0.15838578368410208
-332.7707641196013,0.16278569545064261
-332.75083056478405,0.16706514458163432
-332.73089700996684,0.17121710502624524
-332.7109634551495,0.17523502003975094
-332.69102990033224,0.179112760058958
-332.67109634551497,0.18284458822682523
-332.6511627906977,0.18642513213204898
-332.6312292358804,0.18984936061388977
-332.6112956810631,0.19311256470745194
-332.5913621262458,0.1962103419829502
-332.5714285714286,0.19913858367428006
-332.55149501661134,0.20189346410535916
-332.53156146179407,0.20447143201320842
-332.51162790697674,0.206869203439848
-332.49169435215947,0.20908375592380402
-332.4717607973422,0.2111123237699369
-332.4518272425249,0.21295239421529208
-332.43189368770766,0.21460170434073597
-332.4119601328904,0.21605823860448556
-332.3920265780731,0.2173202268958672
-332.37209302325584,0.21838614302573406
-332.3521594684386,0.21925470358604277
-332.3322259136213,0.2199248671240922
-332.31229235880403,0.22039583358887227
-332.2923588039867,0.22066704401707532
-332.27242524916943,0.22073818043577823
-332.25249169435216,0.22060916596723756
-332.2325581395349,0.22028016512950707
-332.2126245847177,0.2197515843343928
-332.19269102990035,0.21902407259225565
-332.1727574750831,0.2180985224414054
-332.1528239202658,0.21697607112844672
-332.13289036544853,0.21565810207545558
-332.11295681063126,0.21414624668033613
-332.09302325581393,0.2124423865086516
-332.07308970099666,0.21054865594886632
-332.05315614617945,0.20846744541886048
-332.0332225913622,0.20620140523048566
-332.0132890365449,0.20375345024111216
-331.9933554817276,0.2011267654479666
-331.9734219269103,0.19832481271327743
-331.95348837209303,0.1953513388473167
-331.93355481727576,0.1922103853241228
-331.9136212624585,0.18890629996301123
-331.8936877076412,0.1854437509805997
-331.87375415282395,0.1818277439066649
-331.8538205980067,0.17806364196659388
-331.8338870431894,0.17415719066930557
-331.81395348837214,0.17011454750879051
-331.79401993355486,0.1659423178990138
-331.77408637873754,0.16164759872583462
-331.75415282392026,0.15723803123009802
-331.734219269103,0.15272186534861157
-331.7142857142857,0.14810803815422915
-331.6943521594685,0.14340626967470213
-331.6744186046512,0.13862718015540296
-331.6544850498339,0.13378243378534743
-331.63455149501664,0.12888491504001354
-331.61461794019937,0.12394894509598225
-331.5946843853821,0.1189905471763575
-331.57475083056477,0.11402777102577727
-331.5548172757475,0.10908108763515495
-331.5348837209302,0.10417386515039447
-331.514950166113,0.09933293435306136
-331.49501661129574,0.09458924503525487
-331.4750830564784,0.08997859950740937
-331.45514950166114,0.08554242115185316
-331.43521594684387,0.08132846754292343
-331.4152823920266,0.07739132250238401
-331.3953488372093,0.0737923983515371
-331.375415282392,0.0705990644038404
-331.3554817275748,0.06788244102344061
-331.3355481727575,0.06571345934138476
-331.31561461794024,0.06415711169545159
-331.29568106312297,0.06326546632132236
-331.27574750830564,0.06307082606286223
-331.25581395348837,0.0635809167452766
-331.2358803986711,0.06477769063920283
-331.2159468438538,0.06662016743365023
-331.19601328903656,0.06905032171387901
-331.1760797342193,0.07200018857807973
-331.156146179402,0.07539844299634516
-331.13621262458474,0.07917540930281035
-331.1162790697675,0.08326623606854283
-331.0963455149502,0.08761248645553005
-331.0764119601329,0.09216259320123972
-331.0564784053156,0.09687161539583909
-331.03654485049833,0.10170063248077332
-331.01661129568106,0.1066159974146298
-330.99667774086384,0.1115885792738125
-330.9767441860465,0.11659306247120761
-330.95681063122925,0.12160733080288985
-330.936877076412,0.1266119425643985
-330.9169435215947,0.13158969180253358
-330.89700996677743,0.13652524593414955
-330.87707641196016,0.14140484859750796
-330.85714285714283,0.14621607698106728
-330.8372093023256,0.15094764401927233
-330.81727574750835,0.15558923723065535
-330.7973421926911,0.16013138733858331
-330.7774086378738,0.16456536104316738
-330.7574750830565,0.16888307336568215
-330.7375415282392,0.17307701586371954
-330.71760797342193,0.17714019773307302
-330.69767441860466,0.18106609739335594
-330.6777408637874,0.18484862262150756
-330.6578073089701,0.18848207767207342
-330.63787375415285,0.19196113612247762
-330.6179401993356,0.19528081842132675
-330.5980066445183,0.1984364733097525
-330.57807308970104,0.20142376243963023
-330.5581395348837,0.20423864763645522
-330.53820598006644,0.20687738035435088
-330.51827242524917,0.20933649295152265
-330.4983388704319,0.21161279148001969
-330.4784053156147,0.21370334973708385
-330.45847176079735,0.21560550436918488
-330.4385382059801,0.21731685085575808
-330.4186046511628,0.2188352402295729
-330.39867109634554,0.22015877641532633
-330.37873754152827,0.2212858140889398
-330.358803986711,0.22221495697759786
-330.33887043189367,0.2229450565355484
-330.31893687707645,0.22347521094377573
-330.2990033222592,0.223804764392953
-330.2790697674419,0.2239333066193401
-330.25913621262464,0.2238606726726038
-330.2392026578073,0.2235869429031251
-330.21926910299004,0.22311244316477602
-330.19933554817277,0.2224377452372525
-330.1794019933555,0.2215636674804543
-330.1594684385382,0.22049127574200275
-330.13953488372096,0.21922188454826524
-330.1196013289037,0.21775705861947434
-330.0996677740864,0.21609861476086917
-330.07973421926914,0.21424862419465707
-330.05980066445187,0.21220941541273472
-330.03986710963454,0.20998357764736078
-330.01993355481727,0.20757396507780207
-330.0,0.20498370191545578
-329.98006644518273,0.20221618853954748
-329.9601328903655,0.1992751088910416
-329.9401993355482,0.196164439375719
-329.9202657807309,0.19288845958004416
-329.90033222591364,0.18945176516806406
-329.8803986710964,0.18585928340696464
-329.8604651162791,0.1821162918669207
-329.8405315614618,0.17822844096208396
-329.8205980066445,0.17420178115018703
-329.80066445182723,0.1700427957952653
-329.78073089701,0.16575844093139486
-329.76079734219275,0.1613561934559728
-329.7408637873754,0.15684410964339346
-329.72093023255815,0.15223089632067305
-329.7009966777409,0.14752599760489796
-329.6810631229236,0.14273970078920825
-329.66112956810633,0.13788326579938928
-329.641196013289,0.1329690836402306
-329.6212624584718,0.12801087040624734
-329.6013289036545,0.12302390470289637
-329.58139534883725,0.11802531759659751
-329.56146179402,0.11303444522870354
-329.54152823920265,0.10807325448731317
-329.5215946843854,0.10316685070388573
-329.5016611295681,0.09834407161413025
-329.48172757475083,0.09363816113070433
-329.46179401993356,0.08908749572732823
-329.4418604651163,0.08473629977049922
-329.421926910299,0.08063522753470166
-329.40199335548175,0.07684160487462433
-329.3820598006645,0.07341901864156644
-329.3621262458472,0.07043584669057833
-329.34219269102994,0.0679623049932473
-329.3222591362126,0.06606575979095501
-329.30232558139534,0.06480451037321507
-329.28239202657807,0.06422095889916525
-329.26245847176085,0.06433575839169883
-329.2425249169436,0.06514468319092026
-329.22259136212625,0.06661927896645932
-329.202657807309,0.06871106642147375
-329.1827242524917,0.07135792161098174
-329.16279069767444,0.07449085289527863
-329.14285714285717,0.07803977448594064
-329.12292358803984,0.08193761224805039
-329.1029900332226,0.08612272230847229
-329.08305647840535,0.09053995978081333
-329.0631229235881,0.09514083074460919
-329.0431893687708,0.09988310754393816
-329.0232558139535,0.1047301835072621
-329.0033222591362,0.109650343150453
-328.98338870431894,0.114616047867399
-328.96345514950167,0.11960328651462425
-328.9435215946844,0.12459100975259267
-328.9235880398671,0.12956065014911392
-328.90365448504986,0.13449572171617274
-328.8837209302326,0.1393814891575295
-328.8637873754153,0.14420469637829722
-328.84385382059804,0.14895334439781252
-328.82392026578077,0.15361650995135862
-328.80398671096344,0.1581841973595336
-328.7840531561462,0.16264721748660096
-328.7641196013289,0.16699708871500635
-328.7441860465117,0.1712259558068546
-328.7242524916944,0.17532652330765144
-328.7043189368771,0.17929200079001584
-328.6843853820598,0.18311605775574125
-328.66445182724254,0.1867927864341559
-328.6445182724253,0.1903166710518735
-328.624584717608,0.19368256241933537
-328.6046511627907,0.1968856568967107
-328.58471760797346,0.19992147897567725
-328.5647840531562,0.20278586685419828
-328.5448504983389,0.20547496049419614
-328.52491694352165,0.20798519174371555
-328.5049833887043,0.21031327617946297
-328.48504983388705,0.21245620638605886
-328.4651162790698,0.21441124643797513
-328.4451827242525,0.21617592739085234
-328.42524916943523,0.21774804362263908
-328.40531561461796,0.2191256498930152
-328.3853820598007,0.2203070590131105
-328.3654485049834,0.22129084003745386
-328.34551495016615,0.2220758169071184
-328.3255813953489,0.22266106748773803
-328.30564784053155,0.2230459229591016
-328.2857142857143,0.2232299675246596
-328.265780730897,0.22321303841981827
-328.24584717607974,0.22299522620804468
-328.2259136212625,0.22257687536326032
-328.2059800664452,0.2219585851465977
-328.1860465116279,0.2211412107952486
-328.16611295681065,0.2201258650513278
-328.1461794019934,0.2189139200694849
-328.1262458471761,0.21750700975397258
-328.1063122923588,0.21590703258928937
-328.0863787375415,0.21411615504357992
-328.06644518272424,0.21213681564164313
-328.046511627907,0.20997172982467252
-328.02657807308975,0.2076238957378776
-328.0066445182724,0.2050966011156254
-327.98671096345515,0.2023934314674809
-327.9667774086379,0.19951827980929596
-327.9468438538206,0.1964753582322023
-327.92691029900334,0.19326921166151653
-327.90697674418607,0.18990473422896734
-327.8870431893688,0.18638718876862062
-327.8671096345515,0.18272223005245802
-327.84717607973425,0.17891593251046006
-327.827242524917,0.17497482333683742
-327.8073089700997,0.17090592207530003
-327.7873754152824,0.1667167880085302
-327.7674418604651,0.16241557695848438
-327.74750830564784,0.15801110944284244
-327.72757475083057,0.1535129525370109
-327.70764119601336,0.1489315182656094
-327.687707641196,0.14427818189306196
-327.66777408637876,0.13956542408739717
-327.6478405315615,0.1348070015621022
-327.6279069767442,0.1300181513857259
-327.60797342192694,0.12521583454958052
-327.5880398671096,0.12041902435287209
-327.56810631229234,0.1156490442776885
-327.5481727574751,0.11092995759096763
-327.52823920265786,0.10628900584257459
-327.5083056478406,0.10175708412651419
-327.48837209302326,0.09736922525300196
-327.468438538206,0.09316504024757423
-327.4485049833887,0.0891890265842962
-327.42857142857144,0.08549060819552103
-327.4086378737542,0.08212371827142086
-327.3887043189369,0.07914569392359487
-327.36877076411963,0.07661525356543031
-327.34883720930236,0.07458941968284201
-327.3289036544851,0.07311947195558084
-327.3089700996678,0.07224636047155117
-327.28903654485055,0.07199637339690522
-327.2691029900332,0.07237804447712133
-327.24916943521595,0.07338112179634088
-327.2292358803987,0.07497788981206423
-327.2093023255814,0.07712646609566323
-327.1893687707642,0.07977520671836315
-327.16943521594686,0.08286724486840245
-327.1495016611296,0.0863444140461204
-327.1295681063123,0.09015017790708972
-327.10963455149505,0.09423151938068909
-327.0897009966778,0.09853994439945193
-327.06976744186045,0.10303183219387384
-327.0498338870432,0.10766835770073595
-327.0299003322259,0.11241516707121488
-327.0099667774087,0.11724193472370155
-326.9900332225914,0.12212188470631467
-326.9700996677741,0.12703132493234723
-326.9501661129568,0.1319492196060505
-326.93023255813955,0.13685681050539886
-326.9102990033223,0.14173728919086548
-326.890365448505,0.14657551757451862
-326.8704318936877,0.15135779209777492
-326.85049833887047,0.1560716460117776
-326.8305647840532,0.16070568428490342
-326.8106312292359,0.1652494460841627
-326.79069767441865,0.16969329036134834
-326.7707641196013,0.17402830069471348
-326.75083056478405,0.1782462061260142
-326.7308970099668,0.182339315262402
-326.7109634551495,0.18630046137183395
-326.69102990033224,0.19012295659141093
-326.67109634551497,0.1938005536949257
-326.6511627906977,0.19732741413766627
-326.6312292358804,0.2006980813206203
-326.61129568106315,0.20390745820079928
-326.5913621262459,0.20695078852557702
-326.57142857142856,0.20982364109351626
-326.5514950166113,0.2125218965459197
-326.531561461794,0.21504173627726828
-326.51162790697674,0.21737963312176853
-326.4916943521595,0.21953234353007933
-326.4717607973422,0.2214969009975453
-326.4518272425249,0.22327061054422445
-326.43189368770766,0.2248510440797443
-326.4119601328904,0.22623603651327703
-326.3920265780731,0.22742368249172265
-326.37209302325584,0.22841233366895877
-326.3521594684385,0.22920059642525695
-326.33222591362124,0.2297873299705081
-326.31229235880403,0.2301716447771269
-326.29235880398676,0.23035290129957237
-326.2724252491695,0.23033070894723348
-326.25249169435216,0.23010492528626653
-326.2325581395349,0.22967565545446922
-326.2126245847176,0.2290432517811603
-326.19269102990035,0.22820831361190888
-326.1727574750831,0.22717168734586116
-326.1528239202658,0.22593446670158454
-326.13289036544853,0.2244979932362294
-326.11295681063126,0.22286385715211615
-326.093023255814,0.22103389843576482
-326.0730897009967,0.21901020838625332
-326.0531561461794,0.2167951316040334
-326.0332225913621,0.2143912685273555
-326.01328903654485,0.21180147862319304
-325.9933554817276,0.20902888436233483
-325.97342192691036,0.20607687613650846
-325.95348837209303,0.20294911830894954
-325.93355481727576,0.19964955663128375
-325.9136212624585,0.19618242731008137
-325.8936877076412,0.19255226806914214
-325.87375415282395,0.1887639316308675
-325.8538205980067,0.18482260213675542
-325.83388704318935,0.1807338151476188
-325.8139534883721,0.1765034820157807
-325.79401993355486,0.17213791961249242
-325.7740863787376,0.16764388663527813
-325.7541528239203,0.1630286280262547
-325.734219269103,0.1582999294215791
-325.7142857142857,0.15346618404742482
-325.69435215946845,0.14853647510812185
-325.6744186046512,0.14352067751275338
-325.6544850498339,0.13842958379957465
-325.63455149501664,0.13327506038961817
-325.61461794019937,0.12807024187621505
-325.5946843853821,0.12282977296537506
-325.5747508305648,0.11757010990588765
-325.55481727574755,0.11230989566557728
-325.5348837209302,0.10707042538137501
-325.51495016611295,0.10187621997280913
-325.4950166112957,0.09675572471885177
-325.4750830564784,0.09174214315667928
-325.4551495016612,0.08687439975673358
-325.43521594684387,0.08219818913487935
-325.4152823920266,0.07776700300811572
-325.3953488372093,0.07364291470327233
-325.37541528239205,0.0698967372366256
-325.3554817275748,0.06660697489953694
-325.33554817275746,0.0638568447819055
-325.3156146179402,0.06172873728400301
-325.2956810631229,0.06029605752487457
-325.2757475083057,0.05961353802256793
-325.2558139534884,0.05970844254983307
-325.2358803986711,0.06057563834159967
-325.2159468438538,0.06217847645784797
-325.19601328903656,0.06445512723339476
-325.1760797342193,0.06732796164862297
-325.156146179402,0.07071301540989196
-325.1362126245847,0.07452746157809863
-325.1162790697675,0.0786943767828573
-325.0963455149502,0.08314508581128015
-325.07641196013293,0.08781978386973781
-325.05647840531566,0.09266713618397004
-325.03654485049833,0.09764338092729365
-325.01661129568106,0.10271126861705528
-324.9966777408638,0.10783902134792507
-324.9767441860465,0.11299939758375706
-324.95681063122925,0.11816889175194735
-324.936877076412,0.12332706858922643
-324.9169435215947,0.12845601898231387
-324.89700996677743,0.13353991958113512
-324.87707641196016,0.1385646783407716
-324.8571428571429,0.1435176499245733
-324.8372093023256,0.14838740730149177
-324.8172757475083,0.1531635582814461
-324.797342192691,0.1578365978927763
-324.77740863787375,0.16239778933301643
-324.75747508305653,0.16683906772043958
-324.73754152823926,0.17115296207544675
-324.71760797342193,0.17533253191504652
-324.69767441860466,0.17937131559648795
-324.6777408637874,0.18326328813783574
-324.6578073089701,0.18700282670831833
-324.63787375415285,0.19058468234672873
-324.6179401993355,0.19400395675362722
-324.59800664451825,0.19725608323032917
-324.57807308970104,0.20033681101715475
-324.55813953488376,0.20324219242624758
-324.5382059800665,0.20596857227804666
-324.51827242524917,0.20851257924160213
-324.4983388704319,0.21087111875228842
-324.4784053156146,0.21304136723966843
-324.45847176079735,0.21502076744630594
-324.4385382059801,0.2168070246579601
-324.4186046511628,0.21839810369746507
-324.39867109634554,0.21979222656190697
-324.37873754152827,0.22098787060473737
-324.358803986711,0.22198376718347806
-324.3388704318937,0.22277890070985704
-324.31893687707645,0.22337250805310102
-324.2990033222591,0.22376407825947203
-324.27906976744185,0.22395335256214766
-324.2591362126246,0.22394032466580419
-324.23920265780737,0.22372524129968996
-324.2192691029901,0.22330860304247624
-324.19933554817277,0.2226911654312643
-324.1794019933555,0.22187394037675395
-324.1594684385382,0.22085819791655212
-324.13953488372096,0.21964546834943097
-324.1196013289037,0.21823754480529287
-324.09966777408636,0.21663648631890756
-324.0797342192691,0.2148446214908529
-324.05980066445187,0.21286455283657965
-324.0398671096346,0.2106991619450167
-324.0199335548173,0.20835161559231036
-324.0,0.20582537298457157
-323.98006644518273,0.20312419433751205
-323.96013289036546,0.20025215104117028
-323.9401993355482,0.19721363770639563
-323.9202657807309,0.19401338644807134
-323.90033222591364,0.1906564838302436
-323.8803986710964,0.18714839098320488
-323.8604651162791,0.18349496750497687
-323.84053156146183,0.17970249988381
-323.82059800664456,0.17577773532792654
-323.80066445182723,0.17172792206946336
-323.78073089700996,0.1675608574266364
-323.7607973421927,0.1632849451674011
-323.7408637873754,0.15890926402498196
-323.7209302325582,0.15444364957422071
-323.7009966777409,0.1498987920879612
-323.6810631229236,0.14528635344768634
-323.66112956810633,0.14061910666009572
-323.64119601328906,0.13591110198686013
-323.6212624584718,0.13117786404048953
-323.60132890365446,0.12643662428177563
-323.5813953488372,0.12170659291209188
-323.5614617940199,0.11700927276367205
-323.5415282392027,0.1123688147897329
-323.52159468438543,0.10781240915923744
-323.5016611295681,0.10337069638997094
-323.48172757475083,0.09907816766402038
-323.46179401993356,0.0949735006242852
-323.4418604651163,0.09109974541844486
-323.421926910299,0.08750423682299022
-323.40199335548175,0.08423806855917379
-323.3820598006645,0.08135494107259929
-323.3621262458472,0.07890921113536926
-323.34219269102994,0.0769530649056729
-323.32225913621266,0.0755329297321567
-323.3023255813954,0.07468551681497482
-323.28239202657807,0.07443415995956808
-323.2624584717608,0.07478624043463684
-323.2425249169435,0.07573234011331441
-323.22259136212625,0.07724734791983266
-323.20265780730904,0.0792932252752786
-323.1827242524917,0.08182275008565042
-323.16279069767444,0.08478345276739234
-323.14285714285717,0.08812111226631043
-323.1229235880399,0.0917824612500631
-323.1029900332226,0.09571701802534041
-323.0830564784053,0.09987814188027566
-323.063122923588,0.10422348918411711
-323.04318936877075,0.1087150568748102
-323.02325581395354,0.11331897180010876
-323.00332225913627,0.11800514418829805
-322.98338870431894,0.12274686547967209
-322.96345514950167,0.12752040049668875
-322.9435215946844,0.13230460227472374
-322.9235880398671,0.13708056351650144
-322.90365448504986,0.1418313097218199
-322.8837209302326,0.1465415338822553
-322.86378737541526,0.1511973699022512
-322.84385382059804,0.15578620067814192
-322.82392026578077,0.1602964964139142
-322.8039867109635,0.16471767887948982
-322.78405315614623,0.16904000768169963
-322.7641196013289,0.17325448507709015
-322.74418604651163,0.1773527763293636
-322.72425249169436,0.18132714306143186
-322.7043189368771,0.18517038745349487
-322.6843853820599,0.18887580548841135
-322.66445182724254,0.1924371477445192
-322.6445182724253,0.19584858648822434
-322.624584717608,0.19910468802956394
-322.60465116279073,0.2022003894793959
-322.58471760797346,0.20513097919235798
-322.56478405315613,0.2078920803000347
-322.54485049833886,0.21047963683838203
-322.5249169435216,0.212889902055902
-322.5049833887044,0.2151194285571354
-322.4850498338871,0.21716505999285698
-322.4651162790698,0.21902392405532461
-322.4451827242525,0.2206934265763668
-322.42524916943523,0.22217124655893625
-322.40531561461796,0.2234553320005117
-322.3853820598007,0.22454389639018926
-322.36544850498336,0.2254354157812352
-322.3455149501661,0.22612862635807912
-322.3255813953489,0.2266225224315584
-322.3056478405316,0.22691635480928837
-322.28571428571433,0.22700962949968745
-322.265780730897,0.2269021067187445
-322.24584717607974,0.22659380017825823
-322.22591362126246,0.22608497664376526
-322.2059800664452,0.22537615575900602
-322.1860465116279,0.22446811014308923
-322.16611295681065,0.22336186577545655
-322.1461794019934,0.22205870269355646
-322.1262458471761,0.22056015603859833
-322.10631229235884,0.21886801749622634
-322.08637873754157,0.21698433719208945
-322.06644518272424,0.2149114261170332
-322.04651162790697,0.21265185917404492
-322.0265780730897,0.21020847895926226
-322.0066445182724,0.2075844004134673
-321.9867109634552,0.20478301650918318
-321.9667774086379,0.20180800517306893
-321.9468438538206,0.19866333768516903
-321.92691029900334,0.1953532888474557
-321.90697674418607,0.19188244927635864
-321.8870431893688,0.18825574025037164
-321.8671096345515,0.18447843163785121
-321.8471760797342,0.18055616354652068
-321.8272425249169,0.1764949724801928
-321.8073089700997,0.17230132296733885
-321.78737541528244,0.16798214584881638
-321.76744186046517,0.16354488468945247
-321.74750830564784,0.15899755212345568
-321.72757475083057,0.15434879837275958
-321.7076411960133,0.14960799470878863
-321.687707641196,0.14478533528151993
-321.66777408637876,0.139891961534974
-321.6478405315615,0.13494011437861872
-321.6279069767442,0.12994332038901932
-321.60797342192694,0.12491661954005988
-321.58803986710967,0.11987684320276418
-321.5681063122924,0.11484295219099638
-321.5481727574751,0.10983644501063422
-321.5282392026578,0.10488184536892087
-321.50830564784053,0.10000727396914783
-321.48837209302326,0.09524510025084984
-321.46843853820604,0.09063265131005385
-321.4485049833887,0.08621292250203313
-321.42857142857144,0.08203518099010855
-321.4086378737542,0.0781552751571593
-321.3887043189369,0.07463536283921511
-321.36877076411963,0.07154267355288363
-321.34883720930236,0.06894688382467297
-321.32890365448503,0.06691581044788356
-321.30897009966776,0.06550951778560278
-321.28903654485055,0.06477359457129368
-321.2691029900333,0.06473305391623409
-321.249169435216,0.06538859527662506
-321.2292358803987,0.06671646210591389
-321.2093023255814,0.06867194713882133
-321.18936877076413,0.0711953846755153
-321.16943521594686,0.07421889792568394
-321.1495016611296,0.07767240210108561
-321.12956810631226,0.08148804887850096
-321.10963455149505,0.08560297347972688
-321.0897009966778,0.08996062096879016
-321.0697674418605,0.09451107177233752
-321.04983388704323,0.09921075867200269
-321.0299003322259,0.10402187139013422
-321.00996677740864,0.10891164346340716
-320.99003322259136,0.11385163547490622
-320.9700996677741,0.1188170734598545
-320.9501661129569,0.1237862671094728
-320.93023255813955,0.12874011303514604
-320.9102990033223,0.1336616784374436
-320.890365448505,0.13853585619263342
-320.87043189368774,0.1433490811208229
-320.85049833887047,0.14808909752011476
-320.83056478405314,0.15274476907160414
-320.81063122923587,0.15730592347040903
-320.7906976744186,0.1617632253789625
-320.7707641196014,0.16610807242343575
-320.7508305647841,0.17033250992342175
-320.7308970099668,0.17442916085706625
-320.7109634551495,0.17839116823148501
-320.69102990033224,0.18221214757138487
-320.67109634551497,0.18588614767748404
-320.6511627906977,0.18940761815924256
-320.63122923588037,0.19277138252967205
-320.6112956810631,0.1959726158778409
-320.5913621262459,0.19900682631714495
-320.5714285714286,0.20186983955476345
-320.55149501661134,0.20455778604616376
-320.531561461794,0.20706709029452938
-320.51162790697674,0.20939446193272285
-320.49169435215947,0.2115368882887345
-320.4717607973422,0.21349162818724626
-320.4518272425249,0.21525620678238883
-320.43189368770766,0.21682841125187707
-320.4119601328904,0.2182062872114141
-320.3920265780731,0.21938813573282426
-320.37209302325584,0.22037251086928544
-320.3521594684386,0.22115821760850943
-320.3322259136213,0.22174431018925753
-320.312292358804,0.2221300907293147
-320.2923588039867,0.22231510812435334
-320.27242524916943,0.22229915718686047
-320.2524916943522,0.22208227800358127
-320.23255813953494,0.22166475549841375
-320.2126245847176,0.22104711919562725
-320.19269102990035,0.22023014318660725
-320.1727574750831,0.21921484631112112
-320.1528239202658,0.218002492572776
-320.13289036544853,0.21659459181739357
-320.1129568106312,0.21499290071285743
-320.09302325581393,0.21319942408020393
-320.0730897009967,0.21121641663861615
-320.05315614617945,0.2090463852413194
-320.0332225913622,0.20669209169709765
-320.01328903654485,0.20415655629244983
-319.9933554817276,0.20144306215376162
-319.9734219269103,0.19855516061882808
-319.95348837209303,0.19549667782260566
-319.93355481727576,0.19227172274583285
-319.9136212624585,0.18888469702906774
-319.8936877076412,0.18534030692070888
-319.87375415282395,0.18164357780932205
-319.8538205980067,0.17779987189286234
-319.8338870431894,0.1738149096638634
-319.81395348837214,0.16969479604923407
-319.7940199335548,0.16544605224271955
-319.77408637873754,0.16107565451970077
-319.75415282392026,0.15659108164121924
-319.73421926910305,0.15200037285452211
-319.7142857142858,0.14731219900309497
-319.69435215946845,0.1425359498959318
-319.6744186046512,0.13768184188488763
-319.6544850498339,0.13276105059326487
-319.63455149501664,0.12778587496017663
-319.61461794019937,0.12276994023265243
-319.59468438538204,0.11772844923724766
-319.57475083056477,0.11267849310725042
-319.55481727574755,0.10763943439244082
-319.5348837209303,0.10263337661437087
-319.514950166113,0.09768573381202778
-319.4950166112957,0.09282590952343776
-319.4750830564784,0.08808808359643153
-319.45514950166114,0.0835120817198558
-319.43521594684387,0.07914425848727506
-319.4152823920266,0.07503825004440341
-319.39534883720927,0.07125533889882459
-319.37541528239205,0.06786402663771016
-319.3554817275748,0.06493827094622877
-319.3355481727575,0.0625538155415546
-319.31561461794024,0.06078229541696892
-319.2956810631229,0.05968348468369474
-319.27574750830564,0.05929708684557984
-319.25581395348837,0.059636335356063525
-319.2358803986711,0.060685616550254715
-319.2159468438539,0.062403029379434906
-319.19601328903656,0.06472691770209639
-319.1760797342193,0.06758413922706402
-319.156146179402,0.07089781088852823
-319.13621262458474,0.07459315602706669
-319.1162790697675,0.07860111179784185
-319.09634551495014,0.08286003158689932
-319.0764119601329,0.08731606175542798
-319.0564784053156,0.0919227380434946
-319.0365448504984,0.09664020459216105
-319.0166112956811,0.10143431076305877
-318.9966777408638,0.106275727522903
-318.9767441860465,0.11113915081361075
-318.95681063122925,0.11600261570535737
-318.936877076412,0.12084692201018424
-318.9169435215947,0.12565516126961815
-318.89700996677743,0.13041233113379624
-318.8770764119601,0.13510502277285383
-318.8571428571429,0.139721168192034
-318.8372093023256,0.14424983613738174
-318.81727574750835,0.14868106716632412
-318.7973421926911,0.1530057401862411
-318.77740863787375,0.1572154642515236
-318.7574750830565,0.16130249064440383
-318.7375415282392,0.1652596412684277
-318.71760797342193,0.16908025018905615
-318.6976744186047,0.17275811579705969
-318.6777408637874,0.17628746157946107
-318.6578073089701,0.17966290388529824
-318.63787375415285,0.18287942539241778
-318.6179401993356,0.18593235323431825
-318.5980066445183,0.18881734094655842
-318.578073089701,0.19153035355213466
-318.5581395348837,0.194067655232709
-318.53820598006644,0.1964257991349198
-318.5182724252492,0.1986016189432172
-318.49833887043195,0.20059222191708773
-318.4784053156146,0.20239498314467524
-318.45847176079735,0.20400754080857264
-318.4385382059801,0.20542779229591254
-318.4186046511628,0.20665389101464554
-318.39867109634554,0.20768424380261907
-318.37873754152827,0.20851750883708484
-318.35880398671094,0.20915259396981073
-318.3388704318937,0.20958865542824132
-318.31893687707645,0.20982509683632525
-318.2990033222592,0.20986156852049742
-318.2790697674419,0.20969796707702945
-318.2591362126246,0.20933443518679054
-318.2392026578073,0.20877136167328442
-318.21926910299004,0.20800938180913014
-318.19933554817277,0.20704937788590036
-318.17940199335555,0.20589248007237848
-318.1594684385382,0.20454006759735296
-318.13953488372096,0.20299377030518587
-318.1196013289037,0.2012554706463236
-318.0996677740864,0.19932730618073066
-318.07973421926914,0.19721167269114567
-318.0598006644518,0.1949112280251113
-318.03986710963454,0.19242889681128286
-318.01993355481727,0.18976787622796612
-318.00000000000006,0.18693164304086723
-317.9800664451828,0.18392396217528162
-317.96013289036546,0.18074889714745793
-317.9401993355482,0.17741082275354975
-317.9202657807309,0.17391444050680682
-317.90033222591364,0.17026479742873465
-317.8803986710964,0.16646730894552061
-317.86046511627904,0.16252778682421928
-317.8405315614618,0.15845247331640672
-317.82059800664456,0.15424808297330586
-317.8006644518273,0.14992185397512875
-317.78073089701,0.14548161130169224
-317.7607973421927,0.1409358446918418
-317.7408637873754,0.13629380513371225
-317.72093023255815,0.13156562464248156
-317.7009966777409,0.12676246537128252
-317.6810631229236,0.12189670572211814
-317.6611295681063,0.11698217312693127
-317.64119601328906,0.11203443557361815
-317.6212624584718,0.10707116669090821
-317.6013289036545,0.10211260202657155
-317.58139534883725,0.09718210642020728
-317.5614617940199,0.09230687271630017
-317.54152823920265,0.08751876778611524
-317.5215946843854,0.0828553279617322
-317.5016611295681,0.07836087405476215
-317.4817275747509,0.07408765309291172
-317.46179401993356,0.07009680303169964
-317.4418604651163,0.06645876473864962
-317.421926910299,0.06325254389702195
-317.40199335548175,0.06056303196576146
-317.3820598006645,0.05847562237915024
-317.3621262458472,0.05706789483053625
-317.3421926910299,0.056399359058302796
-317.3222591362126,0.05650179059423417
-317.3023255813954,0.057373485414090895
-317.2823920265781,0.05897975598314556
-317.26245847176085,0.06125944199880054
-317.2425249169435,0.0641348236889981
-317.22259136212625,0.06752164657142584
-317.202657807309,0.07133696680938047
-317.1827242524917,0.07550406326044344
-317.16279069767444,0.07995476847246466
-317.1428571428571,0.08463000379941554
-317.1229235880399,0.08947927866516286
-317.1029900332226,0.09445970939447698
-317.08305647840535,0.09953489917700785
-317.0631229235881,0.10467386061740867
-317.04318936877075,0.1098500612041183
-317.0232558139535,0.11504061542454376
-317.0033222591362,0.12022561904129772
-316.98338870431894,0.1253876091054732
-316.9634551495017,0.13051112988684982
-316.9435215946844,0.13558238556744423
-316.9235880398671,0.14058896285937963
-316.90365448504986,0.1455196094577738
-316.8837209302326,0.15036405686744808
-316.8637873754153,0.15511287843210553
-316.84385382059804,0.15975737529608627
-316.8239202657807,0.1642894845639993
-316.80398671096344,0.16870170514378122
-316.78405315614623,0.17298703771876717
-316.76411960132896,0.17713893604680625
-316.7441860465117,0.18115126737177303
-316.72425249169436,0.185018280192335
-316.7043189368771,0.1887345779918208
-316.6843853820598,0.19229509781478019
-316.66445182724254,0.19569509279718392
-316.6445182724253,0.19893011793179952
-316.62458471760795,0.20199601848883827
-316.60465116279073,0.20488892062177297
-316.58471760797346,0.2076052237761899
-316.5647840531562,0.21014159459011097
-316.5448504983389,0.2124949620310478
-316.5249169435216,0.21466251356121405
-316.5049833887043,0.21664169215995463
-316.48504983388705,0.21843019406333836
-316.4651162790698,0.22002596710649763
-316.4451827242525,0.22142720957548623
-316.42524916943523,0.2226323694935569
-316.40531561461796,0.22364014428198364
-316.3853820598007,0.22444948074878562
-316.3654485049834,0.22505957537044127
-316.34551495016615,0.22546987484205652
-316.3255813953488,0.22568007688102773
-316.30564784053155,0.22569013127818668
-316.2857142857143,0.22550024119922646
-316.26578073089706,0.22511086474760517
-316.2458471760798,0.2245227168090453
-316.22591362126246,0.2237367712069193
-316.2059800664452,0.22275426320745703
-316.1860465116279,0.22157669242475542
-316.16611295681065,0.2202058261872254
-316.1461794019934,0.21864370344082185
-316.12624584717605,0.2168926392797326
-316.1063122923588,0.21495523021311427
-316.08637873754157,0.21283436029711014
-316.0664451827243,0.21053320828578254
-316.046511627907,0.20805525598315064
-316.0265780730897,0.20540429801231266
-316.0066445182724,0.20258445325789431
-315.98671096345515,0.1996001782855284
-315.9667774086379,0.19645628309925875
-315.9468438538206,0.19315794966512015
-315.92691029900334,0.18971075371046403
-315.90697674418607,0.18612069040462229
-315.8870431893688,0.18239420464156342
-315.8671096345515,0.17853822678111048
-315.84717607973425,0.17456021486626822
-315.827242524917,0.1704682045223205
-315.80730897009965,0.16627086796182458
-315.7873754152824,0.16197758376818053
-315.7674418604651,0.1575985194072804
-315.7475083056479,0.1531447287123994
-315.7275747508306,0.1486282668839632
-315.7076411960133,0.14406232580700212
-315.687707641196,0.13946139265260513
-315.66777408637876,0.13484143469079038
-315.6478405315615,0.13022011283179252
-315.6279069767442,0.12561702536754046
-315.6079734219269,0.12105398130997387
-315.5880398671096,0.11655529904712184
-315.5681063122924,0.11214811998808653
-315.54817275747513,0.10786271747813314
-315.52823920265786,0.10373276750766575
-315.50830564784053,0.09979552887996133
-315.48837209302326,0.09609185685284415
-315.468438538206,0.09266594847809997
-315.4485049833887,0.08956469669522847
-315.42857142857144,0.08683652620050454
-315.4086378737542,0.08452961518440125
-315.3887043189369,0.08268949164908485
-315.36877076411963,0.0813561380017732
-315.34883720930236,0.08056092135756328
-315.3289036544851,0.08032382935153401
-315.3089700996678,0.08065154785478361
-315.2890365448505,0.08153680449915077
-315.2691029900332,0.08295913074171293
-315.24916943521595,0.0848868626538708
-315.22923588039873,0.08727994057817354
-315.20930232558146,0.0900929709461162
-315.18936877076413,0.09327808230532264
-315.16943521594686,0.0967872745653884
-315.1495016611296,0.10057414213925349
-315.1295681063123,0.10459499134775387
-315.10963455149505,0.10880945172482344
-315.0897009966777,0.11318070815163393
-315.06976744186045,0.11767547474280421
-315.04983388704323,0.12226380963430987
-315.02990033222596,0.12691884420179664
-315.0099667774087,0.1316164770821613
-314.99003322259136,0.13633506505798232
-314.9700996677741,0.14105512957878452
-314.9501661129568,0.14575908866317794
-314.93023255813955,0.15043101812906576
-314.9102990033223,0.15505644259045737
-314.89036544850495,0.15962215468824167
-314.87043189368774,0.16411606003805732
-314.85049833887047,0.16852704500076515
-314.8305647840532,0.1728448643574187
-314.8106312292359,0.17706004613904444
-314.7906976744186,0.18116381112157484
-314.7707641196013,0.18514800478881496
-314.75083056478405,0.1890050398569374
-314.7308970099668,0.19272784772476698
-314.7109634551495,0.1963098374578998
-314.69102990033224,0.1997448611279572
-314.67109634551497,0.20302718451241222
-314.6511627906977,0.20615146231766132
-314.6312292358804,0.2091127172210086
-314.61129568106315,0.2119063221395899
-314.5913621262458,0.21452798522853542
-314.57142857142856,0.21697373718994561
-314.5514950166113,0.21923992054055047
-314.53156146179407,0.22132318054186892
-314.5116279069768,0.22322045754346817
-314.49169435215947,0.22492898052940583
-314.4717607973422,0.226446261691496
-314.4518272425249,0.22777009188113526
-314.43189368770766,0.2288985368157921
-314.4119601328904,0.22982993393694107
-314.3920265780731,0.23056288983411338
-314.3720930232558,0.23109627816557504
-314.3521594684386,0.23142923801987517
-314.3322259136213,0.23156117267501602
-314.31229235880403,0.23149174872342085
-314.29235880398676,0.23122089554137987
-314.27242524916943,0.23074880509184373
-314.25249169435216,0.23007593205927612
-314.2325581395349,0.2292029943251619
-314.2126245847176,0.22813097380306102
-314.19269102990035,0.22686111766274342
-314.1727574750831,0.22539493998472168
-314.1528239202658,0.2237342238992352
-314.13289036544853,0.22188102427827427
-314.11295681063126,0.21983767106562926
-314.093023255814,0.21760677334900919
-314.07308970099666,0.21519122430058582
-314.0531561461794,0.21259420713835928
-314.0332225913621,0.20981920229197135
-314.0132890365449,0.2068699959936586
-313.99335548172763,0.2037506905595768
-313.9734219269103,0.20046571668051621
-313.95348837209303,0.19701984810582293
-313.93355481727576,0.19341821918350124
-313.9136212624585,0.1896663458149234
-313.8936877076412,0.18577015049981904
-313.87375415282395,0.18173599228948123
-313.8538205980066,0.17757070264003372
-313.8338870431894,0.17328162836947156
-313.81395348837214,0.16887668317998838
-313.79401993355486,0.16436440951879833
-313.7740863787376,0.15975405292615516
-313.75415282392026,0.15505565146540276
-313.734219269103,0.15028014335210613
-313.7142857142857,0.14543949649499777
-313.69435215946845,0.14054686431273494
-313.6744186046512,0.13561677285253476
-313.6544850498339,0.13066534481610534
-313.63455149501664,0.12571056641729939
-313.61461794019937,0.12077260274277561
-313.5946843853821,0.11587416593076603
-313.5747508305648,0.11104093716783064
-313.5548172757475,0.10630203690671065
-313.5348837209302,0.10169052591571473
-313.51495016611295,0.09724390026101
-313.49501661129574,0.09300451330620925
-313.47508305647847,0.08901981536167443
-313.45514950166114,0.08534224824688746
-313.43521594684387,0.08202857730400442
-313.4152823920266,0.0791384109252901
-313.3953488372093,0.07673168866945689
-313.37541528239205,0.07486506454560743
-313.3554817275747,0.07358740225116378
-313.33554817275746,0.07293499144582513
-313.31561461794024,0.07292743542441224
-313.29568106312297,0.0735652299154726
-313.2757475083057,0.07482970983231461
-313.25581395348837,0.07668537877742414
-313.2358803986711,0.07908396689889742
-313.2159468438538,0.08196920340197511
-313.19601328903656,0.08528134425790557
-313.1760797342193,0.08896083007404926
-313.15614617940196,0.09295084273239625
-313.13621262458474,0.0971988250038674
-313.1162790697675,0.10165717831994807
-313.0963455149502,0.10628338856794536
-313.07641196013293,0.11103979904969112
-313.0564784053156,0.11589319545213213
-313.03654485049833,0.12081431408408666
-313.01661129568106,0.12577734173557176
-312.9966777408638,0.1307594450585045
-312.9767441860465,0.13574034750519173
-312.95681063122925,0.14070195981590838
-312.936877076412,0.1456280632817376
-312.9169435215947,0.15050404158681055
-312.89700996677743,0.15531665561403382
-312.87707641196016,0.1600538553078638
-312.8571428571429,0.1647046229868319
-312.83720930232556,0.16925884306792524
-312.8172757475083,0.17370719382274344
-312.7973421926911,0.17804105743599938
-312.7774086378738,0.18225244523320297
-312.75747508305653,0.18633393546822732
-312.7375415282392,0.1902786215094066
-312.71760797342193,0.19408006864003313
-312.69767441860466,0.19773227800241455
-312.6777408637874,0.20122965647399174
-312.6578073089701,0.20456699147695373
-312.6378737541528,0.20773942989769853
-312.6179401993356,0.21074246043578518
-312.5980066445183,0.21357189881955083
-312.57807308970104,0.21622387542189392
-312.55813953488376,0.2186948248890629
-312.53820598006644,0.22098147746047347
-312.51827242524917,0.22308085171153977
-312.4983388704319,0.2249902484961915
-312.4784053156146,0.22670724590292743
-312.45847176079735,0.2282296950693268
-312.4385382059801,0.22955571672616035
-312.4186046511628,0.2306836983642609
-312.39867109634554,0.23161229193625246
-312.37873754152827,0.23234041202145883
-312.358803986711,0.23286723439646367
-312.3388704318937,0.2331921949662979
-312.3189368770764,0.23331498902242306
-312.2990033222591,0.23323557080401075
-312.2790697674419,0.23295415334849304
-312.25913621262464,0.23247120862669823
-312.23920265780737,0.231787467966797
-312.21926910299004,0.23090392278049185
-312.19933554817277,0.22982182561427814
-312.1794019933555,0.22854269155864423
-312.1594684385382,0.22706830005891504
-312.13953488372096,0.22540069718350195
-312.1196013289036,0.22354219841880718
-312.0996677740864,0.22149539207543387
-312.07973421926914,0.2192631434080837
-312.05980066445187,0.2168485995722651
-312.0398671096346,0.21425519556511574
-312.01993355481727,0.21148666132631916
-312.0,0.2085470302090434
-311.98006644518273,0.20544064907136206
-311.96013289036546,0.2021721902870361
-311.9401993355482,0.19874666603256644
-311.9202657807309,0.1951694452773847
-311.90033222591364,0.1914462739878825
-311.8803986710964,0.18758329915732425
-311.8604651162791,0.18358709739535872
-311.84053156146183,0.1794647089574776
-311.8205980066445,0.1752236782702032
-311.80066445182723,0.17087210221757188
-311.78073089700996,0.16641868770263707
-311.76079734219275,0.16187282028892175
-311.7408637873755,0.15724464606222321
-311.72093023255815,0.1525451692305202
-311.7009966777409,0.14778636838743728
-311.6810631229236,0.1429813347762687
-311.66112956810633,0.1381444362543172
-311.64119601328906,0.13329151087588445
-311.62126245847173,0.12844009392331343
-311.60132890365446,0.12360968154848381
-311.58139534883725,0.11882203251483994
-311.56146179402,0.1141015061993328
-311.5415282392027,0.10947542907908743
-311.5215946843854,0.10497447210932702
-311.5016611295681,0.10063300615090114
-311.48172757475083,0.09648938043898173
-311.46179401993356,0.0925860394023214
-311.4418604651163,0.08896935789470363
-311.421926910299,0.08568904122317501
-311.40199335548175,0.08279691964205436
-311.3820598006645,0.08034499213896017
-311.3621262458472,0.07838267072632753
-311.34219269102994,0.07695336128598722
-311.32225913621266,0.07609076820340234
-311.30232558139534,0.07581554497074425
-311.28239202657807,0.07613300449664806
-311.2624584717608,0.07703245002630123
-311.2425249169435,0.07848830400291068
-311.2225913621263,0.08046274948220418
-311.202657807309,0.082909260203966
-311.1827242524917,0.08577630476056355
-311.16279069767444,0.08901064857011122
-311.14285714285717,0.09255992850768903
-311.1229235880399,0.09637441725550239
-311.10299003322257,0.10040805932061612
-311.0830564784053,0.10461893793295422
-311.0631229235881,0.10896934419935728
-311.0431893687708,0.11342559659088695
-311.02325581395354,0.11795772311210216
-311.0033222591362,0.12253908366164623
-310.98338870431894,0.12714598179682984
-310.96345514950167,0.13175729448459694
-310.9435215946844,0.1363541344970137
-310.9235880398671,0.14091955130246253
-310.90365448504986,0.14543827108683993
-310.8837209302326,0.1498964736926359
-310.8637873754153,0.154281602905437
-310.84385382059804,0.158582206047255
-310.82392026578077,0.16278779886632092
-310.8039867109635,0.166888752000651
-310.7840531561462,0.17087619569370877
-310.7641196013289,0.1747419398707988
-310.74418604651163,0.17847840710052854
-310.72425249169436,0.18207857634421085
-310.70431893687714,0.18553593572981728
-310.6843853820598,0.18884444287449942
-310.66445182724254,0.19199849152389042
-310.6445182724253,0.1949928834818262
-310.624584717608,0.19782280497596444
-310.60465116279073,0.20048380674765928
-310.5847176079734,0.20297178727358375
-310.56478405315613,0.20528297862505154
-310.5448504983389,0.20741393455317544
-310.52491694352165,0.20936152045610013
-310.5049833887044,0.2111229049414253
-310.48504983388705,0.21269555274445673
-310.4651162790698,0.2140772188027634
-310.4451827242525,0.21526594332117774
-310.42524916943523,0.2162600476899096
-310.40531561461796,0.21705813114281822
-310.38538205980063,0.21765906806402227
-310.3654485049834,0.21806200586934144
-310.34551495016615,0.21826636340548206
-310.3255813953489,0.21827182982448895
-310.3056478405316,0.2180783639046397
-310.2857142857143,0.21768619380159543
-310.265780730897,0.21709581722610902
-310.24584717607974,0.2163080020567113
-310.22591362126246,0.21532378740840896
-310.2059800664452,0.21414448519157048
-310.1860465116279,0.21277168220929696
-310.16611295681065,0.21120724285713124
-310.1461794019934,0.2094533125064704
-310.1262458471761,0.20751232167283049
-310.10631229235884,0.2053869910932361
-310.0863787375415,0.20308033786369858
-310.06644518272424,0.20059568281955645
-310.04651162790697,0.19793665937872662
-310.02657807308975,0.1951072241131344
-310.0066445182725,0.19211166936701152
-309.98671096345515,0.18895463830579312
-309.9667774086379,0.18564114285755268
-309.9468438538206,0.18217658510376133
-309.92691029900334,0.17856678279097998
-309.90697674418607,0.174817999774833
-309.8870431893688,0.1709369823765268
-309.86710963455147,0.16693100283712192
-309.84717607973425,0.16280791130180242
-309.827242524917,0.15857619806252662
-309.8073089700997,0.15424506813975117
-309.78737541528244,0.14982453069639
-309.7674418604651,0.14532550625043877
-309.74750830564784,0.14075995517781975
-309.72757475083057,0.1361410315469867
-309.7076411960133,0.1314832668452346
-309.687707641196,0.12680278853439544
-309.66777408637876,0.12211757841523191
-309.6478405315615,0.11744777515442424
-309.6279069767442,0.11281602349393646
-309.60797342192694,0.10824786877354435
-309.58803986710967,0.10377218819718707
-309.56810631229234,0.09942163802523742
-309.5481727574751,0.09523307643839772
-309.5282392026578,0.09124789310985018
-309.50830564784053,0.08751213773877702
-309.4883720930233,0.08407629391754488
-309.468438538206,0.08099450246660783
-309.4485049833887,0.0783230227170907
-309.42857142857144,0.07611776726924865
-309.4086378737542,0.07443089474395302
-309.3887043189369,0.07330671004460122
-309.36877076411963,0.07277745092737847
-309.3488372093023,0.07285979582489358
-309.3289036544851,0.07355293665138009
-309.3089700996678,0.07483873273296951
-309.28903654485055,0.07668389932352569
-309.2691029900333,0.07904364424543885
-309.24916943521595,0.08186589081024287
-309.2292358803987,0.0850952824303023
-309.2093023255814,0.08867644256103903
-309.18936877076413,0.09255628821838968
-309.16943521594686,0.09668544212663958
-309.1495016611296,0.10101891898419472
-309.1295681063123,0.10551629592910935
-309.10963455149505,0.11014155585653611
-309.0897009966778,0.11486274883443366
-309.0697674418605,0.11965157212229866
-309.0498338870432,0.12448293237810952
-309.0299003322259,0.12933452670492773
-309.00996677740864,0.13418646114164076
-308.99003322259136,0.13902091392718394
-308.97009966777415,0.14382184429720113
-308.9501661129568,0.14857474406472232
-308.93023255813955,0.1532664276175981
-308.9102990033223,0.15788485545053277
-308.890365448505,0.16241898643923272
-308.87043189368774,0.16685865445455178
-308.8504983388704,0.17119446542637423
-308.83056478405314,0.1754177115026786
-308.8106312292359,0.1795202994556991
-308.79069767441865,0.1834946909425791
-308.7707641196014,0.18733385262369584
-308.75083056478405,0.1910312144791435
-308.7308970099668,0.19458063494752703
-308.7109634551495,0.19797637174766458
-308.69102990033224,0.20121305743965082
-308.67109634551497,0.2042856789435219
-308.65116279069764,0.20718956036737649
-308.6312292358804,0.20992034860649827
-308.61129568106315,0.21247400126579308
-308.5913621262459,0.21484677653271136
-308.5714285714286,0.21703522468947956
-308.5514950166113,0.2190361810049122
-308.531561461794,0.22084675978859983
-308.51162790697674,0.22246434942582452
-308.49169435215947,0.2238866082414555
-308.4717607973422,0.22511146106600888
-308.4518272425249,0.22613709639857185
-308.43189368770766,0.22696196407932498
-308.4119601328904,0.2275847734001224
-308.3920265780731,0.22800449159533834
-308.37209302325584,0.22822034266729255
-308.3521594684386,0.22823180651135572
-308.33222591362124,0.22803861831607278
-308.312292358804,0.22764076822268428
-308.29235880398676,0.227038501237927
-308.2724252491695,0.22623231740250593
-308.2524916943522,0.22522297222701126
-308.2325581395349,0.22401147741659663
-308.2126245847176,0.22259910191582236
-308.19269102990035,0.22098737331641646
-308.1727574750831,0.21917807968361877
-308.1528239202658,0.21717327187071683
-308.1328903654485,0.21497526640875325
-308.11295681063126,0.21258664907781094
-308.093023255814,0.21001027928978755
-308.0730897009967,0.207249295440832
-308.05315614617945,0.20430712142536347
-308.0332225913621,0.20118747454503993
-308.01328903654485,0.19789437509634164
-307.9933554817276,0.19443215798248561
-307.9734219269103,0.19080548677200307
-307.95348837209303,0.18701937072097488
-307.93355481727576,0.18307918539455795
-307.9136212624585,0.17899069767065665
-307.8936877076412,0.17476009609445076
-307.87375415282395,0.17039402778503476
-307.8538205980067,0.16589964338980598
-307.8338870431894,0.16128465195305894
-307.8139534883721,0.1565573880345726
-307.7940199335548,0.1517268940064812
-307.77408637873754,0.14680302120339403
-307.7541528239203,0.14179655453620607
-307.73421926910305,0.13671936634244553
-307.7142857142857,0.13158460666637872
-307.69435215946845,0.12640693885588744
-307.6744186046512,0.12120283129567216
-307.6544850498339,0.11599091813243631
-307.63455149501664,0.11079244364869567
-307.6146179401993,0.10563180578839906
-307.5946843853821,0.10053721282957491
-307.5747508305648,0.09554146078122622
-307.55481727574755,0.09068282337357125
-307.5348837209303,0.0860060145609827
-307.51495016611295,0.08156312544959703
-307.4950166112957,0.0774143424581483
-307.4750830564784,0.07362811572516456
-307.45514950166114,0.07028028243180255
-307.43521594684387,0.06745152467077722
-307.4152823920266,0.06522259761266377
-307.3953488372093,0.06366719549461317
-307.37541528239205,0.0628432317103575
-307.3554817275748,0.06278444533470433
-307.3355481727575,0.06349490027916908
-307.3156146179402,0.06494837137938458
-307.2956810631229,0.0670928468950711
-307.27574750830564,0.06985846657785505
-307.25581395348837,0.07316633898590263
-307.23588039867116,0.07693611392108206
-307.2159468438538,0.08109128533812049
-307.19601328903656,0.08556219358682189
-307.1760797342193,0.09028723020913348
-307.156146179402,0.09521287089827818
-307.13621262458474,0.1002930634320525
-307.1162790697674,0.10548833510119231
-307.09634551495014,0.11076483894954693
-307.07641196013293,0.11609345432459005
-307.05647840531566,0.12144899227372873
-307.0365448504984,0.1268095196664105
-307.01661129568106,0.13215579733060767
-306.9966777408638,0.13747081943251435
-306.9767441860465,0.14273943894683172
-306.95681063122925,0.1479480644844154
-306.936877076412,0.15308441536268438
-306.9169435215947,0.15813732378568562
-306.89700996677743,0.16309657494024782
-306.87707641196016,0.16795277754114388
-306.8571428571429,0.1726972588201109
-306.8372093023256,0.1773219791559413
-306.81727574750835,0.18181946251448658
-306.797342192691,0.186182739644684
-306.77740863787375,0.190405301594282
-306.7574750830565,0.1944810615984955
-306.7375415282392,0.19840432378199382
-306.717607973422,0.2021697574217257
-306.69767441860466,0.2057723757608958
-306.6777408637874,0.20920751855807324
-306.6578073089701,0.2124708377091895
-306.63787375415285,0.2155582854034342
-306.6179401993356,0.21846610437273364
-306.59800664451825,0.22119081987428793
-306.578073089701,0.2237292331095024
-306.55813953488376,0.22607841583546323
-306.5382059800665,0.22823570596719184
-306.5182724252492,0.23019870400420514
-306.4983388704319,0.2319652701435802
-306.4784053156146,0.23353352196563995
-306.45847176079735,0.23490183259834768
-306.4385382059801,0.23606882928339473
-306.4186046511628,0.2370333922810286
-306.39867109634554,0.23779465406327524
-306.37873754152827,0.23835199875562643
-306.358803986711,0.23870506179685122
-306.3388704318937,0.23885372979507152
-306.31893687707645,0.23879814056608595
-306.2990033222592,0.2385386833472033
-306.27906976744185,0.23807599918706293
-306.2591362126246,0.23741098151879958
-306.2392026578073,0.23654477693116407
-306.21926910299004,0.23547878615947598
-306.1993355481728,0.23421466532638271
-306.1794019933555,0.2327543274707795
-306.1594684385382,0.23109994441296416
-306.13953488372096,0.22925394901461557
-306.1196013289037,0.2272190379046001
-306.0996677740864,0.22499817475533215
-306.0797342192691,0.2225945942110253
-306.0598006644518,0.2200118065879177
-306.03986710963454,0.21725360348909525
-306.0199335548173,0.2143240645028883
-306.00000000000006,0.21122756518518387
-305.98006644518273,0.20796878656330398
-305.96013289036546,0.20455272644355788
-305.9401993355482,0.20098471285794414
-305.9202657807309,0.1972704200489395
-305.90033222591364,0.19341588746794464
-305.8803986710963,0.18942754235424691
-305.8604651162791,0.18531222657099725
-305.84053156146183,0.1810772285055353
-305.82059800664456,0.17673032099709166
-305.8006644518273,0.17227980643929902
-305.78073089700996,0.167734570421065
-305.7607973421927,0.16310414551987343
-305.7408637873754,0.15839878714586889
-305.72093023255815,0.15362956364889752
-305.7009966777409,0.14880846323016783
-305.6810631229236,0.14394852051844567
-305.66112956810633,0.1390639659255462
-305.64119601328906,0.13417040099851824
-305.6212624584718,0.12928500278560007
-305.6013289036545,0.12442675949016259
-305.5813953488372,0.11961673802708331
-305.5614617940199,0.11487838096313695
-305.54152823920265,0.11023782492660106
-305.5215946843854,0.10572422386847748
-305.50166112956816,0.10137004732537849
-305.48172757475083,0.09721130495461276
-305.46179401993356,0.09328762375784402
-305.4418604651163,0.08964207535905791
-305.421926910299,0.08632062337021015
-305.40199335548175,0.08337104762421932
-305.3820598006645,0.08084122259501356
-305.36212624584715,0.07877670492007405
-305.34219269102994,0.07721773407060713
-305.32225913621266,0.07619595607620196
-305.3023255813954,0.07573138138864703
-305.2823920265781,0.07583018488066504
-305.2624584717608,0.07648386066409749
-305.2425249169435,0.07766995032534638
-305.22259136212625,0.07935417521721853
-305.202657807309,0.08149348540959983
-305.1827242524917,0.08403941045847171
-305.16279069767444,0.08694117180563843
-305.14285714285717,0.0901482130759495
-305.1229235880399,0.09361201912889636
-305.1029900332226,0.09728725721564585
-305.08305647840535,0.1011323623810434
-305.063122923588,0.10510971622599684
-305.04318936877075,0.10918555704639568
-305.0232558139535,0.11332973152430026
-305.0033222591362,0.11751536743524599
-304.983388704319,0.12171852013615062
-304.96345514950167,0.12591782515047426
-304.9435215946844,0.13009417477944013
-304.9235880398671,0.1342304271950655
-304.90365448504986,0.13831115060427082
-304.8837209302326,0.1423224016806057
-304.8637873754153,0.146251535677213
-304.843853820598,0.15008704485083071
-304.82392026578077,0.15381842163231646
-304.8039867109635,0.157436043110615
-304.78405315614623,0.16093107369117218
-304.76411960132896,0.16429538314838066
-304.74418604651163,0.16752147765996428
-304.72425249169436,0.17060244175926262
-304.7043189368771,0.1735318894556118
-304.6843853820598,0.17630392304870654
-304.66445182724254,0.17891309840009434
-304.6445182724253,0.1813543956268787
-304.624584717608,0.18362319435282567
-304.60465116279073,0.18571525279488857
-304.58471760797346,0.18762669008266972
-304.5647840531562,0.18935397130801815
-304.54485049833886,0.19089389488534128
-304.5249169435216,0.1922435818728567
-304.5049833887043,0.1934004669634985
-304.48504983388705,0.19436229090329302
-304.46511627906983,0.1951270941367508
-304.4451827242525,0.19569321151419494
-304.42524916943523,0.19605926792658715
-304.40531561461796,0.19622417475989545
-304.3853820598007,0.19618712708467057
-304.3654485049834,0.19594760151769758
-304.3455149501661,0.19550535471214273
-304.3255813953488,0.19486042245126306
-304.30564784053155,0.19401311933899007
-304.28571428571433,0.1929640390990171
-304.26578073089706,0.19171405551334977
-304.24584717607974,0.1902643240520687
-304.22591362126246,0.18861628426917887
-304.2059800664452,0.1867716630657278
-304.1860465116279,0.18473247895220388
-304.16611295681065,0.18250104747858095
-304.1461794019933,0.1800799880444789
-304.1262458471761,0.17747223235536563
-304.10631229235884,0.17468103485686756
-304.08637873754157,0.1717099855614247
-304.0664451827243,0.1685630257844443
-304.04651162790697,0.1652444674370073
-304.0265780730897,0.16175901668710746
-304.0066445182724,0.15811180301199257
-303.98671096345515,0.1543084149347455
-303.9667774086379,0.1503549440870238
-303.9468438538206,0.1462580396925034
-303.92691029900334,0.14202497615433937
-303.90697674418607,0.13766373719897426
-303.8870431893688,0.13318312103537688
-303.8671096345515,0.12859287230729857
-303.84717607973425,0.12390384834157551
-303.8272425249169,0.1191282294427776
-303.80730897009965,0.11427978588438016
-303.7873754152824,0.10937421792522573
-303.76744186046517,0.10442958970505392
-303.7475083056479,0.09946688313555774
-303.72757475083057,0.09451070336193493
-303.7076411960133,0.08959017154404422
-303.687707641196,0.08474004021111708
-303.66777408637876,0.08000205429572403
-303.6478405315615,0.07542654390405594
-303.62790697674416,0.07107415018609153
-303.60797342192694,0.0670174199115787
-303.58803986710967,0.06334172275960691
-303.5681063122924,0.06014454998912679
-303.54817275747513,0.05753187275148299
-303.5282392026578,0.0556102488543258
-303.50830564784053,0.05447437031744997
-303.48837209302326,0.05419206114996125
-303.468438538206,0.05479142553498646
-303.4485049833887,0.056255542412286814
-303.42857142857144,0.05852717189525327
-303.4086378737542,0.06152110201505017
-303.3887043189369,0.06513882080657951
-303.36877076411963,0.06928084914823464
-303.34883720930236,0.07385469744807827
-303.3289036544851,0.07877868570474794
-303.30897009966776,0.08398286767105693
-303.2890365448505,0.08940833156531193
-303.2691029900332,0.09500579385397032
-303.249169435216,0.10073402483293448
-303.22923588039873,0.10655837252888198
-303.2093023255814,0.11244948934996081
-303.18936877076413,0.11838228179323926
-303.16943521594686,0.12433506571747324
-303.1495016611296,0.13028889641551708
-303.1295681063123,0.1362270411437247
-303.109634551495,0.14213456504512004
-303.0897009966778,0.14799800617279346
-303.0697674418605,0.1538051200725013
-303.04983388704323,0.1595446785383701
-303.02990033222596,0.16520631056856294
-303.00996677740864,0.17078037625825374
-302.99003322259136,0.17625786647895994
-302.9700996677741,0.18163032282184416
-302.9501661129568,0.1868897735317126
-302.93023255813955,0.1920286821146056
-302.9102990033223,0.19703990603432728
-302.890365448505,0.20191666347514586
-302.87043189368774,0.2066525065803944
-302.85049833887047,0.21124129991055818
-302.8305647840532,0.21567720312346772
-302.81063122923587,0.21995465708093845
-302.7906976744186,0.22406837274393623
-302.7707641196013,0.22801332234256094
-302.75083056478405,0.23178473240501812
-302.73089700996684,0.23537807830779675
-302.7109634551495,0.23878908007107538
-302.69102990033224,0.2420136991734129
-302.67109634551497,0.24504813619974533
-302.6511627906977,0.2478888291693528
-302.6312292358804,0.25053245241670563
-302.6112956810631,0.25297591592000757
-302.5913621262458,0.25521636498999795
-302.57142857142856,0.2572511802463718
-302.55149501661134,0.2590779778215792
-302.53156146179407,0.2606946097422004
-302.51162790697674,0.2620991644468287
-302.49169435215947,0.2632899674071996
-302.4717607973422,0.2642655818257104
-302.4518272425249,0.26502480938840217
-302.43189368770766,0.2655666910577681
-302.4119601328904,0.26589050789447155
-302.3920265780731,0.2659957819016298
-302.37209302325584,0.265882276889518
-302.3521594684386,0.265549999362966
-302.3322259136213,0.264999199437878
-302.31229235880403,0.26423037179774106
-302.2923588039867,0.2632442567057117
-302.27242524916943,0.26204184109302914
-302.25249169435216,0.26062435974989173
-302.2325581395349,0.25899329665149046
-302.2126245847177,0.2571503864588118
-302.19269102990035,0.25509761624214145
-302.1727574750831,0.2528372274848418
-302.1528239202658,0.25037171843596934
-302.13289036544853,0.2477038468937604
-302.11295681063126,0.24483663351767299
-302.09302325581393,0.2417733657854099
-302.07308970099666,0.23851760273413916
-302.0531561461794,0.23507318065233196
-302.0332225913622,0.23144421992185235
-302.0132890365449,0.2276351332502808
-301.9933554817276,0.22365063558295176
-301.9734219269103,0.21949575604475005
-301.95348837209303,0.21517585233662403
-301.93355481727576,0.21069662810420361
-301.9136212624585,0.20606415391088959
-301.8936877076412,0.20128489259065824
-301.87375415282395,0.19636572993463214
-301.8538205980067,0.19131401188891536
-301.8338870431894,0.1861375897219218
-301.81395348837214,0.1808448749716076
-301.79401993355486,0.17544490642608387
-301.77408637873754,0.16994743194652748
-301.75415282392026,0.16436300863718264
-301.734219269103,0.15870312573245404
-301.7142857142857,0.15298035563821782
-301.6943521594685,0.14720853985789173
-301.6744186046512,0.14140301806321437
-301.6544850498339,0.13558091029862557
-301.63455149501664,0.12976146411233175
-301.61461794019937,0.12396647998557178
-301.5946843853821,0.11822082916113347
-301.57475083056477,0.11255307665912229
-301.5548172757475,0.10699621676413136
-301.5348837209302,0.10158851492534976
-301.514950166113,0.09637442306099646
-301.49501661129574,0.09140548649298094
-301.4750830564784,0.08674108054913357
-301.45514950166114,0.08244869691632398
-301.43521594684387,0.07860335290504852
-301.4152823920266,0.0752855664977533
-301.3953488372093,0.072577333516152
-301.375415282392,0.07055582566279417
-301.3554817275748,0.06928523294498765
-301.3355481727575,0.06880820049798934
-301.31561461794024,0.0691391524953687
-301.29568106312297,0.07026173056356658
-301.27574750830564,0.07213130097768064
-301.25581395348837,0.07468162518020506
-301.2358803986711,0.077833478846199
-301.2159468438538,0.08150290111219521
-301.19601328903656,0.08560758587527247
-301.1760797342193,0.09007096572718706
-301.156146179402,0.09482426293466625
-301.13621262458474,0.09980707735738895
-301.1162790697675,0.10496707914228964
-301.0963455149502,0.11025924272218834
-301.0764119601329,0.11564490872747768
-301.0564784053156,0.12109083955960837
-301.03654485049833,0.12656835209164427
-301.01661129568106,0.13205256092905893
-300.99667774086384,0.1375217380562198
-300.9767441860465,0.14295678107332022
-300.95681063122925,0.14834077665601472
-300.936877076412,0.15365864459048106
-300.9169435215947,0.15889684853955235
-300.89700996677743,0.16404316135744587
-300.87707641196016,0.1690864746516781
-300.85714285714283,0.17401664408655837
-300.83720930232556,0.1788243635057931
-300.81727574750835,0.18350106228882154
-300.7973421926911,0.18803882145624626
-300.7774086378738,0.19243030493131005
-300.7574750830565,0.19666870308036224
-300.7375415282392,0.20074768622649977
-300.71760797342193,0.20466136628545775
-300.69767441860466,0.2084042650343868
-300.6777408637874,0.21197128781191266
-300.6578073089701,0.2153577016771244
-300.63787375415285,0.21855911723789093
-300.6179401993356,0.22157147350575165
-300.5980066445183,0.2243910252517509
-300.57807308970104,0.22701433243271363
-300.5581395348837,0.22943825133373308
-300.53820598006644,0.23165992713504188
-300.51827242524917,0.2336767876619789
-300.4983388704319,0.2354865381182887
-300.4784053156147,0.23708715663713803
-300.45847176079735,0.23847689051254967
-300.4385382059801,0.2396542529973022
-300.4186046511628,0.24061802057328988
-300.39867109634554,0.24136723061678583
-300.37873754152827,0.24190117939539138
-300.358803986711,0.24221942034565674
-300.33887043189367,0.2423217625912107
-300.3189368770764,0.24220826967057316
-300.2990033222592,0.24187925845277752
-300.2790697674419,0.24133529822671773
-300.25913621262464,0.24057720995798118
-300.2392026578073,0.23960606571427806
-300.21926910299004,0.23842318826826872
-300.19933554817277,0.23703015089422322
-300.1794019933555,0.2354287773834465
-300.1594684385382,0.23362114231229514
-300.13953488372096,0.23160957160683668
-300.1196013289037,0.22939664345960656
-300.0996677740864,0.22698518966722162
-300.07973421926914,0.22437829747303165
-300.05980066445187,0.22157931201740524
-300.03986710963454,0.21859183952008795
-300.01993355481727,0.21541975134546673
-300.0,0.21206718913348613
-299.98006644518273,0.20853857121801647
-299.9601328903655,0.20483860060226441
-299.9401993355482,0.20097227481981944
-299.9202657807309,0.19694489808301957
-299.90033222591364,0.19276209621134877
-299.8803986710964,0.18842983494630586
-299.8604651162791,0.18395444240204384
-299.8405315614618,0.1793426365809514
-299.8205980066445,0.1746015591111296
-299.80066445182723,0.16973881665110824
-299.78073089701,0.16476253177457434
-299.76079734219275,0.15968140561525765
-299.7408637873754,0.15450479514859236
-299.72093023255815,0.14924280874606702
-299.7009966777409,0.14390642460292444
-299.6810631229236,0.13850763785757259
-299.66112956810633,0.13305964374191354
-299.641196013289,0.12757706596664678
-299.62126245847173,0.12207624176239466
-299.6013289036545,0.11657557749305117
-299.58139534883725,0.11109599128205885
-299.56146179402,0.10566146104418833
-299.54152823920265,0.1002996964292809
-299.5215946843854,0.09504294900367476
-299.5016611295681,0.08992896205933716
-299.48172757475083,0.08500203220981029
-299.46179401993356,0.08031409786339297
-299.4418604651163,0.07592566987589788
-299.421926910299,0.0719062647631188
-299.40199335548175,0.06833379820278498
-299.3820598006645,0.06529220846470986
-299.3621262458472,0.06286656670261366
-299.34219269102994,0.061135350390297945
-299.3222591362126,0.060160601458519904
-299.30232558139534,0.05997813879842803
-299.28239202657807,0.06059096413422398
-299.26245847176085,0.06196842909390645
-299.2425249169436,0.06405153416418351
-299.22259136212625,0.06676227216892518
-299.202657807309,0.07001383293681374
-299.1827242524917,0.0737191115759002
-299.16279069767444,0.07779640316263474
-299.14285714285717,0.0821723885789173
-299.12292358803984,0.0867831079520338
-299.10299003322257,0.09157369733971128
-299.08305647840535,0.09649749950444096
-299.0631229235881,0.10151494659216087
-299.0431893687708,0.10659243861566754
-299.0232558139535,0.11170132538976335
-299.0033222591362,0.11681703126584962
-298.98338870431894,0.12191832610266755
-298.96345514950167,0.1269867294006655
-298.9435215946844,0.13200602864076133
-298.9235880398671,0.1369618923023596
-298.90365448504986,0.1418415598275546
-298.8837209302326,0.14663359340037446
-298.8637873754153,0.15132767907249003
-298.84385382059804,0.15591446716886062
-298.82392026578077,0.16038544394270648
-298.80398671096344,0.1647328281164908
-298.7840531561462,0.16894948728276732
-298.7641196013289,0.17302887019896537
-298.7441860465117,0.17696495184469
-298.7242524916944,0.18075218876479549
-298.7043189368771,0.1843854827347099
-298.6843853820598,0.1878601511870424
-298.66445182724254,0.1911719031544034
-298.6445182724253,0.19431681973282275
-298.624584717608,0.19729133826668988
-298.6046511627907,0.20009223961254768
-298.5847176079734,0.2027166379635243
-298.5647840531562,0.2051619728158397
-298.5448504983389,0.20742600273920725
-298.52491694352165,0.20950680067782665
-298.5049833887043,0.21140275056182353
-298.48504983388705,0.2131125450523654
-298.4651162790698,0.2146351842797869
-298.4451827242525,0.21596997546419588
-298.42524916943523,0.2171165333333165
-298.40531561461796,0.21807478127420823
-298.3853820598007,0.2188449531741719
-298.3654485049834,0.21942759592274003
-298.34551495016615,0.21982357256131405
-298.3255813953489,0.220034066080355
-298.30564784053155,0.22006058387629474
-298.2857142857143,0.21990496289164166
-298.265780730897,0.2195693754726777
-298.24584717607974,0.2190563359891585
-298.2259136212625,0.21836870827023877
-298.2059800664452,0.21750971392003232
-298.1860465116279,0.216482941584781
-298.16611295681065,0.21529235725147158
-298.1461794019934,0.21394231566443966
-298.1262458471761,0.2124375729517349
-298.1063122923588,0.21078330055610175
-298.0863787375415,0.2089851005655401
-298.06644518272424,0.20704902253450913
-298.046511627907,0.20498158187722615
-298.02657807308975,0.2027897798977356
-298.0066445182724,0.2004811254946672
-297.98671096345515,0.1980636585389606
-297.9667774086379,0.19554597486682868
-297.9468438538206,0.19293725275299634
-297.92691029900334,0.19024728062518415
-297.90697674418607,0.18748648564430254
-297.88704318936874,0.18466596259764803
-297.8671096345515,0.18179750232771613
-297.84717607973425,0.17889361863877906
-297.827242524917,0.17596757228056453
-297.8073089700997,0.1730333901983849
-297.7873754152824,0.17010587776240735
-297.7674418604651,0.16720062115221485
-297.74750830564784,0.16433397649597595
-297.72757475083057,0.1615230417811466
-297.70764119601336,0.15878560702206515
-297.687707641196,0.15614007777160976
-297.66777408637876,0.15360536691012597
-297.6478405315615,0.1512007498727733
-297.6279069767442,0.14894567924085494
-297.60797342192694,0.14685955607659879
-297.5880398671096,0.14496145764014284
-297.56810631229234,0.14326982423076765
-297.5481727574751,0.14180211174685511
-297.52823920265786,0.14057442089430006
-297.5083056478406,0.13960111832672617
-297.48837209302326,0.13889446874160513
-297.468438538206,0.1384642993660079
-297.4485049833887,0.13831771868261253
-297.42857142857144,0.13845890923818688
-297.4086378737542,0.13888900989302871
-297.3887043189369,0.13960609632433213
-297.3687707641196,0.1406052608272372
-297.34883720930236,0.14187878456725037
-297.3289036544851,0.14341638855264813
-297.3089700996678,0.145205544617546
-297.28903654485055,0.1472318251344223
-297.2691029900332,0.14947927004742997
-297.24916943521595,0.1519307517709434
-297.2292358803987,0.15456832191173778
-297.2093023255814,0.15737352794107515
-297.1893687707642,0.16032769221993065
-297.16943521594686,0.1634121496755284
-297.1495016611296,0.16660844363933225
-297.1295681063123,0.16989848176054154
-297.10963455149505,0.17326465551702838
-297.0897009966778,0.1766899277569279
-297.06976744186045,0.18015789305996582
-297.0498338870432,0.18365281565933178
-297.0299003322259,0.187159649348382
-297.0099667774087,0.19066404332560158
-296.9900332225914,0.19415233739104187
-296.9700996677741,0.19761154935813896
-296.9501661129568,0.20102935702490823
-296.93023255813955,0.20439407657983186
-296.9102990033223,0.20769463891036247
-296.890365448505,0.2109205649377124
-296.8704318936877,0.2140619408173246
-296.8504983388704,0.21710939361455162
-296.8305647840532,0.22005406788224052
-296.8106312292359,0.22288760342432645
-296.79069767441865,0.2256021144196305
-296.7707641196013,0.22819016999761674
-296.75083056478405,0.2306447762964967
-296.7308970099668,0.23295935998999032
-296.7109634551495,0.23512775323821627
-296.69102990033224,0.23714417999750315
-296.67109634551497,0.23900324361106878
-296.6511627906977,0.24069991559550089
-296.6312292358804,0.24222952553534663
-296.61129568106315,0.2435877519985063
-296.5913621262459,0.24477061438797723
-296.57142857142856,0.24577446564981115
-296.5514950166113,0.24659598576251507
-296.531561461794,0.24723217593940486
-296.51162790697674,0.24768035348194506
-296.4916943521595,0.24793814722907762
-296.4717607973422,0.24800349355466994
-296.4518272425249,0.24787463287240258
-296.43189368770766,0.24755010661487167
-296.4119601328904,0.2470287546611856
-296.3920265780731,0.24630971319506886
-296.37209302325584,0.24539241298362888
-296.3521594684385,0.24427657807536074
-296.33222591362124,0.24296222492509809
-296.31229235880403,0.24144966196351056
-296.29235880398676,0.23973948963957603
-296.2724252491695,0.23783260097671022
-296.25249169435216,0.23573018269694979
-296.2325581395349,0.23343371698372833
-296.2126245847176,0.23094498397204807
-296.19269102990035,0.22826606507683275
-296.1727574750831,0.22539934729608407
-296.15282392026575,0.22234752865630408
-296.13289036544853,0.21911362500517131
-296.11295681063126,0.21570097840161373
-296.093023255814,0.21211326740865577
-296.0730897009967,0.20835451966231056
-296.0531561461794,0.20442912717334372
-296.0332225913621,0.20034186492219958
-296.01328903654485,0.19609791343601132
-295.9933554817276,0.1917028861974415
-295.97342192691036,0.18716286293579568
-295.95348837209303,0.18248443010379126
-295.93355481727576,0.1776747301608362
-295.9136212624585,0.1727415216843187
-295.8936877076412,0.16769325283553038
-295.87375415282395,0.16253915134300254
-295.8538205980067,0.1572893349648612
-295.83388704318935,0.15195494738960696
-295.8139534883721,0.14654832576693597
-295.79401993355486,0.14108320755795337
-295.7740863787376,0.1355749861634337
-295.7541528239203,0.13004102678153012
-295.734219269103,0.12450105599883014
-295.7142857142857,0.11897764034138836
-295.69435215946845,0.11349676959961731
-295.6744186046512,0.10808855865295208
-295.6544850498339,0.10278807398968343
-295.6345514950166,0.09763627347644381
-295.61461794019937,0.09268101290249525
-295.5946843853821,0.08797801038625289
-295.5747508305648,0.0835915591331409
-295.55481727574755,0.07959463613801362
-295.5348837209302,0.07606788879240396
-295.51495016611295,0.07309686422511323
-295.4950166112957,0.07076692414548903
-295.4750830564784,0.06915575304737909
-295.4551495016612,0.06832430550914353
-295.43521594684387,0.06830817632777753
-295.4152823920266,0.06911199862294837
-295.3953488372093,0.07070886020775624
-295.37541528239205,0.07304494148986766
-295.3554817275748,0.07604766729290871
-295.33554817275746,0.0796347886093848
-295.3156146179402,0.08372223387880984
-295.2956810631229,0.08822966543685674
-295.2757475083057,0.09308368077083183
-295.2558139534884,0.09821915102208965
-295.2358803986711,0.10357932756516831
-295.2159468438538,0.10911525712938698
-295.19601328903656,0.11478488521507597
-295.1760797342193,0.12055208007044764
-295.156146179402,0.1263857021520824
-295.1362126245847,0.1322587757292778
-295.1162790697674,0.13814778010166132
-295.0963455149502,0.1440320575760059
-295.07641196013293,0.14989332620079113
-295.05647840531566,0.1557152822446681
-295.03654485049833,0.16148327748899632
-295.01661129568106,0.16718405786959448
-294.9966777408638,0.17280555193393513
-294.9767441860465,0.17833669952582862
-294.95681063122925,0.1837673128691187
-294.936877076412,0.1890879637276418
-294.9169435215947,0.19428989156646112
-294.89700996677743,0.19936492865396407
-294.87707641196016,0.20430543885940478
-294.8571428571429,0.20910426755099856
-294.8372093023256,0.2137547005168186
-294.8172757475083,0.2182504302411135
-294.797342192691,0.2225855281945775
-294.77740863787375,0.22675442205601326
-294.75747508305653,0.23075187698896493
-294.73754152823926,0.23457298026150103
-294.71760797342193,0.23821312862912078
-294.69767441860466,0.2416680180065587
-294.6777408637874,0.24493363503962307
-294.6578073089701,0.2480062502573992
-294.63787375415285,0.2508824125412056
-294.6179401993355,0.25355894469255486
-294.59800664451825,0.25603293992018106
-294.57807308970104,0.2583017590970819
-294.55813953488376,0.26036302866434713
-294.5382059800665,0.2622146390801728
-294.51827242524917,0.26385474373044093
-294.4983388704319,0.2652817582328981
-294.4784053156146,0.2664943600798569
-294.45847176079735,0.26749148857610866
-294.4385382059801,0.2682723450387758
-294.4186046511628,0.26883639323487313
-294.39867109634554,0.26918336004063964
-294.37873754152827,0.26931323631444015
-294.358803986711,0.2692262779824527
-294.3388704318937,0.2689230073434664
-294.31893687707645,0.2684042146063526
-294.2990033222591,0.2676709596812287
-294.27906976744185,0.26672457425287044
-294.2591362126246,0.2655666641734457
-294.23920265780737,0.264199112220363
-294.2192691029901,0.26262408127500053
-294.19933554817277,0.2608440179891602
-294.1794019933555,0.2588616570184205
-294.1594684385382,0.2566800259157988
-294.13953488372096,0.2543024507950914
-294.1196013289037,0.2517325628921971
-294.09966777408636,0.24897430617378072
-294.0797342192691,0.24603194616779164
-294.05980066445187,0.24291008021901606
-294.0398671096346,0.23961364940638707
-294.0199335548173,0.23614795239770386
-294.0,0.232518661562581
-293.98006644518273,0.22873184171685904
-293.96013289036546,0.2247939719323218
-293.9401993355482,0.2207119709153576
-293.9202657807309,0.2164932265378327
-293.9003322259136,0.21214563019414054
-293.8803986710964,0.20767761675934185
-293.8604651162791,0.20309821103474276
-293.84053156146183,0.19841708168599712
-293.82059800664456,0.19364460380080167
-293.80066445182723,0.18879193130964864
-293.78073089700996,0.18387108060969656
-293.7607973421927,0.1788950267858563
-293.7408637873754,0.17387781379876738
-293.7209302325582,0.1688346798531522
-293.7009966777409,0.16378219879199812
-293.6810631229236,0.15873843766909534
-293.66112956810633,0.1537231294751104
-293.64119601328906,0.14875785811794154
-293.6212624584718,0.14386624991404798
-293.60132890365446,0.1390741617124012
-293.5813953488372,0.13440985001381062
-293.5614617940199,0.12990409781313508
-293.5415282392027,0.12559026638470358
-293.52159468438543,0.1215042284077443
-293.5016611295681,0.11768412821291895
-293.48172757475083,0.11416990749298965
-293.46179401993356,0.11100253528671677
-293.4418604651163,0.10822289561122655
-293.421926910299,0.10587032094547451
-293.40199335548175,0.10398081781349033
-293.3820598006644,0.10258510731140057
-293.3621262458472,0.10170668267471494
-293.34219269102994,0.10136014163459589
-293.32225913621266,0.10155005506398901
-293.3023255813954,0.10227056931162362
-293.28239202657807,0.1035058167406985
-293.2624584717608,0.10523106230472772
-293.2425249169435,0.10741438981564749
-293.22259136212625,0.1100186656097691
-293.20265780730904,0.11300351963158788
-293.1827242524917,0.11632713915950417
-293.16279069767444,0.11994775016656349
-293.14285714285717,0.12382473895166216
-293.1229235880399,0.1279194258041658
-293.1029900332226,0.13219553808439977
-293.0830564784053,0.13661944507235374
-293.063122923588,0.14116021747607657
-293.04318936877075,0.14578956691455827
-293.02325581395354,0.1504817098392809
-293.00332225913627,0.15521318928472178
-292.98338870431894,0.15996267811093212
-292.96345514950167,0.16471077959343022
-292.9435215946844,0.16943983533289766
-292.9235880398671,0.17413374623980205
-292.90365448504986,0.17877780945493918
-292.8837209302326,0.18335857216519744
-292.86378737541526,0.18786370208487635
-292.84385382059804,0.19228187367787933
-292.82392026578077,0.19660266883212138
-292.8039867109635,0.20081649054790154
-292.78405315614623,0.2049144881858897
-292.7641196013289,0.20888849288264968
-292.74418604651163,0.21273096184626392
-292.72425249169436,0.216434930368408
-292.7043189368771,0.21999397051751407
-292.6843853820598,0.2234021556024309
-292.66445182724254,0.2266540296119997
-292.6445182724253,0.22974458094158445
-292.624584717608,0.2326692198115913
-292.60465116279073,0.2354237588660847
-292.58471760797346,0.23800439651201388
-292.56478405315613,0.24040770262262906
-292.54485049833886,0.24263060628319363
-292.5249169435216,0.24467038530411042
-292.5049833887044,0.2465246572674262
-292.4850498338871,0.24819137190754298
-292.4651162790698,0.2496688046575274
-292.4451827242525,0.2509555512185391
-292.42524916943523,0.25205052303293135
-292.40531561461796,0.2529529435614702
-292.3853820598007,0.25366234528283493
-292.36544850498336,0.254178567349005
-292.3455149501661,0.25450175384420076
-292.3255813953489,0.254632352607578
-292.3056478405316,0.2545711145913039
-292.28571428571433,0.2543190937363742
-292.265780730897,0.2538776473583477
-292.24584717607974,0.2532484370447555
-292.22591362126246,0.2524334300749483
-292.2059800664452,0.25143490138214597
-292.1860465116279,0.2502554360860987
-292.1661129568106,0.2488979326337275
-292.1461794019934,0.24736560659375884
-292.1262458471761,0.2456619951604034
-292.10631229235884,0.24379096243005471
-292.08637873754157,0.2417567055241846
-292.06644518272424,0.23956376164053236
-292.04651162790697,0.23721701612367996
-292.0265780730897,0.23472171165467776
-292.0066445182724,0.23208345866688643
-291.9867109634552,0.22930824710196124
-291.9667774086379,0.22640245962410072
-291.9468438538206,0.22337288641237596
-291.92691029900334,0.22022674164803216
-291.90697674418607,0.21697168180488624
-291.8870431893688,0.2136158258337882
-291.8671096345515,0.21016777730358388
-291.8471760797342,0.20663664851749683
-291.8272425249169,0.20303208656032898
-291.8073089700997,0.19936430114241996
-291.78737541528244,0.1956440939838014
-291.76744186046517,0.19188288931741268
-291.74750830564784,0.18809276487393162
-291.72757475083057,0.1842864824314575
-291.7076411960133,0.18047751665946413
-291.687707641196,0.1766800805477049
-291.66777408637876,0.17290914517920972
-291.6478405315614,0.16918045098089426
-291.6279069767442,0.1655105068743924
-291.60797342192694,0.16191657298032144
-291.58803986710967,0.15841662175147472
-291.5681063122924,0.1550292717089803
-291.5481727574751,0.15177368745516193
-291.5282392026578,0.14866943950816225
-291.50830564784053,0.14573631795858266
-291.48837209302326,0.14299409522386242
-291.46843853820604,0.14046223549634176
-291.4485049833887,0.13815955199847876
-291.42857142857144,0.13610381787534956
-291.4086378737542,0.13431134223572114
-291.3887043189369,0.13279652896170033
-291.36877076411963,0.13157144159792258
-291.34883720930236,0.13064540183454937
-291.32890365448503,0.13002465071818814
-291.30897009966776,0.12971209991892382
-291.28903654485055,0.1297071948533462
-291.2691029900333,0.13000590265643677
-291.249169435216,0.13060082709416326
-291.2292358803987,0.13148144120739444
-291.2093023255814,0.13263441857911573
-291.18936877076413,0.13404403708715318
-291.16943521594686,0.13569262564753384
-291.1495016611296,0.137561024794255
-291.12956810631226,0.1396290353393189
-291.10963455149505,0.1418758347683192
-291.0897009966778,0.14428034730928233
-291.0697674418605,0.14682155977462993
-291.04983388704323,0.14947878061898934
-291.0299003322259,0.1522318438070522
-291.00996677740864,0.1550612619547397
-290.99003322259136,0.15794833490022545
-290.9700996677741,0.16087522059400675
-290.9501661129568,0.16382497522093284
-290.93023255813955,0.16678156902083444
-290.9102990033223,0.1697298835576141
-290.890365448505,0.1726556953511717
-290.87043189368774,0.175545649937131
-290.85049833887047,0.1783872296218296
-290.83056478405314,0.18116871749057295
-290.81063122923587,0.18387915962015944
-290.7906976744186,0.18650832694357455
-290.7707641196014,0.18904667780791468
-290.7508305647841,0.19148532194549575
-290.7308970099668,0.19381598632922117
-290.7109634551495,0.1960309831949452
-290.69102990033224,0.19812318037328952
-290.67109634551497,0.20008597397222555
-290.6511627906977,0.20191326338002796
-290.63122923588037,0.20359942851015844
-290.6112956810631,0.20513930917857476
-290.5913621262459,0.20652818648639493
-290.5714285714286,0.2077617660723981
-290.55149501661134,0.20883616309894146
-290.531561461794,0.20974788883810674
-290.51162790697674,0.21049383873250294
-290.49169435215947,0.2110712818140704
-290.4717607973422,0.21147785137566802
-290.4518272425249,0.21171153680189855
-290.43189368770766,0.2117706764784021
-290.4119601328904,0.21165395171180962
-290.3920265780731,0.2113603816060335
-290.37209302325584,0.2108893188540983
-290.3521594684386,0.21024044641899126
-290.3322259136213,0.20941377509143663
-290.312292358804,0.2084096419279124
-290.2923588039867,0.20722870958836148
-290.27242524916943,0.20587196661065874
-290.2524916943522,0.2043407286779422
-290.23255813953494,0.20263664095600947
-290.2126245847176,0.2007616816019222
-290.19269102990035,0.19871816657161398
-290.1727574750831,0.1965087558853665
-290.1528239202658,0.19413646154555803
-290.13289036544853,0.19160465734235646
-290.1129568106312,0.18891709083173752
-290.09302325581393,0.1860778978266176
-290.0730897009967,0.1830916198088997
-290.05315614617945,0.17996322474866924
-290.0332225913622,0.17669813190915554
-290.01328903654485,0.17330224132469446
-289.9933554817276,0.1697819687655146
-289.9734219269103,0.1661442871503605
-289.95348837209303,0.1623967755368846
-289.93355481727576,0.15854767701057582
-289.9136212624585,0.15460596700363852
-289.8936877076412,0.1505814337991238
-289.87375415282395,0.1464847731991036
-289.8538205980067,0.14232769953392568
-289.8338870431894,0.13812307531898596
-289.81395348837214,0.13388506185505722
-289.7940199335548,0.12962929280483657
-289.77408637873754,0.1253730720875443
-289.75415282392026,0.12113559605619836
-289.73421926910305,0.11693819748633925
-289.7142857142858,0.11280460490361342
-289.69435215946845,0.10876120456735759
-289.6744186046512,0.1048372832845693
-289.6544850498339,0.10106521752526054
-289.63455149501664,0.09748055789832955
-289.61461794019937,0.09412193895989171
-289.59468438538204,0.09103072582701714
-289.57475083056477,0.08825029785548506
-289.55481727574755,0.08582487647627367
-289.5348837209303,0.08379784263567384
-289.514950166113,0.08220957010527957
-289.4950166112957,0.08109492301712423
-289.4750830564784,0.08048070530134696
-289.45514950166114,0.08038345677952165
-289.43521594684387,0.0808080063000855
-289.4152823920266,0.08174708123328596
-289.39534883720927,0.08318205505361168
-289.37541528239205,0.08508466678589703
-289.3554817275748,0.08741936085418509
-289.3355481727575,0.0901458314638168
-289.31561461794024,0.09322140965915256
-289.2956810631229,0.09660305547250356
-289.27574750830564,0.1002488537527785
-289.25581395348837,0.10411901982386265
-289.2358803986711,0.10817648545293346
-289.2159468438538,0.1123871611350217
-289.19601328903656,0.11671996997275191
-289.1760797342193,0.12114673409191488
-289.156146179402,0.12564197575242025
-289.13621262458474,0.13018267735423383
-289.1162790697675,0.13474802970390143
-289.09634551495014,0.13931918671796095
-289.0764119601329,0.1438790368357568
-289.0564784053156,0.14841199612664122
-289.0365448504984,0.1529038247188121
-289.0166112956811,0.1573414661655704
-288.9966777408638,0.16171290825407267
-288.9767441860465,0.16600706322802072
-288.95681063122925,0.1702136652183401
-288.936877076412,0.1743231827058652
-288.9169435215947,0.17832674398264686
-288.89700996677743,0.1822160737740075
-288.8770764119601,0.18598343939594772
-288.8571428571429,0.189621605031459
-288.8372093023256,0.19312379290401277
-288.81727574750835,0.1964836503014359
-288.7973421926911,0.19969522155789957
-288.77740863787375,0.2027529242354143
-288.7574750830565,0.20565152886126079
-288.7375415282392,0.20838614167585276
-288.71760797342193,0.2109521899287036
-288.69767441860466,0.2133454093305685
-288.6777408637874,0.21556183332932471
-288.6578073089701,0.21759778392727108
-288.63787375415285,0.21944986379983625
-288.6179401993356,0.22111494951144306
-288.5980066445183,0.22259018565431804
-288.578073089701,0.22387297976170767
-288.5581395348837,0.22496099786839477
-288.53820598006644,0.22585216060992808
-288.5182724252492,0.22654463976748676
-288.49833887043195,0.22703685517874503
-288.4784053156146,0.22732747194641081
-288.45847176079735,0.2274153978862184
-288.4385382059801,0.22729978116429267
-288.4186046511628,0.22698000808164134
-288.39867109634554,0.22645570096973242
-288.37873754152827,0.22572671616704634
-288.35880398671094,0.22479314205155823
-288.3388704318937,0.2236552971089506
-288.31893687707645,0.22231372802050003
-288.2990033222592,0.22076920775882664
-288.2790697674419,0.21902273368365402
-288.2591362126246,0.21707552563355953
-288.2392026578073,0.21492902401386665
-288.21926910299004,0.21258488788494517
-288.19933554817277,0.21004499305996882
-288.1794019933555,0.20731143022616416
-288.1594684385382,0.20438650310974257
-288.13953488372096,0.20127272671150734
-288.1196013289037,0.19797282564867885
-288.0996677740864,0.19448973264865824
-288.07973421926914,0.1908265872532515
-288.0598006644518,0.18698673480778347
-288.03986710963454,0.18297372583014943
-288.01993355481727,0.17879131588085892
-288.00000000000006,0.17444346608952474
-287.9800664451828,0.16993434453801548
-287.96013289036546,0.16526832876032732
-287.9401993355482,0.1604500096990775
-287.9202657807309,0.155484197567274
-287.90033222591364,0.1503759302127299
-287.8803986710964,0.14513048478894255
-287.86046511627904,0.13975339382617666
-287.8405315614618,0.134250467208731
-287.82059800664456,0.12862782215921814
-287.8006644518273,0.1228919242015861
-287.78073089701,0.11704964337048189
-287.7607973421927,0.11110833189658949
-287.7408637873754,0.10507593262427153
-287.72093023255815,0.09896113218270339
-287.7009966777409,0.09277358059936522
-287.6810631229236,0.08652421167979248
-287.6611295681063,0.08022571983692946
-287.64119601328906,0.07389328616058012
-287.6212624584718,0.06754571285964958
-287.6013289036545,0.06120724733201269
-287.58139534883725,0.05491060819240086
-287.5614617940199,0.04870217207475656
-287.54152823920265,0.04265114478307351
-287.5215946843854,0.03686613405956107
-287.5016611295681,0.03152486945893165
-287.48172757475083,0.026922664207347274
-287.46179401993356,0.023524211893376792
-287.4418604651163,0.021917448136417977
-287.421926910299,0.02250127396532703
-287.40199335548175,0.025126541436388768
-287.3820598006645,0.029245070029711613
-287.3621262458472,0.03431515530405902
-287.3421926910299,0.03996472526989158
-287.3222591362126,0.045966665318610045
-287.3023255813954,0.0521838608147118
-287.2823920265781,0.058530822798112066
-287.26245847176085,0.06495165339522725
-287.2425249169435,0.0714078720433518
-287.22259136212625,0.07787161400042732
-287.202657807309,0.08432172278045899
-287.1827242524917,0.09074143121674018
-287.16279069767444,0.09711694035946121
-287.1428571428571,0.10343652209118326
-287.1229235880399,0.10968993684947222
-287.1029900332226,0.11586804654707004
-287.08305647840535,0.12196255170336455
-287.0631229235881,0.12796580958063164
-287.04318936877075,0.13387070634046996
-287.0232558139535,0.13967056596234192
-287.0033222591362,0.14535908464303982
-286.98338870431894,0.150930283153505
-286.96345514950167,0.15637847204185554
-286.9435215946844,0.16169822615111082
-286.9235880398671,0.16688436597279507
-286.90365448504986,0.1719319440711277
-286.8837209302326,0.17683623530387724
-286.8637873754153,0.18159272990877096
-286.84385382059804,0.18619712876722122
-286.8239202657807,0.19064534033126437
-286.80398671096344,0.19493347882554424
-286.78405315614623,0.19905786342907184
-286.76411960132896,0.20301501820996162
-286.7441860465117,0.20680167263772084
-286.72425249169436,0.21041476253677172
-286.7043189368771,0.21385143137437992
-286.6843853820598,0.21710903179933289
-286.66445182724254,0.22018512736533186
-286.6445182724253,0.22307749438742736
-286.62458471760795,0.22578412389084315
-286.60465116279073,0.2283032236206718
-286.58471760797346,0.23063322008833714
-286.5647840531562,0.2327727606367826
-286.5448504983389,0.23472071551161236
-286.5249169435216,0.2364761799298375
-286.5049833887043,0.2380384761417028
-286.48504983388705,0.23940715548477443
-286.4651162790698,0.24058200043248618
-286.4451827242525,0.2415630266425489
-286.42524916943523,0.24235048501342898
-286.40531561461796,0.2429448637600872
-286.3853820598007,0.24334689052303357
-286.3654485049834,0.24355753452767448
-286.34551495016615,0.24357800881413774
-286.3255813953488,0.24340977256085775
-286.30564784053155,0.24305453352878614
-286.2857142857143,0.24251425065666915
-286.26578073089706,0.24179113684191422
-286.2458471760798,0.24088766194578254
-286.22591362126246,0.2398065560662602
-286.2059800664452,0.23855081312711746
-286.1860465116279,0.23712369483691856
-286.16611295681065,0.23552873507773436
-286.1461794019934,0.23376974478946175
-286.12624584717605,0.2318508174224139
-286.1063122923588,0.22977633503782455
-286.08637873754157,0.22755097514315642
-286.0664451827243,0.22517971835662934
-286.046511627907,0.22266785700265967
-286.0265780730897,0.2200210047468593
-286.0066445182724,0.2172451073854673
-285.98671096345515,0.21434645490866058
-285.9667774086379,0.21133169495980353
-285.9468438538206,0.20820784781152998
-285.92691029900334,0.2049823229738835
-285.90697674418607,0.20166293753672898
-285.8870431893688,0.19825793632645364
-285.8671096345515,0.1947760139216034
-285.84717607973425,0.1912263385196121
-285.827242524917,0.18761857757159064
-285.80730897009965,0.18396292499761072
-285.7873754152824,0.18027012965281095
-285.7674418604651,0.17655152452571354
-285.74750830564784,0.1728190559032756
-285.7275747508306,0.16908531142083114
-285.7076411960133,0.16536354551818508
-285.687707641196,0.16166770033541192
-285.66777408637876,0.15801241949938552
-285.6478405315615,0.15441305157784976
-285.6279069767442,0.15088563923097156
-285.6079734219269,0.14744688931089353
-285.5880398671096,0.1441141184191812
-285.5681063122924,0.14090516784116766
-285.54817275747513,0.13783828149156999
-285.52823920265786,0.13493194073114897
-285.50830564784053,0.13220465088624198
-285.48837209302326,0.1296746762632521
-285.468438538206,0.12735972358914796
-285.4485049833887,0.12527657818944415
-285.42857142857144,0.12344070268123787
-285.4086378737542,0.12186581405565815
-285.3887043189369,0.12056346096672213
-285.36877076411963,0.11954262777459056
-285.34883720930236,0.11880939425750693
-285.3289036544851,0.11836667893742549
-285.3089700996678,0.1182140891899947
-285.2890365448505,0.11834789300532782
-285.2691029900332,0.118761116507235
-285.24916943521595,0.11944375980976421
-285.2292358803987,0.12038311338291609
-285.20930232558146,0.12156414943558658
-285.18936877076413,0.1229699588707068
-285.16943521594686,0.12458220427168765
-285.1495016611296,0.1263815625527048
-285.1295681063123,0.1283481362893216
-285.10963455149505,0.1304618191408249
-285.0897009966777,0.13270260711782964
-285.06976744186045,0.1350508529772684
-285.04983388704323,0.1374874653298262
-285.02990033222596,0.13999405701304024
-285.0099667774087,0.14255304902415056
-284.99003322259136,0.1451477370461206
-284.9700996677741,0.1477623276035459
-284.9501661129568,0.15038195040467262
-284.93023255813955,0.15299265267189857
-284.9102990033223,0.15558138039275593
-284.89036544850495,0.1581359505466844
-284.87043189368774,0.16064501754526897
-284.85049833887047,0.16309803640150006
-284.8305647840532,0.16548522453047856
-284.8106312292359,0.16779752357936195
-284.7906976744186,0.17002656227965546
-284.7707641196013,0.17216462099813992
-284.75083056478405,0.17420459841964006
-284.7308970099668,0.17613998061256272
-284.7109634551495,0.17796481259463817
-284.69102990033224,0.17967367242091792
-284.67109634551497,0.18126164775047215
-284.6511627906977,0.18272431480524645
-284.6312292358804,0.18405771960838394
-284.61129568106315,0.18525836137582388
-284.5913621262458,0.18632317793051234
-284.57142857142856,0.18724953301061525
-284.5514950166113,0.18803520534975793
-284.53156146179407,0.18867837941700924
-284.5116279069768,0.1891776377160506
-284.49169435215947,0.18953195455581448
-284.4717607973422,0.1897406912187099
-284.4518272425249,0.18980359246636094
-284.43189368770766,0.1897207843367709
-284.4119601328904,0.18949277320076524
-284.3920265780731,0.1891204460589797
-284.3720930232558,0.18860507207378985
-284.3521594684386,0.18794830534315932
-284.3322259136213,0.18715218893517424
-284.31229235880403,0.18621916021294893
-284.29235880398676,0.18515205748938027
-284.27242524916943,0.1839541280592247
-284.25249169435216,0.1826290376621801
-284.2325581395349,0.18118088143363786
-284.2126245847176,0.17961419639940712
-284.19269102990035,0.17793397556486992
-284.1727574750831,0.17614568363688138
-284.1528239202658,0.17425527439572883
-284.13289036544853,0.17226920970219142
-284.11295681063126,0.1701944800778057
-284.093023255814,0.16803862673123088
-284.07308970099666,0.1658097648150479
-284.0531561461794,0.163516607580001
-284.0332225913621,0.1611684909415226
-284.01328903654485,0.15877539777944272
-283.99335548172763,0.15634798104945766
-283.9734219269103,0.153897584488041
-283.95348837209303,0.15143625933700752
-283.93355481727576,0.14897677509987053
-283.9136212624585,0.14653262187513297
-283.8936877076412,0.14411800130796085
-283.87375415282395,0.14174780269102585
-283.8538205980066,0.13943756027528187
-283.8338870431894,0.13720338749279143
-283.81395348837214,0.13506188364112004
-283.79401993355486,0.13303000875058124
-283.7740863787376,0.13112492298595763
-283.75415282392026,0.12936378815552677
-283.734219269103,0.12776353081721656
-283.7142857142857,0.12634056912227462
-283.69435215946845,0.12511050884882846
-283.6744186046512,0.12408781783104765
-283.6544850498339,0.12328549179531398
-283.63455149501664,0.12271472793603908
-283.61461794019937,0.12238462478186085
-283.5946843853821,0.12230192743912476
-283.5747508305648,0.12247083575829709
-283.5548172757475,0.12289288927667107
-283.5348837209302,0.12356693726874324
-283.51495016611295,0.12448919557691619
-283.4950166112957,0.12565338503476756
-283.47508305647847,0.12705094020912214
-283.45514950166114,0.1286712726764476
-283.43521594684387,0.13050207058190466
-283.4152823920266,0.13252961587889317
-283.3953488372093,0.13473910213429727
-283.37541528239205,0.1371149385957543
-283.3554817275747,0.1396410297499679
-283.33554817275746,0.14230102329097674
-283.31561461794024,0.1450785228268758
-283.29568106312297,0.14795726450432173
-283.2757475083057,0.1509212588970218
-283.25581395348837,0.15395490098420395
-283.2358803986711,0.15704305191397896
-283.2159468438538,0.16017109662201262
-283.19601328903656,0.16332498138590712
-283.1760797342193,0.16649123515979058
-283.15614617940196,0.16965697815059383
-283.13621262458474,0.17280992064446604
-283.1162790697675,0.17593835462306096
-283.0963455149502,0.17903114026034445
-283.07641196013293,0.18207768898223875
-283.0564784053156,0.18506794441406213
-283.03654485049833,0.18799236223655147
-283.01661129568106,0.190841889718915
-282.9966777408638,0.19360794549204838
-282.9767441860465,0.19628239996085464
-282.95681063122925,0.1988575566258143
-282.936877076412,0.20132613448433323
-282.9169435215947,0.2036812516064828
-282.89700996677743,0.20591640992353705
-282.87707641196016,0.20802548122635844
-282.8571428571429,0.2100026943414497
-282.83720930232556,0.21184262343245064
-282.8172757475083,0.21354017736197053
-282.797342192691,0.21509059004094458
-282.7774086378738,0.21648941168903976
-282.75747508305653,0.21773250092881005
-282.7375415282392,0.21881601763766326
-282.71760797342193,0.21973641648426137
-282.69767441860466,0.22049044107985463
-282.6777408637874,0.22107511867919621
-282.6578073089701,0.22148775537039797
-282.6378737541528,0.22172593169801916
-282.6179401993356,0.22178749866844447
-282.5980066445183,0.22167057409163626
-282.57807308970104,0.2213735392179761
-282.55813953488376,0.22089503563379523
-282.53820598006644,0.22023396238368007
-282.51827242524917,0.21938947329216624
-282.4983388704319,0.21836097446203592
-282.4784053156146,0.21714812193074637
-282.45847176079735,0.21575081947125507
-282.4385382059801,0.2141692165280483
-282.4186046511628,0.21240370628421237
-282.39867109634554,0.21045492386063322
-282.37873754152827,0.20832374465430945
-282.358803986711,0.20601128282909467
-282.3388704318937,0.2035188899798083
-282.3189368770764,0.20084815399909564
-282.2990033222591,0.19800089818680064
-282.27906976744185,0.19497918065372405
-282.25913621262464,0.19178529408671913
-282.23920265780737,0.18842176596045374
-282.21926910299004,0.18489135930411987
-282.19933554817277,0.18119707416044006
-282.1794019933555,0.1773421499110189
-282.1594684385382,0.1733300686895275
-282.13953488372096,0.16916456016536757
-282.1196013289036,0.16484960806050955
-282.0996677740864,0.1603894588678149
-282.07973421926914,0.15578863337939552
-282.05980066445187,0.1510519418222111
-282.0398671096346,0.1461845036535843
-282.01993355481727,0.14119177341945058
-282.0,0.13607957456257638
-281.98006644518273,0.130854143746159
-281.96013289036546,0.12552218921814
-281.9401993355482,0.12009096811768612
-281.9202657807309,0.11456838962247377
-281.90033222591364,0.10896315377398302
-281.8803986710964,0.10328494019959222
-281.8604651162791,0.09754466757796638
-281.84053156146183,0.09175485485748615
-281.8205980066445,0.08593013103314245
-281.80066445182723,0.08008796512401399
-281.78073089700996,0.07424972737093571
-281.7607973421927,0.06844225519806266
-281.7408637873755,0.06270019557112225
-281.72093023255815,0.05706954309217418
-281.7009966777409,0.05161299172314842
-281.6810631229236,0.046417898886621116
-281.66112956810633,0.04160750326736084
-281.64119601328906,0.03735450474628067
-281.62126245847173,0.03389078717693554
-281.60132890365446,0.031495521587592466
-281.58139534883725,0.030434674866933048
-281.56146179402,0.03085300797821497
-281.5415282392027,0.03269486247021547
-281.5215946843854,0.03573693084025588
-281.5016611295681,0.03969637998334091
-281.48172757475083,0.044317054652408
-281.46179401993356,0.0494004435732866
-281.4418604651163,0.0548028165078594
-281.421926910299,0.06042217625486904
-281.40199335548175,0.0661857307908752
-281.3820598006645,0.07204053234001974
-281.3621262458472,0.0779470685891216
-281.34219269102994,0.08387500564187203
-281.32225913621266,0.08980037474868564
-281.30232558139534,0.09570370073578165
-281.28239202657807,0.10156874168742282
-281.2624584717608,0.10738162789156147
-281.2425249169435,0.11313026463803902
-281.2225913621263,0.11880391186143079
-281.202657807309,0.12439288410527596
-281.1827242524917,0.1298883335931964
-281.16279069767444,0.13528209155026344
-281.14285714285717,0.1405665509278723
-281.1229235880399,0.1457345789490519
-281.10299003322257,0.15077945139863552
-281.0830564784053,0.15569480295266425
-281.063122923588,0.16047458946440127
-281.0431893687708,0.16511305925045208
-281.02325581395354,0.1696047312113395
-281.0033222591362,0.17394437818318118
-280.98338870431894,0.1781270143212982
-280.96345514950167,0.1821478856101295
-280.9435215946844,0.1860024628094892
-280.9235880398671,0.18968643630682394
-280.90365448504986,0.19319571246472017
-280.8837209302326,0.19652641114301933
-280.8637873754153,0.1996748641435653
-280.84385382059804,0.20263761437832925
-280.82392026578077,0.2054114156023281
-280.8039867109635,0.20799323258465974
-280.7840531561462,0.2103802416159325
-280.7641196013289,0.21256983127019646
-280.74418604651163,0.21455960335544103
-280.72425249169436,0.21634737399945234
-280.70431893687714,0.2179311748284569
-280.6843853820598,0.21930925420451886
-280.66445182724254,0.22048007849507298
-280.6445182724253,0.22144233335418176
-280.624584717608,0.22219492500047275
-280.60465116279073,0.22273698148175342
-280.5847176079734,0.2230678539205553
-280.56478405315613,0.2231871177392594
-280.54485049833886,0.22309457386752893
-280.52491694352165,0.22279024993886948
-280.5049833887044,0.22227440148760022
-280.48504983388705,0.22154751316205457
-280.4651162790698,0.22061029997494538
-280.4451827242525,0.21946370861755407
-280.42524916943523,0.21810891887089665
-280.40531561461796,0.21654734515462806
-280.38538205980063,0.21478063826327884
-280.3654485049834,0.21281068735005707
-280.34551495016615,0.21063962223106808
-280.3255813953489,0.2082698160981243
-280.3056478405316,0.20570388874698486
-280.2857142857143,0.20294471045064752
-280.265780730897,0.19999540663551807
-280.24584717607974,0.19685936355311073
-280.22591362126246,0.19354023518350044
-280.2059800664452,0.19004195166129614
-280.1860465116279,0.18636872958362677
-280.16611295681065,0.1825250846470323
-280.1461794019934,0.178515847171225
-280.1262458471761,0.17434618121061723
-280.10631229235884,0.1700216081384799
-280.0863787375415,0.16554803582778435
-280.06644518272424,0.16093179486473475
-280.04651162790697,0.15617968364087859
-280.0265780730897,0.1512990247110754
-280.0066445182725,0.14629773552378475
-279.98671096345515,0.1411844175905251
-279.9667774086379,0.1359684694498086
-279.9468438538206,0.1306602305158345
-279.92691029900334,0.12527116524388804
-279.90697674418607,0.11981410020475693
-279.8870431893688,0.11430353091112044
-279.86710963455147,0.10875602090502144
-279.84717607973425,0.10319072303070145
-279.827242524917,0.0976300621900044
-279.8073089700997,0.09210062994034733
-279.78737541528244,0.08663435250850304
-279.7674418604651,0.08127000061561421
-279.74750830564784,0.07605510094200058
-279.72757475083057,0.07104826137007815
-279.7076411960133,0.06632178944571811
-279.687707641196,0.06196418982670026
-279.66777408637876,0.05808158044587037
-279.6478405315615,0.054796255560440175
-279.6279069767442,0.05223986635619366
-279.60797342192694,0.05053898846823888
-279.58803986710967,0.049793682456899996
-279.56810631229234,0.05005510424967731
-279.5481727574751,0.05131237995778765
-279.5282392026578,0.05349607167817882
-279.50830564784053,0.0564961420517672
-279.4883720930233,0.06018488965445651
-279.468438538206,0.06443581873368638
-279.4485049833887,0.06913479851525339
-279.42857142857144,0.07418442047459675
-279.4086378737542,0.07950409230241215
-279.3887043189369,0.08502811194907958
-279.36877076411963,0.09070312416147949
-279.3488372093023,0.09648565758830925
-279.32890365448503,0.10234001252347105
-279.3089700996678,0.1082365542943154
-279.28903654485055,0.1141503768281905
-279.2691029900333,0.12006027275268802
-279.24916943521595,0.12594794543546137
-279.2292358803987,0.1317974072874975
-279.2093023255814,0.13759451969858505
-279.18936877076413,0.14332664011926752
-279.16943521594686,0.14898235014646316
-279.1495016611296,0.15455124497729894
-279.1295681063123,0.1600237695332507
-279.10963455149505,0.16539109024984702
-279.0897009966778,0.17064499427121943
-279.0697674418605,0.17577780982345087
-279.0498338870432,0.1807823430506594
-279.0299003322259,0.18565182772162786
-279.00996677740864,0.19037988505442477
-278.99003322259136,0.1949604915373383
-278.97009966777415,0.19938795310018062
-278.9501661129568,0.20365688435162022
-278.93023255813955,0.20776219187414327
-278.9102990033223,0.2116990607800961
-278.890365448505,0.215462943896211
-278.87043189368774,0.21904955307109647
-278.8504983388704,0.22245485219975938
-278.83056478405314,0.22567505163729837
-278.81063122923587,0.22870660373578283
-278.79069767441865,0.23154619928728334
-278.7707641196014,0.2341907646953917
-278.75083056478405,0.2366374597289181
-278.7308970099668,0.2388836757369267
-278.7109634551495,0.24092703422492784
-278.69102990033224,0.24276538570880293
-278.67109634551497,0.24439680877684652
-278.65116279069764,0.24581960930170524
-278.6312292358804,0.2470323197534101
-278.61129568106315,0.24803369857252322
-278.5913621262459,0.2488227295690306
-278.5714285714286,0.2493986213181923
-278.5514950166113,0.24976080652933325
-278.531561461794,0.2499089413675299
-278.51162790697674,0.24984290471184648
-278.49169435215947,0.24956279733667813
-278.4717607973422,0.24906894100575924
-278.4518272425249,0.248361877470676
-278.43189368770766,0.2474423673681782
-278.4119601328904,0.2463113890127463
-278.3920265780731,0.24497013708284646
-278.37209302325584,0.2434200212016106
-278.3521594684386,0.24166266441450734
-278.33222591362124,0.2396999015691178
-278.312292358804,0.23753377760409808
-278.2923588039867,0.23516654575740958
-278.2724252491695,0.23260066570651494
-278.2524916943522,0.22983880165673712
-278.2325581395349,0.22688382039783475
-278.2126245847176,0.22373878935348454
-278.19269102990035,0.22040697465379497
-278.1727574750831,0.21689183926785371
-278.1528239202658,0.2131970412414374
-278.1328903654485,0.20932643209508942
-278.11295681063126,0.20528405545070713
-278.093023255814,0.20107414597056425
-278.0730897009967,0.1967011287130226
-278.05315614617945,0.19216961903509913
-278.0332225913621,0.1874844232054998
-278.01328903654485,0.18265053993500258
-277.9933554817276,0.17767316308798076
-277.9734219269103,0.17255768591384005
-277.95348837209303,0.16730970723730879
-277.93355481727576,0.1619350401808301
-277.9136212624585,0.15643972417544896
-277.8936877076412,0.15083004126736835
-277.87375415282395,0.145112538075699
-277.8538205980067,0.13929405524598498
-277.8338870431894,0.13338176693963746
-277.8139534883721,0.12738323390040812
-277.7940199335548,0.12130647510282348
-277.77408637873754,0.11516006515595435
-277.7541528239203,0.10895326790382188
-277.73421926910305,0.10269622166859146
-277.7142857142857,0.09640019938442262
-277.69435215946845,0.09007797925723379
-277.6744186046512,0.0837443816223115
-277.6544850498339,0.07741706068394365
-277.63455149501664,0.07111769513509161
-277.6146179401993,0.06487381553453105
-277.59468438538204,0.058721666274724776
-277.5747508305648,0.05271076816486627
-277.55481727574755,0.04691126917407578
-277.5348837209303,0.04142570437681539
-277.51495016611295,0.036406908827404626
-277.4950166112957,0.03208121905747525
-277.4750830564784,0.02876408114161539
-277.45514950166114,0.026826661502229093
-277.43521594684387,0.026560278984928583
-277.4152823920266,0.02799486539105979
-277.3953488372093,0.030872715331994805
-277.37541528239205,0.034813973574739525
-277.3554817275748,0.03947631250924219
-277.3355481727575,0.04460840579241351
-277.3156146179402,0.050039834319444344
-277.2956810631229,0.05565691086578296
-277.27574750830564,0.06138270747707952
-277.25581395348837,0.06716368742463738
-277.23588039867116,0.072961318495911
-277.2159468438538,0.07874688031321055
-277.19601328903656,0.08449822315251357
-277.1760797342193,0.09019771026697725
-277.156146179402,0.09583088490752162
-277.13621262458474,0.10138558867699371
-277.1162790697674,0.10685136657689946
-277.09634551495014,0.11221905791704714
-277.0764119601329,0.11748051015186178
-277.05647840531566,0.12262837558129207
-277.0365448504984,0.12765596491888132
-277.01661129568106,0.1325571405408896
-276.9966777408638,0.13732623785452575
-276.9767441860465,0.14195800687735977
-276.95681063122925,0.14644756853520544
-276.936877076412,0.15079038180825194
-276.9169435215947,0.1549822189607901
-276.89700996677743,0.15901914685607524
-276.87707641196016,0.16289751289376322
-276.8571428571429,0.16661393448904596
-276.8372093023256,0.17016529128622981
-276.81727574750835,0.17354871949892167
-276.797342192691,0.1767616079154126
-276.77740863787375,0.17980159521670686
-276.7574750830565,0.1826665683362775
-276.7375415282392,0.1853546616526821
-276.717607973422,0.18786425685388602
-276.69767441860466,0.1901939833485876
-276.6777408637874,0.19234271912898893
-276.6578073089701,0.1943095920123685
-276.63787375415285,0.19609398120706512
-276.6179401993356,0.19769551916362388
-276.59800664451825,0.1991140936842671
-276.578073089701,0.20034985027442673
-276.5581395348837,0.201403194729159
-276.5382059800665,0.2022747959551276
-276.5182724252492,0.202965589036173
-276.4983388704319,0.20347677855689325
-276.4784053156146,0.20380984220507573
-276.45847176079735,0.2039665346793416
-276.4385382059801,0.2039488919343093
-276.4186046511628,0.20375923580100302
-276.39867109634554,0.20340017902556834
-276.37873754152827,0.20287463077467033
-276.358803986711,0.20218580266111089
-276.3388704318937,0.20133721534780563
-276.31893687707645,0.20033270579306
-276.2990033222592,0.19917643520340889
-276.27906976744185,0.19787289776358108
-276.2591362126246,0.19642693021446558
-276.2392026578073,0.19484372234975142
-276.21926910299004,0.19312882849903767
-276.1993355481728,0.19128818005877427
-276.1794019933555,0.18932809912165927
-276.1594684385382,0.18725531323761985
-276.13953488372096,0.18507697131481363
-276.1196013289037,0.18280066063337044
-276.0996677740864,0.18043442489634828
-276.0797342192691,0.17798678317760372
-276.0598006644518,0.17546674954077346
-276.03986710963454,0.17288385299391676
-276.0199335548173,0.17024815730437215
-276.00000000000006,0.16757028002385624
-275.98006644518273,0.16486140985914183
-275.96013289036546,0.1621333212653631
-275.9401993355482,0.15939838483446697
-275.9202657807309,0.1566695717024619
-275.90033222591364,0.15396044981239118
-275.8803986710963,0.15128516946094117
-275.86046511627904,0.14865843515172922
-275.84053156146183,0.14609546041792748
-275.82059800664456,0.1436119020202998
-275.8006644518273,0.1412237698500473
-275.78073089700996,0.13894730906393973
-275.7607973421927,0.1367988515562106
-275.7408637873754,0.13479463493051863
-275.72093023255815,0.13295058875458166
-275.7009966777409,0.13128209008690714
-275.6810631229236,0.12980369300194877
-275.66112956810633,0.12852883993578887
-275.64119601328906,0.12746956582874253
-275.6212624584718,0.12663620883659898
-275.6013289036545,0.12603714333206126
-275.5813953488372,0.12567855155120491
-275.5614617940199,0.12556424921302548
-275.54152823920265,0.12569557764169206
-275.5215946843854,0.12607137054312167
-275.50166112956816,0.1266879981232951
-275.48172757475083,0.12753948540174884
-275.46179401993356,0.12861769616431298
-275.4418604651163,0.12991256971970336
-275.421926910299,0.13141239495066212
-275.40199335548175,0.13310410525171498
-275.3820598006645,0.13497357869346274
-275.36212624584715,0.1370059297894709
-275.3421926910299,0.13918578209108226
-275.32225913621266,0.14149751401173746
-275.3023255813954,0.14392547337414124
-275.2823920265781,0.14645415888833266
-275.2624584717608,0.14906836894350878
-275.2425249169435,0.15175331968008185
-275.22259136212625,0.1544947353334344
-275.202657807309,0.1572789143882157
-275.1827242524917,0.1600927752561929
-275.16279069767444,0.1629238850960359
-275.14285714285717,0.1657604751239033
-275.1229235880399,0.1685914453951145
-275.1029900332226,0.17140636162724382
-275.08305647840535,0.17419544622318825
-275.063122923588,0.17694956526555886
-275.04318936877075,0.17966021290462889
-275.0232558139535,0.1823194942586645
-275.0033222591362,0.18492010768781228
-274.983388704319,0.18745532708935933
-274.96345514950167,0.18991898468821738
-274.9435215946844,0.19230545465746549
-274.9235880398671,0.19460963779390789
-274.90365448504986,0.19682694738855172
-274.8837209302326,0.1989532963662615
-274.8637873754153,0.20098508571986634
-274.843853820598,0.20291919422676458
-274.8239202657807,0.2047529694094053
-274.8039867109635,0.20648421968114092
-274.78405315614623,0.20811120760483678
-274.76411960132896,0.20963264418138494
-274.74418604651163,0.21104768407769073
-274.72425249169436,0.21235592169776166
-274.7043189368771,0.21355738799544519
-274.6843853820598,0.214652547922477
-274.66445182724254,0.21564229840036683
-274.6445182724253,0.2165279666983718
-274.624584717608,0.21731130909312887
-274.60465116279073,0.21799450967658554
-274.58471760797346,0.218580179169131
-274.5647840531562,0.21907135358279106
-274.54485049833886,0.21947149256591073
-274.5249169435216,0.219784477245199
-274.5049833887043,0.22001460736402628
-274.48504983388705,0.22016659749719514
-274.46511627906983,0.22024557210268564
-274.4451827242525,0.22025705915047009
-274.42524916943523,0.22020698204813813
-274.40531561461796,0.22010164956353157
-274.3853820598007,0.21994774342728435
-274.3654485049834,0.21975230328404372
-274.3455149501661,0.21952270865228138
-274.3255813953488,0.21926665755060767
-274.30564784053155,0.2189921414555911
-274.28571428571433,0.21870741627447599
-274.26578073089706,0.21842096904834185
-274.24584717607974,0.2181414801492221
-274.22591362126246,0.21787778080065046
-274.2059800664452,0.21763880583634707
-274.1860465116279,0.2174335417173023
-274.16611295681065,0.2172709699527728
-274.1461794019933,0.21716000621423942
-274.12624584717605,0.2171094355901802
-274.10631229235884,0.21712784459832585
-274.08637873754157,0.21722355074498348
-274.0664451827243,0.21740453058905898
-274.04651162790697,0.21767834742292103
-274.0265780730897,0.21805207981238775
-274.0066445182724,0.2185322523339755
-273.98671096345515,0.21912476989969534
-273.9667774086379,0.21983485706021294
-273.9468438538206,0.22066700362163283
-273.92691029900334,0.22162491779749965
-273.90697674418607,0.22271148794857773
-273.8870431893688,0.22392875374479362
-273.8671096345515,0.22527788732658083
-273.84717607973425,0.2267591847599479
-273.8272425249169,0.22837206778577654
-273.80730897009965,0.23011509557522908
-273.7873754152824,0.23198598593449285
-273.76744186046517,0.23398164516689335
-273.7475083056479,0.2360982056089832
-273.72757475083057,0.2383310697160274
-273.7076411960133,0.24067495948505668
-273.687707641196,0.2431239699687198
-273.66777408637876,0.24567162564764072
-273.6478405315615,0.2483109384856063
-273.62790697674416,0.25103446658325135
-273.6079734219269,0.2538343724626138
-273.58803986710967,0.25670248014824915
-273.5681063122924,0.25963033035196204
-273.54817275747513,0.26260923321035856
-273.5282392026578,0.2656303181611487
-273.50830564784053,0.2686845806709776
-273.48837209302326,0.27176292564112303
-273.468438538206,0.2748562074160757
-273.4485049833887,0.2779552664027792
-273.42857142857144,0.2810509623754279
-273.4086378737542,0.28413420459307426
-273.3887043189369,0.28719597889613896
-273.36877076411963,0.2902273719745525
-273.34883720930236,0.29321959301723305
-273.3289036544851,0.29616399296032114
-273.30897009966776,0.2990520815530731
-273.2890365448505,0.3018755424561039
-273.2691029900332,0.3046262465785204
-273.249169435216,0.3072962638494623
-273.22923588039873,0.30987787360674474
-273.2093023255814,0.31236357377127244
-273.18936877076413,0.3147460889614835
-273.16943521594686,0.3170183776877195
-273.1495016611296,0.31917363875247623
-273.1295681063123,0.32120531696920407
-273.109634551495,0.3231071082999693
-273.0897009966777,0.324872964500857
-273.0697674418605,0.32649709735376875
-273.04983388704323,0.3279739825538638
-273.02990033222596,0.3292983633138761
-273.00996677740864,0.3304652537393658
-272.99003322259136,0.33146994202288044
-272.9700996677741,0.3323079934999257
-272.9501661129568,0.33297525360537655
-272.93023255813955,0.3334678507658521
-272.9102990033223,0.3337821992609131
-272.890365448505,0.33391500208435976
-272.87043189368774,0.33386325383619864
-272.85049833887047,0.3336242436754633
-272.8305647840532,0.3331955583649527
-272.81063122923587,0.3325750854401904
-272.7906976744186,0.33176101653723045
-272.7707641196013,0.33075185091677584
-272.75083056478405,0.3295463992259579
-272.73089700996684,0.3281437875439735
-272.7109634551495,0.3265434617633629
-272.69102990033224,0.32474519236572946
-272.67109634551497,0.3227490796587814
-272.6511627906977,0.32055555955104187
-272.6312292358804,0.31816540995180737
-272.6112956810631,0.31557975789680137
-272.5913621262458,0.31280008751503946
-272.57142857142856,0.30982824896996874
-272.55149501661134,0.30666646852809104
-272.53156146179407,0.3033173599317201
-272.51162790697674,0.29978393727983865
-272.49169435215947,0.2960696296520817
-272.4717607973422,0.2921782977473707
-272.4518272425249,0.2881142528501809
-272.43189368770766,0.2838822784853786
-272.4119601328904,0.2794876551774444
-272.39202657807306,0.27493618879194737
-272.37209302325584,0.2702342430078589
-272.3521594684386,0.26538877654787874
-272.3322259136213,0.26040738588101703
-272.31229235880403,0.2552983542057937
-272.2923588039867,0.2500707076215261
-272.27242524916943,0.24473427949534285
-272.25249169435216,0.23929978412616934
-272.2325581395349,0.23377890088349365
-272.2126245847177,0.22818437003998032
-272.19269102990035,0.22253010149692137
-272.1727574750831,0.21683129748112126
-272.1528239202658,0.2111045900151295
-272.13289036544853,0.20536819345119972
-272.11295681063126,0.19964207150521873
-272.09302325581393,0.19394811688731792
-272.07308970099666,0.18831033961951646
-272.0531561461794,0.18275505723991822
-272.0332225913622,0.1773110760814663
-272.0132890365449,0.1720098474685736
-271.9933554817276,0.1668855758907185
-271.9734219269103,0.16197524813433986
-271.95348837209303,0.1573185435954781
-271.93355481727576,0.15295757791603118
-271.9136212624585,0.14893642707667876
-271.8936877076412,0.1453003806840721
-271.8737541528239,0.14209488581515986
-271.8538205980067,0.13936417063299464
-271.8338870431894,0.1371495820399263
-271.81395348837214,0.13548773090140642
-271.79401993355486,0.13440860163586654
-271.77408637873754,0.1339338329134989
-271.75415282392026,0.13407539277631533
-271.734219269103,0.13483484017930064
-271.7142857142857,0.1362032855482054
-271.6943521594685,0.1381620530808216
-271.6744186046512,0.14068393727120224
-271.6544850498339,0.14373486566880478
-271.63455149501664,0.14727574703037705
-271.61461794019937,0.1512642988747598
-271.5946843853821,0.1556566968266941
-271.57475083056477,0.16040895022465543
-271.5548172757475,0.16547796707745646
-271.5348837209302,0.1708223163452055
-271.514950166113,0.17640272358786624
-271.49501661129574,0.18218234909009115
-271.4750830564784,0.18812689969826146
-271.45514950166114,0.19420462109979722
-271.43521594684387,0.20038620962376047
-271.4152823920266,0.20664467421477173
-271.3953488372093,0.21295517139167255
-271.375415282392,0.21929482937516717
-271.3554817275747,0.2256425723182223
-271.3355481727575,0.2319789516109707
-271.31561461794024,0.2382859883599077
-271.29568106312297,0.2445470291345167
-271.27574750830564,0.25074661572329593
-271.25581395348837,0.2568703687697904
-271.2358803986711,0.26290488462811845
-271.2159468438538,0.26883764448138264
-271.19601328903656,0.2746569346275502
-271.1760797342193,0.2803517768007029
-271.156146179402,0.285911867422383
-271.13621262458474,0.29132752474162193
-271.1162790697675,0.2965896429051632
-271.0963455149502,0.3016896520905218
-271.0764119601329,0.3066194839259739
-271.0564784053156,0.3113715415093948
-271.03654485049833,0.31593867341953874
-271.01661129568106,0.32031415118772427
-270.99667774086384,0.32449164976466255
-270.9767441860465,0.3284652305764686
-270.95681063122925,0.33222932681606615
-270.936877076412,0.3357787306621501
-270.9169435215947,0.33910858215762246
-270.89700996677743,0.3422143595143635
-270.87707641196016,0.345091870641291
-270.85714285714283,0.34773724571897763
-270.83720930232556,0.3501469306665922
-270.81727574750835,0.35231768136693703
-270.7973421926911,0.35424655853204934
-270.7774086378738,0.3559309231069777
-270.7574750830565,0.35736843212189234
-270.7375415282392,0.35855703491407226
-270.71760797342193,0.35949496965093614
-270.69767441860466,0.36018076009367384
-270.6777408637874,0.3606132125485916
-270.65780730897006,0.36079141295956185
-270.63787375415285,0.36071472410075817
-270.6179401993356,0.36038278283373953
-270.5980066445183,0.3597954973972851
-270.57807308970104,0.35895304470240313
-270.5581395348837,0.35785586760809757
-270.53820598006644,0.35650467215666176
-270.51827242524917,0.35490042474988953
-270.4983388704319,0.3530443492500025
-270.4784053156147,0.3509379239911949
-270.45847176079735,0.34858287868964544
-270.4385382059801,0.34598119124158916
-270.4186046511628,0.34313508440056195
-270.39867109634554,0.3400470223263923
-270.37873754152827,0.3367197069998524
-270.358803986711,0.333156074497988
-270.33887043189367,0.32935929112639756
-270.3189368770764,0.3253327494056491
-270.2990033222592,0.3210800639101724
-270.2790697674419,0.31660506695875174
-270.25913621262464,0.3119118041568751
-270.2392026578073,0.307004529791954
-270.21926910299004,0.3018877020835424
-270.19933554817277,0.2965659782914999
-270.1794019933555,0.29104420968630385
-270.1594684385382,0.28532743638661223
-270.1395348837209,0.27942088207075605
-270.1196013289037,0.2733299485700258
-270.0996677740864,0.26706021035361277
-270.07973421926914,0.2606174089169344
-270.05980066445187,0.25400744708787903
-270.03986710963454,0.24723638326838018
-270.01993355481727,0.24031042563319552
-270.0,0.23323592631263104
-269.98006644518273,0.2260193755930853
-269.9601328903655,0.2186673961782212
-269.9401993355482,0.21118673756582565
-269.9202657807309,0.20358427061207798
-269.90033222591364,0.19586698237768602
-269.8803986710964,0.18804197138249146
-269.8604651162791,0.1801164434402505
-269.8405315614618,0.17209770831052973
-269.8205980066445,0.16399317749963005
-269.80066445182723,0.15581036368388398
-269.78073089701,0.14755688244250376
-269.76079734219275,0.139240457317886
-269.7408637873754,0.13086892974362646
-269.72093023255815,0.12245027622687421
-269.7009966777409,0.11399263658115796
-269.6810631229236,0.10550435942746837
-269.66112956810633,0.09699407549035788
-269.641196013289,0.08847081719737801
-269.62126245847173,0.07994421857214265
-269.6013289036545,0.0714248611020777
-269.58139534883725,0.06292490038037472
-269.56146179402,0.05445927098240336
-269.54152823920265,0.04604818705718106
-269.5215946843854,0.03772287366854041
-269.5016611295681,0.029540554348485334
-269.48172757475083,0.021631353455467232
-269.46179401993356,0.014385074322542095
-269.4418604651163,0.009344101830934913
-269.421926910299,0.010306268020794655
-269.40199335548175,0.016135657685189746
-269.3820598006645,0.023366826794457406
-269.3621262458472,0.03096817279480829
-269.34219269102994,0.038663723893523017
-269.3222591362126,0.046353744567540586
-269.30232558139534,0.053991935168634236
-269.28239202657807,0.06155223938276748
-269.26245847176085,0.06901761715289091
-269.2425249169436,0.07637556901211454
-269.22259136212625,0.0836161213874668
-269.202657807309,0.09073083203615227
-269.1827242524917,0.09771226264157906
-269.16279069767444,0.10455368298222284
-269.14285714285717,0.11124889753478637
-269.12292358803984,0.11779214035930548
-269.10299003322257,0.12417800981262905
-269.08305647840535,0.13040142739651508
-269.0631229235881,0.13645761171614493
-269.0431893687708,0.14234206216944595
-269.0232558139535,0.14805054905740891
-269.0033222591362,0.15357910802181476
-268.98338870431894,0.1589240374532221
-268.96345514950167,0.1640818979704745
-268.9435215946844,0.16904951336486265
-268.9235880398671,0.17382397259286547
-268.90365448504986,0.17840263252780367
-268.8837209302326,0.18278312126695773
-268.8637873754153,0.18696334184980537
-268.84385382059804,0.19094147628495636
-268.82392026578077,0.1947159898129081
-268.80398671096344,0.198285635353529
-268.7840531561462,0.20164945810286455
-268.7641196013289,0.20480680025603085
-268.7441860465117,0.20775730584171717
-268.7242524916944,0.21050092566080778
-268.7043189368771,0.21303792232705226
-268.6843853820598,0.21536887541155944
-268.66445182724254,0.2174946866962597
-268.6445182724253,0.2194165855435702
-268.624584717608,0.22113613439100685
-268.6046511627907,0.2226552343803231
-268.5847176079734,0.22397613113078785
-268.5647840531562,0.2251014206652057
-268.5448504983389,0.22603405549580277
-268.52491694352165,0.22677735087410317
-268.5049833887043,0.22733499120492448
-268.48504983388705,0.22771103661910852
-268.4651162790698,0.22790992969212745
-268.4451827242525,0.22793650228650816
-268.42524916943523,0.22779598248395228
-268.4053156146179,0.2274940015583414
-268.3853820598007,0.2270366009225013
-268.3654485049834,0.22643023895963024
-268.34551495016615,0.225681797623415
-268.3255813953489,0.22479858865928487
-268.30564784053155,0.2237883592615033
-268.2857142857143,0.22265929693713896
-268.265780730897,0.22142003329726784
-268.24584717607974,0.22007964643801237
-268.2259136212625,0.21864766150938364
-268.2059800664452,0.21713404899816244
-268.1860465116279,0.2155492201739423
-268.16611295681065,0.2139040190658026
-268.1461794019934,0.21220971025430901
-268.1262458471761,0.21047796168311142
-268.1063122923588,0.20872082162141062
-268.0863787375415,0.20695068885078366
-268.06644518272424,0.2051802751149172
-268.046511627907,0.20342255886987226
-268.02657807308975,0.20169072941722993
-268.0066445182724,0.19999812060548405
-267.98671096345515,0.19835813345925968
-267.9667774086379,0.19678414735260752
-267.9468438538206,0.1952894196898117
-267.92691029900334,0.19388697449719675
-267.90697674418607,0.19258948085752328
-267.88704318936874,0.19140912271857402
-267.8671096345515,0.1903574622530206
-267.84717607973425,0.18944529959755627
-267.827242524917,0.18868253240578545
-267.8073089700997,0.18807801915289124
-267.7873754152824,0.1876394504708415
-267.7674418604651,0.18737323291569133
-267.74750830564784,0.1872843894317533
-267.72757475083057,0.18737648036132507
-267.70764119601336,0.18765154815953086
-267.687707641196,0.18811008804913354
-267.66777408637876,0.18875104575311716
-267.6478405315615,0.18957184225912702
-267.6279069767442,0.19056842439451316
-267.60797342192694,0.1917353389183097
-267.5880398671096,0.19306582694802782
-267.56810631229234,0.19455193489255748
-267.5481727574751,0.19618463768836916
-267.52823920265786,0.19795397003550902
-267.5083056478406,0.1998491614780618
-267.48837209302326,0.2018587715269926
-267.468438538206,0.20397082152616702
-267.4485049833887,0.20617292055610403
-267.42857142857144,0.20845238329939905
-267.4086378737542,0.21079633840992915
-267.3887043189369,0.21319182649808882
-267.3687707641196,0.2156258873432992
-267.34883720930236,0.2180856363588896
-267.3289036544851,0.22055833065961575
-267.3089700996678,0.2230314253219693
-267.28903654485055,0.22549262059012998
-267.2691029900332,0.22792990087671727
-267.24916943521595,0.23033156644976877
-267.2292358803987,0.23268625869735737
-267.2093023255814,0.23498297983009353
-267.18936877076413,0.2372111078289872
-267.16943521594686,0.23936040737990555
-267.1495016611296,0.24142103746230995
-267.1295681063123,0.24338355618417745
-267.10963455149505,0.2452389233803226
-267.0897009966778,0.24697850142056696
-267.06976744186045,0.24859405460827488
-267.0498338870432,0.25007774749032563
-267.0299003322259,0.2514221423464104
-267.0099667774087,0.2526201960786605
-266.9900332225914,0.2536652566824123
-266.9700996677741,0.2545510594439248
-266.9501661129568,0.2552717229815836
-266.93023255813955,0.2558217452224668
-266.9102990033223,0.2561959993857905
-266.890365448505,0.2563897300278632
-266.8704318936877,0.2563985491900453
-266.8504983388704,0.2562184326803632
-266.8305647840532,0.2558457165113827
-266.8106312292359,0.2552770935109153
-266.79069767441865,0.25450961011804624
-266.7707641196013,0.2535406633744006
-266.75083056478405,0.2523679981196043
-266.7308970099668,0.2509897044004861
-266.7109634551495,0.24940421510492605
-266.69102990033224,0.24761030383477317
-266.6710963455149,0.24560708303636655
-266.6511627906977,0.24339400241318815
-266.6312292358804,0.2409708476530904
-266.61129568106315,0.23833773951161133
-266.5913621262459,0.23549513330541608
-266.57142857142856,0.2324438188843223
-266.5514950166113,0.22918492116905237
-266.531561461794,0.22571990136460407
-266.51162790697674,0.22205055898824008
-266.4916943521595,0.21817903488671433
-266.4717607973422,0.21410781546378344
-266.4518272425249,0.20983973839687248
-266.43189368770766,0.2053780001971578
-266.4119601328904,0.20072616606402857
-266.3920265780731,0.19588818261150126
-266.37209302325584,0.19086839420989996
-266.3521594684385,0.18567156390631673
-266.33222591362124,0.18030290018086367
-266.31229235880403,0.17476809119147735
-266.29235880398676,0.16907334869840482
-266.2724252491695,0.1632254645979109
-266.25249169435216,0.15723188401909668
-266.2325581395349,0.15110080037147267
-266.2126245847176,0.14484127975990063
-266.19269102990035,0.13846342508448073
-266.1727574750831,0.1319785943340118
-266.15282392026575,0.1253996936996675
-266.13289036544853,0.11874157514898541
-266.11295681063126,0.11202158148555806
-266.093023255814,0.10526030189672594
-266.0730897009967,0.09848263080558055
-266.0531561461794,0.09171926692696696
-266.0332225913621,0.08500885287364834
-266.01328903654485,0.07840104123075754
-265.9933554817276,0.07196087071302208
-265.9734219269103,0.06577489246877453
-265.95348837209303,0.059959326629196084
-265.93355481727576,0.05466969139440988
-265.9136212624585,0.05010888337891159
-265.8936877076412,0.046525514650825696
-265.87375415282395,0.0441880335979261
-265.8538205980067,0.04332329822618484
-265.83388704318935,0.044036504351870114
-265.8139534883721,0.04626641685734539
-265.79401993355486,0.049815197306369415
-265.7740863787376,0.05442543180300506
-265.7541528239203,0.05984770035431949
-265.734219269103,0.06587338670598683
-265.7142857142857,0.07234038074083009
-265.69435215946845,0.0791265603251515
-265.6744186046512,0.0861404789535247
-265.6544850498339,0.09331307571256392
-265.6345514950166,0.10059131700852438
-265.61461794019937,0.10793361017697911
-265.5946843853821,0.11530657601657583
-265.5747508305648,0.12268279320133893
-265.55481727574755,0.13003921825145953
-265.5348837209302,0.13735607085430343
-265.51495016611295,0.14461604003807937
-265.4950166112957,0.15180371296334302
-265.4750830564784,0.15890515958933288
-265.45514950166114,0.16590762763959427
-265.43521594684387,0.17279931649153796
-265.4152823920266,0.17956920817911734
-265.3953488372093,0.18620694018530243
-265.37541528239205,0.19270270914264745
-265.3554817275748,0.19904719762995735
-265.33554817275746,0.20523151839812756
-265.3156146179402,0.21124717187172778
-265.2956810631229,0.21708601385281176
-265.2757475083057,0.22274023113124636
-265.2558139534884,0.22820232327188877
-265.2358803986711,0.23346508926518958
-265.2159468438538,0.2385216180359185
-265.19601328903656,0.24336528203606825
-265.1760797342193,0.2479897333224052
-265.156146179402,0.25238890165231653
-265.1362126245847,0.25655699423413747
-265.1162790697674,0.26048849684806197
-265.0963455149502,0.26417817611632044
-265.07641196013293,0.26762108275167373
-265.05647840531566,0.27081255565333257
-265.03654485049833,0.2737482267531508
-265.01661129568106,0.2764240265425585
-264.9966777408638,0.2788361902347921
-264.9767441860465,0.28098126453848193
-264.95681063122925,0.2828561150377126
-264.936877076412,0.2844579341922545
-264.9169435215947,0.28578424998947843
-264.89700996677743,0.2868329352974696
-264.87707641196016,0.2876022179878986
-264.8571428571429,0.2880906919171981
-264.8372093023256,0.288297328876907
-264.8172757475083,0.2882214916485521
-264.797342192691,0.2878629483266115
-264.77740863787375,0.28722188810489224
-264.75747508305653,0.2862989387590801
-264.73754152823926,0.2850951861009398
-264.71760797342193,0.2836121957304164
-264.69767441860466,0.2818520374710999
-264.6777408637874,0.2798173129442343
-264.6578073089701,0.2775111868189953
-264.63787375415285,0.27493742237405755
-264.6179401993355,0.2721004221203772
-264.59800664451825,0.2690052743710156
-264.57807308970104,0.26565780680336604
-264.55813953488376,0.2620646482470539
-264.5382059800665,0.2582333001493062
-264.51827242524917,0.2541722194235522
-264.4983388704319,0.24989091467680147
-264.4784053156146,0.24540005813842722
-264.45847176079735,0.2407116159717279
-264.4385382059801,0.23583900002922406
-264.4186046511628,0.23079724448919214
-264.39867109634554,0.2256032111423027
-264.37873754152827,0.2202758273107717
-264.358803986711,0.2148363603622694
-264.3388704318937,0.20930873234291544
-264.31893687707645,0.20371987712128317
-264.2990033222591,0.19810014020135205
-264.27906976744185,0.1924837174527105
-264.2591362126246,0.1869091226537298
-264.2392026578073,0.1814196639930907
-264.2192691029901,0.17606389548482787
-264.19933554817277,0.17089598975759696
-264.1794019933555,0.16597595376017266
-264.1594684385382,0.16136958018305653
-264.13953488372096,0.1571479995728168
-264.1196013289037,0.15338668065069513
-264.09966777408636,0.15016373411715456
-264.0797342192691,0.14755742665935842
-264.05980066445187,0.1456429222424023
-264.0398671096346,0.14448843692662966
-264.0199335548173,0.14415119221758924
-264.0,0.14467371761268105
-263.98006644518273,0.14608110656719345
-263.96013289036546,0.14837971639848235
-263.9401993355482,0.15155753217328127
-263.9202657807309,0.15558607288433818
-263.9003322259136,0.16042342644813387
-263.8803986710964,0.166017851116685
-263.8604651162791,0.1723113964596515
-263.84053156146183,0.1792431320337018
-263.82059800664456,0.18675175266602
-263.80066445182723,0.1947774934204432
-263.78073089700996,0.20326340223012082
-263.7607973421927,0.21215607924235458
-263.7408637873754,0.22140601057137058
-263.72093023255815,0.23096761641993652
-263.7009966777409,0.2407991132389946
-263.6810631229236,0.25086226605870604
-263.66112956810633,0.2611220854375543
-263.64119601328906,0.27154650574119493
-263.6212624584718,0.28210606803676186
-263.60132890365446,0.29277362128687884
-263.5813953488372,0.3035240489793879
-263.5614617940199,0.3143340240576918
-263.5415282392027,0.32518179236412903
-263.52159468438543,0.33604698326237054
-263.5016611295681,0.34691044528897574
-263.48172757475083,0.35775410433387017
-263.46179401993356,0.3685608417839772
-263.4418604651163,0.37931439016357904
-263.421926910299,0.3899992439917673
-263.40199335548175,0.4006005838026238
-263.3820598006644,0.4111042115083669
-263.3621262458472,0.42149649551257135
-263.34219269102994,0.4317643241904365
-263.32225913621266,0.4418950665423772
-263.3023255813954,0.45187653899458685
-263.28239202657807,0.4616969774661621
-263.2624584717608,0.4713450139490506
-263.2425249169435,0.48080965695556904
-263.22259136212625,0.4900802752815413
-263.202657807309,0.4991465846124122
-263.1827242524917,0.507998636567535
-263.16279069767444,0.516626809835387
-263.14285714285717,0.5250218031015675
-263.1229235880399,0.5331746295132294
-263.1029900332226,0.5410766124590646
-263.0830564784053,0.5487193824743887
-263.063122923588,0.5560948751067237
-263.04318936877075,0.5631953295994144
-263.02325581395354,0.5700132882697974
-263.00332225913627,0.5765415964747707
-262.98338870431894,0.5827734030705723
-262.96345514950167,0.5887021612857406
-262.9435215946844,0.5943216299366998
-262.9235880398671,0.5996258749244928
-262.90365448504986,0.6046092709591752
-262.8837209302326,0.6092665034653095
-262.86378737541526,0.6135925706281256
-262.84385382059804,0.6175827855453327
-262.82392026578077,0.6212327784544273
-262.8039867109635,0.6245384990096287
-262.78405315614623,0.6274962185864912
-262.7641196013289,0.6301025325958789
-262.74418604651163,0.6323543627921787
-262.72425249169436,0.6342489595638215
-262.7043189368771,0.6357839041969828
-262.6843853820598,0.6369571111061622
-262.66445182724254,0.6377668300280502
-262.6445182724253,0.6382116481777542
-262.624584717608,0.6382904923690199
-262.60465116279073,0.6380026311029842
-262.58471760797346,0.6373476766325832
-262.56478405315613,0.6363255870128001
-262.54485049833886,0.6349366681499371
-262.5249169435216,0.6331815758664414
-262.5049833887043,0.6310613180014063
-262.4850498338871,0.6285772565707696
-262.4651162790698,0.6257311100155478
-262.4451827242525,0.62252495557128
-262.42524916943523,0.6189612317972418
-262.40531561461796,0.6150427413099648
-262.3853820598007,0.610772653772588
-262.36544850498336,0.6061545091991886
-262.3455149501661,0.601192221642302
-262.3255813953489,0.5958900833418622
-262.3056478405316,0.5902527694256344
-262.28571428571433,0.584285343264556
-262.265780730897,0.5779932626021519
-262.24584717607974,0.5713823865950961
-262.22591362126246,0.5644589839231073
-262.2059800664452,0.5572297421505992
-262.1860465116279,0.5497017785512155
-262.1661129568106,0.5418826526392584
-262.1461794019934,0.5337803806911878
-262.1262458471761,0.5254034525856051
-262.10631229235884,0.5167608513435111
-262.08637873754157,0.5078620758129703
-262.06644518272424,0.498717167015567
-262.04651162790697,0.4893367387576434
-262.0265780730897,0.47973201320968323
-262.0066445182724,0.46991486227431756
-261.98671096345515,0.4598978556997419
-261.9667774086379,0.44969431705348467
-261.9468438538206,0.4393183888534032
-261.92691029900334,0.4287851083605861
-261.90697674418607,0.4181104957730126
-261.8870431893688,0.40731165681772363
-261.8671096345515,0.39640690201846634
-261.8471760797342,0.3854158852036485
-261.8272425249169,0.3743597640968778
-261.8073089700997,0.3632613860640037
-261.78737541528244,0.35214550222107277
-261.76744186046517,0.3410390130478725
-261.74750830564784,0.32997124826685714
-261.72757475083057,0.3189742828351962
-261.7076411960133,0.30808328916668615
-261.687707641196,0.29733692273996015
-261.66777408637876,0.28677773350790153
-261.6478405315614,0.27645258829731656
-261.6279069767442,0.26641307885803284
-261.60797342192694,0.25671587557451964
-261.58803986710967,0.2474229675694438
-261.5681063122924,0.2386017063173886
-261.5481727574751,0.23032454396212795
-261.5282392026578,0.22266833419739154
-261.50830564784053,0.2157130518252055
-261.48837209302326,0.20953980043754503
-261.468438538206,0.20422803221254116
-261.4485049833887,0.19985201256926935
-261.42857142857144,0.1964767249931639
-261.4086378737542,0.1941536023493498
-261.3887043189369,0.1929166353271158
-261.36877076411963,0.19277947389505454
-261.34883720930236,0.19373404670700636
-261.32890365448503,0.19575097313091108
-261.30897009966776,0.19878170037942702
-261.28903654485055,0.20276197701751508
-261.2691029900333,0.2076160767344188
-261.249169435216,0.213261156558055
-261.2292358803987,0.2196112458873691
-261.2093023255814,0.2265805488427783
-261.18936877076413,0.23408593213517612
-261.16943521594686,0.24204861805068334
-261.1495016611296,0.2503951915780102
-261.12956810631226,0.25905806822263944
-261.10963455149505,0.2679755703028394
-261.0897009966778,0.27709174067974773
-261.0697674418605,0.2863559962663235
-261.04983388704323,0.2957226969090832
-261.0299003322259,0.3051506821214706
-261.00996677740864,0.31460280992343775
-260.99003322259136,0.3240455185766375
-260.9700996677741,0.33344842255930857
-260.9501661129568,0.3427839478013557
-260.93023255813955,0.3520270071678768
-260.9102990033223,0.3611547147551099
-260.890365448505,0.3701461362257243
-260.87043189368774,0.3789820717833095
-260.85049833887047,0.3876448682030272
-260.83056478405314,0.39611825641805853
-260.81063122923587,0.4043872113910683
-260.7906976744186,0.4124378312998566
-260.7707641196013,0.4202572333909215
-260.7508305647841,0.4278334641741641
-260.7308970099668,0.4351554219330093
-260.7109634551495,0.4422127897971332
-260.69102990033224,0.44899597786892714
-260.67109634551497,0.45549607310847445
-260.6511627906977,0.46170479586775015
-260.63122923588037,0.467614462125359
-260.6112956810631,0.47321795061052574
-260.5913621262459,0.4785086741232436
-260.5714285714286,0.48348055445794197
-260.55149501661134,0.4881280004238217
-260.531561461794,0.49244588852827914
-260.51162790697674,0.496429545951996
-260.49169435215947,0.50007473549755
-260.4717607973422,0.5033776422387739
-260.4518272425249,0.5063348616369044
-260.43189368770766,0.5089433889227812
-260.4119601328904,0.5112006095730747
-260.3920265780731,0.5131042907329566
-260.37209302325584,0.5146525734591295
-260.3521594684386,0.5158439656754386
-260.3322259136213,0.5166773357495639
-260.312292358804,0.5171519066134166
-260.2923588039867,0.5172672503624944
-260.27242524916943,0.5170232832804527
-260.25249169435216,0.516420261245633
-260.23255813953494,0.5154587754851373
-260.2126245847176,0.5141397486509864
-260.19269102990035,0.5124644312007804
-260.1727574750831,0.5104343980732526
-260.1528239202658,0.5080515456566456
-260.13289036544853,0.5053180890558459
-260.1129568106312,0.5022365596718061
-260.09302325581393,0.49880980311549045
-260.0730897009967,0.49504097748739617
-260.05315614617945,0.4909335520636096
-260.0332225913622,0.4864913064403341
-260.01328903654485,0.4817183302013099
-259.9933554817276,0.4766190231866666
-259.9734219269103,0.47119809645853117
-259.95348837209303,0.4654605740778628
-259.93355481727576,0.45941179583001673
-259.9136212624585,0.4530574210638166
-259.8936877076412,0.4464034338415487
-259.87375415282395,0.4394561496366234
-259.8538205980067,0.43222222386354076
-259.8338870431894,0.4247086625826889
-259.81395348837214,0.4169228357938793
-259.7940199335548,0.4088724938197545
-259.77408637873754,0.40056578738842147
-259.75415282392026,0.3920112921584193
-259.734219269103,0.38321803859605025
-259.7142857142858,0.374195548323765
-259.69435215946845,0.36495387832012915
-259.6744186046512,0.35550367468215405
-259.6544850498339,0.3458562380783969
-259.63455149501664,0.3360236035511953
-259.61461794019937,0.32601863800104863
-259.59468438538204,0.3158551595464809
-259.57475083056477,0.3055480840518836
-259.55481727574755,0.2951136055194545
-259.5348837209303,0.28456941883202197
-259.514950166113,0.27393499560688556
-259.4950166112957,0.26323192678529733
-259.4750830564784,0.25248434914055573
-259.45514950166114,0.241719477205843
-259.43521594684387,0.2309682671557506
-259.4152823920266,0.22026624462156771
-259.39534883720927,0.20965453344612722
-259.37541528239205,0.19918112511734407
-259.3554817275748,0.1889024252716932
-259.3355481727575,0.17888509710024153
-259.31561461794024,0.16920817919831563
-259.2956810631229,0.15996536717741022
-259.27574750830564,0.15126718568177872
-259.25581395348837,0.14324250970790625
-259.2358803986711,0.13603851270151543
-259.2159468438538,0.12981769412050662
-259.19601328903656,0.1247504100510789
-259.1760797342193,0.12100175977363509
-259.156146179402,0.11871328399312656
-259.13621262458474,0.11798268059118154
-259.1162790697675,0.1188473544892521
-259.09634551495014,0.12127783717015723
-259.0764119601329,0.12518375305305526
-259.0564784053156,0.13042984431263663
-259.03654485049833,0.1368561001728642
-259.0166112956811,0.14429613229432334
-258.9966777408638,0.15259048830883076
-258.9767441860465,0.16159435382332896
-258.95681063122925,0.17118073407336432
-258.936877076412,0.1812406707213406
-258.9169435215947,0.1916818408024535
-258.89700996677743,0.20242646835835082
-258.8770764119601,0.2134090993052917
-258.8571428571429,0.22457452096733252
-258.8372093023256,0.23587594301031373
-258.81727574750835,0.247273466484777
-258.7973421926911,0.2587328240243452
-258.77740863787375,0.2702243567250022
-258.7574750830565,0.2817221892331847
-258.7375415282392,0.29320356687438204
-258.71760797342193,0.30464832339817566
-258.69767441860466,0.3160384531778511
-258.6777408637874,0.32735776661473237
-258.6578073089701,0.33859161173608165
-258.63787375415285,0.34972664848092794
-258.6179401993356,0.36075066499724057
-258.5980066445183,0.3716524275234422
-258.578073089701,0.3824215572013229
-258.5581395348837,0.39304842856004035
-258.53820598006644,0.4035240855020205
-258.51827242524917,0.4138401714764505
-258.49833887043195,0.42398887119656997
-258.4784053156146,0.433962861784325
-258.45847176079735,0.4437552716411525
-258.4385382059801,0.4533596456725281
-258.4186046511628,0.4627699157543743
-258.39867109634554,0.4719803755372227
-258.37873754152827,0.4809856588498997
-258.35880398671094,0.4897807210978383
-258.3388704318937,0.4983608231583242
-258.31893687707645,0.5067215173619422
-258.2990033222592,0.5148586352198564
-258.2790697674419,0.5227682766141424
-258.2591362126246,0.5304468002153244
-258.2392026578073,0.537890814929982
-258.21926910299004,0.5450971722130334
-258.19933554817277,0.5520629591057805
-258.1794019933555,0.5587854918825105
-258.1594684385382,0.5652623102068611
-258.13953488372096,0.5714911717142975
-258.1196013289037,0.5774700469497798
-258.0996677740864,0.5831971146006779
-258.07973421926914,0.5886707569738285
-258.0598006644518,0.5938895556735431
-258.03986710963454,0.5988522874437834
-258.01993355481727,0.6035579201434236
-258.0,0.6080056088281925
-257.9800664451828,0.6121946919170302
-257.96013289036546,0.6161246874242435
-257.9401993355482,0.6197952892415819
-257.9202657807309,0.6232063634574035
-257.90033222591364,0.6263579447020516
-257.8803986710964,0.6292502325107748
-257.86046511627904,0.631883587697145
-257.8405315614618,0.6342585287315639
-257.82059800664456,0.6363757281207648
-257.8006644518273,0.638236008785334
-257.78073089701,0.6398403404335045
-257.7607973421927,0.6411898359302554
-257.7408637873754,0.6422857476617062
-257.72093023255815,0.643129463895509
-257.7009966777409,0.6437225051386202
-257.6810631229236,0.6440665204945357
-257.6611295681063,0.6441632840225437
-257.64119601328906,0.6440146911021383
-257.6212624584718,0.6436227548062393
-257.6013289036545,0.6429896022873055
-257.58139534883725,0.6421174711808432
-257.5614617940199,0.641008706031275
-257.54152823920265,0.6396657547455286
-257.5215946843854,0.6380911650800435
-257.5016611295681,0.6362875811674052
-257.48172757475083,0.6342577400890737
-257.46179401993356,0.6320044685011885
-257.4418604651163,0.6295306793207569
-257.421926910299,0.626839368480032
-257.40199335548175,0.6239336117572716
-257.3820598006645,0.6208165616926284
-257.3621262458472,0.6174914445983185
-257.3421926910299,0.6139615576728933
-257.3222591362126,0.6102302662299685
-257.30232558139534,0.6063010010524446
-257.2823920265781,0.6021772558839759
-257.26245847176085,0.5978625850702703
-257.2425249169435,0.5933606013636639
-257.22259136212625,0.588674973905497
-257.202657807309,0.5838094264017981
-257.1827242524917,0.5787677355091905
-257.16279069767444,0.5735537294492666
-257.1428571428571,0.5681712868712717
-257.1229235880399,0.5626243359847866
-257.1029900332226,0.5569168539860713
-257.08305647840535,0.5510528668041453
-257.0631229235881,0.5450364491951101
-257.04318936877075,0.5388717252164551
-257.0232558139535,0.5325628691161733
-257.0033222591362,0.5261141066756015
-256.98338870431894,0.5195297170491212
-256.96345514950167,0.5128140351488815
-256.9435215946844,0.5059714546283781
-256.9235880398671,0.49900643152522794
-256.90365448504986,0.49192348863081836
-256.8837209302326,0.4847272206629727
-256.8637873754153,0.477422300327415
-256.84385382059804,0.4700134853647887
-256.8239202657807,0.46250562669255313
-256.80398671096344,0.4549036777654476
-256.7840531561462,0.4472127052943986
-256.76411960132896,0.4394379014826749
-256.7441860465117,0.4315845979588141
-256.72425249169436,0.42365828161033603
-256.7043189368771,0.4156646125491116
-256.6843853820598,0.40760944447015107
-256.66445182724254,0.3994988476999072
-256.6445182724253,0.39133913526864544
-256.62458471760795,0.38313689238403287
-256.60465116279073,0.37489900972942547
-256.58471760797346,0.36663272106084455
-256.5647840531562,0.35834564562934873
-256.5448504983389,0.3500458360101856
-256.5249169435216,0.34174183197326585
-256.5049833887043,0.3334427210781145
-256.48504983388705,0.3251582067143017
-256.4651162790698,0.31689868432719204
-256.4451827242525,0.308675326556428
-256.42524916943523,0.3005001779541522
-256.40531561461796,0.2923862598172109
-256.3853820598007,0.2843476854311296
-256.3654485049834,0.27639978564009987
-256.34551495016615,0.2685592440713674
-256.3255813953488,0.26084424048403987
-256.30564784053155,0.25327459949724723
-256.2857142857143,0.2458719402839147
-256.265780730897,0.2386598205948047
-256.2458471760798,0.2316638656169934
-256.22591362126246,0.22491186863128043
-256.2059800664452,0.21843384626907994
-256.1860465116279,0.21226202660490218
-256.16611295681065,0.2064307438402228
-256.1461794019934,0.20097620978603983
-256.12624584717605,0.19593613101637342
-256.1063122923588,0.1913491431415105
-256.08637873754157,0.1872540420540817
-256.0664451827243,0.18368880789555792
-256.046511627907,0.18068944151081084
-256.0265780730897,0.17828866395113616
-256.0066445182724,0.17651456302261334
-255.98671096345515,0.17538929999241143
-255.96677740863788,0.17492800578360032
-255.9468438538206,0.17513799171460306
-255.9269102990033,0.1760183716999979
-255.9069767441861,0.17756014405625842
-255.8870431893688,0.17974672146877627
-255.86710963455153,0.18255484078728806
-255.84717607973425,0.18595574268498646
-255.82724252491695,0.18991649226560395
-255.80730897009968,0.19440131592623006
-255.78737541528238,0.19937285181287562
-255.7674418604651,0.20479324272595678
-255.74750830564784,0.21062503320178544
-255.7275747508306,0.21683186082122174
-255.70764119601333,0.22337895260558774
-255.68770764119603,0.2302334501811728
-255.66777408637876,0.23736459335409799
-255.64784053156149,0.24474379265079532
-255.62790697674419,0.2523446190967011
-255.6079734219269,0.26014273555913653
-255.58803986710961,0.26811578946943565
-255.56810631229234,0.27624328235483575
-255.54817275747513,0.28450642772345575
-255.52823920265783,0.2928880056052672
-255.50830564784056,0.3013722194711858
-255.48837209302326,0.30994455927129727
-255.468438538206,0.3185916728599503
-255.44850498338872,0.3273012470125618
-255.42857142857142,0.33606189849507834
-255.40863787375415,0.3448630751448539
-255.3887043189369,0.3536949665976315
-255.36877076411963,0.3625484240995065
-255.34883720930236,0.3714148887374271
-255.32890365448506,0.3802863273782889
-255.3089700996678,0.3891551756046568
-255.28903654485052,0.3980142869591761
-255.26910299003322,0.40685688784963603
-255.24916943521595,0.41567653751516365
-255.22923588039868,0.4244670925057124
-255.20930232558143,0.4332226751795388
-255.18936877076416,0.44193764577345496
-255.16943521594686,0.4506065776484698
-255.1495016611296,0.45922423535703116
-255.12956810631232,0.4677855552181965
-255.10963455149502,0.4762856281230702
-255.08970099667775,0.48471968432512025
-255.06976744186045,0.49308307999878426
-255.04983388704318,0.5013712853751918
-255.02990033222596,0.5095798742864238
-255.00996677740866,0.5177045149694885
-254.9900332225914,0.5257409619987304
-254.9700996677741,0.5336850492306253
-254.95016611295682,0.5415326836585401
-254.93023255813955,0.5492798400866064
-254.91029900332225,0.556922556542476
-254.89036544850498,0.5644569303575684
-254.87043189368774,0.5718791148515805
-254.85049833887047,0.5791853165648598
-254.8305647840532,0.5863717929885006
-254.8106312292359,0.5934348507473247
-254.79069767441862,0.6003708441956404
-254.77076411960132,0.6071761743898995
-254.75083056478405,0.6138472884059357
-254.73089700996678,0.6203806789717577
-254.71096345514948,0.6267728843896753
-254.69102990033227,0.6330204887240324
-254.67109634551497,0.6391201222330175
-254.6511627906977,0.6450684620250213
-254.63122923588043,0.6508622329216271
-254.61129568106313,0.6564982085109954
-254.59136212624585,0.6619732123765057
-254.57142857142858,0.6672841194870411
-254.55149501661128,0.6724278577359838
-254.531561461794,0.6774014096172705
-254.51162790697677,0.6822018140274214
-254.4916943521595,0.6868261681833271
-254.47176079734223,0.6912716296462219
-254.45182724252493,0.6955354184428373
-254.43189368770766,0.6996148192752042
-254.41196013289039,0.7035071838111311
-254.3920265780731,0.7072099330477277
-254.37209302325581,0.710720559740717
-254.35215946843857,0.7140366308926457
-254.3322259136213,0.7171557902933853
-254.31229235880403,0.7200757611065541
-254.29235880398673,0.7227943484958096
-254.27242524916946,0.7253094422850466
-254.25249169435216,0.7276190196469188
-254.2325581395349,0.7297211478141093
-254.21262458471762,0.73161398680808
-254.19269102990032,0.7332957921800529
-254.1727574750831,0.7347649177593042
-254.1528239202658,0.7360198184037443
-254.13289036544853,0.7370590527481715
-254.11295681063126,0.7378812859454427
-254.09302325581396,0.7384852923961158
-254.0730897009967,0.7388699584621186
-254.0531561461794,0.7390342851602397
-254.03322259136212,0.738977390831145
-254.01328903654485,0.7386985137799943
-253.9933554817276,0.7381970148846587
-253.97342192691033,0.7374723801677013
-253.95348837209303,0.7365242233284748
-253.93355481727576,0.7353522882317465
-253.9136212624585,0.7339564513493416
-253.8936877076412,0.7323367241516694
-253.87375415282392,0.7304932554457456
-253.85382059800665,0.7284263336568911
-253.83388704318935,0.7261363890511282
-253.81395348837214,0.7236239958956923
-253.79401993355484,0.7208898745550403
-253.77408637873756,0.7179348935201004
-253.7541528239203,0.7147600713686607
-253.734219269103,0.7113665786549541
-253.71428571428572,0.7077557397267731
-253.69435215946845,0.7039290344686566
-253.67441860465115,0.6998880999700544
-253.65448504983394,0.6956347321174727
-253.63455149501664,0.6911708871100887
-253.61461794019937,0.686498682898492
-253.5946843853821,0.6816204005466419
-253.5747508305648,0.6765384855174924
-253.55481727574752,0.671255548883078
-253.53488372093022,0.6657743684602522
-253.51495016611295,0.6600978898739176
-253.49501661129568,0.6542292275497592
-253.47508305647844,0.6481716656392892
-253.45514950166117,0.6419286588804268
-253.43521594684387,0.6355038333974831
-253.4152823920266,0.6289009874450558
-253.39534883720933,0.6221240921010411
-253.37541528239203,0.6151772919147107
-253.35548172757476,0.6080649055166151
-253.33554817275746,0.6007914261979185
-253.31561461794018,0.5933615224677128
-253.29568106312297,0.5857800385977937
-253.27574750830567,0.5780519951655495
-253.2558139534884,0.5701825896065654
-253.2358803986711,0.5621771967899337
-253.21594684385383,0.5540413696303536
-253.19601328903656,0.545780839752556
-253.17607973421926,0.5374015182249279
-253.156146179402,0.5289094963806584
-253.13621262458474,0.5203110467462748
-253.11627906976747,0.5116126240988947
-253.0963455149502,0.5028208666750709
-253.0764119601329,0.493942597555541
-253.05647840531563,0.484984826251685
-253.03654485049836,0.4759547505205692
-253.01661129568106,0.4668597584366247
-252.9966777408638,0.45770743074847825
-252.97674418604652,0.4485055435497565
-252.95681063122927,0.4392620712920012
-252.936877076412,0.4299851901664725
-252.9169435215947,0.42068328187874754
-252.89700996677743,0.4113649378358831
-252.87707641196016,0.4020389637592386
-252.85714285714286,0.39271438472707154
-252.8372093023256,0.3834004506381073
-252.8172757475083,0.37410664207048794
-252.79734219269102,0.3648426764876237
-252.7774086378738,0.35561851471288614
-252.7574750830565,0.346444367557052
-252.73754152823923,0.33733070243333024
-252.71760797342193,0.32828824973331167
-252.69767441860466,0.3193280086599325
-252.6777408637874,0.31046125211795267
-252.6578073089701,0.30169953014539946
-252.63787375415282,0.29305467122787415
-252.61794019933558,0.2845387806685167
-252.5980066445183,0.27616423498813786
-252.57807308970104,0.26794367110150624
-252.55813953488374,0.2598899687595039
-252.53820598006646,0.25201622446757777
-252.51827242524917,0.24433571480093683
-252.4983388704319,0.23686184675357608
-252.47840531561462,0.22960809251100825
-252.45847176079732,0.22258790586497346
-252.4385382059801,0.2158146174470083
-252.4186046511628,0.2093013061135492
-252.39867109634554,0.20306064424745066
-252.37873754152827,0.19710471553310613
-252.35880398671097,0.19144480499150998
-252.3388704318937,0.18609116278001725
-252.31893687707642,0.18105274547312208
-252.29900332225913,0.17633694117438659
-252.27906976744185,0.17194928769550968
-252.2591362126246,0.16789319589448148
-252.23920265780734,0.16416969270582207
-252.21926910299007,0.1607771999721898
-252.19933554817277,0.15771136545757494
-252.1794019933555,0.15496496105247354
-252.15946843853823,0.15252786004371263
-252.13953488372093,0.150387100573664
-252.11960132890366,0.1485270365154707
-252.09966777408636,0.14692957065130888
-252.07973421926914,0.1455744590885249
-252.05980066445187,0.14443967106816977
-252.03986710963457,0.1435017852916946
-252.0199335548173,0.14273640288245723
-252.0,0.14211855804061754
-251.98006644518273,0.14162310998766384
-251.96013289036546,0.1412251033993675
-251.94019933554816,0.14090008861014489
-251.92026578073094,0.14062439691322617
-251.90033222591364,0.14037536988351573
-251.88039867109637,0.14013154457491692
-251.8604651162791,0.13987279860001844
-251.8405315614618,0.1395804605126723
-251.82059800664453,0.13923739168493124
-251.80066445182723,0.13882804613872088
-251.78073089700996,0.1383385147071755
-251.7607973421927,0.13775655959727368
-251.74086378737545,0.13707164501698474
-251.72093023255817,0.13627496910381243
-251.70099667774087,0.13535950200796373
-251.6810631229236,0.13432003467987233
-251.66112956810633,0.1331532427048901
-251.64119601328903,0.13185776941559427
-251.62126245847176,0.1304343324724198
-251.6013289036545,0.1288858580912428
-251.5813953488372,0.12721764703713856
-251.56146179401998,0.12543757627772825
-251.54152823920268,0.12355633961790348
-251.5215946843854,0.12158772945487734
-251.50166112956813,0.11954895961863259
-251.48172757475083,0.11746102557777595
-251.46179401993356,0.11534909242150797
-251.4418604651163,0.11324289218377975
-251.421926910299,0.11117709947527843
-251.40199335548178,0.10919163756575506
-251.38205980066448,0.10733184642604775
-251.3621262458472,0.1056484219804525
-251.34219269102994,0.10419701700487453
-251.32225913621264,0.1030373875785581
-251.30232558139537,0.10223198702655667
-251.28239202657807,0.10184396451659623
-251.2624584717608,0.10193462407829985
-251.24252491694352,0.10256053211293115
-251.22259136212628,0.10377059526662652
-251.202657807309,0.10560351558282419
-251.1827242524917,0.10808601816444746
-251.16279069767444,0.1112321214560379
-251.14285714285717,0.11504351399622971
-251.12292358803987,0.11951088452379312
-251.1029900332226,0.12461589737102756
-251.0830564784053,0.1303334511514895
-251.06312292358803,0.13663389900764822
-251.0431893687708,0.14348500516246118
-251.0232558139535,0.15085352154258547
-251.00332225913624,0.1587063589918071
-250.98338870431894,0.16701138736053261
-250.96345514950167,0.17573792865610127
-250.9435215946844,0.1848570152773071
-250.9235880398671,0.19434148003821586
-250.90365448504983,0.20416593334439143
-250.88372093023258,0.2143066701469301
-250.8637873754153,0.2247415376411283
-250.84385382059804,0.23544978510314066
-250.82392026578074,0.24641190992969506
-250.80398671096347,0.25760950861573434
-250.7840531561462,0.26902513768588515
-250.7641196013289,0.2806421870955102
-250.74418604651163,0.29244476700001976
-250.72425249169436,0.3044176077907719
-250.70431893687712,0.3165459727146938
-250.68438538205984,0.32881558208969025
-250.66445182724254,0.3412125479998575
-250.64451827242527,0.35372331833524867
-250.624584717608,0.36633462908576303
-250.6046511627907,0.3790334638777293
-250.58471760797343,0.39180701983642285
-250.56478405315613,0.4046426789566309
-250.54485049833886,0.4175279842593169
-250.52491694352165,0.4304506201022835
-250.50498338870435,0.4433983960940944
-250.48504983388708,0.4563592341332284
-250.46511627906978,0.4693211581585428
-250.4451827242525,0.48227228625302304
-250.42524916943523,0.49520082479129185
-250.40531561461793,0.5080950643633572
-250.38538205980066,0.520943377242967
-250.36544850498336,0.5337342162001414
-250.34551495016615,0.5464561144838815
-250.32558139534888,0.5590976868238777
-250.30564784053158,0.5716476313195742
-250.2857142857143,0.5840947321017478
-250.265780730897,0.5964278626659334
-250.24584717607974,0.6086359897896366
-250.22591362126246,0.6207081779555224
-250.20598006644516,0.6326335942122191
-250.18604651162795,0.6444015134119463
-250.16611295681065,0.6560013237711105
-250.14617940199338,0.6674225327058456
-250.1262458471761,0.6786547728994246
-250.1063122923588,0.6896878085630822
-250.08637873754154,0.7005115418553884
-250.06644518272427,0.7111160194287938
-250.04651162790697,0.7214914390748174
-250.0265780730897,0.731628156441927
-250.00664451827245,0.7415166918023938
-249.98671096345518,0.7511477368463411
-249.9667774086379,0.7605121614830457
-249.9468438538206,0.769601020630987
-249.92691029900334,0.7784055609796336
-249.90697674418607,0.7869172277070872
-249.88704318936877,0.795127671138885
-249.8671096345515,0.8030287533342759
-249.8471760797342,0.8106125545870647
-249.82724252491698,0.8178713798292208
-249.8073089700997,0.8247977649258353
-249.7873754152824,0.8313844828510991
-249.76744186046514,0.8376245497353526
-249.74750830564784,0.8435112307739825
-249.72757475083057,0.8490380459895643
-249.7076411960133,0.8541987758391042
-249.687707641196,0.8589874666587901
-249.66777408637878,0.8633984359392474
-249.64784053156149,0.8674262774246584
-249.6279069767442,0.8710658660297129
-249.60797342192694,0.874312362568737
-249.58803986710964,0.8771612182918871
-249.56810631229237,0.8796081792237334
-249.54817275747507,0.8816492903000384
-249.5282392026578,0.8832808992990769
-249.50830564784053,0.8844996605642216
-249.4883720930233,0.8853025385151206
-249.46843853820602,0.8856868109453444
-249.44850498338872,0.8856500721047863
-249.42857142857144,0.8851902355658483
-249.40863787375417,0.8843055368729111
-249.38870431893687,0.8829945359753284
-249.3687707641196,0.8812561194447733
-249.34883720930233,0.8790895024786013
-249.32890365448503,0.8764942306916185
-249.30897009966782,0.8734701816994836
-249.28903654485052,0.870017566498016
-249.26910299003325,0.8661369306435851
-249.24916943521598,0.8618291552409777
-249.22923588039868,0.8570954577463744
-249.2093023255814,0.8519373925944228
-249.18936877076413,0.8463568516601021
-249.16943521594683,0.8403560645677001
-249.14950166112956,0.8339375988612441
-249.12956810631232,0.8271043600532201
-249.10963455149505,0.8198595915706763
-249.08970099667778,0.8122068746211119
-249.06976744186048,0.8041501280038402
-249.0498338870432,0.795693607896545
-249.0299003322259,0.7868419076514658
-249.00996677740864,0.7775999576409319
-248.99003322259136,0.767973025198542
-248.97009966777412,0.7579667147095838
-248.95016611295685,0.7475869679133322
-248.93023255813955,0.7368400644902225
-248.91029900332228,0.7257326230196571
-248.890365448505,0.7142716024090624
-248.8704318936877,0.7024643039128926
-248.85049833887044,0.6903183738822831
-248.83056478405314,0.6778418074120955
-248.81063122923587,0.6650429530847414
-248.79069767441865,0.6519305190490692
-248.77076411960135,0.6385135807211937
-248.75083056478408,0.6248015904536504
-248.73089700996678,0.610804389593134
-248.7109634551495,0.5965322234391537
-248.69102990033224,0.5819957597312055
-248.67109634551494,0.5672061114370895
-248.65116279069767,0.552174864798366
-248.6312292358804,0.5369141138225362
-248.61129568106315,0.5214365027098962
-248.59136212624588,0.505755278087011
-248.57142857142858,0.4898843534159595
-248.5514950166113,0.4738383885951161
-248.53156146179404,0.4576328886143623
-248.51162790697674,0.441284326243839
-248.49169435215947,0.42481029521394953
-248.4717607973422,0.4082297023157258
-248.45182724252496,0.3915630094920003
-248.43189368770769,0.37483254054598664
-248.41196013289039,0.3580628719004939
-248.39202657807311,0.3412813333513085
-248.37209302325584,0.3245186535767362
-248.35215946843854,0.3078097970647506
-248.33222591362127,0.2911950550212487
-248.31229235880397,0.2747214736592087
-248.2923588039867,0.2584447295534561
-248.2724252491695,0.24243159248768212
-248.2524916943522,0.22676314639660763
-248.23255813953492,0.21153895410374796
-248.21262458471762,0.19688231660434094
-248.19269102990035,0.18294661746370408
-248.17275747508307,0.16992231342821362
-248.15282392026577,0.15804320125203486
-248.1328903654485,0.1475889041587968
-248.1129568106312,0.13887814999599526
-248.093023255814,0.13224560986936518
-248.07308970099672,0.12799721100771072
-248.05315614617942,0.12634900310864414
-248.03322259136215,0.12737076012123516
-248.01328903654485,0.1309632323286726
-247.99335548172758,0.13688295953274376
-247.9734219269103,0.1448002605069866
-247.953488372093,0.1543611729534049
-247.9335548172758,0.16523215276425357
-247.9136212624585,0.1771227050093122
-247.89368770764122,0.1897913516221905
-247.87375415282395,0.20304239857780418
-247.85382059800665,0.21671904124688482
-247.83388704318938,0.2306958902464383
-247.8139534883721,0.24487227253648008
-247.7940199335548,0.2591667189468291
-247.77408637873754,0.27351262069282506
-247.7541528239203,0.28785488250091446
-247.73421926910302,0.3021473706448883
-247.71428571428575,0.31635097395306194
-247.69435215946845,0.330432129498237
-247.67441860465118,0.34436169788583015
-247.6544850498339,0.35811410103930474
-247.6345514950166,0.3716666573777108
-247.61461794019934,0.3849990659689415
-247.59468438538204,0.39809300367773465
-247.57475083056482,0.4109318085110492
-247.55481727574755,0.4235002291255045
-247.53488372093025,0.43578422544176415
-247.51495016611298,0.44777080898838034
-247.49501661129568,0.45944791432454607
-247.4750830564784,0.4708042949228564
-247.45514950166114,0.4818294384156558
-247.43521594684384,0.49251349725591603
-247.41528239202657,0.502847231713397
-247.39534883720933,0.5128219627907392
-247.37541528239205,0.522429533153399
-247.35548172757478,0.5316622745606835
-247.33554817275748,0.540512980590766
-247.3156146179402,0.5489748836911258
-247.2956810631229,0.5570416357735622
-247.27574750830564,0.564707291720906
-247.25581395348837,0.5719662952903858
-247.23588039867113,0.5788134669924964
-247.21594684385386,0.5852439935995746
-247.19601328903656,0.5912534189991133
-247.1760797342193,0.596837636156102
-247.15614617940201,0.6019928799887544
-247.13621262458472,0.6067157209947295
-247.11627906976744,0.6110030594919397
-247.09634551495017,0.6148521203602384
-247.07641196013287,0.6182604481885466
-247.05647840531566,0.6212259027474795
-247.03654485049836,0.6237466547201387
-247.0166112956811,0.6258211816345155
-246.99667774086382,0.6274482639500009
-246.97674418604652,0.628626981258064
-246.95681063122925,0.6293567085636941
-246.93687707641197,0.6296371126196348
-246.91694352159467,0.6294681482903076
-246.8970099667774,0.6288500549262771
-246.87707641196016,0.6277833527336243
-246.8571428571429,0.6262688391257893
-246.83720930232562,0.6243075850478866
-246.81727574750832,0.6219009312662175
-246.79734219269105,0.6190504846173936
-246.77740863787375,0.6157581142136812
-246.75747508305648,0.6120259476027977
-246.7375415282392,0.6078563668819624
-246.71760797342196,0.6032520047675481
-246.6976744186047,0.5982157406230038
-246.6777408637874,0.5927506964493452
-246.65780730897012,0.5868602328437217
-246.63787375415285,0.5805479449331381
-246.61794019933555,0.5738176582920196
-246.59800664451828,0.566673424853963
-246.57807308970098,0.5591195188300622
-246.5581395348837,0.5511604326483327
-246.5382059800665,0.5428008729315171
-246.5182724252492,0.5340457565336877
-246.49833887043192,0.5249002066598968
-246.47840531561462,0.5153695490980423
-246.45847176079735,0.5054593085978859
-246.43853820598008,0.4951752054399824
-246.41860465116278,0.4845231522467537
-246.3986710963455,0.4735092511004481
-246.37873754152824,0.4621397910489416
-246.358803986711,0.4504212461015392
-246.33887043189372,0.438360273845184
-246.31893687707642,0.42596371484898243
-246.29900332225915,0.4132385930759651
-246.27906976744188,0.40019211759035395
-246.25913621262458,0.38683168594454964
-246.2392026578073,0.37316488976398826
-246.21926910299004,0.3591995232376078
-246.1993355481728,0.3449435954940011
-246.17940199335553,0.33040534823986395
-246.15946843853823,0.315593280624921
-246.13953488372096,0.30051618418364906
-246.11960132890368,0.28518319206683335
-246.09966777408638,0.26960384891800293
-246.0797342192691,0.25378821119715556
-246.0598006644518,0.23774699345351594
-246.03986710963454,0.22149178575410194
-246.01993355481733,0.20503538456463277
-246.00000000000003,0.18839231063550668
-245.98006644518276,0.17157964714296167
-245.96013289036546,0.1546184511894782
-245.9401993355482,0.13753624678436224
-245.92026578073092,0.1203716883278093
-245.90033222591362,0.10318391823661052
-245.88039867109634,0.08607304295941857
-245.86046511627904,0.06923002531239933
-245.84053156146183,0.05307512342499289
-245.82059800664456,0.03869456221248796
-245.80066445182726,0.029131872034818023
-245.78073089701,0.029746944658866542
-245.7607973421927,0.04022883000190634
-245.74086378737542,0.05531945672272843
-245.72093023255815,0.07225195906109422
-245.70099667774085,0.09003961731985266
-245.68106312292358,0.10829449384518172
-245.66112956810633,0.12683747754659513
-245.64119601328906,0.145573282624634
-245.6212624584718,0.16444479107957619
-245.6013289036545,0.18341410215548715
-245.58139534883722,0.20245379291105645
-245.56146179401995,0.2215425306462246
-245.54152823920265,0.24066271302951314
-245.52159468438538,0.259799124920285
-245.50166112956813,0.2789381370196834
-245.48172757475086,0.29806720848747636
-245.4617940199336,0.3171745677052432
-245.4418604651163,0.336249001453551
-245.42192691029902,0.3552797122639037
-245.40199335548175,0.37425621989349633
-245.38205980066445,0.3931682920932601
-245.36212624584718,0.41200589527213105
-245.34219269102988,0.43075915895474554
-245.32225913621266,0.4494183499817906
-245.3023255813954,0.4679738537101504
-245.2823920265781,0.48641616032259083
-245.26245847176082,0.5047358549226804
-245.24252491694352,0.5229236104735383
-245.22259136212625,0.5409701829020744
-245.20265780730898,0.5588664078739701
-245.18272425249168,0.5766031988743784
-245.1627906976744,0.5941715463223681
-245.14285714285717,0.6115625175144846
-245.1229235880399,0.6287672572420687
-245.10299003322262,0.6457769889636488
-245.08305647840533,0.6625830164408556
-245.06312292358805,0.6791767257668148
-245.04318936877075,0.6955495877316304
-245.02325581395348,0.7116931604813911
-245.0033222591362,0.727599092436253
-244.98338870431897,0.7432591254402735
-244.9634551495017,0.7586650981210848
-244.9435215946844,0.7738089494417346
-244.92358803986713,0.788682722430441
-244.90365448504986,0.8032785680765127
-244.88372093023256,0.8175887493827336
-244.86378737541528,0.8316056455661418
-244.843853820598,0.8453217564003469
-244.8239202657807,0.8587297066934085
-244.8039867109635,0.8718222508961889
-244.7840531561462,0.8845922778364852
-244.76411960132893,0.8970328155748164
-244.74418604651166,0.9091370363778956
-244.72425249169436,0.9208982618062153
-244.7043189368771,0.9323099679121359
-244.68438538205982,0.9433657905451609
-244.66445182724252,0.9540595307609528
-244.64451827242524,0.9643851603308163
-244.624584717608,0.9743368273483186
-244.60465116279073,0.983908861929692
-244.58471760797346,0.9930957820047233
-244.56478405315616,1.001892299194724
-244.5448504983389,1.0102933247742754
-244.5249169435216,1.0182939757133171
-244.50498338870432,1.0258895807962949
-244.48504983388705,1.0330756868149964
-244.4651162790698,1.0398480648318311
-244.44518272425253,1.0462027165103485
-244.42524916943523,1.0521358805099086
-244.40531561461796,1.0576440389415713
-244.3853820598007,1.0627239238823516
-244.3654485049834,1.0673725239453609
-244.34551495016612,1.0715870909034357
-244.32558139534882,1.0753651463642602
-244.30564784053155,1.0787044884952526
-244.28571428571433,1.0816031987970252
-244.26578073089703,1.0840596489244225
-244.24584717607976,1.086072507555004
-244.22591362126246,1.0876407473050633
-244.2059800664452,1.0887636516941976
-244.18604651162792,1.089440822159976
-244.16611295681062,1.0896721851252198
-244.14617940199335,1.0894579991210882
-244.12624584717608,1.088798861970355
-244.10631229235884,1.0876957180361333
-244.08637873754157,1.0861498655426205
-244.06644518272427,1.0841629639755672
-244.046511627907,1.08173704157167
-244.02657807308972,1.0788745029074833
-244.00664451827242,1.0755781366001158
-243.98671096345515,1.0718511231336563
-243.96677740863788,1.0676970428271686
-243.94684385382058,1.0631198839620288
-243.92691029900337,1.0581240510885679
-243.90697674418607,1.0527143735340632
-243.8870431893688,1.0468961141366437
-243.86710963455153,1.0406749782319973
-243.84717607973423,1.0340571229223678
-243.82724252491695,1.027049166659957
-243.80730897009965,1.019658199179488
-243.78737541528238,1.01189179181733
-243.76744186046517,1.0037580082572912
-243.74750830564787,0.9952654157455111
-243.7275747508306,0.9864230968193434
-243.7076411960133,0.9772406615969522
-243.68770764119603,0.9677282606758671
-243.66777408637876,0.9578965986895429
-243.64784053156146,0.947756948570949
-243.62790697674419,0.9373211665709618
-243.60797342192689,0.9266017080765179
-243.58803986710967,0.9156116442688944
-243.5681063122924,0.9043646796551589
-243.5481727574751,0.8928751704955481
-243.52823920265783,0.881158144135325
-243.50830564784053,0.8692293192305305
-243.48837209302326,0.8571051268320211
-243.468438538206,0.8448027322599172
-243.4485049833887,0.8323400576594803
-243.42857142857142,0.819735805077775
-243.40863787375417,0.8070094798361543
-243.3887043189369,0.7941814138946468
-243.36877076411963,0.7812727888075522
-243.34883720930233,0.7683056577533497
-243.32890365448506,0.755302965982477
-243.3089700996678,0.7422885688619838
-243.2890365448505,0.7292872465036578
-243.26910299003322,0.7163247137403713
-243.24916943521598,0.7034276239638935
-243.2292358803987,0.6906235650571281
-243.20930232558143,0.6779410453490812
-243.18936877076413,0.6654094671986475
-243.16943521594686,0.6530590854864331
-243.1495016611296,0.6409209479801645
-243.1295681063123,0.629026814264117
-243.10963455149502,0.6174090497210265
-243.08970099667772,0.6061004909683042
-243.0697674418605,0.5951342792309627
-243.04983388704323,0.5845436584403847
-243.02990033222594,0.5743617354424995
-243.00996677740866,0.5646212006406659
-242.99003322259136,0.5553540087359534
-242.9700996677741,0.5465910209846877
-242.95016611295682,0.5383616125592903
-242.93023255813952,0.5306932511115104
-242.91029900332225,0.5236110553745329
-242.890365448505,0.5171373454127305
-242.87043189368774,0.511291198684669
-242.85049833887047,0.5060880281309138
-242.83056478405317,0.5015391997278019
-242.8106312292359,0.4976517070858118
-242.7906976744186,0.49442791952477366
-242.77076411960132,0.49186541756289803
-242.75083056478405,0.48995692600916857
-242.7308970099668,0.48869035011060136
-242.71096345514954,0.4880489148846856
-242.69102990033224,0.488011402358689
-242.67109634551497,0.4885524764592232
-242.6511627906977,0.4896430812048244
-242.6312292358804,0.4912508949883471
-242.61129568106313,0.493340822265071
-242.59136212624585,0.49587550388573165
-242.57142857142856,0.49881582847488687
-242.55149501661134,0.5021214293876056
-242.53156146179404,0.5057511545561996
-242.51162790697677,0.5096634996315269
-242.4916943521595,0.5138169979330929
-242.4717607973422,0.5181705636143309
-242.45182724252493,0.5226837869625456
-242.43189368770766,0.527317182799461
-242.41196013289036,0.532032394500765
-242.3920265780731,0.53679235723491
-242.37209302325584,0.5415614246832805
-242.35215946843857,0.5463054638179817
-242.3322259136213,0.550991922353283
-242.312292358804,0.5555898733260279
-242.29235880398673,0.5600700409627246
-242.27242524916943,0.5644048116106875
-242.25249169435216,0.5685682330899491
-242.2325581395349,0.5725360053937898
-242.2126245847176,0.576285465250485
-242.19269102990037,0.579795566673091
-242.17275747508307,0.5830468592751281
-242.1528239202658,0.5860214658230588
-242.13289036544853,0.5887030602315342
-242.11295681063123,0.5910768469834147
-242.09302325581396,0.5931295427708474
-242.07308970099666,0.5948493610020729
-242.0531561461794,0.5962259996980811
-242.03322259136218,0.5972506332088273
-242.01328903654488,0.5979159081072819
-241.9933554817276,0.5982159435671097
-241.9734219269103,0.598146336492942
-241.95348837209303,0.5977041716480028
-241.93355481727576,0.5968880370086995
-241.91362126245846,0.5956980445677107
-241.8936877076412,0.5941358568021146
-241.87375415282392,0.5922047190188615
-241.85382059800668,0.5899094977826602
-241.8338870431894,0.5872567256173598
-241.8139534883721,0.5842546521467578
-241.79401993355484,0.580913301798792
-241.77408637873756,0.5772445381322479
-241.75415282392026,0.573262134749125
-241.734219269103,0.5689818526195576
-241.71428571428572,0.5644215234582358
-241.69435215946842,0.559601138538315
-241.6744186046512,0.5545429419956377
-241.6544850498339,0.5492715272455106
-241.63455149501664,0.5438139345876649
-241.61461794019937,0.5381997473943297
-241.59468438538207,0.5324611834436708
-241.5747508305648,0.5266331769652068
-241.5548172757475,0.5207534458005426
-241.53488372093022,0.514862536764803
-241.514950166113,0.5090038408548667
-241.4950166112957,0.5032235684575049
-241.47508305647844,0.49757067327226834
-241.45514950166114,0.492096712443553
-241.43521594684387,0.48685562961465667
-241.4152823920266,0.48190344755621406
-241.3953488372093,0.47729785801054897
-241.37541528239203,0.47309769877886687
-241.35548172757473,0.46936231217031865
-241.3355481727575,0.46615078492862294
-241.31561461794024,0.46352107764363126
-241.29568106312294,0.4615290611273485
-241.27574750830567,0.460227487594016
-241.25581395348837,0.45966493464970754
-241.2358803986711,0.4598847686759031
-241.21594684385383,0.4609241796725158
-241.19601328903653,0.462813340665868
-241.17607973421926,0.4655747405375097
-241.15614617940201,0.46922272951605526
-241.13621262458474,0.4737633024268866
-241.11627906976747,0.47919412777243064
-241.09634551495017,0.4855048130114923
-241.0764119601329,0.49267738031032743
-241.05647840531563,0.5006869144818512
-241.03654485049833,0.5095023370347447
-241.01661129568106,0.5190872575796918
-240.99667774086382,0.5294008558373485
-240.97674418604655,0.5403987531271978
-240.95681063122927,0.5520338401632513
-240.93687707641197,0.5642570369108683
-240.9169435215947,0.5770179690432953
-240.89700996677743,0.5902655533701426
-240.87707641196013,0.6039484910259597
-240.85714285714286,0.6180156720371845
-240.83720930232556,0.632416498184181
-240.81727574750835,0.6471011330348986
-240.79734219269108,0.6620206889094068
-240.77740863787378,0.6771273606126256
-240.7574750830565,0.6923745152975078
-240.7375415282392,0.7077167470032183
-240.71760797342193,0.723109903416716
-240.69767441860466,0.738511091351273
-240.67774086378736,0.7538786664032904
-240.6578073089701,0.7691722112897011
-240.63787375415285,0.7843525065100455
-240.61794019933558,0.7993814962304576
-240.5980066445183,0.8142222516522695
-240.578073089701,0.8288389335985419
-240.55813953488374,0.843196755617348
-240.53820598006644,0.8572619485498315
-240.51827242524917,0.8710017272311815
-240.4983388704319,0.884384259772618
-240.4784053156146,0.8973786397021271
-240.45847176079738,0.9099548611113304
-240.43853820598008,0.9220837968585076
-240.4186046511628,0.9337371798059871
-240.39867109634554,0.9448875870194653
-240.37873754152824,0.9555084268216968
-240.35880398671097,0.9655739285712028
-240.3388704318937,0.9750591350239115
-240.3189368770764,0.983939897130887
-240.29900332225918,0.9921928711261448
-240.27906976744188,0.9997955177637041
-240.2591362126246,1.0067261035716562
-240.23920265780734,1.0129637040023989
-240.21926910299004,1.01848820837134
-240.19933554817277,1.0232803264918506
-240.1794019933555,1.0273215969307907
-240.1594684385382,1.0305943968274995
-240.13953488372093,1.0330819532391946
-240.11960132890368,1.0347683559976124
-240.0996677740864,1.0356385720860553
-240.07973421926914,1.0356784615728125
-240.05980066445184,1.034874795167077
-240.03986710963457,1.0332152734978342
-240.01993355481727,1.0306885482552737
-240.0,1.02728424537996
-239.98006644518276,1.0229929905380917
-239.96013289036546,1.017806437184235
-239.9401993355482,1.0117172975877615
-239.9202657807309,1.0047193772893517
-239.90033222591364,0.9968076135626375
-239.88039867109637,0.9879781185888137
-239.86046511627907,0.9782282282143331
-239.8405315614618,0.9675565573622062
-239.82059800664453,0.9559630634155716
-239.80066445182726,0.9434491192021333
-239.78073089701,0.9300175975960754
-239.7607973421927,0.9156729702440225
-239.74086378737542,0.9004214235421238
-239.72093023255815,0.8842709957831509
-239.70099667774087,0.8672317404069056
-239.6810631229236,0.8493159215954558
-239.6611295681063,0.8305382501499093
-239.64119601328906,0.8109161697950887
-239.6212624584718,0.7904702069526398
-239.6013289036545,0.7692244008341917
-239.58139534883722,0.7472068357462243
-239.56146179401995,0.7244503041905149
-239.54152823920268,0.7009931382547752
-239.5215946843854,0.6768802586693957
-239.5016611295681,0.6521645067321229
-239.48172757475083,0.6269083452881479
-239.46179401993356,0.601186042500289
-239.4418604651163,0.5750864876110006
-239.42192691029902,0.5487168319594938
-239.40199335548172,0.5222071996345921
-239.38205980066448,0.4957167632100547
-239.3621262458472,0.46944151143674756
-239.3421926910299,0.4436240021824298
-239.32225913621264,0.4185652009196125
-239.30232558139537,0.3946379753486006
-239.2823920265781,0.372300660720614
-239.26245847176082,0.35210696673487046
-239.24252491694352,0.33470521463081643
-239.22259136212625,0.32081632621130524
-239.20265780730898,0.3111792599988564
-239.1827242524917,0.30646027150904537
-239.16279069767444,0.30714185593859894
-239.14285714285714,0.3134299445522564
-239.1229235880399,0.32522190143253166
-239.1029900332226,0.3421502107956164
-239.08305647840533,0.36367705143802687
-239.06312292358805,0.38919669762179143
-239.04318936877078,0.4181140801727836
-239.0232558139535,0.44989011348157343
-239.0033222591362,0.4840595848892771
-238.98338870431894,0.5202319263507128
-238.96345514950167,0.5580835805405134
-238.9435215946844,0.5973474871579011
-238.92358803986713,0.6378025756972172
-238.90365448504986,0.6792644929998478
-238.88372093023256,0.7215779114659275
-238.8637873754153,0.764610357865686
-238.843853820598,0.8082473508817098
-238.82392026578074,0.8523886048210986
-238.80398671096347,0.8969450767840185
-238.7840531561462,0.9418366707282452
-238.76411960132893,0.9869904492240311
-238.74418604651163,1.032339236508394
-238.72425249169436,1.0778205232486013
-238.7043189368771,1.1233756044992478
-238.68438538205982,1.168948898568979
-238.66445182724254,1.2144874068767557
-238.64451827242527,1.259940284245302
-238.62458471760797,1.3052584961653109
-238.60465116279073,1.3503945449278896
-238.58471760797343,1.3953022505927957
-238.56478405315616,1.4399365758584504
-238.5448504983389,1.4842534862684587
-238.52491694352162,1.5282098390083
-238.50498338870435,1.5717632949494456
-238.48504983388705,1.6148722496865269
-238.46511627906978,1.657495780161664
-238.4451827242525,1.699593604134458
-238.42524916943523,1.7411260502794748
-238.40531561461796,1.7820540371069689
-238.38538205980066,1.8223390592318114
-238.3654485049834,1.8619431797783612
-238.34551495016615,1.9008290279203792
-238.32558139534885,1.9389598007248774
-238.30564784053158,1.9762992686069465
-238.28571428571428,2.012811783814484
-238.26578073089703,2.048462291453422
-238.24584717607976,2.083216342639165
-238.22591362126246,2.1170401094217675
-238.2059800664452,2.1499004011835643
-238.18604651162792,2.1817646822504897
-238.16611295681065,2.2126010904936173
-238.14617940199338,2.242378456727233
-238.12624584717608,2.2710663247344303
-238.1063122923588,2.298634971772478
-238.08637873754157,2.325055429427766
-238.06644518272427,2.3502995047053856
-238.046511627907,2.3743398012513177
-238.0265780730897,2.397149740616279
-238.00664451827242,2.4187035834798896
-237.98671096345518,2.4389764507621043
-237.96677740863788,2.4579443445561373
-237.9468438538206,2.475584168823508
-237.92691029900334,2.491873749797393
-237.90697674418607,2.5067918560456612
-237.8870431893688,2.520318218149309
-237.8671096345515,2.532433547956359
-237.84717607973423,2.54311955737486
-237.82724252491698,2.552358976672317
-237.80730897009968,2.560135572252085
-237.7873754152824,2.5664341638805324
-237.7674418604651,2.571240641341739
-237.74750830564784,2.5745419804996326
-237.7275747508306,2.5763262587503224
-237.7076411960133,2.5765826698506338
-237.68770764119603,2.5753015381118276
-237.66777408637873,2.5724743319507968
-237.64784053156149,2.568093676794571
-237.6279069767442,2.5621533673375434
-237.6079734219269,2.5546483791550205
-237.58803986710964,2.54557487968095
-237.56810631229237,2.534930238562618
-237.5481727574751,2.5227130374107687
-237.52823920265783,2.5089230789694175
-237.50830564784053,2.4935613957370975
-237.48837209302326,2.4766302580790125
-237.468438538206,2.458133181879101
-237.44850498338872,2.4380749357917595
-237.42857142857144,2.416461548165833
-237.40863787375415,2.39330031372809
-237.3887043189369,2.3685998001315407
-237.36877076411963,2.342369854494598
-237.34883720930233,2.3146216100824346
-237.32890365448506,2.285367493312289
-237.3089700996678,2.2546212313008716
-237.28903654485052,2.2223978602167382
-237.26910299003325,2.1887137347549266
-237.24916943521595,2.1535865391178373
-237.22923588039868,2.117035299969274
-237.2093023255814,2.0790804019308817
-237.18936877076413,2.0397436063187087
-237.16943521594686,1.9990480739787124
-237.14950166112956,1.957018393283815
-237.12956810631232,1.9136806146147667
-237.10963455149505,1.869062292979188
-237.08970099667775,1.8231925408520986
-237.06976744186048,1.7761020938785097
-237.0498338870432,1.727823392807827
-237.02990033222594,1.6783906859931441
-237.00996677740866,1.6278401580695607
-236.99003322259136,1.5762100921469382
-236.9700996677741,1.5235410751845921
-236.95016611295682,1.4698762594082981
-236.93023255813955,1.4152616970463272
-236.91029900332228,1.3597467718369163
-236.89036544850498,1.3033847594980132
-236.87043189368774,1.2462335618663964
-236.85049833887044,1.1883566775739722
-236.83056478405317,1.1298244988402033
-236.8106312292359,1.070716063805803
-236.79069767441862,1.0111214541483715
-236.77076411960135,0.9511451203841162
-236.75083056478405,0.8909105617216928
-236.73089700996678,0.8305670156569204
-236.7109634551495,0.7702991775169906
-236.69102990033224,0.7103415576423308
-236.67109634551497,0.6510000267038405
-236.6511627906977,0.5926845786351079
-236.6312292358804,0.535959506592814
-236.61129568106315,0.48161977008974377
-236.59136212624585,0.43080321135917166
-236.57142857142858,0.3851392553429617
-236.5514950166113,0.3468928180503609
-236.53156146179404,0.31894949291913777
-236.51162790697677,0.3043356277947749
-236.49169435215947,0.3051051001881169
-236.4717607973422,0.32123267225145413
-236.45182724252493,0.35064674007164925
-236.43189368770766,0.39035921915558414
-236.41196013289039,0.43754882911155585
-236.39202657807311,0.490010184735556
-236.37209302325581,0.5461575824346208
-236.35215946843857,0.6048819163648826
-236.33222591362127,0.665405919317152
-236.312292358804,0.7271755190742409
-236.29235880398673,0.7897859943972301
-236.27242524916943,0.8529334372547721
-236.2524916943522,0.9163830255517407
-236.2325581395349,0.9799481317309403
-236.21262458471762,1.0434763831621754
-236.19269102990035,1.1068402141030023
-236.17275747508307,1.169930356601416
-236.1528239202658,1.2326512837118055
-236.1328903654485,1.29491797049701
-236.11295681063123,1.3566535588309523
-236.093023255814,1.4177876517480716
-236.0730897009967,1.4782550528377676
-236.05315614617942,1.537994824677961
-236.03322259136212,1.596949578994442
-236.01328903654485,1.6550649372002668
-235.9933554817276,1.7122891176439388
-235.9734219269103,1.7685726180890051
-235.95348837209303,1.823867970468543
-235.93355481727576,1.8781295509859492
-235.9136212624585,1.9313134329472028
-235.89368770764122,1.9833772728309245
-235.87375415282392,2.0342802223842056
-235.85382059800665,2.083982861216645
-235.8338870431894,2.1324471456204597
-235.8139534883721,2.1796363702878465
-235.79401993355484,2.2255151403123485
-235.77408637873754,2.270049351407289
-235.75415282392026,2.3132061766953296
-235.73421926910302,2.354954058749283
-235.71428571428572,2.3952627058192597
-235.69435215946845,2.434103091381265
-235.67441860465118,2.471447456300911
-235.6544850498339,2.507269313031746
-235.63455149501664,2.5415434513687694
-235.61461794019934,2.5742459453586233
-235.59468438538207,2.605354161034048
-235.57475083056482,2.634846764693317
-235.55481727574752,2.6627037314894393
-235.53488372093025,2.688906354129761
-235.51495016611295,2.7134372515164022
-235.49501661129568,2.736280377182839
-235.47508305647844,2.757421027402462
-235.45514950166114,2.776845848862395
-235.43521594684387,2.79454284581072
-235.41528239202657,2.8105013865973625
-235.39534883720933,2.8247122095399466
-235.37541528239205,2.837167428054882
-235.35548172757476,2.847860535001977
-235.33554817275748,2.856786406197639
-235.3156146179402,2.863941303058065
-235.29568106312294,2.869322874338909
-235.27574750830567,2.8729301569428336
-235.25581395348837,2.8747635757705874
-235.2358803986711,2.8748249425951387
-235.21594684385383,2.873117453941946
-235.19601328903656,2.8696456879616754
-235.1760797342193,2.8644156002846883
-235.156146179402,2.857434518849575
-235.13621262458474,2.8487111377005716
-235.11627906976747,2.8382555097514888
-235.09634551495017,2.8260790385159567
-235.0764119601329,2.812194468806769
-235.05647840531563,2.7966158764091236
-235.03654485049836,2.779358656735183
-235.0166112956811,2.760439512470049
-234.9966777408638,2.7398764402216034
-234.97674418604652,2.7176887161895005
-234.95681063122925,2.6938968808715327
-234.93687707641197,2.6685227228284774
-234.9169435215947,2.6415892615320855
-234.8970099667774,2.6131207293243084
-234.87707641196016,2.583142552520142
-234.8571428571429,2.5516813316907783
-234.8372093023256,2.518764821169111
-234.81727574750832,2.4844219078254715
-234.79734219269102,2.4486825891682424
-234.77740863787378,2.4115779508320982
-234.7574750830565,2.37314014352591
-234.7375415282392,2.333402359523452
-234.71760797342193,2.2923988087934988
-234.69767441860466,2.250164694881695
-234.6777408637874,2.206736190676128
-234.65780730897012,2.1621504142122947
-234.63787375415282,2.1164454047020795
-234.61794019933558,2.0696600990076086
-234.59800664451828,2.0218343088257016
-234.578073089701,1.973008698904834
-234.55813953488374,1.9232247666878124
-234.53820598006644,1.8725248238636067
-234.5182724252492,1.8209519804275225
-234.4983388704319,1.7685501319982273
-234.47840531561462,1.7153639513341543
-234.45847176079735,1.6614388852460695
-234.43853820598008,1.6068211584386665
-234.4186046511628,1.5515577862620928
-234.39867109634554,1.49569659895738
-234.37873754152824,1.4392862807999711
-234.358803986711,1.3823764286721194
-234.3388704318937,1.3250176361612551
-234.31893687707642,1.2672616114850943
-234.29900332225915,1.2091613406848172
-234.27906976744185,1.1507713120682423
-234.2591362126246,1.092147824547504
-234.2392026578073,1.0333494124544842
-234.21926910299004,0.974437434505572
-234.19933554817277,0.9154768979362349
-234.1794019933555,0.8565376257139148
-234.15946843853823,0.7976959343437965
-234.13953488372096,0.7390370884790901
-234.11960132890366,0.6806589663549925
-234.0996677740864,0.6226776636184923
-234.0797342192691,0.5652362924259773
-234.05980066445184,0.5085192173959183
-234.03986710963457,0.45277585873607795
-234.01993355481727,0.3983619086387229
-234.00000000000003,0.3458131871174318
-233.98006644518273,0.29598150155368796
-233.96013289036546,0.2502842131101917
-233.9401993355482,0.21112455467814975
-233.92026578073092,0.18236112386081116
-233.90033222591364,0.16889710340216432
-233.88039867109634,0.1737988193109881
-233.86046511627907,0.19518903197191764
-233.84053156146183,0.22801835794537373
-233.82059800664453,0.2676937073912424
-233.80066445182726,0.3112242364080284
-233.78073089700996,0.356847840026158
-233.7607973421927,0.4035267118070259
-233.74086378737545,0.4506265902484224
-233.72093023255815,0.49774065224735864
-233.70099667774087,0.5445946819889852
-233.6810631229236,0.5909949257248004
-233.66112956810633,0.6367984427959938
-233.64119601328906,0.6818956327957574
-233.62126245847176,0.7261995785015157
-233.6013289036545,0.7696393377348364
-233.58139534883725,0.8121555996009935
-233.56146179401995,0.8536978001341846
-233.54152823920268,0.8942221641749787
-233.52159468438538,0.9336903501550637
-233.5016611295681,0.972068496446845
-233.48172757475086,1.0093265408140193
-233.46179401993356,1.0454377291594186
-233.4418604651163,1.080378257780243
-233.42192691029902,1.1141270112959234
-233.40199335548175,1.1466653701512304
-233.38205980066448,1.177977069412365
-233.36212624584718,1.2080480958652042
-233.3421926910299,1.23686661406455
-233.32225913621266,1.2644229145227306
-233.30232558139537,1.2907093790220112
-233.2823920265781,1.3157204593211917
-233.2624584717608,1.339452666457908
-233.24252491694352,1.3619045685293554
-233.22259136212628,1.3830767953369751
-233.20265780730898,1.4029720486542325
-233.1827242524917,1.4215951171559658
-233.1627906976744,1.4389528952566684
-233.14285714285717,1.4550544052609775
-233.1229235880399,1.4699108223445703
-233.1029900332226,1.483535501966531
-233.08305647840533,1.4959440093708989
-233.06312292358803,1.5071541508699278
-233.04318936877078,1.5171860066173668
-233.0232558139535,1.5260619645786697
-233.0033222591362,1.533806755387312
-232.98338870431894,1.5404474877428003
-232.96345514950167,1.546013683956155
-232.9435215946844,1.5505373151824988
-232.92358803986713,1.5540528357964865
-232.90365448504983,1.5565972162641162
-232.88372093023258,1.558209973742971
-232.8637873754153,1.5589331995004905
-232.843853820598,1.5588115820765576
-232.82392026578074,1.557892424931452
-232.80398671096344,1.556225657113581
-232.7840531561462,1.553863835254568
-232.76411960132893,1.5508621349544882
-232.74418604651163,1.547278329361706
-232.72425249169436,1.5431727524856356
-232.7043189368771,1.5386082445161238
-232.68438538205982,1.5336500761710778
-232.66445182724254,1.5283658488704241
-232.64451827242524,1.5228253673578431
-232.624584717608,1.5171004812852036
-232.60465116279073,1.5112648922646863
-232.58471760797343,1.505393923009993
-232.56478405315616,1.4995642454625422
-232.54485049833886,1.4938535652628864
-232.52491694352162,1.4883402606115703
-232.50498338870435,1.4831029744903563
-232.48504983388705,1.4782201603989946
-232.46511627906978,1.4737695832029776
-232.4451827242525,1.4698277783655522
-232.42524916943523,1.466469474709798
-232.40531561461796,1.4637669878558137
-232.38538205980066,1.4617895935099663
-232.36544850498342,1.460602891728868
-232.34551495016612,1.4602681750040005
-232.32558139534885,1.4608418143685113
-232.30564784053158,1.4623746785744718
-232.28571428571428,1.4649116016055848
-232.26578073089703,1.4684909132900361
-232.24584717607974,1.4731440465233632
-232.22591362126246,1.4788952326226303
-232.2059800664452,1.4857612936938764
-232.18604651162792,1.4937515377464157
-232.16611295681065,1.5028677588187769
-232.14617940199338,1.5131043408102116
-232.12624584717608,1.5244484602650856
-232.10631229235884,1.5368803802467175
-232.08637873754154,1.5503738248393835
-232.06644518272427,1.5648964218587391
-232.046511627907,1.5804102001002382
-232.0265780730897,1.5968721269211599
-232.00664451827245,1.6142346720891922
-231.98671096345515,1.6324463845514676
-231.96677740863788,1.6514524699655435
-231.9468438538206,1.6711953583563126
-231.92691029900334,1.6916152529880486
-231.90697674418607,1.7126506533463497
-231.8870431893688,1.7342388469058132
-231.8671096345515,1.756316366033759
-231.84717607973425,1.7788194078888213
-231.82724252491695,1.801684216479694
-231.80730897009968,1.8248474271363309
-231.7873754152824,1.8482463745131756
-231.7674418604651,1.8718193659022284
-231.74750830564787,1.8955059221028392
-231.72757475083057,1.919246988398553
-231.7076411960133,1.942985118356337
-231.68770764119603,1.9666646332151838
-231.66777408637876,1.9902317595949743
-231.64784053156149,2.0136347481540433
-231.62790697674419,2.0368239756748254
-231.6079734219269,2.059752032876882
-231.58803986710967,2.0823738000587864
-231.56810631229237,2.1046465124648397
-231.5481727574751,2.1265298170671323
-231.5282392026578,2.1479858222535886
-231.50830564784053,2.168979141722188
-231.4883720930233,2.1894769337027493
-231.468438538206,2.209448936462029
-231.44850498338872,2.228867500895478
-231.42857142857144,2.247707620869629
-231.40863787375417,2.2659469618524
-231.3887043189369,2.2835658882528356
-231.3687707641196,2.3005474897863682
-231.34883720930233,2.3168776070850843
-231.32890365448506,2.3325448566828957
-231.3089700996678,2.347540655422242
-231.28903654485052,2.361859244250016
-231.26910299003322,2.3754977112948894
-231.24916943521595,2.388456014044888
-231.2292358803987,2.4007370003715924
-231.2093023255814,2.412346428075143
-231.18936877076413,2.4232929825511484
-231.16943521594686,2.433588292106255
-231.1495016611296,2.443246940372838
-231.12956810631232,2.4522864751949265
-231.10963455149502,2.4607274132770978
-231.08970099667775,2.468593239805762
-231.06976744186048,2.475910402168734
-231.0498338870432,2.4827082968153587
-231.02990033222594,2.4890192482166773
-231.00996677740864,2.4948784788055884
-230.99003322259136,2.500324068702393
-230.97009966777412,2.50539690396493
-230.95016611295682,2.51014061204771
-230.93023255813955,2.5146014831152166
-230.91029900332225,2.5188283758352523
-230.890365448505,2.52287260628385
-230.87043189368774,2.5267878186292165
-230.85049833887044,2.5306298363337034
-230.83056478405317,2.5344564927257065
-230.81063122923587,2.5383274399527727
-230.79069767441862,2.542303935537437
-230.77076411960135,2.5464486060223837
-230.75083056478405,2.5508251875129417
-230.73089700996678,2.5554982433036977
-230.7109634551495,2.5605328592087
-230.69102990033224,2.5659943176975633
-230.67109634551497,2.5719477524631484
-230.65116279069767,2.578457785600131
-230.63122923588043,2.5855881501410463
-230.61129568106315,2.593401301260583
-230.59136212624585,2.601958019997671
-230.57142857142858,2.6113170138362465
-230.55149501661128,2.621534518905014
-230.53156146179404,2.632663908881188
-230.51162790697677,2.6447553158907726
-230.49169435215947,2.6578552687711743
-230.4717607973422,2.6720063539866623
-230.45182724252493,2.6872469042570364
-230.43189368770766,2.703610719574292
-230.41196013289039,2.721126824749297
-230.3920265780731,2.7398192669653705
-230.37209302325584,2.7597069560407514
-230.35215946843857,2.780803549245392
-230.33222591362127,2.8031173816116866
-230.312292358804,2.8266514417584414
-230.2923588039867,2.85140339234757
-230.27242524916946,2.8773656334465882
-230.2524916943522,2.9045254063065093
-230.2325581395349,2.9328649344077773
-230.21262458471762,2.9623615980942137
-230.19269102990035,2.992988138717319
-230.17275747508307,3.024712887953656
-230.1528239202658,3.057500017834209
-230.1328903654485,3.091309807027526
-230.11295681063126,3.126098919034857
-230.09302325581396,3.161820688169064
-230.0730897009967,3.1984254094810227
-230.05315614617942,3.2358606291484007
-230.03322259136212,3.2740714322329874
-230.01328903654488,3.313000725126327
-229.99335548172758,3.3525895104235155
-229.9734219269103,3.3927771523778776
-229.95348837209303,3.433501631483845
-229.93355481727576,3.4746997871033103
-229.9136212624585,3.516307547385833
-229.89368770764122,3.558260146031711
-229.87375415282392,3.6004923257071484
-229.85382059800668,3.6429385281424875
-229.83388704318938,3.685533071128881
-229.8139534883721,3.7282103127776063
-229.79401993355484,3.7709048035231354
-229.77408637873754,3.8135514264378347
-229.7541528239203,3.85608552648827
-229.734219269103,3.898443029401698
-229.71428571428572,3.940560550831977
-229.69435215946845,3.9823754965184452
-229.67441860465118,4.0238261541233395
-229.6544850498339,4.064851777414957
-229.63455149501664,4.1053926634380264
-229.61461794019934,4.145390223281003
-229.59468438538207,4.184787047014885
-229.5747508305648,4.223526963340002
-229.55481727574752,4.261555094438446
-229.53488372093025,4.298817906490386
-229.51495016611295,4.335263256273827
-229.4950166112957,4.370840434229867
-229.4750830564784,4.405500204339324
-229.45514950166114,4.439194841122586
-229.43521594684387,4.471878164042507
-229.4152823920266,4.50350556956027
-229.39534883720933,4.534034061066705
-229.37541528239203,4.563422276886156
-229.35548172757476,4.591630516527103
-229.33554817275748,4.618620765332688
-229.3156146179402,4.6443567176656515
-229.29568106312294,4.66880379874513
-229.27574750830564,4.691929185237958
-229.25581395348837,4.713701824693501
-229.23588039867113,4.734092453899637
-229.21594684385383,4.753073616226852
-229.19601328903656,4.7706196780187495
-229.1760797342193,4.786706844079366
-229.15614617940201,4.801313172301034
-229.13621262458474,4.814418587471024
-229.11627906976744,4.826004894290206
-229.09634551495017,4.836055789633263
-229.0764119601329,4.844556874076553
-229.05647840531563,4.8514956627171815
-229.03654485049836,4.856861595304764
-229.01661129568106,4.860646045705715
-228.9966777408638,4.862842330718816
-228.97674418604655,4.863445718259824
-228.95681063122925,4.862453434932341
-228.93687707641197,4.859864673001934
-228.9169435215947,4.8556805967900285
-228.89700996677743,4.849904348504094
-228.87707641196016,4.842541053520586
-228.85714285714286,4.8335978251367555
-228.8372093023256,4.823083768807284
-228.81727574750832,4.811009985881247
-228.79734219269105,4.797389576853946
-228.77740863787378,4.782237644147402
-228.75747508305648,4.765571294431372
-228.7375415282392,4.747409640494832
-228.71760797342196,4.727773802675065
-228.69767441860466,4.706686909847808
-228.6777408637874,4.684174099977321
-228.6578073089701,4.660262520219745
-228.63787375415285,4.63498132656586
-228.61794019933558,4.608361683001093
-228.59800664451828,4.580436760150302
-228.578073089701,4.551241733362681
-228.5581395348837,4.520813780177747
-228.53820598006646,4.489192077096249
-228.5182724252492,4.456417795560133
-228.4983388704319,4.422534097022403
-228.47840531561462,4.387586126961029
-228.45847176079735,4.351621007660338
-228.43853820598008,4.314687829547963
-228.4186046511628,4.276837640835352
-228.3986710963455,4.23812343516436
-228.37873754152827,4.198600136911208
-228.358803986711,4.158324583741712
-228.3388704318937,4.11735550594774
-228.31893687707642,4.075753502024272
-228.29900332225913,4.033581009868866
-228.27906976744188,3.9909022729008985
-228.2591362126246,3.9477833003070515
-228.2392026578073,3.9042918205223462
-228.21926910299004,3.86049722695412
-228.19933554817277,3.8164705148502986
-228.1794019933555,3.772284208105887
-228.15946843853823,3.728012274694966
-228.13953488372093,3.6837300293130006
-228.11960132890368,3.639514021720651
-228.0996677740864,3.595441909200408
-228.0797342192691,3.55159231147788
-228.05980066445184,3.5080446464277384
-228.03986710963454,3.464878944889119
-228.0199335548173,3.422175642965561
-228.00000000000003,3.3800153502916914
-227.98006644518273,3.3384785929227556
-227.96013289036546,3.297645529755422
-227.9401993355482,3.257595641728814
-227.92026578073092,3.218407393492622
-227.90033222591364,3.18015786777067
-227.88039867109634,3.1429223732962277
-227.86046511627907,3.1067740279479823
-227.8405315614618,3.071783319564197
-227.82059800664453,3.038017647842708
-227.80066445182726,3.005540851721661
-227.78073089700996,2.974412727648728
-227.76079734219272,2.9446885451443023
-227.74086378737542,2.9164185669983236
-227.72093023255815,2.88964758225739
-227.70099667774087,2.864414460801505
-227.6810631229236,2.8407517387218735
-227.66112956810633,2.818685243841534
-227.64119601328906,2.798233770527486
-227.62126245847176,2.7794088123996015
-227.6013289036545,2.762214360639092
-227.58139534883722,2.7466467743507317
-227.56146179401995,2.7326947278736196
-227.54152823920268,2.7203392381225022
-227.52159468438538,2.709553773052047
-227.50166112956813,2.700304440260391
-227.48172757475083,2.692550252684339
-227.46179401993356,2.6862434663857555
-227.4418604651163,2.6813299836787454
-227.42192691029902,2.677749813378176
-227.40199335548175,2.6754375788212115
-227.38205980066448,2.6743230635603155
-227.36212624584718,2.6743317842615197
-227.3421926910299,2.675385580353579
-227.32225913621264,2.677403210331773
-227.30232558139537,2.680300945275585
-227.2823920265781,2.6839931510348696
-227.2624584717608,2.688392851608832
-227.24252491694355,2.693412267421745
-227.22259136212625,2.698963323426353
-227.20265780730898,2.7049581231858886
-227.1827242524917,2.71130938625237
-227.16279069767444,2.7179308472366546
-227.14285714285717,2.724737615929464
-227.12292358803987,2.7316464986665157
-227.1029900332226,2.7385762818283457
-227.08305647840533,2.7454479789270456
-227.06312292358805,2.7521850431636823
-227.04318936877078,2.7587135476526656
-227.02325581395348,2.7649623357149764
-227.0033222591362,2.7708631437562614
-226.98338870431897,2.776350699282346
-226.96345514950167,2.7813627965789616
-226.9435215946844,2.78584035250755
-226.92358803986713,2.7897274447571
-226.90365448504986,2.792971334754313
-226.88372093023258,2.7955224772795204
-226.86378737541528,2.797334518671852
-226.843853820598,2.798364285340046
-226.82392026578074,2.798571764129888
-226.80398671096347,2.7979200759393392
-226.7840531561462,2.796375443820489
-226.7641196013289,2.7939071566654214
-226.74418604651163,2.7904875294421916
-226.7242524916944,2.786091860827597
-226.7043189368771,2.78069838897596
-226.68438538205982,2.774288246067089
-226.66445182724254,2.7668454121917447
-226.64451827242527,2.7583566690590686
-226.624584717608,2.748811553945944
-226.6046511627907,2.738202314253718
-226.58471760797343,2.726523862991133
-226.56478405315616,2.7137737354638274
-226.5448504983389,2.699952047419052
-226.52491694352162,2.6850614548689826
-226.50498338870432,2.6691071157962774
-226.48504983388705,2.652096653930758
-226.4651162790698,2.6340401247755607
-226.4451827242525,2.614949984054652
-226.42524916943523,2.5948410587496884
-226.40531561461793,2.5737305208935406
-226.38538205980066,2.5516378642886033
-226.36544850498342,2.52858488432051
-226.34551495016612,2.5045956610407565
-226.32558139534885,2.479696545694931
-226.30564784053155,2.4539161508752003
-226.2857142857143,2.4272853444758966
-226.26578073089703,2.399837247628216
-226.24584717607974,2.3716072367825944
-226.22591362126246,2.342632950093731
-226.2059800664452,2.3129542982415825
-226.18604651162792,2.2826134797889375
-226.16611295681065,2.25165500113027
-226.14617940199335,2.220125701023123
-226.12624584717608,2.188074779608592
-226.10631229235884,2.1555538317161163
-226.08637873754154,2.122616884104627
-226.06644518272427,2.089320436109272
-226.04651162790697,2.0557235029339127
-226.02657807308972,2.0218876605449894
-226.00664451827245,1.9878770907731784
-225.98671096345515,1.9537586248056573
-225.96677740863788,1.919601782744123
-225.9468438538206,1.8854788063027785
-225.92691029900334,1.8514646810198596
-225.90697674418607,1.817637143551948
-225.88704318936877,1.784076668715601
-225.8671096345515,1.7508664299463559
-225.84717607973425,1.71809222578484
-225.82724252491695,1.6858423639138727
-225.80730897009968,1.6542074932201711
-225.78737541528238,1.6232803734278365
-225.76744186046514,1.5931555711655847
-225.74750830564787,1.5639290710361808
-225.72757475083057,1.5356977905362916
-225.7076411960133,1.5085589887335151
-225.68770764119603,1.48260956066156
-225.66777408637876,1.457945212645845
-225.64784053156149,1.4346595183755215
-225.62790697674419,1.412842861554337
-225.6079734219269,1.39258127831185
-225.58803986710964,1.3739552209642276
-225.56810631229237,1.3570382736814328
-225.5481727574751,1.3418958594110793
-225.5282392026578,1.3285839850944359
-225.50830564784056,1.3171480777414637
-225.48837209302326,1.3076219662867792
-225.468438538206,1.3000270625044605
-225.44850498338872,1.2943717881737367
-225.42857142857144,1.290651285239626
-225.40863787375417,1.288847431574875
-225.3887043189369,1.288929168342048
-225.3687707641196,1.2908531274943884
-225.34883720930233,1.2945645314109346
-225.32890365448506,1.2999983226795055
-225.3089700996678,1.3070804718875482
-225.28903654485052,1.315729405668919
-225.26910299003322,1.3258574962890697
-225.24916943521598,1.3373725572768909
-225.22923588039868,1.3501792961621997
-225.2093023255814,1.364180684158346
-225.18936877076413,1.379279212507796
-225.16943521594686,1.3953780151683999
-225.1495016611296,1.41238184675853
-225.12956810631232,1.4301979126573885
-225.10963455149502,1.4487365545831739
-225.08970099667775,1.467911799771717
-225.06976744186048,1.487641785137785
-225.0498338870432,1.5078490697103233
-225.02990033222594,1.528460849433984
-225.00996677740864,1.549409088377639
-224.9900332225914,1.5706305797272682
-224.9700996677741,1.5920669488753336
-224.95016611295682,1.6136646096238265
-224.93023255813955,1.635374683125854
-224.91029900332228,1.6571528877985324
-224.890365448505,1.67895940711317
-224.8704318936877,1.7007587409498957
-224.85049833887044,1.7225195451137563
-224.83056478405317,1.744214462657825
-224.8106312292359,1.7658199498437201
-224.79069767441862,1.7873160988845063
-224.77076411960132,1.8086864590481972
-224.75083056478405,1.829917857239501
-224.7308970099668,1.8510002188097994
-224.7109634551495,1.8719263890581843
-224.69102990033224,1.8926919556680921
-224.67109634551497,1.9132950721636144
-224.65116279069767,1.9337362823578934
-224.63122923588043,1.9540183456950573
-224.61129568106313,1.9741460633495456
-224.59136212624585,1.9941261049366874
-224.57142857142858,2.0139668357007916
-224.5514950166113,2.0336781440776166
-224.53156146179404,2.0532712695725466
-224.51162790697674,2.0727586309517845
-224.49169435215947,2.092153654807491
-224.47176079734223,2.111470604627089
-224.45182724252493,2.130724410569413
-224.43189368770766,2.149930500223813
-224.41196013289039,2.169104630700384
-224.3920265780731,2.1882627224691733
-224.37209302325584,2.2074206954306645
-224.35215946843854,2.2265943077578463
-224.33222591362127,2.2457989981009545
-224.312292358804,2.265049731786582
-224.29235880398673,2.2843608516738616
-224.27242524916946,2.3037459343495197
-224.25249169435216,2.323217652351075
-224.2325581395349,2.3427876431022643
-224.21262458471764,2.3624663852268952
-224.19269102990035,2.382263082877413
-224.17275747508307,2.4021855586719996
-224.15282392026577,2.4222401557811857
-224.1328903654485,2.4424316496408958
-224.11295681063126,2.462763169697163
-224.09302325581396,2.4832361315076765
-224.0730897009967,2.503850179440351
-224.0531561461794,2.5246031401198024
-224.03322259136215,2.5454909866817275
-224.01328903654488,2.566507813803805
-223.99335548172758,2.5876458233924784
-223.9734219269103,2.6088953207185934
-223.95348837209303,2.630244720714191
-223.93355481727576,2.651680564067618
-223.9136212624585,2.6731875426870664
-223.8936877076412,2.694748534043725
-223.87375415282392,2.7163446438559617
-223.85382059800668,2.737955256535318
-223.83388704318938,2.759558092784561
-223.8139534883721,2.7811292737163633
-223.7940199335548,2.8026433908492017
-223.77408637873756,2.824073581333433
-223.7541528239203,2.8453916077651225
-223.734219269103,2.866567941957034
-223.71428571428572,2.887571852054523
-223.69435215946845,2.9083714924080137
-223.67441860465118,2.9289339956423217
-223.6544850498339,2.949225566395433
-223.6345514950166,2.9692115762345104
-223.61461794019934,2.988856659294275
-223.5946843853821,3.008124808221419
-223.5747508305648,3.0269794700476935
-223.55481727574752,3.0453836416536912
-223.53488372093022,3.063299964523381
-223.51495016611298,3.0806908185275073
-223.4950166112957,3.0975184145094286
-223.4750830564784,3.1137448854820238
-223.45514950166114,3.129332376276286
-223.43521594684387,3.14424313151334
-223.4152823920266,3.1584395817996174
-223.39534883720933,3.171884428071828
-223.37541528239203,3.184540724042221
-223.35548172757476,3.1963719567175883
-223.33554817275748,3.2073421249854914
-223.3156146179402,3.2174158162803908
-223.29568106312294,3.226558281359238
-223.27574750830564,3.234735507232385
-223.2558139534884,3.2419142883097765
-223.2358803986711,3.2480622958366157
-223.21594684385383,3.2531481457051847
-223.19601328903656,3.257141464741966
-223.1760797342193,3.260012955581324
-223.15614617940201,3.261734460248662
-223.13621262458474,3.262279022588352
-223.11627906976744,3.2616209496837323
-223.09634551495017,3.2597358724300496
-223.0764119601329,3.2566008054346813
-223.05647840531563,3.252194206434577
-223.03654485049836,3.2464960354371595
-223.01661129568106,3.239487813809582
-222.99667774086382,3.231152683561775
-222.97674418604652,3.221475467091645
-222.95681063122925,3.210442727687084
-222.93687707641197,3.198042831108625
-222.91694352159467,3.1842660086097663
-222.89700996677743,3.169104421789958
-222.87707641196016,3.152552229717547
-222.85714285714286,3.134605658808713
-222.8372093023256,3.1152630760030253
-222.81727574750832,3.0945250658387096
-222.79734219269105,3.0723945121008454
-222.77740863787378,3.048876684795639
-222.75747508305648,3.0239793332938665
-222.73754152823923,2.99771278658822
-222.71760797342193,2.9700900617237314
-222.69767441860466,2.9411269815890684
-222.6777408637874,2.9108423034005417
-222.6578073089701,2.8792578593714437
-222.63787375415285,2.846398711237574
-222.61794019933555,2.8122933205071114
-222.59800664451828,2.7769737365181317
-222.578073089701,2.7404758046208815
-222.55813953488374,2.70283939705112
-222.53820598006646,2.6641086693224
-222.51827242524917,2.624332345231579
-222.4983388704319,2.583564033833567
-222.47840531561465,2.541862581980964
-222.45847176079735,2.4992924662195732
-222.43853820598008,2.455924227947309
-222.4186046511628,2.41183495573467
-222.3986710963455,2.3671088185046028
-222.37873754152827,2.3218376527891667
-222.35880398671097,2.2761216064012646
-222.3388704318937,2.2300698394253624
-222.31893687707642,2.1838012812399765
-222.29900332225915,2.137445439081849
-222.27906976744188,2.091143249135026
-222.25913621262458,2.0450479549096032
-222.2392026578073,1.999325989352807
-222.21926910299007,1.9541578262890826
-222.19933554817277,1.9097387530492527
-222.1794019933555,1.8662794993228764
-222.15946843853823,1.8240066374922321
-222.13953488372093,1.7831626477099953
-222.11960132890368,1.7440055184032413
-222.09966777408638,1.7068077326361077
-222.0797342192691,1.6718544773499837
-222.05980066445184,1.6394409121525666
-222.03986710963457,1.60986835467302
-222.0199335548173,1.5834392885074873
-222.0,1.5604511837082706
-221.98006644518273,1.5411892401589116
-221.9601328903655,1.5259183143780932
-221.9401993355482,1.5148744527980886
-221.92026578073092,1.5082566008929283
-221.90033222591362,1.5062191523995199
-221.88039867109634,1.508866012980239
-221.8604651162791,1.5162467582097954
-221.8405315614618,1.5283552702855445
-221.82059800664453,1.5451309714700507
-221.80066445182723,1.5664624852685296
-221.78073089701,1.59219330478767
-221.76079734219272,1.6221288767341135
-221.74086378737542,1.656044441186643
-221.72093023255815,1.6936929976497732
-221.70099667774087,1.734812872738266
-221.6810631229236,1.7791345103643785
-221.66112956810633,1.82638625880617
-221.64119601328903,1.8762990660301835
-221.62126245847176,1.9286101013933263
-221.60132890365452,1.983065394338727
-221.58139534883722,2.0394216217187418
-221.56146179401995,2.0974471913048696
-221.54152823920265,2.1569227672715163
-221.5215946843854,2.217641370738269
-221.50166112956813,2.279408170199231
-221.48172757475083,2.3420400566696755
-221.46179401993356,2.405365079060624
-221.4418604651163,2.4692217979876503
-221.42192691029902,2.533458601507938
-221.40199335548175,2.5979330142510193
-221.38205980066445,2.662511021877872
-221.36212624584718,2.7270664254508583
-221.34219269102994,2.7914802347618117
-221.32225913621264,2.8556401055960037
-221.30232558139537,2.919439822991821
-221.28239202657807,2.982778830522988
-221.26245847176082,3.0455618042645156
-221.24252491694355,3.107698269231363
-221.22259136212625,3.169102255565599
-221.20265780730898,3.229691991489947
-221.18272425249168,3.2893896299656262
-221.16279069767444,3.3481210060326783
-221.14285714285717,3.4058154219290526
-221.12292358803987,3.4624054572506586
-221.1029900332226,3.5178268016065664
-221.08305647840533,3.5720181074263944
-221.06312292358805,3.6249208607811196
-221.04318936877078,3.6764792682765495
-221.02325581395348,3.72664015826714
-221.00332225913624,3.7753528948138726
-220.98338870431894,3.822569302972468
-220.96345514950167,3.8682436041471147
-220.9435215946844,3.912332360380369
-220.9235880398671,3.954794426572195
-220.90365448504986,3.9955909097317943
-220.88372093023258,4.034685134464995
-220.86378737541528,4.072042613989164
-220.843853820598,4.107631026047438
-220.82392026578074,4.141420193165692
-220.80398671096347,4.173382066759748
-220.7840531561462,4.203490714657859
-220.7641196013289,4.2317223116550915
-220.74418604651166,4.258055132762681
-220.72425249169436,4.282469548857263
-220.7043189368771,4.304948024472465
-220.68438538205982,4.325475117509852
-220.66445182724252,4.344037480677048
-220.64451827242527,4.360623864489336
-220.624584717608,4.375225121697094
-220.6046511627907,4.387834213025255
-220.58471760797343,4.398446214133214
-220.56478405315616,4.4070583237242635
-220.5448504983389,4.413669872752807
-220.52491694352162,4.418282334695878
-220.50498338870432,4.420899336872661
-220.48504983388708,4.421526672811877
-220.46511627906978,4.420172315682834
-220.4451827242525,4.416846432820511
-220.42524916943523,4.411561401389838
-220.40531561461793,4.404331825248005
-220.3853820598007,4.3951745530770605
-220.3654485049834,4.384108697872063
-220.34551495016612,4.371155657882298
-220.32558139534885,4.356339139114831
-220.30564784053158,4.3396851795207265
-220.2857142857143,4.3212221749942765
-220.265780730897,4.300980907324595
-220.24584717607974,4.278994574246569
-220.2259136212625,4.255298821743744
-220.2059800664452,4.229931778759492
-220.18604651162792,4.202934094473271
-220.16611295681065,4.174348978296126
-220.14617940199335,4.14422224273223
-220.1262458471761,4.112602349240543
-220.1063122923588,4.0795404572114276
-220.08637873754154,4.045090476145153
-220.06644518272427,4.009309121081827
-220.046511627907,3.972255971282353
-220.02657807308972,3.9339935320957657
-220.00664451827242,3.894587299866374
-219.98671096345515,3.8541058296315254
-219.9667774086379,3.8126208052336863
-219.9468438538206,3.7702071113143476
-219.92691029900334,3.7269429064678516
-219.90697674418607,3.682909696604627
-219.88704318936877,3.6381924073009477
-219.86710963455153,3.5928794535895614
-219.84717607973423,3.547062805267307
-219.82724252491695,3.50083804535671
-219.80730897009968,3.4543044188542367
-219.7873754152824,3.407564868325319
-219.76744186046514,3.3607260522659743
-219.74750830564784,3.3138983414453365
-219.72757475083057,3.2671957876821724
-219.70764119601333,3.220736058706299
-219.68770764119603,3.1746403319372036
-219.66777408637876,3.1290331392124844
-219.64784053156146,3.0840421537659584
-219.62790697674419,3.0397979101528927
-219.60797342192694,2.996433447427489
-219.58803986710964,2.9540838657911044
-219.56810631229237,2.912885787259874
-219.54817275747507,2.872976711768064
-219.52823920265783,2.834494261653488
-219.50830564784056,2.79757530977912
-219.48837209302326,2.76235498972321
-219.468438538206,2.7289655905671153
-219.44850498338872,2.6975353438094256
-219.42857142857144,2.6681871157326085
-219.40863787375417,2.641037024933461
-219.38870431893687,2.6161930113725487
-219.3687707641196,2.5937533897575515
-219.34883720930236,2.5738054258113103
-219.32890365448506,2.5564239783944025
-219.3089700996678,2.5416702529662243
-219.2890365448505,2.529590711971047
-219.26910299003325,2.52021618508135
-219.24916943521598,2.5135612167078234
-219.22923588039868,2.5096236799627336
-219.2093023255814,2.5083846758033754
-219.18936877076413,2.5098087241072995
-219.16943521594686,2.5138442408503483
-219.1495016611296,2.5204242833599233
-219.1295681063123,2.529467534745721
-219.10963455149502,2.5408794898583635
-219.08970099667778,2.554553799038225
-219.06976744186048,2.570373722746426
-219.0498338870432,2.5882136498757427
-219.0299003322259,2.6079406348233105
-219.00996677740866,2.629415912781607
-218.9900332225914,2.6524963585730816
-218.9700996677741,2.6770358610938185
-218.95016611295682,2.7028865924601937
-218.93023255813952,2.7299001577785007
-218.91029900332228,2.7579286177055566
-218.890365448505,2.78682538139057
-218.8704318936877,2.8164459718520716
-218.85049833887044,2.8466486693152566
-218.83056478405317,2.8772950405574154
-218.8106312292359,2.908250363975044
-218.79069767441862,2.93938396101979
-218.77076411960132,2.970569444986697
-218.75083056478408,3.0016848980106263
-218.73089700996678,3.032612986659567
-218.7109634551495,3.0632410258127734
-218.69102990033224,3.093460999668612
-218.67109634551494,3.1231695478115418
-218.6511627906977,3.152267923335249
-218.63122923588043,3.1806619291086426
-218.61129568106313,3.208261837411066
-218.59136212624585,3.2349822973687403
-218.57142857142858,3.2607422339067273
-218.5514950166113,3.28546474129214
-218.53156146179404,3.309076973784463
-218.51162790697674,3.3315100354245986
-218.4916943521595,3.352698870579777
-218.4717607973422,3.3725821565106386
-218.45182724252493,3.391102198933378
-218.43189368770766,3.408204831306424
-218.41196013289036,3.423839318371748
-218.39202657807311,3.4379582643197306
-218.37209302325584,3.4505175258176144
-218.35215946843854,3.4614761300405923
-218.33222591362127,3.4707961977670942
-218.312292358804,3.4784428715419167
-218.29235880398673,3.4843842488700276
-218.27242524916946,3.4885913203763197
-218.25249169435216,3.491037912851593
-218.23255813953492,3.4917006370991066
-218.21262458471762,3.490558840499344
-218.19269102990035,3.487594564220343
-218.17275747508307,3.482792505017667
-218.15282392026577,3.476139981590135
-218.13289036544853,3.4676269054847246
-218.11295681063123,3.457245756576579
-218.09302325581396,3.4449915631873527
-218.0730897009967,3.4308618869475933
-218.05315614617942,3.4148568125569128
-218.03322259136215,3.396978942649379
-218.01328903654485,3.3772333980322697
-217.99335548172758,3.3556278236339803
-217.9734219269103,3.3321724005737283
-217.95348837209303,3.3068798648517457
-217.93355481727576,3.2797655332566844
-217.9136212624585,3.250847337197984
-217.8936877076412,3.2201458652975257
-217.87375415282395,3.1876844157196107
-217.85382059800665,3.153489059383995
-217.83388704318938,3.1175887153968787
-217.8139534883721,3.0800152402534717
-217.79401993355484,3.040803532617684
-217.77408637873756,2.999991655774478
-217.75415282392026,2.9576209801847226
-217.734219269103,2.913736348957499
-217.71428571428572,2.868386269497133
-217.69435215946845,2.821623135090356
-217.67441860465118,2.7735034807790404
-217.6544850498339,2.724088278523933
-217.6345514950166,2.673443277409565
-217.61461794019937,2.6216393954723487
-217.59468438538207,2.5687531706503544
-217.5747508305648,2.514867279342141
-217.55481727574752,2.460071132097792
-217.53488372093025,2.404461557000674
-217.51495016611298,2.34814358225337
-217.49501661129568,2.2912313302285314
-217.4750830564784,2.233849035586617
-217.45514950166114,2.176132199702401
-217.43521594684387,2.11822889214456
-217.4152823920266,2.060301206695562
-217.3953488372093,2.0025268735098516
-217.37541528239203,1.9451010193017202
-217.35548172757478,1.8882380523716997
-217.33554817275748,1.832173626867863
-217.3156146179402,1.7771666086482896
-217.2956810631229,1.723500921076353
-217.27574750830567,1.6714870910931054
-217.2558139534884,1.6214632434793612
-217.2358803986711,1.5737952069864316
-217.21594684385383,1.5288753081837494
-217.19601328903656,1.4871193541525638
-217.1760797342193,1.4489612713234266
-217.15614617940201,1.414844913883292
-217.13621262458472,1.3852127264607637
-217.11627906976744,1.3604912796690136
-217.0963455149502,1.3410741996989952
-217.0764119601329,1.3273036317232914
-217.05647840531563,1.319451982773042
-217.03654485049833,1.3177060932517566
-217.0166112956811,1.322155995898549
-216.99667774086382,1.332789934136918
-216.97674418604652,1.349496389847873
-216.95681063122925,1.3720727445661938
-216.93687707641197,1.4002391834772931
-216.9169435215947,1.4336558153900016
-216.89700996677743,1.4719408380813985
-216.87707641196013,1.5146878678583164
-216.85714285714286,1.5614811024994741
-216.83720930232562,1.6119076031769741
-216.81727574750832,1.665566516219175
-216.79734219269105,1.7220754362823596
-216.77740863787375,1.7810743294985223
-216.7574750830565,1.842227517831159
-216.73754152823923,1.9052242171794707
-216.71760797342193,1.9697780620031622
-216.69767441860466,2.035625968723122
-216.67774086378736,2.102526608218344
-216.65780730897012,2.1702586847050824
-216.63787375415285,2.238619158272626
-216.61794019933555,2.307421501792503
-216.59800664451828,2.376494048383309
-216.578073089701,2.4456784609636593
-216.55813953488374,2.5148283384635812
-216.53820598006646,2.5838079620384495
-216.51827242524917,2.6524911775451336
-216.49833887043192,2.7207604063584676
-216.47840531561462,2.7885057744046757
-216.45847176079735,2.855624348395294
-216.43853820598008,2.922019468187164
-216.41860465116278,2.9876001646424624
-216.39867109634554,3.0522806530950843
-216.37873754152827,3.115979893399798
-216.35880398671097,3.1786212084532997
-216.3388704318937,3.240131953974111
-216.31893687707642,3.300443233176947
-216.29900332225915,3.359489650759192
-216.27906976744188,3.417209101324561
-216.25913621262458,3.473542588001743
-216.2392026578073,3.528434067575829
-216.21926910299004,3.5818303189436347
-216.19933554817277,3.6336808321359357
-216.1794019933555,3.6839377155271937
-216.1594684385382,3.7325556191824996
-216.13953488372096,3.7794916725783576
-216.11960132890368,3.8247054351839647
-216.09966777408638,3.868158858607648
-216.0797342192691,3.9098162592037884
-216.05980066445184,3.949644300202408
-216.03986710963457,3.9876119825701624
-216.0199335548173,4.023690643940756
-216.0,4.057853965067293
-215.98006644518273,4.090077983350836
-215.96013289036546,4.120341113090837
-215.9401993355482,4.14862417218496
-215.92026578073092,4.174910415080534
-215.90033222591362,4.199185571847746
-215.88039867109637,4.221437893307188
-215.86046511627907,4.241658202202329
-215.8405315614618,4.259839950461341
-215.82059800664453,4.275979282643174
-215.80066445182726,4.290075105710269
-215.78073089701,4.3021291653147795
-215.7607973421927,4.312146128827281
-215.74086378737542,4.320133675375935
-215.72093023255815,4.326102593200346
-215.70099667774087,4.330066884657023
-215.6810631229236,4.332043879242128
-215.66112956810633,4.332054355020853
-215.64119601328903,4.330122668870375
-215.6212624584718,4.326276895953225
-215.6013289036545,4.3205489788380875
-215.58139534883722,4.312974886673234
-215.56146179401995,4.303594784790985
-215.54152823920268,4.292453215075745
-215.5215946843854,4.27959928735992
-215.5016611295681,4.265086882015018
-215.48172757475083,4.248974863774082
-215.46179401993356,4.231327306649248
-215.4418604651163,4.212213729585671
-215.42192691029902,4.191709342211974
-215.40199335548175,4.169895299696084
-215.38205980066445,4.146858965283375
-215.3621262458472,4.122694178568041
-215.3421926910299,4.097501526916126
-215.32225913621264,4.071388616706753
-215.30232558139537,4.0444703401745645
-215.2823920265781,4.016869132611743
-215.26245847176082,3.988715213515854
-215.24252491694352,3.960146803950286
-215.22259136212625,3.9313103109256087
-215.20265780730898,3.9023604680335127
-215.1827242524917,3.873460419906521
-215.16279069767444,3.8447817363930468
-215.14285714285714,3.816504340710328
-215.12292358803987,3.7888163343769468
-215.10299003322262,3.7619137005742433
-215.08305647840533,3.7359998669162415
-215.06312292358805,3.7112851086243044
-215.04318936877075,3.6879857740330118
-215.0232558139535,3.6663233164320426
-215.00332225913624,3.6465231196979535
-214.98338870431894,3.6288131101692427
-214.96345514950167,3.6134221538708764
-214.9435215946844,3.6005782464816165
-214.92358803986713,3.5905065131835068
-214.90365448504986,3.5834270463679583
-214.88372093023256,3.579552620520285
-214.86378737541528,3.5790863346887303
-214.84385382059804,3.5822192428343635
-214.82392026578074,3.589128040047525
-214.80398671096347,3.5999728771333332
-214.78405315614617,3.6148953766099754
-214.76411960132893,3.634016919225274
-214.74418604651166,3.6574372615854953
-214.72425249169436,3.685233532779819
-214.7043189368771,3.7174596418097883
-214.68438538205982,3.7541461094143727
-214.66445182724254,3.7953003189758086
-214.64451827242527,3.8409071631166407
-214.62458471760797,3.8909300467401082
-214.6046511627907,3.9453121947166
-214.58471760797346,4.003978203867897
-214.56478405315616,4.066835774590139
-214.5448504983389,4.133777557208227
-214.5249169435216,4.204683051445689
-214.50498338870432,4.279420503471831
-214.48504983388708,4.35784875298717
-214.46511627906978,4.439818991864852
-214.4451827242525,4.525176405202658
-214.4252491694352,4.613761674622809
-214.40531561461796,4.705412331821399
-214.3853820598007,4.7999639574189334
-214.3654485049834,4.89725122595614
-214.34551495016612,4.997108802392889
-214.32558139534885,5.09937209877399
-214.30564784053158,5.203877901952347
-214.2857142857143,5.310464884569033
-214.265780730897,5.418974012053364
-214.24584717607974,5.529248858390464
-214.22591362126246,5.641135842961303
-214.2059800664452,5.754484400021931
-214.18604651162792,5.8691470914634705
-214.16611295681062,5.984979672468815
-214.14617940199338,6.1018411186222785
-214.1262458471761,6.219593621982602
-214.1063122923588,6.338102562631746
-214.08637873754154,6.457236461282999
-214.06644518272427,6.5768669176847885
-214.046511627907,6.6968685387962195
-214.02657807308972,6.817118860037899
-214.00664451827242,6.937498262332914
-213.98671096345515,7.057889887143927
-213.96677740863788,7.178179551275724
-213.9468438538206,7.298255662841444
-213.92691029900334,7.418009139477921
-213.90697674418604,7.537333329633759
-213.8870431893688,7.6561239375364885
-213.86710963455153,7.774278952266029
-213.84717607973423,7.89169858121548
-213.82724252491695,8.008285188101622
-213.80730897009968,8.123943235592682
-213.7873754152824,8.238579232545172
-213.76744186046514,8.35210168578294
-213.74750830564784,8.464421056305875
-213.72757475083057,8.575449719781481
-213.7076411960133,8.685101931147623
-213.68770764119603,8.793293793136662
-213.66777408637876,8.899943228520051
-213.64784053156146,9.004969955865207
-213.6279069767442,9.108295468593685
-213.6079734219269,9.209843017129714
-213.58803986710964,9.309537593930303
-213.56810631229237,9.40730592119245
-213.5481727574751,9.503076441038344
-213.52823920265783,9.596779307985765
-213.50830564784053,9.688346383518192
-213.48837209302326,9.777711232576348
-213.468438538206,9.864809121800935
-213.44850498338872,9.949577019363922
-213.42857142857144,10.031953596233745
-213.40863787375417,10.111879228727382
-213.38870431893687,10.189296002209932
-213.36877076411963,10.264147715809502
-213.34883720930233,10.336379888022428
-213.32890365448506,10.405939763090588
-213.3089700996678,10.472776318039013
-213.28903654485052,10.536840270268367
-213.26910299003325,10.598084085602629
-213.24916943521595,10.65646198669797
-213.22923588039868,10.71192996172428
-213.2093023255814,10.764445773235545
-213.18936877076413,10.813968967150487
-213.16943521594686,10.86046088176898
-213.1495016611296,10.903884656754311
-213.1295681063123,10.944205242015425
-213.10963455149505,10.981389406426796
-213.08970099667775,11.01540574632778
-213.06976744186048,11.046224693746069
-213.0498338870432,11.073818524293722
-213.02990033222594,11.098161364686998
-213.00996677740866,11.119229199844218
-212.99003322259136,11.136999879518827
-212.9700996677741,11.151453124427293
-212.95016611295682,11.162570531834191
-212.93023255813955,11.170335580559104
-212.91029900332228,11.174733635372537
-212.89036544850498,11.175751950749879
-212.8704318936877,11.173379673955155
-212.85049833887047,11.167607847427762
-212.83056478405317,11.158429410447955
-212.8106312292359,11.145839200058349
-212.7906976744186,11.129833951220906
-212.77076411960132,11.1104122961905
-212.75083056478408,11.087574763088082
-212.73089700996678,11.06132377365818
-212.7109634551495,11.031663640197205
-212.69102990033224,10.998600561640764
-212.67109634551497,10.96214261879988
-212.6511627906977,10.922299768737728
-212.6312292358804,10.879083838280154
-212.61129568106313,10.832508516655032
-212.59136212624588,10.782589347257106
-212.57142857142858,10.729343718536908
-212.5514950166113,10.672790854013925
-212.531561461794,10.612951801416157
-212.51162790697674,10.549849420950075
-212.4916943521595,10.483508372706922
-212.4717607973422,10.413955103213372
-212.45182724252493,10.34121783113675
-212.43189368770766,10.2653265321572
-212.41196013289039,10.186312923021745
-212.39202657807311,10.104210444797657
-212.37209302325581,10.019054245345378
-212.35215946843854,9.930881161034328
-212.3322259136213,9.839729697728055
-212.312292358804,9.745640011068957
-212.29235880398673,9.648653886096644
-212.27242524916943,9.54881471623843
-212.25249169435216,9.44616748171535
-212.23255813953492,9.340758727412474
-212.21262458471762,9.23263654026845
-212.19269102990035,9.121850526246128
-212.17275747508305,9.008451786953872
-212.1528239202658,8.892492895996188
-212.13289036544853,8.774027875142284
-212.11295681063123,8.653112170412996
-212.09302325581396,8.529802628199922
-212.0730897009967,8.404157471546048
-212.05315614617942,8.276236276735236
-212.03322259136215,8.14609995035884
-212.01328903654485,8.013810707052375
-211.99335548172758,7.879432048123573
-211.9734219269103,7.743028741327348
-211.95348837209303,7.604666802082666
-211.93355481727576,7.464413476474067
-211.91362126245846,7.322337226436351
-211.89368770764122,7.178507717588464
-211.87375415282395,7.032995810262815
-211.85382059800665,6.885873554373143
-211.83388704318938,6.737214188880714
-211.8139534883721,6.587092146760504
-211.79401993355484,6.4355830665411276
-211.77408637873756,6.2827638117034565
-211.75415282392026,6.128712499481345
-211.734219269103,5.9735085409276545
-211.71428571428572,5.81723269450448
-211.69435215946845,5.659967135949736
-211.67441860465118,5.501795547789886
-211.65448504983388,5.342803232646059
-211.63455149501664,5.183077255464826
-211.61461794019937,5.022706621058038
-211.59468438538207,4.861782494940867
-211.5747508305648,4.7003984775256455
-211.55481727574752,4.538650944412632
-211.53488372093025,4.376639469023179
-211.51495016611298,4.214467348430415
-211.49501661129568,4.052242259348636
-211.4750830564784,3.890077079393122
-211.45514950166114,3.7280909196840626
-211.43521594684387,3.566410429727753
-211.4152823920266,3.4051714558115647
-211.3953488372093,3.2445211621086423
-211.37541528239205,3.0846207624895556
-211.35548172757476,2.9256490652750395
-211.33554817275748,2.7678071094630674
-211.3156146179402,2.6113242788304727
-211.29568106312294,2.4564664331875345
-211.27574750830567,2.3035468124036003
-211.25581395348837,2.1529407724066014
-211.2358803986711,2.0051058296891444
-211.21594684385383,1.8606090397640431
-211.19601328903656,1.7201643901035928
-211.1760797342193,1.584683489430397
-211.15614617940201,1.4553428690798105
-211.13621262458472,1.333669338040456
-211.11627906976747,1.2216380355160923
-211.09634551495017,1.1217605050910056
-211.0764119601329,1.0371054410666107
-211.05647840531563,0.9711454800514696
-211.03654485049833,0.9273008031530409
-211.0166112956811,0.9081548026533958
-210.9966777408638,0.9146064864943618
-210.97674418604652,0.9454708148119849
-210.95681063122925,0.9978325902188276
-210.93687707641197,1.0679016289173031
-210.9169435215947,1.1518442585658806
-210.89700996677743,1.2462822939316092
-210.87707641196013,1.348463724023022
-210.8571428571429,1.456239332110314
-210.8372093023256,1.5679631413183313
-210.81727574750832,1.6823816057683356
-210.79734219269105,1.7985374067400863
-210.77740863787375,1.9156939006374705
-210.7574750830565,2.033278479812809
-210.7375415282392,2.1508409930253407
-210.71760797342193,2.268023447360722
-210.69767441860466,2.38453792751413
-210.6777408637874,2.500150431893167
-210.65780730897012,2.614668958392765
-210.63787375415282,2.7279346505244595
-210.61794019933555,2.8398151598472294
-210.5980066445183,2.9501996252050606
-210.578073089701,3.0589948411415
-210.55813953488374,3.1661223085086654
-210.53820598006644,3.2715159452249476
-210.51827242524917,3.3751202952474917
-210.49833887043192,3.4768891166532496
-210.47840531561462,3.576784260464574
-210.45847176079735,3.6747747740972176
-210.43853820598008,3.77083617953088
-210.4186046511628,3.8649498882293525
-210.39867109634554,3.95710272367614
-210.37873754152824,4.047286528992067
-210.35880398671097,4.135497842067767
-210.33887043189372,4.221737624407352
-210.31893687707642,4.306011032750999
-210.29900332225915,4.388327224749727
-210.27906976744185,4.468699191669884
-210.25913621262458,4.5471436124301805
-210.23920265780734,4.623680724310187
-210.21926910299004,4.698334206483995
-210.19933554817277,4.771131073176968
-210.1794019933555,4.842101573755621
-210.15946843853823,4.911279097470359
-210.13953488372096,4.978700080900451
-210.11960132890366,5.044403916418036
-210.09966777408638,5.1084328602067615
-210.07973421926914,5.170831938551619
-210.05980066445184,5.231648851268303
-210.03986710963457,5.290933871269894
-210.01993355481727,5.348739739381296
-210.0,5.40512155361222
-209.98006644518276,5.460136652191239
-209.96013289036546,5.513844489749831
-209.9401993355482,5.566306506128407
-209.9202657807309,5.6175859873587015
-209.90033222591364,5.667747918459933
-209.88039867109637,5.716858827771184
-209.86046511627907,5.76498662263078
-209.8405315614618,5.812200416305426
-209.82059800664453,5.858570346168571
-209.80066445182726,5.904167383228116
-209.78073089701,5.949063133209321
-209.7607973421927,5.993329629508217
-209.74086378737542,6.037039118443777
-209.72093023255815,6.08026383735274
-209.70099667774087,6.1230757861880045
-209.6810631229236,6.165546493398393
-209.6611295681063,6.20774677698302
-209.64119601328906,6.249746501725443
-209.6212624584718,6.291614333719092
-209.6013289036545,6.333417493394707
-209.58139534883722,6.3752215083495205
-209.56146179401992,6.4170899673555315
-209.54152823920268,6.459084276987866
-209.5215946843854,6.501263422361799
-209.5016611295681,6.543683733497355
-209.48172757475083,6.586398658841578
-209.46179401993356,6.629458547469576
-209.4418604651163,6.672910441455905
-209.42192691029902,6.7167978798568875
-209.40199335548172,6.761160715673022
-209.38205980066448,6.806034947068716
-209.3621262458472,6.8514525640159185
-209.3421926910299,6.897441411400326
-209.32225913621264,6.944025069485395
-209.30232558139534,6.991222752473861
-209.2823920265781,7.039049225740471
-209.26245847176082,7.087514742137156
-209.24252491694352,7.136624997595498
-209.22259136212625,7.186381106074741
-209.20265780730898,7.236779593729422
-209.1827242524917,7.287812412002695
-209.16279069767444,7.339466969191726
-209.14285714285714,7.391726179883108
-209.1229235880399,7.444568531521377
-209.1029900332226,7.497968167253622
-209.08305647840533,7.551894984089972
-209.06312292358805,7.60631474533376
-209.04318936877075,7.6611892061671965
-209.0232558139535,7.716476251228394
-209.0033222591362,7.772130042983151
-208.98338870431894,7.828101179679677
-208.96345514950167,7.884336861674814
-208.9435215946844,7.940781064935839
-208.92358803986713,7.997374720550264
-208.90365448504986,8.054055899116598
-208.88372093023256,8.110759998939088
-208.8637873754153,8.167419937008319
-208.843853820598,8.223966341814613
-208.82392026578074,8.280327747111608
-208.80398671096347,8.336430785821019
-208.78405315614617,8.392200383345337
-208.76411960132893,8.44755994963168
-208.74418604651163,8.502431569405967
-208.72425249169436,8.556736190071135
-208.7043189368771,8.610393806835342
-208.68438538205982,8.66332364470537
-208.66445182724254,8.715444337046112
-208.64451827242527,8.766674100468762
-208.62458471760797,8.816930905867972
-208.60465116279073,8.866132645481285
-208.58471760797343,8.914197295892938
-208.56478405315616,8.961043076948421
-208.5448504983389,9.006588606586185
-208.5249169435216,9.05075305162879
-208.50498338870435,9.093456274607613
-208.48504983388705,9.134618976723651
-208.46511627906978,9.174162837071748
-208.4451827242525,9.212010648277365
-208.42524916943523,9.248086448714117
-208.40531561461796,9.282315651486806
-208.38538205980066,9.314625170379152
-208.3654485049834,9.34494354297816
-208.34551495016615,9.373201051198063
-208.32558139534885,9.399329839436854
-208.30564784053158,9.423264030607424
-208.28571428571428,9.444939840293715
-208.265780730897,9.464295689290344
-208.24584717607976,9.481272314792143
-208.22591362126246,9.495812880507925
-208.2059800664452,9.507863085981407
-208.18604651162792,9.517371275410913
-208.16611295681065,9.524288546269286
-208.14617940199338,9.528568858036044
-208.12624584717608,9.530169141365533
-208.1063122923588,9.529049408027765
-208.08637873754157,9.5251728619733
-208.06644518272427,9.518506011889237
-208.046511627907,9.509018785631469
-208.0265780730897,9.496684646937707
-208.00664451827242,9.481480714847354
-207.98671096345518,9.463387886277813
-207.96677740863788,9.442390962232443
-207.9468438538206,9.418478778142964
-207.92691029900334,9.391644338878747
-207.90697674418607,9.361884958987243
-207.8870431893688,9.329202408763145
-207.8671096345515,9.293603066778976
-207.84717607973423,9.255098079546098
-207.82724252491695,9.213703529012147
-207.80730897009968,9.169440608638018
-207.7873754152824,9.12233580883389
-207.7674418604651,9.072421112568112
-207.74750830564784,9.019734201993897
-207.7275747508306,8.964318676964398
-207.7076411960133,8.906224286324976
-207.68770764119603,8.845507172879048
-207.66777408637873,8.78223013291709
-207.64784053156149,8.716462891173196
-207.6279069767442,8.648282392023606
-207.6079734219269,8.577773107660988
-207.58803986710964,8.505027363858082
-207.56810631229234,8.430145683765252
-207.5481727574751,8.353237149956467
-207.52823920265783,8.274419784633864
-207.50830564784053,8.193820947505452
-207.48837209302326,8.111577750345978
-207.468438538206,8.027837486615017
-207.44850498338872,7.942758073715927
-207.42857142857144,7.856508504507598
-207.40863787375415,7.769269303499615
-207.3887043189369,7.681232981741702
-207.36877076411963,7.592604482731376
-207.34883720930233,7.503601609683616
-207.32890365448506,7.41445542221378
-207.30897009966776,7.325410587870628
-207.28903654485052,7.236725671026847
-207.26910299003325,7.148673338421183
-207.24916943521595,7.061540457211916
-207.22923588039868,6.975628057852141
-207.2093023255814,6.891251130593259
-207.18936877076413,6.808738221189685
-207.16943521594686,6.728430788714767
-207.14950166112956,6.650682286685657
-207.12956810631232,6.575856928391143
-207.10963455149505,6.504328098944741
-207.08970099667775,6.436476380704955
-207.06976744186048,6.372687165864064
-207.04983388704318,6.313347840673034
-207.02990033222594,6.258844540239389
-207.00996677740866,6.209558491125572
-206.99003322259136,6.165861980719405
-206.9700996677741,6.1281140166988735
-206.95016611295682,6.096655765488429
-206.93023255813955,6.071805883506408
-206.91029900332228,6.053855876920974
-206.89036544850498,6.043065642052784
-206.87043189368774,6.039659347074061
-206.85049833887044,6.043821814304512
-206.83056478405317,6.055695550072147
-206.8106312292359,6.0753785457814535
-206.7906976744186,6.102922940760558
-206.77076411960135,6.138334597092249
-206.75083056478405,6.1815735923541935
-206.73089700996678,6.232555591884311
-206.7109634551495,6.291154021698241
-206.69102990033224,6.357202929817373
-206.67109634551497,6.4305003998573955
-206.6511627906977,6.510812367430471
-206.6312292358804,6.597876687166416
-206.61129568106315,6.691407304849961
-206.59136212624585,6.791098403432974
-206.57142857142858,6.896628411236204
-206.5514950166113,7.0076637831590185
-206.531561461794,7.123862489025329
-206.51162790697677,7.244877165557665
-206.49169435215947,7.370357908613684
-206.4717607973422,7.4999546994508535
-206.45182724252493,7.633319472548211
-206.43189368770766,7.770107842900267
-206.41196013289039,7.909980517945656
-206.39202657807311,8.052604423797385
-206.37209302325581,8.197653577672153
-206.35215946843857,8.344809738857181
-206.33222591362127,8.493762869661195
-206.312292358804,8.644211435973668
-206.29235880398673,8.795862574642078
-206.27242524916943,8.948432152139121
-206.2524916943522,9.101644736137777
-206.2325581395349,9.255233498791368
-206.21262458471762,9.408940067830146
-206.19269102990035,9.56251433910223
-206.17275747508307,9.71571426193828
-206.1528239202658,9.86830560672317
-206.1328903654485,10.020061722310695
-206.11295681063123,10.170763289409686
-206.09302325581396,10.320198074783702
-206.0730897009967,10.468160690020667
-206.05315614617942,10.614452357722008
-206.03322259136212,10.758880687210072
-206.01328903654485,10.901259461237599
-205.9933554817276,11.04140843468369
-205.9734219269103,11.1791531458196
-205.95348837209303,11.314324740409601
-205.93355481727576,11.446759808662337
-205.9136212624585,11.576300234856038
-205.89368770764122,11.70279305931516
-205.87375415282392,11.826090352308986
-205.85382059800665,11.946049099366393
-205.83388704318938,12.062531097449817
-205.8139534883721,12.17540286139998
-205.79401993355484,12.28453554004731
-205.77408637873754,12.389804841382674
-205.75415282392026,12.491090966186148
-205.73421926910302,12.588278549525857
-205.71428571428572,12.681256609557897
-205.69435215946845,12.769918503080698
-205.67441860465118,12.854161887323182
-205.6544850498339,12.93388868747289
-205.63455149501664,13.009005069479313
-205.61461794019934,13.079421417696231
-205.59468438538207,13.145052316956866
-205.5747508305648,13.205816538704331
-205.55481727574752,13.2616370308293
-205.53488372093025,13.312440910895234
-205.51495016611295,13.35815946245968
-205.49501661129568,13.398728134227863
-205.47508305647844,13.434086541801845
-205.45514950166114,13.464178471815483
-205.43521594684387,13.488951888271702
-205.41528239202657,13.508358940924957
-205.39534883720933,13.522355975577955
-205.37541528239205,13.530903546187728
-205.35548172757476,13.533966428702945
-205.33554817275748,13.531513636581128
-205.31561461794018,13.523518437962121
-205.29568106312294,13.509958374502602
-205.27574750830567,13.490815281906382
-205.25581395348837,13.46607531221617
-205.2358803986711,13.435728957965864
-205.21594684385383,13.39977107832727
-205.19601328903656,13.358200927423573
-205.1760797342193,13.311022185022345
-205.156146179402,13.258242989865908
-205.13621262458474,13.19987597594556
-205.11627906976747,13.135938312080237
-205.09634551495017,13.066451745219565
-205.0764119601329,12.991442647957825
-205.0564784053156,12.91094207081921
-205.03654485049836,12.824985799957707
-205.0166112956811,12.733614421008395
-204.9966777408638,12.636873389931853
-204.97674418604652,12.534813111812596
-204.95681063122925,12.42748902870712
-204.93687707641197,12.314961717790498
-204.9169435215947,12.197297001225024
-204.8970099667774,12.074566069373198
-204.87707641196016,11.946845619205192
-204.8571428571429,11.81421801001108
-204.8372093023256,11.676771438826519
-204.81727574750832,11.53460013832287
-204.79734219269102,11.387804600306032
-204.77740863787378,11.236491828419858
-204.7574750830565,11.080775624169622
-204.7375415282392,10.920776910978322
-204.71760797342193,10.756624101675465
-204.69767441860466,10.588453515607025
-204.6777408637874,10.416409852461342
-204.65780730897012,10.240646730943354
-204.63787375415282,10.061327301615966
-204.61794019933558,9.878624944578329
-204.59800664451828,9.692724064181972
-204.578073089701,9.503820994710248
-204.55813953488374,9.312125032871174
-204.53820598006644,9.117859615076569
-204.5182724252492,8.921263659782731
-204.4983388704319,8.72259309760642
-204.47840531561462,8.522122614422313
-204.45847176079735,8.320147635054958
-204.43853820598008,8.116986577275167
-204.4186046511628,7.912983407251989
-204.39867109634554,7.708510527878232
-204.37873754152824,7.503972029720465
-204.35880398671097,7.299807329655546
-204.3388704318937,7.0964952130179455
-204.31893687707642,6.8945582792019
-204.29900332225915,6.694567765343985
-204.27906976744185,6.497148684345708
-204.2591362126246,6.3029851576267735
-204.2392026578073,6.112825744484327
-204.21926910299004,5.927488463451563
-204.19933554817277,5.747865062239231
-204.1794019933555,5.574923920386536
-204.15946843853823,5.409710767766735
-204.13953488372096,5.253346189051496
-204.11960132890366,5.107018693005119
-204.09966777408638,4.97197201305754
-204.0797342192691,4.849485354190289
-204.05980066445184,4.740845610984574
-204.03986710963457,4.64731124790181
-204.01993355481727,4.570068602562742
-204.00000000000003,4.510182787292856
-203.98006644518273,4.46854690887806
-203.96013289036546,4.445834626213437
-203.9401993355482,4.442461663535168
-203.92026578073092,4.4585614204194055
-203.90033222591364,4.493978173642177
-203.88039867109634,4.5482788455217396
-203.86046511627907,4.620781542829569
-203.8405315614618,4.710596771972582
-203.82059800664453,4.816675945671998
-203.80066445182726,4.937861680014195
-203.78073089700996,5.072935236681332
-203.7607973421927,5.220657874788512
-203.74086378737545,5.379804398524546
-203.72093023255815,5.549188495679947
-203.70099667774087,5.7276803980723106
-203.6810631229236,5.914217938950633
-203.66112956810633,6.107812301474481
-203.64119601328906,6.307549745087126
-203.62126245847176,6.512590457641081
-203.6013289036545,6.722165483846786
-203.58139534883722,6.935572473603564
-203.56146179401995,7.152170804502438
-203.54152823920268,7.371376473553233
-203.52159468438538,7.592657026765583
-203.5016611295681,7.815526699224747
-203.48172757475086,8.03954186810253
-203.46179401993356,8.264296871445579
-203.4418604651163,8.489420211755995
-203.42192691029902,8.714571141224095
-203.40199335548175,8.939436611713894
-203.38205980066448,9.163728564722753
-203.36212624584718,9.387181532665485
-203.3421926910299,9.609550521612002
-203.32225913621264,9.8306091460713
-203.30232558139537,10.050147987892231
-203.2823920265781,10.267973153386459
-203.2624584717608,10.48390500506695
-203.24252491694352,10.697777046740635
-203.22259136212628,10.909434942974773
-203.20265780730898,11.11873565610205
-203.1827242524917,11.3255466859033
-203.1627906976744,11.529745398893445
-203.14285714285717,11.73121843573547
-203.1229235880399,11.929861186726512
-203.1029900332226,12.12557732655176
-203.08305647840533,12.318278400600505
-203.06312292358803,12.507883456099922
-203.04318936877078,12.694318712160621
-203.0232558139535,12.87751726355897
-203.0033222591362,13.057418813716454
-202.98338870431894,13.233969432889584
-202.96345514950167,13.407121338064155
-202.9435215946844,13.576832691465636
-202.92358803986713,13.74306741496112
-202.90365448504983,13.905795017944335
-202.88372093023258,14.064990436571394
-202.8637873754153,14.220633882455031
-202.843853820598,14.372710699135723
-202.82392026578074,14.521211224831752
-202.80398671096344,14.66613066013183
-202.7840531561462,14.807468939435935
-202.76411960132893,14.945230605075137
-202.74418604651163,15.079424683152245
-202.72425249169436,15.21006456024347
-202.7043189368771,15.337167860189474
-202.68438538205982,15.460756320283215
-202.66445182724254,15.580855666233202
-202.64451827242524,15.697495485346002
-202.62458471760797,15.81070909743109
-202.60465116279073,15.920533422986338
-202.58471760797343,16.02700884827358
-202.56478405315616,16.130179086942118
-202.54485049833886,16.230091037903744
-202.52491694352162,16.326794639206895
-202.50498338870435,16.420342717700166
-202.48504983388705,16.51079083431691
-202.46511627906978,16.598197124853606
-202.4451827242525,16.68262213615502
-202.42524916943523,16.76412865765993
-202.40531561461796,16.842781548301193
-202.38538205980066,16.91864755879493
-202.3654485049834,16.99179514939435
-202.34551495016612,17.06229430322514
-202.32558139534885,17.130216335361045
-202.30564784053158,17.195633697840243
-202.28571428571428,17.258619780865523
-202.26578073089703,17.319248710473612
-202.24584717607974,17.377595143001745
-202.22591362126246,17.433734056721573
-202.2059800664452,17.48774054105261
-202.18604651162792,17.53968958380863
-202.16611295681065,17.589655856970538
-202.14617940199338,17.637713501518327
-202.12624584717608,17.683935911891858
-202.1063122923588,17.728395520685655
-202.08637873754154,17.771163584215397
-202.06644518272427,17.812309969624092
-202.046511627907,17.851902944222388
-202.0265780730897,17.890008967780766
-202.00664451827245,17.9266924885102
-201.98671096345515,17.96201574348279
-201.96677740863788,17.99603856425344
-201.9468438538206,18.028818188448664
-201.92691029900334,18.060409078088103
-201.90697674418607,18.090862745398002
-201.8870431893688,18.120227586864342
-201.8671096345515,18.14854872625543
-201.84717607973423,18.17586786732039
-201.82724252491695,18.202223156840493
-201.80730897009968,18.22764905867532
-201.7873754152824,18.252176239404992
-201.7674418604651,18.27583146612416
-201.74750830564787,18.298637516892118
-201.72757475083057,18.32061310428889
-201.7076411960133,18.341772812467124
-201.68770764119603,18.362127048027443
-201.66777408637876,18.38168200497884
-201.64784053156149,18.40043964397818
-201.62790697674419,18.418397685973286
-201.6079734219269,18.43554962030359
-201.58803986710964,18.451884727242486
-201.56810631229237,18.46738811489482
-201.5481727574751,18.48204077029519
-201.5282392026578,18.495819624485307
-201.50830564784053,18.50869763128518
-201.4883720930233,18.520643859411706
-201.468438538206,18.531623597541078
-201.44850498338872,18.541598471858915
-201.42857142857144,18.550526575593356
-201.40863787375417,18.558362609983643
-201.3887043189369,18.56505803609862
-201.3687707641196,18.57056123688741
-201.34883720930233,18.574817688818115
-201.32890365448506,18.57777014243914
-201.3089700996678,18.57935881118319
-201.28903654485052,18.579521567724093
-201.26910299003322,18.57819414719305
-201.24916943521595,18.57531035656222
-201.2292358803987,18.57080228951025
-201.2093023255814,18.564600546095615
-201.18936877076413,18.556634456579708
-201.16943521594686,18.54683230876156
-201.14950166112956,18.535121578210173
-201.12956810631232,18.5214291608074
-201.10963455149502,18.50568160704507
-201.08970099667775,18.487805357552784
-201.06976744186048,18.467726979368198
-201.0498338870432,18.44537340249878
-201.02990033222594,18.420672156362972
-201.00996677740864,18.39355160573841
-200.99003322259136,18.363941185886222
-200.97009966777412,18.331771636561633
-200.95016611295682,18.296975234663545
-200.93023255813955,18.259486025317603
-200.91029900332225,18.219240051229793
-200.89036544850498,18.17617558018941
-200.87043189368774,18.130233330641943
-200.85049833887044,18.08135669529391
-200.83056478405317,18.029491962751955
-200.81063122923587,17.974588537239086
-200.79069767441862,17.916599156470028
-200.77076411960135,17.855480107806358
-200.75083056478405,17.791191442850405
-200.73089700996678,17.723697190673505
-200.7109634551495,17.652965569910986
-200.69102990033224,17.57896919999157
-200.67109634551497,17.50168531180334
-200.65116279069767,17.421095958132153
-200.6312292358804,17.337188224240684
-200.61129568106315,17.24995443898756
-200.59136212624585,17.159392386915712
-200.57142857142858,17.065505521766998
-200.55149501661128,16.96830318190627
-200.53156146179404,16.867800808160965
-200.51162790697677,16.764020164602975
-200.49169435215947,16.656989562815447
-200.4717607973422,16.546744090199173
-200.45182724252493,16.43332584287852
-200.43189368770766,16.316784163765874
-200.41196013289039,16.197175886332783
-200.3920265780731,16.07456558461553
-200.37209302325581,15.949025829947978
-200.35215946843857,15.82063745486534
-200.33222591362127,15.689489824552705
-200.312292358804,15.555681116120414
-200.2923588039867,15.419318605868776
-200.27242524916946,15.280518964552435
-200.2524916943522,15.139408560464084
-200.2325581395349,14.99612376992133
-200.21262458471762,14.85081129445146
-200.19269102990035,14.703628483618658
-200.17275747508307,14.55474366201661
-200.1528239202658,14.404336458447325
-200.1328903654485,14.252598134711965
-200.11295681063123,14.099731910741996
-200.09302325581396,13.945953281985648
-200.0730897009967,13.791490324026672
-200.05315614617942,13.636583978338253
-200.03322259136212,13.481488311858522
-200.01328903654488,13.326470741711216
-199.99335548172758,13.171812214887396
-199.9734219269103,13.017807331060261
-199.95348837209303,12.864764394945222
-199.93355481727576,12.713005382771538
-199.9136212624585,12.562865805549771
-199.89368770764122,12.414694449967445
-199.87375415282392,12.268852976014955
-199.85382059800665,12.12571534895125
-199.83388704318938,11.985667082109654
-199.8139534883721,11.849104266490798
-199.79401993355484,11.716432363293032
-199.77408637873754,11.588064736710725
-199.7541528239203,11.464420906719859
-199.734219269103,11.345924505394782
-199.71428571428572,11.233000925761516
-199.69435215946845,11.126074659438892
-199.67441860465118,11.02556632841134
-199.6544850498339,10.93188942715888
-199.63455149501664,10.845446803827464
-199.61461794019934,10.766626922763656
-199.59468438538207,10.695799964970703
-199.5747508305648,10.633313837085206
-199.55481727574752,10.579490172380424
-199.53488372093025,10.534620418021417
-199.51495016611295,10.49896211026136
-199.4950166112957,10.472735442497973
-199.4750830564784,10.456120229337179
-199.45514950166114,10.449253362599125
-199.43521594684387,10.452226842527761
-199.41528239202657,10.465086449781772
-199.39534883720933,10.48783110200653
-199.37541528239203,10.520412914231436
-199.35548172757476,10.56273795659993
-199.33554817275748,10.614667677734245
-199.3156146179402,10.676020939017137
-199.29568106312294,10.746576585661064
-199.27574750830564,10.82607646569152
-199.25581395348837,10.914228798506313
-199.23588039867113,11.010711790628699
-199.21594684385383,11.115177397354323
-199.19601328903656,11.227255134549859
-199.1760797342193,11.346555853997735
-199.156146179402,11.472675407370875
-199.13621262458474,11.605198137123192
-199.11627906976744,11.743700146329436
-199.09634551495017,11.8877523129791
-199.0764119601329,12.0369230267796
-199.05647840531563,12.190780637700499
-199.03654485049836,12.348895615023036
-199.01661129568106,12.510842423435959
-198.9966777408638,12.676201128755643
-198.97674418604655,12.844558750257422
-198.95681063122925,13.01551037955825
-198.93687707641197,13.18866008769671
-198.9169435215947,13.363621642734078
-198.8970099667774,13.540019060064392
-198.87707641196016,13.717487006870586
-198.85714285714286,13.89567108097279
-198.8372093023256,14.074227982832461
-198.81727574750832,14.252825597824407
-198.79734219269105,14.43114300416408
-198.77740863787378,14.608870420153533
-198.75747508305648,14.785709102739892
-198.7375415282392,14.961371207802129
-198.71760797342196,15.135579621119353
-198.69767441860466,15.3080677676393
-198.6777408637874,15.478579405465224
-198.6578073089701,15.646868409911514
-198.63787375415282,15.81269855203835
-198.61794019933558,15.975843275256445
-198.59800664451828,16.136085472884126
-198.578073089701,16.293217268931762
-198.5581395348837,16.447039803871217
-198.53820598006646,16.597363026711697
-198.5182724252492,16.74400549433716
-198.4983388704319,16.886794178756464
-198.47840531561462,17.025564282666192
-198.45847176079735,17.160159063521537
-198.43853820598008,17.290429666144394
-198.4186046511628,17.41623496376576
-198.3986710963455,17.537441407294857
-198.37873754152824,17.653922882527038
-198.358803986711,17.76556057494117
-198.3388704318937,17.87224284169292
-198.31893687707642,17.973865090378972
-198.29900332225913,18.07032966412719
-198.27906976744188,18.161545732556714
-198.2591362126246,18.24742918814792
-198.2392026578073,18.32790254756417
-198.21926910299004,18.402894857473566
-198.19933554817277,18.472341604428884
-198.1794019933555,18.53618462837639
-198.15946843853823,18.594372039378754
-198.13953488372093,18.646858137153114
-198.11960132890366,18.693603333042223
-198.0996677740864,18.734574074053896
-198.0797342192691,18.769742768621555
-198.05980066445184,18.79908771375614
-198.03986710963454,18.82259302327713
-198.0199335548173,18.840248556827202
-198.00000000000003,18.85204984939169
-197.98006644518273,18.857998041059755
-197.96013289036546,18.858099806779666
-197.9401993355482,18.85236728587496
-197.92026578073092,18.840818011102197
-197.90033222591364,18.823474837044387
-197.88039867109634,18.80036586764599
-197.86046511627907,18.77152438270791
-197.8405315614618,18.736988763170796
-197.82059800664453,18.69680241502595
-197.80066445182726,18.65101369170214
-197.78073089700996,18.599675814785336
-197.76079734219272,18.542846792936587
-197.74086378737542,18.48058933888027
-197.72093023255815,18.412970784341788
-197.70099667774087,18.340062992819618
-197.68106312292358,18.261942270081885
-197.66112956810633,18.178689272282387
-197.64119601328906,18.090388911594765
-197.62126245847176,17.99713025926724
-197.6013289036545,17.89900644600288
-197.58139534883722,17.796114559572555
-197.56146179401995,17.68855553956955
-197.54152823920268,17.576434069215665
-197.52159468438538,17.459858464129212
-197.50166112956813,17.338940557965408
-197.48172757475083,17.213795584838905
-197.46179401993356,17.084542058437556
-197.4418604651163,16.951301647734677
-197.421926910299,16.81419904920559
-197.40199335548175,16.673361855451695
-197.38205980066448,16.52892042013311
-197.36212624584718,16.38100771910779
-197.3421926910299,16.229759207672334
-197.32225913621264,16.075312673796496
-197.30232558139537,15.91780808724042
-197.2823920265781,15.757387444440534
-197.2624584717608,15.594194609047566
-197.24252491694355,15.428375147997752
-197.22259136212625,15.260076162996583
-197.20265780730898,15.089446117293743
-197.1827242524917,14.916634657628027
-197.1627906976744,14.741792431222413
-197.14285714285717,14.565070897713023
-197.12292358803987,14.386622135900355
-197.1029900332226,14.206598645219202
-197.08305647840533,14.02515314183371
-197.06312292358805,13.842438349277842
-197.04318936877078,13.658606783578954
-197.02325581395348,13.47381053282406
-197.0033222591362,13.288201031155213
-196.98338870431897,13.101928827212975
-196.96345514950167,12.915143347085872
-196.9435215946844,12.727992651869577
-196.92358803986713,12.540623189993472
-196.90365448504983,12.35317954453447
-196.88372093023258,12.165804175809674
-196.86378737541528,11.978637159621194
-196.843853820598,11.791815921618626
-196.82392026578074,11.60547496834872
-196.80398671096347,11.419745615676856
-196.7840531561462,11.234755715392795
-196.7641196013289,11.050629380952982
-196.74418604651163,10.86748671346388
-196.7242524916944,10.685443529174853
-196.7043189368771,10.504611089924722
-196.68438538205982,10.325095838171743
-196.66445182724254,10.146999138432097
-196.64451827242524,9.970417027153808
-196.624584717608,9.79543997326103
-196.6046511627907,9.62215265181331
-196.58471760797343,9.45063373343468
-196.56478405315616,9.280955692373137
-196.5448504983389,9.113184636249894
-196.52491694352162,8.947380160744888
-196.50498338870432,8.783595232636864
-196.48504983388705,8.62187610476834
-196.4651162790698,8.462262266634621
-196.4451827242525,8.304786434397395
-196.42524916943523,8.149474584195248
-196.40531561461793,7.99634603266251
-196.38538205980066,7.845413568573905
-196.36544850498342,7.69668363950476
-196.34551495016612,7.550156597337156
-196.32558139534885,7.405827006353579
-196.30564784053155,7.263684017546497
-196.2857142857143,7.123711812640387
-196.26578073089703,6.985890121179807
-196.24584717607974,6.850194813891431
-196.22591362126246,6.716598575388763
-196.2059800664452,6.585071659164723
-196.18604651162792,6.455582727717692
-196.16611295681065,6.328099780586958
-196.14617940199335,6.2025911730369865
-196.12624584717608,6.079026728123693
-196.10631229235884,5.957378944890192
-196.08637873754154,5.8376243054538675
-196.06644518272427,5.7197446837272965
-196.04651162790697,5.603728858410286
-196.02657807308972,5.489574132625259
-196.00664451827245,5.377288062038602
-195.98671096345515,5.26689029237836
-195.96677740863788,5.15841450573991
-195.9468438538206,5.051910472731596
-195.92691029900334,4.947446204057174
-195.90697674418607,4.845110190201302
-195.88704318936877,4.745013711052088
-195.8671096345515,4.647293188075583
-195.84717607973425,4.552112539531407
-195.82724252491695,4.459665483677888
-195.80730897009968,4.370177715546217
-195.78737541528238,4.2839088594788945
-195.76744186046514,4.201154072460049
-195.74750830564787,4.122245143226873
-195.72757475083057,4.047550901160281
-195.7076411960133,3.9774767202870343
-195.687707641196,3.9124628823298795
-195.66777408637876,3.8529815553566054
-195.64784053156149,3.799532159484927
-195.62790697674419,3.752634937250426
-195.6079734219269,3.7128226315677533
-195.58803986710964,3.680630303043301
-195.56810631229237,3.656583488309992
-195.5481727574751,3.641185099912214
-195.5282392026578,3.6349016726945376
-195.50830564784056,3.6381497384104886
-195.48837209302326,3.65128322154706
-195.468438538206,3.674582761604077
-195.44850498338872,3.7082477613374722
-195.42857142857142,3.752391740695531
-195.40863787375417,3.807041271537398
-195.3887043189369,3.872138427783815
-195.3687707641196,3.947546366311745
-195.34883720930233,4.033057405852144
-195.32890365448506,4.128402825992764
-195.3089700996678,4.233263573837291
-195.28903654485052,4.347281127851755
-195.26910299003322,4.470067898575457
-195.24916943521598,4.601216710914772
-195.22923588039868,4.740309082525449
-195.2093023255814,4.886922165157724
-195.18936877076413,5.040634338092786
-195.16943521594683,5.2010295306636944
-195.1495016611296,5.367700406140142
-195.12956810631232,5.540250567278592
-195.10963455149502,5.718295951261004
-195.08970099667775,5.901465575091327
-195.06976744186048,6.0894017773565
-195.0498338870432,6.2817600828787485
-195.02990033222594,6.4782087962193255
-195.00996677740864,6.678428410189514
-194.9900332225914,6.882110897597414
-194.9700996677741,7.088958938924202
-194.95016611295682,7.298685125602934
-194.93023255813955,7.511011167947796
-194.91029900332225,7.725667128305788
-194.890365448505,7.942390693376951
-194.8704318936877,8.160926494566946
-194.85049833887044,8.381025481411426
-194.83056478405317,8.602444350291334
-194.8106312292359,8.82494502862648
-194.79069767441862,9.048294213312502
-194.77076411960132,9.272262961208625
-194.75083056478405,9.496626328874632
-194.7308970099668,9.721163058404175
-194.7109634551495,9.945655306038137
-194.69102990033224,10.169888410211081
-194.67109634551497,10.393650695745976
-194.65116279069767,10.616733311036032
-194.63122923588043,10.838930095215105
-194.61129568106313,11.060037472502966
-194.59136212624585,11.27985437110702
-194.57142857142858,11.49818216425933
-194.5514950166113,11.714824631161042
-194.53156146179404,11.929587935792078
-194.51162790697674,12.14228062171962
-194.49169435215947,12.352713621202998
-194.47176079734223,12.560700277045031
-194.45182724252493,12.766056375779954
-194.43189368770766,12.96860019091636
-194.41196013289039,13.168152535070744
-194.3920265780731,13.364536819933722
-194.37209302325584,13.557579123107322
-194.35215946843854,13.747108260939196
-194.33222591362127,13.932955866558753
-194.312292358804,14.114956472391075
-194.29235880398673,14.292947596489375
-194.27242524916946,14.466769832084555
-194.25249169435216,14.636266939802896
-194.2325581395349,14.801285942050576
-194.21262458471762,14.961677219106297
-194.19269102990035,15.117294606502183
-194.17275747508307,15.267995493308545
-194.15282392026577,15.413640920969689
-194.1328903654485,15.554095682367368
-194.11295681063126,15.689228420814942
-194.09302325581396,15.818911728709518
-194.0730897009967,15.943022245592045
-194.0531561461794,16.061440755385426
-194.03322259136215,16.174052282600268
-194.01328903654488,16.280746187315366
-193.99335548172758,16.381416258756676
-193.9734219269103,16.475960807314202
-193.95348837209303,16.564282754850783
-193.93355481727576,16.646289723171144
-193.9136212624585,16.721894120532593
-193.8936877076412,16.79101322609231
-193.87375415282392,16.85356927219815
-193.85382059800668,16.909489524442925
-193.83388704318938,16.958706359413867
-193.8139534883721,17.001157340081537
-193.7940199335548,17.036785288784312
-193.77408637873756,17.06553835777733
-193.7541528239203,17.087370097327078
-193.734219269103,17.10223952134598
-193.71428571428572,17.110111170574484
-193.69435215946845,17.110955173332304
-193.67441860465118,17.10474730387497
-193.6544850498339,17.091469038407073
-193.6345514950166,17.071107608820284
-193.61461794019934,17.04365605424096
-193.5946843853821,17.009113270491486
-193.5747508305648,16.967484057588756
-193.55481727574752,16.91877916542529
-193.53488372093022,16.86301533780162
-193.51495016611298,16.800215355004244
-193.4950166112957,16.730408075150848
-193.4750830564784,16.653628474555372
-193.45514950166114,16.569917687398753
-193.43521594684384,16.47932304502777
-193.4152823920266,16.381898115245377
-193.39534883720933,16.27770274200075
-193.37541528239203,16.166803085936944
-193.35548172757476,16.0492716663099
-193.33554817275748,15.9251874048536
-193.3156146179402,15.794635672235643
-193.29568106312294,15.657708337823678
-193.27574750830564,15.514503823569518
-193.2558139534884,15.365127162913675
-193.2358803986711,15.209690065721029
-193.21594684385383,15.048310990379484
-193.19601328903656,14.881115224329085
-193.17607973421926,14.708234974442375
-193.15614617940201,14.529809468848041
-193.13621262458474,14.34598507198334
-193.11627906976744,14.156915414878036
-193.09634551495017,13.962761542916466
-193.0764119601329,13.76369208359889
-193.05647840531563,13.55988343713049
-193.03654485049836,13.351519993011205
-193.01661129568106,13.138794376184352
-192.99667774086382,12.921907726730707
-192.97674418604652,12.701070017570276
-192.95681063122925,12.476500415159013
-192.93687707641197,12.248427688742481
-192.91694352159467,12.017090674353016
-192.89700996677743,11.782738800406365
-192.87707641196016,11.545632682460175
-192.85714285714286,11.30604479542442
-192.8372093023256,11.0642602322385
-192.81727574750832,10.820577558713698
-192.79734219269105,10.575309774826735
-192.77740863787378,10.328785393159027
-192.75747508305648,10.081349645292129
-192.7375415282392,9.83336582663179
-192.71760797342193,9.585216789119391
-192.69767441860466,9.337306589300857
-192.6777408637874,9.090062295857397
-192.6578073089701,8.84393595543163
-192.63787375415285,8.59940670772348
-192.61794019933555,8.356983029518657
-192.59800664451828,8.117205071485133
-192.578073089701,7.880647029969743
-192.55813953488374,7.6479194672310715
-192.53820598006646,7.419671456095666
-192.51827242524917,7.196592377636118
-192.4983388704319,6.979413142422327
-192.47840531561462,6.7689065376531135
-192.45847176079735,6.565886326583021
-192.43853820598008,6.371204648950137
-192.4186046511628,6.1857472021044035
-192.3986710963455,6.010425638751573
-192.37873754152827,5.846166621832841
-192.35880398671097,5.69389705888217
-192.3388704318937,5.554525227899358
-192.31893687707642,5.42891782901231
-192.29900332225915,5.317873457659036
-192.27906976744188,5.222093570092674
-192.25913621262458,5.142152631124355
-192.2392026578073,5.078469682201589
-192.21926910299004,5.031283901357771
-192.19933554817277,5.000636709614761
-192.1794019933555,4.9863625331945665
-192.15946843853823,4.988089480286651
-192.13953488372093,5.005250072073631
-192.11960132890368,5.037101001279094
-192.09966777408638,5.082749916822039
-192.0797342192691,5.141186632711619
-192.05980066445184,5.211316007845025
-192.03986710963457,5.29199000006984
-192.0199335548173,5.382036938549592
-192.0,5.4802867273089095
-191.98006644518273,5.585591349936042
-191.96013289036546,5.6968405951359475
-191.9401993355482,5.812973320291845
-191.92026578073092,5.932984812346798
-191.90033222591362,6.055930915357069
-191.88039867109634,6.18092960643045
-191.8604651162791,6.307160651266028
-191.8405315614618,6.433863886339765
-191.82059800664453,6.560336578341162
-191.80066445182723,6.68593021667128
-191.78073089701,6.810047009503878
-191.76079734219272,6.932136281582447
-191.74086378737542,7.051690913266202
-191.72093023255815,7.168243914433435
-191.70099667774087,7.281365192017752
-191.6810631229236,7.390658544265966
-191.66112956810633,7.495758896403387
-191.64119601328903,7.596329779621987
-191.62126245847176,7.692061046785422
-191.60132890365452,7.782666812857345
-191.58139534883722,7.867883604933224
-191.56146179401995,7.947468705223566
-191.54152823920265,8.021198669898979
-191.5215946843854,8.088868006996446
-191.50166112956813,8.15028799733579
-191.48172757475083,8.205285643416579
-191.46179401993356,8.253702732426309
-191.4418604651163,8.2953950007016
-191.42192691029902,8.330231388185325
-191.40199335548175,8.358093372577198
-191.38205980066445,8.37887437396077
-191.36212624584718,8.392479221694982
-191.34219269102994,8.398823676278369
-191.32225913621264,8.39783399973045
-191.30232558139537,8.389446568789866
-191.28239202657807,8.37360752590929
-191.26245847176082,8.350272463638417
-191.24252491694355,8.31940613853662
-191.22259136212625,8.280982211252327
-191.20265780730898,8.234983009854993
-191.18272425249168,8.18139931391442
-191.16279069767444,8.12023015719874
-191.14285714285717,8.051482647213557
-191.12292358803987,7.975171800138393
-191.1029900332226,7.891320390040357
-191.08305647840533,7.799958811567993
-191.06312292358805,7.70112495566014
-191.04318936877078,7.594864098157446
-191.02325581395348,7.481228801592079
-191.0033222591362,7.360278830872323
-190.98338870431894,7.232081084096419
-190.96345514950167,7.096709540354518
-190.9435215946844,6.95424522715015
-190.9235880398671,6.804776211048756
-190.90365448504986,6.648397616416773
-190.88372093023258,6.485211678758155
-190.86378737541528,6.31532784133678
-190.843853820598,6.138862906709842
-190.82392026578074,5.955941258803356
-190.80398671096347,5.766695176698092
-190.7840531561462,5.571265269051827
-190.7641196013289,5.369801069104242
-190.74418604651163,5.162461846098473
-190.72425249169436,4.949417712216899
-190.7043189368771,4.73085113877006
-190.68438538205982,4.506959047900283
-190.66445182724252,4.277955727277064
-190.64451827242527,4.044076943562202
-190.624584717608,3.805585837913964
-190.6046511627907,3.562781531110804
-190.58471760797343,3.316011953646112
-190.56478405315616,3.065693451364609
-190.5448504983389,2.812341604345608
-190.52491694352162,2.5566212692122785
-190.50498338870432,2.2994309004709685
-190.48504983388705,2.0420507129592815
-190.46511627906978,1.7864154033133992
-190.4451827242525,1.5356412798896422
-190.42524916943523,1.2950906233297164
-190.40531561461793,1.0745523821408534
-190.3853820598007,0.8923055804137919
-190.3654485049834,0.7792980417592862
-190.34551495016612,0.7700262883540727
-190.32558139534885,0.8704420577714078
-190.30564784053158,1.051473946852398
-190.2857142857143,1.280767821199937
-190.265780730897,1.5379012686836686
-190.24584717607974,1.8117936174492468
-190.22591362126246,2.096404417930325
-190.2059800664452,2.3882539863048
-190.18604651162792,2.6851981660267326
-190.16611295681065,2.9858237926888602
-190.14617940199335,3.2891385078690654
-190.1262458471761,3.5944037738666452
-190.1063122923588,3.9010406662056285
-190.08637873754154,4.208574408265377
-190.06644518272427,4.516600456716888
-190.046511627907,4.824763065146863
-190.02657807308972,5.132741337493598
-190.00664451827242,5.440239924027235
-189.98671096345515,5.746982678838061
-189.96677740863788,6.0527082556407485
-189.9468438538206,6.357167001764235
-189.92691029900334,6.660118739780629
-189.90697674418607,6.961331167476915
-189.88704318936877,7.260578695872786
-189.86710963455153,7.557641602296923
-189.84717607973423,7.852305413178369
-189.82724252491695,8.144360456391171
-189.80730897009968,8.433601540121229
-189.7873754152824,8.719827727059194
-189.76744186046514,9.00284218101812
-189.74750830564784,9.282452068965977
-189.72757475083057,9.558468505699263
-189.7076411960133,9.83070653146607
-189.68770764119603,10.098985115112985
-189.66777408637876,10.36312717701387
-189.64784053156146,10.622959627301347
-189.62790697674419,10.878313415877509
-189.60797342192694,11.12902359140999
-189.58803986710964,11.374929367081211
-189.56810631229237,11.615874191294148
-189.54817275747507,11.85170582187873
-189.52823920265783,12.08227640261094
-189.50830564784056,12.307442541069685
-189.48837209302326,12.527065387026214
-189.468438538206,12.741010710697667
-189.44850498338872,12.949148980307218
-189.42857142857144,13.151355438483506
-189.40863787375417,13.34751017710646
-189.38870431893687,13.537498210268327
-189.3687707641196,13.721209545069938
-189.34883720930236,13.898539250015803
-189.32890365448506,14.069387520808153
-189.3089700996678,14.233659743371968
-189.2890365448505,14.391266553970018
-189.26910299003322,14.54212389629121
-189.24916943521598,14.68615307541642
-189.22923588039868,14.823280808585201
-189.2093023255814,14.953439272703761
-189.18936877076413,15.07656614855042
-189.16943521594686,15.192604661649355
-189.1495016611296,15.301503619797135
-189.1295681063123,15.40321744723957
-189.10963455149502,15.497706215508977
-189.08970099667778,15.584935670944002
-189.06976744186048,15.664877258926255
-189.0498338870432,15.737508144879591
-189.0299003322259,15.802811232090065
-189.00996677740864,15.860775176415954
-188.9900332225914,15.911394397969996
-188.9700996677741,15.954669089867705
-188.95016611295682,15.990605224148831
-188.93023255813952,16.01921455499182
-188.91029900332228,16.040514619355015
-188.890365448505,16.05452873519226
-188.8704318936877,16.061285997405943
-188.85049833887044,16.060821271715465
-188.83056478405317,16.053175186636352
-188.8106312292359,16.038394123782105
-188.79069767441862,16.016530206719615
-188.77076411960132,15.98764128862846
-188.75083056478405,15.951790939035309
-188.73089700996678,15.909048429916778
-188.7109634551495,15.859488721487839
-188.69102990033224,15.803192448018104
-188.67109634551494,15.74024590404522
-188.6511627906977,15.670741031383775
-188.63122923588043,15.594775407358348
-188.61129568106313,15.512452234723057
-188.59136212624585,15.423880333764373
-188.57142857142858,15.329174137122022
-188.5514950166113,15.22845368790245
-188.53156146179404,15.121844641701967
-188.51162790697674,15.009478273201557
-188.49169435215947,14.891491488042908
-188.4717607973422,14.768026840745273
-188.45182724252493,14.63923255947493
-188.43189368770766,14.505262578533292
-188.41196013289036,14.366276579485513
-188.39202657807311,14.222440041908234
-188.37209302325584,14.073924304791747
-188.35215946843854,13.9209066396877
-188.33222591362127,13.763570336746316
-188.312292358804,13.602104804835077
-188.29235880398673,13.436705686971909
-188.27242524916946,13.267574992335087
-188.25249169435216,13.094921246126896
-188.2325581395349,12.91895965856126
-188.21262458471762,12.739912314211281
-188.19269102990035,12.558008382881617
-188.17275747508307,12.373484353052271
-188.15282392026577,12.186584288761761
-188.13289036544853,11.99756011054202
-188.11295681063123,11.80667190066607
-188.09302325581396,11.614188232498362
-188.0730897009967,11.420386523119502
-188.05315614617942,11.225553407598543
-188.03322259136215,11.02998513227002
-188.01328903654485,10.8339879630952
-187.99335548172758,10.637878603600097
-187.9734219269103,10.44198461493367
-187.95348837209303,10.24664482822292
-187.93355481727576,10.052209736562855
-187.9136212624585,9.859041850618222
-187.8936877076412,9.667515997892211
-187.87375415282395,9.478019541218064
-187.85382059800665,9.29095248696952
-187.83388704318938,9.106727447933242
-187.8139534883721,8.925769419880883
-187.79401993355484,8.748515324856243
-187.77408637873756,8.575413268413891
-187.75415282392026,8.406921453019908
-187.734219269103,8.243506686235053
-187.71428571428572,8.085642421010492
-187.69435215946845,7.93380626747101
-187.67441860465118,7.788476922102901
-187.6544850498339,7.65013047249958
-187.6345514950166,7.519236054835287
-187.61461794019937,7.396250867803607
-187.59468438538207,7.281614581065605
-187.5747508305648,7.175743217629973
-187.55481727574752,7.079022636241662
-187.53488372093022,6.991801788699286
-187.51495016611298,6.914385973692785
-187.49501661129568,6.847030347878747
-187.4750830564784,6.789933980678047
-187.45514950166114,6.743234746279454
-187.43521594684387,6.707005330561475
-187.4152823920266,6.6812505904843285
-187.3953488372093,6.665906440414018
-187.37541528239203,6.66084035854786
-187.35548172757478,6.665853514667896
-187.33554817275748,6.680684427179476
-187.3156146179402,6.7050139724354985
-187.2956810631229,6.7384715011089265
-187.27574750830564,6.780641770753271
-187.2558139534884,6.831072383327833
-187.2358803986711,6.889281420674475
-187.21594684385383,6.954764996215665
-187.19601328903656,7.027004482112492
-187.1760797342193,7.10547322158013
-187.15614617940201,7.189642589988058
-187.13621262458472,7.278987320671301
-187.11627906976744,7.372990058273865
-187.0963455149502,7.471145141607625
-187.0764119601329,7.572961648426689
-187.05647840531563,7.677965756234942
-187.03654485049833,7.785702487043948
-187.01661129568106,7.895736911092667
-186.99667774086382,8.007654886317454
-186.97674418604652,8.121063408194278
-186.95681063122925,8.235590639707057
-186.93687707641197,8.350885684669665
-186.9169435215947,8.466618160271755
-186.89700996677743,8.582477617147212
-186.87707641196013,8.69817284791177
-186.85714285714286,8.81343111826412
-186.83720930232562,8.927997348553587
-186.81727574750832,9.041633268260817
-186.79734219269105,9.154116561125932
-186.77740863787375,9.26524001466117
-186.75747508305648,9.374810684446059
-186.73754152823923,9.482649080854173
-186.71760797342193,9.588588383628348
-186.69767441860466,9.69247368793238
-186.67774086378736,9.794161284094525
-186.65780730897012,9.893517972158675
-186.63787375415285,9.99042041151841
-186.61794019933555,10.084754505279411
-186.59800664451828,10.17641481853616
-186.578073089701,10.265304029425357
-186.55813953488374,10.351332411602671
-186.53820598006646,10.43441734665662
-186.51827242524917,10.514482864906526
-186.4983388704319,10.591459213012293
-186.47840531561462,10.665282446842149
-186.45847176079735,10.735894048088788
-186.43853820598008,10.803240563187497
-186.41860465116278,10.867273263165492
-186.39867109634554,10.927947823134794
-186.37873754152827,10.98522402022806
-186.35880398671097,11.039065448865136
-186.3388704318937,11.089439252325215
-186.31893687707642,11.136315869684365
-186.29900332225915,11.179668797259197
-186.27906976744188,11.219474363774381
-186.25913621262458,11.255711518543674
-186.2392026578073,11.288361632020914
-186.21926910299004,11.317408308139282
-186.19933554817277,11.342837207913368
-186.1794019933555,11.364635883830166
-186.1594684385382,11.382793624601272
-186.13953488372096,11.39730130989023
-186.11960132890368,11.408151274666007
-186.09966777408638,11.415337182866272
-186.0797342192691,11.418853910082849
-186.05980066445184,11.418697435006674
-186.03986710963457,11.414864739390913
-186.0199335548173,11.407353716309085
-186.0,11.396163086500293
-185.98006644518273,11.38129232260601
-185.96013289036546,11.362741581113
-185.9401993355482,11.340511641824682
-185.92026578073092,11.314603854688945
-185.90033222591362,11.285020093814763
-185.88039867109637,11.251762718512126
-185.86046511627907,11.214834541191307
-185.8405315614618,11.174238801957593
-185.82059800664453,11.1299791497366
-185.80066445182723,11.08205962976436
-185.78073089701,11.030484677273966
-185.7607973421927,10.9752591172088
-185.74086378737542,10.916388169789926
-185.72093023255815,10.853877461763071
-185.70099667774087,10.78773304314914
-185.6810631229236,10.717961409320436
-185.66112956810633,10.644569528224789
-185.64119601328903,10.567564872579789
-185.6212624584718,10.486955456861164
-185.6013289036545,10.402749878912418
-185.58139534883722,10.314957366007473
-185.56146179401995,10.22358782520505
-185.54152823920265,10.128651897842571
-185.5215946843854,10.030161018029291
-185.5016611295681,9.928127475013488
-185.48172757475083,9.822564479317451
-185.46179401993356,9.713486232556992
-185.4418604651163,9.600908000890652
-185.42192691029902,9.484846192077855
-185.40199335548175,9.365318436166609
-185.38205980066445,9.242343669880839
-185.3621262458472,9.115942224837076
-185.3421926910299,8.98613591979168
-185.32225913621264,8.852948157205478
-185.30232558139537,8.71640402451613
-185.28239202657807,8.576530400632814
-185.26245847176082,8.433356068318364
-185.24252491694352,8.286911833306453
-185.22259136212625,8.137230651223588
-185.20265780730898,7.984347763657419
-185.1827242524917,7.8283008450464155
-185.16279069767444,7.669130162477964
-185.14285714285714,7.506878750992623
-185.12292358803987,7.341592607629708
-185.10299003322262,7.173320908248534
-185.08305647840533,7.002116252168408
-185.06312292358805,6.828034940950879
-185.04318936877075,6.651137299284087
-185.02325581395348,6.471488048034146
-185.00332225913624,6.289156742255178
-184.98338870431894,6.104218290508097
-184.96345514950167,5.916753576516974
-184.9435215946844,5.726850210393028
-184.92358803986713,5.534603444943844
-184.90365448504986,5.3401173037572
-184.88372093023256,5.143505982946534
-184.86378737541528,4.944895609313835
-184.84385382059804,4.74442646662531
-184.82392026578074,4.542255842234757
-184.80398671096347,4.338561703675412
-184.78405315614617,4.133547496940188
-184.7641196013289,3.9274484768843707
-184.74418604651166,3.7205401536390443
-184.72425249169436,3.51314969483953
-184.7043189368771,3.305671504216816
-184.68438538205982,3.098588766823853
-184.66445182724254,2.892503604578349
-184.64451827242527,2.688179754634545
-184.62458471760797,2.4866035252587686
-184.6046511627907,2.2890713075348272
-184.58471760797346,2.0973149067397707
-184.56478405315616,1.9136780190187581
-184.5448504983389,1.741353562493007
-184.5249169435216,1.5846693632387503
-184.50498338870432,1.4493413497869125
-184.48504983388708,1.3424642235894413
-184.46511627906978,1.2718153136318662
-184.4451827242525,1.2441039233276447
-184.4252491694352,1.2625978287191637
-184.40531561461796,1.3257064420108866
-184.3853820598007,1.42777311790734
-184.3654485049834,1.5613376613097734
-184.34551495016612,1.7191615964037488
-184.32558139534882,1.8952186540147942
-184.30564784053158,2.084867128290468
-184.2857142857143,2.284653450687853
-184.265780730897,2.4920325937861647
-184.24584717607974,2.70512020885058
-184.22591362126246,2.92250328646505
-184.2059800664452,3.143104073021378
-184.18604651162792,3.3660846013133248
-184.16611295681062,3.5907801347821224
-184.14617940199338,3.8166526324055865
-184.1262458471761,4.0432579592507505
-184.1063122923588,4.2702225477445825
-184.08637873754154,4.497226600239297
-184.06644518272424,4.723991862157728
-184.046511627907,4.950272623538146
-184.02657807308972,5.175849027095578
-184.00664451827242,5.400522043202444
-183.98671096345515,5.624109663218074
-183.96677740863788,5.846443993071148
-183.9468438538206,6.067369019022778
-183.92691029900334,6.28673888030828
-183.90697674418604,6.504416527586918
-183.8870431893688,6.720272677622298
-183.86710963455153,6.934184997268596
-183.84717607973423,7.146037466291092
-183.82724252491695,7.3557198806131865
-183.80730897009965,7.5631274665075
-183.7873754152824,7.768160582908846
-183.76744186046514,7.970724494038038
-183.74750830564784,8.170729198324997
-183.72757475083057,8.36808930252205
-183.7076411960133,8.562723932131071
-183.68770764119603,8.754556670996767
-183.66777408637876,8.943515524265448
-183.64784053156146,9.129532899964621
-183.6279069767442,9.312545605290321
-183.6079734219269,9.49249485434828
-183.58803986710964,9.66932628461945
-183.56810631229237,9.84298997983923
-183.54817275747507,10.013440497316298
-183.52823920265783,10.180636897987503
-183.50830564784053,10.34454277772401
-183.48837209302326,10.505126298581072
-183.468438538206,10.662360218827557
-183.44850498338872,10.816221920708475
-183.42857142857144,10.966693434989473
-183.40863787375417,11.11376146141005
-183.38870431893687,11.257417384236717
-183.36877076411963,11.397657282160155
-183.34883720930233,11.53448193182433
-183.32890365448506,11.667896804312228
-183.3089700996678,11.797912053944488
-183.2890365448505,11.924542498774123
-183.26910299003325,12.04780759218483
-183.24916943521595,12.167731385022705
-183.22923588039868,12.28434247771242
-183.2093023255814,12.397673961829943
-183.18936877076413,12.50776335062577
-183.16943521594686,12.614652498015436
-183.1495016611296,12.718387505579374
-183.1295681063123,12.819018617141541
-183.10963455149505,12.916600100527363
-183.08970099667775,13.011190116136047
-183.06976744186048,13.102850572001529
-183.0498338870432,13.191646965059867
-183.0299003322259,13.277648208390337
-183.00996677740866,13.360926444251954
-182.99003322259136,13.441556842798134
-182.9700996677741,13.519617386419194
-182.95016611295682,13.595188639735975
-182.93023255813955,13.668353505347637
-182.91029900332228,13.739196965523899
-182.89036544850498,13.807805810124059
-182.8704318936877,13.874268351125155
-182.85049833887047,13.938674124245658
-182.83056478405317,14.001113578261428
-182.8106312292359,14.061677752724753
-182.7906976744186,14.120457944915149
-182.77076411960132,14.177545366970696
-182.75083056478408,14.233030794270219
-182.73089700996678,14.287004206257594
-182.7109634551495,14.33955442101896
-182.69102990033224,14.390768725039559
-182.67109634551497,14.440732499677514
-182.6511627906977,14.489528845995787
-182.6312292358804,14.537238209687628
-182.61129568106313,14.58393800791515
-182.59136212624585,14.62970225995091
-182.57142857142858,14.674601223568947
-182.5514950166113,14.71870103917148
-182.531561461794,14.76206338365945
-182.51162790697674,14.804745136058125
-182.4916943521595,14.846798056891688
-182.4717607973422,14.888268483262726
-182.45182724252493,14.92919704153329
-182.43189368770766,14.969618379423666
-182.41196013289039,15.009560919243905
-182.39202657807311,15.049046633851804
-182.37209302325581,15.088090846791044
-182.35215946843854,15.126702057905907
-182.33222591362127,15.164881795556411
-182.312292358804,15.20262449637198
-182.29235880398673,15.239917413285587
-182.27242524916943,15.276740552386265
-182.25249169435216,15.313066638918565
-182.23255813953492,15.348861112546874
-182.21262458471762,15.38408215179192
-182.19269102990035,15.418680727340856
-182.17275747508305,15.45260068373267
-182.1528239202658,15.485778848730233
-182.13289036544853,15.518145169511904
-182.11295681063123,15.549622874650684
-182.09302325581396,15.580128660699645
-182.07308970099666,15.609572902070141
-182.05315614617942,15.637859882775004
-182.03322259136215,15.66488804851358
-182.01328903654485,15.690550277498897
-181.99335548172758,15.714734168369986
-181.9734219269103,15.73732234349379
-181.95348837209303,15.758192765940223
-181.93355481727576,15.77721906841082
-181.91362126245846,15.794270892413516
-181.89368770764122,15.809214236003593
-181.87375415282395,15.821911808451048
-181.85382059800665,15.832223390246662
-181.83388704318938,15.840006196921228
-181.81395348837208,15.845115245222953
-181.79401993355484,15.847403720274997
-181.77408637873756,15.84672334241822
-181.75415282392026,15.84292473253018
-181.734219269103,15.83585777470002
-181.71428571428572,15.825371975229087
-181.69435215946845,15.811316817016221
-181.67441860465118,15.793542108475728
-181.65448504983388,15.771898326222205
-181.63455149501664,15.746236950840496
-181.61461794019937,15.716410795139081
-181.59468438538207,15.682274324361877
-181.5747508305648,15.643683967905508
-181.5548172757475,15.600498422156585
-181.53488372093025,15.55257894412641
-181.51495016611298,15.499789635618328
-181.49501661129568,15.441997717716195
-181.4750830564784,15.3790737954305
-181.45514950166114,15.310892112382234
-181.43521594684387,15.237330795443915
-181.4152823920266,15.158272089291353
-181.3953488372093,15.073602580850823
-181.37541528239205,14.98321341365271
-181.35548172757476,14.887000492125868
-181.33554817275748,14.784864675886928
-181.3156146179402,14.676711964095242
-181.2956810631229,14.56245366995852
-181.27574750830567,14.442006585485268
-181.25581395348837,14.31529313658982
-181.2358803986711,14.182241528662807
-181.21594684385383,14.042785882725326
-181.19601328903656,13.896866362289398
-181.1760797342193,13.744429291049574
-181.15614617940201,13.585427261532452
-181.13621262458472,13.419819234831266
-181.11627906976747,13.24757063155261
-181.09634551495017,13.068653414101545
-181.0764119601329,12.883046160430121
-181.05647840531563,12.690734129372526
-181.03654485049833,12.491709317688313
-181.0166112956811,12.285970508932985
-180.9966777408638,12.07352331427296
-180.97674418604652,11.854380205360044
-180.95681063122925,11.628560539378054
-180.93687707641197,11.396090576372693
-180.9169435215947,11.157003488973725
-180.89700996677743,10.911339364617191
-180.87707641196013,10.659145200374141
-180.85714285714286,10.4004748904918
-180.8372093023256,10.135389206752754
-180.81727574750832,9.863955771757892
-180.79734219269105,9.586249025240607
-180.77740863787375,9.302350183521009
-180.7574750830565,9.012347192212951
-180.7375415282392,8.716334672301258
-180.71760797342193,8.414413859713793
-180.69767441860466,8.106692538523584
-180.6777408637874,7.793284967930731
-180.65780730897012,7.474311803195602
-180.63787375415282,7.149900010725585
-180.61794019933555,6.820182777564535
-180.59800664451828,6.48529941560329
-180.578073089701,6.145395260937704
-180.55813953488374,5.800621568970328
-180.53820598006644,5.451135406126992
-180.51827242524917,5.09709953951818
-180.49833887043192,4.738682326665422
-180.47840531561462,4.376057608824442
-180.45847176079735,4.00940461406737
-180.43853820598008,3.6389078814293563
-180.4186046511628,3.2647572280678965
-180.39867109634554,2.88714780494302
-180.37873754152824,2.5062803431432488
-180.35880398671097,2.122361843709474
-180.3388704318937,1.735607421829882
-180.31893687707642,1.3462456814316697
-180.29900332225915,0.954537865644246
-180.27906976744185,0.560878892512686
-180.25913621262458,0.16734311518183081
-180.23920265780734,0.23667507873349253
-180.21926910299004,0.6344545349070604
-180.19933554817277,1.0347685274953784
-180.1794019933555,1.4363506855087056
-180.15946843853823,1.838829801558329
-180.13953488372096,2.2419276253657716
-180.11960132890366,2.6453867145408276
-180.09966777408638,3.048955475231252
-180.0797342192691,3.4523838012663455
-180.05980066445184,3.8554215782783112
-180.03986710963457,4.25781816068118
-180.01993355481727,4.65932223525624
-180.0,5.059681857509195
-179.98006644518276,5.458644572752786
-179.96013289036546,5.855957582063282
-179.9401993355482,6.251367933631363
-179.9202657807309,6.644622729348233
-179.90033222591364,7.0354693410199465
-179.88039867109637,7.423655632951278
-179.86046511627907,7.808930188911181
-179.8405315614618,8.191042542207457
-179.8205980066445,8.56974340801671
-179.80066445182726,8.944784917368453
-179.78073089701,9.315920852339579
-179.7607973421927,9.682906882116448
-179.74086378737542,10.045500799648895
-179.72093023255815,10.403462758665928
-179.70099667774087,10.756555510855478
-179.6810631229236,11.104544643034254
-179.6611295681063,11.447198814152278
-179.64119601328906,11.784289991991404
-179.6212624584718,12.11559368943002
-179.6013289036545,12.440889200157176
-179.58139534883722,12.759959833730177
-179.56146179401992,13.072593149879586
-179.54152823920268,13.378581191976052
-179.5215946843854,13.677720719583323
-179.5016611295681,13.96981344003272
-179.48172757475083,14.25466623896523
-179.46179401993356,14.532091409799294
-179.4418604651163,14.801906882094398
-179.42192691029902,15.063936448794097
-179.40199335548172,15.318009992345578
-179.38205980066448,15.56396370970834
-179.3621262458472,15.801640336279675
-179.3421926910299,16.030889368782404
-179.32225913621264,16.251567287177572
-179.30232558139534,16.46353777568473
-179.2823920265781,16.666671943012492
-179.26245847176082,16.860848541924256
-179.24252491694352,17.045954188287165
-179.22259136212625,17.221883579777284
-179.20265780730898,17.38853971444023
-179.1827242524917,17.545834109334823
-179.16279069767444,17.693687019516624
-179.14285714285714,17.832027657650226
-179.12292358803987,17.960794414572007
-179.1029900332226,18.07993508116035
-179.08305647840533,18.189407071907286
-179.06312292358805,18.289177650624083
-179.04318936877075,18.37922415875368
-179.0232558139535,18.459534246805084
-179.0033222591362,18.530106109468083
-178.98338870431894,18.59094872501128
-178.96345514950167,18.642082099611955
-178.9435215946844,18.683537517312068
-178.92358803986713,18.7153577963403
-178.90365448504986,18.73759755258454
-178.88372093023256,18.750323471041987
-178.86378737541528,18.753614586113116
-178.843853820598,18.747562571640415
-178.82392026578074,18.732272041620558
-178.80398671096347,18.707860862537046
-178.78405315614617,18.674460478267015
-178.76411960132893,18.63221624850645
-178.74418604651163,18.581287801629024
-178.72425249169436,18.52184940283882
-178.7043189368771,18.454090338391456
-178.68438538205982,18.37821531653247
-178.66445182724254,18.294444885628995
-178.64451827242527,18.203015869738582
-178.62458471760797,18.10418182155689
-178.6046511627907,17.998213492297907
-178.58471760797343,17.885399317571423
-178.56478405315616,17.766045917712272
-178.5448504983389,17.64047861026468
-178.5249169435216,17.509041931407616
-178.50498338870435,17.372100161998596
-178.48504983388705,17.230037852585333
-178.46511627906978,17.083260340158212
-178.4451827242525,16.932194247562236
-178.42524916943523,16.77728795432794
-178.40531561461796,16.619012025191857
-178.38538205980066,16.457859579742973
-178.3654485049834,16.29434658344539
-178.34551495016612,16.12901203676111
-178.32558139534885,15.962418035264442
-178.30564784053158,15.79514966956593
-178.28571428571428,15.62781472965625
-178.265780730897,15.461043174094069
-178.24584717607976,15.295486320514687
-178.22591362126246,15.131815710515038
-178.2059800664452,14.970721599439498
-178.18604651162792,14.812911020391912
-178.16611295681065,14.659105372448943
-178.14617940199338,14.510037486119634
-178.12624584717608,14.36644812518397
-178.1063122923588,14.229081893725235
-178.08637873754154,14.098682530932617
-178.06644518272427,13.975987594404987
-178.046511627907,13.861722555272621
-178.0265780730897,13.756594355136881
-178.00664451827242,13.661284504804657
-177.98671096345518,13.57644183673303
-177.96677740863788,13.502675055128059
-177.9468438538206,13.440545257409328
-177.92691029900334,13.390558625585244
-177.90697674418607,13.353159503219956
-177.8870431893688,13.328724080582358
-177.8671096345515,13.317554905301408
-177.84717607973423,13.319876417385213
-177.82724252491695,13.335831675948064
-177.80730897009968,13.36548040188907
-177.7873754152824,13.408798408780704
-177.7674418604651,13.465678437059392
-177.74750830564784,13.535932348558713
-177.7275747508306,13.619294583873387
-177.7076411960133,13.715426737944956
-177.68770764119603,13.823923072701026
-177.66777408637873,13.944316761470448
-177.64784053156149,14.076086648859095
-177.6279069767442,14.218664311205368
-177.6079734219269,14.371441215036391
-177.58803986710964,14.533775791820057
-177.56810631229234,14.705000274114841
-177.5481727574751,14.88442716830024
-177.52823920265783,15.071355270008057
-177.50830564784053,15.26507515816849
-177.48837209302326,15.464874130742503
-177.468438538206,15.670040568757997
-177.44850498338872,15.879867734704302
-177.42857142857144,16.093657026560205
-177.40863787375415,16.310720719931503
-177.38870431893687,16.530384238348017
-177.36877076411963,16.75198799623058
-177.34883720930233,16.97488886094259
-177.32890365448506,17.198461280239194
-177.30897009966776,17.422098119830267
-177.28903654485052,17.64521125312678
-177.26910299003325,17.867231941920753
-177.24916943521595,18.087611043057443
-177.22923588039868,18.305819072330834
-177.2093023255814,18.52134615304223
-177.18936877076413,18.73370187303103
-177.16943521594686,18.94241507059528
-177.14950166112956,19.147033566617797
-177.1295681063123,19.347123857420765
-177.10963455149505,19.542270780395587
-177.08970099667775,19.73207716228315
-177.06976744186048,19.9161634580981
-177.04983388704318,20.094167387074634
-177.02990033222594,20.265743570637248
-177.00996677740866,20.430563176240224
-176.99003322259136,20.588313569950508
-176.9700996677741,20.738697979844545
-176.95016611295682,20.88143517162852
-176.93023255813955,21.016259137353266
-176.91029900332228,21.142918797660855
-176.89036544850498,21.26117771765367
-176.8704318936877,21.3708138362052
-176.85049833887044,21.471619208320632
-176.83056478405317,21.563399759996884
-176.8106312292359,21.64597505491402
-176.7906976744186,21.719178072207637
-176.77076411960135,21.782854994517074
-176.75083056478405,21.836865005472376
-176.73089700996678,21.881080095768738
-176.7109634551495,21.915384876977846
-176.69102990033224,21.939676402256485
-176.67109634551497,21.953863993133194
-176.6511627906977,21.957869071580276
-176.6312292358804,21.951624996609503
-176.61129568106313,21.93507690466474
-176.59136212624585,21.908181553121597
-176.57142857142858,21.870907166242457
-176.5514950166113,21.823233282974204
-176.531561461794,21.76515060601496
-176.51162790697677,21.69666085161501
-176.49169435215947,21.617776599614903
-176.4717607973422,21.528521143261177
-176.45182724252493,21.42892833837613
-176.43189368770766,21.319042451492887
-176.41196013289039,21.19891800660104
-176.39202657807311,21.06861963018024
-176.37209302325581,20.92822189423037
-176.35215946843854,20.777809157036902
-176.33222591362127,20.61747540143833
-176.312292358804,20.447324070390575
-176.29235880398673,20.26746789964883
-176.27242524916943,20.07802874741346
-176.2524916943522,19.879137420809943
-176.2325581395349,19.670933499097277
-176.21262458471762,19.453565153521165
-176.19269102990035,19.22718896375068
-176.17275747508307,18.991969730858848
-176.1528239202658,18.74808028682828
-176.1328903654485,18.495701300584336
-176.11295681063123,18.235021080579024
-176.09302325581396,17.96623537396999
-176.0730897009967,17.689547162460524
-176.05315614617942,17.405166454888562
-176.03322259136212,17.113310076676477
-176.01328903654485,16.8142014562775
-175.9933554817276,16.50807040878224
-175.9734219269103,16.19515291687754
-175.95348837209303,15.875690909383339
-175.93355481727576,15.549932037629985
-175.91362126245846,15.218129449981756
-175.89368770764122,14.880541564862135
-175.87375415282392,14.53743184269597
-175.85382059800665,14.189068557254505
-175.83388704318938,13.835724566975589
-175.8139534883721,13.477677086937042
-175.79401993355484,13.115207462291893
-175.77408637873754,12.748600944137888
-175.75415282392026,12.378146468999796
-175.73421926910302,12.00413644336603
-175.71428571428572,11.626866535057973
-175.69435215946845,11.246635473647782
-175.67441860465118,10.863744862711243
-175.65448504983388,10.478499007455886
-175.63455149501664,10.091204762267829
-175.61461794019934,9.702171404070087
-175.59468438538207,9.31171053921925
-175.5747508305648,8.920136054187017
-175.55481727574752,8.52776412377754
-175.53488372093025,8.134913295564877
-175.51495016611295,7.741904676276802
-175.49501661129568,7.3490622560496535
-175.47508305647844,6.956713421484502
-175.45514950166114,6.565189730897028
-175.43521594684387,6.174828059414841
-175.41528239202657,5.7859722749209945
-175.3953488372093,5.398975690804428
-175.37541528239205,5.014204680227373
-175.35548172757476,4.632044069602016
-175.33554817275748,4.252905332528579
-175.31561461794018,3.877239329288487
-175.29568106312294,3.50555668743876
-175.27574750830567,3.1384615536867186
-175.25581395348837,2.776709855674813
-175.2358803986711,2.421314979190006
-175.21594684385383,2.0737511124627224
-175.19601328903656,1.7363728813728219
-175.1760797342193,1.4133540776254219
-175.156146179402,1.1129706341422885
-175.13621262458472,0.853415290784643
-175.11627906976747,0.6751164361516978
-175.09634551495017,0.6402790817748265
-175.0764119601329,0.7610772231684106
-175.0564784053156,0.9755019823023657
-175.03654485049836,1.2307164502667554
-175.0166112956811,1.5019000630145078
-174.9966777408638,1.7781295349126347
-174.97674418604652,2.054162403447968
-174.95681063122925,2.3271972874604203
-174.93687707641197,2.5955818996332254
-174.9169435215947,2.8582543486977046
-174.8970099667774,3.114480219703114
-174.87707641196013,3.3637192533626323
-174.8571428571429,3.6055533220269878
-174.8372093023256,3.8396453920888516
-174.81727574750832,4.065715071407177
-174.79734219269102,4.283523479957008
-174.77740863787378,4.492863588331242
-174.7574750830565,4.693553883481376
-174.7375415282392,4.885434125789896
-174.71760797342193,5.0683624590275285
-174.69767441860466,5.242213418471034
-174.6777408637874,5.406876549636752
-174.65780730897012,5.562255451519074
-174.63787375415282,5.708267121422255
-174.61794019933555,5.84484151882221
-174.59800664451828,5.971921292047057
-174.578073089701,6.089461629156014
-174.55813953488374,6.197430206393471
-174.53820598006644,6.295807215962369
-174.5182724252492,6.384585460838736
-174.4983388704319,6.46377050873862
-174.47840531561462,6.533380900677507
-174.45847176079735,6.593448412184757
-174.43853820598008,6.64401836739597
-174.4186046511628,6.6851500081164295
-174.39867109634554,6.716916921653592
-174.37873754152824,6.739407532850452
-174.35880398671097,6.752725667387412
-174.3388704318937,6.756991195117723
-174.31893687707642,6.752340764010345
-174.29900332225915,6.738928637236507
-174.27906976744185,6.716927648087342
-174.2591362126246,6.686530289777485
-174.2392026578073,6.647949959788949
-174.21926910299004,6.601422381240947
-174.19933554817277,6.547207226808261
-174.17940199335547,6.485589973887901
-174.15946843853823,6.416884022908117
-174.13953488372096,6.341433113672395
-174.11960132890366,6.259614077096071
-174.09966777408638,6.17183996110014
-174.0797342192691,6.0785635689929824
-174.05980066445184,5.980281445251352
-174.03986710963457,5.877538335575123
-174.01993355481727,5.770932133160111
-174.00000000000003,5.661119298223335
-173.98006644518273,5.548820698869862
-173.96013289036546,5.4348277633074815
-173.9401993355482,5.320008750150117
-173.9202657807309,5.205314828612365
-173.90033222591364,5.091785508014774
-173.88039867109634,4.980552763393145
-173.86046511627907,4.872842975076519
-173.8405315614618,4.769975551130461
-173.82059800664453,4.673356868229334
-173.80066445182726,4.584468010929454
-173.78073089700996,4.504844803185945
-173.7607973421927,4.436048923590084
-173.74086378737545,4.379629588925733
-173.72093023255815,4.337076440042699
-173.70099667774087,4.309765813781049
-173.6810631229236,4.298904303836811
-173.6611295681063,4.305474989369905
-173.64119601328906,4.330192436080031
-173.62126245847176,4.37347213506616
-173.6013289036545,4.435418331241061
-173.58139534883722,4.515831524736573
-173.56146179401995,4.614233980538471
-173.54152823920268,4.72990912748622
-173.52159468438538,4.8619493339404345
-173.5016611295681,5.0093063828015545
-173.48172757475086,5.170839815692628
-173.46179401993356,5.345359737004753
-173.4418604651163,5.531662208124236
-173.42192691029902,5.728556689797757
-173.40199335548172,5.934885945394726
-173.38205980066448,6.1495393815041925
-173.36212624584718,6.371461041677495
-173.3421926910299,6.599653482082493
-173.32225913621264,6.833178637696933
-173.30232558139537,7.071156606680632
-173.2823920265781,7.312763086695609
-173.2624584717608,7.5572260175314385
-173.24252491694352,7.803821831994875
-173.22259136212628,8.0518715949036
-173.20265780730898,8.300737216360808
-173.1827242524917,8.549817856167426
-173.1627906976744,8.798546586523235
-173.14285714285714,9.046387345606682
-173.1229235880399,9.292832191378064
-173.1029900332226,9.537398849935697
-173.08305647840533,9.77962854358207
-173.06312292358803,10.019084078635236
-173.04318936877078,10.25534817063786
-173.0232558139535,10.488021984030583
-173.0033222591362,10.716723863905177
-172.98338870431894,10.941088238676945
-172.96345514950167,11.160764674104838
-172.9435215946844,11.375417060835044
-172.92358803986713,11.584722919417304
-172.90365448504983,11.78837280846061
-172.88372093023256,11.986069823209535
-172.8637873754153,12.177529173309253
-172.843853820598,12.362477829877625
-172.82392026578074,12.540654233216653
-172.80398671096344,12.711808053579162
-172.7840531561462,12.875699998369152
-172.76411960132893,13.032101660006587
-172.74418604651163,13.180795399441333
-172.72425249169436,13.321574260966864
-172.7043189368771,13.45424191457423
-172.68438538205982,13.578612622609148
-172.66445182724254,13.694511227960474
-172.64451827242524,13.801773161424036
-172.62458471760797,13.900244466259991
-172.60465116279073,13.989781838301077
-172.58471760797343,14.070252680279502
-172.56478405315616,14.141535169327813
-172.54485049833886,14.203518336878235
-172.52491694352162,14.256102160441452
-172.50498338870435,14.29919766699339
-172.48504983388705,14.332727047942283
-172.46511627906978,14.356623785891497
-172.44518272425248,14.370832793661815
-172.42524916943523,14.375310566293301
-172.40531561461796,14.37002534701671
-172.38538205980066,14.35495730847259
-172.3654485049834,14.330098750767377
-172.34551495016612,14.295454318296386
-172.32558139534885,14.251041237639676
-172.30564784053158,14.196889579255458
-172.28571428571428,14.133042546165179
-172.26578073089703,14.059556793353812
-172.24584717607974,13.97650278220882
-172.22591362126246,13.88396517500287
-172.2059800664452,13.782043275203147
-172.1860465116279,13.670851520278141
-172.16611295681065,13.550520034689281
-172.14617940199338,13.42119525191782
-172.12624584717608,13.283040615708938
-172.1063122923588,13.136237372237765
-172.08637873754154,12.980985466639908
-172.06644518272427,12.817504559327718
-172.046511627907,12.646035179755964
-172.0265780730897,12.46684003782816
-172.00664451827245,12.280205515960358
-171.98671096345515,12.086443367943739
-171.96677740863788,11.885892654150016
-171.9468438538206,11.678921946249545
-171.9269102990033,11.465931838354452
-171.90697674418607,11.247357805171694
-171.8870431893688,11.023673451053826
-171.8671096345515,10.795394196298748
-171.84717607973423,10.563081447968973
-171.82724252491695,10.327347300837522
-171.80730897009968,10.088859808327395
-171.7873754152824,9.848348851391112
-171.7674418604651,9.606612612278017
-171.74750830564787,9.364524626170171
-171.72757475083057,9.12304133167691
-171.7076411960133,8.883209964861145
-171.68770764119603,8.646176533439117
-171.66777408637873,8.413193460192415
-171.64784053156149,8.185626290566969
-171.62790697674419,7.964958615691777
-171.6079734219269,7.752794073595793
-171.58803986710964,7.5508539780304735
-171.56810631229237,7.360968829150087
-171.5481727574751,7.18506175845246
-171.5282392026578,7.025121963441792
-171.50830564784053,6.883166536740026
-171.4883720930233,6.761189933210465
-171.468438538206,6.661101736938929
-171.44850498338872,6.584655344574734
-171.42857142857144,6.533372418970336
-171.40863787375415,6.5084699975889375
-171.3887043189369,6.5107983208067575
-171.3687707641196,6.540797190387004
-171.34883720930233,6.598476725919634
-171.32890365448506,6.683425037469672
-171.3089700996678,6.794841366707407
-171.28903654485052,6.931589690477536
-171.26910299003322,7.092265487599969
-171.24916943521595,7.275267724987653
-171.2292358803987,7.478868966656247
-171.2093023255814,7.701278320975528
-171.18936877076413,7.940694086232386
-171.16943521594686,8.195344919691115
-171.14950166112956,8.463519849142347
-171.12956810631232,8.743588388303246
-171.10963455149502,9.034012471011124
-171.08970099667775,9.333352011777988
-171.06976744186048,9.640265767269529
-171.0498338870432,9.953508926401492
-171.02990033222594,10.271928574323436
-171.00996677740864,10.594457904892435
-170.99003322259136,10.92010982107343
-170.97009966777412,11.247970371226687
-170.95016611295682,11.577192320633205
-170.93023255813955,11.906989046632905
-170.91029900332225,12.236628865628893
-170.89036544850498,12.565429844214611
-170.87043189368774,12.892755108880028
-170.85049833887044,13.218008644279562
-170.83056478405317,13.540631555081843
-170.81063122923587,13.860098758079426
-170.79069767441862,14.175916067382891
-170.77076411960135,14.487617634619665
-170.75083056478405,14.794763707016514
-170.73089700996678,15.096938668310571
-170.7109634551495,15.393749330094941
-170.69102990033224,15.684823444120797
-170.67109634551497,15.969808409030062
-170.65116279069767,16.248370147845566
-170.6312292358804,16.520192135221752
-170.61129568106315,16.78497455591803
-170.59136212624585,17.042433578184607
-170.57142857142858,17.29230072774697
-170.55149501661128,17.534322349851184
-170.53156146179404,17.76825914840306
-170.51162790697677,17.993885792617725
-170.49169435215947,18.21099058281187
-170.4717607973422,18.419375168036307
-170.45182724252493,18.61885430918
-170.43189368770766,18.809255681993424
-170.41196013289039,18.990419715194534
-170.3920265780731,19.162199459446942
-170.37209302325581,19.324460483549366
-170.35215946843857,19.47708079465789
-170.33222591362127,19.619950779786905
-170.312292358804,19.75297316620894
-170.2923588039867,19.87606299870434
-170.27242524916946,19.989147631904917
-170.2524916943522,20.09216673623646
-170.2325581395349,20.18507231619759
-170.21262458471762,20.26782873992062
-170.19269102990032,20.34041277914714
-170.17275747508307,20.402813658919747
-170.1528239202658,20.455033116443737
-170.1328903654485,20.497085468710925
-170.11295681063123,20.52899768860341
-170.09302325581396,20.55080948930904
-170.0730897009967,20.56257341698437
-170.05315614617942,20.56435495169408
-170.03322259136212,20.556232616740388
-170.01328903654488,20.538298096569918
-169.99335548172758,20.510656363510098
-169.9734219269103,20.473425813640702
-169.95348837209303,20.426738412147994
-169.93355481727573,20.370739848537195
-169.9136212624585,20.305589702092227
-169.89368770764122,20.231461617966744
-169.87375415282392,20.148543494264374
-169.85382059800665,20.057037680415117
-169.83388704318938,19.957161187074156
-169.8139534883721,19.84914590765321
-169.79401993355484,19.733238851436482
-169.77408637873754,19.609702388025973
-169.7541528239203,19.47881450259403
-169.734219269103,19.34086906108618
-169.71428571428572,19.196176084100433
-169.69435215946845,19.045062027659167
-169.67441860465115,18.887870068469585
-169.6544850498339,18.72496039052413
-169.63455149501664,18.556710469003463
-169.61461794019934,18.383515346395274
-169.59468438538207,18.205787894511676
-169.5747508305648,18.023959054658658
-169.55481727574752,17.83847804656587
-169.53488372093025,17.649812534810497
-169.51495016611295,17.45844873935662
-169.4950166112957,17.26489147448203
-169.4750830564784,17.06966409778923
-169.45514950166114,16.873308348224434
-169.43521594684387,16.676384049107945
-169.41528239202657,16.479468649186273
-169.39534883720933,16.28315657176198
-169.37541528239203,16.088058339190543
-169.35548172757476,15.894799437649834
-169.33554817275748,15.704018885333427
-169.3156146179402,15.51636746639039
-169.29568106312294,15.332505593378096
-169.27574750830564,15.153100763097294
-169.25581395348837,14.978824574847403
-169.23588039867113,14.810349286778596
-169.21594684385383,14.648343895482144
-169.19601328903656,14.493469736514513
-169.1760797342193,14.346375619297302
-169.156146179402,14.207692528656507
-169.13621262458474,14.07802794675252
-169.11627906976744,13.957959872559673
-169.09634551495017,13.848030640264005
-169.0764119601329,13.748740661488922
-169.05647840531563,13.660542237363023
-169.03654485049836,13.583833603174723
-169.01661129568106,13.518953378777312
-168.9966777408638,13.46617560030384
-168.97674418604652,13.425705501870093
-168.95681063122925,13.397676199213809
-168.93687707641197,13.382146400906935
-168.9169435215947,13.379099238064633
-168.8970099667774,13.388442262396879
-168.87707641196016,13.410008617729936
-168.85714285714286,13.44355934489727
-168.8372093023256,13.488786737358739
-168.81727574750832,13.545318627961967
-168.79734219269105,13.612723458220055
-168.77740863787378,13.690515961840656
-168.75747508305648,13.778163284583304
-168.7375415282392,13.875091362537434
-168.71760797342193,13.980691389539178
-168.69767441860466,14.094326220065591
-168.6777408637874,14.21533657463509
-168.6578073089701,14.343046938497817
-168.63787375415282,14.47677106933668
-168.61794019933558,14.615817054200978
-168.59800664451828,14.759491878693426
-168.578073089701,14.907105491640735
-168.5581395348837,15.057974365576673
-168.53820598006646,15.21142456714947
-168.5182724252492,15.36679436208291
-168.4983388704319,15.523436386805697
-168.47840531561462,15.680719423669487
-168.45847176079735,15.838029819215604
-168.43853820598008,15.994772585654585
-168.4186046511628,16.150372225005142
-168.3986710963455,16.304273313576303
-168.37873754152824,16.45594088199453
-168.358803986711,16.604860623049497
-168.3388704318937,16.750538956475108
-168.31893687707642,16.892502976565403
-168.29900332225913,17.030300305372833
-168.27906976744188,17.163498871235404
-168.2591362126246,17.29168662958772
-168.2392026578073,17.414471240461005
-168.21926910299004,17.531479714784194
-168.19933554817277,17.64235803956313
-168.1794019933555,17.74677079023042
-168.15946843853823,17.844400736909257
-168.13953488372093,17.934948450003176
-168.11960132890366,18.018131909390153
-168.0996677740864,18.09368612054226
-168.0797342192691,18.161362740092105
-168.05980066445184,18.22092971270394
-168.03986710963454,18.272170920563855
-168.0199335548173,18.314885846362735
-168.00000000000003,18.348889250293233
-167.98006644518273,18.37401086130542
-167.96013289036546,18.390095082652884
-167.94019933554816,18.3970007116029
-167.92026578073092,18.39460067307193
-167.90033222591364,18.382781766874576
-167.88039867109634,18.361444428233632
-167.86046511627907,18.330502501187215
-167.8405315614618,18.28988302454093
-167.82059800664453,18.23952603004666
-167.80066445182726,18.179384352542066
-167.78073089700996,18.109423451854543
-167.76079734219272,18.029621246359433
-167.74086378737542,17.939967958184557
-167.72093023255815,17.84046597017129
-167.70099667774087,17.731129694838156
-167.68106312292358,17.61198545574673
-167.66112956810633,17.483071381844915
-167.64119601328906,17.344437315561006
-167.62126245847176,17.196144735647866
-167.6013289036545,17.03826669603504
-167.58139534883722,16.87088778224219
-167.56146179401995,16.694104087248512
-167.54152823920268,16.50802320910784
-167.52159468438538,16.31276427305835
-167.5016611295681,16.108457981413277
-167.48172757475083,15.895246695149531
-167.46179401993356,15.67328455185594
-167.4418604651163,15.442737625583927
-167.421926910299,15.203784135192873
-167.40199335548175,14.95661470903438
-167.38205980066448,14.701432715321152
-167.36212624584718,14.438454669331453
-167.3421926910299,14.167910730778921
-167.32225913621264,13.89004530731567
-167.30232558139537,13.605117783339283
-167.2823920265781,13.313403397175028
-167.2624584717608,13.015194294466328
-167.24252491694352,12.710800791433005
-167.22259136212625,12.400552888799966
-167.20265780730898,12.084802085968692
-167.1827242524917,11.763923555779563
-167.1627906976744,11.438318753454185
-167.14285714285717,11.10841854955933
-167.12292358803987,10.774686996734216
-167.1029900332226,10.437625864175924
-167.08305647840533,10.097780103218371
-167.06312292358805,9.755744442420779
-167.04318936877078,9.412171351769539
-167.02325581395348,9.067780662582102
-167.0033222591362,8.723371180801555
-166.98338870431894,8.379834682327942
-166.96345514950167,8.038172720981931
-166.9435215946844,7.699516695861194
-166.92358803986713,7.365151585339967
-166.90365448504983,7.036543609044377
-166.88372093023258,6.715371744672834
-166.86378737541528,6.403562377749967
-166.843853820598,6.1033252210392295
-166.82392026578074,5.817186783786137
-166.80398671096347,5.548014886722035
-166.7840531561462,5.299023956049637
-166.7641196013289,5.073746510546707
-166.74418604651163,4.875952759437929
-166.72425249169436,4.709500355283475
-166.7043189368771,4.5781041412498515
-166.68438538205982,4.48503463399972
-166.66445182724254,4.432782786529512
-166.64451827242524,4.422757293307328
-166.624584717608,4.455091865311162
-166.6046511627907,4.528619444780993
-166.58471760797343,4.641021853196577
-166.56478405315616,4.789110340584767
-166.5448504983389,4.969161905170978
-166.52491694352162,5.177238637053486
-166.50498338870432,5.4094428403419945
-166.48504983388705,5.662091221548692
-166.46511627906978,5.931814026043503
-166.4451827242525,6.215596021270221
-166.42524916943523,6.510778209979878
-166.40531561461793,6.815036321590152
-166.38538205980066,7.1263477739367165
-166.36544850498342,7.442954720364329
-166.34551495016612,7.763327661105019
-166.32558139534885,8.086131952029012
-166.30564784053155,8.41019819708689
-166.2857142857143,8.734496729310989
-166.26578073089703,9.058115971276603
-166.24584717607974,9.380244275760964
-166.22591362126246,9.700154785428456
-166.2059800664452,10.017192856918994
-166.18604651162792,10.330765634101684
-166.16611295681065,10.640333407252008
-166.14617940199335,10.945402448668455
-166.12624584717608,11.24551906541698
-166.10631229235884,11.540264654237447
-166.08637873754154,11.829251581595388
-166.06644518272427,12.112119743687268
-166.04651162790697,12.388533687551226
-166.02657807308972,12.658180196061652
-166.00664451827245,12.920766257248498
-165.98671096345515,13.176017352764482
-165.96677740863788,13.423676012019351
-165.9468438538206,13.663500588009084
-165.92691029900334,13.895264218603883
-165.90697674418607,14.11875394336041
-165.88704318936877,14.333769951066317
-165.8671096345515,14.540124937430154
-165.84717607973425,14.737643555777701
-165.82724252491695,14.92616194644917
-165.80730897009968,15.105527332927869
-165.78737541528238,15.275597674661991
-165.7674418604651,15.436241368143405
-165.74750830564787,15.587336989140084
-165.72757475083057,15.728773070092243
-165.7076411960133,15.860447907615427
-165.687707641196,15.982269395838964
-165.66777408637876,16.0941548819719
-165.64784053156149,16.19603104105222
-165.62790697674419,16.287833767315952
-165.6079734219269,16.369508080036
-165.58803986710964,16.441008042037076
-165.56810631229237,16.502296689404563
-165.5481727574751,16.553345971177656
-165.5282392026578,16.594136698060016
-165.50830564784053,16.62465849939883
-165.48837209302326,16.644909787881158
-165.468438538206,16.654897731580206
-165.44850498338872,16.654638233155598
-165.42857142857142,16.644155916177176
-165.40863787375417,16.62348411870199
-165.3887043189369,16.592664894394265
-165.3687707641196,16.551749021639814
-165.34883720930233,16.500796021273814
-165.32890365448506,16.43987418371646
-165.3089700996678,16.369060606498344
-165.28903654485052,16.28844124336057
-165.26910299003322,16.19811096633641
-165.24916943521595,16.09817364246754
-165.22923588039868,15.988742227082076
-165.2093023255814,15.869938875870497
-165.18936877076413,15.741895078344974
-165.16943521594683,15.604751815664528
-165.1495016611296,15.458659746263104
-165.12956810631232,15.303779423237186
-165.10963455149502,15.140281548048337
-165.08970099667775,14.96834726578541
-165.06976744186048,14.78816850802686
-165.0498338870432,14.599948390264712
-165.02990033222594,14.40390167191627
-165.00996677740864,14.200255288184133
-164.99003322259136,13.989248964453509
-164.9700996677741,13.771135925569657
-164.95016611295682,13.546183714250732
-164.93023255813955,13.314675135097024
-164.91029900332225,13.07690934319614
-164.890365448505,12.833203099230449
-164.8704318936877,12.583892216303772
-164.85049833887044,12.329333227442616
-164.83056478405317,12.069905306901049
-164.8106312292359,11.806012482985242
-164.79069767441862,11.538086185038589
-164.77076411960132,11.266588172339269
-164.75083056478405,10.992013897680845
-164.73089700996678,10.714896362870642
-164.7109634551495,10.435810526551576
-164.69102990033224,10.155378325494675
-164.67109634551497,9.874274367114651
-164.65116279069767,9.593232340934566
-164.63122923588043,9.31305217649514
-164.61129568106313,9.034607939795265
-164.59136212624585,8.758856403033821
-164.57142857142858,8.486846134453623
-164.5514950166113,8.219726825698489
-164.53156146179404,7.958758391097761
-164.51162790697674,7.705319124855111
-164.49169435215947,7.460911880512132
-164.4717607973422,7.227166845428795
-164.45182724252493,7.005839046051471
-164.43189368770766,6.798798298123112
-164.41196013289039,6.608009022139112
-164.3920265780731,6.435497351938444
-164.37209302325584,6.283303497855628
-164.35215946843854,6.153418611597937
-164.33222591362127,6.0477075640114615
-164.312292358804,5.967821970364292
-164.29235880398673,5.91511098691893
-164.27242524916946,5.890539979116598
-164.25249169435216,5.89462807816062
-164.2325581395349,5.927414121506472
-164.21262458471762,5.988456482106296
-164.19269102990035,6.076866746535002
-164.17275747508307,6.191371678385597
-164.15282392026577,6.330393964067502
-164.1328903654485,6.492140771940093
-164.11295681063126,6.674690105919989
-164.09302325581396,6.876067513362295
-164.0730897009967,7.094308872454711
-164.0531561461794,7.3275078726212195
-164.03322259136212,7.573848932464976
-164.01328903654488,7.831627562808504
-163.99335548172758,8.09926070529417
-163.9734219269103,8.375289583841692
-163.95348837209303,8.658377317850873
-163.93355481727576,8.94730313263048
-163.9136212624585,9.240954574105144
-163.8936877076412,9.53831875073137
-163.87375415282392,9.8384733098703
-163.85382059800668,10.140577611722172
-163.83388704318938,10.443864383813311
-163.8139534883721,10.747632011409555
-163.7940199335548,11.051237532224047
-163.77408637873754,11.354090346879573
-163.7541528239203,11.655646621226447
-163.734219269103,11.955404336222495
-163.71428571428572,12.252898930774522
-163.69435215946845,12.547699479215611
-163.67441860465118,12.839405345492658
-163.6544850498339,13.12764325898332
-163.6345514950166,13.41206476102528
-163.61461794019934,13.692343975992015
-163.5946843853821,13.968175665625044
-163.5747508305648,14.239273530055865
-163.55481727574752,14.505368723363448
-163.53488372093022,14.766208555540146
-163.51495016611295,15.021555356352277
-163.4950166112957,15.271185479786396
-163.4750830564784,15.51488843059052
-163.45514950166114,15.75246609688184
-163.43521594684384,15.983732074934855
-163.4152823920266,16.20851107412096
-163.39534883720933,16.42663839157759
-163.37541528239203,16.637959447572896
-163.35548172757476,16.842329373729825
-163.33554817275748,17.039612647307088
-163.3156146179402,17.229682765625867
-163.29568106312294,17.41242195550072
-163.27574750830564,17.58772091319725
-163.25581395348837,17.75547857101325
-163.2358803986711,17.91560188707671
-163.21594684385383,18.068005655383505
-163.19601328903656,18.212612333470958
-163.17607973421926,18.349351885446364
-163.15614617940201,18.47816163837125
-163.13621262458474,18.598986150246674
-163.11627906976744,18.711777088058565
-163.09634551495017,18.8164931145284
-163.0764119601329,18.91309978237769
-163.05647840531563,19.001569435057487
-163.03654485049836,19.081881113019914
-163.01661129568106,19.154020464718705
-162.9966777408638,19.217979661623232
-162.97674418604652,19.273757316616237
-162.95681063122925,19.321358405221535
-162.93687707641197,19.360794189175202
-162.91694352159467,19.392082141913903
-162.89700996677743,19.415245875607017
-162.87707641196016,19.43031506940724
-162.85714285714286,19.437325398636805
-162.8372093023256,19.43631846466499
-162.81727574750832,19.427341725267034
-162.79734219269105,19.410448425285995
-162.77740863787378,19.385697527447366
-162.75747508305648,19.35315364320226
-162.7375415282392,19.312886963498517
-162.71760797342193,19.26497318940102
-162.69767441860466,19.209493462502472
-162.6777408637874,19.146534295084724
-162.6578073089701,19.076187500007986
-162.63787375415285,18.998550120321855
-162.61794019933555,18.913724358607332
-162.59800664451828,18.821817506073796
-162.578073089701,18.72294187144896
-162.55813953488374,18.617214709713068
-162.53820598006646,18.504758150741996
-162.51827242524917,18.385699127936075
-162.4983388704319,18.260169306924098
-162.47840531561462,18.128305014443836
-162.45847176079735,17.990247167512326
-162.43853820598008,17.846141203010596
-162.4186046511628,17.696137007819175
-162.3986710963455,17.540388849651798
-162.37873754152827,17.37905530874565
-162.35880398671097,17.21229921057748
-162.3388704318937,17.040287559785007
-162.31893687707642,16.86319147548306
-162.29900332225913,16.681186128173206
-162.27906976744188,16.49445067845406
-162.25913621262458,16.303168217746883
-162.2392026578073,16.107525711257054
-162.21926910299004,15.907713943396365
-162.19933554817277,15.703927465892999
-162.1794019933555,15.496364548815174
-162.15946843853823,15.285227134729952
-162.13953488372093,15.07072079620969
-162.11960132890368,14.853054696884094
-162.09966777408638,14.632441556214236
-162.0797342192691,14.409097618134904
-162.05980066445184,14.18324262367149
-162.03986710963454,13.95509978758429
-162.0199335548173,13.724895779025196
-162.0,13.492860706104748
-161.98006644518273,13.25922810415871
-161.96013289036546,13.024234927367973
-161.9401993355482,12.788121543218372
-161.92026578073092,12.551131729082753
-161.90033222591362,12.313512669958874
-161.88039867109634,12.07551495609638
-161.8604651162791,11.837392578885423
-161.8405315614618,11.599402922949025
-161.82059800664453,11.36180675187066
-161.80066445182723,11.12486818438723
-161.78073089700996,10.88885465717366
-161.76079734219272,10.654036869528303
-161.74086378737542,10.420688704328157
-161.72093023255815,10.189087118550633
-161.70099667774087,9.959511995450843
-161.6810631229236,9.732245949139744
-161.66112956810633,9.507574070839068
-161.64119601328903,9.2857836045122
-161.62126245847176,9.067163537922955
-161.60132890365452,8.852004093509755
-161.58139534883722,8.640596101861657
-161.56146179401995,8.43323023915414
-161.54152823920265,8.230196108792175
-161.52159468438538,8.031781146900002
-161.50166112956813,7.838269331417278
-161.48172757475083,7.649939675674894
-161.46179401993356,7.467064489727318
-161.4418604651163,7.289907396724417
-161.42192691029902,7.118721097517048
-161.40199335548175,6.95374488476213
-161.38205980066445,6.7952019181834595
-161.36212624584718,6.643296285355721
-161.34219269102994,6.4982098871916705
-161.32225913621264,6.360099203724366
-161.30232558139537,6.229092012956318
-161.28239202657807,6.105284152323863
-161.2624584717608,5.988736427218298
-161.24252491694355,5.879471782325971
-161.22259136212625,5.777472857560002
-161.20265780730898,5.6826800494929905
-161.18272425249168,5.59499019032746
-161.16279069767444,5.514255939097441
-161.14285714285717,5.4402859543862325
-161.12292358803987,5.372845885719527
-161.1029900332226,5.311660184181201
-161.08305647840533,5.2564146945945724
-161.06312292358805,5.206759955025372
-161.04318936877078,5.162315097505607
-161.02325581395348,5.122672219347132
-161.0033222591362,5.087401078967245
-160.98338870431894,5.056053964513755
-160.96345514950167,5.028170587435977
-160.9435215946844,5.003282865275865
-160.9235880398671,4.980919476473869
-160.90365448504986,4.960610092680104
-160.88372093023258,4.941889218684084
-160.86378737541528,4.9242995945966825
-160.843853820598,4.907395137703171
-160.82392026578074,4.890743421300964
-160.80398671096347,4.873927704172098
-160.7840531561462,4.856548536880695
-160.7641196013289,4.838224979938177
-160.74418604651163,4.818595474394515
-160.72425249169436,4.7973184080896845
-160.7043189368771,4.774072421195468
-160.68438538205982,4.7485564933541635
-160.66445182724252,4.720489852193484
-160.64451827242527,4.689611739714709
-160.624584717608,4.655681069382876
-160.6046511627907,4.618476002984425
-160.58471760797343,4.577793472678417
-160.56478405315613,4.533448670310418
-160.5448504983389,4.485274523094398
-160.52491694352162,4.433121172272606
-160.50498338870432,4.376855469390605
-160.48504983388705,4.316360503417252
-160.46511627906978,4.251535171143008
-160.4451827242525,4.18229380316312
-160.42524916943523,4.108565858380556
-160.40531561461793,4.030295701475903
-160.3853820598007,3.9474424803809813
-160.3654485049834,3.859980124744932
-160.34551495016612,3.767897492119137
-160.32558139534885,3.6711986967288293
-160.30564784053155,3.5699036671588575
-160.2857142857143,3.4640489954079534
-160.265780730897,3.3536891625748217
-160.24584717607974,3.238898258962326
-160.22591362126246,3.1197723632397434
-160.2059800664452,2.9964328135989233
-160.18604651162792,2.8690307046712547
-160.16611295681065,2.737753094851655
-160.14617940199335,2.6028316375787512
-160.1262458471761,2.464554702169361
-160.1063122923588,2.323284598247174
-160.08637873754154,2.1794823815064155
-160.06644518272427,2.033744087913542
-160.04651162790697,1.886854411572917
-160.02657807308972,1.7398672143315446
-160.00664451827242,1.5942272302081715
-159.98671096345515,1.4519536551101169
-159.96677740863788,1.3159107566153598
-159.9468438538206,1.190179944458885
-159.92691029900334,1.0804825278465413
-159.90697674418607,0.9944026340864426
-159.88704318936877,0.9407909775045886
-159.86710963455153,0.9276097919548345
-159.84717607973423,0.9586908735261339
-159.82724252491695,1.031969755183381
-159.80730897009968,1.1410116955766352
-159.78737541528238,1.2781147411155895
-159.76744186046514,1.4364642276198771
-159.74750830564784,1.6108126653430073
-159.72757475083057,1.7973521835003918
-159.7076411960133,1.9933647402015737
-159.68770764119603,2.1968974300630375
-159.66777408637876,2.406520560080727
-159.64784053156146,2.621161022522356
-159.62790697674419,2.8399906170050273
-159.60797342192694,3.0623515301672297
-159.58803986710964,3.2877062871038722
-159.56810631229237,3.5156037462084955
-159.54817275747507,3.745655674281583
-159.5282392026578,3.9775203766304665
-159.50830564784056,4.210891095188781
-159.48837209302326,4.445487675712128
-159.468438538206,4.681050509085987
-159.44850498338872,4.9173360772119485
-159.42857142857144,5.154113646602407
-159.40863787375417,5.3911627936071955
-159.38870431893687,5.628271539660763
-159.3687707641196,5.865234939166225
-159.34883720930236,6.101854006870888
-159.32890365448506,6.337934902441294
-159.3089700996678,6.573288311722546
-159.2890365448505,6.807728979714159
-159.26910299003322,7.041075361515028
-159.24916943521598,7.273149365672398
-159.22923588039868,7.503776170394331
-159.2093023255814,7.732784097562808
-159.18936877076413,7.960004532842111
-159.16943521594686,8.185271882714911
-159.1495016611296,8.408423561213144
-159.1295681063123,8.62930000059577
-159.10963455149502,8.847744681373854
-159.08970099667778,9.063604177978126
-159.06976744186048,9.276728217064544
-159.0498338870432,9.486969746006483
-159.0299003322259,9.69418500956032
-159.00996677740864,9.898233633041318
-158.9900332225914,10.098978710627025
-158.9700996677741,10.296286897632049
-158.95016611295682,10.490028505781344
-158.93023255813952,10.68007760065859
-158.91029900332228,10.866312100628752
-158.890365448505,11.048613876634052
-158.8704318936877,11.22686885234625
-158.85049833887044,11.400967104226297
-158.83056478405314,11.570802961100295
-158.8106312292359,11.736275102908365
-158.79069767441862,11.89728665832317
-158.77076411960132,12.053745300968847
-158.75083056478405,12.205563343999337
-158.73089700996678,12.352657832819371
-158.7109634551495,12.494950635751502
-158.69102990033224,12.632368532470228
-158.67109634551494,12.76484330003805
-158.6511627906977,12.892311796391288
-158.63122923588043,13.014716041132932
-158.61129568106313,13.13200329349882
-158.59136212624585,13.244126127369642
-158.57142857142856,13.351042503207053
-158.5514950166113,13.452715836795717
-158.53156146179404,13.549115064676117
-158.51162790697674,13.640214706154211
-158.49169435215947,13.725994921774202
-158.4717607973422,13.806441568139997
-158.45182724252493,13.881546248968355
-158.43189368770766,13.951306362253682
-158.41196013289036,14.015725143419484
-158.39202657807311,14.074811704325612
-158.37209302325584,14.128581067992899
-158.35215946843854,14.17705419889792
-158.33222591362127,14.220258028680185
-158.31229235880397,14.258225477091775
-158.29235880398673,14.290995468005754
-158.27242524916946,14.318612940283574
-158.25249169435216,14.34112885328435
-158.2325581395349,14.358600186778578
-158.21262458471762,14.37108993500697
-158.19269102990035,14.378667094600848
-158.17275747508307,14.381406646053284
-158.15282392026577,14.379389528401232
-158.13289036544853,14.372702606746751
-158.11295681063123,14.361438632211025
-158.09302325581396,14.34569619387758
-158.0730897009967,14.325579662241571
-158.0531561461794,14.301199123639517
-158.03322259136215,14.272670305089475
-158.01328903654485,14.24011448892472
-157.99335548172758,14.203658416555514
-157.9734219269103,14.16343418064364
-157.95348837209303,14.119579104923327
-157.93355481727576,14.072235610851571
-157.9136212624585,14.021551070220186
-157.8936877076412,13.967677642813584
-157.87375415282395,13.910772098150678
-157.85382059800665,13.850995620307918
-157.83388704318938,13.788513594785732
-157.8139534883721,13.723495376353235
-157.7940199335548,13.656114036789864
-157.77408637873756,13.58654609143826
-157.75415282392026,13.514971203494481
-157.734219269103,13.44157186499183
-157.71428571428572,13.366533053486078
-157.69435215946845,13.290041863526964
-157.67441860465118,13.212287112106043
-157.6544850498339,13.133458917408406
-157.6345514950166,13.05374825036827
-157.61461794019937,12.973346458739869
-157.59468438538207,12.89244476364734
-157.5747508305648,12.811233728873056
-157.55481727574752,12.72990270348443
-157.53488372093022,12.648639238784748
-157.51495016611298,12.567628481003247
-157.49501661129568,12.487052541611213
-157.4750830564784,12.40708984765954
-157.45514950166114,12.327914475074058
-157.43521594684387,12.249695468408543
-157.4152823920266,12.172596151132549
-157.3953488372093,12.09677343110899
-157.37541528239203,12.022377106480619
-157.35548172757476,11.949549177719113
-157.33554817275748,11.87842317207735
-157.3156146179402,11.809123487106786
-157.2956810631229,11.741764760238292
-157.27574750830564,11.676451271658314
-157.2558139534884,11.613276387825973
-157.2358803986711,11.5523220529557
-157.21594684385383,11.493658335623005
-157.19601328903656,11.437343037330118
-157.1760797342193,11.383421369391069
-157.15614617940201,11.331925703864313
-157.13621262458472,11.282875403483917
-157.11627906976744,11.236276734631097
-157.09634551495017,11.192122866365574
-157.0764119601329,11.150393957425708
-157.05647840531563,11.111057331934926
-157.03654485049833,11.074067743351444
-157.01661129568106,11.039367725000869
-156.99667774086382,11.006888024370454
-156.97674418604652,10.976548117250804
-156.95681063122925,10.948256796815217
-156.93687707641197,10.921912831853586
-156.9169435215947,10.897405687647721
-156.89700996677743,10.874616302402577
-156.87707641196013,10.853417911742493
-156.85714285714286,10.833676913546027
-156.8372093023256,10.815253765324119
-156.81727574750832,10.798003906436405
-156.79734219269105,10.78177869767635
-156.77740863787375,10.766426371121275
-156.75747508305648,10.75179298361855
-156.73754152823923,10.737723367844406
-156.71760797342193,10.724062075503502
-156.69767441860466,10.71065430791596
-156.67774086378736,10.697346829941724
-156.65780730897012,10.683988863901494
-156.63787375415285,10.670432960851599
-156.61794019933555,10.656535847241852
-156.59800664451828,10.642159245618105
-156.57807308970098,10.62717066861469
-156.55813953488374,10.611444186007677
-156.53820598006646,10.594861165062452
-156.51827242524917,10.577310984803715
-156.4983388704319,10.558691725160125
-156.47840531561462,10.538910832187751
-156.45847176079735,10.517885760754684
-156.43853820598008,10.495544596174309
-156.41860465116278,10.471826656304554
-156.39867109634554,10.446683075586122
-156.37873754152827,10.420077372371782
-156.35880398671097,10.391986000699925
-156.3388704318937,10.362398887386579
-156.3189368770764,10.331319954946673
-156.29900332225915,10.298767630403859
-156.27906976744188,10.264775339502918
-156.25913621262458,10.22939198519451
-156.2392026578073,10.192682408511244
-156.21926910299004,10.154727829092272
-156.19933554817277,10.115626261633707
-156.1794019933555,10.075492903441159
-156.1594684385382,10.034460487036451
-156.13953488372096,9.992679590425732
-156.11960132890368,9.95031889617816
-156.09966777408638,9.907565388908594
-156.0797342192691,9.864624479127691
-156.0598006644518,9.821720039755965
-156.03986710963457,9.779094339943965
-156.0199335548173,9.737007859266399
-156.0,9.695738963949083
-155.98006644518273,9.655583425649846
-155.96013289036546,9.616853762573639
-155.9401993355482,9.579878382502386
-155.92026578073092,9.545000507821749
-155.90033222591362,9.512576863996323
-155.88039867109637,9.48297611534936
-155.86046511627907,9.456577035591078
-155.8405315614618,9.433766405429521
-155.82059800664453,9.41493663585121
-155.80066445182723,9.400483123263538
-155.78073089701,9.3908013515348
-155.7607973421927,9.386283765824752
-155.74086378737542,9.387316453613058
-155.72093023255815,9.394275679022554
-155.70099667774087,9.407524326802857
-155.6810631229236,9.42740832150705
-155.66112956810633,9.454253094744981
-155.64119601328903,9.488360178241782
-155.62126245847176,9.530004002177638
-155.6013289036545,9.579428976511416
-155.58139534883722,9.636846927506689
-155.56146179401995,9.702434952566819
-155.54152823920265,9.776333744123022
-155.5215946843854,9.858646418351258
-155.5016611295681,9.949437867792195
-155.48172757475083,10.048734639524252
-155.46179401993356,10.15652532345427
-155.4418604651163,10.272761419548345
-155.42192691029902,10.397358639288175
-155.40199335548175,10.530198585949096
-155.38205980066445,10.67113075084172
-155.36212624584718,10.819974758556496
-155.3421926910299,10.976522793369275
-155.32225913621264,11.14054214096833
-155.30232558139537,11.31177778406358
-155.28239202657807,11.489954996665695
-155.26245847176082,11.674781889280236
-155.24252491694352,11.865951865378458
-155.22259136212625,12.063145957777035
-155.20265780730898,12.266035021565111
-155.1827242524917,12.474281767642074
-155.16279069767444,12.687542627554771
-155.14285714285714,12.905469446022847
-155.12292358803987,13.12771100226632
-155.1029900332226,13.353914365014997
-155.08305647840533,13.583726088942228
-155.06312292358805,13.816793262316354
-155.04318936877075,14.052764417006836
-155.02325581395348,14.291290312731165
-155.00332225913624,14.532024607694241
-154.98338870431894,14.774624427657226
-154.96345514950167,15.018750845071388
-154.9435215946844,15.264069279304955
-154.92358803986713,15.510249828245561
-154.90365448504986,15.756967540732935
-154.88372093023256,16.003902638410633
-154.86378737541528,16.250740694715393
-154.843853820598,16.497172777873637
-154.82392026578074,16.742895563964225
-154.80398671096347,16.98761142534758
-154.78405315614617,17.23102849905946
-154.7641196013289,17.472860739128183
-154.74418604651166,17.71282795619624
-154.72425249169436,17.950655847310603
-154.7043189368771,18.18607601828772
-154.68438538205982,18.418826000655304
-154.66445182724254,18.648649264820047
-154.64451827242527,18.875295230803143
-154.62458471760797,19.09851927762053
-154.6046511627907,19.31808275215633
-154.58471760797343,19.53375297818378
-154.56478405315616,19.74530326602212
-154.5448504983389,19.95251292317841
-154.5249169435216,20.155167266206057
-154.50498338870432,20.353057633914243
-154.48504983388708,20.545981401981592
-154.46511627906978,20.733741998961136
-154.4451827242525,20.91614892361019
-154.4252491694352,21.093017763435505
-154.40531561461796,21.264170214309978
-154.3853820598007,21.429434100991145
-154.3654485049834,21.58864339835178
-154.34551495016612,21.74163825311861
-154.32558139534882,21.888265005905293
-154.30564784053158,22.028376213320207
-154.2857142857143,22.161830669926317
-154.265780730897,22.288493429830716
-154.24584717607974,22.408235827682965
-154.22591362126246,22.520935498865477
-154.2059800664452,22.62647639866372
-154.18604651162792,22.7247488202108
-154.16611295681062,22.815649411007527
-154.14617940199338,22.89908118782714
-154.1262458471761,22.974953549821745
-154.1063122923588,23.043182289656514
-154.08637873754154,23.10368960250606
-154.06644518272424,23.156404092756677
-154.046511627907,23.20126077826713
-154.02657807308972,23.238201092049476
-154.00664451827242,23.267172881240874
-153.98671096345515,23.288130403245802
-153.96677740863788,23.301034318937216
-153.9468438538206,23.30585168281368
-153.92691029900334,23.302555930018183
-153.90697674418604,23.291126860132664
-153.88704318936877,23.271550617670265
-153.86710963455153,23.243819669195577
-153.84717607973423,23.20793277701079
-153.82724252491695,23.163894969353333
-153.80730897009965,23.11171750705785
-153.7873754152824,23.051417846642835
-153.76744186046514,22.98301959978898
-153.74750830564784,22.906552489183472
-153.72757475083057,22.822052300710727
-153.7076411960133,22.729560831976954
-153.68770764119603,22.629125837161904
-153.66777408637876,22.520800968197634
-153.64784053156146,22.404645712279645
-153.62790697674419,22.28072532572218
-153.6079734219269,22.149110764174516
-153.58803986710964,22.009878609221126
-153.56810631229237,21.8631109913936
-153.54817275747507,21.708895509627737
-153.52823920265783,21.547325147204162
-153.50830564784053,21.37849818421605
-153.48837209302326,21.202518106611993
-153.468438538206,21.019493511867573
-153.44850498338872,20.829538011343043
-153.42857142857144,20.63277012938994
-153.40863787375417,20.429313199273196
-153.38870431893687,20.219295255980626
-153.3687707641196,20.002848925995206
-153.34883720930233,19.78011131411069
-153.32890365448506,19.551223887374952
-153.3089700996678,19.316332356249976
-153.2890365448505,19.075586553081738
-153.26910299003325,18.829140307977777
-153.24916943521595,18.577151322194215
-153.22923588039868,18.319781039139297
-153.2093023255814,18.057194513104402
-153.18936877076413,17.789560275839094
-153.16943521594686,17.517050201091354
-153.1495016611296,17.23983936723974
-153.1295681063123,16.958105918150224
-153.10963455149502,16.672030922396367
-153.08970099667775,16.381798230988625
-153.06976744186048,16.087594333765907
-153.0498338870432,15.789608214611318
-153.0299003322259,15.488031205663127
-153.00996677740866,15.183056840703099
-152.99003322259136,14.874880707916759
-152.9700996677741,14.563700302234443
-152.95016611295682,14.249714877478985
-152.93023255813955,13.933125298565567
-152.91029900332228,13.614133894022642
-152.89036544850498,13.292944309131004
-152.8704318936877,12.969761360011356
-152.85049833887044,12.644790889031178
-152.83056478405317,12.318239621950916
-152.8106312292359,11.990315027289045
-152.7906976744186,11.661225178459413
-152.77076411960132,11.331178619324412
-152.75083056478408,11.000384233920371
-152.73089700996678,10.669051121251364
-152.7109634551495,10.337388476224312
-152.69102990033224,10.00560547801981
-152.67109634551497,9.673911187476158
-152.6511627906977,9.342514455425238
-152.6312292358804,9.011623844383793
-152.61129568106313,8.681447566607737
-152.59136212624585,8.352193442305458
-152.57142857142858,8.024068882845777
-152.5514950166113,7.697280905177447
-152.531561461794,7.372036185529583
-152.51162790697674,7.048541162970795
-152.4916943521595,6.727002206836808
-152.4717607973422,6.40762586678411
-152.45182724252493,6.0906192308722344
-152.43189368770766,5.776190426498987
-152.41196013289039,5.464549312551873
-152.39202657807311,5.155908430885681
-152.37209302325581,4.850484314497105
-152.35215946843854,4.548499293880725
-152.33222591362127,4.250184010810621
-152.312292358804,3.955780955014092
-152.29235880398673,3.6655495094531387
-152.27242524916943,3.3797732694815985
-152.25249169435216,3.098770872456635
-152.23255813953492,2.8229123921758066
-152.21262458471762,2.5526448164323616
-152.19269102990035,2.2885328354922843
-152.17275747508305,2.031326362036038
-152.15282392026577,1.782076501817266
-152.13289036544853,1.5423427115635044
-152.11295681063123,1.3145771832601505
-152.09302325581396,1.1028574215190403
-152.07308970099666,0.9142639117948037
-152.05315614617942,0.7611139967886171
-152.03322259136215,0.6625038148592362
-152.01328903654485,0.6380129141376141
-151.99335548172758,0.6899707348804194
-151.9734219269103,0.798896128275389
-151.95348837209303,0.9412460370463834
-151.93355481727576,1.1007257672957411
-151.91362126245846,1.2679428369788253
-151.8936877076412,1.437626277282491
-151.87375415282395,1.606724293009329
-151.85382059800665,1.773383616397811
-151.83388704318938,1.9364223535929752
-151.81395348837208,2.0950520326145115
-151.79401993355484,2.248725384837775
-151.77408637873756,2.3970494868426666
-151.75415282392026,2.53973420959327
-151.734219269103,2.676560501602896
-151.71428571428572,2.8073602338322514
-151.69435215946845,2.9320030170236624
-151.67441860465118,3.0503873553589993
-151.65448504983388,3.162434573070148
-151.6345514950166,3.2680845594382992
-151.61461794019937,3.3672927337449092
-151.59468438538207,3.46002784592555
-151.5747508305648,3.54627036082068
-151.5548172757475,3.626011257374229
-151.53488372093025,3.6992511279879277
-151.51495016611298,3.7659994987002547
-151.49501661129568,3.826274314650232
-151.4750830564784,3.8801015515395125
-151.45514950166114,3.927514925106706
-151.43521594684387,3.9685556786270224
-151.4152823920266,4.003272434221026
-151.3953488372093,4.03172109800808
-151.37541528239203,4.053964812351267
-151.35548172757476,4.07007395093812
-151.33554817275748,4.080126154456165
-151.3156146179402,4.084206406318094
-151.2956810631229,4.08240714939062
-151.27574750830567,4.074828446078844
-151.25581395348837,4.061578185488371
-151.2358803986711,4.042772342797981
-151.21594684385383,4.018535297482816
-151.19601328903656,3.989000218690303
-151.1760797342193,3.9543095279434546
-151.15614617940201,3.914615451488178
-151.13621262458472,3.8700806770719627
-151.11627906976744,3.8208791328048024
-151.09634551495017,3.7671969090685624
-151.0764119601329,3.709233348265037
-151.05647840531563,3.6472023315618984
-151.03654485049833,3.5813337967135612
-151.0166112956811,3.5118755264407424
-150.9966777408638,3.439095252576961
-150.97674418604652,3.363283126879553
-150.95681063122925,3.284754614409275
-150.93687707641197,3.2038538685957234
-150.9169435215947,3.1209576467110938
-150.89700996677743,3.036479817604957
-150.87707641196013,2.9508764958284686
-150.85714285714286,2.8646518012246296
-150.8372093023256,2.778364181491858
-150.81727574750832,2.692633134748552
-150.79734219269105,2.6081460142594963
-150.77740863787375,2.5256643712445914
-150.7574750830565,2.4460289801080863
-150.7375415282392,2.3701622921344647
-150.71760797342193,2.2990666067540575
-150.69767441860466,2.2338158158146686
-150.6777408637874,2.1755383281982303
-150.65780730897012,2.1253889733453977
-150.63787375415282,2.0845086206198262
-150.61794019933555,2.0539721741188175
-150.59800664451828,2.034728456615895
-150.578073089701,2.0275387093145367
-150.55813953488374,2.0329228767699026
-150.53820598006644,2.0511232007897284
-150.51827242524917,2.0820921487236426
-150.49833887043192,2.1255068096254672
-150.47840531561462,2.1808062835050133
-150.45847176079735,2.2472443136327676
-150.43853820598008,2.323947777950262
-150.41860465116278,2.4099726691813546
-150.39867109634554,2.504351848678548
-150.37873754152824,2.6061318861877703
-150.35880398671097,2.714398775424731
-150.3388704318937,2.8282938722336652
-150.31893687707642,2.9470220928263524
-150.29900332225915,3.069854487541876
-150.27906976744185,3.1961270448901384
-150.25913621262458,3.3252371901184072
-150.23920265780734,3.456639048621688
-150.21926910299004,3.5898382076112356
-150.19933554817277,3.724386447954155
-150.1794019933555,3.8598767283780817
-150.1594684385382,3.9959385737459785
-150.13953488372096,4.132233933556567
-150.11960132890366,4.268453523473706
-150.09966777408638,4.4043136314091935
-150.0797342192691,4.53955335297589
-150.05980066445184,4.673932213688957
-150.03986710963457,4.807228133508367
-150.01993355481727,4.939235690794904
-150.0,5.069764645958767
-149.98006644518276,5.198638689056518
-149.96013289036546,5.325694379763235
-149.9401993355482,5.45078025218369
-149.9202657807309,5.573756060697909
-149.90033222591362,5.694492146385256
-149.88039867109637,5.812868906518985
-149.86046511627907,5.928776352182723
-149.8405315614618,6.042113741261068
-149.8205980066445,6.1527892759355165
-149.80066445182726,6.260719855412948
-149.78073089701,6.365830875963339
-149.7607973421927,6.468056071481317
-149.74086378737542,6.567337388741854
-149.72093023255815,6.663624892320967
-149.70099667774087,6.756876694820346
-149.6810631229236,6.847058908589584
-149.6611295681063,6.934145615597626
-149.64119601328903,7.018118852479825
-149.6212624584718,7.098968608090147
-149.6013289036545,7.17669283112899
-149.58139534883722,7.2512974456037655
-149.56146179401992,7.322796372018495
-149.54152823920268,7.391211552285402
-149.5215946843854,7.456572976410905
-149.5016611295681,7.5189187090337235
-149.48172757475083,7.578294913888066
-149.46179401993356,7.634755874232743
-149.4418604651163,7.688364007230121
-149.42192691029902,7.739189870180326
-149.40199335548172,7.7873121564183885
-149.38205980066445,7.832817678568078
-149.3621262458472,7.875801336719758
-149.3421926910299,7.916366068963668
-149.32225913621264,7.954622781569835
-149.30232558139534,7.990690255965654
-149.2823920265781,8.024695029528408
-149.26245847176082,8.056771247089081
-149.24252491694352,8.087060479943428
-149.22259136212625,8.115711509095508
-149.20265780730898,8.142880069426681
-149.1827242524917,8.168728551500383
-149.16279069767444,8.193425657791085
-149.14285714285714,8.217146010275474
-149.12292358803987,8.240069706558037
-149.1029900332226,8.262381822031767
-149.08305647840533,8.284271856008974
-149.06312292358805,8.305933120305351
-149.04318936877075,8.327562069428604
-149.0232558139535,8.349357572314236
-149.0033222591362,8.371520126464143
-148.98338870431894,8.394251016371873
-148.96345514950167,8.41775141924995
-148.94352159468437,8.442221462290476
-148.92358803986713,8.467859236965886
-148.90365448504986,8.494859777178768
-148.88372093023256,8.523414009361368
-148.86378737541528,8.553707683861969
-148.843853820598,8.585920298089686
-148.82392026578074,8.620224022871922
-148.80398671096347,8.656782644260579
-148.78405315614617,8.695750533558641
-148.76411960132893,8.737271658587451
-148.74418604651163,8.781478649147374
-148.72425249169436,8.82849192921958
-148.7043189368771,8.878418927710312
-148.6843853820598,8.93135337845892
-148.66445182724254,8.987374718842457
-148.64451827242527,9.046547594651182
-148.62458471760797,9.108921477033418
-148.6046511627907,9.174530395277104
-148.58471760797343,9.243392787079273
-148.56478405315616,9.315511465826201
-148.5448504983389,9.39087370233954
-148.5249169435216,9.46945141660434
-148.50498338870435,9.551201473244644
-148.48504983388705,9.636066072999455
-148.46511627906978,9.723973231213215
-148.4451827242525,9.814837333413196
-148.4252491694352,9.908559757409234
-148.40531561461796,10.005029551015
-148.38538205980066,10.10412415443818
-148.3654485049834,10.205710156593328
-148.34551495016612,10.309644075023149
-148.32558139534885,10.41577314973303
-148.30564784053158,10.523936142010337
-148.28571428571428,10.633964130172949
-148.265780730897,10.745681295133073
-148.24584717607976,10.858905689635778
-148.22591362126246,10.973449986006791
-148.2059800664452,11.089122198193355
-148.18604651162792,11.205726374784517
-148.16611295681062,11.323063260536768
-148.14617940199338,11.440930924695836
-148.12624584717608,11.559125355088646
-148.1063122923588,11.677441017557758
-148.08637873754154,11.795671380823991
-148.06644518272427,11.913609407293407
-148.046511627907,12.03104801067761
-148.0265780730897,12.147780481576445
-148.00664451827242,12.263600882386681
-147.98671096345518,12.378304413056641
-147.96677740863788,12.49168774931156
-147.9468438538206,12.603549355035929
-147.92691029900334,12.71368977052304
-147.90697674418604,12.821911878295863
-147.8870431893688,12.928021148172165
-147.8671096345515,13.0318258631966
-147.84717607973423,13.133137327997126
-147.82724252491695,13.231770061047182
-147.80730897009968,13.327541972231918
-147.7873754152824,13.420274527029195
-147.7674418604651,13.509792898526106
-147.74750830564784,13.59592610840259
-147.7275747508306,13.678507157925095
-147.7076411960133,13.75737314990807
-147.68770764119603,13.832365402519173
-147.66777408637873,13.90332955572666
-147.64784053156146,13.970115671114684
-147.6279069767442,14.032578325724842
-147.6079734219269,14.090576700519655
-147.58803986710964,14.143974664007239
-147.56810631229234,14.192640851514188
-147.5481727574751,14.23644874054773
-147.52823920265783,14.275276722646591
-147.50830564784053,14.309008172083956
-147.48837209302326,14.337531511754069
-147.468438538206,14.360740276547462
-147.44850498338872,14.378533174497214
-147.42857142857144,14.390814145960764
-147.40863787375415,14.39749242108803
-147.38870431893687,14.398482575817027
-147.36877076411963,14.39370458663271
-147.34883720930233,14.383083884323531
-147.32890365448506,14.366551406972956
-147.30897009966776,14.344043652430267
-147.28903654485052,14.315502730516599
-147.26910299003325,14.28087641523798
-147.24916943521595,14.24011819729845
-147.22923588039868,14.193187337232446
-147.2093023255814,14.140048919507613
-147.18936877076413,14.080673907987748
-147.16943521594686,14.01503920319097
-147.14950166112956,13.943127701831454
-147.1295681063123,13.864928359195579
-147.10963455149505,13.780436254975884
-147.08970099667775,13.689652663270394
-147.06976744186048,13.592585127552903
-147.04983388704318,13.489247541533063
-147.02990033222594,13.3796602369569
-147.00996677740866,13.263850079551185
-146.99003322259136,13.1418505744927
-146.9700996677741,13.013701982990419
-146.9501661129568,12.879451451809448
-146.93023255813955,12.739153157847472
-146.91029900332228,12.592868470203625
-146.89036544850498,12.440666132566042
-146.8704318936877,12.28262246919809
-146.85049833887044,12.118821618336959
-146.83056478405317,11.949355797448412
-146.8106312292359,11.77432560552539
-146.7906976744186,11.593840368499755
-146.77076411960135,11.408018534881672
-146.75083056478405,11.216988129984063
-146.73089700996678,11.020887278568871
-146.7109634551495,10.819864807515906
-146.6910299003322,10.614080942221202
-146.67109634551497,10.403708112948504
-146.6511627906977,10.188931890367364
-146.6312292358804,9.969952073110429
-146.61129568106313,9.746983954485176
-146.59136212624585,9.520259800610672
-146.57142857142858,9.290030578365789
-146.5514950166113,9.056567978788532
-146.531561461794,8.820166790118918
-146.51162790697677,8.581147684674098
-146.49169435215947,8.339860495279577
-146.4717607973422,8.096688070041935
-146.45182724252493,7.852050808617996
-146.43189368770763,7.606411998234493
-146.41196013289039,7.3602840823463955
-146.39202657807311,7.114236006796575
-146.37209302325581,6.868901793860738
-146.35215946843854,6.624990487368971
-146.33222591362127,6.383297582215622
-146.312292358804,6.144717983671479
-146.29235880398673,5.910260413302183
-146.27242524916943,5.681062956966918
-146.2524916943522,5.458409094111546
-146.2325581395349,5.243743006450249
-146.21262458471762,5.038682190575701
-146.19269102990035,4.845024372308429
-146.17275747508305,4.664744493945292
-146.1528239202658,4.4999763208545565
-146.1328903654485,4.3529724315382285
-146.11295681063123,4.226036748358851
-146.09302325581396,4.121426267889577
-146.0730897009967,4.041224010738958
-146.05315614617942,3.9871932770979397
-146.03322259136212,3.960632235432718
-146.01328903654485,3.962254093228931
-145.9933554817276,3.9921176068079394
-145.9734219269103,4.049623676027727
-145.95348837209303,4.133578631737773
-145.93355481727576,4.242309469505503
-145.91362126245846,4.3738067430830085
-145.89368770764122,4.525869766266299
-145.87375415282392,4.696234606080488
-145.85382059800665,4.8826741658762725
-145.83388704318938,5.0830677990014745
-145.8139534883721,5.295443421326964
-145.79401993355484,5.517997761607209
-145.77408637873754,5.749100909105957
-145.75415282392026,5.9872906134724175
-145.73421926910302,6.231260605376214
-145.71428571428572,6.479845992404177
-145.69435215946845,6.7320077568136165
-145.67441860465118,6.986817600999882
-145.65448504983388,7.24344383664977
-145.63455149501664,7.50113864907645
-145.61461794019934,7.759226840033861
-145.59468438538207,8.017096018312925
-145.5747508305648,8.274188135456114
-145.55481727574752,8.52999223105109
-145.53488372093025,8.784038242694706
-145.51495016611295,9.035891739676277
-145.49501661129568,9.28514945028367
-145.4750830564784,9.531435466471589
-145.45514950166114,9.774398024160305
-145.43521594684387,10.013706771395482
-145.41528239202657,10.249050449369552
-145.3953488372093,10.480134922630468
-145.37541528239205,10.706681504648689
-145.35548172757476,10.928425533356096
-145.33554817275748,11.145115158444124
-145.31561461794018,11.356510308265179
-145.29568106312294,11.562381809274406
-145.27574750830567,11.762510635218892
-145.25581395348837,11.956687266857557
-145.2358803986711,12.144711145986792
-145.21594684385383,12.326390210050706
-145.19601328903656,12.50154049571119
-145.1760797342193,12.669985801509915
-145.156146179402,12.831557401228356
-145.13621262458472,12.986093800791181
-145.11627906976747,13.133440532601332
-145.09634551495017,13.273449982074917
-145.0764119601329,13.405981241887838
-145.0564784053156,13.530899990076076
-145.03654485049836,13.64807838866639
-145.0166112956811,13.757394999969717
-144.9966777408638,13.858734718057944
-144.97674418604652,13.951988713277457
-144.95681063122925,14.037054387938273
-144.93687707641197,14.113835341563279
-144.9169435215947,14.182241344294663
-144.8970099667774,14.242188317238895
-144.87707641196013,14.29359831869213
-144.8571428571429,14.336399535328766
-144.8372093023256,14.370526277559694
-144.81727574750832,14.395918978376846
-144.79734219269102,14.412524195098968
-144.77740863787378,14.420294613522351
-144.7574750830565,14.419189054061329
-144.7375415282392,14.409172479538434
-144.71760797342193,14.39021600435416
-144.69767441860463,14.362296904834066
-144.6777408637874,14.325398630615602
-144.65780730897012,14.279510817002341
-144.63787375415282,14.224629298278765
-144.61794019933555,14.16075612204649
-144.59800664451828,14.08789956471467
-144.578073089701,14.006074148354296
-144.55813953488374,13.915300659210605
-144.53820598006644,13.81560616826212
-144.5182724252492,13.70702405432133
-144.4983388704319,13.589594030293982
-144.47840531561462,13.463362173355474
-144.45847176079735,13.328380959968223
-144.43853820598005,13.184709306859219
-144.4186046511628,13.032412619309499
-144.39867109634554,12.87156284838578
-144.37873754152824,12.702238559080376
-144.35880398671097,12.524525011733438
-144.3388704318937,12.338514259609422
-144.31893687707642,12.14430526611075
-144.29900332225915,11.94200404586666
-144.27906976744185,11.731723834872437
-144.2591362126246,11.513585296024837
-144.2392026578073,11.287716767869876
-144.21926910299004,11.054254566237454
-144.19933554817277,10.813343350799576
-144.17940199335547,10.565136571611937
-144.15946843853823,10.309797014592123
-144.13953488372096,10.047497469937
-144.11960132890366,9.77842155407728
-144.09966777408638,9.50276472444715
-144.0797342192691,9.220735537858271
-144.05980066445184,8.932557218660978
-144.03986710963457,8.638469623634508
-144.01993355481727,8.338731718792726
-144.00000000000003,8.03362472207774
-143.98006644518273,7.723456119685322
-143.96013289036546,7.408564839050325
-143.9401993355482,7.089327967988128
-143.9202657807309,6.766169561585167
-143.90033222591364,6.439572297893997
-143.88039867109634,6.110093063171812
-143.86046511627907,5.778384017034213
-143.8405315614618,5.4452213823315185
-143.82059800664453,5.111545234559901
-143.80066445182726,4.778515088639915
-143.78073089700996,4.447588300803623
-143.7607973421927,4.120631423154884
-143.74086378737542,3.800078671382187
-143.72093023255815,3.4891557648830784
-143.70099667774087,3.1921881804244734
-143.6810631229236,2.9150002113628157
-143.6611295681063,2.665360512801275
-143.64119601328906,2.4532958020317253
-143.62126245847176,2.2908419809427065
-143.6013289036545,2.190562275912958
-143.58139534883722,2.162480802583685
-143.56146179401995,2.2105165981501766
-143.54152823920268,2.330917660413865
-143.52159468438538,2.514042520815554
-143.5016611295681,2.747917247365814
-143.48172757475083,3.021144575999627
-143.46179401993356,3.32425457413728
-143.4418604651163,3.6499055623067074
-143.42192691029902,3.9925772406605415
-143.40199335548172,4.34815102941353
-143.38205980066448,4.713537312724764
-143.36212624584718,5.08638798568415
-143.3421926910299,5.464887524941801
-143.32225913621264,5.8476047700514115
-143.30232558139537,6.2333885055368405
-143.2823920265781,6.621293746513398
-143.2624584717608,7.010529339241079
-143.24252491694352,7.400420362253821
-143.22259136212625,7.7903808622938575
-143.20265780730898,8.179893868264815
-143.1827242524917,8.568496581964052
-143.1627906976744,8.955769290433835
-143.14285714285714,9.341326982929905
-143.1229235880399,9.724812954574187
-143.1029900332226,10.105893884597464
-143.08305647840533,10.484256020082162
-143.06312292358803,10.859602196448101
-143.04318936877078,11.231649497023616
-143.0232558139535,11.60012740493007
-143.0033222591362,11.96477633728171
-142.98338870431894,12.325346478530042
-142.96345514950167,12.681596849532115
-142.9435215946844,13.033294563590106
-142.92358803986713,13.380214231694643
-142.90365448504983,13.722137487498397
-142.88372093023256,14.058852608856322
-142.8637873754153,14.390154217605652
-142.843853820598,14.715843042991466
-142.82392026578074,15.035725737044912
-142.80398671096344,15.349614732489902
-142.7840531561462,15.657328135539737
-142.76411960132893,15.958689647358602
-142.74418604651163,16.253528509088525
-142.72425249169436,16.541679466243274
-142.7043189368771,16.822982748995788
-142.68438538205982,17.097284065472593
-142.66445182724254,17.36443460564522
-142.64451827242524,17.62429105379865
-142.62458471760797,17.876715607876015
-142.60465116279073,18.121576004263073
-142.58471760797343,18.35874554679374
-142.56478405315616,18.588103138940248
-142.54485049833886,18.80953331830277
-142.52491694352162,19.02292629264144
-142.50498338870435,19.228177976800684
-142.48504983388705,19.42519002996722
-142.46511627906978,19.61386989278058
-142.44518272425248,19.794130823881112
-142.42524916943523,19.96589193553757
-142.40531561461796,20.12907822804595
-142.38538205980066,20.283620622633396
-142.3654485049834,20.42945599263906
-142.34551495016612,20.566527192776324
-142.32558139534885,20.69478308631018
-142.30564784053158,20.814178570009084
-142.28571428571428,20.92467459675471
-142.26578073089703,21.026238195713038
-142.24584717607974,21.118842489990648
-142.22591362126246,21.2024667117167
-142.2059800664452,21.277096214508386
-142.1860465116279,21.34272248329249
-142.16611295681065,21.39934314147044
-142.14617940199338,21.446961955428318
-142.12624584717608,21.48558883640626
-142.1063122923588,21.51523983975515
-142.08637873754154,21.535937161620996
-142.06644518272427,21.547709133110214
-142.046511627907,21.55059021200144
-142.0265780730897,21.544620972082544
-142.00664451827242,21.529848090204155
-141.98671096345515,21.506324331154072
-141.96677740863788,21.47410853047085
-141.9468438538206,21.433265575328296
-141.9269102990033,21.383866383637574
-141.90697674418607,21.325987881528363
-141.8870431893688,21.25971297938667
-141.8671096345515,21.185130546643382
-141.84717607973423,21.102335385525365
-141.82724252491695,21.01142820399959
-141.80730897009968,20.91251558816047
-141.7873754152824,20.80570997433171
-141.7674418604651,20.691129621176593
-141.74750830564784,20.568898582134295
-141.72757475083057,20.439146678525677
-141.7076411960133,20.30200947369957
-141.68770764119603,20.157628248619336
-141.66777408637873,20.00614997932177
-141.64784053156149,19.847727316713097
-141.62790697674419,19.68251856920359
-141.6079734219269,19.510687688720207
-141.58803986710964,19.332404260677738
-141.56810631229237,19.147843498532833
-141.5481727574751,18.957186243591075
-141.5282392026578,18.760618970786638
-141.50830564784053,18.558333801205205
-141.48837209302326,18.350528522175107
-141.468438538206,18.13740661580714
-141.44850498338872,17.919177296921507
-141.42857142857144,17.69605556135867
-141.40863787375415,17.468262245729395
-141.3887043189369,17.236024099716595
-141.3687707641196,16.999573872095674
-141.34883720930233,16.759150411689017
-141.32890365448506,16.514998784511135
-141.3089700996678,16.267370408389368
-141.28903654485052,16.01652320635729
-141.26910299003322,15.762721780106462
-141.24916943521595,15.506237604740848
-141.22923588039868,15.247349245995611
-141.2093023255814,14.986342600948051
-141.18936877076413,14.723511163046528
-141.16943521594686,14.459156311996965
-141.14950166112956,14.19358762865199
-141.12956810631232,13.92712323452014
-141.10963455149502,13.660090154818784
-141.08970099667775,13.392824703096823
-141.06976744186048,13.12567288430824
-141.0498338870432,12.858990811773806
-141.02990033222594,12.593145131668319
-141.00996677740864,12.328513446451105
-140.99003322259136,12.065484725950657
-140.9700996677741,11.804459691550687
-140.95016611295682,11.545851155039571
-140.93023255813955,11.290084289123671
-140.91029900332225,11.037596801335704
-140.89036544850498,10.788838977097901
-140.87043189368774,10.544273551088764
-140.85049833887044,10.304375358960796
-140.83056478405317,10.069630714124047
-140.81063122923587,9.840536447162258
-140.79069767441862,9.617598539083703
-140.77076411960135,9.401330274849395
-140.75083056478405,9.192249841531556
-140.73089700996678,8.990877297334968
-140.7109634551495,8.797730845058036
-140.69102990033224,8.61332235796125
-140.67109634551497,8.438152128941443
-140.65116279069767,8.272702846516411
-140.6312292358804,8.117432843841467
-140.61129568106315,7.972768719143777
-140.59136212624585,7.839097485426405
-140.57142857142858,7.716758470163056
-140.55149501661128,7.60603524628103
-140.531561461794,7.50714792683804
-140.51162790697677,7.420246189523512
-140.49169435215947,7.345403405967988
-140.4717607973422,7.282612229186164
-140.45182724252493,7.231781937950915
-140.43189368770766,7.192737751454973
-140.41196013289039,7.165222217864184
-140.3920265780731,7.14889865692147
-140.37209302325581,7.14335651273281
-140.35215946843857,7.148118361713991
-140.33222591362127,7.1626482339374435
-140.312292358804,7.18636085157294
-140.2923588039867,7.218631368771045
-140.27242524916943,7.2588052114241775
-140.2524916943522,7.30620765708612
-140.2325581395349,7.360152856813829
-140.21262458471762,7.4199520728556925
-140.19269102990032,7.4849209805668435
-140.17275747508307,7.554385952879663
-140.1528239202658,7.62768930635837
-140.1328903654485,7.704193536698715
-140.11295681063123,7.78328460771308
-140.09302325581396,7.864374381975869
-140.0730897009967,7.9469022949016885
-140.05315614617942,8.030336379054683
-140.03322259136212,8.114173744014526
-140.01328903654485,8.197940611096932
-139.99335548172758,8.281191993320451
-139.9734219269103,8.363511100575915
-139.95348837209303,8.44450853901125
-139.93355481727573,8.523821362915264
-139.9136212624585,8.601112027341706
-139.89368770764122,8.676067280636321
-139.87375415282392,8.748397028041786
-139.85382059800665,8.817833190685263
-139.83388704318938,8.884128578455693
-139.8139534883721,8.947055790468989
-139.79401993355484,9.006406152892623
-139.77408637873754,9.061988700742836
-139.75415282392026,9.113629207765113
-139.734219269103,9.161169266557811
-139.71428571428572,9.204465419602856
-139.69435215946845,9.243388340745655
-139.67441860465115,9.277822065843809
-139.6544850498339,9.307663270723001
-139.63455149501664,9.33282059418561
-139.61461794019934,9.353214003572848
-139.59468438538207,9.368774200249565
-139.5747508305648,9.379442062335213
-139.55481727574752,9.385168122022556
-139.53488372093025,9.385912074890326
-139.51495016611295,9.381642318712979
-139.49501661129568,9.37233551939006
-139.4750830564784,9.3579762017503
-139.45514950166114,9.338556363126013
-139.43521594684387,9.314075107736473
-139.41528239202657,9.28453830006126
-139.39534883720933,9.249958235524055
-139.37541528239203,9.210353326941622
-139.35548172757476,9.165747805321018
-139.33554817275748,9.116171433709827
-139.3156146179402,9.061659232918503
-139.29568106312294,9.00225121804117
-139.27574750830564,8.937992144801147
-139.25581395348837,8.868931264840485
-139.2358803986711,8.795122089158909
-139.21594684385383,8.716622158987349
-139.19601328903656,8.633492823455022
-139.1760797342193,8.545799023477027
-139.156146179402,8.45360908135232
-139.13621262458474,8.356994495619723
-139.11627906976744,8.256029740773377
-139.09634551495017,8.15079207148826
-139.0764119601329,8.04136133105201
-139.05647840531563,7.927819763741854
-139.03654485049836,7.810251830924424
-139.01661129568106,7.68874403069289
-138.9966777408638,7.563384720890096
-138.97674418604652,7.434263945398068
-138.95681063122925,7.301473263605037
-138.93687707641197,7.1651055829894466
-138.9169435215947,7.025254994788437
-138.8970099667774,6.8820166127450735
-138.87707641196016,6.735486414955271
-138.85714285714286,6.585761088862151
-138.8372093023256,6.432937879473101
-138.81727574750832,6.277114440903862
-138.79734219269102,6.118388691385487
-138.77740863787378,5.956858671905093
-138.75747508305648,5.7926224086920275
-138.7375415282392,5.625777779808789
-138.71760797342193,5.4564223861650945
-138.69767441860466,5.284653427346706
-138.6777408637874,5.1105675827452535
-138.6578073089701,4.934260898599265
-138.63787375415282,4.755828681722676
-138.61794019933558,4.575365400923601
-138.59800664451828,4.392964597430835
-138.578073089701,4.2087188060896095
-138.5581395348837,4.022719489726387
-138.53820598006644,3.8350569900153664
-138.5182724252492,3.64582049956863
-138.4983388704319,3.4550980620813183
-138.47840531561462,3.262976610635201
-138.45847176079735,3.069542059457713
-138.43853820598008,2.874879472891813
-138.4186046511628,2.6790733495059125
-138.3986710963455,2.482208083799559
-138.37873754152824,2.284368711976106
-138.358803986711,2.0856421306110464
-138.3388704318937,1.8861191387787106
-138.31893687707642,1.6858979903520066
-138.29900332225913,1.4850908907142968
-138.27906976744185,1.2838366765958775
-138.2591362126246,1.0823277413883188
-138.2392026578073,0.8808739641667571
-138.21926910299004,0.680079728781714
-138.19933554817277,0.48145813994830794
-138.1794019933555,0.29049718634399846
-138.15946843853823,0.14405109388970602
-138.13953488372093,0.203193675281154
-138.11960132890366,0.3825181660068212
-138.0996677740864,0.5797362787040042
-138.0797342192691,0.7815273791180986
-138.05980066445184,0.9851403432509372
-138.03986710963454,1.189659347462603
-138.01993355481727,1.394681120242994
-138.00000000000003,1.5999909364523106
-137.98006644518273,1.80545710008872
-137.96013289036546,2.010989540171905
-137.94019933554816,2.2165212562907146
-137.92026578073092,2.4219991210434246
-137.90033222591364,2.6273789364928986
-137.88039867109634,2.8326225892764363
-137.86046511627907,3.037696311171715
-137.8405315614618,3.242569554031331
-137.82059800664453,3.447214221715157
-137.80066445182726,3.6516041173932723
-137.78073089700996,3.8557145249996276
-137.7607973421927,4.059521876595597
-137.74086378737542,4.263003476125546
-137.72093023255815,4.466137261047333
-137.70099667774087,4.668901589983299
-137.68106312292358,4.871275048683087
-137.66112956810633,5.073236269232606
-137.64119601328906,5.274763759164665
-137.62126245847176,5.475835738269931
-137.6013289036545,5.676429981678439
-137.58139534883722,5.8765236683105755
-137.56146179401995,6.076093234162856
-137.54152823920268,6.275114230149636
-137.52159468438538,6.473561184401812
-137.5016611295681,6.67140746904925
-137.48172757475083,6.868625171601613
-137.46179401993356,7.065184971101701
-137.4418604651163,7.261056019264763
-137.421926910299,7.456205826840936
-137.40199335548175,7.650600155450087
-137.38205980066448,7.8442029151417385
-137.36212624584718,8.036976067928714
-137.3421926910299,8.228879537534416
-137.32225913621264,8.419871125580231
-137.30232558139537,8.609906434422928
-137.2823920265781,8.798938796833186
-137.2624584717608,8.986919212685015
-137.24252491694352,9.17379629280378
-137.22259136212625,9.359516210097016
-137.20265780730898,9.54402265806832
-137.1827242524917,9.727256816790268
-137.1627906976744,9.909157326387954
-137.14285714285717,10.089660268060772
-137.12292358803987,10.268699152646063
-137.1029900332226,10.446204916705527
-137.08305647840533,10.62210592609246
-137.06312292358803,10.796327986936765
-137.04318936877078,10.968794363963855
-137.02325581395348,11.13942580604436
-137.0033222591362,11.308140578853132
-136.98338870431894,11.474854504498904
-136.96345514950167,11.639481007970383
-136.9435215946844,11.801931170229695
-136.92358803986713,11.962113787771106
-136.90365448504983,12.119935438450904
-136.88372093023258,12.275300553383506
-136.86378737541528,12.428111494689814
-136.843853820598,12.578268638875254
-136.82392026578074,12.725670465608305
-136.80398671096344,12.870213651664363
-136.7840531561462,13.011793169795112
-136.7641196013289,13.15030239227998
-136.74418604651163,13.285633198913617
-136.72425249169436,13.417676089181684
-136.7043189368771,13.546320298376362
-136.68438538205982,13.671453917403129
-136.66445182724254,13.792964016031183
-136.64451827242524,13.910736769341229
-136.624584717608,14.024657587126732
-136.6046511627907,14.134611246007337
-136.58471760797343,14.240482024016623
-136.56478405315616,14.342153837429933
-136.54485049833886,14.439510379602513
-136.52491694352162,14.532435261592672
-136.50498338870432,14.620812154349752
-136.48504983388705,14.70452493225195
-136.46511627906978,14.783457817784871
-136.4451827242525,14.85749552715727
-136.42524916943523,14.926523416656964
-136.40531561461793,14.990427629555846
-136.38538205980066,15.049095243380046
-136.36544850498342,15.102414417367575
-136.34551495016612,15.150274539943227
-136.32558139534885,15.192566376047589
-136.30564784053155,15.229182214164467
-136.28571428571428,15.260016012898943
-136.26578073089703,15.284963546966184
-136.24584717607974,15.303922552459516
-136.22591362126246,15.316792871275043
-136.2059800664452,15.323476594579308
-136.18604651162792,15.323878205216014
-136.16611295681065,15.317904718958186
-136.14617940199335,15.305465824523251
-136.12624584717608,15.286474022279897
-136.10631229235884,15.260844761588732
-136.08637873754154,15.228496576732367
-136.06644518272427,15.189351221405868
-136.04651162790697,15.143333801755192
-136.0265780730897,15.090372907970059
-136.00664451827245,15.030400744458413
-135.98671096345515,14.963353258653298
-135.96677740863788,14.889170268529465
-135.9468438538206,14.807795588937523
-135.92691029900334,14.719177156898095
-135.90697674418607,14.623267156038736
-135.88704318936877,14.520022140402626
-135.8671096345515,14.409403157912264
-135.84717607973425,14.291375873834603
-135.82724252491695,14.16591069466852
-135.80730897009968,14.032982892963263
-135.78737541528238,13.892572733680872
-135.7674418604651,13.744665602839628
-135.74750830564787,13.589252139324415
-135.72757475083057,13.426328370928669
-135.7076411960133,13.255895855908582
-135.687707641196,13.077961831592516
-135.66777408637876,12.89253937190825
-135.64784053156149,12.699647556082562
-135.62790697674419,12.499311651250036
-135.6079734219269,12.29156331230519
-135.58803986710964,12.07644080307503
-135.56810631229237,11.853989243818777
-135.5481727574751,11.62426089123122
-135.5282392026578,11.387315458606656
-135.50830564784053,11.143220485706076
-135.48837209302326,10.892051770287422
-135.468438538206,10.633893876378213
-135.44850498338872,10.368840738424742
-135.42857142857142,10.096996385761884
-135.40863787375417,9.818475818855893
-135.3887043189369,9.533406078098837
-135.3687707641196,9.241927558453092
-135.34883720930233,8.944195640204978
-135.32890365448503,8.640382729286253
-135.3089700996678,8.330680832679242
-135.28903654485052,8.015304839193904
-135.26910299003322,7.6944967391416
-135.24916943521595,7.368531106803641
-135.22923588039868,7.037722300341978
-135.2093023255814,6.702434025388655
-135.18936877076413,6.363092192977996
-135.16943521594683,6.02020243033351
-135.1495016611296,5.674374254959632
-135.12956810631232,5.326354927839879
-135.10963455149502,4.97707756730652
-135.08970099667775,4.627730557870802
-135.06976744186045,4.279859122212838
-135.0498338870432,3.9355158112976385
-135.02990033222594,3.597485250005325
-135.00996677740864,3.269619347000201
-134.99003322259136,2.9573272584994332
-134.9700996677741,2.668249212253536
-134.95016611295682,2.4130440664529695
-134.93023255813955,2.205907730488159
-134.91029900332225,2.0638126277877373
-134.890365448505,2.0030287765680153
-134.8704318936877,2.0330519058017504
-134.85049833887044,2.1519969170711
-134.83056478405317,2.3479956637954964
-134.81063122923587,2.6050307648593507
-134.79069767441862,2.908022581802411
-134.77076411960132,3.2449625325971945
-134.75083056478405,3.607001228013002
-134.73089700996678,3.987801345751043
-134.7109634551495,4.382833088772715
-134.69102990033224,4.788818189755334
-134.67109634551497,5.203336488756127
-134.65116279069767,5.624558650650585
-134.63122923588043,6.0510666063186225
-134.61129568106313,6.481732585161937
-134.59136212624585,6.915636828594397
-134.57142857142858,7.352010891736167
-134.55149501661128,7.79019802189628
-134.53156146179404,8.229625072654926
-134.51162790697674,8.669782317175555
-134.49169435215947,9.11020874735308
-134.4717607973422,9.5504812363921
-134.45182724252493,9.990206459420213
-134.43189368770766,10.429014808798884
-134.41196013289039,10.866555770014136
-134.3920265780731,11.302494379632094
-134.37209302325584,11.736508493787191
-134.35215946843854,12.168286670141072
-134.33222591362127,12.597526518709918
-134.312292358804,13.023933414336216
-134.2923588039867,13.447219490504112
-134.27242524916946,13.867102853792382
-134.25249169435216,14.28330697266001
-134.2325581395349,14.695560204943252
-134.21262458471762,15.10359543643911
-134.19269102990035,15.507149808985695
-134.17275747508307,15.905964521041104
-134.15282392026577,16.299784687283193
-134.1328903654485,16.688359246469847
-134.11295681063126,17.071440908913143
-134.09302325581396,17.448786136574117
-134.0730897009967,17.82015515008717
-134.0531561461794,18.185311958054793
-134.03322259136212,18.544024404775218
-134.01328903654488,18.896064233223786
-133.99335548172758,19.241207160639206
-133.9734219269103,19.579232964494913
-133.95348837209303,19.90992557698467
-133.93355481727576,20.233073186436837
-133.9136212624585,20.548468344305647
-133.8936877076412,20.855908076581187
-133.87375415282392,21.155193998619005
-133.85382059800668,21.446132432524045
-133.83388704318938,21.72853452633376
-133.8139534883721,22.002216374339028
-133.7940199335548,22.266999137959537
-133.77408637873754,22.52270916665688
-133.7541528239203,22.769178118424612
-133.734219269103,23.006243079442957
-133.71428571428572,23.233746682526775
-133.69435215946845,23.45153722403084
-133.67441860465118,23.6594687789073
-133.6544850498339,23.857401313636633
-133.6345514950166,24.045200796776918
-133.61461794019934,24.22273930689632
-133.59468438538207,24.38989513767223
-133.5747508305648,24.546552899956065
-133.55481727574752,24.692603620617444
-133.53488372093022,24.827944837994135
-133.51495016611295,24.95248069378581
-133.4950166112957,25.066122021240737
-133.4750830564784,25.168786429493597
-133.45514950166114,25.26039838392229
-133.43521594684384,25.340889282399683
-133.4152823920266,25.41019752732426
-133.39534883720933,25.468268593321007
-133.37541528239203,25.51505509051096
-133.35548172757476,25.55051682325481
-133.33554817275746,25.574620844282
-133.3156146179402,25.587341504123735
-133.29568106312294,25.58866049577388
-133.27574750830564,25.57856689450812
-133.25581395348837,25.557057192797462
-133.2358803986711,25.524135330258467
-133.21594684385383,25.479812718587727
-133.19601328903656,25.424108261434824
-133.17607973421926,25.357048369173146
-133.15614617940201,25.27866696853443
-133.13621262458474,25.18900550707855
-133.11627906976744,25.08811295247627
-133.09634551495017,24.976045786589186
-133.07641196013287,24.8528679943371
-133.05647840531563,24.718651047350036
-133.03654485049836,24.57347388240878
-133.01661129568106,24.417422874685002
-132.9966777408638,24.250591805799655
-132.97674418604652,24.07308182672595
-132.95681063122925,23.885001415571775
-132.93687707641197,23.686466330285178
-132.91694352159467,23.47759955633607
-132.89700996677743,23.258531249437436
-132.87707641196016,23.029398673380634
-132.85714285714286,22.790346133071257
-132.8372093023256,22.54152490286549
-132.8172757475083,22.283093150321534
-132.79734219269105,22.01521585549708
-132.77740863787378,21.73806472594232
-132.75747508305648,21.45181810755862
-132.7375415282392,21.156660891516687
-132.71760797342193,20.852784417455123
-132.69767441860466,20.540386373211362
-132.6777408637874,20.21967069137309
-132.6578073089701,19.89084744298047
-132.63787375415285,19.55413272875876
-132.61794019933555,19.20974856831953
-132.59800664451828,18.857922787837516
-132.578073089701,18.49888890679347
-132.5581395348837,18.132886024472224
-132.53820598006646,17.760158707025386
-132.51827242524917,17.380956876053833
-132.4983388704319,16.995535699842833
-132.47840531561462,16.604155488601567
-132.45847176079735,16.207081595328056
-132.43853820598008,15.804584324256549
-132.4186046511628,15.396938849262531
-132.3986710963455,14.984425145128213
-132.37873754152827,14.5673279352375
-132.35880398671097,14.145936660119037
-132.3388704318937,13.72054547234516
-132.31893687707642,13.291453264702003
-132.29900332225913,12.858963740377707
-132.27906976744188,12.423385536319334
-132.25913621262458,11.985032414088565
-132.2392026578073,11.544223536790968
-132.21926910299004,11.101283856371996
-132.19933554817277,10.656544643354842
-132.1794019933555,10.210344201797518
-132.15946843853823,9.763028827132166
-132.13953488372093,9.314954085504334
-132.11960132890366,8.86648652311179
-132.09966777408638,8.418005957246368
-132.0797342192691,7.9699085641422425
-132.05980066445184,7.522611073264564
-132.03986710963454,7.076556521059355
-132.0199335548173,6.632222238730019
-132.0,6.190131097773095
-131.98006644518273,5.75086759915836
-131.96013289036546,5.315101317902772
-131.9401993355482,4.883621776770673
-131.92026578073092,4.45739152451273
-131.90033222591362,4.037628984977235
-131.88039867109634,3.625941336698781
-131.86046511627907,3.224543723615129
-131.8405315614618,2.836630720494289
-131.82059800664453,2.467018496696955
-131.80066445182723,2.1232546210932317
-131.78073089700996,1.8174319616848238
-131.76079734219272,1.5685482820660082
-131.74086378737542,1.4031540481045905
-131.72093023255815,1.347786317846511
-131.70099667774087,1.4108939680519368
-131.6810631229236,1.5740479051400456
-131.66112956810633,1.8064825555941848
-131.64119601328903,2.0816088530159105
-131.62126245847176,2.3814746682546315
-131.6013289036545,2.6948998069802803
-131.58139534883722,3.014953779352543
-131.56146179401995,3.337222438804811
-131.54152823920265,3.6587835480457938
-131.52159468438538,3.977620463367399
-131.50166112956813,4.292283567576206
-131.48172757475083,4.601690054941964
-131.46179401993356,4.9050021176416685
-131.4418604651163,5.201550669383241
-131.42192691029902,5.490786259580472
-131.40199335548175,5.772246678670529
-131.38205980066445,6.045535083547788
-131.36212624584718,6.310304919029729
-131.3421926910299,6.566249330573605
-131.32225913621264,6.813093607739198
-131.30232558139537,7.0505897123625365
-131.28239202657807,7.278512266094188
-131.2624584717608,7.496655576134763
-131.24252491694355,7.704831410589723
-131.22259136212625,7.902867322561474
-131.20265780730898,8.09060538110089
-131.18272425249168,8.267901207478959
-131.16279069767444,8.434623243234563
-131.14285714285717,8.590652196159779
-131.12292358803987,8.735880624445253
-131.1029900332226,8.870212629373379
-131.0830564784053,8.993563634393498
-131.06312292358805,9.105860233941243
-131.04318936877078,9.207040099526363
-131.02325581395348,9.297051933797269
-131.0033222591362,9.37585546577021
-130.98338870431894,9.443421482384023
-130.96345514950167,9.499731893152795
-130.9435215946844,9.544779826046623
-130.9235880398671,9.578569753917561
-130.90365448504986,9.601117651870199
-130.88372093023258,9.612451187007917
-130.86378737541528,9.612609943014412
-130.843853820598,9.601645683099491
-130.8239202657807,9.57962265599141
-130.80398671096347,9.54661795094015
-130.7840531561462,9.502721909156456
-130.7641196013289,9.44803860080691
-130.74418604651163,9.382686378681106
-130.72425249169436,9.306798522023607
-130.7043189368771,9.220523986875904
-130.68438538205982,9.124028282721872
-130.66445182724252,9.01749449941838
-130.64451827242527,8.90112451350185
-130.624584717608,8.775140409214927
-130.6046511627907,8.639786157268695
-130.58471760797343,8.49532960378467
-130.56478405315613,8.342064833457894
-130.5448504983389,8.180314985244753
-130.52491694352162,8.010435616391543
-130.50498338870432,7.832818732052659
-130.48504983388705,7.6478976238277205
-130.46511627906978,7.456152691991794
-130.4451827242525,7.258118463562786
-130.42524916943523,7.054392061772564
-130.40531561461793,6.845643431167069
-130.38538205980066,6.632627673799424
-130.3654485049834,6.41619989977173
-130.34551495016612,6.197333027797376
-130.32558139534885,5.9771389666262404
-130.30564784053155,5.7568935281502664
-130.2857142857143,5.538065205070475
-130.265780730897,5.322347491885059
-130.24584717607974,5.111693593900534
-130.22591362126246,4.9083509656351385
-130.2059800664452,4.714890942616034
-130.18604651162792,4.5342256574418425
-130.16611295681065,4.369600643428491
-130.14617940199335,4.224547887419712
-130.12624584717608,4.10278257884869
-130.1063122923588,4.008030631339323
-130.08637873754154,3.943786668957358
-130.06644518272427,3.9130243972647447
-130.04651162790697,3.917907499077739
-130.02657807308972,3.959566317260128
-130.00664451827242,4.037999381565494
-129.98671096345515,4.1521259427308985
-129.96677740863788,4.299970204734051
-129.9468438538206,4.478923032739536
-129.92691029900334,4.686017581218236
-129.90697674418607,4.918169450779487
-129.88704318936877,5.172356351834469
-129.8671096345515,5.445733967136791
-129.84717607973423,5.735697791445895
-129.82724252491695,6.039905466725216
-129.80730897009968,6.356273539055118
-129.78737541528238,6.682959639721966
-129.76744186046514,7.018337773210699
-129.74750830564784,7.360971580298667
-129.72757475083057,7.709588381705761
-129.7076411960133,8.063055433142035
-129.68770764119603,8.420358972721418
-129.66777408637876,8.780586152912736
-129.64784053156146,9.142909691954163
-129.62790697674419,9.506574962652037
-129.6079734219269,9.870889199798869
-129.58803986710964,10.235212513738981
-129.56810631229237,10.598950424614307
-129.54817275747507,10.96154766682377
-129.5282392026578,11.322483049351662
-129.50830564784056,11.681265191428425
-129.48837209302326,12.0374289830107
-129.468438538206,12.390532645405335
-129.44850498338872,12.740155289160437
-129.42857142857144,13.085894884503526
-129.40863787375417,13.427366574604937
-129.38870431893687,13.764201274269675
-129.3687707641196,14.096044506757886
-129.34883720930233,14.422555439693609
-129.32890365448506,14.743406087774892
-129.3089700996678,15.058280655523522
-129.2890365448505,15.36687499783735
-129.26910299003322,15.668896179819553
-129.24916943521598,15.964062120410002
-129.22923588039868,16.252101306855906
-129.2093023255814,16.53275256913445
-129.18936877076413,16.80576490515717
-129.16943521594686,17.070897349012554
-129.1495016611296,17.32791887569029
-129.1295681063123,17.576608336722913
-129.10963455149502,17.81675442201109
-129.08970099667775,18.04815564379759
-129.06976744186048,18.27062033934399
-129.0498338870432,18.483966689363015
-129.0299003322259,18.688022749683263
-129.00996677740864,18.882626493984336
-128.9900332225914,19.06762586575073
-128.9700996677741,19.24287883785908
-128.95016611295682,19.408253478444085
-128.93023255813952,19.563628021889645
-128.91029900332228,19.708890943966402
-128.890365448505,19.843941040292687
-128.8704318936877,19.968687507432083
-128.85049833887044,20.083050026064072
-128.83056478405314,20.186958845774686
-128.8106312292359,20.28035487111458
-128.79069767441862,20.363189748664723
-128.77076411960132,20.435425954935248
-128.75083056478405,20.49703688500388
-128.73089700996678,20.548006941876494
-128.7109634551495,20.588331626625354
-128.69102990033224,20.61801762943131
-128.67109634551494,20.637082921725597
-128.65116279069767,20.645556849694472
-128.63122923588043,20.643480229478303
-128.61129568106313,20.630905444463796
-128.59136212624585,20.607896545136875
-128.57142857142856,20.574529352032087
-128.5514950166113,20.530891562384483
-128.53156146179404,20.477082861160692
-128.51162790697674,20.41321503721759
-128.49169435215947,20.339412105409416
-128.4717607973422,20.25581043553727
-128.45182724252493,20.16255888910738
-128.43189368770766,20.05981896493647
-128.41196013289036,19.947764954711637
-128.3920265780731,19.82658410967807
-128.37209302325584,19.696476819687316
-128.35215946843854,19.557656805889817
-128.33222591362127,19.410351328394587
-128.31229235880397,19.254801410240884
-128.29235880398673,19.09126207902742
-128.27242524916946,18.92000262751594
-128.25249169435216,18.741306894460628
-128.2325581395349,18.55547356680066
-128.21262458471762,18.36281650417995
-128.19269102990035,18.163665086507713
-128.17275747508307,17.95836458492952
-128.15282392026577,17.74727655611701
-128.1328903654485,17.53077925918029
-128.11295681063123,17.309268093727795
-128.09302325581396,17.083156056609262
-128.0730897009967,16.852874213634873
-128.0531561461794,16.618872181022265
-128.03322259136215,16.381618609428745
-128.01328903654485,16.141601661122905
-127.99335548172758,15.899329468076902
-127.9734219269103,15.655330555459656
-127.95348837209305,15.410154211124208
-127.93355481727576,15.164370777166996
-127.91362126245848,14.918571834464142
-127.89368770764119,14.673370245268693
-127.87375415282392,14.42940001253275
-127.85382059800666,14.187315907720768
-127.83388704318938,13.947792811712413
-127.81395348837209,13.711524706280903
-127.79401993355481,13.479223247043684
-127.77408637873756,13.2516158433559
-127.75415282392028,13.02944316717823
-127.734219269103,12.813456012518298
-127.71428571428571,12.604411430807485
-127.69435215946845,12.403068076836409
-127.67441860465118,12.210180715949146
-127.6544850498339,12.026493867254938
-127.63455149501661,11.85273459045863
-127.61461794019934,11.689604465705285
-127.59468438538208,11.537770865824427
-127.5747508305648,11.397857676600582
-127.55481727574751,11.270435679880542
-127.53488372093022,11.156012871776015
-127.51495016611298,11.055025038124368
-127.4950166112957,10.967826945318192
-127.47508305647841,10.894684520397067
-127.45514950166113,10.835768384904
-127.43521594684387,10.791149069661628
-127.4152823920266,10.760794172591652
-127.39534883720931,10.744567632718343
-127.37541528239203,10.74223118758438
-127.35548172757474,10.753447967968329
-127.33554817275748,10.777788073707864
-127.31561461794021,10.814735877888944
-127.29568106312293,10.863698732060092
-127.27574750830564,10.924016697871693
-127.25581395348838,10.99497291248615
-127.23588039867111,11.075804204696649
-127.21594684385383,11.165711611592771
-127.19601328903654,11.263870495697773
-127.17607973421929,11.369440022953603
-127.15614617940201,11.481571826194136
-127.13621262458473,11.599417741265192
-127.11627906976744,11.722136559556525
-127.09634551495016,11.848899788750169
-127.0764119601329,11.978896451802152
-127.05647840531563,12.111336982442133
-127.03654485049834,12.245456294506578
-127.01661129568106,12.380516113437068
-126.9966777408638,12.515806662745334
-126.97674418604652,12.650647797676156
-126.95681063122925,12.784389674095785
-126.93687707641196,12.91641303401847
-126.91694352159467,13.04612918116176
-126.89700996677742,13.172979711272497
-126.87707641196015,13.296436053267326
-126.85714285714286,13.41599886888338
-126.83720930232558,13.531197350793315
-126.81727574750832,13.641588452148962
-126.79734219269105,13.746756074341253
-126.77740863787376,13.846310234404333
-126.75747508305648,13.939886228913725
-126.73754152823922,14.027143807372056
-126.71760797342193,14.107766364870528
-126.69767441860466,14.18146016118193
-126.67774086378738,14.247953571307157
-126.65780730897009,14.306996370788863
-126.63787375415284,14.35835905775821
-126.61794019933555,14.401832212634439
-126.59800664451828,14.437225895601282
-126.578073089701,14.464369081394171
-126.55813953488374,14.483109130511103
-126.53820598006645,14.493311295675284
-126.51827242524918,14.49485826220393
-126.4983388704319,14.487649720853106
-126.47840531561464,14.471601971695693
-126.45847176079735,14.446647557635012
-126.43853820598008,14.412734926249037
-126.4186046511628,14.3698281187915
-126.39867109634551,14.317906485340584
-126.37873754152825,14.256964425278365
-126.35880398671097,14.1870111525035
-126.3388704318937,14.108070485023276
-126.31893687707641,14.020180658840829
-126.29900332225915,13.923394166349432
-126.27906976744187,13.817777619772118
-126.25913621262458,13.703411640544525
-126.23920265780731,13.580390775938428
-126.21926910299005,13.448823444668191
-126.19933554817277,13.308831913722287
-126.17940199335548,13.160552309225695
-126.15946843853821,13.00413466477991
-126.13953488372093,12.83974301145885
-126.11960132890367,12.667555514478904
-126.09966777408638,12.48776466252982
-126.07973421926911,12.300577516873862
-126.05980066445183,12.106216028621573
-126.03986710963457,11.904917434106268
-126.01993355481729,11.69693474004327
-126.0,11.482537312217033
-125.98006644518273,11.262011583837984
-125.96013289036547,11.035661902504494
-125.94019933554819,10.803811537950494
-125.9202657807309,10.566803876514129
-125.90033222591362,10.32500383258012
-125.88039867109634,10.078799512168992
-125.86046511627909,9.828604169381999
-125.8405315614618,9.574858502522291
-125.82059800664452,9.31803334327596
-125.80066445182725,9.058632799079026
-125.78073089700999,8.797197915223428
-125.7607973421927,8.534310928512935
-125.74086378737542,8.270600186982474
-125.72093023255815,8.006745808154205
-125.70099667774089,7.743486138174798
-125.6810631229236,7.481625050971743
-125.66112956810632,7.222040083049144
-125.64119601328903,6.965691325562041
-125.62126245847176,6.71363087718443
-125.6013289036545,6.467012481631493
-125.58139534883722,6.227100712319748
-125.56146179401993,5.99527870376303
-125.54152823920265,5.77305295287153
-125.5215946843854,5.562053132930626
-125.50166112956812,5.364024232281391
-125.48172757475083,5.180807776354748
-125.46179401993355,5.014308647363057
-125.44186046511629,4.866444423799423
-125.42192691029902,4.739075624147914
-125.40199335548174,4.633918061584326
-125.38205980066445,4.552442641220939
-125.36212624584718,4.4957726485518785
-125.34219269102992,4.4645924355630004
-125.32225913621264,4.459082587724091
-125.30232558139535,4.478893832235173
-125.28239202657807,4.523165268019439
-125.26245847176082,4.590583873433498
-125.24252491694354,4.679474584347103
-125.22259136212625,4.787905970622272
-125.20265780730897,4.913796496318657
-125.18272425249168,5.055009633567403
-125.16279069767444,5.209430906952756
-125.14285714285715,5.375024563986378
-125.12292358803987,5.549870979563335
-125.10299003322258,5.7321878427765265
-125.08305647840533,5.92033887327579
-125.06312292358805,6.112833690009525
-125.04318936877077,6.308321905211046
-125.02325581395348,6.505583827876843
-125.00332225913623,6.703519501885824
-124.98338870431895,6.901137251389969
-124.96345514950167,7.097542480278274
-124.94352159468438,7.291927163931132
-124.9235880398671,7.483560258963047
-124.90365448504986,7.671779117133321
-124.88372093023257,7.855981902674859
-124.86378737541528,8.035620961675203
-124.843853820598,8.210197065683142
-124.82392026578074,8.379254440725681
-124.80398671096347,8.542376491422317
-124.78405315614619,8.699182133874976
-124.7641196013289,8.849322657894206
-124.74418604651164,8.992479047258538
-124.72425249169436,9.128359695102692
-124.70431893687709,9.25669845962193
-124.6843853820598,9.377253012765662
-124.66445182724252,9.489803441341763
-124.64451827242526,9.59415106593549
-124.62458471760799,9.690117448291057
-124.6046511627907,9.777543562369745
-124.58471760797342,9.85628910825891
-124.56478405315616,9.926231951537815
-124.54485049833889,9.987267673683997
-124.5249169435216,10.039309221697703
-124.50498338870432,10.08228664739483
-124.48504983388706,10.116146928828261
-124.46511627906978,10.140853868094112
-124.4451827242525,10.156388061408057
-124.42524916943522,10.162746938838017
-124.40531561461793,10.159944872489
-124.38538205980068,10.148013353286514
-124.36544850498339,10.127001237825947
-124.34551495016612,10.096975068074615
-124.32558139534883,10.058019468055774
-124.30564784053158,10.010237623033298
-124.28571428571429,9.953751848173496
-124.26578073089702,9.888704255205429
-124.24584717607974,9.815257527248884
-124.22591362126248,9.73359581373998
-124.20598006644519,9.643925759261489
-124.18604651162792,9.54647768206964
-124.16611295681064,9.441506920176574
-124.14617940199335,9.329295364948539
-124.1262458471761,9.210153204228737
-124.10631229235881,9.08442089885667
-124.08637873754154,8.952471417926075
-124.06644518272425,8.814712758897333
-124.046511627907,8.671590778319041
-124.02657807308971,8.523592356796426
-124.00664451827242,8.371248917111185
-123.98671096345515,8.215140305877924
-123.9667774086379,8.055899035256521
-123.94684385382061,7.894214860002394
-123.92691029900332,7.730839633976416
-123.90697674418605,7.566592346073203
-123.88704318936877,7.402364174858377
-123.86710963455151,7.239123320424166
-123.84717607973423,7.077919268012616
-123.82724252491695,6.919886009455781
-123.80730897009967,6.766243597634317
-123.78737541528241,6.61829724436391
-123.76744186046513,6.477433011377986
-123.74750830564784,6.345109018520615
-123.72757475083057,6.222841049585336
-123.70764119601328,6.112181535615777
-123.68770764119603,6.014691205854802
-123.66777408637874,5.931903275023845
-123.64784053156146,5.865280900496632
-123.62790697674419,5.816169739951026
-123.60797342192693,5.785748616510871
-123.58803986710964,5.774982304729181
-123.56810631229236,5.784580987986567
-123.54817275747509,5.8149707508332575
-123.52823920265783,5.8662784581626655
-123.50830564784054,5.938332666734206
-123.48837209302326,6.03068016330263
-123.46843853820599,6.142615790626422
-123.4485049833887,6.273221825326787
-123.42857142857144,6.421412545932115
-123.40863787375416,6.585979778372011
-123.38870431893687,6.765635942254518
-123.3687707641196,6.959052166192946
-123.34883720930235,7.164890126893241
-123.32890365448506,7.38182720367467
-123.30897009966777,7.6085752321874
-123.28903654485049,7.843893573632589
-123.26910299003325,8.086597425081045
-123.24916943521596,8.335562340694873
-123.22923588039868,8.589725872069126
-123.20930232558139,8.848087117788094
-123.18936877076412,9.1097048331878
-123.16943521594686,9.373694613853464
-123.14950166112958,9.639225542974339
-123.12956810631229,9.905516588637985
-123.10963455149502,10.171832953347803
-123.08970099667776,10.437482512931975
-123.06976744186048,10.701812432921113
-123.04983388704319,10.964206014462853
-123.0299003322259,11.224079796132111
-123.00996677740866,11.480880920166369
-122.99003322259138,11.734084759712518
-122.9700996677741,11.983192796033702
-122.95016611295681,12.227730730069288
-122.93023255813952,12.467246810347994
-122.91029900332228,12.70131035833879
-122.890365448505,12.929510472391277
-122.87043189368771,13.151454892108365
-122.85049833887042,13.366769006059254
-122.83056478405317,13.575094987004839
-122.8106312292359,13.776091040153561
-122.79069767441861,13.969430751315173
-122.77076411960132,14.154802523123886
-122.75083056478407,14.331909088731297
-122.7308970099668,14.500467093508405
-122.71096345514951,14.660206736337095
-122.69102990033223,14.810871463016076
-122.67109634551494,14.952217705155748
-122.6511627906977,15.084014658698381
-122.63122923588041,15.206044096879827
-122.61129568106313,15.318100213054816
-122.59136212624584,15.419989489346984
-122.57142857142858,15.511530587564472
-122.55149501661131,15.592554259249047
-122.53156146179403,15.662903272107403
-122.51162790697674,15.72243235041396
-122.49169435215948,15.771008127280224
-122.4717607973422,15.808509106961118
-122.45182724252493,15.834825635619506
-122.43189368770764,15.849859879198524
-122.41196013289036,15.853525807263482
-122.3920265780731,15.845749181872714
-122.37209302325583,15.826467550724592
-122.35215946843854,15.795630244008782
-122.33222591362126,15.753198374567301
-122.312292358804,15.699144841148811
-122.29235880398673,15.633454334721046
-122.27242524916944,15.556123347996087
-122.25249169435216,15.467160188525193
-122.2325581395349,15.366584995940292
-122.21262458471762,15.25442976416263
-122.19269102990035,15.130738369674674
-122.17275747508306,14.99556660726586
-122.15282392026577,14.848982235028542
-122.13289036544852,14.691065030809728
-122.11295681063123,14.521906862833376
-122.09302325581396,14.341611777818484
-122.07308970099668,14.150296110654468
-122.05315614617942,13.948088620592397
-122.03322259136213,13.735130660008602
-122.01328903654486,13.511576383152809
-121.99335548172758,13.277593003974488
-121.97342192691029,13.033361114222673
-121.95348837209303,12.779075075655044
-121.93355481727576,12.514943503531674
-121.91362126245848,12.241189862818759
-121.89368770764119,11.958053203970048
-121.87375415282393,11.66578907216948
-121.85382059800665,11.364670633022614
-121.83388704318938,11.05499006958028
-121.81395348837209,10.737060321231795
-121.79401993355484,10.411217255754973
-121.77408637873755,10.077822393520611
-121.75415282392026,9.737266340138955
-121.734219269103,9.389973134403933
-121.71428571428571,9.036405787501337
-121.69435215946845,8.677073384621295
-121.67441860465117,8.312540252150209
-121.6544850498339,7.943437878029528
-121.63455149501661,7.570480531911371
-121.61461794019935,7.19448589706072
-121.59468438538207,6.816402541708753
-121.5747508305648,6.437346783006056
-121.55481727574751,6.058652505060804
-121.53488372093025,5.681938857259209
-121.51495016611297,5.309202505365325
-121.49501661129568,4.942943075911776
-121.47508305647841,4.586331935035679
-121.45514950166113,4.243433469432764
-121.43521594684387,3.919479666475984
-121.41528239202658,3.621172630908412
-121.3953488372093,3.356928237404416
-121.37541528239203,3.1368613116655766
-121.35548172757477,2.9721752809742283
-121.33554817275748,2.8736125303729647
-121.3156146179402,2.849035928077816
-121.29568106312293,2.9010774536937087
-121.27574750830567,3.0262911037525786
-121.25581395348838,3.2164128605663937
-121.2358803986711,3.460823130134949
-121.21594684385383,3.7487992390970133
-121.19601328903654,4.070834117789669
-121.17607973421929,4.419088919198314
-121.156146179402,4.787340103745205
-121.13621262458472,5.170724684638356
-121.11627906976744,5.565451173418937
-121.09634551495019,5.9685448224870585
-121.0764119601329,6.377644827203355
-121.05647840531562,6.790850415131751
-121.03654485049833,7.206606607235551
-121.01661129568109,7.623620160239281
-120.9966777408638,8.040797785112195
-120.97674418604652,8.457200591511805
-120.95681063122923,8.87201030587656
-120.93687707641196,9.284504045637965
-120.9169435215947,9.694035340475102
-120.89700996677742,10.10001974446252
-120.87707641196013,10.501923847489758
-120.85714285714286,10.899256823906411
-120.8372093023256,11.291563890549874
-120.81727574750832,11.678421213450365
-120.79734219269103,12.059431922482716
-120.77740863787375,12.434222979942604
-120.7574750830565,12.802442712151386
-120.73754152823922,13.163758859502396
-120.71760797342193,13.51785703459442
-120.69767441860465,13.864439503598087
-120.67774086378736,14.20322422513924
-120.65780730897012,14.533944095453094
-120.63787375415284,14.856346359581377
-120.61794019933555,15.170192156833725
-120.59800664451826,15.475256175256535
-120.57807308970101,15.771326394920553
-120.55813953488374,16.058203903800422
-120.53820598006645,16.335702773136422
-120.51827242524917,16.603649981634632
-120.49833887043191,16.861885379823896
-120.47840531561464,17.11026168745735
-120.45847176079735,17.348644518108618
-120.43853820598007,17.576912426131894
-120.41860465116278,17.794956971982984
-120.39867109634554,18.002682802572423
-120.37873754152825,18.200007743873293
-120.35880398671097,18.386862903458493
-120.33887043189368,18.563192781013793
-120.31893687707642,18.728955385178384
-120.29900332225915,18.88412235531539
-120.27906976744187,19.028679087019633
-120.25913621262458,19.162624860336344
-120.2392026578073,19.285972969797346
-120.21926910299004,19.39875085548493
-120.19933554817277,19.501000234411382
-120.17940199335548,19.592777231555754
-120.1594684385382,19.674152509931346
-120.13953488372094,19.7452113990666
-120.11960132890367,19.806054021271848
-120.09966777408638,19.856795415030646
-120.0797342192691,19.897565654800815
-120.05980066445184,19.928509966432078
-120.03986710963457,19.949788837305245
-120.01993355481729,19.96157812017011
-120.0,19.964069129502498
-119.98006644518273,19.95746872901449
-119.96013289036544,19.941999408732276
-119.94019933554819,19.917899349800905
-119.9202657807309,19.88542247488225
-119.90033222591363,19.844838481677908
-119.88039867109634,19.796432856731823
-119.86046511627907,19.740506866244576
-119.8405315614618,19.67737752016108
-119.82059800664453,19.607377505276467
-119.80066445182725,19.530855082539865
-119.78073089700997,19.448173943125813
-119.7607973421927,19.359713017192043
-119.74086378737542,19.265866228555712
-119.72093023255815,19.167042187809656
-119.70099667774086,19.063663815676733
-119.6810631229236,18.95616788768408
-119.66112956810632,18.845004490551474
-119.64119601328905,18.73063638005851
-119.62126245847176,18.613538229620335
-119.60132890365449,18.49419575840094
-119.58139534883722,18.373104727578735
-119.56146179401995,18.250769793404775
-119.54152823920266,18.127703206023128
-119.52159468438539,18.004423343720596
-119.5016611295681,17.881453073409244
-119.48172757475083,17.759317929786636
-119.46179401993356,17.638544107827244
-119.44186046511628,17.519656266087996
-119.421926910299,17.40317514179224
-119.40199335548174,17.28961498280379
-119.38205980066446,17.179480806392096
-119.36212624584718,17.073265500061737
-119.34219269102991,16.97144678556946
-119.32225913621264,16.87448407342289
-119.30232558139537,16.782815241442616
-119.28239202657808,16.696853377116515
-119.26245847176081,16.616983529186633
-119.24252491694352,16.543559518858856
-119.22259136212625,16.476900864877162
-119.20265780730898,16.41728987913393
-119.1827242524917,16.364968990206236
-119.16279069767442,16.32013835099495
-119.14285714285714,16.282953783362895
-119.12292358803988,16.25352510730021
-119.1029900332226,16.23191489478896
-119.08305647840533,16.218137679424373
-119.06312292358804,16.21215964232455
-119.04318936877078,16.213898783371192
-119.0232558139535,16.223225574890325
-119.00332225913621,16.23996408305432
-118.98338870431894,16.26389353111173
-118.96345514950167,16.29475026852705
-118.9435215946844,16.332230101656144
-118.92358803986711,16.37599093500385
-118.90365448504984,16.425655667593226
-118.88372093023256,16.480815286577265
-118.8637873754153,16.541032099878663
-118.84385382059801,16.60584305118025
-118.82392026578074,16.674763063754664
-118.80398671096346,16.747288364106296
-118.78405315614619,16.822899741863914
-118.76411960132891,16.901065708465367
-118.74418604651163,16.981245523594136
-118.72425249169436,17.06289206477103
-118.70431893687707,17.145454521730887
-118.68438538205982,17.228380903031393
-118.66445182724253,17.311120347610927
-118.64451827242526,17.393125238644465
-118.62458471760797,17.473853120997305
-118.6046511627907,17.552768426838007
-118.58471760797343,17.629344016567135
-118.56478405315616,17.703062544191873
-118.54485049833887,17.77341765768797
-118.5249169435216,17.839915045808027
-118.50498338870433,17.902073343290446
-118.48504983388705,17.95942490656831
-118.46511627906978,18.011516471938943
-118.44518272425249,18.057909707796153
-118.42524916943522,18.098181672002976
-118.40531561461795,18.131925184841705
-118.38538205980068,18.158749127261075
-118.36544850498339,18.178278673381275
-118.34551495016612,18.190155465443294
-118.32558139534885,18.194037738621926
-118.30564784053158,18.18960040237701
-118.28571428571429,18.176535084307947
-118.26578073089702,18.1545501418101
-118.24584717607974,18.123370646214084
-118.22591362126246,18.082738343522674
-118.20598006644519,18.032411595346883
-118.18604651162791,17.972165303182308
-118.16611295681064,17.90179081875779
-118.14617940199336,17.821095842829564
-118.1262458471761,17.72990431448236
-118.10631229235881,17.628056292733522
-118.08637873754154,17.515407832013082
-118.06644518272425,17.391830852911944
-118.046511627907,17.257213009448524
-118.02657807308971,17.111457554001472
-118.00664451827242,16.95448320099158
-117.98671096345515,16.786223990370317
-117.96677740863788,16.606629151986915
-117.94684385382061,16.415662971963403
-117.92691029900332,16.21330466231217
-117.90697674418605,15.999548235189273
-117.88704318936877,15.774402383398035
-117.86710963455151,15.53789036905413
-117.84717607973423,15.29004992271115
-117.82724252491695,15.030933155747402
-117.80730897009967,14.760606489460075
-117.78737541528241,14.47915060514256
-117.76744186046513,14.186660420487843
-117.74750830564784,13.883245099040655
-117.72757475083057,13.569028101212176
-117.70764119601328,13.244147287712927
-117.68770764119603,12.90875508934222
-117.66777408637874,12.563018761165582
-117.64784053156147,12.207120744590755
-117.62790697674419,11.841259168261677
-117.60797342192691,11.465648528806193
-117.58803986710964,11.080520606440798
-117.56810631229237,10.686125689944605
-117.54817275747509,10.282734213107087
-117.52823920265782,9.870638944304353
-117.50830564784054,9.450157928371146
-117.48837209302326,9.021638464873659
-117.46843853820599,8.585462534443122
-117.4485049833887,8.142054279872408
-117.42857142857144,7.691890452793185
-117.40863787375416,7.2355152210544995
-117.38870431893689,6.773561520993438
-117.3687707641196,6.3067824564660775
-117.34883720930233,5.836098505791479
-117.32890365448506,5.3626702813763885
-117.30897009966779,4.888013816677023
-117.2890365448505,4.4141888535665705
-117.26910299003322,3.944116424908076
-117.24916943521595,3.4821320288286355
-117.22923588039868,3.034975520533145
-117.2093023255814,2.613578121690178
-117.18936877076412,2.236147359686062
-117.16943521594685,1.9324632065565852
-117.14950166112958,1.7453467255753634
-117.1295681063123,1.7168753218398416
-117.10963455149502,1.8571657001149557
-117.08970099667775,2.13525422853706
-117.06976744186048,2.5071339138991444
-117.0498338870432,2.9383738547970912
-117.02990033222592,3.4071130230548095
-117.00996677740864,3.9001771471253415
-116.99003322259136,4.409514583762821
-116.9700996677741,4.930007403225489
-116.95016611295682,5.458244526653399
-116.93023255813954,5.991838997184285
-116.91029900332227,6.5290398392551285
-116.89036544850498,7.0685045490197345
-116.87043189368772,7.609161372819647
-116.85049833887044,8.150123321524832
-116.83056478405317,8.690632935230342
-116.81063122923588,9.230025877287122
-116.79069767441862,9.767706382247063
-116.77076411960134,10.303130359013197
-116.75083056478405,10.83579355411547
-116.73089700996678,11.365223131430605
-116.71096345514951,11.890971603521887
-116.69102990033224,12.4126124103206
-116.67109634551495,12.929736670364994
-116.65116279069768,13.441950778850552
-116.6312292358804,13.948874625344986
-116.61129568106314,14.450140270381304
-116.59136212624585,14.945390965520524
-116.57142857142858,15.434280432966704
-116.5514950166113,15.916472342973522
-116.53156146179401,16.39163994307108
-116.51162790697676,16.859465804528405
-116.49169435215947,17.319641659772017
-116.4717607973422,17.771868310600933
-116.45182724252491,18.21585559159407
-116.43189368770766,18.651322376527656
-116.41196013289037,19.077996618213955
-116.3920265780731,19.495615414154408
-116.37209302325581,19.903925091926485
-116.35215946843854,20.302681309408612
-116.33222591362127,20.691649165873205
-116.312292358804,21.070603320706812
-116.29235880398672,21.439328117093883
-116.27242524916943,21.79761770846113
-116.25249169435217,22.145276185849085
-116.23255813953489,22.482117704675623
-116.21262458471762,22.807966609598683
-116.19269102990033,23.122657556383334
-116.17275747508306,23.426035629840595
-116.15282392026579,23.71795645704032
-116.13289036544852,23.998286315111486
-116.11295681063123,24.266902233036753
-116.09302325581396,24.523692086926264
-116.07308970099669,24.76855468832177
-116.05315614617942,25.001399865138062
-116.03322259136213,25.222148534896515
-116.01328903654485,25.430732769946186
-115.99335548172758,25.62709585440297
-115.9734219269103,25.81119233256775
-115.95348837209303,25.982988048609826
-115.93355481727575,26.142460177325145
-115.91362126245848,26.28959724579752
-115.8936877076412,26.424399145808188
-115.87375415282393,26.546877136852892
-115.85382059800665,26.657053839638095
-115.83388704318938,26.754963219937775
-115.81395348837209,26.840650562700496
-115.79401993355484,26.914172436303144
-115.77408637873755,26.97559664685225
-115.75415282392026,27.025002182437238
-115.734219269103,27.062479147241323
-115.71428571428572,27.088128685415978
-115.69435215946845,27.10206289462286
-115.67441860465117,27.10440472914419
-115.6544850498339,27.095287892457126
-115.63455149501661,27.07485671916132
-115.61461794019935,27.043266046139763
-115.59468438538207,27.000681072822825
-115.5747508305648,26.947277210412835
-115.55481727574751,26.88323991991194
-115.53488372093024,26.80876453877926
-115.51495016611297,26.724056096024686
-115.49501661129568,26.62932911552514
-115.47508305647841,26.524807407325966
-115.45514950166113,26.410723846663924
-115.43521594684387,26.287320140420142
-115.41528239202658,26.154846580680488
-115.39534883720931,26.013561785048058
-115.37541528239203,25.8637324233166
-115.35548172757476,25.705632930076597
-115.33554817275748,25.539545202786215
-115.31561461794021,25.36575828479774
-115.29568106312293,25.18456803278838
-115.27574750830564,24.996276768000136
-115.25581395348838,24.801192910650816
-115.2358803986711,24.59963059683436
-115.21594684385383,24.391909277187818
-115.19601328903654,24.178353296562644
-115.17607973421929,23.959291453902985
-115.156146179402,23.73505654150382
-115.13621262458473,23.50598486279883
-115.11627906976744,23.272415727814593
-115.09634551495017,23.03469092542573
-115.0764119601329,22.793154171557976
-115.05647840531563,22.548150532515788
-115.03654485049834,22.300025822661187
-115.01661129568106,22.049125975744886
-114.99667774086379,21.795796389292928
-114.97674418604652,21.54038124158622
-114.95681063122925,21.28322278094114
-114.93687707641196,21.024660587210096
-114.91694352159469,20.765030805677256
-114.89700996677742,20.50466535382868
-114.87707641196015,20.24389110183368
-114.85714285714286,19.9830290279861
-114.83720930232559,19.722393350824433
-114.81727574750832,19.4622906401776
-114.79734219269103,19.203018909969522
-114.77740863787376,18.9448666962574
-114.75747508305648,18.68811212467122
-114.7375415282392,18.433021972159295
-114.71760797342193,18.179850728716417
-114.69767441860466,17.928839665565327
-114.67774086378738,17.680215917062736
-114.6578073089701,17.434191584390405
-114.63787375415282,17.190962869847294
-114.61794019933556,16.950709251257482
-114.59800664451828,16.713592706624226
-114.57807308970101,16.479756999665586
-114.55813953488372,16.249327037234917
-114.53820598006645,16.02240830983281
-114.51827242524918,15.79908642643175
-114.4983388704319,15.579426754640156
-114.47840531561462,15.363474176812842
-114.45847176079735,15.151252972060904
-114.43853820598008,14.94276683322494
-114.4186046511628,14.737999026757537
-114.39867109634552,14.536912702132764
-114.37873754152824,14.33945135588622
-114.35880398671098,14.145539453726874
-114.3388704318937,13.955083212394305
-114.31893687707642,13.767971541114198
-114.29900332225914,13.584077140687121
-114.27906976744185,13.403257756490747
-114.2591362126246,13.225357580043797
-114.23920265780731,13.050208792328675
-114.21926910299004,12.877633240853374
-114.19933554817275,12.707444241496992
-114.1794019933555,12.539448495565246
-114.15946843853821,12.373448112209466
-114.13953488372094,12.20924272644942
-114.11960132890366,12.046631703491073
-114.09966777408638,11.885416420835147
-114.07973421926911,11.725402620811408
-114.05980066445184,11.56640282761435
-114.03986710963456,11.408238824616365
-114.01993355481727,11.25074418964159
-114.00000000000001,11.093766887933958
-113.98006644518273,10.937171924672084
-113.96013289036546,10.780844060983371
-113.94019933554817,10.624690599385577
-113.9202657807309,10.468644246309612
-113.90033222591363,10.312666060678282
-113.88039867109636,10.156748498239912
-113.86046511627907,10.000918561242468
-113.8405315614618,9.845241061780758
-113.82059800664453,9.689822004376467
-113.80066445182725,9.534812088585385
-113.78073089700997,9.38041032508826
-113.76079734219269,9.2268677481145
-113.74086378737542,9.074491192358753
-113.72093023255815,8.923647082872604
-113.70099667774087,8.774765160799316
-113.68106312292359,8.628342035382076
-113.66112956810632,8.484944412767055
-113.64119601328905,8.345211804600165
-113.62126245847178,8.20985846503633
-113.60132890365449,8.079674245712946
-113.58139534883722,7.955523998690381
-113.56146179401993,7.838345104232009
-113.54152823920266,7.729142663698001
-113.52159468438539,7.628981891217556
-113.5016611295681,7.538977277315568
-113.48172757475083,7.460278200226866
-113.46179401993356,7.394050840480979
-113.44186046511629,7.341456518005376
-113.421926910299,7.303626911295477
-113.40199335548174,7.281637008930924
-113.38205980066445,7.2764770374023495
-113.3621262458472,7.289024940567691
-113.34219269102991,7.320021182785289
-113.32225913621264,7.37004764777131
-113.30232558139535,7.439512175987733
-113.28239202657808,7.528639836707146
-113.26245847176081,7.637471426333608
-113.24252491694352,7.765869018012348
-113.22259136212625,7.913527768114902
-113.20265780730897,8.079992707692865
-113.18272425249171,8.264678970226438
-113.16279069767442,8.466893844221921
-113.14285714285715,8.68585916259807
-113.12292358803987,8.920732795694015
-113.1029900332226,9.170628337340746
-113.08305647840533,9.434632405911517
-113.06312292358804,9.711819281865337
-113.04318936877077,10.001262845247544
-113.02325581395348,10.302045952215819
-113.00332225913623,10.613267501944165
-112.98338870431894,10.934047504112462
-112.96345514950167,11.263530475263531
-112.94352159468438,11.600887482145675
-112.92358803986713,11.945317122570497
-112.90365448504984,12.296045697736577
-112.88372093023257,12.652326790428852
-112.86378737541528,13.013440424949577
-112.84385382059801,13.378691949383324
-112.82392026578074,13.747410749977252
-112.80398671096346,14.118948881366162
-112.78405315614619,14.49267967493427
-112.7641196013289,14.867996370357005
-112.74418604651163,15.24431080175711
-112.72425249169436,15.621052159365028
-112.70431893687709,15.997665839546393
-112.6843853820598,16.37361239005841
-112.66445182724253,16.748366553000746
-112.64451827242526,17.121416404781456
-112.62458471760799,17.492262590235434
-112.6046511627907,17.8604176465814
-112.58471760797343,18.22540541199749
-112.56478405315616,18.586760513093967
-112.54485049833887,18.94402792535165
-112.5249169435216,19.29676260059224
-112.50498338870432,19.644529155687472
-112.48504983388705,19.98690161695
-112.46511627906978,20.32346321494353
-112.4451827242525,20.65380622477918
-112.42524916943522,20.977531847307265
-112.40531561461795,21.29425012695963
-112.38538205980066,21.60357990233415
-112.3654485049834,21.90514878593785
-112.34551495016612,22.198593169811424
-112.32558139534883,22.483558254046283
-112.30564784053156,22.759698095472995
-112.28571428571429,23.02667567404821
-112.26578073089702,23.284162974695445
-112.24584717607974,23.531841082565506
-112.22591362126246,23.769400289874888
-112.20598006644519,23.996540212657095
-112.18604651162792,24.21296991592391
-112.16611295681064,24.41840804588189
-112.14617940199336,24.61258296798612
-112.12624584717608,24.79523290973873
-112.10631229235882,24.96610610725595
-112.08637873754154,25.124960954735528
-112.06644518272425,25.2715661560565
-112.04651162790698,25.405700877838612
-112.0265780730897,25.527154903377312
-112.00664451827244,25.635728786956314
-111.98671096345515,25.731234008121497
-111.96677740863788,25.813493125580354
-111.9468438538206,25.882339930469627
-111.92691029900334,25.937619598812752
-111.90697674418605,25.979188843067845
-111.88704318936878,26.0069160627481
-111.8671096345515,26.020681494180298
-111.84717607973423,26.0203773595553
-111.82724252491695,26.00590801551753
-111.80730897009967,25.97719010164086
-111.7873754152824,25.93415268924662
-111.76744186046511,25.876737431138526
-111.74750830564786,25.80489871296071
-111.72757475083057,25.718603807030885
-111.7076411960133,25.617833029665288
-111.68770764119601,25.502579903196207
-111.66777408637874,25.372851324094057
-111.64784053156147,25.228667738844905
-111.6279069767442,25.07006332951005
-111.60797342192691,24.897086211210905
-111.58803986710964,24.709798644149178
-111.56810631229237,24.50827726319802
-111.54817275747509,24.292613328596275
-111.52823920265782,24.06291300185818
-111.50830564784053,23.819297651691944
-111.48837209302326,23.561904195522594
-111.46843853820599,23.29088548316087
-111.44850498338872,23.006410730281534
-111.42857142857143,22.708666010706445
-111.40863787375416,22.397854818074936
-111.38870431893689,22.074198709379935
-111.36877076411962,21.737938045120696
-111.34883720930233,21.38933284355249
-111.32890365448505,21.02866376980185
-111.30897009966777,20.656233284587717
-111.2890365448505,20.272366982096504
-111.26910299003323,19.87741515239373
-111.24916943521595,19.47175461084841
-111.22923588039868,19.055790845686847
-111.2093023255814,18.629960545331805
-111.18936877076413,18.19473458004827
-111.16943521594685,17.7506215281273
-111.14950166112958,17.298171856009144
-111.12956810631229,16.837982885095915
-111.10963455149503,16.370704706344686
-111.08970099667775,15.897047237935997
-111.06976744186046,15.41778866222591
-111.04983388704319,14.933785526464362
-111.02990033222592,14.445984847538544
-111.00996677740865,13.955438623333905
-110.99003322259136,13.463321219193295
-110.9700996677741,12.970950160670188
-110.95016611295681,12.479810910177276
-110.93023255813955,11.991586211389066
-110.91029900332227,11.50819051032925
-110.890365448505,11.031809738368025
-110.87043189368771,10.564946263530981
-110.85049833887044,10.110467924341627
-110.83056478405317,9.671658537290377
-110.81063122923588,9.252264852576676
-110.79069767441861,8.856531385559478
-110.77076411960132,8.489209839939523
-110.75083056478407,8.155524484384882
-110.73089700996678,7.861070451391401
-110.71096345514951,7.61162168322701
-110.69102990033223,7.412833767577601
-110.67109634551497,7.269848361310338
-110.65116279069768,7.186839858970039
-110.63122923588041,7.166581654299588
-110.61129568106313,7.210129705868212
-110.59136212624584,7.316706672642499
-110.57142857142858,7.483818623241599
-110.5514950166113,7.707569750834824
-110.53156146179403,7.983090929868347
-110.51162790697674,8.304985519213584
-110.49169435215947,8.667717207473519
-110.4717607973422,9.065901128745123
-110.45182724252493,9.494492473612194
-110.43189368770764,9.948887330728597
-110.41196013289037,10.424958453357522
-110.3920265780731,10.919048240520691
-110.37209302325583,11.427936916460949
-110.35215946843854,11.948798719680076
-110.33222591362126,12.479154383047348
-110.312292358804,13.01682478076951
-110.29235880398672,13.559888296475547
-110.27242524916944,14.106642999868464
-110.25249169435216,14.655573856377028
-110.23255813953489,15.205324727426843
-110.21262458471762,15.754674697407475
-110.19269102990035,16.30251818557537
-110.17275747508306,16.847848302292526
-110.15282392026579,17.389742949730614
-110.1328903654485,17.92735322446134
-110.11295681063125,18.45989374042644
-110.09302325581396,18.986634549026725
-110.07308970099668,19.50689438546218
-110.0531561461794,20.02003501598071
-110.03322259136213,20.525456499395837
-110.01328903654486,21.022593208673147
-109.99335548172758,21.510910485324295
-109.9734219269103,21.989901821583732
-109.95348837209303,22.45908648363294
-109.93355481727576,22.918007504148125
-109.91362126245848,23.366229984759503
-109.8936877076412,23.803339659108648
-109.87375415282392,24.228941675480705
-109.85382059800666,24.64265956480179
-109.83388704318938,25.044134365402257
-109.81395348837209,25.433023880574652
-109.79401993355482,25.80900204878166
-109.77408637873754,26.171758409541123
-109.75415282392028,26.520997650649548
-109.734219269103,26.856439224601328
-109.71428571428572,27.177817023894075
-109.69435215946844,27.484879106446503
-109.67441860465118,27.777387463645763
-109.6544850498339,28.055117824628304
-109.63455149501662,28.3178594913169
-109.61461794019934,28.565415199515744
-109.59468438538207,28.797601002027772
-109.5747508305648,29.014246170323798
-109.55481727574751,29.215193111777456
-109.53488372093024,29.40029729989623
-109.51495016611295,29.56942721533807
-109.4950166112957,29.722464295815602
-109.47508305647841,29.85930289326077
-109.45514950166114,29.979850236861825
-109.43521594684385,30.08402640079419
-109.41528239202658,30.171764275653647
-109.39534883720931,30.24300954276754
-109.37541528239204,30.29772065071076
-109.35548172757476,30.335868793491546
-109.33554817275747,30.357437889999613
-109.31561461794021,30.36242456442868
-109.29568106312293,30.350838127499316
-109.27574750830566,30.32270055841692
-109.25581395348837,30.278046487607494
-109.2358803986711,30.216923180380565
-109.21594684385383,30.1393905217769
-109.19601328903656,30.045521002970027
-109.17607973421927,29.935399709707298
-109.156146179402,29.809124313399526
-109.13621262458473,29.666805065601018
-109.11627906976746,29.50856479676619
-109.09634551495017,29.334538920327418
-109.07641196013289,29.144875443314508
-109.05647840531562,28.93973498493297
-109.03654485049834,28.71929080473933
-109.01661129568107,28.483728842302874
-108.99667774086379,28.233247770528447
-108.97674418604652,27.96805906514266
-108.95681063122925,27.688387093221337
-108.93687707641197,27.394469224070527
-108.91694352159469,27.086555966275988
-108.89700996677742,26.76491113532059
-108.87707641196013,26.429812056849805
-108.85714285714286,26.081549811461823
-108.83720930232559,25.720429527831858
-108.8172757475083,25.346770732076205
-108.79734219269103,24.960907762553013
-108.77740863787376,24.563190260820843
-108.75747508305649,24.153983751278815
-108.7375415282392,23.733670324149408
-108.71760797342193,23.30264943900257
-108.69767441860465,22.86133886903821
-108.67774086378739,22.410175809939098
-108.6578073089701,21.94961818139339
-108.63787375415284,21.480146154501416
-108.61794019933555,21.0022639443882
-108.59800664451828,20.516501914630346
-108.57807308970101,20.023419048793603
-108.55813953488372,19.523605854713434
-108.53820598006645,19.017687779407286
-108.51827242524917,18.506329226967612
-108.49833887043191,17.990238288717062
-108.47840531561462,17.47017231451875
-108.45847176079735,16.946944476485637
-108.43853820598007,16.421431501201322
-108.41860465116281,15.894582773213951
-108.39867109634552,15.36743103938489
-108.37873754152825,14.841104967604222
-108.35880398671097,14.316843829049922
-108.33887043189368,13.796014571561926
-108.31893687707642,13.280131518318036
-108.29900332225914,12.770878838224784
-108.27906976744187,12.270135758244685
-108.25913621262458,11.780004174121375
-108.23920265780731,11.302837797392247
-108.21926910299004,10.841271168370378
-108.19933554817277,10.39824567401545
-108.17940199335548,9.977028063430295
-108.15946843853821,9.581214860046646
-108.13953488372094,9.214713724732595
-108.11960132890366,8.881690767237764
-108.09966777408638,8.586472072468734
-108.0797342192691,8.333389862086431
-108.05980066445184,8.126570479194333
-108.03986710963456,7.96967369634042
-108.01993355481729,7.8656093515445855
-108.0,7.816273216433119
-107.98006644518273,7.822351777430161
-107.96013289036546,7.88323862632785
-107.94019933554819,7.997082631697604
-107.9202657807309,8.160957407277758
-107.90033222591363,8.371115024809626
-107.88039867109634,8.623274261655117
-107.86046511627907,8.912897063316445
-107.8405315614618,9.23542118738753
-107.82059800664452,9.586434323783697
-107.80066445182725,9.96178928756182
-107.78073089700997,10.357668633394773
-107.7607973421927,10.770610580845283
-107.74086378737542,11.19750811173662
-107.72093023255815,11.635591238206953
-107.70099667774087,12.082400003057757
-107.6810631229236,12.53575347386659
-107.66112956810632,12.993718126740507
-107.64119601328905,13.45457763865018
-107.62126245847176,13.916805159082227
-107.60132890365449,14.379038516197971
-107.58139534883722,14.840058436052713
-107.56146179401993,15.298769639006276
-107.54152823920266,15.754184568137822
-107.52159468438538,16.205409460277753
-107.50166112956812,16.6516324644114
-107.48172757475083,17.09211352741647
-107.46179401993356,17.526175792603148
-107.44186046511628,17.95319828587209
-107.42192691029902,18.372609693798168
-107.40199335548174,18.783883065622902
-107.38205980066446,19.186531296080574
-107.36212624584718,19.580103267892866
-107.34219269102991,19.96418055168773
-107.32225913621264,20.338374577249386
-107.30232558139535,20.702324203684086
-107.28239202657808,21.05569362760833
-107.2624584717608,21.398170578137012
-107.24252491694354,21.729464755549863
-107.22259136212625,22.049306477291598
-107.20265780730898,22.357445500629414
-107.1827242524917,22.65364999603337
-107.16279069767442,22.93770564931453
-107.14285714285715,23.209414873882768
-107.12292358803987,23.468596117277503
-107.1029900332226,23.715083248471302
-107.08305647840531,23.94872501442165
-107.06312292358805,24.169384556012506
-107.04318936877077,24.376938974936117
-107.0232558139535,24.571278944257568
-107.00332225913621,24.752308356417792
-106.98338870431894,24.919944003290734
-106.96345514950167,25.074115283645046
-106.9435215946844,25.214763933986866
-106.92358803986711,25.341843779297342
-106.90365448504984,25.455320500638585
-106.88372093023257,25.555171416997993
-106.86378737541528,25.641385279081838
-106.84385382059801,25.713962073063687
-106.82392026578073,25.772912832548407
-106.80398671096346,25.818259457233722
-106.78405315614619,25.850034536943614
-106.76411960132891,25.868281179875392
-106.74418604651163,25.873052844048967
-106.72425249169436,25.86441317107449
-106.70431893687709,25.842435821467102
-106.68438538205982,25.80720431083632
-106.66445182724253,25.758811846364505
-106.64451827242526,25.697361163065597
-106.62458471760797,25.622964359383385
-106.6046511627907,25.535742731748822
-106.58471760797343,25.435826607769517
-106.56478405315615,25.323355177772193
-106.54485049833887,25.198476324461854
-106.5249169435216,25.06134645049918
-106.50498338870433,24.91213030383256
-106.48504983388705,24.751000800651603
-106.46511627906978,24.5781388458573
-106.44518272425249,24.39373315096908
-106.42524916943523,24.19798004941219
-106.40531561461795,23.99108330915005
-106.38538205980066,23.773253942645137
-106.36544850498339,23.5447100141503
-106.34551495016612,23.305676444348695
-106.32558139534885,23.05638481237592
-106.30564784053156,22.797073155272876
-106.28571428571429,22.527985764931174
-106.265780730897,22.249372982606765
-106.24584717607975,21.961490991089804
-106.22591362126246,21.66460160463185
-106.20598006644519,21.358972056743873
-106.18604651162791,21.04487478599135
-106.16611295681065,20.722587219925778
-106.14617940199336,20.392391557305796
-106.12624584717608,20.05457454877547
-106.10631229235881,19.709427276183032
-106.08637873754152,19.35724493074071
-106.06644518272427,18.99832659024532
-106.04651162790698,18.632974995601106
-106.02657807308971,18.261496326911047
-106.00664451827242,17.884199979431617
-105.98671096345515,17.50139833971966
-105.96677740863788,17.11340656233963
-105.94684385382061,16.720542347547152
-105.92691029900332,16.323125720421395
-105.90697674418605,15.92147881198808
-105.88704318936878,15.515925642958928
-105.8671096345515,15.106791910816563
-105.84717607973423,14.69440478110174
-105.82724252491694,14.279092683918348
-105.80730897009968,13.861185116870596
-105.7873754152824,13.441012455897292
-105.76744186046513,13.018905775785882
-105.74750830564784,12.595196682555004
-105.72757475083057,12.170217160416419
-105.7076411960133,11.744299436704184
-105.68770764119603,11.31777586904274
-105.66777408637874,10.890978860190023
-105.64784053156147,10.464240807538026
-105.62790697674419,10.037894096326454
-105.60797342192691,9.612271148431795
-105.58803986710964,9.187704542433542
-105.56810631229236,8.764527225970243
-105.54817275747509,8.343072848832556
-105.52823920265782,7.923676255782536
-105.50830564784054,7.506674193243353
-105.48837209302326,7.092406306118755
-105.46843853820599,6.681216533796826
-105.44850498338872,6.273455063885974
-105.42857142857144,5.869481078362786
-105.40863787375416,5.469666646381778
-105.38870431893687,5.074402310123317
-105.3687707641196,4.684105226587958
-105.34883720930233,4.299231264298797
-105.32890365448506,3.920293389651086
-105.30897009966777,3.5478903666997215
-105.2890365448505,3.1827529566376187
-105.26910299003322,2.825820964606092
-105.24916943521596,2.4783770015699242
-105.22923588039868,2.1422893564299836
-105.2093023255814,1.8204745410990473
-105.18936877076412,1.5178183525457498
-105.16943521594686,1.2430512409818142
-105.14950166112958,1.0123327857766664
-105.12956810631229,0.8537375856122289
-105.10963455149502,0.8020246353333915
-105.08970099667775,0.8681350749767304
-105.06976744186048,1.022583130593924
-105.04983388704319,1.2266872595965708
-105.02990033222592,1.4547619891799444
-105.00996677740864,1.692870455547972
-104.99003322259138,1.9335643685294097
-104.9700996677741,2.1726697582931065
-104.95016611295682,2.407697897878882
-104.93023255813954,2.637071544837413
-104.91029900332227,2.8597340871915207
-104.890365448505,3.074942217006884
-104.87043189368771,3.2821504742692786
-104.85049833887044,3.480944017408131
-104.83056478405315,3.6709978868101043
-104.8106312292359,3.8520514385150966
-104.79069767441861,4.02389179386718
-104.77076411960134,4.186342828257253
-104.75083056478405,4.339257664871963
-104.73089700996678,4.4825134454353375
-104.71096345514951,4.616007615289163
-104.69102990033224,4.739655236923146
-104.67109634551495,4.853387015165699
-104.65116279069767,4.957147823127101
-104.63122923588041,5.050895585781387
-104.61129568106313,5.134600422377718
-104.59136212624585,5.208243978373702
-104.57142857142857,5.271818897571232
-104.5514950166113,5.3253283988968905
-104.53156146179403,5.368785931887731
-104.51162790697676,5.402214891762237
-104.49169435215947,5.425648379858228
-104.4717607973422,5.439128998791264
-104.45182724252493,5.442708674327293
-104.43189368770766,5.43644849794511
-104.41196013289037,5.420418585579192
-104.39202657807309,5.394697949218104
-104.37209302325581,5.359374378987663
-104.35215946843854,5.314544334147112
-104.33222591362127,5.260312842131039
-104.31229235880399,5.196793405431531
-104.29235880398672,5.124107916782975
-104.27242524916944,5.042386583837404
-104.25249169435217,4.951767865361925
-104.23255813953489,4.852398422026878
-104.21262458471762,4.744433086188079
-104.19269102990033,4.6280348568438265
-104.17275747508307,4.503374928379772
-104.15282392026579,4.370632765120508
-104.1328903654485,4.229996238570531
-104.11295681063123,4.081661851307199
-104.09302325581396,3.925835081988541
-104.07308970099669,3.7627309018206123
-104.0531561461794,3.5925745373527294
-104.03322259136213,3.4156025932009793
-104.01328903654485,3.232064710999389
-103.99335548172759,3.0422260451874235
-103.9734219269103,2.846371015147766
-103.95348837209303,2.6448091107564595
-103.93355481727575,2.4378841143508843
-103.91362126245848,2.2259892323052988
-103.8936877076412,2.009592923410104
-103.87375415282392,1.789285151463087
-103.85382059800665,1.5658651906109908
-103.83388704318936,1.3405206498375322
-103.8139534883721,1.1152259055564417
-103.79401993355482,0.8937281841233834
-103.77408637873755,0.6842948433100269
-103.75415282392026,0.5079477867426858
-103.734219269103,0.416275141433566
-103.71428571428572,0.4678274818751744
-103.69435215946845,0.6316657654338714
-103.67441860465117,0.8470039964705111
-103.65448504983388,1.0850136894964693
-103.63455149501662,1.3345738990340312
-103.61461794019934,1.5908764463223524
-103.59468438538207,1.85149186400086
-103.57475083056478,2.115003413363959
-103.55481727574752,2.3804757440261097
-103.53488372093024,2.6472238824125762
-103.51495016611297,2.914702974288836
-103.49501661129568,3.18245150456109
-103.47508305647841,3.450060193013536
-103.45514950166114,3.7171540772260134
-103.43521594684387,3.983381763196111
-103.41528239202658,4.248408763917567
-103.3953488372093,4.511913267800531
-103.37541528239203,4.773583404102712
-103.35548172757476,5.033115460125552
-103.33554817275748,5.290212720617431
-103.3156146179402,5.544584724213964
-103.29568106312293,5.795946805788868
-103.27574750830566,6.044019838928302
-103.25581395348838,6.288530121220428
-103.2358803986711,6.529209363358415
-103.21594684385383,6.765794755072974
-103.19601328903656,6.998029088955046
-103.17607973421929,7.2256609287134514
-103.156146179402,7.448444812214763
-103.13621262458472,7.666141482334295
-103.11627906976744,7.8785181405688025
-103.09634551495017,8.085348719762173
-103.0764119601329,8.28641417333398
-103.05647840531562,8.481502779186002
-103.03654485049834,8.670410457067197
-103.01661129568106,8.852941098656366
-102.9966777408638,9.028906910009217
-102.97674418604652,9.198128766340393
-102.95681063122925,9.360436579389324
-102.93687707641196,9.51566967786639
-102.91694352159469,9.663677201702624
-102.89700996677742,9.804318511040647
-102.87707641196013,9.937463611112198
-102.85714285714286,10.062993594353346
-102.83720930232559,10.180801101316014
-102.81727574750832,10.290790802145617
-102.79734219269103,10.392879900612751
-102.77740863787376,10.486998662911132
-102.75747508305648,10.573090973666531
-102.73754152823922,10.651114921840563
-102.71760797342193,10.721043419457716
-102.69767441860466,10.782864856331432
-102.67774086378738,10.836583794210242
-102.65780730897009,10.882221704002799
-102.63787375415284,10.919817749961336
-102.61794019933555,10.949429624895435
-102.59800664451828,10.97113444063649
-102.578073089701,10.98502967805684
-102.55813953488374,10.991234200940522
-102.53820598006645,10.98988933787089
-102.51827242524918,10.981160036001068
-102.4983388704319,10.965236090053674
-102.47840531561462,10.942333449089249
-102.45847176079735,10.912695602408146
-102.43853820598008,10.876595044309042
-102.4186046511628,10.834334815201943
-102.39867109634551,10.786250113625979
-102.37873754152825,10.732709969893644
-102.35880398671097,10.67411896719483
-102.3388704318937,10.610918989852193
-102.31893687707641,10.54359097082428
-102.29900332225914,10.472656601311312
-102.27906976744187,10.398679954270277
-102.2591362126246,10.322268960692975
-102.23920265780731,10.244076662658129
-102.21926910299004,10.164802150621492
-102.19933554817277,10.085191074592892
-102.17940199335548,10.006035600540429
-102.15946843853821,9.928173665768876
-102.13953488372093,9.85248737187593
-102.11960132890366,9.779900343512471
-102.09966777408638,9.711373878459591
-102.07973421926911,9.6479017228593
-102.05980066445183,9.590503328396833
-102.03986710963456,9.54021548921315
-102.01993355481729,9.49808231785726
-102.00000000000001,9.46514360253104
-101.98006644518273,9.442421690546935
-101.96013289036546,9.430907160292499
-101.94019933554817,9.431543667306835
-101.9202657807309,9.445212467017937
-101.90033222591363,9.472717212491894
-101.88039867109634,9.51476968493456
-101.86046511627907,9.571977124566267
-101.8405315614618,9.644831781802354
-101.82059800664453,9.733703202753038
-101.80066445182725,9.838833606743338
-101.78073089700997,9.960336522571259
-101.76079734219269,10.098198645794811
-101.74086378737543,10.252284684540141
-101.72093023255815,10.422344797045845
-101.70099667774087,10.608024105693339
-101.68106312292359,10.808873707291697
-101.66112956810632,11.024362587633973
-101.64119601328905,11.253889882892238
-101.62126245847176,11.496796999912574
-101.60132890365449,11.752379198697225
-101.5813953488372,12.019896340541742
-101.56146179401995,12.298582603723924
-101.54152823920266,12.587655057531878
-101.52159468438539,12.886321060059057
-101.5016611295681,13.193784503599906
-101.48172757475083,13.509250973776128
-101.46179401993356,13.831931916250696
-101.44186046511629,14.16104792036587
-101.421926910299,14.495831234871737
-101.40199335548172,14.835527629616994
-101.38205980066446,15.179397710892475
-101.36212624584718,15.526717788902037
-101.34219269102991,15.87678038502965
-101.32225913621262,16.228894455240393
-101.30232558139537,16.582385394835462
-101.28239202657808,16.93659487935286
-101.26245847176081,17.290880586939267
-101.24252491694352,17.64461583914171
-101.22259136212625,17.997189189804217
-101.20265780730898,18.348003985562265
-101.1827242524917,18.69647791622528
-101.16279069767442,19.042042569022296
-101.14285714285714,19.38414299714734
-101.12292358803987,19.722237310173366
-101.1029900332226,20.0557962916015
-101.08305647840533,20.384303046987455
-101.06312292358804,20.707252684654335
-101.04318936877077,21.024152029892708
-101.0232558139535,21.33451937270264
-101.00332225913623,21.637884248498626
-100.98338870431894,21.933787250734248
-100.96345514950167,22.221779874073896
-100.9435215946844,22.501424386515566
-100.92358803986711,22.772293728728396
-100.90365448504984,23.033971438791717
-100.88372093023256,23.286051600494943
-100.86378737541528,23.528138813366457
-100.84385382059801,23.759848182636127
-100.82392026578074,23.980805327392137
-100.80398671096346,24.19064640526291
-100.78405315614619,24.389018152034456
-100.7641196013289,24.57557793469892
-100.74418604651164,24.749993816519353
-100.72425249169436,24.91194463278598
-100.70431893687709,25.061120076030548
-100.6843853820598,25.197220789555093
-100.66445182724253,25.31995846822088
-100.64451827242526,25.42905596553069
-100.62458471760797,25.52424740612379
-100.6046511627907,25.605278302887932
-100.58471760797343,25.671905677976405
-100.56478405315616,25.723898187101803
-100.54485049833887,25.761036246561716
-100.5249169435216,25.783112162535907
-100.50498338870432,25.7899302622811
-100.48504983388706,25.781307026938425
-100.46511627906978,25.757071225762218
-100.44518272425249,25.717064051677536
-100.42524916943522,25.661139258180224
-100.40531561461793,25.589163297708847
-100.38538205980068,25.501015461745336
-100.36544850498339,25.39658802304328
-100.34551495016612,25.275786380542876
-100.32558139534883,25.138529207714395
-100.30564784053158,24.984748605281798
-100.28571428571429,24.814390259522046
-100.26578073089702,24.627413607620998
-100.24584717607974,24.423792011902542
-100.22591362126246,24.20351294514683
-100.20598006644519,23.966578189689667
-100.18604651162791,23.713004053567783
-100.16611295681064,23.44282160766635
-100.14617940199335,23.156076948666463
-100.1262458471761,22.852831493617835
-100.10631229235881,22.533162313225798
-100.08637873754154,22.197162512502526
-100.06644518272425,21.84494166937294
-100.04651162790698,21.476626344250167
-100.02657807308971,21.092360676643704
-100.00664451827244,20.69230708871769
-99.98671096345515,20.27664712062081
-99.96677740863788,19.84558242868935
-99.94684385382061,19.39933598572014
-99.92691029900332,18.938153533017637
-99.90697674418605,18.462305347656933
-99.88704318936877,17.972088406500102
-99.8671096345515,17.467829052528057
-99.84717607973423,16.949886301208895
-99.82724252491695,16.41865596804
-99.80730897009967,15.874575857541092
-99.7873754152824,15.318132335281085
-99.76744186046513,14.74986871737793
-99.74750830564786,14.170396070109264
-99.72757475083057,13.58040723626811
-99.70764119601328,12.980695225269118
-99.68770764119601,12.37217756678078
-99.66777408637874,11.755928902393148
-99.64784053156147,11.133225081719585
-99.62790697674419,10.505603496348249
-99.60797342192691,9.874946559838904
-99.58803986710964,9.243598451846486
-99.56810631229237,8.614529903478163
-99.54817275747509,7.991572290006687
-99.52823920265782,7.379750492290601
-99.50830564784053,6.785751807850851
-99.48837209302327,6.218567682193517
-99.46843853820599,5.69031325639479
-99.4485049833887,5.217112732919786
-99.42857142857143,4.819643513577116
-99.40863787375416,4.522410164028737
-99.38870431893689,4.350416084680235
-99.3687707641196,4.322790615672484
-99.34883720930233,4.445971461429515
-99.32890365448505,4.711391665225768
-99.30897009966779,5.099618794480244
-99.2890365448505,5.587351514778358
-99.26910299003323,6.152771525630038
-99.24916943521595,6.777880014342949
-99.22923588039868,7.448748739176281
-99.2093023255814,8.154890921231678
-99.18936877076412,8.888457364929184
-99.16943521594685,9.643533874001402
-99.14950166112956,10.415602045352976
-99.1295681063123,11.201147568855685
-99.10963455149502,11.997381978967939
-99.08970099667775,12.8020462124016
-99.06976744186046,13.613271589388857
-99.0498338870432,14.429480748440087
-99.02990033222592,15.249316395738889
-99.00996677740865,16.071589529128925
-98.99003322259136,16.8952414133703
-98.9700996677741,17.719315361974484
-98.95016611295682,18.542935586605907
-98.93023255813954,19.365291194873926
-98.91029900332227,20.18562397839041
-98.89036544850498,21.003219020101604
-98.87043189368771,21.817397419512815
-98.85049833887044,22.627510624019408
-98.83056478405317,23.432935989204626
-98.81063122923588,24.233073287527944
-98.79069767441861,25.027341954747225
-98.77076411960134,25.81517891451715
-98.75083056478407,26.596036859290987
-98.73089700996678,27.3693828936836
-98.7109634551495,28.134697467479935
-98.69102990033224,28.891473541369283
-98.67109634551495,29.639215940596863
-98.65116279069768,30.377440861018236
-98.6312292358804,31.105675499224294
-98.61129568106313,31.823457783992556
-98.59136212624585,32.53033619069493
-98.57142857142858,33.22586962373906
-98.5514950166113,33.909627354850734
-98.53156146179403,34.58118900718177
-98.51162790697674,35.24014457697105
-98.49169435215948,35.886094485891505
-98.4717607973422,36.5186496583523
-98.45182724252491,37.137431618951084
-98.43189368770764,37.74207260602723
-98.41196013289037,38.33221569788779
-98.3920265780731,38.90751494879072
-98.37209302325581,39.46763553219417
-98.35215946843854,40.012253889134385
-98.33222591362127,40.541057879890026
-98.312292358804,41.053746937339284
-98.29235880398672,41.55003222062504
-98.27242524916944,42.029636767921154
-98.25249169435216,42.492295647243445
-98.2325581395349,42.93775610437824
-98.21262458471762,43.365777707112244
-98.19269102990033,43.77613248504282
-98.17275747508306,44.16860506433118
-98.15282392026577,44.54299279683313
-98.13289036544852,44.89910588310516
-98.11295681063123,45.236767488840044
-98.09302325581396,45.55581385433545
-98.07308970099668,45.856094396642966
-98.05315614617942,46.13747180408488
-98.03322259136213,46.399822122861835
-98.01328903654486,46.64303483550657
-97.99335548172758,46.86701293096919
-97.9734219269103,47.07167296614595
-97.95348837209303,47.25694511869008
-97.93355481727575,47.42277323096533
-97.91362126245848,47.56911484502605
-97.89368770764119,47.69594122852818
-97.87375415282393,47.80323739149584
-97.85382059800665,47.89100209388625
-97.83388704318938,47.95924784391505
-97.81395348837209,48.00800088712152
-97.79401993355482,48.03730118617005
-97.77408637873755,48.04720239140152
-97.75415282392028,48.03777180216504
-97.734219269103,48.009090318976035
-97.71428571428571,47.961252386564354
-97.69435215946845,47.894365927890995
-97.67441860465117,47.8085522692295
-97.6544850498339,47.7039460564238
-97.63455149501661,47.58069516245152
-97.61461794019934,47.43896058643817
-97.59468438538207,47.27891634428521
-97.5747508305648,47.10074935109277
-97.55481727574751,46.90465929557566
-97.53488372093024,46.690858506690226
-97.51495016611297,46.459571812709086
-97.4950166112957,46.211036393000875
-97.47508305647841,45.945501622793344
-97.45514950166113,45.66322891121979
-97.43521594684385,45.36449153297269
-97.41528239202658,45.04957445391219
-97.39534883720931,44.718774151003075
-97.37541528239203,44.37239842698172
-97.35548172757476,44.010766220182774
-97.33554817275748,43.634207409987575
-97.31561461794021,43.24306261838837
-97.29568106312293,42.83768300819941
-97.27574750830566,42.41843007848316
-97.25581395348837,41.98567545780234
-97.23588039867111,41.53980069595243
-97.21594684385383,41.08119705487831
-97.19601328903654,40.61026529953061
-97.17607973421927,40.12741548947462
-97.156146179402,39.63306677212643
-97.13621262458473,39.12764717855806
-97.11627906976744,38.61159342288683
-97.09634551495017,38.085350706343725
-97.07641196013289,37.54937252720265
-97.05647840531563,37.004120497846316
-97.03654485049834,36.45006417034835
-97.01661129568107,35.88768087206174
-96.99667774086379,35.3174555528259
-96.97674418604652,34.73988064553519
-96.95681063122925,34.15545594195338
-96.93687707641196,33.56468848581094
-96.91694352159469,32.96809248538461
-96.8970099667774,32.36618924793154
-96.87707641196015,31.759507138533465
-96.85714285714286,31.14858156609594
-96.83720930232559,30.533954999444173
-96.8172757475083,29.916177016655006
-96.79734219269105,29.295804390958924
-96.77740863787376,28.67340121673108
-96.75747508305649,28.049539079253865
-96.7375415282392,27.424797272064513
-96.71760797342192,26.799763065779853
-96.69767441860466,26.17503203229424
-96.67774086378738,25.551208428144104
-96.6578073089701,24.92890564058369
-96.63787375415282,24.308746699469687
-96.61794019933555,23.69136485734103
-96.59800664451828,23.07740423902058
-96.57807308970101,22.467520560552774
-96.55813953488372,21.862381915193446
-96.53820598006645,21.262669621325443
-96.51827242524918,20.66907912338905
-96.49833887043191,20.0823209319578
-96.47840531561462,19.50312158268365
-96.45847176079734,18.932224585670927
-96.43853820598008,18.370391326574545
-96.4186046511628,17.818401868001867
-96.39867109634552,17.277055584292746
-96.37873754152824,16.747171544193737
-96.35880398671097,16.229588534211455
-96.3388704318937,15.725164590670762
-96.31893687707642,15.234775881278546
-96.29900332225914,14.759314748487398
-96.27906976744187,14.299686699215924
-96.25913621262458,13.856806101696213
-96.23920265780731,13.43159033494335
-96.21926910299004,13.024952135652603
-96.19933554817275,12.637789908743262
-96.17940199335548,12.270975819773959
-96.15946843853821,11.925341578497779
-96.13953488372094,11.60166195958064
-96.11960132890366,11.300636291434394
-96.09966777408638,11.022868372538314
-96.07973421926911,10.768845531903672
-96.05980066445184,10.538917810165984
-96.03986710963456,10.333278462812526
-96.01993355481729,10.151947132940437
-96.0,9.994757064269905
-95.98006644518273,9.861347594071804
-95.96013289036546,9.751162870849399
-95.94019933554817,9.66345730356332
-95.9202657807309,9.59730771876474
-95.90033222591362,9.551631652285
-95.88039867109636,9.525210713228338
-95.86046511627907,9.516717599119211
-95.8405315614618,9.52474515541664
-95.82059800664452,9.5478358699921
-95.80066445182726,9.584510351488602
-95.78073089700997,9.633293614952724
-95.7607973421927,9.692738334114994
-95.74086378737542,9.761444564968317
-95.72093023255815,9.838075758772751
-95.70099667774087,9.921371138324494
-95.68106312292359,10.010154698189986
-95.66112956810632,10.103341208482936
-95.64119601328903,10.199939661363672
-95.62126245847178,10.299054612380399
-95.60132890365449,10.399885848469099
-95.58139534883722,10.501726773089844
-95.56146179401993,10.603961846565861
-95.54152823920266,10.70606336363484
-95.52159468438539,10.807587795576714
-95.5016611295681,10.908171874139436
-95.48172757475083,11.007528550438996
-95.46179401993355,11.10544292460824
-95.44186046511629,11.201768211081262
-95.421926910299,11.296421779505033
-95.40199335548174,11.389381291661287
-95.38205980066445,11.480680939702975
-95.36212624584718,11.5704077797361
-95.34219269102991,11.658698146666554
-95.32225913621264,11.74573413073523
-95.30232558139535,11.831740092839953
-95.28239202657808,11.916979194239527
-95.26245847176081,12.001749916284437
-95.24252491694352,12.0863825472171
-95.22259136212625,12.171235615674501
-95.20265780730897,12.256692254181823
-95.1827242524917,12.343156480531432
-95.16279069767442,12.431049390381627
-95.14285714285715,12.520805260549228
-95.12292358803987,12.61286756914838
-95.1029900332226,12.707684945750358
-95.08305647840533,12.80570707187024
-95.06312292358805,12.907380559059298
-95.04318936877077,13.013144838397148
-95.0232558139535,13.12342810092248
-95.00332225913621,13.2386433332031
-94.98338870431894,13.359184495534903
-94.96345514950167,13.485422891931007
-94.94352159468438,13.61770378093946
-94.92358803986711,13.756343274320239
-94.90365448504984,13.901625566731347
-94.88372093023257,14.05380053393664
-94.86378737541528,14.21308172987805
-94.84385382059801,14.3796448045664
-94.82392026578073,14.553626355525758
-94.80398671096347,14.73512321590885
-94.78405315614619,14.924192172831642
-94.76411960132891,15.120850100384034
-94.74418604651163,15.325074483543341
-94.72425249169436,15.536804302161245
-94.70431893687709,15.75594123853958
-94.6843853820598,15.982351167987957
-94.66445182724253,16.215865889204437
-94.64451827242524,16.456285050290703
-94.62458471760799,16.703378226583517
-94.6046511627907,16.95688710807748
-94.58471760797343,17.216527756815218
-94.56478405315615,17.481992897997735
-94.54485049833889,17.752954212485143
-94.5249169435216,18.029064602594367
-94.50498338870432,18.309960407456035
-94.48504983388705,18.595263548498025
-94.46511627906976,18.88458358974101
-94.4451827242525,19.177519701418387
-94.42524916943522,19.473662518898273
-94.40531561461795,19.77259589194556
-94.38538205980066,20.07389852200024
-94.36544850498339,20.37714548736555
-94.34551495016612,20.68190965801336
-94.32558139534885,20.987763003153606
-94.30564784053156,21.294277795813823
-94.28571428571429,21.60102771947427
-94.26578073089702,21.90758888234424
-94.24584717607974,22.21354074518549
-94.22591362126246,22.518466968728315
-94.20598006644518,22.821956186718538
-94.18604651162792,23.123602710511843
-94.16611295681064,23.423007170922055
-94.14617940199336,23.71977710275706
-94.12624584717608,24.013527477158316
-94.10631229235881,24.303881186515525
-94.08637873754154,24.590469486369173
-94.06644518272427,24.872932398351352
-94.04651162790698,25.15091907785761
-94.02657807308971,25.424088149796155
-94.00664451827242,25.692108015429163
-93.98671096345515,25.954657133007792
-93.96677740863788,26.211424274610096
-93.9468438538206,26.46210876131937
-93.92691029900332,26.70642067863047
-93.90697674418605,26.944081073743458
-93.88704318936878,27.174822136195655
-93.8671096345515,27.398387363095665
-93.84717607973423,27.614531710052997
-93.82724252491695,27.823021728745736
-93.80730897009968,28.023635691932206
-93.7873754152824,28.21616370659238
-93.76744186046511,28.400407815777058
-93.74750830564784,28.576182089647883
-93.72757475083057,28.743312706107368
-93.7076411960133,28.90163802134402
-93.68770764119601,29.051008630552495
-93.66777408637874,29.191287419031415
-93.64784053156146,29.32234960381106
-93.6279069767442,29.44408276591882
-93.60797342192691,29.556386873351492
-93.58803986710964,29.659174294788606
-93.56810631229236,29.75236980405105
-93.5481727574751,29.835910575281485
-93.52823920265782,29.90974616879893
-93.50830564784053,29.973838507557836
-93.48837209302326,30.028161844121243
-93.46843853820599,30.07270271803909
-93.44850498338872,30.107459903504814
-93.42857142857143,30.132444347146055
-93.40863787375416,30.14767909578858
-93.38870431893687,30.15319921401611
-93.36877076411962,30.149051691331554
-93.34883720930233,30.135295338708325
-93.32890365448506,30.11200067430239
-93.30897009966777,30.079249798077498
-93.2890365448505,30.03713625507619
-93.26910299003323,29.985764887049175
-93.24916943521595,29.925251672133555
-93.22923588039868,29.85572355224779
-93.20930232558139,29.77731824784686
-93.18936877076413,29.690184059655746
-93.16943521594685,29.594479656972354
-93.14950166112958,29.490373852102962
-93.12956810631229,29.378045360464252
-93.10963455149502,29.25768254585538
-93.08970099667775,29.129483150373225
-93.06976744186048,28.993654008412022
-93.04983388704319,28.85041074415759
-93.02990033222592,28.699977451955007
-93.00996677740865,28.5425863588988
-92.99003322259136,28.378477468965976
-92.9700996677741,28.20789818798654
-92.95016611295681,28.031102928723058
-92.93023255813954,27.848352695312947
-92.91029900332227,27.659914646314203
-92.890365448505,27.466061635590023
-92.87043189368771,27.267071730270025
-92.85049833887044,27.063227705039882
-92.83056478405317,26.854816512035384
-92.8106312292359,26.642128725657145
-92.79069767441861,26.425457961677722
-92.77076411960132,26.2051002700868
-92.75083056478405,25.981353501216272
-92.73089700996678,25.75451664480525
-92.71096345514951,25.524889141810153
-92.69102990033223,25.292770168937896
-92.67109634551495,25.05845789608412
-92.65116279069768,24.82224871709435
-92.63122923588041,24.58443645453657
-92.61129568106313,24.34531153947965
-92.59136212624585,24.105160167613764
-92.57142857142857,23.864263433426945
-92.55149501661131,23.62289644456425
-92.53156146179403,23.381327418941467
-92.51162790697674,23.13981676765945
-92.49169435215947,22.898616167264844
-92.4717607973422,22.657967625420156
-92.45182724252493,22.418102544574882
-92.43189368770764,22.179240788759504
-92.41196013289037,21.94158975914503
-92.39202657807309,21.705343484510216
-92.37209302325583,21.470681733223365
-92.35215946843854,21.23776915376037
-92.33222591362127,21.006754451131478
-92.31229235880399,20.777769606858985
-92.29235880398673,20.550929150323245
-92.27242524916944,20.326329489358944
-92.25249169435216,20.104048307926217
-92.23255813953489,19.884144038489474
-92.2126245847176,19.666655416404236
-92.19269102990035,19.451601123133244
-92.17275747508306,19.238979524487085
-92.15282392026579,19.0287685093157
-92.1328903654485,18.8209254331726
-92.11295681063123,18.615387170447466
-92.09302325581396,18.412070277330802
-92.07308970099669,18.21087126675984
-92.0531561461794,18.011666995220395
-92.03322259136212,17.814315159975774
-92.01328903654486,17.618654903987366
-91.99335548172758,17.424507524515768
-91.9734219269103,17.23167728017407
-91.95348837209302,17.03995229007649
-91.93355481727576,16.849105517711166
-91.91362126245848,16.658895831289236
-91.8936877076412,16.46906913160133
-91.87375415282392,16.279359537861513
-91.85382059800665,16.089490621646313
-91.83388704318938,15.899176678845555
-91.8139534883721,15.708124029531977
-91.79401993355482,15.516032335820977
-91.77408637873754,15.322595928119464
-91.75415282392026,15.127505130642335
-91.734219269103,14.930447577687433
-91.71428571428572,14.731109512890006
-91.69435215946844,14.529177064506285
-91.67441860465117,14.32433749068542
-91.6544850498339,14.11628038966379
-91.63455149501662,13.904698870842113
-91.61461794019934,13.68929068377292
-91.59468438538207,13.469759303188571
-91.5747508305648,13.24581496933727
-91.55481727574752,13.017175684072637
-91.53488372093024,12.783568164374769
-91.51495016611295,12.544728756292582
-91.49501661129568,12.300404313722844
-91.47508305647841,12.050353048034868
-91.45514950166114,11.794345356382072
-91.43521594684385,11.532164638715084
-91.41528239202658,11.263608116163214
-91.3953488372093,10.988487666774756
-91.37541528239204,10.706630698868516
-91.35548172757476,10.417881087824679
-91.33554817275748,10.122100209564952
-91.3156146179402,9.819168114004604
-91.29568106312293,9.508984895514388
-91.27574750830566,9.191472336545935
-91.25581395348837,8.86657592749752
-91.2358803986711,8.53426740433977
-91.21594684385383,8.194548001198447
-91.19601328903656,7.847452696959798
-91.17607973421927,7.493055857297468
-91.156146179402,7.131478859511984
-91.13621262458472,6.762900575665899
-91.11627906976746,6.3875720447771585
-91.09634551495017,6.00583739999892
-91.0764119601329,5.618164331516149
-91.05647840531562,5.225189422908042
-91.03654485049833,4.827787271619366
-91.01661129568107,4.42717867081566
-90.99667774086379,4.025104748170999
-90.97674418604652,3.624115542270894
-90.95681063122923,3.2280617005120273
-90.93687707641197,2.8429501022271704
-90.91694352159469,2.478434310331345
-90.89700996677742,2.1502749559284244
-90.87707641196013,1.8835940951762853
-90.85714285714286,1.7139595798449192
-90.83720930232559,1.6777815003310725
-90.81727574750832,1.7893002622042784
-90.79734219269103,2.029536055114531
-90.77740863787375,2.36393731702173
-90.75747508305649,2.7621756041786925
-90.7375415282392,3.2036132602675895
-90.71760797342193,3.6753207671967942
-90.69767441860465,4.16924686932947
-90.67774086378738,4.6802462933113125
-90.6578073089701,5.204902733592094
-90.63787375415284,5.740849881443955
-90.61794019933555,6.286376775517746
-90.59800664451828,6.84019314188998
-90.57807308970101,7.401285973467184
-90.55813953488374,7.96882938848616
-90.53820598006645,8.542126449603206
-90.51827242524917,9.12057068139122
-90.4983388704319,9.703620047612823
-90.47840531561462,10.290779003251762
-90.45847176079735,10.881585898355409
-90.43853820598007,11.475604003019775
-90.4186046511628,12.072415029434353
-90.39867109634552,12.671614406078984
-90.37873754152825,13.272807801182404
-90.35880398671097,13.875608550055883
-90.3388704318937,14.47963574528711
-90.31893687707641,15.084512819112406
-90.29900332225914,15.689866495426571
-90.27906976744187,16.29532602232278
-90.25913621262458,16.90052261958996
-90.23920265780731,17.50508909237292
-90.21926910299004,18.108659574302976
-90.19933554817277,18.710869372234264
-90.17940199335548,19.311354891225697
-90.15946843853821,19.909753623250108
-90.13953488372093,20.505704186747373
-90.11960132890367,21.098846406892743
-90.09966777408638,21.688821428555144
-90.07973421926911,22.275271855539202
-90.05980066445183,22.857841910960403
-90.03986710963456,23.43617761458279
-90.01993355481729,24.0099269737195
-90.0,24.57874018490578
-89.98006644518273,25.142269844039596
-89.96013289036544,25.700171163073502
-89.94019933554819,26.252102191654405
-89.9202657807309,26.79772404236147
-89.90033222591363,27.336701118398896
-89.88039867109634,27.86870134276951
-89.86046511627907,28.393396388094292
-89.8405315614618,28.9104619063586
-89.82059800664453,29.419577757961566
-89.80066445182725,29.920428239526085
-89.78073089700996,30.412702309994252
-89.7607973421927,30.89609381459088
-89.74086378737542,31.370301706286654
-89.72093023255815,31.835030264434778
-89.70099667774086,32.289989310291396
-89.6810631229236,32.73489441916184
-89.66112956810632,33.169467128943
-89.64119601328905,33.59343514485641
-89.62126245847176,34.00653254018931
-89.60132890365449,34.408499952880824
-89.58139534883722,34.799084777808055
-89.56146179401993,35.17804135464485
-89.54152823920266,35.54513115118
-89.52159468438538,35.90012294199772
-89.5016611295681,36.24279298243582
-89.48172757475083,36.57292517775108
-89.46179401993356,36.89031124743339
-89.44186046511628,37.194750884623154
-89.421926910299,37.4860519105981
-89.40199335548174,37.76403042430797
-89.38205980066446,38.02851094694732
-89.36212624584718,38.279326561568894
-89.34219269102991,38.516319047751885
-89.32225913621264,38.7393390113517
-89.30232558139535,38.94824600937079
-89.28239202657808,39.1429086700023
-89.2624584717608,39.323204807912454
-89.24252491694352,39.48902153484048
-89.22259136212625,39.640255365609946
-89.20265780730898,39.77681231965982
-89.1827242524917,39.89860801821967
-89.16279069767442,40.005567777269505
-89.14285714285714,40.097626696442575
-89.12292358803988,40.17472974404749
-89.1029900332226,40.236831838406005
-89.08305647840533,40.283897925723146
-89.06312292358804,40.31590305472895
-89.04318936877077,40.33283244835477
-89.0232558139535,40.33468157273234
-89.00332225913621,40.32145620383151
-88.98338870431894,40.29317249208176
-88.96345514950167,40.24985702535465
-88.9435215946844,40.19154689071844
-88.92358803986711,40.11828973541363
-88.90365448504984,40.03014382753837
-88.88372093023256,39.92717811697646
-88.8637873754153,39.80947229714872
-88.84385382059801,39.67711686822005
-88.82392026578074,39.53021320245105
-88.80398671096346,39.36887361244576
-88.78405315614617,39.19322142311332
-88.76411960132891,39.00339104823642
-88.74418604651163,38.799528072619474
-88.72425249169436,38.58178934087828
-88.70431893687707,38.35034305402988
-88.68438538205982,38.10536887514715
-88.66445182724253,37.84705804545974
-88.64451827242526,37.57561351240951
-88.62458471760797,37.29125007130903
-88.6046511627907,36.99419452240393
-88.58471760797343,36.6846858453074
-88.56478405315615,36.36297539295731
-88.54485049833887,36.029327107445766
-88.52491694352159,35.68401776028766
-88.50498338870433,35.327337219930065
-88.48504983388705,34.95958874955939
-88.46511627906978,34.581089338538064
-88.44518272425249,34.192170071097856
-88.42524916943522,33.793176536232046
-88.40531561461795,33.38446928306268
-88.38538205980068,32.96642432630956
-88.36544850498339,32.539433706851746
-88.34551495016612,32.10390611274285
-88.32558139534885,31.660267566413307
-88.30564784053156,31.208962184151535
-88.28571428571429,30.7504530142887
-88.265780730897,30.28522296079716
-88.24584717607974,29.81377579922156
-88.22591362126246,29.336637291959793
-88.20598006644519,28.854356409849263
-88.18604651162791,28.3675066667312
-88.16611295681064,27.876687573084126
-88.14617940199336,27.382526213837153
-88.1262458471761,26.885678953968597
-88.10631229235881,26.38683327331247
-88.08637873754154,25.886709728940826
-88.06644518272425,25.386064039334038
-88.04651162790698,24.885689279015974
-88.02657807308971,24.386418165091364
-88.00664451827242,23.889125407807068
-87.98671096345515,23.394730085453062
-87.96677740863788,22.904197989184674
-87.94684385382061,22.418543865248242
-87.92691029900332,21.938833460242186
-87.90697674418605,21.46618524918329
-87.88704318936877,21.001771696240368
-87.86710963455151,20.54681986439205
-87.84717607973423,20.10261115387303
-87.82724252491694,19.670479911810293
-87.80730897009967,19.25181061969541
-87.7873754152824,18.848033335391175
-87.76744186046513,18.4606170478496
-87.74750830564784,18.091060602798265
-87.72757475083057,17.740880884828822
-87.70764119601328,17.41159800473533
-87.68770764119603,17.104717349154008
-87.66777408637874,16.821708508631843
-87.64784053156147,16.563981311371904
-87.62790697674419,16.332859446638636
-87.60797342192691,16.12955244781364
-87.58803986710964,15.955127093054276
-87.56810631229236,15.810479534329666
-87.54817275747509,15.696309640584062
-87.5282392026578,15.613099096777978
-87.50830564784054,15.561094707193794
-87.48837209302326,15.540298098015223
-87.46843853820599,15.550462615907179
-87.4485049833887,15.591097717554742
-87.42857142857144,15.661480601579001
-87.40863787375416,15.760674319377518
-87.38870431893689,15.887551180321008
-87.3687707641196,16.040819986457226
-87.34883720930233,16.219055513765767
-87.32890365448506,16.420728695506902
-87.30897009966777,16.644236130726988
-87.2890365448505,16.88792779662519
-87.26910299003322,17.150132142665086
-87.24916943521595,17.42917804683798
-87.22923588039868,17.723413389680555
-87.2093023255814,18.03122023029701
-87.18936877076412,18.351026742317256
-87.16943521594685,18.6813161865917
-87.14950166112958,19.020633267379573
-87.1295681063123,19.367588248787445
-87.10963455149502,19.720859208131607
-87.08970099667773,20.079192782067697
-87.06976744186048,20.441403727728012
-87.04983388704319,20.80637358102361
-87.02990033222592,21.173048652316158
-87.00996677740864,21.540437558977438
-86.99003322259136,21.907608456864764
-86.9700996677741,22.27368609947235
-86.95016611295682,22.637848824850852
-86.93023255813954,22.99932554627021
-86.91029900332227,23.35739280272454
-86.89036544850498,23.711371909293835
-86.87043189368772,24.06062623458061
-86.85049833887044,24.4045586224272
-86.83056478405315,24.74260896741714
-86.81063122923588,25.07425194784815
-86.79069767441861,25.398994915565652
-86.77076411960134,25.716375938951614
-86.75083056478405,26.0259619932132
-86.73089700996678,26.327347290695165
-86.71096345514951,26.620151743076757
-86.69102990033224,26.90401954686969
-86.67109634551495,27.178617883498692
-86.65116279069768,27.443635725335888
-86.6312292358804,27.698782739306292
-86.61129568106314,27.94378828003559
-86.59136212624585,28.178400464932082
-86.57142857142857,28.402385324054976
-86.5514950166113,28.615526018098375
-86.53156146179401,28.817622118300022
-86.51162790697676,29.00848894255342
-86.49169435215947,29.1879569424562
-86.4717607973422,29.355871136458877
-86.45182724252491,29.51209058468541
-86.43189368770766,29.656487901378323
-86.41196013289037,29.788948801275104
-86.3920265780731,29.909371676550798
-86.37209302325581,30.01766720126379
-86.35215946843854,30.11375796052012
-86.33222591362127,30.19757810182561
-86.31229235880399,30.269073006328888
-86.29235880398672,30.328198977870734
-86.27242524916943,30.37492294795002
-86.25249169435217,30.40922219489292
-86.23255813953489,30.43108407567449
-86.21262458471762,30.440505768987915
-86.19269102990033,30.437494028291898
-86.17275747508306,30.42206494368778
-86.15282392026579,30.394243711590562
-86.13289036544852,30.35406441125917
-86.11295681063123,30.301569787344704
-86.09302325581395,30.236811037700477
-86.07308970099669,30.159847605775802
-86.0531561461794,30.070746976987163
-86.03322259136213,29.969584478526656
-86.01328903654485,29.85644308212831
-85.99335548172758,29.731413209369713
-85.9734219269103,29.594592539138684
-85.95348837209303,29.44608581694415
-85.93355481727575,29.286004665796074
-85.91362126245848,29.11446739842324
-85.8936877076412,28.931598830638872
-85.87375415282393,28.73753009570391
-85.85382059800665,28.532398459575823
-85.83388704318936,28.31634713696856
-85.81395348837209,28.089525108185963
-85.79401993355482,27.852086936727588
-85.77408637873755,27.604192587703036
-85.75415282392026,27.34600724712867
-85.734219269103,27.077701142219702
-85.71428571428572,26.79944936283144
-85.69435215946845,26.511431684246958
-85.67441860465117,26.213832391555083
-85.6544850498339,25.906840105913055
-85.63455149501661,25.590647613043707
-85.61461794019935,25.265451694379085
-85.59468438538207,24.931452961330788
-85.57475083056478,24.58885569324623
-85.55481727574751,24.237867679698365
-85.53488372093024,23.878700067859246
-85.51495016611297,23.511567215825654
-85.49501661129568,23.136686552902873
-85.47508305647841,22.754278448014045
-85.45514950166113,22.364566087592127
-85.43521594684387,21.967775364536585
-85.41528239202658,21.564134780084135
-85.39534883720931,21.153875360763276
-85.37541528239203,20.737230592986453
-85.35548172757476,20.314436378298524
-85.33554817275748,19.885731012863413
-85.3156146179402,19.451355195458465
-85.29568106312293,19.011552069087255
-85.27574750830564,18.56656730235906
-85.25581395348838,18.11664921806567
-85.2358803986711,17.662048977981993
-85.21594684385383,17.20302083491305
-85.19601328903654,16.73982246551925
-85.17607973421929,16.27271540062523
-85.156146179402,15.801965573754776
-85.13621262458473,15.327844013800375
-85.11627906976744,14.850627714390049
-85.09634551495016,14.370600721140212
-85.0764119601329,13.888055489242074
-85.05647840531562,13.40329457862978
-85.03654485049834,12.916632773574918
-85.01661129568106,12.428399739698603
-84.99667774086379,11.938943366546964
-84.97674418604652,11.448633991521762
-84.95681063122925,10.957869766055909
-84.93687707641196,10.467083514589655
-84.91694352159469,9.976751561400881
-84.89700996677742,9.487405174528984
-84.87707641196015,8.99964552144495
-84.85714285714286,8.514163378889224
-84.83720930232558,8.031765333964154
-84.81727574750832,7.553408917426332
-84.79734219269103,7.080250106273997
-84.77740863787376,6.613708021005749
-84.75747508305648,6.155553512740898
-84.7375415282392,5.708030674435123
-84.71760797342193,5.274022750994163
-84.69767441860466,4.857275108358909
-84.67774086378738,4.462684076200205
-84.6578073089701,4.096642648843641
-84.63787375415282,3.7673843904883966
-84.61794019933556,3.48515988169035
-84.59800664451828,3.2619097188248767
-84.578073089701,3.10996800852967
-84.55813953488372,3.0395606276219804
-84.53820598006645,3.0557645508957174
-84.51827242524918,3.156627353097093
-84.4983388704319,3.3338227717219393
-84.47840531561462,3.57535461107801
-84.45847176079735,3.868525712377784
-84.43853820598008,4.201884436497897
-84.4186046511628,4.5659946349626415
-84.39867109634552,4.953454705922925
-84.37873754152824,5.358596209279278
-84.35880398671097,5.777114410563464
-84.3388704318937,6.205737333326662
-84.31893687707641,6.641962336392437
-84.29900332225914,7.083857412707516
-84.27906976744185,7.529914924623476
-84.2591362126246,7.978944914999802
-84.23920265780731,8.429997332282626
-84.21926910299004,8.882305090273247
-84.19933554817275,9.33524208488656
-84.1794019933555,9.788291969589684
-84.15946843853821,10.241024710529263
-84.13953488372094,10.693078807595409
-84.11960132890366,11.144147675879866
-84.09966777408638,11.59396910867945
-84.07973421926911,12.042317043265351
-84.05980066445183,12.488995062720022
-84.03986710963456,12.93383121802299
-84.01993355481727,13.376673862709088
-84.00000000000001,13.817388270550437
-83.98006644518273,14.25585386361768
-83.96013289036546,14.691961919861788
-83.94019933554817,15.125613660289858
-83.9202657807309,15.556718638887238
-83.90033222591363,15.985193375790448
-83.88039867109636,16.410960187357766
-83.86046511627907,16.833946176810432
-83.84053156146179,17.254082356817047
-83.82059800664453,17.671302881346016
-83.80066445182725,18.08554436874041
-83.78073089700997,18.49674530159105
-83.76079734219269,18.904845491832145
-83.74086378737542,19.309785601735694
-83.72093023255815,19.71150671326925
-83.70099667774087,20.10994993970777
-83.68106312292359,20.505056074532433
-83.66112956810632,20.89676527356594
-83.64119601328905,21.28501676703277
-83.62126245847176,21.66974859882833
-83.60132890365449,22.050897390763236
-83.5813953488372,22.428398129937815
-83.56146179401993,22.80218397771769
-83.54152823920266,23.17218609903507
-83.52159468438539,23.538333510946178
-83.5016611295681,23.900552949539616
-83.48172757475083,24.25876875442236
-83.46179401993356,24.612902770114783
-83.44186046511629,24.962874263768157
-83.421926910299,25.30859985868215
-83.40199335548174,25.64999348314871
-83.38205980066445,25.986966334184764
-83.36212624584718,26.319426855742925
-83.34219269102991,26.647280731006905
-83.32225913621262,26.970430888389952
-83.30232558139535,27.288777520860055
-83.28239202657808,27.602218118217742
-83.26245847176081,27.910647511950124
-83.24252491694352,28.213957932280767
-83.22259136212625,28.5120390770283
-83.20265780730897,28.804778191880004
-83.18272425249171,29.092060161677086
-83.16279069767442,29.37376761230047
-83.14285714285715,29.64978102273631
-83.12292358803987,29.919978846892
-83.1029900332226,30.184237644724835
-83.08305647840533,30.442432222237443
-83.06312292358804,30.694435779887495
-83.04318936877077,30.940120068952137
-83.02325581395348,31.179355555382823
-83.00332225913623,31.412011590681242
-82.98338870431894,31.63795658932424
-82.96345514950167,31.857058212262462
-82.94352159468438,32.06918355601698
-82.92358803986713,32.27419934689715
-82.90365448504984,32.471972139864256
-82.88372093023256,32.662368521566805
-82.86378737541528,32.845255317076486
-82.843853820598,33.02049979985698
-82.82392026578074,33.18796990450288
-82.80398671096346,33.34753444179077
-82.78405315614619,33.499063315591236
-82.7641196013289,33.64242774119688
-82.74418604651163,33.77750046462956
-82.72425249169436,33.90415598249768
-82.70431893687709,34.02227076198356
-82.6843853820598,34.13172346055001
-82.66445182724253,34.23239514496462
-82.64451827242526,34.3241695092513
-82.62458471760797,34.40693309118803
-82.6046511627907,34.48057548698162
-82.58471760797342,34.5449895637606
-82.56478405315616,34.60007166953951
-82.54485049833887,34.64572184031871
-82.5249169435216,34.68184400399641
-82.50498338870432,34.70834618078083
-82.48504983388705,34.72514067980307
-82.46511627906978,34.73214429164316
-82.4451827242525,34.72927847649417
-82.42524916943522,34.716469547701706
-82.40531561461795,34.69364885042835
-82.38538205980066,34.66075293520557
-82.36544850498339,34.617723726147595
-82.34551495016612,34.56450868361521
-82.32558139534883,34.50106096112921
-82.30564784053156,34.42733955634701
-82.28571428571429,34.343309455928086
-82.26578073089702,34.24894177412721
-82.24584717607974,34.144213884967684
-82.22591362126246,34.02910954785972
-82.20598006644519,33.9036190265428
-82.18604651162792,33.767739201244595
-82.16611295681064,33.62147367396258
-82.14617940199336,33.46483286678904
-82.12624584717608,33.297834113214655
-82.10631229235881,33.120501742360744
-82.08637873754154,32.93286715610579
-82.06644518272425,32.73496889908814
-82.04651162790698,32.52685272158296
-82.0265780730897,32.30857163526995
-82.00664451827244,32.080185961925615
-81.98671096345515,31.84176337509461
-81.96677740863788,31.593378934814137
-81.9468438538206,31.335115115488644
-81.92691029900334,31.067061827034973
-81.90697674418605,30.789316429444217
-81.88704318936877,30.50198374093424
-81.8671096345515,30.205176039897278
-81.84717607973423,29.899013060880318
-81.82724252491695,29.583621984872728
-81.80730897009967,29.259137424216515
-81.7873754152824,28.925701402499747
-81.76744186046511,28.583463329844616
-81.74750830564786,28.232579974058766
-81.72757475083057,27.873215428182707
-81.7076411960133,27.50554107503959
-81.68770764119601,27.129735549476496
-81.66777408637874,26.745984699081788
-81.64784053156147,26.354481544272065
-81.62790697674419,25.95542623876796
-81.60797342192691,25.549026031623708
-81.58803986710963,25.135495232143512
-81.56810631229237,24.715055179214488
-81.54817275747509,24.287934216815252
-81.52823920265782,23.854367677727762
-81.50830564784053,23.414597877796528
-81.48837209302326,22.96887412345227
-81.46843853820599,22.517452735658626
-81.44850498338872,22.060597093965594
-81.42857142857143,21.598577704978275
-81.40863787375416,21.1316723002975
-81.38870431893689,20.660165969886055
-81.3687707641196,20.184351337894316
-81.34883720930233,19.70452878928374
-81.32890365448505,19.22100675716817
-81.30897009966777,18.73410208271666
-81.2890365448505,18.244140461808957
-81.26910299003323,17.75145699551052
-81.24916943521595,17.25639686496737
-81.22923588039868,16.759316155679112
-81.2093023255814,16.260582861499895
-81.18936877076413,15.7605781054095
-81.16943521594685,15.259697622429453
-81.14950166112956,14.758353560462217
-81.12956810631229,14.256976667853456
-81.10963455149502,13.756018952806985
-81.08970099667775,13.255956920289346
-81.06976744186046,12.757295517821843
-81.04983388704319,12.26057295388979
-81.02990033222592,11.766366593166033
-81.00996677740865,11.275300183122141
-80.99003322259136,10.788052728731993
-80.9700996677741,10.305369407439482
-80.95016611295681,9.828075005959867
-80.93023255813955,9.357090462011076
-80.91029900332227,8.893453200852456
-80.89036544850498,8.438342051754248
-80.87043189368771,7.993107578023892
-80.85049833887044,7.559308588070326
-80.83056478405317,7.138755290925923
-80.81063122923588,6.733558806289493
-80.79069767441861,6.3461851977173795
-80.77076411960132,5.979509375747681
-80.75083056478407,5.636859515200249
-80.73089700996678,5.3220355884620085
-80.71096345514951,5.039276591781011
-80.69102990033223,4.793142516009746
-80.67109634551497,4.588275347469106
-80.65116279069768,4.429018682059743
-80.6312292358804,4.318917407508416
-80.61129568106313,4.26018357869766
-80.59136212624584,4.253272270915196
-80.57142857142858,4.296714162204272
-80.5514950166113,4.387274640337273
-80.53156146179403,4.520387382634662
-80.51162790697674,4.690719101791632
-80.49169435215947,4.89271048958697
-80.4717607973422,5.120992234900578
-80.45182724252493,5.3706454537544746
-80.43189368770764,5.63732566389821
-80.41196013289037,5.917289691944401
-80.3920265780731,6.207364457703468
-80.37209302325581,6.504887232519289
-80.35215946843854,6.807636482629407
-80.33222591362126,7.113764076067493
-80.312292358804,7.4217340502104845
-80.29235880398672,7.730269811570177
-80.27242524916944,8.038309855241609
-80.25249169435216,8.344971250544143
-80.23255813953489,8.649519829073217
-80.21262458471762,8.95134597547325
-80.19269102990035,9.249945012096083
-80.17275747508306,9.544901306468363
-80.15282392026577,9.835875374906456
-80.1328903654485,10.122593388399245
-80.11295681063123,10.404838601305695
-80.09302325581396,10.682444318487889
-80.07308970099668,10.955288093788438
-80.0531561461794,11.223286914763811
-80.03322259136213,11.486393177934174
-80.01328903654486,11.744591297920358
-79.99335548172758,11.99789482477679
-79.9734219269103,12.246343968303501
-79.95348837209303,12.490003447507512
-79.93355481727576,12.72896059877952
-79.91362126245848,12.963323688621214
-79.89368770764119,13.193220386580531
-79.87375415282392,13.418796361958632
-79.85382059800665,13.640213974260202
-79.83388704318938,13.857651032594164
-79.81395348837209,14.071299603550033
-79.79401993355482,14.281364850677635
-79.77408637873754,14.488063891741579
-79.75415282392028,14.691624662530165
-79.734219269103,14.892284778268458
-79.71428571428572,15.090290385692258
-79.69435215946844,15.285895000640235
-79.67441860465118,15.479358327661753
-79.6544850498339,15.67094505964722
-79.63455149501661,15.860923656890938
-79.61461794019934,16.049565106306314
-79.59468438538207,16.237141662738573
-79.5747508305648,16.423925575461976
-79.55481727574751,16.6101878040055
-79.53488372093024,16.796196728415804
-79.51495016611295,16.98221685993106
-79.4950166112957,17.168507558793035
-79.47508305647841,17.355321766556287
-79.45514950166114,17.542904760751195
-79.43521594684385,17.731492940111096
-79.41528239202657,17.921312648775395
-79.39534883720931,18.112579047922186
-79.37541528239203,18.305495043164804
-79.35548172757476,18.50025027576539
-79.33554817275747,18.69702018528053
-79.31561461794021,18.895965150667873
-79.29568106312293,19.097229716159873
-79.27574750830566,19.300941907368486
-79.25581395348837,19.50721264214204
-79.2358803986711,19.716135239674294
-79.21594684385383,19.927785030290227
-79.19601328903656,20.142219067228705
-79.17607973421927,20.359475940633605
-79.15614617940199,20.57957569287786
-79.13621262458473,20.80251983330143
-79.11627906976744,21.02829144946643
-79.09634551495017,21.256855411138417
-79.07641196013289,21.48815866240689
-79.05647840531562,21.722130596672567
-79.03654485049834,21.958683508660805
-79.01661129568107,22.19771311717407
-78.99667774086379,22.43909915197241
-78.97674418604652,22.68270599796568
-78.95681063122925,22.928383389810485
-78.93687707641197,23.17596715001901
-78.91694352159469,23.42527996379762
-78.8970099667774,23.676132184027605
-78.87707641196013,23.928322660067924
-78.85714285714286,24.181639584386396
-78.83720930232559,24.435861351400334
-78.8172757475083,24.69075742331644
-78.79734219269103,24.946089198193068
-78.77740863787376,25.201610875893614
-78.75747508305649,25.457070318049748
-78.7375415282392,25.71220989859826
-78.71760797342193,25.966767341888772
-78.69767441860465,26.220476545776073
-78.67774086378738,26.473068387504977
-78.6578073089701,26.72427151056506
-78.63787375415282,26.97381309103351
-78.61794019933555,27.221419582236955
-78.59800664451828,27.466817436845236
-78.57807308970101,27.709733805762486
-78.55813953488372,27.949897213404004
-78.53820598006645,28.187038209142287
-78.51827242524917,28.420889994873445
-78.49833887043191,28.651189028797944
-78.47840531561462,28.877675605628745
-78.45847176079735,29.100094413537505
-78.43853820598007,29.318195068227684
-78.4186046511628,29.531732624583455
-78.39867109634552,29.740468066388267
-78.37873754152824,29.944168774637273
-78.35880398671097,30.142608974986175
-78.33887043189368,30.335570164886974
-78.31893687707642,30.52284152095961
-78.29900332225914,30.704220287138792
-78.27906976744187,30.879512144120007
-78.25913621262458,31.048531560606403
-78.23920265780731,31.211102126832625
-78.21926910299004,31.367056870811048
-78.19933554817277,31.51623855771301
-78.17940199335548,31.65849997276143
-78.1594684385382,31.793704187973503
-78.13953488372094,31.921724813052244
-78.11960132890366,32.04244623068467
-78.09966777408638,32.15576381646207
-78.0797342192691,32.26158414359444
-78.05980066445184,32.35982517254699
-78.03986710963456,32.450416425681404
-78.01993355481729,32.53329914693869
-78.0,32.608426446553594
-77.98006644518273,32.67576343074267
-77.96013289036546,32.73528731625943
-77.94019933554819,32.78698752966021
-77.9202657807309,32.830865791073094
-77.90033222591362,32.86693618221012
-77.88039867109634,32.89522519830917
-77.86046511627907,32.915771783636764
-77.8405315614618,32.92862735012619
-77.82059800664452,32.93385577866727
-77.80066445182725,32.93153340250425
-77.78073089700997,32.92174897213663
-77.7607973421927,32.90460360105595
-77.74086378737542,32.880210691586434
-77.72093023255815,32.8486958400342
-77.70099667774087,32.81019672028305
-77.68106312292359,32.76486294491062
-77.66112956810632,32.712855902833375
-77.64119601328903,32.654348572425896
-77.62126245847176,32.58952530899858
-77.60132890365449,32.51858160546013
-77.58139534883722,32.44172382493821
-77.56146179401993,32.359168904084385
-77.54152823920266,32.27114402575044
-77.52159468438538,32.177886259693345
-77.50166112956812,32.079642169948855
-77.48172757475083,31.976667387510243
-77.46179401993356,31.869226146962074
-77.44186046511628,31.757590785752367
-77.421926910299,31.642041204842275
-77.40199335548174,31.522864289554317
-77.38205980066445,31.400353289550914
-77.36212624584718,31.27480715701851
-77.34219269102991,31.146529842311065
-77.32225913621264,31.015829546524724
-77.30232558139535,30.883017930734194
-77.28239202657808,30.748409281924904
-77.2624584717608,30.612319636003335
-77.24252491694354,30.47506585866479
-77.22259136212625,30.336964685340412
-77.20265780730898,30.19833172193573
-77.1827242524917,30.059480408607303
-77.16279069767441,29.92072094939964
-77.14285714285715,29.78235921117622
-77.12292358803987,29.644695595919536
-77.1029900332226,29.50802389113673
-77.08305647840531,29.372630103779844
-77.06312292358805,29.238791283759827
-77.04318936877077,29.106774343788896
-77.0232558139535,28.976834882909202
-77.00332225913621,28.849216021642803
-76.98338870431894,28.724147257209204
-76.96345514950167,28.601843347686074
-76.94352159468438,28.48250323431757
-76.92358803986711,28.366309011387358
-76.90365448504983,28.25342495315371
-76.88372093023257,28.143996607280332
-76.86378737541528,28.038149963977478
-76.84385382059801,27.93599070968856
-76.82392026578073,27.837603573613663
-76.80398671096346,27.743051774657275
-76.78405315614619,27.65237657552797
-76.76411960132891,27.56559694971618
-76.74418604651163,27.482709365947148
-76.72425249169436,27.403687693472257
-76.70431893687709,27.328483230245116
-76.6843853820598,27.257024854659125
-76.66445182724253,27.189219300127274
-76.64451827242524,27.124951550396045
-76.62458471760797,27.06408535213146
-76.6046511627907,27.006463840027834
-76.58471760797343,26.951910268494856
-76.56478405315615,26.900228842901075
-76.54485049833887,26.85120564241191
-76.5249169435216,26.804609625674015
-76.50498338870433,26.76019370997636
-76.48504983388705,26.717695914068006
-76.46511627906978,26.676840554534717
-76.44518272425249,26.637339485526905
-76.42524916943522,26.59889337168399
-76.40531561461795,26.561192984301556
-76.38538205980066,26.523920511124746
-76.36544850498339,26.48675087060682
-76.34551495016612,26.44935302202699
-76.32558139534885,26.411391263498082
-76.30564784053156,26.372526510591744
-76.28571428571429,26.33241754904957
-76.265780730897,26.290722255812298
-76.24584717607975,26.24709878337269
-76.22591362126246,26.20120670322266
-76.20598006644519,26.152708104912012
-76.18604651162791,26.10126864795135
-76.16611295681064,26.046558564468658
-76.14617940199336,25.988253611159493
-76.12624584717608,25.926035969651217
-76.10631229235881,25.859595094928356
-76.08637873754152,25.788628511938256
-76.06644518272427,25.71284256091379
-76.04651162790698,25.63195309231337
-76.02657807308971,25.545686112591984
-76.00664451827242,25.453778382281094
-75.98671096345515,25.355977968075525
-75.96677740863788,25.252044750805354
-75.9468438538206,25.14175089131393
-75.92691029900332,25.02488125637484
-75.90697674418604,24.90123380686533
-75.88704318936878,24.770619950474778
-75.8671096345515,24.632864861270406
-75.84717607973423,24.48780776847096
-75.82724252491694,24.335302216797768
-75.80730897009968,24.17521630078519
-75.7873754152824,24.007432875441847
-75.76744186046513,23.831849745665163
-75.74750830564784,23.648379836826688
-75.72757475083057,23.456951348968918
-75.7076411960133,23.257507897088388
-75.68770764119601,23.050008640028853
-75.66777408637874,22.834428400575053
-75.64784053156146,22.610757779426162
-75.62790697674419,22.379003265842144
-75.60797342192691,22.139187347899856
-75.58803986710964,21.89134862547433
-75.56810631229236,21.635541929277736
-75.54817275747509,21.371838449552303
-75.52823920265782,21.10032587832798
-75.50830564784054,20.82110856953053
-75.48837209302326,20.534307721668352
-75.46843853820599,20.240061588347437
-75.44850498338872,19.938525722474054
-75.42857142857143,19.629873260718018
-75.40863787375416,19.314295255639408
-75.38870431893687,18.99200106384613
-75.3687707641196,18.663218799666904
-75.34883720930233,18.328195865114893
-75.32890365448506,17.98719956840413
-75.30897009966777,17.640517844987727
-75.2890365448505,17.288460097037497
-75.26910299003322,16.931358169502715
-75.24916943521596,16.569567483390074
-75.22923588039868,16.203468349708945
-75.20930232558139,15.83346749062373
-75.18936877076412,15.459999797722778
-75.16943521594685,15.083530360889462
-75.14950166112958,14.704556804926732
-75.12956810631229,14.323611974640507
-75.10963455149502,13.941267012201179
-75.08970099667775,13.55813487276952
-75.06976744186048,13.174874324826435
-75.04983388704319,12.792194479257022
-75.02990033222592,12.410859884377643
-75.00996677740864,12.031696210454987
-74.99003322259138,11.655596523654472
-74.9700996677741,11.283528111456768
-74.95016611295681,10.916539763739882
-74.93023255813954,10.55576932882113
-74.91029900332225,10.202451243332773
-74.890365448505,9.857923569717755
-74.87043189368771,9.523633857097286
-74.85049833887044,9.201142865941518
-74.83056478405315,8.892124869217792
-74.8106312292359,8.598362884514795
-74.79069767441861,8.32173685276731
-74.77076411960134,8.064202548302942
-74.75083056478405,7.827759016545331
-74.73089700996678,7.614402763683554
-74.71096345514951,7.426067947297116
-74.69102990033223,7.264553555398231
-74.67109634551495,7.131440963805551
-74.65116279069767,7.02800800624187
-74.63122923588041,6.95514814489317
-74.61129568106313,6.913304654330476
-74.59136212624585,6.902429173092761
-74.57142857142857,6.921971239392475
-74.5514950166113,6.970900943525812
-74.53156146179403,7.047761711954399
-74.51162790697676,7.15074587027579
-74.49169435215947,7.27778310457558
-74.47176079734218,7.4266316455639325
-74.45182724252493,7.5949635919002665
-74.43189368770764,7.780438466245651
-74.41196013289037,7.980761992491968
-74.39202657807309,8.193729553628316
-74.37209302325581,8.41725552549732
-74.35215946843854,8.649390654099964
-74.33222591362127,8.888329994009245
-74.31229235880399,9.132413852936882
-74.29235880398672,9.380123879513095
-74.27242524916944,9.630076029098847
-74.25249169435217,9.881011736445533
-74.23255813953489,10.131788262849883
-74.2126245847176,10.381368888626731
-74.19269102990033,10.628813391234813
-74.17275747508306,10.873269078278794
-74.15282392026579,11.113962522451873
-74.1328903654485,11.350192061503485
-74.11295681063123,11.581321070907284
-74.09302325581396,11.806771982165282
-74.07308970099669,12.026020999460211
-74.0531561461794,12.238593457043883
-74.03322259136213,12.444059755966098
-74.01328903654485,12.64203181912248
-73.99335548172759,12.83216000647754
-73.9734219269103,13.014130436580613
-73.95348837209302,13.187662665396186
-73.93355481727575,13.352507678542052
-73.91362126245848,13.508446157975792
-73.8936877076412,13.655286988824685
-73.87375415282392,13.792865976328043
-73.85382059800665,13.921044746719748
-73.83388704318936,14.039709809320925
-73.8139534883721,14.148771760154641
-73.79401993355482,14.248164610064672
-73.77408637873755,14.33784522265091
-73.75415282392026,14.417792849358031
-73.734219269103,14.488008750804068
-73.71428571428572,14.548515894940936
-73.69435215946844,14.599358723925553
-73.67441860465117,14.64060298267146
-73.65448504983388,14.67233560296436
-73.63455149501662,14.694664637777048
-73.61461794019934,14.707719241020191
-73.59468438538207,14.711649688424053
-73.57475083056478,14.706627435566286
-73.55481727574752,14.69284520924392
-73.53488372093024,14.670517128431452
-73.51495016611297,14.639878850965788
-73.49501661129568,14.601187741845168
-73.4750830564784,14.554723058610941
-73.45514950166114,14.500786148685513
-73.43521594684385,14.439700652749062
-73.41528239202658,14.371812707236046
-73.3953488372093,14.297491137798906
-73.37541528239203,14.217127634103708
-73.35548172757476,14.131136894572899
-73.33554817275748,14.039956727660952
-73.3156146179402,13.944048093933501
-73.29568106312293,13.843895070623214
-73.27574750830566,13.740004717475522
-73.25581395348838,13.632906819613968
-73.2358803986711,13.52315347991539
-73.21594684385381,13.4113185300897
-73.19601328903656,13.29799672645212
-73.17607973421927,13.18380269344941
-73.156146179402,13.069369575605732
-73.13621262458472,12.955347356997901
-73.11627906976744,12.842400807023383
-73.09634551495017,12.73120701251009
-73.0764119601329,12.622452459595547
-73.05647840531562,12.516829634743337
-73.03654485049834,12.415033123207554
-73.01661129568106,12.317755195553204
-72.9966777408638,12.225680888693063
-72.97674418604652,12.139482607276294
-72.95681063122923,12.059814293821288
-72.93687707641196,11.987305241005771
-72.91694352159469,11.922553645875494
-72.89700996677742,11.866120031851342
-72.87707641196013,11.818520688389755
-72.85714285714286,11.780221297829561
-72.83720930232559,11.751630932150313
-72.81727574750832,11.733096607086365
-72.79734219269103,11.724898575785051
-72.77740863787376,11.72724652820207
-72.75747508305648,11.740276835866501
-72.7375415282392,11.764050945719987
-72.71760797342193,11.798554983616649
-72.69767441860465,11.843700580724343
-72.67774086378738,11.899326887927609
-72.65780730897009,11.965203697912568
-72.63787375415284,12.041035555107948
-72.61794019933555,12.12646670258683
-72.59800664451828,12.22108669401349
-72.578073089701,12.324436488345578
-72.55813953488374,12.436014844897292
-72.53820598006645,12.555284845337688
-72.51827242524918,12.681680385464283
-72.4983388704319,12.81461250106617
-72.47840531561462,12.953475416730198
-72.45847176079735,13.097652232060243
-72.43853820598007,13.24652018479629
-72.4186046511628,13.399455453444968
-72.39867109634551,13.555837482390265
-72.37873754152825,13.715052829548293
-72.35880398671097,13.876498550300239
-72.3388704318937,14.039585141774662
-72.31893687707641,14.203739078828693
-72.29900332225914,14.368404977679198
-72.27906976744187,14.533047425498479
-72.2591362126246,14.697152514856764
-72.23920265780731,14.860229121085917
-72.21926910299003,15.021809958830822
-72.19933554817277,15.18145245156764
-72.17940199335548,15.338739444964846
-72.15946843853821,15.493279791852377
-72.13953488372093,15.644708833402715
-72.11960132890366,15.792688798030484
-72.09966777408638,15.936909136559777
-72.07973421926911,16.07708680944014
-72.05980066445183,16.212966539236373
-72.03986710963456,16.344321039281883
-72.01993355481729,16.470951227264308
-72.00000000000001,16.592686430591268
-71.98006644518273,16.709384588642557
-71.96013289036544,16.82093245542916
-71.94019933554817,16.927245804723274
-71.9202657807309,17.028269638370315
-71.90033222591363,17.123978397218547
-71.88039867109634,17.21437617287876
-71.86046511627907,17.29949691733382
-71.8405315614618,17.379404646233795
-71.82059800664453,17.45419363052021
-71.80066445182725,17.52398856980727
-71.78073089700997,17.58894473969846
-71.76079734219269,17.649248103926706
-71.74086378737542,17.705115380875405
-71.72093023255815,17.756794052669473
-71.70099667774086,17.804562303634317
-71.68106312292359,17.84872887352493
-71.66112956810632,17.8896328095586
-71.64119601328905,17.92764309998221
-71.62126245847176,17.96315817072153
-71.60132890365449,17.99660522565852
-71.5813953488372,18.028439410340358
-71.56146179401995,18.059142778528447
-71.54152823920266,18.08922304104557
-71.52159468438539,18.119212076981672
-71.5016611295681,18.14966418858288
-71.48172757475083,18.18115408318426
-71.46179401993356,18.214274568453238
-71.44186046511628,18.249633951069864
-71.421926910299,18.28785313383668
-71.40199335548172,18.329562412097832
-71.38205980066446,18.375397977218817
-71.36212624584718,18.425998142636203
-71.34219269102991,18.48199931646305
-71.32225913621262,18.544031753588463
-71.30232558139537,18.61271512932273
-71.28239202657808,18.688653985530493
-71.26245847176081,18.772433108429503
-71.24252491694352,18.86461290434788
-71.22259136212624,18.965724845265495
-71.20265780730898,19.07626705948534
-71.1827242524917,19.196700143931206
-71.16279069767442,19.327443273096513
-71.14285714285714,19.468870675461673
-71.12292358803987,19.621308541296102
-71.1029900332226,19.78503241637476
-71.08305647840533,19.96026512463471
-71.06312292358804,20.147175249681084
-71.04318936877077,20.345876190931133
-71.0232558139535,20.55642579572864
-71.00332225913621,20.778826554643953
-70.98338870431894,21.01302633403367
-70.96345514950166,21.258919608319065
-70.9435215946844,21.516349144785206
-70.92358803986711,21.785108086292276
-70.90365448504984,22.064942372266863
-70.88372093023256,22.355553435698774
-70.86378737541528,22.656601113473325
-70.84385382059801,22.967706708983954
-70.82392026578074,23.288456149280897
-70.80398671096346,23.618403183664498
-70.78405315614619,23.957072576254365
-70.7641196013289,24.303963251298004
-70.74418604651163,24.658551356494723
-70.72425249169436,25.020293216116286
-70.70431893687707,25.388628151969886
-70.6843853820598,25.7629811560927
-70.66445182724253,26.14276540436352
-70.64451827242526,26.52738460488712
-70.62458471760797,26.91623517901667
-70.6046511627907,27.308708276225282
-70.58471760797343,27.7041916267464
-70.56478405315616,28.10207123801822
-70.54485049833887,28.501732942545566
-70.5249169435216,28.902563805900524
-70.50498338870432,29.303953404283828
-70.48504983388705,29.705294981430907
-70.46511627906978,30.105986494730274
-70.44518272425249,30.50543156028457
-70.42524916943522,30.903040306337424
-70.40531561461793,31.298230144056056
-70.38538205980068,31.690426464138472
-70.36544850498339,32.079063267135574
-70.34551495016612,32.46358373477001
-70.32558139534883,32.84344074891355
-70.30564784053158,33.2180973642707
-70.28571428571429,33.58702724021952
-70.265780730897,33.949715036690144
-70.24584717607974,34.30565677842249
-70.22591362126246,34.65436019144334
-70.20598006644519,34.99534501513778
-70.18604651162791,35.328143292865406
-70.16611295681064,35.65229964368408
-70.14617940199335,35.96737151739548
-70.1262458471761,36.27292943481199
-70.10631229235881,36.56855721486562
-70.08637873754154,36.8538521899303
-70.06644518272425,37.12842541051048
-70.04651162790698,37.39190184025649
-70.02657807308971,37.64392054209908
-70.00664451827242,37.88413485615084
-69.98671096345515,38.112212569895824
-69.96677740863787,38.32783608108321
-69.94684385382061,38.53070255364836
-69.92691029900332,38.720524066910244
-69.90697674418605,38.89702775822969
-69.88704318936877,39.05995595926307
-69.8671096345515,39.209066325904026
-69.84717607973423,39.34413196197499
-69.82724252491695,39.46494153670715
-69.80730897009967,39.57129939603104
-69.7873754152824,39.66302566769187
-69.76744186046513,39.739956360199734
-69.74750830564784,39.80194345562798
-69.72757475083057,39.848854996279435
-69.70764119601328,39.88057516525328
-69.68770764119601,39.89700436095969
-69.66777408637874,39.898059265650794
-69.64784053156147,39.88367290805908
-69.62790697674419,39.853794720261924
-69.60797342192691,39.80839058892071
-69.58803986710964,39.74744290107777
-69.56810631229237,39.670950584730484
-69.54817275747509,39.57892914444262
-69.52823920265782,39.47141069229661
-69.50830564784053,39.34844397453773
-69.48837209302326,39.2100943943116
-69.46843853820599,39.056444030950956
-69.4485049833887,38.887591656326045
-69.42857142857143,38.70365274883494
-69.40863787375416,38.50475950567736
-69.38870431893689,38.291060854126314
-69.3687707641196,38.06272246258804
-69.34883720930233,37.81992675232193
-69.32890365448505,37.56287291077832
-69.30897009966779,37.291776907603946
-69.2890365448505,37.006871514462404
-69.26910299003322,36.70840632992058
-69.24916943521595,36.39664781076116
-69.22923588039868,36.071879311196376
-69.2093023255814,35.73440113157933
-69.18936877076412,35.38453057833475
-69.16943521594685,35.02260203696164
-69.14950166112956,34.648967060094144
-69.1295681063123,34.263994472742276
-69.10963455149502,33.868070496969644
-69.08970099667775,33.461598898397
-69.06976744186046,33.04500115704477
-69.0498338870432,32.61871666514074
-69.02990033222592,32.18320295461049
-69.00996677740864,31.738935957034386
-68.99003322259136,31.286410298879552
-68.97009966777408,30.826139634788323
-68.95016611295682,30.358657021605918
-68.93023255813954,29.88451533563727
-68.91029900332227,29.404287735310646
-68.89036544850498,28.918568170956075
-68.87043189368771,28.4279719427405
-68.85049833887044,27.93313630688657
-68.83056478405317,27.434721129075847
-68.81063122923588,26.93340958232661
-68.79069767441861,26.42990888455294
-68.77076411960134,25.924951068354005
-68.75083056478405,25.419293772230386
-68.73089700996678,24.91372103824812
-68.7109634551495,24.409044096021713
-68.69102990033224,23.906102106612668
-68.67109634551495,23.405762832382838
-68.65116279069768,22.90892318985935
-68.6312292358804,22.416509632146763
-68.61129568106313,21.929478295307383
-68.59136212624585,21.448814829465597
-68.57142857142858,20.975533820363207
-68.5514950166113,20.510677691099655
-68.53156146179401,20.05531495751582
-68.51162790697674,19.610537695175932
-68.49169435215947,19.17745806267552
-68.4717607973422,18.75720371708618
-68.45182724252491,18.350911955328925
-68.43189368770764,17.959722423260533
-68.41196013289037,17.584768255750994
-68.3920265780731,17.227165549600823
-68.37209302325581,16.888001129967996
-68.35215946843854,16.568318652137627
-68.33222591362127,16.26910318412744
-68.312292358804,15.991264539072318
-68.29235880398672,15.735619763183868
-68.27242524916943,15.50287532482088
-68.25249169435216,15.293609678391373
-68.23255813953489,15.10825697620099
-68.21262458471762,14.947092754076662
-68.19269102990033,14.810222407095589
-68.17275747508306,14.69757319024688
-68.15282392026577,14.608890324286415
-68.13289036544852,14.543737568811508
-68.11295681063123,14.501502362275993
-68.09302325581396,14.48140534960346
-68.07308970099668,14.482513852930685
-68.05315614617942,14.503758618675453
-68.03322259136213,14.54395301670907
-68.01328903654485,14.601813787016688
-67.99335548172758,14.675982426775127
-67.9734219269103,14.765046377171073
-67.95348837209303,14.867559288244673
-67.93355481727575,14.9820597917643
-67.91362126245848,15.107088376813213
-67.89368770764119,15.24120212334737
-67.87375415282393,15.382987192777412
-67.85382059800665,15.53106909382303
-67.83388704318938,15.684120833161149
-67.81395348837209,15.8408691240053
-67.79401993355482,16.000098864445494
-67.77408637873755,16.16065611527459
-67.75415282392026,16.32144980876607
-67.734219269103,16.481452409962174
-67.71428571428571,16.639699734473414
-67.69435215946845,16.795290104864474
-67.67441860465117,16.947383003940356
-67.6544850498339,17.09519735947715
-67.63455149501661,17.2380095723936
-67.61461794019934,17.375151379776558
-67.59468438538207,17.50600762593453
-67.5747508305648,17.630013998878585
-67.55481727574751,17.746654776259426
-67.53488372093022,17.855460613658085
-67.51495016611297,17.95600639900942
-67.49501661129568,18.047909189581304
-67.47508305647841,18.130826242086734
-67.45514950166113,18.204453141933428
-67.43521594684385,18.268522034097465
-67.41528239202658,18.32279995545414
-67.39534883720931,18.36708726644414
-67.37541528239203,18.401216178556176
-67.35548172757476,18.425049373151104
-67.33554817275748,18.438478706540174
-67.31561461794021,18.441423995882708
-67.29568106312293,18.433831880321527
-67.27574750830564,18.41567475177734
-67.25581395348837,18.386949749935024
-67.2358803986711,18.34767781614281
-67.21594684385383,18.29790280118566
-67.19601328903654,18.23769062216648
-67.17607973421927,18.16712846401864
-67.156146179402,18.086324021469064
-67.13621262458473,17.995404777565064
-67.11627906976744,17.89451731516234
-67.09634551495017,17.783826658043438
-67.07641196013289,17.663515638589907
-67.05647840531563,17.5337842891665
-67.03654485049834,17.39484925458922
-67.01661129568106,17.246943223239477
-66.99667774086379,17.090314374553138
-66.97674418604652,16.92522584075455
-66.95681063122925,16.75195518081971
-66.93687707641196,16.570793864740313
-66.91694352159469,16.382046766217535
-66.8970099667774,16.186031661941122
-66.87707641196015,15.983078735602826
-66.85714285714286,15.773530084750806
-66.83720930232559,15.557739228510949
-66.8172757475083,15.336070614078007
-66.79734219269103,15.10889911971087
-66.77740863787376,14.876609551747537
-66.75747508305648,14.639596132881433
-66.7375415282392,14.398261978607627
-66.71760797342192,14.153018558348966
-66.69767441860466,13.904285137303793
-66.67774086378738,13.652488194514453
-66.6578073089701,13.398060812034615
-66.63787375415282,13.141442029372458
-66.61794019933555,12.883076156605856
-66.59800664451828,12.623412038708654
-66.57807308970101,12.36290226270312
-66.55813953488372,12.102002298277641
-66.53820598006644,11.84116956150579
-66.51827242524918,11.580862390307173
-66.4983388704319,11.321538919353012
-66.47840531561462,11.06365584130526
-66.45847176079734,10.807667040674543
-66.43853820598008,10.554022086298971
-66.4186046511628,10.303164568616264
-66.39867109634552,10.055530268687093
-66.37873754152824,9.811545147511604
-66.35880398671097,9.571623146767894
-66.3388704318937,9.336163795905748
-66.31893687707642,9.105549625760824
-66.29900332225914,8.880143395699724
-66.27906976744185,8.66028514989511
-66.25913621262458,8.44628912870565
-66.23920265780731,8.238440573210525
-66.21926910299004,8.03699247446564
-66.19933554817275,7.842162333543554
-66.17940199335548,7.654129013194271
-66.15946843853821,7.473029776086668
-66.13953488372094,7.298957616921648
-66.11960132890366,7.131959004969997
-66.09966777408638,6.972032158474624
-66.07973421926911,6.819125971683498
-66.05980066445183,6.673139708156597
-66.03986710963456,6.5339235599982475
-66.01993355481727,6.401280152004312
-66.0,6.2749670432827
-65.98006644518273,6.154700248304061
-65.96013289036546,6.040158766753131
-65.94019933554817,5.930990079543652
-65.9202657807309,5.826816539584155
-65.90033222591362,5.727242562763191
-65.88039867109636,5.631862509053913
-65.86046511627907,5.5402691367448496
-65.8405315614618,5.452062514804638
-65.82059800664452,5.366859288568772
-65.80066445182725,5.284302210712567
-65.78073089700997,5.20406987052664
-65.76079734219269,5.125886576927938
-65.74086378737542,5.049532371039689
-65.72093023255815,4.974853158760301
-65.70099667774087,4.901770958285405
-65.68106312292359,4.830294247301463
-65.66112956810632,4.760528364177715
-65.64119601328903,4.692685860977913
-65.62126245847178,4.62709661717393
-65.60132890365449,4.5642173956693135
-65.58139534883722,4.50464035326707
-65.56146179401993,4.4490998070567365
-65.54152823920265,4.398476316586967
-65.52159468438539,4.3537968943255025
-65.5016611295681,4.316229950048891
-65.48172757475083,4.28707347971354
-65.46179401993355,4.267735119556267
-65.44186046511629,4.259703102083036
-65.421926910299,4.264507946909897
-65.40199335548174,4.283675896761237
-65.38205980066445,4.31867654413175
-65.36212624584718,4.370868517380579
-65.34219269102991,4.441448127097526
-65.32225913621264,4.531406137201338
-65.30232558139535,4.641497101571127
-65.28239202657807,4.772224062764914
-65.26245847176081,4.923839213231957
-65.24252491694352,5.096358919250233
-65.22259136212625,5.289589823912893
-65.20265780730897,5.5031618876260096
-65.1827242524917,5.736564220242157
-65.16279069767442,5.989180206437784
-65.14285714285715,6.260319418425282
-65.12292358803987,6.549244857562129
-65.1029900332226,6.8551949684592275
-65.08305647840533,7.177400531292625
-65.06312292358804,7.515096950201347
-65.04318936877077,7.867532657685706
-65.02325581395348,8.233974405297174
-65.00332225913621,8.613710166475995
-64.98338870431894,9.006050283561853
-64.96345514950167,9.41032737938788
-64.94352159468438,9.825895443866246
-64.92358803986711,10.252128407805884
-64.90365448504984,10.688418433967064
-64.88372093023257,11.134174089495154
-64.86378737541528,11.588818512913843
-64.84385382059801,12.051787650525416
-64.82392026578073,12.522528608941615
-64.80398671096346,13.000498150318217
-64.78405315614619,13.4851613427784
-64.7641196013289,13.975990368933337
-64.74418604651163,14.47246348912281
-64.72425249169436,14.974064152072764
-64.70431893687709,15.48028024340018
-64.6843853820598,15.99060346127413
-64.66445182724253,16.504528808190003
-64.64451827242524,17.021554187964103
-64.62458471760799,17.54118009751893
-64.6046511627907,18.062909403672506
-64.58471760797343,18.58624719588021
-64.56478405315615,19.110700706642092
-64.54485049833887,19.635779292045697
-64.5249169435216,20.160994465638677
-64.50498338870432,20.685859979502904
-64.48504983388705,21.20989194702638
-64.46511627906976,21.73260900243713
-64.4451827242525,22.25353249267623
-64.42524916943522,22.772186697647033
-64.40531561461795,23.28809907528795
-64.38538205980066,23.80080052828102
-64.36544850498339,24.309825689532214
-64.34551495016612,24.814713223845622
-64.32558139534883,25.31500614346721
-64.30564784053156,25.810252135397363
-64.28571428571428,26.30000389856939
-64.26578073089702,26.783819489165626
-64.24584717607974,27.26126267249765
-64.22591362126246,27.73190328001359
-64.20598006644518,28.19531757011706
-64.18604651162792,28.6510885915898
-64.16611295681064,29.098806548506133
-64.14617940199336,29.53806916561265
-64.12624584717608,29.968482053223426
-64.10631229235881,30.389659070749104
-64.08637873754154,30.801222688040806
-64.06644518272425,31.202804343784944
-64.04651162790698,31.594044800236393
-64.0265780730897,31.974594493623137
-64.00664451827242,32.344113879598396
-63.98671096345515,32.70227377315492
-63.96677740863788,33.04875568245236
-63.946843853820596,33.3832521360423
-63.92691029900333,33.70546700300701
-63.906976744186046,34.01511580555742
-63.88704318936878,34.31192602366429
-63.8671096345515,34.595637391322995
-63.847176079734226,34.866002184078084
-63.82724252491695,35.122785497458416
-63.80730897009967,35.365765515998
-63.7873754152824,35.594733772540295
-63.76744186046511,35.80949539754719
-63.74750830564785,36.00986935815606
-63.72757475083056,36.19568868675032
-63.7076411960133,36.366800698831206
-63.68770764119601,36.523067199999794
-63.66777408637874,36.664364681880635
-63.647840531561464,36.79058450683971
-63.62790697674419,36.90163308137129
-63.607973421926914,36.99743201805039
-63.58803986710964,37.077918285969254
-63.568106312292365,37.143044349598604
-63.54817275747508,37.19277829603689
-63.528239202657815,37.22710395063279
-63.50830564784053,37.24602098098965
-63.48837209302326,37.24954498938271
-63.46843853820598,37.237707593643506
-63.44850498338871,37.210556496588715
-63.42857142857143,37.168155544094084
-63.40863787375416,37.110584771937376
-63.38870431893688,37.0379404415572
-63.36877076411961,36.95033506489816
-63.34883720930233,36.84789741853483
-63.328903654485046,36.730772547290144
-63.308970099667775,36.59912175758468
-63.2890365448505,36.453122600774684
-63.269102990033225,36.29296884675601
-63.24916943521595,36.118870448129485
-63.229235880398676,35.93105349523908
-63.2093023255814,35.72976016240835
-63.189368770764126,35.515248645711225
-63.16943521594685,35.287793092620525
-63.14950166112958,35.04768352387965
-63.12956810631229,34.79522574794081
-63.10963455149503,34.53074126830284
-63.08970099667774,34.25456718406478
-63.06976744186046,33.96705608398418
-63.04983388704319,33.668575934291184
-63.029900332225914,33.35950996045762
-63.00996677740864,33.0402565230531
-62.990033222591364,32.71122898773467
-62.97009966777409,32.37285558930825
-62.95016611295681,32.02557928966788
-62.930232558139544,31.669857629256214
-62.91029900332226,31.306162571493356
-62.890365448504994,30.934980339385554
-62.87043189368771,30.556811243245065
-62.850498338870445,30.172169498120486
-62.83056478405316,29.78158302914767
-62.81063122923588,29.38559326257639
-62.79069767441861,28.98475489970051
-62.770764119601324,28.579635670311777
-62.75083056478406,28.170816061601304
-62.730897009966775,27.758889017642765
-62.71096345514951,27.34445960369968
-62.691029900332225,26.928144628603558
-62.67109634551496,26.510572217347367
-62.651162790697676,26.092381324833642
-62.63122923588041,25.674221180415017
-62.611295681063126,25.256750651483493
-62.59136212624584,24.84063751292605
-62.57142857142858,24.426557607804497
-62.55149501661129,24.015193883185898
-62.53156146179403,23.607235283712445
-62.51162790697674,23.203375484341777
-62.49169435215948,22.804311442817603
-62.47176079734219,22.410741751976087
-62.45182724252493,22.023364772110224
-62.43189368770764,21.642876524478655
-62.41196013289037,21.269968328851885
-62.39202657807309,20.90532417094419
-62.37209302325582,20.54961778988859
-62.35215946843854,20.203509481765263
-62.33222591362126,19.86764262274062
-62.312292358803994,19.542639924701938
-62.29235880398671,19.229099447372725
-62.272425249169444,18.927590403630873
-62.25249169435216,18.638648808832265
-62.23255813953489,18.362773039893295
-62.21262458471761,18.10041938503605
-62.19269102990034,17.851997679592778
-62.17275747508306,17.617867136083277
-62.15282392026579,17.39833248679778
-62.13289036544851,17.193640563195366
-62.11295681063124,17.00397743751106
-62.09302325581396,16.829466247206923
-62.073089700996675,16.670165811796092
-62.053156146179404,16.526070134042744
-62.033222591362126,16.39710885403902
-62.013289036544855,16.283148696152807
-61.993355481727576,16.18399591678538
-61.973421926910305,16.09939972710815
-61.95348837209303,16.029056631512756
-61.933554817275756,15.97261559147623
-61.91362126245848,15.929683897797524
-61.893687707641206,15.899833613222352
-61.87375415282392,15.882608433357237
-61.85382059800664,15.877530806925721
-61.83388704318937,15.884109156707636
-61.81395348837209,15.90184504928091
-61.79401993355482,15.930240173907716
-61.77408637873754,15.968803007264118
-61.75415282392027,16.01705505978659
-61.734219269102994,16.074536619806782
-61.71428571428572,16.140811932113554
-61.69435215946844,16.21547376708021
-61.67441860465117,16.298147354244474
-61.65448504983389,16.38849366971604
-61.63455149501662,16.486212079749173
-61.61461794019934,16.591042353211417
-61.59468438538206,16.70276606362877
-61.57475083056479,16.82120740724473
-61.55481727574751,16.946233467424047
-61.53488372093024,17.077753958127918
-61.51495016611295,17.21572048045953
-61.49501661129569,17.360125326776416
-61.475083056478404,17.510999866903354
-61.45514950166114,17.668412550818278
-61.435215946843854,17.832466562029026
-61.41528239202658,18.00329715585872
-61.395348837209305,18.18106871709987
-61.375415282392034,18.365971572017703
-61.355481727574755,18.558218590466783
-61.33554817275747,18.758041614875115
-61.315614617940206,18.965687753956175
-61.29568106312292,19.181415580114837
-61.275747508305656,19.40549127048566
-61.25581395348837,19.638184732243747
-61.2358803986711,19.87976575312452
-61.21594684385382,20.130500217858952
-61.19601328903655,20.390646430378034
-61.17607973421927,20.660451580094072
-61.156146179402,20.940148388296574
-61.13621262458472,21.229951967709532
-61.11627906976745,21.530056924590678
-61.09634551495017,21.840634728491683
-61.07641196013289,22.161831370053605
-61.056478405315616,22.493765322123323
-61.03654485049834,22.836525814197593
-61.01661129568107,23.190171424896217
-60.99667774086379,23.55472899199372
-60.97674418604652,23.93019283465279
-60.95681063122924,24.31652427803248
-60.93687707641197,24.71365146650104
-60.91694352159469,25.121469448344808
-60.89700996677742,25.5398405121843
-60.87707641196013,25.968594753304707
-60.857142857142854,26.407530846775575
-60.83720930232558,26.856417003540955
-60.817275747508305,27.314992085555446
-60.79734219269103,27.782966856457634
-60.777408637873755,28.2600253451321
-60.757475083056484,28.745826300734446
-60.737541528239205,29.240004719256053
-60.717607973421934,29.742173423407944
-60.69767441860465,30.25192467943084
-60.677740863787385,30.76883183632589
-60.6578073089701,31.292450974888393
-60.637873754152835,31.822322555770256
-60.61794019933555,32.357973057555064
-60.59800664451827,32.89891659747588
-60.578073089701,33.44465652892023
-60.55813953488372,33.994687011235094
-60.53820598006645,34.548494548564165
-60.518272425249165,35.105559495515934
-60.4983388704319,35.66535752838214
-60.478405315614616,36.227361081405
-60.45847176079735,36.791040748240235
-60.438538205980066,37.355866649290505
-60.4186046511628,37.921309766002885
-60.39867109634552,38.486843243545394
-60.37873754152825,39.05194366351355
-60.35880398671097,39.61609228847944
-60.33887043189368,40.17877628029314
-60.31893687707642,40.73948989408907
-60.29900332225913,41.297735649946524
-60.27906976744187,41.85302548411214
-60.25913621262458,42.404881881618294
-60.23920265780732,42.95283899203129
-60.21926910299003,43.49644372994226
-60.19933554817277,44.03525686167324
-60.179401993355484,44.568854079517514
-60.15946843853821,45.09682706466571
-60.139534883720934,45.61878453979138
-60.11960132890365,46.13435331208211
-60.099667774086384,46.643179307304926
-60.0797342192691,47.14492859528776
-60.059800664451835,47.63928840698334
-60.03986710963455,48.125968143054834
-60.019933554817285,48.60470037368506
-60.0,49.07524182906156
-59.98006644518272,49.53737437972542
-59.96013289036545,49.990906005693766
-59.94019933554817,50.43567175296993
-59.9202657807309,50.87153467574126
-59.90033222591362,51.298386762231516
-59.88039867109635,51.71614984181902
-59.86046511627907,52.12477647065419
-59.8405315614618,52.52425079260869
-59.82059800664452,52.91458937196124
-59.800664451827245,53.29584199377482
-59.780730897009974,53.66809242744258
-59.760797342192696,54.03145914838001
-59.74086378737542,54.386096012317005
-59.72093023255814,54.73219287610069
-59.70099667774087,55.06997615835875
-59.68106312292359,55.39970933280166
-59.66112956810632,55.72169334636366
-59.64119601328904,56.03626695380609
-59.62126245847176,56.34380695984233
-59.60132890365449,56.644728359300984
-59.58139534883721,56.939484365337805
-59.56146179401994,57.22856631525315
-59.54152823920266,57.512503443085016
-59.52159468438539,57.79186250785213
-59.501661129568106,58.06724726613483
-59.481727574750835,58.33929777762964
-59.461794019933556,58.60868953241981
-59.44186046511628,58.876132388995934
-59.42192691029901,59.14236931256228
-59.40199335548173,59.40817490390364
-59.38205980066446,59.67435371008621
-59.36212624584718,59.941738309547645
-59.34219269102991,60.211187165711856
-59.32225913621263,60.48358224515702
-59.30232558139535,60.759826398575186
-59.28239202657808,61.040840505286134
-59.2624584717608,61.32756038489354
-59.24252491694352,61.62093348277546
-59.222591362126245,61.921915339445256
-59.202657807308974,62.231465857357676
-59.182724252491695,62.55054538240318
-59.162790697674424,62.88011062105944
-59.142857142857146,63.22111041786541
-59.12292358803987,63.574481421456746
-59.102990033222596,63.9411436707455
-59.08305647840532,64.32199613584224
-59.06312292358805,64.71791225089206
-59.04318936877077,65.12973547803165
-59.0232558139535,65.55827494307835
-59.00332225913621,66.00430118425625
-58.98338870431894,66.46854205519003
-58.96345514950166,66.95167882251731
-58.943521594684384,67.45434249677282
-58.92358803986711,67.97711043269766
-58.903654485049834,68.52050323186984
-58.88372093023256,69.08498197660472
-58.863787375415285,69.6709458195358
-58.843853820598014,70.27872994826926
-58.823920265780735,70.90860393914586
-58.80398671096346,71.5607705085837
-58.784053156146186,72.2353646648632
-58.76411960132891,72.93245325769928
-58.74418604651163,73.65203491766377
-58.72425249169435,74.39404037260087
-58.70431893687708,75.15833312372854
-58.6843853820598,75.94471046022576
-58.66445182724253,76.75290478783731
-58.64451827242525,77.58258524441977
-58.62458471760797,78.43335957342624
-58.6046511627907,79.30477622507213
-58.584717607973424,80.19632665431674
-58.56478405315615,81.10744778479084
-58.544850498338874,82.03752460834035
-58.5249169435216,82.98589289087518
-58.50498338870432,83.95184195663359
-58.48504983388705,84.93461752472277
-58.46511627906977,85.93342457379431
-58.44518272425249,86.94743021288897
-58.42524916943522,87.9757665387673
-58.40531561461794,89.01753346236895
-58.38538205980067,90.07180148935979
-58.36544850498339,91.13761444198488
-58.34551495016612,92.21399211160883
-58.32558139534884,93.2999328333629
-58.30564784053157,94.39441597621011
-58.28571428571429,95.49640434346608
-58.265780730897006,96.6048464803719
-58.245847176079735,97.71867888669647
-58.22591362126246,98.83682813355595
-58.205980066445186,99.95821288467945
-58.18604651162791,101.08174582323085
-58.166112956810636,102.20633548602967
-58.14617940199336,103.3308880076063
-58.12624584717609,104.45430877699532
-58.10631229235881,105.57550401052539
-58.08637873754153,106.69338224411933
-58.06644518272426,107.8068557487855
-58.04651162790698,108.9148418730732
-58.02657807308971,110.01626431629417
-58.006644518272424,111.11005433628408
-57.98671096345515,112.19515189541063
-57.966777408637874,113.2705067484265
-57.9468438538206,114.33507947563335
-57.926910299003325,115.38784246466712
-57.906976744186046,116.42778084404365
-57.887043189368775,117.4538933714239
-57.8671096345515,118.4651932793686
-57.847176079734226,119.4607090811633
-57.82724252491695,120.4394853391048
-57.807308970099676,121.40058339745225
-57.7873754152824,122.34308208206419
-57.76744186046512,123.26607836856637
-57.74750830564784,124.16868802072639
-57.72757475083056,125.05004620055026
-57.70764119601329,125.90930805146398
-57.68770764119601,126.74564925580013
-57.66777408637874,127.55826656767678
-57.647840531561464,128.34637832223007
-57.62790697674419,129.10922492204813
-57.607973421926914,129.84606930154717
-57.58803986710964,130.5561973699338
-57.568106312292365,131.2389184333069
-57.548172757475086,131.89356559637494
-57.528239202657815,132.5194961441872
-57.50830564784053,133.11609190421518
-57.48837209302326,133.68275958905815
-57.46843853820598,134.2189311199972
-57.44850498338871,134.72406393157243
-57.42857142857143,135.1976412573193
-57.40863787375416,135.6391723967629
-57.38870431893688,136.0481929637384
-57.3687707641196,136.42426511607948
-57.34883720930233,136.7669777666938
-57.32890365448505,137.07594677602646
-57.30897009966778,137.35081512589696
-57.289036544850504,137.59125307468386
-57.269102990033225,137.79695829382132
-57.24916943521595,137.96765598556738
-57.229235880398676,138.1030989819982
-57.2093023255814,138.20306782518173
-57.18936877076412,138.2673708284862
-57.16943521594685,138.29584411897804
-57.14950166112957,138.28835166087137
-57.1295681063123,138.2447852599946
-57.10963455149502,138.1650645492473
-57.08970099667775,138.0491369550285
-57.06976744186047,137.89697764462764
-57.04983388704319,137.70858945457772
-57.02990033222592,137.48400279998376
-57.009966777408636,137.22327556484947
-56.990033222591364,136.92649297343857
-56.970099667774086,136.59376744272012
-56.950166112956815,136.2252384159607
-56.93023255813954,135.82107217754043
-56.910299003322265,135.38146164908375
-56.89036544850499,134.90662616701132
-56.87043189368771,134.39681124163377
-56.85049833887044,133.8522882979223
-56.83056478405316,133.2733543981088
-56.81063122923589,132.66033194627977
-56.79069767441861,132.0135683751468
-56.77076411960133,131.33343581519003
-56.75083056478405,130.6203307463858
-56.73089700996678,129.87467363274618
-56.7109634551495,129.09690853991162
-56.691029900332225,128.28750273605309
-56.671096345514954,127.44694627635529
-56.651162790697676,126.57575157136498
-56.631229235880404,125.67445293950487
-56.611295681063126,124.74360614406451
-56.591362126245855,123.78378791499503
-56.57142857142858,122.79559545584588
-56.5514950166113,121.77964593619518
-56.53156146179402,120.73657596993684
-56.51162790697674,119.66704107979841
-56.49169435215947,118.57171514847624
-56.47176079734219,117.45128985678261
-56.45182724252492,116.3064741092111
-56.43189368770764,115.13799344733468
-56.41196013289037,113.94658945145888
-56.39202657807309,112.73301913096098
-56.372093023255815,111.49805430375243
-56.35215946843854,110.24248096530711
-56.332225913621265,108.96709864770361
-56.312292358803994,107.67271976913402
-56.292358803986716,106.36016897433318
-56.27242524916944,105.0302824663856
-56.25249169435216,103.68390733036713
-56.23255813953489,102.32190084927721
-56.21262458471761,100.94512981271633
-56.19269102990033,99.55446981875846
-56.17275747508306,98.15080456946393
-56.15282392026578,96.73502516046926
-56.13289036544851,95.30802936508384
-56.11295681063123,93.87072091330943
-56.09302325581396,92.4240087661868
-56.07308970099668,90.96880638585702
-56.05315614617941,89.50603100170618
-56.033222591362126,88.03660287294146
-56.01328903654485,86.56144454792074
-55.993355481727576,85.08148012053091
-55.9734219269103,83.59763448387713
-55.95348837209303,82.11083258151058
-55.93355481727575,80.62199865638138
-55.91362126245848,79.13205549765874
-55.8936877076412,77.64192368551075
-55.87375415282393,76.15252083388093
-55.85382059800665,74.66476083123753
-55.83388704318937,73.17955307920461
-55.8139534883721,71.69780172891026
-55.79401993355482,70.22040491480637
-55.77408637873754,68.74825398562712
-55.754152823920265,67.28223273205762
-55.734219269102994,65.82321661058134
-55.714285714285715,64.37207196286444
-55.694352159468444,62.929655229916506
-55.674418604651166,61.49681216014178
-55.65448504983389,60.07437701026244
-55.634551495016616,58.66317173795664
-55.61461794019934,57.264005184912136
-55.59468438538207,55.87767224884907
-55.57475083056479,54.50495304292109
-55.55481727574752,53.146612040759514
-55.53488372093023,51.80339720529149
-55.51495016611296,50.47603909933824
-55.49501661129568,49.165249975898526
-55.475083056478404,47.87172284594534
-55.45514950166113,46.59613052152838
-55.435215946843854,45.33912463198796
-55.41528239202658,44.101334611165825
-55.395348837209305,42.88336665366023
-55.375415282392034,41.685802638439064
-55.355481727574755,40.50919901851624
-55.335548172757484,39.354085675943374
-55.315614617940206,38.22096474209588
-55.29568106312292,37.11030938417647
-55.27574750830565,36.02256256005117
-55.25581395348837,34.958135745010026
-55.2358803986711,33.91740763584238
-55.21594684385382,32.900722839768115
-55.19601328903655,31.908390558300887
-55.17607973421927,30.940683279059265
-55.156146179402,29.997835491896954
-55.13621262458472,29.080042449488918
-55.116279069767444,28.18745899666086
-55.09634551495017,27.320198497232962
-55.076411960132894,26.478331891882394
-55.05647840531562,25.661886925394178
-55.03654485049834,24.870847586505896
-55.01661129568107,24.105153808158054
-54.99667774086379,23.364701480093608
-54.97674418604652,22.64934282912376
-54.95681063122924,21.958887224678246
-54.93687707641196,21.293102468149993
-54.91694352159469,20.651716623685772
-54.89700996677741,20.034420445138316
-54.87707641196014,19.440870448588715
-54.85714285714286,18.870692671934094
-54.83720930232559,18.323487152353735
-54.81727574750831,17.79883313894586
-54.79734219269103,17.29629504149114
-54.777408637873755,16.815429097265184
-54.75747508305648,16.355790716284314
-54.737541528239205,15.916942441573447
-54.71760797342193,15.498462435262125
-54.697674418604656,15.099953373804983
-54.67774086378738,14.721051606619753
-54.657807308970106,14.361436402145605
-54.63787375415283,14.02083907396015
-54.61794019933555,13.699051747461693
-54.59800664451828,13.395935495258152
-54.578073089701,13.111427537772657
-54.55813953488373,12.845547176322253
-54.538205980066444,12.598400101651636
-54.51827242524917,12.370180705412006
-54.498338870431894,12.161172020515753
-54.47840531561462,11.971742935090015
-54.458471760797345,11.802342371157044
-54.438538205980066,11.653490200388752
-54.418604651162795,11.525764791005713
-54.39867109634552,11.419787244342134
-54.378737541528245,11.336202583343379
-54.35880398671097,11.275658387243912
-54.338870431893696,11.23878160721455
-54.31893687707642,11.226154519299453
-54.29900332225914,11.23829094105799
-54.27906976744186,11.275613925046212
-54.25913621262458,11.338436121014157
-54.23920265780731,11.426943858898325
-54.21926910299003,11.541185754329963
-54.19933554817276,11.681066304468162
-54.179401993355484,11.846344566354643
-54.15946843853821,12.036637641309483
-54.139534883720934,12.251428372835743
-54.119601328903656,12.490076436167554
-54.099667774086384,12.751831872184258
-54.079734219269106,13.035850096349037
-54.05980066445183,13.341207479333276
-54.03986710963455,13.666916725597082
-54.01993355481728,14.011941441887357
-54.0,14.37520946394585
-53.98006644518273,14.755624676657343
-53.96013289036545,15.152077207141245
-53.94019933554817,15.563451985160146
-53.9202657807309,15.988635749257794
-53.90033222591362,16.426522632516342
-53.88039867109635,16.876018493127624
-53.86046511627907,17.336044167335256
-53.8405315614618,17.805537820893402
-53.82059800664452,18.28345656457629
-53.800664451827245,18.768777483188956
-53.78073089700997,19.260498208813424
-53.76079734219269,19.75763714969818
-53.74086378737542,20.259233467602044
-53.72093023255814,20.76434687934145
-53.70099667774087,21.272057343174694
-53.68106312292359,21.781464677624292
-53.66112956810632,22.29168814935031
-53.64119601328904,22.801866057593937
-53.62126245847177,23.311155335310914
-53.60132890365449,23.81873118118311
-53.58139534883721,24.323786732012998
-53.561461794019934,24.825532781361098
-53.541528239202655,25.323197547495628
-53.521594684385384,25.81602649162353
-53.501661129568106,26.303282185825246
-53.481727574750835,26.78424422900663
-53.461794019933556,27.258209208415092
-53.441860465116285,27.724490703765397
-53.42192691029901,28.18241933072243
-53.40199335548173,28.631342820342574
-53.38205980066446,29.070626131043703
-53.36212624584718,29.49965158972496
-53.34219269102991,29.917819058768444
-53.32225913621263,30.3245461258055
-53.30232558139535,30.71926831330927
-53.28239202657807,31.101439305269277
-53.2624584717608,31.470531188407573
-53.24252491694352,31.82603470560265
-53.222591362126245,32.16745951939308
-53.202657807308974,32.4943344836357
-53.182724252491695,32.806207921590705
-53.162790697674424,33.10264790889773
-53.142857142857146,33.383242560092775
-53.122923588039875,33.64760031749486
-53.102990033222596,33.8953502414655
-53.083056478405325,34.12614230121208
-53.06312292358804,34.33964766547131
-53.04318936877076,34.53555899256946
-53.02325581395349,34.713590719515395
-53.00332225913621,34.873479349940176
-52.98338870431894,35.014983740855406
-52.96345514950166,35.1378853883619
-52.94352159468439,35.2419887126034
-52.92358803986711,35.32712134242687
-52.90365448504984,35.393134400384135
-52.88372093023256,35.439902788890706
-52.863787375415285,35.467325478547075
-52.843853820598014,35.47532579983016
-52.823920265780735,35.46385173957625
-52.80398671096346,35.43287624390757
-52.78405315614618,35.382397529501866
-52.76411960132891,35.312439405372366
-52.74418604651163,35.22305160761596
-52.72425249169436,35.114310149903595
-52.70431893687708,34.98631769283131
-52.6843853820598,34.83920393562646
-52.66445182724253,34.673126034114745
-52.64451827242525,34.48826904930243
-52.62458471760798,34.284846431418394
-52.6046511627907,34.06310054479536
-52.58471760797343,33.823303239551315
-52.564784053156146,33.5657564766628
-52.544850498338874,33.29079301370342
-52.524916943521596,32.998777159252136
-52.50498338870432,32.690105604755104
-52.48504983388705,32.365208343447186
-52.46511627906977,32.02454968679402
-52.4451827242525,31.668629389789167
-52.42524916943522,31.297983897310555
-52.40531561461795,30.91318772457276
-52.38538205980067,30.51485498546201
-52.36544850498339,30.103641083143998
-52.34551495016612,29.680244577705366
-52.325581395348834,29.245409245610016
-52.30564784053156,28.799926345268304
-52.285714285714285,28.344637101826116
-52.26578073089701,27.880435422119593
-52.245847176079735,27.408270847270867
-52.225913621262464,26.929151745192023
-52.205980066445186,26.444148737781568
-52.18604651162791,25.954398347179673
-52.166112956810636,25.461106831296522
-52.14617940199336,24.9655541600019
-52.12624584717609,24.46909805878965
-52.10631229235881,23.973178015235675
-52.08637873754154,23.47931910395941
-52.06644518272425,22.989135436992775
-52.04651162790698,22.504332987713898
-52.0265780730897,22.02671146773147
-52.006644518272424,21.558164858374926
-51.98671096345515,21.10068011458144
-51.966777408637874,20.65633347433803
-51.9468438538206,20.227283730174047
-51.926910299003325,19.81576176338126
-51.90697674418605,19.424055624087888
-51.887043189368775,19.054490482641654
-51.8671096345515,18.709402904130155
-51.847176079734226,18.391109131525383
-51.82724252491694,18.10186742057153
-51.80730897009967,17.843834953707706
-51.78737541528239,17.619020451113062
-51.76744186046512,17.429234245194472
-51.74750830564784,17.27603821017041
-51.72757475083057,17.160698435876125
-51.70764119601329,17.08414379179886
-51.68770764119601,17.046933448940948
-51.66777408637874,17.049235965510128
-51.647840531561464,17.09082171892699
-51.62790697674419,17.171069377865113
-51.607973421926914,17.288985910721777
-51.58803986710964,17.443238503587303
-51.56810631229236,17.632195876930403
-51.548172757475086,17.853975957017322
-51.52823920265781,18.10649671239858
-51.50830564784053,18.38752717197553
-51.48837209302326,18.69473611078359
-51.46843853820598,19.025736510045466
-51.44850498338871,19.378124559712724
-51.42857142857143,19.749512587431308
-51.40863787375416,20.1375558115159
-51.38870431893688,20.539973201648657
-51.36877076411961,20.95456298865927
-51.34883720930233,21.37921350897921
-51.328903654485046,21.81191012330858
-51.308970099667775,22.250738937645067
-51.2890365448505,22.693888000933132
-51.269102990033225,23.139646575899206
-51.24916943521595,23.586402992159705
-51.229235880398676,24.03264150305906
-51.2093023255814,24.47693848592199
-51.189368770764126,24.917958252737513
-51.16943521594685,25.354448676033925
-51.14950166112957,25.78523678288684
-51.1295681063123,26.209224427906715
-51.10963455149502,26.625384122570704
-51.08970099667774,27.032755072146838
-51.06976744186046,27.430439451471056
-51.04983388704319,27.817598935836738
-51.029900332225914,28.19345149224144
-51.00996677740864,28.557268428351993
-50.990033222591364,28.908371691091997
-50.970099667774086,29.24613140314928
-50.950166112956815,29.569963623487478
-50.93023255813954,29.879328316762596
-50.910299003322265,30.173727516111764
-50.89036544850499,30.45270366388044
-50.870431893687716,30.715838115321258
-50.85049833887044,30.962749791009003
-50.83056478405316,31.193093964579933
-50.81063122923588,31.40656117335265
-50.7906976744186,31.6028762403728
-50.77076411960133,31.781797397412948
-50.75083056478405,31.943115499425684
-50.73089700996678,32.08665332188061
-50.7109634551495,32.21226493330163
-50.69102990033223,32.31983513615744
-50.671096345514954,32.40927897004102
-50.65116279069768,32.48054127180586
-50.631229235880404,32.533596288005455
-50.611295681063126,32.56844733561499
-50.59136212624585,32.585126507598645
-50.57142857142857,32.58369442042909
-50.5514950166113,32.564240001167946
-50.53156146179402,32.52688031218163
-50.51162790697675,32.471760411997636
-50.49169435215947,32.399053251204144
-50.4717607973422,32.308959602662085
-50.45182724252492,32.20170802563415
-50.43189368770764,32.077554863738996
-50.41196013289037,31.9367842769105
-50.39202657807309,31.779708307777845
-50.37209302325582,31.60666698307984
-50.35215946843854,31.418028450879486
-50.332225913621265,31.214189154445698
-50.31229235880399,30.995574043708995
-50.292358803986716,30.76263682516299
-50.27242524916944,30.51586025096087
-50.25249169435216,30.25575644772349
-50.23255813953489,29.98286728521405
-50.21262458471761,29.697764784510774
-50.19269102990034,29.401051564595523
-50.17275747508306,29.09336132532782
-50.15282392026579,28.77535936354906
-50.13289036544851,28.447743117502462
-50.11295681063123,28.11124273280319
-50.093023255813954,27.766621640778528
-50.073089700996675,27.414677137045874
-50.053156146179404,27.05624094462549
-50.033222591362126,26.692179741611127
-50.013289036544855,26.323395628363933
-49.993355481727576,25.950826503279586
-49.973421926910305,25.57544630934927
-49.95348837209303,25.198265105968453
-49.93355481727575,24.82032891176502
-49.91362126245848,24.442719254715335
-49.8936877076412,24.06655235568328
-49.87375415282393,23.692977861074752
-49.85382059800664,23.32317703003399
-49.83388704318937,22.958360272207596
-49.81395348837209,22.599763924490702
-49.79401993355482,22.24864615052904
-49.77408637873754,21.90628184652414
-49.754152823920265,21.57395644274605
-49.734219269102994,21.25295850392386
-49.714285714285715,20.944571055187605
-49.694352159468444,20.650061595106347
-49.674418604651166,20.370670804735006
-49.654485049833895,20.107600021729453
-49.634551495016616,19.861997620558153
-49.61461794019934,19.634944521076353
-49.59468438538206,19.427439133839805
-49.57475083056478,19.240382135239898
-49.55481727574751,19.074561540952534
-49.53488372093023,18.93063860345016
-49.51495016611296,18.809135089614905
-49.49501661129568,18.710422490336896
-49.47508305647841,18.634713670626162
-49.45514950166113,18.582057385371588
-49.435215946843854,18.552335966237397
-49.41528239202658,18.545266337728698
-49.395348837209305,18.56040435743176
-49.375415282392034,18.59715231136373
-49.35548172757475,18.654769245030863
-49.33554817275748,18.732383687158393
-49.3156146179402,18.829008235537604
-49.29568106312293,18.943555427856946
-49.27574750830565,19.074854314739017
-49.25581395348837,19.221667183220866
-49.2358803986711,19.382705939181992
-49.21594684385382,19.556647737615652
-49.19601328903655,19.742149540707995
-49.17607973421927,19.937861376828014
-49.156146179402,20.14243816174625
-49.13621262458472,20.354550021693004
-49.11627906976745,20.572891123253694
-49.096345514950166,20.796187066386956
-49.07641196013289,21.023200934260426
-49.056478405315616,21.252738118340826
-49.03654485049834,21.483650051051637
-49.01661129568107,21.714836983382174
-48.99667774086379,21.94524994315847
-48.97674418604652,22.173892003169552
-48.95681063122924,22.399818978622527
-48.93687707641197,22.62213966182011
-48.91694352159469,22.840015689559255
-48.89700996677741,23.052661126313037
-48.87707641196014,23.259341834318064
-48.857142857142854,23.459374690595542
-48.83720930232558,23.652126700882636
-48.817275747508305,23.837014051531238
-48.79734219269103,24.013501132649235
-48.777408637873755,24.181099559070482
-48.757475083056484,24.339367210062985
-48.737541528239205,24.487907303922974
-48.71760797342193,24.62636751964791
-48.697674418604656,24.754439174628782
-48.67774086378738,24.871856464647387
-48.657807308970106,24.978395770312943
-48.63787375415283,25.07387503233654
-48.61794019933556,25.158153196644438
-48.59800664451827,25.231129729201218
-48.578073089701,25.29274419949108
-48.55813953488372,25.34297593083522
-48.538205980066444,25.381843715056917
-48.51827242524917,25.409405588401697
-48.498338870431894,25.425758665039016
-48.47840531561462,25.431039023877855
-48.458471760797345,25.42542164379188
-48.43853820598007,25.409120381636956
-48.418604651162795,25.38238798662866
-48.398671096345524,25.345516143700998
-48.378737541528245,25.298835537365203
-48.35880398671096,25.242715926303866
-48.33887043189369,25.177566217448934
-48.31893687707641,25.103834526583405
-48.29900332225914,25.02200821055981
-48.27906976744186,24.93261385403603
-48.25913621262459,24.836217191188858
-48.23920265780731,24.733422940189786
-48.21926910299004,24.624874525339816
-48.19933554817276,24.511253658705627
-48.179401993355484,24.393279749946124
-48.15946843853821,24.271709109860314
-48.139534883720934,24.14733391015678
-48.119601328903656,24.02098085920643
-48.09966777408638,23.89350955130442
-48.079734219269106,23.765810445486228
-48.05980066445183,23.638802429510957
-48.03986710963456,23.51342992557452
-48.01993355481728,23.390659497003007
-48.0,23.27147591996998
-47.98006644518273,23.156877691528
-47.96013289036545,23.0478719552452
-47.94019933554818,22.945468838697508
-47.9202657807309,22.850675213054657
-47.90033222591363,22.764487903891037
-47.88039867109635,22.687886403793673
-47.86046511627907,22.621825160696694
-47.840531561461795,22.567225540222307
-47.820598006644516,22.524967584443345
-47.800664451827245,22.49588171195328
-47.78073089700997,22.48074052332452
-47.760797342192696,22.480250890302685
-47.74086378737542,22.495046514878783
-47.720930232558146,22.525681144435165
-47.70099667774087,22.572622620648005
-47.68106312292359,22.6362479225009
-47.66112956810632,22.716839338044053
-47.64119601328904,22.81458186652868
-47.62126245847176,22.929561913992746
-47.60132890365448,23.061767303499533
-47.58139534883721,23.211088578546008
-47.561461794019934,23.377321537234007
-47.54152823920266,23.560170898006703
-47.521594684385384,23.759254967069065
-47.501661129568106,23.97411115443911
-47.481727574750835,24.2042021706739
-47.461794019933556,24.44892272977737
-47.441860465116285,24.707606585124264
-47.42192691029901,24.97953373344603
-47.401993355481736,25.2639376357046
-47.38205980066446,25.560012321542896
-47.36212624584718,25.86691926443054
-47.3421926910299,26.18379393620453
-47.32225913621262,26.5097519712047
-47.30232558139535,26.843894890632107
-47.28239202657807,27.185315356382283
-47.2624584717608,27.533101939948292
-47.24252491694352,27.886343405799817
-47.22259136212625,28.244132519866092
-47.202657807308974,28.6055694024702
-47.182724252491695,28.969764451475278
-47.162790697674424,29.33584086576764
-47.142857142857146,29.702936801815635
-47.12292358803987,30.070207197204905
-47.10299003322259,30.436825295055595
-47.08305647840532,30.801983902341203
-47.06312292358804,31.164896413590505
-47.04318936877077,31.52479762946644
-47.02325581395349,31.880944397446722
-47.00332225913621,32.23261609941663
-46.98338870431894,32.57911500853008
-46.96345514950166,32.919766535280296
-46.94352159468439,33.25391938040365
-46.92358803986711,33.580945610059146
-46.90365448504984,33.90024066670461
-46.883720930232556,34.2112233272443
-46.863787375415285,34.513335618352436
-46.84385382059801,34.806042697384335
-46.82392026578073,35.08883270596142
-46.80398671096346,35.36121660215144
-46.78405315614618,35.62272797614673
-46.76411960132891,35.87292285346098
-46.74418604651163,36.11137948890356
-46.72425249169436,36.33769815393955
-46.70431893687708,36.55150091948964
-46.68438538205981,36.75243143575568
-46.66445182724253,36.94015471026566
-46.64451827242525,37.11435688500428
-46.62458471760797,37.27474501322655
-46.604651162790695,37.42104683633026
-46.584717607973424,37.55301056098643
-46.564784053156146,37.67040463658435
-46.544850498338874,37.773017532937935
-46.524916943521596,37.860657518115644
-46.504983388704325,37.93315243619482
-46.48504983388705,37.9903494846983
-46.46511627906977,38.03211499144487
-46.4451827242525,38.058334190531404
-46.42524916943522,38.06891099716261
-46.40531561461795,38.06376778105236
-46.38538205980066,38.04284513813545
-46.36544850498339,38.00610166035103
-46.34551495016611,37.95351370328733
-46.32558139534884,37.88507515150937
-46.30564784053156,37.80079718142894
-46.285714285714285,37.700708021616386
-46.26578073089701,37.584852710498126
-46.245847176079735,37.453292851430405
-46.225913621262464,37.30610636519044
-46.205980066445186,37.14338723997841
-46.186046511627914,36.96524527908036
-46.166112956810636,36.771805846400476
-46.146179401993365,36.5632096101342
-46.12624584717608,36.33961228491992
-46.1063122923588,36.10118437287704
-46.08637873754153,35.84811090401389
-46.06644518272425,35.580591176569584
-46.04651162790698,35.298838497940636
-46.0265780730897,35.003079926937346
-46.00664451827243,34.69355601821731
-45.98671096345515,34.37052056985486
-45.96677740863788,34.03424037512819
-45.9468438538206,33.68499497974062
-45.926910299003325,33.32307644584241
-45.90697674418605,32.94878912438558
-45.88704318936877,32.56244943752922
-45.8671096345515,32.164385673021044
-45.84717607973422,31.75493779271247
-45.82724252491695,31.334457257628106
-45.80730897009967,30.903306872304736
-45.7873754152824,30.461860651450948
-45.76744186046512,30.01050371235657
-45.74750830564784,29.549632196912512
-45.72757475083057,29.079653227590743
-45.70764119601329,28.600984902292055
-45.68770764119602,28.11405633360437
-45.66777408637874,27.619307738739103
-45.647840531561464,27.117190587239666
-45.627906976744185,26.608167814498955
-45.607973421926914,26.092714110197587
-45.588039867109636,25.571316291998833
-45.56810631229236,25.044473776227786
-45.548172757475086,24.512699158840796
-45.52823920265781,23.976518921775245
-45.50830564784054,23.436474281776448
-45.48837209302326,22.893122201042353
-45.46843853820599,22.347036581513382
-45.44850498338871,21.798809667359787
-45.42857142857143,21.249053683158635
-45.40863787375416,20.69840273835221
-45.388704318936874,20.14751503174378
-45.3687707641196,19.59707539285167
-45.348837209302324,19.047798199653652
-45.32890365448505,18.50043071422019
-45.308970099667775,17.955756878380306
-45.289036544850504,17.414601610047125
-45.269102990033225,16.8778356359586
-45.24916943521595,16.346380886690447
-45.229235880398676,15.82121646258009
-45.2093023255814,15.303385151583717
-45.189368770764126,14.794000438038546
-45.16943521594685,14.294253879710483
-45.14950166112957,13.805422643179757
-45.12956810631229,13.328876867536065
-45.10963455149502,12.866086366411265
-45.08970099667774,12.418625972915525
-45.06976744186046,11.988178579633905
-45.04983388704319,11.576534633733804
-45.029900332225914,11.18558653776852
-45.00996677740864,10.817316125386974
-44.990033222591364,10.473773204435023
-44.97009966777409,10.157043199659151
-44.950166112956815,9.869202324023236
-44.93023255813954,9.612259605293964
-44.910299003322265,9.388086587830525
-44.89036544850498,9.198337587772237
-44.87043189368771,9.044365767281155
-44.85049833887043,8.927142531382247
-44.83056478405316,8.847189177674776
-44.81063122923588,8.804529690132938
-44.79069767441861,8.798671695289453
-44.77076411960133,8.828619054370677
-44.75083056478405,8.892915091042868
-44.73089700996678,8.989711153586184
-44.7109634551495,9.11685213485647
-44.69102990033223,9.271969337206327
-44.671096345514954,9.452571678357476
-44.651162790697676,9.656128190158725
-44.6312292358804,9.880137340140644
-44.611295681063126,10.122181236553848
-44.59136212624585,10.379964819367794
-44.57142857142857,10.65134151309387
-44.5514950166113,10.934327546454629
-44.53156146179402,11.227107365372335
-44.51162790697675,11.528032448853384
-44.49169435215947,11.835615534424372
-44.4717607973422,12.148521884707847
-44.45182724252492,12.465558852719901
-44.43189368770765,12.785664670337065
-44.41196013289037,13.107897108494113
-44.392026578073086,13.431422441018496
-44.372093023255815,13.755504980947075
-44.352159468438536,14.079497339928178
-44.332225913621265,14.402831478587931
-44.31229235880399,14.725010560054283
-44.292358803986716,15.045601583070969
-44.27242524916944,15.36422874963768
-44.252491694352166,15.680567510553308
-44.23255813953489,15.994339227400763
-44.21262458471761,16.30530638906627
-44.19269102990034,16.613268323181675
-44.17275747508306,16.91805734677186
-44.15282392026578,17.219535305103182
-44.1328903654485,17.51759045275232
-44.11295681063123,17.812134635918788
-44.093023255813954,18.10310073979148
-44.07308970099668,18.390440369236146
-44.053156146179404,18.67412173514307
-44.033222591362126,18.95412772244486
-44.013289036544855,19.230454119089043
-43.993355481727576,19.50310798814978
-43.973421926910305,19.772106167813302
-43.95348837209303,20.03747388620465
-43.933554817275756,20.2992434799687
-43.91362126245847,20.55745320720693
-43.8936877076412,20.812146146831566
-43.87375415282392,21.063369177654913
-43.85382059800664,21.31117203160925
-43.83388704318937,21.55560641641068
-43.81395348837209,21.7967252037583
-43.79401993355482,22.034581679814835
-43.77408637873754,22.269228855259527
-43.75415282392027,22.500718832653614
-43.734219269102994,22.72910222922253
-43.71428571428572,22.95442765344918
-43.694352159468444,23.176741234096742
-43.674418604651166,23.39608620044692
-43.65448504983389,23.612502512657105
-43.63455149501661,23.82602654121463
-43.61461794019934,24.036690794503944
-43.59468438538206,24.24452369350925
-43.57475083056479,24.44954939265544
-43.55481727574751,24.65178764574955
-43.53488372093024,24.85125371592646
-43.51495016611296,25.04795832843178
-43.49501661129568,25.241907664993764
-43.47508305647841,25.43310339844926
-43.45514950166113,25.621542766197457
-43.43521594684386,25.80721868096449
-43.415282392026576,25.990119877270832
-43.395348837209305,26.170231091907315
-43.37541528239203,26.347533276643034
-43.355481727574755,26.52200384131294
-43.33554817275748,26.69361692536462
-43.3156146179402,26.86234369588319
-43.29568106312293,27.028152670062116
-43.27574750830565,27.19101006004469
-43.25581395348838,27.350880138027808
-43.2358803986711,27.507725619495044
-43.21594684385383,27.66150806242995
-43.19601328903655,27.81218828035349
-43.17607973421927,27.959726767029334
-43.15614617940199,28.104084130688115
-43.136212624584715,28.245221535635675
-43.116279069767444,28.383101149129192
-43.096345514950166,28.51768659142922
-43.076411960132894,28.64894338696367
-43.056478405315616,28.776839414570208
-43.036544850498345,28.901345354817085
-43.01661129568107,29.022435132436723
-42.99667774086379,29.140086351941495
-42.97674418604652,29.254280724526648
-42.95681063122924,29.365004484399694
-42.93687707641197,29.47224879270903
-42.91694352159468,29.576010127277126
-42.89700996677741,29.676290656373098
-42.87707641196013,29.773098594788358
-42.85714285714286,29.86644854050458
-42.83720930232558,29.956361790268005
-42.817275747508305,30.042866632405627
-42.79734219269103,30.125998615240402
-42.777408637873755,30.205800789481756
-42.757475083056484,30.282323922987302
-42.737541528239205,30.355626686311545
-42.717607973421934,30.42577580747793
-42.697674418604656,30.492846194434318
-42.67774086378738,30.556921023678516
-42.6578073089701,30.61809179357233
-42.63787375415282,30.67645834090082
-42.61794019933555,30.732128819279158
-42.59800664451827,30.785219638065566
-42.578073089701,30.835855360505818
-42.55813953488372,30.884168559915278
-42.53820598006645,30.930299632800605
-42.51827242524917,30.97439656793567
-42.498338870431894,31.01661467053856
-42.47840531561462,31.05711624084931
-42.458471760797345,31.096070206582816
-42.43853820598007,31.13365170893078
-42.41860465116279,31.170041642010183
-42.39867109634552,31.205426145905736
-42.37873754152824,31.23999605372981
-42.35880398671097,31.27394629342495
-42.33887043189369,31.307475245362177
-42.31893687707641,31.34078405713935
-42.29900332225914,31.374075917357924
-42.27906976744186,31.407555290549226
-42.25913621262459,31.44142711583065
-42.23920265780731,31.475895972292015
-42.21926910299004,31.51116521453969
-42.19933554817276,31.54743608225241
-42.179401993355484,31.58490678802397
-42.159468438538205,31.62377158817487
-42.13953488372093,31.664219841600858
-42.119601328903656,31.70643506208232
-42.09966777408638,31.75059396979697
-42.079734219269106,31.796865548050178
-42.05980066445183,31.845410111455347
-42.03986710963456,31.896378391952762
-42.01993355481728,31.949910649143163
-42.00000000000001,32.006135811425736
-41.98006644518273,32.06517065436563
-41.96013289036545,32.127119022569254
-41.94019933554818,32.19207110111677
-41.920265780730894,32.260102742289654
-41.90033222591362,32.33127485294014
-41.880398671096344,32.40563284738236
-41.86046511627907,32.483206170149245
-41.840531561461795,32.56400789236142
-41.82059800664452,32.64803438480455
-41.800664451827245,32.73526507012072
-41.78073089700997,32.82566225579861
-41.760797342192696,32.919171048909476
-41.74086378737542,33.01571935279371
-41.720930232558146,33.115217945169334
-41.70099667774087,33.21756063642057
-41.68106312292359,33.32262450614491
-41.66112956810631,33.430270215399794
-41.64119601328904,33.54034239150615
-41.62126245847176,33.65267008174194
-41.60132890365448,33.767067271802354
-41.58139534883721,33.88333346451774
-41.561461794019934,34.00125431400843
-41.54152823920266,34.12060231022001
-41.521594684385384,34.24113750861955
-41.50166112956811,34.36260829974441
-41.481727574750835,34.48475221327334
-41.46179401993356,34.60729675133325
-41.44186046511628,34.729960245855814
-41.421926910299,34.85245273495206
-41.40199335548173,34.97447685347179
-41.38205980066445,35.0957287331524
-41.36212624584718,35.215898908029764
-41.3421926910299,35.33467322107755
-41.32225913621263,35.45173372835101
-41.30232558139535,35.56675959723416
-41.28239202657808,35.679427995716104
-41.2624584717608,35.78941496995006
-41.24252491694352,35.896396307672504
-41.22259136212625,36.000048385374726
-41.202657807308974,36.10004899742273
-41.182724252491695,36.1960781656114
-41.16279069767442,36.28781892791129
-41.142857142857146,36.37495810542239
-41.12292358803987,36.45718704678526
-41.102990033222596,36.53420234951771
-41.08305647840532,36.60570655794238
-41.06312292358804,36.671408837549606
-41.04318936877077,36.73102562579919
-41.02325581395349,36.78428125950721
-41.00332225913622,36.830908579087556
-40.98338870431894,36.87064951002756
-40.96345514950167,36.90325562206987
-40.943521594684384,36.92848866665322
-40.92358803986711,36.9461210932317
-40.903654485049834,36.95593654514867
-40.883720930232556,36.95773033578686
-40.863787375415285,36.951309905753746
-40.84385382059801,36.9364952618895
-40.823920265780735,36.91311939890744
-40.80398671096346,36.881028704492294
-40.784053156146186,36.84008334869184
-40.76411960132891,36.79015765844387
-40.74418604651163,36.73114047808109
-40.72425249169436,36.662935516655
-40.70431893687708,36.585461682913696
-40.6843853820598,36.498653408759864
-40.66445182724252,36.402460962002515
-40.64451827242525,36.29685074920043
-40.62458471760797,36.181805609375814
-40.6046511627907,36.057325099352695
-40.584717607973424,35.923425771446034
-40.564784053156146,35.780141444193
-40.544850498338874,35.62752346677677
-40.524916943521596,35.46564097774362
-40.504983388704325,35.29458115855499
-40.48504983388705,35.11444948244556
-40.465116279069775,34.925369958973704
-40.44518272425249,34.72748537455001
-40.42524916943522,34.5209575291091
-40.40531561461794,34.30596746894777
-40.38538205980066,34.082715715583014
-40.36544850498339,33.8514224902839
-40.34551495016611,33.61232793369622
-40.32558139534884,33.36569231970294
-40.30564784053156,33.111796262341066
-40.28571428571429,32.85094091422042
-40.26578073089701,32.583448154454736
-40.245847176079735,32.309660763613756
-40.225913621262464,32.0299425826287
-40.205980066445186,31.744678651925216
-40.18604651162791,31.45427532631006
-40.16611295681063,31.159160360293566
-40.14617940199336,30.859782957583178
-40.12624584717608,30.556613777429575
-40.10631229235881,30.250144889343986
-40.08637873754153,29.940889666434234
-40.06644518272425,29.629382606233236
-40.04651162790698,29.316179066428212
-40.0265780730897,29.0018549013605
-40.00664451827243,28.68700598358096
-39.98671096345515,28.37224759315505
-39.96677740863788,28.058213655863835
-39.946843853820596,27.74555581001089
-39.926910299003325,27.434942280302717
-39.906976744186046,27.12705653632407
-39.88704318936877,26.822595712599252
-39.8671096345515,26.522268767255774
-39.84717607973422,26.22679435704152
-39.82724252491695,25.9368984080592
-39.80730897009967,25.653311364243137
-39.7873754152824,25.376765099482448
-39.76744186046512,25.107989484540205
-39.74750830564785,24.847708606647995
-39.72757475083057,24.59663664792994
-39.707641196013284,24.355473438620184
-39.68770764119601,24.12489971227305
-39.667774086378735,23.905572102602026
-39.647840531561464,23.698117934866094
-39.627906976744185,23.503129878355516
-39.607973421926914,23.3211605398855
-39.588039867109636,23.152717090542048
-39.568106312292365,22.99825602841699
-39.548172757475086,22.858178187869147
-39.52823920265781,22.732824110146126
-39.50830564784054,22.622469890302614
-39.48837209302326,22.527323610758064
-39.46843853820599,22.44752246231685
-39.4485049833887,22.383130639115414
-39.42857142857143,22.33413807519809
-39.40863787375415,22.300460068031423
-39.38870431893688,22.281937809316485
-39.3687707641196,22.27833981724116
-39.348837209302324,22.289364238234032
-39.32890365448505,22.314641961741774
-39.308970099667775,22.353740469832108
-39.289036544850504,22.406168325578907
-39.269102990033225,22.47138019096335
-39.249169435215954,22.54878225682657
-39.229235880398676,22.637737964279424
-39.2093023255814,22.737573898633396
-39.18936877076412,22.847585742809603
-39.16943521594684,22.96704418656238
-39.14950166112957,23.095200699855784
-39.12956810631229,23.23129309245709
-39.10963455149502,23.374550796399475
-39.08970099667774,23.524199822641158
-39.06976744186047,23.67946735736553
-39.04983388704319,23.83958597642307
-39.02990033222592,24.003797468059513
-39.00996677740864,24.171356264094197
-38.990033222591364,24.341532488017656
-38.97009966777409,24.51361463508265
-38.95016611295681,24.686911904455762
-38.93023255813954,24.860756207022504
-38.91029900332226,25.034503874673153
-38.89036544850499,25.207537098032144
-38.87043189368771,25.379265119824254
-38.85049833887044,25.549125210580836
-38.83056478405316,25.71658345234919
-38.81063122923588,25.881135354626423
-38.79069767441861,26.042306325025542
-38.77076411960133,26.199652015301304
-38.75083056478406,26.352758561403174
-38.73089700996678,26.50124273424973
-38.7109634551495,26.644752015982423
-38.691029900332225,26.7829646145949
-38.671096345514954,26.915589428068902
-38.651162790697676,27.042365967495673
-38.6312292358804,27.16306424712908
-38.611295681063126,27.27748464790386
-38.59136212624585,27.385457759657257
-38.57142857142858,27.486844206106934
-38.5514950166113,27.581534455555893
-38.53156146179403,27.669448619303463
-38.51162790697675,27.750536238832872
-38.49169435215947,27.824776062007622
-38.47176079734219,27.892175807731437
-38.451827242524914,27.952771917800572
-38.43189368770764,28.006629293993466
-38.411960132890364,28.053841017794003
-38.39202657807309,28.094528049524204
-38.372093023255815,28.128838903065677
-38.35215946843854,28.156949291773014
-38.332225913621265,28.179061740625517
-38.31229235880399,28.19540515912594
-38.292358803986716,28.206234368940258
-38.27242524916944,28.211829579784656
-38.252491694352166,28.21249580661262
-38.23255813953489,28.20856222074678
-38.21262458471761,28.200381427249003
-38.19269102990033,28.188328660543807
-38.17275747508306,28.172800890122748
-38.15282392026578,28.15421582808152
-38.1328903654485,28.133010830300364
-38.11295681063123,28.109641683297074
-38.093023255813954,28.08458126918625
-38.07308970099668,28.058318101796427
-38.053156146179404,28.031354727852897
-38.03322259136213,28.00420598825425
-38.013289036544855,27.977397135875023
-37.993355481727576,27.95146180803018
-37.9734219269103,27.926939853748966
-37.95348837209302,27.904375018322998
-37.93355481727575,27.88431249020473
-37.91362126245847,27.867296318209824
-37.8936877076412,27.853866710080524
-37.87375415282392,27.844557226737233
-37.85382059800665,27.839891889909367
-37.83388704318937,27.840382224202855
-37.81395348837209,27.846524257925427
-37.79401993355482,27.858795510037005
-37.77408637873754,27.87765199329505
-37.75415282392027,27.903525265900736
-37.734219269102994,27.93681956559619
-37.714285714285715,27.97790906110841
-37.69435215946844,28.027135255986092
-37.674418604651166,28.08480457916714
-37.65448504983389,28.151186195008304
-37.63455149501661,28.226510063005772
-37.61461794019934,28.310965274073624
-37.59468438538206,28.404698686103192
-37.57475083056479,28.50781387671493
-37.55481727574751,28.620370425780354
-37.53488372093024,28.742383534607168
-37.51495016611296,28.873823982833358
-37.49501661129569,29.0146184182599
-37.475083056478404,29.164649969258516
-37.455149501661126,29.323759164197458
-37.435215946843854,29.49174513768922
-37.415282392026576,29.66836709950667
-37.395348837209305,29.85334603882683
-37.37541528239203,30.04636663410178
-37.355481727574755,30.24707933733929
-37.33554817275748,30.455102600885187
-37.315614617940206,30.670025214887477
-37.29568106312293,30.89140872441466
-37.27574750830565,31.118789896605374
-37.25581395348838,31.351683210138205
-37.23588039867109,31.589583341617576
-37.21594684385382,31.83196762606268
-37.19601328903654,32.07829847145421
-37.17607973421927,32.32802571013954
-37.15614617940199,32.580588872734616
-37.13621262458472,32.83541937291577
-37.116279069767444,33.091942594108424
-37.096345514950166,33.34957987150539
-37.076411960132894,33.607750365055615
-37.056478405315616,33.8658728210318
-37.036544850498345,34.123367221506626
-37.01661129568107,34.37965632253999
-36.996677740863795,34.63416708311183
-36.97674418604651,34.88633198783993
-36.95681063122924,35.13559026731561
-36.93687707641196,35.38138902049251
-36.91694352159468,35.623184243996036
-36.89700996677741,35.86044177350286
-36.87707641196013,36.09263814249598
-36.85714285714286,36.319261363746655
-36.83720930232558,36.53981163883342
-36.81727574750831,36.75380200089429
-36.79734219269103,36.96075889563861
-36.77740863787376,37.16022270543228
-36.757475083056484,37.35174822102738
-36.7375415282392,37.534905065243485
-36.71760797342193,37.709278072632536
-36.69767441860465,37.87446762887913
-36.67774086378738,38.030089973408295
-36.6578073089701,38.175777468399744
-36.63787375415283,38.311178837142194
-36.61794019933555,38.43595937440896
-36.59800664451828,38.54980113129626
-36.578073089701,38.65240307674179
-36.55813953488372,38.74348123773221
-36.53820598006645,38.8227688200159
-36.51827242524917,38.8900163109613
-36.4983388704319,38.94499156604016
-36.478405315614616,38.98747988027106
-36.458471760797345,39.01728404582824
-36.438538205980066,39.03422439690534
-36.418604651162795,39.0381388428219
-36.39867109634552,39.028882890271625
-36.37873754152824,39.006329655533825
-36.35880398671097,38.97036986740504
-36.33887043189369,38.920911861551446
-36.31893687707642,38.85788156693915
-36.29900332225914,38.78122248496232
-36.27906976744187,38.69089566186293
-36.25913621262459,38.58687965501637
-36.23920265780731,38.46917049364572
-36.21926910299003,38.337781634522976
-36.199335548172755,38.19274391321782
-36.179401993355484,38.034105491462675
-36.159468438538205,37.861931801217445
-36.139534883720934,37.67630548603668
-36.119601328903656,37.477326340367604
-36.099667774086384,37.26511124743706
-36.079734219269106,37.03979411642086
-36.05980066445183,36.80152581962774
-36.03986710963456,36.550474130474335
-36.01993355481728,36.2868236630747
-36.00000000000001,36.01077581431881
-35.98006644518272,35.722548709369285
-35.96013289036545,35.42237715156139
-35.94019933554817,35.110512577751145
-35.9202657807309,34.787223020215656
-35.90033222591362,34.45279307627024
-35.880398671096344,34.107523886825646
-35.86046511627907,33.75173312516528
-35.840531561461795,33.385754997273324
-35.82059800664452,33.00994025508892
-35.800664451827245,32.62465622409478
-35.780730897009974,32.2302868466673
-35.760797342192696,31.827232742614292
-35.74086378737542,31.415911288299625
-35.72093023255814,30.99675671569345
-35.70099667774086,30.570220232584294
-35.68106312292359,30.136770165031784
-35.66112956810631,29.69689212291412
-35.64119601328904,29.251089189115575
-35.62126245847176,28.799882132485717
-35.60132890365449,28.343809644161574
-35.58139534883721,27.883428596147024
-35.561461794019934,27.419314320158545
-35.54152823920266,26.952060903634752
-35.521594684385384,26.482281498424392
-35.501661129568106,26.010608635965117
-35.48172757475083,25.537694540686417
-35.461794019933556,25.064211430855767
-35.44186046511628,24.59085179307176
-35.42192691029901,24.118328613027575
-35.40199335548173,23.647375540959953
-35.38205980066445,23.178746965309013
-35.36212624584718,22.713217962507038
-35.3421926910299,22.251584084481365
-35.32225913621263,21.79466093843409
-35.30232558139535,21.34328350584903
-35.28239202657808,20.898305139660074
-35.2624584717608,20.460596170397135
-35.24252491694352,20.031042044352304
-35.222591362126245,19.6105409100053
-35.20265780730897,19.20000056394108
-35.182724252491695,18.800334665334297
-35.16279069767442,18.412458130032604
-35.142857142857146,18.0372816227955
-35.12292358803987,17.675705080894506
-35.102990033222596,17.328610225577034
-35.08305647840532,16.996852051127913
-35.06312292358805,16.681249325204796
-35.04318936877077,16.38257418871381
-35.02325581395349,16.101541007481917
-35.00332225913621,15.838794698628508
-34.98338870431893,15.594898827416795
-34.96345514950166,15.370323839399763
-34.943521594684384,15.16543585047759
-34.92358803986711,14.98048645604253
-34.903654485049834,14.815604032103192
-34.88372093023256,14.67078698021893
-34.863787375415285,14.54589931124083
-34.84385382059801,14.44066887119964
-34.823920265780735,14.354688391566725
-34.80398671096346,14.287419405040616
-34.784053156146186,14.238198919540014
-34.76411960132891,14.20624860113011
-34.74418604651163,14.19068609441692
-34.72425249169435,14.190538017162293
-34.70431893687708,14.204754111132637
-34.6843853820598,14.23222201545327
-34.66445182724252,14.271782149457492
-34.64451827242525,14.322242243042869
-34.62458471760797,14.382391125441288
-34.6046511627907,14.451011468802804
-34.584717607973424,14.526891272275897
-34.56478405315615,14.60883395793435
-34.544850498338874,14.69566702648527
-34.5249169435216,14.786249284798542
-34.50498338870432,14.879476707427324
-34.48504983388704,14.974287030487787
-34.46511627906977,15.069663199681537
-34.44518272425249,15.16463580669297
-34.42524916943522,15.258284651798112
-34.40531561461794,15.349739567422455
-34.38538205980067,15.43818062955821
-34.36544850498339,15.522837873095066
-34.34551495016612,15.602990614613429
-34.32558139534884,15.67796647309494
-34.30564784053156,15.74714016609317
-34.28571428571429,15.809932146699527
-34.265780730897006,15.865807135459537
-34.245847176079735,15.91427259141188
-34.22591362126246,15.954877157694929
-34.205980066445186,15.9872091096722
-34.18604651162791,16.010894827198584
-34.166112956810636,16.025597307383194
-34.14617940199336,16.031014729888057
-34.12624584717608,16.026879083316278
-34.10631229235881,16.01295485847595
-34.08637873754153,15.989037812149634
-34.06644518272426,15.954953803360146
-34.04651162790698,15.910557702916414
-34.02657807308971,15.85573237617801
-34.006644518272424,15.790387738431976
-33.98671096345515,15.714459881981616
-33.966777408637874,15.627910273963465
-33.946843853820596,15.530725024004362
-33.926910299003325,15.422914221081651
-33.906976744186046,15.304511339340316
-33.887043189368775,15.175572713139895
-33.8671096345515,15.036177082249678
-33.847176079734226,14.886425208882498
-33.82724252491695,14.72643956916492
-33.80730897009967,14.55636412269719
-33.7873754152824,14.376364165079387
-33.76744186046511,14.186626269697156
-33.74750830564784,13.987358326703648
-33.72757475083056,13.7787896890457
-33.70764119601329,13.561171437610776
-33.68770764119601,13.33477678017806
-33.66777408637874,13.099901601913514
-33.647840531561464,12.85686518873822
-33.627906976744185,12.60601114911984
-33.607973421926914,12.347708564798463
-33.588039867109636,12.082353406781575
-33.568106312292365,11.81037025975825
-33.548172757475086,11.532214406015077
-33.528239202657815,11.248374329095217
-33.50830564784053,10.959374707887163
-33.48837209302326,10.665779983526019
-33.46843853820598,10.368198594229105
-33.4485049833887,10.06728798646026
-33.42857142857143,9.763760523625246
-33.40863787375415,9.458390424053178
-33.38870431893688,9.152021865296202
-33.3687707641196,8.845578386881247
-33.34883720930233,8.54007370088337
-33.32890365448505,8.236623967359469
-33.308970099667775,7.936461492556025
-33.289036544850504,7.640949637510877
-33.26910299003322,7.351598450508556
-33.24916943521595,7.070080118323331
-33.22923588039867,6.798242724655342
-33.2093023255814,6.538119975785849
-33.18936877076412,6.29193350626723
-33.16943521594685,6.062083198479709
-33.14950166112957,5.851119877963998
-33.12956810631229,5.661694243476712
-33.10963455149502,5.496476664691108
-33.08970099667774,5.358045363906915
-33.06976744186047,5.2487460733314055
-33.04983388704319,5.170534224220116
-33.029900332225914,5.124819271676993
-33.009966777408636,5.112336582564055
-32.990033222591364,5.133071819527269
-32.970099667774086,5.186254259677506
-32.95016611295681,5.270420972067534
-32.93023255813954,5.383538463441013
-32.91029900332226,5.523157979487063
-32.89036544850499,5.68657814620606
-32.87043189368771,5.870993244655087
-32.85049833887044,6.07361377996039
-32.83056478405316,6.29175452154502
-32.81063122923589,6.522891569776635
-32.79069767441861,6.7646935846776435
-32.770764119601324,7.0150335299873126
-32.75083056478405,7.27198698191648
-32.730897009966775,7.533822009955362
-32.7109634551495,7.798984398915493
-32.691029900332225,8.066080843693081
-32.671096345514954,8.33386183087455
-32.651162790697676,8.601205241469273
-32.631229235880404,8.867101236156126
-32.611295681063126,9.130638672896222
-32.59136212624585,9.390993112408461
-32.57142857142858,9.647416353402729
-32.5514950166113,9.8992273791472
-32.53156146179402,10.145804570368457
-32.51162790697674,10.386579033316373
-32.49169435215947,10.621028897297078
-32.47176079734219,10.848674447487864
-32.45182724252492,11.06907397295035
-32.43189368770764,11.281820224409246
-32.411960132890364,11.486537390425488
-32.39202657807309,11.682878513485667
-32.372093023255815,11.870523279017451
-32.35215946843854,12.049176120383352
-32.332225913621265,12.2185645915707
-32.312292358803994,12.378437966706779
-32.292358803986716,12.52856603182689
-32.27242524916944,12.66873803965448
-32.25249169435216,12.798761802653546
-32.23255813953488,12.918462903406905
-32.21262458471761,13.027684004569885
-32.19269102990033,13.12628424334096
-32.17275747508306,13.214138697660182
-32.15282392026578,13.29113791326138
-32.13289036544851,13.357187482322534
-32.11295681063123,13.412207665829635
-32.09302325581396,13.456133052932477
-32.07308970099668,13.48891225156136
-32.053156146179404,13.510507605419132
-32.033222591362126,13.520894933187938
-32.01328903654485,13.52006328641418
-31.993355481727576,13.508014723075656
-31.973421926910298,13.484764094305762
-31.953488372093023,13.450338842163326
-31.93355481727575,13.404778806703895
-31.913621262458474,13.348136040937579
-31.8936877076412,13.280474632558855
-31.873754152823924,13.20187053161212
-31.85382059800665,13.112411383519591
-31.83388704318937,13.012196367153427
-31.813953488372096,12.901336037886624
-31.79401993355482,12.779952175815831
-31.77408637873754,12.64817763962019
-31.754152823920265,12.506156226812447
-31.73421926910299,12.354042541461714
-31.714285714285715,12.192001870832904
-31.69435215946844,12.020210072809789
-31.674418604651166,11.838853476465184
-31.654485049833887,11.648128798733554
-31.634551495016613,11.448243080857633
-31.614617940199338,11.239413649156118
-31.594684385382063,11.021868105741277
-31.57475083056479,10.795844356163567
-31.554817275747514,10.561590682655398
-31.53488372093023,10.319365873793505
-31.514950166112957,10.069439424141352
-31.495016611295682,9.812091820960234
-31.475083056478404,9.547614939649987
-31.45514950166113,9.276312575552762
-31.435215946843854,8.998501147616736
-31.41528239202658,8.7145106198534
-31.395348837209305,8.424685700491864
-31.37541528239203,8.129387397594297
-31.355481727574755,7.828995035592577
-31.33554817275748,7.523908872542349
-31.315614617940206,7.214553506954503
-31.29568106312292,6.901382331869152
-31.275747508305646,6.5848833913029985
-31.25581395348837,6.265587133677061
-31.235880398671096,5.944076758418684
-31.21594684385382,5.621002146043617
-31.196013289036546,5.297098794680829
-31.17607973421927,4.973213826368342
-31.156146179401997,4.650342076411679
-31.136212624584722,4.329676681951804
-31.116279069767444,4.012680622257756
-31.09634551495017,3.701188496308955
-31.076411960132894,3.397551384098238
-31.05647840531562,3.1048409627855045
-31.036544850498338,2.827128483752816
-31.016611295681063,2.5698392168217583
-30.996677740863788,2.340128646474481
-30.976744186046513,2.147090213316347
-30.95681063122924,2.0013644477228856
-30.93687707641196,1.9135434794713009
-30.916943521594686,1.891212078403286
-30.89700996677741,1.935912859910743
-30.877076411960136,2.0423423882913543
-30.85714285714286,2.200521104290627
-30.837209302325586,2.399100423131386
-30.81727574750831,2.6277410145351947
-30.79734219269103,2.8780535075263156
-30.777408637873755,3.143610664078278
-30.757475083056477,3.4195995933169554
-30.737541528239202,3.702425132879868
-30.717607973421927,3.9893768132845344
-30.697674418604652,4.278378780627816
-30.677740863787378,4.567810668088646
-30.657807308970103,4.856381605535886
-30.637873754152828,5.1430419268723035
-30.61794019933555,5.426921046445301
-30.598006644518275,5.707283395362478
-30.578073089701,5.983496852228206
-30.558139534883725,6.255009878248085
-30.538205980066444,6.521334773114049
-30.51827242524917,6.782035280238774
-30.498338870431894,7.036717316459051
-30.47840531561462,7.285021970874342
-30.458471760797345,7.526620169243282
-30.438538205980066,7.761208573436781
-30.41860465116279,7.988506405612251
-30.398671096345517,8.208252971059594
-30.378737541528242,8.420205713397896
-30.358803986710967,8.624138678556731
-30.338870431893692,8.81984129488466
-30.318936877076418,9.00711739928583
-30.299003322259136,9.185784455902262
-30.27906976744186,9.355672926207298
-30.259136212624583,9.516625758630298
-30.239202657807308,9.668497972824902
-30.219269102990033,9.811156319017515
-30.19933554817276,9.944478996957507
-30.179401993355484,10.068355422146546
-30.15946843853821,10.182686029480028
-30.139534883720934,10.2873821063565
-30.11960132890366,10.382365648826456
-30.099667774086384,10.467569235553736
-30.079734219269106,10.5429359153217
-30.059800664451824,10.608419104585344
-30.03986710963455,10.66398249219175
-30.019933554817275,10.709599948894658
-30.0,10.745255439700392
-29.980066445182725,10.770942937419386
-29.96013289036545,10.786666336076234
-29.940199335548176,10.79243936306176
-29.9202657807309,10.78828548910385
-29.900332225913623,10.774237835295438
-29.880398671096348,10.750339076555132
-29.86046511627907,10.716641341012728
-29.840531561461795,10.673206104911937
-29.82059800664452,10.620104082709581
-29.800664451827245,10.557415112126726
-29.78073089700997,10.485228033974769
-29.760797342192696,10.403640566640323
-29.740863787375417,10.312759175168699
-29.72093023255814,10.212698934938008
-29.700996677740864,10.10358338996612
-29.68106312292359,9.985544405942061
-29.661129568106315,9.858722018123558
-29.64119601328904,9.723264274294923
-29.62126245847176,9.579327073035808
-29.601328903654487,9.427073997614366
-29.581395348837212,9.266676145889837
-29.561461794019934,9.098311956693776
-29.54152823920266,8.92216703325956
-29.521594684385384,8.738433964392735
-29.501661129568106,8.547312144227377
-29.48172757475083,8.349007591606135
-29.461794019933556,8.143732770367635
-29.44186046511628,7.931706412143742
-29.421926910299007,7.713153343686381
-29.40199335548173,7.488304321296979
-29.382059800664454,7.257395875672824
-29.362126245847175,7.02067017148985
-29.3421926910299,6.778374887420354
-29.322259136212626,6.530763124199452
-29.30232558139535,6.278093351049603
-29.282392026578076,6.020629404618563
-29.2624584717608,5.7586405601570245
-29.242524916943523,5.492401702861879
-29.222591362126245,5.222193639593672
-29.20265780730897,4.948303609929688
-29.182724252491695,4.671026084752585
-29.16279069767442,4.390663987226875
-29.142857142857146,4.1075305473859505
-29.122923588039868,3.8219521301963213
-29.102990033222593,3.5342726007274763
-29.083056478405318,3.244860193635179
-29.063122923588043,2.954118612750687
-29.043189368770765,2.6625055816802563
-29.02325581395349,2.3705651795488216
-29.003322259136212,2.078987209216893
-28.983388704318937,1.7887234080837533
-28.963455149501662,1.5012337418504973
-28.943521594684388,1.2190627315501603
-28.923588039867113,0.9473626862974401
-28.903654485049838,0.6984990358819125
-28.88372093023256,0.5066611343951444
-28.86378737541528,0.45013231157380257
-28.843853820598007,0.5689398708460339
-28.823920265780732,0.7857037539314865
-28.803986710963457,1.039377118882655
-28.784053156146182,1.3072002257780972
-28.764119601328908,1.5805989653025072
-28.74418604651163,1.8557614753417164
-28.724252491694354,2.1306984921911596
-28.70431893687708,2.4042196750936506
-28.6843853820598,2.6755262782963873
-28.664451827242527,2.944029692283434
-28.644518272425252,3.20926290303427
-28.624584717607974,3.4708340057554006
-28.6046511627907,3.728400303623635
-28.584717607973424,3.9816531573530356
-28.56478405315615,4.23030876249525
-28.544850498338874,4.47410234860471
-28.524916943521596,4.712784432645498
-28.504983388704318,4.9461183478695965
-28.485049833887043,5.173878588010176
-28.46511627906977,5.395849685920643
-28.445182724252494,5.611825450221815
-28.42524916943522,5.821608446241399
-28.405315614617944,6.025009646247286
-28.385382059800666,6.221848198470332
-28.36544850498339,6.411951280257717
-28.345514950166113,6.595154011157209
-28.325581395348838,6.7712994087656195
-28.305647840531563,6.940238374984775
-28.28571428571429,7.101829703669927
-28.26578073089701,7.255940103010214
-28.245847176079735,7.402444227664443
-28.22591362126246,7.541224716892465
-28.205980066445186,7.672172235814635
-28.186046511627907,7.795185517592629
-28.166112956810633,7.910171404819512
-28.146179401993358,8.0170448887821
-28.12624584717608,8.115729145545192
-28.106312292358805,8.206155568029033
-28.08637873754153,8.2882637934251
-28.066445182724255,8.362001725432027
-28.04651162790698,8.427325550903236
-28.026578073089706,8.484199750587017
-28.006644518272424,8.53259710371239
-27.98671096345515,8.572498686235079
-27.966777408637874,8.603893862609702
-27.9468438538206,8.626780270998617
-27.926910299003325,8.641163801867423
-27.90697674418605,8.64705856995256
-27.88704318936877,8.64448687961939
-27.867109634551497,8.633479183660334
-27.847176079734222,8.614074035613159
-27.827242524916944,8.586318035710304
-27.80730897009967,8.550265770601353
-27.787375415282394,8.505979747024536
-27.767441860465116,8.453530319639137
-27.74750830564784,8.392995613270497
-27.727574750830566,8.324461439864814
-27.70764119601329,8.248021210502241
-27.687707641196017,8.163775842877529
-27.667774086378742,8.071833664728096
-27.64784053156146,7.972310313774984
-27.627906976744185,7.865328634844128
-27.60797342192691,7.751018574961326
-27.588039867109636,7.629517077367416
-27.56810631229236,7.5009679755922
-27.548172757475086,7.365521888964032
-27.52823920265781,7.2233361212347456
-27.508305647840533,7.07457456438245
-27.48837209302326,6.919407610147573
-27.46843853820598,6.758012072493012
-27.448504983388705,6.590571125007937
-27.42857142857143,6.4172742583644045
-27.408637873754156,6.238317264380098
-27.388704318936878,6.053902255175872
-27.368770764119603,5.864237728531361
-27.348837209302328,5.669538694116983
-27.328903654485053,5.470026880220214
-27.308970099667775,5.2659310474910805
-27.2890365448505,5.057487446016278
-27.269102990033222,4.844940466080144
-27.249169435215947,4.62854355344612
-27.229235880398672,4.408560490308084
-27.209302325581397,4.185267188735304
-27.189368770764123,3.9589542135419613
-27.169435215946848,3.7299303613506463
-27.14950166112957,3.4985277985676912
-27.12956810631229,3.2651095497930713
-27.109634551495017,3.0300806150135293
-27.089700996677742,2.7939048387996253
-27.069767441860467,2.5571311682388482
-27.049833887043192,2.3204357422462345
-27.029900332225914,2.08469164940566
-27.00996677740864,1.8510889528196042
-26.990033222591364,1.6213497799039671
-26.970099667774086,1.3981299873991486
-26.95016611295681,1.1857949144155504
-26.930232558139537,0.9919216664194572
-26.91029900332226,0.8299246940977643
-26.890365448504983,0.7216806978619671
-26.87043189368771,0.6925842541413765
-26.850498338870434,0.7513023580709699
-26.83056478405316,0.8796684802116524
-26.810631229235884,1.051631152902749
-26.790697674418606,1.248396720186066
-26.770764119601328,1.4590289983424427
-26.750830564784053,1.6773641226346214
-26.730897009966778,1.8997974989236985
-26.710963455149503,2.1240945000923634
-26.69102990033223,2.3487805325387074
-26.671096345514954,2.5728221392161785
-26.651162790697676,2.795453752903429
-26.6312292358804,3.0160795585493205
-26.611295681063122,3.2342156390380192
-26.591362126245848,3.449454609152703
-26.571428571428573,3.6614432873289857
-26.551495016611298,3.86986819243636
-26.53156146179402,4.074445886194484
-26.511627906976745,4.274916401774969
-26.49169435215947,4.471038688172878
-26.471760797342196,4.66258740128068
-26.45182724252492,4.849350613059702
-26.431893687707642,5.031128158041576
-26.411960132890368,5.2077304294466655
-26.39202657807309,5.378977497059382
-26.372093023255815,5.544698458265152
-26.35215946843854,5.704730959887397
-26.332225913621265,5.858920846284572
-26.31229235880399,6.007121901466072
-26.292358803986716,6.149195661593934
-26.272425249169437,6.285011280345013
-26.25249169435216,6.414445433995117
-26.232558139534884,6.537382256275888
-26.21262458471761,6.653713295397025
-26.192691029900335,6.763337487366727
-26.17275747508306,6.866161141047245
-26.15282392026578,6.962097931367997
-26.132890365448507,7.051068897873576
-26.112956810631232,7.133002446362546
-26.093023255813954,7.207834351823428
-26.07308970099668,7.275507761226774
-26.053156146179404,7.335973195009182
-26.033222591362126,7.389188546305859
-26.01328903654485,7.4351190771650835
-25.993355481727576,7.473737411119527
-25.9734219269103,7.5050235216055885
-25.953488372093027,7.528964715815793
-25.93355481727575,7.545555613647723
-25.91362126245847,7.554798121477193
-25.893687707641195,7.556701400537797
-25.87375415282392,7.551281829734435
-25.853820598006646,7.538562962757196
-25.83388704318937,7.518575479395231
-25.813953488372096,7.491357130978854
-25.79401993355482,7.456952679903036
-25.774086378737543,7.415413833207326
-25.754152823920265,7.366799170206481
-25.73421926910299,7.311174064183264
-25.714285714285715,7.24861059817045
-25.69435215946844,7.179187474862599
-25.674418604651166,7.102989920711177
-25.654485049833887,7.0201095842679
-25.634551495016613,6.930644428852185
-25.614617940199338,6.83469861962772
-25.594684385382063,6.73238240518331
-25.574750830564785,6.623811993720899
-25.55481727574751,6.509109423962276
-25.53488372093023,6.3884024308935095
-25.514950166112957,6.261824306473225
-25.495016611295682,6.129513755438383
-25.475083056478407,5.99161474634751
-25.455149501661133,5.848276358008324
-25.435215946843858,5.699652621443282
-25.41528239202658,5.545902357553348
-25.3953488372093,5.387189010647247
-25.375415282392026,5.223680478011057
-25.35548172757475,5.055548935701354
-25.335548172757477,4.882970660754429
-25.315614617940202,4.706125850016353
-25.295681063122924,4.5251984358125075
-25.27574750830565,4.340375898694729
-25.255813953488374,4.151849077530672
-25.2358803986711,3.9598119772365323
-25.21594684385382,3.7644615745095207
-25.196013289036546,3.5659976219978873
-25.17607973421927,3.3646224514754306
-25.156146179401993,3.1605407767917386
-25.13621262458472,2.953959497709615
-25.116279069767444,2.745087506320789
-25.09634551495017,2.5341354987582414
-25.076411960132894,2.321315796819628
-25.056478405315616,2.1068421877833168
-25.036544850498338,1.8909297981886268
-25.016611295681063,1.6737950336781913
-24.996677740863788,1.4556556554896927
-24.976744186046513,1.2367311642057324
-24.95681063122924,1.017243955817299
-24.936877076411964,0.7974227395135371
-24.916943521594686,0.5775142344238517
-24.89700996677741,0.3578386450294398
-24.877076411960132,0.13937029079621074
-24.857142857142858,0.08505629015961877
-24.837209302325583,0.30114809557659933
-24.817275747508308,0.5182963970198665
-24.79734219269103,0.7345299761484403
-24.777408637873755,0.9494844241485909
-24.75747508305648,1.1629122596207273
-24.737541528239205,1.374592902208113
-24.717607973421927,1.5843160014331457
-24.697674418604652,1.7918768429004976
-24.677740863787374,1.9970748150448048
-24.6578073089701,2.19971286988497
-24.637873754152825,2.3995973641951656
-24.61794019933555,2.5965380639963214
-24.598006644518275,2.7903482250104292
-24.578073089701,2.9808447102424434
-24.558139534883725,3.1678481259782822
-24.538205980066444,3.3511829665538033
-24.51827242524917,3.530677762622148
-24.498338870431894,3.7061652298799035
-24.47840531561462,3.8774824164103676
-24.458471760797345,4.044470847473295
-24.43853820598007,4.206976666960522
-24.41860465116279,4.364850774972781
-24.398671096345517,4.517948961119061
-24.378737541528242,4.666132033234922
-24.358803986710964,4.809265941278547
-24.33887043189369,4.947221896206824
-24.318936877076414,5.079876483664503
-24.299003322259136,5.207111772342156
-24.27906976744186,5.328815416876523
-24.259136212624586,5.444880755180583
-24.23920265780731,5.555206900102728
-24.219269102990037,5.659698825324223
-24.199335548172762,5.7582674454132015
-24.17940199335548,5.850829689961949
-24.159468438538205,5.93730857174128
-24.13953488372093,6.017633248813787
-24.119601328903656,6.091739080554129
-24.09966777408638,6.159567677531795
-24.079734219269106,6.221066945218252
-24.059800664451828,6.276191121486838
-24.039867109634553,6.324900807880621
-24.01993355481728,6.367162994629421
-24.0,6.402951079403999
-23.980066445182725,6.432244879801646
-23.96013289036545,6.455030639563383
-23.940199335548176,6.471301028530246
-23.920265780730897,6.481055136351222
-23.900332225913623,6.484298459962787
-23.880398671096348,6.481042884865438
-23.860465116279073,6.471306660229655
-23.840531561461795,6.45511436786934
-23.82059800664452,6.432496885127439
-23.80066445182724,6.403491341724743
-23.780730897009967,6.36814107062911
-23.760797342192692,6.326495553008694
-23.740863787375417,6.278610357339344
-23.720930232558143,6.224547072742791
-23.700996677740868,6.164373236638818
-23.68106312292359,6.098162256801627
-23.66112956810631,6.025993327917642
-23.641196013289036,5.947951342749132
-23.62126245847176,5.864126798016391
-23.601328903654487,5.774615695119073
-23.581395348837212,5.679519435826819
-23.561461794019934,5.578944713079283
-23.54152823920266,5.473003397047478
-23.521594684385384,5.361812416621438
-23.501661129568106,5.245493636505273
-23.48172757475083,5.1241737301197245
-23.461794019933556,4.997984048536249
-23.441860465116278,4.867060485696058
-23.421926910299003,4.731543340206694
-23.40199335548173,4.5915771740585285
-23.382059800664454,4.4473106686711885
-23.36212624584718,4.298896478771143
-23.342192691029904,4.146491084727498
-23.322259136212626,3.990254644150067
-23.302325581395348,3.8303508438050415
-23.282392026578073,3.666946753269979
-23.262458471760798,3.5002126822883923
-23.242524916943523,3.3303220445976844
-23.22259136212625,3.15745123225215
-23.202657807308974,2.9817795064249215
-23.182724252491695,2.803488913834161
-23.16279069767442,2.622764243171943
-23.142857142857142,2.439793044851284
-23.122923588039868,2.2547657531844476
-23.102990033222593,2.0678759791648136
-23.083056478405318,1.8793210979775876
-23.06312292358804,1.689303369019966
-23.043189368770765,1.4980320721795028
-23.02325581395349,1.3057277187486438
-23.003322259136215,1.1126308707523116
-22.98338870431894,0.9190223739405922
-22.963455149501662,0.725276306904532
-22.943521594684384,0.5320284629899458
-22.92358803986711,0.34091188769081004
-22.903654485049834,0.16048313475632503
-22.88372093023256,0.10761817860880364
-22.863787375415285,0.27078572841674575
-22.84385382059801,0.45859411386456134
-22.823920265780732,0.6492772787084637
-22.803986710963457,0.8401308677833736
-22.78405315614618,1.0303098426982533
-22.764119601328904,1.2193819226965663
-22.74418604651163,1.4070495074792526
-22.724252491694354,1.5930704599469638
-22.70431893687708,1.7772296811500383
-22.6843853820598,1.959327235138822
-22.664451827242527,2.1391728353509514
-22.644518272425252,2.3165830895012864
-22.624584717607974,2.4913800559558688
-22.6046511627907,2.6633904704853655
-22.584717607973424,2.832445336174877
-22.564784053156146,2.998379719484469
-22.54485049833887,3.161032667781386
-22.524916943521596,3.3202472005264965
-22.50498338870432,3.475870346016141
-22.485049833887047,3.627753206579514
-22.46511627906977,3.7757510414948388
-22.44518272425249,3.919723360689678
-22.425249169435215,4.059534024628179
-22.40531561461794,4.195051347263464
-22.385382059800666,4.326148199885948
-22.36544850498339,4.452702114327518
-22.345514950166116,4.574595384404711
-22.325581395348838,4.691715164775114
-22.305647840531563,4.803953566583649
-22.285714285714285,4.911207749420405
-22.26578073089701,5.013380009215637
-22.245847176079735,5.11037786177489
-22.22591362126246,5.20211412171454
-22.205980066445186,5.288506976602326
-22.186046511627907,5.369480056141675
-22.166112956810633,5.444962496265937
-22.146179401993358,5.514888998030702
-22.126245847176083,5.579199881210921
-22.106312292358805,5.637841132525081
-22.08637873754153,5.69076444842228
-22.06644518272425,5.737927272379966
-22.046511627906977,5.779292826671223
-22.026578073089702,5.814830138570316
-22.006644518272427,5.844514060974848
-21.986710963455153,5.868325287431766
-21.966777408637878,5.886250361563403
-21.9468438538206,5.898281680898177
-21.92691029900332,5.904417495119383
-21.906976744186046,5.904661898754074
-21.88704318936877,5.899024818332809
-21.867109634551497,5.887521994060463
-21.847176079734222,5.870174956047566
-21.827242524916944,5.847010995162008
-21.80730897009967,5.818063128571533
-21.787375415282394,5.783370060059442
-21.76744186046512,5.742976135208698
-21.74750830564784,5.696931291563876
-21.727574750830566,5.645291003896955
-21.707641196013288,5.588116224721048
-21.687707641196013,5.525473320218052
-21.66777408637874,5.457434001771067
-21.647840531561464,5.384075253322698
-21.62790697674419,5.305479254816336
-21.607973421926914,5.221733302021457
-21.588039867109636,5.132929723098324
-21.568106312292358,5.039165792324886
-21.548172757475083,4.940543641493556
-21.528239202657808,4.837170169594103
-21.508305647840533,4.729156951537092
-21.48837209302326,4.616620146853309
-21.468438538205984,4.499680409540426
-21.448504983388705,4.378462800541532
-21.42857142857143,4.253096704758766
-21.408637873754152,4.123715755072812
-21.388704318936878,3.9904577666142966
-21.368770764119603,3.853464685608549
-21.348837209302328,3.712882558622803
-21.32890365448505,3.5688615301897113
-21.308970099667775,3.4215558798759416
-21.2890365448505,3.2711241144026193
-21.269102990033225,3.117729137191887
-21.249169435215947,2.961538527999473
-21.229235880398672,2.8027249812455133
-21.209302325581394,2.641466976966487
-21.18936877076412,2.4779497994820625
-21.169435215946844,2.3123670877341977
-21.14950166112957,2.144923220087373
-21.129568106312295,1.9758370487811516
-21.10963455149502,1.8053478943775285
-21.089700996677742,1.633725480168837
-21.069767441860463,1.4612870671019895
-21.04983388704319,1.2884285031252638
-21.029900332225914,1.115684016857679
-21.00996677740864,0.943850385026634
-20.990033222591364,0.774270173926961
-20.97009966777409,0.6095575189206532
-20.95016611295681,0.4557251799803654
-20.930232558139537,0.32901043294262755
-20.91029900332226,0.27086882990993183
-20.890365448504983,0.3208085117430845
-20.87043189368771,0.4432881534508817
-20.850498338870434,0.5945490389184541
-20.830564784053156,0.7569553959192421
-20.81063122923588,0.9240396643064848
-20.790697674418606,1.093031912820495
-20.77076411960133,1.2625304908141288
-20.750830564784057,1.4317156951929622
-20.73089700996678,1.6000460179684115
-20.7109634551495,1.7671260912381441
-20.691029900332225,1.9326435130549855
-20.67109634551495,2.096336211403413
-20.651162790697676,2.257974504095948
-20.6312292358804,2.4173507261326277
-20.611295681063126,2.57427298034381
-20.591362126245848,2.7285612444335636
-20.571428571428573,2.8800448805454804
-20.551495016611298,3.0285610092664372
-20.53156146179402,3.1739534327255763
-20.511627906976745,3.3160719156912877
-20.49169435215947,3.4547717053819875
-20.471760797342192,3.5899132135418697
-20.451827242524917,3.7213618106112287
-20.431893687707642,3.848987698353864
-20.411960132890368,3.972665837945473
-20.392026578073093,4.092275917519303
-20.372093023255815,4.207702347846642
-20.35215946843854,4.318834278020201
-20.33222591362126,4.425565625215775
-20.312292358803987,4.527795114159451
-20.292358803986712,4.625426323032039
-20.272425249169437,4.718367733340301
-20.252491694352162,4.806532781866597
-20.232558139534888,4.889839913239226
-20.21262458471761,4.968212631987407
-20.19269102990033,5.041579553187914
-20.172757475083056,5.109874450996116
-20.15282392026578,5.173036304497329
-20.132890365448507,5.231009340426587
-20.112956810631232,5.28374307239288
-20.093023255813954,5.3311923363148
-20.07308970099668,5.373317321831369
-20.053156146179404,5.410083599498714
-20.033222591362126,5.441462143622335
-20.01328903654485,5.467429350607413
-19.993355481727576,5.487967052738311
-19.973421926910298,5.503062527323175
-19.953488372093023,5.5127085011621055
-19.93355481727575,5.516903150317941
-19.913621262458474,5.515650095188111
-19.8936877076412,5.508958390894906
-19.873754152823924,5.496842513030104
-19.853820598006642,5.479322338808885
-19.833887043189367,5.456423123707827
-19.813953488372093,5.428175473683062
-19.794019933554818,5.394615313087586
-19.774086378737543,5.355783848432812
-19.75415282392027,5.311727528168563
-19.734219269102994,5.26249799868947
-19.714285714285715,5.208152056815258
-19.69435215946844,5.148751599039367
-19.674418604651162,5.08436356789629
-19.654485049833887,5.015059895866452
-19.634551495016613,4.940917447320856
-19.614617940199338,4.8620179591109265
-19.59468438538206,4.778447980538316
-19.574750830564785,4.690298813601397
-19.55481727574751,4.597666454621708
-19.534883720930235,4.500651538617709
-19.51495016611296,4.399359288134445
-19.495016611295682,4.29389946868249
-19.475083056478404,4.184386353524233
-19.45514950166113,4.070938701321901
-19.435215946843854,3.953679751201421
-19.41528239202658,3.8327372411948732
-19.395348837209305,3.7082434579507524
-19.37541528239203,3.580335328269351
-19.35548172757475,3.4491545667584473
-19.335548172757477,3.3148478992117445
-19.3156146179402,3.1775673889539857
-19.295681063122924,3.037470904567733
-19.27574750830565,2.8947227840168854
-19.255813953488374,2.749494775294991
-19.235880398671096,2.6019673724616124
-19.21594684385382,2.4523317269600504
-19.196013289036546,2.3007924125342596
-19.17607973421927,2.1475714849177834
-19.156146179401993,1.9929145546683757
-19.13621262458472,1.837100078370456
-19.116279069767444,1.6804539586677287
-19.096345514950166,1.5233732162018025
-19.07641196013289,1.3663657929674227
-19.056478405315616,1.21012034599495
-19.03654485049834,1.055634590719719
-19.016611295681066,0.9044639279978566
-18.996677740863788,0.7592285896356766
-18.97674418604651,0.6246840339162991
-18.956810631229235,0.5098892899401685
-18.93687707641196,0.4312799845144669
-18.916943521594686,0.4103130254859501
-18.89700996677741,0.45487153769632876
-18.877076411960136,0.548901514050969
-18.857142857142858,0.6715116933516831
-18.837209302325583,0.8093291047716545
-18.817275747508305,0.9552680698984144
-18.79734219269103,1.1055664907519573
-18.777408637873755,1.2580977393693205
-18.75747508305648,1.4115643448812285
-18.737541528239202,1.56511277747086
-18.717607973421927,1.7181410418315106
-18.697674418604652,1.8701973479026361
-18.677740863787378,2.0209239681779603
-18.657807308970103,2.1700246805085466
-18.637873754152825,2.31724511886006
-18.617940199335546,2.462360496650374
-18.59800664451827,2.6051677042088723
-18.578073089700997,2.74548009033577
-18.558139534883722,2.8831239408570597
-18.538205980066447,3.0179360589127078
-18.518272425249172,3.1497620775650894
-18.498338870431898,3.27845526947396
-18.47840531561462,3.4038757002813353
-18.45847176079734,3.5258896235946873
-18.438538205980066,3.644369048252449
-18.41860465116279,3.759191429979167
-18.398671096345517,3.8702394537982276
-18.378737541528242,3.9774008832281345
-18.358803986710964,4.080568458934372
-18.33887043189369,4.179639834150465
-18.318936877076414,4.274517537467937
-18.29900332225914,4.365108955951543
-18.27906976744186,4.451326333246517
-18.259136212624586,4.533086778599956
-18.239202657807308,4.6103122836497
-18.219269102990033,4.682929744532169
-18.19933554817276,4.750870987388747
-18.179401993355484,4.814072795753812
-18.15946843853821,4.87247693861885
-18.139534883720934,4.926030198209037
-18.119601328903656,4.974684396699099
-18.099667774086377,5.0183964212460825
-18.079734219269103,5.057128246837499
-18.059800664451828,5.090846956551324
-18.039867109634553,5.119524758904595
-18.01993355481728,5.1431390020339585
-18.000000000000004,5.161672184507943
-17.980066445182725,5.175111962618892
-17.96013289036545,5.183451154044996
-17.940199335548172,5.186687737810578
-17.920265780730897,5.1848248505078915
-17.900332225913623,5.177870778776579
-17.880398671096348,5.165838948068972
-17.86046511627907,5.148747907761905
-17.840531561461795,5.126621312708741
-17.82059800664452,5.099487901361074
-17.800664451827245,5.067381470628098
-17.780730897009967,5.030340847684844
-17.760797342192692,4.988409858989942
-17.740863787375414,4.9416372968304865
-17.72093023255814,4.890076883779143
-17.700996677740864,4.833787235528734
-17.68106312292359,4.772831822666674
-17.661129568106315,4.707278932069927
-17.64119601328904,4.637201628746571
-17.62126245847176,4.562677719131213
-17.601328903654483,4.483789717067706
-17.58139534883721,4.400624813998659
-17.561461794019934,4.31327485524492
-17.54152823920266,4.221836324724504
-17.521594684385384,4.1264103410636
-17.501661129568106,4.027102668837828
-17.48172757475083,3.9240237497148978
-17.461794019933556,3.8172887596394833
-17.44186046511628,3.707017700034115
-17.421926910299003,3.593335533467545
-17.40199335548173,3.4763723776249056
-17.382059800664454,3.3562637760844805
-17.362126245847175,3.2331510709285847
-17.3421926910299,3.107181911440421
-17.322259136212626,2.978510946356753
-17.30232558139535,2.8473007663595533
-17.282392026578076,2.7137231918471283
-17.2624584717608,2.5779610435711975
-17.24252491694352,2.4402105987002223
-17.222591362126245,2.30068503599926
-17.20265780730897,2.1596193344799675
-17.182724252491695,2.0172773507845982
-17.16279069767442,1.873962234318753
-17.142857142857146,1.730032078272969
-17.122923588039868,1.5859239966928145
-17.102990033222593,1.4421921338490233
-17.083056478405318,1.2995693583729249
-17.06312292358804,1.1590702929697996
-17.043189368770765,1.022167934010432
-17.02325581395349,0.8911015164908325
-17.003322259136212,0.7694075969554098
-16.983388704318937,0.6627607947222913
-16.963455149501662,0.5799166879885279
-16.943521594684388,0.5323485564532714
-16.923588039867113,0.5296990443873755
-16.903654485049834,0.5724666702338909
-16.883720930232556,0.6515102137933059
-16.86378737541528,0.7551740770572241
-16.843853820598007,0.874332236674756
-16.823920265780732,1.003022901320694
-16.803986710963457,1.1375321042743733
-16.784053156146182,1.2755181333341326
-16.764119601328908,1.4154497872624954
-16.74418604651163,1.5562797254602232
-16.72425249169435,1.6972572820535952
-16.704318936877076,1.8378195567466045
-16.6843853820598,1.9775263961798357
-16.664451827242527,2.116020454686696
-16.644518272425252,2.253001962948358
-16.624584717607974,2.388212364921161
-16.6046511627907,2.5214234495699825
-16.584717607973424,2.652429975928691
-16.564784053156146,2.7810445726870365
-16.54485049833887,2.90709415156323
-16.524916943521596,3.0304173485432435
-16.504983388704318,3.1508626758882428
-16.485049833887043,3.2682871738376864
-16.46511627906977,3.3825554189126126
-16.445182724252494,3.4935387901511583
-16.42524916943522,3.601114924166117
-16.405315614617944,3.7051673099085907
-16.385382059800662,3.805584987756158
-16.365448504983387,3.902262327114522
-16.345514950166113,3.995098863481658
-16.325581395348838,4.0839991807565275
-16.305647840531563,4.168872828072941
-16.28571428571429,4.249634262997748
-16.26578073089701,4.326202814824659
-16.245847176079735,4.398502663107251
-16.22591362126246,4.466462827639527
-16.205980066445182,4.530017166901935
-16.186046511627907,4.5891043826118345
-16.166112956810633,4.643668028498155
-16.146179401993358,4.693656521794736
-16.12624584717608,4.7390231562421254
-16.106312292358805,4.779726115621894
-16.08637873754153,4.815728487034754
-16.066445182724255,4.8469982732860055
-16.04651162790698,4.873508403865583
-16.026578073089702,4.8952367441126
-16.006644518272424,4.912166102240508
-15.986710963455149,4.924284233972325
-15.966777408637874,4.931583844599069
-15.9468438538206,4.934062588331168
-15.926910299003325,4.931723064864165
-15.906976744186048,4.924572813127993
-15.88704318936877,4.91262430223589
-15.867109634551495,4.895894919694967
-15.84717607973422,4.874406956988187
-15.827242524916944,4.848187592687583
-15.807308970099669,4.817268873313452
-15.787375415282394,4.781687692215136
-15.767441860465116,4.7414857668185295
-15.747508305647841,4.69670961466628
-15.727574750830565,4.6474105287715775
-15.70764119601329,4.593644552920253
-15.687707641196015,4.535472457693021
-15.66777408637874,4.472959718147578
-15.64784053156146,4.40617649430673
-15.627906976744185,4.335197615855091
-15.60797342192691,4.260102572768642
-15.588039867109636,4.1809755140064535
-15.568106312292361,4.097905256909668
-15.548172757475085,4.010985310613035
-15.52823920265781,3.920313917626636
-15.508305647840531,3.8259941188546116
-15.488372093023257,3.728133848772137
-15.46843853820598,3.6268460694058215
-15.448504983388705,3.5222489543302054
-15.42857142857143,3.4144661373508676
-15.408637873754156,3.303627045247602
-15.388704318936878,3.189867340413838
-15.368770764119601,3.0733295082062297
-15.348837209302326,2.954163636436033
-15.328903654485051,2.8325284523844942
-15.308970099667775,2.7085927085973025
-15.2890365448505,2.5825370465214013
-15.269102990033222,2.45455652310928
-15.249169435215947,2.3248640699306415
-15.229235880398672,2.1936952835058796
-15.209302325581396,2.061315146575903
-15.189368770764121,1.9280275981651602
-15.169435215946846,1.7941893824048223
-15.149501661129568,1.660230443427195
-15.129568106312291,1.5266845201244887
-15.109634551495017,1.3942359039218666
-15.089700996677742,1.263792137191881
-15.069767441860467,1.136598480035277
-15.049833887043192,1.0144184297027072
-15.029900332225912,0.899811755256057
-15.009966777408637,0.7965281567274514
-14.990033222591363,0.709935539285159
-14.970099667774088,0.6470808705714883
-14.950166112956811,0.6154609142848241
-14.930232558139535,0.6199064318900332
-14.91029900332226,0.6595832038123396
-14.890365448504985,0.7285414317744491
-14.870431893687709,0.8191199218290449
-14.850498338870432,0.9246272570412503
-14.830564784053157,1.0401280975634555
-14.81063122923588,1.162214116190391
-14.790697674418606,1.2885608153985149
-14.77076411960133,1.4175604006079328
-14.750830564784053,1.5480707400781175
-14.730897009966778,1.6792540797445648
-14.710963455149503,1.8104749446643726
-14.691029900332227,1.941235150908926
-14.67109634551495,2.0711318412058
-14.651162790697676,2.199829898898643
-14.6312292358804,2.327043469811444
-14.611295681063122,2.4525233550089047
-14.591362126245848,2.5760482583895135
-14.571428571428573,2.6974186122242263
-14.551495016611296,2.816452157437251
-14.531561461794022,2.93298073841379
-14.511627906976745,3.0468479516636986
-14.491694352159469,3.1579074035399683
-14.471760797342194,3.266021408241022
-14.451827242524919,3.3710600080168196
-14.43189368770764,3.4729002318127056
-14.411960132890366,3.5714255321498265
-14.392026578073091,3.6665253564454288
-14.372093023255815,3.7580948205431497
-14.35215946843854,3.846034460478981
-14.332225913621263,3.9302500444680146
-14.312292358803987,4.010652431445433
-14.292358803986712,4.087157465701256
-14.272425249169437,4.159685899534183
-14.252491694352159,4.228163337642567
-14.232558139534884,4.292520198328996
-14.21262458471761,4.35269168763328
-14.192691029900333,4.408617783308732
-14.172757475083056,4.460243226177957
-14.152823920265782,4.507517516891213
-14.132890365448505,4.55039491649412
-14.11295681063123,4.588834449517263
-14.093023255813954,4.622799908545055
-14.073089700996679,4.652259859420083
-14.053156146179402,4.677187646401294
-14.033222591362128,4.697561396728774
-14.013289036544853,4.713364024160432
-13.993355481727574,4.724583231141739
-13.9734219269103,4.731211509352673
-13.953488372093025,4.733246138449612
-13.933554817275748,4.73068918288634
-13.913621262458472,4.723547486760775
-13.893687707641197,4.711832666693676
-13.87375415282392,4.695561102804686
-13.853820598006646,4.674753927912211
-13.833887043189371,4.649437015147332
-13.813953488372093,4.619640964242077
-13.794019933554818,4.585401086829801
-13.774086378737543,4.546757391184178
-13.754152823920267,4.503754566925878
-13.73421926910299,4.4564419703470515
-13.714285714285715,4.4048736111487194
-13.694352159468439,4.349108141560461
-13.674418604651164,4.289208849025545
-13.654485049833887,4.225243653896905
-13.634551495016611,4.157285113915509
-13.614617940199336,4.085410437650301
-13.594684385382061,4.009701509592733
-13.574750830564785,3.9302449302507316
-13.554817275747508,3.8471320754208813
-13.534883720930234,3.7604591798908995
-13.514950166112957,3.6703274522176805
-13.495016611295682,3.5768432290472654
-13.475083056478406,3.4801181798445033
-13.45514950166113,3.380269576090636
-13.435215946843854,3.2774206432861765
-13.41528239202658,3.171701019885672
-13.395348837209303,3.063247355200539
-13.375415282392026,2.952204089220589
-13.355481727574752,2.838724472527437
-13.335548172757477,2.722971905937251
-13.3156146179402,2.6051217101313995
-13.295681063122924,2.485363479741356
-13.275747508305649,2.363904240976972
-13.255813953488373,2.2409727275502687
-13.235880398671098,2.1168252330599886
-13.215946843853821,1.9917537156308316
-13.196013289036545,1.866097164503176
-13.17607973421927,1.7402577549588256
-13.156146179401995,1.6147241205571001
-13.136212624584719,1.490105311802999
-13.116279069767442,1.3671808824798313
-13.096345514950167,1.2469751981503265
-13.07641196013289,1.1308672233108497
-13.056478405315616,1.0207487656491745
-13.03654485049834,0.9192372823835923
-13.016611295681063,0.8299138418378891
-12.996677740863788,0.7574528528608636
-12.976744186046513,0.7073151465495293
-12.956810631229235,0.6845700383180392
-12.93687707641196,0.6919490476990948
-12.916943521594686,0.7284477967176154
-12.89700996677741,0.7898540979298198
-12.877076411960132,0.870652537159576
-12.857142857142858,0.9656691623429611
-12.837209302325583,1.0707644056368277
-12.817275747508306,1.1828622769065715
-12.797342192691032,1.2997365942778984
-12.777408637873755,1.4197761131409754
-12.757475083056478,1.5417978155608705
-12.737541528239204,1.6649140347860847
-12.717607973421929,1.7884417855539736
-12.69767441860465,1.9118416527927637
-12.677740863787376,2.0346765245353313
-12.657807308970101,2.156583476990117
-12.637873754152825,2.2772543862822454
-12.61794019933555,2.3964223776669495
-12.598006644518273,2.513852225008405
-12.578073089700997,2.629333458765531
-12.558139534883722,2.742675356567001
-12.538205980066447,2.8537032601552172
-12.518272425249169,2.96225583915732
-12.498338870431894,3.0681830392503855
-12.47840531561462,3.1713445308878647
-12.458471760797343,3.27160852818204
-12.438538205980066,3.3688508843128613
-12.418604651162791,3.4629543954590494
-12.398671096345515,3.553808263314889
-12.37873754152824,3.6413076791403913
-12.358803986710964,3.7253535015803743
-12.338870431893687,3.8058520072524678
-12.318936877076412,3.8827146980799987
-12.299003322259138,3.9558581530401504
-12.279069767441863,4.025203914765567
-12.259136212624584,4.09067840352897
-12.23920265780731,4.152212852733819
-12.219269102990035,4.2097432612576915
-12.199335548172758,4.263210358941994
-12.179401993355482,4.3125595822601746
-12.159468438538207,4.357741057776644
-12.13953488372093,4.398709591467902
-12.119601328903656,4.43542466234376
-12.099667774086381,4.467850419101016
-12.079734219269103,4.495955678781165
-12.059800664451828,4.519713926599207
-12.039867109634553,4.539103316272981
-12.019933554817277,4.554106670318193
-12.0,4.564711479889875
-11.980066445182725,4.570909903851523
-11.960132890365449,4.5726987668411985
-11.940199335548174,4.570079556184587
-11.920265780730897,4.563058417579132
-11.90033222591362,4.551646149545398
-11.880398671096346,4.535858196712325
-11.860465116279071,4.515714642075681
-11.840531561461795,4.49124019844534
-11.820598006644518,4.462464199379954
-11.800664451827243,4.429420589999718
-11.780730897009967,4.392147918173148
-11.760797342192692,4.350689326695235
-11.740863787375416,4.305092547217854
-11.720930232558139,4.255409896864301
-11.700996677740864,4.201698278666429
-11.68106312292359,4.14401918721437
-11.661129568106313,4.082438721218588
-11.641196013289036,4.017027605067478
-11.621262458471762,3.9478612219428633
-11.601328903654487,3.875019661658365
-11.58139534883721,3.7985877871486107
-11.561461794019934,3.71865532451074
-11.541528239202659,3.6353169827496847
-11.521594684385382,3.5486726109958884
-11.501661129568108,3.4588274030716826
-11.481727574750831,3.3658921620498155
-11.461794019933555,3.269983641110163
-11.44186046511628,3.171224981887976
-11.421926910299005,3.0697462780839984
-11.401993355481729,2.9656853010367636
-11.382059800664452,2.8591884361940156
-11.362126245847177,2.7504118963481834
-11.3421926910299,2.639523301149833
-11.322259136212626,2.5267037457854666
-11.30232558139535,2.412150529279395
-11.282392026578073,2.2960807813842674
-11.262458471760798,2.178736326630908
-11.242524916943523,2.0603902702178716
-11.222591362126245,1.941356006281504
-11.20265780730897,1.8219996693075342
-11.182724252491695,1.7027575238687462
-11.162790697674419,1.584160483007628
-11.142857142857142,1.4668689340560783
-11.122923588039868,1.3517223602593813
-11.102990033222593,1.2398096908435485
-11.083056478405316,1.1325670090528925
-11.063122923588042,1.0319064177152724
-11.043189368770765,0.9403663792252163
-11.023255813953488,0.8612354142458342
-11.003322259136214,0.7985217834492601
-10.983388704318939,0.7565461497640785
-10.96345514950166,0.7389786530828887
-10.943521594684386,0.7475647484067399
-10.923588039867111,0.7813660090582978
-10.903654485049834,0.8371711220314538
-10.88372093023256,0.9107116249585182
-10.863787375415283,0.9977864975006463
-10.843853820598007,1.0948420056615757
-10.823920265780732,1.1990959989793373
-10.803986710963457,1.3084439666430783
-10.784053156146179,1.421308001956861
-10.764119601328904,1.5364978632221156
-10.74418604651163,1.6531026391822328
-10.724252491694353,1.7704118291386595
-10.704318936877076,1.8878594492085388
-10.684385382059801,2.0049847972926407
-10.664451827242525,2.1214048811894743
-10.64451827242525,2.236794918767546
-10.624584717607974,2.3508744213972204
-10.604651162790697,2.4633971594824353
-10.584717607973422,2.574143849964646
-10.564784053156147,2.682916771508715
-10.544850498338871,2.789535759524672
-10.524916943521594,2.8938351996504665
-10.50498338870432,2.99566175148996
-10.485049833887045,3.0948726119840813
-10.465116279069768,3.191334181488538
-10.445182724252492,3.284921033168065
-10.425249169435217,3.3755151128257226
-10.40531561461794,3.4630051151968977
-10.385382059800666,3.5472859963626657
-10.36544850498339,3.6282585918495207
-10.345514950166113,3.705829317260468
-10.325581395348838,3.779909933675325
-10.305647840531563,3.8504173640880714
-10.285714285714286,3.9172735501861826
-10.26578073089701,3.9804053410841655
-10.245847176079735,4.039744407389347
-10.225913621262459,4.095227175340678
-10.205980066445184,4.146794776819434
-10.186046511627907,4.19439301185914
-10.16611295681063,4.237972320934857
-10.146179401993356,4.277487764830262
-10.126245847176081,4.312899010295529
-10.106312292358805,4.344170320042913
-10.086378737541528,4.37127054589884
-10.066445182724253,4.394173124153779
-10.046511627906977,4.412856072336077
-10.026578073089702,4.427301986790917
-10.006644518272426,4.437498040577384
-9.986710963455149,4.443435981311284
-9.966777408637874,4.445112128681974
-9.9468438538206,4.442527371463178
-9.926910299003321,4.435687163922721
-9.906976744186046,4.424601521617392
-9.887043189368772,4.409285016639854
-9.867109634551497,4.389756772466566
-9.84717607973422,4.366040458642131
-9.827242524916944,4.338164285629459
-9.807308970099669,4.30616100025904
-9.787375415282392,4.270067882329325
-9.767441860465118,4.229926743047044
-9.747508305647841,4.185783926157982
-9.727574750830565,4.137690312810602
-9.70764119601329,4.085701331427175
-9.687707641196015,4.029876974138918
-9.667774086378738,3.970281821688534
-9.647840531561462,3.906985079132155
-9.627906976744187,3.8400606252074696
-9.60797342192691,3.769587078905718
-9.588039867109636,3.69564788763366
-9.56810631229236,3.6183314424303124
-9.548172757475083,3.5377312270859895
-9.528239202657808,3.4539460097937136
-9.508305647840533,3.3670800882790726
-9.488372093023255,3.2772436023840434
-9.46843853820598,3.1845529320737045
-9.448504983388705,3.0891312041381394
-9.428571428571429,2.991108937962283
-9.408637873754152,2.8906248703193915
-9.388704318936878,2.78782701218662
-9.368770764119601,2.682874008484822
-9.348837209302326,2.5759368964335296
-9.328903654485051,2.4672013928287777
-9.308970099667773,2.356870889298628
-9.289036544850498,2.2451704037712847
-9.269102990033224,2.1323518352346125
-9.249169435215949,2.018701010791882
-9.22923588039867,1.9045472181850427
-9.209302325581396,1.7902762096682794
-9.189368770764121,1.6763480775321293
-9.169435215946844,1.5633219711474524
-9.14950166112957,1.4518903587147634
-9.129568106312293,1.3429263432363365
-9.109634551495017,1.2375480365506024
-9.089700996677742,1.1372030393103045
-9.069767441860467,1.0437708496257776
-9.049833887043189,0.9596657032727635
-9.029900332225914,0.8878882781043046
-9.00996677740864,0.8319196618955893
-8.990033222591363,0.7953108856100616
-8.970099667774086,0.7809064366362939
-8.950166112956811,0.7899450764443247
-8.930232558139535,0.821587193597484
-8.91029900332226,0.8732341317575186
-8.890365448504983,0.9413886297078717
-8.870431893687707,1.022492001695672
-8.850498338870432,1.1134138241884595
-8.830564784053157,1.2116094233865915
-8.81063122923588,1.3150896974218902
-8.790697674418604,1.4223224011482978
-8.77076411960133,1.5321267726336647
-8.750830564784053,1.6435843374531038
-8.730897009966778,1.7559701596694752
-8.710963455149502,1.8687020571350323
-8.691029900332227,1.9813037651947947
-8.67109634551495,2.093378363968267
-8.651162790697676,2.2045890803046175
-8.6312292358804,2.314645342766656
-8.611295681063122,2.4232925765850646
-8.591362126245848,2.530304672406122
-8.571428571428573,2.635478379556957
-8.551495016611296,2.738629095888718
-8.53156146179402,2.8395876801019315
-8.511627906976745,2.9381980195016335
-8.491694352159469,3.0343151609409733
-8.471760797342194,3.1278038653366136
-8.451827242524917,3.2185374834407052
-8.43189368770764,3.306397077213428
-8.411960132890366,3.3912707303578364
-8.392026578073091,3.4730530055515625
-8.372093023255815,3.5516445161571926
-8.352159468438538,3.626951587771719
-8.332225913621263,3.698885990626121
-8.312292358803987,3.7673647280939564
-8.292358803986712,3.8323098697847366
-8.272425249169435,3.893648420153708
-8.252491694352159,3.9513122154470652
-8.232558139534884,4.005237843263356
-8.21262458471761,4.0553665801511025
-8.192691029900331,4.101644343557621
-8.172757475083056,4.144021655150561
-8.152823920265782,4.182453613097016
-8.132890365448505,4.216899871335883
-8.11295681063123,4.247324624243549
-8.093023255813954,4.273696595389989
-8.073089700996679,4.295989029325759
-8.053156146179402,4.31417968554322
-8.033222591362128,4.328250833924903
-8.013289036544851,4.3381892511372655
-7.9933554817275745,4.34398621755319
-7.9734219269103,4.345637514397906
-7.953488372093024,4.343143420913147
-7.9335548172757475,4.33650871142763
-7.913621262458472,4.32574265231148
-7.893687707641197,4.310858998880012
-7.8737541528239205,4.291875992402402
-7.853820598006645,4.268816357465181
-7.83388704318937,4.24170730004277
-7.813953488372093,4.210580506740817
-7.794019933554818,4.175472145806963
-7.774086378737542,4.136422870652631
-7.754152823920266,4.0934778268047465
-7.73421926910299,4.046686663414582
-7.714285714285715,3.996103550702355
-7.694352159468439,3.9417872050210794
-7.674418604651163,3.8838009235978235
-7.6544850498338874,3.822212631473033
-7.634551495016611,3.7570949437340637
-7.614617940199336,3.6885252468606837
-7.5946843853820605,3.6165858039099907
-7.574750830564784,3.5413638894233794
-7.554817275747508,3.462951961414541
-7.5348837209302335,3.3814478796962257
-7.514950166112956,3.2969551822631296
-7.495016611295681,3.2095834346548355
-7.475083056478406,3.1194486714346192
-7.45514950166113,3.0266739544899037
-7.435215946843854,2.9313900802838107
-7.415282392026579,2.833736478152673
-7.395348837209303,2.7338623552280557
-7.3754152823920265,2.63192816194224
-7.355481727574752,2.52810747732418
-7.335548172757475,2.4225894482246026
-7.3156146179402,2.3155819652639518
-7.295681063122924,2.207315826450597
-7.275747508305648,2.0980502352660277
-7.2558139534883725,1.9880801149794223
-7.235880398671097,1.8777459103662735
-7.21594684385382,1.7674468109009278
-7.196013289036546,1.6576586853829722
-7.17607973421927,1.5489584751863121
-7.156146179401993,1.4420573161078372
-7.136212624584719,1.3378450841553402
-7.116279069767442,1.2374489070632997
-7.096345514950166,1.1423062577336835
-7.076411960132891,1.0542469895121467
-7.056478405315615,0.9755636170518036
-7.036544850498339,0.9090205150647915
-7.016611295681064,0.8577147324052404
-6.996677740863787,0.8246889553133157
-6.9767441860465125,0.8122871554589753
-6.956810631229236,0.8214689834745859
-6.93687707641196,0.8514789408853366
-6.9169435215946855,0.900104963919684
-6.897009966777409,0.9643415208522247
-6.877076411960133,1.0410585002387291
-6.857142857142858,1.127425939606966
-6.837209302325582,1.2210807603625684
-6.8172757475083055,1.3201310127999326
-6.797342192691031,1.4230895745408925
-6.777408637873754,1.5287915848224116
-6.7574750830564785,1.6363192953236239
-6.737541528239203,1.744941343426831
-6.717607973421927,1.8540663153105545
-6.6976744186046515,1.9632081522364169
-6.677740863787376,2.0719606596001077
-6.6578073089701,2.1799787693499315
-6.6378737541528245,2.2869647334687575
-6.617940199335549,2.3926578983420077
-6.598006644518272,2.4968270809139415
-6.578073089700998,2.599264842878802
-6.558139534883721,2.6997831579306357
-6.538205980066445,2.7982101088278943
-6.51827242524917,2.8943873516746574
-6.498338870431894,2.988168156346029
-6.4784053156146175,3.0794158830056166
-6.458471760797343,3.1680027912583446
-6.438538205980066,3.2538091049034796
-6.418604651162791,3.3367222744675797
-6.398671096345516,3.416636393775977
-6.378737541528239,3.4934517372166587
-6.3588039867109645,3.5670743920842574
-6.338870431893688,3.637415966190306
-6.318936877076412,3.704393355304261
-6.299003322259137,3.767928558321429
-6.279069767441861,3.827948530605855
-6.259136212624584,3.884385067925332
-6.23920265780731,3.9371747149251686
-6.219269102990033,3.986258693282997
-6.1993355481727574,4.031582845628218
-6.179401993355482,4.073097592055554
-6.159468438538206,4.110757896656935
-6.139534883720931,4.144523241973862
-6.119601328903655,4.17435760965884
-6.099667774086379,4.200229465950048
-6.0797342192691035,4.222111750822563
-6.059800664451828,4.239981869895232
-6.039867109634551,4.2538216883536855
-6.0199335548172765,4.263617526304206
-6.0,4.269360155107718
-5.980066445182724,4.271044794361124
-5.960132890365449,4.268671109300634
-5.940199335548173,4.262243208501282
-5.920265780730897,4.251769641841766
-5.900332225913622,4.237263398798058
-5.880398671096346,4.218741907224387
-5.8604651162790695,4.196227032881167
-5.840531561461795,4.169745080077558
-5.820598006644518,4.139326793917107
-5.800664451827243,4.105007364771269
-5.780730897009967,4.066826435763399
-5.760797342192691,4.024828114230888
-5.740863787375416,3.9790609883534818
-5.72093023255814,3.929578150400684
-5.700996677740864,3.8764372283727
-5.681063122923589,3.8197004282036575
-5.661129568106313,3.759434589181887
-5.641196013289036,3.695711255846722
-5.621262458471762,3.6286067703771017
-5.601328903654485,3.5582023904400573
-5.5813953488372094,3.484584438673827
-5.561461794019934,3.4078444915198944
-5.541528239202658,3.3280796170946183
-5.5215946843853825,3.2453926743438144
-5.501661129568107,3.1598926890449137
-5.48172757475083,3.071695326568706
-5.4617940199335555,2.980923487045087
-5.44186046511628,2.887708056186812
-5.421926910299003,2.792188855199519
-5.4019933554817285,2.694515846903518
-5.382059800664452,2.5948506737636285
-5.362126245847176,2.493368628867275
-5.342192691029901,2.390261195693392
-5.322259136212625,2.2857393405595436
-5.3023255813953485,2.180037808217745
-5.282392026578074,2.0734207634968365
-5.262458471760797,1.9661892499324716
-5.242524916943522,1.858691112293013
-5.222591362126246,1.7513342673416146
-5.20265780730897,1.6446045157609337
-5.182724252491695,1.5390894592230677
-5.162790697674419,1.435510456554272
-5.142857142857143,1.33476471913591
-5.122923588039868,1.237979088232532
-5.102990033222592,1.1465745897917188
-5.083056478405315,1.0623342607037838
-5.063122923588041,0.9874525373412574
-5.043189368770764,0.9245202403732804
-5.023255813953488,0.876371848798408
-5.003322259136213,0.8457231600349217
-4.983388704318937,0.8346132260671338
-4.963455149501661,0.8438419421586446
-4.943521594684386,0.8727140750967737
-4.92358803986711,0.9192601056782419
-4.9036544850498345,0.9807863170876248
-4.883720930232559,1.0544433324033897
-4.863787375415282,1.1376067231895954
-4.8438538205980075,1.2280441834440685
-4.823920265780731,1.3239382810173024
-4.803986710963455,1.4238398235850378
-4.78405315614618,1.5266001709654864
-4.764119601328904,1.6313057934580446
-4.7441860465116275,1.7372233848530005
-4.724252491694353,1.8437567584764378
-4.704318936877076,1.9504140756203507
-4.6843853820598005,2.056783303885597
-4.664451827242526,2.162513939058873
-4.644518272425249,2.2673033902198765
-4.624584717607974,2.370886803848503
-4.604651162790698,2.473029418160777
-4.584717607973422,2.5735207825648607
-4.5647840531561465,2.6721703580439384
-4.544850498338871,2.7688041460206527
-4.524916943521594,2.863262088377479
-4.50498338870432,2.955396049820687
-4.485049833887043,3.0450682431951197
-4.465116279069767,3.1321499941378885
-4.445182724252492,3.216520767501407
-4.425249169435216,3.2980673970466574
-4.40531561461794,3.37668347396521
-4.385382059800665,3.4522688602237386
-4.365448504983389,3.524729300524413
-4.345514950166113,3.5939761125470673
-4.325581395348838,3.6599259395898205
-4.305647840531561,3.722500553122948
-4.2857142857142865,3.7816266953814686
-4.26578073089701,3.8372359541420797
-4.245847176079734,3.8892646634026042
-4.225913621262459,3.937653824914943
-4.205980066445183,3.982349046494343
-4.186046511627907,4.023300493799753
-4.166112956810632,4.06046285289647
-4.146179401993356,4.093795301408381
-4.1262458471760795,4.1232614864688415
-4.106312292358805,4.1488295080076565
-4.086378737541528,4.170471906181574
-4.0664451827242525,4.1881656519809844
-4.046511627906977,4.201892140234279
-4.026578073089701,4.21163718439315
-4.0066445182724255,4.2173910126217065
-3.98671096345515,4.21914826483641
-3.9667774086378738,4.216907990455384
-3.9468438538205985,4.210673646719799
-3.9269102990033224,4.200453097549238
-3.9069767441860463,4.186258612990958
-3.887043189368771,4.168106869422457
-3.867109634551495,4.146018950771332
-3.8471760797342194,4.120020351129361
-3.8272425249169437,4.090140979262706
-3.807308970099668,4.056415165661792
-3.787375415282392,4.018881672937973
-3.7674418604651168,3.977583710565868
-3.7475083056478407,3.93256895519818
-3.727574750830565,3.8838895780537066
-3.7076411960132893,3.8316022812117603
-3.6877076411960132,3.775768345052878
-3.6677740863787376,3.7164536895874614
-3.647840531561462,3.6537289530366954
-3.6279069767441863,3.5876695918086203
-3.60797342192691,3.5183560069915916
-3.588039867109635,3.445873703726956
-3.5681063122923593,3.370313491401903
-3.548172757475083,3.2917717346271678
-3.5282392026578075,3.2103506675752294
-3.508305647840532,3.126158787643552
-3.4883720930232562,3.0393113488362173
-3.46843853820598,2.949930981082412
-3.4485049833887045,2.858148469423645
-3.428571428571429,2.7641037372836816
-3.4086378737541527,2.6679470918321257
-3.388704318936877,2.569840808085125
-3.3687707641196014,2.469961153701377
-3.3488372093023258,2.3685009910106727
-3.32890365448505,2.265673140248958
-3.3089700996677744,2.1617147532188663
-3.289036544850499,2.056893036322505
-3.2691029900332227,1.9515127847619012
-3.249169435215947,1.8459263559482861
-3.2292358803986714,1.7405469297541256
-3.2093023255813957,1.6358661796579526
-3.1893687707641196,1.5324777930614493
-3.169435215946844,1.4311085517141202
-3.1495016611295683,1.332658691471066
-3.129568106312292,1.2382524724621564
-3.1096345514950166,1.149297181330619
-3.089700996677741,1.0675421108376488
-3.0697674418604657,0.9951156137842757
-3.0498338870431896,0.934496921366171
-3.029900332225914,0.888358108435489
-3.0099667774086383,0.8592194348738025
-2.990033222591362,0.8489425132724516
-2.9700996677740865,0.8582364406563652
-2.950166112956811,0.886441813402381
-2.9302325581395348,0.9317305210226359
-2.910299003322259,0.991593548506003
-2.8903654485049834,1.0633522026741866
-2.870431893687708,1.1445111417359188
-2.850498338870432,1.232923360458535
-2.8305647840531565,1.3268222998877373
-2.810631229235881,1.4247863267279066
-2.7906976744186047,1.5256799542869126
-2.770764119601329,1.6285944763469433
-2.7508305647840534,1.7327968801761346
-2.7308970099667778,1.8376889951690107
-2.7109634551495017,1.9427760043345033
-2.691029900332226,2.0476426056447505
-2.6710963455149503,2.1519351000103857
-2.6511627906976742,2.255347951289332
-2.6312292358803986,2.3576136793703086
-2.611295681063123,2.4584952266820124
-2.5913621262458477,2.5577801609454043
-2.5714285714285716,2.6552762456152457
-2.551495016611296,2.7508080341374908
-2.5315614617940203,2.8442142352334194
-2.511627906976744,2.9353456626520344
-2.4916943521594686,3.0240636309785
-2.471760797342193,3.110238694175283
-2.4518272425249172,3.193749649213294
-2.431893687707641,3.2744827460468424
-2.4119601328903655,3.352331059174264
-2.39202657807309,3.4271939864469094
-2.3720930232558137,3.4989768486047943
-2.352159468438538,3.56759056891713
-2.332225913621263,3.632951416790384
-2.312292358803987,3.694980802637341
-2.292358803986711,3.753605113942499
-2.2724252491694354,3.8087555845069154
-2.25249169435216,3.8603681904525993
-2.2325581395348837,3.9083835678203642
-2.212624584717608,3.952746947584935
-2.1926910299003324,3.9934081046982155
-2.1727574750830567,4.030321318401199
-2.1528239202657806,4.063445341551711
-2.132890365448505,4.092743377126689
-2.1129568106312293,4.1181830603932355
-2.0930232558139537,4.139736445520189
-2.073089700996678,4.157379995631852
-2.0531561461794023,4.171094575500166
-2.0332225913621262,4.180865446236783
-2.0132890365448506,4.186682261490409
-1.993355481727575,4.1885390647815814
-1.9734219269102993,4.186434287721912
-1.9534883720930232,4.180370748971397
-1.9335548172757475,4.170355653889057
-1.9136212624584719,4.1564005949326
-1.893687707641196,4.138521552964499
-1.8737541528239203,4.116738899728939
-1.8538205980066447,4.0910774018792395
-1.8338870431893688,4.061566227062969
-1.8139534883720931,4.028238952716603
-1.7940199335548175,3.9911335783879722
-1.7740863787375416,3.9502925426003617
-1.754152823920266,3.90576274550397
-1.73421926910299,3.8575955788393768
-1.7142857142857144,3.8058469650755034
-1.6943521594684385,3.7505774079986534
-1.6744186046511629,3.691852057538213
-1.6544850498338872,3.629740792247903
-1.6345514950166113,3.5643183236513156
-1.6146179401993357,3.495664327654349
-1.5946843853820598,3.423863609484123
-1.5747508305647842,3.3490063102139325
-1.5548172757475083,3.2711881649835437
-1.5348837209302328,3.1905108256650765
-1.514950166112957,3.1070822641515154
-1.495016611295681,3.021017276916381
-1.4750830564784054,2.9324381173696565
-1.4551495016611296,2.841475290305331
-1.435215946843854,2.7482685530792272
-1.4152823920265782,2.6529681820108753
-1.3953488372093024,2.5557365811784654
-1.3754152823920267,2.456750336089962
-1.3554817275747508,2.3562028491989953
-1.3355481727574752,2.2543077413898818
-1.3156146179401993,2.151303268160667
-1.2956810631229239,2.0474580876479287
-1.275747508305648,1.9430788379365769
-1.255813953488372,1.8385201425522888
-1.2358803986710964,1.7341978738214332
-1.2159468438538206,1.630606764335437
-1.196013289036545,1.5283437430564968
-1.176079734219269,1.4281385977211396
-1.1561461794019936,1.330893497108875
-1.1362126245847177,1.2377320088174186
-1.1162790697674418,1.150055418218552
-1.0963455149501662,1.0695974553512284
-1.0764119601328903,0.9984554683319694
-1.0564784053156147,0.9390560306174726
-1.036544850498339,0.8939944271442896
-1.0166112956810631,0.8656981254810077
-0.9966777408637875,0.8559433439809456
-0.9767441860465116,0.8653926241384903
-0.9568106312292359,0.8933980952643701
-0.9368770764119602,0.9381934903748126
-0.9169435215946844,0.9973547526720657
-0.8970099667774087,1.0682846868132718
-0.877076411960133,1.1485519185574238
-0.8571428571428572,1.2360534744209803
-0.8372093023255814,1.3290503714512174
-0.8172757475083057,1.4261369299255007
-0.7973421926910299,1.5261861259180682
-0.7774086378737541,1.6282931735814818
-0.7574750830564785,1.73172635626707
-0.7375415282392027,1.8358873570526713
-0.717607973421927,1.94028047248909
-0.6976744186046512,2.0444891789927824
-0.6777408637873754,2.1481584470946986
-0.6578073089700996,2.2509814223477567
-0.637873754152824,2.3526893782529794
-0.6179401993355482,2.453044107908783
-0.5980066445182725,2.551832132708653
-0.5780730897009968,2.6488602685743188
-0.5581395348837209,2.743952211062903
-0.5382059800664452,2.8369458895142547
-0.5182724252491695,2.9276914053108607
-0.49833887043189373,3.0160494166975265
-0.47840531561461797,3.101889867250684
-0.4584717607973422,3.185090980515695
-0.4385382059800665,3.2655384620873815
-0.4186046511627907,3.3431248643239417
-0.39867109634551495,3.41774907927155
-0.37873754152823924,3.489315933178794
-0.3588039867109635,3.5577358618802095
-0.3388704318936877,3.622924650817684
-0.318936877076412,3.684803226907759
-0.29900332225913623,3.743297492114216
-0.27906976744186046,3.7983381906422298
-0.25913621262458475,3.8498608032762713
-0.23920265780730898,3.8978054636452866
-0.21926910299003324,3.9421168921958323
-0.19933554817275748,3.9827443444467723
-0.17940199335548174,4.019641570733992
-0.159468438538206,4.0527667851648514
-0.13953488372093023,4.082082641917305
-0.11960132890365449,4.107556217357557
-0.09966777408637874,4.129158996730154
-0.079734219269103,4.146866864407116
-0.059800664451827246,4.160660096878879
-0.0398671096345515,4.1705233578370535
-0.01993355481727575,4.176445694844352
